Result 0 -1.0 79 1311059070
Result 0 -1.0 79 -1176562448
Result 0 -1.0 79 -1701610194
Result 0 -1.0 79 -1701023620
Result 0 -1.0 79 -1064047054
Result 0 -1.0 79 -1447940925
Result 0 -1.0 79 1199620845
Result 0 -1.0 79 1031737851
Result 0 -1.0 79 -1767787977
Result 0 -1.0 79 713929449
Result 0 -1.0 79 1207618084
Result 0 -1.0 79 682172191
Result 0 -1.0 79 -343960923
Result 0 -1.0 79 708562665
Result 0 -1.0 79 620730137
Result 0 -1.0 79 -874184933
Result 0 -1.0 79 377431526
Result 0 -1.0 79 1972066707
Result 0 -1.0 79 -1409248598
Result 0 -1.0 79 690000014
Result 0 -1.0 79 1482723860
Result 0 -1.0 79 393876313
Result 0 -1.0 79 868535924
Result 0 -1.0 79 -1348751193
Result 0 -1.0 79 953637926
Result 0 -1.0 79 -84468228
Result 0 -1.0 79 -1582925880
Result 0 -1.0 79 -1098372224
Result 0 -1.0 79 1871378876
Result 0 -1.0 79 1507976512
Result 0 -1.0 79 1859934403
Result 0 -1.0 79 -1978789914
Result 0 -1.0 79 -2023130938
Result 0 -1.0 79 -1761997430
Result 0 -1.0 79 573283208
Result 0 -1.0 79 -1838461073
Result 0 -1.0 79 -55250481
Result 0 -1.0 79 846298355
Result 0 -1.0 79 -1707712603
Result 0 -1.0 79 2136315509
Result 0 -1.0 79 1951552612
Result 0 -1.0 79 1465340492
Result 0 -1.0 79 2019009100
Result 0 -1.0 79 246885660
Result 0 -1.0 79 816338789
Result 0 -1.0 79 -145336039
Result 0 -1.0 79 -611846028
Result 0 -1.0 79 1925735678
Result 0 -1.0 79 -299602428
Result 0 -1.0 79 -1253550389
Result 0 -1.0 79 -1924027717
Result 0 -1.0 79 -64600819
Result 0 -1.0 79 -1631563472
Result 0 -1.0 79 -1456979664
Result 0 -1.0 79 -965005164
Result 0 -1.0 79 -751950515
Result 0 -1.0 79 498405804
Result 0 -1.0 79 -1795385201
Result 0 -1.0 79 -1225493234
Result 0 -1.0 79 -724633665
Result 0 0.0 2000 1587441576
Result 0 0.0 2000 -603738943
Result 1 1.0 1974 1754137684
Result 0 0.0 2000 -702555891
Result 0 0.0 2000 -868579392
Result 0 0.0 2000 1981904837
Result 0 0.0 2000 884838483
Result 0 0.0 2000 -423112651
Result 0 0.0 2000 -1915080662
Result 1 1.0 497 -1016372999
Result 0 0.0 2000 -510564252
Result 0 0.0 2000 -1665155270
Result 0 0.0 2000 -573934058
Result 0 0.0 2000 865055468
Result 0 0.0 2000 95172573
Result 0 0.0 2000 541825783
Result 0 0.0 2000 -1469083941
Result 0 0.0 2000 -2110322745
Result 0 0.0 2000 1466169834
Result 0 0.0 2000 -1501514750
Result 0 -1.0 177 -1034894344
Result 0 -1.0 177 941542546
Result 0 -1.0 177 151415644
Result 0 -1.0 177 114796727
Result 0 -1.0 177 1711113870
Result 0 -1.0 177 -2082012792
Result 0 -1.0 177 -1498754272
Result 0 -1.0 177 985244283
Result 0 -1.0 177 804623128
Result 0 -1.0 177 -1905686446
Result 0 -1.0 177 -888004704
Result 0 -1.0 177 -1977568075
Result 0 -1.0 177 1847535027
Result 0 -1.0 177 -1875303994
Result 0 -1.0 177 1892673269
Result 0 -1.0 177 -400802185
Result 0 -1.0 177 -1131324030
Result 0 -1.0 177 -1926388459
Result 0 -1.0 177 1688704102
Result 0 -1.0 177 -1516112302
