Result 0 -1.0 449 -2032347379
Result 0 -1.0 111 931489865
Result 0 0.0 2000 -807326502
Result 0 -1.0 501 368589266
Result 0 0.0 2000 1338151585
Result 0 0.0 2000 -684176131
Result 0 -1.0 1245 -1308613650
Result 0 0.0 2000 684730102
Result 1 5.0 1781 -759652982
Result 1 5.0 1457 344473908
Result 0 -1.0 177 1705833950
Result 0 -1.0 1814 1403612464
Result 0 0.0 2000 -1105725733
Result 0 -1.0 534 -942540596
Result 1 5.0 784 706271487
Result 0 -1.0 669 1678147580
Result 0 -1.0 1947 -1962957255
Result 0 -1.0 441 1887258021
Result 0 0.0 2000 1857681317
Result 0 -1.0 362 -1133846602
Result 0 -1.0 999 2137132244
Result 0 0.0 2000 74454386
Result 0 0.0 2000 -1100983468
Result 1 5.0 917 716768914
Result 0 -1.0 1755 -1461507984
Result 0 -1.0 738 -1850088232
Result 0 -1.0 1737 -1127216396
Result 1 5.0 975 -1071335861
Result 0 -1.0 1254 1017638279
Result 0 -1.0 945 752233474
Result 0 -1.0 273 1235428408
Result 0 -1.0 423 1401684541
Result 0 0.0 2000 1489044711
Result 0 -1.0 669 1407260773
Result 0 0.0 2000 -178407994
Result 0 0.0 2000 13103544
Result 0 -1.0 294 -1801250002
Result 0 0.0 2000 853281672
Result 0 -1.0 666 1499845944
Result 1 5.0 1029 733444859
Result 0 0.0 2000 -720865193
Result 0 -1.0 1682 -1783086470
Result 0 0.0 2000 279538323
Result 0 -1.0 195 383489223
Result 0 0.0 2000 1816428181
Result 0 -1.0 1623 391803839
Result 0 -1.0 126 -478552698
Result 0 -1.0 365 1713137675
Result 0 -1.0 293 -567846236
Result 1 5.0 713 1876535114
Result 1 5.0 650 -53431148
Result 0 -1.0 548 -1174341963
Result 0 -1.0 609 412526208
Result 0 0.0 2000 982086134
Result 0 -1.0 129 1246503398
Result 0 -1.0 321 1438849083
Result 0 -2.0 1152 1852253315
Result 0 -2.0 1187 -986838803
Result 0 0.0 2000 -1357778642
Result 0 0.0 2000 1777370875
Result 0 -1.0 979 -1077542104
Result 0 0.0 2000 308599542
Result 1 5.0 1249 661490363
Result 0 -1.0 310 -151990998
Result 0 -1.0 162 1433004898
Result 0 -1.0 473 -947743448
Result 0 0.0 2000 -2126444653
Result 0 0.0 2000 964553010
Result 0 0.0 2000 1200684486
Result 0 -1.0 1993 147621613
Result 0 -1.0 1584 1835050846
Result 0 0.0 2000 393306525
Result 0 -1.0 1260 -226195109
Result 0 -1.0 1287 257821561
Result 0 0.0 2000 1513586409
Result 0 -1.0 84 1551195980
Result 0 -1.0 1464 -432195800
Result 0 0.0 2000 -626914408
Result 0 -1.0 258 1852259679
Result 0 0.0 2000 -1666930054
Result 0 0.0 2000 1135767806
Result 0 -1.0 833 1121247668
Result 0 0.0 2000 -2132704065
Result 0 0.0 2000 -158354378
Result 0 -1.0 75 2125405785
Result 0 0.0 2000 821061583
Result 0 0.0 2000 -1062591457
Result 0 -1.0 300 1972629339
Result 0 0.0 2000 1946869669
Result 0 -1.0 1874 215747320
Result 1 5.0 1291 -1958948051
Result 0 -1.0 1668 406310274
Result 0 -1.0 1997 -319961903
Result 0 -1.0 261 -132237390
Result 0 0.0 2000 -1366241996
Result 0 -1.0 1164 -297311437
Result 0 0.0 2000 1090548454
Result 0 0.0 2000 -2034496550
Result 0 -1.0 1467 -485882054
Result 0 0.0 2000 721804993
