Result 0 2.0 678 -2030808383
Result 0 2.0 979 1691402298
Result 0 0.0 141 -1947834010
Result 0 6.0 2000 -2032914011
Result 0 4.0 994 -1198762643
Result 0 1.0 478 1229716917
Result 0 3.0 730 -1990541768
Result 0 1.0 205 -440711070
Result 0 3.0 736 -1447195477
Result 0 4.0 2000 344704756
Result 0 3.0 1831 1052483889
Result 0 4.0 614 -1394478182
Result 0 4.0 1248 -1034246551
Result 0 2.0 923 986521030
Result 0 2.0 1707 -430915984
Result 1 5.0 1023 -1107067708
Result 0 2.0 603 809639466
Result 0 3.0 890 1822779058
Result 0 2.0 506 1691149767
Result 0 0.0 774 1704376438
Result 0 0.0 2000 745093473
Result 0 2.0 2000 -1767320294
Result 0 3.0 984 359400051
Result 0 0.0 2000 -1932168931
Result 0 1.0 337 2133559182
Result 0 0.0 2000 1382072072
Result 0 1.0 859 -1585964410
Result 0 0.0 2000 1174589894
Result 0 2.0 2000 2094836128
Result 0 3.0 1528 -1919414201
Result 0 1.0 562 -962167898
Result 0 0.0 2000 -2079284643
Result 0 0.0 1325 1275114111
Result 0 0.0 605 1097091529
Result 0 0.0 2000 -860186264
Result 0 2.0 211 2122358847
Result 0 2.0 634 -738260395
Result 0 3.0 1949 1293821686
Result 0 0.0 2000 607278897
Result 0 0.0 2000 701600624
Result 0 8.0 2000 2044203036
Result 0 2.0 685 706198539
Result 0 8.0 733 1663790972
Result 0 3.0 744 -558523305
Result 0 4.0 1438 -762831975
Result 0 3.0 585 1123622826
Result 0 5.0 1545 -1745104241
Result 0 5.0 2000 -65456014
Result 0 0.0 221 -1330372264
Result 0 6.0 1566 1161828762
Result 0 3.0 2000 1602173197
Result 0 4.0 615 -1158286251
Result 0 3.0 690 1629286240
Result 0 1.0 2000 -1592027989
Result 0 2.0 870 -888591453
Result 0 2.0 2000 -856666390
Result 0 1.0 554 -1723662580
Result 0 3.0 2000 -888318581
Result 0 6.0 2000 1964963215
Result 0 4.0 694 700821359
Result 0 2.0 548 -1946286550
Result 0 1.0 2000 962400172
Result 0 0.0 637 -795151097
Result 0 0.0 965 1452420262
Result 0 1.0 2000 706058862
Result 0 0.0 125 -1714258276
Result 0 1.0 2000 -459259421
Result 0 0.0 2000 803055207
Result 0 0.0 937 -1835849839
Result 0 1.0 1999 -2052147279
Result 0 1.0 815 -2012819142
Result 0 2.0 914 2082441367
Result 0 0.0 346 -1152916610
Result 0 4.0 2000 1669513209
Result 0 0.0 2000 -259128004
Result 0 0.0 2000 655513986
Result 0 2.0 1010 1864175134
Result 0 0.0 900 -1833187257
Result 0 1.0 2000 1881217449
Result 0 3.0 2000 -332718765
Result 0 3.0 1080 1879042533
Result 0 5.0 1211 1016725542
Result 0 6.0 527 57279444
Result 0 0.0 263 502031661
Result 0 3.0 883 1888116627
Result 0 5.0 321 -1577459637
Result 0 2.0 435 -2025086968
Result 0 2.0 89 187745857
Result 0 1.0 308 -1194466307
Result 0 0.0 2000 178121401
Result 0 0.0 2000 1861994470
Result 0 1.0 481 2120646216
Result 0 0.0 1133 544903445
Result 0 2.0 662 450418687
Result 0 2.0 772 122557880
Result 0 3.0 863 1179898493
Result 0 4.0 371 1353087838
Result 0 5.0 1365 -379952659
Result 0 5.0 1596 -1763146606
Result 0 3.0 1314 2021504330
