Result 1 16.0 117 -364651804
Result 1 26.0 330 856712408
Result 1 34.0 275 1826067981
Result 1 38.0 423 599410495
Result 1 22.0 215 1629174713
Result 1 64.0 1380 -1607844893
Result 1 24.0 114 128602965
Result 1 64.0 620 1770364974
Result 1 64.0 387 890039380
Result 1 14.0 72 -303596356
Result 1 14.0 124 1459776232
Result 0 52.0 288 -31946508
Result 1 60.0 243 -360059003
Result 1 64.0 275 1070091161
Result 1 58.0 678 1461680182
Result 1 32.0 270 -1492006378
Result 0 52.0 473 1201699054
Result 1 32.0 861 1894879704
Result 1 20.0 133 -181609472
Result 1 24.0 208 964796878
Result 1 36.0 279 2048367543
Result 1 34.0 640 -253431094
Result 1 30.0 333 -902954002
Result 1 30.0 427 -1199103921
Result 1 32.0 479 -532598257
Result 1 32.0 142 -1000056144
Result 1 30.0 262 1924141510
Result 1 34.0 266 276810598
Result 1 38.0 175 312740019
Result 1 34.0 316 1926294576
Result 1 28.0 112 -1518301268
Result 1 30.0 373 -990449813
Result 1 34.0 190 899253269
Result 1 30.0 114 1043683555
Result 1 32.0 298 -1326266348
Result 1 34.0 117 788237649
Result 1 30.0 146 -99031866
Result 1 32.0 285 2052911098
Result 1 32.0 287 -1219377875
Result 1 30.0 232 1903779695
Result 1 46.0 259 854854760
Result 1 54.0 315 -1052765572
Result 1 52.0 242 138857827
Result 1 48.0 162 -1623841233
Result 1 56.0 518 -928118446
Result 1 52.0 143 -1633628959
Result 1 54.0 220 -2072230613
Result 1 52.0 193 1935772613
Result 1 50.0 131 -660897986
Result 1 52.0 147 -906283669
Result 0 50.0 284 -1421392654
Result 1 52.0 96 1473641540
Result 1 34.0 790 2044095168
Result 1 54.0 136 -1550279375
Result 1 48.0 170 1440593333
Result 1 52.0 189 -1270252916
Result 1 42.0 141 1928535917
Result 0 42.0 166 2084062189
Result 1 50.0 161 -926786380
Result 1 36.0 122 1325756396
Result 1 24.0 221 1511943769
Result 1 24.0 187 1512676770
Result 1 24.0 116 -361406502
Result 1 24.0 216 -2062718673
Result 1 24.0 430 -135737944
Result 1 22.0 497 1882148622
Result 1 22.0 406 918708159
Result 1 22.0 149 1455868546
Result 1 22.0 121 1475288458
Result 1 24.0 194 -1416652060
Result 1 24.0 238 1425085661
Result 1 22.0 112 -103259634
Result 1 22.0 132 -1311575390
Result 1 24.0 258 356605252
Result 1 22.0 138 -1404663890
Result 1 24.0 350 523414108
Result 1 20.0 113 479841645
Result 1 24.0 521 -1210163108
Result 1 24.0 351 79271980
Result 1 24.0 376 -1626799390
Result 1 14.0 823 -1137989494
Result 1 14.0 80 -1890361103
Result 1 14.0 172 -2107350193
Result 1 14.0 214 1568782521
Result 1 14.0 65 1138622146
Result 1 14.0 41 -1797400279
Result 1 14.0 44 1577866364
Result 1 14.0 62 -635146885
Result 1 14.0 374 910696847
Result 1 14.0 174 -1742581295
Result 1 14.0 91 -1855056679
Result 1 14.0 75 -148911532
Result 1 14.0 157 1354026167
Result 1 14.0 42 -237295537
Result 1 14.0 128 2028508686
Result 1 14.0 60 1057370195
Result 1 14.0 290 270081890
Result 1 14.0 158 1224808685
Result 1 14.0 277 -2122586666
Result 1 14.0 136 -2091831995
