Evo 114.29 -10000003.08 0.53 -280379.47 0.53 0.53 0.53 1651742.63 97669.59 0.03 0.01 0.02 -1 43
Result 0 -1.0 285 0.46 0.18 0.19 0.19 0.22 0.21 -1 -1 -1 -1 -1
Evo 123.92 -10000004.34 0.53 -871577.78 0.53 0.53 0.53 2832594.80 295318.42 0.07 0.01 0.02 -1 43
Result 0 -1.0 91 0.43 0.23 0.20 0.16 0.25 0.16 -1 -1 -1 -1 -1
Evo 120.72 -10000003.88 0.53 -581089.94 0.53 0.53 0.53 2345112.20 199629.21 0.05 0.01 0.02 -1 43
Result 0 -1.0 137 0.43 0.20 0.25 0.17 0.21 0.17 -1 -1 -1 -1 -1
Evo 103.24 -10000002.61 0.53 -257869.39 0.37 0.53 0.53 1467275.01 77011.97 0.02 0.01 0.02 -1 43
Result 0 -1.0 362 0.47 0.21 0.18 0.21 0.17 0.23 -1 -1 -1 -1 -1
Evo 128.97 -10000002.32 0.53 -1083583.09 0.53 0.53 0.53 3125561.84 363339.18 0.08 0.01 0.02 -1 43
Result 0 -1.0 73 0.45 0.19 0.20 0.19 0.20 0.22 -1 -1 -1 -1 -1
Evo 120.95 -10000004.02 0.53 -579709.60 0.53 0.53 0.53 2345399.51 199653.66 0.05 0.01 0.02 -1 43
Result 0 -1.0 137 0.44 0.22 0.19 0.17 0.22 0.19 -1 -1 -1 -1 -1
Evo 125.64 -10000003.94 0.53 -849957.80 0.53 0.53 0.53 2790017.02 286249.71 0.07 0.01 0.02 -1 43
Result 0 -1.0 94 0.43 0.18 0.19 0.17 0.25 0.21 -1 -1 -1 -1 -1
Evo 117.50 -10000004.46 0.53 -390243.41 0.53 0.53 0.53 1941270.81 135584.23 0.04 0.01 0.02 -1 43
Result 0 -1.0 204 0.46 0.23 0.19 0.20 0.21 0.18 -1 -1 -1 -1 -1
Evo 118.13 -10000001.26 0.53 -344827.03 0.53 0.53 0.53 1828601.10 120053.54 0.03 0.01 0.02 -1 43
Result 0 -1.0 231 0.49 0.22 0.16 0.24 0.20 0.19 -1 -1 -1 -1 -1
Evo 123.36 -10000002.51 0.53 -850222.54 0.53 0.53 0.53 2789991.89 286247.13 0.07 0.01 0.02 -1 43
Result 0 -1.0 94 0.52 0.21 0.20 0.28 0.16 0.15 -1 -1 -1 -1 -1
Evo 118.78 -10000003.80 0.53 -579709.60 0.53 0.53 0.53 2345399.48 199653.66 0.05 0.01 0.02 -1 43
Result 0 -1.0 137 0.43 0.17 0.28 0.17 0.21 0.18 -1 -1 -1 -1 -1
Evo 119.51 -10000004.02 0.53 -579709.61 0.53 0.53 0.53 2345399.53 199653.67 0.05 0.01 0.02 -1 43
Result 0 -1.0 137 0.39 0.23 0.18 0.14 0.24 0.21 -1 -1 -1 -1 -1
Evo 120.10 -10000004.45 0.53 -869564.89 0.53 0.53 0.53 2833153.64 295376.69 0.07 0.01 0.02 -1 43
Result 0 -1.0 91 0.46 0.22 0.21 0.20 0.20 0.18 -1 -1 -1 -1 -1
Evo 119.24 -10000004.30 0.53 -449437.70 0.53 0.53 0.53 2077652.17 155726.61 0.04 0.01 0.02 -1 43
Result 0 -1.0 177 0.47 0.20 0.19 0.21 0.21 0.20 -1 -1 -1 -1 -1
Evo 125.01 -10000002.48 0.53 -869564.63 0.53 0.53 0.53 2833152.79 295376.60 0.07 0.01 0.02 -1 44
Result 0 -1.0 91 0.47 0.24 0.15 0.21 0.23 0.17 -1 -1 -1 -1 -1
Evo 115.87 -10000002.92 0.53 -402685.54 0.53 0.53 0.53 1959605.16 138219.89 0.04 0.01 0.02 -1 43
Result 0 -1.0 200 0.44 0.14 0.25 0.18 0.20 0.23 -1 -1 -1 -1 -1
Evo 124.36 -10000003.82 0.53 -871577.59 0.53 0.53 0.53 2832594.18 295318.36 0.07 0.01 0.02 -1 43
Result 0 -1.0 91 0.41 0.12 0.24 0.15 0.21 0.28 -1 -1 -1 -1 -1
Evo 126.86 -10000001.56 0.53 -869564.58 0.53 0.53 0.53 2833152.63 295376.58 0.07 0.01 0.02 -1 43
Result 0 -1.0 91 0.49 0.15 0.22 0.23 0.20 0.21 -1 -1 -1 -1 -1
Evo 113.32 -10000002.15 0.53 -156404.71 0.53 0.53 0.53 1238988.88 54649.46 0.02 0.01 0.02 -1 43
Result 0 -1.0 513 0.44 0.22 0.19 0.18 0.20 0.21 -1 -1 -1 -1 -1
Evo 115.35 -10000003.57 0.53 -588234.68 0.53 0.53 0.53 2361639.36 202508.90 0.05 0.01 0.02 -1 43
Result 0 -1.0 135 0.42 0.21 0.21 0.15 0.18 0.24 -1 -1 -1 -1 -1
Evo 103.33 -10000002.59 0.53 -458293.93 0.53 0.53 0.53 1688327.54 100360.66 0.03 0.01 0.02 -1 52
Result 0 -1.0 282 0.48 0.21 0.22 0.22 0.19 0.16 -1 -1 -1 -1 -1
Evo 118.06 -10000003.95 0.53 -708219.03 0.53 0.53 0.53 2521421.80 232115.69 0.06 0.01 0.02 -1 52
Result 0 -1.0 117 0.45 0.22 0.18 0.19 0.22 0.19 -1 -1 -1 -1 -1
Evo 119.65 -10000001.62 0.53 -708860.44 0.53 0.53 0.53 2521621.98 232134.12 0.06 0.01 0.02 -1 52
Result 0 -1.0 117 0.48 0.14 0.23 0.22 0.23 0.18 -1 -1 -1 -1 -1
Evo 117.94 -10000004.03 0.53 -710394.90 0.53 0.53 0.53 2523136.08 232273.50 0.06 0.01 0.02 -1 52
Result 0 -1.0 117 0.52 0.17 0.25 0.29 0.13 0.17 -1 -1 -1 -1 -1
Evo 110.35 -10000003.75 0.53 -59114.01 0.53 0.53 0.53 644642.00 14411.03 0.01 0.01 0.02 -1 52
Result 0 0.0 2000 0.47 0.20 0.18 0.21 0.20 0.21 -1 -1 -1 -1 -1
Evo 119.88 -10000004.19 0.53 -705650.85 0.53 0.53 0.53 2521426.91 232116.16 0.06 0.01 0.02 -1 52
Result 0 -1.0 117 0.44 0.20 0.26 0.18 0.18 0.18 -1 -1 -1 -1 -1
Evo 119.68 -10000001.97 0.53 -710404.90 0.53 0.53 0.53 2521902.76 232159.97 0.06 0.01 0.02 -1 52
Result 0 -1.0 117 0.46 0.19 0.21 0.19 0.23 0.18 -1 -1 -1 -1 -1
Evo 101.08 -10000003.54 0.53 -833376.26 -493827.06 0.53 0.53 2320885.36 195453.81 0.05 0.01 0.02 -1 52
Result 0 -1.0 140 0.46 0.16 0.25 0.19 0.21 0.20 -1 -1 -1 -1 -1
Evo 96.91 -10000004.17 0.53 -862700.94 -1165047.72 0.53 0.53 2238311.16 181551.01 0.05 0.01 0.02 -1 52
Result 0 -1.0 151 0.47 0.23 0.20 0.21 0.14 0.22 -1 -1 -1 -1 -1
Evo 118.30 -10000002.75 0.53 -705191.83 0.53 0.53 0.53 2521488.88 232121.87 0.06 0.01 0.02 -1 52
Result 0 -1.0 117 0.43 0.19 0.25 0.17 0.16 0.23 -1 -1 -1 -1 -1
Evo 94.98 -10000003.04 0.53 -599483.65 -298507.16 0.53 0.53 1834872.05 119187.75 0.03 0.01 0.02 -1 52
Result 0 -1.0 236 0.43 0.19 0.24 0.17 0.17 0.24 -1 -1 -1 -1 -1
Evo 113.00 -10000004.31 0.53 -714461.48 0.53 0.53 0.53 2523216.06 232280.87 0.06 0.01 0.02 -1 52
Result 0 -1.0 117 0.49 0.21 0.21 0.23 0.17 0.18 -1 -1 -1 -1 -1
Evo 115.14 -10000004.01 0.53 -709747.46 0.53 0.53 0.53 2521918.49 232161.42 0.06 0.01 0.02 -1 52
Result 0 -1.0 117 0.48 0.25 0.25 0.22 0.16 0.11 -1 -1 -1 -1 -1
Evo 118.54 -10000004.48 0.53 -706797.33 0.53 0.53 0.53 2521426.32 232116.11 0.06 0.01 0.02 -1 52
Result 0 -1.0 117 0.49 0.20 0.16 0.24 0.28 0.12 -1 -1 -1 -1 -1
Evo 115.18 -10000003.88 0.53 -723354.14 0.53 0.53 0.53 2525172.87 232461.00 0.06 0.01 0.02 -1 52
Result 0 -1.0 117 0.50 0.26 0.19 0.25 0.12 0.19 -1 -1 -1 -1 -1
Evo 120.50 -10000004.28 0.53 -708553.29 0.53 0.53 0.53 2522021.17 232170.87 0.06 0.01 0.02 -1 52
Result 0 -1.0 117 0.44 0.23 0.20 0.18 0.19 0.20 -1 -1 -1 -1 -1
Evo 82.36 -10000003.88 0.53 -688110.90 -1238095.02 0.53 0.53 1511992.22 77360.25 0.02 0.01 0.02 -1 52
Result 0 -1.0 381 0.47 0.20 0.21 0.20 0.16 0.23 -1 -1 -1 -1 -1
Evo 114.66 -10000001.45 0.53 -738481.56 0.53 0.53 0.53 2503102.25 228500.93 0.06 0.01 0.02 -1 52
Result 0 -1.0 119 0.50 0.15 0.19 0.24 0.25 0.17 -1 -1 -1 -1 -1
Evo 113.36 -10000004.24 0.53 -709787.88 0.53 0.53 0.53 2522744.15 232237.42 0.06 0.01 0.02 -1 52
Result 0 -1.0 117 0.44 0.12 0.29 0.18 0.22 0.19 -1 -1 -1 -1 -1
Evo 117.66 -10000004.31 0.53 -724462.06 0.53 0.53 0.53 2523522.62 232309.09 0.06 0.01 0.02 -1 52
Result 0 -1.0 117 0.47 0.18 0.21 0.21 0.19 0.20 -1 -1 -1 -1 -1
Evo 133.23 -10000003.55 0.53 -1481480.74 0.53 0.53 0.53 3585824.52 487968.91 0.11 0.01 0.02 -1 46
Result 0 -1.0 53 0.35 0.31 0.17 0.11 0.22 0.19 -1 -1 -1 -1 -1
Evo 148.02 -10000003.83 0.53 -1860464.56 0.53 0.53 0.53 3937496.11 600462.53 0.13 0.01 0.02 -1 35
Result 0 -1.0 42 0.52 0.19 0.19 0.30 0.14 0.19 -1 -1 -1 -1 -1
Evo 129.84 -10000003.76 0.53 -1403508.26 0.53 0.53 0.53 3504383.27 464166.90 0.10 0.01 0.02 -1 49
Result 0 -1.0 56 0.51 0.14 0.25 0.26 0.21 0.14 -1 -1 -1 -1 -1
Evo 142.73 -10000002.89 0.53 -2105262.60 0.53 0.53 0.53 4131549.45 670225.82 0.14 0.01 0.02 -1 30
Result 0 -1.0 37 0.45 0.11 0.24 0.18 0.24 0.24 -1 -1 -1 -1 -1
Evo 131.74 -10000003.93 0.53 -1860464.51 0.53 0.53 0.53 3937496.00 600462.51 0.13 0.01 0.02 -1 35
Result 0 -1.0 42 0.40 0.19 0.28 0.14 0.30 0.09 -1 -1 -1 -1 -1
Evo 124.82 -10000003.68 0.53 -1599999.43 0.53 0.53 0.53 3703280.31 523722.92 0.11 0.01 0.02 -1 42
Result 0 -1.0 49 0.46 0.20 0.14 0.20 0.20 0.26 -1 -1 -1 -1 -1
Evo 138.81 -10000001.21 0.53 -2105262.61 0.53 0.53 0.53 4131549.47 670225.83 0.14 0.01 0.02 -1 30
Result 0 -1.0 37 0.51 0.18 0.16 0.26 0.16 0.24 -1 -1 -1 -1 -1
Evo 140.27 -10000003.90 0.53 -2105262.62 0.53 0.53 0.53 4131549.49 670225.83 0.14 0.01 0.02 -1 30
Result 0 -1.0 37 0.51 0.32 0.11 0.26 0.13 0.18 -1 -1 -1 -1 -1
Evo 139.65 -10000004.39 0.53 -2105262.99 0.53 0.53 0.53 4131550.22 670225.95 0.14 0.01 0.02 -1 30
Result 0 -1.0 37 0.49 0.26 0.18 0.24 0.21 0.11 -1 -1 -1 -1 -1
Evo 131.77 -10000003.17 0.53 -1311474.95 0.53 0.53 0.53 3403630.51 435790.23 0.10 0.01 0.02 -1 53
Result 0 -1.0 60 0.45 0.15 0.16 0.18 0.25 0.26 -1 -1 -1 -1 -1
Evo 135.68 -10000002.02 0.53 -1481480.78 0.53 0.53 0.53 3585824.61 487968.92 0.11 0.01 0.02 -1 46
Result 0 -1.0 53 0.45 0.31 0.20 0.19 0.22 0.07 -1 -1 -1 -1 -1
Evo 126.29 -10000003.90 0.53 -952380.39 0.53 0.53 0.53 2953065.55 322205.87 0.08 0.01 0.02 -1 76
Result 0 -1.0 83 0.50 0.12 0.15 0.25 0.21 0.26 -1 -1 -1 -1 -1
Evo 135.28 -10000001.83 0.53 -1481480.74 0.53 0.53 0.53 3585824.53 487968.91 0.11 0.01 0.02 -1 46
Result 0 -1.0 53 0.38 0.17 0.17 0.13 0.33 0.20 -1 -1 -1 -1 -1
Evo 116.59 -10000003.87 0.53 -634920.12 0.53 0.53 0.53 2448193.44 218102.41 0.06 0.01 0.02 -1 118
Result 0 -1.0 125 0.47 0.18 0.16 0.21 0.24 0.21 -1 -1 -1 -1 -1
Evo 112.91 -10000003.10 0.53 -740740.26 0.53 0.53 0.53 2631123.62 253179.99 0.06 0.01 0.02 -1 100
Result 0 -1.0 107 0.48 0.22 0.18 0.21 0.18 0.21 -1 -1 -1 -1 -1
Evo 142.22 -10000000.66 0.53 -2105262.29 0.53 0.53 0.53 4131548.83 670225.72 0.14 0.01 0.02 -1 30
Result 0 -1.0 37 0.42 0.24 0.21 0.16 0.18 0.21 -1 -1 -1 -1 -1
Evo 141.38 -10000002.65 0.53 -1666666.20 0.53 0.53 0.53 3766218.02 543606.75 0.12 0.01 0.02 -1 40
Result 0 -1.0 47 0.52 0.15 0.23 0.29 0.15 0.19 -1 -1 -1 -1 -1
Evo 134.22 -10000002.10 0.53 -1568627.02 0.53 0.53 0.53 3672900.46 514308.94 0.11 0.01 0.02 -1 43
Result 0 -1.0 50 0.48 0.24 0.22 0.22 0.18 0.16 -1 -1 -1 -1 -1
Evo 121.66 -10000003.40 0.53 -717592.08 0.53 0.53 0.53 2586164.54 244369.58 0.06 0.01 0.02 -1 56
Result 0 -1.0 111 0.43 0.23 0.17 0.17 0.28 0.15 -1 -1 -1 -1 -1
Evo 139.59 -10000003.74 0.53 -1454545.18 0.53 0.53 0.53 3558080.54 479771.48 0.11 0.01 0.02 -1 47
Result 0 -1.0 54 0.45 0.24 0.18 0.18 0.16 0.24 -1 -1 -1 -1 -1
Evo 113.83 -10000003.65 0.53 -332804.78 0.53 0.53 0.53 1764049.61 111568.29 0.03 0.01 0.02 -1 118
Result 0 -1.0 249 0.41 0.26 0.17 0.15 0.24 0.18 -1 -1 -1 -1 -1
Evo 112.74 -10000003.66 0.53 -333663.00 0.53 0.53 0.53 1764422.50 111591.88 0.03 0.01 0.02 -1 118
Result 0 -1.0 249 0.48 0.20 0.24 0.22 0.17 0.17 -1 -1 -1 -1 -1
Evo 113.45 -10000003.34 0.53 -332527.59 0.53 0.53 0.53 1763961.38 111562.71 0.03 0.01 0.02 -1 118
Result 0 -1.0 249 0.44 0.19 0.19 0.18 0.22 0.23 -1 -1 -1 -1 -1
Evo 107.49 -10000003.95 0.53 -128176.75 0.53 0.53 0.53 856627.60 24790.76 0.01 0.01 0.02 -1 118
Result 0 -1.0 1193 0.44 0.20 0.22 0.18 0.21 0.20 -1 -1 -1 -1 -1
Evo 110.54 -10000002.90 0.53 -397865.62 0.53 0.53 0.53 1748545.32 107819.92 0.03 0.01 0.02 -1 118
Result 0 -1.0 262 0.43 0.23 0.22 0.16 0.20 0.19 -1 -1 -1 -1 -1
Evo 112.89 -10000000.41 0.53 -356656.92 0.53 0.53 0.53 1748170.22 109260.64 0.03 0.01 0.02 -1 118
Result 0 -1.0 255 0.48 0.20 0.21 0.22 0.18 0.18 -1 -1 -1 -1 -1
Evo 114.94 -10000003.85 0.53 -345241.21 0.53 0.53 0.53 1771015.47 112008.85 0.03 0.01 0.02 -1 118
Result 0 -1.0 249 0.46 0.18 0.22 0.19 0.22 0.20 -1 -1 -1 -1 -1
Evo 114.93 -10000003.11 0.53 -334749.71 0.53 0.53 0.53 1764746.67 111612.38 0.03 0.01 0.02 -1 118
Result 0 -1.0 249 0.47 0.19 0.19 0.21 0.21 0.20 -1 -1 -1 -1 -1
Evo 114.28 -10000004.13 0.53 -333733.33 0.53 0.53 0.53 1764225.56 111579.42 0.03 0.01 0.02 -1 118
Result 0 -1.0 249 0.49 0.20 0.22 0.23 0.21 0.14 -1 -1 -1 -1 -1
Evo 114.43 -10000003.93 0.53 -350566.67 0.53 0.53 0.53 1765546.92 111219.00 0.03 0.01 0.02 -1 118
Result 0 -1.0 251 0.44 0.24 0.18 0.17 0.16 0.25 -1 -1 -1 -1 -1
Evo 114.91 -10000003.22 0.53 -334838.69 0.53 0.53 0.53 1764791.55 111615.22 0.03 0.01 0.02 -1 118
Result 0 -1.0 249 0.47 0.18 0.20 0.21 0.21 0.20 -1 -1 -1 -1 -1
Evo 115.29 -10000003.19 0.53 -336045.18 0.53 0.53 0.53 1765081.31 111633.54 0.03 0.01 0.02 -1 118
Result 0 -1.0 249 0.48 0.16 0.20 0.22 0.24 0.18 -1 -1 -1 -1 -1
Evo 114.75 -10000003.33 0.53 -336280.98 0.53 0.53 0.53 1765631.96 111668.37 0.03 0.01 0.02 -1 118
Result 0 -1.0 249 0.39 0.20 0.19 0.14 0.26 0.21 -1 -1 -1 -1 -1
Evo 107.30 -10000004.06 0.53 -96607.68 0.53 0.53 0.53 677949.70 15155.63 0.01 0.01 0.02 -1 118
Result 0 0.0 2000 0.47 0.18 0.21 0.20 0.21 0.20 -1 -1 -1 -1 -1
Evo 114.08 -10000002.86 0.53 -338312.77 0.53 0.53 0.53 1765315.14 111648.33 0.03 0.01 0.02 -1 118
Result 0 -1.0 249 0.48 0.15 0.18 0.22 0.23 0.23 -1 -1 -1 -1 -1
Evo 113.16 -10000004.23 0.53 -331678.34 0.53 0.53 0.53 1763864.84 111556.61 0.03 0.01 0.02 -1 118
Result 0 -1.0 249 0.49 0.20 0.19 0.23 0.18 0.20 -1 -1 -1 -1 -1
Evo 112.67 -10000003.96 0.53 -359843.86 0.53 0.53 0.53 1745868.20 108904.27 0.03 0.01 0.02 -1 118
Result 0 -1.0 256 0.42 0.17 0.23 0.16 0.22 0.22 -1 -1 -1 -1 -1
Evo 113.39 -10000002.91 0.53 -361072.53 0.53 0.53 0.53 1751153.83 109447.11 0.03 0.01 0.02 -1 118
Result 0 -1.0 255 0.49 0.21 0.22 0.23 0.16 0.19 -1 -1 -1 -1 -1
Evo 112.91 -10000004.09 0.53 -365733.55 0.53 0.53 0.53 1748951.54 109096.60 0.03 0.01 0.02 -1 118
Result 0 -1.0 256 0.48 0.15 0.19 0.21 0.23 0.22 -1 -1 -1 -1 -1
Evo 114.39 -10000002.86 0.53 -341328.27 0.53 0.53 0.53 1758730.46 110789.61 0.03 0.01 0.02 -1 118
Result 0 -1.0 251 0.47 0.18 0.18 0.21 0.19 0.24 -1 -1 -1 -1 -1
Evo 121.72 -10000004.28 0.53 -1258243.15 0.36 0.53 0.53 3275324.78 403164.61 0.09 0.01 0.02 -1 39
Result 0 -1.0 65 0.50 0.15 0.20 0.26 0.27 0.12 -1 -1 -1 -1 -1
Evo 114.26 -10000002.50 0.53 -903683.75 0.53 0.53 0.53 2826898.05 294724.49 0.07 0.01 0.02 -1 39
Result 0 -1.0 91 0.46 0.24 0.17 0.20 0.16 0.23 -1 -1 -1 -1 -1
Evo 124.06 -10000003.36 0.53 -1193078.02 0.51 0.53 0.53 3169655.78 376168.93 0.09 0.01 0.02 -1 39
Result 0 -1.0 70 0.52 0.13 0.14 0.30 0.21 0.23 -1 -1 -1 -1 -1
Evo 95.24 -10000002.83 0.53 -190602.88 0.46 0.53 0.53 710784.27 15889.65 0.01 0.01 0.02 -1 39
Result 0 0.0 2000 0.46 0.21 0.21 0.20 0.20 0.19 -1 -1 -1 -1 -1
Evo 122.48 -10000002.88 0.53 -1439260.90 -799999.57 0.53 0.53 3314765.25 417621.17 0.09 0.01 0.02 -1 39
Result 0 -1.0 62 0.38 0.24 0.17 0.13 0.17 0.29 -1 -1 -1 -1 -1
Evo 117.56 -10000003.58 0.53 -1451360.67 -873786.20 0.53 0.53 3312330.98 417314.48 0.09 0.01 0.02 -1 39
Result 0 -1.0 62 0.44 0.22 0.24 0.17 0.10 0.27 -1 -1 -1 -1 -1
Evo 123.05 -10000004.10 0.53 -903983.42 0.53 0.53 0.53 2827208.49 294756.86 0.07 0.01 0.02 -1 39
Result 0 -1.0 91 0.46 0.16 0.28 0.20 0.17 0.18 -1 -1 -1 -1 -1
Evo 119.73 -10000001.55 0.53 -1444501.31 -769230.78 0.53 0.53 3313013.69 417400.49 0.09 0.01 0.02 -1 39
Result 0 -1.0 62 0.42 0.21 0.27 0.16 0.19 0.17 -1 -1 -1 -1 -1
Evo 115.18 -10000001.21 0.53 -1423375.28 -813952.93 0.53 0.53 3314253.52 417556.70 0.09 0.01 0.02 -1 39
Result 0 -1.0 62 0.51 0.11 0.22 0.27 0.17 0.22 -1 -1 -1 -1 -1
Evo 112.09 -10000004.01 0.53 -616709.43 0.53 0.53 0.53 2300655.91 192390.51 0.05 0.01 0.02 -1 39
Result 0 -1.0 142 0.46 0.16 0.23 0.20 0.19 0.22 -1 -1 -1 -1 -1
Evo 100.20 -10000003.30 0.53 -161795.36 0.50 0.53 0.53 834463.78 23461.85 0.01 0.01 0.02 -1 39
Result 0 -1.0 1264 0.45 0.21 0.21 0.18 0.20 0.20 -1 -1 -1 -1 -1
Evo 107.02 -10000003.53 0.53 -1426832.48 -769230.60 0.53 0.53 3314072.14 417533.84 0.09 0.01 0.02 -1 39
Result 0 -1.0 62 0.38 0.17 0.22 0.13 0.24 0.24 -1 -1 -1 -1 -1
Evo 123.65 -10000002.32 0.53 -894868.62 0.53 0.53 0.53 2827891.89 294828.11 0.07 0.01 0.02 -1 39
Result 0 -1.0 91 0.43 0.22 0.21 0.16 0.14 0.27 -1 -1 -1 -1 -1
Evo 98.48 -10000001.85 0.53 -221257.89 0.48 0.53 0.53 1089562.46 41152.21 0.01 0.01 0.02 -1 39
Result 0 -1.0 700 0.44 0.23 0.20 0.18 0.22 0.18 -1 -1 -1 -1 -1
Evo 89.72 -2210527.02 10000005.15 59022.74 -199999.57 0.53 0.53 1781257.57 107609.71 0.03 0.01 0.02 266 39
Result 1 1.0 273 0.47 0.24 0.18 0.20 0.19 0.19 -1 -1 -1 -1 -1
Evo 123.75 -10000002.49 0.53 -908857.00 0.53 0.53 0.53 2826774.94 294711.66 0.07 0.01 0.02 -1 39
Result 0 -1.0 91 0.48 0.16 0.27 0.22 0.16 0.18 -1 -1 -1 -1 -1
Evo 117.81 -10000003.25 0.53 -911402.53 0.53 0.53 0.53 2827952.49 294834.43 0.07 0.01 0.02 -1 39
Result 0 -1.0 91 0.43 0.16 0.24 0.16 0.20 0.24 -1 -1 -1 -1 -1
Evo 125.23 -10000002.91 0.53 -1118854.44 0.53 0.53 0.53 3095177.51 357400.31 0.08 0.01 0.02 -1 39
Result 0 -1.0 74 0.41 0.17 0.13 0.15 0.23 0.32 -1 -1 -1 -1 -1
Evo 115.34 -10000004.07 0.53 -910891.72 0.53 0.53 0.53 2810095.49 291393.33 0.07 0.01 0.02 -1 39
Result 0 -1.0 92 0.42 0.16 0.23 0.16 0.27 0.18 -1 -1 -1 -1 -1
Evo 118.96 -10000002.96 0.53 -883037.85 0.53 0.53 0.53 2783884.39 285620.51 0.07 0.01 0.02 -1 39
Result 0 -1.0 94 0.46 0.19 0.19 0.20 0.20 0.22 -1 -1 -1 -1 -1
