Evo 86.81 -2115325.10 10000002.98 116207.63 24.50 50.81 68.49 1156368.50 47287.42 0.02 0.08 0.09 590 335
Result 1 80.0 597 0.48 0.22 -1 0.22 -1 0.23 0.34 -1 -1 -1 -1
Evo 90.14 -1909072.87 10000003.66 123026.77 22.49 47.49 61.49 1227229.13 53207.13 0.02 0.06 0.07 524 139
Result 1 69.0 531 0.47 0.21 -1 0.29 -1 0.24 0.27 -1 -1 -1 -1
Evo 93.07 -740712.97 10000003.92 147301.37 26.95 42.49 56.49 1227996.48 53594.16 0.02 0.06 0.07 517 168
Result 1 68.0 524 0.48 0.22 -1 0.27 -1 0.22 0.29 -1 -1 -1 -1
Evo 90.01 -1308371.64 10000002.25 160734.78 32.08 43.49 61.49 1311323.78 61207.35 0.02 0.05 0.07 451 128
Result 1 71.0 458 0.49 0.24 -1 0.22 -1 0.24 0.29 -1 -1 -1 -1
Evo 92.83 -5568158.08 10000004.60 102323.92 28.07 45.49 53.49 1252201.97 53786.68 0.02 0.06 0.08 534 275
Result 1 67.0 541 0.43 0.16 -1 0.28 -1 0.25 0.31 -1 -1 -1 -1
Evo 93.87 -441136.88 10000002.51 139814.19 39.49 45.49 61.49 1180983.30 49772.51 0.02 0.05 0.07 555 122
Result 1 71.0 562 0.47 0.21 -1 0.24 -1 0.26 0.29 -1 -1 -1 -1
Evo 94.34 -1153795.60 10000002.26 133527.20 35.49 49.49 67.49 1186703.20 50102.65 0.02 0.05 0.07 553 226
Result 1 71.0 560 0.49 0.24 -1 0.19 -1 0.26 0.31 -1 -1 -1 -1
Evo 94.73 -1454495.20 10000004.78 136582.10 30.49 52.49 62.49 1191684.23 50538.67 0.02 0.06 0.07 548 320
Result 1 70.0 555 0.47 0.21 -1 0.28 -1 0.24 0.28 -1 -1 -1 -1
Evo 88.11 -1759230.16 10000004.92 123163.54 37.49 49.49 70.49 1133145.72 45655.74 0.02 0.09 0.09 608 136
Result 1 80.0 615 0.47 0.21 -1 0.23 -1 0.25 0.31 -1 -1 -1 -1
Evo 92.28 -462899.77 10000004.22 147626.07 28.65 48.49 62.49 1213341.73 52555.66 0.02 0.06 0.07 525 168
Result 1 70.0 532 0.47 0.21 -1 0.26 -1 0.22 0.31 -1 -1 -1 -1
Evo 91.03 -679571.28 10000004.25 127907.03 28.49 49.49 74.26 1132756.49 45751.60 0.02 0.09 0.09 605 189
Result 1 78.0 612 0.49 0.23 -1 0.20 -1 0.25 0.32 -1 -1 -1 -1
Evo 88.98 -2641461.58 10000003.94 132819.80 28.49 39.49 57.49 1256860.46 55491.75 0.02 0.06 0.07 505 224
Result 1 73.0 512 0.49 0.24 -1 0.27 -1 0.19 0.30 -1 -1 -1 -1
Evo 82.05 -2568752.15 10000003.37 135515.84 31.49 49.49 71.24 1277641.88 57425.73 0.02 0.08 0.09 487 136
Result 1 81.0 494 0.47 0.21 -1 0.24 -1 0.22 0.33 -1 -1 -1 -1
Evo 92.67 -1926570.72 10000003.09 125648.68 28.49 46.49 58.24 1164777.21 48116.50 0.02 0.06 0.07 578 274
Result 1 68.0 585 0.48 0.22 -1 0.27 -1 0.24 0.28 -1 -1 -1 -1
Evo 94.12 -2075445.20 10000004.60 122860.98 33.49 49.49 59.49 1149529.75 46890.30 0.02 0.05 0.07 593 137
Result 1 71.0 600 0.47 0.21 -1 0.22 -1 0.24 0.33 -1 -1 -1 -1
Evo 91.39 -2232114.94 10000004.89 127721.82 33.49 43.49 65.49 1185399.72 49782.11 0.02 0.05 0.07 559 136
Result 1 71.0 566 0.49 0.24 -1 0.22 -1 0.24 0.31 -1 -1 -1 -1
Evo 87.97 -2142825.37 10000004.99 101178.61 24.49 46.44 60.49 1148286.36 46228.27 0.02 0.09 0.09 609 88
Result 1 78.0 616 0.47 0.20 -1 0.25 -1 0.24 0.30 -1 -1 -1 -1
Evo 92.59 -399938.18 10000000.27 123620.93 34.49 56.49 72.77 1116504.21 44447.33 0.01 0.09 0.09 623 191
Result 1 77.0 630 0.49 0.23 -1 0.23 -1 0.24 0.30 -1 -1 -1 -1
Evo 95.55 -674123.51 10000004.73 129222.17 30.49 53.49 67.49 1140100.03 43947.63 0.01 0.06 0.07 664 217
Result 1 69.0 672 0.50 0.25 -1 0.24 -1 0.23 0.29 -1 -1 -1 -1
Evo 91.05 -3521101.15 10000004.48 108334.78 37.49 47.49 65.49 1138796.84 45920.72 0.02 0.09 0.09 607 194
Result 1 74.0 614 0.50 0.24 -1 0.24 -1 0.22 0.30 -1 -1 -1 -1
Evo 90.01 -315755.19 10000004.82 175727.57 33.49 47.49 61.29 1315701.85 61885.41 0.02 0.05 0.07 444 153
Result 1 71.0 451 0.49 0.24 -1 0.23 -1 0.24 0.29 -1 -1 -1 -1
Evo 87.78 2.34 10000003.59 145531.36 34.49 50.49 68.49 1196402.99 51107.80 0.02 0.09 0.09 540 317
Result 1 83.0 547 0.46 0.20 -1 0.24 -1 0.24 0.32 -1 -1 -1 -1
Evo 88.20 -1351322.50 10000004.90 114122.24 37.49 55.39 69.54 1158532.22 47817.74 0.02 0.08 0.09 579 126
Result 1 80.0 586 0.48 0.22 -1 0.24 -1 0.24 0.30 -1 -1 -1 -1
Evo 80.55 -1009142.33 10000004.47 172310.30 31.49 48.90 63.49 1326500.88 62811.64 0.02 0.09 0.09 438 146
Result 1 81.0 445 0.47 0.21 -1 0.23 -1 0.21 0.35 -1 -1 -1 -1
Evo 94.74 -1999956.32 10000004.72 131853.42 37.49 55.49 67.49 1188206.69 50121.47 0.02 0.05 0.07 554 144
Result 1 71.0 561 0.48 0.23 -1 0.18 -1 0.27 0.33 -1 -1 -1 -1
Evo 91.81 -1682211.54 10000000.68 145022.22 34.49 46.49 56.49 1246903.15 55213.80 0.02 0.05 0.07 502 165
Result 1 70.0 509 0.49 0.24 -1 0.22 -1 0.26 0.29 -1 -1 -1 -1
Evo 91.86 -1574041.31 10000001.94 117602.30 35.49 51.29 63.49 1133439.47 45854.05 0.02 0.06 0.07 603 150
Result 1 69.0 610 0.49 0.23 -1 0.25 -1 0.24 0.28 -1 -1 -1 -1
Evo 93.77 -857088.63 10000004.23 148306.87 25.49 43.29 55.49 1223059.90 54158.00 0.02 0.06 0.07 502 386
Result 1 65.0 509 0.49 0.23 -1 0.24 -1 0.21 0.31 -1 -1 -1 -1
Evo 88.17 -4374968.27 10000002.69 122390.36 26.18 37.49 55.49 1314468.27 59934.59 0.02 0.06 0.07 473 263
Result 1 71.0 480 0.50 0.26 -1 0.28 -1 0.19 0.27 -1 -1 -1 -1
Evo 90.38 -197977.39 10000002.58 135500.80 39.49 55.49 65.49 1153827.48 47827.69 0.02 0.08 0.09 574 127
Result 1 80.0 581 0.50 0.24 -1 0.22 -1 0.25 0.28 -1 -1 -1 -1
Evo 79.43 -2410679.02 10000004.83 91700.59 30.49 43.49 71.49 1212324.03 52413.34 0.02 0.09 0.09 527 126
Result 1 81.0 534 0.48 0.22 -1 0.25 -1 0.23 0.29 -1 -1 -1 -1
Evo 85.52 -594027.91 10000004.55 151125.71 33.49 47.49 69.49 1231666.87 54700.25 0.02 0.08 0.09 499 126
Result 1 81.0 506 0.48 0.22 -1 0.26 -1 0.23 0.30 -1 -1 -1 -1
Evo 92.94 -2525212.99 10000004.08 125209.58 31.49 45.24 61.49 1215999.89 52720.28 0.02 0.06 0.07 524 210
Result 1 69.0 531 0.47 0.21 -1 0.27 -1 0.24 0.28 -1 -1 -1 -1
Evo 90.96 2.06 10000000.86 161246.75 30.49 42.49 56.30 1254135.52 56598.34 0.02 0.06 0.07 483 403
Result 1 70.0 490 0.48 0.22 -1 0.29 -1 0.22 0.27 -1 -1 -1 -1
Evo 88.95 -1157847.40 10000003.40 155814.96 25.67 47.49 65.49 1298892.43 60041.32 0.02 0.05 0.07 460 269
Result 1 71.0 467 0.50 0.24 -1 0.18 -1 0.24 0.34 -1 -1 -1 -1
Evo 94.32 -116222.47 10000005.02 136484.82 35.49 53.49 63.49 1152281.58 48053.46 0.02 0.05 0.07 567 158
Result 1 71.0 574 0.50 0.24 -1 0.23 -1 0.25 0.27 -1 -1 -1 -1
Evo 92.30 -2499970.19 10000004.02 125066.56 33.49 55.49 67.49 1211276.24 51743.16 0.02 0.05 0.07 540 126
Result 1 71.0 547 0.49 0.23 -1 0.23 -1 0.25 0.29 -1 -1 -1 -1
Evo 88.53 -2105218.68 10000004.50 139232.96 33.13 51.49 68.49 1222070.04 53335.51 0.02 0.09 0.09 517 144
Result 1 78.0 524 0.49 0.24 -1 0.22 -1 0.22 0.32 -1 -1 -1 -1
Evo 85.91 -1090861.74 10000004.43 157509.26 35.49 51.49 67.49 1274989.57 57954.07 0.02 0.08 0.09 476 257
Result 1 79.0 483 0.48 0.22 -1 0.24 -1 0.23 0.30 -1 -1 -1 -1
Evo 82.77 -2264125.36 10000004.51 132190.64 28.63 45.50 66.49 1272191.73 57008.27 0.02 0.08 0.09 490 123
Result 1 80.0 497 0.48 0.22 -1 0.24 -1 0.24 0.30 -1 -1 -1 -1
Evo 98.70 -370331.18 10000004.94 132028.18 27.49 29.49 49.49 1141435.14 46794.28 0.02 0.05 0.05 587 394
Result 1 61.0 594 0.50 0.25 -1 0.22 -1 0.26 0.27 -1 -1 -1 -1
Evo 86.17 -891015.93 10000005.03 140120.46 36.15 49.49 70.49 1203252.99 51589.05 0.02 0.08 0.09 536 401
Result 1 82.0 543 0.49 0.24 -1 0.25 -1 0.24 0.28 -1 -1 -1 -1
Evo 88.06 -1078380.67 10000003.51 120810.47 26.49 48.49 67.49 1131700.17 45560.53 0.02 0.09 0.09 609 168
Result 1 81.0 616 0.46 0.19 -1 0.23 -1 0.26 0.32 -1 -1 -1 -1
Evo 90.90 -652142.80 10000002.20 131798.95 27.49 46.49 66.49 1153556.04 47450.96 0.02 0.09 0.09 583 143
Result 1 76.0 590 0.47 0.20 -1 0.24 -1 0.26 0.30 -1 -1 -1 -1
Evo 95.58 -1018476.84 10000001.28 140514.89 26.49 40.49 56.49 1210122.18 52172.07 0.02 0.05 0.07 530 194
Result 1 64.0 537 0.49 0.23 -1 0.22 -1 0.24 0.31 -1 -1 -1 -1
Evo 86.32 -1834822.79 10000004.58 124717.88 29.49 53.49 69.47 1201749.13 51011.41 0.02 0.08 0.09 547 189
Result 1 79.0 554 0.45 0.19 -1 0.26 -1 0.25 0.30 -1 -1 -1 -1
Evo 89.70 -736801.75 10000004.28 153260.01 27.49 43.49 60.49 1247586.82 55352.71 0.02 0.08 0.09 500 134
Result 1 74.0 507 0.48 0.22 -1 0.26 -1 0.23 0.29 -1 -1 -1 -1
Evo 96.92 -860185.74 10000005.08 127991.50 30.49 44.49 56.49 1152348.00 47123.01 0.02 0.06 0.07 590 168
Result 1 66.0 597 0.49 0.23 -1 0.23 -1 0.24 0.30 -1 -1 -1 -1
Evo 92.02 -2135891.60 10000004.90 121755.74 24.27 39.49 57.49 1213529.69 51839.42 0.02 0.06 0.07 540 269
Result 1 69.0 547 0.48 0.22 -1 0.28 -1 0.21 0.29 -1 -1 -1 -1
Evo 88.00 -2061794.20 10000004.74 128567.46 24.49 51.49 73.24 1199071.16 50943.65 0.02 0.08 0.09 546 237
Result 1 79.0 553 0.44 0.18 -1 0.27 -1 0.27 0.29 -1 -1 -1 -1
Evo 86.71 -2830151.52 10000003.63 130579.12 35.49 51.49 67.49 1233025.99 53508.77 0.02 0.08 0.09 523 238
Result 1 80.0 530 0.46 0.20 -1 0.27 -1 0.22 0.31 -1 -1 -1 -1
Evo 93.64 -943349.66 10000004.94 107846.14 34.78 70.49 78.49 1043425.16 39159.05 0.01 0.08 0.09 702 284
Result 1 80.0 709 0.49 0.23 -1 0.25 -1 0.23 0.29 -1 -1 -1 -1
Evo 92.35 -1826895.66 10000005.04 107758.01 27.49 41.49 53.49 1149781.72 46900.57 0.02 0.08 0.09 593 181
Result 1 67.0 600 0.46 0.19 -1 0.25 -1 0.27 0.28 -1 -1 -1 -1
Evo 93.01 -1485099.62 10000004.86 122348.25 27.23 41.48 57.49 1158767.35 47665.32 0.02 0.06 0.08 583 296
Result 1 67.0 590 0.48 0.21 -1 0.24 -1 0.29 0.26 -1 -1 -1 -1
Evo 91.09 -1999979.44 10000005.13 122251.43 28.49 53.49 73.49 1117962.92 44971.06 0.02 0.09 0.09 610 131
Result 1 79.0 617 0.47 0.21 -1 0.27 -1 0.22 0.30 -1 -1 -1 -1
Evo 89.74 -1681365.92 10000003.33 119013.89 27.49 47.49 69.49 1140972.88 46618.89 0.02 0.08 0.09 591 280
Result 1 77.0 598 0.50 0.25 -1 0.23 -1 0.25 0.28 -1 -1 -1 -1
Evo 96.98 -1009143.05 10000004.41 127473.54 28.49 44.49 58.49 1163126.19 48130.50 0.02 0.06 0.07 576 174
Result 1 66.0 583 0.48 0.22 -1 0.23 -1 0.28 0.27 -1 -1 -1 -1
Evo 87.06 -2403821.69 10000002.05 145463.51 27.49 42.49 60.49 1280073.47 57768.91 0.02 0.08 0.09 483 133
Result 1 76.0 490 0.48 0.22 -1 0.24 -1 0.23 0.32 -1 -1 -1 -1
Evo 87.44 -2941153.27 10000004.46 114384.44 27.49 41.49 66.49 1179609.63 49022.90 0.02 0.08 0.09 571 171
Result 1 78.0 578 0.48 0.22 -1 0.24 -1 0.22 0.31 -1 -1 -1 -1
Evo 95.05 -571374.74 10000004.53 124393.00 31.49 49.49 61.49 1116543.45 44448.89 0.01 0.06 0.08 623 284
Result 1 69.0 630 0.47 0.21 -1 0.23 -1 0.26 0.30 -1 -1 -1 -1
Evo 107.67 -1919192.29 10000004.97 144259.17 0.49 16.49 32.49 1278917.67 58012.88 0.02 0.06 0.07 478 126
Result 1 40.0 485 0.52 0.29 -1 0.26 -1 0.25 0.21 -1 -1 -1 -1
Evo 109.24 -754705.66 10000004.35 136191.42 6.49 28.49 32.49 1182033.58 49816.78 0.02 0.03 0.04 555 164
Result 1 40.0 562 0.50 0.25 -1 0.23 -1 0.28 0.24 -1 -1 -1 -1
Evo 106.31 -1481465.68 10000004.59 162381.90 0.49 12.49 38.49 1344520.61 64024.79 0.02 0.06 0.08 433 126
Result 1 40.0 440 0.49 0.23 -1 0.27 -1 0.24 0.26 -1 -1 -1 -1
Evo 109.15 -476184.35 10000003.08 154943.86 4.49 24.49 30.49 1242246.66 55115.78 0.02 0.04 0.05 500 141
Result 1 40.0 507 0.50 0.25 -1 0.24 -1 0.26 0.24 -1 -1 -1 -1
Evo 105.72 -1730741.98 10000003.86 125704.32 2.49 14.49 34.49 1269780.49 56786.31 0.02 0.05 0.06 492 153
Result 1 40.0 499 0.48 0.23 -1 0.25 -1 0.28 0.24 -1 -1 -1 -1
Evo 107.21 -1363623.82 10000004.97 138276.60 2.49 16.49 26.49 1262793.33 56873.35 0.02 0.09 0.09 485 203
Result 1 40.0 492 0.49 0.23 -1 0.28 -1 0.22 0.27 -1 -1 -1 -1
Evo 107.64 0.49 10000004.99 195560.96 2.49 12.49 24.49 1379859.94 64617.86 0.02 0.09 0.09 447 368
Result 1 40.0 455 0.51 0.27 -1 0.29 -1 0.24 0.21 -1 -1 -1 -1
Evo 108.23 -1759246.72 10000004.80 132878.82 4.49 16.49 32.49 1176031.01 50009.93 0.02 0.09 0.09 545 126
Result 1 40.0 552 0.50 0.26 -1 0.25 -1 0.21 0.28 -1 -1 -1 -1
Evo 110.32 0.49 10000000.00 160734.48 2.49 24.49 34.49 1256540.63 56420.34 0.02 0.03 0.05 488 142
Result 1 40.0 495 0.51 0.26 -1 0.23 -1 0.28 0.23 -1 -1 -1 -1
Evo 104.33 -2749989.67 10000002.73 117538.69 6.49 20.49 30.49 1228215.55 53001.41 0.02 0.05 0.07 529 174
Result 1 40.0 536 0.49 0.23 -1 0.25 -1 0.26 0.26 -1 -1 -1 -1
Evo 107.28 -3513495.56 10000001.15 117596.24 0.49 24.46 34.49 1221420.07 52319.89 0.02 0.05 0.07 537 126
Result 1 40.0 544 0.48 0.22 -1 0.25 -1 0.26 0.28 -1 -1 -1 -1
Evo 106.20 -2327569.69 10000002.63 111022.00 4.49 28.49 36.49 1167676.97 48401.77 0.02 0.07 0.08 574 126
Result 1 40.0 581 0.50 0.25 -1 0.24 -1 0.25 0.25 -1 -1 -1 -1
Evo 106.01 -2547168.86 10000003.66 120546.99 2.49 22.49 32.49 1206811.13 51226.28 0.02 0.03 0.05 547 126
Result 1 40.0 554 0.51 0.26 -1 0.21 -1 0.29 0.24 -1 -1 -1 -1
Evo 108.92 -851043.15 10000005.06 141753.80 6.49 20.49 30.49 1201348.10 51460.10 0.02 0.05 0.06 537 207
Result 1 40.0 544 0.50 0.25 -1 0.24 -1 0.25 0.26 -1 -1 -1 -1
Evo 103.56 -1869138.53 10000001.68 119769.32 2.49 18.40 34.49 1253094.65 55217.95 0.02 0.04 0.06 507 149
Result 1 40.0 514 0.51 0.27 -1 0.26 -1 0.25 0.22 -1 -1 -1 -1
Evo 109.81 -303012.42 10000004.68 168101.38 4.49 20.49 34.49 1289348.21 59410.03 0.02 0.05 0.06 463 156
Result 1 40.0 470 0.49 0.24 -1 0.25 -1 0.28 0.24 -1 -1 -1 -1
Evo 107.95 -2110089.19 10000004.85 136556.50 0.49 24.49 36.49 1254362.56 55544.11 0.02 0.03 0.04 502 126
Result 1 40.0 509 0.48 0.22 -1 0.24 -1 0.28 0.26 -1 -1 -1 -1
Evo 111.70 -776696.54 10000003.35 147478.91 2.49 28.49 36.49 1223498.09 53397.83 0.02 0.05 0.06 517 126
Result 1 40.0 524 0.51 0.27 -1 0.24 -1 0.25 0.25 -1 -1 -1 -1
Evo 110.08 0.49 10000003.65 136980.99 6.49 22.49 36.49 1153196.03 48175.46 0.02 0.09 0.09 565 318
Result 1 40.0 572 0.50 0.24 -1 0.26 -1 0.22 0.28 -1 -1 -1 -1
Evo 106.91 -2264122.68 10000004.51 142704.61 4.49 16.49 32.49 1260817.81 56329.19 0.02 0.05 0.06 493 175
Result 1 40.0 500 0.46 0.20 -1 0.28 -1 0.27 0.26 -1 -1 -1 -1
Evo 88.15 -1264319.76 10000004.39 113569.67 29.49 46.49 64.49 1136083.49 46074.27 0.02 0.09 0.09 600 126
Result 1 70.0 607 0.50 0.24 -1 0.24 -1 0.24 0.28 -1 -1 -1 -1
Evo 91.19 -2077897.28 10000003.65 116813.26 31.49 45.49 55.49 1200279.40 50675.84 0.02 0.09 0.09 553 126
Result 1 65.0 560 0.47 0.21 -1 0.22 -1 0.31 0.26 -1 -1 -1 -1
Evo 87.04 -1401835.20 10000004.25 138369.13 29.47 39.49 57.49 1236766.60 54288.03 0.02 0.09 0.09 511 127
Result 1 67.0 518 0.46 0.19 -1 0.23 -1 0.29 0.29 -1 -1 -1 -1
Evo 93.94 -1801789.57 10000004.13 139440.78 26.21 44.49 58.49 1230590.75 53707.38 0.02 0.09 0.09 517 78
Result 1 66.0 524 0.48 0.21 -1 0.21 -1 0.30 0.27 -1 -1 -1 -1
Evo 87.43 -1775676.62 10000004.71 143694.09 25.49 41.49 59.49 1304497.10 57316.31 0.02 0.09 0.09 509 146
Result 1 68.0 517 0.48 0.21 -1 0.22 -1 0.27 0.29 -1 -1 -1 -1
Evo 88.98 -1775666.07 10000004.37 132495.68 31.49 47.49 63.49 1212710.81 52186.76 0.02 0.09 0.09 532 126
Result 1 69.0 539 0.50 0.26 -1 0.21 -1 0.26 0.27 -1 -1 -1 -1
Evo 98.29 -212734.24 10000005.11 176689.66 22.49 32.45 44.49 1318243.24 62142.58 0.02 0.05 0.06 442 156
Result 1 56.0 449 0.50 0.25 -1 0.26 -1 0.25 0.24 -1 -1 -1 -1
Evo 90.65 -1531485.55 10000004.46 138050.19 14.17 42.49 54.49 1232295.99 53936.13 0.02 0.09 0.09 514 108
Result 1 66.0 521 0.46 0.19 -1 0.25 -1 0.28 0.27 -1 -1 -1 -1
Evo 90.97 1.40 10000005.16 178394.07 25.49 42.49 57.49 1322744.89 62563.69 0.02 0.09 0.09 439 203
Result 1 67.0 446 0.47 0.20 -1 0.24 -1 0.28 0.28 -1 -1 -1 -1
Evo 86.31 -2169775.62 10000000.34 144953.98 27.28 39.49 55.49 1255857.69 56276.33 0.02 0.09 0.09 490 128
Result 1 70.0 497 0.46 0.20 -1 0.25 -1 0.26 0.29 -1 -1 -1 -1
Evo 88.00 -1981958.29 10000004.38 115804.86 27.49 43.49 61.49 1227781.06 53281.16 0.02 0.09 0.09 523 126
Result 1 69.0 530 0.48 0.21 -1 0.24 -1 0.28 0.27 -1 -1 -1 -1
Evo 86.15 -2499951.57 10000005.20 154441.49 24.49 48.49 53.49 1356048.06 64500.63 0.02 0.09 0.09 434 150
Result 1 70.0 441 0.50 0.24 -1 0.23 -1 0.22 0.30 -1 -1 -1 -1
Evo 87.26 -2244859.95 10000004.57 139008.43 28.49 44.49 58.49 1265130.01 56521.84 0.02 0.09 0.09 493 126
Result 1 68.0 500 0.46 0.20 -1 0.22 -1 0.27 0.31 -1 -1 -1 -1
Evo 86.54 -769195.76 10000004.96 161747.35 29.10 40.49 56.49 1278841.87 58189.32 0.02 0.09 0.09 475 161
Result 1 68.0 482 0.46 0.20 -1 0.22 -1 0.27 0.31 -1 -1 -1 -1
Evo 86.24 -1132029.23 10000004.04 154328.39 28.49 45.49 60.49 1270853.18 58006.25 0.02 0.09 0.09 472 126
Result 1 70.0 479 0.41 0.15 -1 0.28 -1 0.27 0.30 -1 -1 -1 -1
Evo 84.43 -930183.50 10000004.34 172311.13 28.49 38.49 54.49 1313774.15 61658.48 0.02 0.09 0.09 446 332
Result 1 70.0 453 0.45 0.19 -1 0.24 -1 0.25 0.32 -1 -1 -1 -1
Evo 90.52 -1743095.86 10000004.70 158182.82 24.49 33.49 58.30 1300716.25 60189.97 0.02 0.08 0.09 459 165
Result 1 66.0 466 0.48 0.22 -1 0.24 -1 0.25 0.28 -1 -1 -1 -1
Evo 90.70 -1454523.27 10000004.36 140096.15 23.49 42.49 56.49 1241890.12 54777.42 0.02 0.09 0.09 506 126
Result 1 64.0 513 0.49 0.24 -1 0.21 -1 0.29 0.26 -1 -1 -1 -1
Evo 88.66 -352902.28 10000002.80 153163.57 28.49 40.49 60.49 1233003.18 54651.90 0.02 0.09 0.09 501 127
Result 1 69.0 508 0.47 0.20 -1 0.24 -1 0.26 0.30 -1 -1 -1 -1
Evo 90.52 -1891863.59 10000004.62 131357.89 31.29 48.49 64.24 1186875.02 49976.45 0.02 0.09 0.09 556 143
Result 1 70.0 563 0.49 0.23 -1 0.21 -1 0.27 0.29 -1 -1 -1 -1
