Evo 85.61 -10000003.30 0.55 -40618.66 0.39 0.43 0.47 631317.43 14113.16 0.01 0.08 0.17 -1 1
Result 0 0.0 2000 0.41 0.20 0.18 0.11 0.15 0.16 0.20 -1 -1 -1 -1
Evo 84.90 -10000003.02 0.57 -40621.69 0.39 0.43 0.47 631333.63 14113.52 0.01 0.08 0.18 -1 0
Result 0 0.0 2000 0.47 0.21 0.14 0.13 0.15 0.17 0.20 -1 -1 -1 -1
Evo 88.40 -10000003.88 0.65 -39979.58 0.41 0.45 0.47 631190.08 14110.31 0.01 0.06 0.16 -1 1
Result 0 0.0 2000 0.42 0.22 0.16 0.11 0.15 0.16 0.20 -1 -1 -1 -1
Evo 87.01 -10000004.38 0.46 -41504.26 -0.60 -0.55 -0.52 631479.18 14116.77 0.01 0.05 0.12 -1 2
Result 0 -1.0 2000 0.41 0.21 0.15 0.11 0.15 0.15 0.22 -1 -1 -1 -1
Evo 84.51 -10000004.62 0.60 -42585.76 -1.58 -1.55 -1.51 631765.18 14123.17 0.01 0.08 0.19 -1 1
Result 0 -2.0 2000 0.41 0.20 0.17 0.13 0.15 0.16 0.20 -1 -1 -1 -1
Evo 85.07 -10000004.08 0.47 -42054.92 -0.60 -0.56 -0.53 631548.63 14118.33 0.01 0.09 0.19 -1 2
Result 0 -2.0 2000 0.42 0.21 0.16 0.13 0.15 0.15 0.21 -1 -1 -1 -1
Evo 86.41 -10000003.81 0.65 -40206.58 -0.61 -0.57 -0.54 631216.29 14110.90 0.01 0.06 0.16 -1 0
Result 0 -1.0 2000 0.42 0.21 0.19 0.10 0.16 0.14 0.20 -1 -1 -1 -1
Evo 86.79 -10000004.40 0.55 -40122.37 0.39 0.43 0.47 631213.26 14110.83 0.01 0.08 0.17 -1 2
Result 0 0.0 2000 0.42 0.23 0.15 0.12 0.15 0.15 0.20 -1 -1 -1 -1
Evo 85.46 -10000003.68 0.54 -39979.60 0.38 0.42 0.45 631190.07 14110.31 0.01 0.05 0.15 -1 0
Result 0 -1.0 2000 0.43 0.21 0.18 0.12 0.17 0.13 0.19 -1 -1 -1 -1
Evo 86.23 -10000002.86 0.57 -40077.57 0.40 0.44 0.47 631198.92 14110.51 0.01 0.09 0.17 -1 5
Result 0 0.0 2000 0.42 0.19 0.16 0.11 0.15 0.14 0.24 -1 -1 -1 -1
Evo 86.48 -10000003.70 0.54 -40227.14 0.39 0.43 0.47 631225.36 14111.10 0.01 0.08 0.17 -1 1
Result 0 0.0 2000 0.40 0.21 0.15 0.14 0.14 0.16 0.19 -1 -1 -1 -1
Evo 84.96 -10000003.99 0.63 -40085.93 0.38 0.42 0.45 631201.19 14110.56 0.01 0.06 0.16 -1 2
Result 0 -1.0 2000 0.45 0.21 0.18 0.12 0.15 0.13 0.20 -1 -1 -1 -1
Evo 87.50 -10000003.03 0.55 -39979.58 0.40 0.44 0.47 631189.98 14110.31 0.01 0.07 0.16 -1 16
Result 0 0.0 2000 0.47 0.21 0.17 0.11 0.16 0.15 0.20 -1 -1 -1 -1
Evo 85.03 -10000003.75 0.59 -40405.55 0.38 0.42 0.45 631341.23 14113.69 0.01 0.08 0.16 -1 1
Result 0 0.0 2000 0.43 0.19 0.18 0.13 0.17 0.14 0.20 -1 -1 -1 -1
Evo 78.48 -10000004.27 0.49 -47527.09 -0.69 -0.60 -0.55 632101.94 14130.70 0.01 0.05 0.13 -1 2
Result 0 -2.0 2000 0.40 0.19 0.15 0.16 0.14 0.13 0.21 -1 -1 -1 -1
Evo 85.49 -10000000.38 0.47 -43441.08 -1.61 -1.56 -1.53 631823.54 14124.47 0.01 0.07 0.19 -1 3
Result 0 -3.0 2000 0.41 0.19 0.15 0.13 0.15 0.16 0.20 -1 -1 -1 -1
Evo 86.40 -10000003.66 0.55 -40431.33 0.40 0.44 0.47 631247.68 14111.60 0.01 0.06 0.18 -1 1
Result 0 0.0 2000 0.43 0.20 0.17 0.11 0.15 0.16 0.21 -1 -1 -1 -1
Evo 87.02 -10000002.91 0.63 -40114.65 0.40 0.43 0.47 631210.34 14110.77 0.01 0.06 0.16 -1 1
Result 0 0.0 2000 0.43 0.20 0.18 0.11 0.16 0.14 0.20 -1 -1 -1 -1
Evo 87.57 -10000004.36 0.56 -39979.58 0.40 0.44 0.47 631189.99 14110.31 0.01 0.07 0.16 -1 17
Result 0 0.0 2000 0.43 0.21 0.18 0.10 0.17 0.15 0.20 -1 -1 -1 -1
Evo 84.89 -10000001.75 0.55 -40558.04 0.38 0.44 0.47 631250.32 14111.66 0.01 0.10 0.18 -1 4
Result 0 0.0 2000 0.43 0.21 0.16 0.12 0.15 0.17 0.19 -1 -1 -1 -1
Evo 95.09 -10000001.67 0.64 -40260.72 0.46 0.48 0.51 631240.93 14111.45 0.01 0.04 0.13 -1 24
Result 0 -1.0 2000 0.45 0.20 0.19 0.12 0.19 0.11 0.19 -1 -1 -1 -1
Evo 94.17 -10000004.02 0.57 -40172.44 0.46 0.48 0.51 631208.09 14110.71 0.01 0.05 0.13 -1 4
Result 0 0.0 2000 0.44 0.20 0.18 0.13 0.17 0.11 0.20 -1 -1 -1 -1
Evo 94.84 -10000002.65 0.56 -40349.71 0.46 0.48 0.51 631302.22 14112.82 0.01 0.04 0.13 -1 0
Result 0 0.0 2000 0.43 0.20 0.18 0.12 0.17 0.13 0.21 -1 -1 -1 -1
Evo 94.61 -10000000.97 0.56 -40129.34 0.46 0.48 0.51 631199.34 14110.52 0.01 0.04 0.12 -1 19
Result 0 0.0 2000 0.44 0.22 0.18 0.11 0.17 0.13 0.20 -1 -1 -1 -1
Evo 95.27 -10000003.09 0.59 -40642.24 0.46 0.48 0.51 631357.97 14114.07 0.01 0.04 0.13 -1 9
Result 0 0.0 2000 0.46 0.19 0.19 0.13 0.16 0.12 0.20 -1 -1 -1 -1
Evo 95.97 -10000003.37 0.57 -39979.53 0.46 0.48 0.51 631190.05 14110.31 0.01 0.04 0.12 -1 3
Result 0 0.0 2000 0.43 0.20 0.19 0.11 0.17 0.13 0.21 -1 -1 -1 -1
Evo 94.76 -10000003.71 0.57 -39979.53 0.46 0.48 0.51 631189.99 14110.31 0.01 0.03 0.12 -1 2
Result 0 0.0 2000 0.44 0.20 0.18 0.12 0.17 0.12 0.21 -1 -1 -1 -1
Evo 94.17 -10000004.15 0.56 -40140.74 0.46 0.48 0.51 631220.90 14111.00 0.01 0.04 0.13 -1 7
Result 0 0.0 2000 0.47 0.20 0.19 0.11 0.18 0.12 0.19 -1 -1 -1 -1
Evo 95.52 -10000004.22 0.57 -40064.23 0.46 0.48 0.51 631195.92 14110.44 0.01 0.06 0.14 -1 42
Result 0 0.0 2000 0.45 0.20 0.18 0.12 0.18 0.11 0.21 -1 -1 -1 -1
Evo 96.12 -10000003.79 0.56 -39979.53 0.46 0.48 0.51 631190.02 14110.31 0.01 0.06 0.13 -1 3
Result 0 0.0 2000 0.45 0.20 0.19 0.13 0.18 0.10 0.20 -1 -1 -1 -1
Evo 94.59 -10000003.07 0.56 -40160.17 0.46 0.48 0.51 631230.33 14111.21 0.01 0.04 0.13 -1 7
Result 0 0.0 2000 0.44 0.21 0.18 0.13 0.17 0.10 0.20 -1 -1 -1 -1
Evo 94.99 -10000001.35 0.56 -39979.52 0.46 0.48 0.51 631189.89 14110.31 0.01 0.04 0.13 -1 3
Result 0 0.0 2000 0.45 0.19 0.20 0.12 0.19 0.11 0.19 -1 -1 -1 -1
Evo 96.73 -10000002.52 0.56 -39979.52 0.47 0.48 0.51 631189.90 14110.31 0.01 0.04 0.13 -1 11
Result 0 0.0 2000 0.45 0.20 0.18 0.14 0.16 0.11 0.20 -1 -1 -1 -1
Evo 97.61 -10000001.85 0.57 -39979.52 0.47 0.49 0.51 631189.93 14110.31 0.01 0.04 0.13 -1 3
Result 0 0.0 2000 0.45 0.19 0.19 0.13 0.18 0.11 0.20 -1 -1 -1 -1
Evo 96.14 -10000003.26 0.56 -39979.53 0.47 0.48 0.51 631190.05 14110.31 0.01 0.04 0.13 -1 3
Result 0 0.0 2000 0.44 0.20 0.19 0.13 0.17 0.12 0.19 -1 -1 -1 -1
Evo 95.17 -10000002.02 0.56 -40072.07 0.46 0.48 0.51 631197.59 14110.48 0.01 0.06 0.15 -1 3
Result 0 0.0 2000 0.47 0.20 0.19 0.13 0.19 0.09 0.20 -1 -1 -1 -1
Evo 95.29 -10000003.90 0.57 -40093.11 0.46 0.48 0.51 631203.27 14110.61 0.01 0.05 0.14 -1 6
Result 0 0.0 2000 0.43 0.21 0.18 0.12 0.17 0.14 0.18 -1 -1 -1 -1
Evo 96.06 -10000004.08 0.55 -40199.42 0.46 0.48 0.51 631219.76 14110.98 0.01 0.05 0.14 -1 17
Result 0 -1.0 2000 0.43 0.21 0.18 0.12 0.17 0.13 0.20 -1 -1 -1 -1
Evo 95.83 -10000003.71 0.56 -39979.52 0.46 0.48 0.51 631189.97 14110.31 0.01 0.04 0.12 -1 6
Result 0 0.0 2000 0.44 0.21 0.19 0.12 0.18 0.12 0.18 -1 -1 -1 -1
Evo 94.62 -10000001.77 0.57 -40291.80 0.46 0.48 0.51 631262.22 14111.92 0.01 0.04 0.13 -1 4
Result 0 0.0 2000 0.44 0.21 0.19 0.11 0.18 0.12 0.19 -1 -1 -1 -1
Evo 89.52 -10000004.12 0.56 -39979.55 0.43 0.47 0.49 631190.01 14110.31 0.01 0.03 0.09 -1 1993
Result 0 0.0 2000 0.40 0.21 0.14 0.17 0.08 0.19 0.21 -1 -1 -1 -1
Evo 90.34 -10000003.81 0.56 -39979.55 0.44 0.47 0.49 631189.96 14110.31 0.01 0.03 0.10 -1 1993
Result 0 0.0 2000 0.30 0.20 0.15 0.18 0.08 0.18 0.21 -1 -1 -1 -1
Evo 91.26 -10000003.56 0.55 -39979.54 0.44 0.47 0.49 631189.92 14110.31 0.01 0.02 0.09 -1 1993
Result 0 0.0 2000 0.31 0.21 0.14 0.19 0.09 0.18 0.20 -1 -1 -1 -1
Evo 90.61 -10000004.26 0.56 -39979.55 0.44 0.47 0.49 631189.95 14110.31 0.01 0.02 0.09 -1 1993
Result 0 0.0 2000 0.38 0.22 0.13 0.18 0.09 0.20 0.19 -1 -1 -1 -1
Evo 89.50 -10000004.44 0.55 -39979.55 0.44 0.47 0.49 631189.97 14110.31 0.01 0.03 0.10 -1 1993
Result 0 0.0 2000 0.31 0.21 0.14 0.19 0.09 0.18 0.20 -1 -1 -1 -1
Evo 90.85 -10000004.05 0.55 -39979.55 0.44 0.47 0.49 631190.02 14110.31 0.01 0.02 0.09 -1 1993
Result 0 0.0 2000 0.46 0.19 0.17 0.17 0.09 0.17 0.21 -1 -1 -1 -1
Evo 89.58 -10000000.61 0.56 -39979.54 0.44 0.47 0.49 631189.87 14110.31 0.01 0.03 0.10 -1 1993
Result 0 -2.0 2000 0.40 0.20 0.14 0.18 0.10 0.17 0.20 -1 -1 -1 -1
Evo 92.06 -10000003.32 0.57 -39979.55 0.43 0.47 0.49 631190.03 14110.31 0.01 0.02 0.09 -1 1993
Result 0 0.0 2000 0.32 0.21 0.14 0.17 0.09 0.16 0.24 -1 -1 -1 -1
Evo 89.84 -10000004.37 0.57 -39979.55 0.44 0.47 0.49 631190.03 14110.31 0.01 0.03 0.10 -1 1993
Result 0 0.0 2000 0.31 0.21 0.15 0.17 0.09 0.17 0.21 -1 -1 -1 -1
Evo 90.28 -10000002.50 0.56 -39979.55 0.44 0.47 0.49 631189.98 14110.31 0.01 0.03 0.10 -1 1993
Result 0 0.0 2000 0.46 0.19 0.14 0.17 0.10 0.17 0.22 -1 -1 -1 -1
Evo 90.53 -10000001.81 0.55 -39979.54 0.44 0.47 0.49 631189.91 14110.31 0.01 0.03 0.11 -1 1993
Result 0 0.0 2000 0.32 0.20 0.13 0.18 0.09 0.18 0.21 -1 -1 -1 -1
Evo 91.58 -10000004.11 0.57 -39979.55 0.44 0.47 0.48 631190.02 14110.31 0.01 0.03 0.09 -1 1993
Result 0 0.0 2000 0.33 0.21 0.14 0.19 0.10 0.18 0.18 -1 -1 -1 -1
Evo 90.24 -10000002.33 0.56 -39979.55 0.43 0.47 0.48 631189.90 14110.31 0.01 0.03 0.10 -1 1993
Result 0 0.0 2000 0.31 0.20 0.15 0.17 0.09 0.18 0.21 -1 -1 -1 -1
Evo 89.86 -10000003.90 0.57 -39979.56 0.44 0.47 0.49 631190.11 14110.31 0.01 0.03 0.10 -1 1993
Result 0 0.0 2000 0.33 0.22 0.14 0.17 0.10 0.16 0.21 -1 -1 -1 -1
Evo 89.93 -10000003.29 0.57 -39979.55 0.44 0.47 0.49 631189.96 14110.31 0.01 0.03 0.10 -1 1993
Result 0 -1.0 2000 0.31 0.20 0.13 0.18 0.09 0.18 0.22 -1 -1 -1 -1
Evo 89.03 -10000003.50 0.55 -39979.56 0.43 0.47 0.49 631190.08 14110.31 0.01 0.04 0.12 -1 1993
Result 0 -1.0 2000 0.47 0.21 0.15 0.17 0.10 0.19 0.19 -1 -1 -1 -1
Evo 90.62 -10000003.43 0.65 -39979.55 0.43 0.47 0.49 631189.92 14110.31 0.01 0.03 0.09 -1 1993
Result 0 -1.0 2000 0.46 0.20 0.15 0.19 0.09 0.18 0.20 -1 -1 -1 -1
Evo 91.04 -10000002.39 0.55 -39979.54 0.44 0.47 0.49 631189.93 14110.31 0.01 0.03 0.11 -1 1993
Result 0 0.0 2000 0.41 0.19 0.15 0.18 0.09 0.18 0.21 -1 -1 -1 -1
Evo 90.11 -10000003.72 0.56 -39979.56 0.43 0.47 0.48 631190.04 14110.31 0.01 0.03 0.09 -1 1993
Result 0 0.0 2000 0.30 0.23 0.14 0.17 0.08 0.18 0.21 -1 -1 -1 -1
Evo 91.09 -10000001.75 0.55 -39979.54 0.44 0.47 0.49 631189.85 14110.31 0.01 0.03 0.09 -1 1993
Result 0 0.0 2000 0.31 0.20 0.13 0.18 0.09 0.20 0.21 -1 -1 -1 -1
Evo 76.15 -10000003.33 0.64 -40135.87 0.26 0.31 0.35 631218.73 14110.95 0.01 0.15 0.23 -1 0
Result 0 0.0 2000 0.46 0.20 0.10 0.21 0.08 0.20 0.22 -1 -1 -1 -1
Evo 75.63 -10000004.32 0.64 -40119.43 0.26 0.31 0.36 631197.64 14110.48 0.01 0.15 0.21 -1 0
Result 0 0.0 2000 0.29 0.18 0.08 0.22 0.08 0.22 0.22 -1 -1 -1 -1
Evo 74.52 -10000003.71 0.65 -40180.95 0.26 0.31 0.37 631209.87 14110.75 0.01 0.19 0.29 -1 0
Result 0 0.0 2000 0.35 0.20 0.11 0.18 0.10 0.19 0.22 -1 -1 -1 -1
Evo 73.22 -10000003.45 0.65 -39979.71 0.25 0.30 0.34 631190.04 14110.31 0.01 0.16 0.23 -1 0
Result 0 -1.0 2000 0.28 0.19 0.10 0.22 0.08 0.21 0.22 -1 -1 -1 -1
Evo 81.12 -10000003.07 0.58 -39979.65 0.31 0.38 0.42 631189.94 14110.31 0.01 0.16 0.24 -1 0
Result 0 0.0 2000 0.46 0.19 0.15 0.17 0.10 0.18 0.22 -1 -1 -1 -1
Evo 81.26 -10000004.01 0.64 -39979.64 0.31 0.38 0.42 631189.92 14110.31 0.01 0.18 0.32 -1 0
Result 0 0.0 2000 0.36 0.21 0.12 0.14 0.14 0.16 0.22 -1 -1 -1 -1
Evo 76.76 -10000004.39 0.65 -40380.76 0.27 0.33 0.40 631264.46 14111.97 0.01 0.16 0.23 -1 0
Result 0 -1.0 2000 0.47 0.21 0.13 0.18 0.10 0.18 0.21 -1 -1 -1 -1
Evo 75.30 -10000003.28 0.65 -39979.70 0.27 0.31 0.37 631190.04 14110.31 0.01 0.27 0.39 -1 0
Result 0 0.0 2000 0.29 0.20 0.08 0.20 0.10 0.21 0.22 -1 -1 -1 -1
Evo 81.24 -10000002.32 0.62 -39979.64 0.31 0.38 0.42 631189.95 14110.31 0.01 0.21 0.35 -1 0
Result 0 0.0 2000 0.47 0.20 0.12 0.16 0.12 0.19 0.22 -1 -1 -1 -1
Evo 78.01 -10000003.18 0.65 -39979.68 0.28 0.31 0.38 631189.96 14110.31 0.01 0.15 0.23 -1 0
Result 0 0.0 2000 0.34 0.18 0.10 0.19 0.10 0.20 0.23 -1 -1 -1 -1
Evo 79.15 -10000003.93 0.65 -39979.67 0.28 0.34 0.39 631189.92 14110.31 0.01 0.20 0.28 -1 1
Result 0 0.0 2000 0.37 0.19 0.12 0.18 0.10 0.20 0.21 -1 -1 -1 -1
Evo 77.65 -10000001.99 0.63 -39979.68 0.28 0.33 0.40 631190.00 14110.31 0.01 0.17 0.29 -1 0
Result 0 0.0 2000 0.47 0.21 0.12 0.16 0.11 0.17 0.23 -1 -1 -1 -1
Evo 73.90 -10000003.82 0.65 -39979.71 0.26 0.30 0.34 631189.92 14110.31 0.01 0.16 0.23 -1 1
Result 0 0.0 2000 0.29 0.20 0.09 0.21 0.08 0.21 0.22 -1 -1 -1 -1
Evo 70.64 -10000003.50 0.65 -40535.08 -0.62 0.24 0.31 631339.84 14113.66 0.01 0.13 0.20 -1 0
Result 0 -1.0 2000 0.31 0.19 0.09 0.22 0.08 0.21 0.21 -1 -1 -1 -1
Evo 74.51 -10000003.24 0.65 -40220.47 0.26 0.31 0.37 631222.22 14111.03 0.01 0.16 0.21 -1 1
Result 0 -1.0 2000 0.33 0.18 0.10 0.20 0.09 0.20 0.22 -1 -1 -1 -1
Evo 73.96 -10000003.82 0.65 -40072.27 0.25 0.28 0.33 631197.68 14110.48 0.01 0.13 0.20 -1 0
Result 0 0.0 2000 0.27 0.19 0.09 0.22 0.07 0.21 0.22 -1 -1 -1 -1
Evo 77.40 -10000003.61 0.65 -39979.67 0.28 0.34 0.39 631189.91 14110.31 0.01 0.19 0.25 -1 0
Result 0 0.0 2000 0.34 0.19 0.13 0.18 0.10 0.18 0.22 -1 -1 -1 -1
Evo 80.01 -10000004.13 0.64 -39979.65 0.30 0.36 0.41 631189.90 14110.31 0.01 0.16 0.27 -1 1
Result 0 -1.0 2000 0.38 0.20 0.13 0.16 0.12 0.18 0.21 -1 -1 -1 -1
Evo 77.27 -10000004.24 0.65 -39979.68 0.28 0.33 0.38 631189.95 14110.31 0.01 0.19 0.29 -1 0
Result 0 0.0 2000 0.32 0.19 0.11 0.19 0.09 0.20 0.22 -1 -1 -1 -1
Evo 77.36 -10000002.31 0.65 -39979.69 0.26 0.31 0.37 631189.88 14110.31 0.01 0.16 0.26 -1 0
Result 0 0.0 2000 0.30 0.20 0.12 0.18 0.08 0.19 0.22 -1 -1 -1 -1
Evo 86.72 -10000003.55 0.55 -39979.57 0.41 0.45 0.47 631189.96 14110.31 0.01 0.04 0.13 -1 1993
Result 0 0.0 2000 0.43 0.21 0.17 0.09 0.17 0.14 0.22 -1 -1 -1 -1
Evo 86.99 -10000003.89 0.54 -39979.58 0.40 0.44 0.47 631190.01 14110.31 0.01 0.06 0.16 -1 474
Result 0 0.0 2000 0.44 0.21 0.16 0.10 0.18 0.14 0.21 -1 -1 -1 -1
Evo 88.12 -10000003.19 0.55 -39979.57 0.42 0.45 0.47 631190.02 14110.31 0.01 0.03 0.10 -1 1993
Result 0 0.0 2000 0.42 0.21 0.17 0.09 0.15 0.15 0.22 -1 -1 -1 -1
Evo 87.09 -10000002.41 0.55 -39979.57 0.42 0.45 0.47 631189.93 14110.31 0.01 0.03 0.10 -1 1993
Result 0 0.0 2000 0.43 0.22 0.16 0.09 0.17 0.15 0.21 -1 -1 -1 -1
Evo 87.17 -10000003.23 0.54 -39979.57 0.41 0.45 0.47 631189.95 14110.31 0.01 0.04 0.10 -1 1993
Result 0 0.0 2000 0.42 0.22 0.17 0.10 0.16 0.15 0.20 -1 -1 -1 -1
Evo 88.72 -10000004.02 0.57 -39979.58 0.41 0.45 0.47 631190.12 14110.31 0.01 0.06 0.14 -1 238
Result 0 0.0 2000 0.44 0.19 0.18 0.09 0.17 0.15 0.21 -1 -1 -1 -1
Evo 86.03 -10000002.19 0.55 -39979.58 0.39 0.43 0.47 631189.88 14110.31 0.01 0.08 0.16 -1 990
Result 0 0.0 2000 0.44 0.19 0.17 0.10 0.18 0.14 0.22 -1 -1 -1 -1
Evo 86.99 -10000002.87 0.55 -39979.58 0.40 0.44 0.47 631190.04 14110.31 0.01 0.05 0.14 -1 1605
Result 0 0.0 2000 0.44 0.21 0.17 0.10 0.17 0.15 0.20 -1 -1 -1 -1
Evo 87.82 -10000003.54 0.56 -39979.57 0.41 0.45 0.47 631190.00 14110.31 0.01 0.04 0.11 -1 1993
Result 0 0.0 2000 0.43 0.20 0.17 0.10 0.17 0.15 0.21 -1 -1 -1 -1
Evo 88.70 -10000002.77 0.55 -39979.56 0.42 0.45 0.48 631189.96 14110.31 0.01 0.03 0.10 -1 1993
Result 0 0.0 2000 0.44 0.19 0.18 0.08 0.17 0.15 0.22 -1 -1 -1 -1
Evo 87.31 -10000004.46 0.54 -39979.59 0.40 0.44 0.47 631190.08 14110.31 0.01 0.05 0.14 -1 1814
Result 0 0.0 2000 0.44 0.21 0.18 0.10 0.17 0.14 0.20 -1 -1 -1 -1
Evo 87.34 -10000003.08 0.54 -39979.57 0.41 0.45 0.47 631189.97 14110.31 0.01 0.04 0.13 -1 961
Result 0 0.0 2000 0.42 0.21 0.17 0.10 0.16 0.16 0.21 -1 -1 -1 -1
Evo 89.14 -10000002.78 0.54 -39979.56 0.42 0.45 0.47 631189.93 14110.31 0.01 0.03 0.10 -1 1993
Result 0 0.0 2000 0.43 0.21 0.16 0.10 0.17 0.16 0.21 -1 -1 -1 -1
Evo 87.87 -10000002.37 0.55 -39979.57 0.41 0.45 0.47 631189.89 14110.31 0.01 0.06 0.15 -1 336
Result 0 0.0 2000 0.43 0.21 0.15 0.11 0.17 0.15 0.20 -1 -1 -1 -1
Evo 86.81 -10000003.97 0.55 -39979.58 0.39 0.43 0.47 631189.97 14110.31 0.01 0.05 0.14 -1 996
Result 0 0.0 2000 0.48 0.21 0.15 0.10 0.17 0.16 0.20 -1 -1 -1 -1
Evo 87.14 -10000002.65 0.54 -40495.75 0.38 0.43 0.46 631301.63 14112.81 0.01 0.07 0.16 -1 995
Result 0 -1.0 2000 0.46 0.19 0.15 0.11 0.18 0.16 0.21 -1 -1 -1 -1
Evo 88.35 -10000002.81 0.55 -39979.56 0.41 0.45 0.47 631189.84 14110.31 0.01 0.03 0.10 -1 1993
Result 0 0.0 2000 0.47 0.20 0.16 0.11 0.16 0.16 0.21 -1 -1 -1 -1
Evo 88.52 -10000003.40 0.54 -39979.57 0.41 0.45 0.47 631189.97 14110.31 0.01 0.06 0.15 -1 1417
Result 0 -2.0 2000 0.43 0.21 0.17 0.10 0.17 0.16 0.20 -1 -1 -1 -1
Evo 88.14 -10000002.69 0.55 -39979.58 0.42 0.45 0.47 631190.09 14110.31 0.01 0.03 0.09 -1 1993
Result 0 0.0 2000 0.46 0.20 0.17 0.10 0.17 0.16 0.20 -1 -1 -1 -1
Evo 88.35 -10000004.40 0.55 -39979.57 0.41 0.45 0.47 631189.91 14110.31 0.01 0.04 0.11 -1 1993
Result 0 0.0 2000 0.44 0.22 0.16 0.09 0.17 0.15 0.21 -1 -1 -1 -1
