Evo 112.82 -10000002.19 0.53 -79919.56 0.53 0.53 0.53 890845.97 28156.95 0.01 0.61 0.64 -1 993
Result 0 0.0 1000 0.48 0.19 0.21 0.19 0.20 0.22 -1 -1 -1 -1 -1
Evo 112.58 -10000003.60 0.53 -79919.53 0.53 0.53 0.53 890845.69 28156.94 0.01 0.54 0.61 -1 993
Result 0 0.0 1000 0.44 0.20 0.21 0.20 0.21 0.17 -1 -1 -1 -1 -1
Evo 113.08 -10000003.23 0.53 -79919.56 0.53 0.53 0.53 890845.99 28156.95 0.01 0.45 0.56 -1 993
Result 0 0.0 1000 0.47 0.20 0.19 0.20 0.19 0.20 -1 -1 -1 -1 -1
Evo 112.74 -10000003.81 0.53 -79919.55 0.53 0.53 0.53 890845.94 28156.95 0.01 0.55 0.64 -1 993
Result 0 0.0 1000 0.47 0.20 0.22 0.19 0.19 0.20 -1 -1 -1 -1 -1
Evo 112.80 -10000001.17 0.53 -79919.55 0.53 0.53 0.53 890845.88 28156.95 0.01 0.39 0.49 -1 993
Result 0 0.0 1000 0.46 0.20 0.18 0.19 0.23 0.19 -1 -1 -1 -1 -1
Evo 112.84 -10000003.92 0.53 -79919.55 0.53 0.53 0.53 890845.92 28156.95 0.01 0.58 0.64 -1 993
Result 0 0.0 1000 0.46 0.22 0.19 0.20 0.19 0.19 -1 -1 -1 -1 -1
Evo 112.80 -10000003.99 0.53 -79919.55 0.53 0.53 0.53 890845.89 28156.95 0.01 0.56 0.64 -1 993
Result 0 0.0 1000 0.47 0.21 0.21 0.20 0.17 0.21 -1 -1 -1 -1 -1
Evo 112.66 -10000001.37 0.53 -79919.54 0.53 0.53 0.53 890845.77 28156.94 0.01 0.38 0.49 -1 993
Result 0 0.0 1000 0.47 0.21 0.21 0.17 0.21 0.21 -1 -1 -1 -1 -1
Evo 112.91 -10000003.91 0.53 -79919.55 0.53 0.53 0.53 890845.90 28156.95 0.01 0.58 0.64 -1 993
Result 0 0.0 1000 0.46 0.22 0.21 0.18 0.19 0.19 -1 -1 -1 -1 -1
Evo 113.07 -10000004.15 0.53 -79919.56 0.53 0.53 0.53 890846.04 28156.95 0.01 0.53 0.60 -1 993
Result 0 0.0 1000 0.47 0.19 0.20 0.20 0.21 0.20 -1 -1 -1 -1 -1
Evo 112.41 -10000002.56 0.53 -79919.55 0.53 0.53 0.53 890845.86 28156.94 0.01 0.60 0.64 -1 993
Result 0 0.0 1000 0.48 0.19 0.19 0.21 0.19 0.22 -1 -1 -1 -1 -1
Evo 112.38 -10000002.50 0.53 -79919.54 0.53 0.53 0.53 890845.81 28156.94 0.01 0.58 0.64 -1 993
Result 0 0.0 1000 0.47 0.19 0.20 0.19 0.22 0.20 -1 -1 -1 -1 -1
Evo 112.80 -10000003.24 0.53 -79919.55 0.53 0.53 0.53 890845.89 28156.95 0.01 0.54 0.64 -1 993
Result 0 0.0 1000 0.48 0.20 0.18 0.21 0.19 0.22 -1 -1 -1 -1 -1
Evo 112.82 -10000004.41 0.53 -79919.54 0.53 0.53 0.53 890845.80 28156.94 0.01 0.54 0.63 -1 993
Result 0 0.0 1000 0.48 0.18 0.21 0.19 0.20 0.22 -1 -1 -1 -1 -1
Evo 112.98 -10000003.49 0.53 -79919.53 0.53 0.53 0.53 890845.73 28156.94 0.01 0.58 0.64 -1 993
Result 0 0.0 1000 0.46 0.21 0.20 0.20 0.18 0.20 -1 -1 -1 -1 -1
Evo 112.83 -10000003.56 0.53 -79919.54 0.53 0.53 0.53 890845.82 28156.94 0.01 0.48 0.64 -1 993
Result 0 0.0 1000 0.45 0.21 0.23 0.17 0.21 0.18 -1 -1 -1 -1 -1
Evo 112.51 -10000002.36 0.53 -79919.54 0.53 0.53 0.53 890845.81 28156.94 0.01 0.50 0.64 -1 993
Result 0 0.0 1000 0.48 0.21 0.19 0.19 0.19 0.22 -1 -1 -1 -1 -1
Evo 112.84 -10000003.83 0.53 -79919.55 0.53 0.53 0.53 890845.86 28156.94 0.01 0.41 0.57 -1 993
Result 0 0.0 1000 0.46 0.22 0.19 0.20 0.19 0.19 -1 -1 -1 -1 -1
Evo 112.60 -10000001.95 0.53 -79919.54 0.53 0.53 0.53 890845.79 28156.94 0.01 0.61 0.64 -1 993
Result 0 0.0 1000 0.46 0.20 0.21 0.18 0.21 0.20 -1 -1 -1 -1 -1
Evo 112.97 -10000000.74 0.53 -79919.53 0.53 0.53 0.53 890845.66 28156.94 0.01 0.46 0.57 -1 993
Result 0 0.0 1000 0.48 0.19 0.21 0.17 0.22 0.22 -1 -1 -1 -1 -1
Evo 113.00 -10000003.45 0.53 -79919.54 0.53 0.53 0.53 890845.82 28156.94 0.01 0.21 0.26 -1 993
Result 0 0.0 1000 0.45 0.21 0.20 0.23 0.17 0.19 -1 -1 -1 -1 -1
Evo 113.22 -10000001.19 0.53 -79919.54 0.53 0.53 0.53 890845.81 28156.94 0.01 0.36 0.55 -1 993
Result 0 0.0 1000 0.45 0.20 0.21 0.19 0.22 0.19 -1 -1 -1 -1 -1
Evo 112.24 -10000002.41 0.53 -79919.53 0.53 0.53 0.53 890845.73 28156.94 0.01 0.41 0.56 -1 993
Result 0 0.0 1000 0.45 0.18 0.20 0.23 0.20 0.19 -1 -1 -1 -1 -1
Evo 112.91 -10000002.72 0.53 -79919.55 0.53 0.53 0.53 890845.87 28156.94 0.01 0.50 0.63 -1 993
Result 0 0.0 1000 0.48 0.21 0.19 0.18 0.19 0.22 -1 -1 -1 -1 -1
Evo 112.98 -10000003.70 0.53 -79919.54 0.53 0.53 0.53 890845.80 28156.94 0.01 0.34 0.50 -1 993
Result 0 0.0 1000 0.46 0.22 0.20 0.19 0.19 0.20 -1 -1 -1 -1 -1
Evo 113.02 -10000004.41 0.53 -79919.56 0.53 0.53 0.53 890846.00 28156.95 0.01 0.21 0.24 -1 993
Result 0 0.0 1000 0.46 0.19 0.19 0.25 0.18 0.19 -1 -1 -1 -1 -1
Evo 112.80 -10000003.03 0.53 -79919.55 0.53 0.53 0.53 890845.91 28156.95 0.01 0.27 0.31 -1 993
Result 0 0.0 1000 0.47 0.18 0.22 0.20 0.19 0.21 -1 -1 -1 -1 -1
Evo 113.09 -10000003.31 0.53 -79919.55 0.53 0.53 0.53 890845.93 28156.95 0.01 0.36 0.53 -1 993
Result 0 0.0 1000 0.46 0.20 0.21 0.19 0.20 0.20 -1 -1 -1 -1 -1
Evo 112.76 -10000004.00 0.53 -79919.56 0.53 0.53 0.53 890846.02 28156.95 0.01 0.31 0.45 -1 993
Result 0 0.0 1000 0.46 0.21 0.21 0.19 0.19 0.19 -1 -1 -1 -1 -1
Evo 113.21 -10000003.35 0.53 -79919.55 0.53 0.53 0.53 890845.86 28156.94 0.01 0.24 0.35 -1 993
Result 0 0.0 1000 0.46 0.21 0.19 0.20 0.20 0.20 -1 -1 -1 -1 -1
Evo 112.88 -10000003.95 0.53 -79919.54 0.53 0.53 0.53 890845.79 28156.94 0.01 0.40 0.55 -1 993
Result 0 0.0 1000 0.47 0.19 0.20 0.19 0.21 0.21 -1 -1 -1 -1 -1
Evo 112.83 -10000002.52 0.53 -79919.54 0.53 0.53 0.53 890845.81 28156.94 0.01 0.23 0.30 -1 993
Result 0 0.0 1000 0.48 0.20 0.18 0.19 0.21 0.21 -1 -1 -1 -1 -1
Evo 112.41 -10000002.98 0.53 -79919.56 0.53 0.53 0.53 890845.97 28156.95 0.01 0.46 0.61 -1 993
Result 0 0.0 1000 0.47 0.18 0.22 0.19 0.20 0.21 -1 -1 -1 -1 -1
Evo 113.15 -10000001.59 0.53 -79919.54 0.53 0.53 0.53 890845.80 28156.94 0.01 0.46 0.54 -1 993
Result 0 0.0 1000 0.47 0.20 0.19 0.21 0.19 0.20 -1 -1 -1 -1 -1
Evo 112.53 -10000003.86 0.53 -79919.55 0.53 0.53 0.53 890845.86 28156.94 0.01 0.49 0.59 -1 993
Result 0 0.0 1000 0.47 0.19 0.20 0.20 0.20 0.20 -1 -1 -1 -1 -1
Evo 112.90 -10000003.88 0.53 -79919.55 0.53 0.53 0.53 890845.91 28156.95 0.01 0.38 0.54 -1 993
Result 0 0.0 1000 0.46 0.19 0.18 0.22 0.22 0.19 -1 -1 -1 -1 -1
Evo 112.80 -10000003.61 0.53 -79919.56 0.53 0.53 0.53 890846.01 28156.95 0.01 0.56 0.68 -1 993
Result 0 0.0 1000 0.48 0.21 0.21 0.18 0.18 0.22 -1 -1 -1 -1 -1
Evo 112.79 -10000002.33 0.53 -79919.55 0.53 0.53 0.53 890845.90 28156.95 0.01 0.52 0.62 -1 993
Result 0 0.0 1000 0.46 0.21 0.20 0.20 0.20 0.20 -1 -1 -1 -1 -1
Evo 112.74 -10000002.10 0.53 -79919.55 0.53 0.53 0.53 890845.84 28156.94 0.01 0.49 0.59 -1 993
Result 0 0.0 1000 0.46 0.21 0.20 0.20 0.19 0.20 -1 -1 -1 -1 -1
Evo 112.95 -10000002.25 0.53 -79919.55 0.53 0.53 0.53 890845.85 28156.94 0.01 0.29 0.41 -1 993
Result 0 0.0 1000 0.47 0.18 0.19 0.21 0.21 0.20 -1 -1 -1 -1 -1
Evo 112.93 -10000003.31 0.53 -79919.54 0.53 0.53 0.53 890845.83 28156.94 0.01 0.44 0.54 -1 993
Result 0 0.0 1000 0.47 0.20 0.21 0.20 0.18 0.21 -1 -1 -1 -1 -1
Evo 112.95 -10000003.70 0.53 -79919.55 0.53 0.53 0.53 890845.94 28156.95 0.01 0.50 0.58 -1 993
Result 0 0.0 1000 0.46 0.20 0.22 0.21 0.18 0.19 -1 -1 -1 -1 -1
Evo 112.63 -10000004.34 0.53 -79919.55 0.53 0.53 0.53 890845.90 28156.95 0.01 0.48 0.55 -1 993
Result 0 0.0 1000 0.46 0.20 0.18 0.20 0.21 0.20 -1 -1 -1 -1 -1
Evo 112.74 -10000001.59 0.53 -79919.55 0.53 0.53 0.53 890845.87 28156.94 0.01 0.51 0.64 -1 993
Result 0 0.0 1000 0.46 0.19 0.22 0.20 0.19 0.20 -1 -1 -1 -1 -1
Evo 113.02 -10000003.18 0.53 -79919.55 0.53 0.53 0.53 890845.85 28156.94 0.01 0.56 0.63 -1 993
Result 0 0.0 1000 0.45 0.21 0.22 0.20 0.19 0.18 -1 -1 -1 -1 -1
Evo 112.24 -10000004.68 0.53 -79919.55 0.53 0.53 0.53 890845.86 28156.94 0.01 0.33 0.53 -1 993
Result 0 0.0 1000 0.47 0.22 0.19 0.17 0.21 0.21 -1 -1 -1 -1 -1
Evo 112.75 -10000003.80 0.53 -79919.56 0.53 0.53 0.53 890845.96 28156.95 0.01 0.48 0.58 -1 993
Result 0 0.0 1000 0.45 0.20 0.20 0.20 0.21 0.19 -1 -1 -1 -1 -1
Evo 112.69 -10000003.08 0.53 -79919.55 0.53 0.53 0.53 890845.85 28156.94 0.01 0.53 0.63 -1 993
Result 0 0.0 1000 0.47 0.21 0.18 0.20 0.20 0.21 -1 -1 -1 -1 -1
Evo 112.43 -10000003.48 0.53 -79919.56 0.53 0.53 0.53 890846.01 28156.95 0.01 0.44 0.58 -1 993
Result 0 0.0 1000 0.47 0.21 0.19 0.20 0.19 0.21 -1 -1 -1 -1 -1
Evo 112.61 -10000003.49 0.53 -79919.54 0.53 0.53 0.53 890845.76 28156.94 0.01 0.52 0.64 -1 993
Result 0 0.0 1000 0.47 0.20 0.21 0.20 0.19 0.21 -1 -1 -1 -1 -1
Evo 112.82 -10000003.17 0.53 -79919.56 0.53 0.53 0.53 890845.97 28156.95 0.01 0.52 0.61 -1 993
Result 0 0.0 1000 0.46 0.19 0.21 0.19 0.20 0.20 -1 -1 -1 -1 -1
Evo 112.72 -10000003.47 0.53 -79919.55 0.53 0.53 0.53 890845.85 28156.94 0.01 0.55 0.64 -1 993
Result 0 0.0 1000 0.45 0.19 0.19 0.21 0.22 0.19 -1 -1 -1 -1 -1
Evo 112.83 -9999999.53 0.53 -79919.54 0.53 0.53 0.53 890845.77 28156.94 0.01 0.23 0.41 -1 993
Result 0 0.0 1000 0.46 0.20 0.19 0.21 0.20 0.19 -1 -1 -1 -1 -1
Evo 112.90 -10000003.30 0.53 -79919.56 0.53 0.53 0.53 890845.98 28156.95 0.01 0.51 0.64 -1 993
Result 0 0.0 1000 0.46 0.20 0.20 0.20 0.20 0.19 -1 -1 -1 -1 -1
Evo 112.65 -10000004.44 0.53 -79919.56 0.53 0.53 0.53 890845.95 28156.95 0.01 0.50 0.61 -1 993
Result 0 0.0 1000 0.46 0.21 0.19 0.20 0.21 0.19 -1 -1 -1 -1 -1
Evo 112.47 -10000003.54 0.53 -79919.55 0.53 0.53 0.53 890845.94 28156.95 0.01 0.57 0.64 -1 993
Result 0 0.0 1000 0.48 0.21 0.20 0.20 0.18 0.21 -1 -1 -1 -1 -1
Evo 112.91 -10000003.74 0.53 -79919.55 0.53 0.53 0.53 890845.88 28156.95 0.01 0.31 0.43 -1 993
Result 0 0.0 1000 0.47 0.18 0.20 0.21 0.21 0.21 -1 -1 -1 -1 -1
Evo 113.19 -10000003.27 0.53 -79919.55 0.53 0.53 0.53 890845.92 28156.95 0.01 0.59 0.64 -1 993
Result 0 0.0 1000 0.45 0.21 0.19 0.20 0.21 0.18 -1 -1 -1 -1 -1
Evo 112.92 -10000004.05 0.53 -79919.54 0.53 0.53 0.53 890845.80 28156.94 0.01 0.57 0.64 -1 993
Result 0 0.0 1000 0.48 0.20 0.19 0.21 0.19 0.21 -1 -1 -1 -1 -1
Evo 112.45 -10000003.55 0.53 -79919.55 0.53 0.53 0.53 890845.92 28156.95 0.01 0.47 0.56 -1 993
Result 0 0.0 1000 0.49 0.20 0.21 0.17 0.19 0.23 -1 -1 -1 -1 -1
Evo 112.38 -10000004.14 0.53 -79919.53 0.53 0.53 0.53 890845.68 28156.94 0.01 0.30 0.43 -1 993
Result 0 0.0 1000 0.47 0.20 0.20 0.18 0.21 0.21 -1 -1 -1 -1 -1
Evo 112.62 -10000003.67 0.53 -79919.55 0.53 0.53 0.53 890845.93 28156.95 0.01 0.40 0.52 -1 993
Result 0 0.0 1000 0.44 0.19 0.21 0.20 0.23 0.18 -1 -1 -1 -1 -1
Evo 112.84 -10000002.98 0.53 -79919.55 0.53 0.53 0.53 890845.87 28156.94 0.01 0.33 0.48 -1 993
Result 0 0.0 1000 0.45 0.20 0.21 0.20 0.21 0.19 -1 -1 -1 -1 -1
Evo 112.69 -10000003.93 0.53 -79919.55 0.53 0.53 0.53 890845.94 28156.95 0.01 0.29 0.41 -1 993
Result 0 0.0 1000 0.45 0.21 0.21 0.19 0.21 0.19 -1 -1 -1 -1 -1
Evo 112.88 -10000003.95 0.53 -79919.56 0.53 0.53 0.53 890845.99 28156.95 0.01 0.39 0.56 -1 993
Result 0 0.0 1000 0.47 0.20 0.20 0.19 0.20 0.20 -1 -1 -1 -1 -1
Evo 112.18 -10000001.94 0.53 -79919.53 0.53 0.53 0.53 890845.71 28156.94 0.01 0.26 0.43 -1 993
Result 0 0.0 1000 0.44 0.21 0.21 0.21 0.19 0.18 -1 -1 -1 -1 -1
Evo 113.08 -10000004.01 0.53 -79919.56 0.53 0.53 0.53 890845.98 28156.95 0.01 0.27 0.43 -1 993
Result 0 0.0 1000 0.45 0.21 0.19 0.21 0.20 0.18 -1 -1 -1 -1 -1
Evo 112.38 -10000004.14 0.53 -79919.56 0.53 0.53 0.53 890845.97 28156.95 0.01 0.29 0.50 -1 993
Result 0 0.0 1000 0.48 0.19 0.19 0.19 0.21 0.21 -1 -1 -1 -1 -1
Evo 112.59 -10000002.17 0.53 -79919.53 0.53 0.53 0.53 890845.73 28156.94 0.01 0.46 0.54 -1 993
Result 0 0.0 1000 0.48 0.19 0.19 0.20 0.20 0.21 -1 -1 -1 -1 -1
Evo 113.08 -10000003.69 0.53 -79919.56 0.53 0.53 0.53 890846.04 28156.95 0.01 0.49 0.58 -1 993
Result 0 0.0 1000 0.46 0.21 0.21 0.20 0.19 0.19 -1 -1 -1 -1 -1
Evo 113.11 -10000003.74 0.53 -79919.56 0.53 0.53 0.53 890846.00 28156.95 0.01 0.26 0.37 -1 993
Result 0 0.0 1000 0.45 0.23 0.21 0.17 0.19 0.19 -1 -1 -1 -1 -1
Evo 112.84 -10000001.32 0.53 -79919.54 0.53 0.53 0.53 890845.76 28156.94 0.01 0.40 0.56 -1 993
Result 0 0.0 1000 0.46 0.23 0.19 0.19 0.20 0.20 -1 -1 -1 -1 -1
Evo 112.75 -10000003.93 0.53 -79919.55 0.53 0.53 0.53 890845.88 28156.95 0.01 0.39 0.62 -1 993
Result 0 0.0 1000 0.47 0.21 0.20 0.19 0.20 0.20 -1 -1 -1 -1 -1
Evo 112.55 -10000003.26 0.53 -79919.54 0.53 0.53 0.53 890845.80 28156.94 0.01 0.48 0.57 -1 993
Result 0 0.0 1000 0.48 0.19 0.19 0.20 0.20 0.21 -1 -1 -1 -1 -1
Evo 112.95 -10000001.97 0.53 -79919.55 0.53 0.53 0.53 890845.84 28156.94 0.01 0.43 0.60 -1 993
Result 0 0.0 1000 0.46 0.22 0.20 0.19 0.20 0.19 -1 -1 -1 -1 -1
Evo 113.19 -10000002.76 0.53 -79919.55 0.53 0.53 0.53 890845.84 28156.94 0.01 0.45 0.55 -1 993
Result 0 0.0 1000 0.48 0.21 0.19 0.19 0.20 0.22 -1 -1 -1 -1 -1
Evo 113.01 -10000002.33 0.53 -79919.54 0.53 0.53 0.53 890845.78 28156.94 0.01 0.38 0.52 -1 993
Result 0 0.0 1000 0.47 0.20 0.22 0.18 0.19 0.21 -1 -1 -1 -1 -1
Evo 112.74 -10000003.40 0.53 -79919.55 0.53 0.53 0.53 890845.87 28156.95 0.01 0.42 0.52 -1 993
Result 0 0.0 1000 0.47 0.20 0.19 0.19 0.21 0.21 -1 -1 -1 -1 -1
Evo 112.83 -10000003.84 0.53 -79919.54 0.53 0.53 0.53 890845.82 28156.94 0.01 0.53 0.64 -1 993
Result 0 0.0 1000 0.47 0.21 0.20 0.21 0.18 0.20 -1 -1 -1 -1 -1
Evo 113.08 -10000003.27 0.53 -79919.56 0.53 0.53 0.53 890845.95 28156.95 0.01 0.37 0.50 -1 993
Result 0 0.0 1000 0.47 0.20 0.22 0.19 0.17 0.21 -1 -1 -1 -1 -1
Evo 112.79 -10000003.87 0.53 -79919.55 0.53 0.53 0.53 890845.88 28156.95 0.01 0.40 0.54 -1 993
Result 0 0.0 1000 0.46 0.19 0.22 0.19 0.21 0.19 -1 -1 -1 -1 -1
Evo 113.23 -10000004.05 0.53 -79919.55 0.53 0.53 0.53 890845.86 28156.94 0.01 0.40 0.49 -1 993
Result 0 0.0 1000 0.47 0.21 0.18 0.18 0.22 0.20 -1 -1 -1 -1 -1
Evo 112.87 -10000002.71 0.53 -79919.55 0.53 0.53 0.53 890845.94 28156.95 0.01 0.49 0.59 -1 993
Result 0 0.0 1000 0.46 0.21 0.22 0.18 0.20 0.19 -1 -1 -1 -1 -1
Evo 112.27 -10000002.00 0.53 -79919.55 0.53 0.53 0.53 890845.85 28156.94 0.01 0.44 0.51 -1 993
Result 0 0.0 1000 0.46 0.19 0.22 0.19 0.20 0.19 -1 -1 -1 -1 -1
Evo 112.87 -10000004.52 0.53 -79919.55 0.53 0.53 0.53 890845.94 28156.95 0.01 0.43 0.51 -1 993
Result 0 0.0 1000 0.46 0.18 0.22 0.20 0.20 0.20 -1 -1 -1 -1 -1
Evo 112.80 -10000002.86 0.53 -79919.55 0.53 0.53 0.53 890845.89 28156.95 0.01 0.39 0.48 -1 993
Result 0 0.0 1000 0.46 0.22 0.22 0.17 0.19 0.20 -1 -1 -1 -1 -1
Evo 112.85 -10000004.45 0.53 -79919.55 0.53 0.53 0.53 890845.88 28156.95 0.01 0.42 0.49 -1 993
Result 0 0.0 1000 0.48 0.18 0.20 0.21 0.20 0.21 -1 -1 -1 -1 -1
Evo 112.89 -10000003.77 0.53 -79919.55 0.53 0.53 0.53 890845.94 28156.95 0.01 0.40 0.46 -1 993
Result 0 0.0 1000 0.47 0.20 0.20 0.20 0.20 0.20 -1 -1 -1 -1 -1
Evo 112.59 -10000002.30 0.53 -79919.53 0.53 0.53 0.53 890845.66 28156.94 0.01 0.34 0.49 -1 993
Result 0 0.0 1000 0.46 0.21 0.17 0.21 0.21 0.20 -1 -1 -1 -1 -1
Evo 112.85 -10000002.71 0.53 -79919.55 0.53 0.53 0.53 890845.91 28156.95 0.01 0.46 0.52 -1 993
Result 0 0.0 1000 0.46 0.20 0.20 0.21 0.19 0.19 -1 -1 -1 -1 -1
Evo 112.54 -10000002.66 0.53 -79919.56 0.53 0.53 0.53 890845.96 28156.95 0.01 0.46 0.55 -1 993
Result 0 0.0 1000 0.45 0.20 0.20 0.20 0.21 0.19 -1 -1 -1 -1 -1
Evo 113.15 -10000003.04 0.53 -79919.54 0.53 0.53 0.53 890845.82 28156.94 0.01 0.43 0.52 -1 993
Result 0 0.0 1000 0.47 0.20 0.21 0.19 0.20 0.20 -1 -1 -1 -1 -1
Evo 113.09 -10000001.72 0.53 -79919.55 0.53 0.53 0.53 890845.87 28156.94 0.01 0.42 0.55 -1 993
Result 0 0.0 1000 0.47 0.22 0.18 0.19 0.21 0.21 -1 -1 -1 -1 -1
Evo 112.99 -10000004.22 0.53 -79919.55 0.53 0.53 0.53 890845.86 28156.94 0.01 0.38 0.55 -1 993
Result 0 0.0 1000 0.47 0.21 0.19 0.20 0.19 0.20 -1 -1 -1 -1 -1
Evo 111.91 -10000002.53 0.53 -79919.55 0.53 0.53 0.53 890845.92 28156.95 0.01 0.41 0.46 -1 993
Result 0 0.0 1000 0.46 0.19 0.20 0.19 0.22 0.19 -1 -1 -1 -1 -1
Evo 112.57 -10000001.04 0.53 -79919.55 0.53 0.53 0.53 890845.88 28156.95 0.01 0.41 0.49 -1 993
Result 0 0.0 1000 0.46 0.20 0.19 0.19 0.21 0.20 -1 -1 -1 -1 -1
Evo 113.00 -10000004.18 0.53 -79919.54 0.53 0.53 0.53 890845.84 28156.94 0.01 0.41 0.49 -1 993
Result 0 0.0 1000 0.45 0.21 0.20 0.19 0.21 0.19 -1 -1 -1 -1 -1
Evo 113.04 -10000004.41 0.53 -79919.56 0.53 0.53 0.53 890845.99 28156.95 0.01 0.30 0.43 -1 993
Result 0 0.0 1000 0.46 0.20 0.20 0.21 0.20 0.19 -1 -1 -1 -1 -1
Evo 113.06 -10000004.51 0.53 -79919.56 0.53 0.53 0.53 890845.96 28156.95 0.01 0.46 0.53 -1 993
Result 0 0.0 1000 0.48 0.21 0.19 0.17 0.20 0.22 -1 -1 -1 -1 -1
Evo 112.82 -10000002.55 0.53 -79919.54 0.53 0.53 0.53 890845.80 28156.94 0.01 0.52 0.56 -1 993
Result 0 0.0 1000 0.48 0.20 0.21 0.20 0.18 0.22 -1 -1 -1 -1 -1
