Evo 111.88 -10000003.33 2.49 -402558.84 0.49 0.49 2.49 1954556.90 137522.14 0.04 0.02 0.04 -1 98
Result 0 2.0 201 0.49 0.28 -1 0.24 -1 0.24 0.24 -1 -1 -1 -1
Evo 111.75 -10000003.43 2.49 -403051.39 0.49 0.49 2.49 1954467.95 137515.89 0.04 0.02 0.04 -1 98
Result 0 2.0 201 0.53 0.34 -1 0.22 -1 0.24 0.20 -1 -1 -1 -1
Evo 109.31 -10000003.50 3.49 -327305.26 0.49 2.49 2.49 1763104.74 111508.53 0.03 0.04 0.06 -1 98
Result 0 3.0 249 0.50 0.22 -1 0.23 -1 0.26 0.29 -1 -1 -1 -1
Evo 110.85 -10000001.45 2.49 -402230.19 0.49 0.49 2.49 1954441.79 137514.04 0.04 0.03 0.05 -1 98
Result 0 2.0 201 0.50 0.21 -1 0.28 -1 0.26 0.25 -1 -1 -1 -1
Evo 103.91 -10000003.26 11.49 -151998.78 2.49 5.49 10.49 1163388.95 48059.15 0.02 0.05 0.06 -1 98
Result 0 11.0 585 0.50 0.26 -1 0.23 -1 0.26 0.25 -1 -1 -1 -1
Evo 102.98 -10000001.80 11.49 -149674.55 2.49 5.49 10.49 1162231.93 48011.36 0.02 0.05 0.06 -1 98
Result 0 11.0 585 0.49 0.24 -1 0.23 -1 0.28 0.25 -1 -1 -1 -1
Evo 109.73 -10000003.42 2.49 -401600.17 0.49 0.49 2.49 1954482.23 137516.89 0.04 0.02 0.04 -1 98
Result 0 2.0 201 0.48 0.31 -1 0.22 -1 0.23 0.24 -1 -1 -1 -1
Evo 103.17 -10000004.01 11.49 -147206.97 2.49 5.49 10.49 1161814.20 47994.10 0.02 0.05 0.06 -1 98
Result 0 11.0 585 0.48 0.22 -1 0.26 -1 0.27 0.25 -1 -1 -1 -1
Evo 103.83 -10000004.25 11.49 -148909.89 2.49 5.49 10.49 1162524.88 48023.46 0.02 0.04 0.06 -1 98
Result 0 11.0 585 0.51 0.24 -1 0.25 -1 0.26 0.25 -1 -1 -1 -1
Evo 111.64 -10000004.59 2.49 -402095.99 0.49 0.49 2.49 1954510.81 137518.90 0.04 0.03 0.05 -1 98
Result 0 2.0 201 0.49 0.27 -1 0.23 -1 0.22 0.28 -1 -1 -1 -1
Evo 110.16 -10000002.55 3.49 -326795.35 0.49 2.49 2.49 1763009.55 111502.51 0.03 0.03 0.05 -1 98
Result 0 3.0 249 0.49 0.24 -1 0.24 -1 0.26 0.27 -1 -1 -1 -1
Evo 112.62 -10000002.93 2.49 -401809.26 0.49 0.49 2.49 1954487.66 137517.27 0.04 0.03 0.05 -1 98
Result 0 2.0 201 0.50 0.35 -1 0.24 -1 0.22 0.18 -1 -1 -1 -1
Evo 110.40 -10000004.07 2.49 -402569.96 0.49 0.49 2.49 1954568.03 137522.93 0.04 0.03 0.04 -1 98
Result 0 2.0 201 0.50 0.23 -1 0.25 -1 0.24 0.28 -1 -1 -1 -1
Evo 111.76 -10000003.97 2.49 -401735.48 0.49 0.49 2.49 1954481.58 137516.84 0.04 0.05 0.06 -1 98
Result 0 2.0 201 0.49 0.24 -1 0.26 -1 0.22 0.28 -1 -1 -1 -1
Evo 113.10 -10000004.17 2.49 -401695.03 0.49 0.49 2.49 1954480.75 137516.79 0.04 0.03 0.04 -1 98
Result 0 2.0 201 0.51 0.27 -1 0.22 -1 0.23 0.27 -1 -1 -1 -1
Evo 101.79 -10000004.15 10.49 -194628.92 0.49 3.49 5.49 1303595.21 60387.88 0.02 0.04 0.05 -1 98
Result 0 10.0 465 0.47 0.26 -1 0.21 -1 0.25 0.28 -1 -1 -1 -1
Evo 103.75 -10000002.45 11.49 -151398.03 2.49 5.49 10.49 1162587.94 48026.06 0.02 0.04 0.06 -1 98
Result 0 11.0 585 0.51 0.24 -1 0.23 -1 0.27 0.26 -1 -1 -1 -1
Evo 121.17 -10000001.70 0.49 -754716.44 0.49 0.49 0.49 2654058.08 257784.91 0.06 0.03 0.05 -1 98
Result 0 0.0 105 0.51 0.23 -1 0.27 -1 0.24 0.26 -1 -1 -1 -1
Evo 112.41 -10000004.12 2.49 -401543.57 0.49 0.49 2.49 1954486.60 137517.20 0.04 0.03 0.05 -1 98
Result 0 2.0 201 0.50 0.30 -1 0.25 -1 0.24 0.22 -1 -1 -1 -1
Evo 125.10 -10000003.20 0.49 -754716.51 0.49 0.49 0.49 2654058.31 257784.93 0.06 0.04 0.05 -1 98
Result 0 0.0 105 0.52 0.29 -1 0.17 -1 0.30 0.24 -1 -1 -1 -1
Evo 93.96 -10000004.12 12.49 -382640.49 0.49 3.14 10.24 1807068.48 114289.05 0.03 0.04 0.05 -1 54
Result 0 12.0 249 0.51 0.23 -1 0.28 -1 0.27 0.22 -1 -1 -1 -1
Evo 119.83 -10000003.96 1.49 -894051.48 0.49 0.49 1.49 2860436.08 301516.44 0.07 0.02 0.04 -1 54
Result 0 1.0 89 0.51 0.29 -1 0.27 -1 0.21 0.23 -1 -1 -1 -1
Evo 131.10 -10000004.33 0.49 -1290322.34 0.49 0.49 0.49 3379723.68 429225.34 0.10 0.04 0.05 -1 54
Result 0 0.0 61 0.44 0.18 -1 0.16 -1 0.44 0.23 -1 -1 -1 -1
Evo 120.53 -10000003.97 1.49 -894293.62 0.49 0.49 1.49 2860392.40 301511.83 0.07 0.02 0.04 -1 54
Result 0 1.0 89 0.49 0.28 -1 0.23 -1 0.23 0.26 -1 -1 -1 -1
Evo 119.53 -10000002.82 1.49 -894523.19 0.49 0.49 1.49 2860346.16 301506.96 0.07 0.02 0.03 -1 54
Result 0 1.0 89 0.50 0.23 -1 0.26 -1 0.24 0.27 -1 -1 -1 -1
Evo 112.83 -10000004.37 1.49 -894080.18 0.49 0.49 1.49 2860431.89 301516.00 0.07 0.02 0.03 -1 54
Result 0 1.0 89 0.53 0.33 -1 0.21 -1 0.20 0.26 -1 -1 -1 -1
Evo 92.90 -10000004.38 13.49 -291851.02 0.49 6.49 12.49 1572231.78 88166.38 0.03 0.05 0.06 -1 54
Result 0 13.0 317 0.49 0.25 -1 0.23 -1 0.27 0.25 -1 -1 -1 -1
Evo 132.51 -10000002.87 0.49 -1290322.27 0.49 0.49 0.49 3379723.49 429225.31 0.10 0.03 0.04 -1 54
Result 0 0.0 61 0.47 0.21 -1 0.23 -1 0.31 0.26 -1 -1 -1 -1
Evo 92.12 -10000004.08 12.49 -352801.51 0.49 3.09 10.20 1761924.98 111433.92 0.03 0.04 0.05 -1 54
Result 0 12.0 249 0.47 0.20 -1 0.27 -1 0.25 0.27 -1 -1 -1 -1
Evo 128.66 -10000001.11 0.49 -1290321.97 0.49 0.49 0.49 3379722.72 429225.22 0.10 0.03 0.04 -1 54
Result 0 0.0 61 0.44 0.21 -1 0.18 -1 0.35 0.26 -1 -1 -1 -1
Evo 94.79 -10000003.32 13.49 -273369.91 0.49 6.49 12.49 1567314.27 87890.62 0.03 0.05 0.06 -1 54
Result 0 13.0 317 0.52 0.30 -1 0.20 -1 0.24 0.26 -1 -1 -1 -1
Evo 95.59 -10000003.95 12.49 -361152.50 0.49 3.17 10.21 1767009.03 111755.46 0.03 0.04 0.05 -1 54
Result 0 12.0 249 0.51 0.27 -1 0.25 -1 0.25 0.23 -1 -1 -1 -1
Evo 115.46 -10000001.74 1.49 -938906.68 0.49 0.49 1.29 2855750.11 301022.49 0.07 0.03 0.05 -1 54
Result 0 1.0 89 0.52 0.26 -1 0.29 -1 0.24 0.21 -1 -1 -1 -1
Evo 114.80 -10000003.38 1.51 -948880.12 0.49 0.49 1.12 2855060.63 300949.81 0.07 0.02 0.04 -1 54
Result 0 1.0 89 0.51 0.23 -1 0.28 -1 0.27 0.22 -1 -1 -1 -1
Evo 90.77 -10000003.76 12.49 -397023.04 0.49 2.93 10.24 1864910.27 117947.28 0.03 0.04 0.05 -1 54
Result 0 12.0 249 0.50 0.23 -1 0.26 -1 0.26 0.25 -1 -1 -1 -1
Evo 132.33 -10000004.33 0.49 -1290322.15 0.49 0.49 0.49 3379723.19 429225.27 0.10 0.03 0.04 -1 54
Result 0 0.0 61 0.53 0.24 -1 0.32 -1 0.18 0.26 -1 -1 -1 -1
Evo 122.60 -10000004.14 1.49 -894159.67 0.49 0.49 1.49 2860413.21 301514.03 0.07 0.04 0.05 -1 54
Result 0 1.0 89 0.53 0.22 -1 0.32 -1 0.22 0.23 -1 -1 -1 -1
Evo 120.30 -10000003.80 1.49 -894303.33 0.49 0.49 1.49 2860385.71 301511.13 0.07 0.02 0.04 -1 54
Result 0 1.0 89 0.50 0.31 -1 0.26 -1 0.21 0.22 -1 -1 -1 -1
Evo 87.92 -10000001.80 12.49 -352112.47 0.49 3.04 10.18 1761808.42 111426.55 0.03 0.04 0.05 -1 54
Result 0 12.0 249 0.48 0.24 -1 0.24 -1 0.22 0.30 -1 -1 -1 -1
Evo 97.22 -10000003.79 6.49 -538146.25 0.49 1.49 3.82 2223471.78 179172.46 0.05 0.02 0.04 -1 54
Result 0 6.0 153 0.51 0.27 -1 0.23 -1 0.29 0.21 -1 -1 -1 -1
Evo 110.04 -10000003.90 1.49 -1149956.80 0.49 0.49 1.49 3202341.57 382753.03 0.09 0.02 0.04 -1 34
Result 0 1.0 69 0.48 0.20 -1 0.33 -1 0.21 0.26 -1 -1 -1 -1
Evo 93.35 -10000002.28 13.49 -293841.09 1.49 7.45 12.49 1618001.97 93728.34 0.03 0.07 0.07 -1 34
Result 0 13.0 297 0.50 0.31 -1 0.24 -1 0.20 0.25 -1 -1 -1 -1
Evo 116.33 -10000003.47 1.49 -1149520.70 0.49 0.49 1.49 3202463.46 382767.59 0.09 0.02 0.03 -1 34
Result 0 1.0 69 0.50 0.23 -1 0.27 -1 0.24 0.26 -1 -1 -1 -1
Evo 114.77 -10000002.25 1.49 -1149459.19 0.49 0.49 1.49 3202480.15 382769.59 0.09 0.02 0.04 -1 34
Result 0 1.0 69 0.49 0.31 -1 0.23 -1 0.23 0.23 -1 -1 -1 -1
Evo 114.64 -10000003.34 1.49 -1149942.27 0.49 0.49 1.49 3202355.88 382754.74 0.09 0.03 0.04 -1 34
Result 0 1.0 69 0.52 0.21 -1 0.30 -1 0.21 0.27 -1 -1 -1 -1
Evo 113.61 -10000003.79 2.49 -941387.55 0.49 0.89 1.49 2918690.00 314730.44 0.07 0.03 0.04 -1 34
Result 0 2.0 85 0.50 0.26 -1 0.26 -1 0.24 0.24 -1 -1 -1 -1
Evo 94.42 -10000004.12 13.49 -306370.32 1.49 7.49 12.49 1628432.27 94332.55 0.03 0.06 0.07 -1 34
Result 0 13.0 297 0.49 0.23 -1 0.24 -1 0.28 0.25 -1 -1 -1 -1
Evo 91.20 -10000004.31 12.49 -373417.31 0.49 5.49 11.04 1833708.09 120911.13 0.03 0.04 0.05 -1 34
Result 0 12.0 229 0.51 0.27 -1 0.26 -1 0.27 0.20 -1 -1 -1 -1
Evo 93.64 -10000003.29 12.49 -374845.64 0.49 5.49 11.11 1833667.34 120908.44 0.03 0.04 0.05 -1 34
Result 0 12.0 229 0.51 0.22 -1 0.26 -1 0.28 0.24 -1 -1 -1 -1
Evo 98.93 -10000002.60 2.49 -944961.00 0.49 1.04 1.49 2917877.17 314642.79 0.07 0.02 0.04 -1 34
Result 0 2.0 85 0.50 0.26 -1 0.23 -1 0.22 0.29 -1 -1 -1 -1
Evo 90.37 -10000004.42 12.49 -376507.56 0.49 5.49 11.06 1833619.07 120905.26 0.03 0.04 0.05 -1 34
Result 0 12.0 229 0.48 0.23 -1 0.26 -1 0.26 0.26 -1 -1 -1 -1
Evo 90.56 -10000004.40 23.49 -205504.39 2.49 12.49 15.91 1328810.12 62920.98 0.02 0.06 0.07 -1 34
Result 0 23.0 445 0.52 0.24 -1 0.24 -1 0.28 0.24 -1 -1 -1 -1
Evo 90.20 -10000001.50 12.49 -372224.28 0.49 5.49 11.12 1833724.29 120912.20 0.03 0.04 0.05 -1 34
Result 0 12.0 229 0.49 0.28 -1 0.24 -1 0.27 0.22 -1 -1 -1 -1
Evo 93.20 -10000003.52 15.49 -272272.57 1.49 7.85 13.49 1557540.66 86798.35 0.03 0.06 0.07 -1 34
Result 0 15.0 321 0.50 0.25 -1 0.27 -1 0.25 0.23 -1 -1 -1 -1
Evo 95.69 -10000004.26 13.49 -289262.54 1.49 7.49 12.49 1617665.29 93708.83 0.03 0.06 0.07 -1 34
Result 0 13.0 297 0.49 0.25 -1 0.23 -1 0.24 0.28 -1 -1 -1 -1
Evo 91.16 -10000002.81 12.49 -373174.59 0.49 5.49 11.08 1833740.23 120913.25 0.03 0.04 0.05 -1 34
Result 0 12.0 229 0.52 0.28 -1 0.25 -1 0.26 0.20 -1 -1 -1 -1
Evo 89.62 -10000004.05 12.49 -372464.44 0.49 5.49 11.04 1833658.81 120907.88 0.03 0.04 0.05 -1 34
Result 0 12.0 229 0.51 0.22 -1 0.26 -1 0.28 0.24 -1 -1 -1 -1
Evo 89.77 -10000002.16 12.49 -373509.30 0.49 5.49 11.02 1833796.18 120916.94 0.03 0.04 0.05 -1 34
Result 0 12.0 229 0.52 0.30 -1 0.23 -1 0.23 0.24 -1 -1 -1 -1
Evo 92.54 -10000004.40 12.49 -375999.94 0.49 5.49 11.07 1833843.06 120920.03 0.03 0.04 0.05 -1 34
Result 0 12.0 229 0.50 0.27 -1 0.21 -1 0.25 0.27 -1 -1 -1 -1
Evo 92.26 -10000003.59 12.49 -372790.78 0.49 5.49 11.03 1833735.16 120912.92 0.03 0.04 0.05 -1 34
Result 0 12.0 229 0.50 0.25 -1 0.24 -1 0.24 0.27 -1 -1 -1 -1
Evo 110.55 -10000003.63 3.49 -341706.38 0.49 2.49 2.49 1798305.08 116080.09 0.03 0.04 0.04 -1 88
Result 0 3.0 239 0.47 0.21 -1 0.27 -1 0.27 0.25 -1 -1 -1 -1
Evo 111.69 -10000004.15 2.49 -422670.63 0.49 0.67 2.49 2002779.59 144538.17 0.04 0.02 0.03 -1 88
Result 0 2.0 191 0.51 0.28 -1 0.24 -1 0.23 0.24 -1 -1 -1 -1
Evo 104.44 -10000003.74 11.49 -150520.44 2.49 5.49 10.49 1171897.86 48829.08 0.02 0.07 0.07 -1 88
Result 0 11.0 575 0.47 0.25 -1 0.21 -1 0.28 0.26 -1 -1 -1 -1
Evo 112.29 -10000002.79 2.49 -423774.18 0.49 0.93 2.49 2002773.13 144537.70 0.04 0.02 0.03 -1 88
Result 0 2.0 191 0.50 0.29 -1 0.26 -1 0.25 0.20 -1 -1 -1 -1
Evo 103.72 -10000004.35 11.50 -164012.25 2.49 5.49 10.49 1181605.26 49233.55 0.02 0.07 0.07 -1 88
Result 0 11.0 575 0.51 0.25 -1 0.24 -1 0.27 0.24 -1 -1 -1 -1
Evo 113.60 -10000004.27 2.49 -423078.24 0.49 0.78 2.49 2002792.97 144539.13 0.04 0.02 0.03 -1 88
Result 0 2.0 191 0.50 0.32 -1 0.25 -1 0.19 0.24 -1 -1 -1 -1
Evo 110.48 -10000003.32 2.49 -423736.33 0.49 0.54 2.49 2002868.70 144544.60 0.04 0.02 0.03 -1 88
Result 0 2.0 191 0.51 0.27 -1 0.24 -1 0.27 0.22 -1 -1 -1 -1
Evo 104.89 -10000004.00 11.49 -156681.56 2.49 5.49 10.49 1174225.62 48926.07 0.02 0.07 0.07 -1 88
Result 0 11.0 575 0.49 0.24 -1 0.26 -1 0.27 0.24 -1 -1 -1 -1
Evo 113.55 -10000003.16 2.49 -410083.14 0.49 0.49 2.49 1941409.72 140109.18 0.04 0.03 0.04 -1 88
Result 0 2.0 191 0.49 0.27 -1 0.27 -1 0.23 0.23 -1 -1 -1 -1
Evo 104.27 -10000003.97 17.49 -93085.09 3.49 11.49 13.49 903166.46 28880.08 0.01 0.07 0.07 -1 88
Result 0 17.0 977 0.50 0.25 -1 0.25 -1 0.26 0.24 -1 -1 -1 -1
Evo 107.58 -10000003.94 3.49 -340791.67 0.49 2.49 2.49 1798220.46 116074.63 0.03 0.03 0.04 -1 88
Result 0 3.0 239 0.50 0.20 -1 0.28 -1 0.25 0.27 -1 -1 -1 -1
Evo 109.54 -10000004.28 2.49 -423140.60 0.49 0.84 2.49 2002807.92 144540.21 0.04 0.02 0.03 -1 88
Result 0 2.0 191 0.51 0.26 -1 0.26 -1 0.23 0.26 -1 -1 -1 -1
Evo 111.46 -10000004.63 2.49 -423400.44 0.49 0.70 2.49 2002754.82 144536.38 0.04 0.03 0.04 -1 88
Result 0 2.0 191 0.51 0.31 -1 0.26 -1 0.23 0.19 -1 -1 -1 -1
Evo 126.28 -10000002.40 0.50 -833332.75 0.49 0.49 0.49 2778362.20 283565.40 0.07 0.02 0.02 -1 88
Result 0 0.0 95 0.51 0.29 -1 0.28 -1 0.23 0.20 -1 -1 -1 -1
Evo 110.39 -10000004.06 2.49 -422958.64 0.49 0.72 2.49 2002792.55 144539.10 0.04 0.03 0.04 -1 88
Result 0 2.0 191 0.49 0.23 -1 0.27 -1 0.24 0.27 -1 -1 -1 -1
Evo 111.39 -10000003.75 2.49 -431205.92 0.49 0.49 2.49 2003633.81 144599.81 0.04 0.02 0.03 -1 88
Result 0 2.0 191 0.50 0.26 -1 0.22 -1 0.24 0.27 -1 -1 -1 -1
Evo 111.59 -10000004.16 2.49 -423325.75 0.49 0.67 2.49 2002735.04 144534.95 0.04 0.03 0.04 -1 88
Result 0 2.0 191 0.51 0.24 -1 0.26 -1 0.27 0.23 -1 -1 -1 -1
Evo 103.53 -10000004.56 11.49 -148993.39 2.49 5.49 10.49 1171720.00 48821.67 0.02 0.07 0.07 -1 88
Result 0 11.0 575 0.47 0.25 -1 0.21 -1 0.27 0.27 -1 -1 -1 -1
Evo 103.85 -10000002.95 13.49 -116410.02 2.49 6.49 11.49 1032608.26 37857.26 0.01 0.07 0.07 -1 88
Result 0 13.0 743 0.50 0.26 -1 0.23 -1 0.26 0.26 -1 -1 -1 -1
Evo 107.73 -10000003.48 5.49 -273097.31 0.49 2.49 5.49 1566893.44 85481.05 0.02 0.05 0.06 -1 88
Result 0 5.0 335 0.51 0.28 -1 0.24 -1 0.25 0.24 -1 -1 -1 -1
Evo 122.85 -10000003.08 0.49 -1290322.07 0.49 0.49 0.49 3379722.98 429225.25 0.10 0.02 0.03 -1 54
Result 0 0.0 61 0.53 0.18 -1 0.32 -1 0.34 0.16 -1 -1 -1 -1
Evo 126.92 -10000003.38 0.49 -1290321.86 0.49 0.49 0.49 3379722.43 429225.18 0.10 0.02 0.02 -1 54
Result 0 0.0 61 0.50 0.26 -1 0.19 -1 0.24 0.31 -1 -1 -1 -1
Evo 123.52 -10000003.96 0.49 -1290322.26 0.49 0.49 0.49 3379723.46 429225.31 0.10 0.02 0.03 -1 54
Result 0 0.0 61 0.47 0.24 -1 0.23 -1 0.21 0.32 -1 -1 -1 -1
Evo 126.70 -10000001.97 0.49 -1290321.89 0.49 0.49 0.49 3379722.51 429225.19 0.10 0.02 0.03 -1 54
Result 0 0.0 61 0.50 0.35 -1 0.24 -1 0.24 0.16 -1 -1 -1 -1
Evo 131.93 -10000004.70 0.49 -1290322.17 0.49 0.49 0.49 3379723.23 429225.28 0.10 0.02 0.03 -1 54
Result 0 0.0 61 0.50 0.31 -1 0.24 -1 0.29 0.16 -1 -1 -1 -1
Evo 117.75 -10000004.21 0.49 -1290322.22 0.49 0.49 0.49 3379723.38 429225.30 0.10 0.02 0.04 -1 54
Result 0 0.0 61 0.52 0.26 -1 0.23 -1 0.29 0.23 -1 -1 -1 -1
Evo 129.72 -10000002.82 0.49 -1290322.03 0.49 0.49 0.49 3379722.86 429225.23 0.10 0.01 0.02 -1 54
Result 0 0.0 61 0.50 0.24 -1 0.24 -1 0.18 0.34 -1 -1 -1 -1
Evo 134.69 -10000002.20 0.49 -1290322.12 0.49 0.49 0.49 3379723.11 429225.26 0.10 0.02 0.02 -1 54
Result 0 0.0 61 0.44 0.23 -1 0.18 -1 0.23 0.37 -1 -1 -1 -1
Evo 128.43 -10000003.80 0.49 -1290322.14 0.49 0.49 0.49 3379723.15 429225.27 0.10 0.01 0.02 -1 54
Result 0 0.0 61 0.38 0.29 -1 0.29 -1 0.13 0.29 -1 -1 -1 -1
Evo 130.41 -10000003.75 0.49 -1290322.15 0.49 0.49 0.49 3379723.18 429225.27 0.10 0.03 0.03 -1 54
Result 0 0.0 61 0.36 0.11 -1 0.32 -1 0.39 0.18 -1 -1 -1 -1
Evo 128.48 -10000002.10 0.49 -1290322.06 0.49 0.49 0.49 3379722.95 429225.24 0.10 0.02 0.03 -1 54
Result 0 0.0 61 0.50 0.26 -1 0.18 -1 0.24 0.32 -1 -1 -1 -1
Evo 125.26 -10000004.38 0.49 -1290322.09 0.49 0.49 0.49 3379723.04 429225.26 0.10 0.02 0.02 -1 54
Result 0 0.0 61 0.50 0.27 -1 0.27 -1 0.24 0.21 -1 -1 -1 -1
Evo 130.21 -10000002.69 0.49 -1290321.92 0.49 0.49 0.49 3379722.57 429225.20 0.10 0.01 0.02 -1 54
Result 0 0.0 61 0.48 0.23 -1 0.32 -1 0.23 0.23 -1 -1 -1 -1
Evo 131.41 -10000003.63 0.49 -1290321.83 0.49 0.49 0.49 3379722.34 429225.17 0.10 0.02 0.03 -1 54
Result 0 0.0 61 0.48 0.24 -1 0.23 -1 0.31 0.23 -1 -1 -1 -1
Evo 135.57 -10000001.43 0.49 -1290321.87 0.49 0.49 0.49 3379722.47 429225.18 0.10 0.02 0.03 -1 54
Result 0 0.0 61 0.51 0.27 -1 0.24 -1 0.24 0.24 -1 -1 -1 -1
Evo 133.82 -10000004.55 0.49 -1290322.27 0.49 0.49 0.49 3379723.50 429225.31 0.10 0.01 0.02 -1 54
Result 0 0.0 61 0.42 0.34 -1 0.24 -1 0.16 0.26 -1 -1 -1 -1
Evo 121.90 -10000003.85 0.49 -1290321.88 0.49 0.49 0.49 3379722.47 429225.18 0.10 0.01 0.02 -1 54
Result 0 0.0 61 0.42 0.35 -1 0.23 -1 0.16 0.26 -1 -1 -1 -1
Evo 127.92 -10000003.93 0.49 -1290321.94 0.49 0.49 0.49 3379722.62 429225.20 0.10 0.02 0.03 -1 54
Result 0 0.0 61 0.46 0.19 -1 0.26 -1 0.32 0.23 -1 -1 -1 -1
Evo 129.77 -10000004.59 0.49 -1290322.12 0.49 0.49 0.49 3379723.11 429225.26 0.10 0.02 0.03 -1 54
Result 0 0.0 61 0.47 0.21 -1 0.21 -1 0.24 0.34 -1 -1 -1 -1
Evo 130.25 -10000002.42 0.49 -1290322.12 0.49 0.49 0.49 3379723.10 429225.26 0.10 0.01 0.02 -1 54
Result 0 0.0 61 0.42 0.35 -1 0.24 -1 0.16 0.24 -1 -1 -1 -1
