Evo 115.89 -10000002.00 0.53 -279719.71 0.53 0.53 0.53 1651816.84 97673.98 0.03 0.06 0.10 -1 278
Result 0 0.0 285 0.43 0.23 0.17 0.21 0.19 0.20 -1 -1 -1 -1 -1
Evo 116.24 -10000004.10 0.53 -279719.78 0.53 0.53 0.53 1651817.22 97674.00 0.03 0.05 0.07 -1 278
Result 0 0.0 285 0.45 0.19 0.19 0.20 0.20 0.23 -1 -1 -1 -1 -1
Evo 116.14 -10000004.16 0.53 -279719.76 0.53 0.53 0.53 1651817.13 97673.99 0.03 0.11 0.15 -1 278
Result 0 0.0 285 0.42 0.22 0.15 0.22 0.20 0.21 -1 -1 -1 -1 -1
Evo 113.73 -10000001.58 0.53 -279719.76 0.53 0.53 0.53 1651817.14 97674.00 0.03 0.10 0.15 -1 278
Result 0 0.0 285 0.49 0.20 0.23 0.18 0.20 0.20 -1 -1 -1 -1 -1
Evo 116.27 -10000004.29 0.53 -279719.78 0.53 0.53 0.53 1651817.25 97674.00 0.03 0.03 0.05 -1 278
Result 0 0.0 285 0.45 0.16 0.19 0.17 0.23 0.24 -1 -1 -1 -1 -1
Evo 115.17 -10000003.15 0.53 -279719.73 0.53 0.53 0.53 1651816.91 97673.98 0.03 0.05 0.07 -1 278
Result 0 0.0 285 0.49 0.18 0.23 0.17 0.23 0.20 -1 -1 -1 -1 -1
Evo 116.83 -10000003.01 0.53 -279719.78 0.53 0.53 0.53 1651817.21 97674.00 0.03 0.05 0.06 -1 278
Result 0 0.0 285 0.46 0.20 0.20 0.18 0.19 0.23 -1 -1 -1 -1 -1
Evo 116.72 -10000002.74 0.53 -279719.71 0.53 0.53 0.53 1651816.85 97673.98 0.03 0.14 0.18 -1 278
Result 0 0.0 285 0.47 0.20 0.21 0.23 0.18 0.19 -1 -1 -1 -1 -1
Evo 114.05 -10000001.20 0.53 -156555.22 0.53 0.53 0.53 1242605.84 54969.65 0.02 0.18 0.22 -1 503
Result 0 0.0 510 0.47 0.20 0.20 0.18 0.23 0.19 -1 -1 -1 -1 -1
Evo 112.62 -10000004.08 0.53 -108695.15 0.53 0.53 0.53 1037595.84 38246.29 0.01 0.14 0.17 -1 728
Result 0 0.0 735 0.46 0.19 0.20 0.21 0.23 0.18 -1 -1 -1 -1 -1
Evo 116.09 -10000001.85 0.53 -279719.72 0.53 0.53 0.53 1651816.88 97673.98 0.03 0.06 0.10 -1 278
Result 0 0.0 285 0.44 0.23 0.18 0.18 0.20 0.21 -1 -1 -1 -1 -1
Evo 116.11 -10000002.93 0.53 -279719.71 0.53 0.53 0.53 1651816.82 97673.98 0.03 0.08 0.13 -1 278
Result 0 0.0 285 0.46 0.18 0.20 0.22 0.18 0.22 -1 -1 -1 -1 -1
Evo 115.98 -10000002.67 0.53 -279719.74 0.53 0.53 0.53 1651816.98 97673.99 0.03 0.04 0.06 -1 278
Result 0 0.0 285 0.45 0.20 0.19 0.20 0.19 0.23 -1 -1 -1 -1 -1
Evo 116.15 -10000003.22 0.53 -279719.72 0.53 0.53 0.53 1651816.90 97673.98 0.03 0.06 0.10 -1 278
Result 0 0.0 285 0.48 0.21 0.22 0.19 0.19 0.19 -1 -1 -1 -1 -1
Evo 115.21 -10000004.27 0.53 -279719.74 0.53 0.53 0.53 1651816.98 97673.99 0.03 0.15 0.18 -1 278
Result 0 0.0 285 0.46 0.19 0.19 0.21 0.23 0.18 -1 -1 -1 -1 -1
Evo 116.39 -10000003.60 0.53 -279719.73 0.53 0.53 0.53 1651816.91 97673.98 0.03 0.20 0.24 -1 278
Result 0 0.0 285 0.47 0.23 0.21 0.17 0.17 0.22 -1 -1 -1 -1 -1
Evo 114.59 -10000003.24 0.53 -279719.76 0.53 0.53 0.53 1651817.10 97673.99 0.03 0.12 0.17 -1 278
Result 0 0.0 285 0.49 0.20 0.23 0.19 0.20 0.18 -1 -1 -1 -1 -1
Evo 115.68 -10000003.98 0.53 -279719.74 0.53 0.53 0.53 1651817.00 97673.99 0.03 0.05 0.07 -1 278
Result 0 0.0 285 0.45 0.21 0.18 0.17 0.22 0.22 -1 -1 -1 -1 -1
Evo 116.94 -10000003.20 0.53 -279719.76 0.53 0.53 0.53 1651817.13 97673.99 0.03 0.13 0.17 -1 278
Result 0 0.0 285 0.44 0.22 0.17 0.22 0.22 0.17 -1 -1 -1 -1 -1
Evo 115.94 -10000003.53 0.53 -279719.80 0.53 0.53 0.53 1651817.33 97674.01 0.03 0.11 0.16 -1 278
Result 0 0.0 285 0.48 0.19 0.22 0.17 0.22 0.20 -1 -1 -1 -1 -1
Evo 122.48 -10000004.04 0.53 -1311475.13 0.53 0.53 0.53 3403630.99 435790.29 0.10 0.13 0.25 -1 53
Result 0 0.0 60 0.51 0.25 0.26 0.25 0.11 0.13 -1 -1 -1 -1 -1
Evo 106.31 -2427183.27 9999999.89 335460.75 0.53 0.53 0.53 1771776.91 126879.58 0.04 0.28 0.46 187 53
Result 1 100.0 194 0.50 0.19 0.25 0.20 0.25 0.10 -1 -1 -1 -1 -1
Evo 116.96 -10000004.16 0.53 -279719.76 0.53 0.53 0.53 1651817.10 97673.99 0.03 0.15 0.22 -1 278
Result 0 0.0 285 0.45 0.18 0.19 0.21 0.23 0.20 -1 -1 -1 -1 -1
Evo 113.93 -10000004.18 0.53 -279719.78 0.53 0.53 0.53 1651817.25 97674.00 0.03 0.24 0.35 -1 278
Result 0 0.0 285 0.44 0.22 0.18 0.22 0.20 0.19 -1 -1 -1 -1 -1
Evo 115.66 -10000002.44 0.53 -279719.74 0.53 0.53 0.53 1651817.01 97673.99 0.03 0.19 0.28 -1 278
Result 0 0.0 285 0.46 0.19 0.19 0.21 0.20 0.21 -1 -1 -1 -1 -1
Evo 115.06 -10000003.04 0.53 -279719.74 0.53 0.53 0.53 1651817.00 97673.99 0.03 0.15 0.22 -1 278
Result 0 0.0 285 0.41 0.19 0.15 0.19 0.26 0.22 -1 -1 -1 -1 -1
Evo 111.54 -10000002.46 0.53 -287671.00 0.53 0.53 0.53 1652629.14 97722.01 0.03 0.14 0.24 -1 53
Result 0 0.0 285 0.49 0.18 0.23 0.20 0.22 0.18 -1 -1 -1 -1 -1
Evo 123.00 -10000001.81 0.53 -1268973.29 0.53 0.53 0.53 3308175.85 423568.51 0.10 0.10 0.19 -1 53
Result 0 0.0 60 0.53 0.16 0.34 0.18 0.18 0.13 -1 -1 -1 -1 -1
Evo 114.80 -10000004.54 0.53 -279719.80 0.53 0.53 0.53 1651817.38 97674.01 0.03 0.11 0.21 -1 278
Result 0 0.0 285 0.46 0.18 0.20 0.19 0.19 0.24 -1 -1 -1 -1 -1
Evo 116.35 -10000002.98 0.53 -279719.75 0.53 0.53 0.53 1651817.06 97673.99 0.03 0.15 0.23 -1 278
Result 0 0.0 285 0.46 0.23 0.20 0.22 0.17 0.19 -1 -1 -1 -1 -1
Evo 115.31 -10000003.03 0.53 -279719.77 0.53 0.53 0.53 1651817.15 97674.00 0.03 0.14 0.20 -1 278
Result 0 0.0 285 0.48 0.20 0.21 0.20 0.20 0.19 -1 -1 -1 -1 -1
Evo 115.25 -10000004.17 0.53 -279719.79 0.53 0.53 0.53 1651817.27 97674.00 0.03 0.19 0.30 -1 278
Result 0 0.0 285 0.47 0.18 0.21 0.21 0.19 0.22 -1 -1 -1 -1 -1
Evo 116.14 -10000003.28 0.53 -279719.71 0.53 0.53 0.53 1651816.83 97673.98 0.03 0.13 0.22 -1 278
Result 0 0.0 285 0.46 0.22 0.20 0.19 0.23 0.17 -1 -1 -1 -1 -1
Evo 131.97 -10000002.62 0.53 -1147540.45 0.53 0.53 0.53 3081921.33 394599.59 0.10 0.09 0.16 -1 53
Result 0 0.0 60 0.50 0.23 0.25 0.16 0.13 0.23 -1 -1 -1 -1 -1
Evo 113.54 -10000002.97 0.53 -108695.12 0.53 0.53 0.53 1037595.52 38246.28 0.01 0.31 0.35 -1 728
Result 0 0.0 735 0.47 0.20 0.21 0.19 0.21 0.19 -1 -1 -1 -1 -1
Evo 113.83 -10000003.52 0.53 -283947.31 0.53 0.53 0.53 1651989.53 97684.19 0.03 0.12 0.19 -1 53
Result 0 0.0 285 0.45 0.16 0.19 0.17 0.27 0.21 -1 -1 -1 -1 -1
Evo 116.20 -10000003.98 0.53 -279719.75 0.53 0.53 0.53 1651817.03 97673.99 0.03 0.21 0.30 -1 278
Result 0 0.0 285 0.47 0.21 0.20 0.18 0.22 0.18 -1 -1 -1 -1 -1
Evo 116.59 -10000002.22 0.53 -279719.68 0.53 0.53 0.53 1651816.66 97673.97 0.03 0.17 0.22 -1 278
Result 0 0.0 285 0.47 0.19 0.20 0.20 0.23 0.17 -1 -1 -1 -1 -1
Evo 116.12 -10000003.95 0.53 -279719.72 0.53 0.53 0.53 1651816.87 97673.98 0.03 0.24 0.30 -1 278
Result 0 0.0 285 0.46 0.24 0.19 0.16 0.21 0.20 -1 -1 -1 -1 -1
Evo 116.01 -10000004.00 0.53 -279719.73 0.53 0.53 0.53 1651816.97 97673.98 0.03 0.15 0.24 -1 278
Result 0 0.0 285 0.47 0.22 0.21 0.17 0.20 0.20 -1 -1 -1 -1 -1
Evo 114.42 -10000004.07 0.53 -279719.82 0.53 0.53 0.53 1651817.49 97674.02 0.03 0.08 0.13 -1 278
Result 0 0.0 285 0.45 0.15 0.19 0.22 0.22 0.23 -1 -1 -1 -1 -1
Evo 116.44 -10000003.82 0.53 -279719.79 0.53 0.53 0.53 1651817.29 97674.00 0.03 0.09 0.14 -1 278
Result 0 0.0 285 0.45 0.18 0.19 0.22 0.22 0.20 -1 -1 -1 -1 -1
Evo 115.98 -10000002.81 0.53 -279719.77 0.53 0.53 0.53 1651817.19 97674.00 0.03 0.08 0.12 -1 278
Result 0 0.0 285 0.48 0.23 0.21 0.21 0.19 0.16 -1 -1 -1 -1 -1
Evo 117.04 -10000003.27 0.53 -279719.78 0.53 0.53 0.53 1651817.22 97674.00 0.03 0.07 0.11 -1 278
Result 0 0.0 285 0.45 0.20 0.18 0.21 0.21 0.21 -1 -1 -1 -1 -1
Evo 116.47 -10000002.65 0.53 -279719.70 0.53 0.53 0.53 1651816.77 97673.97 0.03 0.07 0.13 -1 278
Result 0 0.0 285 0.41 0.20 0.15 0.26 0.20 0.20 -1 -1 -1 -1 -1
Evo 115.62 -10000003.97 0.53 -279719.79 0.53 0.53 0.53 1651817.30 97674.00 0.03 0.07 0.13 -1 278
Result 0 0.0 285 0.46 0.21 0.19 0.20 0.21 0.20 -1 -1 -1 -1 -1
Evo 114.01 -10000004.03 0.53 -279719.74 0.53 0.53 0.53 1651816.99 97673.99 0.03 0.09 0.13 -1 278
Result 0 0.0 285 0.47 0.19 0.21 0.18 0.20 0.22 -1 -1 -1 -1 -1
Evo 112.84 -10000003.17 0.53 -131005.19 0.53 0.53 0.53 1094924.23 40359.44 0.01 0.21 0.25 -1 278
Result 0 0.0 735 0.47 0.20 0.20 0.23 0.18 0.19 -1 -1 -1 -1 -1
Evo 134.05 -10000003.02 0.53 -1311474.86 0.53 0.53 0.53 3403630.29 435790.20 0.10 0.04 0.08 -1 53
Result 0 0.0 60 0.50 0.25 0.25 0.21 0.16 0.13 -1 -1 -1 -1 -1
Evo 116.28 -10000003.42 0.53 -279719.78 0.53 0.53 0.53 1651817.24 97674.00 0.03 0.08 0.13 -1 278
Result 0 0.0 285 0.46 0.22 0.19 0.18 0.18 0.23 -1 -1 -1 -1 -1
Evo 115.42 -10000002.24 0.53 -279719.69 0.53 0.53 0.53 1651816.69 97673.97 0.03 0.06 0.09 -1 278
Result 0 0.0 285 0.46 0.20 0.20 0.19 0.17 0.24 -1 -1 -1 -1 -1
Evo 116.55 -10000002.54 0.53 -279719.75 0.53 0.53 0.53 1651817.07 97673.99 0.03 0.06 0.10 -1 278
Result 0 0.0 285 0.49 0.19 0.23 0.19 0.22 0.17 -1 -1 -1 -1 -1
Evo 108.88 0.53 10000000.16 333016.66 0.53 0.53 0.53 1664886.43 119841.15 0.04 0.11 0.16 177 -1
Result 1 100.0 192 0.47 0.22 0.20 0.20 0.18 0.21 -1 -1 -1 -1 -1
Evo 108.91 0.53 10000002.22 290805.52 0.53 0.53 0.53 1572170.91 96577.69 0.03 0.13 0.17 252 -1
Result 1 100.0 264 0.47 0.22 0.20 0.19 0.17 0.22 -1 -1 -1 -1 -1
Evo 116.27 -10000003.47 0.53 -279719.74 0.53 0.53 0.53 1651816.97 97673.99 0.03 0.06 0.12 -1 278
Result 0 0.0 285 0.47 0.19 0.20 0.17 0.20 0.23 -1 -1 -1 -1 -1
Evo 116.44 -10000004.25 0.53 -279719.76 0.53 0.53 0.53 1651817.13 97673.99 0.03 0.11 0.16 -1 278
Result 0 0.0 285 0.45 0.20 0.19 0.20 0.22 0.20 -1 -1 -1 -1 -1
Evo 115.12 -10000003.11 0.53 -279719.75 0.53 0.53 0.53 1651817.05 97673.99 0.03 0.07 0.13 -1 278
Result 0 0.0 285 0.48 0.20 0.22 0.17 0.23 0.17 -1 -1 -1 -1 -1
Evo 114.66 -10000004.08 0.53 -279719.77 0.53 0.53 0.53 1651817.15 97674.00 0.03 0.08 0.12 -1 278
Result 0 0.0 285 0.47 0.23 0.21 0.21 0.18 0.16 -1 -1 -1 -1 -1
Evo 133.57 -10000004.22 0.53 -1311474.93 0.53 0.53 0.53 3403630.45 435790.22 0.10 0.06 0.09 -1 53
Result 0 0.0 60 0.52 0.11 0.30 0.10 0.21 0.28 -1 -1 -1 -1 -1
Evo 113.74 -10000004.08 0.53 -156555.26 0.53 0.53 0.53 1242606.16 54969.66 0.02 0.13 0.17 -1 503
Result 0 0.0 510 0.47 0.21 0.21 0.21 0.19 0.18 -1 -1 -1 -1 -1
Evo 137.83 -10000002.60 0.53 -1311474.68 0.53 0.53 0.53 3403629.81 435790.14 0.10 0.06 0.09 -1 53
Result 0 0.0 60 0.46 0.23 0.20 0.07 0.23 0.28 -1 -1 -1 -1 -1
Evo 111.94 -10000004.03 0.53 -121409.29 0.53 0.53 0.53 1047675.57 38617.83 0.01 0.26 0.37 -1 278
Result 0 0.0 735 0.45 0.21 0.19 0.18 0.20 0.22 -1 -1 -1 -1 -1
Evo 116.56 -10000004.37 0.53 -279719.75 0.53 0.53 0.53 1651817.03 97673.99 0.03 0.07 0.13 -1 278
Result 0 0.0 285 0.46 0.22 0.19 0.19 0.20 0.20 -1 -1 -1 -1 -1
Evo 115.46 -10000003.99 0.53 -279719.76 0.53 0.53 0.53 1651817.11 97673.99 0.03 0.08 0.18 -1 278
Result 0 0.0 285 0.47 0.18 0.21 0.18 0.21 0.22 -1 -1 -1 -1 -1
Evo 112.64 -10000003.72 0.53 -279719.75 0.53 0.53 0.53 1651817.05 97673.99 0.03 0.12 0.21 -1 278
Result 0 0.0 285 0.48 0.17 0.22 0.19 0.22 0.20 -1 -1 -1 -1 -1
Evo 115.22 -10000001.38 0.53 -284588.06 0.53 0.53 0.53 1652232.41 97698.55 0.03 0.08 0.13 -1 53
Result 0 0.0 285 0.47 0.20 0.20 0.21 0.19 0.20 -1 -1 -1 -1 -1
Evo 114.86 -10000003.24 0.53 -279719.76 0.53 0.53 0.53 1651817.12 97673.99 0.03 0.06 0.11 -1 278
Result 0 0.0 285 0.48 0.18 0.22 0.19 0.22 0.19 -1 -1 -1 -1 -1
Evo 116.79 -10000000.97 0.53 -279719.69 0.53 0.53 0.53 1651816.69 97673.97 0.03 0.09 0.17 -1 278
Result 0 0.0 285 0.46 0.21 0.20 0.22 0.13 0.24 -1 -1 -1 -1 -1
Evo 116.18 -10000003.88 0.53 -279719.76 0.53 0.53 0.53 1651817.14 97674.00 0.03 0.11 0.17 -1 278
Result 0 0.0 285 0.43 0.19 0.17 0.21 0.19 0.26 -1 -1 -1 -1 -1
Evo 114.43 -10000003.52 0.53 -279719.80 0.53 0.53 0.53 1651817.34 97674.01 0.03 0.05 0.09 -1 278
Result 0 0.0 285 0.47 0.25 0.21 0.19 0.15 0.20 -1 -1 -1 -1 -1
Evo 114.52 -10000004.41 0.53 -279719.75 0.53 0.53 0.53 1651817.04 97673.99 0.03 0.11 0.20 -1 278
Result 0 0.0 285 0.45 0.20 0.18 0.22 0.20 0.19 -1 -1 -1 -1 -1
Evo 111.02 -10000003.20 40.53 -80598.33 0.53 0.53 40.53 866899.27 25172.50 0.01 0.17 0.26 -1 53
Result 0 40.0 1185 0.44 0.21 0.17 0.18 0.21 0.23 -1 -1 -1 -1 -1
Evo 115.24 -10000003.17 0.53 -279719.75 0.53 0.53 0.53 1651817.03 97673.99 0.03 0.04 0.08 -1 278
Result 0 0.0 285 0.48 0.21 0.21 0.22 0.18 0.17 -1 -1 -1 -1 -1
Evo 113.51 -10000003.06 0.53 -156555.23 0.53 0.53 0.53 1242605.93 54969.65 0.02 0.21 0.28 -1 503
Result 0 0.0 510 0.47 0.21 0.20 0.18 0.21 0.20 -1 -1 -1 -1 -1
Evo 115.75 -10000002.74 0.53 -279719.74 0.53 0.53 0.53 1651817.02 97673.99 0.03 0.09 0.16 -1 53
Result 0 0.0 285 0.46 0.22 0.20 0.21 0.19 0.18 -1 -1 -1 -1 -1
Evo 114.88 -10000002.06 0.53 -279719.71 0.53 0.53 0.53 1651816.81 97673.98 0.03 0.11 0.18 -1 278
Result 0 0.0 285 0.47 0.22 0.21 0.19 0.19 0.19 -1 -1 -1 -1 -1
Evo 114.13 -10000003.90 0.53 -279719.74 0.53 0.53 0.53 1651817.02 97673.99 0.03 0.06 0.10 -1 278
Result 0 0.0 285 0.49 0.18 0.23 0.18 0.17 0.24 -1 -1 -1 -1 -1
Evo 114.65 -10000003.79 0.53 -279719.72 0.53 0.53 0.53 1651816.87 97673.98 0.03 0.10 0.17 -1 278
Result 0 0.0 285 0.49 0.21 0.24 0.19 0.19 0.17 -1 -1 -1 -1 -1
Evo 116.61 -10000003.59 0.53 -279719.73 0.53 0.53 0.53 1651816.96 97673.98 0.03 0.06 0.13 -1 278
Result 0 0.0 285 0.47 0.17 0.21 0.22 0.19 0.20 -1 -1 -1 -1 -1
Evo 116.83 -10000003.45 0.53 -279719.78 0.53 0.53 0.53 1651817.24 97674.00 0.03 0.10 0.18 -1 278
Result 0 0.0 285 0.46 0.19 0.19 0.18 0.23 0.21 -1 -1 -1 -1 -1
Evo 111.83 -10000002.52 40.53 -68730.23 0.53 0.53 40.53 819534.46 23797.15 0.01 0.21 0.23 -1 278
Result 0 40.0 1185 0.47 0.21 0.21 0.19 0.20 0.19 -1 -1 -1 -1 -1
Evo 116.46 -10000002.16 0.53 -279719.72 0.53 0.53 0.53 1651816.86 97673.98 0.03 0.04 0.05 -1 278
Result 0 0.0 285 0.50 0.19 0.25 0.21 0.20 0.16 -1 -1 -1 -1 -1
Evo 116.82 -10000003.95 0.53 -279719.77 0.53 0.53 0.53 1651817.19 97674.00 0.03 0.04 0.06 -1 278
Result 0 0.0 285 0.49 0.17 0.23 0.15 0.21 0.23 -1 -1 -1 -1 -1
Evo 114.14 -10000003.63 0.53 -279719.77 0.53 0.53 0.53 1651817.19 97674.00 0.03 0.04 0.06 -1 278
Result 0 0.0 285 0.46 0.19 0.20 0.23 0.20 0.19 -1 -1 -1 -1 -1
Evo 115.47 -10000003.12 0.53 -279719.77 0.53 0.53 0.53 1651817.19 97674.00 0.03 0.06 0.08 -1 278
Result 0 0.0 285 0.46 0.17 0.19 0.23 0.24 0.16 -1 -1 -1 -1 -1
Evo 131.47 -10000004.36 0.53 -1311474.99 0.53 0.53 0.53 3403630.63 435790.25 0.10 0.04 0.06 -1 53
Result 0 0.0 60 0.36 0.21 0.11 0.23 0.26 0.18 -1 -1 -1 -1 -1
Evo 115.77 -10000003.62 0.53 -279719.79 0.53 0.53 0.53 1651817.27 97674.00 0.03 0.06 0.08 -1 278
Result 0 0.0 285 0.45 0.20 0.19 0.20 0.20 0.22 -1 -1 -1 -1 -1
Evo 115.43 -10000002.43 0.53 -279719.74 0.53 0.53 0.53 1651816.99 97673.99 0.03 0.04 0.06 -1 278
Result 0 0.0 285 0.49 0.19 0.24 0.18 0.18 0.21 -1 -1 -1 -1 -1
Evo 113.92 -10000001.80 0.53 -279719.73 0.53 0.53 0.53 1651816.95 97673.98 0.03 0.09 0.13 -1 278
Result 0 0.0 285 0.48 0.17 0.21 0.17 0.21 0.24 -1 -1 -1 -1 -1
Evo 113.66 -10000003.19 0.53 -279719.73 0.53 0.53 0.53 1651816.92 97673.98 0.03 0.03 0.05 -1 278
Result 0 0.0 285 0.48 0.20 0.22 0.25 0.14 0.20 -1 -1 -1 -1 -1
Evo 114.41 -10000004.68 0.53 -279719.72 0.53 0.53 0.53 1651816.87 97673.98 0.03 0.06 0.08 -1 278
Result 0 0.0 285 0.45 0.19 0.18 0.20 0.20 0.23 -1 -1 -1 -1 -1
Evo 114.95 -10000003.99 0.53 -279719.74 0.53 0.53 0.53 1651817.02 97673.99 0.03 0.04 0.05 -1 278
Result 0 0.0 285 0.45 0.23 0.18 0.20 0.19 0.20 -1 -1 -1 -1 -1
Evo 113.74 -10000003.53 0.53 -279719.75 0.53 0.53 0.53 1651817.03 97673.99 0.03 0.08 0.11 -1 278
Result 0 0.0 285 0.45 0.21 0.19 0.15 0.24 0.21 -1 -1 -1 -1 -1
Evo 116.72 -10000004.16 0.53 -279719.78 0.53 0.53 0.53 1651817.22 97674.00 0.03 0.07 0.09 -1 278
Result 0 0.0 285 0.41 0.19 0.15 0.20 0.25 0.21 -1 -1 -1 -1 -1
Evo 113.87 -10000002.07 0.53 -337013.50 0.53 0.53 0.53 1759467.14 104039.47 0.03 0.04 0.06 -1 53
Result 0 0.0 285 0.49 0.19 0.23 0.16 0.20 0.21 -1 -1 -1 -1 -1
Evo 116.69 -10000001.54 0.53 -279719.71 0.53 0.53 0.53 1651816.84 97673.98 0.03 0.07 0.09 -1 278
Result 0 0.0 285 0.47 0.17 0.20 0.20 0.22 0.20 -1 -1 -1 -1 -1
Evo 114.53 -10000003.79 0.53 -279719.75 0.53 0.53 0.53 1651817.08 97673.99 0.03 0.04 0.05 -1 278
Result 0 0.0 285 0.48 0.22 0.21 0.16 0.19 0.22 -1 -1 -1 -1 -1
Evo 116.28 -10000004.16 0.53 -279719.74 0.53 0.53 0.53 1651816.98 97673.99 0.03 0.05 0.07 -1 278
Result 0 0.0 285 0.46 0.23 0.20 0.21 0.19 0.16 -1 -1 -1 -1 -1
Evo 115.07 -10000003.62 0.53 -279719.78 0.53 0.53 0.53 1651817.25 97674.00 0.03 0.06 0.08 -1 278
Result 0 0.0 285 0.45 0.17 0.19 0.22 0.20 0.22 -1 -1 -1 -1 -1
Evo 114.77 -10000002.91 0.53 -279719.71 0.53 0.53 0.53 1651816.85 97673.98 0.03 0.08 0.11 -1 278
Result 0 0.0 285 0.39 0.16 0.13 0.25 0.21 0.24 -1 -1 -1 -1 -1
