Evo 106.88 -10000001.44 0.57 -119533.66 0.46 0.53 0.55 897912.88 28380.31 0.01 0.06 0.13 -1 0
Result 0 0.0 1000 0.46 0.18 0.13 0.14 0.21 0.15 0.20 -1 -1 -1 -1
Evo 109.97 -10000004.41 0.57 -97977.52 0.53 0.56 0.56 892778.77 28218.04 0.01 0.08 0.15 -1 0
Result 0 0.0 1000 0.42 0.15 0.14 0.15 0.17 0.19 0.19 -1 -1 -1 -1
Evo 105.16 -10000003.52 0.57 -124896.43 0.43 0.53 0.56 894275.09 28265.33 0.01 0.08 0.15 -1 0
Result 0 0.0 1000 0.43 0.18 0.12 0.17 0.20 0.15 0.18 -1 -1 -1 -1
Evo 107.75 -10000001.19 0.57 -107633.51 0.50 0.55 0.56 893383.93 28237.17 0.01 0.08 0.15 -1 0
Result 0 0.0 1000 0.43 0.18 0.14 0.16 0.18 0.17 0.17 -1 -1 -1 -1
Evo 107.81 -10000002.65 0.57 -108478.86 0.50 0.56 0.56 894189.61 28262.63 0.01 0.08 0.15 -1 0
Result 0 0.0 1000 0.43 0.17 0.15 0.16 0.16 0.18 0.17 -1 -1 -1 -1
Evo 107.22 -10000001.40 0.57 -115584.75 0.47 0.55 0.56 895246.50 28296.04 0.01 0.08 0.15 -1 0
Result 0 0.0 1000 0.46 0.16 0.13 0.16 0.19 0.17 0.19 -1 -1 -1 -1
Evo 98.96 -10000003.13 0.57 -158914.36 -151514.86 0.46 0.53 897994.04 28382.88 0.01 0.06 0.12 -1 0
Result 0 0.0 1000 0.45 0.18 0.06 0.19 0.21 0.17 0.18 -1 -1 -1 -1
Evo 102.65 -10000003.18 0.57 -139138.86 0.39 0.50 0.54 894638.05 28276.80 0.01 0.07 0.13 -1 0
Result 0 0.0 1000 0.45 0.19 0.09 0.18 0.19 0.17 0.17 -1 -1 -1 -1
Evo 102.45 -10000004.15 0.57 -142519.56 0.40 0.50 0.54 899665.33 28435.70 0.01 0.08 0.15 -1 0
Result 0 0.0 1000 0.44 0.19 0.09 0.17 0.19 0.17 0.18 -1 -1 -1 -1
Evo 110.34 -10000004.12 0.57 -98721.23 0.54 0.56 0.56 893873.30 28252.63 0.01 0.09 0.15 -1 0
Result 0 0.0 1000 0.44 0.19 0.12 0.16 0.18 0.18 0.18 -1 -1 -1 -1
Evo 104.53 -10000003.12 0.57 -130469.33 0.43 0.52 0.55 894814.33 28282.38 0.01 0.06 0.11 -1 0
Result 0 0.0 1000 0.45 0.18 0.11 0.16 0.21 0.16 0.19 -1 -1 -1 -1
Evo 104.07 -10000003.11 3.57 -130082.08 3.36 3.52 3.55 897971.54 28382.17 0.01 0.10 0.18 -1 0
Result 0 3.0 1000 0.44 0.17 0.10 0.18 0.19 0.18 0.18 -1 -1 -1 -1
Evo 108.75 -10000003.43 3.57 -109218.59 3.49 3.54 3.56 896039.19 28321.09 0.01 0.06 0.11 -1 0
Result 0 3.0 1000 0.40 0.17 0.15 0.14 0.19 0.15 0.20 -1 -1 -1 -1
Evo 101.85 -10000001.87 0.57 -139072.57 0.39 0.50 0.55 894891.63 28284.82 0.01 0.08 0.15 -1 0
Result 0 0.0 1000 0.44 0.18 0.11 0.18 0.19 0.16 0.19 -1 -1 -1 -1
Evo 108.09 -10000002.36 0.57 -108498.83 0.49 0.55 0.56 893973.05 28255.79 0.01 0.08 0.15 -1 0
Result 0 0.0 1000 0.45 0.18 0.12 0.16 0.18 0.17 0.18 -1 -1 -1 -1
Evo 98.08 -10000003.74 0.57 -166988.75 -163934.02 0.47 0.53 897024.14 28352.22 0.01 0.08 0.15 -1 0
Result 0 0.0 1000 0.45 0.18 0.06 0.18 0.21 0.18 0.18 -1 -1 -1 -1
Evo 102.19 -10000003.96 0.57 -152198.45 0.35 0.50 0.56 899888.33 28442.75 0.01 0.10 0.15 -1 0
Result 0 0.0 1000 0.46 0.16 0.08 0.19 0.19 0.20 0.17 -1 -1 -1 -1
Evo 99.88 -10000004.24 0.57 -164182.17 -172413.44 0.46 0.53 896342.70 28330.68 0.01 0.06 0.12 -1 0
Result 0 0.0 1000 0.46 0.17 0.06 0.19 0.20 0.18 0.20 -1 -1 -1 -1
Evo 107.39 -10000003.45 0.57 -117922.27 0.47 0.55 0.56 894805.71 28282.10 0.01 0.09 0.15 -1 0
Result 0 0.0 1000 0.43 0.17 0.12 0.17 0.19 0.17 0.18 -1 -1 -1 -1
Evo 104.77 -10000003.91 0.57 -126980.18 0.43 0.51 0.55 894737.65 28279.95 0.01 0.06 0.13 -1 0
Result 0 0.0 1000 0.43 0.20 0.11 0.17 0.18 0.16 0.17 -1 -1 -1 -1
Evo 110.78 -10000004.52 23.57 -87059.27 23.52 23.54 23.56 891489.41 28177.29 0.01 0.07 0.17 -1 0
Result 0 23.0 1000 0.45 0.19 0.10 0.19 0.16 0.18 0.18 -1 -1 -1 -1
Evo 112.18 -10000004.11 1.57 -83232.51 1.52 1.54 1.56 891135.12 28166.09 0.01 0.04 0.11 -1 1
Result 0 1.0 1000 0.45 0.16 0.11 0.19 0.20 0.16 0.18 -1 -1 -1 -1
Evo 112.43 -10000003.68 23.57 -81753.27 23.53 23.56 23.56 891108.16 28165.24 0.01 0.11 0.25 -1 1
Result 0 23.0 1000 0.44 0.16 0.13 0.17 0.17 0.18 0.18 -1 -1 -1 -1
Evo 113.02 -10000002.38 0.57 -81715.59 0.53 0.54 0.56 891023.27 28162.55 0.01 0.04 0.10 -1 1
Result 0 0.0 1000 0.45 0.18 0.10 0.19 0.16 0.19 0.18 -1 -1 -1 -1
Evo 112.80 -10000002.11 1.58 -80329.44 1.53 1.54 1.56 890858.71 28157.35 0.01 0.03 0.10 -1 0
Result 0 1.0 1000 0.47 0.17 0.10 0.21 0.18 0.16 0.18 -1 -1 -1 -1
Evo 112.48 -10000003.13 0.57 -83359.70 0.53 0.55 0.56 891224.99 28168.93 0.01 0.05 0.10 -1 0
Result 0 0.0 1000 0.42 0.19 0.11 0.16 0.19 0.18 0.17 -1 -1 -1 -1
Evo 111.65 -10000000.49 1.57 -86047.17 1.52 1.54 1.56 891742.20 28185.28 0.01 0.04 0.11 -1 1
Result 0 1.0 1000 0.44 0.15 0.11 0.17 0.20 0.17 0.19 -1 -1 -1 -1
Evo 111.68 -10000002.59 23.57 -81524.39 23.56 23.56 23.56 890976.18 28161.06 0.01 0.19 0.35 -1 0
Result 0 23.0 1000 0.44 0.18 0.13 0.16 0.18 0.18 0.17 -1 -1 -1 -1
Evo 112.06 -10000003.11 1.57 -82769.40 1.53 1.54 1.56 891094.78 28164.81 0.01 0.05 0.11 -1 0
Result 0 1.0 1000 0.46 0.16 0.11 0.19 0.18 0.17 0.19 -1 -1 -1 -1
Evo 112.54 -10000004.33 0.57 -81212.32 0.53 0.55 0.56 890909.29 28158.95 0.01 0.04 0.10 -1 1
Result 0 0.0 1000 0.46 0.17 0.10 0.17 0.17 0.19 0.20 -1 -1 -1 -1
Evo 112.59 -10000002.93 0.57 -82109.94 0.53 0.54 0.56 891098.71 28164.94 0.01 0.05 0.10 -1 0
Result 0 0.0 1000 0.44 0.16 0.12 0.19 0.18 0.18 0.17 -1 -1 -1 -1
Evo 111.42 -10000004.10 22.57 -82145.09 22.52 22.54 22.56 890965.44 28160.72 0.01 0.05 0.11 -1 0
Result 0 22.0 1000 0.46 0.17 0.08 0.19 0.19 0.18 0.18 -1 -1 -1 -1
Evo 111.94 -10000001.72 23.57 -85219.20 2.56 23.54 23.56 891427.57 28175.33 0.01 0.16 0.32 -1 1
Result 0 23.0 1000 0.45 0.15 0.13 0.19 0.19 0.17 0.17 -1 -1 -1 -1
Evo 111.77 -10000003.77 23.57 -80657.87 23.53 23.56 23.56 890865.86 28157.58 0.01 0.15 0.33 -1 0
Result 0 23.0 1000 0.45 0.18 0.14 0.18 0.16 0.18 0.15 -1 -1 -1 -1
Evo 110.42 -10000002.79 23.57 -81208.05 22.51 23.55 23.56 890954.05 28160.36 0.01 0.15 0.33 -1 2
Result 0 23.0 1000 0.44 0.18 0.12 0.18 0.17 0.18 0.17 -1 -1 -1 -1
Evo 112.71 -10000004.29 0.57 -82302.37 0.53 0.54 0.56 891039.22 28163.06 0.01 0.05 0.10 -1 1
Result 0 0.0 1000 0.43 0.19 0.11 0.16 0.19 0.18 0.16 -1 -1 -1 -1
Evo 111.53 -10000003.14 23.57 -80416.36 23.53 23.55 23.56 890854.39 28157.21 0.01 0.14 0.33 -1 3
Result 0 23.0 1000 0.43 0.16 0.11 0.17 0.20 0.18 0.17 -1 -1 -1 -1
Evo 111.75 -10000003.78 23.57 -81113.01 19.56 23.56 23.56 890881.29 28158.06 0.01 0.11 0.23 -1 1
Result 0 23.0 1000 0.42 0.16 0.13 0.18 0.19 0.18 0.16 -1 -1 -1 -1
Evo 108.11 -10000001.69 23.57 -87881.76 22.53 22.56 23.56 891800.96 28187.13 0.01 0.13 0.30 -1 0
Result 0 23.0 1000 0.44 0.16 0.13 0.18 0.19 0.18 0.16 -1 -1 -1 -1
Evo 112.54 -10000003.21 23.57 -80732.85 2.53 2.56 2.57 890849.22 28157.05 0.01 0.06 0.14 -1 2
Result 0 23.0 1000 0.44 0.17 0.11 0.17 0.20 0.16 0.19 -1 -1 -1 -1
Evo 104.81 -10000002.53 8.57 -88550.79 8.50 8.54 8.56 891905.45 28190.44 0.01 0.08 0.17 -1 0
Result 0 8.0 1000 0.44 0.19 0.12 0.16 0.19 0.16 0.18 -1 -1 -1 -1
Evo 107.42 -10000003.43 9.91 -94101.97 9.52 9.55 9.56 892551.52 28210.86 0.01 0.09 0.19 -1 0
Result 0 9.0 1000 0.44 0.17 0.11 0.16 0.17 0.20 0.18 -1 -1 -1 -1
Evo 94.93 -10000002.82 4.67 -84390.96 4.52 4.55 4.56 891204.67 28168.29 0.01 0.03 0.10 -1 0
Result 0 4.0 1000 0.43 0.19 0.13 0.17 0.20 0.15 0.15 -1 -1 -1 -1
Evo 110.29 -10000004.21 2.58 -90233.69 2.50 2.53 2.55 891505.55 28177.80 0.01 0.05 0.10 -1 0
Result 0 2.0 1000 0.39 0.18 0.15 0.14 0.20 0.15 0.18 -1 -1 -1 -1
Evo 89.08 -694433.71 9999996.89 91033.02 9.56 11.51 11.56 908654.54 30121.60 0.01 0.10 0.22 492 0
Result 1 11.0 909 0.42 0.17 0.15 0.16 0.15 0.16 0.20 -1 -1 -1 -1
Evo 105.43 -10000003.61 2.80 -81913.85 2.52 2.55 2.56 890902.69 28158.74 0.01 0.03 0.09 -1 0
Result 0 2.0 1000 0.42 0.16 0.17 0.17 0.18 0.17 0.16 -1 -1 -1 -1
Evo 100.61 -10000002.85 11.57 -93019.81 7.53 11.51 11.56 891953.79 28191.96 0.01 0.07 0.18 -1 0
Result 0 11.0 1000 0.44 0.16 0.09 0.18 0.20 0.16 0.21 -1 -1 -1 -1
Evo 92.37 -10000002.70 2.21 -81623.90 0.51 0.54 0.56 890864.76 28157.54 0.01 0.01 0.06 -1 0
Result 0 0.0 1000 0.38 0.15 0.18 0.13 0.20 0.16 0.18 -1 -1 -1 -1
Evo 92.11 -10000003.79 2.97 -87116.69 2.50 2.53 2.55 891584.60 28180.29 0.01 0.03 0.08 -1 0
Result 0 2.0 1000 0.44 0.18 0.10 0.17 0.20 0.17 0.17 -1 -1 -1 -1
Evo 111.57 -10000004.02 2.57 -83710.41 2.52 2.54 2.56 891114.19 28165.43 0.01 0.04 0.10 -1 0
Result 0 2.0 1000 0.43 0.16 0.13 0.17 0.21 0.17 0.16 -1 -1 -1 -1
Evo 104.46 -10000003.27 6.95 -87031.58 0.58 5.53 5.56 891454.97 28176.20 0.01 0.05 0.14 -1 0
Result 0 5.0 1000 0.40 0.17 0.14 0.18 0.20 0.17 0.14 -1 -1 -1 -1
Evo 111.09 -10000003.92 2.57 -83526.90 2.52 2.54 2.56 891118.74 28165.57 0.01 0.04 0.10 -1 0
Result 0 2.0 1000 0.41 0.18 0.14 0.15 0.20 0.16 0.18 -1 -1 -1 -1
Evo 103.79 -10000003.93 2.91 -88547.06 2.48 2.53 2.55 891264.36 28170.17 0.01 0.04 0.09 -1 0
Result 0 2.0 1000 0.38 0.18 0.16 0.13 0.21 0.14 0.17 -1 -1 -1 -1
Evo 110.33 -10000003.56 5.72 -85851.08 5.51 5.54 5.56 891208.64 28168.41 0.01 0.06 0.12 -1 0
Result 0 5.0 1000 0.42 0.15 0.13 0.16 0.21 0.18 0.17 -1 -1 -1 -1
Evo 108.88 -10000002.64 2.20 -95174.47 0.47 0.51 0.54 891659.24 28182.65 0.01 0.03 0.05 -1 0
Result 0 0.0 1000 0.30 0.18 0.23 0.09 0.20 0.11 0.19 -1 -1 -1 -1
Evo 62.39 -10000003.85 2.13 -84606.37 0.56 0.67 1.60 890920.62 28159.31 0.01 0.02 0.05 -1 0
Result 0 0.0 1000 0.25 0.28 0.11 0.06 0.12 0.16 0.28 -1 -1 -1 -1
Evo 97.37 -10000003.28 6.63 -83336.10 6.52 6.54 6.56 891130.48 28165.94 0.01 0.04 0.12 -1 0
Result 0 6.0 1000 0.46 0.17 0.11 0.19 0.19 0.17 0.18 -1 -1 -1 -1
Evo 108.35 -9999999.79 2.05 -95312.09 0.47 0.51 0.54 891714.56 28184.40 0.01 0.02 0.06 -1 0
Result 0 0.0 1000 0.34 0.17 0.24 0.10 0.21 0.10 0.18 -1 -1 -1 -1
Evo 98.59 -10000003.26 6.57 -84730.65 2.53 2.57 6.51 891062.81 28163.80 0.01 0.04 0.11 -1 0
Result 0 6.0 1000 0.42 0.18 0.13 0.16 0.21 0.14 0.17 -1 -1 -1 -1
Evo 96.35 -10000004.06 2.62 -83356.89 2.50 2.53 2.56 890990.53 28161.52 0.01 0.02 0.08 -1 0
Result 0 2.0 1000 0.43 0.15 0.10 0.16 0.20 0.20 0.19 -1 -1 -1 -1
Evo 112.76 -10000004.21 9.57 -80154.30 9.56 9.56 9.57 890858.24 28157.34 0.01 0.11 0.18 -1 3
Result 0 9.0 1000 0.46 0.16 0.17 0.19 0.17 0.14 0.16 -1 -1 -1 -1
Evo 112.61 -10000002.25 9.57 -80390.59 9.56 9.56 9.57 890868.40 28157.66 0.01 0.07 0.13 -1 1
Result 0 9.0 1000 0.42 0.17 0.15 0.15 0.19 0.17 0.17 -1 -1 -1 -1
Evo 110.19 -10000003.23 9.57 -80040.54 9.55 9.56 9.56 890844.50 28156.90 0.01 0.15 0.19 -1 2
Result 0 9.0 1000 0.44 0.18 0.18 0.18 0.16 0.15 0.15 -1 -1 -1 -1
Evo 112.18 -10000004.17 18.57 -80051.04 18.56 18.56 18.57 890846.51 28156.97 0.01 0.18 0.26 -1 1
Result 0 18.0 1000 0.43 0.16 0.16 0.17 0.17 0.17 0.17 -1 -1 -1 -1
Evo 22.33 -10000003.47 12.13 -80393.80 12.02 12.05 12.08 890879.91 28158.02 0.01 0.02 0.08 -1 1
Result 0 9.0 1000 0.13 0.44 0.05 0.02 0.02 0.01 0.45 -1 -1 -1 -1
Evo 107.65 -10000004.25 12.58 -86627.61 9.53 9.56 9.56 891786.81 28186.69 0.01 0.11 0.18 -1 2
Result 0 9.0 1000 0.45 0.17 0.17 0.18 0.18 0.15 0.15 -1 -1 -1 -1
Evo 111.53 -10000003.47 9.57 -82056.88 9.54 9.56 9.56 891435.06 28175.57 0.01 0.12 0.19 -1 3
Result 0 9.0 1000 0.45 0.18 0.15 0.18 0.16 0.17 0.16 -1 -1 -1 -1
Evo 112.12 -10000003.77 18.57 -79904.60 9.57 18.56 18.56 890847.38 28156.99 0.01 0.14 0.25 -1 0
Result 0 18.0 1000 0.43 0.17 0.15 0.17 0.15 0.19 0.17 -1 -1 -1 -1
Evo 111.37 -10000003.52 18.57 -80108.04 18.56 18.56 18.57 890852.79 28157.16 0.01 0.15 0.25 -1 0
Result 0 18.0 1000 0.42 0.16 0.18 0.16 0.16 0.17 0.17 -1 -1 -1 -1
Evo 28.85 -10000004.23 12.13 -79908.28 12.01 12.05 12.07 890846.95 28156.98 0.01 0.02 0.11 -1 0
Result 0 9.0 1000 0.11 0.43 0.06 0.02 0.03 0.03 0.43 -1 -1 -1 -1
Evo 111.70 -10000004.34 18.57 -80401.69 18.56 18.56 18.57 890879.63 28158.01 0.01 0.17 0.25 -1 0
Result 0 18.0 1000 0.45 0.16 0.16 0.18 0.16 0.16 0.18 -1 -1 -1 -1
Evo 111.94 -10000003.77 18.57 -79901.97 18.56 18.56 18.57 890847.40 28156.99 0.01 0.17 0.27 -1 2
Result 0 18.0 1000 0.44 0.16 0.16 0.18 0.17 0.17 0.17 -1 -1 -1 -1
Evo 103.71 -10000001.80 21.57 -80787.01 21.56 21.56 21.57 890993.39 28161.61 0.01 0.11 0.22 -1 0
Result 0 21.0 1000 0.42 0.18 0.19 0.15 0.16 0.16 0.15 -1 -1 -1 -1
Evo 111.82 -10000004.63 21.57 -80309.83 18.56 18.56 18.57 890858.43 28157.34 0.01 0.21 0.25 -1 3
Result 0 21.0 1000 0.44 0.15 0.18 0.17 0.17 0.16 0.16 -1 -1 -1 -1
Evo 112.51 -10000004.17 19.57 -79900.88 19.56 19.56 19.57 890847.73 28157.00 0.01 0.18 0.27 -1 1
Result 0 19.0 1000 0.42 0.16 0.15 0.16 0.17 0.18 0.18 -1 -1 -1 -1
Evo 111.54 -10000002.89 18.57 -79901.97 18.56 18.56 18.57 890847.42 28156.99 0.01 0.15 0.24 -1 2
Result 0 18.0 1000 0.44 0.17 0.16 0.18 0.15 0.17 0.16 -1 -1 -1 -1
Evo 112.51 -10000003.05 9.57 -80344.97 9.56 9.56 9.57 890913.61 28159.09 0.01 0.05 0.13 -1 3
Result 0 9.0 1000 0.45 0.16 0.16 0.18 0.16 0.17 0.17 -1 -1 -1 -1
Evo 111.31 -10000003.67 17.58 -80020.49 9.56 17.56 17.56 890844.22 28156.89 0.01 0.17 0.24 -1 0
Result 0 17.0 1000 0.42 0.18 0.17 0.16 0.16 0.16 0.17 -1 -1 -1 -1
Evo 26.06 -10000001.33 13.67 -80706.24 12.88 13.03 13.06 890905.16 28158.82 0.01 0.04 0.11 -1 0
Result 0 11.0 1000 0.19 0.39 0.08 0.04 0.03 0.04 0.42 -1 -1 -1 -1
Evo 110.77 -10000003.37 18.57 -80035.45 18.56 18.56 18.57 890845.35 28156.93 0.01 0.16 0.22 -1 1
Result 0 18.0 1000 0.45 0.15 0.17 0.19 0.15 0.15 0.18 -1 -1 -1 -1
Evo 112.74 -10000002.10 0.57 -79919.51 0.56 0.56 0.57 890845.84 28156.94 0.01 0.05 0.05 -1 993
Result 0 0.0 1000 0.42 0.17 0.18 0.16 0.18 0.15 0.15 -1 -1 -1 -1
Evo 112.98 -10000004.46 7.57 -79912.87 7.56 7.56 7.57 890846.58 28156.97 0.01 0.05 0.07 -1 993
Result 0 7.0 1000 0.41 0.14 0.18 0.15 0.17 0.17 0.17 -1 -1 -1 -1
Evo 113.00 -10000004.07 0.57 -79919.52 0.56 0.56 0.57 890845.92 28156.95 0.01 0.05 0.05 -1 993
Result 0 0.0 1000 0.42 0.18 0.15 0.18 0.15 0.17 0.16 -1 -1 -1 -1
Evo 113.15 -10000003.57 0.57 -79919.52 0.56 0.56 0.57 890845.91 28156.95 0.01 0.05 0.05 -1 993
Result 0 0.0 1000 0.44 0.18 0.15 0.15 0.18 0.17 0.17 -1 -1 -1 -1
Evo 113.12 -10000003.53 0.57 -79919.52 0.56 0.56 0.57 890845.90 28156.95 0.01 0.05 0.05 -1 993
Result 0 0.0 1000 0.42 0.15 0.19 0.15 0.17 0.17 0.16 -1 -1 -1 -1
Evo 112.51 -10000003.65 0.57 -79919.53 0.56 0.56 0.57 890846.03 28156.95 0.01 0.05 0.05 -1 993
Result 0 0.0 1000 0.43 0.16 0.17 0.17 0.16 0.17 0.17 -1 -1 -1 -1
Evo 113.36 -10000002.16 0.57 -79919.51 0.56 0.56 0.57 890845.78 28156.94 0.01 0.05 0.05 -1 993
Result 0 0.0 1000 0.42 0.17 0.19 0.18 0.16 0.15 0.15 -1 -1 -1 -1
Evo 112.87 -10000003.89 0.57 -79919.51 0.56 0.56 0.57 890845.81 28156.94 0.01 0.05 0.05 -1 993
Result 0 0.0 1000 0.42 0.18 0.16 0.16 0.15 0.19 0.16 -1 -1 -1 -1
Evo 113.41 -10000003.44 7.57 -80094.50 7.56 7.56 7.57 890848.73 28157.04 0.01 0.08 0.09 -1 561
Result 0 7.0 1000 0.43 0.17 0.16 0.16 0.16 0.18 0.16 -1 -1 -1 -1
Evo 112.85 -10000003.96 0.57 -79919.51 0.56 0.56 0.57 890845.84 28156.94 0.01 0.05 0.05 -1 993
Result 0 0.0 1000 0.42 0.17 0.17 0.16 0.17 0.17 0.15 -1 -1 -1 -1
Evo 113.03 -10000003.72 7.57 -79912.80 7.56 7.56 7.57 890846.60 28156.97 0.01 0.07 0.09 -1 906
Result 0 7.0 1000 0.42 0.16 0.16 0.16 0.17 0.18 0.17 -1 -1 -1 -1
Evo 113.02 -10000003.06 0.57 -79919.51 0.56 0.56 0.57 890845.86 28156.94 0.01 0.05 0.05 -1 993
Result 0 0.0 1000 0.42 0.17 0.19 0.17 0.15 0.17 0.16 -1 -1 -1 -1
Evo 113.07 -10000003.46 7.57 -80535.93 7.56 7.56 7.57 890910.49 28158.99 0.01 0.08 0.09 -1 404
Result 0 7.0 1000 0.42 0.16 0.19 0.16 0.17 0.17 0.15 -1 -1 -1 -1
Evo 112.90 -10000004.05 0.57 -79919.50 0.56 0.56 0.57 890845.70 28156.94 0.01 0.05 0.05 -1 993
Result 0 0.0 1000 0.42 0.16 0.17 0.16 0.20 0.15 0.16 -1 -1 -1 -1
Evo 112.90 -10000003.56 0.57 -79919.51 0.56 0.56 0.57 890845.85 28156.94 0.01 0.03 0.05 -1 52
Result 0 0.0 1000 0.44 0.16 0.18 0.18 0.14 0.14 0.20 -1 -1 -1 -1
Evo 113.30 -10000003.74 0.57 -79919.52 0.56 0.56 0.57 890845.99 28156.95 0.01 0.05 0.05 -1 993
Result 0 0.0 1000 0.41 0.16 0.18 0.15 0.19 0.16 0.16 -1 -1 -1 -1
Evo 113.40 -10000003.21 0.57 -79919.50 0.56 0.56 0.57 890845.74 28156.94 0.01 0.05 0.05 -1 993
Result 0 0.0 1000 0.43 0.15 0.16 0.17 0.18 0.15 0.18 -1 -1 -1 -1
Evo 113.16 -10000002.15 0.57 -79919.50 0.56 0.56 0.57 890845.69 28156.94 0.01 0.05 0.05 -1 993
Result 0 0.0 1000 0.45 0.16 0.15 0.17 0.16 0.18 0.18 -1 -1 -1 -1
Evo 113.23 -10000003.13 0.57 -79919.51 0.56 0.56 0.57 890845.88 28156.95 0.01 0.03 0.05 -1 993
Result 0 0.0 1000 0.45 0.15 0.17 0.18 0.15 0.16 0.19 -1 -1 -1 -1
Evo 113.31 -10000003.50 0.57 -79919.51 0.56 0.56 0.57 890845.84 28156.94 0.01 0.05 0.05 -1 993
Result 0 0.0 1000 0.44 0.17 0.16 0.16 0.15 0.18 0.17 -1 -1 -1 -1
