Evo 93.91 -10000001.00 0.42 -53315.70 -25.44 -23.47 -9.69 728346.46 18799.56 0.01 0.05 0.07 -1 1493
Result 0 -26.0 1500 0.43 0.16 0.18 0.16 0.16 0.18 0.17 -1 -1 -1 -1
Evo 93.41 -10000000.99 0.46 -53315.71 -25.44 -23.50 -9.69 728346.59 18799.56 0.01 0.07 0.08 -1 1493
Result 0 -26.0 1500 0.42 0.17 0.17 0.16 0.16 0.18 0.16 -1 -1 -1 -1
Evo 93.90 -10000002.99 0.60 -53445.09 -25.44 -23.50 -9.69 728354.54 18799.77 0.01 0.10 0.18 -1 483
Result 0 -26.0 1500 0.45 0.17 0.16 0.18 0.15 0.16 0.18 -1 -1 -1 -1
Evo 92.66 -10000000.40 0.62 -53658.61 -24.47 -14.61 -3.44 728445.46 18802.11 0.01 0.15 0.25 -1 1106
Result 0 -4.0 1500 0.44 0.15 0.16 0.17 0.18 0.16 0.18 -1 -1 -1 -1
Evo 94.50 -10000001.41 0.38 -53315.71 -25.44 -23.48 -9.69 728346.55 18799.56 0.01 0.06 0.08 -1 1493
Result 0 -26.0 1500 0.42 0.17 0.16 0.16 0.16 0.19 0.15 -1 -1 -1 -1
Evo 94.82 -10000002.62 0.65 -53802.48 -25.44 -23.50 -9.69 728475.59 18802.89 0.01 0.12 0.19 -1 793
Result 0 -26.0 1500 0.42 0.16 0.17 0.16 0.18 0.16 0.18 -1 -1 -1 -1
Evo 91.78 -10000002.70 1.60 -53302.36 -4.79 -3.43 -1.56 728347.53 18799.59 0.01 0.18 0.27 -1 301
Result 0 -4.0 1500 0.42 0.17 0.18 0.17 0.16 0.16 0.16 -1 -1 -1 -1
Evo 91.21 -10000002.88 13.47 -53300.79 -8.49 -7.49 2.26 728347.75 18799.59 0.01 0.21 0.30 -1 84
Result 0 -10.0 1500 0.42 0.17 0.17 0.16 0.17 0.16 0.17 -1 -1 -1 -1
Evo 94.48 -10000002.82 0.49 -53315.72 -25.44 -23.50 -9.70 728346.53 18799.56 0.01 0.15 0.29 -1 163
Result 0 -26.0 1500 0.43 0.14 0.16 0.17 0.18 0.17 0.19 -1 -1 -1 -1
Evo 94.57 -10000002.97 0.65 -53523.91 -25.44 -23.50 -9.67 728376.05 18800.32 0.01 0.13 0.23 -1 968
Result 0 -26.0 1500 0.45 0.16 0.15 0.17 0.16 0.18 0.17 -1 -1 -1 -1
Evo 93.68 -10000002.49 0.34 -53315.72 -25.44 -23.49 -9.71 728346.59 18799.56 0.01 0.17 0.30 -1 92
Result 0 -26.0 1500 0.44 0.17 0.15 0.17 0.17 0.18 0.16 -1 -1 -1 -1
Evo 95.63 -10000000.15 0.49 -53315.70 -25.44 -23.50 -9.67 728346.44 18799.56 0.01 0.06 0.10 -1 1493
Result 0 -26.0 1500 0.43 0.18 0.16 0.17 0.18 0.15 0.16 -1 -1 -1 -1
Evo 94.41 -10000002.19 0.49 -53315.71 -25.43 -23.50 -9.72 728346.56 18799.56 0.01 0.08 0.09 -1 1493
Result 0 -26.0 1500 0.44 0.16 0.16 0.17 0.17 0.17 0.16 -1 -1 -1 -1
Evo 93.97 -10000003.82 8.45 -53300.37 -3.44 -3.43 -1.81 728347.77 18799.59 0.01 0.20 0.32 -1 223
Result 0 -4.0 1500 0.42 0.17 0.16 0.15 0.18 0.17 0.16 -1 -1 -1 -1
Evo 94.79 -10000003.89 0.43 -53315.71 -25.44 -23.50 -9.69 728346.53 18799.56 0.01 0.08 0.09 -1 1493
Result 0 -26.0 1500 0.44 0.18 0.15 0.17 0.15 0.18 0.16 -1 -1 -1 -1
Evo 94.23 -10000001.17 0.35 -53315.72 -25.44 -23.51 -9.70 728346.56 18799.56 0.01 0.13 0.25 -1 413
Result 0 -26.0 1500 0.43 0.17 0.18 0.16 0.17 0.16 0.17 -1 -1 -1 -1
Evo 95.45 -10000003.67 0.40 -53315.71 -25.44 -23.49 -9.69 728346.59 18799.56 0.01 0.08 0.13 -1 187
Result 0 -26.0 1500 0.43 0.17 0.16 0.18 0.16 0.16 0.17 -1 -1 -1 -1
Evo 94.77 -10000003.38 0.35 -53315.71 -25.44 -23.48 -9.71 728346.57 18799.56 0.01 0.09 0.15 -1 1434
Result 0 -26.0 1500 0.42 0.17 0.17 0.18 0.17 0.17 0.15 -1 -1 -1 -1
Evo 92.73 -10000003.15 0.60 -53315.71 -25.44 -23.47 -9.70 728346.58 18799.56 0.01 0.08 0.10 -1 1493
Result 0 -26.0 1500 0.44 0.16 0.17 0.17 0.17 0.17 0.16 -1 -1 -1 -1
Evo 88.02 -10000004.12 6.61 -53297.78 -2.63 0.31 3.50 728348.09 18799.60 0.01 0.11 0.18 -1 13
Result 0 2.0 1500 0.42 0.16 0.17 0.17 0.17 0.16 0.17 -1 -1 -1 -1
Evo 99.76 -10000004.01 0.45 -53417.03 -12.46 -8.43 -5.48 728351.83 18799.70 0.01 0.11 0.17 -1 311
Result 0 -9.0 1500 0.42 0.15 0.18 0.17 0.16 0.17 0.16 -1 -1 -1 -1
Evo 100.24 -10000001.96 0.40 -53555.78 -13.48 -13.46 -11.49 728391.69 18800.73 0.01 0.06 0.09 -1 1177
Result 0 -16.0 1500 0.43 0.17 0.17 0.17 0.17 0.16 0.16 -1 -1 -1 -1
Evo 92.67 -10000002.06 0.61 -53302.43 -6.61 -3.62 -2.52 728347.56 18799.59 0.01 0.14 0.18 -1 1493
Result 0 -11.0 1500 0.43 0.17 0.16 0.17 0.14 0.18 0.18 -1 -1 -1 -1
Evo 100.17 -10000003.69 0.64 -53309.04 -13.49 -13.46 -11.48 728347.07 18799.57 0.01 0.10 0.17 -1 255
Result 0 -16.0 1500 0.44 0.19 0.17 0.16 0.15 0.15 0.18 -1 -1 -1 -1
Evo 100.70 -10000000.14 0.31 -53309.03 -13.48 -13.46 -11.47 728346.95 18799.57 0.01 0.03 0.05 -1 1493
Result 0 -16.0 1500 0.43 0.16 0.16 0.17 0.16 0.17 0.17 -1 -1 -1 -1
Evo 99.18 -10000001.24 0.49 -53309.03 -13.49 -13.46 -11.47 728346.97 18799.57 0.01 0.09 0.14 -1 526
Result 0 -16.0 1500 0.43 0.15 0.18 0.17 0.16 0.16 0.17 -1 -1 -1 -1
Evo 99.94 -10000004.19 0.40 -53307.04 -13.47 -11.47 -5.47 728347.35 18799.58 0.01 0.10 0.17 -1 328
Result 0 -7.0 1500 0.42 0.18 0.18 0.16 0.14 0.15 0.19 -1 -1 -1 -1
Evo 101.24 -10000001.31 0.58 -53309.03 -13.48 -13.46 -11.48 728347.08 18799.58 0.01 0.05 0.08 -1 1088
Result 0 -16.0 1500 0.44 0.17 0.16 0.18 0.17 0.16 0.16 -1 -1 -1 -1
Evo 100.02 -10000004.01 0.49 -53791.16 -13.49 -13.46 -11.47 728394.81 18800.81 0.01 0.08 0.13 -1 641
Result 0 -16.0 1500 0.44 0.15 0.19 0.17 0.16 0.16 0.17 -1 -1 -1 -1
Evo 100.35 -10000003.53 0.35 -53309.04 -13.48 -13.46 -11.48 728347.15 18799.58 0.01 0.04 0.06 -1 1493
Result 0 -16.0 1500 0.45 0.17 0.17 0.18 0.18 0.15 0.14 -1 -1 -1 -1
Evo 101.47 -10000001.93 0.65 -53309.03 -13.48 -13.46 -11.47 728347.01 18799.57 0.01 0.03 0.04 -1 1493
Result 0 -16.0 1500 0.42 0.18 0.17 0.16 0.17 0.16 0.16 -1 -1 -1 -1
Evo 101.32 -10000003.86 0.62 -53309.04 -13.48 -13.46 -11.47 728347.23 18799.58 0.01 0.04 0.07 -1 1493
Result 0 -16.0 1500 0.42 0.18 0.16 0.17 0.17 0.16 0.16 -1 -1 -1 -1
Evo 100.44 -10000004.48 0.65 -53624.83 -13.48 -13.46 -11.47 728392.72 18800.75 0.01 0.06 0.08 -1 1149
Result 0 -16.0 1500 0.43 0.17 0.16 0.16 0.18 0.16 0.17 -1 -1 -1 -1
Evo 101.14 -10000002.83 0.35 -53309.04 -13.48 -13.46 -11.49 728347.11 18799.58 0.01 0.03 0.04 -1 1493
Result 0 -16.0 1500 0.44 0.16 0.18 0.17 0.17 0.15 0.18 -1 -1 -1 -1
Evo 100.24 -10000003.31 0.33 -55080.04 -13.44 -8.44 -6.47 729373.15 18826.06 0.01 0.11 0.18 -1 697
Result 0 -9.0 1500 0.43 0.17 0.18 0.16 0.15 0.16 0.18 -1 -1 -1 -1
Evo 99.17 -10000003.47 0.49 -53568.35 -13.49 -13.46 -10.48 728397.55 18800.88 0.01 0.11 0.16 -1 371
Result 0 -9.0 1500 0.42 0.18 0.17 0.18 0.14 0.17 0.16 -1 -1 -1 -1
Evo 101.20 -10000001.07 0.64 -53309.04 -13.48 -13.46 -11.49 728347.08 18799.58 0.01 0.03 0.05 -1 1493
Result 0 -16.0 1500 0.43 0.18 0.15 0.18 0.17 0.16 0.16 -1 -1 -1 -1
Evo 100.17 -10000003.69 0.36 -54057.83 -13.48 -13.46 -11.47 728581.45 18805.62 0.01 0.08 0.14 -1 491
Result 0 -16.0 1500 0.44 0.17 0.16 0.15 0.17 0.18 0.17 -1 -1 -1 -1
Evo 100.66 -10000003.87 0.39 -53491.56 -13.48 -13.46 -11.47 728368.03 18800.12 0.01 0.07 0.11 -1 435
Result 0 -16.0 1500 0.43 0.16 0.17 0.17 0.17 0.15 0.17 -1 -1 -1 -1
Evo 100.06 -10000003.91 0.48 -53571.98 -13.49 -13.46 -11.47 728372.88 18800.24 0.01 0.10 0.15 -1 645
Result 0 -16.0 1500 0.41 0.14 0.17 0.17 0.19 0.15 0.17 -1 -1 -1 -1
Evo 98.19 -10000003.54 0.46 -53305.86 -11.50 -8.55 -4.52 728347.44 18799.58 0.01 0.12 0.17 -1 453
Result 0 -15.0 1500 0.42 0.18 0.15 0.17 0.19 0.16 0.16 -1 -1 -1 -1
Evo 98.26 -10000003.14 0.45 -53305.85 -11.50 -8.51 -4.51 728347.34 18799.58 0.01 0.13 0.19 -1 960
Result 0 -15.0 1500 0.41 0.17 0.17 0.19 0.18 0.15 0.15 -1 -1 -1 -1
Evo 98.94 -10000004.02 0.48 -53305.85 -11.50 -8.53 -4.51 728347.32 18799.58 0.01 0.05 0.07 -1 1493
Result 0 -15.0 1500 0.41 0.17 0.18 0.15 0.17 0.15 0.18 -1 -1 -1 -1
Evo 99.08 -10000003.46 0.48 -53305.86 -11.50 -8.52 -4.51 728347.42 18799.58 0.01 0.10 0.12 -1 174
Result 0 -15.0 1500 0.44 0.17 0.14 0.18 0.17 0.19 0.16 -1 -1 -1 -1
Evo 98.04 -10000003.09 0.47 -53705.58 -11.50 -8.53 -4.51 728482.57 18803.07 0.01 0.11 0.18 -1 688
Result 0 -15.0 1500 0.43 0.16 0.18 0.16 0.18 0.16 0.16 -1 -1 -1 -1
Evo 98.48 -10000003.83 0.46 -53305.86 -11.49 -8.52 -4.52 728347.44 18799.58 0.01 0.04 0.06 -1 1493
Result 0 -15.0 1500 0.41 0.17 0.17 0.15 0.18 0.18 0.16 -1 -1 -1 -1
Evo 97.99 -10000003.62 0.47 -53305.84 -11.49 -8.52 -4.52 728347.23 18799.58 0.01 0.10 0.13 -1 583
Result 0 -15.0 1500 0.40 0.17 0.18 0.18 0.17 0.14 0.16 -1 -1 -1 -1
Evo 99.03 -10000001.52 0.47 -53305.85 -11.50 -8.53 -4.52 728347.29 18799.58 0.01 0.05 0.07 -1 1493
Result 0 -15.0 1500 0.43 0.18 0.19 0.15 0.16 0.16 0.16 -1 -1 -1 -1
Evo 98.70 -10000004.44 0.43 -53305.85 -11.50 -8.53 -4.52 728347.32 18799.58 0.01 0.05 0.07 -1 1493
Result 0 -15.0 1500 0.44 0.17 0.17 0.17 0.15 0.18 0.16 -1 -1 -1 -1
Evo 98.46 -10000003.42 0.47 -56704.35 -11.50 -8.52 -4.52 728978.33 18815.87 0.01 0.13 0.20 -1 909
Result 0 -15.0 1500 0.45 0.18 0.15 0.18 0.18 0.18 0.14 -1 -1 -1 -1
Evo 98.05 -10000003.90 0.47 -53305.86 -11.50 -8.53 -4.51 728347.46 18799.59 0.01 0.11 0.13 -1 1481
Result 0 -15.0 1500 0.45 0.17 0.15 0.18 0.16 0.18 0.17 -1 -1 -1 -1
Evo 98.10 -10000002.55 0.50 -53305.60 -11.48 -7.48 -4.52 728347.38 18799.58 0.01 0.16 0.25 -1 946
Result 0 -7.0 1500 0.42 0.18 0.17 0.18 0.15 0.15 0.16 -1 -1 -1 -1
Evo 98.47 -10000003.87 0.46 -53305.86 -11.50 -8.53 -4.52 728347.47 18799.59 0.01 0.06 0.08 -1 1493
Result 0 -15.0 1500 0.42 0.18 0.16 0.16 0.17 0.17 0.17 -1 -1 -1 -1
Evo 99.22 -10000003.11 0.45 -53305.85 -11.50 -8.51 -4.52 728347.28 18799.58 0.01 0.04 0.06 -1 1493
Result 0 -15.0 1500 0.43 0.17 0.17 0.15 0.15 0.19 0.16 -1 -1 -1 -1
Evo 98.71 -10000003.54 0.48 -53305.85 -11.49 -8.52 -4.52 728347.30 18799.58 0.01 0.06 0.10 -1 1493
Result 0 -15.0 1500 0.41 0.16 0.18 0.15 0.16 0.17 0.18 -1 -1 -1 -1
Evo 98.63 -9999999.92 0.45 -53305.84 -11.50 -8.53 -4.52 728347.21 18799.58 0.01 0.08 0.14 -1 1458
Result 0 -15.0 1500 0.43 0.17 0.17 0.17 0.15 0.17 0.17 -1 -1 -1 -1
Evo 98.83 -10000003.49 0.44 -53305.85 -11.50 -8.52 -4.51 728347.37 18799.58 0.01 0.06 0.10 -1 1493
Result 0 -15.0 1500 0.44 0.18 0.14 0.15 0.19 0.17 0.17 -1 -1 -1 -1
Evo 98.34 -10000003.99 0.47 -54492.04 -11.50 -8.53 -4.52 728458.32 18802.45 0.01 0.10 0.16 -1 439
Result 0 -15.0 1500 0.42 0.17 0.17 0.15 0.15 0.16 0.19 -1 -1 -1 -1
Evo 97.66 -10000003.42 0.44 -53305.85 -11.50 -8.53 -4.51 728347.31 18799.58 0.01 0.14 0.23 -1 1028
Result 0 -15.0 1500 0.42 0.16 0.17 0.18 0.17 0.16 0.17 -1 -1 -1 -1
Evo 95.32 -10000002.03 0.45 -60761.98 -11.53 -8.52 -4.51 729492.80 18829.15 0.01 0.11 0.20 -1 814
Result 0 -15.0 1500 0.42 0.15 0.14 0.19 0.18 0.19 0.16 -1 -1 -1 -1
Evo 104.29 -10000003.11 0.45 -53852.96 -16.44 -14.47 -10.50 728516.38 18803.95 0.01 0.05 0.08 -1 11
Result 0 -17.0 1500 0.42 0.18 0.18 0.15 0.17 0.13 0.18 -1 -1 -1 -1
Evo 103.26 -10000001.33 7.69 -53300.02 -8.59 -0.44 2.52 728347.61 18799.59 0.01 0.13 0.20 -1 1
Result 0 7.0 1500 0.42 0.18 0.16 0.19 0.15 0.16 0.16 -1 -1 -1 -1
Evo 103.75 -10000004.21 0.45 -53634.75 -16.44 -14.47 -10.52 728384.00 18800.53 0.01 0.06 0.09 -1 17
Result 0 -17.0 1500 0.45 0.18 0.15 0.16 0.18 0.16 0.18 -1 -1 -1 -1
Evo 104.41 -10000003.53 0.44 -53310.55 -16.44 -14.46 -10.50 728346.98 18799.57 0.01 0.06 0.09 -1 25
Result 0 -17.0 1500 0.42 0.17 0.18 0.16 0.18 0.15 0.16 -1 -1 -1 -1
Evo 104.24 -10000002.51 0.44 -55698.84 -16.44 -14.47 -10.51 728506.07 18803.68 0.01 0.05 0.08 -1 87
Result 0 -17.0 1500 0.41 0.18 0.18 0.15 0.17 0.14 0.18 -1 -1 -1 -1
Evo 103.72 -10000003.46 0.44 -55270.99 -16.44 -14.47 -10.55 728507.05 18803.70 0.01 0.04 0.07 -1 16
Result 0 -17.0 1500 0.40 0.16 0.18 0.15 0.20 0.14 0.17 -1 -1 -1 -1
Evo 104.26 -10000003.26 0.38 -54071.94 -16.43 -14.47 -10.52 728597.92 18806.05 0.01 0.04 0.07 -1 42
Result 0 -17.0 1500 0.41 0.18 0.17 0.15 0.17 0.16 0.17 -1 -1 -1 -1
Evo 102.98 -10000003.90 0.47 -54007.77 -16.44 -14.47 -10.51 728370.22 18800.17 0.01 0.05 0.07 -1 6
Result 0 -17.0 1500 0.43 0.17 0.18 0.16 0.16 0.16 0.16 -1 -1 -1 -1
Evo 104.82 -10000004.59 0.43 -53310.56 -16.44 -14.47 -10.51 728347.04 18799.57 0.01 0.03 0.06 -1 2
Result 0 -17.0 1500 0.42 0.19 0.17 0.16 0.17 0.15 0.16 -1 -1 -1 -1
Evo 103.23 -10000002.95 15.59 -53293.99 -9.44 11.56 11.57 728348.13 18799.60 0.01 0.08 0.12 -1 34
Result 0 11.0 1500 0.44 0.16 0.18 0.17 0.16 0.15 0.18 -1 -1 -1 -1
Evo 103.03 -10000003.80 0.38 -55433.32 -16.44 -14.47 -10.52 728519.51 18804.03 0.01 0.05 0.08 -1 28
Result 0 -17.0 1500 0.43 0.19 0.19 0.14 0.19 0.13 0.16 -1 -1 -1 -1
Evo 103.87 -10000003.90 0.46 -54724.34 -16.44 -14.47 -10.50 728688.98 18808.40 0.01 0.05 0.08 -1 49
Result 0 -17.0 1500 0.41 0.18 0.17 0.16 0.17 0.15 0.17 -1 -1 -1 -1
Evo 104.29 -10000003.70 0.40 -53848.80 -16.44 -14.47 -10.50 728389.97 18800.68 0.01 0.05 0.08 -1 20
Result 0 -17.0 1500 0.40 0.17 0.17 0.16 0.17 0.14 0.19 -1 -1 -1 -1
Evo 104.33 -10000003.84 0.65 -54156.07 -16.44 -14.47 -10.52 728656.84 18807.57 0.01 0.05 0.08 -1 41
Result 0 -17.0 1500 0.40 0.18 0.17 0.14 0.18 0.14 0.19 -1 -1 -1 -1
Evo 102.59 -10000003.36 10.02 -53554.63 -16.43 -13.53 -10.47 728360.12 18799.91 0.01 0.11 0.14 -1 11
Result 0 11.0 1500 0.41 0.17 0.17 0.17 0.17 0.15 0.17 -1 -1 -1 -1
Evo 101.04 -10000001.34 0.39 -66096.54 -16.45 -14.50 -10.50 731126.96 18871.33 0.01 0.04 0.08 -1 0
Result 0 -17.0 1500 0.40 0.18 0.18 0.15 0.20 0.13 0.16 -1 -1 -1 -1
Evo 105.09 -10000003.32 0.38 -53408.53 -16.44 -14.46 -10.50 728349.81 18799.65 0.01 0.05 0.08 -1 15
Result 0 -17.0 1500 0.42 0.15 0.18 0.17 0.18 0.16 0.17 -1 -1 -1 -1
Evo 104.28 -10000003.39 0.39 -53310.56 -16.43 -14.47 -10.51 728347.06 18799.57 0.01 0.04 0.07 -1 23
Result 0 -17.0 1500 0.43 0.17 0.17 0.16 0.17 0.17 0.16 -1 -1 -1 -1
Evo 103.59 -10000002.96 9.68 -53295.21 -3.61 5.56 8.49 728348.13 18799.60 0.01 0.16 0.24 -1 5
Result 0 5.0 1500 0.43 0.16 0.17 0.17 0.17 0.16 0.17 -1 -1 -1 -1
Evo 104.82 -10000004.25 0.41 -53898.87 -16.43 -14.46 -10.50 728395.15 18800.82 0.01 0.07 0.12 -1 40
Result 0 -17.0 1500 0.42 0.18 0.19 0.16 0.16 0.15 0.17 -1 -1 -1 -1
Evo 98.29 -10000003.53 0.43 -53311.87 -19.44 -15.49 -11.55 728346.95 18799.57 0.01 0.04 0.05 -1 1439
Result 0 -20.0 1500 0.43 0.17 0.18 0.16 0.17 0.17 0.15 -1 -1 -1 -1
Evo 78.78 -8801091.06 0.40 -246726.58 -204100.74 -15.47 -11.53 646345.06 17182.49 0.01 0.08 0.13 -1 606
Result 0 -20.0 1414 0.34 0.20 0.21 0.10 0.11 0.19 0.19 -1 -1 -1 -1
Evo 98.01 -10000003.65 0.47 -55451.23 -19.44 -15.50 -11.57 731273.29 18875.10 0.01 0.05 0.06 -1 1275
Result 0 -20.0 1500 0.44 0.16 0.17 0.17 0.16 0.18 0.16 -1 -1 -1 -1
Evo 99.20 -10000002.39 0.39 -53311.86 -19.44 -15.49 -11.55 728346.89 18799.57 0.01 0.04 0.05 -1 1493
Result 0 -20.0 1500 0.43 0.15 0.17 0.17 0.17 0.16 0.18 -1 -1 -1 -1
Evo 98.52 -10000003.37 0.65 -53311.87 -19.44 -15.50 -11.57 728346.92 18799.57 0.01 0.08 0.13 -1 921
Result 0 -20.0 1500 0.43 0.17 0.16 0.17 0.16 0.16 0.17 -1 -1 -1 -1
Evo 98.02 -10000002.00 0.43 -53311.86 -19.44 -15.50 -11.56 728346.90 18799.57 0.01 0.04 0.06 -1 1305
Result 0 -20.0 1500 0.41 0.18 0.16 0.15 0.18 0.18 0.15 -1 -1 -1 -1
Evo 98.19 -10000002.79 0.42 -53311.86 -19.44 -15.49 -11.57 728346.85 18799.57 0.01 0.06 0.10 -1 402
Result 0 -20.0 1500 0.44 0.17 0.14 0.18 0.18 0.17 0.18 -1 -1 -1 -1
Evo 98.24 -10000004.38 0.44 -53583.46 -19.44 -15.50 -11.56 728371.14 18800.20 0.01 0.13 0.20 -1 362
Result 0 -20.0 1500 0.43 0.18 0.16 0.16 0.17 0.16 0.16 -1 -1 -1 -1
Evo 98.34 -10000003.54 0.42 -53311.86 -19.44 -15.49 -11.56 728346.88 18799.57 0.01 0.05 0.08 -1 1472
Result 0 -20.0 1500 0.41 0.17 0.18 0.18 0.15 0.15 0.16 -1 -1 -1 -1
Evo 97.72 -10000004.14 0.46 -57231.23 -19.44 -15.50 -11.57 738982.04 19074.08 0.01 0.05 0.06 -1 1101
Result 0 -20.0 1500 0.43 0.16 0.16 0.16 0.17 0.17 0.18 -1 -1 -1 -1
Evo 98.67 -10000002.82 0.44 -53311.85 -19.44 -15.50 -11.57 728346.79 18799.57 0.01 0.04 0.05 -1 1493
Result 0 -20.0 1500 0.43 0.17 0.17 0.17 0.17 0.15 0.17 -1 -1 -1 -1
Evo 98.57 -10000003.85 0.40 -53888.29 -19.44 -15.50 -11.57 728441.88 18802.02 0.01 0.06 0.08 -1 812
Result 0 -20.0 1500 0.43 0.15 0.17 0.17 0.17 0.18 0.17 -1 -1 -1 -1
Evo 98.05 -10000003.26 0.60 -53311.86 -19.44 -15.50 -11.56 728346.89 18799.57 0.01 0.05 0.06 -1 695
Result 0 -20.0 1500 0.44 0.18 0.18 0.17 0.15 0.16 0.17 -1 -1 -1 -1
Evo 98.79 -10000003.87 0.43 -53311.87 -19.44 -15.50 -11.56 728346.96 18799.57 0.01 0.06 0.08 -1 400
Result 0 -20.0 1500 0.43 0.18 0.17 0.17 0.15 0.16 0.16 -1 -1 -1 -1
Evo 99.16 -10000003.37 0.39 -53311.86 -19.44 -15.50 -11.56 728346.82 18799.57 0.01 0.03 0.04 -1 1493
Result 0 -20.0 1500 0.43 0.16 0.17 0.16 0.16 0.17 0.17 -1 -1 -1 -1
Evo 97.81 -10000003.65 0.45 -53311.87 -19.44 -15.50 -11.57 728346.93 18799.57 0.01 0.08 0.13 -1 1184
Result 0 -20.0 1500 0.45 0.18 0.16 0.18 0.17 0.16 0.15 -1 -1 -1 -1
Evo 98.03 -10000003.93 0.39 -53311.86 -19.44 -15.50 -11.57 728346.81 18799.57 0.01 0.05 0.06 -1 1345
Result 0 -20.0 1500 0.42 0.19 0.17 0.18 0.17 0.15 0.15 -1 -1 -1 -1
Evo 98.19 -10000003.87 0.49 -53311.86 -19.44 -15.49 -11.57 728346.91 18799.57 0.01 0.05 0.07 -1 1149
Result 0 -20.0 1500 0.42 0.18 0.17 0.17 0.15 0.15 0.18 -1 -1 -1 -1
Evo 97.76 -10000002.58 0.41 -53311.86 -19.44 -15.50 -11.57 728346.81 18799.57 0.01 0.05 0.06 -1 658
Result 0 -20.0 1500 0.43 0.15 0.17 0.17 0.18 0.16 0.16 -1 -1 -1 -1
Evo 97.60 -10000003.09 0.49 -53311.87 -19.44 -15.50 -11.57 728346.89 18799.57 0.01 0.08 0.13 -1 1023
Result 0 -20.0 1500 0.41 0.17 0.16 0.15 0.18 0.18 0.16 -1 -1 -1 -1
