Evo 105.41 0.53 10000002.05 244018.03 0.57 5.56 6.57 1451268.92 92718.17 0.03 0.09 0.25 237 3
Result 1 10.0 244 0.38 0.14 0.13 0.16 0.17 0.18 0.22 -1 -1 -1 -1
Evo 108.41 0.40 10000004.25 277783.02 0.57 6.56 9.56 1646215.30 97004.17 0.03 0.10 0.31 280 6
Result 1 10.0 287 0.41 0.15 0.17 0.17 0.14 0.17 0.19 -1 -1 -1 -1
Evo 108.76 0.44 10000005.04 225994.51 0.57 7.56 8.57 1488311.49 79102.86 0.02 0.11 0.33 346 26
Result 1 10.0 353 0.41 0.15 0.17 0.18 0.15 0.16 0.19 -1 -1 -1 -1
Evo 103.88 0.56 9933626.34 148837.96 0.57 5.56 7.56 1050280.65 69863.63 0.03 0.09 0.26 218 181
Result 1 10.0 225 0.39 0.16 0.14 0.15 0.19 0.17 0.20 -1 -1 -1 -1
Evo 109.34 -298500.23 10000005.17 287737.35 2.56 7.56 11.56 1678029.39 100823.01 0.03 0.08 0.24 269 26
Result 1 10.0 276 0.47 0.13 0.21 0.15 0.11 0.20 0.20 -1 -1 -1 -1
Evo 112.30 -227265.54 10000004.51 287994.43 2.56 7.56 11.56 1677944.15 100817.89 0.03 0.06 0.21 269 28
Result 1 10.0 276 0.39 0.14 0.21 0.14 0.17 0.18 0.17 -1 -1 -1 -1
Evo 107.60 -199994.70 10000000.88 287423.02 0.57 5.56 9.57 1678066.65 100825.25 0.03 0.09 0.26 269 40
Result 1 10.0 276 0.40 0.14 0.16 0.17 0.13 0.21 0.18 -1 -1 -1 -1
Evo 114.01 -10000003.60 4.57 -302255.79 0.56 2.56 3.57 1679086.89 100886.55 0.03 0.08 0.27 -1 0
Result 0 3.0 276 0.42 0.14 0.16 0.16 0.20 0.18 0.16 -1 -1 -1 -1
Evo 104.34 0.56 10000004.73 187910.70 0.57 5.57 9.57 1237495.86 73561.49 0.03 0.14 0.33 271 182
Result 1 13.0 282 0.43 0.15 0.16 0.19 0.17 0.17 0.16 -1 -1 -1 -1
Evo 105.49 -317453.13 10000004.55 286647.57 0.57 7.52 11.56 1678274.59 100837.75 0.03 0.09 0.30 269 52
Result 1 10.0 276 0.40 0.18 0.14 0.15 0.18 0.19 0.16 -1 -1 -1 -1
Evo 107.72 -151514.84 9999998.57 284733.46 0.56 2.56 3.56 1607474.07 101665.59 0.03 0.09 0.25 242 8
Result 1 7.0 249 0.40 0.14 0.14 0.18 0.18 0.18 0.17 -1 -1 -1 -1
Evo 107.93 0.55 10000003.54 231604.38 2.56 7.57 8.57 1489168.70 79148.42 0.02 0.11 0.37 278 59
Result 1 10.0 353 0.41 0.16 0.15 0.19 0.17 0.15 0.18 -1 -1 -1 -1
Evo 115.08 -10000003.09 6.57 -300747.75 2.56 5.56 6.56 1711162.55 104918.11 0.03 0.09 0.27 -1 4
Result 0 5.0 265 0.37 0.12 0.16 0.21 0.18 0.15 0.18 -1 -1 -1 -1
Evo 106.38 -789473.46 10000004.02 230849.20 2.56 7.52 7.56 1435642.39 96137.72 0.03 0.09 0.25 211 4
Result 1 13.0 222 0.42 0.16 0.20 0.14 0.18 0.13 0.19 -1 -1 -1 -1
Evo 112.58 -10000002.73 8.15 -289818.45 0.56 2.57 6.56 1663538.48 99062.27 0.03 0.11 0.35 -1 39
Result 0 7.0 281 0.42 0.22 0.16 0.17 0.15 0.13 0.17 -1 -1 -1 -1
Evo 109.69 0.54 10000003.87 225994.60 0.57 7.56 8.57 1488311.36 79102.86 0.02 0.13 0.38 346 82
Result 1 10.0 353 0.43 0.17 0.17 0.19 0.16 0.15 0.16 -1 -1 -1 -1
Evo 110.50 -212765.57 10000002.43 225394.02 2.57 7.57 8.57 1488445.65 79109.99 0.02 0.13 0.32 346 16
Result 1 10.0 353 0.43 0.18 0.17 0.17 0.15 0.16 0.18 -1 -1 -1 -1
Evo 114.35 -10000003.25 6.64 -279716.80 0.56 4.56 6.56 1651817.67 97674.03 0.03 0.08 0.31 -1 15
Result 0 5.0 285 0.42 0.16 0.17 0.16 0.16 0.16 0.19 -1 -1 -1 -1
Evo 114.38 -10000001.87 8.00 -283684.80 0.56 2.56 6.56 1663192.85 99041.69 0.03 0.14 0.40 -1 38
Result 0 7.0 281 0.41 0.15 0.18 0.17 0.14 0.16 0.20 -1 -1 -1 -1
Evo 109.65 0.51 10000004.96 225994.76 2.56 7.56 8.56 1488311.65 79102.87 0.02 0.09 0.32 346 16
Result 1 10.0 353 0.45 0.19 0.15 0.15 0.14 0.15 0.23 -1 -1 -1 -1
Evo 88.91 -10000001.76 10.57 -677819.85 0.57 4.90 6.56 2481393.98 224654.86 0.06 0.07 0.26 -1 18
Result 0 9.0 121 0.42 0.16 0.16 0.12 0.11 0.22 0.23 -1 -1 -1 -1
Evo 102.84 -10000003.29 16.57 -483551.34 6.76 8.56 12.57 2080832.41 156404.94 0.04 0.08 0.30 -1 9
Result 0 15.0 176 0.43 0.16 0.20 0.12 0.18 0.19 0.15 -1 -1 -1 -1
Evo 119.97 -10000000.18 2.25 -799999.26 0.56 0.56 0.57 2726598.83 272659.88 0.07 0.06 0.21 -1 16
Result 0 1.0 99 0.33 0.10 0.17 0.23 0.18 0.23 0.09 -1 -1 -1 -1
Evo 87.17 -10000002.68 10.57 -686143.58 2.37 2.92 6.56 2478919.84 224430.86 0.06 0.07 0.27 -1 5
Result 0 9.0 121 0.42 0.16 0.16 0.14 0.16 0.18 0.20 -1 -1 -1 -1
Evo 96.43 -9999999.52 16.57 -492664.42 5.05 8.57 12.56 2079514.87 156305.91 0.04 0.06 0.25 -1 10
Result 0 15.0 176 0.48 0.16 0.23 0.12 0.19 0.13 0.18 -1 -1 -1 -1
Evo 99.37 -10000004.39 6.57 -680507.18 0.57 2.56 3.99 2481057.21 224624.37 0.06 0.06 0.23 -1 17
Result 0 5.0 121 0.40 0.20 0.14 0.17 0.17 0.10 0.21 -1 -1 -1 -1
Evo 85.01 -9999998.31 16.57 -388576.37 0.62 8.01 9.63 1815396.44 139234.55 0.04 0.06 0.24 -1 17
Result 0 15.0 169 0.38 0.13 0.19 0.18 0.16 0.18 0.16 -1 -1 -1 -1
Evo 91.17 -10000004.06 16.57 -406207.35 2.55 6.46 16.56 1963781.55 138860.32 0.04 0.09 0.30 -1 16
Result 0 15.0 199 0.38 0.15 0.13 0.20 0.19 0.17 0.18 -1 -1 -1 -1
Evo 76.11 -888886.86 10000003.91 202217.67 2.61 8.56 20.53 1467330.05 95718.06 0.03 0.09 0.27 228 9
Result 1 29.0 234 0.44 0.17 0.16 0.15 0.19 0.13 0.19 -1 -1 -1 -1
Evo 108.20 -10000003.08 4.58 -803918.33 1.04 4.56 4.56 2725719.57 272571.96 0.07 0.07 0.26 -1 15
Result 0 3.0 99 0.45 0.18 0.11 0.12 0.23 0.19 0.17 -1 -1 -1 -1
Evo 93.71 -10000000.71 22.57 -365080.55 2.61 8.55 20.90 1867590.22 125344.45 0.04 0.09 0.25 -1 25
Result 0 21.0 221 0.44 0.13 0.18 0.16 0.14 0.20 0.19 -1 -1 -1 -1
Evo 101.90 -10000003.37 6.61 -679692.79 2.67 6.56 6.56 2481054.06 224624.08 0.06 0.07 0.31 -1 8
Result 0 5.0 121 0.45 0.11 0.19 0.11 0.19 0.22 0.17 -1 -1 -1 -1
Evo 105.75 -10000000.05 4.57 -799997.06 0.57 3.94 4.56 2726599.48 272659.95 0.07 0.05 0.17 -1 23
Result 0 3.0 99 0.41 0.19 0.15 0.11 0.14 0.15 0.26 -1 -1 -1 -1
Evo 92.74 -10000004.24 6.57 -671049.21 0.64 2.57 4.57 2483719.34 224865.38 0.06 0.06 0.23 -1 17
Result 0 5.0 121 0.44 0.17 0.20 0.19 0.17 0.09 0.17 -1 -1 -1 -1
Evo 100.88 -10000003.22 16.57 -529130.38 4.51 8.56 12.20 2217490.03 178113.09 0.05 0.11 0.34 -1 13
Result 0 15.0 154 0.37 0.12 0.23 0.21 0.17 0.11 0.16 -1 -1 -1 -1
Evo 102.11 -10000003.61 6.57 -676468.70 2.08 4.00 6.56 2483621.36 224856.51 0.06 0.06 0.29 -1 16
Result 0 5.0 121 0.45 0.13 0.19 0.17 0.21 0.11 0.18 -1 -1 -1 -1
Evo 105.88 -10000003.83 12.59 -519209.03 4.36 4.56 6.52 2219090.81 178241.66 0.05 0.09 0.34 -1 12
Result 0 11.0 154 0.42 0.19 0.16 0.14 0.14 0.17 0.19 -1 -1 -1 -1
Evo 91.20 -10000003.28 14.57 -433673.36 1.68 10.56 14.56 1964755.19 138929.17 0.04 0.10 0.33 -1 12
Result 0 13.0 199 0.46 0.18 0.20 0.20 0.17 0.12 0.14 -1 -1 -1 -1
Evo 98.91 -10000003.25 16.59 -485450.88 4.41 8.56 12.57 2080278.44 156363.30 0.04 0.10 0.33 -1 12
Result 0 15.0 176 0.39 0.14 0.18 0.12 0.18 0.15 0.23 -1 -1 -1 -1
Evo 96.20 -10000003.69 19.58 -480809.55 2.56 9.34 17.56 2084200.08 125227.45 0.03 0.10 0.31 -1 10
Result 0 18.0 276 0.42 0.16 0.19 0.14 0.14 0.16 0.20 -1 -1 -1 -1
Evo 92.26 -967732.39 9999995.25 199407.37 3.56 5.41 9.85 1278993.71 80251.20 0.03 0.11 0.32 198 18
Result 1 12.0 253 0.45 0.18 0.16 0.15 0.19 0.15 0.18 -1 -1 -1 -1
Evo 99.36 -10000001.57 5.67 -432877.51 0.57 3.57 5.56 1726607.60 123963.20 0.04 0.10 0.30 -1 60
Result 0 3.0 193 0.36 0.12 0.19 0.23 0.16 0.16 0.14 -1 -1 -1 -1
Evo 96.21 -9963370.43 8.57 -349673.56 0.56 2.54 3.56 1488449.61 101986.89 0.04 0.08 0.23 -1 33
Result 0 7.0 212 0.45 0.15 0.19 0.20 0.14 0.14 0.18 -1 -1 -1 -1
Evo 95.70 -9873416.24 12.57 -222385.84 0.57 7.44 10.56 1346077.97 90547.00 0.04 0.11 0.38 -1 37
Result 0 11.0 220 0.44 0.19 0.17 0.19 0.11 0.17 0.17 -1 -1 -1 -1
Evo 100.27 -10000000.67 4.57 -329290.20 0.56 0.56 1.53 1586579.64 120975.56 0.04 0.06 0.21 -1 68
Result 0 3.0 171 0.40 0.16 0.15 0.24 0.15 0.11 0.19 -1 -1 -1 -1
Evo 98.82 -1341452.84 10000004.78 244054.35 0.56 3.38 14.50 1684900.92 100692.09 0.03 0.11 0.29 272 80
Result 1 18.0 279 0.42 0.15 0.19 0.15 0.17 0.17 0.17 -1 -1 -1 -1
Evo 102.95 -10000003.61 10.57 -788272.51 -0.42 1.56 8.58 2577501.70 179583.05 0.04 0.08 0.29 -1 70
Result 0 9.0 205 0.44 0.17 0.17 0.14 0.16 0.19 0.17 -1 -1 -1 -1
Evo 85.54 -9965157.68 10.52 -513813.19 2.56 3.56 8.20 1990440.54 148772.51 0.04 0.05 0.19 -1 55
Result 0 9.0 178 0.43 0.17 0.17 0.18 0.13 0.18 0.16 -1 -1 -1 -1
Evo 96.90 -9999996.68 8.57 -446953.82 0.56 1.56 6.57 1813234.50 134038.15 0.04 0.09 0.25 -1 74
Result 0 7.0 182 0.37 0.12 0.22 0.15 0.16 0.18 0.17 -1 -1 -1 -1
Evo 98.50 -9954547.30 8.60 -263155.08 3.54 3.57 8.56 1383491.79 102551.23 0.04 0.08 0.22 -1 49
Result 0 7.0 181 0.42 0.15 0.20 0.15 0.14 0.16 0.19 -1 -1 -1 -1
Evo 110.64 -10000004.26 10.57 -298501.57 3.56 7.07 8.56 1704939.18 104145.74 0.03 0.08 0.23 -1 36
Result 0 9.0 267 0.45 0.18 0.19 0.19 0.14 0.14 0.16 -1 -1 -1 -1
Evo 89.82 -9952384.39 8.83 -547015.06 0.60 2.56 3.47 2090779.42 154978.88 0.04 0.10 0.32 -1 47
Result 0 7.0 181 0.35 0.15 0.11 0.24 0.12 0.20 0.19 -1 -1 -1 -1
Evo 98.82 -9947509.41 8.57 -310616.30 2.83 3.57 6.56 1504728.93 111537.93 0.04 0.07 0.20 -1 44
Result 0 7.0 181 0.50 0.13 0.25 0.14 0.13 0.15 0.19 -1 -1 -1 -1
Evo 86.80 -8770487.59 11.57 -197483.05 0.57 3.45 8.56 996181.75 74251.00 0.04 0.08 0.26 -1 76
Result 0 9.0 179 0.47 0.15 0.21 0.16 0.18 0.13 0.17 -1 -1 -1 -1
Evo 96.84 -9950985.04 8.57 -291755.97 1.56 3.50 6.56 1531951.32 112631.30 0.04 0.08 0.25 -1 48
Result 0 7.0 184 0.44 0.17 0.19 0.13 0.12 0.18 0.20 -1 -1 -1 -1
Evo 103.93 -10000003.01 8.57 -323802.59 3.56 5.56 7.40 1753404.09 110235.57 0.03 0.08 0.26 -1 18
Result 0 7.0 252 0.42 0.20 0.15 0.20 0.17 0.15 0.12 -1 -1 -1 -1
Evo 93.63 -9999996.79 8.56 -612902.21 2.57 3.56 6.48 2115368.32 150713.75 0.04 0.10 0.27 -1 53
Result 0 9.0 196 0.41 0.18 0.15 0.16 0.15 0.16 0.20 -1 -1 -1 -1
Evo 96.49 -9973328.63 8.56 -656881.39 1.56 3.55 6.54 2313332.89 168717.14 0.04 0.06 0.21 -1 86
Result 0 7.0 187 0.38 0.13 0.24 0.13 0.13 0.16 0.21 -1 -1 -1 -1
Evo 115.21 -10000004.04 0.57 -732507.87 -0.46 -0.44 0.56 2595170.12 246322.65 0.06 0.06 0.18 -1 61
Result 0 -3.0 110 0.44 0.17 0.17 0.23 0.16 0.08 0.18 -1 -1 -1 -1
Evo 92.02 -10000002.47 10.76 -403626.13 1.56 2.56 8.52 1786481.10 132060.48 0.04 0.06 0.22 -1 77
Result 0 9.0 182 0.46 0.19 0.20 0.14 0.17 0.14 0.16 -1 -1 -1 -1
Evo 103.74 -9999999.02 0.57 -854861.13 0.51 0.56 0.56 2504607.60 285426.53 0.08 0.02 0.13 -1 17
Result 0 -2.0 76 0.48 0.22 0.17 0.12 0.13 0.17 0.19 -1 -1 -1 -1
Evo 105.40 -10000000.71 5.56 -622000.57 0.56 1.56 2.52 2383333.68 206661.24 0.05 0.05 0.20 -1 14
Result 0 4.0 132 0.40 0.14 0.17 0.17 0.14 0.17 0.21 -1 -1 -1 -1
Evo 87.58 -9976469.54 7.50 -527899.23 0.56 1.59 3.56 1962085.20 148319.70 0.04 0.09 0.29 -1 17
Result 0 6.0 174 0.45 0.19 0.12 0.19 0.15 0.20 0.15 -1 -1 -1 -1
Evo 98.21 -9946523.69 0.58 -893811.36 0.53 0.56 0.56 2589643.68 295117.29 0.08 0.02 0.11 -1 48
Result 0 -2.0 76 0.45 0.19 0.18 0.12 0.14 0.16 0.21 -1 -1 -1 -1
Evo 96.93 -10000003.49 13.62 -501010.16 0.57 2.56 11.50 2045083.40 133977.87 0.03 0.07 0.23 -1 18
Result 0 12.0 232 0.42 0.15 0.15 0.15 0.12 0.22 0.20 -1 -1 -1 -1
Evo 89.28 -9967316.20 2.40 -898646.06 0.45 0.56 0.57 2595881.54 295828.16 0.08 0.04 0.20 -1 8
Result 0 -2.0 76 0.40 0.14 0.13 0.17 0.23 0.16 0.17 -1 -1 -1 -1
Evo 100.79 -9969414.37 0.57 -866527.92 0.53 0.56 0.56 2510027.05 286044.13 0.08 0.05 0.17 -1 14
Result 0 -2.0 76 0.38 0.19 0.13 0.18 0.12 0.17 0.21 -1 -1 -1 -1
Evo 99.89 -10000004.48 15.58 -348192.12 0.57 3.47 11.43 1723498.18 112910.12 0.03 0.08 0.24 -1 24
Result 0 14.0 232 0.39 0.13 0.14 0.16 0.17 0.18 0.22 -1 -1 -1 -1
Evo 97.80 -9937888.09 0.57 -885455.32 0.54 0.56 0.56 2548374.96 290414.28 0.08 0.02 0.13 -1 65
Result 0 -2.0 76 0.47 0.22 0.21 0.13 0.16 0.10 0.18 -1 -1 -1 -1
Evo 94.28 -9999999.49 7.10 -434176.77 0.56 1.55 3.56 1805009.64 140947.57 0.04 0.06 0.19 -1 82
Result 0 4.0 163 0.38 0.13 0.15 0.15 0.18 0.18 0.22 -1 -1 -1 -1
Evo 96.66 -10000004.09 4.15 -616960.88 0.57 1.56 2.57 2383700.24 206693.02 0.05 0.06 0.22 -1 18
Result 0 2.0 132 0.45 0.15 0.19 0.17 0.16 0.14 0.19 -1 -1 -1 -1
Evo 90.11 -9948454.64 9.57 -486705.15 2.52 3.56 9.50 1864466.33 124853.90 0.03 0.07 0.30 -1 12
Result 0 8.0 222 0.35 0.16 0.11 0.25 0.15 0.15 0.18 -1 -1 -1 -1
Evo 99.50 -9972827.61 0.57 -905360.63 0.53 0.56 0.57 2583974.08 294471.18 0.08 0.02 0.13 -1 56
Result 0 -2.0 76 0.49 0.23 0.09 0.16 0.13 0.16 0.23 -1 -1 -1 -1
Evo 95.49 -9613259.42 0.57 -746434.41 0.53 0.56 0.57 2322571.81 264681.62 0.08 0.03 0.17 -1 6
Result 0 -2.0 76 0.36 0.12 0.13 0.21 0.17 0.21 0.17 -1 -1 -1 -1
Evo 85.66 -9969040.83 1.87 -1071155.40 0.54 0.56 0.57 2601058.18 296418.09 0.08 0.05 0.22 -1 42
Result 0 -2.0 76 0.46 0.19 0.13 0.17 0.12 0.17 0.22 -1 -1 -1 -1
Evo 99.89 -9917009.23 0.58 -890229.39 0.49 0.56 0.56 2589425.11 295092.38 0.08 0.03 0.16 -1 32
Result 0 -2.0 76 0.46 0.09 0.19 0.22 0.21 0.14 0.14 -1 -1 -1 -1
Evo 97.45 -10000004.14 1.62 -891080.79 0.55 0.56 0.57 2530784.55 288409.67 0.08 0.03 0.21 -1 62
Result 0 -2.0 76 0.31 0.14 0.09 0.23 0.18 0.10 0.25 -1 -1 -1 -1
Evo 86.76 -9929076.23 5.60 -505095.37 1.35 2.43 3.56 1921246.92 150024.18 0.04 0.08 0.32 -1 19
Result 0 4.0 163 0.41 0.15 0.15 0.19 0.23 0.17 0.12 -1 -1 -1 -1
Evo 99.59 -10000002.70 21.57 -246731.06 3.56 9.53 15.35 1535780.00 84286.88 0.03 0.14 0.43 -1 6
Result 0 20.0 331 0.45 0.18 0.14 0.18 0.16 0.16 0.18 -1 -1 -1 -1
Evo 95.73 -9999998.16 6.93 -411515.21 0.56 1.50 3.56 1750284.23 133071.65 0.04 0.05 0.19 -1 16
Result 0 6.0 172 0.43 0.16 0.17 0.17 0.21 0.20 0.10 -1 -1 -1 -1
Evo 103.69 -10000003.19 11.93 -386711.05 2.53 8.30 9.56 1833298.22 120361.92 0.03 0.09 0.24 -1 19
Result 0 10.0 231 0.45 0.18 0.20 0.16 0.16 0.14 0.17 -1 -1 -1 -1
Evo 101.14 -10000003.69 22.57 -367149.71 2.53 6.47 12.57 1863039.84 124758.38 0.03 0.10 0.34 -1 5
Result 0 20.0 222 0.42 0.16 0.20 0.12 0.20 0.16 0.17 -1 -1 -1 -1
Evo 90.71 -10000002.92 22.66 -492649.23 2.47 4.00 8.56 1910522.06 125162.46 0.03 0.08 0.27 -1 14
Result 0 20.0 232 0.45 0.18 0.15 0.16 0.15 0.18 0.18 -1 -1 -1 -1
Evo 103.58 -333315.49 10000005.04 354086.05 6.56 14.63 18.56 1856337.37 123755.82 0.03 0.09 0.26 217 10
Result 1 24.0 224 0.47 0.15 0.21 0.15 0.14 0.19 0.16 -1 -1 -1 -1
Evo 96.29 -10000003.33 11.58 -446248.47 0.56 2.41 8.54 1868102.42 125378.83 0.04 0.06 0.17 -1 27
Result 0 10.0 221 0.38 0.13 0.13 0.16 0.23 0.18 0.17 -1 -1 -1 -1
Evo 93.59 -10000003.45 22.58 -390211.32 2.08 2.57 9.58 1820485.17 119263.95 0.03 0.08 0.31 -1 12
Result 0 20.0 232 0.46 0.13 0.19 0.13 0.21 0.14 0.19 -1 -1 -1 -1
Evo 100.26 -10000003.60 21.57 -375093.97 2.43 6.35 12.57 1861997.00 124688.54 0.03 0.10 0.36 -1 22
Result 0 20.0 222 0.42 0.21 0.16 0.13 0.15 0.15 0.22 -1 -1 -1 -1
Evo 91.29 -1157892.45 10000003.95 276002.93 3.83 11.58 21.53 1682225.45 101075.13 0.03 0.14 0.40 269 11
Result 1 27.0 276 0.47 0.15 0.21 0.16 0.18 0.15 0.15 -1 -1 -1 -1
Evo 99.51 -10000002.87 13.53 -380228.12 2.43 4.55 9.32 1828341.83 120036.52 0.03 0.08 0.25 -1 24
Result 0 12.0 231 0.47 0.19 0.21 0.15 0.16 0.16 0.13 -1 -1 -1 -1
Evo 92.41 -9851112.31 11.42 -326470.75 2.56 2.57 9.51 1571011.89 103364.99 0.03 0.09 0.26 -1 5
Result 0 12.0 230 0.42 0.17 0.16 0.16 0.19 0.13 0.19 -1 -1 -1 -1
Evo 96.77 -10000004.13 20.57 -400913.75 2.53 4.47 12.53 1862747.53 124738.80 0.03 0.10 0.29 -1 4
Result 0 18.0 222 0.37 0.12 0.19 0.16 0.19 0.15 0.18 -1 -1 -1 -1
Evo 92.24 -10000003.19 13.64 -392991.63 2.44 6.26 8.54 1744437.66 105002.81 0.03 0.10 0.32 -1 11
Result 0 12.0 275 0.45 0.18 0.18 0.16 0.22 0.09 0.17 -1 -1 -1 -1
Evo 92.93 -10000003.59 21.57 -345711.40 2.47 7.02 14.57 1709142.35 104597.81 0.03 0.10 0.32 -1 22
Result 0 20.0 266 0.42 0.18 0.15 0.14 0.16 0.16 0.21 -1 -1 -1 -1
Evo 98.04 -10000004.10 23.07 -388212.48 2.49 6.47 12.56 1849209.94 122736.37 0.03 0.10 0.30 -1 12
Result 0 20.0 226 0.48 0.22 0.18 0.13 0.19 0.15 0.14 -1 -1 -1 -1
Evo 91.84 -2399996.33 10000003.89 224929.65 2.56 8.48 9.58 1562409.26 90205.74 0.03 0.13 0.40 290 16
Result 1 15.0 299 0.41 0.19 0.15 0.16 0.19 0.15 0.16 -1 -1 -1 -1
Evo 93.81 -1235945.46 9999998.04 157007.44 2.57 11.56 22.56 1282006.13 66114.42 0.02 0.13 0.37 368 20
Result 1 27.0 375 0.41 0.15 0.15 0.18 0.20 0.15 0.18 -1 -1 -1 -1
Evo 91.42 -9999995.04 19.84 -210319.72 2.53 2.57 12.56 1165082.49 78371.93 0.04 0.08 0.31 -1 21
Result 0 19.0 220 0.33 0.10 0.17 0.13 0.21 0.16 0.24 -1 -1 -1 -1
Evo 102.42 -10000003.29 15.60 -325704.37 2.53 8.45 12.57 1711329.86 104928.37 0.03 0.08 0.23 -1 13
Result 0 16.0 265 0.41 0.19 0.15 0.15 0.22 0.14 0.17 -1 -1 -1 -1
Evo 102.37 -10000004.18 21.57 -380865.65 2.30 4.55 12.58 1865602.69 124930.00 0.03 0.11 0.36 -1 11
Result 0 20.0 222 0.41 0.15 0.17 0.15 0.17 0.20 0.16 -1 -1 -1 -1
Evo 97.23 -10000002.84 21.30 -384643.89 3.07 6.57 14.54 1839237.94 121540.26 0.03 0.13 0.36 -1 25
Result 0 20.0 228 0.43 0.17 0.14 0.17 0.20 0.18 0.14 -1 -1 -1 -1
