Evo 112.42 -10000002.55 0.53 -39979.47 0.53 0.53 0.53 631189.88 14110.31 0.01 0.68 0.71 -1 1985
Result 0 0.0 2000 0.46 0.20 0.21 0.19 0.18 0.22 -1 -1 -1 -1 -1
Evo 112.40 -10000003.74 0.53 -39979.48 0.53 0.53 0.53 631190.06 14110.31 0.01 0.70 0.71 -1 45
Result 0 0.0 2000 0.46 0.20 0.19 0.21 0.20 0.20 -1 -1 -1 -1 -1
Evo 112.18 -10000003.68 0.53 -39979.48 0.53 0.53 0.53 631190.07 14110.31 0.01 0.68 0.71 -1 413
Result 0 0.0 2000 0.48 0.22 0.19 0.19 0.19 0.20 -1 -1 -1 -1 -1
Evo 112.39 -10000003.22 0.53 -39979.48 0.53 0.53 0.53 631190.01 14110.31 0.01 0.68 0.71 -1 767
Result 0 0.0 2000 0.46 0.19 0.20 0.20 0.20 0.21 -1 -1 -1 -1 -1
Evo 112.25 -10000002.09 0.53 -39979.48 0.53 0.53 0.53 631189.95 14110.31 0.01 0.68 0.71 -1 168
Result 0 0.0 2000 0.45 0.19 0.20 0.21 0.20 0.21 -1 -1 -1 -1 -1
Evo 112.30 -10000004.10 0.53 -39979.48 0.53 0.53 0.53 631189.96 14110.31 0.01 0.69 0.71 -1 1993
Result 0 0.0 2000 0.47 0.21 0.20 0.20 0.21 0.19 -1 -1 -1 -1 -1
Evo 112.36 -10000002.42 0.53 -39979.47 0.53 0.53 0.53 631189.89 14110.31 0.01 0.69 0.71 -1 593
Result 0 0.0 2000 0.48 0.22 0.19 0.19 0.19 0.20 -1 -1 -1 -1 -1
Evo 112.34 -10000003.61 0.53 -39979.48 0.53 0.53 0.53 631190.03 14110.31 0.01 0.70 0.71 -1 421
Result 0 0.0 2000 0.46 0.19 0.20 0.20 0.20 0.21 -1 -1 -1 -1 -1
Evo 111.95 -10000004.69 0.53 -39979.48 0.53 0.53 0.53 631190.07 14110.31 0.01 0.68 0.71 -1 237
Result 0 0.0 2000 0.47 0.20 0.23 0.20 0.18 0.20 -1 -1 -1 -1 -1
Evo 112.27 -10000004.15 0.53 -39979.48 0.53 0.53 0.53 631189.97 14110.31 0.01 0.68 0.71 -1 325
Result 0 0.0 2000 0.46 0.19 0.20 0.21 0.20 0.19 -1 -1 -1 -1 -1
Evo 112.05 -10000003.26 0.53 -39979.48 0.53 0.53 0.53 631190.06 14110.31 0.01 0.68 0.71 -1 934
Result 0 0.0 2000 0.48 0.22 0.19 0.20 0.21 0.18 -1 -1 -1 -1 -1
Evo 112.25 -10000003.31 0.53 -39979.48 0.53 0.53 0.53 631190.02 14110.31 0.01 0.70 0.71 -1 260
Result 0 0.0 2000 0.46 0.20 0.20 0.21 0.20 0.20 -1 -1 -1 -1 -1
Evo 112.12 -10000003.94 0.53 -39979.48 0.53 0.53 0.53 631190.00 14110.31 0.01 0.70 0.71 -1 201
Result 0 0.0 2000 0.46 0.19 0.19 0.20 0.21 0.20 -1 -1 -1 -1 -1
Evo 112.32 -10000004.03 0.53 -39979.48 0.53 0.53 0.53 631190.02 14110.31 0.01 0.67 0.71 -1 107
Result 0 0.0 2000 0.46 0.19 0.20 0.22 0.19 0.20 -1 -1 -1 -1 -1
Evo 112.33 -10000002.42 0.53 -39979.48 0.53 0.53 0.53 631190.00 14110.31 0.01 0.69 0.71 -1 1993
Result 0 0.0 2000 0.47 0.20 0.20 0.20 0.20 0.20 -1 -1 -1 -1 -1
Evo 112.35 -9999999.00 0.53 -39979.47 0.53 0.53 0.53 631189.85 14110.31 0.01 0.68 0.71 -1 1993
Result 0 0.0 2000 0.46 0.19 0.21 0.19 0.20 0.21 -1 -1 -1 -1 -1
Evo 112.35 -10000001.96 0.53 -39979.48 0.53 0.53 0.53 631190.00 14110.31 0.01 0.70 0.71 -1 1466
Result 0 0.0 2000 0.47 0.21 0.20 0.21 0.18 0.19 -1 -1 -1 -1 -1
Evo 112.30 -10000003.97 0.53 -39979.48 0.53 0.53 0.53 631190.01 14110.31 0.01 0.69 0.71 -1 318
Result 0 0.0 2000 0.48 0.22 0.20 0.20 0.19 0.19 -1 -1 -1 -1 -1
Evo 112.30 -10000000.90 0.53 -39979.48 0.53 0.53 0.53 631189.94 14110.31 0.01 0.68 0.71 -1 265
Result 0 0.0 2000 0.47 0.20 0.21 0.20 0.20 0.19 -1 -1 -1 -1 -1
Evo 111.92 -10000002.77 2.53 -39978.07 0.53 2.53 2.53 631190.13 14110.31 0.01 0.69 0.71 -1 181
Result 0 2.0 2000 0.46 0.20 0.19 0.21 0.19 0.21 -1 -1 -1 -1 -1
Evo 112.06 -10000004.37 1.53 -39978.65 1.53 1.53 1.53 631190.13 14110.31 0.01 0.40 0.45 -1 4
Result 0 1.0 2000 0.47 0.21 0.19 0.19 0.21 0.19 -1 -1 -1 -1 -1
Evo 112.14 -10000001.14 1.53 -39978.59 1.53 1.53 1.53 631189.97 14110.31 0.01 0.43 0.53 -1 86
Result 0 1.0 2000 0.46 0.19 0.19 0.21 0.20 0.20 -1 -1 -1 -1 -1
Evo 111.78 -10000002.89 1.53 -39978.72 1.53 1.53 1.53 631189.96 14110.31 0.01 0.34 0.44 -1 27
Result 0 1.0 2000 0.45 0.19 0.19 0.21 0.20 0.22 -1 -1 -1 -1 -1
Evo 111.81 -10000003.98 1.53 -39978.66 1.53 1.53 1.53 631190.06 14110.31 0.01 0.27 0.31 -1 32
Result 0 1.0 2000 0.48 0.21 0.20 0.19 0.20 0.20 -1 -1 -1 -1 -1
Evo 112.13 -10000003.25 0.53 -39979.48 0.53 0.53 0.53 631190.00 14110.31 0.01 0.13 0.16 -1 44
Result 0 0.0 2000 0.47 0.21 0.22 0.21 0.16 0.20 -1 -1 -1 -1 -1
Evo 111.80 -10000001.86 1.53 -39978.51 1.53 1.53 1.53 631189.93 14110.31 0.01 0.50 0.55 -1 2
Result 0 1.0 2000 0.47 0.21 0.20 0.19 0.19 0.20 -1 -1 -1 -1 -1
Evo 112.09 -10000003.55 1.53 -39978.49 1.53 1.53 1.53 631189.98 14110.31 0.01 0.38 0.45 -1 45
Result 0 1.0 2000 0.46 0.19 0.20 0.20 0.21 0.20 -1 -1 -1 -1 -1
Evo 111.89 -10000003.96 1.53 -39978.52 1.53 1.53 1.53 631190.09 14110.31 0.01 0.27 0.31 -1 673
Result 0 1.0 2000 0.44 0.18 0.20 0.22 0.22 0.19 -1 -1 -1 -1 -1
Evo 111.86 -10000003.52 1.53 -39978.49 1.53 1.53 1.53 631190.06 14110.31 0.01 0.41 0.45 -1 81
Result 0 1.0 2000 0.48 0.22 0.19 0.20 0.20 0.19 -1 -1 -1 -1 -1
Evo 112.16 -10000004.04 1.53 -39978.52 1.53 1.53 1.53 631190.07 14110.31 0.01 0.55 0.55 -1 45
Result 0 1.0 2000 0.46 0.19 0.20 0.20 0.19 0.21 -1 -1 -1 -1 -1
Evo 112.21 -10000001.65 1.53 -39978.50 1.53 1.53 1.53 631189.98 14110.31 0.01 0.29 0.34 -1 1993
Result 0 1.0 2000 0.47 0.21 0.21 0.20 0.21 0.18 -1 -1 -1 -1 -1
Evo 112.09 -9999999.87 0.53 -39979.47 0.53 0.53 0.53 631189.84 14110.31 0.01 0.14 0.19 -1 40
Result 0 0.0 2000 0.47 0.21 0.22 0.21 0.17 0.19 -1 -1 -1 -1 -1
Evo 112.03 -10000003.45 1.53 -39978.65 1.53 1.53 1.53 631190.03 14110.31 0.01 0.41 0.45 -1 1993
Result 0 1.0 2000 0.45 0.19 0.20 0.20 0.20 0.21 -1 -1 -1 -1 -1
Evo 112.01 -10000003.59 0.53 -40062.78 0.53 0.53 0.53 631195.72 14110.44 0.01 0.13 0.16 -1 8
Result 0 0.0 2000 0.47 0.20 0.21 0.21 0.19 0.20 -1 -1 -1 -1 -1
Evo 112.22 -10000004.54 1.53 -39978.53 1.53 1.53 1.53 631190.08 14110.31 0.01 0.44 0.55 -1 4
Result 0 1.0 2000 0.46 0.20 0.20 0.20 0.20 0.20 -1 -1 -1 -1 -1
Evo 112.02 -10000003.38 1.53 -39978.51 1.53 1.53 1.53 631190.06 14110.31 0.01 0.54 0.55 -1 26
Result 0 1.0 2000 0.46 0.19 0.21 0.21 0.20 0.19 -1 -1 -1 -1 -1
Evo 111.84 -10000003.68 1.53 -39978.60 1.53 1.53 1.53 631189.95 14110.31 0.01 0.55 0.55 -1 124
Result 0 1.0 2000 0.46 0.20 0.20 0.19 0.21 0.20 -1 -1 -1 -1 -1
Evo 112.18 -10000003.78 1.53 -39978.51 1.53 1.53 1.53 631190.06 14110.31 0.01 0.51 0.55 -1 1993
Result 0 1.0 2000 0.47 0.20 0.21 0.19 0.20 0.21 -1 -1 -1 -1 -1
Evo 112.00 -10000002.80 1.53 -39978.64 1.53 1.53 1.53 631189.99 14110.31 0.01 0.49 0.55 -1 3
Result 0 1.0 2000 0.47 0.21 0.20 0.19 0.20 0.20 -1 -1 -1 -1 -1
Evo 111.87 -10000003.55 1.53 -39978.55 1.53 1.53 1.53 631189.98 14110.31 0.01 0.27 0.34 -1 14
Result 0 1.0 2000 0.46 0.20 0.21 0.19 0.21 0.19 -1 -1 -1 -1 -1
Evo 112.18 -10000004.07 1.53 -39978.88 0.53 1.53 1.53 631190.05 14110.31 0.01 0.49 0.55 -1 1993
Result 0 1.0 2000 0.47 0.20 0.21 0.19 0.21 0.19 -1 -1 -1 -1 -1
Evo 112.05 -10000004.14 1.53 -39978.77 0.53 1.53 1.53 631190.06 14110.31 0.01 0.48 0.58 -1 1993
Result 0 1.0 2000 0.46 0.20 0.21 0.20 0.19 0.20 -1 -1 -1 -1 -1
Evo 112.23 -10000001.94 1.53 -39978.52 1.53 1.53 1.53 631190.12 14110.31 0.01 0.50 0.53 -1 1665
Result 0 1.0 2000 0.45 0.19 0.20 0.20 0.20 0.22 -1 -1 -1 -1 -1
Evo 111.76 -10000002.19 1.53 -39978.60 1.53 1.53 1.53 631189.93 14110.31 0.01 0.48 0.55 -1 1993
Result 0 1.0 2000 0.48 0.21 0.20 0.21 0.18 0.21 -1 -1 -1 -1 -1
Evo 112.07 -10000000.49 1.53 -39978.48 1.53 1.53 1.53 631189.95 14110.31 0.01 0.53 0.58 -1 1993
Result 0 1.0 2000 0.47 0.20 0.22 0.20 0.20 0.18 -1 -1 -1 -1 -1
Evo 111.91 -10000003.06 1.53 -39978.49 1.53 1.53 1.53 631190.03 14110.31 0.01 0.49 0.51 -1 1993
Result 0 1.0 2000 0.46 0.20 0.19 0.20 0.21 0.20 -1 -1 -1 -1 -1
Evo 111.86 -10000003.61 1.53 -39978.60 1.53 1.53 1.53 631190.00 14110.31 0.01 0.50 0.56 -1 1993
Result 0 1.0 2000 0.47 0.20 0.20 0.21 0.19 0.19 -1 -1 -1 -1 -1
Evo 111.94 -10000004.20 1.53 -39978.49 1.53 1.53 1.53 631190.02 14110.31 0.01 0.56 0.58 -1 1993
Result 0 1.0 2000 0.46 0.20 0.20 0.21 0.20 0.20 -1 -1 -1 -1 -1
Evo 112.12 -10000002.78 1.53 -39979.32 0.53 0.53 0.53 631189.92 14110.31 0.01 0.46 0.51 -1 1993
Result 0 1.0 2000 0.47 0.20 0.19 0.21 0.20 0.20 -1 -1 -1 -1 -1
Evo 112.02 -10000003.32 1.53 -39978.49 1.53 1.53 1.53 631189.97 14110.31 0.01 0.56 0.58 -1 1993
Result 0 1.0 2000 0.48 0.21 0.18 0.21 0.20 0.19 -1 -1 -1 -1 -1
Evo 112.17 -10000003.52 1.53 -39978.54 1.53 1.53 1.53 631190.08 14110.31 0.01 0.49 0.51 -1 1993
Result 0 1.0 2000 0.46 0.19 0.20 0.20 0.20 0.20 -1 -1 -1 -1 -1
Evo 112.17 -10000003.96 1.53 -39978.50 1.53 1.53 1.53 631190.02 14110.31 0.01 0.48 0.56 -1 770
Result 0 1.0 2000 0.45 0.19 0.20 0.20 0.22 0.19 -1 -1 -1 -1 -1
Evo 112.02 -10000003.07 1.53 -39978.52 1.53 1.53 1.53 631190.09 14110.31 0.01 0.50 0.52 -1 1993
Result 0 1.0 2000 0.46 0.20 0.20 0.22 0.19 0.20 -1 -1 -1 -1 -1
Evo 111.95 -10000003.00 1.53 -39978.49 1.53 1.53 1.53 631190.04 14110.31 0.01 0.49 0.53 -1 1993
Result 0 1.0 2000 0.46 0.20 0.20 0.19 0.20 0.20 -1 -1 -1 -1 -1
Evo 112.29 -10000003.67 1.53 -39978.49 1.53 1.53 1.53 631190.07 14110.31 0.01 0.49 0.51 -1 1169
Result 0 1.0 2000 0.47 0.20 0.20 0.20 0.19 0.20 -1 -1 -1 -1 -1
Evo 111.97 -10000004.09 1.53 -39978.77 0.53 1.53 1.53 631190.06 14110.31 0.01 0.51 0.57 -1 542
Result 0 1.0 2000 0.46 0.20 0.21 0.19 0.21 0.19 -1 -1 -1 -1 -1
Evo 111.68 -10000003.54 1.53 -39978.49 1.53 1.53 1.53 631190.00 14110.31 0.01 0.53 0.58 -1 1993
Result 0 1.0 2000 0.48 0.22 0.21 0.19 0.19 0.19 -1 -1 -1 -1 -1
Evo 112.04 -10000001.94 1.53 -39978.79 0.53 1.53 1.53 631189.98 14110.31 0.01 0.56 0.58 -1 1993
Result 0 1.0 2000 0.46 0.19 0.20 0.21 0.20 0.19 -1 -1 -1 -1 -1
Evo 112.29 -10000002.57 1.53 -39978.65 1.53 1.53 1.53 631190.00 14110.31 0.01 0.50 0.51 -1 1993
Result 0 1.0 2000 0.45 0.18 0.21 0.20 0.20 0.21 -1 -1 -1 -1 -1
Evo 112.15 -10000002.92 1.53 -39978.74 0.53 1.53 1.53 631190.05 14110.31 0.01 0.41 0.51 -1 1993
Result 0 1.0 2000 0.47 0.20 0.21 0.21 0.18 0.20 -1 -1 -1 -1 -1
Evo 112.22 -10000003.56 1.53 -39978.62 1.53 1.53 1.53 631190.07 14110.31 0.01 0.56 0.59 -1 1993
Result 0 1.0 2000 0.47 0.20 0.20 0.19 0.20 0.21 -1 -1 -1 -1 -1
Evo 111.89 -10000003.03 1.53 -39978.62 1.53 1.53 1.53 631189.96 14110.31 0.01 0.56 0.59 -1 1993
Result 0 1.0 2000 0.47 0.21 0.19 0.20 0.20 0.20 -1 -1 -1 -1 -1
Evo 111.83 -10000003.65 1.53 -39978.50 1.53 1.53 1.53 631190.06 14110.31 0.01 0.58 0.58 -1 1993
Result 0 1.0 2000 0.44 0.17 0.20 0.21 0.22 0.20 -1 -1 -1 -1 -1
Evo 112.04 -10000003.55 1.53 -39978.52 1.53 1.53 1.53 631190.01 14110.31 0.01 0.54 0.59 -1 1993
Result 0 1.0 2000 0.47 0.21 0.21 0.19 0.19 0.20 -1 -1 -1 -1 -1
Evo 112.25 -10000000.73 1.53 -39979.01 0.53 0.53 1.53 631189.90 14110.31 0.01 0.52 0.59 -1 1993
Result 0 1.0 2000 0.47 0.21 0.20 0.19 0.21 0.19 -1 -1 -1 -1 -1
Evo 112.13 -10000002.06 1.53 -39978.64 1.53 1.53 1.53 631189.99 14110.31 0.01 0.56 0.58 -1 1993
Result 0 1.0 2000 0.47 0.20 0.19 0.21 0.20 0.20 -1 -1 -1 -1 -1
Evo 111.94 -10000001.86 1.53 -39978.55 1.53 1.53 1.53 631189.96 14110.31 0.01 0.55 0.59 -1 1993
Result 0 1.0 2000 0.47 0.20 0.20 0.20 0.20 0.20 -1 -1 -1 -1 -1
Evo 112.03 -10000003.99 1.53 -39978.50 1.53 1.53 1.53 631190.12 14110.31 0.01 0.52 0.58 -1 1993
Result 0 1.0 2000 0.47 0.20 0.20 0.20 0.19 0.20 -1 -1 -1 -1 -1
Evo 112.08 -10000002.67 1.53 -39978.51 1.53 1.53 1.53 631190.07 14110.31 0.01 0.57 0.59 -1 1993
Result 0 1.0 2000 0.46 0.19 0.21 0.20 0.20 0.20 -1 -1 -1 -1 -1
Evo 111.77 -10000004.44 1.53 -39979.16 0.53 0.53 1.53 631189.98 14110.31 0.01 0.54 0.59 -1 1993
Result 0 1.0 2000 0.46 0.20 0.20 0.19 0.21 0.20 -1 -1 -1 -1 -1
Evo 111.90 -10000004.49 1.53 -39979.18 0.53 0.53 1.53 631190.05 14110.31 0.01 0.52 0.59 -1 1993
Result 0 1.0 2000 0.47 0.21 0.19 0.20 0.19 0.21 -1 -1 -1 -1 -1
Evo 111.76 -10000003.77 1.53 -39978.53 1.53 1.53 1.53 631190.00 14110.31 0.01 0.31 0.41 -1 1993
Result 0 1.0 2000 0.48 0.21 0.21 0.18 0.19 0.21 -1 -1 -1 -1 -1
Evo 112.14 -10000003.79 1.53 -39978.53 1.53 1.53 1.53 631190.02 14110.31 0.01 0.55 0.59 -1 1993
Result 0 1.0 2000 0.48 0.22 0.19 0.21 0.19 0.20 -1 -1 -1 -1 -1
Evo 111.88 -10000004.50 1.53 -39979.08 0.53 0.53 1.53 631189.94 14110.31 0.01 0.55 0.59 -1 1993
Result 0 1.0 2000 0.46 0.19 0.18 0.22 0.20 0.20 -1 -1 -1 -1 -1
Evo 111.77 -10000002.84 1.53 -39978.85 0.53 1.53 1.53 631189.91 14110.31 0.01 0.55 0.59 -1 1993
Result 0 1.0 2000 0.46 0.19 0.19 0.18 0.22 0.22 -1 -1 -1 -1 -1
Evo 111.94 -10000003.46 1.53 -39978.50 1.53 1.53 1.53 631190.08 14110.31 0.01 0.56 0.59 -1 1431
Result 0 1.0 2000 0.47 0.21 0.19 0.20 0.20 0.20 -1 -1 -1 -1 -1
Evo 112.14 -10000004.29 0.53 -39979.48 0.53 0.53 0.53 631189.95 14110.31 0.01 0.31 0.38 -1 1993
Result 0 0.0 2000 0.47 0.20 0.19 0.21 0.20 0.20 -1 -1 -1 -1 -1
Evo 111.79 -10000001.62 1.53 -39978.76 0.53 1.53 1.53 631189.93 14110.31 0.01 0.51 0.57 -1 1993
Result 0 1.0 2000 0.47 0.21 0.19 0.20 0.19 0.20 -1 -1 -1 -1 -1
Evo 112.25 -10000004.52 1.53 -39978.64 1.53 1.53 1.53 631190.03 14110.31 0.01 0.55 0.59 -1 1993
Result 0 1.0 2000 0.47 0.21 0.21 0.20 0.18 0.20 -1 -1 -1 -1 -1
Evo 112.06 -10000003.96 1.53 -39978.77 0.53 1.53 1.53 631190.09 14110.31 0.01 0.55 0.59 -1 1993
Result 0 1.0 2000 0.47 0.20 0.20 0.19 0.20 0.20 -1 -1 -1 -1 -1
Evo 112.35 -10000003.50 0.53 -39979.48 0.53 0.53 0.53 631189.95 14110.31 0.01 0.33 0.42 -1 1510
Result 0 0.0 2000 0.47 0.20 0.19 0.21 0.19 0.21 -1 -1 -1 -1 -1
Evo 112.10 -10000002.82 1.53 -39978.68 1.53 1.53 1.53 631189.98 14110.31 0.01 0.42 0.45 -1 360
Result 0 1.0 2000 0.47 0.20 0.21 0.18 0.21 0.20 -1 -1 -1 -1 -1
Evo 112.18 -10000002.91 1.53 -39978.61 1.53 1.53 1.53 631190.07 14110.31 0.01 0.38 0.44 -1 244
Result 0 1.0 2000 0.47 0.20 0.20 0.19 0.20 0.20 -1 -1 -1 -1 -1
Evo 111.67 -10000002.23 1.53 -39979.30 0.53 0.53 0.53 631189.98 14110.31 0.01 0.43 0.49 -1 1601
Result 0 1.0 2000 0.47 0.20 0.21 0.20 0.19 0.19 -1 -1 -1 -1 -1
Evo 112.36 -10000001.33 0.53 -39979.48 0.53 0.53 0.53 631189.96 14110.31 0.01 0.23 0.30 -1 1993
Result 0 0.0 2000 0.46 0.20 0.20 0.20 0.22 0.18 -1 -1 -1 -1 -1
Evo 111.91 -10000002.44 1.53 -39979.44 0.53 0.53 0.53 631189.94 14110.31 0.01 0.43 0.45 -1 1993
Result 0 1.0 2000 0.47 0.21 0.19 0.19 0.20 0.21 -1 -1 -1 -1 -1
Evo 112.09 -10000004.37 1.53 -39979.02 0.53 0.53 1.53 631190.12 14110.31 0.01 0.38 0.43 -1 976
Result 0 1.0 2000 0.47 0.20 0.21 0.19 0.20 0.19 -1 -1 -1 -1 -1
Evo 111.96 -10000004.12 1.53 -39978.90 0.53 1.53 1.53 631189.92 14110.31 0.01 0.43 0.46 -1 836
Result 0 1.0 2000 0.47 0.21 0.20 0.18 0.20 0.21 -1 -1 -1 -1 -1
Evo 112.00 -10000001.74 1.53 -39978.68 1.53 1.53 1.53 631190.02 14110.31 0.01 0.42 0.45 -1 357
Result 0 1.0 2000 0.45 0.19 0.19 0.20 0.21 0.20 -1 -1 -1 -1 -1
Evo 112.23 -10000001.47 1.53 -39978.91 0.53 1.53 1.53 631189.97 14110.31 0.01 0.51 0.51 -1 1993
Result 0 1.0 2000 0.46 0.20 0.20 0.20 0.21 0.19 -1 -1 -1 -1 -1
Evo 112.37 -10000004.68 0.53 -39979.48 0.53 0.53 0.53 631190.01 14110.31 0.01 0.33 0.38 -1 1993
Result 0 0.0 2000 0.46 0.19 0.21 0.20 0.20 0.19 -1 -1 -1 -1 -1
Evo 112.10 -10000002.10 0.53 -39979.48 0.53 0.53 0.53 631190.03 14110.31 0.01 0.35 0.44 -1 1364
Result 0 0.0 2000 0.46 0.19 0.20 0.21 0.19 0.21 -1 -1 -1 -1 -1
Evo 112.03 -10000003.49 1.53 -39979.17 0.53 0.53 1.53 631189.97 14110.31 0.01 0.42 0.46 -1 1359
Result 0 1.0 2000 0.47 0.20 0.22 0.18 0.19 0.21 -1 -1 -1 -1 -1
Evo 112.17 -10000004.20 1.53 -39978.84 0.53 1.53 1.53 631190.06 14110.31 0.01 0.48 0.51 -1 672
Result 0 1.0 2000 0.46 0.19 0.20 0.20 0.20 0.20 -1 -1 -1 -1 -1
Evo 112.44 -10000003.75 0.53 -39979.48 0.53 0.53 0.53 631189.98 14110.31 0.01 0.27 0.34 -1 1993
Result 0 0.0 2000 0.45 0.19 0.20 0.20 0.21 0.19 -1 -1 -1 -1 -1
Evo 112.08 -10000004.22 1.53 -39979.35 0.53 0.53 0.53 631189.96 14110.31 0.01 0.44 0.47 -1 1679
Result 0 1.0 2000 0.44 0.18 0.20 0.21 0.21 0.21 -1 -1 -1 -1 -1
Evo 112.14 -10000003.18 1.53 -39978.87 0.53 1.53 1.53 631190.07 14110.31 0.01 0.42 0.45 -1 678
Result 0 1.0 2000 0.46 0.19 0.20 0.20 0.21 0.20 -1 -1 -1 -1 -1
Evo 111.90 -10000002.16 1.53 -39979.31 0.53 0.53 0.53 631190.00 14110.31 0.01 0.49 0.51 -1 1620
Result 0 1.0 2000 0.46 0.20 0.21 0.20 0.20 0.20 -1 -1 -1 -1 -1
Evo 112.09 -10000002.18 0.53 -39979.47 0.53 0.53 0.53 631189.85 14110.31 0.01 0.31 0.38 -1 1993
Result 0 0.0 2000 0.47 0.20 0.20 0.20 0.21 0.19 -1 -1 -1 -1 -1
Evo 112.09 -10000004.09 1.53 -39979.22 0.53 0.53 1.53 631190.09 14110.31 0.01 0.50 0.51 -1 1993
Result 0 1.0 2000 0.48 0.21 0.19 0.21 0.18 0.20 -1 -1 -1 -1 -1
