Evo Infinity 9999997.05 9999997.05 9999997.05 9999997.05 9999997.05 9999997.05 NaN NaN 0.00 0.00 0.02 0 -1
Result 1 1.0 0 0.00 -1 -1 -1 -1 -1 1.00
Evo Infinity 9999995.74 9999995.74 9999995.74 9999995.74 9999995.74 9999995.74 NaN NaN 0.00 0.00 0.02 0 -1
Result 1 1.0 0 0.00 -1 -1 -1 -1 -1 1.00
Evo Infinity 10000002.01 10000002.01 10000002.01 10000002.01 10000002.01 10000002.01 NaN NaN 0.00 0.00 0.02 0 -1
Result 1 1.0 0 0.00 -1 -1 -1 -1 -1 1.00
Evo Infinity 9999999.27 9999999.27 9999999.27 9999999.27 9999999.27 9999999.27 NaN NaN 0.00 0.00 0.02 0 -1
Result 1 1.0 0 0.00 -1 -1 -1 -1 -1 1.00
Evo Infinity 10000001.90 10000001.90 10000001.90 10000001.90 10000001.90 10000001.90 NaN NaN 0.00 0.00 0.01 0 -1
Result 1 1.0 0 0.00 -1 -1 -1 -1 -1 1.00
Evo Infinity 10000001.96 10000001.96 10000001.96 10000001.96 10000001.96 10000001.96 NaN NaN 0.00 0.00 0.02 0 -1
Result 1 1.0 0 0.00 -1 -1 -1 -1 -1 1.00
Evo Infinity 9999998.77 9999998.77 9999998.77 9999998.77 9999998.77 9999998.77 NaN NaN 0.00 0.00 0.02 0 -1
Result 1 1.0 0 0.00 -1 -1 -1 -1 -1 1.00
Evo Infinity 10000002.18 10000002.18 10000002.18 10000002.18 10000002.18 10000002.18 NaN NaN 0.00 0.00 0.03 0 -1
Result 1 1.0 0 0.00 -1 -1 -1 -1 -1 1.00
Evo Infinity 9999996.97 9999996.97 9999996.97 9999996.97 9999996.97 9999996.97 NaN NaN 0.00 0.00 0.02 0 -1
Result 1 1.0 0 0.00 -1 -1 -1 -1 -1 1.00
Evo Infinity 10000003.21 10000003.21 10000003.21 10000003.21 10000003.21 10000003.21 NaN NaN 0.00 0.00 0.02 0 -1
Result 1 1.0 0 0.00 -1 -1 -1 -1 -1 1.00
Evo Infinity 9999999.19 9999999.19 9999999.19 9999999.19 9999999.19 9999999.19 NaN NaN 0.00 0.00 0.03 0 -1
Result 1 1.0 0 0.00 -1 -1 -1 -1 -1 1.00
Evo Infinity 9999997.29 9999997.29 9999997.29 9999997.29 9999997.29 9999997.29 NaN NaN 0.00 0.00 0.02 0 -1
Result 1 1.0 0 0.00 -1 -1 -1 -1 -1 1.00
Evo Infinity 9999996.29 9999996.29 9999996.29 9999996.29 9999996.29 9999996.29 NaN NaN 0.00 0.00 0.01 0 -1
Result 1 1.0 0 0.00 -1 -1 -1 -1 -1 1.00
Evo Infinity 10000003.36 10000003.36 10000003.36 10000003.36 10000003.36 10000003.36 NaN NaN 0.00 0.00 0.02 0 -1
Result 1 1.0 0 0.00 -1 -1 -1 -1 -1 1.00
Evo Infinity 9999999.23 9999999.23 9999999.23 9999999.23 9999999.23 9999999.23 NaN NaN 0.00 0.00 0.02 0 -1
Result 1 1.0 0 0.00 -1 -1 -1 -1 -1 1.00
Evo Infinity 10000002.68 10000002.68 10000002.68 10000002.68 10000002.68 10000002.68 NaN NaN 0.00 0.00 0.03 0 -1
Result 1 1.0 0 0.00 -1 -1 -1 -1 -1 1.00
Evo Infinity 9999999.14 9999999.14 9999999.14 9999999.14 9999999.14 9999999.14 NaN NaN 0.00 0.00 0.02 0 -1
Result 1 1.0 0 0.00 -1 -1 -1 -1 -1 1.00
Evo Infinity 9999999.76 9999999.76 9999999.76 9999999.76 9999999.76 9999999.76 NaN NaN 0.00 0.00 0.02 0 -1
Result 1 1.0 0 0.00 -1 -1 -1 -1 -1 1.00
Evo Infinity 10000001.58 10000001.58 10000001.58 10000001.58 10000001.58 10000001.58 NaN NaN 0.00 0.00 0.02 0 -1
Result 1 1.0 0 0.00 -1 -1 -1 -1 -1 1.00
Evo Infinity 10000000.03 10000000.03 10000000.03 10000000.03 10000000.03 10000000.03 NaN NaN 0.00 0.00 0.03 0 -1
Result 1 1.0 0 0.00 -1 -1 -1 -1 -1 1.00
Evo Infinity 9999997.56 9999997.56 9999997.56 9999997.56 9999997.56 9999997.56 NaN NaN 0.00 0.00 0.02 0 -1
Result 1 1.0 0 0.00 -1 -1 -1 -1 -1 1.00
Evo Infinity 9999997.75 9999997.75 9999997.75 9999997.75 9999997.75 9999997.75 NaN NaN 0.00 0.00 0.03 0 -1
Result 1 1.0 0 0.00 -1 -1 -1 -1 -1 1.00
Evo Infinity 9999996.51 9999996.51 9999996.51 9999996.51 9999996.51 9999996.51 NaN NaN 0.00 0.00 0.03 0 -1
Result 1 1.0 0 0.00 -1 -1 -1 -1 -1 1.00
Evo Infinity 10000001.87 10000001.87 10000001.87 10000001.87 10000001.87 10000001.87 NaN NaN 0.00 0.00 0.02 0 -1
Result 1 1.0 0 0.00 -1 -1 -1 -1 -1 1.00
Evo Infinity 9999999.02 9999999.02 9999999.02 9999999.02 9999999.02 9999999.02 NaN NaN 0.00 0.00 0.01 0 -1
Result 1 1.0 0 0.00 -1 -1 -1 -1 -1 1.00
Evo Infinity 9999999.34 9999999.34 9999999.34 9999999.34 9999999.34 9999999.34 NaN NaN 0.00 0.00 0.01 0 -1
Result 1 1.0 0 0.00 -1 -1 -1 -1 -1 1.00
Evo Infinity 10000000.51 10000000.51 10000000.51 10000000.51 10000000.51 10000000.51 NaN NaN 0.00 0.00 0.02 0 -1
Result 1 1.0 0 0.00 -1 -1 -1 -1 -1 1.00
Evo Infinity 9999997.14 9999997.14 9999997.14 9999997.14 9999997.14 9999997.14 NaN NaN 0.00 0.00 0.02 0 -1
Result 1 1.0 0 0.00 -1 -1 -1 -1 -1 1.00
Evo Infinity 9999999.71 9999999.71 9999999.71 9999999.71 9999999.71 9999999.71 NaN NaN 0.00 0.00 0.02 0 -1
Result 1 1.0 0 0.00 -1 -1 -1 -1 -1 1.00
Evo Infinity 10000002.36 10000002.36 10000002.36 10000002.36 10000002.36 10000002.36 NaN NaN 0.00 0.00 0.02 0 -1
Result 1 1.0 0 0.00 -1 -1 -1 -1 -1 1.00
Evo Infinity 10000004.19 10000004.19 10000004.19 10000004.19 10000004.19 10000004.19 NaN NaN 0.00 0.00 0.02 0 -1
Result 1 1.0 0 0.00 -1 -1 -1 -1 -1 1.00
Evo Infinity 9999998.32 9999998.32 9999998.32 9999998.32 9999998.32 9999998.32 NaN NaN 0.00 0.00 0.02 0 -1
Result 1 1.0 0 0.00 -1 -1 -1 -1 -1 1.00
Evo Infinity 10000001.99 10000001.99 10000001.99 10000001.99 10000001.99 10000001.99 NaN NaN 0.00 0.00 0.02 0 -1
Result 1 1.0 0 0.00 -1 -1 -1 -1 -1 1.00
Evo Infinity 9999999.48 9999999.48 9999999.48 9999999.48 9999999.48 9999999.48 NaN NaN 0.00 0.00 0.03 0 -1
Result 1 1.0 0 0.00 -1 -1 -1 -1 -1 1.00
Evo Infinity 9999996.35 9999996.35 9999996.35 9999996.35 9999996.35 9999996.35 NaN NaN 0.00 0.00 0.01 0 -1
Result 1 1.0 0 0.00 -1 -1 -1 -1 -1 1.00
Evo Infinity 9999995.66 9999995.66 9999995.66 9999995.66 9999995.66 9999995.66 NaN NaN 0.00 0.00 0.01 0 -1
Result 1 1.0 0 0.00 -1 -1 -1 -1 -1 1.00
Evo Infinity 10000004.74 10000004.74 10000004.74 10000004.74 10000004.74 10000004.74 NaN NaN 0.00 0.00 0.02 0 -1
Result 1 1.0 0 0.00 -1 -1 -1 -1 -1 1.00
Evo Infinity 9999999.20 9999999.20 9999999.20 9999999.20 9999999.20 9999999.20 NaN NaN 0.00 0.00 0.02 0 -1
Result 1 1.0 0 0.00 -1 -1 -1 -1 -1 1.00
Evo Infinity 10000004.54 10000004.54 10000004.54 10000004.54 10000004.54 10000004.54 NaN NaN 0.00 0.00 0.03 0 -1
Result 1 1.0 0 0.00 -1 -1 -1 -1 -1 1.00
Evo Infinity 9999998.11 9999998.11 9999998.11 9999998.11 9999998.11 9999998.11 NaN NaN 0.00 0.00 0.02 0 -1
Result 1 1.0 0 0.00 -1 -1 -1 -1 -1 1.00
Evo Infinity 10000002.49 10000002.49 10000002.49 10000002.49 10000002.49 10000002.49 NaN NaN 0.00 0.00 0.02 0 -1
Result 1 1.0 0 0.00 -1 -1 -1 -1 -1 1.00
Evo Infinity 10000001.03 10000001.03 10000001.03 10000001.03 10000001.03 10000001.03 NaN NaN 0.00 0.00 0.02 0 -1
Result 1 1.0 0 0.00 -1 -1 -1 -1 -1 1.00
Evo Infinity 10000001.28 10000001.28 10000001.28 10000001.28 10000001.28 10000001.28 NaN NaN 0.00 0.00 0.02 0 -1
Result 1 1.0 0 0.00 -1 -1 -1 -1 -1 1.00
Evo Infinity 9999998.09 9999998.09 9999998.09 9999998.09 9999998.09 9999998.09 NaN NaN 0.00 0.00 0.02 0 -1
Result 1 1.0 0 0.00 -1 -1 -1 -1 -1 1.00
Evo Infinity 9999995.59 9999995.59 9999995.59 9999995.59 9999995.59 9999995.59 NaN NaN 0.00 0.00 0.02 0 -1
Result 1 1.0 0 0.00 -1 -1 -1 -1 -1 1.00
Evo Infinity 10000001.01 10000001.01 10000001.01 10000001.01 10000001.01 10000001.01 NaN NaN 0.00 0.00 0.02 0 -1
Result 1 1.0 0 0.00 -1 -1 -1 -1 -1 1.00
Evo Infinity 10000000.66 10000000.66 10000000.66 10000000.66 10000000.66 10000000.66 NaN NaN 0.00 0.00 0.02 0 -1
Result 1 1.0 0 0.00 -1 -1 -1 -1 -1 1.00
Evo Infinity 9999999.25 9999999.25 9999999.25 9999999.25 9999999.25 9999999.25 NaN NaN 0.00 0.00 0.01 0 -1
Result 1 1.0 0 0.00 -1 -1 -1 -1 -1 1.00
Evo Infinity 9999998.67 9999998.67 9999998.67 9999998.67 9999998.67 9999998.67 NaN NaN 0.00 0.00 0.01 0 -1
Result 1 1.0 0 0.00 -1 -1 -1 -1 -1 1.00
Evo Infinity 9999997.47 9999997.47 9999997.47 9999997.47 9999997.47 9999997.47 NaN NaN 0.00 0.00 0.02 0 -1
Result 1 1.0 0 0.00 -1 -1 -1 -1 -1 1.00
Evo Infinity 9999996.76 9999996.76 9999996.76 9999996.76 9999996.76 9999996.76 NaN NaN 0.00 0.00 0.02 0 -1
Result 1 1.0 0 0.00 -1 -1 -1 -1 -1 1.00
Evo Infinity 9999998.03 9999998.03 9999998.03 9999998.03 9999998.03 9999998.03 NaN NaN 0.00 0.00 0.02 0 -1
Result 1 1.0 0 0.00 -1 -1 -1 -1 -1 1.00
Evo Infinity 10000002.49 10000002.49 10000002.49 10000002.49 10000002.49 10000002.49 NaN NaN 0.00 0.00 0.03 0 -1
Result 1 1.0 0 0.00 -1 -1 -1 -1 -1 1.00
Evo Infinity 10000004.66 10000004.66 10000004.66 10000004.66 10000004.66 10000004.66 NaN NaN 0.00 0.00 0.01 0 -1
Result 1 1.0 0 0.00 -1 -1 -1 -1 -1 1.00
Evo Infinity 10000004.90 10000004.90 10000004.90 10000004.90 10000004.90 10000004.90 NaN NaN 0.00 0.00 0.02 0 -1
Result 1 1.0 0 0.00 -1 -1 -1 -1 -1 1.00
Evo Infinity 10000003.00 10000003.00 10000003.00 10000003.00 10000003.00 10000003.00 NaN NaN 0.00 0.00 0.01 0 -1
Result 1 1.0 0 0.00 -1 -1 -1 -1 -1 1.00
Evo Infinity 10000000.00 10000000.00 10000000.00 10000000.00 10000000.00 10000000.00 NaN NaN 0.00 0.00 0.02 0 -1
Result 1 1.0 0 0.00 -1 -1 -1 -1 -1 1.00
Evo Infinity 10000002.39 10000002.39 10000002.39 10000002.39 10000002.39 10000002.39 NaN NaN 0.00 0.00 0.02 0 -1
Result 1 1.0 0 0.00 -1 -1 -1 -1 -1 1.00
Evo Infinity 10000004.56 10000004.56 10000004.56 10000004.56 10000004.56 10000004.56 NaN NaN 0.00 0.00 0.02 0 -1
Result 1 1.0 0 0.00 -1 -1 -1 -1 -1 1.00
Evo Infinity 10000000.10 10000000.10 10000000.10 10000000.10 10000000.10 10000000.10 NaN NaN 0.00 0.00 0.02 0 -1
Result 1 1.0 0 0.00 -1 -1 -1 -1 -1 1.00
Evo Infinity 9999999.93 9999999.93 9999999.93 9999999.93 9999999.93 9999999.93 NaN NaN 0.00 0.00 0.03 0 -1
Result 1 1.0 0 0.00 -1 -1 -1 -1 -1 1.00
Evo Infinity 10000004.68 10000004.68 10000004.68 10000004.68 10000004.68 10000004.68 NaN NaN 0.00 0.00 0.02 0 -1
Result 1 1.0 0 0.00 -1 -1 -1 -1 -1 1.00
Evo Infinity 9999997.81 9999997.81 9999997.81 9999997.81 9999997.81 9999997.81 NaN NaN 0.00 0.00 0.03 0 -1
Result 1 1.0 0 0.00 -1 -1 -1 -1 -1 1.00
Evo Infinity 10000003.05 10000003.05 10000003.05 10000003.05 10000003.05 10000003.05 NaN NaN 0.00 0.00 0.02 0 -1
Result 1 1.0 0 0.00 -1 -1 -1 -1 -1 1.00
Evo Infinity 10000001.59 10000001.59 10000001.59 10000001.59 10000001.59 10000001.59 NaN NaN 0.00 0.00 0.02 0 -1
Result 1 1.0 0 0.00 -1 -1 -1 -1 -1 1.00
Evo Infinity 9999995.70 9999995.70 9999995.70 9999995.70 9999995.70 9999995.70 NaN NaN 0.00 0.00 0.02 0 -1
Result 1 1.0 0 0.00 -1 -1 -1 -1 -1 1.00
Evo Infinity 10000004.93 10000004.93 10000004.93 10000004.93 10000004.93 10000004.93 NaN NaN 0.00 0.00 0.02 0 -1
Result 1 1.0 0 0.00 -1 -1 -1 -1 -1 1.00
Evo Infinity 9999996.57 9999996.57 9999996.57 9999996.57 9999996.57 9999996.57 NaN NaN 0.00 0.00 0.02 0 -1
Result 1 1.0 0 0.00 -1 -1 -1 -1 -1 1.00
Evo Infinity 9999996.23 9999996.23 9999996.23 9999996.23 9999996.23 9999996.23 NaN NaN 0.00 0.00 0.02 0 -1
Result 1 1.0 0 0.00 -1 -1 -1 -1 -1 1.00
Evo Infinity 10000000.35 10000000.35 10000000.35 10000000.35 10000000.35 10000000.35 NaN NaN 0.00 0.00 0.02 0 -1
Result 1 1.0 0 0.00 -1 -1 -1 -1 -1 1.00
Evo Infinity 10000001.53 10000001.53 10000001.53 10000001.53 10000001.53 10000001.53 NaN NaN 0.00 0.00 0.02 0 -1
Result 1 1.0 0 0.00 -1 -1 -1 -1 -1 1.00
Evo Infinity 10000001.67 10000001.67 10000001.67 10000001.67 10000001.67 10000001.67 NaN NaN 0.00 0.00 0.02 0 -1
Result 1 1.0 0 0.00 -1 -1 -1 -1 -1 1.00
Evo Infinity 9999999.61 9999999.61 9999999.61 9999999.61 9999999.61 9999999.61 NaN NaN 0.00 0.00 0.03 0 -1
Result 1 1.0 0 0.00 -1 -1 -1 -1 -1 1.00
Evo Infinity 9999997.93 9999997.93 9999997.93 9999997.93 9999997.93 9999997.93 NaN NaN 0.00 0.00 0.02 0 -1
Result 1 1.0 0 0.00 -1 -1 -1 -1 -1 1.00
Evo Infinity 10000004.29 10000004.29 10000004.29 10000004.29 10000004.29 10000004.29 NaN NaN 0.00 0.00 0.02 0 -1
Result 1 1.0 0 0.00 -1 -1 -1 -1 -1 1.00
Evo Infinity 10000000.23 10000000.23 10000000.23 10000000.23 10000000.23 10000000.23 NaN NaN 0.00 0.00 0.02 0 -1
Result 1 1.0 0 0.00 -1 -1 -1 -1 -1 1.00
Evo Infinity 10000004.86 10000004.86 10000004.86 10000004.86 10000004.86 10000004.86 NaN NaN 0.00 0.00 0.02 0 -1
Result 1 1.0 0 0.00 -1 -1 -1 -1 -1 1.00
Evo Infinity 10000001.83 10000001.83 10000001.83 10000001.83 10000001.83 10000001.83 NaN NaN 0.00 0.00 0.02 0 -1
Result 1 1.0 0 0.00 -1 -1 -1 -1 -1 1.00
Evo Infinity 10000003.81 10000003.81 10000003.81 10000003.81 10000003.81 10000003.81 NaN NaN 0.00 0.00 0.02 0 -1
Result 1 1.0 0 0.00 -1 -1 -1 -1 -1 1.00
Evo Infinity 10000003.37 10000003.37 10000003.37 10000003.37 10000003.37 10000003.37 NaN NaN 0.00 0.00 0.02 0 -1
Result 1 1.0 0 0.00 -1 -1 -1 -1 -1 1.00
Evo Infinity 10000000.40 10000000.40 10000000.40 10000000.40 10000000.40 10000000.40 NaN NaN 0.00 0.00 0.01 0 -1
Result 1 1.0 0 0.00 -1 -1 -1 -1 -1 1.00
Evo Infinity 10000000.99 10000000.99 10000000.99 10000000.99 10000000.99 10000000.99 NaN NaN 0.00 0.00 0.02 0 -1
Result 1 1.0 0 0.00 -1 -1 -1 -1 -1 1.00
Evo Infinity 10000000.91 10000000.91 10000000.91 10000000.91 10000000.91 10000000.91 NaN NaN 0.00 0.00 0.03 0 -1
Result 1 1.0 0 0.00 -1 -1 -1 -1 -1 1.00
Evo Infinity 10000002.57 10000002.57 10000002.57 10000002.57 10000002.57 10000002.57 NaN NaN 0.00 0.00 0.02 0 -1
Result 1 1.0 0 0.00 -1 -1 -1 -1 -1 1.00
Evo Infinity 10000000.28 10000000.28 10000000.28 10000000.28 10000000.28 10000000.28 NaN NaN 0.00 0.00 0.02 0 -1
Result 1 1.0 0 0.00 -1 -1 -1 -1 -1 1.00
Evo Infinity 9999998.56 9999998.56 9999998.56 9999998.56 9999998.56 9999998.56 NaN NaN 0.00 0.00 0.02 0 -1
Result 1 1.0 0 0.00 -1 -1 -1 -1 -1 1.00
Evo Infinity 10000003.58 10000003.58 10000003.58 10000003.58 10000003.58 10000003.58 NaN NaN 0.00 0.00 0.03 0 -1
Result 1 1.0 0 0.00 -1 -1 -1 -1 -1 1.00
Evo Infinity 9999995.82 9999995.82 9999995.82 9999995.82 9999995.82 9999995.82 NaN NaN 0.00 0.00 0.02 0 -1
Result 1 1.0 0 0.00 -1 -1 -1 -1 -1 1.00
Evo Infinity 9999996.31 9999996.31 9999996.31 9999996.31 9999996.31 9999996.31 NaN NaN 0.00 0.00 0.01 0 -1
Result 1 1.0 0 0.00 -1 -1 -1 -1 -1 1.00
Evo Infinity 9999998.36 9999998.36 9999998.36 9999998.36 9999998.36 9999998.36 NaN NaN 0.00 0.00 0.02 0 -1
Result 1 1.0 0 0.00 -1 -1 -1 -1 -1 1.00
Evo Infinity 10000003.24 10000003.24 10000003.24 10000003.24 10000003.24 10000003.24 NaN NaN 0.00 0.00 0.02 0 -1
Result 1 1.0 0 0.00 -1 -1 -1 -1 -1 1.00
Evo Infinity 10000000.48 10000000.48 10000000.48 10000000.48 10000000.48 10000000.48 NaN NaN 0.00 0.00 0.02 0 -1
Result 1 1.0 0 0.00 -1 -1 -1 -1 -1 1.00
Evo Infinity 10000001.87 10000001.87 10000001.87 10000001.87 10000001.87 10000001.87 NaN NaN 0.00 0.00 0.02 0 -1
Result 1 1.0 0 0.00 -1 -1 -1 -1 -1 1.00
Evo Infinity 10000001.10 10000001.10 10000001.10 10000001.10 10000001.10 10000001.10 NaN NaN 0.00 0.00 0.01 0 -1
Result 1 1.0 0 0.00 -1 -1 -1 -1 -1 1.00
Evo Infinity 9999999.03 9999999.03 9999999.03 9999999.03 9999999.03 9999999.03 NaN NaN 0.00 0.00 0.02 0 -1
Result 1 1.0 0 0.00 -1 -1 -1 -1 -1 1.00
Evo Infinity 9999999.78 9999999.78 9999999.78 9999999.78 9999999.78 9999999.78 NaN NaN 0.00 0.00 0.01 0 -1
Result 1 1.0 0 0.00 -1 -1 -1 -1 -1 1.00
Evo Infinity 9999996.15 9999996.15 9999996.15 9999996.15 9999996.15 9999996.15 NaN NaN 0.00 0.00 0.02 0 -1
Result 1 1.0 0 0.00 -1 -1 -1 -1 -1 1.00
Evo Infinity 10000000.62 10000000.62 10000000.62 10000000.62 10000000.62 10000000.62 NaN NaN 0.00 0.00 0.02 0 -1
Result 1 1.0 0 0.00 -1 -1 -1 -1 -1 1.00
Evo Infinity 10000000.75 10000000.75 10000000.75 10000000.75 10000000.75 10000000.75 NaN NaN 0.00 0.00 0.02 0 -1
Result 1 1.0 0 0.00 -1 -1 -1 -1 -1 1.00
Evo Infinity 10000004.78 10000004.78 10000004.78 10000004.78 10000004.78 10000004.78 NaN NaN 0.00 0.00 0.02 0 -1
Result 1 1.0 0 0.00 -1 -1 -1 -1 -1 1.00
