Evo 112.58 -10000002.19 1.54 -160183.60 1.53 1.53 1.53 1254732.78 56057.33 0.02 0.04 0.06 -1 4
Result 0 1.0 500 0.48 0.22 0.18 0.21 0.21 0.18 -1 -1 -1 -1 -1
Evo 112.75 -10000003.97 1.53 -160282.35 1.53 1.53 1.53 1254733.68 56057.37 0.02 0.04 0.07 -1 6
Result 0 1.0 500 0.44 0.17 0.19 0.23 0.22 0.18 -1 -1 -1 -1 -1
Evo 112.88 -10000002.68 1.53 -161135.38 1.53 1.53 1.53 1254714.79 56056.52 0.02 0.04 0.06 -1 24
Result 0 1.0 500 0.46 0.19 0.22 0.20 0.21 0.17 -1 -1 -1 -1 -1
Evo 111.56 -10000004.04 1.53 -161285.66 1.53 1.53 1.53 1254721.85 56056.84 0.02 0.04 0.06 -1 9
Result 0 1.0 500 0.46 0.20 0.21 0.22 0.18 0.19 -1 -1 -1 -1 -1
Evo 112.86 -10000004.37 1.55 -161003.29 1.53 1.53 1.53 1254722.11 56056.85 0.02 0.04 0.06 -1 8
Result 0 1.0 500 0.48 0.21 0.22 0.20 0.21 0.16 -1 -1 -1 -1 -1
Evo 111.78 -10000003.06 1.53 -163015.25 1.53 1.53 1.53 1254802.66 56060.45 0.02 0.04 0.07 -1 5
Result 0 1.0 500 0.43 0.17 0.21 0.19 0.22 0.21 -1 -1 -1 -1 -1
Evo 110.43 -10000002.23 1.57 -161740.78 1.53 1.53 1.53 1254729.38 56057.17 0.02 0.04 0.06 -1 11
Result 0 1.0 500 0.46 0.19 0.20 0.22 0.21 0.19 -1 -1 -1 -1 -1
Evo 113.07 -10000002.64 1.53 -160274.93 1.53 1.53 1.53 1254766.08 56058.81 0.02 0.04 0.06 -1 7
Result 0 1.0 500 0.45 0.19 0.19 0.22 0.23 0.17 -1 -1 -1 -1 -1
Evo 113.09 -10000003.67 1.53 -160600.24 1.53 1.53 1.53 1254752.05 56058.19 0.02 0.04 0.06 -1 76
Result 0 1.0 500 0.47 0.21 0.21 0.19 0.20 0.19 -1 -1 -1 -1 -1
Evo 112.86 -10000001.56 1.53 -161557.70 1.53 1.53 1.53 1254830.51 56061.69 0.02 0.04 0.07 -1 5
Result 0 1.0 500 0.44 0.18 0.19 0.20 0.25 0.18 -1 -1 -1 -1 -1
Evo 112.76 -10000004.29 1.53 -159679.15 1.53 1.53 1.53 1254771.59 56059.06 0.02 0.03 0.06 -1 7
Result 0 1.0 500 0.49 0.23 0.20 0.22 0.21 0.14 -1 -1 -1 -1 -1
Evo 112.42 -10000003.56 1.53 -159679.13 1.53 1.53 1.53 1254771.40 56059.05 0.02 0.04 0.06 -1 9
Result 0 1.0 500 0.47 0.21 0.22 0.20 0.18 0.19 -1 -1 -1 -1 -1
Evo 113.93 -10000003.88 1.53 -159679.12 1.53 1.53 1.53 1254771.33 56059.05 0.02 0.03 0.06 -1 6
Result 0 1.0 500 0.46 0.19 0.20 0.23 0.19 0.20 -1 -1 -1 -1 -1
Evo 112.67 -10000004.32 1.53 -159679.15 1.53 1.53 1.53 1254771.60 56059.06 0.02 0.03 0.05 -1 7
Result 0 1.0 500 0.45 0.18 0.20 0.21 0.21 0.19 -1 -1 -1 -1 -1
Evo 113.50 -10000003.41 1.53 -159679.15 1.53 1.53 1.53 1254771.53 56059.06 0.02 0.04 0.07 -1 11
Result 0 1.0 500 0.45 0.18 0.20 0.23 0.20 0.19 -1 -1 -1 -1 -1
Evo 112.67 -10000004.27 1.53 -159679.14 1.53 1.53 1.53 1254771.49 56059.06 0.02 0.03 0.06 -1 22
Result 0 1.0 500 0.47 0.21 0.18 0.19 0.21 0.22 -1 -1 -1 -1 -1
Evo 112.97 -10000003.32 1.56 -159679.12 1.53 1.53 1.53 1254771.39 56059.05 0.02 0.03 0.06 -1 6
Result 0 1.0 500 0.44 0.17 0.22 0.18 0.24 0.19 -1 -1 -1 -1 -1
Evo 112.89 -10000004.12 1.53 -160113.06 1.53 1.53 1.53 1254753.69 56058.26 0.02 0.04 0.06 -1 11
Result 0 1.0 500 0.47 0.20 0.20 0.22 0.19 0.18 -1 -1 -1 -1 -1
Evo 110.62 -10000002.55 3.54 -165511.18 1.53 3.50 3.53 1254745.86 56057.91 0.02 0.09 0.14 -1 7
Result 0 3.0 500 0.45 0.19 0.21 0.18 0.20 0.22 -1 -1 -1 -1 -1
Evo 111.77 -10000004.11 1.54 -159679.16 1.53 1.53 1.53 1254771.63 56059.06 0.02 0.04 0.06 -1 16
Result 0 1.0 500 0.47 0.21 0.23 0.17 0.22 0.17 -1 -1 -1 -1 -1
Evo 85.03 -10000002.00 1.09 -162487.89 0.53 0.56 0.60 1254608.54 56051.78 0.02 0.07 0.10 -1 30
Result 0 0.0 500 0.50 0.26 0.24 0.15 0.22 0.13 -1 -1 -1 -1 -1
Evo 85.09 -10000004.26 1.19 -164604.98 0.53 0.55 0.59 1254627.29 56052.61 0.02 0.08 0.10 -1 90
Result 0 0.0 500 0.51 0.26 0.26 0.14 0.21 0.14 -1 -1 -1 -1 -1
Evo 93.45 -10000002.49 0.93 -162879.44 0.53 0.53 0.57 1254626.95 56052.60 0.02 0.06 0.09 -1 215
Result 0 0.0 500 0.49 0.23 0.22 0.16 0.23 0.16 -1 -1 -1 -1 -1
Evo 90.31 -10000004.17 1.07 -160719.54 0.53 0.55 0.59 1254712.68 56056.43 0.02 0.07 0.10 -1 117
Result 0 0.0 500 0.49 0.23 0.27 0.13 0.26 0.11 -1 -1 -1 -1 -1
Evo 85.32 -10000004.14 0.93 -161363.63 0.53 0.56 0.60 1254705.53 56056.11 0.02 0.07 0.10 -1 67
Result 0 1.0 500 0.49 0.24 0.25 0.14 0.23 0.14 -1 -1 -1 -1 -1
Evo 90.40 -10000002.59 0.94 -161490.56 0.53 0.54 0.59 1254673.01 56054.66 0.02 0.06 0.09 -1 150
Result 0 0.0 500 0.50 0.26 0.21 0.15 0.23 0.16 -1 -1 -1 -1 -1
Evo 84.35 -10000002.12 1.07 -163277.74 0.53 0.56 0.60 1254630.74 56052.77 0.02 0.07 0.09 -1 59
Result 0 1.0 500 0.49 0.23 0.25 0.14 0.24 0.14 -1 -1 -1 -1 -1
Evo 82.83 -10000004.39 1.01 -163582.67 0.53 0.56 0.61 1254586.72 56050.80 0.02 0.07 0.10 -1 49
Result 0 0.0 500 0.49 0.23 0.21 0.14 0.28 0.14 -1 -1 -1 -1 -1
Evo 83.80 -10000003.70 0.95 -163981.83 0.53 0.55 0.59 1254652.99 56053.76 0.02 0.07 0.10 -1 88
Result 0 0.0 500 0.49 0.23 0.25 0.16 0.22 0.14 -1 -1 -1 -1 -1
Evo 84.78 -10000003.31 0.98 -162934.28 0.53 0.56 0.60 1254638.63 56053.12 0.02 0.05 0.09 -1 62
Result 0 0.0 500 0.48 0.23 0.26 0.13 0.27 0.12 -1 -1 -1 -1 -1
Evo 83.90 -10000002.54 1.05 -163622.71 0.53 0.56 0.60 1254593.75 56051.12 0.02 0.08 0.10 -1 54
Result 0 2.0 500 0.51 0.27 0.22 0.13 0.28 0.10 -1 -1 -1 -1 -1
Evo 80.72 -10000003.05 0.99 -163457.48 0.53 0.57 0.61 1254590.79 56050.98 0.02 0.05 0.09 -1 36
Result 0 0.0 500 0.48 0.22 0.28 0.13 0.26 0.11 -1 -1 -1 -1 -1
Evo 82.13 -10000003.85 0.95 -163648.62 0.53 0.56 0.60 1254649.31 56053.60 0.02 0.07 0.10 -1 34
Result 0 0.0 500 0.50 0.24 0.20 0.14 0.29 0.13 -1 -1 -1 -1 -1
Evo 109.20 -10000004.09 0.80 -160456.35 0.53 0.53 0.53 1254733.81 56057.37 0.02 0.05 0.08 -1 448
Result 0 0.0 500 0.49 0.23 0.20 0.19 0.19 0.20 -1 -1 -1 -1 -1
Evo 85.65 -10000003.33 0.92 -161016.33 0.53 0.56 0.60 1254722.37 56056.86 0.02 0.06 0.10 -1 99
Result 0 0.0 500 0.48 0.22 0.26 0.15 0.25 0.13 -1 -1 -1 -1 -1
Evo 91.01 -10000004.42 1.02 -163196.59 0.53 0.54 0.58 1254657.58 56053.97 0.02 0.07 0.10 -1 120
Result 0 0.0 500 0.48 0.21 0.22 0.18 0.22 0.17 -1 -1 -1 -1 -1
Evo 89.94 -10000003.49 1.13 -161638.44 0.53 0.55 0.59 1254679.91 56054.96 0.02 0.06 0.09 -1 120
Result 0 1.0 500 0.50 0.25 0.28 0.13 0.23 0.11 -1 -1 -1 -1 -1
Evo 82.15 -10000002.22 0.99 -163675.46 0.53 0.56 0.60 1254557.91 56049.51 0.02 0.07 0.10 -1 48
Result 0 0.0 500 0.51 0.26 0.23 0.15 0.24 0.12 -1 -1 -1 -1 -1
Evo 83.07 -10000004.26 1.00 -162619.10 0.53 0.56 0.59 1254703.51 56056.02 0.02 0.07 0.10 -1 52
Result 0 0.0 500 0.50 0.25 0.24 0.15 0.22 0.14 -1 -1 -1 -1 -1
Evo 93.84 -10000002.95 1.05 -162023.35 0.53 0.53 0.58 1254659.21 56054.04 0.02 0.06 0.09 -1 90
Result 0 0.0 500 0.48 0.21 0.26 0.14 0.23 0.16 -1 -1 -1 -1 -1
Evo 79.44 -10000003.67 1.06 -167154.07 0.50 0.54 0.56 1254627.79 56052.64 0.02 0.01 0.04 -1 0
Result 0 0.0 500 0.44 0.17 0.15 0.19 0.27 0.23 -1 -1 -1 -1 -1
Evo 79.31 -10000003.99 0.83 -168929.18 0.50 0.54 0.57 1254723.65 56056.92 0.02 0.01 0.04 -1 0
Result 0 0.0 500 0.48 0.22 0.15 0.18 0.25 0.20 -1 -1 -1 -1 -1
Evo 76.05 -10000003.04 0.98 -175056.89 0.50 0.54 0.57 1255297.19 56082.54 0.02 0.01 0.04 -1 0
Result 0 0.0 500 0.40 0.15 0.18 0.18 0.29 0.22 -1 -1 -1 -1 -1
Evo 80.13 -10000002.18 1.02 -163494.32 0.50 0.54 0.57 1254602.34 56051.50 0.02 0.01 0.04 -1 0
Result 0 0.0 500 0.46 0.20 0.16 0.16 0.29 0.20 -1 -1 -1 -1 -1
Evo 75.29 -10000003.46 0.79 -164744.70 0.49 0.54 0.57 1254506.96 56047.24 0.02 0.01 0.04 -1 0
Result 0 0.0 500 0.43 0.17 0.17 0.20 0.26 0.20 -1 -1 -1 -1 -1
Evo 80.66 -10000004.15 0.91 -171495.26 0.49 0.54 0.56 1254428.13 56043.72 0.02 0.01 0.04 -1 0
Result 0 0.0 500 0.47 0.20 0.16 0.18 0.26 0.20 -1 -1 -1 -1 -1
Evo 79.36 -10000003.79 0.87 -167294.00 0.50 0.54 0.57 1254525.78 56048.08 0.02 0.02 0.04 -1 0
Result 0 0.0 500 0.49 0.23 0.16 0.20 0.25 0.16 -1 -1 -1 -1 -1
Evo 78.77 -10000003.88 0.80 -170157.38 0.50 0.54 0.57 1254428.18 56043.72 0.02 0.01 0.04 -1 0
Result 0 0.0 500 0.46 0.19 0.16 0.19 0.26 0.20 -1 -1 -1 -1 -1
Evo 79.26 -10000003.67 0.81 -173900.08 0.50 0.54 0.57 1254716.81 56056.61 0.02 0.02 0.04 -1 0
Result 0 0.0 500 0.44 0.18 0.17 0.20 0.26 0.19 -1 -1 -1 -1 -1
Evo 78.33 -10000002.04 0.86 -172564.46 0.50 0.54 0.57 1254501.58 56047.00 0.02 0.01 0.04 -1 1
Result 0 0.0 500 0.45 0.18 0.17 0.19 0.27 0.19 -1 -1 -1 -1 -1
Evo 76.20 -10000000.81 0.87 -169492.18 0.50 0.54 0.57 1254342.47 56039.89 0.02 0.01 0.04 -1 0
Result 0 0.0 500 0.47 0.20 0.15 0.19 0.25 0.21 -1 -1 -1 -1 -1
Evo 78.19 -10000004.08 0.88 -178560.04 0.49 0.53 0.56 1254362.97 56040.80 0.02 0.01 0.04 -1 1
Result 0 0.0 500 0.47 0.21 0.17 0.17 0.26 0.20 -1 -1 -1 -1 -1
Evo 80.29 -10000004.41 0.81 -169014.98 0.50 0.54 0.57 1254438.69 56044.19 0.02 0.01 0.04 -1 0
Result 0 0.0 500 0.47 0.20 0.15 0.21 0.26 0.18 -1 -1 -1 -1 -1
Evo 80.49 -10000003.49 0.79 -175862.79 0.50 0.54 0.57 1254935.05 56066.36 0.02 0.01 0.04 -1 0
Result 0 0.0 500 0.47 0.21 0.17 0.17 0.24 0.21 -1 -1 -1 -1 -1
Evo 79.04 -10000003.69 0.75 -173602.38 0.49 0.54 0.57 1254305.46 56038.24 0.02 0.01 0.04 -1 1
Result 0 0.0 500 0.47 0.21 0.16 0.18 0.25 0.20 -1 -1 -1 -1 -1
Evo 78.11 -9999999.90 1.00 -170732.26 0.50 0.54 0.57 1254340.33 56039.79 0.02 0.02 0.04 -1 0
Result 0 0.0 500 0.47 0.21 0.15 0.22 0.23 0.19 -1 -1 -1 -1 -1
Evo 79.06 -10000001.85 0.87 -170710.81 0.49 0.54 0.57 1254386.13 56041.84 0.02 0.01 0.04 -1 1
Result 0 0.0 500 0.45 0.18 0.17 0.18 0.25 0.22 -1 -1 -1 -1 -1
Evo 78.45 -10000002.34 0.80 -167210.92 0.51 0.54 0.57 1254861.33 56063.07 0.02 0.01 0.04 -1 0
Result 0 0.0 500 0.46 0.19 0.17 0.18 0.27 0.19 -1 -1 -1 -1 -1
Evo 75.04 -10000003.88 0.81 -169587.22 0.50 0.54 0.57 1254457.24 56045.02 0.02 0.01 0.04 -1 0
Result 0 0.0 500 0.47 0.20 0.16 0.17 0.26 0.21 -1 -1 -1 -1 -1
Evo 75.98 -10000003.26 0.98 -165699.45 0.50 0.53 0.56 1254502.44 56047.04 0.02 0.01 0.04 -1 0
Result 0 0.0 500 0.43 0.16 0.16 0.23 0.24 0.21 -1 -1 -1 -1 -1
Evo 82.70 -10000002.58 4.82 -168907.25 4.53 4.55 4.59 1254437.65 56044.14 0.02 0.08 0.15 -1 19
Result 0 4.0 500 0.47 0.21 0.23 0.17 0.21 0.18 -1 -1 -1 -1 -1
Evo 88.33 -10000003.89 4.53 -185360.74 2.47 2.53 2.58 1254210.85 56034.01 0.02 0.09 0.17 -1 16
Result 0 4.0 500 0.48 0.22 0.28 0.19 0.19 0.13 -1 -1 -1 -1 -1
Evo 78.63 -10000003.01 4.85 -170844.62 0.55 0.61 4.53 1254497.71 56046.82 0.02 0.08 0.15 -1 2
Result 0 4.0 500 0.46 0.20 0.24 0.17 0.22 0.18 -1 -1 -1 -1 -1
Evo 82.16 -10000003.05 4.89 -168306.61 0.56 2.53 4.56 1254449.56 56044.67 0.02 0.10 0.17 -1 4
Result 0 4.0 500 0.47 0.21 0.23 0.19 0.19 0.18 -1 -1 -1 -1 -1
Evo 82.05 -10000004.52 5.00 -166281.22 0.56 4.04 4.56 1254513.03 56047.51 0.02 0.07 0.15 -1 2
Result 0 4.0 500 0.49 0.23 0.20 0.18 0.21 0.18 -1 -1 -1 -1 -1
Evo 87.22 -10000003.85 4.53 -170527.00 0.53 0.57 0.66 1254565.11 56049.84 0.02 0.09 0.17 -1 15
Result 0 4.0 500 0.48 0.22 0.21 0.20 0.21 0.18 -1 -1 -1 -1 -1
Evo 100.75 -10000003.27 4.78 -165558.12 4.53 4.53 4.53 1254590.08 56050.95 0.02 0.08 0.15 -1 22
Result 0 4.0 500 0.48 0.21 0.19 0.21 0.22 0.17 -1 -1 -1 -1 -1
Evo 83.87 -10000003.88 4.97 -168702.27 4.47 4.55 4.59 1254486.80 56046.34 0.02 0.10 0.18 -1 3
Result 0 4.0 500 0.47 0.21 0.22 0.16 0.25 0.16 -1 -1 -1 -1 -1
Evo 82.68 -10000003.39 4.90 -167707.95 4.51 4.54 4.59 1254449.85 56044.69 0.02 0.07 0.14 -1 5
Result 0 4.0 500 0.45 0.19 0.20 0.19 0.22 0.20 -1 -1 -1 -1 -1
Evo 109.65 -10000004.24 4.53 -161986.61 4.50 4.53 4.53 1254782.97 56059.57 0.02 0.07 0.13 -1 11
Result 0 4.0 500 0.47 0.21 0.19 0.22 0.21 0.17 -1 -1 -1 -1 -1
Evo 77.63 -10000002.38 0.95 -173182.68 0.54 0.57 0.60 1254404.64 56042.67 0.02 0.03 0.09 -1 1
Result 0 2.0 500 0.49 0.24 0.23 0.16 0.21 0.17 -1 -1 -1 -1 -1
Evo 99.71 -10000002.24 4.89 -164138.38 4.50 4.53 4.53 1254690.96 56055.46 0.02 0.08 0.16 -1 10
Result 0 4.0 500 0.48 0.21 0.21 0.16 0.26 0.16 -1 -1 -1 -1 -1
Evo 107.15 -10000004.47 4.84 -163033.53 4.52 4.53 4.53 1254776.34 56059.27 0.02 0.09 0.16 -1 10
Result 0 4.0 500 0.46 0.20 0.17 0.22 0.19 0.22 -1 -1 -1 -1 -1
Evo 77.15 -10000004.10 1.15 -170714.26 0.53 0.57 0.60 1254370.87 56041.16 0.02 0.03 0.09 -1 2
Result 0 0.0 500 0.49 0.23 0.26 0.14 0.21 0.15 -1 -1 -1 -1 -1
Evo 74.18 -10000002.60 0.95 -167401.54 0.53 0.56 0.60 1254484.34 56046.23 0.02 0.02 0.08 -1 1
Result 0 0.0 500 0.49 0.23 0.24 0.16 0.21 0.15 -1 -1 -1 -1 -1
Evo 77.12 -10000003.85 1.05 -174005.44 0.53 0.57 0.60 1254247.54 56035.65 0.02 0.03 0.08 -1 2
Result 0 0.0 500 0.46 0.20 0.20 0.17 0.25 0.18 -1 -1 -1 -1 -1
Evo 90.03 -10000003.11 4.83 -168808.27 0.57 4.48 4.53 1254483.81 56046.20 0.02 0.08 0.15 -1 4
Result 0 4.0 500 0.48 0.21 0.24 0.17 0.22 0.17 -1 -1 -1 -1 -1
Evo 76.79 -10000004.41 2.90 -179411.21 0.54 0.58 2.13 1254540.10 56048.72 0.02 0.09 0.16 -1 3
Result 0 2.0 500 0.48 0.21 0.23 0.15 0.24 0.17 -1 -1 -1 -1 -1
Evo 100.64 -10000003.33 4.88 -162613.49 4.41 4.53 4.53 1254768.57 56058.93 0.02 0.08 0.16 -1 24
Result 0 5.0 500 0.48 0.22 0.20 0.20 0.21 0.17 -1 -1 -1 -1 -1
Evo 91.73 -10000003.36 4.80 -163939.30 4.49 4.53 4.57 1254625.39 56052.53 0.02 0.08 0.15 -1 10
Result 0 5.0 500 0.48 0.22 0.23 0.17 0.21 0.17 -1 -1 -1 -1 -1
Evo 110.42 -10000002.98 4.53 -164419.45 0.53 3.72 4.53 1255894.39 56109.22 0.02 0.12 0.15 -1 0
Result 0 4.0 500 0.42 0.16 0.19 0.23 0.20 0.23 -1 -1 -1 -1 -1
Evo 110.58 -10000004.16 4.53 -163177.64 0.53 2.49 4.53 1254973.87 56068.10 0.02 0.13 0.15 -1 0
Result 0 4.0 500 0.45 0.19 0.21 0.19 0.25 0.17 -1 -1 -1 -1 -1
Evo 109.62 -10000003.00 4.53 -164955.40 0.53 4.50 4.53 1255033.40 56070.76 0.02 0.13 0.15 -1 0
Result 0 4.0 500 0.48 0.22 0.18 0.17 0.23 0.21 -1 -1 -1 -1 -1
Evo 109.33 -10000002.64 4.53 -163845.77 0.53 2.82 4.53 1255005.06 56069.49 0.02 0.13 0.16 -1 0
Result 0 4.0 500 0.48 0.22 0.20 0.20 0.21 0.17 -1 -1 -1 -1 -1
Evo 110.40 -10000004.04 4.53 -162585.09 0.53 2.53 4.53 1254792.25 56059.98 0.02 0.12 0.15 -1 0
Result 0 4.0 500 0.46 0.20 0.18 0.22 0.20 0.21 -1 -1 -1 -1 -1
Evo 109.70 -10000003.95 4.53 -166558.55 0.53 4.50 4.53 1255818.33 56105.83 0.02 0.13 0.15 -1 0
Result 0 4.0 500 0.45 0.19 0.18 0.20 0.21 0.23 -1 -1 -1 -1 -1
Evo 111.10 -10000004.07 4.53 -163420.90 0.53 0.53 4.53 1255319.13 56083.52 0.02 0.13 0.17 -1 0
Result 0 4.0 500 0.47 0.21 0.19 0.21 0.22 0.18 -1 -1 -1 -1 -1
Evo 109.34 -10000003.86 4.53 -168032.06 0.53 4.52 4.53 1255976.38 56112.89 0.02 0.13 0.16 -1 0
Result 0 4.0 500 0.48 0.22 0.18 0.19 0.22 0.20 -1 -1 -1 -1 -1
Evo 110.83 -10000003.10 4.53 -165156.47 0.53 0.53 2.53 1255237.52 56079.88 0.02 0.12 0.15 -1 0
Result 0 4.0 500 0.47 0.20 0.17 0.19 0.21 0.23 -1 -1 -1 -1 -1
Evo 109.53 -10000001.98 4.53 -163306.71 0.53 2.53 4.53 1255114.16 56074.37 0.02 0.13 0.15 -1 0
Result 0 4.0 500 0.44 0.18 0.18 0.22 0.24 0.18 -1 -1 -1 -1 -1
Evo 110.60 -10000003.25 4.53 -162773.80 0.53 4.12 4.53 1255297.86 56082.57 0.02 0.12 0.15 -1 0
Result 0 4.0 500 0.48 0.22 0.19 0.18 0.23 0.18 -1 -1 -1 -1 -1
Evo 109.89 -10000003.91 4.53 -162123.33 0.53 2.49 4.53 1254991.63 56068.89 0.02 0.12 0.15 -1 0
Result 0 4.0 500 0.43 0.17 0.20 0.22 0.20 0.22 -1 -1 -1 -1 -1
Evo 110.62 -10000004.62 4.53 -166377.51 0.53 0.53 4.53 1255738.63 56102.26 0.02 0.12 0.15 -1 0
Result 0 4.0 500 0.44 0.18 0.19 0.23 0.21 0.19 -1 -1 -1 -1 -1
Evo 109.72 -10000004.00 4.53 -168603.11 0.53 2.49 2.53 1256213.90 56123.50 0.02 0.13 0.15 -1 0
Result 0 4.0 500 0.47 0.21 0.18 0.19 0.24 0.19 -1 -1 -1 -1 -1
Evo 109.27 -10000002.97 4.53 -163461.66 2.53 4.53 4.53 1254951.73 56067.11 0.02 0.13 0.15 -1 0
Result 0 4.0 500 0.43 0.17 0.18 0.21 0.25 0.20 -1 -1 -1 -1 -1
Evo 110.62 -10000003.39 4.53 -164370.85 0.53 0.53 2.53 1255415.47 56087.83 0.02 0.13 0.15 -1 0
Result 0 4.0 500 0.45 0.19 0.20 0.21 0.21 0.20 -1 -1 -1 -1 -1
Evo 109.83 -10000003.60 4.53 -161694.60 0.53 0.53 2.49 1254941.92 56066.67 0.02 0.13 0.15 -1 0
Result 0 4.0 500 0.45 0.19 0.22 0.19 0.20 0.20 -1 -1 -1 -1 -1
Evo 110.98 -10000003.43 4.65 -163497.86 4.33 4.53 4.53 1254946.48 56066.87 0.02 0.13 0.16 -1 0
Result 0 4.0 500 0.45 0.19 0.21 0.19 0.22 0.20 -1 -1 -1 -1 -1
Evo 110.04 -10000003.26 4.53 -161874.07 4.50 4.53 4.53 1254949.89 56067.03 0.02 0.12 0.16 -1 0
Result 0 4.0 500 0.48 0.22 0.18 0.20 0.21 0.19 -1 -1 -1 -1 -1
Evo 110.13 -10000004.55 4.54 -162070.86 2.12 4.53 4.53 1255113.24 56074.32 0.02 0.12 0.15 -1 0
Result 0 4.0 500 0.47 0.20 0.21 0.19 0.21 0.19 -1 -1 -1 -1 -1
