Evo 107.39 -10000001.26 12.24 -41161.33 0.56 0.56 0.57 631370.77 14114.35 0.01 0.10 0.14 -1 1599
Result 0 11.0 2000 0.42 0.16 0.16 0.16 0.16 0.18 0.18 -1 -1 -1 -1
Evo 112.11 -10000004.43 0.57 -39979.45 0.56 0.56 0.57 631190.02 14110.31 0.01 0.04 0.05 -1 1993
Result 0 0.0 2000 0.41 0.15 0.17 0.17 0.17 0.17 0.17 -1 -1 -1 -1
Evo 102.99 -10000001.78 15.60 -42841.51 0.56 7.53 13.54 632119.40 14131.09 0.01 0.10 0.16 -1 846
Result 0 15.0 2000 0.41 0.17 0.15 0.18 0.17 0.17 0.17 -1 -1 -1 -1
Evo 94.39 -10000004.24 20.04 -59129.09 0.57 17.32 19.56 633980.83 14172.70 0.01 0.16 0.24 -1 512
Result 0 19.0 2000 0.46 0.20 0.14 0.15 0.19 0.14 0.19 -1 -1 -1 -1
Evo 112.40 -10000003.77 0.57 -39979.45 0.56 0.56 0.57 631190.03 14110.31 0.01 0.04 0.05 -1 1993
Result 0 0.0 2000 0.44 0.17 0.17 0.15 0.17 0.17 0.17 -1 -1 -1 -1
Evo 109.30 -10000004.04 10.57 -44869.42 0.56 0.57 5.57 632182.89 14132.51 0.01 0.11 0.16 -1 1283
Result 0 10.0 2000 0.43 0.16 0.17 0.17 0.18 0.15 0.17 -1 -1 -1 -1
Evo 112.52 -10000004.05 0.57 -39979.44 0.56 0.56 0.57 631189.93 14110.31 0.01 0.04 0.05 -1 1993
Result 0 0.0 2000 0.44 0.17 0.16 0.16 0.16 0.16 0.19 -1 -1 -1 -1
Evo 112.29 -10000004.11 0.57 -39979.45 0.56 0.56 0.57 631190.02 14110.31 0.01 0.04 0.05 -1 1993
Result 0 0.0 2000 0.42 0.17 0.16 0.17 0.17 0.16 0.17 -1 -1 -1 -1
Evo 104.81 -10000004.09 21.05 -45521.55 0.57 14.56 20.50 632373.28 14136.76 0.01 0.14 0.21 -1 472
Result 0 20.0 2000 0.44 0.18 0.16 0.17 0.17 0.15 0.17 -1 -1 -1 -1
Evo 112.05 -10000003.58 0.57 -39979.45 0.56 0.56 0.57 631190.02 14110.31 0.01 0.04 0.05 -1 1993
Result 0 0.0 2000 0.43 0.17 0.16 0.17 0.18 0.18 0.15 -1 -1 -1 -1
Evo 112.49 -10000003.72 0.57 -39979.45 0.56 0.56 0.57 631190.01 14110.31 0.01 0.04 0.05 -1 1993
Result 0 0.0 2000 0.42 0.16 0.17 0.18 0.16 0.17 0.16 -1 -1 -1 -1
Evo 104.72 -10000001.38 17.82 -46241.70 13.46 13.56 17.41 632369.67 14136.68 0.01 0.11 0.17 -1 307
Result 0 17.0 2000 0.43 0.16 0.19 0.19 0.15 0.15 0.16 -1 -1 -1 -1
Evo 107.78 -10000001.36 24.57 -40808.10 0.56 3.70 18.56 631355.65 14114.01 0.01 0.15 0.20 -1 962
Result 0 24.0 2000 0.43 0.16 0.17 0.17 0.16 0.17 0.17 -1 -1 -1 -1
Evo 112.36 -10000004.28 0.57 -39979.45 0.56 0.56 0.57 631190.01 14110.31 0.01 0.04 0.05 -1 1993
Result 0 0.0 2000 0.44 0.17 0.16 0.16 0.16 0.19 0.16 -1 -1 -1 -1
Evo 106.64 -10000003.91 17.57 -43960.97 7.94 14.65 17.56 631745.73 14122.73 0.01 0.10 0.15 -1 422
Result 0 17.0 2000 0.43 0.17 0.17 0.18 0.16 0.16 0.17 -1 -1 -1 -1
Evo 95.61 -10000004.03 20.05 -56385.67 0.56 0.57 19.56 633836.35 14169.47 0.01 0.16 0.24 -1 853
Result 0 20.0 2000 0.39 0.20 0.13 0.14 0.19 0.16 0.18 -1 -1 -1 -1
Evo 106.27 -10000003.49 19.59 -41656.22 0.56 15.33 19.52 631420.11 14115.45 0.01 0.15 0.23 -1 707
Result 0 19.0 2000 0.43 0.16 0.16 0.17 0.18 0.16 0.17 -1 -1 -1 -1
Evo 112.49 -10000003.66 0.57 -39979.45 0.56 0.56 0.57 631190.05 14110.31 0.01 0.04 0.05 -1 1993
Result 0 0.0 2000 0.43 0.16 0.17 0.17 0.16 0.18 0.17 -1 -1 -1 -1
Evo 112.63 -10000003.23 0.57 -39979.44 0.56 0.56 0.57 631189.90 14110.31 0.01 0.04 0.05 -1 1993
Result 0 0.0 2000 0.42 0.18 0.16 0.16 0.16 0.17 0.17 -1 -1 -1 -1
Evo 112.58 -10000003.14 0.57 -39979.44 0.56 0.56 0.57 631189.97 14110.31 0.01 0.05 0.07 -1 1993
Result 0 0.0 2000 0.43 0.16 0.17 0.16 0.18 0.16 0.17 -1 -1 -1 -1
Evo 94.75 -10000003.07 20.57 -54289.81 5.52 11.58 20.51 634298.61 14179.80 0.01 0.17 0.26 -1 174
Result 0 20.0 2000 0.43 0.17 0.16 0.16 0.17 0.16 0.18 -1 -1 -1 -1
Evo 96.11 -10000003.39 20.57 -48973.03 7.54 17.52 17.77 633315.72 14157.83 0.01 0.15 0.26 -1 293
Result 0 20.0 2000 0.44 0.17 0.15 0.16 0.18 0.16 0.18 -1 -1 -1 -1
Evo 93.89 -10000001.59 15.62 -54281.19 0.56 0.57 13.59 633896.28 14170.81 0.01 0.11 0.19 -1 1026
Result 0 14.0 2000 0.42 0.18 0.16 0.14 0.18 0.17 0.18 -1 -1 -1 -1
Evo 93.64 -10000002.74 17.99 -52289.04 0.56 5.73 15.59 633136.23 14153.82 0.01 0.10 0.14 -1 743
Result 0 18.0 2000 0.38 0.19 0.13 0.17 0.18 0.15 0.19 -1 -1 -1 -1
Evo 108.01 -10000003.71 15.57 -42501.15 9.53 13.54 15.56 631705.15 14121.83 0.01 0.07 0.09 -1 395
Result 0 15.0 2000 0.44 0.18 0.18 0.17 0.15 0.15 0.16 -1 -1 -1 -1
Evo 94.04 -10000002.26 19.58 -55558.32 0.57 15.47 17.60 633207.51 14155.41 0.01 0.14 0.22 -1 381
Result 0 19.0 2000 0.45 0.18 0.14 0.16 0.18 0.15 0.19 -1 -1 -1 -1
Evo 112.31 -10000003.85 0.57 -39979.44 0.56 0.56 0.57 631189.94 14110.31 0.01 0.03 0.04 -1 1993
Result 0 0.0 2000 0.43 0.16 0.16 0.16 0.18 0.17 0.16 -1 -1 -1 -1
Evo 112.58 -10000003.81 0.57 -39979.44 0.56 0.56 0.57 631189.94 14110.31 0.01 0.03 0.04 -1 1993
Result 0 0.0 2000 0.42 0.17 0.16 0.17 0.16 0.16 0.17 -1 -1 -1 -1
Evo 112.18 -10000003.40 0.57 -39979.45 0.56 0.56 0.57 631190.07 14110.31 0.01 0.03 0.04 -1 1993
Result 0 0.0 2000 0.44 0.17 0.17 0.17 0.16 0.17 0.16 -1 -1 -1 -1
Evo 112.51 -10000004.16 0.57 -39979.45 0.56 0.56 0.57 631190.04 14110.31 0.01 0.03 0.04 -1 1993
Result 0 0.0 2000 0.42 0.16 0.15 0.17 0.17 0.18 0.18 -1 -1 -1 -1
Evo 110.50 -10000003.64 13.74 -40846.63 0.56 0.56 0.57 631320.77 14113.23 0.01 0.07 0.09 -1 1639
Result 0 13.0 2000 0.42 0.15 0.16 0.18 0.18 0.17 0.16 -1 -1 -1 -1
Evo 104.59 -10000003.24 20.57 -42677.60 4.00 15.53 19.57 631485.89 14116.93 0.01 0.16 0.27 -1 453
Result 0 20.0 2000 0.42 0.18 0.16 0.15 0.17 0.17 0.17 -1 -1 -1 -1
Evo 110.46 -10000004.30 9.60 -41171.12 0.56 0.57 3.95 631469.55 14116.56 0.01 0.07 0.10 -1 1400
Result 0 9.0 2000 0.43 0.17 0.16 0.17 0.16 0.18 0.16 -1 -1 -1 -1
Evo 109.39 -10000002.18 8.13 -31431.98 0.56 0.56 0.57 547718.11 12250.41 0.01 0.08 0.13 -1 1865
Result 0 6.0 1998 0.42 0.16 0.15 0.19 0.17 0.17 0.16 -1 -1 -1 -1
Evo 106.47 -10000003.73 9.94 -51676.67 0.56 0.57 3.29 633970.50 14172.47 0.01 0.08 0.12 -1 1398
Result 0 9.0 2000 0.43 0.17 0.17 0.16 0.17 0.16 0.16 -1 -1 -1 -1
Evo 89.25 -10000003.45 18.02 -51608.96 0.57 13.55 17.59 632917.36 14148.93 0.01 0.09 0.15 -1 499
Result 0 17.0 2000 0.40 0.19 0.14 0.17 0.18 0.14 0.18 -1 -1 -1 -1
Evo 112.54 -10000003.00 0.57 -39979.45 0.56 0.56 0.57 631189.99 14110.31 0.01 0.04 0.04 -1 1993
Result 0 0.0 2000 0.44 0.17 0.17 0.16 0.16 0.17 0.17 -1 -1 -1 -1
Evo 111.14 -10000003.53 5.57 -40059.92 0.56 0.56 0.57 631195.31 14110.43 0.01 0.06 0.09 -1 1921
Result 0 5.0 2000 0.45 0.18 0.17 0.15 0.16 0.16 0.17 -1 -1 -1 -1
Evo 91.57 -10000004.29 19.57 -52566.71 0.56 13.56 14.01 632862.74 14147.70 0.01 0.13 0.22 -1 602
Result 0 19.0 2000 0.40 0.18 0.14 0.15 0.18 0.14 0.21 -1 -1 -1 -1
Evo 112.43 -10000003.58 0.57 -39979.44 0.56 0.56 0.57 631189.95 14110.31 0.01 0.03 0.04 -1 1993
Result 0 0.0 2000 0.43 0.17 0.17 0.15 0.17 0.18 0.17 -1 -1 -1 -1
Evo 112.33 -10000004.19 0.57 -39979.45 0.56 0.56 0.57 631190.08 14110.31 0.01 0.04 0.05 -1 1993
Result 0 0.0 2000 0.44 0.18 0.17 0.16 0.17 0.17 0.17 -1 -1 -1 -1
Evo 112.59 -10000003.43 0.57 -39979.45 0.56 0.56 0.57 631190.02 14110.31 0.01 0.04 0.05 -1 1993
Result 0 0.0 2000 0.44 0.18 0.17 0.16 0.18 0.18 0.15 -1 -1 -1 -1
Evo 108.75 -10000003.82 10.57 -40733.32 0.56 3.22 8.56 631315.74 14113.12 0.01 0.07 0.08 -1 952
Result 0 10.0 2000 0.44 0.17 0.17 0.16 0.16 0.17 0.17 -1 -1 -1 -1
Evo 112.24 -10000002.80 0.57 -39979.45 0.56 0.56 0.57 631190.01 14110.31 0.01 0.05 0.05 -1 1993
Result 0 0.0 2000 0.41 0.15 0.17 0.17 0.18 0.16 0.17 -1 -1 -1 -1
Evo 112.47 -10000003.10 0.57 -39979.45 0.56 0.56 0.57 631190.01 14110.31 0.01 0.02 0.03 -1 1993
Result 0 0.0 2000 0.43 0.16 0.17 0.15 0.17 0.17 0.17 -1 -1 -1 -1
Evo 112.23 -10000002.89 0.57 -39979.45 0.56 0.56 0.57 631190.06 14110.31 0.01 0.04 0.05 -1 1993
Result 0 0.0 2000 0.44 0.17 0.16 0.16 0.17 0.17 0.16 -1 -1 -1 -1
Evo 112.46 -10000003.85 0.57 -39979.44 0.56 0.56 0.57 631189.93 14110.31 0.01 0.05 0.05 -1 1993
Result 0 0.0 2000 0.44 0.17 0.18 0.15 0.16 0.18 0.16 -1 -1 -1 -1
Evo 112.64 -10000000.60 0.57 -39979.44 0.56 0.56 0.57 631189.97 14110.31 0.01 0.05 0.05 -1 1993
Result 0 0.0 2000 0.44 0.16 0.17 0.18 0.17 0.15 0.16 -1 -1 -1 -1
Evo 112.40 -10000002.41 0.57 -39979.44 0.56 0.56 0.57 631189.96 14110.31 0.01 0.03 0.04 -1 1993
Result 0 0.0 2000 0.42 0.16 0.16 0.16 0.18 0.19 0.16 -1 -1 -1 -1
Evo 112.37 -10000004.42 0.57 -39979.45 0.56 0.56 0.57 631190.14 14110.31 0.01 0.04 0.05 -1 1993
Result 0 0.0 2000 0.43 0.17 0.17 0.18 0.13 0.17 0.18 -1 -1 -1 -1
Evo 104.23 -10000001.20 11.57 -47694.19 0.56 0.57 7.63 632771.33 14145.66 0.01 0.13 0.17 -1 1045
Result 0 11.0 2000 0.44 0.17 0.15 0.17 0.16 0.17 0.18 -1 -1 -1 -1
Evo 112.63 -10000001.84 0.57 -39979.45 0.56 0.56 0.57 631190.01 14110.31 0.01 0.03 0.04 -1 1993
Result 0 0.0 2000 0.43 0.17 0.16 0.15 0.17 0.17 0.18 -1 -1 -1 -1
Evo 106.09 -10000002.75 10.57 -45607.27 0.56 0.57 5.56 632198.29 14132.85 0.01 0.11 0.14 -1 1034
Result 0 10.0 2000 0.43 0.16 0.15 0.17 0.16 0.18 0.17 -1 -1 -1 -1
Evo 107.76 -10000003.17 15.57 -40365.75 0.56 0.57 6.57 631237.25 14111.37 0.01 0.16 0.21 -1 1135
Result 0 15.0 2000 0.43 0.16 0.17 0.17 0.15 0.17 0.18 -1 -1 -1 -1
Evo 112.68 -10000003.15 0.57 -39979.44 0.56 0.56 0.57 631189.94 14110.31 0.01 0.05 0.05 -1 1993
Result 0 0.0 2000 0.44 0.17 0.17 0.17 0.15 0.18 0.17 -1 -1 -1 -1
Evo 108.04 -10000002.38 24.57 -40705.42 0.56 6.47 8.56 631258.80 14111.85 0.01 0.13 0.19 -1 837
Result 0 24.0 2000 0.45 0.18 0.17 0.16 0.14 0.18 0.17 -1 -1 -1 -1
Evo 112.55 -10000004.48 0.57 -39979.45 0.56 0.56 0.57 631189.99 14110.31 0.01 0.04 0.05 -1 1993
Result 0 0.0 2000 0.44 0.17 0.16 0.16 0.16 0.17 0.18 -1 -1 -1 -1
Evo 105.82 -10000001.67 14.96 -42390.37 0.57 5.56 11.56 631493.92 14117.10 0.01 0.12 0.16 -1 607
Result 0 13.0 2000 0.44 0.17 0.18 0.17 0.15 0.17 0.16 -1 -1 -1 -1
Evo 111.00 -10000004.36 6.59 -39978.52 0.56 0.56 0.57 631190.07 14110.31 0.01 0.09 0.12 -1 1635
Result 0 6.0 2000 0.43 0.17 0.16 0.16 0.17 0.17 0.17 -1 -1 -1 -1
Evo 109.75 -10000004.16 11.60 -40292.92 0.56 0.56 0.57 631267.72 14112.05 0.01 0.12 0.20 -1 1769
Result 0 11.0 2000 0.42 0.16 0.16 0.17 0.17 0.17 0.17 -1 -1 -1 -1
Evo 97.44 -10000003.23 20.57 -49433.88 1.84 13.65 19.57 632563.01 14141.00 0.01 0.15 0.24 -1 201
Result 0 20.0 2000 0.42 0.17 0.16 0.16 0.17 0.16 0.17 -1 -1 -1 -1
Evo 97.03 -10000004.00 16.30 -51158.98 0.57 9.52 15.58 632738.39 14144.92 0.01 0.09 0.14 -1 567
Result 0 15.0 2000 0.45 0.19 0.14 0.16 0.17 0.17 0.17 -1 -1 -1 -1
Evo 110.54 -10000004.09 9.65 -42044.88 0.56 0.57 7.56 631550.92 14118.38 0.01 0.07 0.09 -1 1083
Result 0 9.0 2000 0.44 0.18 0.17 0.16 0.16 0.16 0.17 -1 -1 -1 -1
Evo 112.50 -10000004.19 0.57 -39979.45 0.56 0.56 0.57 631190.08 14110.31 0.01 0.03 0.04 -1 1993
Result 0 0.0 2000 0.43 0.18 0.17 0.17 0.16 0.17 0.15 -1 -1 -1 -1
Evo 110.57 -10000004.46 11.57 -41158.92 0.56 9.55 11.56 631411.29 14115.26 0.01 0.07 0.10 -1 799
Result 0 11.0 2000 0.45 0.18 0.18 0.15 0.16 0.17 0.16 -1 -1 -1 -1
Evo 103.55 -10000003.65 10.59 -46198.13 0.56 0.57 5.42 632417.62 14137.75 0.01 0.10 0.14 -1 1395
Result 0 9.0 2000 0.41 0.18 0.15 0.17 0.17 0.16 0.17 -1 -1 -1 -1
Evo 105.51 -10000004.01 13.81 -41507.54 0.56 0.56 0.57 631375.89 14114.47 0.01 0.09 0.14 -1 1612
Result 0 13.0 2000 0.43 0.17 0.17 0.17 0.17 0.16 0.17 -1 -1 -1 -1
Evo 112.60 -10000003.84 0.57 -39979.45 0.56 0.56 0.57 631190.06 14110.31 0.01 0.03 0.04 -1 1993
Result 0 0.0 2000 0.44 0.15 0.18 0.17 0.18 0.16 0.16 -1 -1 -1 -1
Evo 110.65 -10000002.91 5.57 -40656.57 0.56 0.57 5.56 631335.96 14113.57 0.01 0.06 0.09 -1 1166
Result 0 5.0 2000 0.43 0.17 0.17 0.16 0.16 0.16 0.18 -1 -1 -1 -1
Evo 109.90 -10000003.42 9.58 -43203.27 0.56 0.57 5.45 631756.51 14122.97 0.01 0.07 0.11 -1 1401
Result 0 9.0 2000 0.44 0.17 0.17 0.16 0.16 0.17 0.17 -1 -1 -1 -1
Evo 111.96 -10000004.38 2.73 -39979.43 0.56 0.56 0.57 631189.90 14110.31 0.01 0.06 0.08 -1 1985
Result 0 2.0 2000 0.43 0.17 0.16 0.17 0.16 0.17 0.17 -1 -1 -1 -1
Evo 101.11 -9999999.05 19.57 -43742.28 0.56 0.57 7.60 631667.10 14120.98 0.01 0.12 0.21 -1 1262
Result 0 19.0 2000 0.43 0.18 0.16 0.17 0.17 0.15 0.17 -1 -1 -1 -1
Evo 112.43 -10000002.94 0.57 -39979.44 0.56 0.56 0.57 631189.95 14110.31 0.01 0.03 0.04 -1 1993
Result 0 0.0 2000 0.42 0.16 0.15 0.17 0.18 0.16 0.17 -1 -1 -1 -1
Evo 112.59 -10000002.24 0.57 -39979.44 0.56 0.56 0.57 631189.92 14110.31 0.01 0.03 0.04 -1 1993
Result 0 0.0 2000 0.43 0.17 0.16 0.17 0.16 0.15 0.18 -1 -1 -1 -1
Evo 85.35 -10000003.55 14.01 -59917.57 0.57 7.74 11.59 633786.00 14168.34 0.01 0.09 0.14 -1 437
Result 0 13.0 2000 0.37 0.19 0.12 0.15 0.19 0.16 0.19 -1 -1 -1 -1
Evo 112.49 -10000003.45 0.57 -39979.45 0.56 0.56 0.57 631190.06 14110.31 0.01 0.03 0.04 -1 1993
Result 0 0.0 2000 0.43 0.17 0.17 0.17 0.15 0.18 0.16 -1 -1 -1 -1
Evo 99.69 -10000003.25 13.93 -47570.83 0.56 0.57 4.75 632390.83 14137.15 0.01 0.08 0.14 -1 1375
Result 0 13.0 2000 0.40 0.16 0.14 0.17 0.16 0.18 0.19 -1 -1 -1 -1
Evo 92.78 -10000001.83 18.03 -51891.24 0.56 7.63 13.62 633422.15 14160.21 0.01 0.09 0.14 -1 783
Result 0 18.0 2000 0.44 0.18 0.12 0.17 0.17 0.17 0.18 -1 -1 -1 -1
Evo 90.22 -10000003.72 18.07 -52048.65 0.57 9.58 15.59 632871.62 14147.90 0.01 0.09 0.13 -1 636
Result 0 17.0 2000 0.44 0.17 0.13 0.15 0.18 0.16 0.20 -1 -1 -1 -1
Evo 112.60 -10000003.91 0.57 -39979.45 0.56 0.56 0.57 631190.07 14110.31 0.01 0.03 0.04 -1 1993
Result 0 0.0 2000 0.44 0.18 0.17 0.16 0.17 0.16 0.17 -1 -1 -1 -1
Evo 82.11 -10000003.34 14.12 -94456.98 0.57 13.53 13.57 639641.71 14299.25 0.01 0.07 0.14 -1 100
Result 0 13.0 2000 0.43 0.17 0.17 0.15 0.15 0.16 0.19 -1 -1 -1 -1
Evo 84.60 -10000004.19 14.10 -87246.23 0.56 10.00 13.54 640759.56 14324.24 0.01 0.06 0.13 -1 480
Result 0 13.0 2000 0.45 0.18 0.17 0.15 0.16 0.16 0.18 -1 -1 -1 -1
Evo 92.37 -10000002.48 14.57 -77712.12 11.48 13.56 13.58 637551.26 14252.52 0.01 0.12 0.16 -1 109
Result 0 14.0 2000 0.43 0.17 0.17 0.15 0.16 0.17 0.18 -1 -1 -1 -1
Evo 88.87 -10000001.49 14.57 -81480.31 2.53 13.54 13.70 638523.27 14274.25 0.01 0.09 0.14 -1 184
Result 0 14.0 2000 0.44 0.17 0.17 0.15 0.16 0.17 0.18 -1 -1 -1 -1
Evo 103.50 -10000001.63 18.57 -40481.21 4.56 10.53 18.56 631244.84 14111.54 0.01 0.10 0.14 -1 57
Result 0 18.0 2000 0.44 0.17 0.17 0.17 0.17 0.16 0.16 -1 -1 -1 -1
Evo 105.03 -10000003.17 13.57 -42446.73 4.56 4.56 4.57 631664.44 14120.92 0.01 0.08 0.15 -1 198
Result 0 13.0 2000 0.44 0.17 0.17 0.16 0.16 0.18 0.16 -1 -1 -1 -1
Evo 108.91 -10000003.48 8.57 -43448.28 0.56 2.56 7.56 631784.44 14123.60 0.01 0.10 0.16 -1 875
Result 0 8.0 2000 0.43 0.17 0.17 0.17 0.17 0.17 0.16 -1 -1 -1 -1
Evo 107.54 -10000004.03 13.57 -40076.09 4.28 6.56 6.57 631200.29 14110.54 0.01 0.14 0.20 -1 54
Result 0 13.0 2000 0.42 0.17 0.16 0.17 0.17 0.17 0.16 -1 -1 -1 -1
Evo 111.51 -10000004.09 6.57 -39975.60 0.57 6.56 6.56 631190.21 14110.32 0.01 0.09 0.12 -1 1993
Result 0 6.0 2000 0.43 0.17 0.16 0.17 0.18 0.15 0.16 -1 -1 -1 -1
Evo 106.25 -10000004.26 16.57 -39967.78 8.53 14.56 16.56 631190.71 14110.33 0.01 0.10 0.14 -1 63
Result 0 16.0 2000 0.45 0.15 0.18 0.16 0.17 0.17 0.17 -1 -1 -1 -1
Evo 84.62 -10000000.96 14.57 -92707.00 0.56 13.50 13.59 639606.31 14298.46 0.01 0.09 0.15 -1 217
Result 0 14.0 2000 0.45 0.18 0.17 0.15 0.14 0.17 0.18 -1 -1 -1 -1
Evo 107.99 -10000002.68 10.57 -39973.01 0.57 10.56 10.56 631190.45 14110.32 0.01 0.10 0.14 -1 436
Result 0 10.0 2000 0.44 0.17 0.17 0.16 0.16 0.16 0.18 -1 -1 -1 -1
Evo 101.20 -10000003.88 13.97 -54748.99 11.56 13.56 13.56 633718.00 14166.82 0.01 0.10 0.15 -1 147
Result 0 13.0 2000 0.44 0.17 0.18 0.16 0.16 0.17 0.16 -1 -1 -1 -1
Evo 87.41 -10000002.55 14.03 -84023.74 0.57 13.53 13.57 638665.31 14277.42 0.01 0.08 0.15 -1 142
Result 0 13.0 2000 0.43 0.16 0.16 0.16 0.15 0.16 0.20 -1 -1 -1 -1
Evo 97.27 -10000003.51 16.02 -61101.55 0.56 6.56 6.57 636095.17 14219.97 0.01 0.06 0.13 -1 393
Result 0 15.0 2000 0.42 0.17 0.15 0.18 0.16 0.18 0.17 -1 -1 -1 -1
Evo 108.29 -10000004.03 8.57 -40147.35 2.58 8.56 8.56 631203.40 14110.61 0.01 0.10 0.13 -1 133
Result 0 8.0 2000 0.43 0.16 0.17 0.16 0.17 0.16 0.16 -1 -1 -1 -1
Evo 94.10 -10000003.90 14.57 -72419.14 0.56 13.42 13.57 636866.07 14237.20 0.01 0.13 0.21 -1 86
Result 0 14.0 2000 0.44 0.15 0.17 0.16 0.17 0.17 0.19 -1 -1 -1 -1
Evo 108.65 -10000003.47 18.57 -40272.69 10.56 18.56 18.56 631223.40 14111.06 0.01 0.15 0.20 -1 98
Result 0 18.0 2000 0.43 0.17 0.17 0.17 0.17 0.16 0.16 -1 -1 -1 -1
Evo 105.72 -10000003.29 15.58 -41990.91 10.56 10.56 12.89 631506.50 14117.39 0.01 0.11 0.20 -1 131
Result 0 15.0 2000 0.43 0.17 0.17 0.17 0.16 0.16 0.17 -1 -1 -1 -1
Evo 108.96 -10000003.99 13.57 -39972.92 6.56 6.56 6.57 631190.48 14110.32 0.01 0.13 0.18 -1 33
Result 0 13.0 2000 0.44 0.15 0.17 0.17 0.16 0.17 0.17 -1 -1 -1 -1
