Evo 108.62 -0.03 10000001.28 79920.56 0.49 0.52 0.53 890845.70 28156.94 0.01 0.08 0.13 993 -1
Result 1 1.0 1000 0.48 0.21 0.13 0.20 0.24 0.22 -1 -1 -1 -1 -1
Evo 110.64 0.08 10000005.16 79920.57 0.50 0.53 0.53 890845.77 28156.94 0.01 0.07 0.13 993 -1
Result 1 1.0 1000 0.39 0.22 0.13 0.17 0.28 0.20 -1 -1 -1 -1 -1
Evo 109.53 0.20 10000003.55 79920.57 0.49 0.52 0.53 890845.85 28156.94 0.01 0.07 0.13 993 -1
Result 1 1.0 1000 0.37 0.19 0.12 0.21 0.24 0.23 -1 -1 -1 -1 -1
Evo 109.07 0.15 10000004.15 79920.57 0.49 0.52 0.53 890845.75 28156.94 0.01 0.08 0.13 993 -1
Result 1 1.0 1000 0.38 0.20 0.13 0.20 0.26 0.21 -1 -1 -1 -1 -1
Evo 109.91 0.12 10000004.92 79920.59 0.49 0.52 0.53 890845.99 28156.95 0.01 0.08 0.14 993 -1
Result 1 1.0 1000 0.36 0.21 0.12 0.19 0.27 0.21 -1 -1 -1 -1 -1
Evo 110.52 0.15 10000002.77 79920.58 0.50 0.53 0.53 890845.83 28156.94 0.01 0.08 0.13 993 -1
Result 1 1.0 1000 0.47 0.20 0.13 0.19 0.25 0.22 -1 -1 -1 -1 -1
Evo 108.79 0.18 10000004.42 79920.59 0.49 0.52 0.53 890845.98 28156.95 0.01 0.08 0.13 993 -1
Result 1 1.0 1000 0.48 0.22 0.13 0.18 0.25 0.22 -1 -1 -1 -1 -1
Evo 111.14 0.15 10000002.72 79920.57 0.49 0.52 0.53 890845.83 28156.94 0.01 0.08 0.13 993 -1
Result 1 1.0 1000 0.39 0.20 0.13 0.20 0.25 0.22 -1 -1 -1 -1 -1
Evo 109.38 0.05 10000002.74 79920.57 0.49 0.52 0.53 890845.83 28156.94 0.01 0.08 0.13 993 -1
Result 1 1.0 1000 0.39 0.20 0.13 0.20 0.26 0.21 -1 -1 -1 -1 -1
Evo 109.63 0.12 10000005.18 79920.58 0.48 0.52 0.53 890845.93 28156.95 0.01 0.08 0.14 993 -1
Result 1 1.0 1000 0.37 0.22 0.12 0.19 0.27 0.19 -1 -1 -1 -1 -1
Evo 109.22 0.13 10000004.59 79920.57 0.50 0.53 0.53 890845.75 28156.94 0.01 0.08 0.13 993 -1
Result 1 1.0 1000 0.35 0.21 0.11 0.21 0.24 0.22 -1 -1 -1 -1 -1
Evo 110.28 0.14 10000004.15 79920.58 0.49 0.52 0.53 890845.88 28156.95 0.01 0.09 0.13 993 -1
Result 1 1.0 1000 0.40 0.21 0.14 0.17 0.26 0.22 -1 -1 -1 -1 -1
Evo 108.81 0.10 10000002.83 79920.57 0.49 0.53 0.53 890845.81 28156.94 0.01 0.08 0.13 993 -1
Result 1 1.0 1000 0.47 0.21 0.15 0.18 0.26 0.20 -1 -1 -1 -1 -1
Evo 109.71 -0.08 10000003.09 79920.57 0.49 0.52 0.53 890845.76 28156.94 0.01 0.09 0.13 993 -1
Result 1 1.0 1000 0.36 0.21 0.12 0.19 0.26 0.22 -1 -1 -1 -1 -1
Evo 109.00 0.13 10000004.39 79920.57 0.50 0.53 0.53 890845.77 28156.94 0.01 0.08 0.13 993 -1
Result 1 1.0 1000 0.35 0.21 0.11 0.20 0.25 0.23 -1 -1 -1 -1 -1
Evo 109.03 -0.07 10000003.93 79920.57 0.49 0.52 0.53 890845.85 28156.94 0.01 0.08 0.13 993 -1
Result 1 1.0 1000 0.46 0.20 0.15 0.19 0.27 0.20 -1 -1 -1 -1 -1
Evo 108.70 0.14 10000004.26 79920.58 0.49 0.52 0.53 890845.90 28156.95 0.01 0.09 0.14 993 -1
Result 1 1.0 1000 0.46 0.20 0.15 0.20 0.24 0.21 -1 -1 -1 -1 -1
Evo 108.46 0.06 10000004.85 79920.58 0.49 0.52 0.53 890845.86 28156.94 0.01 0.08 0.13 993 -1
Result 1 1.0 1000 0.46 0.20 0.14 0.19 0.27 0.20 -1 -1 -1 -1 -1
Evo 109.35 0.19 10000004.78 79920.57 0.49 0.52 0.53 890845.86 28156.94 0.01 0.08 0.13 993 -1
Result 1 1.0 1000 0.39 0.21 0.13 0.20 0.24 0.21 -1 -1 -1 -1 -1
Evo 110.65 0.19 10000004.91 79920.58 0.50 0.53 0.53 890845.90 28156.95 0.01 0.07 0.13 993 -1
Result 1 1.0 1000 0.47 0.20 0.12 0.20 0.25 0.22 -1 -1 -1 -1 -1
Evo 110.26 0.15 10000004.61 79920.58 0.50 0.53 0.53 890845.90 28156.95 0.01 0.08 0.13 993 -1
Result 1 1.0 1000 0.40 0.21 0.14 0.22 0.23 0.19 -1 -1 -1 -1 -1
Evo 110.20 0.08 10000005.18 79920.58 0.50 0.53 0.53 890845.83 28156.94 0.01 0.08 0.13 993 -1
Result 1 1.0 1000 0.42 0.21 0.16 0.23 0.23 0.18 -1 -1 -1 -1 -1
Evo 109.75 0.20 10000004.51 79920.58 0.50 0.53 0.53 890845.89 28156.95 0.01 0.08 0.13 993 -1
Result 1 1.0 1000 0.47 0.21 0.14 0.25 0.22 0.18 -1 -1 -1 -1 -1
Evo 109.48 0.20 10000003.93 79920.58 0.50 0.53 0.53 890845.89 28156.95 0.01 0.09 0.15 993 -1
Result 1 1.0 1000 0.47 0.20 0.16 0.22 0.24 0.17 -1 -1 -1 -1 -1
Evo 109.53 0.07 10000004.90 79920.58 0.49 0.52 0.53 890845.88 28156.95 0.01 0.08 0.13 993 -1
Result 1 1.0 1000 0.46 0.20 0.14 0.21 0.24 0.20 -1 -1 -1 -1 -1
Evo 109.68 0.01 10000004.70 79920.57 0.50 0.53 0.53 890845.72 28156.94 0.01 0.08 0.14 993 -1
Result 1 1.0 1000 0.47 0.20 0.13 0.21 0.25 0.20 -1 -1 -1 -1 -1
Evo 110.93 0.21 10000003.94 79920.58 0.50 0.53 0.53 890845.83 28156.94 0.01 0.08 0.14 993 -1
Result 1 1.0 1000 0.42 0.22 0.16 0.22 0.24 0.16 -1 -1 -1 -1 -1
Evo 109.03 0.10 10000004.51 79920.58 0.49 0.52 0.53 890845.90 28156.95 0.01 0.09 0.15 993 -1
Result 1 1.0 1000 0.37 0.20 0.12 0.21 0.25 0.22 -1 -1 -1 -1 -1
Evo 110.60 0.21 10000004.86 79920.57 0.50 0.53 0.53 890845.80 28156.94 0.01 0.08 0.13 993 -1
Result 1 1.0 1000 0.46 0.20 0.13 0.23 0.26 0.18 -1 -1 -1 -1 -1
Evo 110.02 0.13 10000004.05 79920.59 0.50 0.53 0.53 890845.94 28156.95 0.01 0.09 0.14 993 -1
Result 1 1.0 1000 0.41 0.20 0.15 0.23 0.23 0.19 -1 -1 -1 -1 -1
Evo 109.55 0.13 10000004.43 79920.59 0.49 0.53 0.53 890845.99 28156.95 0.01 0.08 0.13 993 -1
Result 1 1.0 1000 0.46 0.20 0.15 0.21 0.24 0.20 -1 -1 -1 -1 -1
Evo 109.49 0.14 10000004.35 79920.59 0.50 0.53 0.53 890845.94 28156.95 0.01 0.08 0.14 993 -1
Result 1 1.0 1000 0.43 0.18 0.17 0.22 0.26 0.17 -1 -1 -1 -1 -1
Evo 109.73 0.20 10000002.94 79920.58 0.50 0.53 0.53 890845.83 28156.94 0.01 0.07 0.12 993 -1
Result 1 1.0 1000 0.48 0.22 0.14 0.21 0.24 0.19 -1 -1 -1 -1 -1
Evo 110.52 0.13 10000004.85 79920.58 0.49 0.52 0.53 890845.88 28156.95 0.01 0.08 0.13 993 -1
Result 1 1.0 1000 0.40 0.20 0.14 0.21 0.24 0.20 -1 -1 -1 -1 -1
Evo 109.57 0.07 10000005.02 79920.57 0.48 0.52 0.53 890845.83 28156.94 0.01 0.09 0.14 993 -1
Result 1 1.0 1000 0.46 0.19 0.13 0.22 0.24 0.22 -1 -1 -1 -1 -1
Evo 109.76 0.15 10000004.20 79920.58 0.49 0.53 0.53 890845.84 28156.94 0.01 0.08 0.14 993 -1
Result 1 1.0 1000 0.48 0.22 0.16 0.22 0.23 0.18 -1 -1 -1 -1 -1
Evo 108.90 0.20 10000004.58 79920.59 0.50 0.53 0.53 890845.99 28156.95 0.01 0.08 0.13 993 -1
Result 1 1.0 1000 0.41 0.20 0.15 0.21 0.24 0.20 -1 -1 -1 -1 -1
Evo 109.57 -0.09 10000004.26 79920.58 0.49 0.52 0.53 890845.84 28156.94 0.01 0.08 0.14 993 -1
Result 1 1.0 1000 0.38 0.24 0.13 0.20 0.23 0.19 -1 -1 -1 -1 -1
Evo 109.15 -0.02 10000003.85 79920.58 0.49 0.52 0.53 890845.92 28156.95 0.01 0.08 0.13 993 -1
Result 1 1.0 1000 0.47 0.21 0.12 0.20 0.26 0.21 -1 -1 -1 -1 -1
Evo 109.94 0.20 10000003.80 79920.57 0.49 0.52 0.53 890845.82 28156.94 0.01 0.07 0.13 993 -1
Result 1 1.0 1000 0.38 0.20 0.13 0.21 0.25 0.21 -1 -1 -1 -1 -1
Evo 109.43 0.09 10000004.22 79920.58 0.49 0.53 0.53 890845.88 28156.95 0.01 0.08 0.13 993 -1
Result 1 1.0 1000 0.51 0.19 0.27 0.18 0.16 0.19 -1 -1 -1 -1 -1
Evo 109.81 0.03 10000005.06 79920.57 0.50 0.53 0.53 890845.79 28156.94 0.01 0.09 0.14 993 -1
Result 1 1.0 1000 0.49 0.21 0.23 0.22 0.13 0.21 -1 -1 -1 -1 -1
Evo 109.52 0.04 10000003.64 79920.58 0.50 0.52 0.53 890845.86 28156.94 0.01 0.08 0.12 993 -1
Result 1 1.0 1000 0.50 0.19 0.25 0.22 0.12 0.21 -1 -1 -1 -1 -1
Evo 110.60 0.15 10000004.15 79920.58 0.49 0.52 0.53 890845.93 28156.95 0.01 0.08 0.13 993 -1
Result 1 1.0 1000 0.47 0.21 0.25 0.18 0.17 0.19 -1 -1 -1 -1 -1
Evo 110.27 0.13 10000002.43 79920.58 0.50 0.53 0.53 890845.88 28156.95 0.01 0.08 0.12 993 -1
Result 1 1.0 1000 0.51 0.20 0.27 0.20 0.13 0.19 -1 -1 -1 -1 -1
Evo 110.31 0.12 10000001.36 79920.56 0.49 0.52 0.53 890845.65 28156.94 0.01 0.08 0.13 993 -1
Result 1 1.0 1000 0.46 0.20 0.26 0.20 0.14 0.20 -1 -1 -1 -1 -1
Evo 109.50 -0.00 10000004.95 79920.57 0.50 0.53 0.53 890845.74 28156.94 0.01 0.07 0.13 993 -1
Result 1 1.0 1000 0.45 0.18 0.24 0.21 0.16 0.20 -1 -1 -1 -1 -1
Evo 110.38 0.13 10000005.03 79920.57 0.49 0.53 0.53 890845.79 28156.94 0.01 0.08 0.13 993 -1
Result 1 1.0 1000 0.50 0.20 0.26 0.19 0.15 0.20 -1 -1 -1 -1 -1
Evo 109.83 0.19 10000002.55 79920.57 0.50 0.53 0.53 890845.72 28156.94 0.01 0.08 0.13 993 -1
Result 1 1.0 1000 0.49 0.23 0.23 0.21 0.14 0.19 -1 -1 -1 -1 -1
Evo 109.81 0.07 10000003.17 79920.57 0.49 0.52 0.53 890845.74 28156.94 0.01 0.08 0.12 993 -1
Result 1 1.0 1000 0.48 0.21 0.26 0.22 0.14 0.18 -1 -1 -1 -1 -1
Evo 110.57 0.09 10000004.92 79920.57 0.50 0.52 0.53 890845.78 28156.94 0.01 0.08 0.13 993 -1
Result 1 1.0 1000 0.46 0.19 0.25 0.22 0.14 0.20 -1 -1 -1 -1 -1
Evo 109.43 -0.07 10000003.92 79920.58 0.49 0.52 0.53 890845.90 28156.95 0.01 0.08 0.13 993 -1
Result 1 1.0 1000 0.47 0.20 0.25 0.21 0.15 0.19 -1 -1 -1 -1 -1
Evo 109.51 0.10 10000003.75 79920.58 0.50 0.53 0.53 890845.80 28156.94 0.01 0.08 0.13 993 -1
Result 1 1.0 1000 0.46 0.19 0.23 0.21 0.13 0.23 -1 -1 -1 -1 -1
Evo 110.28 0.20 10000004.06 79920.57 0.50 0.53 0.53 890845.81 28156.94 0.01 0.07 0.13 993 -1
Result 1 1.0 1000 0.47 0.20 0.26 0.21 0.13 0.19 -1 -1 -1 -1 -1
Evo 108.95 -0.06 10000004.44 79920.57 0.48 0.51 0.53 890845.84 28156.94 0.01 0.08 0.13 993 -1
Result 1 1.0 1000 0.46 0.19 0.26 0.20 0.13 0.21 -1 -1 -1 -1 -1
Evo 110.39 0.08 10000002.21 79920.56 0.49 0.53 0.53 890845.71 28156.94 0.01 0.08 0.12 993 -1
Result 1 1.0 1000 0.49 0.21 0.24 0.23 0.13 0.20 -1 -1 -1 -1 -1
Evo 109.60 0.06 10000004.06 79920.58 0.49 0.52 0.53 890845.92 28156.95 0.01 0.08 0.13 993 -1
Result 1 1.0 1000 0.51 0.21 0.27 0.20 0.16 0.17 -1 -1 -1 -1 -1
Evo 109.30 -0.03 10000004.79 79920.58 0.49 0.53 0.53 890845.95 28156.95 0.01 0.09 0.13 993 -1
Result 1 1.0 1000 0.48 0.22 0.24 0.19 0.16 0.19 -1 -1 -1 -1 -1
Evo 111.05 0.19 10000003.98 79920.59 0.50 0.52 0.53 890846.01 28156.95 0.01 0.08 0.13 993 -1
Result 1 1.0 1000 0.49 0.23 0.24 0.19 0.13 0.21 -1 -1 -1 -1 -1
Evo 110.22 0.07 10000003.75 79920.57 0.50 0.53 0.53 890845.80 28156.94 0.01 0.09 0.14 993 -1
Result 1 1.0 1000 0.48 0.22 0.25 0.19 0.14 0.20 -1 -1 -1 -1 -1
Evo 109.25 0.03 10000004.07 79920.57 0.49 0.52 0.53 890845.84 28156.94 0.01 0.08 0.13 993 -1
Result 1 1.0 1000 0.50 0.21 0.25 0.20 0.14 0.20 -1 -1 -1 -1 -1
Evo 109.78 0.05 10000004.75 79920.57 0.49 0.52 0.53 890845.84 28156.94 0.01 0.08 0.13 993 -1
Result 1 1.0 1000 0.46 0.19 0.27 0.20 0.13 0.21 -1 -1 -1 -1 -1
Evo 108.60 -0.19 10000002.30 79920.57 0.48 0.51 0.53 890845.85 28156.94 0.01 0.08 0.14 993 -1
Result 1 1.0 1000 0.50 0.21 0.24 0.20 0.14 0.20 -1 -1 -1 -1 -1
Evo 108.83 -0.07 10000004.68 79920.57 0.49 0.52 0.53 890845.80 28156.94 0.01 0.08 0.13 993 -1
Result 1 1.0 1000 0.46 0.19 0.26 0.22 0.12 0.20 -1 -1 -1 -1 -1
Evo 110.14 -0.04 10000003.46 79920.59 0.49 0.52 0.53 890846.00 28156.95 0.01 0.09 0.13 993 -1
Result 1 1.0 1000 0.50 0.21 0.26 0.18 0.14 0.21 -1 -1 -1 -1 -1
Evo 110.72 0.10 10000004.30 79920.58 0.50 0.52 0.53 890845.86 28156.94 0.01 0.08 0.14 993 -1
Result 1 1.0 1000 0.48 0.22 0.26 0.18 0.12 0.22 -1 -1 -1 -1 -1
Evo 110.55 0.11 10000004.92 79920.57 0.49 0.52 0.53 890845.82 28156.94 0.01 0.08 0.13 993 -1
Result 1 1.0 1000 0.51 0.20 0.26 0.19 0.13 0.21 -1 -1 -1 -1 -1
Evo 108.66 -0.18 10000004.66 79920.58 0.48 0.51 0.53 890846.02 28156.95 0.01 0.08 0.13 993 -1
Result 1 1.0 1000 0.50 0.20 0.26 0.21 0.15 0.18 -1 -1 -1 -1 -1
Evo 108.31 0.07 10000004.83 79920.58 0.49 0.52 0.53 890845.92 28156.95 0.01 0.08 0.13 993 -1
Result 1 1.0 1000 0.48 0.21 0.24 0.17 0.14 0.23 -1 -1 -1 -1 -1
Evo 109.45 -0.02 10000005.14 79920.56 0.49 0.52 0.53 890845.76 28156.94 0.01 0.08 0.13 993 -1
Result 1 1.0 1000 0.49 0.23 0.26 0.16 0.14 0.21 -1 -1 -1 -1 -1
Evo 108.99 0.06 10000004.43 79920.56 0.48 0.51 0.53 890845.83 28156.94 0.01 0.09 0.15 993 -1
Result 1 1.0 1000 0.50 0.18 0.25 0.21 0.14 0.21 -1 -1 -1 -1 -1
Evo 110.12 0.15 10000004.71 79920.56 0.49 0.52 0.53 890845.72 28156.94 0.01 0.09 0.13 993 -1
Result 1 1.0 1000 0.50 0.20 0.26 0.22 0.12 0.20 -1 -1 -1 -1 -1
Evo 109.16 0.02 10000004.75 79920.58 0.49 0.52 0.53 890845.94 28156.95 0.01 0.09 0.13 993 -1
Result 1 1.0 1000 0.48 0.21 0.27 0.18 0.14 0.20 -1 -1 -1 -1 -1
Evo 109.68 -0.07 10000005.05 79920.57 0.49 0.52 0.53 890845.85 28156.94 0.01 0.08 0.13 993 -1
Result 1 1.0 1000 0.50 0.22 0.24 0.19 0.13 0.22 -1 -1 -1 -1 -1
Evo 109.56 -0.10 10000003.72 79920.58 0.49 0.52 0.53 890845.97 28156.95 0.01 0.08 0.13 993 -1
Result 1 1.0 1000 0.48 0.23 0.24 0.18 0.13 0.22 -1 -1 -1 -1 -1
Evo 109.94 0.00 10000004.11 79920.57 0.49 0.52 0.53 890845.79 28156.94 0.01 0.08 0.13 993 -1
Result 1 1.0 1000 0.47 0.21 0.27 0.18 0.12 0.21 -1 -1 -1 -1 -1
Evo 109.06 0.10 10000004.84 79920.57 0.48 0.52 0.53 890845.86 28156.94 0.01 0.08 0.13 993 -1
Result 1 1.0 1000 0.50 0.19 0.25 0.19 0.14 0.22 -1 -1 -1 -1 -1
Evo 109.58 0.04 10000004.99 79920.58 0.49 0.51 0.53 890845.94 28156.95 0.01 0.08 0.13 993 -1
Result 1 1.0 1000 0.48 0.22 0.25 0.19 0.12 0.23 -1 -1 -1 -1 -1
Evo 109.27 0.12 10000003.10 79920.56 0.48 0.52 0.53 890845.75 28156.94 0.01 0.09 0.14 993 -1
Result 1 1.0 1000 0.51 0.18 0.26 0.19 0.14 0.22 -1 -1 -1 -1 -1
Evo 108.23 -0.02 10000003.58 79920.58 0.48 0.52 0.53 890845.93 28156.95 0.01 0.08 0.14 993 -1
Result 1 1.0 1000 0.51 0.19 0.26 0.20 0.15 0.19 -1 -1 -1 -1 -1
Evo 109.21 0.06 10000004.00 79920.57 0.48 0.51 0.53 890845.85 28156.94 0.01 0.07 0.13 993 -1
Result 1 1.0 1000 0.50 0.20 0.26 0.23 0.12 0.19 -1 -1 -1 -1 -1
Evo 109.08 0.05 10000005.15 79920.57 0.48 0.51 0.53 890845.90 28156.95 0.01 0.07 0.13 993 -1
Result 1 1.0 1000 0.50 0.21 0.25 0.21 0.11 0.23 -1 -1 -1 -1 -1
Evo 108.42 0.13 10000003.43 79920.56 0.48 0.51 0.53 890845.72 28156.94 0.01 0.08 0.13 993 -1
Result 1 1.0 1000 0.48 0.21 0.25 0.20 0.12 0.21 -1 -1 -1 -1 -1
Evo 109.15 0.01 10000004.35 79920.56 0.48 0.51 0.53 890845.81 28156.94 0.01 0.08 0.12 993 -1
Result 1 1.0 1000 0.48 0.22 0.26 0.17 0.13 0.23 -1 -1 -1 -1 -1
Evo 109.27 0.14 10000005.13 79920.57 0.48 0.51 0.53 890845.79 28156.94 0.01 0.08 0.13 993 -1
Result 1 1.0 1000 0.51 0.21 0.27 0.20 0.12 0.20 -1 -1 -1 -1 -1
Evo 109.00 0.13 10000003.90 79920.56 0.47 0.50 0.53 890845.79 28156.94 0.01 0.08 0.13 993 -1
Result 1 1.0 1000 0.48 0.22 0.26 0.18 0.14 0.20 -1 -1 -1 -1 -1
Evo 109.91 0.15 10000003.96 79920.58 0.49 0.51 0.53 890845.92 28156.95 0.01 0.07 0.12 993 -1
Result 1 1.0 1000 0.51 0.18 0.27 0.23 0.09 0.23 -1 -1 -1 -1 -1
Evo 109.69 0.13 10000002.07 79920.56 0.48 0.51 0.53 890845.77 28156.94 0.01 0.08 0.13 993 -1
Result 1 1.0 1000 0.51 0.22 0.26 0.19 0.12 0.21 -1 -1 -1 -1 -1
Evo 108.87 0.15 10000005.01 79920.57 0.49 0.51 0.53 890845.84 28156.94 0.01 0.08 0.14 993 -1
Result 1 1.0 1000 0.47 0.20 0.27 0.21 0.12 0.18 -1 -1 -1 -1 -1
Evo 109.26 0.00 10000002.46 79920.56 0.48 0.51 0.53 890845.72 28156.94 0.01 0.08 0.13 993 -1
Result 1 1.0 1000 0.49 0.24 0.25 0.21 0.10 0.21 -1 -1 -1 -1 -1
Evo 108.93 0.08 10000004.55 79920.57 0.48 0.51 0.53 890845.82 28156.94 0.01 0.09 0.13 993 -1
Result 1 1.0 1000 0.50 0.20 0.25 0.21 0.12 0.23 -1 -1 -1 -1 -1
Evo 108.38 -0.12 10000003.61 79920.57 0.48 0.51 0.53 890845.88 28156.95 0.01 0.09 0.14 993 -1
Result 1 1.0 1000 0.45 0.18 0.27 0.18 0.13 0.23 -1 -1 -1 -1 -1
Evo 108.75 0.20 10000004.60 79920.56 0.48 0.51 0.53 890845.75 28156.94 0.01 0.07 0.13 993 -1
Result 1 1.0 1000 0.51 0.21 0.28 0.18 0.11 0.22 -1 -1 -1 -1 -1
Evo 108.83 0.15 10000003.60 79920.58 0.48 0.51 0.53 890845.95 28156.95 0.01 0.08 0.13 993 -1
Result 1 1.0 1000 0.50 0.22 0.25 0.18 0.11 0.23 -1 -1 -1 -1 -1
Evo 108.60 0.15 10000004.91 79920.59 0.48 0.50 0.53 890846.07 28156.95 0.01 0.08 0.12 993 -1
Result 1 1.0 1000 0.52 0.19 0.28 0.19 0.13 0.20 -1 -1 -1 -1 -1
Evo 108.67 0.11 10000003.91 79920.58 0.48 0.51 0.53 890845.96 28156.95 0.01 0.09 0.14 993 -1
Result 1 1.0 1000 0.51 0.20 0.27 0.19 0.14 0.21 -1 -1 -1 -1 -1
Evo 109.26 0.07 10000004.61 79920.59 0.49 0.51 0.53 890846.00 28156.95 0.01 0.08 0.13 993 -1
Result 1 1.0 1000 0.49 0.23 0.24 0.22 0.10 0.20 -1 -1 -1 -1 -1
Evo 109.41 0.10 10000003.51 79920.57 0.48 0.51 0.53 890845.82 28156.94 0.01 0.08 0.13 993 -1
Result 1 1.0 1000 0.46 0.20 0.29 0.20 0.11 0.20 -1 -1 -1 -1 -1
Evo 108.95 -0.13 10000005.08 79920.58 0.48 0.51 0.53 890846.01 28156.95 0.01 0.08 0.14 993 -1
Result 1 1.0 1000 0.48 0.22 0.28 0.20 0.11 0.19 -1 -1 -1 -1 -1
Evo 109.60 0.19 10000003.23 79920.57 0.49 0.51 0.53 890845.76 28156.94 0.01 0.08 0.13 993 -1
Result 1 1.0 1000 0.48 0.22 0.26 0.19 0.11 0.22 -1 -1 -1 -1 -1
