Evo 34.83 -10000002.77 0.57 -2140300.82 -2710278.74 -2407407.96 -2035397.46 1075069.97 24033.29 0.01 0.06 0.08 -1 0
Result 0 0.0 2000 0.47 0.21 0.07 0.24 0.08 0.21 0.20 -1 -1 -1 -1
Evo 101.41 -10000003.77 0.57 -94172.92 0.39 0.47 0.51 643847.85 14393.28 0.01 0.05 0.07 -1 0
Result 0 0.0 2000 0.46 0.18 0.20 0.21 0.03 0.18 0.20 -1 -1 -1 -1
Evo 90.02 -10000003.54 0.57 -208592.75 -303029.94 0.38 0.53 660870.86 14773.83 0.01 0.09 0.15 -1 0
Result 0 0.0 2000 0.35 0.20 0.08 0.22 0.20 0.11 0.18 -1 -1 -1 -1
Evo 92.47 -10000003.81 0.57 -236292.53 -312499.53 0.50 0.54 717161.59 16032.21 0.01 0.06 0.10 -1 0
Result 0 0.0 2000 0.48 0.19 0.15 0.15 0.11 0.22 0.18 -1 -1 -1 -1
Evo 106.58 -10000003.23 0.57 -71680.71 0.46 0.53 0.56 636348.69 14225.63 0.01 0.07 0.11 -1 0
Result 0 0.0 2000 0.44 0.20 0.15 0.19 0.11 0.18 0.17 -1 -1 -1 -1
Evo 104.87 -10000003.75 0.57 -101826.25 0.47 0.53 0.55 660293.56 14760.92 0.01 0.04 0.07 -1 0
Result 0 0.0 2000 0.45 0.18 0.15 0.19 0.11 0.18 0.18 -1 -1 -1 -1
Evo 76.61 -10000003.34 0.57 -643760.14 -888888.38 -217390.90 0.55 1047389.64 23414.49 0.01 0.20 0.32 -1 0
Result 0 0.0 2000 0.42 0.19 0.10 0.21 0.15 0.16 0.19 -1 -1 -1 -1
Evo 102.40 -10000002.92 0.57 -88744.02 0.41 0.49 0.53 638726.33 14278.79 0.01 0.05 0.10 -1 0
Result 0 0.0 2000 0.45 0.19 0.19 0.21 0.05 0.17 0.18 -1 -1 -1 -1
Evo 88.21 -10000004.52 0.57 -260524.80 -377358.24 0.40 0.54 695204.77 15541.37 0.01 0.07 0.11 -1 0
Result 0 0.0 2000 0.46 0.20 0.15 0.12 0.12 0.22 0.19 -1 -1 -1 -1
Evo 81.77 -10000003.13 0.57 -313486.91 -459769.96 -238094.73 0.48 685137.05 15316.30 0.01 0.07 0.11 -1 0
Result 0 0.0 2000 0.48 0.20 0.15 0.09 0.13 0.22 0.21 -1 -1 -1 -1
Evo 92.67 -10000004.40 0.57 -199282.74 -312499.75 0.50 0.56 669675.58 14970.66 0.01 0.12 0.20 -1 0
Result 0 0.0 2000 0.48 0.19 0.14 0.12 0.14 0.23 0.19 -1 -1 -1 -1
Evo 108.39 -10000003.03 0.57 -65643.57 0.48 0.53 0.55 642836.32 14370.66 0.01 0.04 0.06 -1 0
Result 0 0.0 2000 0.44 0.18 0.12 0.22 0.13 0.18 0.18 -1 -1 -1 -1
Evo 84.12 -10000003.96 0.57 -245709.33 -377357.93 -147058.44 0.50 663015.08 14821.76 0.01 0.05 0.09 -1 0
Result 0 0.0 2000 0.39 0.22 0.13 0.29 0.07 0.14 0.15 -1 -1 -1 -1
Evo 106.12 -10000004.29 0.57 -98267.41 0.49 0.53 0.56 663441.40 14831.29 0.01 0.10 0.16 -1 0
Result 0 0.0 2000 0.42 0.18 0.14 0.18 0.17 0.16 0.16 -1 -1 -1 -1
Evo 89.96 -10000002.78 0.57 -245032.44 -379746.37 0.43 0.54 682846.93 15265.11 0.01 0.08 0.11 -1 0
Result 0 0.0 2000 0.47 0.18 0.16 0.12 0.13 0.21 0.20 -1 -1 -1 -1
Evo 93.99 -10000004.43 0.57 -214371.52 -266666.33 0.49 0.55 704045.85 15739.01 0.01 0.15 0.23 -1 0
Result 0 0.0 2000 0.46 0.19 0.16 0.15 0.13 0.19 0.18 -1 -1 -1 -1
Evo 74.96 -10000003.11 0.57 -421165.29 -535714.10 -303029.92 0.45 748432.62 16731.28 0.01 0.07 0.10 -1 0
Result 0 0.0 2000 0.47 0.19 0.14 0.09 0.13 0.24 0.21 -1 -1 -1 -1
Evo 88.57 -10000002.99 0.57 -219896.74 -298507.21 0.39 0.50 678768.88 15173.94 0.01 0.06 0.10 -1 0
Result 0 0.0 2000 0.45 0.21 0.15 0.24 0.06 0.14 0.19 -1 -1 -1 -1
Evo 104.41 -10000002.74 0.57 -77514.50 0.43 0.50 0.53 637134.12 14243.19 0.01 0.05 0.08 -1 0
Result 0 0.0 2000 0.44 0.19 0.19 0.20 0.07 0.17 0.17 -1 -1 -1 -1
Evo 83.16 -10000002.02 0.57 -302923.74 -434782.04 -212765.63 0.51 693807.47 15510.13 0.01 0.06 0.10 -1 0
Result 0 0.0 2000 0.49 0.20 0.14 0.11 0.13 0.24 0.18 -1 -1 -1 -1
Evo 42.15 -10000004.63 0.57 -1330168.31 -1588784.81 -1372549.24 -1145833.56 729541.06 16308.96 0.01 0.03 0.06 -1 159
Result 0 0.0 2000 0.45 0.20 0.03 0.21 0.18 0.19 0.19 -1 -1 -1 -1
Evo 72.36 -10000003.45 0.57 -647283.59 -1284403.96 -312499.74 0.51 884484.90 19772.74 0.01 0.10 0.15 -1 84
Result 0 0.0 2000 0.43 0.19 0.10 0.17 0.18 0.16 0.18 -1 -1 -1 -1
Evo 40.62 -10000003.35 0.57 -1354628.80 -1587300.55 -1379310.22 -1145832.66 703200.46 15720.11 0.01 0.04 0.06 -1 108
Result 0 0.0 2000 0.47 0.18 0.03 0.20 0.19 0.19 0.20 -1 -1 -1 -1
Evo 68.94 -10000004.07 0.57 -593986.73 -898875.66 -394736.66 0.37 814273.09 18203.15 0.01 0.05 0.08 -1 86
Result 0 0.0 2000 0.47 0.21 0.20 0.15 0.11 0.13 0.21 -1 -1 -1 -1
Evo 103.27 -10000003.93 0.57 -211500.12 0.54 0.56 0.56 785196.81 17553.15 0.01 0.21 0.31 -1 44
Result 0 0.0 2000 0.45 0.16 0.14 0.16 0.18 0.19 0.17 -1 -1 -1 -1
Evo 51.09 -10000003.70 0.57 -1051408.31 -1470588.24 -1168830.27 -563379.66 829566.04 18545.02 0.01 0.08 0.12 -1 64
Result 0 0.0 2000 0.43 0.17 0.12 0.17 0.15 0.17 0.22 -1 -1 -1 -1
Evo 58.25 -10000003.53 0.57 -1035520.86 -1527777.42 -1249998.89 0.53 896508.65 20041.53 0.01 0.10 0.16 -1 250
Result 0 0.0 2000 0.45 0.19 0.06 0.20 0.18 0.19 0.18 -1 -1 -1 -1
Evo 105.56 -10000003.82 0.57 -155590.67 0.53 0.56 0.56 734358.67 16416.66 0.01 0.11 0.16 -1 417
Result 0 0.0 2000 0.44 0.16 0.13 0.15 0.20 0.17 0.17 -1 -1 -1 -1
Evo 42.29 -10000003.85 0.57 -1341802.21 -1585366.00 -1379309.95 -1142856.82 715328.12 15991.23 0.01 0.04 0.06 -1 132
Result 0 0.0 2000 0.47 0.18 0.03 0.20 0.21 0.18 0.20 -1 -1 -1 -1
Evo 42.37 -10000003.05 0.57 -1322471.48 -1574074.27 -1363635.95 -1142856.31 666930.68 14916.75 0.01 0.04 0.06 -1 96
Result 0 0.0 1998 0.44 0.19 0.03 0.21 0.18 0.18 0.20 -1 -1 -1 -1
Evo 68.12 -10000003.87 0.57 -861268.75 -1460674.43 -1099999.84 0.56 937530.77 20958.59 0.01 0.09 0.15 -1 37
Result 0 0.0 2000 0.44 0.18 0.09 0.19 0.19 0.18 0.18 -1 -1 -1 -1
Evo 93.72 -10000004.20 0.57 -368252.31 0.38 0.55 0.56 859858.98 19222.23 0.01 0.15 0.25 -1 66
Result 0 0.0 2000 0.42 0.17 0.14 0.17 0.19 0.16 0.17 -1 -1 -1 -1
Evo 67.35 -10000004.05 0.57 -758421.08 -1372548.47 -506328.82 0.50 899599.09 20110.62 0.01 0.10 0.14 -1 257
Result 0 0.0 2000 0.42 0.20 0.09 0.16 0.20 0.16 0.18 -1 -1 -1 -1
Evo 67.94 -10000004.35 0.57 -465698.43 -574712.17 -363636.10 -175438.23 718764.74 16068.05 0.01 0.05 0.07 -1 54
Result 0 0.0 2000 0.39 0.20 0.27 0.13 0.06 0.13 0.21 -1 -1 -1 -1
Evo 63.25 -10000002.34 0.57 -943508.12 -1489362.04 -1162790.78 0.55 928879.12 21590.17 0.01 0.15 0.18 -1 25
Result 0 0.0 1850 0.46 0.19 0.08 0.19 0.18 0.18 0.19 -1 -1 -1 -1
Evo 55.45 -10000003.69 0.57 -939503.20 -1456310.68 -990098.88 -312499.44 875683.18 20634.32 0.01 0.08 0.10 -1 46
Result 0 0.0 1800 0.42 0.19 0.14 0.18 0.13 0.15 0.21 -1 -1 -1 -1
Evo 47.94 -10000003.33 0.57 -1155154.96 -1545454.68 -1274509.68 -705881.73 832180.29 18792.24 0.01 0.09 0.11 -1 47
Result 0 0.0 1960 0.45 0.20 0.09 0.19 0.16 0.18 0.18 -1 -1 -1 -1
Evo 83.59 -10000004.54 0.57 -564235.31 -1263156.94 0.53 0.56 930013.02 20790.53 0.01 0.10 0.16 -1 52
Result 0 0.0 2000 0.44 0.17 0.09 0.17 0.18 0.20 0.18 -1 -1 -1 -1
Evo 40.73 -10000000.22 0.57 -1362869.33 -1590908.88 -1368421.00 -1153846.41 700750.59 15665.34 0.01 0.05 0.07 -1 56
Result 0 0.0 2000 0.48 0.20 0.03 0.21 0.19 0.18 0.18 -1 -1 -1 -1
Evo 48.82 -10000001.42 0.57 -1106441.76 -1499999.33 -1200000.07 -490195.78 945422.82 27406.44 0.01 0.08 0.10 -1 21
Result 0 0.0 1189 0.44 0.19 0.11 0.17 0.15 0.17 0.20 -1 -1 -1 -1
Evo 57.17 -10000004.39 0.52 -610285.72 -740740.60 -566037.14 -394736.64 650821.14 14549.17 0.01 0.03 0.07 -1 0
Result 0 0.0 2000 0.47 0.22 0.05 0.25 0.06 0.20 0.22 -1 -1 -1 -1
Evo 56.39 -10000002.50 0.51 -632186.85 -769230.70 -579710.03 -408162.71 652463.95 14585.89 0.01 0.02 0.07 -1 0
Result 0 0.0 2000 0.47 0.23 0.06 0.24 0.06 0.20 0.21 -1 -1 -1 -1
Evo 57.18 -10000002.38 0.56 -615022.53 -749999.61 -568181.44 -404039.97 648829.04 14504.63 0.01 0.02 0.07 -1 0
Result 0 0.0 2000 0.47 0.19 0.06 0.26 0.07 0.21 0.21 -1 -1 -1 -1
Evo 58.96 -10000002.94 0.54 -600564.87 -731706.81 -555554.84 -384615.07 651681.78 14568.41 0.01 0.02 0.07 -1 0
Result 0 0.0 2000 0.51 0.21 0.06 0.26 0.05 0.20 0.22 -1 -1 -1 -1
Evo 58.28 -10000003.90 0.53 -603745.01 -740740.14 -566037.21 -392156.54 650158.17 14534.35 0.01 0.02 0.06 -1 0
Result 0 0.0 2000 0.48 0.21 0.04 0.25 0.05 0.22 0.23 -1 -1 -1 -1
Evo 57.55 -10000004.10 0.53 -597493.18 -721648.88 -555555.09 -384614.73 652232.19 14580.71 0.01 0.02 0.07 -1 0
Result 0 0.0 2000 0.46 0.23 0.06 0.26 0.05 0.20 0.20 -1 -1 -1 -1
Evo 58.27 -10000003.33 0.53 -605884.05 -731706.72 -561797.17 -392156.30 651514.16 14564.66 0.01 0.02 0.06 -1 0
Result 0 0.0 2000 0.50 0.20 0.07 0.25 0.05 0.22 0.21 -1 -1 -1 -1
Evo 75.72 -10000002.38 0.57 -390726.86 -588235.07 -333332.97 0.44 686449.88 15345.65 0.01 0.04 0.08 -1 0
Result 0 0.0 2000 0.47 0.20 0.08 0.23 0.08 0.20 0.21 -1 -1 -1 -1
Evo 58.40 -10000003.94 0.50 -596989.08 -727272.30 -545454.40 -384614.72 649507.72 14519.80 0.01 0.02 0.06 -1 0
Result 0 0.0 2000 0.48 0.23 0.05 0.25 0.04 0.22 0.21 -1 -1 -1 -1
Evo 57.49 -10000004.16 0.53 -612644.27 -749999.52 -563379.69 -399999.45 652583.95 14588.57 0.01 0.02 0.06 -1 0
Result 0 0.0 2000 0.49 0.20 0.06 0.24 0.05 0.21 0.23 -1 -1 -1 -1
Evo 58.03 -10000004.14 0.55 -595457.50 -731706.75 -555555.05 -377358.01 647750.64 14480.52 0.01 0.02 0.06 -1 0
Result 0 0.0 2000 0.45 0.22 0.06 0.26 0.05 0.22 0.19 -1 -1 -1 -1
Evo 57.74 -10000003.54 0.53 -606472.40 -740740.25 -568181.26 -389609.86 650633.17 14544.96 0.01 0.02 0.06 -1 0
Result 0 0.0 2000 0.47 0.21 0.06 0.25 0.05 0.21 0.21 -1 -1 -1 -1
Evo 93.39 -10000003.10 0.57 -200451.32 -277777.45 0.48 0.55 674471.71 15077.88 0.01 0.03 0.08 -1 0
Result 0 0.0 2000 0.46 0.19 0.10 0.21 0.13 0.18 0.19 -1 -1 -1 -1
Evo 58.54 -10000003.33 0.53 -604717.94 -744680.28 -561797.55 -399999.35 648419.63 14495.48 0.01 0.02 0.06 -1 0
Result 0 0.0 2000 0.47 0.23 0.05 0.25 0.05 0.21 0.21 -1 -1 -1 -1
Evo 85.39 -10000003.98 0.57 -290910.83 -480768.82 -133333.03 0.53 686001.52 15335.63 0.01 0.04 0.09 -1 0
Result 0 0.0 2000 0.45 0.21 0.09 0.23 0.11 0.18 0.18 -1 -1 -1 -1
Evo 58.00 -10000004.01 0.53 -604483.29 -746268.12 -561797.65 -384614.91 650048.73 14531.90 0.01 0.02 0.06 -1 0
Result 0 0.0 2000 0.48 0.21 0.06 0.25 0.05 0.22 0.20 -1 -1 -1 -1
Evo 57.95 -10000003.29 0.53 -605258.53 -735294.00 -555555.33 -392156.62 650272.01 14536.89 0.01 0.02 0.06 -1 0
Result 0 0.0 2000 0.50 0.22 0.06 0.25 0.06 0.22 0.19 -1 -1 -1 -1
Evo 56.85 -10000003.83 0.55 -612500.59 -752687.79 -581394.90 -408162.78 578726.92 12943.96 0.01 0.03 0.06 -1 0
Result 0 0.0 1998 0.46 0.21 0.07 0.25 0.06 0.20 0.21 -1 -1 -1 -1
Evo 63.07 -10000003.30 0.57 -519804.29 -674156.73 -476190.26 -277777.26 666637.99 14902.75 0.01 0.03 0.07 -1 0
Result 0 0.0 2000 0.47 0.21 0.06 0.24 0.06 0.21 0.21 -1 -1 -1 -1
Evo 57.39 -10000002.43 0.55 -614200.30 -769230.01 -571428.40 -384615.14 661420.44 14786.11 0.01 0.02 0.08 -1 0
Result 0 0.0 2000 0.49 0.23 0.07 0.24 0.05 0.21 0.21 -1 -1 -1 -1
Evo 112.67 -10000003.19 0.57 -39979.44 0.56 0.56 0.57 631189.93 14110.31 0.01 0.10 0.12 -1 64
Result 0 0.0 2000 0.43 0.18 0.17 0.17 0.16 0.16 0.17 -1 -1 -1 -1
Evo 112.49 -10000003.56 0.57 -40474.48 0.56 0.56 0.57 631364.78 14114.22 0.01 0.10 0.13 -1 43
Result 0 0.0 2000 0.44 0.15 0.17 0.17 0.17 0.17 0.16 -1 -1 -1 -1
Evo 112.49 -10000003.42 0.57 -39979.44 0.56 0.56 0.57 631189.94 14110.31 0.01 0.07 0.11 -1 301
Result 0 0.0 2000 0.44 0.17 0.15 0.17 0.15 0.18 0.18 -1 -1 -1 -1
Evo 112.42 -10000003.03 0.57 -40675.45 0.56 0.56 0.57 631305.14 14112.88 0.01 0.19 0.29 -1 433
Result 0 0.0 2000 0.43 0.17 0.17 0.17 0.16 0.17 0.16 -1 -1 -1 -1
Evo 112.52 -10000003.20 0.57 -39979.45 0.56 0.56 0.57 631190.03 14110.31 0.01 0.11 0.14 -1 367
Result 0 0.0 2000 0.42 0.16 0.18 0.16 0.17 0.17 0.16 -1 -1 -1 -1
Evo 112.61 -10000003.05 0.57 -39979.45 0.56 0.56 0.57 631190.01 14110.31 0.01 0.11 0.16 -1 145
Result 0 0.0 2000 0.43 0.16 0.18 0.16 0.17 0.16 0.17 -1 -1 -1 -1
Evo 112.49 -10000002.01 0.57 -39979.44 0.56 0.56 0.57 631189.90 14110.31 0.01 0.09 0.12 -1 1156
Result 0 0.0 2000 0.44 0.17 0.17 0.17 0.16 0.16 0.17 -1 -1 -1 -1
Evo 112.46 -10000003.01 0.57 -40068.69 0.56 0.56 0.57 631196.91 14110.46 0.01 0.09 0.12 -1 143
Result 0 0.0 2000 0.42 0.17 0.18 0.16 0.16 0.18 0.16 -1 -1 -1 -1
Evo 112.41 -10000002.58 0.57 -40534.81 0.56 0.56 0.57 631283.25 14112.40 0.01 0.11 0.12 -1 132
Result 0 0.0 2000 0.44 0.15 0.17 0.18 0.17 0.17 0.16 -1 -1 -1 -1
Evo 112.40 -10000003.46 0.57 -42693.42 0.56 0.56 0.57 633432.51 14160.44 0.01 0.12 0.17 -1 127
Result 0 0.0 2000 0.42 0.17 0.18 0.15 0.16 0.18 0.16 -1 -1 -1 -1
Evo 112.58 -10000004.03 0.57 -39979.44 0.56 0.56 0.57 631189.95 14110.31 0.01 0.07 0.11 -1 41
Result 0 0.0 2000 0.43 0.16 0.16 0.18 0.16 0.17 0.17 -1 -1 -1 -1
Evo 112.58 -10000001.21 0.57 -39979.44 0.56 0.56 0.57 631189.91 14110.31 0.01 0.07 0.12 -1 82
Result 0 0.0 2000 0.42 0.16 0.17 0.18 0.16 0.16 0.17 -1 -1 -1 -1
Evo 112.40 -10000003.46 0.57 -41573.08 0.56 0.56 0.57 631717.27 14122.10 0.01 0.20 0.29 -1 110
Result 0 0.0 2000 0.44 0.17 0.15 0.17 0.18 0.17 0.15 -1 -1 -1 -1
Evo 112.51 -10000003.09 0.57 -39979.44 0.56 0.56 0.57 631189.91 14110.31 0.01 0.06 0.10 -1 513
Result 0 0.0 2000 0.43 0.17 0.16 0.18 0.16 0.16 0.17 -1 -1 -1 -1
Evo 112.19 -10000002.75 0.57 -39979.44 0.56 0.56 0.57 631189.97 14110.31 0.01 0.10 0.12 -1 295
Result 0 0.0 2000 0.45 0.16 0.17 0.15 0.15 0.19 0.17 -1 -1 -1 -1
Evo 112.60 -10000003.62 0.57 -39979.45 0.56 0.56 0.57 631189.99 14110.31 0.01 0.18 0.27 -1 72
Result 0 0.0 2000 0.45 0.17 0.17 0.15 0.16 0.17 0.18 -1 -1 -1 -1
Evo 112.37 -10000003.10 0.57 -39979.45 0.56 0.56 0.57 631190.03 14110.31 0.01 0.09 0.12 -1 144
Result 0 0.0 2000 0.42 0.18 0.17 0.15 0.18 0.16 0.16 -1 -1 -1 -1
Evo 112.19 -10000003.35 0.57 -39979.45 0.56 0.56 0.57 631190.03 14110.31 0.01 0.10 0.12 -1 192
Result 0 0.0 2000 0.43 0.17 0.17 0.16 0.16 0.17 0.18 -1 -1 -1 -1
Evo 112.48 -10000000.19 0.57 -39979.44 0.56 0.56 0.57 631189.91 14110.31 0.01 0.06 0.09 -1 135
Result 0 0.0 2000 0.45 0.16 0.18 0.18 0.15 0.16 0.17 -1 -1 -1 -1
Evo 112.42 -10000003.60 0.57 -39979.46 0.56 0.56 0.57 631190.13 14110.31 0.01 0.08 0.12 -1 235
Result 0 0.0 2000 0.43 0.16 0.17 0.17 0.18 0.15 0.17 -1 -1 -1 -1
Evo 77.82 -10000003.19 0.57 -370837.77 -571427.94 -333332.89 0.53 683415.07 15277.81 0.01 0.07 0.11 -1 0
Result 0 0.0 2000 0.48 0.19 0.09 0.21 0.10 0.21 0.20 -1 -1 -1 -1
Evo 79.33 -10000002.60 0.57 -371185.09 -576922.79 -307692.05 0.53 694167.25 15518.17 0.01 0.08 0.11 -1 0
Result 0 0.0 2000 0.44 0.20 0.10 0.22 0.08 0.22 0.18 -1 -1 -1 -1
Evo 110.21 -10000003.66 0.57 -52711.91 0.50 0.53 0.56 636897.84 14237.91 0.01 0.06 0.11 -1 0
Result 0 0.0 2000 0.43 0.18 0.19 0.14 0.15 0.17 0.18 -1 -1 -1 -1
Evo 108.38 -10000003.16 0.57 -58573.72 0.47 0.52 0.54 635680.72 14210.70 0.01 0.06 0.11 -1 0
Result 0 0.0 2000 0.48 0.18 0.20 0.11 0.12 0.22 0.17 -1 -1 -1 -1
Evo 110.67 -10000003.14 0.57 -59524.81 0.53 0.56 0.56 648778.85 14503.51 0.01 0.07 0.11 -1 0
Result 0 0.0 2000 0.41 0.17 0.17 0.17 0.16 0.17 0.15 -1 -1 -1 -1
Evo 71.22 -10000004.26 0.57 -447641.07 -624999.81 -422534.74 -138888.50 679681.89 15194.35 0.01 0.07 0.11 -1 1
Result 0 0.0 2000 0.47 0.22 0.07 0.21 0.07 0.21 0.22 -1 -1 -1 -1
Evo 107.43 -10000003.65 0.57 -78849.33 0.49 0.53 0.56 648552.51 14498.45 0.01 0.08 0.11 -1 0
Result 0 0.0 2000 0.45 0.17 0.20 0.13 0.13 0.18 0.18 -1 -1 -1 -1
Evo 105.86 -10000003.15 0.57 -104120.42 0.52 0.55 0.56 655517.23 14654.15 0.01 0.07 0.11 -1 0
Result 0 0.0 2000 0.44 0.17 0.17 0.19 0.15 0.14 0.18 -1 -1 -1 -1
Evo 111.75 -10000000.95 0.57 -41591.22 0.53 0.56 0.56 631556.80 14118.51 0.01 0.01 0.04 -1 0
Result 0 0.0 2000 0.43 0.15 0.18 0.20 0.19 0.12 0.17 -1 -1 -1 -1
Evo 101.73 -10000003.98 0.57 -138840.31 0.46 0.53 0.56 672477.61 15033.30 0.01 0.08 0.11 -1 0
Result 0 0.0 2000 0.42 0.17 0.17 0.16 0.13 0.19 0.19 -1 -1 -1 -1
Evo 109.67 -10000003.72 0.57 -66574.37 0.53 0.55 0.56 647588.94 14476.91 0.01 0.07 0.11 -1 0
Result 0 0.0 2000 0.40 0.17 0.17 0.19 0.18 0.14 0.16 -1 -1 -1 -1
Evo 110.26 -10000003.37 0.57 -56477.61 0.53 0.56 0.56 640415.59 14316.55 0.01 0.08 0.11 -1 0
Result 0 0.0 2000 0.40 0.16 0.20 0.18 0.15 0.14 0.17 -1 -1 -1 -1
Evo 112.14 -10000003.33 0.57 -40558.81 0.53 0.55 0.56 631232.71 14111.27 0.01 0.01 0.02 -1 0
Result 0 0.0 2000 0.43 0.17 0.18 0.19 0.18 0.11 0.17 -1 -1 -1 -1
Evo 111.78 -10000002.24 0.57 -46168.35 0.53 0.56 0.56 635413.53 14204.73 0.01 0.08 0.11 -1 2
Result 0 0.0 2000 0.44 0.16 0.20 0.17 0.16 0.14 0.17 -1 -1 -1 -1
Evo 106.82 -10000003.32 0.57 -88093.61 0.50 0.53 0.56 650866.61 14550.18 0.01 0.08 0.11 -1 0
Result 0 0.0 2000 0.43 0.17 0.19 0.17 0.13 0.18 0.16 -1 -1 -1 -1
Evo 110.63 -10000004.11 0.57 -54945.75 0.53 0.54 0.56 642206.61 14356.59 0.01 0.05 0.11 -1 0
Result 0 0.0 2000 0.37 0.18 0.19 0.17 0.17 0.12 0.17 -1 -1 -1 -1
Evo 110.84 -10000004.00 0.57 -50813.36 0.53 0.56 0.56 635912.01 14215.87 0.01 0.07 0.11 -1 0
Result 0 0.0 2000 0.45 0.17 0.19 0.19 0.15 0.15 0.16 -1 -1 -1 -1
Evo 108.44 -10000003.43 0.57 -73160.59 0.49 0.53 0.56 652162.75 14579.16 0.01 0.06 0.11 -1 0
Result 0 0.0 2000 0.46 0.18 0.19 0.13 0.13 0.19 0.17 -1 -1 -1 -1
Evo 86.09 -10000001.49 0.57 -272847.46 -505050.41 0.43 0.55 495070.11 11081.19 0.01 0.08 0.11 -1 0
Result 0 0.0 1995 0.46 0.21 0.12 0.21 0.09 0.20 0.17 -1 -1 -1 -1
Evo 111.28 -10000002.86 0.57 -54001.12 0.54 0.56 0.56 641351.57 14337.47 0.01 0.07 0.11 -1 0
Result 0 0.0 2000 0.44 0.17 0.15 0.18 0.16 0.16 0.18 -1 -1 -1 -1
