Evo 60.28 -10000002.10 190.54 -116578.20 68.33 131.53 180.53 827848.92 30473.54 0.01 0.38 0.46 -1 343
Result 0 189.0 737 0.49 0.13 0.23 0.23 0.18 0.23 -1 -1 -1 -1 -1
Evo 67.68 -10000003.23 222.53 -229298.12 54.85 131.53 164.74 721100.66 17926.96 0.01 0.57 0.72 -1 157
Result 0 221.0 1617 0.48 0.13 0.23 0.22 0.20 0.22 -1 -1 -1 -1 -1
Evo 57.53 -10000003.04 234.53 -263442.92 35.92 191.53 232.90 1492255.31 77789.19 0.02 0.23 0.29 -1 334
Result 0 233.0 367 0.48 0.08 0.27 0.27 0.16 0.22 -1 -1 -1 -1 -1
Evo 73.13 -10000004.20 72.53 -243560.54 40.34 61.53 68.79 1397811.90 71990.98 0.02 0.15 0.21 -1 339
Result 0 71.0 376 0.48 0.13 0.25 0.19 0.22 0.21 -1 -1 -1 -1 -1
Evo 72.05 -10000000.72 194.53 -183274.38 54.53 108.53 134.24 800846.59 20568.36 0.01 0.52 0.68 -1 327
Result 0 193.0 1515 0.49 0.15 0.20 0.23 0.19 0.23 -1 -1 -1 -1 -1
Evo 60.11 -10000000.43 240.53 -130763.06 52.53 142.48 197.53 659279.09 18692.14 0.01 0.59 0.71 -1 282
Result 0 239.0 1243 0.50 0.13 0.22 0.20 0.20 0.24 -1 -1 -1 -1 -1
Evo 71.86 -10000003.70 128.38 -101457.42 60.67 64.50 117.53 761017.76 26906.04 0.01 0.28 0.32 -1 33
Result 0 126.0 799 0.49 0.14 0.20 0.24 0.19 0.23 -1 -1 -1 -1 -1
Evo 56.89 -10000001.70 233.53 -134625.82 71.56 84.53 141.93 796324.95 25156.86 0.01 0.48 0.57 -1 418
Result 0 232.0 1001 0.51 0.12 0.22 0.22 0.19 0.26 -1 -1 -1 -1 -1
Evo 44.84 -10000000.61 126.53 -191773.22 29.17 71.32 125.92 1215407.44 64689.61 0.02 0.25 0.34 -1 33
Result 0 125.0 352 0.51 0.08 0.27 0.23 0.16 0.27 -1 -1 -1 -1 -1
Evo 30.26 -9999999.69 141.45 -199608.06 25.15 59.44 121.34 1171144.80 62779.95 0.02 0.27 0.34 -1 244
Result 0 138.0 347 0.50 0.07 0.28 0.25 0.16 0.25 -1 -1 -1 -1 -1
Evo 46.81 -10000004.47 169.53 -199017.74 55.16 108.53 163.53 1334258.57 62551.01 0.02 0.32 0.42 -1 435
Result 0 168.0 454 0.51 0.07 0.23 0.24 0.19 0.27 -1 -1 -1 -1 -1
Evo 68.50 -10000003.85 108.53 -138145.46 51.34 105.23 106.53 942991.74 41155.53 0.02 0.22 0.29 -1 161
Result 0 107.0 524 0.48 0.13 0.23 0.25 0.17 0.22 -1 -1 -1 -1 -1
Evo 79.88 -10000002.93 54.53 -243883.19 34.79 50.53 54.53 1404967.70 70961.58 0.02 0.13 0.16 -1 320
Result 0 53.0 391 0.45 0.11 0.22 0.27 0.21 0.19 -1 -1 -1 -1 -1
Evo 66.02 -10000001.44 103.53 -129098.75 37.53 88.48 88.53 948218.97 42576.29 0.02 0.23 0.27 -1 79
Result 0 102.0 495 0.51 0.13 0.19 0.20 0.21 0.28 -1 -1 -1 -1 -1
Evo 55.46 -10000004.10 103.53 -249760.10 23.38 79.53 101.18 1392221.95 67374.34 0.02 0.23 0.29 -1 33
Result 0 101.0 426 0.51 0.09 0.21 0.24 0.19 0.26 -1 -1 -1 -1 -1
Evo 27.50 -10000003.86 3704.92 -196489.84 48.19 109.12 201.53 1106485.55 49732.83 0.02 0.36 0.48 -1 264
Result 0 3680.0 494 0.50 0.09 0.23 0.21 0.22 0.25 -1 -1 -1 -1 -1
Evo 57.99 -9999996.28 99.61 -126832.20 27.67 88.31 95.53 718141.67 36225.46 0.02 0.19 0.23 -1 300
Result 0 98.0 392 0.47 0.10 0.26 0.25 0.18 0.21 -1 -1 -1 -1 -1
Evo 73.03 -10000003.37 240.53 -91226.69 97.98 137.53 153.53 678586.80 18523.76 0.01 0.53 0.65 -1 33
Result 0 239.0 1341 0.49 0.14 0.19 0.22 0.22 0.23 -1 -1 -1 -1 -1
Evo 70.34 -10000003.09 160.40 -85886.24 78.53 118.53 157.53 786295.19 27525.84 0.01 0.35 0.47 -1 121
Result 0 158.0 815 0.48 0.12 0.23 0.24 0.19 0.21 -1 -1 -1 -1 -1
Evo 61.59 -10000003.68 163.53 -93203.48 52.19 138.52 163.53 819115.80 31481.18 0.01 0.34 0.46 -1 89
Result 0 162.0 676 0.48 0.10 0.24 0.26 0.17 0.22 -1 -1 -1 -1 -1
Evo 68.62 -10000004.22 93.53 -206115.51 50.95 84.53 84.53 1320212.79 64884.92 0.02 0.19 0.25 -1 52
Result 0 92.0 413 0.51 0.11 0.21 0.26 0.16 0.26 -1 -1 -1 -1 -1
Evo 53.25 -10000001.96 184.53 -111586.12 29.75 117.45 140.53 802482.58 30910.47 0.01 0.38 0.47 -1 341
Result 0 183.0 673 0.50 0.09 0.20 0.26 0.20 0.25 -1 -1 -1 -1 -1
Evo 34.96 -10000002.33 124.53 -300361.72 23.27 52.32 94.29 1492274.66 82271.77 0.03 0.26 0.37 -1 100
Result 0 122.0 328 0.45 0.07 0.28 0.26 0.21 0.18 -1 -1 -1 -1 -1
Evo 64.19 -10000003.63 73.53 -231258.27 25.53 33.39 61.53 1409418.33 80309.06 0.03 0.16 0.22 -1 286
Result 0 72.0 307 0.47 0.08 0.28 0.26 0.18 0.20 -1 -1 -1 -1 -1
Evo 76.98 -10000003.95 51.53 -362570.57 18.49 51.53 51.53 1086749.26 49295.95 0.02 0.13 0.18 -1 392
Result 0 56.0 485 0.47 0.14 0.22 0.22 0.21 0.21 -1 -1 -1 -1 -1
Evo 45.01 -10000002.74 37.62 -1092607.63 4.03 14.96 26.24 2902617.05 307676.79 0.07 0.07 0.12 -1 58
Result 0 30.0 88 0.53 0.09 0.33 0.15 0.07 0.37 -1 -1 -1 -1 -1
Evo 28.92 -10000002.71 32.96 -756052.39 4.54 14.10 23.69 2381519.56 256805.86 0.07 0.07 0.12 -1 55
Result 0 29.0 85 0.53 0.03 0.34 0.15 0.09 0.38 -1 -1 -1 -1 -1
Evo 37.17 -10000002.52 31.22 -977665.21 6.19 15.56 24.51 2798316.44 305321.36 0.08 0.06 0.12 -1 57
Result 0 28.0 83 0.53 0.06 0.35 0.14 0.06 0.39 -1 -1 -1 -1 -1
Evo 75.37 -10000003.12 232.10 -41468.25 87.70 132.53 187.51 442680.92 11593.43 0.01 0.51 0.60 -1 310
Result 0 230.0 1457 0.48 0.13 0.22 0.24 0.19 0.22 -1 -1 -1 -1 -1
Evo 59.06 -10000000.93 208.09 -118299.17 43.53 62.39 136.69 846671.53 26854.79 0.01 0.46 0.56 -1 342
Result 0 206.0 993 0.48 0.11 0.25 0.21 0.21 0.22 -1 -1 -1 -1 -1
Evo 42.76 -10000004.15 35.89 -1073459.39 3.13 14.20 25.36 2897602.01 307145.20 0.07 0.07 0.11 -1 58
Result 0 30.0 88 0.53 0.06 0.30 0.15 0.09 0.40 -1 -1 -1 -1 -1
Evo 49.58 -10000003.86 157.53 -239842.21 40.44 88.34 150.01 1344430.91 60427.68 0.02 0.33 0.42 -1 380
Result 0 156.0 494 0.49 0.08 0.24 0.27 0.18 0.24 -1 -1 -1 -1 -1
Evo 44.40 -10000004.24 34.37 -1086525.40 6.05 14.57 25.24 2953801.52 320384.76 0.08 0.06 0.12 -1 53
Result 0 27.0 84 0.53 0.02 0.34 0.14 0.09 0.40 -1 -1 -1 -1 -1
Evo 79.15 -10000002.89 63.53 -309763.77 33.54 63.53 63.53 1346495.23 61716.51 0.02 0.14 0.20 -1 129
Result 0 62.0 475 0.48 0.11 0.21 0.25 0.21 0.22 -1 -1 -1 -1 -1
Evo 27.22 -10000004.07 84.61 -316179.59 19.50 41.62 62.32 1557177.99 107712.25 0.04 0.17 0.27 -1 78
Result 0 82.0 208 0.50 0.06 0.28 0.30 0.11 0.25 -1 -1 -1 -1 -1
Evo 49.29 -10000002.74 218.53 -104310.84 65.99 126.53 178.94 837769.48 31221.82 0.01 0.46 0.57 -1 55
Result 0 217.0 719 0.48 0.08 0.25 0.25 0.21 0.22 -1 -1 -1 -1 -1
Evo 43.60 -10000004.08 34.55 -1055442.14 5.05 15.64 26.39 2897298.75 307113.05 0.07 0.06 0.11 -1 57
Result 0 27.0 88 0.42 0.10 0.31 0.33 0.10 0.16 -1 -1 -1 -1 -1
Evo 70.54 -10000003.79 258.50 -175919.66 38.53 154.53 214.53 741192.00 16569.42 0.01 0.63 0.75 -1 97
Result 0 245.0 2000 0.49 0.13 0.23 0.22 0.19 0.23 -1 -1 -1 -1 -1
Evo 43.42 -10000004.38 33.54 -1109661.16 5.08 15.20 25.26 2958980.72 320946.52 0.08 0.06 0.11 -1 57
Result 0 28.0 84 0.38 0.07 0.33 0.36 0.11 0.13 -1 -1 -1 -1 -1
Evo 29.64 -10000003.65 29.46 -746221.80 5.45 14.44 22.72 2286666.35 254074.04 0.08 0.06 0.10 -1 57
Result 0 27.0 80 0.31 0.05 0.35 0.40 0.12 0.09 -1 -1 -1 -1 -1
Evo 59.42 -10000001.64 140.36 -180644.08 40.26 96.50 96.53 961621.40 38871.24 0.02 0.28 0.38 -1 352
Result 0 137.0 611 0.49 0.10 0.25 0.19 0.22 0.23 -1 -1 -1 -1 -1
Evo 59.05 -10000003.00 204.53 -84990.56 57.75 82.53 159.38 751745.02 26968.70 0.01 0.41 0.57 -1 57
Result 0 203.0 776 0.49 0.11 0.23 0.21 0.21 0.23 -1 -1 -1 -1 -1
Evo 63.16 -10000002.70 109.53 -155613.59 44.68 94.61 109.53 1047550.55 50342.07 0.02 0.21 0.31 -1 85
Result 0 108.0 432 0.47 0.13 0.25 0.21 0.21 0.20 -1 -1 -1 -1 -1
Evo 55.27 -10000004.40 200.53 -143127.26 67.50 145.76 200.45 1055542.66 38855.06 0.01 0.41 0.55 -1 54
Result 0 199.0 737 0.47 0.10 0.28 0.20 0.22 0.21 -1 -1 -1 -1 -1
Evo 43.90 -10000001.83 31.72 -635403.88 6.52 17.08 30.84 2080910.38 207058.32 0.07 0.07 0.12 -1 73
Result 0 30.0 100 0.44 0.11 0.21 0.31 0.20 0.18 -1 -1 -1 -1 -1
Evo 30.78 -9999998.03 137.42 -105497.14 35.00 69.90 112.71 698075.84 36690.05 0.02 0.31 0.46 -1 87
Result 0 135.0 361 0.49 0.07 0.24 0.26 0.20 0.23 -1 -1 -1 -1 -1
Evo 31.40 -10000002.57 56.31 -405566.56 10.45 28.20 46.81 1761295.49 152723.69 0.05 0.11 0.19 -1 61
Result 0 54.0 132 0.28 0.05 0.47 0.23 0.17 0.08 -1 -1 -1 -1 -1
Evo 32.21 -10000002.97 61.16 -631387.66 12.60 29.40 47.56 2300150.66 188435.68 0.05 0.12 0.19 -1 121
Result 0 57.0 148 0.48 0.06 0.20 0.32 0.20 0.21 -1 -1 -1 -1 -1
Evo 70.87 -10000004.30 164.53 -121643.87 69.75 114.53 120.44 936366.11 30427.81 0.01 0.36 0.45 -1 32
Result 0 162.0 946 0.49 0.13 0.22 0.23 0.19 0.23 -1 -1 -1 -1 -1
Evo 33.96 -9999997.13 196.53 -64107.45 56.23 117.23 180.53 578516.14 25897.94 0.02 0.40 0.53 -1 456
Result 0 195.0 498 0.46 0.06 0.32 0.20 0.23 0.20 -1 -1 -1 -1 -1
Evo 49.70 -10000004.16 243.53 -118550.69 68.05 160.16 199.64 767392.08 25987.17 0.01 0.51 0.62 -1 97
Result 0 242.0 871 0.46 0.10 0.28 0.21 0.22 0.19 -1 -1 -1 -1 -1
Evo 67.54 -9999999.95 226.53 -67804.24 92.52 194.06 219.53 603869.64 17281.66 0.01 0.53 0.63 -1 129
Result 0 225.0 1220 0.48 0.13 0.23 0.20 0.23 0.21 -1 -1 -1 -1 -1
Evo 66.59 -10000003.97 91.53 -214967.42 33.31 91.18 91.53 1285991.08 65455.22 0.02 0.18 0.23 -1 332
Result 0 90.0 385 0.41 0.11 0.25 0.23 0.26 0.15 -1 -1 -1 -1 -1
Evo 53.43 -10000003.96 149.53 -234866.45 36.52 102.26 140.53 1232954.54 50674.12 0.02 0.32 0.42 -1 49
Result 0 148.0 591 0.49 0.14 0.24 0.24 0.16 0.23 -1 -1 -1 -1 -1
Evo 35.73 -10000004.53 39.45 -773367.67 6.13 18.17 29.32 2509848.71 228168.06 0.06 0.08 0.14 -1 57
Result 0 36.0 120 0.50 0.07 0.31 0.20 0.17 0.26 -1 -1 -1 -1 -1
Evo 31.81 -10000000.08 228.53 -125036.77 53.96 116.05 185.17 910537.14 37518.03 0.02 0.49 0.61 -1 91
Result 0 227.0 588 0.47 0.05 0.29 0.23 0.22 0.20 -1 -1 -1 -1 -1
Evo 60.35 -10000002.88 232.53 -110522.57 51.53 92.27 202.41 667348.64 19602.48 0.01 0.51 0.62 -1 73
Result 0 231.0 1158 0.48 0.12 0.21 0.24 0.21 0.22 -1 -1 -1 -1 -1
Evo 55.41 -10000002.28 120.53 -178299.24 41.08 99.31 120.53 1140437.76 55581.54 0.02 0.24 0.32 -1 352
Result 0 119.0 420 0.46 0.10 0.25 0.24 0.21 0.19 -1 -1 -1 -1 -1
Evo 29.25 -10000003.08 83.53 -713629.16 -344767.87 27.60 57.22 1944924.02 123254.55 0.03 0.18 0.27 -1 37
Result 0 82.0 248 0.50 0.09 0.20 0.29 0.18 0.24 -1 -1 -1 -1 -1
Evo 59.28 -10000003.36 203.53 -141703.98 48.01 110.53 189.53 921822.49 29267.89 0.01 0.47 0.58 -1 78
Result 0 202.0 991 0.50 0.10 0.23 0.23 0.18 0.26 -1 -1 -1 -1 -1
Evo 71.96 -3130315.05 175.53 -117062.10 14.60 146.53 175.50 308075.52 9562.22 0.01 0.29 0.37 -1 282
Result 0 174.0 1037 0.50 0.12 0.20 0.25 0.18 0.25 -1 -1 -1 -1 -1
Evo 60.12 -9999996.76 61.53 -178578.08 22.20 55.04 59.53 1017381.80 59742.72 0.03 0.15 0.18 -1 237
Result 0 60.0 289 0.47 0.10 0.18 0.29 0.21 0.21 -1 -1 -1 -1 -1
Evo 51.27 -10000000.45 109.53 -435703.51 -533229.78 51.64 96.54 857609.48 28698.81 0.01 0.36 0.41 -1 105
Result 0 108.0 892 0.51 0.13 0.19 0.25 0.16 0.27 -1 -1 -1 -1 -1
Evo 66.04 -10000001.57 112.45 -144778.17 44.11 78.53 78.53 1035346.18 42806.30 0.02 0.26 0.31 -1 415
Result 0 109.0 584 0.50 0.12 0.18 0.26 0.18 0.25 -1 -1 -1 -1 -1
Evo 61.57 -10000003.22 104.53 -196595.10 32.53 79.66 80.53 1179128.50 51461.39 0.02 0.25 0.28 -1 324
Result 0 103.0 524 0.51 0.11 0.23 0.22 0.18 0.26 -1 -1 -1 -1 -1
Evo 53.49 -9999999.89 153.53 -238379.34 12.20 72.23 129.53 768696.93 26304.27 0.01 0.37 0.39 -1 102
Result 0 152.0 853 0.51 0.13 0.20 0.24 0.17 0.27 -1 -1 -1 -1 -1
Evo 61.58 -10000003.48 112.53 -249157.46 -146956.98 62.53 112.14 933132.62 31156.39 0.01 0.27 0.29 -1 209
Result 0 110.0 896 0.51 0.11 0.17 0.29 0.15 0.27 -1 -1 -1 -1 -1
Evo 59.17 -10000004.03 83.53 -267533.69 30.07 67.53 81.53 1445688.42 75774.66 0.02 0.20 0.23 -1 290
Result 0 82.0 363 0.48 0.07 0.20 0.28 0.24 0.22 -1 -1 -1 -1 -1
Evo 70.20 -10000004.50 153.53 -188380.09 33.28 109.38 152.53 835828.39 23518.82 0.01 0.47 0.53 -1 34
Result 0 152.0 1262 0.51 0.15 0.20 0.23 0.16 0.26 -1 -1 -1 -1 -1
Evo 63.60 -10000002.08 65.53 -193382.14 -121891.68 48.39 60.43 858202.39 37670.90 0.02 0.15 0.16 -1 88
Result 0 64.0 518 0.52 0.11 0.18 0.26 0.15 0.31 -1 -1 -1 -1 -1
Evo 66.46 -10000003.45 16.53 -959488.06 6.29 13.92 16.53 2688293.43 295078.54 0.08 0.04 0.05 -1 65
Result 0 15.0 82 0.33 0.12 0.13 0.41 0.24 0.10 -1 -1 -1 -1 -1
Evo 60.91 -10000002.54 17.53 -874541.66 4.29 14.70 17.19 2548157.93 281396.97 0.08 0.04 0.05 -1 47
Result 0 16.0 81 0.25 0.15 0.15 0.41 0.23 0.06 -1 -1 -1 -1 -1
Evo 69.08 -10000003.69 132.53 -112971.28 37.48 81.15 126.53 671175.03 27108.50 0.02 0.28 0.35 -1 319
Result 0 131.0 612 0.48 0.12 0.21 0.29 0.17 0.22 -1 -1 -1 -1 -1
Evo 63.38 -10000000.93 125.53 -183679.29 23.92 62.70 108.57 989152.95 35125.85 0.01 0.29 0.33 -1 77
Result 0 124.0 792 0.51 0.10 0.19 0.24 0.19 0.27 -1 -1 -1 -1 -1
Evo 70.01 -10000003.52 17.53 -942509.29 6.62 15.14 17.53 2525442.19 275548.33 0.08 0.04 0.04 -1 61
Result 0 16.0 83 0.32 0.11 0.18 0.37 0.25 0.10 -1 -1 -1 -1 -1
Evo 62.29 -10000002.36 127.53 -164505.07 16.15 78.53 127.50 641687.53 21755.24 0.01 0.30 0.34 -1 104
Result 0 126.0 869 0.50 0.10 0.18 0.28 0.18 0.26 -1 -1 -1 -1 -1
Evo 50.55 -9999999.02 102.99 -175160.00 25.92 73.03 91.53 997981.58 49167.02 0.02 0.24 0.27 -1 241
Result 0 101.0 411 0.53 0.08 0.17 0.26 0.17 0.33 -1 -1 -1 -1 -1
Evo 72.08 -10000000.65 155.53 -103387.74 45.58 63.53 143.64 586579.12 16169.58 0.01 0.38 0.40 -1 115
Result 0 154.0 1315 0.52 0.14 0.18 0.23 0.16 0.29 -1 -1 -1 -1 -1
Evo 51.57 -10000004.00 84.53 -271747.34 25.54 59.32 82.53 1489128.43 86553.83 0.03 0.20 0.24 -1 273
Result 0 83.0 295 0.47 0.09 0.19 0.30 0.22 0.20 -1 -1 -1 -1 -1
Evo 61.07 -10000004.27 109.53 -220171.10 28.03 60.55 100.54 1240744.11 52761.81 0.02 0.26 0.28 -1 105
Result 0 108.0 552 0.53 0.11 0.15 0.25 0.17 0.32 -1 -1 -1 -1 -1
Evo 59.52 -10000002.72 34.53 -749972.54 9.72 23.33 34.48 2484387.65 222210.39 0.06 0.08 0.11 -1 97
Result 0 33.0 124 0.49 0.06 0.19 0.29 0.23 0.23 -1 -1 -1 -1 -1
Evo 59.02 -10000003.93 33.44 -1028756.72 4.16 15.00 31.26 2820930.67 286422.11 0.07 0.06 0.09 -1 56
Result 0 30.0 96 0.53 0.04 0.28 0.24 0.07 0.37 -1 -1 -1 -1 -1
Evo 57.01 -10000003.54 35.70 -964809.53 -412339.28 19.22 33.33 2488687.02 206674.21 0.05 0.08 0.11 -1 97
Result 0 36.0 144 0.53 0.11 0.19 0.19 0.17 0.34 -1 -1 -1 -1 -1
Evo 51.24 -10000002.35 149.53 -240626.11 39.40 93.60 149.53 1411289.87 67979.44 0.02 0.29 0.35 -1 395
Result 0 148.0 430 0.52 0.09 0.26 0.22 0.14 0.28 -1 -1 -1 -1 -1
Evo 56.31 -10000003.51 105.53 -284733.69 35.27 77.39 105.53 1557718.30 83382.75 0.02 0.21 0.27 -1 330
Result 0 104.0 348 0.53 0.11 0.24 0.24 0.09 0.33 -1 -1 -1 -1 -1
Evo 59.30 -10000003.14 121.53 -229269.03 19.07 74.53 97.42 1122950.83 45281.75 0.02 0.25 0.28 -1 280
Result 0 120.0 614 0.52 0.10 0.25 0.22 0.14 0.29 -1 -1 -1 -1 -1
Evo 76.49 -10000003.61 84.53 -202837.14 37.57 84.48 84.53 1250857.58 53828.34 0.02 0.17 0.20 -1 44
Result 0 83.0 539 0.51 0.13 0.18 0.24 0.18 0.27 -1 -1 -1 -1 -1
Evo 71.73 -10000001.58 103.53 -202654.38 32.22 84.38 84.53 1110380.69 42549.88 0.01 0.25 0.27 -1 378
Result 0 102.0 680 0.50 0.15 0.20 0.26 0.15 0.24 -1 -1 -1 -1 -1
Evo 41.89 -10000004.36 32.00 -599287.36 2.94 14.13 29.62 1934546.17 200603.09 0.07 0.06 0.10 -1 53
Result 0 30.0 92 0.53 0.02 0.32 0.17 0.10 0.39 -1 -1 -1 -1 -1
Evo 70.07 -10000002.85 86.53 -242115.34 13.53 72.56 86.53 1227463.74 51412.80 0.02 0.18 0.21 -1 45
Result 0 85.0 569 0.51 0.18 0.18 0.22 0.16 0.27 -1 -1 -1 -1 -1
Evo 55.96 -10000002.72 60.53 -480094.74 17.21 40.42 50.53 1976678.10 136729.68 0.04 0.13 0.18 -1 41
Result 0 59.0 208 0.52 0.08 0.35 0.19 0.08 0.31 -1 -1 -1 -1 -1
Evo 71.32 -10000003.96 115.53 -168272.76 44.73 83.53 83.53 1081102.03 42177.81 0.01 0.24 0.27 -1 41
Result 0 114.0 656 0.51 0.13 0.24 0.20 0.16 0.26 -1 -1 -1 -1 -1
Evo 64.74 -10000000.59 127.53 -215462.45 -104063.42 87.66 104.46 784728.35 24865.07 0.01 0.34 0.40 -1 318
Result 0 126.0 995 0.50 0.13 0.22 0.22 0.18 0.24 -1 -1 -1 -1 -1
Evo 57.36 -10000001.78 105.53 -336461.74 7.40 78.53 86.37 1095869.41 45900.92 0.02 0.23 0.26 -1 306
Result 0 104.0 569 0.51 0.12 0.24 0.22 0.14 0.28 -1 -1 -1 -1 -1
Evo 74.08 -10000004.37 84.53 -141306.31 46.09 84.53 84.53 1016299.88 50376.11 0.02 0.17 0.22 -1 393
Result 0 83.0 406 0.52 0.13 0.17 0.26 0.16 0.29 -1 -1 -1 -1 -1
Evo 73.08 -10000004.15 80.53 -302939.67 40.78 80.49 80.53 1606209.70 88688.09 0.03 0.16 0.20 -1 301
Result 0 79.0 327 0.51 0.13 0.29 0.19 0.13 0.27 -1 -1 -1 -1 -1
Evo 45.18 -10000004.13 32.66 -692271.80 -259710.18 12.31 27.32 2172917.74 225321.07 0.07 0.06 0.09 -1 55
Result 0 29.0 92 0.53 0.05 0.27 0.17 0.11 0.40 -1 -1 -1 -1 -1
Evo 73.47 -10000003.90 116.53 -110300.77 49.53 84.53 84.53 831928.19 31973.60 0.01 0.24 0.27 -1 42
Result 0 115.0 676 0.50 0.13 0.22 0.24 0.16 0.26 -1 -1 -1 -1 -1
Evo 45.69 -10000003.55 44.53 -462442.12 11.67 26.17 41.48 1874974.86 167702.85 0.06 0.09 0.13 -1 106
Result 0 43.0 124 0.53 0.06 0.46 0.04 0.11 0.33 -1 -1 -1 -1 -1
Evo 65.74 -10000003.23 87.53 -202697.15 23.64 71.53 86.53 1111448.91 52105.53 0.02 0.18 0.21 -1 330
Result 0 86.0 454 0.52 0.13 0.17 0.24 0.16 0.31 -1 -1 -1 -1 -1
