Result 0 -15.0 2000 -1513740243
Result 0 -2.0 2000 -197079392
Result 0 -5.0 2000 -1842461881
Result 0 -2.0 2000 -1060142811
Result 0 -2.0 2000 229863845
Result 0 -2.0 2000 654853760
Result 0 -8.0 2000 -818449731
Result 0 -1.0 2000 -1196912878
Result 0 -5.0 2000 2035671121
Result 0 -2.0 2000 1786041878
Result 0 0.0 2000 1320722987
Result 0 -2.0 2000 367741654
Result 0 -2.0 2000 1339834976
Result 0 -5.0 2000 1398342750
Result 0 -6.0 2000 -364089523
Result 0 -3.0 2000 1590112870
Result 0 -8.0 2000 -2134906226
Result 0 -1.0 2000 -129872688
Result 0 -5.0 2000 -27335305
Result 0 -4.0 2000 827613235
Result 0 -1.0 2000 1866826909
Result 0 -1.0 2000 -2057604770
Result 0 -2.0 2000 1628993618
Result 0 -1.0 2000 14611115
Result 0 0.0 2000 415401985
Result 0 0.0 2000 -380196676
Result 0 0.0 2000 403905314
Result 0 -4.0 2000 1870718234
Result 0 -2.0 2000 -1825443777
Result 0 -1.0 2000 2124784457
Result 0 -1.0 2000 873745735
Result 0 -5.0 2000 1732832655
Result 0 -3.0 2000 1121321659
Result 0 -4.0 2000 580570011
Result 0 -2.0 2000 -1183743458
Result 0 -1.0 2000 -1264316736
Result 0 0.0 2000 -1875265334
Result 0 -2.0 2000 1285204973
Result 0 -4.0 2000 -2043922185
Result 0 -5.0 2000 1405691392
Result 0 -2.0 2000 -1726152331
Result 0 -2.0 2000 -1202013566
Result 0 -3.0 2000 13451755
Result 0 -2.0 2000 741043625
Result 0 -4.0 2000 1725866654
Result 0 -2.0 2000 -1853232851
Result 0 -2.0 2000 -1175613378
Result 0 -2.0 2000 -667111128
Result 0 -5.0 2000 536003187
Result 0 -1.0 2000 970142181
Result 0 -4.0 2000 -960619658
Result 0 -1.0 2000 -726471938
Result 0 0.0 2000 -1380087972
Result 0 -3.0 2000 -1600384505
Result 0 -2.0 2000 -1071740050
Result 0 0.0 2000 1828576374
Result 0 -1.0 2000 605169741
Result 0 -2.0 2000 1380171086
Result 0 -2.0 2000 1685725939
Result 0 0.0 2000 -1311833031
Result 0 -2.0 2000 -172963723
Result 0 0.0 2000 1665806179
Result 0 -6.0 2000 221055201
Result 0 -1.0 2000 1928396522
Result 0 -2.0 2000 1218818116
Result 0 0.0 2000 -1362810322
Result 0 -3.0 2000 -13710345
Result 0 -2.0 2000 1569104496
Result 0 -1.0 2000 -1665964057
Result 0 -2.0 2000 1645512567
Result 0 -3.0 2000 1831271495
Result 0 0.0 2000 1240923256
Result 0 -2.0 2000 1487308028
Result 0 -3.0 2000 609644183
Result 0 -1.0 2000 -783135867
Result 0 -3.0 2000 2104667556
Result 0 -1.0 2000 -1201791101
Result 0 -2.0 2000 -1962310333
Result 0 -1.0 2000 -321439030
Result 0 -5.0 2000 -1154131306
Result 0 -1.0 2000 1577194746
Result 0 -4.0 2000 2107842348
Result 0 -3.0 2000 140173873
Result 0 -5.0 2000 -597883960
Result 0 -4.0 2000 2107290648
Result 0 0.0 2000 -549162751
Result 0 0.0 2000 1899161677
Result 0 -3.0 2000 98074646
Result 0 -1.0 2000 -244124309
Result 0 0.0 2000 700534143
Result 0 -4.0 2000 259502244
Result 0 -4.0 2000 -1027296908
Result 0 -3.0 2000 -260264412
Result 0 -1.0 2000 2070343712
Result 0 -1.0 2000 1931238816
Result 0 -2.0 2000 1169828356
Result 0 0.0 2000 656290060
Result 0 -1.0 2000 -1801033640
Result 0 0.0 2000 -1707820030
Result 0 -2.0 2000 -110608327
