Result 1 22.0 293 -1299763516
Result 1 2.0 1177 1420001795
Result 1 36.0 1070 -1197474000
Result 1 10.0 844 1488142364
Result 1 32.0 722 -999790424
Result 1 26.0 708 -593299892
Result 1 19.0 695 -2091131965
Result 1 21.0 253 -1141609813
Result 1 20.0 1750 -75825484
Result 1 21.0 792 -1457213010
Result 1 24.0 345 -1567793513
Result 1 15.0 623 686506933
Result 1 13.0 537 -133672036
Result 1 18.0 782 1301899949
Result 1 20.0 244 1575436044
Result 1 20.0 790 598533579
Result 1 24.0 383 -1290690883
Result 1 18.0 618 -1270367671
Result 1 24.0 414 -1996687757
Result 1 20.0 1153 -966787106
Result 1 13.0 359 -1240638
Result 1 13.0 1153 -71211385
Result 1 2.0 465 -799976026
Result 1 1.0 583 984984364
Result 1 22.0 936 1816009599
Result 1 20.0 1381 329067720
Result 1 1.0 404 679255865
Result 1 36.0 590 260744975
Result 1 30.0 1206 -1989110150
Result 1 14.0 687 -31804705
Result 1 18.0 1132 863104553
Result 1 12.0 783 -1354998443
Result 1 16.0 525 1651453919
Result 1 10.0 318 1789116338
Result 1 20.0 1175 286102878
Result 1 16.0 588 -2000929989
Result 1 18.0 1163 -594610869
Result 1 14.0 449 1681687889
Result 1 10.0 425 1065871180
Result 1 10.0 280 -1751966975
Result 1 36.0 975 1386882596
Result 1 24.0 1261 645140318
Result 0 32.0 2000 674239995
Result 1 34.0 1137 -505956407
Result 1 6.0 252 -1924550372
Result 1 39.0 943 399978088
Result 1 37.0 1101 -759191506
Result 1 10.0 319 1312954699
Result 0 16.0 2000 -909650622
Result 1 11.0 1479 1641985463
Result 1 26.0 707 332056784
Result 1 14.0 367 -984827500
Result 1 32.0 660 -2028584866
Result 1 28.0 1354 749785252
Result 1 24.0 628 592460520
Result 1 18.0 811 1306698458
Result 1 16.0 1174 1790536241
Result 1 16.0 1119 -1727095183
Result 1 16.0 463 -1838738021
Result 1 24.0 963 2034996853
Result 1 6.0 231 1083812468
Result 1 2.0 111 88066983
Result 1 8.0 277 -554794957
Result 1 8.0 232 503647911
Result 1 10.0 387 -1564803074
Result 1 12.0 437 -2020180566
Result 1 8.0 469 255928859
Result 1 11.0 315 214773488
Result 1 5.0 388 -874797441
Result 1 14.0 318 -759025806
Result 1 4.0 341 51453188
Result 1 8.0 463 -317357327
Result 1 8.0 338 -748851371
Result 1 2.0 481 1561775261
Result 1 8.0 218 -1845099594
Result 1 14.0 801 408590516
Result 1 12.0 436 1040914341
Result 1 5.0 162 556893507
Result 1 8.0 445 1022633956
Result 1 10.0 261 1810257613
Result 1 10.0 281 1977139049
Result 1 6.0 397 -1651712731
Result 1 2.0 129 1430110842
Result 1 11.0 692 773677089
Result 1 6.0 321 1272623240
Result 1 10.0 378 -476052364
Result 1 12.0 685 431753917
Result 1 4.0 357 897677823
Result 1 2.0 347 -1804585030
Result 1 15.0 694 -1392166788
Result 1 4.0 134 1258007772
Result 1 1.0 1095 -658236749
Result 1 5.0 241 -1202224755
Result 1 6.0 139 926853096
Result 1 5.0 153 -431070281
Result 1 8.0 672 -1226191954
Result 1 11.0 725 -955128598
Result 1 8.0 205 -1747095108
Result 1 8.0 212 -2042333072
Result 1 11.0 270 -1312937144
