Result 0 20.0 2000 482910771
Result 0 30.0 2000 -99391811
Result 0 37.0 2000 52182172
Result 0 15.0 2000 -1865087211
Result 0 20.0 2000 1151779767
Result 0 18.0 1995 -1592351251
Result 0 13.0 2000 1585512296
Result 0 18.0 2000 2112862481
Result 0 18.0 2000 2056858202
Result 0 13.0 2000 -834763177
Result 0 22.0 2000 493878210
Result 0 20.0 2000 861110492
Result 0 12.0 887 -1655093608
Result 0 28.0 2000 -1385949129
Result 0 14.0 2000 -543061144
Result 0 14.0 1999 214225255
Result 0 19.0 2000 40453643
Result 0 8.0 723 -121807592
Result 0 14.0 2000 1203094559
Result 0 20.0 2000 -582361572
Result 0 14.0 2000 -1821797985
Result 0 17.0 2000 -1084116668
Result 0 26.0 2000 1790014307
Result 0 2.0 2000 -1121824998
Result 0 15.0 2000 -985187666
Result 0 14.0 2000 -1203712278
Result 0 1.0 559 -1112115209
Result 0 17.0 2000 2122451052
Result 0 10.0 2000 -626660274
Result 0 11.0 2000 -594432485
Result 0 15.0 2000 1202431039
Result 0 27.0 2000 677434060
Result 0 17.0 2000 984470168
Result 0 15.0 2000 -1808111363
Result 0 12.0 2000 -189310261
Result 0 18.0 2000 -1522998268
Result 0 11.0 2000 2130589016
Result 0 21.0 1999 -1237196285
Result 0 13.0 2000 1775288895
Result 0 14.0 2000 467200546
Result 0 24.0 2000 -1095933327
Result 0 26.0 2000 -1087791175
Result 0 26.0 2000 218989182
Result 0 7.0 227 -342384288
Result 0 25.0 2000 1174417006
Result 0 27.0 2000 630961881
Result 0 34.0 2000 783944976
Result 0 33.0 2000 1630782340
Result 0 25.0 2000 38449814
Result 0 15.0 2000 367916601
Result 0 27.0 2000 -301250734
Result 0 18.0 2000 2027659383
Result 0 28.0 2000 -458209950
Result 0 11.0 2000 635746563
Result 0 38.0 2000 726559234
Result 0 14.0 2000 392205064
Result 0 27.0 2000 -1533230372
Result 0 31.0 2000 1766030933
Result 0 26.0 2000 816983098
Result 0 24.0 2000 1980254691
Result 0 3.0 2000 -2110770859
Result 0 1.0 2000 1000991143
Result 0 5.0 2000 1753451908
Result 0 4.0 2000 278005138
Result 0 11.0 2000 165507094
Result 0 6.0 2000 1566895872
Result 0 2.0 2000 -1373451291
Result 0 13.0 2000 980026913
Result 0 4.0 2000 1577632137
Result 0 11.0 2000 404199063
Result 0 4.0 2000 -588749199
Result 0 4.0 2000 -802570936
Result 0 7.0 2000 1150126005
Result 0 4.0 2000 -187178596
Result 0 8.0 2000 145563467
Result 0 2.0 2000 139501007
Result 0 0.0 2000 1225502223
Result 0 3.0 2000 164109274
Result 0 6.0 2000 884675996
Result 0 4.0 2000 -1899940783
Result 0 10.0 2000 -1007846119
Result 0 2.0 2000 -747406647
Result 0 37.0 2000 -685346909
Result 0 29.0 2000 1688984756
Result 0 8.0 2000 -448496381
Result 0 23.0 2000 -1226564159
Result 0 4.0 2000 22623854
Result 0 0.0 2000 -1777813743
Result 0 10.0 2000 1060787022
Result 0 0.0 2000 2089162938
Result 0 0.0 2000 -22460209
Result 0 0.0 2000 2059596091
Result 0 14.0 2000 -5429823
Result 0 6.0 2000 -627266890
Result 0 10.0 2000 1680905008
Result 0 6.0 2000 -874268411
Result 0 0.0 2000 -1121768437
Result 0 0.0 2000 1042494430
Result 0 0.0 2000 629073799
Result 0 4.0 2000 -554255775
