Result 0 0.0 285 -2110366406
Result 0 0.0 285 -76170800
Result 0 40.0 1185 -1219360226
Result 0 40.0 1185 -978829395
Result 0 0.0 285 904611419
Result 0 0.0 735 -231259901
Result 0 0.0 285 -1997189632
Result 0 0.0 285 1598544768
Result 0 0.0 285 -1352521971
Result 0 0.0 285 -1518068438
Result 0 0.0 285 1222847915
Result 0 0.0 510 -325772638
Result 0 0.0 285 1703850867
Result 0 0.0 285 -1643727247
Result 0 0.0 285 -1334091760
Result 0 0.0 510 -1130719815
Result 0 0.0 735 -41950599
Result 0 0.0 285 1772756256
Result 0 40.0 1185 180654968
Result 0 40.0 1185 -1771040061
Result 0 0.0 285 807544927
Result 0 0.0 285 1519019636
Result 0 0.0 285 -83052743
Result 0 0.0 285 -1408421745
Result 0 0.0 285 -1882492201
Result 0 0.0 285 -1422831538
Result 0 0.0 285 -618504666
Result 0 0.0 285 -954917647
Result 0 0.0 285 -193387695
Result 0 0.0 285 2100306043
Result 0 0.0 285 -463797083
Result 0 0.0 285 951176315
Result 0 0.0 735 -784844573
Result 0 0.0 285 139538324
Result 0 0.0 285 935176287
Result 0 0.0 285 -1246801903
Result 0 0.0 285 1787787346
Result 0 0.0 285 1963432170
Result 0 0.0 285 93599054
Result 0 0.0 285 -2101371308
Result 0 0.0 285 -1599899813
Result 0 0.0 285 1219331949
Result 0 0.0 285 -1404407970
Result 0 0.0 285 -1937637768
Result 0 0.0 285 568761227
Result 0 0.0 285 -178729909
Result 0 0.0 285 -332990166
Result 0 0.0 285 -1346451604
Result 1 100.0 237 1772987275
Result 0 0.0 285 -2116249452
Result 0 40.0 1185 -1550677345
Result 0 0.0 735 1369056432
Result 0 0.0 735 -567860430
Result 0 0.0 285 2142690274
Result 0 40.0 1185 798346863
Result 0 0.0 285 -2066517702
Result 0 0.0 285 1652735378
Result 0 0.0 285 -698539061
Result 0 0.0 285 388745136
Result 0 0.0 285 -833458396
Result 0 0.0 510 -1667476490
Result 0 0.0 285 717269696
Result 0 0.0 285 -847840403
Result 0 0.0 285 2081647258
Result 0 0.0 60 1110116240
Result 0 0.0 510 -1080335654
Result 0 0.0 285 -750629878
Result 0 0.0 285 -867387280
Result 0 0.0 510 -1455215093
Result 0 0.0 285 1842495435
Result 0 0.0 285 1657128889
Result 0 0.0 285 -965423666
Result 0 0.0 285 354353542
Result 0 0.0 285 516472322
Result 0 0.0 285 -1918302903
Result 0 0.0 285 -780318283
Result 0 0.0 510 724633335
Result 0 0.0 285 876738745
Result 0 0.0 285 1928693688
Result 0 0.0 285 63443537
Result 0 0.0 285 -134909170
Result 0 0.0 285 -437048655
Result 0 0.0 735 509410428
Result 0 0.0 60 1083789922
Result 0 0.0 285 73257880
Result 0 0.0 285 -1425680002
Result 0 0.0 285 817487309
Result 0 0.0 285 -366196637
Result 0 0.0 285 599855427
Result 0 0.0 285 -1329152987
Result 0 0.0 285 -1446315884
Result 0 0.0 285 1812447659
Result 0 0.0 285 -741378747
Result 0 0.0 285 411555088
Result 0 0.0 285 -613150705
Result 0 0.0 285 1028828372
Result 0 0.0 285 -1509352001
Result 0 0.0 285 -544537412
Result 0 0.0 285 -418737224
Result 0 0.0 285 2110170008
