Result 1 1.0 164 -214429237
Result 1 1.0 143 -1849171631
Result 1 1.0 59 871754248
Result 1 1.0 954 1906812345
Result 1 1.0 46 478268143
Result 1 1.0 74 -27716586
Result 1 1.0 53 -135632238
Result 1 1.0 66 57516280
Result 1 1.0 63 894586948
Result 1 1.0 40 134307713
Result 1 1.0 61 -1731546471
Result 1 1.0 99 1928774874
Result 1 1.0 70 1876160529
Result 1 1.0 259 701324486
Result 1 1.0 74 -1579810577
Result 1 1.0 34 783578770
Result 1 1.0 57 1837010826
Result 1 1.0 178 -1702961682
Result 1 1.0 38 1293030569
Result 1 1.0 47 -1737797443
Result 1 1.0 1347 -1516314808
Result 1 1.0 906 -896225617
Result 1 1.0 328 54371003
Result 1 1.0 1103 841528120
Result 1 1.0 166 1858372787
Result 1 1.0 284 685165819
Result 1 1.0 469 -1944461967
Result 1 1.0 431 2115860937
Result 1 1.0 726 2066781618
Result 1 1.0 218 708543697
Result 1 1.0 391 1705652474
Result 1 1.0 349 -1206086151
Result 1 1.0 699 98442456
Result 1 1.0 329 1670091710
Result 1 1.0 468 -882272040
Result 1 1.0 451 -1888810336
Result 1 1.0 1142 -1145681487
Result 1 1.0 457 -1676319205
Result 1 1.0 364 647796356
Result 1 1.0 311 2027779906
Result 1 1.0 670 -1316921080
Result 1 1.0 976 -1361129301
Result 1 1.0 719 869592427
Result 1 1.0 519 -1443236328
Result 1 1.0 515 -1272432411
Result 1 1.0 209 -758135988
Result 1 1.0 208 1167164359
Result 0 0.0 1500 -1422810231
Result 1 1.0 968 794327016
Result 1 1.0 316 -336465957
Result 1 1.0 101 -1256883554
Result 1 1.0 588 596147168
Result 1 1.0 1064 781884413
Result 1 1.0 1074 -414051133
Result 1 1.0 1478 143823931
Result 1 1.0 747 571750346
Result 1 1.0 111 -1749223628
Result 1 1.0 578 287105086
Result 0 0.0 1500 -1534697405
Result 1 1.0 1367 -1923366800
Result 1 1.0 994 -525375777
Result 1 1.0 1209 -1298882835
Result 1 1.0 746 1255932147
Result 0 0.0 1500 -40958978
Result 1 1.0 664 1337158875
Result 1 1.0 969 -964051816
Result 0 0.0 1500 -1526410679
Result 0 0.0 1500 -1463222553
Result 0 0.0 1500 1277402505
Result 1 1.0 1289 -109445092
Result 0 0.0 1500 -574895390
Result 0 0.0 1500 -1490270721
Result 0 0.0 1500 -552427067
Result 0 0.0 1500 -1614570530
Result 1 1.0 1110 -427877195
Result 0 0.0 1500 -1329712890
Result 0 0.0 1500 -521682100
Result 1 1.0 660 -420850255
Result 0 0.0 1500 17910585
Result 0 0.0 1500 -815880831
Result 1 1.0 182 1902190422
Result 0 0.0 1500 222957691
Result 1 1.0 311 144284566
Result 1 1.0 1439 -60737293
Result 1 1.0 611 -229311845
Result 1 1.0 1323 525331787
Result 1 1.0 45 1393933564
Result 1 1.0 367 288007355
Result 0 0.0 1500 40661356
Result 0 0.0 1500 2143342434
Result 1 1.0 104 -390296911
Result 0 0.0 1500 -1735830345
Result 1 1.0 308 1161308569
Result 0 0.0 1500 1781903516
Result 0 0.0 1500 -1737517930
Result 1 1.0 1303 -637341156
Result 1 1.0 904 941840812
Result 1 1.0 407 1406997318
Result 0 0.0 1500 -1758672713
Result 0 0.0 1500 -339673781
