Result 0 -28.0 1540 -2006090941
Result 0 -6.0 31 2139630747
Result 0 -15.0 2000 1195775859
Result 0 -20.0 2000 1984233877
Result 0 -7.0 2000 -952517526
Result 0 0.0 2000 -1358792496
Result 0 -11.0 507 843488994
Result 0 -7.0 253 1971689245
Result 0 -22.0 2000 742209070
Result 0 -4.0 2000 -422692542
Result 0 0.0 2000 1437394613
Result 0 -5.0 2000 -1098738938
Result 0 -6.0 577 1869240059
Result 0 0.0 2000 -26238105
Result 0 -14.0 2000 -527764956
Result 0 0.0 2000 719845607
Result 0 -2.0 2000 -1267602003
Result 0 -20.0 2000 -942856370
Result 0 -2.0 2000 -1525131660
Result 0 -6.0 86 141240125
Result 0 0.0 2000 131463799
Result 0 -10.0 869 715459088
Result 0 -1.0 2000 -270854026
Result 0 -1.0 2000 -851765415
Result 0 -1.0 2000 -62180954
Result 0 -6.0 2000 1191804445
Result 0 -3.0 2000 -1659603805
Result 0 -2.0 2000 -39168823
Result 0 -41.0 2000 449338961
Result 0 0.0 2000 533045746
Result 0 -1.0 2000 1829308114
Result 0 -16.0 2000 293471406
Result 0 -3.0 2000 -1987245924
Result 0 -1.0 2000 -915958625
Result 0 -7.0 2000 -1783631754
Result 0 -1.0 2000 -575181210
Result 0 -9.0 2000 -532697710
Result 0 -12.0 886 -857726341
Result 0 -6.0 2000 -553215184
Result 0 0.0 2000 1270711379
Result 0 -9.0 1417 524253078
Result 0 0.0 2000 -1623333573
Result 0 -15.0 1093 -2101300465
Result 0 0.0 2000 45911403
Result 0 -10.0 2000 -627297618
Result 0 -1.0 2000 665188594
Result 0 -1.0 2000 -2050630138
Result 0 -12.0 2000 1221669575
Result 0 -9.0 974 -2082736401
Result 0 -6.0 2000 -1031509430
Result 0 -16.0 2000 854407525
Result 0 -3.0 2000 398316243
Result 0 -1.0 2000 1354254541
Result 0 -7.0 2000 -816972936
Result 0 -7.0 1525 1948847830
Result 0 0.0 2000 1116150474
Result 0 -19.0 2000 1392612950
Result 0 -14.0 2000 -850684525
Result 0 -12.0 2000 -217085362
Result 0 0.0 2000 1333098561
Result 0 -1.0 2000 1873801417
Result 0 -1.0 2000 376552513
Result 0 -13.0 2000 488695057
Result 0 -2.0 2000 1967451844
Result 0 -13.0 380 1590661507
Result 0 -4.0 2000 1863027802
Result 0 -2.0 2000 -541492702
Result 0 -10.0 549 611023607
Result 0 -3.0 2000 1775297054
Result 0 -3.0 2000 -821672002
Result 0 -24.0 2000 438598559
Result 0 -18.0 2000 41860083
Result 0 -32.0 2000 176671921
Result 0 -9.0 81 -1780439691
Result 0 -1.0 2000 91040714
Result 0 0.0 2000 314844929
Result 0 0.0 2000 1864446106
Result 0 -14.0 2000 1606747207
Result 0 -18.0 660 2060810240
Result 0 0.0 2000 345142091
Result 0 -1.0 2000 -1368343244
Result 0 -1.0 2000 -923998393
Result 0 -12.0 563 -2074067287
Result 0 -7.0 216 -2044227843
Result 0 0.0 2000 -236262802
Result 0 -1.0 2000 565960932
Result 0 -19.0 1549 961359369
Result 0 -9.0 2000 -1848310785
Result 0 -3.0 2000 797207435
Result 0 -2.0 2000 1620389639
Result 0 -13.0 961 1980072308
Result 0 -3.0 2000 1818075978
Result 0 -14.0 2000 -896728004
Result 0 -21.0 1733 -1827805571
Result 0 -14.0 2000 879079444
Result 0 -1.0 2000 730161737
Result 0 -2.0 2000 1567664501
Result 0 -23.0 2000 462123125
Result 0 -2.0 2000 -2058718329
Result 0 -1.0 2000 449787378
