Evo 1039.15 -267856.65 0.65 -30666.71 -36697.02 0.15 0.21 57385.12 4765.57 0.05 0.04 0.07 -1 -1
Result 0 -1.0 144 0.40 0.25 0.24 0.18 0.19 0.14 -1 -1 -1 -1 -1
Evo 2004.06 -256534.28 0.67 -21307.81 0.15 0.15 0.15 55356.20 3459.76 0.03 0.06 0.09 -1 -1
Result 0 -1.0 255 0.46 0.21 0.23 0.18 0.18 0.20 -1 -1 -1 -1 -1
Evo 1554.06 -260869.15 0.65 -26770.97 -9708.51 0.15 0.15 55386.06 4186.79 0.04 0.06 0.10 -1 -1
Result 0 -1.0 174 0.39 0.22 0.25 0.18 0.22 0.14 -1 -1 -1 -1 -1
Evo 1841.87 -273809.13 0.62 -23253.99 0.13 0.15 0.15 53456.02 3680.06 0.04 0.09 0.16 -1 -1
Result 0 -1.0 210 0.45 0.22 0.18 0.23 0.18 0.18 -1 -1 -1 -1 -1
Evo 2055.67 -281538.15 0.65 -18037.90 0.15 0.15 0.15 49675.25 2781.28 0.03 0.05 0.08 -1 -1
Result 0 -1.0 318 0.46 0.24 0.22 0.19 0.16 0.19 -1 -1 -1 -1 -1
Evo 1795.13 -266666.35 0.69 -23167.44 0.15 0.15 0.15 56924.71 3837.86 0.04 0.08 0.13 -1 -1
Result 0 -1.0 219 0.50 0.20 0.17 0.23 0.15 0.25 -1 -1 -1 -1 -1
Evo 1729.38 -245901.22 0.65 -21665.04 0.13 0.15 0.15 51542.23 3523.35 0.04 0.10 0.15 -1 -1
Result 0 -1.0 213 0.45 0.21 0.25 0.18 0.18 0.19 -1 -1 -1 -1 -1
Evo 1710.59 -278688.02 0.65 -26975.19 -19607.45 0.15 0.15 57974.83 4499.72 0.04 0.08 0.11 -1 -1
Result 0 -1.0 165 0.47 0.15 0.22 0.21 0.23 0.19 -1 -1 -1 -1 -1
Evo 1503.40 -372410.54 0.69 -22928.62 0.13 0.15 0.21 60504.69 4289.06 0.04 0.06 0.09 -1 -1
Result 0 -1.0 198 0.45 0.23 0.22 0.21 0.16 0.18 -1 -1 -1 -1 -1
Evo 2020.20 -255813.49 0.72 -15651.73 0.15 0.15 0.15 41991.30 2457.35 0.03 0.11 0.15 -1 -1
Result 0 -1.0 291 0.46 0.17 0.18 0.23 0.22 0.20 -1 -1 -1 -1 -1
Evo 1823.04 -293016.52 0.69 -27726.19 0.13 0.15 0.15 65408.77 4294.30 0.03 0.06 0.09 -1 -1
Result 0 -1.0 231 0.47 0.19 0.21 0.20 0.21 0.19 -1 -1 -1 -1 -1
Evo 1430.05 -227272.36 0.65 -26263.54 -13297.69 0.15 0.21 56044.51 4200.71 0.04 0.05 0.09 -1 -1
Result 0 -1.0 177 0.37 0.22 0.26 0.17 0.22 0.12 -1 -1 -1 -1 -1
Evo 2442.40 -999999.66 0.72 -10763.28 0.15 0.15 0.15 54224.36 2241.90 0.02 0.15 0.22 -1 -1
Result 0 -1.0 584 0.47 0.22 0.19 0.19 0.18 0.21 -1 -1 -1 -1 -1
Evo 2034.59 -257142.30 0.65 -20983.58 0.15 0.15 0.15 53674.22 3479.18 0.03 0.04 0.07 -1 -1
Result 0 -1.0 237 0.44 0.24 0.18 0.17 0.23 0.18 -1 -1 -1 -1 -1
Evo 1905.75 -225805.90 0.67 -15868.20 0.13 0.15 0.15 42936.67 2608.22 0.03 0.08 0.13 -1 -1
Result 0 -1.0 270 0.46 0.22 0.23 0.19 0.16 0.20 -1 -1 -1 -1 -1
Evo 1825.55 -261311.04 0.65 -24267.83 0.15 0.15 0.15 56669.41 3720.53 0.03 0.05 0.08 -1 -1
Result 0 -1.0 231 0.45 0.18 0.24 0.19 0.22 0.19 -1 -1 -1 -1 -1
Evo 1361.98 -319999.48 0.65 -30440.02 -24455.93 0.15 0.18 61981.92 5257.24 0.05 0.07 0.12 -1 -1
Result 0 -1.0 138 0.45 0.22 0.24 0.19 0.17 0.18 -1 -1 -1 -1 -1
Evo 2179.57 -270142.37 0.69 -17579.28 0.15 0.15 0.15 50687.91 2851.42 0.03 0.06 0.10 -1 -1
Result 0 -1.0 315 0.44 0.26 0.18 0.18 0.19 0.19 -1 -1 -1 -1 -1
Evo 1285.17 -242105.05 0.69 -22407.03 0.15 0.18 0.18 54877.41 3981.23 0.04 0.05 0.09 -1 -1
Result 0 -1.0 189 0.46 0.24 0.22 0.18 0.17 0.19 -1 -1 -1 -1 -1
Evo 1750.29 -252417.31 0.67 -21627.51 0.13 0.15 0.15 51219.70 3715.87 0.04 0.09 0.15 -1 -1
Result 0 -1.0 189 0.44 0.20 0.24 0.20 0.18 0.17 -1 -1 -1 -1 -1
Evo 1014.86 -39999.60 0.69 -649.74 0.18 0.26 0.44 4179.48 253.89 0.03 0.08 0.11 -1 -1
Result 0 -1.0 270 0.48 0.17 0.20 0.20 0.20 0.23 -1 -1 -1 -1 -1
Evo 2232.73 -11110.79 0.67 -52.94 0.15 0.15 0.18 754.09 37.56 0.02 0.04 0.06 -1 -1
Result 0 -1.0 402 0.46 0.24 0.18 0.22 0.16 0.19 -1 -1 -1 -1 -1
Evo 1951.84 -58822.96 0.69 -184.16 0.15 0.15 0.27 3293.47 184.40 0.03 0.05 0.07 -1 -1
Result 0 -1.0 318 0.46 0.16 0.23 0.22 0.18 0.20 -1 -1 -1 -1 -1
Evo 2120.96 -62499.41 0.67 -423.44 0.15 0.15 0.27 4427.07 221.35 0.02 0.08 0.13 -1 -1
Result 0 -1.0 399 0.46 0.17 0.20 0.19 0.24 0.20 -1 -1 -1 -1 -1
Evo 1561.17 0.14 0.67 0.29 0.15 0.21 0.45 0.16 0.01 0.03 0.05 0.07 -1 -1
Result 0 -1.0 252 0.44 0.19 0.21 0.21 0.20 0.18 -1 -1 -1 -1 -1
Evo 1386.92 -66666.17 0.67 -1683.44 0.15 0.18 0.39 8637.76 598.92 0.04 0.06 0.10 -1 -1
Result 0 -1.0 207 0.48 0.19 0.19 0.17 0.23 0.23 -1 -1 -1 -1 -1
Evo 2055.88 -999999.87 0.60 -1879.79 0.15 0.15 0.24 42883.93 1838.63 0.02 0.08 0.12 -1 -1
Result 0 -1.0 543 0.46 0.19 0.18 0.22 0.22 0.19 -1 -1 -1 -1 -1
Evo 1466.96 -64515.64 0.72 -681.12 0.15 0.18 0.41 5089.16 345.47 0.04 0.05 0.06 -1 -1
Result 0 -1.0 216 0.49 0.20 0.19 0.23 0.19 0.19 -1 -1 -1 -1 -1
Evo 1148.36 -32257.60 0.67 -314.36 0.15 0.24 0.48 3029.73 223.35 0.04 0.05 0.08 -1 -1
Result 0 -1.0 183 0.48 0.17 0.26 0.19 0.16 0.22 -1 -1 -1 -1 -1
Evo 1253.68 -15503.59 0.74 -67.39 0.15 0.24 0.47 1024.53 67.70 0.03 0.05 0.09 -1 -1
Result 0 -1.0 228 0.45 0.21 0.19 0.21 0.19 0.19 -1 -1 -1 -1 -1
Evo 1857.85 0.07 0.67 0.24 0.15 0.15 0.26 0.15 0.01 0.03 0.06 0.09 -1 -1
Result 0 -1.0 330 0.45 0.23 0.19 0.21 0.19 0.18 -1 -1 -1 -1 -1
Evo 1266.73 0.14 0.65 0.30 0.15 0.18 0.46 0.17 0.01 0.03 0.03 0.05 -1 -1
Result 0 -1.0 240 0.45 0.15 0.20 0.20 0.27 0.18 -1 -1 -1 -1 -1
Evo 2292.98 -41666.14 0.72 -191.38 0.15 0.15 0.15 2401.63 100.24 0.02 0.04 0.05 -1 -1
Result 0 -1.0 573 0.47 0.20 0.17 0.21 0.23 0.19 -1 -1 -1 -1 -1
Evo 744.96 -26315.35 0.65 -291.53 0.22 0.38 0.50 2746.14 205.83 0.04 0.04 0.07 -1 -1
Result 0 -1.0 177 0.50 0.22 0.17 0.25 0.21 0.15 -1 -1 -1 -1 -1
Evo 1541.10 -34482.27 0.67 -107.81 0.15 0.18 0.46 1930.65 108.10 0.03 0.07 0.10 -1 -1
Result 0 -1.0 318 0.48 0.20 0.20 0.21 0.18 0.21 -1 -1 -1 -1 -1
Evo 1936.71 -45454.02 0.65 -585.93 0.15 0.15 0.34 4144.52 203.45 0.02 0.05 0.07 -1 -1
Result 0 -1.0 414 0.48 0.17 0.21 0.22 0.21 0.19 -1 -1 -1 -1 -1
Evo 2175.96 -57142.40 0.69 -130.84 0.15 0.15 0.22 2736.64 131.06 0.02 0.07 0.10 -1 -1
Result 0 -1.0 435 0.43 0.22 0.19 0.20 0.22 0.17 -1 -1 -1 -1 -1
Evo 2465.17 -14925.02 0.67 -45.02 0.15 0.15 0.15 738.29 27.16 0.01 0.08 0.12 -1 -1
Result 0 -1.0 738 0.45 0.19 0.23 0.22 0.18 0.18 -1 -1 -1 -1 -1
Evo 1833.86 -79999.47 0.65 -656.04 0.15 0.15 0.40 6321.14 407.18 0.03 0.07 0.12 -1 -1
Result 0 -1.0 240 0.48 0.22 0.19 0.22 0.20 0.17 -1 -1 -1 -1 -1
Evo 1782.76 -52631.02 0.65 -427.73 0.15 0.15 0.41 4247.22 268.62 0.03 0.07 0.09 -1 -1
Result 0 -1.0 249 0.50 0.18 0.20 0.24 0.22 0.16 -1 -1 -1 -1 -1
Evo 1702.85 -516719.25 0.65 -70281.47 -35509.43 0.15 0.15 141169.19 11057.22 0.05 0.04 0.09 -1 -1
Result 0 -1.0 162 0.50 0.24 0.22 0.25 0.13 0.15 -1 -1 -1 -1 -1
Evo 1353.36 -524726.44 0.69 -75638.34 -37050.52 0.15 0.18 148470.51 11629.11 0.05 0.06 0.11 -1 -1
Result 0 -1.0 162 0.38 0.23 0.21 0.21 0.21 0.13 -1 -1 -1 -1 -1
Evo 1590.92 -562176.35 0.65 -68463.48 -13176.64 0.15 0.17 147163.52 11526.74 0.05 0.04 0.09 -1 -1
Result 0 -1.0 162 0.42 0.18 0.27 0.21 0.18 0.16 -1 -1 -1 -1 -1
Evo 2267.16 -999999.89 0.69 -43007.45 0.13 0.15 0.15 128134.30 7254.18 0.03 0.10 0.14 -1 -1
Result 0 -1.0 311 0.45 0.24 0.21 0.18 0.17 0.20 -1 -1 -1 -1 -1
Evo 2330.79 -999999.55 0.28 -30378.63 0.15 0.15 0.15 106305.96 5315.30 0.02 0.05 0.09 -1 -1
Result 0 -1.0 399 0.48 0.18 0.20 0.22 0.24 0.16 -1 -1 -1 -1 -1
Evo 1619.82 -588234.59 0.65 -52752.78 0.13 0.15 0.18 130547.88 8683.92 0.03 0.07 0.12 -1 -1
Result 0 -1.0 225 0.46 0.20 0.22 0.22 0.17 0.19 -1 -1 -1 -1 -1
Evo 946.68 -525093.97 0.69 -114542.02 -196560.07 0.15 0.18 180890.42 16652.31 0.06 0.05 0.09 -1 -1
Result 0 -1.0 117 0.47 0.18 0.24 0.20 0.15 0.23 -1 -1 -1 -1 -1
Evo 1359.44 -562499.86 0.67 -73804.72 -36402.26 0.15 0.18 147275.24 11535.49 0.05 0.06 0.10 -1 -1
Result 0 -1.0 162 0.48 0.19 0.22 0.21 0.18 0.19 -1 -1 -1 -1 -1
Evo 1504.04 -514013.79 0.69 -79406.10 -36652.87 0.15 0.15 152646.53 11956.20 0.05 0.06 0.10 -1 -1
Result 0 -1.0 162 0.44 0.26 0.18 0.22 0.17 0.17 -1 -1 -1 -1 -1
Evo 1978.60 -558823.10 0.64 -56296.95 0.07 0.15 0.15 131130.31 8609.13 0.03 0.07 0.11 -1 -1
Result 0 -1.0 231 0.45 0.19 0.20 0.24 0.19 0.19 -1 -1 -1 -1 -1
Evo 1587.41 -501912.34 0.69 -65755.91 -16010.30 0.15 0.15 140669.74 11018.10 0.05 0.07 0.11 -1 -1
Result 0 -1.0 162 0.44 0.17 0.20 0.26 0.19 0.17 -1 -1 -1 -1 -1
Evo 645.85 -554053.78 0.67 -145392.55 -341041.85 -17124.94 0.15 186036.22 20178.46 0.08 0.05 0.08 -1 -1
Result 0 -1.0 84 0.50 0.12 0.27 0.25 0.20 0.16 -1 -1 -1 -1 -1
Evo 2014.38 -506575.12 0.65 -37999.99 0.13 0.15 0.15 105718.56 6569.03 0.03 0.05 0.08 -1 -1
Result 0 -1.0 258 0.49 0.20 0.22 0.23 0.16 0.19 -1 -1 -1 -1 -1
Evo 1980.61 -523924.32 0.69 -49883.23 0.10 0.15 0.15 125836.39 8055.85 0.03 0.09 0.13 -1 -1
Result 0 -1.0 243 0.48 0.22 0.19 0.18 0.18 0.23 -1 -1 -1 -1 -1
Evo 2022.06 -566016.50 0.69 -47314.10 0.13 0.15 0.15 127638.21 7840.75 0.03 0.10 0.14 -1 -1
Result 0 -1.0 264 0.43 0.18 0.23 0.20 0.22 0.17 -1 -1 -1 -1 -1
Evo 1227.69 -516128.32 0.67 -88982.51 -127724.44 0.13 0.15 153950.18 13502.32 0.05 0.05 0.11 -1 -1
Result 0 -1.0 129 0.48 0.19 0.20 0.23 0.16 0.22 -1 -1 -1 -1 -1
Evo 1240.64 -558823.19 0.72 -73672.93 -23593.45 0.15 0.18 149685.90 11724.30 0.05 0.08 0.12 -1 -1
Result 0 -1.0 162 0.47 0.19 0.25 0.20 0.22 0.14 -1 -1 -1 -1 -1
Evo 1188.71 -700000.01 1.01 -99608.86 -80804.36 0.15 0.17 182474.84 14425.90 0.05 0.06 0.12 -1 -1
Result 0 -1.0 159 0.48 0.18 0.26 0.23 0.18 0.16 -1 -1 -1 -1 -1
Evo 1933.47 -1000000.05 0.26 -51200.65 0.13 0.15 0.15 141384.96 7818.61 0.03 0.06 0.11 -1 -1
Result 0 -1.0 326 0.46 0.18 0.22 0.19 0.20 0.20 -1 -1 -1 -1 -1
Evo 1152.61 -565217.04 0.67 -92383.47 -94354.96 0.15 0.18 157690.92 14161.06 0.06 0.04 0.09 -1 -1
Result 0 -1.0 123 0.46 0.27 0.26 0.19 0.16 0.12 -1 -1 -1 -1 -1
Evo 1188.85 -280701.44 0.65 -11299.56 0.15 0.21 0.37 44460.37 3514.90 0.05 0.05 0.11 -1 -1
Result 0 -1.0 159 0.46 0.15 0.14 0.19 0.25 0.27 -1 -1 -1 -1 -1
Evo 1221.26 -266810.02 0.65 -37723.50 -42307.47 0.15 0.20 68970.99 5980.54 0.05 0.04 0.06 -1 -1
Result 0 -1.0 132 0.47 0.17 0.25 0.17 0.21 0.20 -1 -1 -1 -1 -1
Evo 2056.42 -247499.06 0.69 -15339.64 0.15 0.15 0.15 42678.17 2621.70 0.03 0.04 0.06 -1 -1
Result 0 -1.0 264 0.39 0.22 0.29 0.13 0.15 0.21 -1 -1 -1 -1 -1
Evo 1844.53 -297296.97 0.69 -17409.06 0.15 0.15 0.18 49829.45 3292.82 0.03 0.06 0.11 -1 -1
Result 0 -1.0 228 0.47 0.20 0.17 0.21 0.18 0.24 -1 -1 -1 -1 -1
Evo 2353.61 -305084.25 0.70 -8364.83 0.15 0.15 0.15 31436.80 1442.42 0.02 0.08 0.11 -1 -1
Result 0 -1.0 474 0.46 0.23 0.22 0.16 0.20 0.19 -1 -1 -1 -1 -1
Evo 837.13 -245613.64 0.72 -41491.54 -84822.39 0.15 0.22 69498.50 6095.42 0.05 0.05 0.09 -1 -1
Result 0 -1.0 129 0.46 0.25 0.18 0.22 0.15 0.20 -1 -1 -1 -1 -1
Evo 950.42 -247009.39 0.73 -22257.93 0.15 0.22 0.41 57448.26 4722.22 0.05 0.05 0.10 -1 -1
Result 0 -1.0 147 0.46 0.19 0.20 0.20 0.22 0.20 -1 -1 -1 -1 -1
Evo 1724.57 -286668.77 0.72 -17748.51 0.15 0.15 0.21 49514.78 2897.63 0.03 0.11 0.16 -1 -1
Result 0 -1.0 291 0.49 0.16 0.18 0.21 0.21 0.24 -1 -1 -1 -1 -1
Evo 1671.90 -214047.37 0.65 -13746.23 0.15 0.15 0.26 44327.68 2929.26 0.03 0.05 0.09 -1 -1
Result 0 -1.0 228 0.47 0.20 0.24 0.16 0.20 0.21 -1 -1 -1 -1 -1
Evo 2186.51 -238094.68 0.69 -12621.37 0.15 0.15 0.15 41468.62 2355.26 0.03 0.07 0.11 -1 -1
Result 0 -1.0 309 0.41 0.22 0.18 0.15 0.24 0.21 -1 -1 -1 -1 -1
Evo 469.73 -268729.94 0.69 -50757.46 -84595.94 -14561.84 0.21 69329.15 7150.76 0.07 0.04 0.10 -1 -1
Result 0 -1.0 93 0.39 0.26 0.18 0.14 0.11 0.32 -1 -1 -1 -1 -1
Evo 762.04 -312499.55 0.72 -35449.09 -53333.07 0.15 0.30 67706.28 6313.64 0.06 0.04 0.08 -1 -1
Result 0 -1.0 114 0.46 0.21 0.19 0.22 0.19 0.19 -1 -1 -1 -1 -1
Evo 1292.41 -230768.73 0.67 -22465.01 0.14 0.15 0.21 51229.97 3604.53 0.04 0.06 0.11 -1 -1
Result 0 -1.0 201 0.41 0.23 0.16 0.15 0.21 0.25 -1 -1 -1 -1 -1
Evo 1436.24 -276912.57 0.69 -29036.73 -19230.52 0.15 0.18 62042.17 4999.50 0.05 0.05 0.06 -1 -1
Result 0 -1.0 153 0.50 0.22 0.21 0.20 0.12 0.25 -1 -1 -1 -1 -1
Evo 1230.21 -224806.00 0.67 -27859.32 0.15 0.15 0.29 62115.85 5158.44 0.05 0.05 0.08 -1 -1
Result 0 -1.0 144 0.42 0.22 0.21 0.16 0.23 0.18 -1 -1 -1 -1 -1
Evo 1270.36 -274485.05 0.65 -42385.09 -68548.17 0.15 0.15 71062.85 6161.93 0.05 0.04 0.06 -1 -1
Result 0 -1.0 132 0.47 0.26 0.22 0.17 0.15 0.21 -1 -1 -1 -1 -1
Evo 528.17 -262294.61 0.67 -33045.05 -59086.56 0.22 0.26 57622.77 5373.35 0.06 0.05 0.11 -1 -1
Result 0 -1.0 114 0.43 0.28 0.17 0.17 0.23 0.15 -1 -1 -1 -1 -1
Evo 1611.34 -244444.14 0.67 -15546.54 0.15 0.15 0.23 44478.22 2672.44 0.03 0.06 0.11 -1 -1
Result 0 -1.0 276 0.46 0.18 0.17 0.19 0.23 0.23 -1 -1 -1 -1 -1
Evo 1880.88 -225805.91 0.69 -18667.80 0.15 0.15 0.15 46734.58 2903.95 0.03 0.07 0.09 -1 -1
Result 0 -1.0 258 0.47 0.21 0.23 0.14 0.21 0.21 -1 -1 -1 -1 -1
Evo 2351.92 -276178.66 0.67 -11209.89 0.15 0.15 0.15 42323.87 2070.13 0.02 0.09 0.11 -1 -1
Result 0 -1.0 417 0.47 0.18 0.18 0.21 0.24 0.20 -1 -1 -1 -1 -1
Evo 1943.22 -999999.53 0.65 -2659.32 0.15 0.15 0.37 51571.05 2659.57 0.02 0.07 0.10 -1 -1
Result 0 -1.0 375 0.47 0.16 0.20 0.22 0.21 0.20 -1 -1 -1 -1 -1
Evo 1944.94 0.13 0.72 0.25 0.15 0.15 0.30 0.15 0.01 0.02 0.06 0.10 -1 -1
Result 0 -1.0 354 0.46 0.21 0.19 0.20 0.19 0.21 -1 -1 -1 -1 -1
Evo 1884.58 0.13 0.72 0.25 0.15 0.15 0.33 0.16 0.01 0.02 0.08 0.11 -1 -1
Result 0 -1.0 393 0.48 0.21 0.19 0.18 0.21 0.22 -1 -1 -1 -1 -1
Evo 2559.97 -20407.77 0.72 -29.60 0.15 0.15 0.15 779.75 29.79 0.01 0.09 0.12 -1 -1
Result 0 -1.0 684 0.46 0.22 0.23 0.17 0.18 0.19 -1 -1 -1 -1 -1
Evo 1110.94 -40815.92 0.65 -1111.94 0.15 0.24 0.46 5680.83 418.80 0.04 0.07 0.13 -1 -1
Result 0 -1.0 183 0.46 0.21 0.17 0.19 0.18 0.25 -1 -1 -1 -1 -1
Evo 2419.64 -9999.70 0.69 -15.87 0.15 0.15 0.15 400.96 16.08 0.01 0.09 0.12 -1 -1
Result 0 -1.0 621 0.46 0.22 0.19 0.19 0.21 0.18 -1 -1 -1 -1 -1
Evo 1600.68 0.07 0.69 0.30 0.15 0.18 0.47 0.18 0.01 0.03 0.08 0.12 -1 -1
Result 0 -1.0 285 0.47 0.19 0.18 0.18 0.24 0.21 -1 -1 -1 -1 -1
Evo 894.61 -28985.17 0.69 -368.73 0.18 0.39 0.53 3170.30 260.60 0.05 0.06 0.10 -1 -1
Result 0 -1.0 147 0.43 0.24 0.21 0.17 0.14 0.25 -1 -1 -1 -1 -1
Evo 2232.44 0.13 0.67 0.22 0.15 0.15 0.21 0.15 0.01 0.02 0.08 0.10 -1 -1
Result 0 -1.0 483 0.47 0.19 0.20 0.20 0.21 0.19 -1 -1 -1 -1 -1
Evo 2558.22 0.07 0.67 0.19 0.15 0.15 0.15 0.10 0.00 0.01 0.11 0.13 -1 -1
Result 0 -1.0 1062 0.47 0.19 0.20 0.21 0.20 0.20 -1 -1 -1 -1 -1
Evo 1792.78 0.10 0.67 0.28 0.15 0.15 0.45 0.18 0.01 0.03 0.08 0.11 -1 -1
Result 0 -1.0 285 0.47 0.18 0.22 0.18 0.22 0.20 -1 -1 -1 -1 -1
Evo 1536.02 0.14 0.65 0.30 0.15 0.18 0.49 0.17 0.01 0.03 0.05 0.08 -1 -1
Result 0 -1.0 285 0.47 0.19 0.21 0.19 0.20 0.21 -1 -1 -1 -1 -1
Evo 2345.86 0.07 0.72 0.21 0.15 0.15 0.15 0.14 0.01 0.01 0.14 0.19 -1 -1
Result 0 -1.0 729 0.46 0.20 0.19 0.19 0.22 0.20 -1 -1 -1 -1 -1
Evo 2061.30 0.07 0.67 0.24 0.15 0.15 0.26 0.15 0.01 0.02 0.09 0.12 -1 -1
Result 0 -1.0 435 0.47 0.22 0.20 0.20 0.19 0.19 -1 -1 -1 -1 -1
Evo 1989.76 -18181.52 0.67 -81.45 0.15 0.15 0.24 1112.26 60.59 0.02 0.08 0.13 -1 -1
Result 0 -1.0 336 0.48 0.20 0.18 0.22 0.17 0.23 -1 -1 -1 -1 -1
Evo 1890.65 0.07 0.67 0.25 0.15 0.15 0.38 0.15 0.01 0.02 0.10 0.12 -1 -1
Result 0 -1.0 474 0.48 0.18 0.19 0.23 0.19 0.21 -1 -1 -1 -1 -1
Evo 900.46 0.14 0.67 0.36 0.21 0.32 0.53 0.17 0.01 0.04 0.06 0.08 -1 -1
Result 0 -1.0 168 0.47 0.18 0.21 0.21 0.20 0.20 -1 -1 -1 -1 -1
Evo 2062.96 0.13 0.67 0.24 0.15 0.15 0.35 0.15 0.01 0.02 0.08 0.11 -1 -1
Result 0 -1.0 387 0.45 0.22 0.19 0.18 0.18 0.23 -1 -1 -1 -1 -1
Evo 2500.97 0.07 0.69 0.19 0.15 0.15 0.15 0.12 0.00 0.01 0.10 0.12 -1 -1
Result 0 -1.0 915 0.47 0.21 0.20 0.21 0.20 0.18 -1 -1 -1 -1 -1
Evo 1778.52 0.13 0.67 0.25 0.15 0.15 0.34 0.15 0.01 0.02 0.07 0.10 -1 -1
Result 0 -1.0 339 0.46 0.20 0.24 0.20 0.17 0.19 -1 -1 -1 -1 -1
