Evo 2652.01 -19032.19 1000000.42 935.12 8.15 8.15 8.15 31626.48 999.62 0.01 0.21 0.29 -1 -1
Result 1 8.0 1000 0.48 0.19 0.22 0.21 0.20 0.18 -1 -1 -1 -1 -1
Evo 2361.24 -41180.25 8.28 -439.36 6.13 8.13 8.15 3357.03 139.75 0.02 0.37 0.44 -1 -1
Result 0 0.0 576 0.45 0.25 0.19 0.15 0.23 0.18 -1 -1 -1 -1 -1
Evo 2008.74 -28979.91 8.15 -277.21 4.12 7.15 8.12 2286.78 109.64 0.02 0.27 0.44 -1 -1
Result 0 0.0 434 0.46 0.23 0.20 0.14 0.26 0.17 -1 -1 -1 -1 -1
Evo 2577.62 -36358.38 1000000.24 848.30 7.20 8.13 8.15 31667.15 1000.90 0.01 0.44 0.51 -1 -1
Result 1 8.0 1000 0.48 0.20 0.22 0.21 0.20 0.18 -1 -1 -1 -1 -1
Evo 2661.18 -21862.33 1000000.32 899.65 8.13 8.15 8.15 31635.72 999.91 0.01 0.50 0.55 -1 -1
Result 1 8.0 1000 0.47 0.20 0.21 0.21 0.19 0.19 -1 -1 -1 -1 -1
Evo 2537.17 -15867.75 1000000.43 957.39 8.10 8.15 8.15 31617.83 999.34 0.01 0.36 0.39 -1 -1
Result 1 8.0 1000 0.48 0.20 0.22 0.17 0.22 0.20 -1 -1 -1 -1 -1
Evo 2338.13 -21972.67 8.19 -112.82 7.13 8.13 8.15 1324.61 53.41 0.02 0.40 0.53 -1 -1
Result 0 0.0 614 0.45 0.25 0.19 0.15 0.20 0.21 -1 -1 -1 -1 -1
Evo 2578.00 -13327.88 1000000.47 965.26 7.10 8.13 8.15 31614.90 999.25 0.01 0.40 0.48 -1 -1
Result 1 4.0 1000 0.43 0.23 0.17 0.20 0.21 0.20 -1 -1 -1 -1 -1
Evo 2570.14 -24384.53 1000000.58 944.73 7.21 8.13 8.15 31627.36 999.65 0.01 0.48 0.55 -1 -1
Result 1 8.0 1000 0.45 0.22 0.19 0.19 0.22 0.19 -1 -1 -1 -1 -1
Evo 2197.97 -26081.34 8.15 -272.04 5.49 7.15 8.10 2379.18 106.72 0.02 0.37 0.48 -1 -1
Result 0 0.0 496 0.41 0.22 0.15 0.15 0.25 0.24 -1 -1 -1 -1 -1
Evo 2591.90 -31244.04 1000000.59 820.44 7.07 7.19 8.15 31673.67 1001.11 0.01 0.38 0.48 -1 -1
Result 1 7.0 1000 0.45 0.22 0.18 0.19 0.22 0.18 -1 -1 -1 -1 -1
Evo 2639.61 -10415.29 1000000.20 996.45 8.13 8.15 8.15 31608.78 999.06 0.01 0.46 0.54 -1 -1
Result 1 8.0 1000 0.45 0.22 0.19 0.18 0.23 0.19 -1 -1 -1 -1 -1
Evo 2391.65 -41660.82 8.24 -386.19 5.12 5.15 7.15 3049.00 106.35 0.01 0.34 0.40 -1 -1
Result 0 0.0 821 0.46 0.22 0.19 0.18 0.23 0.18 -1 -1 -1 -1 -1
Evo 2635.37 -51718.84 1000000.35 518.37 7.15 8.15 8.15 31864.33 1007.14 0.01 0.39 0.45 -1 -1
Result 1 8.0 1000 0.46 0.22 0.20 0.20 0.20 0.18 -1 -1 -1 -1 -1
Evo 2569.15 -20402.71 999999.83 957.88 6.15 8.12 8.15 31619.07 999.38 0.01 0.47 0.54 -1 -1
Result 1 8.0 1000 0.46 0.22 0.20 0.18 0.21 0.20 -1 -1 -1 -1 -1
Evo 2259.37 -999999.77 8.15 -2277.53 7.15 8.12 8.15 46491.43 2160.64 0.02 0.43 0.54 -1 -1
Result 0 0.0 462 0.44 0.22 0.17 0.16 0.22 0.23 -1 -1 -1 -1 -1
Evo 2370.87 -49174.92 8.23 -397.50 8.12 8.15 8.15 3231.89 129.80 0.01 0.44 0.55 -1 -1
Result 0 0.0 619 0.46 0.20 0.19 0.20 0.22 0.19 -1 -1 -1 -1 -1
Evo 2512.99 0.07 8.22 6.46 4.15 8.13 8.15 2.31 0.08 0.01 0.40 0.47 -1 -1
Result 0 0.0 883 0.45 0.22 0.19 0.22 0.19 0.19 -1 -1 -1 -1 -1
Evo 2589.61 -14487.53 1000000.40 977.15 6.15 7.27 8.15 31613.69 999.21 0.01 0.49 0.55 -1 -1
Result 1 7.0 1000 0.46 0.23 0.19 0.18 0.21 0.19 -1 -1 -1 -1 -1
Evo 2003.16 -22216.66 8.22 -153.24 5.28 7.13 8.13 1568.76 73.46 0.02 0.27 0.41 -1 -1
Result 0 0.0 455 0.36 0.27 0.11 0.15 0.25 0.22 -1 -1 -1 -1 -1
Evo 2383.71 -39016.39 8.24 -253.14 8.13 8.15 8.15 2358.28 103.82 0.02 0.26 0.33 -1 -1
Result 0 0.0 515 0.47 0.23 0.21 0.22 0.18 0.16 -1 -1 -1 -1 -1
Evo 2472.54 -37307.06 999999.79 793.91 6.10 8.13 8.15 31682.95 1001.40 0.01 0.50 0.57 -1 -1
Result 1 8.0 1000 0.45 0.22 0.18 0.21 0.20 0.19 -1 -1 -1 -1 -1
Evo 2458.23 -31537.92 8.33 -244.89 6.15 7.15 8.15 2383.33 89.83 0.01 0.40 0.48 -1 -1
Result 0 0.0 703 0.42 0.20 0.16 0.24 0.23 0.17 -1 -1 -1 -1 -1
Evo 2365.84 -34085.58 8.27 -475.16 8.12 8.13 8.15 3011.11 114.80 0.01 0.38 0.49 -1 -1
Result 0 0.0 687 0.44 0.19 0.18 0.22 0.20 0.20 -1 -1 -1 -1 -1
Evo 2174.50 -31049.65 8.27 -608.35 6.12 8.15 8.15 3342.56 166.50 0.02 0.37 0.46 -1 -1
Result 0 0.0 402 0.42 0.24 0.16 0.23 0.22 0.15 -1 -1 -1 -1 -1
Evo 1970.17 -17235.44 8.31 -269.46 3.17 8.13 8.15 1745.59 98.98 0.03 0.24 0.35 -1 -1
Result 0 0.0 310 0.42 0.22 0.16 0.19 0.26 0.18 -1 -1 -1 -1 -1
Evo 2441.05 -28567.23 8.23 -211.11 8.10 8.13 8.15 1905.92 73.85 0.01 0.32 0.47 -1 -1
Result 0 0.0 665 0.43 0.24 0.17 0.23 0.20 0.15 -1 -1 -1 -1 -1
Evo 2567.59 -22983.66 1000000.64 868.32 6.15 8.13 8.15 31643.67 1000.16 0.01 0.38 0.46 -1 -1
Result 1 2.0 1000 0.48 0.21 0.21 0.20 0.21 0.17 -1 -1 -1 -1 -1
Evo 2540.79 -22721.08 8.25 -121.17 6.13 8.13 8.15 1438.87 51.16 0.01 0.21 0.31 -1 -1
Result 0 0.0 790 0.48 0.21 0.21 0.18 0.19 0.20 -1 -1 -1 -1 -1
Evo 2576.21 -29116.05 1000000.42 677.14 7.07 7.15 8.13 31706.34 1002.14 0.01 0.28 0.32 -1 -1
Result 1 7.0 1000 0.45 0.24 0.19 0.18 0.18 0.20 -1 -1 -1 -1 -1
Evo 2559.60 -19892.88 999999.65 900.83 6.15 8.15 8.15 31630.50 999.74 0.01 0.18 0.28 -1 -1
Result 1 3.0 1000 0.47 0.22 0.20 0.17 0.19 0.21 -1 -1 -1 -1 -1
Evo 2101.00 -1000000.21 8.29 -3050.51 6.15 8.15 8.15 47766.31 2277.17 0.02 0.36 0.46 -1 -1
Result 0 0.0 439 0.43 0.19 0.17 0.27 0.19 0.19 -1 -1 -1 -1 -1
Evo 2312.49 -27454.44 8.28 -369.49 5.07 7.15 8.13 2722.99 112.01 0.02 0.31 0.36 -1 -1
Result 0 0.0 590 0.45 0.23 0.18 0.19 0.20 0.19 -1 -1 -1 -1 -1
Evo 2281.72 -10413.76 8.26 -19.10 3.13 7.07 8.15 460.21 20.03 0.02 0.37 0.53 -1 -1
Result 0 0.0 527 0.42 0.23 0.16 0.22 0.21 0.18 -1 -1 -1 -1 -1
Evo 2153.54 -58703.25 8.29 -404.80 5.07 8.12 8.15 3318.95 133.18 0.01 0.33 0.48 -1 -1
Result 0 0.0 620 0.44 0.23 0.17 0.22 0.19 0.19 -1 -1 -1 -1 -1
Evo 2465.59 -34478.96 1000000.60 783.13 3.13 6.13 8.15 31675.22 1001.16 0.01 0.42 0.53 -1 -1
Result 1 2.0 1000 0.47 0.20 0.21 0.19 0.21 0.19 -1 -1 -1 -1 -1
Evo 2351.27 -22216.71 8.30 -280.66 4.14 8.12 8.15 2061.57 78.31 0.01 0.27 0.33 -1 -1
Result 0 0.0 692 0.47 0.22 0.21 0.18 0.19 0.20 -1 -1 -1 -1 -1
Evo 2557.79 -27308.58 8.32 -324.07 7.12 8.15 8.15 2467.28 86.74 0.01 0.29 0.32 -1 -1
Result 0 0.0 808 0.46 0.20 0.20 0.19 0.21 0.21 -1 -1 -1 -1 -1
Evo 2610.47 -21972.35 1000000.20 889.49 3.15 8.10 8.15 31638.15 999.99 0.01 0.26 0.40 -1 -1
Result 1 8.0 1000 0.46 0.20 0.20 0.21 0.18 0.22 -1 -1 -1 -1 -1
Evo 2540.83 -19603.97 1000000.49 920.37 3.15 8.12 8.15 31626.80 999.63 0.01 0.44 0.51 -1 -1
Result 1 8.0 1000 0.46 0.23 0.19 0.18 0.19 0.21 -1 -1 -1 -1 -1
Evo 2472.29 -49994.46 8.28 -353.38 4.15 5.15 5.15 3468.81 126.41 0.01 0.22 0.27 -1 -1
Result 0 0.0 752 0.45 0.20 0.18 0.22 0.21 0.19 -1 -1 -1 -1 -1
Evo 1852.22 -45448.07 8.25 -497.21 5.15 7.15 8.15 3811.87 204.93 0.02 0.29 0.43 -1 -1
Result 0 0.0 345 0.50 0.24 0.25 0.14 0.16 0.22 -1 -1 -1 -1 -1
Evo 1846.92 -14918.27 8.28 -73.78 5.12 8.12 8.15 995.14 61.72 0.03 0.17 0.27 -1 -1
Result 0 0.0 259 0.43 0.23 0.17 0.23 0.25 0.12 -1 -1 -1 -1 -1
Evo 2335.50 -66025.61 8.26 -553.74 6.15 8.12 8.15 5158.28 219.95 0.02 0.22 0.29 -1 -1
Result 0 0.0 549 0.44 0.28 0.18 0.18 0.23 0.14 -1 -1 -1 -1 -1
Evo 1887.12 -13325.36 8.46 -127.98 6.07 8.12 8.15 1201.99 68.05 0.03 0.20 0.27 -1 -1
Result 0 0.0 311 0.42 0.24 0.16 0.23 0.21 0.17 -1 -1 -1 -1 -1
Evo 2588.82 -30067.38 8.43 -165.40 3.15 5.15 7.13 1830.76 59.71 0.01 0.24 0.28 -1 -1
Result 0 0.0 939 0.45 0.25 0.18 0.20 0.21 0.16 -1 -1 -1 -1 -1
Evo 2484.84 -28839.94 8.29 -166.07 1.15 2.15 3.15 1703.02 62.23 0.01 0.22 0.28 -1 -1
Result 0 0.0 748 0.42 0.22 0.16 0.19 0.22 0.22 -1 -1 -1 -1 -1
Evo 1927.20 -21688.11 8.29 -270.86 2.12 8.12 8.15 1991.13 120.07 0.03 0.16 0.27 -1 -1
Result 0 0.0 274 0.40 0.25 0.15 0.25 0.20 0.15 -1 -1 -1 -1 -1
Evo 1503.97 -23248.15 8.31 -372.30 3.64 8.07 8.17 2316.37 142.03 0.03 0.16 0.29 -1 -1
Result 0 0.0 265 0.38 0.27 0.13 0.22 0.24 0.14 -1 -1 -1 -1 -1
Evo 2445.05 -45449.19 1000000.09 837.78 3.15 6.13 8.07 31692.85 1001.72 0.01 0.41 0.49 -1 -1
Result 1 6.0 1000 0.45 0.25 0.19 0.18 0.19 0.19 -1 -1 -1 -1 -1
Evo 1958.96 -18510.64 8.30 -120.15 5.76 8.13 8.15 1437.93 90.58 0.03 0.15 0.27 -1 -1
Result 0 0.0 251 0.48 0.28 0.22 0.16 0.23 0.11 -1 -1 -1 -1 -1
Evo 2576.37 -24382.41 1000000.00 903.71 7.15 8.13 8.15 31634.55 999.87 0.01 0.37 0.46 -1 -1
Result 1 1.0 1000 0.48 0.24 0.22 0.18 0.18 0.18 -1 -1 -1 -1 -1
Evo 2394.67 -13505.38 8.32 -27.48 4.15 6.13 8.12 623.55 24.22 0.01 0.25 0.34 -1 -1
Result 0 0.0 662 0.43 0.25 0.16 0.19 0.23 0.17 -1 -1 -1 -1 -1
Evo 1789.90 -57136.14 8.28 -997.84 4.12 8.12 8.15 5951.62 393.29 0.03 0.17 0.29 -1 -1
Result 0 0.0 228 0.39 0.22 0.14 0.23 0.25 0.17 -1 -1 -1 -1 -1
Evo 2617.18 -25798.60 999999.81 801.36 3.13 4.15 8.12 31669.68 1000.98 0.01 0.35 0.47 -1 -1
Result 1 4.0 1000 0.47 0.22 0.21 0.19 0.19 0.20 -1 -1 -1 -1 -1
Evo 1467.58 -35589.50 8.28 -245.96 5.72 8.10 8.17 2632.67 160.22 0.03 0.17 0.33 -1 -1
Result 0 0.0 269 0.43 0.21 0.17 0.24 0.26 0.13 -1 -1 -1 -1 -1
Evo 2194.24 -43788.00 8.43 -240.37 8.12 8.15 8.15 2642.58 118.54 0.02 0.27 0.39 -1 -1
Result 0 0.0 496 0.47 0.23 0.21 0.16 0.16 0.23 -1 -1 -1 -1 -1
Evo 1114.75 -65209.79 8.26 -1459.64 4.13 8.12 8.17 7510.57 519.52 0.04 0.16 0.27 -1 -1
Result 0 0.0 208 0.42 0.22 0.16 0.27 0.19 0.17 -1 -1 -1 -1 -1
Evo 1644.54 -35588.00 8.29 -622.14 6.76 8.13 8.17 3879.69 262.16 0.04 0.14 0.25 -1 -1
Result 0 0.0 218 0.47 0.27 0.20 0.16 0.23 0.13 -1 -1 -1 -1 -1
Evo 2029.63 -1000000.05 8.28 -2491.71 1.15 4.12 8.13 48030.69 2305.55 0.02 0.22 0.36 -1 -1
Result 0 0.0 433 0.45 0.24 0.18 0.19 0.22 0.16 -1 -1 -1 -1 -1
Evo 1806.69 -663970.80 6.20 -49049.84 1.13 4.13 5.15 136889.47 8254.75 0.03 0.15 0.32 -1 -1
Result 0 0.0 274 0.47 0.25 0.21 0.19 0.16 0.18 -1 -1 -1 -1 -1
Evo 848.51 -578299.24 5.18 -85429.16 -111448.16 1.12 4.45 154039.26 14427.10 0.06 0.10 0.21 -1 -1
Result 0 0.0 113 0.51 0.29 0.26 0.07 0.05 0.32 -1 -1 -1 -1 -1
Evo 1792.84 -659749.17 8.15 -54044.19 0.56 5.12 8.13 149527.15 9438.07 0.03 0.17 0.31 -1 -1
Result 0 0.0 250 0.48 0.21 0.22 0.21 0.20 0.17 -1 -1 -1 -1 -1
Evo 1167.13 -999999.93 2.21 -91621.06 -160222.33 1.12 2.12 169215.21 14352.65 0.05 0.09 0.22 -1 -1
Result 0 0.0 138 0.45 0.29 0.19 0.07 0.13 0.32 -1 -1 -1 -1 -1
Evo 751.50 -594593.63 4.19 -125514.72 -181141.54 0.57 4.04 202037.74 18599.08 0.06 0.09 0.20 -1 -1
Result 0 0.0 117 0.49 0.27 0.23 0.09 0.11 0.30 -1 -1 -1 -1 -1
Evo 2137.48 -614284.72 7.15 -33924.73 0.13 5.17 6.15 107732.79 6013.06 0.03 0.20 0.30 -1 -1
Result 0 0.0 320 0.49 0.28 0.24 0.18 0.12 0.17 -1 -1 -1 -1 -1
Evo 1911.86 -999999.58 7.21 -59857.61 1.10 5.13 7.15 165184.51 10244.31 0.03 0.16 0.33 -1 -1
Result 0 0.0 259 0.46 0.20 0.19 0.24 0.20 0.17 -1 -1 -1 -1 -1
Evo 1998.09 -570559.42 5.21 -34431.09 2.13 4.10 4.13 106325.40 6138.70 0.03 0.20 0.31 -1 -1
Result 0 0.0 299 0.46 0.27 0.19 0.19 0.17 0.19 -1 -1 -1 -1 -1
Evo 21.20 -653845.45 2.06 -222739.50 -528956.92 -50232.09 -4304.25 250349.00 27989.87 0.08 0.04 0.13 -1 -1
Result 0 0.0 79 0.41 0.14 0.15 0.11 0.33 0.28 -1 -1 -1 -1 -1
Evo 538.62 -557228.80 3.14 -85106.71 -153146.77 -676.79 2.11 141519.42 12865.40 0.06 0.08 0.17 -1 -1
Result 0 0.0 120 0.51 0.26 0.26 0.07 0.12 0.28 -1 -1 -1 -1 -1
Evo 1109.60 -640149.94 6.20 -56855.02 0.07 3.07 5.95 142216.47 9721.72 0.04 0.17 0.28 -1 -1
Result 0 0.0 213 0.51 0.25 0.27 0.11 0.12 0.25 -1 -1 -1 -1 -1
Evo 722.21 -605922.13 4.43 -102475.26 -66791.69 2.10 4.15 189187.56 16787.68 0.06 0.10 0.23 -1 -1
Result 0 0.0 126 0.46 0.32 0.20 0.08 0.09 0.31 -1 -1 -1 -1 -1
Evo 774.22 -594557.28 2.90 -110763.68 -161242.29 -3410.93 2.12 177964.82 17204.51 0.06 0.07 0.17 -1 -1
Result 0 0.0 106 0.52 0.28 0.31 0.05 0.07 0.29 -1 -1 -1 -1 -1
Evo 1675.31 -653845.53 4.13 -59655.39 -3164.95 3.10 3.15 139584.22 9678.42 0.04 0.15 0.28 -1 -1
Result 0 0.0 207 0.50 0.25 0.25 0.15 0.20 0.15 -1 -1 -1 -1 -1
Evo 903.80 -1000000.21 6.54 -99086.59 -79676.67 2.10 6.15 196897.96 15815.22 0.05 0.10 0.24 -1 -1
Result 0 0.0 154 0.51 0.25 0.28 0.06 0.09 0.32 -1 -1 -1 -1 -1
Evo 1757.24 -639998.92 5.22 -51054.67 0.13 2.13 3.12 136618.57 8360.92 0.03 0.18 0.29 -1 -1
Result 0 0.0 266 0.48 0.26 0.22 0.19 0.09 0.24 -1 -1 -1 -1 -1
Evo 960.98 -761362.86 4.02 -63779.04 -28872.96 2.12 3.09 139387.55 11575.51 0.05 0.10 0.22 -1 -1
Result 0 0.0 144 0.52 0.22 0.28 0.08 0.16 0.26 -1 -1 -1 -1 -1
Evo 1211.00 -620252.34 5.82 -69703.03 -28395.83 3.12 5.13 140495.86 11471.44 0.05 0.11 0.25 -1 -1
Result 0 0.0 149 0.52 0.18 0.31 0.11 0.13 0.27 -1 -1 -1 -1 -1
Evo 771.11 -492536.20 3.16 -92018.59 -200582.18 -3415.96 2.12 133220.78 12422.90 0.06 0.08 0.19 -1 -1
Result 0 0.0 114 0.50 0.30 0.25 0.07 0.10 0.27 -1 -1 -1 -1 -1
Evo 1331.02 -607593.93 4.17 -71568.29 -58964.23 0.32 4.12 143387.74 12575.94 0.05 0.09 0.20 -1 -1
Result 0 0.0 129 0.53 0.15 0.35 0.09 0.12 0.28 -1 -1 -1 -1 -1
Evo 2080.62 -417910.03 4.19 -20983.48 0.15 2.38 3.15 67757.03 3494.30 0.02 0.22 0.27 -1 -1
Result 0 0.0 375 0.47 0.20 0.21 0.18 0.19 0.22 -1 -1 -1 -1 -1
Evo 1352.80 -499999.44 0.60 -55314.91 -43357.13 0.13 0.15 109690.69 9475.83 0.05 0.03 0.10 -1 -1
Result 0 0.0 133 0.46 0.28 0.19 0.13 0.23 0.16 -1 -1 -1 -1 -1
Evo 1503.20 -564101.98 5.17 -36237.24 0.12 1.12 5.13 90838.77 6590.14 0.04 0.10 0.17 -1 -1
Result 0 0.0 189 0.49 0.28 0.23 0.12 0.16 0.21 -1 -1 -1 -1 -1
Evo 966.38 -390102.68 0.55 -67541.76 -105154.66 0.14 0.18 110208.92 9184.08 0.05 0.08 0.13 -1 -1
Result 0 0.0 143 0.45 0.20 0.18 0.18 0.24 0.19 -1 -1 -1 -1 -1
Evo 1369.49 -378787.68 0.57 -53409.66 -46407.03 0.15 0.18 100645.98 8358.19 0.05 0.06 0.11 -1 -1
Result 0 0.0 144 0.47 0.21 0.21 0.15 0.21 0.22 -1 -1 -1 -1 -1
Evo 1970.24 -423076.28 5.15 -26901.61 0.24 2.15 5.12 75692.90 4658.58 0.03 0.18 0.25 -1 -1
Result 0 0.0 263 0.46 0.25 0.20 0.14 0.18 0.24 -1 -1 -1 -1 -1
Evo 1315.98 -326371.42 1.15 -41331.81 -8792.86 0.18 0.26 87959.86 6868.51 0.04 0.09 0.13 -1 -1
Result 0 0.0 163 0.51 0.20 0.27 0.12 0.23 0.18 -1 -1 -1 -1 -1
Evo 1462.35 -487804.35 0.55 -48847.88 -19057.04 0.15 0.18 100465.41 7893.31 0.05 0.07 0.12 -1 -1
Result 0 0.0 161 0.46 0.25 0.20 0.12 0.28 0.15 -1 -1 -1 -1 -1
Evo 1407.32 -412698.16 4.13 -38074.23 -3508.57 0.20 3.07 88117.85 6080.71 0.04 0.11 0.20 -1 -1
Result 0 0.0 209 0.48 0.24 0.22 0.22 0.15 0.17 -1 -1 -1 -1 -1
Evo 1693.18 -397525.97 4.15 -44685.84 0.12 0.24 4.12 101431.74 7245.12 0.04 0.10 0.15 -1 -1
Result 0 0.0 195 0.48 0.26 0.22 0.16 0.17 0.19 -1 -1 -1 -1 -1
Evo 1467.25 -377048.78 1.15 -53196.14 -40114.41 0.15 0.57 104418.42 8080.14 0.04 0.07 0.13 -1 -1
Result 0 0.0 166 0.52 0.26 0.29 0.08 0.13 0.23 -1 -1 -1 -1 -1
Evo 1297.48 -525423.34 0.63 -51092.82 -28017.06 0.13 0.22 101316.49 8472.51 0.05 0.06 0.13 -1 -1
Result 0 0.0 142 0.47 0.25 0.21 0.11 0.21 0.22 -1 -1 -1 -1 -1
Evo 1101.42 -394748.85 0.55 -52800.15 -84100.89 0.15 0.22 99197.80 8209.67 0.05 0.05 0.11 -1 -1
Result 0 0.0 145 0.47 0.23 0.21 0.15 0.23 0.18 -1 -1 -1 -1 -1
Evo 1838.87 -465753.15 2.15 -33847.90 0.15 0.18 2.07 87199.90 5946.98 0.04 0.10 0.15 -1 -1
Result 0 0.0 214 0.47 0.23 0.21 0.16 0.20 0.20 -1 -1 -1 -1 -1
Evo 783.66 -344182.24 0.58 -59962.40 -78826.41 0.15 0.22 103441.44 9442.87 0.06 0.07 0.13 -1 -1
Result 0 0.0 119 0.47 0.25 0.21 0.11 0.24 0.19 -1 -1 -1 -1 -1
Evo 1265.33 -415384.28 0.58 -47358.61 -38297.68 0.14 0.21 93800.20 7816.68 0.05 0.08 0.12 -1 -1
Result 0 0.0 143 0.49 0.24 0.23 0.15 0.19 0.19 -1 -1 -1 -1 -1
Evo 1809.55 -414399.63 3.15 -28268.54 0.15 0.58 2.13 77863.48 5015.63 0.03 0.12 0.18 -1 -1
Result 0 0.0 240 0.52 0.21 0.28 0.14 0.15 0.22 -1 -1 -1 -1 -1
Evo 1512.19 -430768.89 0.61 -36865.56 -4098.14 0.15 0.21 87474.17 6538.13 0.04 0.06 0.13 -1 -1
Result 0 0.0 178 0.45 0.27 0.18 0.14 0.21 0.20 -1 -1 -1 -1 -1
Evo 1402.01 -462686.01 0.60 -56227.41 -60329.30 0.13 0.15 102499.81 8369.07 0.05 0.08 0.14 -1 -1
Result 0 0.0 149 0.43 0.18 0.17 0.15 0.23 0.27 -1 -1 -1 -1 -1
Evo 944.52 -462686.21 0.57 -49792.93 -48841.68 0.15 0.21 95179.48 8222.25 0.05 0.03 0.12 -1 -1
Result 0 0.0 133 0.52 0.16 0.28 0.16 0.22 0.18 -1 -1 -1 -1 -1
