Evo 3892.96 -1000000.29 14.10 -4338.28 4.32 12.04 13.10 32884.15 996.95 0.01 0.16 0.21 -1 -1
Result 0 13.0 1087 0.44 0.15 0.18 0.17 0.16 0.16 0.17 -1 -1 -1 -1
Evo 5966.95 -1000000.38 10.10 -3671.41 0.61 8.10 8.10 35856.10 1234.22 0.01 0.12 0.19 -1 -1
Result 0 9.0 843 0.44 0.17 0.16 0.17 0.16 0.18 0.16 -1 -1 -1 -1
Evo 1179.65 -999999.97 7.17 -12057.83 -5649.40 0.47 0.74 56100.30 2990.16 0.02 0.07 0.18 -1 -1
Result 0 6.0 351 0.38 0.14 0.18 0.13 0.22 0.14 0.18 -1 -1 -1 -1
Evo 4344.57 -1000000.14 9.10 -6217.95 0.44 8.09 8.10 42170.37 1677.45 0.01 0.10 0.18 -1 -1
Result 0 8.0 631 0.46 0.14 0.18 0.19 0.17 0.17 0.14 -1 -1 -1 -1
Evo 4614.07 -999999.61 6.10 -5658.78 0.46 5.10 6.10 40928.08 1590.71 0.01 0.12 0.20 -1 -1
Result 0 6.0 661 0.42 0.13 0.18 0.16 0.18 0.18 0.17 -1 -1 -1 -1
Evo 5213.78 -999999.63 7.12 -4449.20 0.53 7.10 7.10 37020.86 1297.58 0.01 0.14 0.23 -1 -1
Result 0 7.0 813 0.41 0.17 0.16 0.15 0.19 0.15 0.18 -1 -1 -1 -1
Evo 6042.07 -1000000.25 5.16 -2630.87 0.67 5.10 5.10 32840.57 1051.20 0.01 0.10 0.19 -1 -1
Result 0 4.0 975 0.45 0.13 0.20 0.18 0.17 0.16 0.15 -1 -1 -1 -1
Evo 6239.26 -999999.58 10.10 -2668.03 2.51 7.12 10.10 32586.22 1014.36 0.01 0.14 0.23 -1 -1
Result 0 9.0 1031 0.42 0.17 0.17 0.16 0.18 0.16 0.18 -1 -1 -1 -1
Evo 5203.95 -1000000.20 8.10 -4631.41 0.55 7.10 7.10 37135.60 1300.01 0.01 0.13 0.21 -1 -1
Result 0 7.0 815 0.43 0.17 0.18 0.17 0.16 0.16 0.16 -1 -1 -1 -1
Evo 1299.35 -999999.64 6.18 -15075.27 -13512.96 0.46 0.74 56077.81 2861.71 0.02 0.05 0.14 -1 -1
Result 0 5.0 383 0.44 0.16 0.17 0.17 0.19 0.14 0.17 -1 -1 -1 -1
Evo 5450.04 -1000000.24 11.10 -3618.29 0.58 10.10 10.10 35318.18 1195.34 0.01 0.13 0.21 -1 -1
Result 0 11.0 872 0.41 0.16 0.18 0.15 0.17 0.17 0.18 -1 -1 -1 -1
Evo 5423.12 -1000000.31 12.10 -3395.38 0.58 10.10 10.10 35483.76 1227.23 0.01 0.11 0.20 -1 -1
Result 0 11.0 835 0.44 0.15 0.17 0.18 0.15 0.16 0.19 -1 -1 -1 -1
Evo 1607.98 -999999.69 6.14 -9423.53 0.26 0.47 2.67 55992.14 3054.62 0.02 0.05 0.13 -1 -1
Result 0 6.0 335 0.39 0.19 0.18 0.13 0.15 0.15 0.19 -1 -1 -1 -1
Evo 7342.35 -1000000.03 16.10 -1951.91 14.10 14.10 16.10 24063.67 537.95 0.01 0.24 0.31 -1 -1
Result 0 16.0 2000 0.43 0.16 0.16 0.17 0.17 0.17 0.17 -1 -1 -1 -1
Evo 122.72 -999797.67 8.02 -17781.70 -27638.25 0.37 0.52 63874.83 3865.88 0.03 0.06 0.15 -1 -1
Result 0 6.0 272 0.48 0.14 0.17 0.22 0.18 0.19 0.11 -1 -1 -1 -1
Evo 7243.96 -999999.53 15.10 -933.78 9.10 15.10 15.10 22613.82 505.53 0.01 0.31 0.46 -1 -1
Result 0 15.0 2000 0.42 0.15 0.17 0.16 0.17 0.17 0.17 -1 -1 -1 -1
Evo 5735.16 -999999.92 14.10 -4364.22 0.78 14.10 14.10 37276.59 1298.59 0.01 0.10 0.16 -1 -1
Result 0 13.0 823 0.43 0.16 0.20 0.17 0.18 0.16 0.14 -1 -1 -1 -1
Evo 382.96 -1000000.12 7.11 -5846.34 0.33 0.53 0.64 56610.79 3164.64 0.03 0.06 0.13 -1 -1
Result 0 6.0 319 0.44 0.18 0.14 0.17 0.16 0.19 0.16 -1 -1 -1 -1
Evo 5871.65 -1000000.15 11.10 -2825.47 0.69 10.10 10.10 33705.27 1101.69 0.01 0.16 0.26 -1 -1
Result 0 10.0 935 0.42 0.14 0.17 0.16 0.18 0.17 0.18 -1 -1 -1 -1
Evo 3529.62 -999999.92 11.10 -5905.31 2.42 4.39 9.16 45141.79 1964.54 0.02 0.10 0.19 -1 -1
Result 0 10.0 527 0.44 0.13 0.20 0.17 0.16 0.16 0.17 -1 -1 -1 -1
Evo 6935.45 -999999.76 9.12 -8364.20 9.10 9.10 9.10 46224.33 1334.94 0.01 0.15 0.27 -1 -1
Result 0 9.0 1198 0.41 0.17 0.17 0.15 0.17 0.17 0.16 -1 -1 -1 -1
Evo 6473.79 -999999.80 26.10 -6683.17 17.03 23.10 25.10 43177.09 965.23 0.01 0.25 0.38 -1 -1
Result 0 26.0 2000 0.44 0.17 0.17 0.18 0.17 0.17 0.15 -1 -1 -1 -1
Evo 2918.56 -1000000.12 17.10 -10544.12 4.31 15.04 17.10 49911.82 1860.10 0.01 0.14 0.29 -1 -1
Result 0 16.0 719 0.42 0.18 0.15 0.16 0.16 0.18 0.18 -1 -1 -1 -1
Evo 5755.38 -1000000.31 2.14 -34360.78 0.10 0.10 0.10 91536.42 3303.04 0.01 0.09 0.18 -1 -1
Result 0 -1.0 767 0.42 0.18 0.15 0.16 0.17 0.18 0.16 -1 -1 -1 -1
Evo 7265.34 -1000000.09 27.10 -8988.58 16.10 20.10 22.10 53637.94 1302.06 0.01 0.24 0.32 -1 -1
Result 0 26.0 1696 0.43 0.15 0.17 0.17 0.17 0.17 0.18 -1 -1 -1 -1
Evo 4562.69 -999999.81 13.14 -45725.04 -10751.28 13.10 13.10 99690.99 4628.04 0.02 0.12 0.26 -1 -1
Result 0 12.0 463 0.40 0.16 0.22 0.14 0.14 0.19 0.16 -1 -1 -1 -1
Evo 6876.26 -999999.47 7.10 -20903.30 6.14 7.10 7.10 81886.19 2482.54 0.01 0.14 0.23 -1 -1
Result 0 6.0 1087 0.42 0.17 0.16 0.16 0.18 0.18 0.16 -1 -1 -1 -1
Evo 7473.32 -1000000.30 27.10 -4128.59 17.10 21.10 26.10 30322.04 677.85 0.01 0.27 0.42 -1 -1
Result 0 27.0 2000 0.42 0.16 0.18 0.16 0.16 0.18 0.15 -1 -1 -1 -1
Evo 7651.35 -999999.68 7.10 -10949.47 5.10 5.10 6.10 48840.05 1091.82 0.01 0.24 0.35 -1 -1
Result 0 7.0 2000 0.42 0.16 0.19 0.16 0.17 0.16 0.16 -1 -1 -1 -1
Evo 7000.05 -999999.97 10.10 -20794.88 9.10 9.10 9.10 85114.65 2563.97 0.01 0.19 0.34 -1 -1
Result 0 10.0 1101 0.42 0.14 0.19 0.16 0.16 0.19 0.17 -1 -1 -1 -1
Evo 5299.87 -999999.76 3.10 -32240.01 -28283.19 2.10 2.26 83724.19 3373.34 0.02 0.09 0.14 -1 -1
Result 0 2.0 615 0.42 0.18 0.16 0.15 0.17 0.15 0.18 -1 -1 -1 -1
Evo 7093.97 -1000000.20 12.10 -12422.39 8.05 11.05 11.10 61702.31 1597.41 0.01 0.21 0.29 -1 -1
Result 0 11.0 1491 0.44 0.17 0.18 0.18 0.16 0.16 0.16 -1 -1 -1 -1
Evo 4658.24 -1000000.35 4.45 -51531.83 3.47 4.10 4.10 121773.97 5319.72 0.02 0.06 0.13 -1 -1
Result 0 3.0 523 0.38 0.19 0.18 0.13 0.15 0.20 0.16 -1 -1 -1 -1
Evo 7717.43 -999999.58 12.10 -14424.34 9.10 10.10 10.10 62094.08 1388.12 0.01 0.30 0.47 -1 -1
Result 0 12.0 2000 0.42 0.16 0.16 0.16 0.16 0.18 0.18 -1 -1 -1 -1
Evo 6543.15 -999999.56 1.15 -35207.13 1.09 1.10 1.10 103907.73 3494.79 0.01 0.10 0.15 -1 -1
Result 0 0.0 883 0.44 0.16 0.16 0.17 0.17 0.17 0.17 -1 -1 -1 -1
Evo 4574.88 -1000000.15 2.73 -33311.06 1.62 2.10 2.12 95752.17 4167.08 0.02 0.07 0.15 -1 -1
Result 0 1.0 527 0.45 0.16 0.13 0.19 0.16 0.21 0.16 -1 -1 -1 -1
Evo 7393.32 -999999.59 5.10 -21355.93 4.10 4.10 4.14 72380.80 1974.35 0.01 0.17 0.31 -1 -1
Result 0 4.0 1343 0.43 0.16 0.17 0.17 0.16 0.16 0.17 -1 -1 -1 -1
Evo 7528.10 -999999.48 25.10 -5136.70 17.10 17.10 24.10 39080.83 873.66 0.01 0.25 0.39 -1 -1
Result 0 25.0 2000 0.41 0.17 0.17 0.15 0.16 0.18 0.18 -1 -1 -1 -1
Evo 4156.12 -999999.96 21.10 -14488.22 5.49 17.03 19.10 60025.65 2061.29 0.01 0.19 0.37 -1 -1
Result 0 20.0 847 0.40 0.17 0.18 0.14 0.16 0.18 0.17 -1 -1 -1 -1
Evo 3995.53 -999999.90 9.17 -29568.39 0.62 9.05 9.10 93956.75 4043.25 0.02 0.11 0.26 -1 -1
Result 0 8.0 539 0.41 0.16 0.18 0.15 0.15 0.19 0.16 -1 -1 -1 -1
Evo 7566.98 -1000000.38 16.10 -3540.61 11.10 16.10 16.10 26448.34 591.26 0.01 0.21 0.37 -1 -1
Result 0 16.0 2000 0.43 0.15 0.17 0.17 0.15 0.18 0.18 -1 -1 -1 -1
Evo 5955.06 -999999.51 8.11 -8487.34 5.12 8.10 8.10 39361.02 1323.11 0.01 0.11 0.22 -1 -1
Result 0 7.0 884 0.44 0.16 0.16 0.18 0.14 0.19 0.16 -1 -1 -1 -1
Evo 7295.43 -999999.70 28.10 -4434.78 12.10 18.10 24.10 28838.16 714.73 0.01 0.28 0.46 -1 -1
Result 0 26.0 1627 0.45 0.17 0.15 0.18 0.15 0.18 0.17 -1 -1 -1 -1
Evo 4300.67 -999999.53 8.23 -14259.87 -11493.26 8.10 8.10 51985.27 2382.74 0.02 0.10 0.21 -1 -1
Result 0 7.0 475 0.43 0.19 0.18 0.17 0.15 0.15 0.16 -1 -1 -1 -1
Evo 5312.18 -1000000.17 21.10 -5567.30 13.04 16.10 18.10 31000.04 801.49 0.01 0.26 0.45 -1 -1
Result 0 20.0 1495 0.43 0.17 0.16 0.16 0.17 0.17 0.16 -1 -1 -1 -1
Evo 7268.31 -999999.46 15.10 -4189.07 11.05 11.10 13.10 26626.59 595.24 0.01 0.25 0.39 -1 -1
Result 0 15.0 2000 0.46 0.16 0.17 0.20 0.17 0.15 0.15 -1 -1 -1 -1
Evo 7397.62 -999999.51 22.10 -3283.12 11.10 14.10 17.10 26010.94 581.48 0.01 0.34 0.49 -1 -1
Result 0 22.0 2000 0.43 0.18 0.17 0.16 0.17 0.16 0.17 -1 -1 -1 -1
Evo 7390.36 -1000000.19 13.10 -4012.46 11.10 13.10 13.10 27830.15 622.15 0.01 0.23 0.34 -1 -1
Result 0 13.0 2000 0.43 0.16 0.16 0.17 0.16 0.16 0.18 -1 -1 -1 -1
Evo 6255.39 -999999.68 21.10 -7753.08 6.10 10.10 12.10 37835.13 1216.07 0.01 0.22 0.39 -1 -1
Result 0 20.0 967 0.46 0.14 0.15 0.20 0.16 0.18 0.17 -1 -1 -1 -1
Evo 7580.19 -999999.78 11.10 -2912.24 6.09 6.10 6.10 25240.03 564.24 0.01 0.20 0.29 -1 -1
Result 0 11.0 2000 0.43 0.17 0.17 0.17 0.17 0.16 0.16 -1 -1 -1 -1
Evo 3607.24 -1000000.27 8.16 -19111.87 -22823.02 2.22 8.10 55719.31 2638.39 0.02 0.09 0.22 -1 -1
Result 0 8.0 445 0.43 0.15 0.16 0.16 0.17 0.20 0.16 -1 -1 -1 -1
Evo 1763.98 -1000000.32 11.14 -18536.71 -27776.99 1.54 11.06 58943.42 3146.17 0.02 0.09 0.23 -1 -1
Result 0 11.0 350 0.42 0.19 0.17 0.15 0.14 0.20 0.16 -1 -1 -1 -1
Evo 7139.04 -999999.64 10.10 -7404.16 7.10 10.10 10.10 34236.70 903.47 0.01 0.17 0.30 -1 -1
Result 0 9.0 1435 0.43 0.18 0.16 0.17 0.17 0.16 0.16 -1 -1 -1 -1
Evo 6496.82 -1000000.13 21.10 -4049.08 11.10 15.10 19.10 27515.79 615.12 0.01 0.30 0.46 -1 -1
Result 0 21.0 2000 0.44 0.16 0.16 0.17 0.17 0.18 0.16 -1 -1 -1 -1
Evo 6726.73 -1000000.22 21.10 -5231.80 10.10 11.10 14.10 30774.01 823.65 0.01 0.20 0.40 -1 -1
Result 0 20.0 1395 0.44 0.17 0.16 0.18 0.16 0.18 0.16 -1 -1 -1 -1
Evo 7602.73 -1000000.24 19.10 -2666.12 9.10 14.10 17.10 24785.64 554.09 0.01 0.25 0.39 -1 -1
Result 0 19.0 2000 0.42 0.16 0.17 0.16 0.16 0.17 0.17 -1 -1 -1 -1
Evo 7428.72 -999999.52 20.10 -2997.18 13.10 20.10 20.10 25189.89 563.12 0.01 0.27 0.45 -1 -1
Result 0 20.0 2000 0.43 0.15 0.17 0.16 0.17 0.17 0.16 -1 -1 -1 -1
Evo 5406.18 -999999.45 9.10 -10081.04 2.40 6.10 6.26 42671.53 1572.89 0.01 0.11 0.27 -1 -1
Result 0 8.0 735 0.44 0.15 0.16 0.17 0.15 0.17 0.19 -1 -1 -1 -1
Evo 6090.99 -999999.67 16.10 -7795.49 6.62 14.10 15.10 38345.93 1298.56 0.01 0.17 0.35 -1 -1
Result 0 15.0 871 0.43 0.18 0.16 0.17 0.16 0.17 0.17 -1 -1 -1 -1
Evo 6970.63 -999999.90 14.10 -6618.30 7.10 8.10 9.10 33412.56 954.64 0.01 0.20 0.34 -1 -1
Result 0 14.0 1224 0.42 0.15 0.17 0.16 0.17 0.17 0.19 -1 -1 -1 -1
Evo 7869.42 -1000000.12 11.10 -12077.51 5.10 11.10 11.10 74638.58 1668.55 0.01 0.20 0.30 -1 -1
Result 0 11.0 2000 0.44 0.18 0.17 0.17 0.17 0.15 0.16 -1 -1 -1 -1
Evo 7726.07 -999999.82 3.17 -1120.60 3.10 3.10 3.10 25820.49 577.22 0.01 0.23 0.34 -1 -1
Result 0 3.0 2000 0.42 0.16 0.16 0.16 0.17 0.17 0.18 -1 -1 -1 -1
Evo 7401.94 -1000000.10 3.16 -3353.92 3.10 3.10 3.10 37081.87 854.32 0.01 0.23 0.32 -1 -1
Result 0 2.0 1883 0.44 0.18 0.16 0.17 0.17 0.16 0.15 -1 -1 -1 -1
Evo 1979.16 -999999.43 3.15 -5420.09 2.44 2.58 3.10 56975.09 3054.19 0.02 0.04 0.10 -1 -1
Result 0 3.0 347 0.40 0.18 0.18 0.14 0.16 0.17 0.16 -1 -1 -1 -1
Evo 7595.17 -1000000.03 4.10 -6941.56 1.10 3.10 4.10 43835.47 979.95 0.01 0.32 0.51 -1 -1
Result 0 4.0 2000 0.44 0.16 0.17 0.17 0.17 0.17 0.17 -1 -1 -1 -1
Evo 7483.84 -999999.50 4.10 -961.19 4.10 4.10 4.10 23236.60 527.56 0.01 0.29 0.43 -1 -1
Result 0 3.0 1939 0.41 0.17 0.18 0.15 0.18 0.17 0.16 -1 -1 -1 -1
Evo 7462.98 -999999.92 5.10 -1142.57 3.10 4.10 4.10 24617.54 550.33 0.01 0.27 0.44 -1 -1
Result 0 5.0 2000 0.42 0.16 0.16 0.16 0.17 0.17 0.17 -1 -1 -1 -1
Evo 7456.04 -999999.89 3.14 -1706.21 3.10 3.10 3.10 29707.09 664.10 0.01 0.21 0.31 -1 -1
Result 0 3.0 2000 0.43 0.16 0.16 0.16 0.17 0.16 0.18 -1 -1 -1 -1
Evo 7603.84 -1000000.12 3.18 -856.05 3.10 3.10 3.10 22978.18 513.68 0.01 0.19 0.27 -1 -1
Result 0 3.0 2000 0.44 0.15 0.17 0.18 0.16 0.17 0.17 -1 -1 -1 -1
Evo 7336.53 -1000000.22 3.14 -1532.30 3.10 3.10 3.10 28110.97 628.42 0.01 0.15 0.20 -1 -1
Result 0 3.0 2000 0.43 0.18 0.17 0.16 0.16 0.17 0.15 -1 -1 -1 -1
Evo 7506.02 -999999.74 5.10 -2216.72 3.10 5.10 5.10 31301.11 699.74 0.01 0.28 0.41 -1 -1
Result 0 5.0 2000 0.43 0.16 0.17 0.16 0.16 0.17 0.17 -1 -1 -1 -1
Evo 7574.95 -999999.41 5.10 -2182.02 3.10 5.10 5.10 28521.51 637.60 0.01 0.34 0.55 -1 -1
Result 0 5.0 2000 0.45 0.15 0.17 0.18 0.16 0.18 0.17 -1 -1 -1 -1
Evo 7504.89 -1000000.06 4.10 -925.06 3.12 4.10 4.10 22996.88 514.10 0.01 0.32 0.44 -1 -1
Result 0 4.0 2000 0.42 0.17 0.17 0.16 0.16 0.17 0.17 -1 -1 -1 -1
Evo 6342.61 -999999.75 3.15 -3213.96 3.05 3.10 3.10 40168.96 1179.40 0.01 0.10 0.14 -1 -1
Result 0 2.0 1159 0.44 0.15 0.17 0.18 0.16 0.18 0.16 -1 -1 -1 -1
Evo 7222.47 -1000000.27 0.78 -6412.63 0.10 0.10 0.10 46948.02 1178.50 0.01 0.20 0.30 -1 -1
Result 0 0.0 1586 0.43 0.16 0.17 0.17 0.18 0.15 0.18 -1 -1 -1 -1
Evo 7873.56 -1000000.36 2.10 -7230.65 2.10 2.10 2.10 39743.42 888.47 0.01 0.27 0.37 -1 -1
Result 0 2.0 2000 0.43 0.18 0.18 0.17 0.15 0.16 0.16 -1 -1 -1 -1
Evo 7532.72 -1000000.29 3.10 -1180.04 2.10 2.44 3.10 23893.04 534.13 0.01 0.24 0.40 -1 -1
Result 0 3.0 2000 0.42 0.17 0.17 0.16 0.16 0.18 0.17 -1 -1 -1 -1
Evo 3794.84 -999999.84 3.18 -7448.37 2.49 2.67 3.10 55973.52 2433.63 0.02 0.07 0.15 -1 -1
Result 0 3.0 528 0.40 0.13 0.16 0.14 0.20 0.17 0.19 -1 -1 -1 -1
Evo 7491.49 -1000000.01 4.10 -1348.67 3.10 3.10 3.10 26321.96 588.43 0.01 0.27 0.37 -1 -1
Result 0 4.0 2000 0.43 0.16 0.18 0.17 0.16 0.17 0.16 -1 -1 -1 -1
Evo 7717.92 -1000000.09 12.10 -6743.98 5.10 11.10 12.10 53215.57 1189.64 0.01 0.20 0.29 -1 -1
Result 0 12.0 2000 0.43 0.18 0.17 0.17 0.16 0.16 0.17 -1 -1 -1 -1
Evo 5485.94 -999999.84 0.38 -19451.19 0.09 0.10 0.10 53759.38 1969.59 0.01 0.16 0.32 -1 -1
Result 0 0.0 744 0.39 0.18 0.16 0.13 0.18 0.17 0.18 -1 -1 -1 -1
Evo 6470.59 -999999.91 1.17 -20995.40 0.10 0.10 0.10 63933.78 2084.18 0.01 0.22 0.41 -1 -1
Result 0 0.0 940 0.43 0.15 0.17 0.17 0.16 0.20 0.15 -1 -1 -1 -1
Evo 7236.80 -999999.56 2.52 -11081.79 2.10 2.10 2.10 47504.86 1304.57 0.01 0.21 0.29 -1 -1
Result 0 2.0 1325 0.42 0.17 0.18 0.16 0.18 0.16 0.15 -1 -1 -1 -1
Evo 6790.48 -1000000.36 0.44 -13081.56 0.10 0.10 0.10 49042.00 1472.66 0.01 0.23 0.35 -1 -1
Result 0 0.0 1108 0.42 0.15 0.16 0.16 0.17 0.20 0.16 -1 -1 -1 -1
Evo 6202.27 -1000000.17 6.10 -21728.44 2.10 2.10 4.10 64053.87 2276.06 0.01 0.16 0.34 -1 -1
Result 0 6.0 791 0.44 0.17 0.16 0.17 0.16 0.18 0.17 -1 -1 -1 -1
Evo 7403.25 -999999.67 0.48 -4530.60 0.10 0.10 0.10 30519.21 686.56 0.01 0.27 0.44 -1 -1
Result 0 0.0 1975 0.43 0.17 0.18 0.16 0.15 0.18 0.15 -1 -1 -1 -1
Evo 6833.32 -1000000.23 2.32 -10803.70 2.10 2.10 2.10 41461.16 1177.42 0.01 0.11 0.21 -1 -1
Result 0 1.0 1239 0.44 0.15 0.17 0.18 0.18 0.16 0.16 -1 -1 -1 -1
Evo 7406.28 -999999.53 1.02 -5412.82 0.10 0.10 0.10 33189.39 873.41 0.01 0.19 0.31 -1 -1
Result 0 0.0 1443 0.40 0.16 0.17 0.14 0.18 0.17 0.18 -1 -1 -1 -1
Evo 7601.67 -1000000.36 0.47 -9290.97 0.10 0.10 0.10 41590.63 988.57 0.01 0.33 0.45 -1 -1
Result 0 0.0 1769 0.43 0.18 0.17 0.17 0.15 0.16 0.17 -1 -1 -1 -1
Evo 5966.95 -999999.77 0.47 -17232.37 0.10 0.10 0.10 56118.78 1913.63 0.01 0.09 0.19 -1 -1
Result 0 -1.0 859 0.42 0.18 0.16 0.16 0.18 0.17 0.16 -1 -1 -1 -1
Evo 7265.67 -1000000.11 5.10 -5981.20 0.10 0.10 0.10 33353.37 763.57 0.01 0.32 0.47 -1 -1
Result 0 4.0 1907 0.41 0.16 0.16 0.15 0.17 0.18 0.18 -1 -1 -1 -1
Evo 6409.03 -999999.90 0.52 -15972.79 0.10 0.10 0.10 57439.88 1757.63 0.01 0.17 0.30 -1 -1
Result 0 0.0 1067 0.41 0.18 0.17 0.15 0.15 0.16 0.19 -1 -1 -1 -1
Evo 7623.16 -1000000.05 2.65 -3372.36 2.10 2.10 2.10 28318.88 633.07 0.01 0.30 0.40 -1 -1
Result 0 2.0 2000 0.44 0.16 0.16 0.18 0.16 0.16 0.18 -1 -1 -1 -1
Evo 5766.48 -1000000.22 4.22 -9160.95 2.53 4.10 4.10 45346.23 1557.20 0.01 0.11 0.26 -1 -1
Result 0 3.0 847 0.43 0.16 0.18 0.17 0.18 0.17 0.15 -1 -1 -1 -1
Evo 5395.78 -1000000.07 0.46 -23420.92 0.09 0.10 0.10 61627.15 2424.69 0.01 0.15 0.33 -1 -1
Result 0 0.0 645 0.42 0.15 0.17 0.16 0.17 0.20 0.15 -1 -1 -1 -1
Evo 6882.25 -1000000.05 6.10 -19629.46 0.10 0.10 0.10 60633.52 1876.56 0.01 0.21 0.36 -1 -1
Result 0 5.0 1043 0.42 0.15 0.18 0.16 0.16 0.17 0.18 -1 -1 -1 -1
Evo 5701.35 -999999.99 0.41 -21623.20 0.10 0.10 0.10 59174.73 2262.60 0.01 0.12 0.33 -1 -1
Result 0 -1.0 683 0.38 0.20 0.12 0.13 0.19 0.22 0.14 -1 -1 -1 -1
Evo 6898.96 -1000000.00 0.55 -8314.83 0.10 0.10 0.10 38984.51 1105.75 0.01 0.20 0.35 -1 -1
Result 0 0.0 1242 0.41 0.16 0.17 0.15 0.18 0.17 0.18 -1 -1 -1 -1
Evo 7622.06 -1000000.08 0.53 -4814.84 0.10 0.10 0.10 30760.73 712.10 0.01 0.26 0.38 -1 -1
Result 0 0.0 1865 0.41 0.17 0.17 0.15 0.18 0.17 0.16 -1 -1 -1 -1
Evo 6588.86 -1000000.34 2.58 -6378.37 2.10 2.10 2.10 39194.20 1151.77 0.01 0.19 0.30 -1 -1
Result 0 2.0 1157 0.45 0.13 0.16 0.18 0.17 0.17 0.18 -1 -1 -1 -1
