Evo 7228.36 -999999.82 0.18 -60767.84 0.09 0.09 0.09 177808.12 5619.98 0.01 0.31 0.34 -1 -1
Result 0 0.0 1000 0.43 0.22 0.20 0.22 0.20 0.17 -1 -1 -1 -1 -1
Evo 6244.87 -804054.21 1000000.21 -90320.07 0.08 0.09 0.09 217908.18 8547.06 0.01 0.29 0.33 -1 -1
Result 1 1.0 649 0.42 0.25 0.20 0.20 0.19 0.15 -1 -1 -1 -1 -1
Evo 5229.65 -820754.17 999999.63 -140671.62 -136554.33 0.09 0.09 261053.31 12738.10 0.02 0.17 0.22 -1 -1
Result 1 1.0 419 0.41 0.22 0.22 0.22 0.20 0.15 -1 -1 -1 -1 -1
Evo 7163.26 -814659.53 1000000.06 -55296.04 0.09 0.09 0.09 174110.63 5599.02 0.01 0.28 0.31 -1 -1
Result 1 1.0 966 0.48 0.20 0.19 0.22 0.22 0.18 -1 -1 -1 -1 -1
Evo 7339.37 -1000000.08 0.17 -57434.90 0.09 0.09 0.09 175129.67 5535.32 0.01 0.09 0.11 -1 -1
Result 0 0.0 1000 0.42 0.20 0.19 0.24 0.21 0.16 -1 -1 -1 -1 -1
Evo 7190.90 -796609.67 1000000.34 -65101.87 0.08 0.09 0.09 190484.54 6206.32 0.01 0.35 0.38 -1 -1
Result 1 1.0 941 0.43 0.22 0.21 0.19 0.23 0.16 -1 -1 -1 -1 -1
Evo 5476.40 -792748.55 1000000.23 -126082.22 -40902.13 0.09 0.09 252893.98 11287.21 0.02 0.21 0.28 -1 -1
Result 1 1.0 501 0.40 0.24 0.21 0.20 0.21 0.14 -1 -1 -1 -1 -1
Evo 7254.12 -999999.85 0.18 -59071.31 0.08 0.09 0.09 179459.48 5672.17 0.01 0.19 0.23 -1 -1
Result 0 0.0 1000 0.43 0.17 0.25 0.21 0.19 0.17 -1 -1 -1 -1 -1
Evo 5585.95 -846846.90 1000000.08 -105447.33 -18770.76 0.09 0.09 231320.41 10095.65 0.02 0.20 0.27 -1 -1
Result 1 1.0 524 0.47 0.21 0.21 0.21 0.23 0.15 -1 -1 -1 -1 -1
Evo 3156.11 -841584.12 1000000.22 -209536.09 -533904.02 -5884.64 0.09 295130.55 17574.77 0.03 0.21 0.31 -1 -1
Result 1 1.0 281 0.41 0.21 0.18 0.28 0.17 0.15 -1 -1 -1 -1 -1
Evo 6829.14 -776067.42 1000000.15 -74162.37 0.08 0.09 0.09 202992.31 7263.64 0.01 0.25 0.29 -1 -1
Result 1 1.0 780 0.44 0.20 0.23 0.22 0.19 0.17 -1 -1 -1 -1 -1
Evo 4271.15 -793333.29 1000000.50 -178287.76 -396778.06 0.09 0.09 286998.00 14208.52 0.02 0.21 0.27 -1 -1
Result 1 1.0 407 0.40 0.25 0.23 0.19 0.20 0.14 -1 -1 -1 -1 -1
Evo 7326.84 -999999.75 0.17 -60623.42 0.09 0.09 0.09 180072.80 5691.56 0.01 0.29 0.32 -1 -1
Result 0 0.0 1000 0.45 0.21 0.20 0.21 0.20 0.19 -1 -1 -1 -1 -1
Evo 1.36 -794392.09 967112.87 421559.05 -707853.57 905703.84 954266.78 729196.86 125056.23 0.15 0.14 0.26 -1 -1
Result 1 1.0 33 0.31 0.09 0.26 0.09 0.15 0.41 -1 -1 -1 -1 -1
Evo 7147.47 -999999.92 0.16 -61001.29 0.09 0.09 0.09 179525.17 5674.25 0.01 0.27 0.29 -1 -1
Result 0 0.0 1000 0.49 0.21 0.19 0.23 0.19 0.18 -1 -1 -1 -1 -1
Evo 6255.45 -815477.51 1000000.52 -106361.98 -2621.59 0.09 0.09 238098.36 9794.06 0.02 0.24 0.30 -1 -1
Result 1 1.0 590 0.40 0.22 0.20 0.21 0.22 0.14 -1 -1 -1 -1 -1
Evo 7260.64 -999999.65 0.16 -66519.16 0.08 0.09 0.09 188318.38 5952.17 0.01 0.16 0.20 -1 -1
Result 0 0.0 1000 0.48 0.21 0.21 0.22 0.22 0.15 -1 -1 -1 -1 -1
Evo 7296.03 -1000000.23 0.17 -63590.91 0.09 0.09 0.09 185021.59 5847.97 0.01 0.20 0.24 -1 -1
Result 0 0.0 1000 0.44 0.20 0.20 0.24 0.19 0.17 -1 -1 -1 -1 -1
Evo 4586.61 -788698.15 1000000.44 -149889.35 -223117.55 0.09 0.09 260807.43 13764.89 0.02 0.18 0.23 -1 -1
Result 1 1.0 358 0.40 0.22 0.22 0.21 0.20 0.14 -1 -1 -1 -1 -1
Evo 1.09 -851531.54 998468.35 402909.39 -533892.95 781150.96 942495.66 718099.91 125005.15 0.15 0.15 0.27 -1 -1
Result 1 1.0 32 0.53 0.12 0.24 0.09 0.18 0.36 -1 -1 -1 -1 -1
Evo 6415.25 -899224.80 1000000.11 -103577.48 0.08 0.09 0.09 237045.08 9597.67 0.02 0.23 0.25 -1 -1
Result 1 1.0 609 0.49 0.21 0.18 0.23 0.20 0.17 -1 -1 -1 -1 -1
Evo 5770.91 -884297.38 999999.88 -102485.69 -20937.81 0.09 0.09 228305.36 10031.16 0.02 0.18 0.22 -1 -1
Result 1 1.0 517 0.44 0.18 0.21 0.21 0.23 0.17 -1 -1 -1 -1 -1
Evo 7153.69 -999999.97 0.14 -60331.82 0.08 0.09 0.09 188147.01 5946.76 0.01 0.15 0.17 -1 -1
Result 0 0.0 1000 0.48 0.21 0.17 0.22 0.19 0.21 -1 -1 -1 -1 -1
Evo 3760.15 -852940.47 1000000.40 -176690.61 -332934.53 0.08 0.09 286801.73 15933.43 0.03 0.17 0.26 -1 -1
Result 1 1.0 323 0.42 0.19 0.20 0.25 0.20 0.16 -1 -1 -1 -1 -1
Evo 6353.70 -836538.14 999999.66 -79298.27 0.08 0.09 0.09 213835.32 7813.37 0.01 0.23 0.26 -1 -1
Result 1 1.0 748 0.42 0.20 0.18 0.24 0.21 0.16 -1 -1 -1 -1 -1
Evo 6904.45 -1000000.19 0.18 -58170.30 0.08 0.09 0.09 175172.88 5536.69 0.01 0.16 0.20 -1 -1
Result 0 0.0 1000 0.44 0.21 0.18 0.24 0.20 0.17 -1 -1 -1 -1 -1
Evo 7249.26 -999999.66 0.17 -67601.01 0.08 0.09 0.09 194951.43 6161.83 0.01 0.19 0.21 -1 -1
Result 0 0.0 1000 0.44 0.21 0.19 0.21 0.22 0.17 -1 -1 -1 -1 -1
Evo 7157.10 -999999.92 0.17 -68979.52 0.08 0.09 0.09 199798.98 6315.04 0.01 0.18 0.20 -1 -1
Result 0 0.0 1000 0.41 0.21 0.20 0.20 0.25 0.15 -1 -1 -1 -1 -1
Evo 6514.18 -854601.84 999999.91 -89565.17 0.08 0.09 0.09 225213.17 8636.53 0.01 0.21 0.26 -1 -1
Result 1 1.0 679 0.48 0.19 0.19 0.22 0.20 0.20 -1 -1 -1 -1 -1
Evo 7170.42 -999999.60 0.17 -62434.91 0.08 0.09 0.09 187177.22 5916.11 0.01 0.13 0.17 -1 -1
Result 0 0.0 1000 0.48 0.22 0.18 0.22 0.20 0.17 -1 -1 -1 -1 -1
Evo 3984.44 -832522.90 999999.81 -159160.43 -253030.55 0.08 0.09 264012.09 14152.53 0.02 0.18 0.21 -1 -1
Result 1 1.0 347 0.47 0.23 0.18 0.21 0.18 0.20 -1 -1 -1 -1 -1
Evo 7319.62 -999999.55 0.16 -64607.49 0.08 0.09 0.09 189576.79 5991.95 0.01 0.15 0.16 -1 -1
Result 0 0.0 1000 0.45 0.21 0.18 0.23 0.19 0.19 -1 -1 -1 -1 -1
Evo 5352.67 -877358.06 1000000.01 -128679.43 -67276.94 0.09 0.09 261110.98 11472.56 0.02 0.17 0.21 -1 -1
Result 1 1.0 517 0.45 0.23 0.19 0.23 0.18 0.18 -1 -1 -1 -1 -1
Evo 7278.60 -1000000.08 0.19 -60219.30 0.08 0.09 0.09 186259.03 5887.08 0.01 0.17 0.19 -1 -1
Result 0 0.0 1000 0.46 0.23 0.17 0.19 0.21 0.19 -1 -1 -1 -1 -1
Evo 7267.61 -999999.44 0.17 -57118.99 0.08 0.09 0.09 174902.22 5528.13 0.01 0.15 0.18 -1 -1
Result 0 0.0 1000 0.48 0.21 0.20 0.21 0.19 0.19 -1 -1 -1 -1 -1
Evo 7188.85 -1000000.22 0.19 -62340.67 0.08 0.09 0.09 187287.10 5919.58 0.01 0.17 0.19 -1 -1
Result 0 0.0 1000 0.44 0.23 0.18 0.19 0.22 0.17 -1 -1 -1 -1 -1
Evo 7204.43 -1000000.30 0.19 -60643.57 0.09 0.09 0.09 183564.25 5801.91 0.01 0.15 0.16 -1 -1
Result 0 0.0 1000 0.48 0.22 0.19 0.22 0.19 0.18 -1 -1 -1 -1 -1
Evo 6418.26 -844512.82 999999.90 -99062.95 -177.91 0.09 0.09 234119.11 9486.99 0.02 0.21 0.26 -1 -1
Result 1 1.0 608 0.48 0.21 0.19 0.22 0.20 0.18 -1 -1 -1 -1 -1
Evo 7307.82 -999999.94 0.18 -57640.40 0.08 0.09 0.09 176451.17 5577.09 0.01 0.21 0.24 -1 -1
Result 0 0.0 1000 0.47 0.22 0.19 0.21 0.19 0.19 -1 -1 -1 -1 -1
Evo 7322.36 -999999.77 0.16 -63395.48 0.08 0.09 0.09 189555.66 5991.28 0.01 0.15 0.18 -1 -1
Result 0 0.0 1000 0.45 0.21 0.19 0.22 0.20 0.18 -1 -1 -1 -1 -1
Evo 7050.05 -948571.11 1000000.37 -66659.53 0.08 0.09 0.09 208351.96 6922.03 0.01 0.21 0.26 -1 -1
Result 1 1.0 905 0.45 0.22 0.19 0.19 0.24 0.16 -1 -1 -1 -1 -1
Evo 7187.17 -999999.75 0.16 -69875.63 0.08 0.09 0.09 213061.35 6734.23 0.01 0.07 0.08 -1 -1
Result 0 0.0 1000 0.41 0.22 0.19 0.22 0.21 0.15 -1 -1 -1 -1 -1
Evo 6868.37 -938461.65 1000000.52 -88553.71 0.08 0.09 0.09 239542.00 8799.80 0.01 0.26 0.29 -1 -1
Result 1 1.0 740 0.44 0.22 0.19 0.21 0.20 0.17 -1 -1 -1 -1 -1
Evo 7249.07 -1000000.27 0.15 -63327.10 0.08 0.09 0.09 197455.54 6240.97 0.01 0.07 0.08 -1 -1
Result 0 0.0 1000 0.43 0.21 0.19 0.21 0.22 0.16 -1 -1 -1 -1 -1
Evo 7253.86 -999999.98 0.15 -71074.57 0.08 0.09 0.09 217176.88 6864.30 0.01 0.09 0.23 -1 -1
Result 0 0.0 1000 0.44 0.21 0.18 0.22 0.21 0.18 -1 -1 -1 -1 -1
Evo 4899.79 -943396.07 999999.61 -170145.37 -235455.77 0.08 0.09 304883.92 15225.18 0.02 0.16 0.21 -1 -1
Result 1 1.0 400 0.48 0.23 0.18 0.21 0.22 0.15 -1 -1 -1 -1 -1
Evo 7004.47 -999999.68 0.16 -62627.75 0.08 0.09 0.09 197092.78 6229.51 0.01 0.07 0.08 -1 -1
Result 0 0.0 1000 0.47 0.21 0.18 0.21 0.22 0.18 -1 -1 -1 -1 -1
Evo 7055.76 -999999.57 0.13 -70835.76 0.08 0.09 0.09 208838.31 6600.75 0.01 0.19 0.22 -1 -1
Result 0 0.0 1000 0.46 0.23 0.17 0.22 0.19 0.19 -1 -1 -1 -1 -1
Evo 7280.75 -999999.90 0.15 -60687.66 0.08 0.09 0.09 191326.01 6047.24 0.01 0.26 0.29 -1 -1
Result 0 0.0 1000 0.46 0.24 0.17 0.20 0.19 0.20 -1 -1 -1 -1 -1
Evo 7154.17 -999999.47 0.15 -59099.17 0.08 0.09 0.09 188303.66 5951.71 0.01 0.19 0.21 -1 -1
Result 0 0.0 1000 0.46 0.21 0.17 0.20 0.25 0.18 -1 -1 -1 -1 -1
Evo 7259.08 -999999.58 0.15 -66948.17 0.08 0.09 0.09 207250.16 6550.55 0.01 0.09 0.14 -1 -1
Result 0 0.0 1000 0.43 0.21 0.17 0.23 0.21 0.16 -1 -1 -1 -1 -1
Evo 7138.79 -1000000.34 0.15 -69735.86 0.08 0.09 0.09 216559.40 6844.79 0.01 0.07 0.09 -1 -1
Result 0 0.0 1000 0.43 0.20 0.18 0.22 0.22 0.17 -1 -1 -1 -1 -1
Evo 7125.15 -999999.44 0.15 -67530.32 0.08 0.09 0.09 206851.45 6537.95 0.01 0.26 0.28 -1 -1
Result 0 0.0 1000 0.45 0.19 0.19 0.21 0.23 0.18 -1 -1 -1 -1 -1
Evo 6079.96 -955974.71 999999.71 -110231.81 0.08 0.09 0.09 265350.49 10116.39 0.01 0.17 0.21 -1 -1
Result 1 1.0 687 0.42 0.23 0.18 0.22 0.21 0.16 -1 -1 -1 -1 -1
Evo 7270.11 -1000000.28 0.15 -59259.38 0.08 0.09 0.09 191087.21 6039.69 0.01 0.09 0.14 -1 -1
Result 0 0.0 1000 0.45 0.23 0.16 0.19 0.24 0.19 -1 -1 -1 -1 -1
Evo 7314.32 -1000000.30 0.16 -71546.16 0.08 0.09 0.09 218248.22 6898.17 0.01 0.07 0.08 -1 -1
Result 0 0.0 1000 0.44 0.20 0.21 0.21 0.21 0.18 -1 -1 -1 -1 -1
Evo 7333.52 -1000000.07 0.15 -66468.76 0.08 0.09 0.09 210007.58 6637.70 0.01 0.07 0.08 -1 -1
Result 0 0.0 1000 0.42 0.21 0.19 0.22 0.22 0.16 -1 -1 -1 -1 -1
Evo 7272.38 -999999.83 0.15 -60946.96 0.08 0.09 0.09 188852.05 5969.04 0.01 0.09 0.14 -1 -1
Result 0 0.0 1000 0.43 0.22 0.18 0.24 0.20 0.16 -1 -1 -1 -1 -1
Evo 5949.80 -979729.90 1000000.52 -109955.22 -11195.58 0.09 0.09 256433.50 10778.70 0.02 0.24 0.28 -1 -1
Result 1 1.0 565 0.43 0.23 0.18 0.23 0.19 0.17 -1 -1 -1 -1 -1
Evo 7188.51 -1000000.02 0.16 -70311.07 0.08 0.09 0.09 211854.89 6696.09 0.01 0.07 0.08 -1 -1
Result 0 0.0 1000 0.43 0.22 0.19 0.21 0.21 0.17 -1 -1 -1 -1 -1
Evo 7333.14 -1000000.06 0.18 -59375.33 0.09 0.09 0.09 180373.75 5701.07 0.01 0.33 0.39 -1 -1
Result 0 -1.0 1000 0.48 0.21 0.20 0.22 0.19 0.17 -1 -1 -1 -1 -1
Evo 6922.51 -999999.72 0.19 -62133.47 0.08 0.09 0.09 184779.68 5840.33 0.01 0.21 0.23 -1 -1
Result 0 0.0 1000 0.43 0.22 0.22 0.22 0.17 0.17 -1 -1 -1 -1 -1
Evo 7010.17 -999999.97 0.19 -59475.33 0.08 0.09 0.09 178222.97 5633.09 0.01 0.30 0.35 -1 -1
Result 0 0.0 1000 0.48 0.23 0.22 0.22 0.15 0.19 -1 -1 -1 -1 -1
Evo 7300.97 -999999.89 0.17 -59297.39 0.08 0.09 0.09 177237.17 5601.93 0.01 0.20 0.23 -1 -1
Result 0 0.0 1000 0.46 0.21 0.20 0.24 0.16 0.19 -1 -1 -1 -1 -1
Evo 7324.71 -999999.97 0.19 -54842.74 0.08 0.09 0.09 168946.41 5339.89 0.01 0.20 0.22 -1 -1
Result 0 0.0 1000 0.45 0.21 0.21 0.20 0.19 0.18 -1 -1 -1 -1 -1
Evo 7168.91 -1000000.19 0.18 -56272.56 0.08 0.09 0.09 173156.27 5472.95 0.01 0.38 0.42 -1 -1
Result 0 0.0 1000 0.47 0.21 0.20 0.21 0.19 0.20 -1 -1 -1 -1 -1
Evo 7111.99 -1000000.35 0.18 -60662.10 0.08 0.09 0.09 177280.37 5603.30 0.01 0.29 0.34 -1 -1
Result 0 0.0 1000 0.43 0.20 0.21 0.24 0.19 0.16 -1 -1 -1 -1 -1
Evo 7302.73 -1000000.03 0.17 -56471.05 0.08 0.09 0.09 176955.34 5593.02 0.01 0.21 0.26 -1 -1
Result 0 0.0 1000 0.48 0.21 0.21 0.22 0.19 0.18 -1 -1 -1 -1 -1
Evo 7257.43 -999999.61 0.17 -53963.95 0.09 0.09 0.09 169869.40 5369.06 0.01 0.20 0.23 -1 -1
Result 0 0.0 1000 0.44 0.20 0.22 0.22 0.18 0.18 -1 -1 -1 -1 -1
Evo 7030.55 -1000000.37 0.21 -60018.62 0.09 0.09 0.09 181391.49 5733.24 0.01 0.27 0.32 -1 -1
Result 0 0.0 1000 0.43 0.18 0.20 0.26 0.19 0.17 -1 -1 -1 -1 -1
Evo 7192.91 -999999.78 0.18 -60865.83 0.09 0.09 0.09 177787.27 5619.32 0.01 0.20 0.23 -1 -1
Result 0 0.0 1000 0.48 0.19 0.21 0.22 0.21 0.17 -1 -1 -1 -1 -1
Evo 7220.21 -1000000.12 0.20 -56496.16 0.08 0.09 0.09 176314.20 5572.76 0.01 0.23 0.27 -1 -1
Result 0 0.0 1000 0.47 0.20 0.23 0.21 0.18 0.18 -1 -1 -1 -1 -1
Evo 7367.72 -1000000.24 0.19 -57407.68 0.08 0.09 0.09 179111.39 5661.17 0.01 0.22 0.26 -1 -1
Result 0 0.0 1000 0.44 0.20 0.22 0.17 0.19 0.22 -1 -1 -1 -1 -1
Evo 6956.72 -1000000.13 0.19 -56424.62 0.08 0.09 0.09 174868.42 5527.06 0.01 0.38 0.43 -1 -1
Result 0 0.0 1000 0.46 0.22 0.22 0.19 0.20 0.17 -1 -1 -1 -1 -1
Evo 7026.87 -999999.83 0.19 -61218.40 0.08 0.09 0.09 183013.08 5784.49 0.01 0.33 0.38 -1 -1
Result 0 0.0 1000 0.49 0.20 0.20 0.23 0.18 0.18 -1 -1 -1 -1 -1
Evo 7223.54 -1000000.19 0.16 -57279.35 0.08 0.09 0.09 172516.84 5452.74 0.01 0.20 0.22 -1 -1
Result 0 -1.0 1000 0.46 0.21 0.22 0.21 0.16 0.20 -1 -1 -1 -1 -1
Evo 6083.37 -825687.51 999999.95 -98386.18 -2546.17 0.09 0.09 228968.84 9210.48 0.02 0.35 0.43 -1 -1
Result 1 1.0 617 0.44 0.17 0.24 0.19 0.22 0.18 -1 -1 -1 -1 -1
Evo 7240.37 -1000000.04 0.19 -59463.59 0.08 0.09 0.09 178145.69 5630.65 0.01 0.22 0.26 -1 -1
Result 0 0.0 1000 0.45 0.18 0.21 0.24 0.19 0.18 -1 -1 -1 -1 -1
Evo 7109.23 -999999.51 0.19 -58086.30 0.08 0.09 0.09 179402.75 5670.38 0.01 0.34 0.38 -1 -1
Result 0 0.0 1000 0.44 0.20 0.21 0.21 0.20 0.17 -1 -1 -1 -1 -1
Evo 7067.03 -999999.94 0.20 -57319.79 0.08 0.09 0.09 177533.00 5611.28 0.01 0.21 0.26 -1 -1
Result 0 0.0 1000 0.47 0.22 0.22 0.20 0.16 0.20 -1 -1 -1 -1 -1
Evo 6698.99 -1000000.29 0.39 -13387.63 0.09 0.09 0.09 51518.15 1628.33 0.01 0.22 0.25 -1 -1
Result 0 0.0 1000 0.46 0.18 0.20 0.19 0.22 0.20 -1 -1 -1 -1 -1
Evo 6621.57 -1000000.01 0.40 -14975.59 0.09 0.09 0.09 51393.64 1624.40 0.01 0.21 0.24 -1 -1
Result 0 0.0 1000 0.47 0.20 0.20 0.21 0.20 0.19 -1 -1 -1 -1 -1
Evo 6614.01 -999999.66 0.41 -11195.49 0.09 0.09 0.09 47866.39 1512.91 0.01 0.30 0.32 -1 -1
Result 0 0.0 1000 0.48 0.18 0.19 0.18 0.23 0.22 -1 -1 -1 -1 -1
Evo 6659.04 -999999.79 0.40 -16133.94 0.09 0.09 0.09 58546.30 1850.47 0.01 0.21 0.25 -1 -1
Result 0 0.0 1000 0.45 0.21 0.20 0.18 0.20 0.20 -1 -1 -1 -1 -1
Evo 6816.07 -999999.50 0.43 -12075.36 0.09 0.09 0.09 47785.95 1510.37 0.01 0.17 0.21 -1 -1
Result 0 0.0 1000 0.46 0.20 0.19 0.19 0.22 0.20 -1 -1 -1 -1 -1
Evo 6788.05 -1000000.19 0.38 -13745.83 0.08 0.09 0.09 50320.95 1590.49 0.01 0.40 0.44 -1 -1
Result 0 0.0 1000 0.46 0.19 0.19 0.19 0.20 0.22 -1 -1 -1 -1 -1
Evo 6838.69 -999999.54 0.35 -13319.14 0.09 0.09 0.09 50770.22 1604.69 0.01 0.12 0.16 -1 -1
Result 0 0.0 1000 0.47 0.19 0.18 0.19 0.24 0.20 -1 -1 -1 -1 -1
Evo 6423.25 -999999.84 0.36 -14759.81 0.09 0.09 0.09 55521.73 1754.87 0.01 0.21 0.24 -1 -1
Result 0 0.0 1000 0.47 0.20 0.19 0.20 0.18 0.22 -1 -1 -1 -1 -1
Evo 6893.48 -999999.57 0.38 -12269.78 0.09 0.09 0.09 49018.73 1549.33 0.01 0.20 0.23 -1 -1
Result 0 0.0 1000 0.45 0.21 0.19 0.18 0.21 0.21 -1 -1 -1 -1 -1
Evo 6509.21 -1000000.27 0.41 -16771.56 0.09 0.09 0.09 59316.11 1874.80 0.01 0.13 0.19 -1 -1
Result 0 0.0 1000 0.48 0.22 0.19 0.18 0.19 0.22 -1 -1 -1 -1 -1
Evo 6846.73 -999999.49 0.38 -14055.72 0.08 0.09 0.09 52978.13 1674.48 0.01 0.40 0.44 -1 -1
Result 0 0.0 1000 0.46 0.23 0.17 0.19 0.22 0.20 -1 -1 -1 -1 -1
Evo 6569.35 -999999.93 0.37 -13109.01 0.08 0.09 0.09 48759.72 1541.15 0.01 0.32 0.35 -1 -1
Result 0 0.0 1000 0.45 0.21 0.20 0.20 0.21 0.18 -1 -1 -1 -1 -1
Evo 6739.06 -999999.67 0.38 -13496.41 0.09 0.09 0.09 49636.00 1568.84 0.01 0.23 0.27 -1 -1
Result 0 0.0 1000 0.46 0.22 0.19 0.18 0.21 0.20 -1 -1 -1 -1 -1
Evo 6347.06 -999999.75 0.43 -12708.01 0.08 0.09 0.09 48746.50 1540.73 0.01 0.21 0.23 -1 -1
Result 0 0.0 1000 0.46 0.21 0.21 0.19 0.18 0.21 -1 -1 -1 -1 -1
Evo 6746.38 -999999.56 0.42 -12781.49 0.09 0.09 0.09 49496.41 1564.43 0.01 0.20 0.23 -1 -1
Result 0 0.0 1000 0.45 0.20 0.23 0.19 0.19 0.19 -1 -1 -1 -1 -1
Evo 6983.52 -1000000.16 0.37 -14249.69 0.09 0.09 0.09 53708.56 1697.57 0.01 0.21 0.23 -1 -1
Result 0 0.0 1000 0.47 0.18 0.20 0.19 0.21 0.21 -1 -1 -1 -1 -1
Evo 6281.30 -1000000.09 0.40 -13638.58 0.09 0.09 0.09 48601.79 1536.16 0.01 0.22 0.25 -1 -1
Result 0 0.0 1000 0.48 0.19 0.19 0.22 0.18 0.21 -1 -1 -1 -1 -1
Evo 6702.91 -999999.75 0.38 -13260.74 0.08 0.09 0.09 49391.89 1561.13 0.01 0.41 0.45 -1 -1
Result 0 0.0 1000 0.47 0.23 0.18 0.21 0.17 0.21 -1 -1 -1 -1 -1
Evo 6730.90 -999999.70 0.40 -14657.78 0.07 0.09 0.09 54181.34 1712.51 0.01 0.34 0.40 -1 -1
Result 0 0.0 1000 0.44 0.22 0.21 0.18 0.17 0.22 -1 -1 -1 -1 -1
Evo 6685.20 -1000000.02 0.43 -10468.28 0.09 0.09 0.09 47628.10 1505.38 0.01 0.22 0.26 -1 -1
Result 0 0.0 1000 0.46 0.19 0.21 0.20 0.19 0.21 -1 -1 -1 -1 -1
