Evo 1442.27 -840425.49 0.64 -212053.59 -456806.96 -39970.87 0.13 268533.30 17191.08 0.03 0.05 0.09 -1 -1
Result 0 -1.0 243 0.42 0.21 0.21 0.28 0.14 0.16 -1 -1 -1 -1 -1
Evo 3744.83 -746086.26 0.64 -172378.81 -375290.90 0.09 0.09 256114.49 14272.70 0.03 0.06 0.10 -1 -1
Result 0 -1.0 321 0.47 0.21 0.25 0.21 0.12 0.20 -1 -1 -1 -1 -1
Evo 670.13 -752687.86 0.64 -258555.72 -540300.25 -143525.73 -844.49 274051.53 19575.11 0.04 0.03 0.06 -1 -1
Result 0 -1.0 195 0.50 0.23 0.26 0.25 0.15 0.11 -1 -1 -1 -1 -1
Evo 6181.05 -791325.33 0.65 -92237.36 -1061.99 0.09 0.09 207059.59 8467.30 0.02 0.12 0.17 -1 -1
Result 0 -1.0 597 0.49 0.18 0.22 0.23 0.20 0.17 -1 -1 -1 -1 -1
Evo 5417.33 -839622.74 0.64 -104970.33 -31198.60 0.09 0.09 215577.49 9768.75 0.02 0.07 0.12 -1 -1
Result 0 -1.0 486 0.46 0.22 0.22 0.22 0.15 0.19 -1 -1 -1 -1 -1
Evo 6333.69 -806122.36 0.67 -80526.34 0.08 0.09 0.09 193375.91 7454.09 0.01 0.13 0.16 -1 -1
Result 0 -1.0 672 0.44 0.21 0.21 0.23 0.19 0.17 -1 -1 -1 -1 -1
Evo 1748.71 -790475.97 0.64 -199626.44 -437575.54 -20633.76 0.11 260961.93 16604.61 0.03 0.04 0.08 -1 -1
Result 0 -1.0 246 0.47 0.24 0.22 0.21 0.16 0.17 -1 -1 -1 -1 -1
Evo 5289.80 -780122.05 0.65 -104667.62 -46471.74 0.09 0.09 212169.37 9644.06 0.02 0.10 0.15 -1 -1
Result 0 -1.0 483 0.48 0.21 0.22 0.23 0.17 0.17 -1 -1 -1 -1 -1
Evo 2720.80 -767676.16 0.64 -182063.40 -379599.36 -8189.76 0.09 252201.68 15071.93 0.03 0.06 0.11 -1 -1
Result 0 -1.0 279 0.40 0.20 0.27 0.24 0.15 0.14 -1 -1 -1 -1 -1
Evo 4467.76 -800000.07 0.67 -140335.50 -208713.55 0.09 0.09 238079.26 12582.88 0.02 0.04 0.09 -1 -1
Result 0 -1.0 357 0.45 0.23 0.21 0.21 0.16 0.18 -1 -1 -1 -1 -1
Evo 2943.80 -773757.43 0.64 -193270.74 -374075.74 -8604.33 0.09 261805.63 15645.88 0.03 0.05 0.11 -1 -1
Result 0 -1.0 279 0.49 0.18 0.23 0.23 0.17 0.19 -1 -1 -1 -1 -1
Evo 3846.08 -782608.51 0.67 -155994.33 -249315.35 0.09 0.09 252193.72 13617.18 0.02 0.11 0.16 -1 -1
Result 0 -1.0 342 0.47 0.19 0.22 0.20 0.17 0.21 -1 -1 -1 -1 -1
Evo 4331.89 -752687.76 0.67 -145081.11 -214421.80 0.09 0.09 242863.64 12425.98 0.02 0.09 0.13 -1 -1
Result 0 -1.0 381 0.49 0.21 0.23 0.23 0.16 0.17 -1 -1 -1 -1 -1
Evo 3645.75 -776220.20 0.67 -163352.14 -317965.88 0.09 0.09 250360.15 13952.03 0.03 0.06 0.10 -1 -1
Result 0 -1.0 321 0.44 0.25 0.24 0.20 0.14 0.17 -1 -1 -1 -1 -1
Evo 5641.52 -793103.31 0.65 -93801.06 -11942.01 0.09 0.09 207557.25 8874.51 0.02 0.11 0.16 -1 -1
Result 0 -1.0 546 0.49 0.18 0.23 0.24 0.16 0.19 -1 -1 -1 -1 -1
Evo 4428.54 -814432.76 0.65 -160986.18 -291016.86 0.09 0.09 250448.74 13236.63 0.02 0.07 0.11 -1 -1
Result 0 -1.0 357 0.51 0.18 0.23 0.26 0.17 0.16 -1 -1 -1 -1 -1
Evo 3724.01 -744680.80 0.64 -171564.64 -342437.58 0.06 0.09 251770.60 14511.82 0.03 0.06 0.09 -1 -1
Result 0 -1.0 300 0.51 0.19 0.25 0.26 0.17 0.13 -1 -1 -1 -1 -1
Evo 5248.64 -765369.47 0.64 -106409.61 -28375.12 0.09 0.09 217884.72 9638.65 0.02 0.07 0.11 -1 -1
Result 0 -1.0 510 0.47 0.21 0.22 0.21 0.18 0.18 -1 -1 -1 -1 -1
Evo 4864.48 -813147.59 0.64 -119521.61 -76986.49 0.09 0.09 225974.40 11013.32 0.02 0.13 0.20 -1 -1
Result 0 -1.0 420 0.48 0.18 0.21 0.25 0.14 0.22 -1 -1 -1 -1 -1
Evo 2396.90 -786832.48 0.65 -194841.54 -409031.46 -17188.68 0.09 264076.62 16131.05 0.03 0.07 0.11 -1 -1
Result 0 -1.0 267 0.38 0.20 0.24 0.23 0.20 0.13 -1 -1 -1 -1 -1
Evo 2661.88 -343749.52 0.65 -42259.99 -67728.87 0.09 0.26 70640.45 3918.43 0.03 0.05 0.08 -1 -1
Result 0 -1.0 324 0.44 0.24 0.17 0.20 0.21 0.18 -1 -1 -1 -1 -1
Evo 768.75 -281069.28 0.72 -53989.87 -95920.86 -5916.91 0.25 76270.35 4712.00 0.03 0.04 0.08 -1 -1
Result 0 -1.0 261 0.47 0.20 0.23 0.19 0.18 0.21 -1 -1 -1 -1 -1
Evo 729.90 -394736.50 0.64 -54269.09 -95237.83 0.09 0.26 84654.88 5200.31 0.03 0.04 0.07 -1 -1
Result 0 -1.0 264 0.47 0.17 0.21 0.20 0.21 0.21 -1 -1 -1 -1 -1
Evo 4613.28 -358399.78 0.64 -28668.01 -4219.19 0.09 0.09 63932.09 2861.99 0.02 0.07 0.10 -1 -1
Result 0 -1.0 498 0.43 0.20 0.21 0.21 0.21 0.17 -1 -1 -1 -1 -1
Evo 2833.75 -344261.92 0.64 -34282.34 -37265.70 0.09 0.22 66210.49 3484.76 0.02 0.08 0.11 -1 -1
Result 0 -1.0 360 0.44 0.21 0.21 0.17 0.21 0.19 -1 -1 -1 -1 -1
Evo 4458.60 -1000000.35 0.64 -32411.90 -16853.70 0.09 0.11 79379.81 3661.52 0.02 0.05 0.08 -1 -1
Result 0 -1.0 469 0.42 0.19 0.23 0.19 0.23 0.16 -1 -1 -1 -1 -1
Evo 3876.11 -387407.20 0.65 -32503.35 -21276.27 0.09 0.15 67755.17 3138.70 0.02 0.11 0.17 -1 -1
Result 0 -1.0 465 0.49 0.19 0.18 0.23 0.20 0.20 -1 -1 -1 -1 -1
Evo 3328.02 -318181.42 0.64 -36048.83 -39680.69 0.09 0.17 67815.15 3539.92 0.02 0.08 0.12 -1 -1
Result 0 -1.0 366 0.46 0.19 0.20 0.19 0.23 0.20 -1 -1 -1 -1 -1
Evo 2374.49 -267439.88 0.67 -40421.01 -64635.18 0.09 0.19 68112.75 3512.65 0.02 0.06 0.09 -1 -1
Result 0 -1.0 375 0.47 0.18 0.19 0.20 0.22 0.21 -1 -1 -1 -1 -1
Evo 5606.01 -322580.16 0.67 -18634.50 0.09 0.09 0.09 51797.37 1949.42 0.01 0.08 0.11 -1 -1
Result 0 -1.0 705 0.45 0.21 0.20 0.20 0.21 0.19 -1 -1 -1 -1 -1
Evo 3127.64 -325203.04 0.65 -39602.63 -35560.98 0.09 0.18 75105.48 4003.14 0.02 0.07 0.10 -1 -1
Result 0 -1.0 351 0.45 0.22 0.22 0.18 0.19 0.18 -1 -1 -1 -1 -1
Evo 5497.14 -365384.26 0.65 -20779.56 0.09 0.09 0.09 56602.23 2172.19 0.01 0.14 0.20 -1 -1
Result 0 -1.0 678 0.46 0.20 0.19 0.21 0.21 0.19 -1 -1 -1 -1 -1
Evo 4974.43 -305733.09 0.64 -26849.07 0.09 0.09 0.09 61979.93 2687.17 0.02 0.06 0.09 -1 -1
Result 0 -1.0 531 0.45 0.24 0.17 0.21 0.20 0.18 -1 -1 -1 -1 -1
Evo 2185.87 -333332.91 0.64 -47017.32 -68965.22 0.09 0.19 79105.01 4605.67 0.03 0.05 0.08 -1 -1
Result 0 -1.0 294 0.44 0.23 0.20 0.18 0.19 0.19 -1 -1 -1 -1 -1
Evo 5212.11 -333086.61 0.65 -20881.01 0.09 0.09 0.09 56399.77 2188.74 0.01 0.05 0.08 -1 -1
Result 0 -1.0 663 0.45 0.20 0.19 0.20 0.22 0.19 -1 -1 -1 -1 -1
Evo 6504.91 -389830.05 0.64 -15798.46 0.09 0.09 0.09 52277.18 1793.09 0.01 0.08 0.11 -1 -1
Result 0 -1.0 849 0.44 0.20 0.21 0.21 0.21 0.18 -1 -1 -1 -1 -1
Evo 1049.59 -361043.67 0.67 -51127.19 -84084.12 0.11 0.24 80329.66 4725.27 0.03 0.04 0.08 -1 -1
Result 0 -1.0 288 0.48 0.22 0.17 0.21 0.17 0.22 -1 -1 -1 -1 -1
Evo 5145.33 -370967.37 0.64 -24471.08 0.09 0.09 0.09 63153.46 2635.97 0.02 0.05 0.08 -1 -1
Result 0 -1.0 573 0.47 0.19 0.20 0.18 0.22 0.21 -1 -1 -1 -1 -1
Evo 3448.69 -406779.31 0.65 -35883.70 -39866.33 0.09 0.18 72672.25 3793.46 0.02 0.04 0.07 -1 -1
Result 0 -1.0 366 0.43 0.20 0.21 0.17 0.25 0.17 -1 -1 -1 -1 -1
Evo 4734.63 -370967.40 0.64 -25619.83 0.08 0.09 0.11 58271.61 2540.76 0.02 0.11 0.16 -1 -1
Result 0 -1.0 525 0.48 0.19 0.19 0.21 0.19 0.22 -1 -1 -1 -1 -1
Evo 2.03 -962962.29 -802315.03 -916749.47 -949051.24 -928737.57 -894805.15 38552.07 6815.11 0.16 0.02 0.05 -1 -1
Result 0 -1.0 31 0.50 0.13 0.22 0.25 0.16 0.25 -1 -1 -1 -1 -1
Evo 2845.38 -952702.61 0.67 -205315.17 -355698.90 0.08 0.11 332214.09 17632.09 0.02 0.09 0.13 -1 -1
Result 0 -1.0 354 0.50 0.23 0.22 0.25 0.16 0.15 -1 -1 -1 -1 -1
Evo 3901.85 -968354.42 0.65 -216046.37 -380732.97 0.09 0.09 346324.73 17719.51 0.02 0.06 0.11 -1 -1
Result 0 -1.0 381 0.44 0.21 0.22 0.24 0.15 0.18 -1 -1 -1 -1 -1
Evo 1.84 -959620.15 -413083.40 -874292.60 -920854.31 -898652.26 -890812.72 107359.94 14346.58 0.10 0.04 0.09 -1 -1
Result 0 -1.0 55 0.49 0.18 0.13 0.23 0.21 0.25 -1 -1 -1 -1 -1
Evo 1.26 -980262.92 -413082.88 -870702.63 -911850.49 -884648.97 -843408.11 80607.87 10869.16 0.11 0.03 0.07 -1 -1
Result 0 -1.0 54 0.45 0.22 0.18 0.18 0.20 0.22 -1 -1 -1 -1 -1
Evo 1.82 -977982.23 -898157.47 -946831.87 -960090.28 -948046.97 -935105.09 21723.21 4033.90 0.17 0.02 0.06 -1 -1
Result 0 -1.0 28 0.34 0.07 0.24 0.10 0.14 0.45 -1 -1 -1 -1 -1
Evo 1.48 -946637.91 -434371.47 -887970.59 -926527.42 -918927.33 -867149.37 81797.06 11029.51 0.11 0.03 0.07 -1 -1
Result 0 -1.0 54 0.48 0.16 0.16 0.24 0.22 0.22 -1 -1 -1 -1 -1
Evo 2.07 -980865.61 -767336.26 -910442.87 -930065.48 -907010.11 -894266.84 36656.72 6692.57 0.16 0.01 0.06 -1 -1
Result 0 -1.0 29 0.39 0.37 0.20 0.20 0.10 0.13 -1 -1 -1 -1 -1
Evo 2322.60 -999999.45 0.84 -236872.06 -476288.48 -24060.23 0.09 323748.07 20194.85 0.03 0.04 0.06 -1 -1
Result 0 -1.0 256 0.40 0.26 0.19 0.28 0.13 0.14 -1 -1 -1 -1 -1
Evo 4012.97 -980392.25 0.64 -182363.30 -272654.41 0.08 0.09 307531.10 16322.06 0.02 0.08 0.10 -1 -1
Result 0 -1.0 354 0.41 0.24 0.21 0.25 0.15 0.15 -1 -1 -1 -1 -1
Evo 3.55 -959509.26 -784079.21 -886350.71 -909502.66 -884455.03 -855798.12 39746.95 5089.08 0.10 0.03 0.07 -1 -1
Result 0 -1.0 60 0.51 0.20 0.18 0.28 0.20 0.15 -1 -1 -1 -1 -1
Evo 1.25 -981012.12 0.20 -855216.49 -914304.74 -874136.88 -826166.41 130837.40 17483.88 0.10 0.03 0.05 -1 -1
Result 0 -1.0 55 0.49 0.20 0.11 0.23 0.18 0.29 -1 -1 -1 -1 -1
Evo 3.87 -961601.31 -513360.73 -901982.32 -944944.32 -923592.28 -891946.24 88766.19 15942.88 0.16 0.02 0.06 -1 -1
Result 0 -1.0 30 0.26 0.16 0.26 0.06 0.26 0.26 -1 -1 -1 -1 -1
Evo 1.81 -972602.09 -877255.51 -929338.82 -948977.43 -931725.16 -919162.63 25406.84 4491.34 0.16 0.02 0.06 -1 -1
Result 0 -1.0 31 0.42 0.19 0.06 0.16 0.34 0.25 -1 -1 -1 -1 -1
Evo 1.19 -987341.87 -793838.56 -922250.37 -947668.03 -930665.74 -900967.01 37842.87 6689.74 0.16 0.02 0.05 -1 -1
Result 0 -1.0 31 0.42 0.25 0.22 0.16 0.19 0.19 -1 -1 -1 -1 -1
Evo 3.24 -972977.34 -723953.90 -890601.66 -933473.01 -899714.02 -859535.47 53731.54 6204.38 0.08 0.05 0.11 -1 -1
Result 0 -1.0 74 0.46 0.20 0.17 0.20 0.17 0.25 -1 -1 -1 -1 -1
Evo 2152.88 -948148.11 0.65 -273537.28 -701731.72 -25047.83 0.09 365770.39 23133.35 0.03 0.09 0.14 -1 -1
Result 0 -1.0 249 0.38 0.24 0.21 0.25 0.17 0.13 -1 -1 -1 -1 -1
Evo 1.19 -955943.05 -603774.64 -861965.62 -926456.58 -860746.89 -821365.96 73655.98 10023.31 0.11 0.03 0.07 -1 -1
Result 0 -1.0 53 0.49 0.20 0.15 0.17 0.24 0.24 -1 -1 -1 -1 -1
Evo 2.39 -967553.32 -485148.44 -887377.90 -937533.02 -915191.62 -861301.13 91629.36 15714.30 0.15 0.03 0.05 -1 -1
Result 0 -1.0 33 0.49 0.09 0.24 0.15 0.29 0.24 -1 -1 -1 -1 -1
Evo 1.17 -952208.62 0.24 -832242.49 -903079.98 -848357.06 -813262.57 136849.63 18452.80 0.11 0.03 0.07 -1 -1
Result 0 -1.0 54 0.51 0.11 0.18 0.27 0.18 0.25 -1 -1 -1 -1 -1
Evo 4775.13 -723893.76 0.64 -81329.30 -34907.43 0.09 0.09 170866.18 7839.88 0.02 0.05 0.09 -1 -1
Result 0 -1.0 474 0.36 0.23 0.19 0.11 0.24 0.23 -1 -1 -1 -1 -1
Evo 5737.31 -801980.01 0.65 -62886.46 0.09 0.09 0.09 157509.89 6457.28 0.02 0.08 0.11 -1 -1
Result 0 -1.0 594 0.40 0.23 0.21 0.14 0.22 0.20 -1 -1 -1 -1 -1
Evo 2790.97 -719999.68 0.64 -138493.46 -192865.74 0.09 0.11 231031.94 13316.46 0.03 0.05 0.10 -1 -1
Result 0 -1.0 300 0.49 0.22 0.20 0.15 0.21 0.23 -1 -1 -1 -1 -1
Evo 1622.88 -770833.21 0.64 -144194.09 -190682.50 0.11 0.17 241440.97 14129.26 0.03 0.06 0.09 -1 -1
Result 0 -1.0 291 0.38 0.20 0.21 0.13 0.22 0.24 -1 -1 -1 -1 -1
Evo 1205.57 -735242.11 0.65 -138907.13 -262711.76 -14422.86 0.17 202029.08 12701.46 0.03 0.06 0.13 -1 -1
Result 0 -1.0 252 0.36 0.25 0.19 0.12 0.19 0.25 -1 -1 -1 -1 -1
Evo 5887.28 -731372.88 0.67 -63663.17 0.09 0.09 0.09 161321.07 6733.41 0.02 0.07 0.10 -1 -1
Result 0 -1.0 573 0.42 0.18 0.21 0.16 0.23 0.22 -1 -1 -1 -1 -1
Evo 1948.26 -705395.26 0.65 -132310.50 -231748.67 -4586.93 0.13 200218.72 12369.55 0.03 0.07 0.10 -1 -1
Result 0 -1.0 261 0.49 0.20 0.23 0.13 0.21 0.23 -1 -1 -1 -1 -1
Evo 3157.81 -740511.81 0.64 -138441.78 -179312.91 0.09 0.11 231862.71 13168.92 0.03 0.06 0.09 -1 -1
Result 0 -1.0 309 0.42 0.20 0.20 0.16 0.19 0.26 -1 -1 -1 -1 -1
Evo 1679.32 -704532.83 0.64 -150776.26 -302520.88 -13943.46 0.14 205415.63 13070.28 0.03 0.05 0.11 -1 -1
Result 0 -1.0 246 0.40 0.19 0.18 0.15 0.21 0.27 -1 -1 -1 -1 -1
Evo 4788.39 -701127.26 0.64 -85297.28 -73047.69 0.09 0.09 163285.51 7819.96 0.02 0.06 0.09 -1 -1
Result 0 -1.0 435 0.43 0.22 0.16 0.17 0.20 0.25 -1 -1 -1 -1 -1
Evo 2916.31 -739725.67 0.65 -173201.58 -448442.67 0.09 0.11 260243.91 15000.21 0.03 0.08 0.11 -1 -1
Result 0 -1.0 300 0.48 0.19 0.20 0.17 0.22 0.22 -1 -1 -1 -1 -1
Evo 1485.07 -721598.36 0.64 -140921.44 -249681.31 -2015.97 0.15 214751.94 13118.06 0.03 0.06 0.11 -1 -1
Result 0 -1.0 267 0.37 0.23 0.19 0.12 0.22 0.24 -1 -1 -1 -1 -1
Evo 3302.45 -752380.36 0.65 -110422.07 -92526.60 0.09 0.13 216309.93 11291.29 0.02 0.06 0.10 -1 -1
Result 0 -1.0 366 0.49 0.18 0.22 0.14 0.22 0.23 -1 -1 -1 -1 -1
Evo 3418.96 -698548.31 0.65 -118508.10 -178466.00 0.09 0.09 196715.60 10715.78 0.02 0.06 0.10 -1 -1
Result 0 -1.0 336 0.40 0.21 0.22 0.14 0.19 0.24 -1 -1 -1 -1 -1
Evo 2213.97 -787233.45 0.65 -135623.24 -238450.91 -4166.45 0.13 212139.08 13031.60 0.03 0.05 0.09 -1 -1
Result 0 -1.0 264 0.41 0.17 0.20 0.15 0.23 0.26 -1 -1 -1 -1 -1
Evo 1672.34 -797979.85 0.64 -129257.11 -239962.13 -2456.83 0.15 186110.52 11497.95 0.03 0.05 0.09 -1 -1
Result 0 -1.0 261 0.50 0.19 0.22 0.15 0.20 0.25 -1 -1 -1 -1 -1
Evo 1728.63 -700703.46 0.65 -185203.13 -299883.49 -36079.21 0.15 251419.06 16506.47 0.03 0.05 0.09 -1 -1
Result 0 -1.0 231 0.35 0.23 0.21 0.11 0.17 0.28 -1 -1 -1 -1 -1
Evo 5962.08 -757560.40 0.65 -53359.77 0.09 0.09 0.09 155353.04 5496.00 0.01 0.09 0.11 -1 -1
Result 0 -1.0 798 0.45 0.20 0.18 0.18 0.21 0.22 -1 -1 -1 -1 -1
Evo 7565.34 -735240.82 0.64 -35811.02 0.09 0.09 0.09 138503.09 3859.24 0.01 0.22 0.29 -1 -1
Result 0 -1.0 1287 0.46 0.21 0.19 0.19 0.21 0.20 -1 -1 -1 -1 -1
Evo 2805.80 -737814.75 0.65 -126620.18 -207002.30 0.09 0.13 209130.22 12301.78 0.03 0.06 0.10 -1 -1
Result 0 -1.0 288 0.37 0.28 0.19 0.12 0.18 0.23 -1 -1 -1 -1 -1
Evo 7313.46 -129031.90 0.64 -1515.96 0.09 0.09 0.09 9029.09 214.37 0.01 0.20 0.26 -1 -1
Result 0 -1.0 1773 0.48 0.19 0.19 0.22 0.21 0.19 -1 -1 -1 -1 -1
Evo 6277.92 -135908.50 0.67 -3010.98 0.09 0.09 0.09 13821.07 442.40 0.01 0.07 0.11 -1 -1
Result 0 -1.0 975 0.44 0.21 0.22 0.20 0.19 0.18 -1 -1 -1 -1 -1
Evo 915.43 -94339.21 0.64 -9476.25 -10752.38 0.24 0.40 19225.31 1061.54 0.03 0.05 0.09 -1 -1
Result 0 -1.0 327 0.45 0.21 0.21 0.22 0.17 0.19 -1 -1 -1 -1 -1
Evo 2684.38 -92592.17 0.64 -6230.65 0.09 0.22 0.39 17362.34 871.39 0.02 0.05 0.08 -1 -1
Result 0 -1.0 396 0.43 0.20 0.23 0.21 0.19 0.17 -1 -1 -1 -1 -1
Evo 4462.63 -179999.53 0.65 -5695.62 0.09 0.09 0.32 18186.91 725.74 0.01 0.06 0.10 -1 -1
Result 0 -1.0 627 0.45 0.22 0.21 0.21 0.18 0.18 -1 -1 -1 -1 -1
Evo 6374.41 -1000000.20 0.64 -3839.77 0.09 0.09 0.09 32979.97 1015.85 0.01 0.11 0.14 -1 -1
Result 0 -1.0 1053 0.45 0.21 0.19 0.21 0.20 0.19 -1 -1 -1 -1 -1
Evo 5153.49 -139534.43 0.67 -5647.96 0.09 0.09 0.21 18998.72 747.49 0.01 0.11 0.15 -1 -1
Result 0 -1.0 645 0.46 0.18 0.22 0.20 0.20 0.20 -1 -1 -1 -1 -1
Evo 6305.81 -93749.64 0.65 -2700.59 0.09 0.09 0.09 11303.09 334.62 0.01 0.10 0.12 -1 -1
Result 0 -1.0 1140 0.49 0.19 0.19 0.23 0.20 0.20 -1 -1 -1 -1 -1
Evo 6613.49 -999999.46 0.65 -3244.14 0.09 0.09 0.09 31589.86 941.41 0.01 0.12 0.16 -1 -1
Result 0 -1.0 1125 0.45 0.20 0.20 0.22 0.20 0.19 -1 -1 -1 -1 -1
Evo 3418.47 -146363.34 0.67 -7174.76 0.09 0.11 0.36 21954.76 1004.19 0.02 0.09 0.13 -1 -1
Result 0 -1.0 477 0.45 0.20 0.18 0.20 0.23 0.18 -1 -1 -1 -1 -1
Evo 4061.03 -163636.04 0.67 -5971.43 0.09 0.09 0.36 17362.38 736.33 0.02 0.07 0.10 -1 -1
Result 0 -1.0 555 0.46 0.19 0.20 0.24 0.18 0.19 -1 -1 -1 -1 -1
Evo 5355.86 -157894.43 0.65 -4483.08 0.09 0.09 0.27 17794.74 628.35 0.01 0.06 0.09 -1 -1
Result 0 -1.0 801 0.45 0.20 0.22 0.21 0.19 0.18 -1 -1 -1 -1 -1
Evo 5241.53 -999999.52 0.67 -8280.70 0.09 0.09 0.29 48099.60 1988.67 0.02 0.12 0.15 -1 -1
Result 0 -1.0 584 0.47 0.22 0.20 0.20 0.19 0.19 -1 -1 -1 -1 -1
Evo 3837.42 -136363.19 0.65 -5962.61 0.09 0.11 0.35 18538.56 829.90 0.02 0.12 0.16 -1 -1
Result 0 -1.0 498 0.47 0.19 0.21 0.20 0.19 0.20 -1 -1 -1 -1 -1
Evo 5911.42 -117646.45 0.64 -2609.38 0.09 0.09 0.17 12669.04 419.28 0.01 0.17 0.19 -1 -1
Result 0 -1.0 912 0.47 0.18 0.18 0.20 0.23 0.20 -1 -1 -1 -1 -1
Evo 4754.50 -142856.69 0.65 -3643.53 0.09 0.09 0.35 14932.10 568.04 0.01 0.08 0.11 -1 -1
Result 0 -1.0 690 0.46 0.19 0.22 0.21 0.18 0.20 -1 -1 -1 -1 -1
Evo 6450.97 -212765.58 0.65 -3283.06 0.09 0.09 0.09 15358.83 466.49 0.01 0.13 0.15 -1 -1
Result 0 -1.0 1083 0.47 0.21 0.20 0.20 0.21 0.18 -1 -1 -1 -1 -1
Evo 5151.63 -96153.42 0.64 -4082.40 0.09 0.09 0.31 14281.63 574.03 0.01 0.05 0.07 -1 -1
Result 0 -1.0 618 0.46 0.23 0.20 0.19 0.20 0.18 -1 -1 -1 -1 -1
Evo 2462.50 -118025.92 0.64 -6698.90 0.09 0.20 0.39 18943.37 943.64 0.02 0.07 0.09 -1 -1
Result 0 -1.0 402 0.44 0.21 0.21 0.18 0.23 0.18 -1 -1 -1 -1 -1
Evo 4830.21 -127659.17 0.65 -4649.37 0.09 0.09 0.26 14401.13 520.33 0.01 0.10 0.15 -1 -1
Result 0 -1.0 765 0.43 0.19 0.20 0.21 0.22 0.17 -1 -1 -1 -1 -1
