Evo 71.69 -1000000.07 0.67 -7270.13 0.65 0.65 0.65 83511.74 1866.91 0.01 0.18 0.29 -1 -1
Result 0 -20.0 2000 0.43 0.17 0.18 0.16 0.16 0.15 0.17 -1 -1 -1 -1
Evo 71.90 -1000000.09 0.67 -7140.55 0.65 0.65 0.65 83406.82 1864.57 0.01 0.23 0.33 -1 -1
Result 0 -29.0 2000 0.44 0.17 0.18 0.16 0.17 0.16 0.16 -1 -1 -1 -1
Evo 71.53 -1000000.01 0.67 -7647.61 0.65 0.65 0.65 83587.71 1868.61 0.01 0.25 0.41 -1 -1
Result 0 -24.0 2000 0.44 0.17 0.15 0.17 0.18 0.17 0.16 -1 -1 -1 -1
Evo 71.88 -1000000.03 0.67 -7012.51 0.65 0.65 0.65 83374.74 1863.85 0.01 0.19 0.26 -1 -1
Result 0 -22.0 2000 0.43 0.16 0.18 0.16 0.17 0.16 0.17 -1 -1 -1 -1
Evo 71.70 -999999.79 0.67 -7007.75 0.65 0.65 0.65 83373.51 1863.82 0.01 0.19 0.28 -1 -1
Result 0 -20.0 2000 0.44 0.17 0.16 0.17 0.18 0.15 0.17 -1 -1 -1 -1
Evo 71.84 -1000000.05 0.67 -6995.85 0.65 0.65 0.65 83372.82 1863.81 0.01 0.21 0.30 -1 -1
Result 0 -27.0 2000 0.43 0.17 0.17 0.17 0.16 0.15 0.16 -1 -1 -1 -1
Evo 71.72 -999999.90 0.67 -7066.32 0.65 0.65 0.65 83389.38 1864.18 0.01 0.18 0.28 -1 -1
Result 0 -20.0 2000 0.44 0.15 0.18 0.18 0.17 0.15 0.17 -1 -1 -1 -1
Evo 71.51 -999999.90 0.67 -7162.51 0.65 0.65 0.65 83423.39 1864.94 0.01 0.19 0.33 -1 -1
Result 0 -23.0 2000 0.44 0.18 0.16 0.16 0.18 0.16 0.17 -1 -1 -1 -1
Evo 71.83 -999999.96 0.67 -7058.72 0.65 0.65 0.65 83391.86 1864.23 0.01 0.16 0.26 -1 -1
Result 0 -18.0 2000 0.42 0.18 0.16 0.18 0.16 0.15 0.16 -1 -1 -1 -1
Evo 71.73 -999999.88 0.67 -7032.15 0.65 0.65 0.65 83379.27 1863.95 0.01 0.18 0.26 -1 -1
Result 0 -22.0 2000 0.43 0.16 0.17 0.19 0.16 0.15 0.17 -1 -1 -1 -1
Evo 71.73 -1000000.10 0.67 -7096.94 0.65 0.65 0.65 83394.47 1864.29 0.01 0.19 0.31 -1 -1
Result 0 -24.0 2000 0.43 0.17 0.18 0.17 0.16 0.15 0.17 -1 -1 -1 -1
Evo 71.89 -1000000.08 0.67 -7007.21 0.65 0.65 0.65 83373.42 1863.82 0.01 0.20 0.29 -1 -1
Result 0 -22.0 2000 0.43 0.17 0.16 0.17 0.17 0.17 0.16 -1 -1 -1 -1
Evo 71.91 -1000000.12 0.67 -7077.36 0.65 0.65 0.65 83395.16 1864.31 0.01 0.21 0.30 -1 -1
Result 0 -26.0 2000 0.43 0.16 0.17 0.18 0.16 0.15 0.18 -1 -1 -1 -1
Evo 71.57 -999999.75 0.67 -7679.72 0.64 0.65 0.65 83600.31 1868.89 0.01 0.23 0.36 -1 -1
Result 0 -29.0 2000 0.43 0.17 0.18 0.17 0.16 0.16 0.17 -1 -1 -1 -1
Evo 71.99 -1000000.17 0.67 -6995.85 0.65 0.65 0.65 83372.82 1863.81 0.01 0.17 0.27 -1 -1
Result 0 -21.0 2000 0.43 0.17 0.16 0.16 0.16 0.16 0.18 -1 -1 -1 -1
Evo 71.65 -999999.92 0.67 -7099.08 0.65 0.65 0.65 83406.53 1864.56 0.01 0.20 0.32 -1 -1
Result 0 -25.0 2000 0.45 0.18 0.15 0.17 0.18 0.15 0.17 -1 -1 -1 -1
Evo 71.84 -1000000.17 0.67 -7145.76 0.65 0.65 0.65 83396.37 1864.33 0.01 0.23 0.42 -1 -1
Result 0 -32.0 2000 0.45 0.16 0.17 0.16 0.18 0.18 0.15 -1 -1 -1 -1
Evo 71.73 -999999.86 0.67 -7210.10 0.65 0.65 0.65 83417.21 1864.80 0.01 0.22 0.29 -1 -1
Result 0 -24.0 2000 0.43 0.17 0.17 0.17 0.17 0.15 0.17 -1 -1 -1 -1
Evo 71.55 -1000000.18 0.67 -7096.47 0.65 0.65 0.65 83398.61 1864.38 0.01 0.14 0.25 -1 -1
Result 0 -16.0 2000 0.43 0.16 0.16 0.19 0.17 0.16 0.17 -1 -1 -1 -1
Evo 71.28 -1000000.13 0.67 -7695.28 0.62 0.65 0.65 83603.50 1868.96 0.01 0.23 0.45 -1 -1
Result 0 -32.0 2000 0.40 0.17 0.19 0.16 0.14 0.18 0.16 -1 -1 -1 -1
Evo 71.46 -999999.86 0.67 -7735.77 0.65 0.65 0.65 83595.58 1868.79 0.01 0.28 0.52 -1 -1
Result 0 -33.0 2000 0.42 0.16 0.17 0.15 0.16 0.19 0.17 -1 -1 -1 -1
Evo 71.76 -999999.98 0.67 -7146.82 0.65 0.65 0.65 83399.72 1864.41 0.01 0.33 0.50 -1 -1
Result 0 -33.0 2000 0.42 0.18 0.15 0.17 0.16 0.17 0.16 -1 -1 -1 -1
Evo 71.66 -1000000.08 0.67 -7455.94 0.64 0.65 0.65 83480.81 1866.22 0.01 0.26 0.44 -1 -1
Result 0 -30.0 2000 0.43 0.16 0.17 0.17 0.16 0.18 0.16 -1 -1 -1 -1
Evo 71.98 -999999.89 0.67 -7011.00 0.65 0.65 0.65 83374.29 1863.84 0.01 0.29 0.51 -1 -1
Result 0 -29.0 2000 0.42 0.17 0.16 0.16 0.15 0.18 0.18 -1 -1 -1 -1
Evo 71.69 -999999.97 0.67 -7214.61 0.65 0.65 0.65 83421.15 1864.89 0.01 0.39 0.61 -1 -1
Result 0 -42.0 2000 0.42 0.18 0.18 0.15 0.16 0.17 0.17 -1 -1 -1 -1
Evo 71.66 -999999.91 0.67 -7412.44 0.64 0.65 0.65 83458.35 1865.72 0.01 0.28 0.45 -1 -1
Result 0 -39.0 2000 0.45 0.18 0.15 0.16 0.18 0.16 0.16 -1 -1 -1 -1
Evo 71.81 -999999.88 0.67 -7196.70 0.65 0.65 0.65 83414.70 1864.74 0.01 0.33 0.57 -1 -1
Result 0 -35.0 2000 0.45 0.15 0.16 0.16 0.18 0.17 0.17 -1 -1 -1 -1
Evo 71.84 -999999.95 0.67 -7083.91 0.65 0.65 0.65 83384.97 1864.08 0.01 0.34 0.56 -1 -1
Result 0 -34.0 2000 0.43 0.17 0.17 0.16 0.16 0.17 0.16 -1 -1 -1 -1
Evo 71.93 -999999.86 0.67 -7008.04 0.65 0.65 0.65 83373.58 1863.82 0.01 0.32 0.55 -1 -1
Result 0 -34.0 2000 0.43 0.17 0.17 0.17 0.17 0.17 0.16 -1 -1 -1 -1
Evo 71.65 -1000000.21 0.67 -7191.83 0.64 0.65 0.65 83403.36 1864.49 0.01 0.29 0.47 -1 -1
Result 0 -30.0 2000 0.45 0.17 0.16 0.15 0.18 0.17 0.17 -1 -1 -1 -1
Evo 71.81 -1000000.03 0.67 -7039.55 0.65 0.65 0.65 83381.68 1864.01 0.01 0.22 0.38 -1 -1
Result 0 -24.0 2000 0.43 0.18 0.16 0.15 0.17 0.17 0.17 -1 -1 -1 -1
Evo 71.74 -1000000.21 0.67 -7013.70 0.65 0.65 0.65 83375.15 1863.86 0.01 0.32 0.54 -1 -1
Result 0 -34.0 2000 0.45 0.16 0.16 0.18 0.18 0.17 0.15 -1 -1 -1 -1
Evo 71.00 -999999.73 0.67 -4792.00 0.64 0.65 0.65 67131.30 1502.60 0.01 0.22 0.39 -1 -1
Result 0 -26.0 1995 0.41 0.17 0.18 0.16 0.15 0.17 0.17 -1 -1 -1 -1
Evo 71.75 -1000000.05 0.67 -7282.36 0.65 0.65 0.65 83441.24 1865.34 0.01 0.29 0.51 -1 -1
Result 0 -38.0 2000 0.44 0.17 0.16 0.17 0.17 0.16 0.17 -1 -1 -1 -1
Evo 71.44 -1000000.09 0.67 -7223.29 0.65 0.65 0.65 83418.55 1864.83 0.01 0.23 0.39 -1 -1
Result 0 -20.0 2000 0.42 0.17 0.19 0.15 0.15 0.16 0.17 -1 -1 -1 -1
Evo 71.81 -999999.86 0.67 -7143.29 0.65 0.65 0.65 83400.04 1864.42 0.01 0.29 0.48 -1 -1
Result 0 -28.0 2000 0.43 0.17 0.14 0.16 0.17 0.18 0.17 -1 -1 -1 -1
Evo 71.63 -1000000.10 0.67 -7040.69 0.65 0.65 0.65 83377.60 1863.91 0.01 0.33 0.60 -1 -1
Result 0 -25.0 2000 0.41 0.17 0.16 0.17 0.15 0.17 0.17 -1 -1 -1 -1
Evo 71.92 -999999.65 0.67 -7151.33 0.65 0.65 0.65 83415.00 1864.75 0.01 0.31 0.49 -1 -1
Result 0 -32.0 2000 0.45 0.16 0.17 0.18 0.18 0.16 0.15 -1 -1 -1 -1
Evo 71.68 -999999.85 0.67 -7020.99 0.65 0.65 0.65 83374.65 1863.85 0.01 0.31 0.57 -1 -1
Result 0 -33.0 2000 0.44 0.17 0.17 0.16 0.17 0.16 0.17 -1 -1 -1 -1
Evo 71.22 -999999.90 0.67 -8077.04 0.64 0.65 0.65 83674.51 1870.55 0.01 0.26 0.43 -1 -1
Result 0 -27.0 2000 0.42 0.16 0.19 0.17 0.16 0.17 0.15 -1 -1 -1 -1
Evo 71.88 -1000000.23 0.67 -7057.17 0.65 0.65 0.65 83380.29 1863.97 0.01 0.21 0.33 -1 -1
Result 0 -19.0 2000 0.45 0.15 0.15 0.17 0.18 0.18 0.17 -1 -1 -1 -1
Evo 71.68 -999999.91 0.67 -7404.70 0.64 0.65 0.65 83477.31 1866.14 0.01 0.23 0.39 -1 -1
Result 0 -48.0 2000 0.41 0.17 0.18 0.18 0.15 0.17 0.15 -1 -1 -1 -1
Evo 71.91 -1000000.04 0.67 -7009.35 0.65 0.65 0.65 83373.87 1863.83 0.01 0.28 0.41 -1 -1
Result 0 -27.0 2000 0.44 0.17 0.17 0.17 0.17 0.15 0.16 -1 -1 -1 -1
Evo 71.88 -999999.96 0.67 -7016.67 0.65 0.65 0.65 83376.26 1863.88 0.01 0.27 0.39 -1 -1
Result 0 -32.0 2000 0.41 0.17 0.17 0.18 0.15 0.16 0.17 -1 -1 -1 -1
Evo 71.96 -999999.66 0.67 -7190.58 0.65 0.65 0.65 83437.66 1865.26 0.01 0.24 0.36 -1 -1
Result 0 -23.0 2000 0.44 0.16 0.15 0.17 0.17 0.16 0.18 -1 -1 -1 -1
Evo 71.96 -1000000.08 0.67 -7102.47 0.65 0.65 0.65 83402.04 1864.46 0.01 0.27 0.39 -1 -1
Result 0 -28.0 2000 0.44 0.16 0.17 0.17 0.17 0.16 0.16 -1 -1 -1 -1
Evo 71.86 -999999.90 0.67 -7041.13 0.65 0.65 0.65 83377.34 1863.91 0.01 0.24 0.37 -1 -1
Result 0 -30.0 2000 0.43 0.17 0.17 0.18 0.16 0.16 0.16 -1 -1 -1 -1
Evo 71.49 -999999.99 0.67 -7207.23 0.65 0.65 0.65 83410.76 1864.66 0.01 0.26 0.38 -1 -1
Result 0 -31.0 2000 0.41 0.19 0.17 0.17 0.15 0.16 0.16 -1 -1 -1 -1
Evo 71.79 -1000000.07 0.67 -7426.26 0.65 0.65 0.65 83497.60 1866.60 0.01 0.24 0.34 -1 -1
Result 0 -21.0 2000 0.43 0.17 0.15 0.17 0.16 0.18 0.17 -1 -1 -1 -1
Evo 71.90 -999999.93 0.67 -7071.21 0.65 0.65 0.65 83384.00 1864.06 0.01 0.22 0.34 -1 -1
Result 0 -21.0 2000 0.42 0.16 0.16 0.18 0.16 0.18 0.15 -1 -1 -1 -1
Evo 71.87 -999999.98 0.67 -7066.56 0.65 0.65 0.65 83384.13 1864.06 0.01 0.28 0.42 -1 -1
Result 0 -23.0 2000 0.44 0.18 0.16 0.17 0.17 0.16 0.16 -1 -1 -1 -1
Evo 71.79 -999999.88 0.67 -7068.67 0.65 0.65 0.65 83383.99 1864.06 0.01 0.29 0.44 -1 -1
Result 0 -26.0 2000 0.44 0.16 0.17 0.16 0.17 0.16 0.17 -1 -1 -1 -1
Evo 71.88 -999999.98 0.67 -7097.92 0.65 0.65 0.65 83395.38 1864.31 0.01 0.25 0.41 -1 -1
Result 0 -20.0 2000 0.43 0.16 0.16 0.17 0.17 0.16 0.19 -1 -1 -1 -1
Evo 71.83 -1000000.03 0.67 -7160.45 0.65 0.65 0.65 83447.46 1865.48 0.01 0.21 0.34 -1 -1
Result 0 -21.0 2000 0.44 0.18 0.15 0.17 0.17 0.17 0.16 -1 -1 -1 -1
Evo 71.86 -999999.84 0.67 -7043.78 0.65 0.65 0.65 83377.98 1863.92 0.01 0.25 0.36 -1 -1
Result 0 -26.0 2000 0.41 0.17 0.19 0.17 0.15 0.16 0.16 -1 -1 -1 -1
Evo 71.74 -999999.96 0.67 -7416.30 0.65 0.65 0.65 83462.15 1865.80 0.01 0.20 0.33 -1 -1
Result 0 -20.0 2000 0.43 0.17 0.16 0.16 0.17 0.17 0.17 -1 -1 -1 -1
Evo 72.04 -1000000.01 0.67 -7005.85 0.65 0.65 0.65 83373.17 1863.81 0.01 0.26 0.40 -1 -1
Result 0 -26.0 2000 0.43 0.17 0.17 0.18 0.17 0.16 0.16 -1 -1 -1 -1
Evo 71.59 -999999.99 0.67 -7618.73 0.65 0.65 0.65 83567.09 1868.15 0.01 0.30 0.44 -1 -1
Result 0 -30.0 2000 0.43 0.16 0.16 0.18 0.17 0.16 0.17 -1 -1 -1 -1
Evo 71.68 -1000000.02 0.67 -7511.78 0.65 0.65 0.65 83496.09 1866.56 0.01 0.27 0.41 -1 -1
Result 0 -25.0 2000 0.44 0.16 0.16 0.18 0.17 0.16 0.17 -1 -1 -1 -1
Evo 71.83 -999999.94 0.67 -7207.94 0.64 0.65 0.65 83430.54 1865.10 0.01 0.29 0.48 -1 -1
Result 0 -30.0 2000 0.42 0.18 0.18 0.16 0.15 0.17 0.15 -1 -1 -1 -1
Evo 71.66 -999999.82 0.67 -7363.76 0.64 0.65 0.65 83432.79 1865.15 0.01 0.18 0.29 -1 -1
Result 0 -23.0 2000 0.45 0.15 0.15 0.17 0.19 0.17 0.17 -1 -1 -1 -1
Evo 71.92 -1000000.19 0.67 -7010.13 0.65 0.65 0.65 83374.06 1863.83 0.01 0.23 0.32 -1 -1
Result 0 -33.0 2000 0.44 0.18 0.17 0.14 0.17 0.17 0.17 -1 -1 -1 -1
Evo 72.07 -1000000.00 0.67 -7004.18 0.65 0.65 0.65 83372.94 1863.81 0.01 0.20 0.29 -1 -1
Result 0 -28.0 2000 0.42 0.16 0.18 0.16 0.16 0.17 0.18 -1 -1 -1 -1
Evo 71.71 -1000000.00 0.67 -7379.20 0.65 0.65 0.65 83540.64 1867.56 0.01 0.38 0.60 -1 -1
Result 0 -44.0 2000 0.43 0.17 0.17 0.19 0.17 0.16 0.15 -1 -1 -1 -1
Evo 71.84 -1000000.02 0.67 -7069.79 0.65 0.65 0.65 83410.82 1864.66 0.01 0.29 0.45 -1 -1
Result 0 -39.0 2000 0.42 0.17 0.18 0.16 0.15 0.16 0.16 -1 -1 -1 -1
Evo 71.83 -999999.91 0.67 -7016.67 0.65 0.65 0.65 83376.26 1863.88 0.01 0.18 0.26 -1 -1
Result 0 -25.0 2000 0.42 0.17 0.17 0.16 0.16 0.18 0.16 -1 -1 -1 -1
Evo 71.93 -1000000.11 0.67 -7054.64 0.65 0.65 0.65 83409.35 1864.62 0.01 0.18 0.26 -1 -1
Result 0 -25.0 2000 0.44 0.15 0.17 0.16 0.18 0.18 0.16 -1 -1 -1 -1
Evo 72.00 -999999.94 0.67 -6995.85 0.65 0.65 0.65 83372.81 1863.81 0.01 0.19 0.32 -1 -1
Result 0 -23.0 2000 0.44 0.17 0.17 0.15 0.18 0.17 0.17 -1 -1 -1 -1
Evo 71.74 -999999.75 0.67 -7025.12 0.65 0.65 0.65 83375.54 1863.87 0.01 0.24 0.36 -1 -1
Result 0 -30.0 2000 0.45 0.17 0.15 0.17 0.19 0.15 0.16 -1 -1 -1 -1
Evo 71.72 -999999.93 0.67 -7335.14 0.65 0.65 0.65 83436.50 1865.23 0.01 0.37 0.70 -1 -1
Result 0 -47.0 2000 0.43 0.16 0.18 0.17 0.17 0.16 0.17 -1 -1 -1 -1
Evo 71.81 -999999.85 0.67 -7126.73 0.65 0.65 0.65 83396.00 1864.33 0.01 0.29 0.50 -1 -1
Result 0 -34.0 2000 0.43 0.17 0.16 0.17 0.17 0.15 0.17 -1 -1 -1 -1
Evo 71.88 -999999.90 0.67 -7066.97 0.65 0.65 0.65 83384.16 1864.06 0.01 0.24 0.38 -1 -1
Result 0 -31.0 2000 0.45 0.17 0.15 0.16 0.18 0.17 0.16 -1 -1 -1 -1
Evo 71.59 -999999.91 0.67 -7188.09 0.65 0.65 0.65 83418.77 1864.83 0.01 0.25 0.39 -1 -1
Result 0 -34.0 2000 0.43 0.16 0.17 0.15 0.16 0.18 0.17 -1 -1 -1 -1
Evo 71.87 -1000000.06 0.67 -7159.89 0.65 0.65 0.65 83410.34 1864.65 0.01 0.17 0.27 -1 -1
Result 0 -26.0 2000 0.43 0.17 0.16 0.16 0.17 0.17 0.17 -1 -1 -1 -1
Evo 71.70 -999999.87 0.67 -7510.02 0.65 0.65 0.65 83501.05 1866.67 0.01 0.14 0.23 -1 -1
Result 0 -21.0 2000 0.44 0.15 0.16 0.16 0.18 0.18 0.16 -1 -1 -1 -1
Evo 71.69 -999999.95 0.67 -7300.97 0.65 0.65 0.65 83431.41 1865.12 0.01 0.23 0.39 -1 -1
Result 0 -30.0 2000 0.44 0.17 0.17 0.15 0.17 0.19 0.15 -1 -1 -1 -1
Evo 71.64 -1000000.06 0.67 -7150.78 0.65 0.65 0.65 83399.29 1864.40 0.01 0.17 0.24 -1 -1
Result 0 -26.0 2000 0.42 0.16 0.17 0.16 0.15 0.19 0.17 -1 -1 -1 -1
Evo 71.99 -999999.77 0.67 -7035.54 0.65 0.65 0.65 83379.56 1863.96 0.01 0.26 0.39 -1 -1
Result 0 -30.0 2000 0.43 0.17 0.15 0.18 0.17 0.16 0.17 -1 -1 -1 -1
Evo 71.89 -1000000.19 0.67 -6995.85 0.65 0.65 0.65 83372.82 1863.81 0.01 0.20 0.28 -1 -1
Result 0 -28.0 2000 0.44 0.16 0.17 0.16 0.17 0.18 0.16 -1 -1 -1 -1
Evo 71.78 -1000000.21 0.67 -7367.06 0.65 0.65 0.65 83475.40 1866.10 0.01 0.24 0.39 -1 -1
Result 0 -31.0 2000 0.44 0.17 0.16 0.17 0.17 0.15 0.17 -1 -1 -1 -1
Evo 71.95 -999999.77 0.67 -7008.66 0.65 0.65 0.65 83373.70 1863.83 0.01 0.22 0.31 -1 -1
Result 0 -24.0 2000 0.43 0.15 0.18 0.17 0.17 0.16 0.18 -1 -1 -1 -1
Evo 71.63 -999999.97 0.67 -7249.99 0.65 0.65 0.65 83432.86 1865.15 0.01 0.21 0.32 -1 -1
Result 0 -30.0 2000 0.45 0.16 0.15 0.18 0.18 0.16 0.18 -1 -1 -1 -1
Evo 71.64 -1000000.02 0.67 -7109.74 0.65 0.65 0.65 83397.01 1864.35 0.01 0.40 0.70 -1 -1
Result 0 -56.0 2000 0.42 0.18 0.16 0.16 0.16 0.18 0.16 -1 -1 -1 -1
Evo 71.94 -999999.93 0.67 -7046.83 0.65 0.65 0.65 83379.95 1863.97 0.01 0.30 0.55 -1 -1
Result 0 -43.0 2000 0.44 0.15 0.17 0.17 0.17 0.16 0.18 -1 -1 -1 -1
Evo 71.89 -999999.82 0.67 -6995.85 0.65 0.65 0.65 83372.80 1863.81 0.01 0.23 0.36 -1 -1
Result 0 -31.0 2000 0.44 0.17 0.16 0.16 0.17 0.15 0.17 -1 -1 -1 -1
Evo 71.52 -1000000.14 0.67 -7813.78 0.65 0.65 0.65 83600.12 1868.89 0.01 0.18 0.32 -1 -1
Result 0 -19.0 2000 0.41 0.17 0.17 0.18 0.15 0.16 0.17 -1 -1 -1 -1
Evo 71.92 -999999.84 0.67 -7087.42 0.65 0.65 0.65 83386.14 1864.10 0.01 0.25 0.34 -1 -1
Result 0 -30.0 2000 0.45 0.16 0.16 0.17 0.18 0.16 0.17 -1 -1 -1 -1
Evo 71.72 -999999.94 0.67 -7155.83 0.65 0.65 0.65 83406.90 1864.57 0.01 0.24 0.32 -1 -1
Result 0 -27.0 2000 0.44 0.17 0.17 0.17 0.17 0.15 0.17 -1 -1 -1 -1
Evo 71.88 -1000000.06 0.67 -6995.85 0.65 0.65 0.65 83372.81 1863.81 0.01 0.19 0.29 -1 -1
Result 0 -24.0 2000 0.43 0.18 0.16 0.17 0.16 0.16 0.17 -1 -1 -1 -1
Evo 71.97 -1000000.06 0.67 -6995.85 0.65 0.65 0.65 83372.81 1863.81 0.01 0.18 0.29 -1 -1
Result 0 -22.0 2000 0.42 0.17 0.18 0.18 0.15 0.15 0.17 -1 -1 -1 -1
Evo 71.90 -999999.96 0.67 -7070.18 0.65 0.65 0.65 83384.59 1864.07 0.01 0.35 0.53 -1 -1
Result 0 -42.0 2000 0.44 0.16 0.17 0.16 0.17 0.17 0.16 -1 -1 -1 -1
Evo 71.52 -999999.84 0.67 -7200.45 0.65 0.65 0.65 83410.02 1864.64 0.01 0.22 0.32 -1 -1
Result 0 -24.0 2000 0.43 0.16 0.17 0.17 0.16 0.16 0.17 -1 -1 -1 -1
Evo 71.80 -1000000.20 0.67 -7147.25 0.65 0.65 0.65 83403.49 1864.49 0.01 0.24 0.35 -1 -1
Result 0 -27.0 2000 0.43 0.17 0.18 0.17 0.17 0.16 0.16 -1 -1 -1 -1
Evo 71.87 -1000000.05 0.67 -7089.33 0.65 0.65 0.65 83395.25 1864.31 0.01 0.33 0.52 -1 -1
Result 0 -38.0 2000 0.43 0.18 0.16 0.15 0.16 0.18 0.16 -1 -1 -1 -1
Evo 71.87 -1000000.09 0.67 -7166.86 0.65 0.65 0.65 83426.99 1865.02 0.01 0.23 0.35 -1 -1
Result 0 -30.0 2000 0.42 0.16 0.17 0.17 0.16 0.16 0.17 -1 -1 -1 -1
Evo 71.93 -1000000.12 0.67 -7017.12 0.65 0.65 0.65 83376.45 1863.89 0.01 0.32 0.57 -1 -1
Result 0 -45.0 2000 0.44 0.16 0.17 0.17 0.18 0.17 0.16 -1 -1 -1 -1
Evo 71.91 -999999.94 0.67 -7034.79 0.65 0.65 0.65 83379.08 1863.95 0.01 0.32 0.56 -1 -1
Result 0 -36.0 2000 0.45 0.17 0.16 0.16 0.18 0.17 0.16 -1 -1 -1 -1
Evo 71.71 -999999.83 0.67 -6995.85 0.65 0.65 0.65 83372.81 1863.81 0.01 0.13 0.21 -1 -1
Result 0 -17.0 2000 0.44 0.17 0.15 0.17 0.17 0.17 0.17 -1 -1 -1 -1
Evo 71.80 -999999.94 0.67 -7258.41 0.65 0.65 0.65 83440.40 1865.32 0.01 0.34 0.60 -1 -1
Result 0 -42.0 2000 0.43 0.17 0.15 0.18 0.17 0.17 0.16 -1 -1 -1 -1
Evo 71.59 -1000000.03 0.67 -7076.53 0.65 0.65 0.65 83387.99 1864.15 0.01 0.26 0.35 -1 -1
Result 0 -32.0 2000 0.44 0.16 0.17 0.17 0.18 0.15 0.16 -1 -1 -1 -1
