Evo 70.48 -999999.87 47619.57 -13162.38 0.60 0.61 0.62 99306.36 2563.22 0.01 0.51 0.93 -1 -1
Result 0 0.0 1500 0.44 0.20 0.16 0.24 0.22 0.17 -1 -1 -1 -1 -1
Evo 71.00 -1000000.16 40000.51 -10735.31 0.61 0.62 0.62 97524.12 2517.22 0.01 2.31 3.73 -1 -1
Result 0 0.0 1500 0.47 0.23 0.20 0.18 0.19 0.21 -1 -1 -1 -1 -1
Evo 69.91 -1000000.00 166667.06 -11600.21 0.61 0.62 0.62 98613.78 2545.35 0.01 2.19 3.72 -1 -1
Result 0 0.0 1500 0.47 0.20 0.21 0.18 0.20 0.21 -1 -1 -1 -1 -1
Evo 70.72 -999999.94 76923.51 -11857.74 0.61 0.62 0.62 98252.61 2536.03 0.01 2.09 3.32 -1 -1
Result 0 0.0 1500 0.47 0.20 0.19 0.20 0.20 0.21 -1 -1 -1 -1 -1
Evo 68.12 -549999.53 999999.99 276.71 0.61 0.62 0.62 55893.41 1445.57 0.01 2.06 3.15 -1 -1
Result 1 1.0 1494 0.47 0.21 0.20 0.20 0.19 0.20 -1 -1 -1 -1 -1
Evo 70.08 -1000000.02 45455.06 -12684.53 0.58 0.61 0.62 98372.01 2539.11 0.01 0.47 1.07 -1 -1
Result 0 0.0 1500 0.43 0.21 0.19 0.22 0.21 0.17 -1 -1 -1 -1 -1
Evo 70.91 -1000000.05 66667.29 -9585.01 0.61 0.62 0.62 96755.84 2497.39 0.01 2.19 3.74 -1 -1
Result 0 0.0 1500 0.46 0.21 0.21 0.21 0.18 0.20 -1 -1 -1 -1 -1
Evo 70.54 -999999.97 366197.40 -9835.24 0.61 0.62 0.62 97680.31 2521.25 0.01 2.08 3.39 -1 -1
Result 0 0.0 1500 0.48 0.21 0.18 0.21 0.18 0.22 -1 -1 -1 -1 -1
Evo 70.00 -999999.75 1000000.11 -1115.44 0.61 0.62 0.62 77150.92 1994.02 0.01 2.40 3.56 -1 -1
Result 1 1.0 1496 0.47 0.19 0.22 0.19 0.19 0.20 -1 -1 -1 -1 -1
Evo 71.01 -1000000.20 253731.60 -9749.08 0.61 0.62 0.62 96939.81 2502.14 0.01 2.77 4.15 -1 -1
Result 0 0.0 1500 0.47 0.19 0.21 0.18 0.20 0.21 -1 -1 -1 -1 -1
Evo 70.25 -999999.83 45455.07 -12741.17 0.60 0.62 0.62 99066.99 2557.05 0.01 0.49 1.06 -1 -1
Result 0 0.0 1500 0.42 0.20 0.20 0.23 0.22 0.15 -1 -1 -1 -1 -1
Evo 69.00 -1000000.05 58824.12 -13018.49 0.61 0.62 0.62 98560.67 2543.98 0.01 2.53 3.85 -1 -1
Result 0 0.0 1500 0.47 0.21 0.19 0.19 0.20 0.21 -1 -1 -1 -1 -1
Evo 70.48 -999999.96 58824.13 -12199.52 0.58 0.62 0.62 98359.89 2538.80 0.01 0.43 0.89 -1 -1
Result 0 0.0 1500 0.43 0.21 0.16 0.24 0.22 0.17 -1 -1 -1 -1 -1
Evo 68.83 -999999.66 999999.92 -2801.81 0.61 0.62 0.62 82073.12 2120.53 0.01 2.00 2.98 -1 -1
Result 1 1.0 1497 0.48 0.19 0.19 0.20 0.20 0.21 -1 -1 -1 -1 -1
Evo 70.66 -999999.89 0.69 -11090.09 0.60 0.62 0.62 97203.17 2508.94 0.01 0.43 0.86 -1 -1
Result 0 0.0 1500 0.42 0.20 0.18 0.25 0.21 0.16 -1 -1 -1 -1 -1
Evo 70.95 -1000000.23 45455.06 -10998.67 0.61 0.62 0.62 97559.87 2518.15 0.01 3.05 4.40 -1 -1
Result 0 0.0 1500 0.47 0.19 0.20 0.21 0.19 0.21 -1 -1 -1 -1 -1
Evo 70.81 -1000000.23 76923.71 -9918.01 0.61 0.62 0.62 96819.48 2499.04 0.01 2.36 3.76 -1 -1
Result 0 0.0 1500 0.47 0.19 0.21 0.19 0.21 0.20 -1 -1 -1 -1 -1
Evo 71.05 -1000000.21 47619.59 -10253.76 0.61 0.62 0.62 97005.34 2503.83 0.01 2.34 3.70 -1 -1
Result 0 0.0 1500 0.49 0.16 0.22 0.20 0.19 0.24 -1 -1 -1 -1 -1
Evo 70.69 -1000000.05 0.67 -12113.03 0.60 0.62 0.62 98199.69 2534.66 0.01 0.42 0.97 -1 -1
Result 0 0.0 1500 0.42 0.20 0.20 0.23 0.21 0.16 -1 -1 -1 -1 -1
Evo 71.51 -999999.99 66667.25 -9892.58 0.62 0.62 0.62 96732.67 2496.79 0.01 2.98 4.18 -1 -1
Result 0 0.0 1500 0.46 0.19 0.23 0.19 0.19 0.20 -1 -1 -1 -1 -1
Evo 71.13 -1000000.14 80000.54 -9986.24 0.61 0.62 0.62 97090.84 2506.04 0.01 1.17 3.10 -1 -1
Result 0 0.0 1500 0.47 0.19 0.20 0.20 0.20 0.20 -1 -1 -1 -1 -1
Evo 71.42 -1000000.04 0.64 -9911.13 0.61 0.62 0.62 96495.47 2490.67 0.01 2.51 4.02 -1 -1
Result 0 0.0 1500 0.48 0.18 0.21 0.21 0.18 0.22 -1 -1 -1 -1 -1
Evo 71.53 -1000000.12 0.62 -10154.12 0.61 0.62 0.62 96877.51 2500.53 0.01 2.30 3.36 -1 -1
Result 0 0.0 1500 0.46 0.21 0.20 0.19 0.20 0.20 -1 -1 -1 -1 -1
Evo 71.59 -1000000.11 66667.28 -9583.58 0.61 0.62 0.62 96299.24 2485.61 0.01 1.99 3.39 -1 -1
Result 0 0.0 1500 0.47 0.20 0.19 0.20 0.20 0.20 -1 -1 -1 -1 -1
Evo 71.58 -999999.93 0.62 -9924.93 0.61 0.62 0.62 96412.81 2488.54 0.01 2.10 3.01 -1 -1
Result 0 0.0 1500 0.46 0.20 0.22 0.19 0.19 0.20 -1 -1 -1 -1 -1
Evo 71.73 -1000000.08 47619.61 -9806.10 0.61 0.62 0.62 96519.29 2491.29 0.01 3.19 4.70 -1 -1
Result 0 0.0 1500 0.47 0.19 0.22 0.19 0.20 0.21 -1 -1 -1 -1 -1
Evo 71.68 -1000000.24 0.62 -9694.02 0.61 0.62 0.62 96341.17 2486.69 0.01 2.55 3.98 -1 -1
Result 0 0.0 1500 0.48 0.20 0.21 0.20 0.19 0.22 -1 -1 -1 -1 -1
Evo 71.49 -1000000.04 0.67 -9665.07 0.61 0.62 0.62 96394.68 2488.07 0.01 2.25 3.42 -1 -1
Result 0 0.0 1500 0.48 0.20 0.20 0.21 0.17 0.22 -1 -1 -1 -1 -1
Evo 71.59 -1000000.06 62500.61 -9883.92 0.61 0.62 0.62 96802.44 2498.60 0.01 2.77 4.15 -1 -1
Result 0 0.0 1500 0.46 0.20 0.21 0.19 0.21 0.19 -1 -1 -1 -1 -1
Evo 70.82 -999999.85 166667.24 -9530.63 0.61 0.62 0.62 96640.49 2494.42 0.01 2.17 3.48 -1 -1
Result 0 0.0 1500 0.46 0.18 0.19 0.20 0.24 0.19 -1 -1 -1 -1 -1
Evo 71.52 -1000000.20 41667.17 -10023.35 0.61 0.62 0.62 96900.32 2501.12 0.01 2.18 3.38 -1 -1
Result 0 0.0 1500 0.48 0.21 0.18 0.20 0.18 0.22 -1 -1 -1 -1 -1
Evo 70.13 -999999.91 71429.07 -10297.55 0.61 0.62 0.62 97153.36 2507.65 0.01 2.40 3.80 -1 -1
Result 0 0.0 1500 0.45 0.22 0.20 0.20 0.19 0.19 -1 -1 -1 -1 -1
Evo 71.52 -999999.93 0.62 -9641.63 0.61 0.62 0.62 96295.94 2485.52 0.01 2.83 4.02 -1 -1
Result 0 0.0 1500 0.47 0.20 0.21 0.20 0.17 0.21 -1 -1 -1 -1 -1
Evo 71.58 -999999.93 25000.44 -9797.28 0.61 0.62 0.62 96442.51 2489.31 0.01 2.44 3.94 -1 -1
Result 0 0.0 1500 0.46 0.21 0.20 0.19 0.20 0.19 -1 -1 -1 -1 -1
Evo 71.29 -1000000.04 206349.67 -10009.58 0.61 0.62 0.62 96783.18 2498.10 0.01 2.82 4.51 -1 -1
Result 0 0.0 1500 0.49 0.18 0.20 0.21 0.18 0.23 -1 -1 -1 -1 -1
Evo 68.86 -999999.88 90909.73 -8904.85 0.61 0.62 0.62 97214.19 2509.22 0.01 2.19 4.28 -1 -1
Result 0 0.0 1500 0.49 0.19 0.20 0.19 0.20 0.23 -1 -1 -1 -1 -1
Evo 71.46 -1000000.04 0.62 -10081.29 0.61 0.62 0.62 96624.80 2494.01 0.01 2.70 4.28 -1 -1
Result 0 0.0 1500 0.47 0.21 0.22 0.18 0.18 0.21 -1 -1 -1 -1 -1
Evo 70.94 -1000000.18 66667.26 -10323.27 0.61 0.62 0.62 96575.06 2492.73 0.01 2.98 4.67 -1 -1
Result 0 0.0 1500 0.47 0.19 0.22 0.19 0.20 0.21 -1 -1 -1 -1 -1
Evo 71.18 -1000000.07 0.62 -10085.24 0.61 0.62 0.62 96689.93 2495.69 0.01 2.51 4.00 -1 -1
Result 0 0.0 1500 0.48 0.19 0.21 0.19 0.19 0.22 -1 -1 -1 -1 -1
Evo 68.96 -256756.35 999999.63 1902.88 0.61 0.62 0.62 45544.27 1178.70 0.01 2.23 3.41 -1 -1
Result 1 1.0 1492 0.47 0.21 0.18 0.21 0.20 0.20 -1 -1 -1 -1 -1
Evo 71.71 -999999.87 62500.60 -9982.09 0.61 0.62 0.62 96700.99 2495.98 0.01 2.16 2.95 -1 -1
Result 0 0.0 1500 0.47 0.20 0.20 0.19 0.20 0.21 -1 -1 -1 -1 -1
Evo 71.69 -1000000.11 0.62 -10260.65 0.61 0.62 0.62 97285.93 2511.08 0.01 1.51 2.64 -1 -1
Result 0 0.0 1500 0.47 0.22 0.21 0.18 0.19 0.21 -1 -1 -1 -1 -1
Evo 71.36 -1000000.10 55556.10 -10286.80 0.61 0.62 0.62 97034.76 2504.59 0.01 2.08 3.23 -1 -1
Result 0 0.0 1500 0.44 0.21 0.19 0.20 0.22 0.18 -1 -1 -1 -1 -1
Evo 71.20 -1000000.03 148936.58 -9562.79 0.61 0.62 0.62 96469.09 2489.99 0.01 2.41 3.76 -1 -1
Result 0 0.0 1500 0.47 0.20 0.17 0.22 0.20 0.21 -1 -1 -1 -1 -1
Evo 71.43 -1000000.05 41667.17 -9936.21 0.61 0.62 0.62 96447.78 2489.44 0.01 1.91 3.11 -1 -1
Result 0 0.0 1500 0.46 0.22 0.21 0.18 0.19 0.20 -1 -1 -1 -1 -1
Evo 70.73 -999999.88 71429.05 -9509.66 0.61 0.62 0.62 96716.31 2496.37 0.01 2.85 4.27 -1 -1
Result 0 0.0 1500 0.46 0.20 0.20 0.19 0.21 0.19 -1 -1 -1 -1 -1
Evo 71.62 -1000000.06 0.65 -10173.43 0.61 0.62 0.62 96760.09 2497.50 0.01 1.45 2.33 -1 -1
Result 0 0.0 1500 0.48 0.20 0.21 0.19 0.18 0.22 -1 -1 -1 -1 -1
Evo 71.65 -999999.96 68966.01 -9792.35 0.61 0.62 0.62 96346.00 2486.81 0.01 2.82 4.73 -1 -1
Result 0 0.0 1500 0.46 0.19 0.20 0.20 0.22 0.19 -1 -1 -1 -1 -1
Evo 71.22 -999999.98 83333.99 -9535.89 0.61 0.62 0.62 96405.76 2488.36 0.01 3.16 5.03 -1 -1
Result 0 0.0 1500 0.47 0.22 0.17 0.21 0.20 0.21 -1 -1 -1 -1 -1
Evo 71.20 -1000000.01 120000.46 -9481.61 0.61 0.62 0.62 96722.75 2496.54 0.01 2.67 3.94 -1 -1
Result 0 0.0 1500 0.45 0.20 0.19 0.20 0.22 0.19 -1 -1 -1 -1 -1
Evo 71.73 -1000000.05 0.62 -9560.51 0.61 0.62 0.62 96265.11 2484.73 0.01 2.09 2.97 -1 -1
Result 0 0.0 1500 0.47 0.19 0.21 0.19 0.20 0.21 -1 -1 -1 -1 -1
Evo 70.47 -1000000.05 111111.64 -9495.33 0.61 0.62 0.62 96865.39 2500.22 0.01 2.77 4.14 -1 -1
Result 0 0.0 1500 0.46 0.21 0.20 0.20 0.19 0.19 -1 -1 -1 -1 -1
Evo 71.69 -999999.92 0.62 -9691.37 0.61 0.62 0.62 96309.08 2485.86 0.01 2.11 2.92 -1 -1
Result 0 0.0 1500 0.46 0.20 0.21 0.19 0.20 0.20 -1 -1 -1 -1 -1
Evo 71.82 -999999.99 0.62 -9587.08 0.62 0.62 0.62 96267.21 2484.78 0.01 2.14 3.06 -1 -1
Result 0 0.0 1500 0.47 0.20 0.20 0.20 0.20 0.20 -1 -1 -1 -1 -1
Evo 70.97 -999999.89 58824.12 -9694.61 0.61 0.62 0.62 96364.90 2487.30 0.01 2.80 4.28 -1 -1
Result 0 0.0 1500 0.45 0.20 0.20 0.19 0.22 0.19 -1 -1 -1 -1 -1
Evo 71.43 -999999.95 161765.11 -9913.78 0.61 0.62 0.62 96647.08 2494.59 0.01 3.11 4.83 -1 -1
Result 0 0.0 1500 0.45 0.20 0.21 0.20 0.21 0.19 -1 -1 -1 -1 -1
Evo 70.52 -1000000.12 130435.35 -9823.80 0.61 0.62 0.62 97191.82 2508.65 0.01 2.65 3.89 -1 -1
Result 0 0.0 1500 0.45 0.20 0.20 0.21 0.21 0.18 -1 -1 -1 -1 -1
Evo 71.71 -1000000.16 0.62 -10070.48 0.61 0.62 0.62 96667.66 2495.12 0.01 2.27 3.33 -1 -1
Result 0 0.0 1500 0.48 0.22 0.20 0.18 0.19 0.22 -1 -1 -1 -1 -1
Evo 71.81 -999999.91 0.62 -9725.51 0.62 0.62 0.62 96435.85 2489.13 0.01 1.94 2.77 -1 -1
Result 0 0.0 1500 0.46 0.21 0.20 0.19 0.20 0.20 -1 -1 -1 -1 -1
Evo 70.30 -1000000.14 62500.59 -9904.07 0.61 0.62 0.62 96906.28 2501.28 0.01 3.07 4.89 -1 -1
Result 0 0.0 1500 0.45 0.21 0.19 0.22 0.19 0.18 -1 -1 -1 -1 -1
Evo 71.36 -1000000.00 0.62 -9920.25 0.61 0.62 0.62 96458.60 2489.72 0.01 2.17 2.80 -1 -1
Result 0 0.0 1500 0.47 0.20 0.20 0.21 0.18 0.21 -1 -1 -1 -1 -1
Evo 71.39 -1000000.08 0.62 -9894.73 0.61 0.62 0.62 96424.62 2488.84 0.01 1.73 2.22 -1 -1
Result 0 0.0 1500 0.46 0.18 0.22 0.20 0.20 0.19 -1 -1 -1 -1 -1
Evo 71.18 -1000000.08 0.62 -10734.69 0.61 0.62 0.62 97606.33 2519.35 0.01 1.86 2.47 -1 -1
Result 0 0.0 1500 0.47 0.19 0.21 0.20 0.19 0.21 -1 -1 -1 -1 -1
Evo 71.43 -999999.87 0.62 -9910.50 0.61 0.62 0.62 96617.36 2493.82 0.01 1.77 2.34 -1 -1
Result 0 0.0 1500 0.47 0.21 0.18 0.21 0.19 0.21 -1 -1 -1 -1 -1
Evo 71.65 -1000000.03 0.62 -9666.12 0.61 0.62 0.62 96340.88 2486.68 0.01 1.14 1.64 -1 -1
Result 0 0.0 1500 0.46 0.20 0.22 0.20 0.19 0.20 -1 -1 -1 -1 -1
Evo 71.66 -1000000.16 0.62 -9829.93 0.61 0.62 0.62 96333.97 2486.50 0.01 2.51 3.24 -1 -1
Result 0 0.0 1500 0.47 0.21 0.18 0.19 0.21 0.21 -1 -1 -1 -1 -1
Evo 71.79 -999999.99 0.62 -9734.24 0.61 0.62 0.62 96473.40 2490.10 0.01 1.91 2.72 -1 -1
Result 0 0.0 1500 0.44 0.21 0.22 0.19 0.21 0.18 -1 -1 -1 -1 -1
Evo 71.84 -1000000.21 0.62 -9922.41 0.62 0.62 0.62 97065.39 2505.38 0.01 2.10 2.63 -1 -1
Result 0 0.0 1500 0.48 0.19 0.20 0.20 0.19 0.21 -1 -1 -1 -1 -1
Evo 71.38 -1000000.12 0.62 -9998.35 0.61 0.62 0.62 96478.01 2490.22 0.01 2.16 2.94 -1 -1
Result 0 0.0 1500 0.46 0.20 0.22 0.19 0.20 0.19 -1 -1 -1 -1 -1
Evo 71.90 -999999.91 0.62 -9732.31 0.62 0.62 0.62 96379.29 2487.67 0.01 1.68 2.55 -1 -1
Result 0 0.0 1500 0.46 0.21 0.22 0.20 0.17 0.20 -1 -1 -1 -1 -1
Evo 69.68 -1000000.02 142857.94 -9473.62 0.61 0.62 0.62 96978.01 2503.13 0.01 2.31 3.59 -1 -1
Result 0 0.0 1500 0.48 0.19 0.21 0.19 0.19 0.22 -1 -1 -1 -1 -1
Evo 71.79 -1000000.01 0.62 -9892.25 0.62 0.62 0.62 96708.46 2496.17 0.01 3.05 4.19 -1 -1
Result 0 0.0 1500 0.48 0.19 0.20 0.20 0.19 0.22 -1 -1 -1 -1 -1
Evo 71.53 -1000000.01 0.62 -10835.91 0.62 0.62 0.62 97880.01 2526.41 0.01 1.52 2.35 -1 -1
Result 0 0.0 1500 0.47 0.21 0.19 0.18 0.22 0.20 -1 -1 -1 -1 -1
Evo 69.12 -291138.93 999999.82 5693.22 0.61 0.62 0.62 88529.73 4136.72 0.02 1.77 3.33 -1 -1
Result 1 1.0 457 0.49 0.20 0.22 0.17 0.18 0.24 -1 -1 -1 -1 -1
Evo 71.43 -999999.95 90909.77 -9390.42 0.61 0.62 0.62 96329.06 2486.38 0.01 2.75 3.53 -1 -1
Result 0 0.0 1500 0.47 0.20 0.21 0.20 0.20 0.20 -1 -1 -1 -1 -1
Evo 69.05 -216215.83 999999.92 6109.48 0.62 0.62 0.62 76721.77 2302.80 0.01 2.16 3.41 -1 -1
Result 1 1.0 1109 0.46 0.22 0.23 0.16 0.20 0.19 -1 -1 -1 -1 -1
Evo 71.63 -999999.96 0.62 -9712.42 0.61 0.62 0.62 96420.72 2488.74 0.01 2.23 2.70 -1 -1
Result 0 0.0 1500 0.47 0.22 0.19 0.20 0.19 0.20 -1 -1 -1 -1 -1
Evo 71.66 -1000000.01 0.62 -10056.46 0.61 0.62 0.62 96578.82 2492.82 0.01 2.15 2.90 -1 -1
Result 0 0.0 1500 0.47 0.19 0.20 0.20 0.19 0.21 -1 -1 -1 -1 -1
Evo 71.29 -999999.81 0.62 -10791.40 0.61 0.62 0.62 97303.35 2511.52 0.01 1.49 1.98 -1 -1
Result 0 0.0 1500 0.47 0.22 0.19 0.19 0.20 0.20 -1 -1 -1 -1 -1
Evo 71.76 -999999.92 0.62 -10043.05 0.61 0.62 0.62 96916.05 2501.53 0.01 2.03 2.76 -1 -1
Result 0 0.0 1500 0.46 0.19 0.22 0.21 0.19 0.19 -1 -1 -1 -1 -1
Evo 71.62 -999999.75 0.62 -10300.51 0.61 0.62 0.62 96924.82 2501.75 0.01 1.10 1.49 -1 -1
Result 0 0.0 1500 0.46 0.19 0.21 0.20 0.20 0.19 -1 -1 -1 -1 -1
Evo 71.74 -999999.86 0.62 -10144.68 0.62 0.62 0.62 96748.67 2497.21 0.01 1.15 1.53 -1 -1
Result 0 0.0 1500 0.46 0.20 0.18 0.21 0.21 0.20 -1 -1 -1 -1 -1
Evo 71.83 -999999.94 0.62 -9774.74 0.62 0.62 0.62 96391.61 2487.99 0.01 1.69 2.17 -1 -1
Result 0 0.0 1500 0.44 0.19 0.22 0.20 0.21 0.18 -1 -1 -1 -1 -1
Evo 70.67 -1000000.02 83334.02 -10182.48 0.61 0.62 0.62 97224.93 2509.50 0.01 0.88 1.25 -1 -1
Result 0 0.0 1500 0.46 0.21 0.19 0.20 0.21 0.20 -1 -1 -1 -1 -1
Evo 71.37 -999999.91 58824.09 -9825.81 0.61 0.62 0.62 96510.39 2491.06 0.01 1.53 2.33 -1 -1
Result 0 0.0 1500 0.46 0.20 0.19 0.22 0.20 0.19 -1 -1 -1 -1 -1
Evo 71.45 -999999.80 41667.17 -9982.59 0.61 0.62 0.62 96472.45 2490.08 0.01 1.20 1.75 -1 -1
Result 0 0.0 1500 0.45 0.21 0.18 0.20 0.22 0.19 -1 -1 -1 -1 -1
Evo 69.65 -1000000.00 86957.06 -9935.49 0.58 0.61 0.62 97118.30 2506.75 0.01 0.58 0.92 -1 -1
Result 0 0.0 1500 0.46 0.20 0.18 0.20 0.23 0.19 -1 -1 -1 -1 -1
Evo 71.72 -1000000.06 0.62 -9881.57 0.62 0.62 0.62 96618.59 2493.85 0.01 1.74 2.32 -1 -1
Result 0 0.0 1500 0.46 0.20 0.18 0.22 0.20 0.19 -1 -1 -1 -1 -1
Evo 71.47 -1000000.00 52632.16 -10268.52 0.61 0.62 0.62 96813.77 2498.89 0.01 1.00 1.35 -1 -1
Result 0 0.0 1500 0.46 0.22 0.18 0.18 0.22 0.19 -1 -1 -1 -1 -1
Evo 71.66 -1000000.05 0.62 -10420.19 0.62 0.62 0.62 97243.53 2509.98 0.01 2.48 2.98 -1 -1
Result 0 0.0 1500 0.45 0.20 0.20 0.21 0.21 0.18 -1 -1 -1 -1 -1
Evo 71.70 -1000000.25 0.62 -9784.50 0.62 0.62 0.62 96407.35 2488.40 0.01 1.70 2.36 -1 -1
Result 0 0.0 1500 0.46 0.21 0.21 0.20 0.20 0.19 -1 -1 -1 -1 -1
Evo 71.92 -1000000.13 0.62 -9746.91 0.62 0.62 0.62 96366.50 2487.34 0.01 1.33 1.70 -1 -1
Result 0 0.0 1500 0.48 0.19 0.19 0.22 0.19 0.21 -1 -1 -1 -1 -1
Evo 71.13 -1000000.18 41667.19 -9854.38 0.61 0.62 0.62 96512.94 2491.12 0.01 0.97 1.35 -1 -1
Result 0 0.0 1500 0.46 0.18 0.19 0.21 0.23 0.20 -1 -1 -1 -1 -1
Evo 71.70 -999999.92 0.62 -9674.80 0.62 0.62 0.62 96395.52 2488.09 0.01 2.18 2.64 -1 -1
Result 0 0.0 1500 0.46 0.21 0.21 0.20 0.19 0.19 -1 -1 -1 -1 -1
Evo 71.47 -999999.98 0.90 -9859.59 0.61 0.62 0.62 96550.70 2492.10 0.01 1.91 2.44 -1 -1
Result 0 0.0 1500 0.44 0.19 0.22 0.22 0.19 0.18 -1 -1 -1 -1 -1
Evo 70.97 -999999.98 62500.60 -10039.85 0.61 0.62 0.62 96954.36 2502.52 0.01 1.10 1.45 -1 -1
Result 0 0.0 1500 0.46 0.21 0.18 0.21 0.20 0.20 -1 -1 -1 -1 -1
Evo 71.43 -999999.86 66667.30 -10000.54 0.61 0.62 0.62 96783.59 2498.11 0.01 2.00 2.90 -1 -1
Result 0 0.0 1500 0.45 0.21 0.18 0.22 0.21 0.19 -1 -1 -1 -1 -1
Evo 71.80 -999999.81 0.62 -9801.41 0.62 0.62 0.62 96620.50 2493.90 0.01 2.09 2.93 -1 -1
Result 0 0.0 1500 0.47 0.20 0.19 0.20 0.20 0.20 -1 -1 -1 -1 -1
Evo 71.75 -1000000.12 0.62 -9634.68 0.62 0.62 0.62 96465.56 2489.90 0.01 2.39 2.91 -1 -1
Result 0 0.0 1500 0.46 0.20 0.19 0.21 0.21 0.20 -1 -1 -1 -1 -1
Evo 71.89 -1000000.14 0.62 -9715.82 0.62 0.62 0.62 96431.49 2489.02 0.01 2.24 3.05 -1 -1
Result 0 0.0 1500 0.47 0.18 0.19 0.22 0.20 0.21 -1 -1 -1 -1 -1
