Evo 1.00 0.00 1.00 0.99 1.00 1.00 1.00 0.09 0.00 0.02 0.26 0.34 -1 1987
Result 0 5.0 2000 0.43 0.17 0.16 0.17 0.16 0.17 0.17 -1 -1 -1 -1
Evo 1.00 0.00 1.00 0.99 1.00 1.00 1.00 0.08 0.00 0.23 0.21 0.25 -1 1987
Result 0 4.0 2000 0.42 0.17 0.16 0.16 0.16 0.17 0.17 -1 -1 -1 -1
Evo 1.00 0.00 1.00 0.99 1.00 1.00 1.00 0.08 0.00 0.38 0.21 0.33 -1 1987
Result 0 4.0 2000 0.41 0.17 0.17 0.15 0.16 0.18 0.17 -1 -1 -1 -1
Evo 1.00 0.00 1.00 0.99 1.00 1.00 1.00 0.08 0.00 0.01 0.33 0.54 -1 1702
Result 0 13.0 2000 0.45 0.16 0.17 0.19 0.17 0.16 0.15 -1 -1 -1 -1
Evo 1.00 0.00 1.00 0.99 1.00 1.00 1.00 0.08 0.00 0.04 0.27 0.41 -1 1987
Result 0 6.0 2000 0.43 0.18 0.16 0.17 0.16 0.17 0.16 -1 -1 -1 -1
Evo 1.00 0.00 1.00 0.99 1.00 1.00 1.00 0.08 0.00 0.51 0.41 0.56 -1 1987
Result 0 15.0 2000 0.43 0.18 0.15 0.17 0.15 0.18 0.17 -1 -1 -1 -1
Evo 1.00 0.00 1.00 0.99 1.00 1.00 1.00 0.08 0.00 0.52 0.39 0.49 -1 1987
Result 0 13.0 2000 0.45 0.16 0.16 0.18 0.16 0.17 0.17 -1 -1 -1 -1
Evo 1.00 0.00 1.00 0.99 1.00 1.00 1.00 0.08 0.00 0.03 0.39 0.54 -1 1987
Result 0 10.0 2000 0.42 0.15 0.16 0.16 0.17 0.18 0.18 -1 -1 -1 -1
Evo 1.00 0.00 1.00 0.99 1.00 1.00 1.00 0.08 0.00 0.04 0.24 0.44 -1 1987
Result 0 7.0 2000 0.44 0.16 0.15 0.18 0.18 0.16 0.18 -1 -1 -1 -1
Evo 1.00 0.00 1.00 0.99 1.00 1.00 1.00 0.08 0.00 0.37 0.33 0.51 -1 1987
Result 0 13.0 2000 0.43 0.16 0.15 0.17 0.17 0.18 0.17 -1 -1 -1 -1
Evo 1.00 0.00 1.00 0.99 1.00 1.00 1.00 0.08 0.00 0.03 0.40 0.54 -1 1987
Result 0 13.0 2000 0.44 0.15 0.16 0.17 0.17 0.17 0.17 -1 -1 -1 -1
Evo 1.00 0.00 1.00 0.99 1.00 1.00 1.00 0.08 0.00 0.53 0.38 0.55 -1 1987
Result 0 10.0 2000 0.43 0.17 0.17 0.17 0.15 0.17 0.17 -1 -1 -1 -1
Evo 1.00 0.00 1.00 0.99 1.00 1.00 1.00 0.08 0.00 0.21 0.21 0.27 -1 1987
Result 0 4.0 2000 0.43 0.17 0.16 0.16 0.16 0.18 0.17 -1 -1 -1 -1
Evo 1.00 0.00 1.00 0.99 1.00 1.00 1.00 0.08 0.00 0.16 0.39 0.53 -1 1987
Result 0 13.0 2000 0.43 0.17 0.16 0.16 0.17 0.16 0.17 -1 -1 -1 -1
Evo 1.00 0.00 1.00 0.97 1.00 1.00 1.00 0.16 0.00 0.05 0.37 0.48 -1 1220
Result 0 13.0 2000 0.43 0.16 0.18 0.17 0.17 0.16 0.16 -1 -1 -1 -1
Evo 1.00 0.00 1.00 0.99 1.00 1.00 1.00 0.12 0.00 0.40 0.33 0.49 -1 1454
Result 0 13.0 2000 0.42 0.17 0.16 0.16 0.18 0.18 0.15 -1 -1 -1 -1
Evo 1.00 0.00 1.00 0.99 1.00 1.00 1.00 0.08 0.00 0.02 0.45 0.58 -1 1987
Result 0 13.0 2000 0.43 0.17 0.16 0.17 0.16 0.17 0.16 -1 -1 -1 -1
Evo 1.00 0.00 1.00 0.99 1.00 1.00 1.00 0.08 0.00 0.13 0.15 0.24 -1 1987
Result 0 4.0 2000 0.41 0.17 0.15 0.15 0.17 0.18 0.18 -1 -1 -1 -1
Evo 1.00 0.00 1.00 0.99 1.00 1.00 1.00 0.08 0.00 0.31 0.14 0.23 -1 1987
Result 0 3.0 2000 0.44 0.17 0.17 0.17 0.16 0.17 0.16 -1 -1 -1 -1
Evo 1.00 0.00 1.00 0.99 1.00 1.00 1.00 0.08 0.00 0.01 0.19 0.29 -1 1987
Result 0 3.0 2000 0.44 0.18 0.15 0.17 0.16 0.17 0.17 -1 -1 -1 -1
Evo 1.00 0.00 1.00 0.99 1.00 1.00 1.00 0.08 0.00 0.08 0.20 0.32 -1 1987
Result 0 4.0 2000 0.42 0.16 0.18 0.16 0.17 0.16 0.17 -1 -1 -1 -1
Evo 1.00 0.00 1.00 0.95 1.00 1.00 1.00 0.22 0.00 0.28 0.37 0.53 -1 1140
Result 0 14.0 2000 0.45 0.17 0.15 0.19 0.18 0.16 0.15 -1 -1 -1 -1
Evo 1.00 0.00 1.00 0.99 1.00 1.00 1.00 0.08 0.00 0.20 0.17 0.21 -1 1987
Result 0 4.0 2000 0.43 0.16 0.15 0.16 0.17 0.19 0.16 -1 -1 -1 -1
Evo 1.00 0.00 1.00 0.99 1.00 1.00 1.00 0.08 0.00 0.05 0.29 0.40 -1 1987
Result 0 4.0 2000 0.43 0.16 0.15 0.17 0.17 0.17 0.17 -1 -1 -1 -1
Evo 1.00 0.00 1.00 0.99 1.00 1.00 1.00 0.08 0.00 0.04 0.34 0.51 -1 1987
Result 0 5.0 2000 0.43 0.18 0.16 0.16 0.15 0.16 0.17 -1 -1 -1 -1
Evo 1.00 0.00 1.00 0.99 1.00 1.00 1.00 0.08 0.00 0.50 0.17 0.23 -1 1987
Result 0 4.0 2000 0.43 0.16 0.16 0.16 0.17 0.17 0.17 -1 -1 -1 -1
Evo 1.00 0.00 1.00 0.99 1.00 1.00 1.00 0.08 0.00 0.48 0.32 0.46 -1 1987
Result 0 12.0 2000 0.42 0.17 0.17 0.16 0.16 0.17 0.17 -1 -1 -1 -1
Evo 1.00 0.00 1.00 0.99 1.00 1.00 1.00 0.08 0.00 0.36 0.35 0.53 -1 1987
Result 0 15.0 2000 0.44 0.16 0.18 0.17 0.17 0.16 0.16 -1 -1 -1 -1
Evo 1.00 0.00 1.00 0.99 1.00 1.00 1.00 0.08 0.00 0.46 0.36 0.44 -1 1987
Result 0 9.0 2000 0.44 0.15 0.18 0.17 0.17 0.16 0.16 -1 -1 -1 -1
Evo 1.00 0.00 1.00 0.99 1.00 1.00 1.00 0.08 0.00 0.51 0.40 0.49 -1 1987
Result 0 9.0 2000 0.44 0.16 0.16 0.17 0.18 0.17 0.16 -1 -1 -1 -1
Evo 1.00 0.00 1.00 0.99 1.00 1.00 1.00 0.10 0.00 0.18 0.34 0.51 -1 419
Result 0 15.0 2000 0.45 0.18 0.17 0.18 0.16 0.16 0.15 -1 -1 -1 -1
Evo 1.00 0.00 1.00 0.99 1.00 1.00 1.00 0.08 0.00 0.49 0.39 0.53 -1 1987
Result 0 9.0 2000 0.43 0.17 0.17 0.17 0.15 0.16 0.18 -1 -1 -1 -1
Evo 1.00 0.00 1.00 0.99 1.00 1.00 1.00 0.08 0.00 0.22 0.37 0.52 -1 1987
Result 0 15.0 2000 0.44 0.17 0.16 0.18 0.16 0.17 0.16 -1 -1 -1 -1
Evo 1.00 0.00 1.00 0.99 1.00 1.00 1.00 0.08 0.00 0.41 0.18 0.22 -1 1987
Result 0 4.0 2000 0.44 0.17 0.18 0.17 0.17 0.16 0.15 -1 -1 -1 -1
Evo 1.00 0.00 1.00 0.99 1.00 1.00 1.00 0.08 0.00 0.08 0.19 0.29 -1 1987
Result 0 4.0 2000 0.42 0.18 0.17 0.16 0.16 0.16 0.17 -1 -1 -1 -1
Evo 1.00 0.00 1.00 0.99 1.00 1.00 1.00 0.08 0.00 0.41 0.29 0.43 -1 1987
Result 0 10.0 2000 0.44 0.17 0.14 0.17 0.17 0.17 0.18 -1 -1 -1 -1
Evo 1.00 0.00 1.00 0.99 1.00 1.00 1.00 0.08 0.00 0.19 0.34 0.46 -1 1987
Result 0 12.0 2000 0.44 0.16 0.18 0.18 0.16 0.17 0.16 -1 -1 -1 -1
Evo 1.00 0.00 1.00 0.95 1.00 1.00 1.00 0.21 0.00 0.26 0.34 0.53 -1 1356
Result 0 15.0 2000 0.45 0.17 0.16 0.18 0.18 0.13 0.16 -1 -1 -1 -1
Evo 1.00 0.00 1.00 0.99 1.00 1.00 1.00 0.08 0.00 0.01 0.33 0.49 -1 1987
Result 0 15.0 2000 0.44 0.16 0.17 0.17 0.17 0.15 0.18 -1 -1 -1 -1
Evo 1.00 0.00 1.00 0.99 1.00 1.00 1.00 0.08 0.00 0.01 0.35 0.48 -1 1987
Result 0 6.0 2000 0.44 0.18 0.16 0.17 0.16 0.17 0.17 -1 -1 -1 -1
Evo 1.00 0.00 1.00 0.95 1.00 1.00 1.00 0.21 0.00 0.10 0.30 0.58 -1 110
Result 0 18.0 2000 0.41 0.16 0.18 0.15 0.16 0.18 0.16 -1 -1 -1 -1
Evo 1.00 0.00 1.00 0.95 1.00 1.00 1.00 0.21 0.00 0.01 0.25 0.47 -1 57
Result 0 11.0 2000 0.42 0.17 0.16 0.16 0.16 0.18 0.17 -1 -1 -1 -1
Evo 1.00 0.00 1.00 0.97 1.00 1.00 1.00 0.18 0.00 0.01 0.38 0.60 -1 1297
Result 0 31.0 2000 0.41 0.17 0.18 0.15 0.16 0.18 0.17 -1 -1 -1 -1
Evo 1.00 0.00 1.00 0.93 1.00 1.00 1.00 0.26 0.01 0.02 0.35 0.62 -1 80
Result 0 23.0 2000 0.42 0.18 0.16 0.16 0.16 0.18 0.17 -1 -1 -1 -1
Evo 1.00 0.00 1.00 0.91 1.00 1.00 1.00 0.28 0.01 0.03 0.30 0.60 -1 88
Result 0 18.0 2000 0.44 0.17 0.16 0.17 0.17 0.17 0.16 -1 -1 -1 -1
Evo 1.00 0.00 1.00 0.96 1.00 1.00 1.00 0.18 0.00 0.45 0.30 0.48 -1 412
Result 0 11.0 2000 0.42 0.15 0.18 0.16 0.17 0.18 0.16 -1 -1 -1 -1
Evo 1.00 0.00 1.00 0.88 1.00 1.00 1.00 0.22 0.01 0.06 0.35 0.60 960 802
Result 1 27.0 1240 0.42 0.15 0.15 0.16 0.17 0.18 0.18 -1 -1 -1 -1
Evo 1.00 0.00 0.50 0.46 0.50 0.50 0.50 0.14 0.00 0.01 0.43 0.64 -1 166
Result 0 30.0 2000 0.43 0.17 0.17 0.16 0.16 0.17 0.16 -1 -1 -1 -1
Evo 1.00 0.00 0.50 0.49 0.50 0.50 0.50 0.08 0.00 0.01 0.39 0.61 -1 1274
Result 0 17.0 2000 0.43 0.16 0.17 0.16 0.19 0.16 0.16 -1 -1 -1 -1
Evo 1.00 0.00 1.00 0.50 0.50 0.50 0.50 0.05 0.00 0.01 0.37 0.62 1297 1013
Result 1 28.0 1303 0.43 0.15 0.16 0.16 0.17 0.17 0.18 -1 -1 -1 -1
Evo 1.00 0.00 0.50 0.48 0.50 0.50 0.50 0.10 0.00 0.02 0.24 0.51 -1 77
Result 0 11.0 2000 0.41 0.16 0.17 0.15 0.16 0.17 0.18 -1 -1 -1 -1
Evo 1.00 0.00 0.50 0.47 0.50 0.50 0.50 0.11 0.00 0.01 0.44 0.66 -1 212
Result 0 35.0 2000 0.43 0.15 0.18 0.17 0.17 0.17 0.17 -1 -1 -1 -1
Evo 1.00 0.00 0.50 0.46 0.50 0.50 0.50 0.13 0.00 0.01 0.42 0.61 -1 112
Result 0 22.0 2000 0.45 0.14 0.17 0.18 0.17 0.18 0.16 -1 -1 -1 -1
Evo 1.00 0.00 1.00 0.48 0.50 0.50 0.50 0.12 0.01 0.03 0.28 0.62 555 265
Result 1 30.0 570 0.43 0.17 0.15 0.16 0.15 0.19 0.18 -1 -1 -1 -1
Evo 1.00 0.50 1.00 0.50 0.50 0.50 0.50 0.05 0.00 0.44 0.22 0.44 322 -1
Result 1 17.0 327 0.42 0.15 0.12 0.16 0.15 0.23 0.19 -1 -1 -1 -1
Evo 1.00 0.00 1.00 0.50 0.50 0.50 0.50 0.05 0.00 0.03 0.28 0.61 523 413
Result 1 28.0 526 0.43 0.17 0.15 0.17 0.15 0.19 0.17 -1 -1 -1 -1
Evo 1.00 0.00 0.50 0.47 0.50 0.50 0.50 0.12 0.00 0.04 0.28 0.48 -1 254
Result 0 23.0 2000 0.44 0.15 0.17 0.18 0.17 0.17 0.16 -1 -1 -1 -1
Evo 1.00 0.50 1.00 0.51 0.50 0.50 0.50 0.06 0.00 0.26 0.17 0.40 210 -1
Result 1 17.0 214 0.38 0.12 0.15 0.13 0.20 0.22 0.17 -1 -1 -1 -1
Evo 1.00 0.00 0.50 0.49 0.50 0.50 0.50 0.07 0.00 0.01 0.35 0.59 -1 1358
Result 0 18.0 2000 0.41 0.16 0.17 0.15 0.15 0.19 0.17 -1 -1 -1 -1
Evo 1.00 0.00 0.50 0.48 0.50 0.50 0.50 0.10 0.00 0.01 0.27 0.48 -1 79
Result 0 11.0 2000 0.42 0.18 0.17 0.16 0.15 0.18 0.16 -1 -1 -1 -1
Evo 1.00 0.00 0.50 0.50 0.50 0.50 0.50 0.04 0.00 0.01 0.38 0.62 -1 1987
Result 0 9.0 2000 0.43 0.16 0.17 0.16 0.18 0.17 0.16 -1 -1 -1 -1
Evo 1.00 0.00 1.00 0.48 0.50 0.50 0.50 0.11 0.00 0.52 0.25 0.59 862 319
Result 1 11.0 931 0.40 0.17 0.16 0.14 0.17 0.19 0.16 -1 -1 -1 -1
Evo 1.00 0.50 1.00 0.50 0.50 0.50 0.50 0.04 0.00 0.05 0.33 0.70 635 -1
Result 1 21.0 643 0.40 0.16 0.16 0.14 0.16 0.19 0.19 -1 -1 -1 -1
Evo 1.00 0.00 0.50 0.50 0.50 0.50 0.50 0.04 0.00 0.01 0.36 0.54 -1 1987
Result 0 9.0 2000 0.41 0.18 0.16 0.15 0.17 0.18 0.16 -1 -1 -1 -1
Evo 1.00 0.00 0.50 0.50 0.50 0.50 0.50 0.04 0.00 0.03 0.55 0.73 -1 1987
Result 0 29.0 2000 0.44 0.16 0.16 0.17 0.17 0.17 0.16 -1 -1 -1 -1
Evo 1.00 0.00 0.50 0.50 0.50 0.50 0.50 0.04 0.00 0.03 0.41 0.68 -1 1987
Result 0 9.0 2000 0.42 0.16 0.17 0.16 0.16 0.17 0.18 -1 -1 -1 -1
Evo 1.00 0.00 0.50 0.47 0.50 0.50 0.50 0.12 0.00 0.19 0.23 0.60 -1 139
Result 0 11.0 2000 0.42 0.18 0.15 0.16 0.19 0.16 0.16 -1 -1 -1 -1
Evo 1.00 0.00 1.00 0.49 0.50 0.50 0.50 0.08 0.00 0.03 0.21 0.58 407 346
Result 1 11.0 470 0.41 0.14 0.18 0.15 0.23 0.17 0.14 -1 -1 -1 -1
Evo 1.00 0.00 1.00 0.48 0.50 0.50 0.50 0.10 0.00 0.02 0.42 0.69 1680 189
Result 1 15.0 1698 0.43 0.16 0.16 0.17 0.17 0.17 0.17 -1 -1 -1 -1
Evo 1.00 0.00 0.50 0.49 0.50 0.50 0.50 0.08 0.00 0.02 0.33 0.59 -1 78
Result 0 13.0 2000 0.45 0.17 0.16 0.18 0.16 0.16 0.17 -1 -1 -1 -1
Evo 1.00 0.50 1.00 0.50 0.50 0.50 0.50 0.03 0.00 0.25 0.20 0.63 505 -1
Result 1 10.0 537 0.42 0.16 0.15 0.16 0.18 0.20 0.15 -1 -1 -1 -1
Evo 1.00 0.00 0.50 0.50 0.50 0.50 0.50 0.04 0.00 0.02 0.55 0.73 -1 1987
Result 0 28.0 2000 0.43 0.18 0.17 0.16 0.15 0.17 0.17 -1 -1 -1 -1
Evo 1.00 0.00 0.50 0.47 0.50 0.50 0.50 0.12 0.00 0.02 0.44 0.71 -1 63
Result 0 13.0 2000 0.43 0.17 0.16 0.17 0.17 0.17 0.16 -1 -1 -1 -1
Evo 1.00 0.00 1.00 0.49 0.50 0.50 0.50 0.09 0.00 0.04 0.36 0.69 1498 118
Result 1 14.0 1501 0.43 0.17 0.16 0.17 0.17 0.17 0.18 -1 -1 -1 -1
Evo 1.00 0.00 0.50 0.50 0.50 0.50 0.50 0.04 0.00 0.03 0.55 0.72 -1 1987
Result 0 29.0 2000 0.43 0.17 0.15 0.16 0.17 0.17 0.16 -1 -1 -1 -1
Evo 1.00 0.00 1.00 0.48 0.50 0.50 0.50 0.11 0.00 0.02 0.49 0.72 1002 486
Result 1 24.0 1483 0.42 0.15 0.18 0.16 0.18 0.16 0.16 -1 -1 -1 -1
Evo 1.00 0.00 0.50 0.50 0.50 0.50 0.50 0.04 0.00 0.03 0.41 0.66 -1 1987
Result 0 11.0 2000 0.43 0.16 0.17 0.17 0.15 0.16 0.18 -1 -1 -1 -1
Evo 1.00 0.00 0.50 0.50 0.50 0.50 0.50 0.04 0.00 0.02 0.54 0.73 -1 1987
Result 0 29.0 2000 0.44 0.16 0.16 0.18 0.17 0.16 0.18 -1 -1 -1 -1
Evo 1.00 0.00 0.50 0.50 0.50 0.50 0.50 0.04 0.00 0.01 0.57 0.73 -1 1987
Result 0 29.0 2000 0.43 0.16 0.15 0.16 0.19 0.16 0.17 -1 -1 -1 -1
Evo 1.00 0.00 0.50 0.50 0.50 0.50 0.50 0.04 0.00 0.01 0.44 0.64 -1 1987
Result 0 16.0 2000 0.42 0.17 0.18 0.16 0.16 0.17 0.16 -1 -1 -1 -1
Evo 1.00 0.00 0.50 0.49 0.50 0.50 0.50 0.06 0.00 0.01 0.38 0.58 -1 20
Result 0 14.0 2000 0.46 0.15 0.15 0.19 0.18 0.17 0.16 -1 -1 -1 -1
Evo 1.00 0.00 0.50 0.49 0.50 0.50 0.50 0.06 0.00 0.01 0.36 0.62 -1 13
Result 0 13.0 2000 0.43 0.16 0.17 0.16 0.17 0.16 0.18 -1 -1 -1 -1
Evo 1.00 0.00 0.50 0.49 0.50 0.50 0.50 0.08 0.00 0.01 0.43 0.62 -1 19
Result 0 13.0 2000 0.43 0.16 0.16 0.17 0.17 0.17 0.18 -1 -1 -1 -1
Evo 1.00 0.00 0.50 0.47 0.50 0.50 0.50 0.11 0.00 0.01 0.45 0.71 1800 15
Result 0 13.0 2000 0.43 0.16 0.15 0.17 0.16 0.18 0.17 -1 -1 -1 -1
Evo 1.00 0.00 0.50 0.49 0.50 0.50 0.50 0.06 0.00 0.01 0.38 0.59 -1 19
Result 0 13.0 2000 0.45 0.15 0.17 0.18 0.17 0.15 0.18 -1 -1 -1 -1
Evo 1.00 0.00 1.00 0.50 0.50 0.50 0.50 0.07 0.00 0.02 0.22 0.58 366 19
Result 1 11.0 368 0.41 0.18 0.15 0.15 0.18 0.22 0.12 -1 -1 -1 -1
Evo 1.00 0.00 0.50 0.48 0.50 0.50 0.50 0.10 0.00 0.01 0.40 0.60 -1 16
Result 0 13.0 2000 0.43 0.17 0.16 0.17 0.18 0.17 0.15 -1 -1 -1 -1
Evo 1.00 0.00 0.50 0.49 0.50 0.50 0.50 0.07 0.00 0.01 0.45 0.61 -1 17
Result 0 13.0 2000 0.44 0.15 0.17 0.17 0.17 0.17 0.16 -1 -1 -1 -1
Evo 1.00 0.00 1.00 0.49 0.50 0.50 0.50 0.08 0.00 0.50 0.44 0.63 710 14
Result 0 13.0 2000 0.45 0.16 0.16 0.18 0.17 0.17 0.16 -1 -1 -1 -1
Evo 1.00 0.00 1.00 0.46 0.50 0.50 0.50 0.16 0.01 0.02 0.13 0.38 63 15
Result 1 11.0 371 0.41 0.16 0.15 0.15 0.16 0.22 0.16 -1 -1 -1 -1
Evo 1.00 0.00 1.00 0.47 0.50 0.50 0.50 0.16 0.01 0.05 0.16 0.40 283 19
Result 1 11.0 299 0.41 0.16 0.14 0.15 0.13 0.24 0.17 -1 -1 -1 -1
Evo 1.00 0.00 1.00 0.49 0.50 0.50 0.50 0.09 0.00 0.01 0.32 0.63 962 15
Result 1 11.0 999 0.42 0.18 0.18 0.16 0.16 0.17 0.16 -1 -1 -1 -1
Evo 1.00 0.00 1.00 0.50 0.50 0.50 0.50 0.10 0.01 0.03 0.15 0.46 242 12
Result 1 11.0 246 0.39 0.17 0.14 0.14 0.16 0.21 0.19 -1 -1 -1 -1
Evo 1.00 0.00 0.50 0.48 0.50 0.50 0.50 0.09 0.00 0.01 0.47 0.69 123 15
Result 0 13.0 2000 0.44 0.17 0.17 0.17 0.16 0.16 0.16 -1 -1 -1 -1
Evo 1.01 0.00 1.00 0.48 0.50 0.50 0.50 0.14 0.01 0.07 0.12 0.35 164 14
Result 1 11.0 172 0.37 0.16 0.18 0.12 0.20 0.20 0.15 -1 -1 -1 -1
Evo 1.00 0.00 0.50 0.49 0.50 0.50 0.50 0.09 0.00 0.01 0.46 0.66 -1 14
Result 0 13.0 2000 0.41 0.17 0.18 0.15 0.17 0.16 0.16 -1 -1 -1 -1
Evo 1.00 0.00 0.50 0.48 0.50 0.50 0.50 0.10 0.00 0.01 0.46 0.68 -1 13
Result 0 13.0 2000 0.43 0.17 0.17 0.17 0.16 0.17 0.17 -1 -1 -1 -1
Evo 1.00 0.00 1.00 0.49 0.50 0.50 0.50 0.08 0.00 0.01 0.46 0.71 1558 16
Result 1 13.0 1704 0.44 0.17 0.17 0.18 0.16 0.17 0.16 -1 -1 -1 -1
Evo 1.00 0.00 0.50 0.48 0.50 0.50 0.50 0.09 0.00 0.01 0.40 0.59 -1 491
Result 0 13.0 2000 0.43 0.17 0.18 0.16 0.17 0.16 0.16 -1 -1 -1 -1
Evo 1.00 0.00 0.50 0.49 0.50 0.50 0.50 0.07 0.00 0.01 0.39 0.64 1969 15
Result 0 14.0 2000 0.43 0.17 0.16 0.17 0.17 0.17 0.16 -1 -1 -1 -1
