Evo 1.00 0.00 0.00 0.00 0.00 0.00 0.00 0.00 0.00 0.00 0.06 0.14 -1 987
Result 0 0.0 1000 0.47 0.21 0.20 0.19 0.20 0.20 -1 -1 -1 -1 -1
Evo 1.00 0.00 1.00 0.99 1.00 1.00 1.00 0.12 0.00 0.10 0.17 0.22 -1 987
Result 0 1.0 1000 0.48 0.20 0.19 0.18 0.20 0.23 -1 -1 -1 -1 -1
Evo 1.00 0.00 1.00 0.99 1.00 1.00 1.00 0.12 0.00 0.02 0.05 0.09 -1 987
Result 0 0.0 1000 0.47 0.17 0.19 0.21 0.22 0.20 -1 -1 -1 -1 -1
Evo 1.00 0.00 1.00 0.99 1.00 1.00 1.00 0.12 0.00 0.02 0.07 0.13 -1 987
Result 0 0.0 1000 0.48 0.20 0.19 0.19 0.20 0.21 -1 -1 -1 -1 -1
Evo 1.00 0.00 1.00 0.99 1.00 1.00 1.00 0.12 0.00 0.02 0.06 0.10 -1 987
Result 0 0.0 1000 0.45 0.20 0.20 0.20 0.20 0.19 -1 -1 -1 -1 -1
Evo 1.00 0.00 1.00 0.99 1.00 1.00 1.00 0.12 0.00 0.02 0.05 0.10 -1 987
Result 0 0.0 1000 0.48 0.19 0.20 0.18 0.21 0.21 -1 -1 -1 -1 -1
Evo 1.00 0.00 1.00 0.99 1.00 1.00 1.00 0.12 0.00 0.02 0.06 0.08 -1 987
Result 0 0.0 1000 0.46 0.21 0.19 0.19 0.21 0.20 -1 -1 -1 -1 -1
Evo 1.00 0.00 1.00 0.99 1.00 1.00 1.00 0.12 0.00 0.02 0.05 0.15 -1 987
Result 0 0.0 1000 0.46 0.21 0.18 0.20 0.21 0.19 -1 -1 -1 -1 -1
Evo 1.00 0.00 1.00 0.99 1.00 1.00 1.00 0.12 0.00 0.02 0.06 0.07 -1 987
Result 0 0.0 1000 0.47 0.21 0.19 0.19 0.19 0.21 -1 -1 -1 -1 -1
Evo 1.00 0.00 1.00 0.99 1.00 1.00 1.00 0.12 0.00 0.02 0.05 0.11 -1 987
Result 0 0.0 1000 0.47 0.18 0.20 0.23 0.19 0.21 -1 -1 -1 -1 -1
Evo 1.00 0.00 1.00 0.99 1.00 1.00 1.00 0.12 0.00 0.02 0.06 0.09 -1 987
Result 0 0.0 1000 0.47 0.19 0.20 0.19 0.21 0.20 -1 -1 -1 -1 -1
Evo 1.00 0.00 1.00 0.99 1.00 1.00 1.00 0.12 0.00 0.02 0.05 0.08 -1 987
Result 0 0.0 1000 0.45 0.19 0.19 0.22 0.21 0.18 -1 -1 -1 -1 -1
Evo 1.00 0.00 1.00 0.99 1.00 1.00 1.00 0.12 0.00 0.02 0.06 0.11 -1 987
Result 0 0.0 1000 0.46 0.18 0.21 0.22 0.19 0.20 -1 -1 -1 -1 -1
Evo 1.00 0.00 1.00 0.99 1.00 1.00 1.00 0.12 0.00 0.02 0.05 0.10 -1 987
Result 0 0.0 1000 0.46 0.18 0.19 0.20 0.23 0.20 -1 -1 -1 -1 -1
Evo 1.00 0.00 1.00 0.99 1.00 1.00 1.00 0.12 0.00 0.02 0.06 0.09 -1 987
Result 0 0.0 1000 0.47 0.21 0.18 0.20 0.20 0.20 -1 -1 -1 -1 -1
Evo 1.00 0.00 1.00 0.99 1.00 1.00 1.00 0.12 0.00 0.02 0.05 0.10 -1 987
Result 0 0.0 1000 0.48 0.20 0.19 0.19 0.20 0.22 -1 -1 -1 -1 -1
Evo 1.00 0.00 1.00 0.99 1.00 1.00 1.00 0.12 0.00 0.02 0.06 0.09 -1 987
Result 0 0.0 1000 0.46 0.20 0.22 0.20 0.18 0.20 -1 -1 -1 -1 -1
Evo 1.00 0.00 1.00 0.99 1.00 1.00 1.00 0.12 0.00 0.02 0.06 0.11 -1 987
Result 0 0.0 1000 0.46 0.22 0.20 0.20 0.19 0.19 -1 -1 -1 -1 -1
Evo 1.00 0.00 1.00 0.99 1.00 1.00 1.00 0.12 0.00 0.02 0.06 0.12 -1 987
Result 0 0.0 1000 0.48 0.20 0.19 0.19 0.20 0.21 -1 -1 -1 -1 -1
Evo 1.00 0.00 1.00 0.99 1.00 1.00 1.00 0.12 0.00 0.02 0.05 0.14 -1 987
Result 0 0.0 1000 0.47 0.19 0.22 0.21 0.17 0.21 -1 -1 -1 -1 -1
Evo 1.00 0.00 1.00 0.99 1.00 1.00 1.00 0.12 0.00 0.02 0.07 0.11 -1 987
Result 0 0.0 1000 0.45 0.21 0.20 0.18 0.23 0.18 -1 -1 -1 -1 -1
Evo 1.00 0.00 1.00 0.99 1.00 1.00 1.00 0.12 0.00 0.02 0.07 0.14 -1 987
Result 0 0.0 1000 0.44 0.20 0.21 0.19 0.21 0.18 -1 -1 -1 -1 -1
Evo 1.00 0.00 1.00 0.99 1.00 1.00 1.00 0.12 0.00 0.02 0.08 0.13 -1 987
Result 0 0.0 1000 0.47 0.21 0.18 0.20 0.20 0.20 -1 -1 -1 -1 -1
Evo 1.00 0.00 1.00 0.99 1.00 1.00 1.00 0.12 0.00 0.02 0.08 0.14 -1 987
Result 0 0.0 1000 0.47 0.21 0.20 0.19 0.19 0.20 -1 -1 -1 -1 -1
Evo 1.00 0.00 1.00 0.99 1.00 1.00 1.00 0.12 0.00 0.02 0.09 0.13 -1 987
Result 0 0.0 1000 0.45 0.23 0.22 0.18 0.18 0.19 -1 -1 -1 -1 -1
Evo 1.00 0.00 1.00 0.99 1.00 1.00 1.00 0.12 0.00 0.02 0.09 0.13 -1 987
Result 0 0.0 1000 0.46 0.22 0.18 0.20 0.20 0.20 -1 -1 -1 -1 -1
Evo 1.00 0.00 1.00 0.99 1.00 1.00 1.00 0.12 0.00 0.02 0.09 0.15 -1 987
Result 0 0.0 1000 0.47 0.18 0.20 0.21 0.21 0.20 -1 -1 -1 -1 -1
Evo 1.00 0.00 1.00 0.99 1.00 1.00 1.00 0.12 0.00 0.02 0.09 0.13 -1 987
Result 0 0.0 1000 0.46 0.20 0.19 0.20 0.20 0.19 -1 -1 -1 -1 -1
Evo 1.00 0.00 1.00 0.99 1.00 1.00 1.00 0.12 0.00 0.02 0.09 0.14 -1 987
Result 0 0.0 1000 0.47 0.18 0.20 0.20 0.22 0.20 -1 -1 -1 -1 -1
Evo 1.00 0.00 1.00 0.99 1.00 1.00 1.00 0.12 0.00 0.02 0.09 0.14 -1 987
Result 0 0.0 1000 0.49 0.19 0.19 0.19 0.19 0.23 -1 -1 -1 -1 -1
Evo 1.00 0.00 1.00 0.99 1.00 1.00 1.00 0.12 0.00 0.21 0.13 0.18 -1 987
Result 0 1.0 1000 0.47 0.21 0.19 0.19 0.20 0.21 -1 -1 -1 -1 -1
Evo 1.00 0.00 1.00 0.99 1.00 1.00 1.00 0.12 0.00 0.02 0.10 0.14 -1 987
Result 0 0.0 1000 0.46 0.21 0.19 0.20 0.20 0.20 -1 -1 -1 -1 -1
Evo 1.00 0.00 1.00 0.99 1.00 1.00 1.00 0.12 0.00 0.02 0.09 0.14 -1 987
Result 0 0.0 1000 0.46 0.22 0.22 0.18 0.19 0.19 -1 -1 -1 -1 -1
Evo 1.00 0.00 1.00 0.99 1.00 1.00 1.00 0.12 0.00 0.02 0.08 0.13 -1 987
Result 0 0.0 1000 0.46 0.20 0.19 0.18 0.23 0.20 -1 -1 -1 -1 -1
Evo 1.00 0.00 1.00 0.99 1.00 1.00 1.00 0.12 0.00 0.53 0.14 0.18 -1 987
Result 0 1.0 1000 0.48 0.19 0.20 0.19 0.20 0.22 -1 -1 -1 -1 -1
Evo 1.00 0.00 1.00 0.99 1.00 1.00 1.00 0.12 0.00 0.02 0.10 0.14 -1 987
Result 0 0.0 1000 0.47 0.20 0.20 0.19 0.20 0.21 -1 -1 -1 -1 -1
Evo 1.00 0.00 1.00 0.99 1.00 1.00 1.00 0.12 0.00 0.02 0.09 0.13 -1 987
Result 0 0.0 1000 0.48 0.18 0.19 0.21 0.19 0.22 -1 -1 -1 -1 -1
Evo 1.00 0.00 1.00 0.99 1.00 1.00 1.00 0.12 0.00 0.02 0.09 0.13 -1 987
Result 0 0.0 1000 0.45 0.20 0.19 0.22 0.20 0.18 -1 -1 -1 -1 -1
Evo 1.00 0.00 1.00 0.99 1.00 1.00 1.00 0.12 0.00 0.33 0.13 0.18 -1 987
Result 0 1.0 1000 0.46 0.21 0.20 0.20 0.20 0.20 -1 -1 -1 -1 -1
Evo 1.00 0.00 1.00 0.99 1.00 1.00 1.00 0.12 0.00 0.02 0.07 0.12 -1 987
Result 0 0.0 1000 0.45 0.20 0.21 0.22 0.18 0.18 -1 -1 -1 -1 -1
Evo 1.00 0.00 1.00 0.99 1.00 1.00 1.00 0.12 0.00 0.05 0.21 0.34 -1 987
Result 0 1.0 1000 0.47 0.21 0.21 0.19 0.18 0.21 -1 -1 -1 -1 -1
Evo 1.00 0.00 1.00 0.99 1.00 1.00 1.00 0.12 0.00 0.15 0.14 0.29 -1 987
Result 0 1.0 1000 0.46 0.20 0.22 0.20 0.18 0.19 -1 -1 -1 -1 -1
Evo 1.00 0.00 1.00 0.99 1.00 1.00 1.00 0.12 0.00 0.07 0.29 0.38 -1 987
Result 0 1.0 1000 0.46 0.20 0.19 0.20 0.21 0.20 -1 -1 -1 -1 -1
Evo 1.00 0.00 1.00 0.99 1.00 1.00 1.00 0.12 0.00 0.08 0.32 0.38 -1 987
Result 0 1.0 1000 0.46 0.19 0.20 0.19 0.22 0.19 -1 -1 -1 -1 -1
Evo 1.00 0.00 1.00 0.99 1.00 1.00 1.00 0.12 0.00 0.04 0.18 0.27 -1 987
Result 0 1.0 1000 0.47 0.20 0.20 0.22 0.18 0.21 -1 -1 -1 -1 -1
Evo 1.00 0.00 1.00 0.99 1.00 1.00 1.00 0.12 0.00 0.26 0.13 0.23 -1 987
Result 0 1.0 1000 0.46 0.21 0.18 0.21 0.20 0.19 -1 -1 -1 -1 -1
Evo 1.00 0.00 1.00 0.99 1.00 1.00 1.00 0.12 0.00 0.03 0.17 0.29 -1 987
Result 0 1.0 1000 0.46 0.22 0.20 0.22 0.16 0.20 -1 -1 -1 -1 -1
Evo 1.00 0.00 1.00 0.99 1.00 1.00 1.00 0.12 0.00 0.19 0.14 0.27 -1 987
Result 0 1.0 1000 0.47 0.19 0.21 0.20 0.19 0.20 -1 -1 -1 -1 -1
Evo 1.00 0.00 1.00 0.99 1.00 1.00 1.00 0.12 0.00 0.25 0.18 0.25 -1 987
Result 0 1.0 1000 0.48 0.18 0.21 0.19 0.20 0.22 -1 -1 -1 -1 -1
Evo 1.00 0.00 1.00 0.99 1.00 1.00 1.00 0.12 0.00 0.11 0.16 0.29 -1 987
Result 0 1.0 1000 0.47 0.18 0.20 0.21 0.21 0.20 -1 -1 -1 -1 -1
Evo 1.00 0.00 1.00 0.99 1.00 1.00 1.00 0.12 0.00 0.06 0.13 0.25 -1 987
Result 0 1.0 1000 0.48 0.20 0.18 0.21 0.20 0.22 -1 -1 -1 -1 -1
Evo 1.00 0.00 1.00 0.99 1.00 1.00 1.00 0.12 0.00 0.07 0.20 0.25 -1 987
Result 0 1.0 1000 0.47 0.21 0.18 0.19 0.21 0.21 -1 -1 -1 -1 -1
Evo 1.00 0.00 1.00 0.99 1.00 1.00 1.00 0.12 0.00 0.04 0.18 0.25 -1 987
Result 0 1.0 1000 0.48 0.19 0.20 0.20 0.19 0.21 -1 -1 -1 -1 -1
Evo 1.00 0.00 1.00 0.99 1.00 1.00 1.00 0.12 0.00 0.05 0.28 0.37 -1 987
Result 0 1.0 1000 0.45 0.20 0.19 0.21 0.21 0.19 -1 -1 -1 -1 -1
Evo 1.00 0.00 1.00 0.99 1.00 1.00 1.00 0.12 0.00 0.11 0.31 0.38 -1 987
Result 0 1.0 1000 0.46 0.20 0.18 0.21 0.21 0.20 -1 -1 -1 -1 -1
Evo 1.00 0.00 1.00 0.99 1.00 1.00 1.00 0.12 0.00 0.16 0.15 0.26 -1 987
Result 0 1.0 1000 0.46 0.20 0.20 0.21 0.19 0.20 -1 -1 -1 -1 -1
Evo 1.00 0.00 1.00 0.99 1.00 1.00 1.00 0.12 0.00 0.14 0.16 0.25 -1 987
Result 0 1.0 1000 0.48 0.17 0.19 0.20 0.21 0.22 -1 -1 -1 -1 -1
Evo 1.00 0.00 1.00 0.99 1.00 1.00 1.00 0.12 0.00 0.03 0.23 0.35 -1 987
Result 0 1.0 1000 0.48 0.21 0.20 0.20 0.17 0.21 -1 -1 -1 -1 -1
Evo 1.00 0.00 1.00 0.99 1.00 1.00 1.00 0.12 0.00 0.03 0.21 0.34 -1 987
Result 0 1.0 1000 0.45 0.18 0.19 0.21 0.23 0.18 -1 -1 -1 -1 -1
Evo 1.00 0.00 1.00 0.99 1.00 1.00 1.00 0.12 0.00 0.09 0.23 0.37 -1 987
Result 0 1.0 1000 0.47 0.19 0.21 0.20 0.20 0.20 -1 -1 -1 -1 -1
Evo 1.00 0.00 1.00 0.99 1.00 1.00 1.00 0.12 0.00 0.02 0.20 0.27 -1 987
Result 0 0.0 1000 0.47 0.20 0.21 0.20 0.18 0.21 -1 -1 -1 -1 -1
Evo 1.00 0.00 1.00 0.99 1.00 1.00 1.00 0.12 0.00 0.02 0.19 0.25 -1 987
Result 0 0.0 1000 0.49 0.18 0.20 0.19 0.20 0.23 -1 -1 -1 -1 -1
Evo 1.00 0.00 1.00 0.99 1.00 1.00 1.00 0.12 0.00 0.02 0.22 0.27 -1 987
Result 0 0.0 1000 0.46 0.23 0.19 0.21 0.18 0.20 -1 -1 -1 -1 -1
Evo 1.00 0.00 1.00 0.99 1.00 1.00 1.00 0.12 0.00 0.02 0.17 0.25 -1 987
Result 0 0.0 1000 0.48 0.20 0.20 0.18 0.20 0.22 -1 -1 -1 -1 -1
Evo 1.00 0.00 1.00 0.99 1.00 1.00 1.00 0.12 0.00 0.02 0.22 0.29 -1 987
Result 0 0.0 1000 0.46 0.20 0.18 0.20 0.23 0.19 -1 -1 -1 -1 -1
Evo 1.00 0.00 1.00 0.99 1.00 1.00 1.00 0.12 0.00 0.02 0.18 0.27 -1 987
Result 0 0.0 1000 0.47 0.21 0.22 0.20 0.17 0.20 -1 -1 -1 -1 -1
Evo 1.00 0.00 1.00 0.99 1.00 1.00 1.00 0.12 0.00 0.02 0.21 0.28 -1 987
Result 0 0.0 1000 0.46 0.21 0.20 0.19 0.20 0.20 -1 -1 -1 -1 -1
Evo 1.00 0.00 1.00 0.99 1.00 1.00 1.00 0.12 0.00 0.02 0.19 0.28 -1 987
Result 0 0.0 1000 0.47 0.20 0.20 0.20 0.19 0.21 -1 -1 -1 -1 -1
Evo 1.00 0.00 1.00 0.99 1.00 1.00 1.00 0.12 0.00 0.02 0.19 0.27 -1 987
Result 0 0.0 1000 0.45 0.20 0.22 0.20 0.19 0.19 -1 -1 -1 -1 -1
Evo 1.00 0.00 1.00 0.99 1.00 1.00 1.00 0.12 0.00 0.02 0.20 0.26 -1 987
Result 0 0.0 1000 0.46 0.20 0.19 0.21 0.20 0.19 -1 -1 -1 -1 -1
Evo 1.00 0.00 1.00 0.99 1.00 1.00 1.00 0.12 0.00 0.02 0.21 0.30 -1 987
Result 0 0.0 1000 0.46 0.20 0.20 0.21 0.20 0.20 -1 -1 -1 -1 -1
Evo 1.00 0.00 1.00 0.99 1.00 1.00 1.00 0.12 0.00 0.02 0.18 0.25 -1 987
Result 0 0.0 1000 0.47 0.19 0.21 0.21 0.19 0.20 -1 -1 -1 -1 -1
Evo 1.00 0.00 1.00 0.99 1.00 1.00 1.00 0.12 0.00 0.02 0.20 0.25 -1 987
Result 0 0.0 1000 0.46 0.22 0.19 0.19 0.19 0.20 -1 -1 -1 -1 -1
Evo 1.00 0.00 1.00 0.99 1.00 1.00 1.00 0.12 0.00 0.02 0.19 0.27 -1 987
Result 0 0.0 1000 0.47 0.18 0.21 0.21 0.19 0.21 -1 -1 -1 -1 -1
Evo 1.00 0.00 1.00 0.99 1.00 1.00 1.00 0.12 0.00 0.02 0.20 0.28 -1 987
Result 0 0.0 1000 0.49 0.19 0.18 0.21 0.19 0.23 -1 -1 -1 -1 -1
Evo 1.00 0.00 1.00 0.99 1.00 1.00 1.00 0.12 0.00 0.02 0.21 0.29 -1 987
Result 0 0.0 1000 0.49 0.21 0.18 0.20 0.18 0.23 -1 -1 -1 -1 -1
Evo 1.00 0.00 1.00 0.99 1.00 1.00 1.00 0.12 0.00 0.02 0.18 0.28 -1 987
Result 0 0.0 1000 0.47 0.19 0.22 0.19 0.19 0.21 -1 -1 -1 -1 -1
Evo 1.00 0.00 1.00 0.99 1.00 1.00 1.00 0.12 0.00 0.02 0.19 0.27 -1 987
Result 0 0.0 1000 0.48 0.19 0.20 0.20 0.19 0.22 -1 -1 -1 -1 -1
Evo 1.00 0.00 1.00 0.99 1.00 1.00 1.00 0.12 0.00 0.02 0.20 0.32 -1 987
Result 0 0.0 1000 0.47 0.21 0.16 0.20 0.22 0.20 -1 -1 -1 -1 -1
Evo 1.00 0.00 1.00 0.99 1.00 1.00 1.00 0.12 0.00 0.02 0.21 0.28 -1 987
Result 0 0.0 1000 0.46 0.19 0.18 0.22 0.22 0.19 -1 -1 -1 -1 -1
Evo 1.00 0.00 1.00 0.99 1.00 1.00 1.00 0.12 0.00 0.02 0.06 0.09 -1 987
Result 0 0.0 1000 0.45 0.20 0.20 0.19 0.22 0.18 -1 -1 -1 -1 -1
Evo 1.00 0.00 1.00 0.99 1.00 1.00 1.00 0.12 0.00 0.02 0.07 0.14 -1 987
Result 0 0.0 1000 0.47 0.19 0.18 0.21 0.21 0.21 -1 -1 -1 -1 -1
Evo 1.00 0.00 1.00 0.99 1.00 1.00 1.00 0.12 0.00 0.02 0.10 0.16 -1 987
Result 0 0.0 1000 0.46 0.17 0.23 0.20 0.20 0.20 -1 -1 -1 -1 -1
Evo 1.00 0.00 1.00 0.99 1.00 1.00 1.00 0.12 0.00 0.02 0.07 0.11 -1 987
Result 0 0.0 1000 0.45 0.21 0.18 0.21 0.21 0.19 -1 -1 -1 -1 -1
Evo 1.00 0.00 1.00 0.99 1.00 1.00 1.00 0.12 0.00 0.02 0.06 0.09 -1 987
Result 0 0.0 1000 0.49 0.18 0.20 0.20 0.20 0.23 -1 -1 -1 -1 -1
Evo 1.00 0.00 1.00 0.99 1.00 1.00 1.00 0.12 0.00 0.02 0.07 0.09 -1 987
Result 0 0.0 1000 0.47 0.19 0.20 0.21 0.19 0.21 -1 -1 -1 -1 -1
Evo 1.00 0.00 1.00 0.99 1.00 1.00 1.00 0.12 0.00 0.02 0.07 0.12 -1 987
Result 0 0.0 1000 0.47 0.19 0.21 0.20 0.19 0.21 -1 -1 -1 -1 -1
Evo 1.00 0.00 1.00 0.99 1.00 1.00 1.00 0.12 0.00 0.02 0.07 0.11 -1 987
Result 0 0.0 1000 0.46 0.19 0.23 0.20 0.18 0.20 -1 -1 -1 -1 -1
Evo 1.00 0.00 1.00 0.99 1.00 1.00 1.00 0.12 0.00 0.52 0.11 0.16 -1 987
Result 0 1.0 1000 0.45 0.19 0.20 0.23 0.19 0.19 -1 -1 -1 -1 -1
Evo 1.00 0.00 1.00 0.99 1.00 1.00 1.00 0.12 0.00 0.02 0.06 0.08 -1 987
Result 0 0.0 1000 0.48 0.20 0.21 0.19 0.18 0.21 -1 -1 -1 -1 -1
Evo 1.00 0.00 1.00 0.99 1.00 1.00 1.00 0.12 0.00 0.02 0.05 0.09 -1 987
Result 0 0.0 1000 0.46 0.22 0.19 0.20 0.19 0.20 -1 -1 -1 -1 -1
Evo 1.00 0.00 1.00 0.99 1.00 1.00 1.00 0.12 0.00 0.02 0.06 0.10 -1 987
Result 0 0.0 1000 0.46 0.22 0.22 0.18 0.18 0.20 -1 -1 -1 -1 -1
Evo 1.00 0.00 1.00 0.99 1.00 1.00 1.00 0.12 0.00 0.20 0.12 0.16 -1 987
Result 0 1.0 1000 0.46 0.18 0.21 0.20 0.22 0.19 -1 -1 -1 -1 -1
Evo 1.00 0.00 1.00 0.99 1.00 1.00 1.00 0.12 0.00 0.02 0.07 0.10 -1 987
Result 0 0.0 1000 0.47 0.21 0.20 0.21 0.17 0.21 -1 -1 -1 -1 -1
Evo 1.00 0.00 1.00 0.99 1.00 1.00 1.00 0.12 0.00 0.02 0.07 0.11 -1 987
Result 0 0.0 1000 0.47 0.19 0.21 0.20 0.19 0.21 -1 -1 -1 -1 -1
Evo 1.00 0.00 1.00 0.99 1.00 1.00 1.00 0.12 0.00 0.50 0.12 0.15 -1 987
Result 0 1.0 1000 0.46 0.22 0.19 0.21 0.19 0.19 -1 -1 -1 -1 -1
Evo 1.00 0.00 1.00 0.99 1.00 1.00 1.00 0.12 0.00 0.02 0.07 0.09 -1 987
Result 0 0.0 1000 0.46 0.20 0.17 0.21 0.21 0.20 -1 -1 -1 -1 -1
Evo 1.00 0.00 1.00 0.99 1.00 1.00 1.00 0.12 0.00 0.02 0.07 0.11 -1 987
Result 0 0.0 1000 0.47 0.22 0.21 0.18 0.19 0.20 -1 -1 -1 -1 -1
Evo 1.00 0.00 1.00 0.99 1.00 1.00 1.00 0.12 0.00 0.02 0.07 0.11 -1 987
Result 0 0.0 1000 0.47 0.20 0.19 0.20 0.21 0.20 -1 -1 -1 -1 -1
Evo 1.00 0.00 1.00 0.99 1.00 1.00 1.00 0.12 0.00 0.02 0.07 0.10 -1 987
Result 0 0.0 1000 0.47 0.20 0.21 0.18 0.20 0.21 -1 -1 -1 -1 -1
