Evo 1.00 0.00 1.00 0.72 0.00 1.00 1.00 0.44 0.02 0.02 0.04 0.04 338 106
Result 1 20.0 349 0.52 0.24 -1 0.22 -1 0.24 0.29 -1 -1 -1 -1
Evo 1.00 0.00 1.00 0.47 0.50 0.50 0.50 0.18 0.01 0.12 0.04 0.04 337 108
Result 1 27.0 349 0.51 0.24 -1 0.22 -1 0.27 0.27 -1 -1 -1 -1
Evo 1.00 0.00 1.00 0.42 0.50 0.50 0.50 0.20 0.01 0.11 0.04 0.04 338 106
Result 1 23.0 349 0.50 0.26 -1 0.27 -1 0.21 0.25 -1 -1 -1 -1
Evo 1.00 0.00 1.00 0.47 0.50 0.50 0.50 0.14 0.01 0.10 0.04 0.04 344 119
Result 1 29.0 349 0.53 0.25 -1 0.21 -1 0.22 0.33 -1 -1 -1 -1
Evo 1.00 0.00 1.00 0.40 0.50 0.50 0.50 0.20 0.01 0.14 0.04 0.04 344 104
Result 1 20.0 349 0.51 0.24 -1 0.26 -1 0.23 0.28 -1 -1 -1 -1
Evo 1.00 0.00 1.00 0.44 0.50 0.50 0.50 0.18 0.01 0.09 0.04 0.04 338 93
Result 1 23.0 349 0.52 0.26 -1 0.23 -1 0.21 0.30 -1 -1 -1 -1
Evo 1.00 0.00 1.00 0.45 0.50 0.50 0.50 0.17 0.01 0.30 0.04 0.04 338 118
Result 1 26.0 349 0.52 0.19 -1 0.25 -1 0.27 0.29 -1 -1 -1 -1
Evo 1.00 0.00 1.00 0.42 0.50 0.50 0.50 0.20 0.01 0.14 0.04 0.04 345 108
Result 1 22.0 349 0.49 0.27 -1 0.24 -1 0.26 0.23 -1 -1 -1 -1
Evo 1.00 0.00 0.50 0.42 0.50 0.50 0.50 0.18 0.01 0.18 0.04 0.04 -1 106
Result 0 12.0 231 0.52 0.24 -1 0.23 -1 0.25 0.28 -1 -1 -1 -1
Evo 1.00 0.00 1.00 0.44 0.50 0.50 0.50 0.18 0.01 0.14 0.04 0.04 344 113
Result 1 25.0 349 0.52 0.23 -1 0.23 -1 0.23 0.31 -1 -1 -1 -1
Evo 1.00 0.00 0.50 0.42 0.50 0.50 0.50 0.18 0.01 0.35 0.04 0.04 -1 103
Result 0 14.0 230 0.50 0.23 -1 0.30 -1 0.22 0.24 -1 -1 -1 -1
Evo 1.01 0.00 0.50 0.45 0.50 0.50 0.50 0.16 0.01 0.16 0.04 0.04 -1 106
Result 0 3.0 119 0.50 0.20 -1 0.26 -1 0.29 0.25 -1 -1 -1 -1
Evo 1.00 0.00 1.00 0.40 0.50 0.50 0.50 0.21 0.01 0.07 0.04 0.04 345 106
Result 1 20.0 349 0.52 0.22 -1 0.25 -1 0.23 0.30 -1 -1 -1 -1
Evo 1.00 0.00 1.00 0.43 0.50 0.50 0.50 0.19 0.01 0.10 0.04 0.04 340 105
Result 1 25.0 349 0.53 0.21 -1 0.21 -1 0.25 0.33 -1 -1 -1 -1
Evo 1.00 0.00 1.00 0.44 0.50 0.50 0.50 0.20 0.01 0.27 0.04 0.04 337 91
Result 1 23.0 349 0.52 0.24 -1 0.22 -1 0.26 0.29 -1 -1 -1 -1
Evo 1.00 0.00 1.00 0.43 0.50 0.50 0.50 0.19 0.01 0.28 0.04 0.04 336 102
Result 1 26.0 349 0.52 0.22 -1 0.24 -1 0.23 0.30 -1 -1 -1 -1
Evo 1.00 0.00 1.00 0.41 0.50 0.50 0.50 0.22 0.01 0.19 0.04 0.04 336 102
Result 1 22.0 349 0.51 0.20 -1 0.26 -1 0.26 0.27 -1 -1 -1 -1
Evo 1.00 0.00 1.00 0.45 0.50 0.50 0.50 0.20 0.01 0.09 0.04 0.04 336 107
Result 1 28.0 349 0.52 0.22 -1 0.25 -1 0.22 0.31 -1 -1 -1 -1
Evo 1.00 0.00 1.00 0.47 0.50 0.50 0.50 0.16 0.01 0.10 0.04 0.04 336 124
Result 1 28.0 349 0.53 0.22 -1 0.24 -1 0.21 0.33 -1 -1 -1 -1
Evo 1.00 0.00 1.00 0.44 0.50 0.50 0.50 0.20 0.01 0.09 0.04 0.04 337 106
Result 1 24.0 349 0.50 0.27 -1 0.25 -1 0.22 0.25 -1 -1 -1 -1
Evo 1.00 0.00 1.00 0.42 0.50 0.50 0.50 0.23 0.01 0.07 0.04 0.04 352 106
Result 1 27.0 365 0.51 0.24 -1 0.25 -1 0.23 0.28 -1 -1 -1 -1
Evo 1.00 0.00 1.00 0.42 0.50 0.50 0.50 0.22 0.01 0.08 0.04 0.04 364 135
Result 1 24.0 377 0.49 0.26 -1 0.20 -1 0.29 0.24 -1 -1 -1 -1
Evo 1.00 0.00 1.00 0.40 0.50 0.50 0.50 0.24 0.01 0.08 0.04 0.04 364 94
Result 1 24.0 377 0.52 0.23 -1 0.25 -1 0.24 0.28 -1 -1 -1 -1
Evo 1.01 0.00 0.50 0.40 0.50 0.50 0.50 0.20 0.02 0.19 0.04 0.04 -1 106
Result 0 6.0 175 0.51 0.18 -1 0.23 -1 0.31 0.27 -1 -1 -1 -1
Evo 1.00 0.00 1.00 0.41 0.50 0.50 0.50 0.21 0.01 0.13 0.04 0.04 362 83
Result 1 19.0 367 0.51 0.26 -1 0.17 -1 0.29 0.28 -1 -1 -1 -1
Evo 1.00 0.00 1.00 0.44 0.50 0.50 0.50 0.19 0.01 0.07 0.04 0.04 354 106
Result 1 29.0 365 0.51 0.24 -1 0.28 -1 0.20 0.28 -1 -1 -1 -1
Evo 1.01 0.00 0.50 0.45 0.50 0.50 0.50 0.15 0.01 0.30 0.04 0.04 -1 79
Result 0 5.0 107 0.51 0.30 -1 0.19 -1 0.24 0.27 -1 -1 -1 -1
Evo 1.00 0.00 1.00 0.46 0.50 0.50 0.50 0.20 0.01 0.26 0.04 0.04 355 81
Result 1 25.0 377 0.52 0.23 -1 0.24 -1 0.22 0.30 -1 -1 -1 -1
Evo 1.00 0.00 1.00 0.42 0.50 0.50 0.50 0.23 0.01 0.15 0.04 0.04 364 81
Result 1 25.0 377 0.52 0.25 -1 0.17 -1 0.28 0.29 -1 -1 -1 -1
Evo 1.00 0.00 1.00 0.45 0.50 0.50 0.50 0.20 0.01 0.04 0.04 0.04 364 109
Result 1 25.0 377 0.53 0.24 -1 0.24 -1 0.21 0.32 -1 -1 -1 -1
Evo 1.00 0.00 1.00 0.41 0.50 0.50 0.50 0.24 0.01 0.16 0.04 0.04 364 86
Result 1 23.0 377 0.52 0.25 -1 0.24 -1 0.22 0.29 -1 -1 -1 -1
Evo 1.00 0.00 0.50 0.39 0.50 0.50 0.50 0.20 0.01 0.12 0.04 0.04 -1 109
Result 0 27.0 331 0.51 0.20 -1 0.25 -1 0.27 0.28 -1 -1 -1 -1
Evo 1.00 0.00 1.00 0.39 0.00 0.50 0.50 0.25 0.01 0.09 0.04 0.04 354 90
Result 1 21.0 377 0.51 0.24 -1 0.20 -1 0.28 0.28 -1 -1 -1 -1
Evo 1.00 0.00 1.00 0.38 0.00 0.50 0.50 0.26 0.01 0.16 0.04 0.04 352 95
Result 1 19.0 365 0.52 0.25 -1 0.25 -1 0.18 0.31 -1 -1 -1 -1
Evo 1.00 0.00 1.00 0.39 0.50 0.50 0.50 0.22 0.01 0.14 0.04 0.04 354 100
Result 1 26.0 365 0.51 0.24 -1 0.24 -1 0.25 0.27 -1 -1 -1 -1
Evo 1.00 0.00 1.00 0.45 0.50 0.50 0.50 0.18 0.01 0.07 0.04 0.04 356 88
Result 1 34.0 368 0.51 0.24 -1 0.24 -1 0.25 0.27 -1 -1 -1 -1
Evo 1.00 0.00 1.00 0.43 0.50 0.50 0.50 0.22 0.01 0.06 0.04 0.04 362 106
Result 1 32.0 377 0.51 0.23 -1 0.23 -1 0.27 0.27 -1 -1 -1 -1
Evo 1.00 0.00 1.00 0.44 0.50 0.50 0.50 0.21 0.01 0.11 0.04 0.04 352 104
Result 1 29.0 365 0.50 0.26 -1 0.27 -1 0.22 0.25 -1 -1 -1 -1
Evo 1.00 0.00 1.00 0.42 0.50 0.50 0.50 0.23 0.01 0.24 0.04 0.04 364 93
Result 1 23.0 377 0.50 0.24 -1 0.21 -1 0.30 0.25 -1 -1 -1 -1
Evo 1.01 0.00 0.50 0.43 0.50 0.50 0.50 0.18 0.02 0.25 0.04 0.04 -1 94
Result 0 3.0 109 0.51 0.24 -1 0.26 -1 0.23 0.27 -1 -1 -1 -1
Evo 1.00 0.00 1.00 0.31 0.00 0.50 0.50 0.28 0.01 0.02 0.04 0.04 360 70
Result 1 20.0 377 0.51 0.25 -1 0.32 -1 0.15 0.28 -1 -1 -1 -1
Evo 1.00 0.00 1.00 0.31 0.00 0.50 0.50 0.26 0.01 0.02 0.04 0.04 364 88
Result 1 21.0 377 0.51 0.25 -1 0.25 -1 0.23 0.28 -1 -1 -1 -1
Evo 1.00 0.00 1.00 0.32 0.00 0.50 0.50 0.27 0.01 0.32 0.04 0.04 362 85
Result 1 19.0 377 0.50 0.30 -1 0.27 -1 0.17 0.25 -1 -1 -1 -1
Evo 1.00 0.00 0.50 0.29 0.00 0.50 0.50 0.25 0.01 0.09 0.04 0.04 -1 88
Result 0 19.0 288 0.52 0.25 -1 0.22 -1 0.22 0.30 -1 -1 -1 -1
Evo 1.01 0.00 0.50 0.40 0.50 0.50 0.50 0.20 0.02 0.12 0.04 0.04 -1 81
Result 0 16.0 175 0.52 0.24 -1 0.24 -1 0.23 0.28 -1 -1 -1 -1
Evo 1.00 0.00 1.00 0.32 0.00 0.50 0.50 0.26 0.01 0.11 0.04 0.04 364 84
Result 1 21.0 377 0.51 0.27 -1 0.22 -1 0.23 0.28 -1 -1 -1 -1
Evo 1.00 0.00 1.00 0.35 0.00 0.50 0.50 0.27 0.01 0.09 0.04 0.04 364 92
Result 1 21.0 377 0.51 0.24 -1 0.31 -1 0.19 0.26 -1 -1 -1 -1
Evo 1.00 0.00 0.50 0.34 0.00 0.50 0.50 0.24 0.01 0.16 0.04 0.04 -1 94
Result 0 21.0 287 0.52 0.25 -1 0.23 -1 0.23 0.30 -1 -1 -1 -1
Evo 1.00 0.00 1.00 0.33 0.00 0.50 0.50 0.25 0.01 0.24 0.04 0.04 355 71
Result 1 20.0 365 0.53 0.22 -1 0.27 -1 0.19 0.32 -1 -1 -1 -1
Evo 1.00 0.00 1.00 0.35 0.00 0.50 0.50 0.26 0.01 0.06 0.04 0.04 353 66
Result 1 24.0 377 0.52 0.28 -1 0.27 -1 0.17 0.28 -1 -1 -1 -1
Evo 1.01 0.00 0.50 0.43 0.50 0.50 0.50 0.18 0.02 0.28 0.04 0.04 -1 85
Result 0 6.0 108 0.52 0.20 -1 0.22 -1 0.27 0.31 -1 -1 -1 -1
Evo 1.00 0.00 1.00 0.29 0.00 0.50 0.50 0.27 0.01 0.07 0.04 0.04 364 83
Result 1 17.0 377 0.53 0.25 -1 0.17 -1 0.21 0.36 -1 -1 -1 -1
Evo 1.00 0.00 1.00 0.36 0.00 0.50 0.50 0.26 0.01 0.20 0.04 0.04 365 86
Result 1 26.0 377 0.52 0.22 -1 0.26 -1 0.21 0.31 -1 -1 -1 -1
Evo 1.00 0.00 1.00 0.33 0.00 0.50 0.50 0.27 0.01 0.11 0.04 0.04 364 92
Result 1 24.0 377 0.52 0.22 -1 0.21 -1 0.28 0.28 -1 -1 -1 -1
Evo 1.00 0.00 1.00 0.33 0.00 0.50 0.50 0.27 0.01 0.29 0.04 0.04 364 94
Result 1 26.0 377 0.52 0.24 -1 0.29 -1 0.18 0.30 -1 -1 -1 -1
Evo 1.00 0.00 1.00 0.31 0.00 0.50 0.50 0.27 0.01 0.04 0.04 0.04 364 85
Result 1 19.0 377 0.51 0.25 -1 0.20 -1 0.26 0.28 -1 -1 -1 -1
Evo 1.00 0.00 1.00 0.37 0.00 0.50 0.50 0.26 0.01 0.13 0.04 0.04 364 66
Result 1 24.0 377 0.52 0.25 -1 0.28 -1 0.18 0.29 -1 -1 -1 -1
Evo 1.00 0.00 1.00 0.36 0.00 0.50 0.50 0.26 0.01 0.12 0.04 0.04 364 102
Result 1 28.0 377 0.52 0.25 -1 0.22 -1 0.24 0.29 -1 -1 -1 -1
Evo 1.00 0.00 1.00 0.32 0.00 0.50 0.50 0.27 0.01 0.15 0.04 0.04 366 84
Result 1 24.0 377 0.51 0.26 -1 0.23 -1 0.24 0.27 -1 -1 -1 -1
Evo 1.00 0.00 1.00 0.34 0.00 0.50 0.50 0.26 0.01 0.08 0.04 0.04 367 89
Result 1 25.0 377 0.53 0.23 -1 0.19 -1 0.25 0.33 -1 -1 -1 -1
Evo 1.01 0.00 0.50 0.28 0.00 0.50 0.50 0.25 0.02 0.19 0.04 0.04 -1 61
Result 0 16.0 175 0.53 0.23 -1 0.20 -1 0.24 0.33 -1 -1 -1 -1
Evo 1.00 0.00 1.00 0.17 0.00 0.00 0.50 0.25 0.01 0.13 0.04 0.04 367 62
Result 1 39.0 377 0.53 0.26 -1 0.25 -1 0.16 0.33 -1 -1 -1 -1
Evo 1.01 0.00 0.50 0.45 0.50 0.50 0.50 0.16 0.01 0.28 0.04 0.04 -1 73
Result 0 15.0 119 0.52 0.19 -1 0.28 -1 0.25 0.28 -1 -1 -1 -1
Evo 1.01 0.00 0.50 0.44 0.50 0.50 0.50 0.17 0.02 0.16 0.04 0.04 -1 78
Result 0 15.0 119 0.52 0.21 -1 0.27 -1 0.23 0.30 -1 -1 -1 -1
Evo 1.00 0.00 0.50 0.23 0.00 0.00 0.50 0.25 0.02 0.11 0.03 0.04 -1 61
Result 0 25.0 247 0.51 0.27 -1 0.17 -1 0.28 0.28 -1 -1 -1 -1
Evo 1.00 0.00 0.50 0.19 0.00 0.00 0.50 0.24 0.01 0.06 0.04 0.04 -1 68
Result 0 37.0 325 0.53 0.30 -1 0.21 -1 0.16 0.33 -1 -1 -1 -1
Evo 1.00 0.00 1.00 0.19 0.00 0.00 0.50 0.25 0.01 0.02 0.04 0.04 374 90
Result 1 39.0 377 0.53 0.28 -1 0.22 -1 0.19 0.32 -1 -1 -1 -1
Evo 1.00 0.00 0.50 0.16 0.00 0.00 0.50 0.23 0.01 0.13 0.04 0.04 -1 61
Result 0 33.0 343 0.52 0.26 -1 0.28 -1 0.16 0.30 -1 -1 -1 -1
Evo 1.01 0.00 0.50 0.31 0.00 0.50 0.50 0.24 0.02 0.17 0.04 0.04 -1 62
Result 0 19.0 175 0.52 0.27 -1 0.18 -1 0.26 0.29 -1 -1 -1 -1
Evo 1.00 0.00 0.50 0.18 0.00 0.00 0.50 0.24 0.01 0.06 0.04 0.04 -1 62
Result 0 33.0 315 0.53 0.24 -1 0.21 -1 0.23 0.33 -1 -1 -1 -1
Evo 1.01 0.00 0.50 0.27 0.00 0.50 0.50 0.25 0.02 0.24 0.02 0.04 -1 60
Result 0 13.0 175 0.52 0.30 -1 0.26 -1 0.15 0.29 -1 -1 -1 -1
Evo 1.00 0.00 0.50 0.20 0.00 0.00 0.50 0.25 0.02 0.06 0.04 0.04 -1 60
Result 0 23.0 231 0.52 0.27 -1 0.28 -1 0.16 0.30 -1 -1 -1 -1
Evo 1.01 0.00 0.50 0.36 0.00 0.50 0.50 0.22 0.02 0.17 0.03 0.04 -1 88
Result 0 14.0 147 0.51 0.28 -1 0.24 -1 0.21 0.27 -1 -1 -1 -1
Evo 1.01 0.00 0.50 0.33 0.00 0.50 0.50 0.24 0.02 0.09 0.04 0.04 -1 61
Result 0 15.0 135 0.52 0.21 -1 0.24 -1 0.24 0.30 -1 -1 -1 -1
Evo 1.01 0.00 0.50 0.31 0.00 0.50 0.50 0.24 0.02 0.16 0.04 0.04 -1 66
Result 0 14.0 151 0.53 0.24 -1 0.20 -1 0.24 0.33 -1 -1 -1 -1
Evo 1.00 0.00 0.50 0.28 0.00 0.50 0.50 0.25 0.02 0.10 0.04 0.04 -1 82
Result 0 25.0 232 0.53 0.21 -1 0.24 -1 0.19 0.35 -1 -1 -1 -1
Evo 1.01 0.00 0.50 0.39 0.50 0.50 0.50 0.21 0.02 0.13 0.04 0.04 -1 60
Result 0 11.0 119 0.52 0.18 -1 0.23 -1 0.31 0.28 -1 -1 -1 -1
Evo 1.00 0.00 0.50 0.21 0.00 0.00 0.50 0.25 0.02 0.12 0.04 0.04 -1 75
Result 0 29.0 269 0.52 0.23 -1 0.20 -1 0.26 0.31 -1 -1 -1 -1
Evo 1.01 0.00 0.50 0.37 0.00 0.50 0.50 0.22 0.02 0.08 0.04 0.04 -1 63
Result 0 17.0 159 0.52 0.18 -1 0.22 -1 0.32 0.29 -1 -1 -1 -1
Evo 1.00 0.00 0.50 0.23 0.00 0.00 0.50 0.25 0.02 0.18 0.04 0.04 -1 61
Result 0 24.0 231 0.53 0.24 -1 0.16 -1 0.28 0.32 -1 -1 -1 -1
Evo 1.00 0.00 0.50 0.19 0.00 0.00 0.50 0.24 0.01 0.03 0.03 0.04 -1 67
Result 0 44.0 279 0.52 0.28 -1 0.24 -1 0.19 0.30 -1 -1 -1 -1
Evo 1.01 0.00 0.50 0.39 0.50 0.50 0.50 0.21 0.02 0.19 0.04 0.04 -1 73
Result 0 15.0 117 0.53 0.22 -1 0.17 -1 0.29 0.32 -1 -1 -1 -1
Evo 1.00 0.00 0.50 0.19 0.00 0.00 0.50 0.24 0.01 0.05 0.03 0.04 -1 75
Result 0 42.0 280 0.52 0.24 -1 0.21 -1 0.24 0.31 -1 -1 -1 -1
Evo 1.01 0.00 0.50 0.33 0.00 0.50 0.50 0.24 0.02 0.20 0.03 0.04 -1 67
Result 0 19.0 157 0.53 0.25 -1 0.25 -1 0.15 0.34 -1 -1 -1 -1
Evo 1.00 0.00 1.00 0.17 0.00 0.00 0.50 0.24 0.01 0.02 0.04 0.04 367 69
Result 1 57.0 377 0.52 0.28 -1 0.20 -1 0.21 0.31 -1 -1 -1 -1
Evo 1.00 0.00 0.50 0.18 0.00 0.00 0.50 0.24 0.01 0.13 0.04 0.04 -1 55
Result 0 58.0 331 0.53 0.26 -1 0.19 -1 0.22 0.34 -1 -1 -1 -1
Evo 1.01 0.00 0.50 0.43 0.50 0.50 0.50 0.17 0.02 0.22 0.04 0.04 -1 65
Result 0 12.0 113 0.51 0.24 -1 0.31 -1 0.18 0.27 -1 -1 -1 -1
Evo 1.01 0.00 0.50 0.44 0.50 0.50 0.50 0.17 0.02 0.24 0.04 0.04 -1 66
Result 0 11.0 101 0.53 0.20 -1 0.25 -1 0.23 0.32 -1 -1 -1 -1
Evo 1.01 0.00 0.50 0.30 0.00 0.50 0.50 0.24 0.02 0.23 0.04 0.04 -1 77
Result 0 19.0 160 0.53 0.23 -1 0.27 -1 0.17 0.33 -1 -1 -1 -1
Evo 1.01 0.00 0.50 0.40 0.50 0.50 0.50 0.20 0.02 0.19 0.04 0.04 -1 65
Result 0 14.0 117 0.53 0.19 -1 0.26 -1 0.19 0.36 -1 -1 -1 -1
Evo 1.01 0.00 0.50 0.29 0.00 0.50 0.50 0.25 0.02 0.08 0.04 0.04 -1 66
Result 0 18.0 160 0.53 0.24 -1 0.19 -1 0.24 0.34 -1 -1 -1 -1
Evo 1.01 0.00 0.50 0.32 0.00 0.50 0.50 0.24 0.02 0.18 0.03 0.04 -1 62
Result 0 18.0 159 0.53 0.28 -1 0.24 -1 0.15 0.33 -1 -1 -1 -1
Evo 1.01 0.00 0.50 0.41 0.50 0.50 0.50 0.20 0.02 0.10 0.03 0.04 -1 79
Result 0 11.0 117 0.51 0.25 -1 0.31 -1 0.18 0.26 -1 -1 -1 -1
Evo 1.01 0.00 0.50 0.39 0.50 0.50 0.50 0.21 0.02 0.24 0.03 0.04 -1 75
Result 0 12.0 119 0.53 0.24 -1 0.26 -1 0.15 0.35 -1 -1 -1 -1
Evo 1.01 0.00 0.50 0.31 0.00 0.50 0.50 0.24 0.02 0.23 0.03 0.04 -1 74
Result 0 16.0 147 0.52 0.23 -1 0.31 -1 0.16 0.30 -1 -1 -1 -1
Evo 1.01 0.00 0.50 0.35 0.00 0.50 0.50 0.23 0.02 0.26 0.03 0.04 -1 63
Result 0 17.0 147 0.53 0.28 -1 0.11 -1 0.28 0.32 -1 -1 -1 -1
Evo 1.01 0.00 0.50 0.36 0.00 0.50 0.50 0.23 0.02 0.22 0.03 0.04 -1 81
Result 0 13.0 135 0.52 0.24 -1 0.17 -1 0.31 0.29 -1 -1 -1 -1
Evo 1.01 0.00 0.50 0.30 0.00 0.50 0.50 0.25 0.02 0.13 0.04 0.04 -1 64
Result 0 22.0 163 0.53 0.23 -1 0.22 -1 0.21 0.34 -1 -1 -1 -1
Evo 1.01 0.00 0.50 0.36 0.00 0.50 0.50 0.23 0.02 0.22 0.04 0.04 -1 78
Result 0 15.0 136 0.49 0.26 -1 0.20 -1 0.31 0.23 -1 -1 -1 -1
Evo 1.01 0.00 0.50 0.30 0.00 0.50 0.50 0.25 0.02 0.11 0.04 0.04 -1 77
Result 0 22.0 159 0.52 0.28 -1 0.24 -1 0.19 0.29 -1 -1 -1 -1
