Evo 1.00 0.00 1.00 0.93 1.00 1.00 1.00 0.26 0.01 0.02 0.47 0.74 987 38
Result 1 1069.0 1000 0.42 0.16 0.14 0.14 0.16 0.18 0.22 -1 -1 -1 -1
Evo 1.00 0.00 0.50 0.47 0.50 0.50 0.50 0.13 0.00 0.02 0.48 0.99 -1 3
Result 0 1049.0 710 0.42 0.15 0.16 0.16 0.17 0.18 0.19 -1 -1 -1 -1
Evo 1.00 0.00 1.00 0.48 0.50 0.50 0.50 0.13 0.00 0.02 0.47 0.92 987 80
Result 1 1072.0 1000 0.42 0.15 0.16 0.18 0.16 0.14 0.20 -1 -1 -1 -1
Evo 1.00 0.00 0.50 0.45 0.50 0.50 0.50 0.15 0.01 0.06 0.14 0.40 -1 21
Result 0 14.0 250 0.46 0.16 0.16 0.10 0.20 0.19 0.20 -1 -1 -1 -1
Evo 1.00 0.00 1.00 0.46 0.50 0.50 0.50 0.15 0.00 0.05 0.41 0.66 987 40
Result 1 1070.0 1000 0.43 0.14 0.17 0.14 0.16 0.17 0.21 -1 -1 -1 -1
Evo 1.00 0.00 1.00 0.49 0.50 0.50 0.50 0.12 0.00 0.04 0.51 0.94 987 52
Result 1 1067.0 1000 0.43 0.14 0.19 0.15 0.17 0.16 0.19 -1 -1 -1 -1
Evo 1.00 0.00 0.50 0.43 0.50 0.50 0.50 0.18 0.01 0.07 0.26 0.53 -1 33
Result 0 25.0 440 0.46 0.15 0.20 0.12 0.19 0.17 0.17 -1 -1 -1 -1
Evo 1.00 0.00 0.50 0.47 0.50 0.50 0.50 0.13 0.00 0.05 0.51 0.99 -1 54
Result 0 1056.0 790 0.40 0.16 0.14 0.16 0.18 0.15 0.20 -1 -1 -1 -1
Evo 1.00 0.00 1.00 0.49 0.50 0.50 0.50 0.12 0.00 0.01 0.56 0.90 987 40
Result 1 1070.0 1000 0.44 0.11 0.17 0.15 0.17 0.19 0.20 -1 -1 -1 -1
Evo 1.00 0.00 1.00 0.48 0.50 0.50 0.50 0.13 0.00 0.03 0.53 0.97 987 15
Result 1 1076.0 1000 0.41 0.13 0.15 0.16 0.17 0.17 0.21 -1 -1 -1 -1
Evo 1.00 0.00 0.50 0.44 0.50 0.50 0.50 0.16 0.01 0.15 0.18 0.49 -1 41
Result 0 7.0 280 0.39 0.16 0.13 0.11 0.23 0.18 0.19 -1 -1 -1 -1
Evo 1.00 0.00 1.00 0.48 0.50 0.50 0.50 0.13 0.00 0.16 0.53 1.00 987 50
Result 1 1071.0 1000 0.39 0.13 0.17 0.14 0.18 0.16 0.21 -1 -1 -1 -1
Evo 1.00 0.00 1.00 0.47 0.50 0.50 0.50 0.15 0.00 0.04 0.37 0.63 987 46
Result 1 1068.0 1000 0.44 0.15 0.17 0.13 0.16 0.18 0.20 -1 -1 -1 -1
Evo 1.00 0.00 1.00 0.48 0.50 0.50 0.50 0.13 0.00 0.06 0.47 0.76 987 91
Result 1 1074.0 1000 0.42 0.15 0.16 0.14 0.17 0.18 0.20 -1 -1 -1 -1
Evo 1.00 0.00 1.00 0.48 0.50 0.50 0.50 0.13 0.00 0.05 0.56 0.99 987 32
Result 1 1078.0 1000 0.40 0.14 0.17 0.16 0.17 0.14 0.21 -1 -1 -1 -1
Evo 1.00 0.00 1.00 0.48 0.50 0.50 0.50 0.13 0.00 0.01 0.51 0.94 987 54
Result 1 1069.0 1000 0.43 0.15 0.16 0.16 0.18 0.16 0.19 -1 -1 -1 -1
Evo 1.01 0.00 0.50 0.49 0.50 0.50 0.50 0.08 0.01 0.21 0.12 0.52 -1 46
Result 0 9.0 120 0.37 0.21 0.12 0.11 0.17 0.21 0.17 -1 -1 -1 -1
Evo 1.00 0.00 1.00 0.48 0.50 0.50 0.50 0.13 0.00 0.04 0.56 0.82 987 12
Result 1 1068.0 1000 0.44 0.14 0.16 0.15 0.17 0.18 0.20 -1 -1 -1 -1
Evo 1.00 0.00 0.50 0.46 0.50 0.50 0.50 0.13 0.00 0.12 0.45 0.96 -1 53
Result 0 1056.0 820 0.44 0.15 0.16 0.15 0.18 0.16 0.20 -1 -1 -1 -1
Evo 1.00 0.00 0.50 0.47 0.50 0.50 0.50 0.13 0.01 0.44 0.15 0.57 -1 51
Result 0 12.0 250 0.43 0.16 0.15 0.12 0.18 0.17 0.22 -1 -1 -1 -1
Evo 1.00 0.00 1.00 0.47 0.50 0.50 0.50 0.14 0.00 0.12 0.53 0.98 987 52
Result 1 1075.0 1000 0.41 0.15 0.15 0.17 0.15 0.17 0.21 -1 -1 -1 -1
Evo 1.00 0.00 1.00 0.45 0.50 0.50 0.50 0.17 0.01 0.08 0.39 0.89 987 26
Result 1 1077.0 1000 0.43 0.14 0.15 0.20 0.17 0.15 0.18 -1 -1 -1 -1
Evo 1.00 0.00 1.00 0.46 0.50 0.50 0.50 0.16 0.01 0.04 0.33 0.71 987 73
Result 1 1075.0 1000 0.44 0.15 0.15 0.18 0.18 0.15 0.20 -1 -1 -1 -1
Evo 1.00 0.00 1.00 0.48 0.50 0.50 0.50 0.14 0.00 0.08 0.41 0.84 987 102
Result 1 1071.0 1000 0.44 0.14 0.16 0.17 0.18 0.14 0.20 -1 -1 -1 -1
Evo 1.00 0.00 0.50 0.47 0.50 0.50 0.50 0.12 0.01 0.25 0.34 0.68 -1 12
Result 0 1042.0 500 0.35 0.11 0.19 0.20 0.19 0.14 0.18 -1 -1 -1 -1
Evo 1.00 0.00 1.00 0.47 0.50 0.50 0.50 0.15 0.00 0.06 0.48 0.88 987 76
Result 1 1077.0 1000 0.41 0.15 0.16 0.18 0.15 0.16 0.21 -1 -1 -1 -1
Evo 1.00 0.00 0.50 0.47 0.50 0.50 0.50 0.12 0.00 0.06 0.33 0.77 -1 74
Result 0 1061.0 850 0.43 0.14 0.17 0.18 0.16 0.13 0.21 -1 -1 -1 -1
Evo 1.00 0.00 1.00 0.47 0.50 0.50 0.50 0.15 0.00 0.10 0.32 0.63 987 72
Result 1 1068.0 1000 0.42 0.16 0.16 0.17 0.17 0.14 0.20 -1 -1 -1 -1
Evo 1.00 0.00 0.50 0.46 0.50 0.50 0.50 0.13 0.01 0.02 0.32 0.79 -1 19
Result 0 1046.0 550 0.40 0.15 0.18 0.15 0.18 0.13 0.22 -1 -1 -1 -1
Evo 1.00 0.00 1.00 0.47 0.50 0.50 0.50 0.15 0.00 0.17 0.43 0.81 987 54
Result 1 1067.0 1000 0.39 0.14 0.17 0.18 0.18 0.13 0.20 -1 -1 -1 -1
Evo 1.00 0.00 0.50 0.47 0.50 0.50 0.50 0.12 0.01 0.06 0.33 0.81 -1 105
Result 0 1041.0 450 0.41 0.17 0.18 0.17 0.15 0.14 0.19 -1 -1 -1 -1
Evo 1.00 0.00 1.00 0.48 0.50 0.50 0.50 0.12 0.00 0.02 0.56 0.99 987 63
Result 1 1068.0 1000 0.43 0.14 0.16 0.17 0.17 0.17 0.19 -1 -1 -1 -1
Evo 1.00 0.00 0.50 0.46 0.50 0.50 0.50 0.13 0.01 0.02 0.35 0.84 -1 68
Result 0 1041.0 540 0.43 0.16 0.17 0.18 0.16 0.14 0.20 -1 -1 -1 -1
Evo 1.00 0.00 1.00 0.47 0.50 0.50 0.50 0.15 0.00 0.04 0.46 0.95 987 94
Result 1 1075.0 1000 0.41 0.14 0.15 0.18 0.17 0.16 0.19 -1 -1 -1 -1
Evo 1.00 0.00 0.50 0.48 0.50 0.50 0.50 0.09 0.00 0.06 0.23 0.77 -1 62
Result 0 30.0 330 0.38 0.13 0.24 0.17 0.19 0.09 0.18 -1 -1 -1 -1
Evo 1.00 0.00 0.50 0.45 0.50 0.50 0.50 0.15 0.01 0.29 0.24 0.69 -1 117
Result 0 31.0 450 0.44 0.14 0.17 0.19 0.17 0.13 0.19 -1 -1 -1 -1
Evo 1.00 0.00 1.00 0.47 0.50 0.50 0.50 0.15 0.00 0.01 0.39 0.81 987 123
Result 1 1074.0 1000 0.39 0.14 0.18 0.17 0.17 0.14 0.21 -1 -1 -1 -1
Evo 1.00 0.00 1.00 0.47 0.50 0.50 0.50 0.15 0.00 0.05 0.48 0.98 987 88
Result 1 1075.0 1000 0.44 0.15 0.16 0.17 0.17 0.14 0.21 -1 -1 -1 -1
Evo 1.00 0.00 0.50 0.45 0.50 0.50 0.50 0.15 0.01 0.06 0.33 0.78 -1 92
Result 0 1060.0 750 0.44 0.15 0.18 0.17 0.17 0.12 0.22 -1 -1 -1 -1
Evo 1.00 0.00 1.00 0.47 0.50 0.50 0.50 0.15 0.00 0.02 0.35 0.78 987 91
Result 1 1067.0 1000 0.43 0.14 0.17 0.18 0.16 0.14 0.21 -1 -1 -1 -1
Evo 1.00 0.00 1.00 0.47 0.50 0.50 0.50 0.15 0.00 0.03 0.42 0.71 987 48
Result 1 1059.0 1000 0.42 0.15 0.18 0.15 0.16 0.14 0.22 -1 -1 -1 -1
Evo 1.00 0.00 0.50 0.42 0.50 0.50 0.50 0.18 0.01 0.10 0.16 0.60 -1 10
Result 0 9.0 282 0.47 0.16 0.21 0.16 0.16 0.11 0.21 -1 -1 -1 -1
Evo 1.00 0.00 1.00 0.48 0.50 0.50 0.50 0.13 0.00 0.03 0.49 0.93 987 18
Result 1 1058.0 1000 0.42 0.14 0.16 0.16 0.16 0.17 0.21 -1 -1 -1 -1
Evo 1.00 0.00 0.50 0.47 0.50 0.50 0.50 0.11 0.01 0.09 0.30 0.84 -1 123
Result 0 24.0 390 0.43 0.18 0.16 0.18 0.16 0.15 0.16 -1 -1 -1 -1
Evo 1.00 0.00 0.50 0.46 0.50 0.50 0.50 0.14 0.00 0.08 0.46 0.98 -1 71
Result 0 47.0 770 0.41 0.15 0.16 0.16 0.17 0.17 0.20 -1 -1 -1 -1
Evo 1.00 0.00 0.50 0.44 0.50 0.50 0.50 0.16 0.01 0.13 0.16 0.49 -1 80
Result 0 7.0 320 0.45 0.16 0.20 0.10 0.18 0.18 0.18 -1 -1 -1 -1
Evo 1.00 0.00 1.00 0.47 0.50 0.50 0.50 0.14 0.00 0.01 0.41 0.99 987 66
Result 1 1063.0 1000 0.42 0.18 0.16 0.16 0.18 0.13 0.20 -1 -1 -1 -1
Evo 1.00 0.00 0.50 0.45 0.50 0.50 0.50 0.15 0.01 0.03 0.16 0.52 -1 26
Result 0 12.0 320 0.44 0.16 0.16 0.18 0.17 0.12 0.21 -1 -1 -1 -1
Evo 1.00 0.00 1.00 0.49 0.50 0.50 0.50 0.11 0.00 0.17 0.40 0.80 987 103
Result 1 1059.0 1000 0.40 0.14 0.17 0.15 0.17 0.17 0.19 -1 -1 -1 -1
Evo 1.00 0.00 1.00 0.47 0.50 0.50 0.50 0.14 0.00 0.19 0.59 1.00 987 4
Result 1 1068.0 1000 0.44 0.15 0.16 0.15 0.18 0.16 0.20 -1 -1 -1 -1
Evo 1.00 0.00 0.50 0.45 0.50 0.50 0.50 0.15 0.01 0.01 0.39 0.94 -1 31
Result 0 39.0 650 0.40 0.15 0.14 0.18 0.18 0.14 0.21 -1 -1 -1 -1
Evo 1.00 0.00 1.00 0.49 0.50 0.50 0.50 0.11 0.00 0.02 0.41 0.84 987 58
Result 1 1057.0 1000 0.40 0.14 0.16 0.16 0.18 0.16 0.19 -1 -1 -1 -1
Evo 1.01 0.00 0.50 0.46 0.50 0.50 0.50 0.13 0.01 0.22 0.16 0.52 -1 16
Result 0 6.0 200 0.36 0.19 0.11 0.13 0.15 0.20 0.20 -1 -1 -1 -1
Evo 1.00 0.00 1.00 0.50 0.50 0.50 0.50 0.09 0.00 0.13 0.45 0.91 987 20
Result 1 1059.0 1000 0.43 0.15 0.16 0.16 0.17 0.16 0.19 -1 -1 -1 -1
Evo 1.00 0.00 1.00 0.49 0.50 0.50 0.50 0.10 0.00 0.08 0.44 0.98 987 101
Result 1 1062.0 1000 0.40 0.14 0.17 0.16 0.16 0.16 0.20 -1 -1 -1 -1
Evo 1.00 0.00 1.00 0.48 0.50 0.50 0.50 0.13 0.00 0.03 0.52 0.97 987 58
Result 1 1064.0 1000 0.42 0.16 0.15 0.16 0.16 0.18 0.18 -1 -1 -1 -1
Evo 1.00 0.00 1.00 0.48 0.50 0.50 0.50 0.13 0.00 0.02 0.60 1.00 987 54
Result 1 1055.0 1000 0.43 0.13 0.16 0.19 0.16 0.16 0.19 -1 -1 -1 -1
Evo 1.00 0.00 0.50 0.45 0.50 0.50 0.50 0.15 0.01 0.51 0.13 0.39 -1 65
Result 0 7.0 270 0.43 0.21 0.16 0.12 0.17 0.19 0.15 -1 -1 -1 -1
Evo 1.00 0.00 0.50 0.44 0.50 0.50 0.50 0.16 0.01 0.07 0.18 0.53 -1 29
Result 0 13.0 274 0.43 0.17 0.15 0.18 0.20 0.12 0.18 -1 -1 -1 -1
Evo 1.00 0.00 0.50 0.44 0.50 0.50 0.50 0.16 0.01 0.14 0.14 0.49 -1 26
Result 0 8.0 230 0.42 0.21 0.16 0.11 0.16 0.20 0.16 -1 -1 -1 -1
Evo 1.00 0.00 1.00 0.47 0.50 0.50 0.50 0.15 0.00 0.02 0.47 0.95 987 33
Result 1 1115.0 1000 0.42 0.14 0.16 0.18 0.16 0.14 0.22 -1 -1 -1 -1
Evo 1.00 0.00 1.00 0.44 0.50 0.50 0.50 0.18 0.01 0.10 0.40 0.67 987 3
Result 1 1109.0 1000 0.42 0.12 0.16 0.15 0.16 0.18 0.23 -1 -1 -1 -1
Evo 1.00 0.00 0.50 0.43 0.50 0.50 0.50 0.17 0.01 0.07 0.21 0.60 -1 12
Result 0 29.0 404 0.45 0.14 0.19 0.18 0.15 0.14 0.21 -1 -1 -1 -1
Evo 1.00 0.00 0.50 0.47 0.50 0.50 0.50 0.11 0.01 0.07 0.35 0.88 -1 25
Result 0 1049.0 430 0.37 0.12 0.17 0.18 0.16 0.14 0.22 -1 -1 -1 -1
Evo 1.01 0.00 0.50 0.48 0.50 0.50 0.50 0.09 0.01 0.35 0.10 0.52 -1 2
Result 0 11.0 110 0.41 0.12 0.15 0.27 0.12 0.14 0.20 -1 -1 -1 -1
Evo 1.00 0.00 1.00 0.47 0.50 0.50 0.50 0.14 0.00 0.01 0.47 0.97 987 77
Result 1 1101.0 1000 0.41 0.15 0.15 0.15 0.16 0.16 0.23 -1 -1 -1 -1
Evo 1.01 0.00 0.50 0.48 0.50 0.50 0.50 0.10 0.01 0.24 0.11 0.58 -1 41
Result 0 17.0 150 0.42 0.17 0.16 0.10 0.13 0.21 0.24 -1 -1 -1 -1
Evo 1.00 0.00 1.00 0.45 0.50 0.50 0.50 0.17 0.01 0.07 0.47 0.74 987 68
Result 1 1114.0 1000 0.41 0.15 0.16 0.17 0.15 0.14 0.23 -1 -1 -1 -1
Evo 1.00 0.00 0.50 0.48 0.50 0.50 0.50 0.10 0.01 0.40 0.20 0.56 -1 18
Result 0 22.0 230 0.46 0.13 0.19 0.16 0.19 0.10 0.23 -1 -1 -1 -1
Evo 1.00 0.00 0.50 0.47 0.50 0.50 0.50 0.11 0.01 0.05 0.34 0.96 -1 12
Result 0 55.0 460 0.42 0.14 0.16 0.17 0.16 0.13 0.23 -1 -1 -1 -1
Evo 1.00 0.00 0.50 0.47 0.50 0.50 0.50 0.12 0.01 0.02 0.37 0.68 -1 61
Result 0 52.0 470 0.41 0.15 0.16 0.17 0.16 0.16 0.20 -1 -1 -1 -1
Evo 1.00 0.00 0.50 0.45 0.50 0.50 0.50 0.15 0.01 0.02 0.22 0.56 -1 100
Result 0 34.0 390 0.41 0.15 0.17 0.16 0.17 0.13 0.22 -1 -1 -1 -1
Evo 1.00 0.00 1.00 0.47 0.50 0.50 0.50 0.14 0.00 0.03 0.50 0.97 987 42
Result 1 1122.0 1000 0.40 0.14 0.16 0.16 0.15 0.16 0.23 -1 -1 -1 -1
Evo 1.00 0.00 0.50 0.44 0.50 0.50 0.50 0.16 0.01 0.11 0.21 0.48 -1 72
Result 0 32.0 402 0.40 0.15 0.18 0.17 0.14 0.12 0.25 -1 -1 -1 -1
Evo 1.00 0.00 1.00 0.48 0.50 0.50 0.50 0.13 0.00 0.06 0.55 0.99 987 55
Result 1 1117.0 1000 0.45 0.12 0.18 0.14 0.16 0.18 0.23 -1 -1 -1 -1
Evo 1.00 0.00 0.50 0.47 0.50 0.50 0.50 0.12 0.00 0.06 0.44 0.99 -1 17
Result 0 1083.0 700 0.39 0.14 0.15 0.16 0.15 0.18 0.22 -1 -1 -1 -1
Evo 1.00 0.00 0.50 0.46 0.50 0.50 0.50 0.13 0.01 0.13 0.31 0.56 -1 75
Result 0 47.0 470 0.43 0.15 0.15 0.16 0.16 0.16 0.22 -1 -1 -1 -1
Evo 1.00 0.00 1.00 0.47 0.50 0.50 0.50 0.14 0.00 0.04 0.49 0.97 987 110
Result 1 1114.0 1000 0.40 0.14 0.16 0.16 0.15 0.15 0.23 -1 -1 -1 -1
Evo 1.00 0.00 0.50 0.48 0.50 0.50 0.50 0.10 0.01 0.26 0.16 0.44 -1 37
Result 0 23.0 260 0.43 0.18 0.19 0.16 0.16 0.11 0.20 -1 -1 -1 -1
Evo 1.00 0.00 1.00 0.47 0.50 0.50 0.50 0.14 0.00 0.09 0.40 0.75 987 23
Result 1 1114.0 1000 0.43 0.14 0.15 0.16 0.17 0.16 0.22 -1 -1 -1 -1
Evo 1.00 0.00 1.00 0.45 0.50 0.50 0.50 0.17 0.01 0.08 0.60 0.99 987 67
Result 1 70.0 1000 0.41 0.15 0.17 0.16 0.15 0.19 0.18 -1 -1 -1 -1
Evo 1.00 0.00 1.00 0.46 0.50 0.50 0.50 0.15 0.00 0.03 0.41 0.84 987 135
Result 1 1078.0 1000 0.44 0.15 0.18 0.14 0.15 0.18 0.20 -1 -1 -1 -1
Evo 1.00 0.00 1.00 0.45 0.50 0.50 0.50 0.17 0.01 0.03 0.50 0.97 987 43
Result 1 1073.0 1000 0.41 0.15 0.15 0.18 0.15 0.17 0.20 -1 -1 -1 -1
Evo 1.00 0.00 0.50 0.46 0.50 0.50 0.50 0.14 0.01 0.24 0.35 0.84 -1 49
Result 0 1048.0 590 0.40 0.14 0.19 0.13 0.17 0.19 0.18 -1 -1 -1 -1
Evo 1.00 0.00 0.50 0.45 0.50 0.50 0.50 0.15 0.01 0.30 0.24 0.67 -1 27
Result 0 29.0 380 0.45 0.13 0.16 0.12 0.19 0.22 0.19 -1 -1 -1 -1
Evo 1.00 0.00 1.00 0.48 0.50 0.50 0.50 0.14 0.00 0.08 0.55 0.99 987 44
Result 1 1067.0 1000 0.43 0.15 0.15 0.16 0.16 0.17 0.20 -1 -1 -1 -1
Evo 1.00 0.00 1.00 0.47 0.50 0.50 0.50 0.15 0.00 0.02 0.48 0.95 988 71
Result 1 1080.0 1000 0.43 0.16 0.17 0.13 0.17 0.17 0.20 -1 -1 -1 -1
Evo 1.00 0.00 0.50 0.45 0.50 0.50 0.50 0.15 0.01 0.51 0.30 0.79 -1 24
Result 0 31.0 440 0.45 0.15 0.19 0.13 0.16 0.19 0.18 -1 -1 -1 -1
Evo 1.00 0.00 1.00 0.48 0.50 0.50 0.50 0.13 0.00 0.06 0.50 0.94 987 128
Result 1 1067.0 1000 0.42 0.16 0.15 0.14 0.18 0.16 0.21 -1 -1 -1 -1
Evo 1.00 0.00 1.00 0.48 0.50 0.50 0.50 0.13 0.00 0.03 0.49 0.98 987 26
Result 1 1080.0 1000 0.44 0.15 0.18 0.15 0.15 0.17 0.19 -1 -1 -1 -1
Evo 1.00 0.00 0.50 0.47 0.50 0.50 0.50 0.12 0.00 0.02 0.36 0.97 -1 48
Result 0 46.0 550 0.43 0.18 0.17 0.13 0.16 0.17 0.19 -1 -1 -1 -1
Evo 1.00 0.00 1.00 0.49 0.50 0.50 0.50 0.12 0.00 0.04 0.49 0.97 987 80
Result 1 1069.0 1000 0.43 0.14 0.16 0.15 0.17 0.16 0.21 -1 -1 -1 -1
Evo 1.00 0.00 0.50 0.44 0.50 0.50 0.50 0.16 0.01 0.29 0.30 0.79 -1 30
Result 0 31.0 450 0.43 0.15 0.17 0.13 0.16 0.20 0.18 -1 -1 -1 -1
Evo 1.00 0.00 1.00 0.47 0.50 0.50 0.50 0.14 0.00 0.01 0.48 0.96 987 5
Result 1 1079.0 1000 0.43 0.15 0.16 0.15 0.16 0.17 0.20 -1 -1 -1 -1
Evo 1.00 0.00 1.00 0.48 0.50 0.50 0.50 0.13 0.00 0.08 0.50 0.98 987 20
Result 1 1072.0 1000 0.43 0.13 0.17 0.15 0.15 0.17 0.22 -1 -1 -1 -1
Evo 1.00 0.00 1.00 0.45 0.50 0.50 0.50 0.17 0.01 0.04 0.32 0.67 987 19
Result 1 1078.0 1000 0.42 0.14 0.17 0.15 0.16 0.18 0.20 -1 -1 -1 -1
Evo 1.00 0.00 1.00 0.46 0.50 0.50 0.50 0.16 0.01 0.03 0.47 0.99 987 9
Result 1 1066.0 1000 0.42 0.16 0.14 0.14 0.17 0.16 0.23 -1 -1 -1 -1
Evo 1.00 0.00 1.00 0.47 0.50 0.50 0.50 0.14 0.00 0.08 0.47 0.97 987 55
Result 1 1080.0 1000 0.44 0.15 0.16 0.14 0.17 0.17 0.22 -1 -1 -1 -1
Evo 1.00 0.00 1.00 0.48 0.50 0.50 0.50 0.13 0.00 0.03 0.55 1.00 987 8
Result 1 1069.0 1000 0.42 0.16 0.17 0.16 0.17 0.16 0.18 -1 -1 -1 -1
Evo 1.00 0.00 0.50 0.47 0.50 0.50 0.50 0.11 0.01 0.15 0.36 0.93 -1 109
Result 0 34.0 450 0.41 0.15 0.15 0.14 0.18 0.19 0.19 -1 -1 -1 -1
