Evo 1.00 0.00 1.00 0.30 0.00 0.50 0.50 0.27 0.01 0.47 0.34 0.48 657 618
Result 0 0.0 1500 0.44 0.21 0.20 0.17 0.20 0.21 -1 -1 -1 -1 -1
Evo 1.00 0.00 0.50 0.50 0.50 0.50 0.50 0.05 0.00 0.07 0.33 0.43 -1 1474
Result 0 0.0 1500 0.46 0.20 0.20 0.20 0.20 0.20 -1 -1 -1 -1 -1
Evo 1.00 0.00 0.50 0.50 0.50 0.50 0.50 0.05 0.00 0.06 0.30 0.43 -1 1487
Result 0 0.0 1500 0.45 0.20 0.22 0.18 0.20 0.20 -1 -1 -1 -1 -1
Evo 1.00 0.00 0.50 0.50 0.50 0.50 0.50 0.05 0.00 0.06 0.28 0.34 -1 1487
Result 0 0.0 1500 0.46 0.22 0.19 0.20 0.20 0.20 -1 -1 -1 -1 -1
Evo 1.00 0.00 0.50 0.49 0.50 0.50 0.50 0.05 0.00 0.07 0.30 0.42 1216 621
Result 0 0.0 1500 0.47 0.22 0.20 0.20 0.19 0.20 -1 -1 -1 -1 -1
Evo 1.00 0.00 1.00 0.50 0.50 0.50 0.50 0.05 0.00 0.06 0.29 0.46 355 339
Result 1 1.0 361 0.43 0.25 0.20 0.16 0.20 0.20 -1 -1 -1 -1 -1
Evo 1.00 0.00 0.50 0.50 0.50 0.50 0.50 0.05 0.00 0.06 0.28 0.42 -1 1487
Result 0 0.0 1500 0.47 0.21 0.20 0.21 0.19 0.20 -1 -1 -1 -1 -1
Evo 1.00 0.50 1.00 0.50 0.50 0.50 0.50 0.03 0.00 0.03 0.32 0.47 671 670
Result 1 1.0 673 0.44 0.20 0.19 0.18 0.22 0.22 -1 -1 -1 -1 -1
Evo 1.00 0.00 1.00 0.49 0.50 0.50 0.50 0.05 0.00 0.01 0.32 0.47 1102 522
Result 0 0.0 1500 0.47 0.21 0.20 0.20 0.19 0.20 -1 -1 -1 -1 -1
Evo 1.00 0.00 1.00 0.49 0.50 0.50 0.50 0.06 0.00 0.01 0.29 0.42 258 253
Result 0 0.0 1500 0.46 0.21 0.19 0.20 0.21 0.20 -1 -1 -1 -1 -1
Evo 1.00 0.00 0.50 0.49 0.50 0.50 0.50 0.05 0.00 0.08 0.30 0.46 911 621
Result 0 0.0 1500 0.45 0.20 0.21 0.19 0.20 0.21 -1 -1 -1 -1 -1
Evo 1.00 0.00 0.50 0.50 0.50 0.50 0.50 0.05 0.00 0.06 0.32 0.44 -1 1487
Result 0 0.0 1500 0.47 0.21 0.20 0.20 0.21 0.17 -1 -1 -1 -1 -1
Evo 1.00 0.00 0.50 0.50 0.50 0.50 0.50 0.05 0.00 0.06 0.28 0.36 -1 1487
Result 0 0.0 1500 0.44 0.22 0.21 0.18 0.19 0.20 -1 -1 -1 -1 -1
Evo 1.00 0.00 1.00 0.50 0.50 0.50 0.50 0.05 0.00 0.01 0.28 0.44 336 311
Result 0 0.0 1500 0.46 0.21 0.19 0.20 0.20 0.21 -1 -1 -1 -1 -1
Evo 1.00 0.00 0.50 0.49 0.50 0.50 0.50 0.05 0.00 0.07 0.30 0.45 1068 1035
Result 0 0.0 1500 0.46 0.21 0.21 0.19 0.19 0.20 -1 -1 -1 -1 -1
Evo 1.00 0.00 0.50 0.50 0.50 0.50 0.50 0.05 0.00 0.06 0.34 0.43 -1 1487
Result 0 0.0 1500 0.47 0.20 0.19 0.21 0.19 0.21 -1 -1 -1 -1 -1
Evo 1.00 0.00 0.50 0.50 0.50 0.50 0.50 0.05 0.00 0.07 0.31 0.49 735 732
Result 0 0.0 1500 0.46 0.21 0.19 0.20 0.20 0.20 -1 -1 -1 -1 -1
Evo 1.00 0.00 1.00 0.49 0.50 0.50 0.50 0.06 0.00 0.01 0.35 0.53 1052 971
Result 0 0.0 1500 0.45 0.20 0.20 0.18 0.19 0.22 -1 -1 -1 -1 -1
Evo 1.00 0.00 0.50 0.50 0.50 0.50 0.50 0.05 0.00 0.07 0.27 0.41 -1 706
Result 0 0.0 1500 0.47 0.21 0.20 0.21 0.19 0.20 -1 -1 -1 -1 -1
Evo 1.00 0.00 0.50 0.49 0.50 0.50 0.50 0.06 0.00 0.10 0.32 0.47 968 530
Result 0 0.0 1500 0.46 0.21 0.21 0.20 0.19 0.19 -1 -1 -1 -1 -1
Evo 1.00 0.00 0.50 0.50 0.50 0.50 0.50 0.05 0.00 0.06 0.16 0.20 -1 1487
Result 0 0.0 1500 0.46 0.21 0.20 0.19 0.19 0.21 -1 -1 -1 -1 -1
Evo 1.00 0.00 0.50 0.50 0.50 0.50 0.50 0.05 0.00 0.06 0.24 0.29 -1 1487
Result 0 0.0 1500 0.47 0.21 0.20 0.21 0.18 0.20 -1 -1 -1 -1 -1
Evo 1.00 0.00 0.50 0.50 0.50 0.50 0.50 0.05 0.00 0.06 0.15 0.18 -1 1487
Result 0 0.0 1500 0.46 0.20 0.21 0.19 0.20 0.20 -1 -1 -1 -1 -1
Evo 1.00 0.00 0.50 0.50 0.50 0.50 0.50 0.05 0.00 0.06 0.13 0.19 -1 1487
Result 0 0.0 1500 0.47 0.19 0.21 0.20 0.22 0.19 -1 -1 -1 -1 -1
Evo 1.00 0.00 0.50 0.50 0.50 0.50 0.50 0.05 0.00 0.06 0.16 0.19 -1 1487
Result 0 0.0 1500 0.47 0.20 0.19 0.21 0.22 0.19 -1 -1 -1 -1 -1
Evo 1.00 0.00 0.50 0.50 0.50 0.50 0.50 0.05 0.00 0.06 0.21 0.29 -1 1487
Result 0 0.0 1500 0.47 0.20 0.21 0.21 0.19 0.20 -1 -1 -1 -1 -1
Evo 1.00 0.00 0.50 0.50 0.50 0.50 0.50 0.05 0.00 0.06 0.15 0.19 -1 1487
Result 0 0.0 1500 0.47 0.20 0.19 0.21 0.21 0.20 -1 -1 -1 -1 -1
Evo 1.00 0.00 0.50 0.50 0.50 0.50 0.50 0.05 0.00 0.06 0.15 0.23 -1 1487
Result 0 0.0 1500 0.48 0.20 0.20 0.21 0.18 0.21 -1 -1 -1 -1 -1
Evo 1.00 0.00 0.50 0.50 0.50 0.50 0.50 0.05 0.00 0.06 0.15 0.17 -1 1487
Result 0 0.0 1500 0.45 0.21 0.20 0.19 0.21 0.20 -1 -1 -1 -1 -1
Evo 1.00 0.00 0.50 0.50 0.50 0.50 0.50 0.05 0.00 0.06 0.15 0.20 -1 1487
Result 0 0.0 1500 0.46 0.21 0.20 0.19 0.20 0.20 -1 -1 -1 -1 -1
Evo 1.00 0.00 0.50 0.50 0.50 0.50 0.50 0.05 0.00 0.06 0.15 0.20 -1 1487
Result 0 0.0 1500 0.47 0.21 0.20 0.20 0.19 0.20 -1 -1 -1 -1 -1
Evo 1.00 0.00 0.50 0.50 0.50 0.50 0.50 0.05 0.00 0.06 0.15 0.18 -1 1487
Result 0 0.0 1500 0.47 0.21 0.21 0.21 0.19 0.19 -1 -1 -1 -1 -1
Evo 1.00 0.00 0.50 0.50 0.50 0.50 0.50 0.05 0.00 0.06 0.16 0.21 -1 1487
Result 0 0.0 1500 0.47 0.20 0.20 0.21 0.20 0.19 -1 -1 -1 -1 -1
Evo 1.00 0.00 0.50 0.50 0.50 0.50 0.50 0.05 0.00 0.06 0.14 0.21 -1 1487
Result 0 0.0 1500 0.47 0.22 0.17 0.21 0.19 0.21 -1 -1 -1 -1 -1
Evo 1.00 0.00 0.50 0.50 0.50 0.50 0.50 0.05 0.00 0.06 0.15 0.17 -1 1487
Result 0 0.0 1500 0.46 0.22 0.21 0.20 0.18 0.19 -1 -1 -1 -1 -1
Evo 1.00 0.00 0.50 0.49 0.50 0.50 0.50 0.05 0.00 0.07 0.17 0.27 -1 277
Result 0 0.0 1500 0.46 0.22 0.20 0.19 0.18 0.21 -1 -1 -1 -1 -1
Evo 1.00 0.00 0.50 0.50 0.50 0.50 0.50 0.05 0.00 0.06 0.15 0.20 -1 1487
Result 0 0.0 1500 0.44 0.21 0.19 0.18 0.22 0.20 -1 -1 -1 -1 -1
Evo 1.00 0.00 0.50 0.50 0.50 0.50 0.50 0.05 0.00 0.06 0.14 0.17 -1 1487
Result 0 0.0 1500 0.47 0.22 0.20 0.20 0.19 0.19 -1 -1 -1 -1 -1
Evo 1.00 0.00 0.50 0.50 0.50 0.50 0.50 0.05 0.00 0.06 0.15 0.21 -1 1487
Result 0 0.0 1500 0.47 0.19 0.19 0.21 0.21 0.19 -1 -1 -1 -1 -1
Evo 1.00 0.00 0.50 0.50 0.50 0.50 0.50 0.05 0.00 0.07 0.25 0.32 -1 145
Result 0 0.0 1500 0.47 0.19 0.20 0.21 0.18 0.22 -1 -1 -1 -1 -1
Evo 1.00 0.00 0.50 0.47 0.50 0.50 0.50 0.12 0.00 0.26 0.13 0.25 -1 4
Result 0 0.0 1500 0.45 0.20 0.19 0.18 0.21 0.21 -1 -1 -1 -1 -1
Evo 1.00 0.00 0.50 0.48 0.50 0.50 0.50 0.09 0.00 0.17 0.08 0.21 -1 21
Result 0 0.0 1500 0.47 0.20 0.20 0.21 0.21 0.19 -1 -1 -1 -1 -1
Evo 1.00 0.00 0.50 0.48 0.50 0.50 0.50 0.09 0.00 0.17 0.14 0.22 -1 51
Result 0 0.0 1500 0.47 0.20 0.19 0.20 0.21 0.20 -1 -1 -1 -1 -1
Evo 1.00 0.00 0.50 0.49 0.50 0.50 0.50 0.08 0.00 0.13 0.13 0.21 -1 2
Result 0 0.0 1500 0.46 0.21 0.18 0.20 0.23 0.19 -1 -1 -1 -1 -1
Evo 1.00 0.00 0.50 0.49 0.50 0.50 0.50 0.07 0.00 0.10 0.14 0.25 -1 21
Result 0 0.0 1500 0.46 0.20 0.20 0.19 0.21 0.20 -1 -1 -1 -1 -1
Evo 1.00 0.00 0.50 0.48 0.50 0.50 0.50 0.11 0.00 0.21 0.09 0.29 -1 0
Result 0 0.0 1500 0.49 0.21 0.17 0.24 0.22 0.17 -1 -1 -1 -1 -1
Evo 1.00 0.00 0.50 0.48 0.50 0.50 0.50 0.09 0.00 0.17 0.14 0.23 -1 6
Result 0 0.0 1500 0.49 0.19 0.19 0.23 0.21 0.18 -1 -1 -1 -1 -1
Evo 1.00 0.00 0.50 0.49 0.50 0.50 0.50 0.07 0.00 0.12 0.12 0.21 -1 4
Result 0 0.0 1500 0.48 0.20 0.20 0.22 0.21 0.18 -1 -1 -1 -1 -1
Evo 1.00 0.00 0.50 0.49 0.50 0.50 0.50 0.07 0.00 0.12 0.08 0.24 -1 19
Result 0 0.0 1500 0.47 0.19 0.20 0.21 0.21 0.19 -1 -1 -1 -1 -1
Evo 1.00 0.00 0.50 0.48 0.50 0.50 0.50 0.10 0.00 0.20 0.13 0.24 -1 1
Result 0 0.0 1500 0.46 0.19 0.16 0.20 0.22 0.23 -1 -1 -1 -1 -1
Evo 1.00 0.00 0.50 0.48 0.50 0.50 0.50 0.09 0.00 0.16 0.15 0.29 -1 5
Result 0 0.0 1500 0.47 0.19 0.18 0.21 0.21 0.21 -1 -1 -1 -1 -1
Evo 1.00 0.00 0.50 0.49 0.50 0.50 0.50 0.08 0.00 0.13 0.12 0.19 -1 0
Result 0 0.0 1500 0.48 0.21 0.20 0.22 0.19 0.19 -1 -1 -1 -1 -1
Evo 1.00 0.00 0.50 0.49 0.50 0.50 0.50 0.08 0.00 0.13 0.07 0.22 -1 3
Result 0 0.0 1500 0.47 0.21 0.19 0.21 0.22 0.18 -1 -1 -1 -1 -1
Evo 1.00 0.00 0.50 0.49 0.50 0.50 0.50 0.08 0.00 0.14 0.07 0.18 -1 4
Result 0 0.0 1500 0.49 0.20 0.18 0.24 0.19 0.19 -1 -1 -1 -1 -1
Evo 1.00 0.00 0.50 0.48 0.50 0.50 0.50 0.10 0.00 0.18 0.16 0.29 -1 20
Result 0 0.0 1500 0.47 0.20 0.18 0.20 0.22 0.20 -1 -1 -1 -1 -1
Evo 1.00 0.00 0.50 0.48 0.50 0.50 0.50 0.10 0.00 0.20 0.18 0.30 -1 4
Result 0 0.0 1500 0.47 0.21 0.16 0.21 0.24 0.19 -1 -1 -1 -1 -1
Evo 1.00 0.00 0.50 0.48 0.50 0.50 0.50 0.09 0.00 0.16 0.14 0.27 -1 5
Result 0 0.0 1500 0.45 0.19 0.18 0.19 0.22 0.22 -1 -1 -1 -1 -1
Evo 1.00 0.00 0.50 0.49 0.50 0.50 0.50 0.06 0.00 0.02 0.08 0.25 -1 0
Result 0 0.0 1500 0.47 0.22 0.20 0.21 0.19 0.18 -1 -1 -1 -1 -1
Evo 1.00 0.00 0.50 0.48 0.50 0.50 0.50 0.09 0.00 0.17 0.12 0.23 -1 1
Result 0 0.0 1500 0.47 0.21 0.19 0.21 0.21 0.18 -1 -1 -1 -1 -1
Evo 1.00 0.00 0.50 0.48 0.50 0.50 0.50 0.10 0.00 0.20 0.17 0.28 -1 2
Result 0 0.0 1500 0.49 0.19 0.17 0.23 0.23 0.18 -1 -1 -1 -1 -1
Evo 1.00 0.00 0.50 0.49 0.50 0.50 0.50 0.08 0.00 0.13 0.07 0.13 -1 1
Result 0 0.0 1500 0.46 0.20 0.20 0.19 0.21 0.20 -1 -1 -1 -1 -1
Evo 1.00 0.00 0.50 0.48 0.50 0.50 0.50 0.09 0.00 0.17 0.08 0.12 -1 3
Result 0 0.0 1500 0.44 0.20 0.21 0.18 0.19 0.23 -1 -1 -1 -1 -1
Evo 1.00 0.00 0.50 0.49 0.50 0.50 0.50 0.08 0.00 0.13 0.07 0.13 -1 17
Result 0 0.0 1500 0.43 0.20 0.21 0.17 0.19 0.23 -1 -1 -1 -1 -1
Evo 1.00 0.00 0.50 0.49 0.50 0.50 0.50 0.08 0.00 0.14 0.07 0.12 -1 1
Result 0 0.0 1500 0.46 0.20 0.18 0.20 0.20 0.22 -1 -1 -1 -1 -1
Evo 1.00 0.00 0.50 0.49 0.50 0.50 0.50 0.08 0.00 0.13 0.07 0.12 -1 6
Result 0 0.0 1500 0.45 0.19 0.20 0.18 0.22 0.20 -1 -1 -1 -1 -1
Evo 1.00 0.00 0.50 0.49 0.50 0.50 0.50 0.07 0.00 0.12 0.07 0.12 -1 27
Result 0 0.0 1500 0.45 0.20 0.20 0.18 0.20 0.22 -1 -1 -1 -1 -1
Evo 1.00 0.00 0.50 0.48 0.50 0.50 0.50 0.10 0.00 0.18 0.09 0.13 -1 37
Result 0 0.0 1500 0.46 0.22 0.18 0.19 0.19 0.21 -1 -1 -1 -1 -1
Evo 1.00 0.00 0.50 0.48 0.50 0.50 0.50 0.09 0.00 0.17 0.07 0.12 -1 11
Result 0 0.0 1500 0.45 0.22 0.20 0.18 0.19 0.22 -1 -1 -1 -1 -1
Evo 1.00 0.00 0.50 0.49 0.50 0.50 0.50 0.08 0.00 0.14 0.08 0.12 -1 6
Result 0 0.0 1500 0.45 0.19 0.19 0.19 0.21 0.21 -1 -1 -1 -1 -1
Evo 1.00 0.00 0.50 0.49 0.50 0.50 0.50 0.08 0.00 0.14 0.07 0.12 -1 18
Result 0 0.0 1500 0.46 0.19 0.19 0.20 0.19 0.23 -1 -1 -1 -1 -1
Evo 1.00 0.00 0.50 0.48 0.50 0.50 0.50 0.09 0.00 0.18 0.08 0.11 -1 0
Result 0 0.0 1500 0.42 0.19 0.20 0.16 0.21 0.23 -1 -1 -1 -1 -1
Evo 1.00 0.00 0.50 0.49 0.50 0.50 0.50 0.08 0.00 0.15 0.07 0.13 -1 3
Result 0 0.0 1500 0.45 0.21 0.19 0.18 0.20 0.21 -1 -1 -1 -1 -1
Evo 1.00 0.00 0.50 0.48 0.50 0.50 0.50 0.10 0.00 0.19 0.12 0.18 -1 48
Result 0 0.0 1500 0.47 0.20 0.19 0.20 0.19 0.22 -1 -1 -1 -1 -1
Evo 1.00 0.00 0.50 0.48 0.50 0.50 0.50 0.09 0.00 0.16 0.08 0.12 -1 98
Result 0 0.0 1500 0.45 0.20 0.21 0.18 0.18 0.21 -1 -1 -1 -1 -1
Evo 1.00 0.00 0.50 0.48 0.50 0.50 0.50 0.09 0.00 0.18 0.08 0.12 -1 55
Result 0 0.0 1500 0.42 0.21 0.19 0.16 0.20 0.24 -1 -1 -1 -1 -1
Evo 1.00 0.00 0.50 0.48 0.50 0.50 0.50 0.09 0.00 0.16 0.07 0.12 -1 50
Result 0 0.0 1500 0.45 0.20 0.19 0.18 0.23 0.21 -1 -1 -1 -1 -1
Evo 1.00 0.00 0.50 0.48 0.50 0.50 0.50 0.09 0.00 0.16 0.07 0.12 -1 17
Result 0 0.0 1500 0.44 0.21 0.19 0.18 0.21 0.22 -1 -1 -1 -1 -1
Evo 1.00 0.00 0.50 0.49 0.50 0.50 0.50 0.08 0.00 0.15 0.07 0.11 -1 11
Result 0 0.0 1500 0.46 0.23 0.16 0.19 0.22 0.20 -1 -1 -1 -1 -1
Evo 1.00 0.00 0.50 0.49 0.50 0.50 0.50 0.08 0.00 0.14 0.11 0.16 -1 8
Result 0 0.0 1500 0.44 0.19 0.23 0.18 0.21 0.20 -1 -1 -1 -1 -1
Evo 1.00 0.00 0.50 0.48 0.50 0.50 0.50 0.09 0.00 0.16 0.08 0.13 -1 16
Result 0 0.0 1500 0.40 0.22 0.22 0.14 0.20 0.22 -1 -1 -1 -1 -1
Evo 1.00 0.00 0.50 0.45 0.50 0.50 0.50 0.15 0.00 0.14 0.05 0.19 -1 0
Result 0 0.0 1500 0.49 0.21 0.12 0.23 0.28 0.16 -1 -1 -1 -1 -1
Evo 1.00 0.00 0.50 0.46 0.50 0.50 0.50 0.14 0.00 0.29 0.04 0.20 -1 0
Result 0 0.0 1500 0.48 0.24 0.11 0.22 0.25 0.17 -1 -1 -1 -1 -1
Evo 1.00 0.00 0.50 0.46 0.50 0.50 0.50 0.14 0.00 0.31 0.05 0.17 -1 1
Result 0 0.0 1500 0.49 0.21 0.12 0.24 0.27 0.17 -1 -1 -1 -1 -1
Evo 1.00 0.00 0.50 0.45 0.50 0.50 0.50 0.15 0.00 0.32 0.06 0.18 -1 2
Result 0 0.0 1500 0.49 0.20 0.12 0.24 0.27 0.17 -1 -1 -1 -1 -1
Evo 1.00 0.00 0.50 0.46 0.50 0.50 0.50 0.14 0.00 0.31 0.04 0.16 -1 0
Result 0 0.0 1500 0.49 0.20 0.12 0.23 0.28 0.17 -1 -1 -1 -1 -1
Evo 1.00 0.00 0.50 0.45 0.50 0.50 0.50 0.14 0.00 0.13 0.05 0.17 -1 0
Result 0 0.0 1500 0.49 0.23 0.11 0.23 0.26 0.17 -1 -1 -1 -1 -1
Evo 1.00 0.00 0.50 0.46 0.50 0.50 0.50 0.13 0.00 0.28 0.08 0.20 -1 3
Result 0 0.0 1500 0.47 0.20 0.15 0.20 0.26 0.19 -1 -1 -1 -1 -1
Evo 1.00 0.00 0.50 0.45 0.50 0.50 0.50 0.15 0.00 0.33 0.06 0.16 -1 2
Result 0 0.0 1500 0.49 0.23 0.12 0.24 0.26 0.16 -1 -1 -1 -1 -1
Evo 1.00 0.00 0.50 0.46 0.50 0.50 0.50 0.14 0.00 0.12 0.06 0.17 -1 0
Result 0 0.0 1500 0.48 0.18 0.12 0.22 0.28 0.19 -1 -1 -1 -1 -1
Evo 1.00 0.00 0.50 0.45 0.50 0.50 0.50 0.15 0.00 0.34 0.05 0.19 -1 3
Result 0 0.0 1500 0.48 0.21 0.12 0.22 0.29 0.16 -1 -1 -1 -1 -1
Evo 1.00 0.00 0.50 0.45 0.50 0.50 0.50 0.15 0.00 0.14 0.05 0.18 -1 0
Result 0 0.0 1500 0.49 0.20 0.11 0.23 0.27 0.19 -1 -1 -1 -1 -1
Evo 1.00 0.00 0.50 0.46 0.50 0.50 0.50 0.14 0.00 0.12 0.06 0.15 -1 0
Result 0 0.0 1500 0.48 0.22 0.11 0.23 0.28 0.17 -1 -1 -1 -1 -1
Evo 1.00 0.00 0.50 0.46 0.50 0.50 0.50 0.14 0.00 0.29 0.05 0.18 -1 0
Result 0 0.0 1500 0.49 0.23 0.11 0.23 0.26 0.17 -1 -1 -1 -1 -1
Evo 1.00 0.00 0.50 0.45 0.50 0.50 0.50 0.15 0.00 0.32 0.05 0.17 -1 0
Result 0 0.0 1500 0.48 0.21 0.12 0.22 0.27 0.17 -1 -1 -1 -1 -1
Evo 1.00 0.00 0.50 0.45 0.50 0.50 0.50 0.15 0.00 0.32 0.05 0.16 -1 2
Result 0 0.0 1500 0.47 0.23 0.13 0.20 0.29 0.15 -1 -1 -1 -1 -1
Evo 1.00 0.00 0.50 0.45 0.50 0.50 0.50 0.15 0.00 0.32 0.05 0.20 -1 0
Result 0 0.0 1500 0.50 0.21 0.12 0.25 0.25 0.17 -1 -1 -1 -1 -1
Evo 1.00 0.00 0.50 0.45 0.50 0.50 0.50 0.14 0.00 0.13 0.05 0.20 -1 0
Result 0 0.0 1500 0.49 0.20 0.12 0.23 0.26 0.19 -1 -1 -1 -1 -1
Evo 1.00 0.00 0.50 0.44 0.50 0.50 0.50 0.17 0.00 0.38 0.10 0.23 -1 0
Result 0 0.0 1500 0.51 0.22 0.14 0.26 0.23 0.15 -1 -1 -1 -1 -1
Evo 1.00 0.00 0.50 0.46 0.50 0.50 0.50 0.14 0.00 0.31 0.05 0.16 -1 4
Result 0 0.0 1500 0.48 0.21 0.13 0.22 0.27 0.17 -1 -1 -1 -1 -1
Evo 1.00 0.00 0.50 0.46 0.50 0.50 0.50 0.14 0.00 0.30 0.06 0.17 -1 1
Result 0 0.0 1500 0.49 0.22 0.11 0.24 0.27 0.17 -1 -1 -1 -1 -1
