Evo 1.00 0.00 1.00 0.95 0.94 1.00 1.00 0.09 0.00 0.25 0.38 0.39 1710 -1
Result 1 36.0 1717 0.48 0.19 0.19 0.22 0.20 0.20 -1 -1 -1 -1 -1
Evo 1.00 0.00 1.00 0.00 0.00 0.00 0.00 0.06 0.00 0.02 0.38 0.39 834 -1
Result 1 36.0 836 0.47 0.19 0.22 0.20 0.18 0.20 -1 -1 -1 -1 -1
Evo 1.00 0.00 0.00 0.00 0.00 0.00 0.00 0.00 0.00 0.01 0.34 0.35 -1 1987
Result 0 24.0 2000 0.47 0.20 0.20 0.20 0.21 0.18 -1 -1 -1 -1 -1
Evo 1.00 0.50 1.00 0.50 0.50 0.50 0.50 0.02 0.00 0.01 0.37 0.39 1248 -1
Result 1 36.0 1250 0.45 0.19 0.21 0.18 0.22 0.20 -1 -1 -1 -1 -1
Evo 1.00 0.50 1.00 0.50 0.50 0.50 0.50 0.03 0.00 0.01 0.39 0.39 867 -1
Result 1 36.0 870 0.47 0.17 0.21 0.20 0.20 0.21 -1 -1 -1 -1 -1
Evo 1.00 0.50 1.00 0.50 0.50 0.50 0.50 0.02 0.00 0.01 0.39 0.39 1523 -1
Result 1 36.0 1527 0.46 0.20 0.20 0.19 0.21 0.20 -1 -1 -1 -1 -1
Evo 1.00 0.50 1.00 0.50 0.50 0.50 0.50 0.03 0.00 0.01 0.38 0.39 668 -1
Result 1 36.0 670 0.46 0.17 0.21 0.20 0.23 0.19 -1 -1 -1 -1 -1
Evo 1.00 0.50 1.00 0.50 0.50 0.50 0.50 0.02 0.00 0.03 0.37 0.39 916 -1
Result 1 36.0 917 0.46 0.20 0.21 0.20 0.20 0.20 -1 -1 -1 -1 -1
Evo 1.00 0.50 1.00 0.50 0.50 0.50 0.50 0.02 0.00 0.01 0.39 0.39 1306 -1
Result 1 36.0 1308 0.45 0.20 0.21 0.18 0.20 0.20 -1 -1 -1 -1 -1
Evo 1.00 0.50 1.00 0.50 0.50 0.50 0.50 0.02 0.00 0.01 0.39 0.39 1156 -1
Result 1 36.0 1158 0.47 0.19 0.22 0.20 0.18 0.21 -1 -1 -1 -1 -1
Evo 1.00 0.50 1.00 0.50 0.50 0.50 0.50 0.03 0.00 0.03 0.36 0.39 964 -1
Result 1 36.0 971 0.44 0.18 0.22 0.18 0.22 0.21 -1 -1 -1 -1 -1
Evo 1.00 0.50 1.00 0.50 0.50 0.50 0.50 0.03 0.00 0.02 0.36 0.39 704 -1
Result 1 36.0 706 0.45 0.19 0.18 0.19 0.24 0.20 -1 -1 -1 -1 -1
Evo 1.00 0.00 0.50 0.50 0.50 0.50 0.50 0.04 0.00 0.01 0.31 0.32 -1 1987
Result 0 21.0 2000 0.46 0.19 0.21 0.20 0.21 0.19 -1 -1 -1 -1 -1
Evo 1.00 0.50 1.00 0.50 0.50 0.50 0.50 0.02 0.00 0.03 0.38 0.39 1605 -1
Result 1 36.0 1612 0.45 0.18 0.22 0.19 0.22 0.20 -1 -1 -1 -1 -1
Evo 1.00 0.00 0.50 0.50 0.50 0.50 0.50 0.04 0.00 0.01 0.34 0.35 -1 1987
Result 0 24.0 2000 0.46 0.19 0.20 0.20 0.21 0.21 -1 -1 -1 -1 -1
Evo 1.00 0.50 1.00 0.50 0.50 0.50 0.50 0.03 0.00 0.03 0.36 0.39 906 -1
Result 1 36.0 912 0.46 0.18 0.21 0.19 0.21 0.20 -1 -1 -1 -1 -1
Evo 1.00 0.50 1.00 0.50 0.50 0.50 0.50 0.04 0.00 0.03 0.37 0.39 590 -1
Result 1 36.0 594 0.47 0.18 0.19 0.20 0.22 0.21 -1 -1 -1 -1 -1
Evo 1.00 0.50 1.00 0.50 0.50 0.50 0.50 0.04 0.00 0.02 0.36 0.39 548 -1
Result 1 36.0 551 0.46 0.18 0.22 0.19 0.20 0.20 -1 -1 -1 -1 -1
Evo 1.00 0.50 1.00 0.50 0.50 0.50 0.50 0.03 0.00 0.01 0.36 0.39 666 -1
Result 1 36.0 668 0.47 0.17 0.21 0.20 0.22 0.20 -1 -1 -1 -1 -1
Evo 1.00 0.50 1.00 0.50 0.50 0.50 0.50 0.03 0.00 0.02 0.39 0.39 1050 -1
Result 1 36.0 1054 0.45 0.18 0.21 0.19 0.21 0.21 -1 -1 -1 -1 -1
Evo 1.00 0.00 0.50 0.46 0.50 0.50 0.50 0.13 0.00 0.35 0.11 0.27 -1 0
Result 0 6.0 2000 0.48 0.20 0.17 0.23 0.22 0.19 -1 -1 -1 -1 -1
Evo 1.00 0.00 0.50 0.47 0.50 0.50 0.50 0.11 0.00 0.01 0.11 0.23 -1 0
Result 0 5.0 2000 0.49 0.21 0.17 0.24 0.21 0.18 -1 -1 -1 -1 -1
Evo 1.00 0.00 0.50 0.45 0.50 0.50 0.50 0.15 0.00 0.01 0.14 0.27 -1 0
Result 0 7.0 2000 0.49 0.20 0.18 0.24 0.20 0.18 -1 -1 -1 -1 -1
Evo 1.00 0.00 0.50 0.46 0.50 0.50 0.50 0.13 0.00 0.01 0.11 0.25 -1 1
Result 0 5.0 2000 0.48 0.20 0.18 0.22 0.23 0.17 -1 -1 -1 -1 -1
Evo 1.00 0.00 0.50 0.46 0.50 0.50 0.50 0.14 0.00 0.22 0.12 0.27 -1 0
Result 0 6.0 2000 0.49 0.21 0.17 0.23 0.22 0.17 -1 -1 -1 -1 -1
Evo 1.00 0.00 0.50 0.47 0.50 0.50 0.50 0.11 0.00 0.01 0.12 0.24 -1 0
Result 0 6.0 2000 0.49 0.20 0.18 0.24 0.21 0.17 -1 -1 -1 -1 -1
Evo 1.00 0.00 0.50 0.47 0.50 0.50 0.50 0.11 0.00 0.01 0.11 0.25 -1 0
Result 0 5.0 2000 0.49 0.19 0.19 0.23 0.22 0.17 -1 -1 -1 -1 -1
Evo 1.00 0.00 0.50 0.47 0.50 0.50 0.50 0.12 0.00 0.06 0.12 0.26 -1 0
Result 0 5.0 2000 0.48 0.21 0.17 0.22 0.21 0.18 -1 -1 -1 -1 -1
Evo 1.00 0.00 0.50 0.46 0.50 0.50 0.50 0.14 0.00 0.01 0.12 0.27 -1 0
Result 0 5.0 2000 0.49 0.20 0.18 0.24 0.21 0.17 -1 -1 -1 -1 -1
Evo 1.00 0.00 0.50 0.46 0.50 0.50 0.50 0.14 0.00 0.01 0.11 0.27 -1 0
Result 0 5.0 2000 0.49 0.21 0.19 0.23 0.20 0.17 -1 -1 -1 -1 -1
Evo 1.00 0.00 0.50 0.46 0.50 0.50 0.50 0.14 0.00 0.30 0.13 0.27 -1 0
Result 0 6.0 2000 0.49 0.20 0.18 0.24 0.22 0.16 -1 -1 -1 -1 -1
Evo 1.00 0.00 0.50 0.47 0.50 0.50 0.50 0.11 0.00 0.05 0.11 0.25 -1 2
Result 0 5.0 2000 0.50 0.19 0.17 0.24 0.22 0.18 -1 -1 -1 -1 -1
Evo 1.00 0.00 0.50 0.46 0.50 0.50 0.50 0.13 0.00 0.01 0.13 0.26 -1 0
Result 0 7.0 2000 0.48 0.22 0.14 0.22 0.23 0.19 -1 -1 -1 -1 -1
Evo 1.00 0.00 0.50 0.47 0.50 0.50 0.50 0.11 0.00 0.06 0.11 0.24 -1 0
Result 0 5.0 2000 0.48 0.20 0.17 0.23 0.21 0.19 -1 -1 -1 -1 -1
Evo 1.00 0.00 0.50 0.47 0.50 0.50 0.50 0.12 0.00 0.01 0.11 0.24 -1 1
Result 0 5.0 2000 0.49 0.19 0.18 0.24 0.21 0.17 -1 -1 -1 -1 -1
Evo 1.00 0.00 0.50 0.48 0.50 0.50 0.50 0.11 0.00 0.01 0.14 0.23 -1 0
Result 0 7.0 2000 0.46 0.21 0.17 0.20 0.21 0.21 -1 -1 -1 -1 -1
Evo 1.00 0.00 0.50 0.46 0.50 0.50 0.50 0.13 0.00 0.01 0.12 0.27 -1 0
Result 0 6.0 2000 0.49 0.20 0.14 0.23 0.24 0.19 -1 -1 -1 -1 -1
Evo 1.00 0.00 0.50 0.47 0.50 0.50 0.50 0.12 0.00 0.01 0.13 0.26 -1 0
Result 0 5.0 2000 0.49 0.21 0.16 0.23 0.22 0.18 -1 -1 -1 -1 -1
Evo 1.00 0.00 0.50 0.48 0.50 0.50 0.50 0.11 0.00 0.01 0.11 0.27 -1 0
Result 0 5.0 2000 0.49 0.22 0.19 0.23 0.20 0.17 -1 -1 -1 -1 -1
Evo 1.00 0.00 0.50 0.47 0.50 0.50 0.50 0.12 0.00 0.01 0.11 0.25 -1 0
Result 0 5.0 2000 0.49 0.20 0.16 0.24 0.22 0.19 -1 -1 -1 -1 -1
Evo 1.00 0.00 0.50 0.45 0.50 0.50 0.50 0.16 0.00 0.01 0.10 0.22 -1 6
Result 0 1.0 2000 0.49 0.21 0.26 0.23 0.12 0.17 -1 -1 -1 -1 -1
Evo 1.00 0.00 0.50 0.44 0.50 0.50 0.50 0.16 0.00 0.01 0.07 0.19 -1 2
Result 0 0.0 2000 0.50 0.21 0.27 0.25 0.13 0.15 -1 -1 -1 -1 -1
Evo 1.00 0.00 0.50 0.43 0.50 0.50 0.50 0.17 0.00 0.47 0.08 0.19 -1 0
Result 0 1.0 2000 0.50 0.21 0.27 0.25 0.12 0.16 -1 -1 -1 -1 -1
Evo 1.00 0.00 0.50 0.45 0.50 0.50 0.50 0.15 0.00 0.45 0.10 0.21 -1 2
Result 0 1.0 2000 0.49 0.22 0.23 0.23 0.14 0.17 -1 -1 -1 -1 -1
Evo 1.00 0.00 0.50 0.45 0.50 0.50 0.50 0.15 0.00 0.36 0.10 0.20 -1 2
Result 0 1.0 2000 0.47 0.20 0.27 0.21 0.14 0.18 -1 -1 -1 -1 -1
Evo 1.00 0.00 0.50 0.42 0.50 0.50 0.50 0.18 0.00 0.01 0.07 0.15 -1 7
Result 0 0.0 2000 0.50 0.22 0.27 0.26 0.10 0.15 -1 -1 -1 -1 -1
Evo 1.00 0.00 0.50 0.43 0.50 0.50 0.50 0.17 0.00 0.01 0.07 0.20 -1 0
Result 0 0.0 2000 0.50 0.21 0.26 0.26 0.10 0.17 -1 -1 -1 -1 -1
Evo 1.00 0.00 0.50 0.45 0.50 0.50 0.50 0.15 0.00 0.41 0.10 0.22 -1 3
Result 0 1.0 2000 0.47 0.21 0.25 0.21 0.15 0.18 -1 -1 -1 -1 -1
Evo 1.00 0.00 0.50 0.45 0.50 0.50 0.50 0.15 0.00 0.01 0.11 0.23 -1 3
Result 0 1.0 2000 0.48 0.22 0.26 0.21 0.14 0.17 -1 -1 -1 -1 -1
Evo 1.00 0.00 0.50 0.45 0.50 0.50 0.50 0.15 0.00 0.01 0.08 0.19 -1 8
Result 0 0.0 2000 0.50 0.22 0.25 0.25 0.14 0.14 -1 -1 -1 -1 -1
Evo 1.00 0.00 0.50 0.43 0.50 0.50 0.50 0.17 0.00 0.03 0.08 0.23 -1 1
Result 0 0.0 2000 0.49 0.22 0.23 0.23 0.13 0.18 -1 -1 -1 -1 -1
Evo 1.00 0.00 0.50 0.44 0.50 0.50 0.50 0.16 0.00 0.53 0.10 0.21 -1 2
Result 0 1.0 2000 0.50 0.23 0.24 0.25 0.11 0.17 -1 -1 -1 -1 -1
Evo 1.00 0.00 0.50 0.44 0.50 0.50 0.50 0.16 0.00 0.35 0.07 0.20 -1 4
Result 0 0.0 2000 0.50 0.20 0.26 0.25 0.14 0.14 -1 -1 -1 -1 -1
Evo 1.00 0.00 0.50 0.44 0.50 0.50 0.50 0.17 0.00 0.03 0.08 0.21 -1 0
Result 0 0.0 2000 0.46 0.22 0.26 0.20 0.16 0.17 -1 -1 -1 -1 -1
Evo 1.00 0.00 0.50 0.45 0.50 0.50 0.50 0.15 0.00 0.02 0.08 0.19 -1 3
Result 0 0.0 2000 0.49 0.23 0.26 0.24 0.13 0.14 -1 -1 -1 -1 -1
Evo 1.00 0.00 0.50 0.44 0.50 0.50 0.50 0.16 0.00 0.04 0.09 0.21 -1 6
Result 0 0.0 2000 0.50 0.22 0.25 0.25 0.12 0.15 -1 -1 -1 -1 -1
Evo 1.00 0.00 0.50 0.44 0.50 0.50 0.50 0.16 0.00 0.02 0.07 0.19 -1 0
Result 0 0.0 2000 0.50 0.22 0.26 0.24 0.11 0.16 -1 -1 -1 -1 -1
Evo 1.00 0.00 0.50 0.45 0.50 0.50 0.50 0.15 0.00 0.23 0.09 0.20 -1 2
Result 0 1.0 2000 0.49 0.20 0.23 0.24 0.13 0.20 -1 -1 -1 -1 -1
Evo 1.00 0.00 0.50 0.43 0.50 0.50 0.50 0.18 0.00 0.47 0.10 0.17 -1 5
Result 0 1.0 2000 0.49 0.22 0.25 0.23 0.13 0.17 -1 -1 -1 -1 -1
Evo 1.00 0.00 0.50 0.44 0.50 0.50 0.50 0.16 0.00 0.01 0.10 0.21 -1 8
Result 0 1.0 2000 0.49 0.23 0.26 0.23 0.12 0.17 -1 -1 -1 -1 -1
Evo 1.00 0.00 0.50 0.36 0.00 0.50 0.50 0.22 0.00 0.01 0.17 0.31 -1 0
Result 0 2.0 2000 0.38 0.22 0.14 0.13 0.24 0.27 -1 -1 -1 -1 -1
Evo 1.00 0.00 0.50 0.39 0.50 0.50 0.50 0.21 0.00 0.33 0.14 0.17 -1 0
Result 0 1.0 2000 0.47 0.25 0.05 0.21 0.25 0.24 -1 -1 -1 -1 -1
Evo 1.00 0.00 0.50 0.32 0.00 0.50 0.50 0.24 0.01 0.01 0.14 0.26 -1 2
Result 0 1.0 2000 0.34 0.23 0.10 0.10 0.28 0.28 -1 -1 -1 -1 -1
Evo 1.00 0.00 0.50 0.36 0.00 0.50 0.50 0.23 0.01 0.47 0.16 0.17 -1 0
Result 0 1.0 2000 0.44 0.22 0.14 0.17 0.21 0.25 -1 -1 -1 -1 -1
Evo 1.00 0.00 0.50 0.31 0.00 0.50 0.50 0.24 0.01 0.01 0.10 0.30 -1 0
Result 0 1.0 2000 0.33 0.25 0.09 0.10 0.29 0.27 -1 -1 -1 -1 -1
Evo 1.00 0.00 0.50 0.34 0.00 0.50 0.50 0.23 0.01 0.53 0.14 0.20 -1 0
Result 0 1.0 2000 0.39 0.23 0.15 0.14 0.22 0.26 -1 -1 -1 -1 -1
Evo 1.00 0.00 0.50 0.46 0.50 0.50 0.50 0.14 0.00 0.01 0.17 0.30 -1 0
Result 0 2.0 2000 0.45 0.22 0.20 0.18 0.19 0.21 -1 -1 -1 -1 -1
Evo 1.00 0.00 0.50 0.38 0.50 0.50 0.50 0.21 0.00 0.34 0.16 0.20 -1 3
Result 0 1.0 2000 0.47 0.24 0.07 0.21 0.24 0.24 -1 -1 -1 -1 -1
Evo 1.00 0.00 0.50 0.36 0.00 0.50 0.50 0.23 0.01 0.35 0.16 0.17 -1 0
Result 0 1.0 2000 0.47 0.23 0.15 0.20 0.15 0.26 -1 -1 -1 -1 -1
Evo 1.00 0.00 0.50 0.45 0.50 0.50 0.50 0.16 0.00 0.01 0.17 0.30 -1 0
Result 0 2.0 2000 0.43 0.21 0.21 0.17 0.18 0.23 -1 -1 -1 -1 -1
Evo 1.00 0.00 0.50 0.36 0.00 0.50 0.50 0.23 0.01 0.39 0.14 0.17 -1 0
Result 0 1.0 2000 0.44 0.23 0.10 0.18 0.24 0.25 -1 -1 -1 -1 -1
Evo 1.00 0.00 0.50 0.34 0.00 0.50 0.50 0.23 0.01 0.46 0.14 0.17 -1 0
Result 0 1.0 2000 0.38 0.24 0.11 0.13 0.26 0.26 -1 -1 -1 -1 -1
Evo 1.00 0.00 0.50 0.37 0.00 0.50 0.50 0.22 0.00 0.52 0.14 0.20 -1 0
Result 0 1.0 2000 0.47 0.23 0.21 0.21 0.11 0.24 -1 -1 -1 -1 -1
Evo 1.00 0.00 0.50 0.47 0.50 0.50 0.50 0.12 0.00 0.01 0.17 0.31 -1 0
Result 0 2.0 2000 0.45 0.19 0.22 0.18 0.18 0.22 -1 -1 -1 -1 -1
Evo 1.00 0.00 0.50 0.45 0.50 0.50 0.50 0.15 0.00 0.01 0.17 0.31 -1 0
Result 0 2.0 2000 0.43 0.22 0.20 0.16 0.19 0.22 -1 -1 -1 -1 -1
Evo 1.00 0.00 0.50 0.38 0.50 0.50 0.50 0.21 0.00 0.32 0.14 0.17 -1 0
Result 0 1.0 1995 0.46 0.23 0.08 0.20 0.24 0.26 -1 -1 -1 -1 -1
Evo 1.00 0.00 0.50 0.32 0.00 0.50 0.50 0.24 0.01 0.46 0.13 0.17 -1 0
Result 0 1.0 1998 0.34 0.25 0.10 0.10 0.28 0.27 -1 -1 -1 -1 -1
Evo 1.00 0.00 0.50 0.45 0.50 0.50 0.50 0.15 0.00 0.22 0.17 0.31 -1 1
Result 0 2.0 2000 0.36 0.19 0.22 0.12 0.23 0.24 -1 -1 -1 -1 -1
Evo 1.00 0.00 0.50 0.37 0.00 0.50 0.50 0.22 0.00 0.37 0.14 0.17 -1 0
Result 0 1.0 2000 0.46 0.24 0.22 0.20 0.11 0.24 -1 -1 -1 -1 -1
Evo 1.00 0.00 0.50 0.34 0.00 0.50 0.50 0.23 0.01 0.40 0.13 0.20 -1 0
Result 0 1.0 1993 0.41 0.25 0.13 0.15 0.23 0.24 -1 -1 -1 -1 -1
Evo 1.00 0.00 0.50 0.33 0.00 0.50 0.50 0.24 0.01 0.33 0.10 0.19 -1 0
Result 0 3.0 2000 0.45 0.23 0.26 0.19 0.13 0.20 -1 -1 -1 -1 -1
Evo 1.00 0.00 0.50 0.43 0.50 0.50 0.50 0.17 0.00 0.19 0.04 0.10 -1 0
Result 0 3.0 2000 0.52 0.20 0.24 0.28 0.20 0.07 -1 -1 -1 -1 -1
Evo 1.00 0.00 0.50 0.32 0.00 0.50 0.50 0.24 0.01 0.02 0.08 0.19 -1 0
Result 0 2.0 2000 0.45 0.24 0.12 0.18 0.26 0.19 -1 -1 -1 -1 -1
Evo 1.00 0.00 0.50 0.45 0.50 0.50 0.50 0.15 0.00 0.04 0.09 0.13 -1 0
Result 0 4.0 2000 0.51 0.20 0.22 0.27 0.22 0.09 -1 -1 -1 -1 -1
Evo 1.00 0.00 0.50 0.48 0.50 0.50 0.50 0.09 0.00 0.02 0.20 0.25 -1 0
Result 0 12.0 2000 0.45 0.20 0.21 0.18 0.21 0.20 -1 -1 -1 -1 -1
Evo 1.00 0.00 0.50 0.44 0.50 0.50 0.50 0.17 0.00 0.18 0.05 0.11 -1 0
Result 0 3.0 2000 0.50 0.23 0.25 0.26 0.19 0.08 -1 -1 -1 -1 -1
Evo 1.00 0.00 0.50 0.31 0.00 0.50 0.50 0.24 0.01 0.01 0.10 0.18 -1 0
Result 0 2.0 2000 0.43 0.23 0.14 0.17 0.26 0.20 -1 -1 -1 -1 -1
Evo 1.00 0.00 0.50 0.44 0.50 0.50 0.50 0.16 0.00 0.21 0.04 0.11 -1 0
Result 0 3.0 2000 0.51 0.23 0.24 0.28 0.18 0.08 -1 -1 -1 -1 -1
Evo 1.00 0.00 0.50 0.44 0.50 0.50 0.50 0.17 0.00 0.19 0.04 0.10 -1 1
Result 0 3.0 2000 0.51 0.22 0.24 0.27 0.19 0.08 -1 -1 -1 -1 -1
Evo 1.00 0.00 0.50 0.44 0.50 0.50 0.50 0.16 0.00 0.37 0.04 0.10 -1 1
Result 0 3.0 2000 0.51 0.23 0.22 0.27 0.21 0.08 -1 -1 -1 -1 -1
Evo 1.00 0.00 0.50 0.44 0.50 0.50 0.50 0.16 0.00 0.19 0.04 0.10 -1 6
Result 0 3.0 2000 0.51 0.22 0.25 0.27 0.18 0.07 -1 -1 -1 -1 -1
Evo 1.00 0.00 0.50 0.44 0.50 0.50 0.50 0.16 0.00 0.17 0.04 0.11 -1 1
Result 0 3.0 2000 0.51 0.21 0.24 0.28 0.19 0.08 -1 -1 -1 -1 -1
Evo 1.00 0.00 0.50 0.43 0.50 0.50 0.50 0.17 0.00 0.24 0.04 0.10 -1 0
Result 0 3.0 2000 0.51 0.22 0.24 0.27 0.19 0.08 -1 -1 -1 -1 -1
Evo 1.00 0.00 0.50 0.33 0.00 0.50 0.50 0.24 0.01 0.03 0.09 0.19 -1 3
Result 0 2.0 2000 0.44 0.24 0.12 0.18 0.27 0.19 -1 -1 -1 -1 -1
Evo 1.00 0.00 0.50 0.31 0.00 0.50 0.50 0.24 0.01 0.01 0.10 0.19 -1 0
Result 0 2.0 2000 0.43 0.24 0.25 0.17 0.13 0.20 -1 -1 -1 -1 -1
Evo 1.00 0.00 0.50 0.43 0.50 0.50 0.50 0.17 0.00 0.24 0.04 0.11 -1 0
Result 0 3.0 2000 0.51 0.23 0.23 0.27 0.19 0.08 -1 -1 -1 -1 -1
Evo 1.00 0.00 0.50 0.44 0.50 0.50 0.50 0.17 0.00 0.31 0.04 0.11 -1 1
Result 0 3.0 2000 0.51 0.20 0.24 0.27 0.21 0.08 -1 -1 -1 -1 -1
Evo 1.00 0.00 0.50 0.44 0.50 0.50 0.50 0.17 0.00 0.19 0.04 0.11 -1 0
Result 0 3.0 2000 0.51 0.20 0.26 0.27 0.20 0.08 -1 -1 -1 -1 -1
Evo 1.00 0.00 0.50 0.44 0.50 0.50 0.50 0.17 0.00 0.18 0.04 0.10 -1 2
Result 0 3.0 2000 0.51 0.20 0.26 0.26 0.20 0.07 -1 -1 -1 -1 -1
Evo 1.00 0.00 0.50 0.31 0.00 0.50 0.50 0.24 0.01 0.02 0.09 0.19 -1 0
Result 0 2.0 2000 0.42 0.24 0.14 0.16 0.27 0.19 -1 -1 -1 -1 -1
