Evo 1.00 0.00 1.00 0.88 1.00 1.00 1.00 0.30 0.02 0.03 1.57 9.09 -1 99
Result 0 10.0 237 0.41 0.30 0.20 0.15 0.21 0.14 -1 -1 -1 -1 -1
Evo 1.00 0.00 1.00 0.93 1.00 1.00 1.00 0.26 0.01 0.04 2.70 13.17 -1 116
Result 0 7.0 406 0.43 0.25 0.17 0.17 0.23 0.18 -1 -1 -1 -1 -1
Evo 1.00 0.00 1.00 0.89 1.00 1.00 1.00 0.31 0.02 0.03 1.63 10.71 -1 44
Result 0 15.0 235 0.45 0.30 0.18 0.19 0.17 0.17 -1 -1 -1 -1 -1
Evo 1.01 0.00 1.00 0.80 1.00 1.00 1.00 0.40 0.03 0.08 1.25 8.81 -1 59
Result 0 14.0 167 0.47 0.30 0.24 0.20 0.15 0.11 -1 -1 -1 -1 -1
Evo 1.00 0.00 1.00 0.92 1.00 1.00 1.00 0.27 0.01 0.02 2.52 16.54 386 161
Result 1 32.0 397 0.42 0.25 0.18 0.16 0.23 0.19 -1 -1 -1 -1 -1
Evo 1.00 0.00 0.50 0.46 0.50 0.50 0.50 0.13 0.01 0.09 1.82 6.36 -1 51
Result 0 1.0 393 0.44 0.22 0.19 0.17 0.21 0.21 -1 -1 -1 -1 -1
Evo 1.00 0.00 0.50 0.47 0.50 0.50 0.50 0.11 0.01 0.09 2.45 11.88 -1 139
Result 0 12.0 404 0.43 0.25 0.18 0.17 0.21 0.20 -1 -1 -1 -1 -1
Evo 1.00 0.00 0.50 0.46 0.50 0.50 0.50 0.14 0.01 0.10 2.52 10.95 -1 45
Result 0 9.0 474 0.48 0.20 0.18 0.22 0.21 0.18 -1 -1 -1 -1 -1
Evo 1.01 0.00 0.50 0.43 0.50 0.50 0.50 0.18 0.01 0.04 1.23 8.47 -1 99
Result 0 14.0 164 0.45 0.30 0.20 0.18 0.16 0.16 -1 -1 -1 -1 -1
Evo 1.01 0.00 0.50 0.42 0.50 0.50 0.50 0.19 0.02 0.06 1.03 7.72 -1 89
Result 0 11.0 123 0.46 0.32 0.23 0.19 0.15 0.11 -1 -1 -1 -1 -1
Evo 1.00 0.00 0.50 0.42 0.50 0.50 0.50 0.19 0.01 0.27 1.78 7.09 -1 22
Result 0 9.0 298 0.42 0.29 0.17 0.16 0.21 0.17 -1 -1 -1 -1 -1
Evo 1.00 0.00 1.00 0.46 0.50 0.50 0.50 0.16 0.01 0.24 3.43 17.41 485 33
Result 1 32.0 491 0.45 0.25 0.19 0.18 0.18 0.19 -1 -1 -1 -1 -1
Evo 1.00 0.00 0.50 0.46 0.50 0.50 0.50 0.13 0.01 0.19 2.10 11.78 -1 83
Result 0 15.0 472 0.49 0.25 0.16 0.23 0.18 0.18 -1 -1 -1 -1 -1
Evo 1.00 0.00 0.50 0.42 0.50 0.50 0.50 0.18 0.01 0.12 1.79 9.05 -1 103
Result 0 13.0 305 0.45 0.21 0.19 0.19 0.25 0.16 -1 -1 -1 -1 -1
Evo 1.00 0.00 0.50 0.45 0.50 0.50 0.50 0.15 0.01 0.11 2.32 11.69 -1 64
Result 0 10.0 465 0.47 0.25 0.18 0.21 0.19 0.17 -1 -1 -1 -1 -1
Evo 1.00 0.00 0.50 0.46 0.50 0.50 0.50 0.13 0.01 0.02 2.70 13.40 -1 59
Result 0 11.0 470 0.46 0.27 0.19 0.19 0.19 0.15 -1 -1 -1 -1 -1
Evo 1.00 0.00 0.50 0.44 0.50 0.50 0.50 0.16 0.01 0.12 2.12 11.45 -1 58
Result 0 10.0 463 0.47 0.20 0.21 0.21 0.19 0.19 -1 -1 -1 -1 -1
Evo 1.00 0.00 0.50 0.44 0.50 0.50 0.50 0.16 0.01 0.12 2.61 11.11 -1 29
Result 0 10.0 456 0.48 0.23 0.19 0.22 0.18 0.18 -1 -1 -1 -1 -1
Evo 1.02 0.00 0.50 0.27 0.00 0.50 0.50 0.25 0.03 0.40 0.55 4.56 -1 20
Result 0 2.0 63 0.45 0.33 0.16 0.19 0.28 0.05 -1 -1 -1 -1 -1
Evo 1.00 0.00 0.50 0.44 0.50 0.50 0.50 0.17 0.01 0.12 1.97 9.49 -1 66
Result 0 5.0 370 0.44 0.22 0.21 0.18 0.18 0.22 -1 -1 -1 -1 -1
Evo 1.01 0.00 0.50 0.40 0.50 0.50 0.50 0.20 0.02 0.06 0.71 5.05 -1 39
Result 0 -1.0 105 0.51 0.26 0.16 0.26 0.14 0.17 -1 -1 -1 -1 -1
Evo 1.00 0.00 0.50 0.43 0.50 0.50 0.50 0.17 0.01 0.03 1.71 8.91 -1 25
Result 0 6.0 314 0.47 0.23 0.16 0.20 0.22 0.19 -1 -1 -1 -1 -1
Evo 1.00 0.00 0.50 0.46 0.50 0.50 0.50 0.14 0.01 0.21 2.57 12.40 -1 25
Result 0 7.0 471 0.46 0.22 0.20 0.19 0.20 0.19 -1 -1 -1 -1 -1
Evo 1.00 0.00 0.50 0.41 0.50 0.50 0.50 0.19 0.01 0.10 2.47 13.46 -1 24
Result 0 10.0 470 0.45 0.26 0.20 0.19 0.19 0.17 -1 -1 -1 -1 -1
Evo 1.00 0.00 0.50 0.42 0.50 0.50 0.50 0.19 0.01 0.18 2.54 12.33 -1 22
Result 0 8.0 386 0.45 0.23 0.18 0.18 0.21 0.20 -1 -1 -1 -1 -1
Evo 1.01 0.00 0.50 0.44 0.50 0.50 0.50 0.16 0.01 0.10 1.17 7.83 -1 21
Result 0 7.0 183 0.47 0.23 0.25 0.21 0.15 0.16 -1 -1 -1 -1 -1
Evo 1.00 0.00 0.50 0.44 0.50 0.50 0.50 0.17 0.01 0.15 2.12 10.27 -1 67
Result 0 7.0 365 0.47 0.24 0.16 0.20 0.17 0.23 -1 -1 -1 -1 -1
Evo 1.00 0.00 0.50 0.46 0.50 0.50 0.50 0.14 0.01 0.02 2.82 16.59 -1 86
Result 0 14.0 471 0.47 0.26 0.18 0.21 0.18 0.18 -1 -1 -1 -1 -1
Evo 1.00 0.00 0.50 0.46 0.50 0.50 0.50 0.14 0.01 0.03 1.36 8.48 -1 13
Result 0 4.0 266 0.45 0.27 0.21 0.18 0.17 0.16 -1 -1 -1 -1 -1
Evo 1.03 0.00 0.50 0.31 0.00 0.50 0.50 0.25 0.04 0.29 0.25 2.11 -1 23
Result 0 -3.0 36 0.53 0.24 0.27 0.32 0.08 0.08 -1 -1 -1 -1 -1
Evo 1.01 0.00 0.50 0.39 0.50 0.50 0.50 0.21 0.02 0.23 0.55 4.23 -1 57
Result 0 4.0 74 0.49 0.20 0.05 0.23 0.35 0.17 -1 -1 -1 -1 -1
Evo 1.00 0.00 0.50 0.41 0.50 0.50 0.50 0.19 0.01 0.02 2.14 10.00 -1 43
Result 0 4.0 391 0.43 0.21 0.19 0.17 0.23 0.20 -1 -1 -1 -1 -1
Evo 1.01 0.00 0.50 0.40 0.50 0.50 0.50 0.20 0.02 0.09 0.48 4.07 -1 49
Result 0 5.0 71 0.43 0.33 0.10 0.17 0.31 0.10 -1 -1 -1 -1 -1
Evo 1.00 0.00 0.50 0.39 0.50 0.50 0.50 0.21 0.01 0.03 1.77 9.96 -1 16
Result 0 10.0 263 0.47 0.25 0.16 0.20 0.21 0.17 -1 -1 -1 -1 -1
Evo 1.01 0.00 0.50 0.41 0.50 0.50 0.50 0.19 0.02 0.09 0.56 4.50 -1 52
Result 0 5.0 70 0.48 0.35 0.06 0.23 0.27 0.10 -1 -1 -1 -1 -1
Evo 1.00 0.00 0.50 0.47 0.50 0.50 0.50 0.12 0.01 0.25 2.38 11.56 -1 44
Result 0 7.0 404 0.46 0.23 0.18 0.19 0.19 0.21 -1 -1 -1 -1 -1
Evo 1.00 0.00 1.00 0.48 0.50 0.50 0.50 0.13 0.01 0.09 2.76 17.17 428 36
Result 1 29.0 433 0.47 0.20 0.21 0.21 0.17 0.21 -1 -1 -1 -1 -1
Evo 1.00 0.00 0.50 0.46 0.50 0.50 0.50 0.13 0.01 0.02 2.15 8.84 -1 50
Result 0 4.0 405 0.43 0.21 0.18 0.17 0.22 0.22 -1 -1 -1 -1 -1
Evo 1.00 0.00 0.50 0.46 0.50 0.50 0.50 0.14 0.00 0.08 4.16 11.77 -1 44
Result 0 7.0 1000 0.47 0.20 0.19 0.20 0.21 0.20 -1 -1 -1 -1 -1
Evo 1.00 0.00 0.50 0.48 0.50 0.50 0.50 0.11 0.01 0.25 1.65 9.65 -1 101
Result 0 7.0 259 0.46 0.23 0.23 0.20 0.15 0.20 -1 -1 -1 -1 -1
Evo 1.00 0.00 0.50 0.45 0.50 0.50 0.50 0.15 0.01 0.14 2.96 11.29 -1 20
Result 0 7.0 665 0.46 0.24 0.19 0.20 0.17 0.21 -1 -1 -1 -1 -1
Evo 1.00 0.00 0.50 0.42 0.50 0.50 0.50 0.18 0.01 0.16 1.75 9.77 -1 47
Result 0 14.0 244 0.46 0.27 0.16 0.19 0.20 0.17 -1 -1 -1 -1 -1
Evo 1.00 0.00 0.50 0.41 0.50 0.50 0.50 0.19 0.01 0.09 4.34 17.68 -1 17
Result 0 17.0 693 0.43 0.26 0.19 0.17 0.19 0.19 -1 -1 -1 -1 -1
Evo 1.00 0.00 0.50 0.41 0.50 0.50 0.50 0.19 0.01 0.19 1.69 8.76 -1 39
Result 0 7.0 241 0.41 0.29 0.19 0.15 0.19 0.17 -1 -1 -1 -1 -1
Evo 1.00 0.00 0.50 0.48 0.50 0.50 0.50 0.09 0.00 0.15 2.32 12.65 -1 20
Result 0 18.0 391 0.46 0.23 0.18 0.19 0.21 0.18 -1 -1 -1 -1 -1
Evo 1.00 0.00 0.50 0.45 0.50 0.50 0.50 0.15 0.01 0.09 2.62 14.77 -1 21
Result 0 14.0 466 0.46 0.24 0.20 0.19 0.20 0.16 -1 -1 -1 -1 -1
Evo 1.00 0.00 0.50 0.44 0.50 0.50 0.50 0.16 0.01 0.09 2.45 13.28 -1 36
Result 0 9.0 405 0.43 0.27 0.17 0.16 0.20 0.20 -1 -1 -1 -1 -1
Evo 1.00 0.00 0.50 0.45 0.50 0.50 0.50 0.15 0.01 0.02 2.36 14.00 -1 148
Result 0 19.0 393 0.48 0.27 0.15 0.22 0.18 0.18 -1 -1 -1 -1 -1
Evo 1.00 0.00 0.50 0.42 0.50 0.50 0.50 0.18 0.01 0.12 2.22 13.80 -1 30
Result 0 11.0 385 0.46 0.24 0.16 0.19 0.18 0.23 -1 -1 -1 -1 -1
Evo 1.00 0.00 0.50 0.47 0.50 0.50 0.50 0.13 0.01 0.11 2.77 17.52 -1 36
Result 0 20.0 445 0.47 0.25 0.21 0.21 0.16 0.18 -1 -1 -1 -1 -1
Evo 1.01 0.00 0.50 0.45 0.50 0.50 0.50 0.15 0.01 0.29 1.35 8.98 -1 128
Result 0 11.0 186 0.46 0.30 0.22 0.19 0.13 0.16 -1 -1 -1 -1 -1
Evo 1.01 0.00 0.50 0.42 0.50 0.50 0.50 0.19 0.01 0.35 1.27 7.95 -1 17
Result 0 10.0 174 0.44 0.27 0.22 0.18 0.21 0.11 -1 -1 -1 -1 -1
Evo 1.01 0.00 0.50 0.42 0.50 0.50 0.50 0.19 0.01 0.23 1.37 9.08 -1 139
Result 0 11.0 184 0.45 0.32 0.21 0.18 0.17 0.11 -1 -1 -1 -1 -1
Evo 1.02 0.00 0.50 0.34 0.00 0.50 0.50 0.23 0.03 0.40 0.45 3.96 -1 32
Result 0 2.0 63 0.42 0.30 0.16 0.16 0.27 0.13 -1 -1 -1 -1 -1
Evo 1.00 0.00 0.50 0.46 0.50 0.50 0.50 0.14 0.01 0.19 1.78 12.36 -1 104
Result 0 19.0 264 0.43 0.26 0.18 0.17 0.23 0.16 -1 -1 -1 -1 -1
Evo 1.00 0.00 1.00 0.47 0.50 0.50 0.50 0.13 0.01 0.12 2.80 18.20 376 85
Result 1 34.0 385 0.42 0.27 0.19 0.16 0.20 0.18 -1 -1 -1 -1 -1
Evo 1.00 0.00 0.50 0.45 0.50 0.50 0.50 0.15 0.01 0.15 2.79 13.62 -1 43
Result 0 13.0 460 0.44 0.26 0.19 0.17 0.18 0.18 -1 -1 -1 -1 -1
Evo 1.00 0.00 0.50 0.43 0.50 0.50 0.50 0.17 0.01 0.02 4.45 22.42 -1 126
Result 0 21.0 724 0.44 0.24 0.19 0.17 0.21 0.19 -1 -1 -1 -1 -1
Evo 1.00 0.00 0.50 0.47 0.50 0.50 0.50 0.13 0.01 0.15 1.95 7.26 -1 112
Result 0 1.0 382 0.38 0.22 0.23 0.13 0.22 0.20 -1 -1 -1 -1 -1
Evo 1.00 0.00 0.50 0.47 0.50 0.50 0.50 0.13 0.00 0.08 2.68 12.65 -1 37
Result 0 15.0 665 0.44 0.22 0.21 0.18 0.18 0.21 -1 -1 -1 -1 -1
Evo 1.00 0.00 0.50 0.43 0.50 0.50 0.50 0.17 0.01 0.03 2.33 10.44 -1 74
Result 0 34.0 445 0.42 0.25 0.20 0.16 0.22 0.18 -1 -1 -1 -1 -1
Evo 1.00 0.00 1.00 0.48 0.50 0.50 0.50 0.14 0.01 0.03 2.32 18.05 309 40
Result 1 70.0 315 0.46 0.31 0.13 0.19 0.20 0.17 -1 -1 -1 -1 -1
Evo 1.00 0.00 0.50 0.43 0.50 0.50 0.50 0.18 0.01 0.02 3.16 14.31 -1 35
Result 0 32.0 513 0.48 0.25 0.18 0.22 0.17 0.17 -1 -1 -1 -1 -1
Evo 1.00 0.00 0.50 0.41 0.50 0.50 0.50 0.20 0.01 0.04 1.45 10.34 -1 54
Result 0 32.0 210 0.48 0.27 0.20 0.21 0.20 0.11 -1 -1 -1 -1 -1
Evo 1.01 0.00 0.50 0.37 0.00 0.50 0.50 0.22 0.02 0.12 0.90 6.51 -1 83
Result 0 19.0 131 0.43 0.30 0.12 0.17 0.23 0.18 -1 -1 -1 -1 -1
Evo 1.00 0.00 1.00 0.47 0.50 0.50 0.50 0.15 0.01 0.13 2.35 18.54 306 81
Result 1 70.0 313 0.41 0.29 0.19 0.15 0.17 0.19 -1 -1 -1 -1 -1
Evo 1.00 0.00 1.00 0.50 0.50 0.50 0.50 0.09 0.00 0.20 3.15 20.70 446 43
Result 1 70.0 460 0.45 0.33 0.16 0.18 0.18 0.15 -1 -1 -1 -1 -1
Evo 1.00 0.00 0.50 0.45 0.50 0.50 0.50 0.15 0.01 0.02 2.40 14.95 -1 53
Result 0 46.0 374 0.44 0.22 0.17 0.17 0.26 0.18 -1 -1 -1 -1 -1
Evo 1.00 0.00 0.50 0.45 0.50 0.50 0.50 0.15 0.01 0.03 2.70 11.88 -1 67
Result 0 28.0 598 0.45 0.23 0.20 0.18 0.22 0.17 -1 -1 -1 -1 -1
Evo 1.00 0.00 0.50 0.46 0.50 0.50 0.50 0.14 0.01 0.02 2.50 14.53 -1 46
Result 0 40.0 406 0.45 0.29 0.19 0.19 0.18 0.15 -1 -1 -1 -1 -1
Evo 1.00 0.00 0.50 0.45 0.50 0.50 0.50 0.15 0.00 0.01 6.17 24.14 -1 146
Result 0 58.0 1283 0.46 0.20 0.19 0.19 0.21 0.20 -1 -1 -1 -1 -1
Evo 1.00 0.00 0.50 0.47 0.50 0.50 0.50 0.12 0.00 0.06 2.66 12.92 -1 86
Result 0 36.0 614 0.46 0.25 0.20 0.20 0.17 0.18 -1 -1 -1 -1 -1
Evo 1.00 0.00 0.50 0.44 0.50 0.50 0.50 0.16 0.01 0.05 2.40 17.45 -1 72
Result 0 55.0 298 0.44 0.28 0.14 0.18 0.21 0.19 -1 -1 -1 -1 -1
Evo 1.00 0.00 0.50 0.46 0.50 0.50 0.50 0.13 0.01 0.03 1.93 13.42 -1 108
Result 0 40.0 292 0.45 0.24 0.16 0.18 0.16 0.26 -1 -1 -1 -1 -1
Evo 1.01 0.00 0.50 0.43 0.50 0.50 0.50 0.18 0.01 0.21 1.09 7.30 -1 36
Result 0 24.0 146 0.47 0.20 0.11 0.20 0.25 0.24 -1 -1 -1 -1 -1
Evo 1.00 0.00 0.50 0.45 0.50 0.50 0.50 0.15 0.01 0.06 1.54 8.88 -1 53
Result 0 26.0 343 0.43 0.24 0.24 0.17 0.19 0.16 -1 -1 -1 -1 -1
Evo 1.00 0.00 0.50 0.45 0.50 0.50 0.50 0.15 0.01 0.01 3.55 13.57 -1 42
Result 0 28.0 718 0.46 0.22 0.22 0.19 0.18 0.18 -1 -1 -1 -1 -1
Evo 1.00 0.00 0.50 0.44 0.50 0.50 0.50 0.16 0.01 0.02 1.98 9.22 -1 76
Result 0 28.0 339 0.44 0.28 0.16 0.18 0.19 0.19 -1 -1 -1 -1 -1
Evo 1.00 0.00 0.50 0.46 0.50 0.50 0.50 0.13 0.01 0.04 1.31 6.69 -1 118
Result 0 22.0 219 0.46 0.23 0.23 0.20 0.16 0.18 -1 -1 -1 -1 -1
Evo 1.01 0.00 0.50 0.37 0.00 0.50 0.50 0.22 0.02 0.08 0.55 4.28 -1 38
Result 0 11.0 81 0.30 0.39 0.18 0.09 0.20 0.15 -1 -1 -1 -1 -1
Evo 1.01 0.00 0.50 0.45 0.50 0.50 0.50 0.16 0.01 0.08 0.84 5.63 -1 112
Result 0 10.0 157 0.42 0.23 0.25 0.16 0.16 0.20 -1 -1 -1 -1 -1
Evo 1.00 0.00 0.50 0.44 0.50 0.50 0.50 0.16 0.01 0.06 1.40 7.98 -1 121
Result 0 18.0 231 0.49 0.22 0.15 0.23 0.25 0.16 -1 -1 -1 -1 -1
Evo 1.00 0.00 0.50 0.45 0.50 0.50 0.50 0.15 0.01 0.06 1.47 9.03 -1 92
Result 0 18.0 233 0.49 0.29 0.15 0.23 0.18 0.16 -1 -1 -1 -1 -1
Evo 1.00 0.00 0.50 0.44 0.50 0.50 0.50 0.16 0.01 0.32 2.38 9.36 -1 111
Result 0 16.0 432 0.44 0.26 0.20 0.17 0.18 0.18 -1 -1 -1 -1 -1
Evo 1.00 0.00 0.50 0.44 0.50 0.50 0.50 0.16 0.01 0.03 1.60 8.95 -1 63
Result 0 18.0 270 0.42 0.26 0.23 0.15 0.18 0.18 -1 -1 -1 -1 -1
Evo 1.00 0.00 0.50 0.45 0.50 0.50 0.50 0.15 0.01 0.02 2.54 14.15 -1 55
Result 0 28.0 449 0.46 0.28 0.17 0.19 0.21 0.16 -1 -1 -1 -1 -1
Evo 1.00 0.00 0.50 0.46 0.50 0.50 0.50 0.14 0.01 0.04 2.90 12.38 -1 186
Result 0 24.0 540 0.43 0.26 0.21 0.17 0.17 0.20 -1 -1 -1 -1 -1
Evo 1.00 0.00 0.50 0.42 0.50 0.50 0.50 0.19 0.01 0.06 1.14 6.18 -1 48
Result 0 10.0 225 0.43 0.21 0.19 0.17 0.21 0.23 -1 -1 -1 -1 -1
Evo 1.00 0.00 0.50 0.47 0.50 0.50 0.50 0.12 0.00 0.02 3.26 15.48 -1 86
Result 0 30.0 600 0.46 0.21 0.22 0.19 0.20 0.17 -1 -1 -1 -1 -1
Evo 1.00 0.00 0.50 0.43 0.50 0.50 0.50 0.17 0.01 0.02 4.95 17.31 -1 74
Result 0 30.0 954 0.45 0.24 0.19 0.19 0.20 0.19 -1 -1 -1 -1 -1
Evo 1.00 0.00 0.50 0.45 0.50 0.50 0.50 0.15 0.01 0.01 2.73 9.26 -1 39
Result 0 18.0 766 0.45 0.21 0.21 0.18 0.18 0.21 -1 -1 -1 -1 -1
Evo 1.00 0.00 0.50 0.46 0.50 0.50 0.50 0.13 0.01 0.02 2.21 10.62 -1 50
Result 0 18.0 404 0.47 0.18 0.16 0.21 0.21 0.23 -1 -1 -1 -1 -1
Evo 1.00 0.00 0.50 0.45 0.50 0.50 0.50 0.15 0.01 0.02 2.15 10.62 -1 84
Result 0 18.0 381 0.44 0.25 0.19 0.17 0.20 0.19 -1 -1 -1 -1 -1
Evo 1.00 0.00 0.50 0.45 0.50 0.50 0.50 0.15 0.01 0.09 2.77 11.65 -1 65
Result 0 20.0 518 0.46 0.26 0.19 0.20 0.16 0.19 -1 -1 -1 -1 -1
Evo 1.00 0.00 0.50 0.45 0.50 0.50 0.50 0.15 0.01 0.02 2.57 12.75 -1 92
Result 0 26.0 417 0.45 0.27 0.18 0.18 0.20 0.16 -1 -1 -1 -1 -1
Evo 1.00 0.00 0.50 0.43 0.50 0.50 0.50 0.17 0.01 0.04 1.58 8.36 -1 55
Result 0 16.0 345 0.46 0.23 0.17 0.19 0.21 0.20 -1 -1 -1 -1 -1
Evo 1.00 0.00 0.50 0.45 0.50 0.50 0.50 0.15 0.00 0.01 5.28 20.73 -1 68
Result 0 38.0 1199 0.45 0.25 0.19 0.18 0.20 0.18 -1 -1 -1 -1 -1
Evo 1.00 0.00 0.50 0.46 0.50 0.50 0.50 0.14 0.01 0.04 1.55 7.85 -1 42
Result 0 16.0 367 0.43 0.26 0.17 0.17 0.21 0.18 -1 -1 -1 -1 -1
Evo 1.00 0.00 0.50 0.44 0.50 0.50 0.50 0.16 0.01 0.05 1.67 8.30 -1 52
Result 0 16.0 320 0.45 0.22 0.21 0.19 0.18 0.19 -1 -1 -1 -1 -1
Evo 1.01 0.00 0.50 0.42 0.50 0.50 0.50 0.18 0.01 0.07 1.26 8.19 -1 55
Result 0 14.0 184 0.43 0.25 0.23 0.16 0.14 0.22 -1 -1 -1 -1 -1
