Evo 1.00 0.00 0.00 0.00 0.00 0.00 0.00 0.00 0.00 0.00 0.35 0.64 -1 1487
Result 0 0.0 1500 0.42 0.16 0.17 0.17 0.16 0.17 0.18 -1 -1 -1 -1
Evo 1.00 0.00 1.00 0.99 1.00 1.00 1.00 0.10 0.00 0.06 0.21 0.54 -1 1487
Result 0 0.0 1500 0.43 0.16 0.17 0.18 0.15 0.17 0.17 -1 -1 -1 -1
Evo 1.00 0.00 1.00 0.99 1.00 1.00 1.00 0.10 0.00 0.06 0.27 0.51 -1 1487
Result 0 0.0 1500 0.44 0.17 0.17 0.17 0.17 0.16 0.17 -1 -1 -1 -1
Evo 1.00 0.00 1.00 0.99 1.00 1.00 1.00 0.10 0.00 0.06 0.26 0.75 -1 1487
Result 0 0.0 1500 0.42 0.16 0.16 0.18 0.15 0.18 0.17 -1 -1 -1 -1
Evo 1.00 0.00 1.00 0.99 1.00 1.00 1.00 0.10 0.00 0.06 0.13 0.25 -1 1487
Result 0 0.0 1500 0.43 0.14 0.17 0.18 0.16 0.17 0.18 -1 -1 -1 -1
Evo 1.00 0.00 1.00 0.99 1.00 1.00 1.00 0.10 0.00 0.06 0.28 0.65 -1 1487
Result 0 16.0 1500 0.41 0.18 0.15 0.16 0.15 0.19 0.17 -1 -1 -1 -1
Evo 1.00 0.00 1.00 0.99 1.00 1.00 1.00 0.10 0.00 0.06 0.33 0.69 -1 1487
Result 0 0.0 1500 0.43 0.16 0.17 0.16 0.18 0.16 0.17 -1 -1 -1 -1
Evo 1.00 0.00 1.00 0.99 1.00 1.00 1.00 0.10 0.00 0.06 0.46 1.78 -1 1487
Result 0 0.0 1500 0.44 0.17 0.19 0.14 0.17 0.17 0.17 -1 -1 -1 -1
Evo 1.00 0.00 1.00 0.99 1.00 1.00 1.00 0.10 0.00 0.06 0.29 0.59 -1 1487
Result 0 0.0 1500 0.42 0.16 0.18 0.16 0.16 0.17 0.17 -1 -1 -1 -1
Evo 1.00 0.00 1.00 0.99 1.00 1.00 1.00 0.10 0.00 0.06 0.36 1.22 -1 1487
Result 0 0.0 1500 0.43 0.17 0.18 0.15 0.17 0.17 0.17 -1 -1 -1 -1
Evo 1.00 0.00 1.00 0.99 1.00 1.00 1.00 0.10 0.00 0.06 0.29 0.62 -1 1487
Result 0 0.0 1500 0.41 0.18 0.15 0.17 0.15 0.16 0.18 -1 -1 -1 -1
Evo 1.00 0.00 1.00 0.99 1.00 1.00 1.00 0.10 0.00 0.06 0.20 0.40 -1 1487
Result 0 0.0 1500 0.41 0.15 0.17 0.19 0.17 0.16 0.17 -1 -1 -1 -1
Evo 1.00 0.00 1.00 0.99 1.00 1.00 1.00 0.10 0.00 0.06 0.25 0.50 -1 1487
Result 0 0.0 1500 0.43 0.16 0.17 0.18 0.18 0.16 0.15 -1 -1 -1 -1
Evo 1.00 0.00 1.00 0.99 1.00 1.00 1.00 0.10 0.00 0.06 0.17 0.36 -1 1487
Result 0 0.0 1500 0.44 0.16 0.18 0.17 0.16 0.17 0.17 -1 -1 -1 -1
Evo 1.00 0.00 1.00 0.99 1.00 1.00 1.00 0.10 0.00 0.06 0.22 0.46 -1 1487
Result 0 0.0 1500 0.42 0.15 0.16 0.16 0.18 0.18 0.17 -1 -1 -1 -1
Evo 1.00 0.00 1.00 0.99 1.00 1.00 1.00 0.10 0.00 0.06 0.27 0.62 -1 1487
Result 0 0.0 1500 0.44 0.17 0.17 0.16 0.16 0.18 0.17 -1 -1 -1 -1
Evo 1.00 0.00 1.00 0.99 1.00 1.00 1.00 0.10 0.00 0.06 0.29 0.65 -1 1487
Result 0 0.0 1500 0.43 0.18 0.16 0.17 0.15 0.18 0.16 -1 -1 -1 -1
Evo 1.00 0.00 1.00 0.99 1.00 1.00 1.00 0.10 0.00 0.06 0.22 0.45 -1 1487
Result 0 0.0 1500 0.42 0.17 0.16 0.17 0.17 0.17 0.17 -1 -1 -1 -1
Evo 1.00 0.00 1.00 0.99 1.00 1.00 1.00 0.10 0.00 0.06 0.32 0.65 -1 1487
Result 0 0.0 1500 0.41 0.18 0.15 0.17 0.17 0.17 0.15 -1 -1 -1 -1
Evo 1.00 0.00 1.00 0.99 1.00 1.00 1.00 0.10 0.00 0.06 0.21 0.38 -1 1487
Result 0 0.0 1500 0.42 0.16 0.17 0.16 0.17 0.17 0.18 -1 -1 -1 -1
Evo 1.00 0.00 1.00 0.99 1.00 1.00 1.00 0.10 0.00 0.06 0.30 0.66 -1 1487
Result 0 0.0 1500 0.45 0.16 0.18 0.16 0.16 0.17 0.17 -1 -1 -1 -1
Evo 1.00 0.00 1.00 0.99 1.00 1.00 1.00 0.10 0.00 0.06 0.30 0.59 -1 1487
Result 0 0.0 1500 0.46 0.16 0.19 0.16 0.17 0.17 0.16 -1 -1 -1 -1
Evo 1.00 0.00 1.00 0.99 1.00 1.00 1.00 0.10 0.00 0.06 0.27 0.44 -1 1487
Result 0 0.0 1500 0.43 0.16 0.17 0.16 0.17 0.16 0.18 -1 -1 -1 -1
Evo 1.00 0.00 1.00 0.99 1.00 1.00 1.00 0.10 0.00 0.06 0.34 0.66 -1 1487
Result 0 0.0 1500 0.42 0.16 0.16 0.17 0.18 0.17 0.17 -1 -1 -1 -1
Evo 1.00 0.00 1.00 0.99 1.00 1.00 1.00 0.10 0.00 0.06 0.27 0.52 -1 1487
Result 0 0.0 1500 0.44 0.17 0.16 0.16 0.17 0.17 0.17 -1 -1 -1 -1
Evo 1.00 0.00 1.00 0.99 1.00 1.00 1.00 0.10 0.00 0.06 0.28 0.61 -1 1487
Result 0 0.0 1500 0.43 0.17 0.16 0.18 0.16 0.17 0.17 -1 -1 -1 -1
Evo 1.00 0.00 1.00 0.99 1.00 1.00 1.00 0.10 0.00 0.06 0.25 0.57 -1 1487
Result 0 0.0 1500 0.44 0.17 0.18 0.16 0.16 0.17 0.16 -1 -1 -1 -1
Evo 1.00 0.00 1.00 0.99 1.00 1.00 1.00 0.10 0.00 0.06 0.23 0.44 -1 1487
Result 0 0.0 1500 0.43 0.17 0.17 0.16 0.16 0.18 0.17 -1 -1 -1 -1
Evo 1.00 0.00 1.00 0.99 1.00 1.00 1.00 0.10 0.00 0.06 0.33 0.61 -1 1487
Result 0 0.0 1500 0.43 0.16 0.17 0.16 0.16 0.18 0.17 -1 -1 -1 -1
Evo 1.00 0.00 1.00 0.99 1.00 1.00 1.00 0.10 0.00 0.06 0.33 0.69 -1 1487
Result 0 0.0 1500 0.44 0.17 0.16 0.16 0.18 0.15 0.17 -1 -1 -1 -1
Evo 1.00 0.00 1.00 0.99 1.00 1.00 1.00 0.10 0.00 0.06 0.23 0.51 -1 1487
Result 0 0.0 1500 0.43 0.18 0.16 0.18 0.16 0.15 0.16 -1 -1 -1 -1
Evo 1.00 0.00 1.00 0.99 1.00 1.00 1.00 0.10 0.00 0.06 0.27 0.53 -1 1487
Result 0 0.0 1500 0.44 0.16 0.17 0.17 0.17 0.17 0.17 -1 -1 -1 -1
Evo 1.00 0.00 1.00 0.99 1.00 1.00 1.00 0.10 0.00 0.06 0.31 0.62 -1 1487
Result 0 0.0 1500 0.43 0.17 0.18 0.17 0.16 0.17 0.15 -1 -1 -1 -1
Evo 1.00 0.00 1.00 0.99 1.00 1.00 1.00 0.10 0.00 0.06 0.32 0.66 -1 1487
Result 0 0.0 1500 0.42 0.15 0.16 0.17 0.16 0.18 0.18 -1 -1 -1 -1
Evo 1.00 0.00 1.00 0.99 1.00 1.00 1.00 0.10 0.00 0.06 0.27 0.59 -1 1487
Result 0 0.0 1500 0.42 0.17 0.16 0.17 0.17 0.18 0.16 -1 -1 -1 -1
Evo 1.00 0.00 1.00 0.99 1.00 1.00 1.00 0.10 0.00 0.06 0.25 0.54 -1 1487
Result 0 0.0 1500 0.44 0.18 0.16 0.16 0.18 0.16 0.16 -1 -1 -1 -1
Evo 1.00 0.00 1.00 0.99 1.00 1.00 1.00 0.10 0.00 0.06 0.28 0.60 -1 1487
Result 0 0.0 1500 0.43 0.17 0.17 0.17 0.18 0.16 0.15 -1 -1 -1 -1
Evo 1.00 0.00 1.00 0.99 1.00 1.00 1.00 0.10 0.00 0.06 0.30 0.51 -1 1487
Result 0 0.0 1500 0.43 0.16 0.18 0.15 0.16 0.17 0.18 -1 -1 -1 -1
Evo 1.00 0.00 1.00 0.99 1.00 1.00 1.00 0.10 0.00 0.06 0.25 0.45 -1 1487
Result 0 0.0 1500 0.44 0.15 0.17 0.17 0.16 0.16 0.19 -1 -1 -1 -1
Evo 1.00 0.00 1.00 0.99 1.00 1.00 1.00 0.10 0.00 0.06 0.39 1.22 -1 1487
Result 0 0.0 1500 0.44 0.17 0.18 0.16 0.17 0.15 0.17 -1 -1 -1 -1
Evo 1.00 0.00 1.00 0.99 1.00 1.00 1.00 0.10 0.00 0.06 0.25 0.60 -1 1487
Result 0 0.0 1500 0.43 0.17 0.17 0.17 0.14 0.17 0.18 -1 -1 -1 -1
Evo 1.00 0.00 1.00 0.99 1.00 1.00 1.00 0.10 0.00 0.06 0.23 0.45 -1 1487
Result 0 0.0 1500 0.43 0.17 0.16 0.16 0.17 0.18 0.17 -1 -1 -1 -1
Evo 1.00 0.00 1.00 0.99 1.00 1.00 1.00 0.10 0.00 0.06 0.25 0.51 -1 1487
Result 0 0.0 1500 0.43 0.16 0.16 0.18 0.17 0.16 0.17 -1 -1 -1 -1
Evo 1.00 0.00 1.00 0.99 1.00 1.00 1.00 0.10 0.00 0.06 0.27 0.60 -1 1487
Result 0 0.0 1500 0.43 0.18 0.17 0.17 0.16 0.16 0.17 -1 -1 -1 -1
Evo 1.00 0.00 1.00 0.99 1.00 1.00 1.00 0.10 0.00 0.06 0.28 0.52 -1 1487
Result 0 0.0 1500 0.42 0.18 0.16 0.17 0.16 0.18 0.15 -1 -1 -1 -1
Evo 1.00 0.00 1.00 0.99 1.00 1.00 1.00 0.10 0.00 0.06 0.27 0.58 -1 1487
Result 0 0.0 1500 0.44 0.17 0.17 0.16 0.17 0.17 0.16 -1 -1 -1 -1
Evo 1.00 0.00 1.00 0.99 1.00 1.00 1.00 0.10 0.00 0.06 0.24 0.44 -1 1487
Result 0 0.0 1500 0.45 0.19 0.16 0.16 0.16 0.17 0.18 -1 -1 -1 -1
Evo 1.00 0.00 1.00 0.99 1.00 1.00 1.00 0.10 0.00 0.06 0.29 0.62 -1 1487
Result 0 0.0 1500 0.42 0.16 0.16 0.17 0.17 0.17 0.17 -1 -1 -1 -1
Evo 1.00 0.00 1.00 0.99 1.00 1.00 1.00 0.10 0.00 0.06 0.23 0.49 -1 1487
Result 0 0.0 1500 0.43 0.17 0.17 0.16 0.15 0.18 0.17 -1 -1 -1 -1
Evo 1.00 0.00 1.00 0.99 1.00 1.00 1.00 0.10 0.00 0.06 0.27 0.61 -1 1487
Result 0 0.0 1500 0.45 0.18 0.16 0.17 0.16 0.16 0.17 -1 -1 -1 -1
Evo 1.00 0.00 1.00 0.99 1.00 1.00 1.00 0.10 0.00 0.06 0.34 0.65 -1 1487
Result 0 0.0 1500 0.42 0.15 0.16 0.17 0.18 0.17 0.16 -1 -1 -1 -1
Evo 1.00 0.00 1.00 0.99 1.00 1.00 1.00 0.10 0.00 0.06 0.28 0.58 -1 1487
Result 0 0.0 1500 0.43 0.17 0.17 0.16 0.16 0.18 0.16 -1 -1 -1 -1
Evo 1.00 0.00 1.00 0.99 1.00 1.00 1.00 0.10 0.00 0.06 0.25 0.41 -1 1487
Result 0 0.0 1500 0.41 0.15 0.17 0.17 0.16 0.19 0.16 -1 -1 -1 -1
Evo 1.00 0.00 1.00 0.99 1.00 1.00 1.00 0.10 0.00 0.06 0.26 0.53 -1 1487
Result 0 0.0 1500 0.43 0.17 0.17 0.17 0.17 0.17 0.16 -1 -1 -1 -1
Evo 1.00 0.00 1.00 0.99 1.00 1.00 1.00 0.10 0.00 0.06 0.26 0.51 -1 1487
Result 0 0.0 1500 0.42 0.16 0.17 0.17 0.16 0.17 0.17 -1 -1 -1 -1
Evo 1.00 0.00 1.00 0.99 1.00 1.00 1.00 0.10 0.00 0.06 0.26 0.53 -1 1487
Result 0 0.0 1500 0.43 0.16 0.16 0.17 0.16 0.17 0.17 -1 -1 -1 -1
Evo 1.00 0.00 1.00 0.99 1.00 1.00 1.00 0.10 0.00 0.06 0.24 0.50 -1 1487
Result 0 0.0 1500 0.44 0.18 0.17 0.17 0.17 0.16 0.16 -1 -1 -1 -1
Evo 1.00 0.00 1.00 0.99 1.00 1.00 1.00 0.10 0.00 0.06 0.33 0.78 -1 1487
Result 0 0.0 1500 0.44 0.18 0.17 0.16 0.16 0.15 0.18 -1 -1 -1 -1
Evo 1.00 0.00 1.00 0.99 1.00 1.00 1.00 0.10 0.00 0.06 0.21 0.49 -1 1487
Result 0 0.0 1500 0.42 0.18 0.16 0.15 0.18 0.16 0.17 -1 -1 -1 -1
Evo 1.00 0.00 1.00 0.99 1.00 1.00 1.00 0.10 0.00 0.06 0.26 0.59 -1 1487
Result 0 0.0 1500 0.42 0.16 0.17 0.17 0.16 0.19 0.16 -1 -1 -1 -1
Evo 1.00 0.00 1.00 0.99 1.00 1.00 1.00 0.10 0.00 0.06 0.23 0.47 -1 1487
Result 0 0.0 1500 0.42 0.16 0.16 0.15 0.17 0.17 0.19 -1 -1 -1 -1
Evo 1.00 0.00 1.00 0.99 1.00 1.00 1.00 0.10 0.00 0.06 0.22 0.42 -1 1487
Result 0 0.0 1500 0.40 0.16 0.14 0.18 0.18 0.16 0.18 -1 -1 -1 -1
Evo 1.00 0.00 1.00 0.99 1.00 1.00 1.00 0.10 0.00 0.06 0.27 0.54 -1 1487
Result 0 0.0 1500 0.44 0.17 0.17 0.14 0.18 0.16 0.17 -1 -1 -1 -1
Evo 1.00 0.00 1.00 0.99 1.00 1.00 1.00 0.10 0.00 0.06 0.25 0.55 -1 1487
Result 0 0.0 1500 0.42 0.15 0.16 0.19 0.16 0.19 0.15 -1 -1 -1 -1
Evo 1.00 0.00 1.00 0.99 1.00 1.00 1.00 0.10 0.00 0.06 0.27 0.53 -1 1487
Result 0 0.0 1500 0.44 0.16 0.17 0.17 0.15 0.18 0.17 -1 -1 -1 -1
Evo 1.00 0.00 1.00 0.99 1.00 1.00 1.00 0.10 0.00 0.06 0.29 0.65 -1 1487
Result 0 0.0 1500 0.44 0.18 0.17 0.16 0.17 0.16 0.16 -1 -1 -1 -1
Evo 1.00 0.00 1.00 0.99 1.00 1.00 1.00 0.10 0.00 0.06 0.28 0.64 -1 1487
Result 0 0.0 1500 0.44 0.17 0.16 0.17 0.17 0.15 0.17 -1 -1 -1 -1
Evo 1.00 0.00 1.00 0.99 1.00 1.00 1.00 0.10 0.00 0.06 0.26 0.52 -1 1487
Result 0 0.0 1500 0.42 0.18 0.16 0.16 0.17 0.17 0.16 -1 -1 -1 -1
Evo 1.00 0.00 1.00 0.99 1.00 1.00 1.00 0.10 0.00 0.08 0.31 0.69 -1 1487
Result 0 3.0 1500 0.40 0.14 0.17 0.16 0.18 0.17 0.19 -1 -1 -1 -1
Evo 1.00 0.00 1.00 0.99 1.00 1.00 1.00 0.10 0.00 0.06 0.29 0.59 -1 1487
Result 0 0.0 1500 0.43 0.15 0.16 0.18 0.17 0.17 0.17 -1 -1 -1 -1
Evo 1.00 0.00 1.00 0.99 1.00 1.00 1.00 0.10 0.00 0.06 0.32 0.62 -1 1487
Result 0 0.0 1500 0.43 0.16 0.17 0.17 0.16 0.18 0.16 -1 -1 -1 -1
Evo 1.00 0.00 1.00 0.99 1.00 1.00 1.00 0.10 0.00 0.06 0.30 0.62 -1 1487
Result 0 0.0 1500 0.44 0.15 0.17 0.17 0.16 0.17 0.18 -1 -1 -1 -1
Evo 1.00 0.00 1.00 0.99 1.00 1.00 1.00 0.10 0.00 0.06 0.28 0.57 -1 1487
Result 0 0.0 1500 0.42 0.16 0.17 0.16 0.18 0.16 0.17 -1 -1 -1 -1
Evo 1.00 0.00 1.00 0.99 1.00 1.00 1.00 0.10 0.00 0.06 0.27 0.57 -1 1487
Result 0 0.0 1500 0.43 0.15 0.16 0.16 0.17 0.18 0.18 -1 -1 -1 -1
Evo 1.00 0.00 1.00 0.99 1.00 1.00 1.00 0.10 0.00 0.06 0.27 0.51 -1 1487
Result 0 0.0 1500 0.42 0.16 0.16 0.18 0.16 0.17 0.18 -1 -1 -1 -1
Evo 1.00 0.00 1.00 0.99 1.00 1.00 1.00 0.10 0.00 0.06 0.34 0.73 -1 1487
Result 0 0.0 1500 0.43 0.16 0.17 0.17 0.17 0.16 0.17 -1 -1 -1 -1
Evo 1.00 0.00 1.00 0.99 1.00 1.00 1.00 0.10 0.00 0.06 0.25 0.52 -1 1487
Result 0 0.0 1500 0.44 0.17 0.17 0.18 0.16 0.16 0.16 -1 -1 -1 -1
Evo 1.00 0.00 1.00 0.99 1.00 1.00 1.00 0.10 0.00 0.06 0.23 0.54 -1 1487
Result 0 0.0 1500 0.43 0.16 0.17 0.17 0.15 0.18 0.18 -1 -1 -1 -1
Evo 1.00 0.00 1.00 0.99 1.00 1.00 1.00 0.10 0.00 0.06 0.33 0.68 -1 1487
Result 0 0.0 1500 0.42 0.17 0.16 0.18 0.17 0.17 0.15 -1 -1 -1 -1
Evo 1.00 0.00 1.00 0.99 1.00 1.00 1.00 0.10 0.00 0.06 0.31 0.67 -1 1487
Result 0 0.0 1500 0.44 0.17 0.17 0.18 0.15 0.17 0.17 -1 -1 -1 -1
Evo 1.00 0.00 1.00 0.99 1.00 1.00 1.00 0.10 0.00 0.06 0.33 0.65 -1 1487
Result 0 0.0 1500 0.43 0.17 0.15 0.18 0.17 0.16 0.18 -1 -1 -1 -1
Evo 1.00 0.00 1.00 0.99 1.00 1.00 1.00 0.10 0.00 0.06 0.27 0.50 -1 1487
Result 0 0.0 1500 0.44 0.16 0.17 0.17 0.17 0.17 0.17 -1 -1 -1 -1
Evo 1.00 0.00 1.00 0.99 1.00 1.00 1.00 0.10 0.00 0.06 0.23 0.52 -1 1487
Result 0 0.0 1500 0.44 0.16 0.18 0.17 0.16 0.16 0.17 -1 -1 -1 -1
Evo 1.00 0.00 1.00 0.99 1.00 1.00 1.00 0.10 0.00 0.08 0.24 0.45 -1 1487
Result 0 36.0 1500 0.43 0.17 0.16 0.17 0.15 0.18 0.17 -1 -1 -1 -1
Evo 1.00 0.00 1.00 0.99 1.00 1.00 1.00 0.10 0.00 0.01 0.21 0.47 -1 1487
Result 0 0.0 1500 0.43 0.16 0.17 0.16 0.16 0.17 0.17 -1 -1 -1 -1
Evo 1.00 0.00 1.00 0.99 1.00 1.00 1.00 0.10 0.00 0.01 0.29 0.54 -1 1487
Result 0 0.0 1500 0.41 0.18 0.15 0.17 0.18 0.16 0.16 -1 -1 -1 -1
Evo 1.00 0.00 1.00 0.99 1.00 1.00 1.00 0.10 0.00 0.01 0.37 0.76 -1 1487
Result 0 0.0 1500 0.43 0.17 0.16 0.17 0.16 0.16 0.18 -1 -1 -1 -1
Evo 1.00 0.00 1.00 0.99 1.00 1.00 1.00 0.10 0.00 0.01 0.26 0.52 -1 1487
Result 0 0.0 1500 0.43 0.18 0.16 0.18 0.16 0.16 0.16 -1 -1 -1 -1
Evo 1.00 0.00 1.00 0.99 1.00 1.00 1.00 0.10 0.00 0.08 0.29 0.60 -1 1487
Result 0 17.0 1500 0.44 0.17 0.14 0.17 0.16 0.18 0.18 -1 -1 -1 -1
Evo 1.00 0.00 1.00 0.99 1.00 1.00 1.00 0.10 0.00 0.01 0.24 0.55 -1 1487
Result 0 0.0 1500 0.44 0.17 0.18 0.17 0.16 0.17 0.15 -1 -1 -1 -1
Evo 1.00 0.00 1.00 0.99 1.00 1.00 1.00 0.10 0.00 0.01 0.29 0.57 -1 1487
Result 0 0.0 1500 0.44 0.16 0.17 0.18 0.16 0.16 0.17 -1 -1 -1 -1
Evo 1.00 0.00 1.00 0.99 1.00 1.00 1.00 0.10 0.00 0.01 0.34 0.66 -1 1487
Result 0 0.0 1500 0.43 0.17 0.16 0.17 0.16 0.17 0.17 -1 -1 -1 -1
Evo 1.00 0.00 1.00 0.99 1.00 1.00 1.00 0.10 0.00 0.01 0.28 0.62 -1 1487
Result 0 0.0 1500 0.45 0.16 0.19 0.15 0.18 0.16 0.16 -1 -1 -1 -1
Evo 1.00 0.00 1.00 0.99 1.00 1.00 1.00 0.10 0.00 0.01 0.26 0.52 -1 1487
Result 0 0.0 1500 0.45 0.17 0.18 0.16 0.17 0.16 0.14 -1 -1 -1 -1
Evo 1.00 0.00 1.00 0.99 1.00 1.00 1.00 0.10 0.00 0.01 0.29 0.60 -1 1487
Result 0 0.0 1500 0.43 0.17 0.18 0.16 0.18 0.15 0.17 -1 -1 -1 -1
Evo 1.00 0.00 1.00 0.99 1.00 1.00 1.00 0.10 0.00 0.01 0.27 0.61 -1 1487
Result 0 0.0 1500 0.43 0.17 0.16 0.16 0.18 0.16 0.17 -1 -1 -1 -1
Evo 1.00 0.00 1.00 0.99 1.00 1.00 1.00 0.10 0.00 0.01 0.24 0.51 -1 1487
Result 0 0.0 1500 0.44 0.17 0.16 0.16 0.17 0.18 0.16 -1 -1 -1 -1
Evo 1.00 0.00 1.00 0.99 1.00 1.00 1.00 0.10 0.00 0.01 0.24 0.48 -1 1487
Result 0 0.0 1500 0.46 0.19 0.17 0.16 0.16 0.16 0.16 -1 -1 -1 -1
Evo 1.00 0.00 1.00 0.99 1.00 1.00 1.00 0.10 0.00 0.01 0.31 0.68 -1 1487
Result 0 0.0 1500 0.43 0.17 0.16 0.16 0.18 0.16 0.17 -1 -1 -1 -1
Evo 1.00 0.00 1.00 0.99 1.00 1.00 1.00 0.10 0.00 0.01 0.26 0.54 -1 1487
Result 0 0.0 1500 0.42 0.16 0.16 0.17 0.16 0.18 0.18 -1 -1 -1 -1
