Evo 1.00 0.00 1.00 0.95 1.00 1.00 1.00 0.13 0.00 0.01 0.30 0.48 987 603
Result 1 8.0 1000 0.47 0.21 0.20 0.21 0.19 0.18 -1 -1 -1 -1 -1
Evo 1.00 0.00 1.00 0.50 0.50 0.50 0.50 0.07 0.00 0.06 0.48 0.56 987 21
Result 1 8.0 1000 0.46 0.21 0.18 0.19 0.21 0.20 -1 -1 -1 -1 -1
Evo 1.00 0.00 1.00 0.49 0.50 0.50 0.50 0.12 0.00 0.21 0.37 0.54 987 227
Result 1 8.0 1000 0.48 0.18 0.21 0.22 0.20 0.18 -1 -1 -1 -1 -1
Evo 1.00 0.00 1.00 0.50 0.50 0.50 0.50 0.07 0.00 0.10 0.41 0.57 987 23
Result 1 8.0 1000 0.47 0.21 0.19 0.21 0.21 0.18 -1 -1 -1 -1 -1
Evo 1.00 0.00 1.00 0.50 0.50 0.50 0.50 0.07 0.00 0.09 0.42 0.56 987 33
Result 1 8.0 1000 0.47 0.22 0.18 0.21 0.19 0.20 -1 -1 -1 -1 -1
Evo 1.00 0.00 1.00 0.51 0.50 0.50 0.50 0.06 0.00 0.11 0.43 0.56 987 39
Result 1 8.0 1000 0.47 0.21 0.17 0.20 0.23 0.19 -1 -1 -1 -1 -1
Evo 1.00 0.00 1.00 0.50 0.50 0.50 0.50 0.07 0.00 0.39 0.28 0.48 987 216
Result 1 8.0 1000 0.49 0.19 0.20 0.23 0.19 0.18 -1 -1 -1 -1 -1
Evo 1.00 0.00 1.00 0.51 0.50 0.50 0.50 0.06 0.00 0.18 0.27 0.48 987 49
Result 1 8.0 1000 0.49 0.21 0.19 0.23 0.19 0.18 -1 -1 -1 -1 -1
Evo 1.00 0.00 0.50 0.43 0.50 0.50 0.50 0.18 0.01 0.18 0.41 0.56 -1 33
Result 0 0.0 964 0.44 0.21 0.17 0.18 0.24 0.20 -1 -1 -1 -1 -1
Evo 1.00 0.00 1.00 0.50 0.50 0.50 0.50 0.07 0.00 0.11 0.33 0.56 987 47
Result 1 8.0 1000 0.46 0.22 0.21 0.20 0.20 0.16 -1 -1 -1 -1 -1
Evo 1.00 0.00 1.00 0.50 0.50 0.50 0.50 0.08 0.00 0.11 0.42 0.56 987 43
Result 1 8.0 1000 0.47 0.23 0.19 0.21 0.18 0.20 -1 -1 -1 -1 -1
Evo 1.00 0.00 0.50 0.48 0.50 0.50 0.50 0.09 0.00 0.11 0.42 0.56 -1 25
Result 0 0.0 931 0.45 0.22 0.19 0.18 0.20 0.20 -1 -1 -1 -1 -1
Evo 1.00 0.00 0.50 0.48 0.50 0.50 0.50 0.11 0.00 0.25 0.39 0.56 -1 45
Result 0 0.0 666 0.45 0.20 0.18 0.18 0.22 0.22 -1 -1 -1 -1 -1
Evo 1.00 0.00 1.00 0.51 0.50 0.50 0.50 0.06 0.00 0.17 0.36 0.55 987 40
Result 1 8.0 1000 0.48 0.21 0.20 0.22 0.21 0.15 -1 -1 -1 -1 -1
Evo 1.00 0.00 1.00 0.51 0.50 0.50 0.50 0.06 0.00 0.34 0.18 0.40 987 123
Result 1 8.0 1000 0.48 0.21 0.20 0.22 0.20 0.17 -1 -1 -1 -1 -1
Evo 1.00 0.00 1.00 0.50 0.50 0.50 0.50 0.07 0.00 0.27 0.33 0.52 987 179
Result 1 8.0 1000 0.47 0.20 0.19 0.20 0.22 0.18 -1 -1 -1 -1 -1
Evo 1.00 0.50 1.00 0.51 0.50 0.50 0.50 0.06 0.00 0.05 0.28 0.49 987 28
Result 1 8.0 1000 0.47 0.21 0.22 0.21 0.19 0.18 -1 -1 -1 -1 -1
Evo 1.00 0.00 1.00 0.50 0.50 0.50 0.50 0.08 0.00 0.08 0.39 0.54 987 23
Result 1 8.0 1000 0.47 0.18 0.20 0.20 0.23 0.19 -1 -1 -1 -1 -1
Evo 1.00 0.00 1.00 0.51 0.50 0.50 0.50 0.06 0.00 0.06 0.36 0.54 987 20
Result 1 8.0 1000 0.47 0.20 0.23 0.21 0.19 0.16 -1 -1 -1 -1 -1
Evo 1.00 0.00 1.00 0.50 0.50 0.50 0.50 0.09 0.00 0.25 0.43 0.56 987 21
Result 1 8.0 1000 0.45 0.20 0.19 0.19 0.25 0.18 -1 -1 -1 -1 -1
Evo 1.00 0.00 0.50 0.45 0.50 0.50 0.50 0.15 0.01 0.29 0.30 0.52 -1 16
Result 0 0.0 604 0.46 0.18 0.22 0.20 0.20 0.21 -1 -1 -1 -1 -1
Evo 1.00 0.00 1.00 0.49 0.50 0.50 0.50 0.10 0.00 0.10 0.40 0.58 987 59
Result 1 8.0 1000 0.49 0.19 0.16 0.23 0.21 0.22 -1 -1 -1 -1 -1
Evo 1.00 0.00 1.00 0.50 0.50 0.50 0.50 0.08 0.00 0.12 0.29 0.54 987 73
Result 1 4.0 1000 0.44 0.20 0.21 0.18 0.19 0.22 -1 -1 -1 -1 -1
Evo 1.00 0.50 1.00 0.51 0.50 0.50 0.50 0.06 0.00 0.34 0.22 0.47 987 27
Result 1 3.0 1000 0.40 0.20 0.21 0.14 0.21 0.24 -1 -1 -1 -1 -1
Evo 1.00 0.00 1.00 0.49 0.50 0.50 0.50 0.11 0.00 0.11 0.22 0.46 987 22
Result 1 6.0 1000 0.49 0.21 0.20 0.23 0.19 0.18 -1 -1 -1 -1 -1
Evo 1.00 0.00 0.50 0.46 0.50 0.50 0.50 0.14 0.01 0.15 0.16 0.41 -1 31
Result 0 0.0 458 0.44 0.24 0.20 0.18 0.15 0.23 -1 -1 -1 -1 -1
Evo 1.00 0.00 1.00 0.48 0.50 0.50 0.50 0.12 0.00 0.18 0.37 0.58 987 34
Result 1 8.0 1000 0.44 0.21 0.17 0.18 0.26 0.18 -1 -1 -1 -1 -1
Evo 1.00 0.00 1.00 0.50 0.50 0.50 0.50 0.09 0.00 0.14 0.31 0.52 987 51
Result 1 8.0 1000 0.44 0.21 0.21 0.18 0.20 0.21 -1 -1 -1 -1 -1
Evo 1.00 0.00 1.00 0.50 0.50 0.50 0.50 0.09 0.00 0.11 0.35 0.57 987 19
Result 1 7.0 1000 0.47 0.21 0.15 0.21 0.25 0.19 -1 -1 -1 -1 -1
Evo 1.00 0.00 1.00 0.50 0.50 0.50 0.50 0.10 0.00 0.07 0.39 0.56 987 36
Result 1 8.0 1000 0.46 0.22 0.20 0.19 0.19 0.20 -1 -1 -1 -1 -1
Evo 1.00 0.00 0.50 0.40 0.50 0.50 0.50 0.20 0.01 0.28 0.19 0.39 -1 17
Result 0 0.0 298 0.46 0.27 0.10 0.20 0.20 0.23 -1 -1 -1 -1 -1
Evo 1.00 0.00 1.00 0.46 0.50 0.50 0.50 0.14 0.00 0.37 0.24 0.43 988 22
Result 1 1.0 1000 0.50 0.20 0.15 0.24 0.21 0.19 -1 -1 -1 -1 -1
Evo 1.00 0.00 1.00 0.50 0.50 0.50 0.50 0.07 0.00 0.09 0.23 0.49 987 48
Result 1 7.0 1000 0.45 0.23 0.22 0.18 0.17 0.21 -1 -1 -1 -1 -1
Evo 1.00 0.00 0.50 0.46 0.50 0.50 0.50 0.13 0.01 0.12 0.24 0.45 -1 25
Result 0 0.0 677 0.47 0.23 0.16 0.20 0.23 0.17 -1 -1 -1 -1 -1
Evo 1.00 0.00 1.00 0.50 0.50 0.50 0.50 0.09 0.00 0.07 0.35 0.54 987 24
Result 1 8.0 1000 0.47 0.20 0.16 0.21 0.22 0.21 -1 -1 -1 -1 -1
Evo 1.00 0.00 1.00 0.50 0.50 0.50 0.50 0.08 0.00 0.16 0.28 0.54 987 11
Result 1 8.0 1000 0.47 0.19 0.18 0.20 0.23 0.21 -1 -1 -1 -1 -1
Evo 1.00 0.00 0.50 0.45 0.50 0.50 0.50 0.16 0.01 0.14 0.20 0.42 -1 25
Result 0 0.0 427 0.49 0.22 0.14 0.24 0.22 0.19 -1 -1 -1 -1 -1
Evo 1.00 0.00 0.50 0.40 0.50 0.50 0.50 0.20 0.01 0.12 0.29 0.47 -1 86
Result 0 0.0 739 0.43 0.23 0.17 0.17 0.22 0.22 -1 -1 -1 -1 -1
Evo 1.00 0.00 0.50 0.46 0.50 0.50 0.50 0.14 0.00 0.07 0.30 0.50 -1 19
Result 0 0.0 777 0.46 0.21 0.18 0.19 0.20 0.22 -1 -1 -1 -1 -1
Evo 1.00 0.00 0.50 0.41 0.50 0.50 0.50 0.19 0.01 0.34 0.23 0.38 -1 27
Result 0 0.0 662 0.48 0.23 0.15 0.22 0.22 0.18 -1 -1 -1 -1 -1
Evo 1.00 0.00 0.50 0.43 0.50 0.50 0.50 0.18 0.01 0.12 0.29 0.55 -1 40
Result 0 0.0 723 0.48 0.20 0.18 0.22 0.23 0.18 -1 -1 -1 -1 -1
Evo 1.00 0.00 0.50 0.42 0.50 0.50 0.50 0.18 0.01 0.23 0.32 0.57 -1 51
Result 0 0.0 971 0.46 0.20 0.23 0.19 0.20 0.18 -1 -1 -1 -1 -1
Evo 1.00 0.00 1.00 0.50 0.50 0.50 0.50 0.09 0.00 0.27 0.26 0.49 987 36
Result 1 2.0 1000 0.49 0.21 0.20 0.23 0.19 0.17 -1 -1 -1 -1 -1
Evo 1.00 0.00 0.50 0.42 0.50 0.50 0.50 0.18 0.01 0.18 0.13 0.34 -1 67
Result 0 0.0 334 0.49 0.23 0.11 0.23 0.28 0.15 -1 -1 -1 -1 -1
Evo 1.00 0.00 0.50 0.45 0.50 0.50 0.50 0.15 0.01 0.24 0.14 0.34 -1 26
Result 0 0.0 348 0.47 0.23 0.13 0.21 0.27 0.16 -1 -1 -1 -1 -1
Evo 1.00 0.00 0.50 0.43 0.50 0.50 0.50 0.18 0.01 0.25 0.12 0.32 -1 17
Result 0 0.0 342 0.49 0.19 0.15 0.23 0.28 0.16 -1 -1 -1 -1 -1
Evo 1.00 0.00 1.00 0.50 0.50 0.50 0.50 0.09 0.00 0.23 0.24 0.48 987 35
Result 1 2.0 1000 0.47 0.20 0.21 0.21 0.21 0.17 -1 -1 -1 -1 -1
Evo 1.00 0.00 0.50 0.44 0.50 0.50 0.50 0.17 0.01 0.26 0.31 0.51 -1 73
Result 0 0.0 864 0.45 0.21 0.20 0.19 0.20 0.20 -1 -1 -1 -1 -1
Evo 1.00 0.00 1.00 0.50 0.50 0.50 0.50 0.09 0.00 0.09 0.33 0.53 987 18
Result 1 8.0 1000 0.47 0.20 0.22 0.20 0.19 0.19 -1 -1 -1 -1 -1
Evo 1.00 0.00 0.50 0.42 0.50 0.50 0.50 0.18 0.01 0.14 0.14 0.32 -1 37
Result 0 0.0 288 0.49 0.21 0.13 0.23 0.24 0.19 -1 -1 -1 -1 -1
Evo 1.00 0.00 0.50 0.44 0.50 0.50 0.50 0.16 0.01 0.20 0.14 0.32 -1 37
Result 0 0.0 384 0.50 0.19 0.11 0.26 0.24 0.20 -1 -1 -1 -1 -1
Evo 1.00 0.00 0.50 0.44 0.50 0.50 0.50 0.16 0.01 0.26 0.13 0.34 -1 26
Result 0 0.0 320 0.48 0.21 0.14 0.22 0.23 0.19 -1 -1 -1 -1 -1
Evo 1.00 0.00 1.00 0.50 0.50 0.50 0.50 0.08 0.00 0.06 0.22 0.44 987 23
Result 1 5.0 1000 0.47 0.18 0.22 0.20 0.24 0.16 -1 -1 -1 -1 -1
Evo 1.00 0.00 0.50 0.44 0.50 0.50 0.50 0.16 0.01 0.19 0.12 0.32 -1 59
Result 0 0.0 325 0.50 0.20 0.12 0.25 0.25 0.19 -1 -1 -1 -1 -1
Evo 1.00 0.00 0.50 0.45 0.50 0.50 0.50 0.16 0.00 0.18 0.22 0.38 -1 39
Result 0 0.0 982 0.47 0.22 0.21 0.21 0.19 0.16 -1 -1 -1 -1 -1
Evo 1.00 0.00 1.00 0.49 0.50 0.50 0.50 0.11 0.00 0.18 0.24 0.45 987 46
Result 1 8.0 1000 0.48 0.19 0.19 0.22 0.22 0.17 -1 -1 -1 -1 -1
Evo 1.00 0.00 1.00 0.50 0.50 0.50 0.50 0.08 0.00 0.23 0.17 0.31 987 19
Result 1 2.0 1000 0.48 0.21 0.21 0.22 0.20 0.15 -1 -1 -1 -1 -1
Evo 1.00 0.00 1.00 0.49 0.50 0.50 0.50 0.10 0.00 0.11 0.29 0.52 987 41
Result 1 6.0 1000 0.50 0.19 0.18 0.24 0.20 0.18 -1 -1 -1 -1 -1
Evo 1.00 0.00 1.00 0.48 0.50 0.50 0.50 0.13 0.00 0.49 0.20 0.35 987 37
Result 1 1.0 1000 0.47 0.21 0.22 0.21 0.22 0.15 -1 -1 -1 -1 -1
Evo 1.00 0.00 0.50 0.44 0.50 0.50 0.50 0.16 0.01 0.18 0.12 0.30 -1 29
Result 0 0.0 302 0.44 0.22 0.17 0.18 0.27 0.16 -1 -1 -1 -1 -1
Evo 1.01 0.00 0.50 0.32 0.00 0.50 0.50 0.24 0.02 0.22 0.11 0.28 -1 7
Result 0 0.0 139 0.35 0.17 0.21 0.11 0.22 0.29 -1 -1 -1 -1 -1
Evo 1.01 0.00 0.50 0.29 0.00 0.50 0.50 0.25 0.02 0.37 0.17 0.33 -1 3
Result 0 0.0 183 0.46 0.18 0.23 0.20 0.21 0.17 -1 -1 -1 -1 -1
Evo 1.01 0.00 0.50 0.31 0.00 0.50 0.50 0.24 0.02 0.21 0.07 0.23 -1 0
Result 0 0.0 106 0.34 0.20 0.23 0.10 0.21 0.25 -1 -1 -1 -1 -1
Evo 1.01 0.00 0.50 0.31 0.00 0.50 0.50 0.24 0.02 0.45 0.07 0.23 -1 0
Result 0 0.0 128 0.37 0.20 0.26 0.12 0.14 0.28 -1 -1 -1 -1 -1
Evo 1.01 0.00 0.50 0.27 0.00 0.50 0.50 0.25 0.02 0.09 0.07 0.26 -1 0
Result 0 0.0 127 0.23 0.23 0.25 0.05 0.16 0.30 -1 -1 -1 -1 -1
Evo 1.00 0.00 0.50 0.31 0.00 0.50 0.50 0.24 0.02 0.09 0.15 0.34 -1 1
Result 0 0.0 257 0.43 0.29 0.18 0.17 0.13 0.23 -1 -1 -1 -1 -1
Evo 1.01 0.00 0.50 0.33 0.00 0.50 0.50 0.24 0.02 0.43 0.08 0.27 -1 0
Result 0 0.0 118 0.38 0.24 0.24 0.13 0.12 0.28 -1 -1 -1 -1 -1
Evo 1.01 0.00 0.50 0.32 0.00 0.50 0.50 0.24 0.02 0.37 0.07 0.25 -1 0
Result 0 0.0 122 0.29 0.24 0.25 0.08 0.19 0.24 -1 -1 -1 -1 -1
Evo 1.00 0.00 0.50 0.31 0.00 0.50 0.50 0.24 0.01 0.29 0.15 0.33 -1 0
Result 0 0.0 273 0.47 0.23 0.23 0.20 0.10 0.24 -1 -1 -1 -1 -1
Evo 1.01 0.00 0.50 0.21 0.00 0.00 0.50 0.25 0.02 0.24 0.08 0.22 -1 7
Result 0 0.0 132 0.34 0.17 0.19 0.11 0.20 0.33 -1 -1 -1 -1 -1
Evo 1.01 0.00 0.50 0.22 0.00 0.00 0.50 0.25 0.02 0.20 0.10 0.26 -1 0
Result 0 0.0 152 0.30 0.22 0.20 0.08 0.25 0.25 -1 -1 -1 -1 -1
Evo 1.01 0.00 0.50 0.37 0.00 0.50 0.50 0.22 0.02 0.40 0.10 0.23 -1 2
Result 0 0.0 141 0.35 0.24 0.25 0.11 0.13 0.26 -1 -1 -1 -1 -1
Evo 1.01 0.00 0.50 0.33 0.00 0.50 0.50 0.24 0.02 0.42 0.08 0.25 -1 2
Result 0 0.0 118 0.32 0.18 0.27 0.09 0.18 0.27 -1 -1 -1 -1 -1
Evo 1.01 0.00 0.50 0.35 0.00 0.50 0.50 0.23 0.02 0.18 0.08 0.24 -1 4
Result 0 0.0 103 0.32 0.23 0.21 0.10 0.18 0.28 -1 -1 -1 -1 -1
Evo 1.01 0.00 0.50 0.29 0.00 0.50 0.50 0.25 0.03 0.14 0.02 0.18 -1 0
Result 0 0.0 72 0.35 0.21 0.08 0.11 0.26 0.34 -1 -1 -1 -1 -1
Evo 1.01 0.00 0.50 0.26 0.00 0.50 0.50 0.25 0.02 0.09 0.07 0.26 -1 0
Result 0 0.0 125 0.35 0.27 0.20 0.11 0.15 0.27 -1 -1 -1 -1 -1
Evo 1.01 0.00 0.50 0.33 0.00 0.50 0.50 0.24 0.02 0.38 0.09 0.26 -1 4
Result 0 0.0 123 0.27 0.22 0.22 0.07 0.20 0.29 -1 -1 -1 -1 -1
Evo 1.01 0.00 0.50 0.30 0.00 0.50 0.50 0.25 0.02 0.17 0.07 0.25 -1 0
Result 0 0.0 112 0.34 0.19 0.29 0.11 0.19 0.23 -1 -1 -1 -1 -1
Evo 1.01 0.00 0.50 0.32 0.00 0.50 0.50 0.24 0.02 0.14 0.07 0.24 -1 2
Result 0 0.0 111 0.29 0.26 0.28 0.08 0.14 0.24 -1 -1 -1 -1 -1
Evo 1.00 0.00 0.50 0.34 0.00 0.50 0.50 0.23 0.01 0.02 0.15 0.34 -1 4
Result 0 0.0 344 0.48 0.20 0.24 0.22 0.12 0.22 -1 -1 -1 -1 -1
Evo 1.00 0.00 0.50 0.29 0.00 0.50 0.50 0.25 0.01 0.03 0.19 0.33 -1 6
Result 0 0.0 320 0.48 0.22 0.19 0.22 0.17 0.19 -1 -1 -1 -1 -1
Evo 1.01 0.00 0.50 0.36 0.00 0.50 0.50 0.22 0.02 0.12 0.07 0.20 -1 0
Result 0 0.0 180 0.42 0.18 0.22 0.15 0.25 0.19 -1 -1 -1 -1 -1
Evo 1.00 0.00 0.50 0.35 0.00 0.50 0.50 0.23 0.01 0.09 0.08 0.22 -1 1
Result 0 0.0 261 0.34 0.24 0.23 0.11 0.22 0.20 -1 -1 -1 -1 -1
Evo 1.00 0.00 0.50 0.32 0.00 0.50 0.50 0.24 0.01 0.03 0.12 0.28 -1 9
Result 0 0.0 281 0.47 0.20 0.18 0.21 0.25 0.16 -1 -1 -1 -1 -1
Evo 1.00 0.00 0.50 0.31 0.00 0.50 0.50 0.24 0.02 0.11 0.08 0.21 -1 11
Result 0 0.0 205 0.41 0.15 0.23 0.15 0.21 0.26 -1 -1 -1 -1 -1
Evo 1.01 0.00 0.50 0.34 0.00 0.50 0.50 0.23 0.02 0.52 0.06 0.21 -1 1
Result 0 0.0 179 0.42 0.19 0.21 0.16 0.20 0.25 -1 -1 -1 -1 -1
Evo 1.00 0.00 0.50 0.30 0.00 0.50 0.50 0.25 0.01 0.04 0.17 0.32 -1 0
Result 0 0.0 329 0.45 0.22 0.21 0.18 0.21 0.17 -1 -1 -1 -1 -1
Evo 1.00 0.00 0.50 0.32 0.00 0.50 0.50 0.24 0.01 0.08 0.14 0.27 -1 1
Result 0 0.0 305 0.47 0.22 0.19 0.21 0.23 0.16 -1 -1 -1 -1 -1
Evo 1.01 0.00 0.50 0.31 0.00 0.50 0.50 0.24 0.02 0.04 0.07 0.18 -1 7
Result 0 0.0 169 0.46 0.19 0.18 0.19 0.21 0.24 -1 -1 -1 -1 -1
Evo 1.00 0.00 0.50 0.33 0.00 0.50 0.50 0.24 0.02 0.04 0.09 0.23 -1 0
Result 0 0.0 202 0.41 0.21 0.24 0.15 0.19 0.21 -1 -1 -1 -1 -1
Evo 1.01 0.00 0.50 0.35 0.00 0.50 0.50 0.23 0.02 0.05 0.09 0.22 -1 20
Result 0 0.0 159 0.37 0.24 0.21 0.12 0.14 0.29 -1 -1 -1 -1 -1
Evo 1.01 0.00 0.50 0.35 0.00 0.50 0.50 0.23 0.02 0.04 0.07 0.25 -1 5
Result 0 0.0 167 0.44 0.18 0.19 0.18 0.21 0.24 -1 -1 -1 -1 -1
Evo 1.00 0.00 0.50 0.33 0.00 0.50 0.50 0.24 0.02 0.16 0.08 0.24 -1 2
Result 0 0.0 211 0.40 0.24 0.21 0.14 0.19 0.22 -1 -1 -1 -1 -1
Evo 1.00 0.00 0.50 0.36 0.00 0.50 0.50 0.22 0.01 0.47 0.11 0.22 -1 28
Result 0 0.0 237 0.45 0.16 0.23 0.18 0.20 0.23 -1 -1 -1 -1 -1
Evo 1.01 0.00 0.50 0.30 0.00 0.50 0.50 0.25 0.02 0.04 0.09 0.18 -1 3
Result 0 0.0 180 0.39 0.22 0.24 0.13 0.21 0.20 -1 -1 -1 -1 -1
Evo 1.01 0.00 0.50 0.37 0.00 0.50 0.50 0.22 0.02 0.30 0.11 0.21 -1 5
Result 0 0.0 180 0.33 0.21 0.23 0.10 0.18 0.28 -1 -1 -1 -1 -1
Evo 1.01 0.00 0.50 0.35 0.00 0.50 0.50 0.23 0.02 0.07 0.09 0.21 -1 24
Result 0 0.0 179 0.41 0.19 0.23 0.15 0.19 0.23 -1 -1 -1 -1 -1
Evo 1.01 0.00 0.50 0.34 0.00 0.50 0.50 0.24 0.02 0.32 0.08 0.22 -1 0
Result 0 0.0 179 0.35 0.26 0.19 0.11 0.21 0.23 -1 -1 -1 -1 -1
Evo 1.00 0.00 0.50 0.38 0.50 0.50 0.50 0.21 0.01 0.12 0.09 0.24 -1 7
Result 0 0.0 227 0.42 0.17 0.21 0.16 0.21 0.25 -1 -1 -1 -1 -1
Evo 1.01 0.00 0.50 0.33 0.00 0.50 0.50 0.24 0.02 0.05 0.08 0.19 -1 22
Result 0 0.0 143 0.39 0.20 0.20 0.13 0.21 0.26 -1 -1 -1 -1 -1
