Evo 1.06 0.00 1.00 0.17 0.00 0.00 0.00 0.38 0.09 0.43 0.26 0.43 9 -1
Result 1 1.0 17 0.51 0.06 0.28 0.22 0.33 0.11 -1 -1 -1 -1 -1
Evo 1.03 0.00 1.00 0.10 0.00 0.00 0.00 0.31 0.06 0.33 0.26 0.43 21 -1
Result 1 1.0 29 0.46 0.23 0.20 0.20 0.23 0.13 -1 -1 -1 -1 -1
Evo 1.08 0.00 1.00 0.23 0.00 0.00 0.00 0.44 0.12 0.49 0.26 0.43 2 -1
Result 1 1.0 12 0.49 0.08 0.23 0.31 0.23 0.15 -1 -1 -1 -1 -1
Evo 1.02 0.00 1.00 0.05 0.00 0.00 0.00 0.21 0.03 0.21 0.31 0.43 55 -1
Result 1 1.0 62 0.53 0.16 0.32 0.19 0.16 0.17 -1 -1 -1 -1 -1
Evo 1.06 0.00 1.00 0.17 0.00 0.00 0.00 0.38 0.09 0.43 0.23 0.37 10 -1
Result 1 1.0 17 0.48 0.06 0.22 0.28 0.28 0.17 -1 -1 -1 -1 -1
Evo 1.07 0.00 1.00 0.19 0.00 0.00 0.00 0.40 0.10 0.45 0.23 0.43 13 -1
Result 1 1.0 15 0.38 0.06 0.13 0.44 0.25 0.13 -1 -1 -1 -1 -1
Evo 1.08 0.00 1.00 0.23 0.00 0.00 0.00 0.44 0.12 0.49 0.20 0.40 6 -1
Result 1 1.0 12 0.42 0.15 0.15 0.38 0.23 0.08 -1 -1 -1 -1 -1
Evo 1.03 0.00 1.00 0.05 0.00 0.00 0.00 0.22 0.03 0.21 0.29 0.43 8 -1
Result 1 1.0 40 0.48 0.24 0.22 0.15 0.20 0.20 -1 -1 -1 -1 -1
Evo 1.14 0.00 1.00 0.25 0.00 0.00 0.00 0.46 0.16 0.50 0.17 0.40 5 -1
Result 1 1.0 7 0.38 0.13 0.13 0.50 0.13 0.13 -1 -1 -1 -1 -1
Evo 1.04 0.00 1.00 0.19 0.00 0.00 0.00 0.40 0.08 0.46 0.23 0.43 11 -1
Result 1 1.0 25 0.42 0.12 0.15 0.23 0.27 0.23 -1 -1 -1 -1 -1
Evo 1.08 0.00 1.00 0.23 0.00 0.00 0.00 0.44 0.12 0.49 0.17 0.43 4 -1
Result 1 1.0 12 0.28 0.08 0.08 0.46 0.23 0.15 -1 -1 -1 -1 -1
Evo 1.07 0.00 1.00 0.13 0.00 0.00 0.00 0.35 0.09 0.39 0.20 0.40 11 -1
Result 1 1.0 14 0.39 0.20 0.13 0.33 0.13 0.20 -1 -1 -1 -1 -1
Evo 1.03 0.00 1.00 0.10 0.00 0.00 0.00 0.31 0.05 0.34 0.26 0.37 29 -1
Result 1 1.0 38 0.42 0.33 0.15 0.13 0.13 0.26 -1 -1 -1 -1 -1
Evo 1.13 0.00 1.00 0.33 0.00 0.00 0.00 0.50 0.17 0.53 0.17 0.40 1 -1
Result 1 1.0 8 0.35 0.11 0.11 0.44 0.33 -1 -1 -1 -1 -1 -1
Evo 1.05 0.00 1.00 0.14 0.00 0.00 0.00 0.36 0.08 0.40 0.20 0.43 14 -1
Result 1 1.0 20 0.32 0.24 0.10 0.24 0.19 0.24 -1 -1 -1 -1 -1
Evo 1.02 0.00 1.00 0.07 0.00 0.00 0.00 0.25 0.04 0.26 0.26 0.43 7 -1
Result 1 1.0 45 0.38 0.15 0.13 0.24 0.22 0.26 -1 -1 -1 -1 -1
Evo 1.05 0.00 1.00 0.24 0.00 0.00 0.00 0.44 0.10 0.49 0.29 0.43 3 -1
Result 1 1.0 20 0.46 0.05 0.19 0.33 0.24 0.19 -1 -1 -1 -1 -1
Evo 1.05 0.00 1.00 0.05 0.00 0.00 0.00 0.22 0.05 0.22 0.23 0.43 18 -1
Result 1 1.0 19 0.46 0.25 0.20 0.30 0.15 0.10 -1 -1 -1 -1 -1
Evo 1.08 0.00 1.00 0.29 0.00 0.00 0.00 0.47 0.13 0.52 0.20 0.43 3 -1
Result 1 1.0 13 0.40 0.21 0.14 0.43 0.14 0.07 -1 -1 -1 -1 -1
Evo 1.02 0.00 1.00 0.12 0.00 0.00 0.00 0.33 0.05 0.37 0.31 0.43 31 -1
Result 1 1.0 41 0.43 0.14 0.17 0.21 0.29 0.19 -1 -1 -1 -1 -1
Evo 1.00 0.00 0.00 0.00 0.00 0.00 0.00 0.00 0.00 0.00 0.51 0.51 -1 1987
Result 0 0.0 2000 0.45 0.20 0.19 0.21 0.21 0.19 -1 -1 -1 -1 -1
Evo 1.00 0.00 0.50 0.50 0.50 0.50 0.50 0.04 0.00 0.05 0.51 0.51 -1 1987
Result 0 0.0 2000 0.46 0.20 0.19 0.21 0.20 0.19 -1 -1 -1 -1 -1
Evo 1.00 0.00 0.50 0.50 0.50 0.50 0.50 0.04 0.00 0.05 0.51 0.51 -1 1987
Result 0 0.0 2000 0.47 0.19 0.20 0.19 0.21 0.20 -1 -1 -1 -1 -1
Evo 1.00 0.00 0.50 0.50 0.50 0.50 0.50 0.04 0.00 0.05 0.49 0.51 -1 1987
Result 0 0.0 2000 0.46 0.21 0.20 0.20 0.20 0.20 -1 -1 -1 -1 -1
Evo 1.00 0.00 0.50 0.50 0.50 0.50 0.50 0.04 0.00 0.05 0.51 0.51 -1 1987
Result 0 0.0 2000 0.47 0.21 0.21 0.20 0.19 0.19 -1 -1 -1 -1 -1
Evo 1.00 0.00 0.50 0.50 0.50 0.50 0.50 0.04 0.00 0.05 0.51 0.51 -1 1987
Result 0 0.0 2000 0.47 0.19 0.21 0.20 0.21 0.20 -1 -1 -1 -1 -1
Evo 1.00 0.50 1.00 0.50 0.50 0.50 0.50 0.03 0.00 0.02 0.51 0.51 1496 -1
Result 1 1.0 1501 0.45 0.22 0.18 0.19 0.20 0.21 -1 -1 -1 -1 -1
Evo 1.00 0.50 1.00 0.50 0.50 0.50 0.50 0.03 0.00 0.02 0.51 0.51 682 -1
Result 1 1.0 685 0.45 0.22 0.18 0.20 0.18 0.22 -1 -1 -1 -1 -1
Evo 1.00 0.00 0.50 0.50 0.50 0.50 0.50 0.04 0.00 0.05 0.51 0.51 -1 1987
Result 0 0.0 2000 0.47 0.19 0.21 0.22 0.19 0.19 -1 -1 -1 -1 -1
Evo 1.00 0.00 0.50 0.50 0.50 0.50 0.50 0.04 0.00 0.05 0.51 0.51 -1 1987
Result 0 0.0 2000 0.46 0.20 0.20 0.20 0.20 0.20 -1 -1 -1 -1 -1
Evo 1.00 0.50 1.00 0.50 0.50 0.50 0.50 0.04 0.00 0.04 0.51 0.51 380 -1
Result 1 1.0 382 0.46 0.24 0.20 0.18 0.19 0.20 -1 -1 -1 -1 -1
Evo 1.00 0.50 1.00 0.50 0.50 0.50 0.50 0.02 0.00 0.02 0.49 0.51 412 -1
Result 1 1.0 435 0.48 0.20 0.22 0.19 0.20 0.19 -1 -1 -1 -1 -1
Evo 1.00 0.00 0.50 0.50 0.50 0.50 0.50 0.04 0.00 0.05 0.51 0.51 -1 1987
Result 0 0.0 2000 0.47 0.19 0.21 0.21 0.20 0.19 -1 -1 -1 -1 -1
Evo 1.00 0.00 0.50 0.50 0.50 0.50 0.50 0.04 0.00 0.05 0.51 0.51 -1 1987
Result 0 0.0 2000 0.47 0.20 0.21 0.20 0.19 0.20 -1 -1 -1 -1 -1
Evo 1.00 0.00 0.50 0.50 0.50 0.50 0.50 0.04 0.00 0.05 0.51 0.51 -1 1987
Result 0 0.0 2000 0.48 0.19 0.22 0.20 0.19 0.20 -1 -1 -1 -1 -1
Evo 1.00 0.00 0.50 0.50 0.50 0.50 0.50 0.04 0.00 0.05 0.51 0.51 -1 1987
Result 0 0.0 2000 0.46 0.19 0.20 0.21 0.19 0.21 -1 -1 -1 -1 -1
Evo 1.00 0.00 0.50 0.50 0.50 0.50 0.50 0.04 0.00 0.05 0.51 0.51 -1 1987
Result 0 0.0 2000 0.46 0.20 0.19 0.20 0.21 0.20 -1 -1 -1 -1 -1
Evo 1.00 0.00 0.50 0.50 0.50 0.50 0.50 0.04 0.00 0.05 0.49 0.51 -1 1987
Result 0 0.0 2000 0.45 0.20 0.19 0.21 0.21 0.19 -1 -1 -1 -1 -1
Evo 1.00 0.00 0.50 0.50 0.50 0.50 0.50 0.04 0.00 0.05 0.51 0.51 -1 1987
Result 0 0.0 2000 0.45 0.18 0.19 0.22 0.21 0.20 -1 -1 -1 -1 -1
Evo 1.00 0.00 0.50 0.50 0.50 0.50 0.50 0.04 0.00 0.05 0.51 0.51 -1 1987
Result 0 0.0 2000 0.47 0.20 0.21 0.20 0.20 0.19 -1 -1 -1 -1 -1
Evo 1.00 0.00 0.50 0.50 0.50 0.50 0.50 0.04 0.00 0.05 0.52 0.56 -1 1987
Result 0 0.0 2000 0.46 0.20 0.20 0.20 0.20 0.21 -1 -1 -1 -1 -1
Evo 1.00 0.00 0.50 0.50 0.50 0.50 0.50 0.04 0.00 0.05 0.56 0.56 -1 1987
Result 0 0.0 2000 0.47 0.20 0.21 0.20 0.20 0.20 -1 -1 -1 -1 -1
Evo 1.00 0.00 0.50 0.50 0.50 0.50 0.50 0.04 0.00 0.05 0.56 0.56 -1 1987
Result 0 0.0 2000 0.46 0.19 0.20 0.19 0.20 0.22 -1 -1 -1 -1 -1
Evo 1.00 0.00 0.50 0.50 0.50 0.50 0.50 0.04 0.00 0.05 0.56 0.56 -1 1987
Result 0 0.0 2000 0.47 0.19 0.21 0.20 0.20 0.20 -1 -1 -1 -1 -1
Evo 1.00 0.00 0.50 0.50 0.50 0.50 0.50 0.04 0.00 0.05 0.56 0.56 -1 1987
Result 0 0.0 2000 0.47 0.19 0.20 0.21 0.20 0.19 -1 -1 -1 -1 -1
Evo 1.00 0.00 0.50 0.50 0.50 0.50 0.50 0.04 0.00 0.05 0.56 0.56 -1 1987
Result 0 0.0 2000 0.47 0.20 0.21 0.19 0.20 0.20 -1 -1 -1 -1 -1
Evo 1.00 0.00 0.50 0.50 0.50 0.50 0.50 0.04 0.00 0.05 0.56 0.56 -1 1987
Result 0 0.0 2000 0.46 0.20 0.20 0.19 0.20 0.20 -1 -1 -1 -1 -1
Evo 1.00 0.00 0.50 0.50 0.50 0.50 0.50 0.04 0.00 0.05 0.45 0.55 -1 1987
Result 0 0.0 2000 0.46 0.20 0.19 0.20 0.22 0.19 -1 -1 -1 -1 -1
Evo 1.00 0.00 0.50 0.50 0.50 0.50 0.50 0.04 0.00 0.05 0.39 0.52 -1 1987
Result 0 0.0 2000 0.46 0.20 0.20 0.21 0.20 0.20 -1 -1 -1 -1 -1
Evo 1.00 0.00 0.50 0.50 0.50 0.50 0.50 0.04 0.00 0.05 0.56 0.56 -1 1987
Result 0 0.0 2000 0.45 0.21 0.19 0.21 0.21 0.19 -1 -1 -1 -1 -1
Evo 1.00 0.00 0.50 0.50 0.50 0.50 0.50 0.04 0.00 0.05 0.52 0.56 -1 1987
Result 0 0.0 2000 0.47 0.20 0.20 0.19 0.22 0.19 -1 -1 -1 -1 -1
Evo 1.00 0.00 0.50 0.50 0.50 0.50 0.50 0.04 0.00 0.05 0.56 0.56 -1 1987
Result 0 0.0 2000 0.48 0.20 0.22 0.19 0.19 0.20 -1 -1 -1 -1 -1
Evo 1.00 0.00 0.50 0.50 0.50 0.50 0.50 0.04 0.00 0.05 0.53 0.56 -1 1987
Result 0 0.0 2000 0.45 0.22 0.19 0.19 0.19 0.21 -1 -1 -1 -1 -1
Evo 1.00 0.00 0.50 0.50 0.50 0.50 0.50 0.04 0.00 0.05 0.42 0.50 -1 1987
Result 0 0.0 2000 0.46 0.20 0.20 0.20 0.21 0.19 -1 -1 -1 -1 -1
Evo 1.00 0.00 0.50 0.50 0.50 0.50 0.50 0.04 0.00 0.05 0.50 0.56 -1 1987
Result 0 0.0 2000 0.46 0.22 0.20 0.19 0.20 0.20 -1 -1 -1 -1 -1
Evo 1.00 0.00 0.50 0.50 0.50 0.50 0.50 0.04 0.00 0.05 0.28 0.42 -1 1987
Result 0 0.0 2000 0.46 0.20 0.19 0.20 0.22 0.19 -1 -1 -1 -1 -1
Evo 1.00 0.00 0.50 0.50 0.50 0.50 0.50 0.04 0.00 0.05 0.50 0.53 -1 1987
Result 0 0.0 2000 0.46 0.21 0.20 0.20 0.20 0.20 -1 -1 -1 -1 -1
Evo 1.00 0.00 0.50 0.50 0.50 0.50 0.50 0.04 0.00 0.05 0.56 0.56 -1 1987
Result 0 0.0 2000 0.45 0.20 0.19 0.20 0.20 0.21 -1 -1 -1 -1 -1
Evo 1.00 0.00 0.50 0.50 0.50 0.50 0.50 0.04 0.00 0.05 0.55 0.56 -1 1987
Result 0 0.0 2000 0.47 0.19 0.21 0.19 0.21 0.20 -1 -1 -1 -1 -1
Evo 1.00 0.00 0.50 0.50 0.50 0.50 0.50 0.04 0.00 0.05 0.56 0.56 -1 1987
Result 0 0.0 2000 0.46 0.22 0.20 0.20 0.18 0.20 -1 -1 -1 -1 -1
Evo 1.00 0.00 0.50 0.50 0.50 0.50 0.50 0.04 0.00 0.05 0.45 0.50 -1 1987
Result 0 0.0 2000 0.47 0.20 0.21 0.19 0.20 0.20 -1 -1 -1 -1 -1
Evo 1.00 0.00 0.50 0.50 0.50 0.50 0.50 0.04 0.00 0.05 0.32 0.44 -1 1987
Result 0 0.0 2000 0.46 0.20 0.19 0.19 0.21 0.21 -1 -1 -1 -1 -1
Evo 1.00 0.00 0.50 0.50 0.50 0.50 0.50 0.04 0.00 0.05 0.66 0.66 -1 1987
Result 0 0.0 2000 0.47 0.19 0.21 0.20 0.22 0.18 -1 -1 -1 -1 -1
Evo 1.00 0.00 0.50 0.50 0.50 0.50 0.50 0.04 0.00 0.05 0.35 0.47 -1 1987
Result 0 0.0 2000 0.48 0.19 0.22 0.19 0.20 0.19 -1 -1 -1 -1 -1
Evo 1.00 0.00 0.50 0.50 0.50 0.50 0.50 0.04 0.00 0.05 0.24 0.34 -1 1987
Result 0 0.0 2000 0.46 0.21 0.20 0.18 0.20 0.20 -1 -1 -1 -1 -1
Evo 1.00 0.00 0.50 0.50 0.50 0.50 0.50 0.04 0.00 0.05 0.46 0.54 -1 1987
Result 0 0.0 2000 0.45 0.22 0.19 0.21 0.19 0.20 -1 -1 -1 -1 -1
Evo 1.00 0.00 0.50 0.50 0.50 0.50 0.50 0.04 0.00 0.05 0.39 0.55 -1 1987
Result 0 0.0 2000 0.47 0.20 0.21 0.19 0.20 0.20 -1 -1 -1 -1 -1
Evo 1.00 0.00 0.50 0.50 0.50 0.50 0.50 0.04 0.00 0.05 0.43 0.62 -1 1987
Result 0 0.0 2000 0.45 0.20 0.19 0.21 0.21 0.20 -1 -1 -1 -1 -1
Evo 1.00 0.00 0.50 0.50 0.50 0.50 0.50 0.04 0.00 0.05 0.28 0.39 -1 1987
Result 0 0.0 2000 0.45 0.21 0.19 0.20 0.20 0.21 -1 -1 -1 -1 -1
Evo 1.00 0.00 0.50 0.50 0.50 0.50 0.50 0.04 0.00 0.05 0.45 0.65 -1 1987
Result 0 0.0 2000 0.47 0.21 0.20 0.21 0.18 0.20 -1 -1 -1 -1 -1
Evo 1.00 0.00 0.50 0.50 0.50 0.50 0.50 0.04 0.00 0.05 0.55 0.62 -1 1987
Result 0 0.0 2000 0.45 0.22 0.19 0.20 0.20 0.20 -1 -1 -1 -1 -1
Evo 1.00 0.00 0.50 0.50 0.50 0.50 0.50 0.04 0.00 0.05 0.51 0.59 -1 1987
Result 0 0.0 2000 0.47 0.20 0.21 0.20 0.20 0.19 -1 -1 -1 -1 -1
Evo 1.00 0.00 0.50 0.50 0.50 0.50 0.50 0.04 0.00 0.05 0.27 0.40 -1 1987
Result 0 0.0 2000 0.45 0.20 0.19 0.21 0.21 0.20 -1 -1 -1 -1 -1
Evo 1.00 0.00 0.50 0.50 0.50 0.50 0.50 0.04 0.00 0.05 0.36 0.42 -1 1987
Result 0 0.0 2000 0.47 0.20 0.20 0.20 0.21 0.19 -1 -1 -1 -1 -1
Evo 1.00 0.00 0.50 0.50 0.50 0.50 0.50 0.04 0.00 0.05 0.39 0.50 -1 1987
Result 0 0.0 2000 0.47 0.18 0.21 0.20 0.20 0.21 -1 -1 -1 -1 -1
Evo 1.00 0.00 0.50 0.50 0.50 0.50 0.50 0.04 0.00 0.05 0.43 0.48 -1 1987
Result 0 0.0 2000 0.47 0.22 0.21 0.18 0.19 0.20 -1 -1 -1 -1 -1
Evo 1.00 0.00 0.50 0.50 0.50 0.50 0.50 0.04 0.00 0.05 0.34 0.51 -1 1987
Result 0 0.0 2000 0.45 0.22 0.19 0.21 0.19 0.19 -1 -1 -1 -1 -1
Evo 1.00 0.00 0.50 0.50 0.50 0.50 0.50 0.04 0.00 0.05 0.43 0.53 -1 1987
Result 0 0.0 2000 0.45 0.21 0.19 0.22 0.18 0.20 -1 -1 -1 -1 -1
Evo 1.00 0.00 0.50 0.50 0.50 0.50 0.50 0.04 0.00 0.05 0.51 0.62 -1 1987
Result 0 0.0 2000 0.47 0.21 0.21 0.21 0.18 0.20 -1 -1 -1 -1 -1
Evo 1.00 0.00 0.50 0.50 0.50 0.50 0.50 0.04 0.00 0.05 0.41 0.54 -1 1987
Result 0 0.0 2000 0.46 0.20 0.19 0.19 0.20 0.21 -1 -1 -1 -1 -1
Evo 1.00 0.00 0.50 0.50 0.50 0.50 0.50 0.04 0.00 0.05 0.43 0.43 -1 1987
Result 0 0.0 2000 0.47 0.19 0.20 0.21 0.21 0.20 -1 -1 -1 -1 -1
Evo 1.00 0.50 1.00 0.50 0.50 0.50 0.50 0.03 0.00 0.02 0.43 0.43 723 -1
Result 1 1.0 732 0.46 0.19 0.19 0.21 0.22 0.19 -1 -1 -1 -1 -1
Evo 1.00 0.00 0.50 0.50 0.50 0.50 0.50 0.04 0.00 0.05 0.38 0.43 -1 1987
Result 0 0.0 2000 0.46 0.21 0.19 0.19 0.20 0.20 -1 -1 -1 -1 -1
Evo 1.00 0.00 0.50 0.50 0.50 0.50 0.50 0.04 0.00 0.05 0.40 0.43 -1 1987
Result 0 0.0 2000 0.46 0.21 0.19 0.21 0.20 0.19 -1 -1 -1 -1 -1
Evo 1.00 0.00 0.50 0.50 0.50 0.50 0.50 0.04 0.00 0.05 0.43 0.43 -1 1987
Result 0 0.0 2000 0.47 0.17 0.20 0.21 0.21 0.21 -1 -1 -1 -1 -1
Evo 1.00 0.00 0.50 0.50 0.50 0.50 0.50 0.04 0.00 0.05 0.29 0.38 -1 1987
Result 0 0.0 2000 0.47 0.21 0.21 0.19 0.19 0.21 -1 -1 -1 -1 -1
Evo 1.00 0.00 0.50 0.50 0.50 0.50 0.50 0.04 0.00 0.05 0.29 0.36 -1 1987
Result 0 0.0 2000 0.46 0.20 0.19 0.21 0.20 0.19 -1 -1 -1 -1 -1
Evo 1.00 0.00 0.50 0.50 0.50 0.50 0.50 0.04 0.00 0.05 0.43 0.43 -1 1987
Result 0 0.0 2000 0.46 0.19 0.20 0.19 0.21 0.21 -1 -1 -1 -1 -1
Evo 1.00 0.00 0.50 0.50 0.50 0.50 0.50 0.04 0.00 0.05 0.38 0.43 -1 1987
Result 0 0.0 2000 0.47 0.20 0.21 0.19 0.18 0.21 -1 -1 -1 -1 -1
Evo 1.00 0.00 0.50 0.50 0.50 0.50 0.50 0.04 0.00 0.05 0.43 0.43 -1 1987
Result 0 0.0 2000 0.46 0.19 0.20 0.20 0.20 0.21 -1 -1 -1 -1 -1
Evo 1.00 0.00 0.50 0.50 0.50 0.50 0.50 0.04 0.00 0.05 0.43 0.43 -1 1987
Result 0 0.0 2000 0.46 0.21 0.20 0.20 0.20 0.20 -1 -1 -1 -1 -1
Evo 1.00 0.00 0.50 0.50 0.50 0.50 0.50 0.04 0.00 0.05 0.29 0.29 -1 1987
Result 0 0.0 2000 0.47 0.19 0.20 0.21 0.19 0.21 -1 -1 -1 -1 -1
Evo 1.00 0.00 0.50 0.50 0.50 0.50 0.50 0.04 0.00 0.05 0.38 0.43 -1 1987
Result 0 0.0 2000 0.45 0.20 0.19 0.21 0.20 0.20 -1 -1 -1 -1 -1
Evo 1.00 0.00 0.50 0.50 0.50 0.50 0.50 0.04 0.00 0.05 0.43 0.43 -1 1987
Result 0 0.0 2000 0.46 0.21 0.20 0.20 0.19 0.19 -1 -1 -1 -1 -1
Evo 1.00 0.00 0.50 0.50 0.50 0.50 0.50 0.04 0.00 0.05 0.43 0.43 -1 1987
Result 0 0.0 2000 0.46 0.20 0.20 0.19 0.20 0.20 -1 -1 -1 -1 -1
Evo 1.00 0.00 0.50 0.50 0.50 0.50 0.50 0.04 0.00 0.05 0.38 0.43 -1 1987
Result 0 0.0 2000 0.46 0.20 0.20 0.21 0.19 0.19 -1 -1 -1 -1 -1
Evo 1.00 0.00 0.50 0.50 0.50 0.50 0.50 0.04 0.00 0.05 0.38 0.43 -1 1987
Result 0 0.0 2000 0.47 0.20 0.21 0.20 0.19 0.20 -1 -1 -1 -1 -1
Evo 1.00 0.00 0.50 0.50 0.50 0.50 0.50 0.04 0.00 0.05 0.43 0.43 -1 1987
Result 0 0.0 2000 0.46 0.19 0.19 0.19 0.20 0.22 -1 -1 -1 -1 -1
Evo 1.00 0.00 0.50 0.50 0.50 0.50 0.50 0.04 0.00 0.05 0.29 0.33 -1 1987
Result 0 0.0 2000 0.46 0.20 0.20 0.20 0.20 0.20 -1 -1 -1 -1 -1
Evo 1.00 0.00 0.50 0.50 0.50 0.50 0.50 0.04 0.00 0.05 0.29 0.38 -1 1987
Result 0 0.0 2000 0.45 0.20 0.18 0.20 0.21 0.21 -1 -1 -1 -1 -1
