Result 1 1.0 105 1157185910
Result 1 1.0 39 1127715028
Result 1 1.0 1244 1021055327
Result 1 1.0 21 -1706313933
Result 1 1.0 41 145758824
Result 1 1.0 56 2135639863
Result 1 1.0 71 -1496838063
Result 1 1.0 26 1341438300
Result 1 1.0 32 1572943708
Result 1 1.0 37 -653034243
Result 1 1.0 30 636822038
Result 1 1.0 77 128140519
Result 1 1.0 47 -1014638404
Result 1 1.0 35 -461160347
Result 1 1.0 30 1005266416
Result 1 1.0 51 1902214395
Result 1 1.0 37 -1642342117
Result 1 1.0 47 1837702816
Result 1 1.0 26 915509169
Result 1 1.0 589 -700129953
Result 1 1.0 1053 -1704404994
Result 1 1.0 334 -906560008
Result 1 1.0 1050 -60827238
Result 1 1.0 728 1920431080
Result 1 1.0 731 1502477736
Result 1 1.0 203 -1384132626
Result 1 1.0 620 -1229617464
Result 1 1.0 568 1155574351
Result 1 1.0 117 1236930180
Result 1 1.0 212 628440957
Result 1 1.0 543 1732717021
Result 1 1.0 338 506062313
Result 0 0.0 1007 -1701719761
Result 1 1.0 251 -1832002829
Result 1 1.0 400 980289493
Result 1 1.0 1000 1866102678
Result 1 1.0 263 247344885
Result 1 1.0 1145 1232350539
Result 1 1.0 683 -656180739
Result 1 1.0 393 211493784
Result 1 1.0 599 2047017444
Result 1 1.0 230 13559113
Result 1 1.0 177 1211830345
Result 1 1.0 354 -1228060202
Result 1 1.0 474 1037127404
Result 1 1.0 186 -90919576
Result 1 1.0 403 -1918157760
Result 1 1.0 1325 1268278348
Result 1 1.0 317 -164268804
Result 1 1.0 723 -808571816
Result 1 1.0 610 2137731947
Result 1 1.0 250 385499720
Result 1 1.0 317 -1536802412
Result 1 1.0 152 1659389665
Result 1 1.0 145 1456291301
Result 1 1.0 179 1694130145
Result 1 1.0 1337 -974848457
Result 1 1.0 338 1504626283
Result 1 1.0 128 -1808304114
Result 0 0.0 1500 1854253152
Result 1 1.0 1415 1701922525
Result 1 1.0 864 247811303
Result 1 1.0 757 -829489210
Result 0 0.0 1500 1605348408
Result 1 1.0 1355 -1316611269
Result 0 0.0 1500 1368744029
Result 0 0.0 1500 1086410761
Result 0 0.0 1500 227895662
Result 1 1.0 348 -516228512
Result 0 0.0 1500 -162974624
Result 1 1.0 1132 759343960
Result 0 0.0 1500 -27415233
Result 1 1.0 926 1381133525
Result 0 0.0 1500 489833857
Result 0 0.0 1500 -666257224
Result 0 0.0 1500 978945603
Result 0 0.0 1500 823289206
Result 1 1.0 1334 1432733403
Result 0 0.0 1500 -991507056
Result 1 1.0 1419 446763224
Result 1 1.0 203 712815657
Result 1 1.0 141 9481027
Result 1 1.0 32 -127410350
Result 0 0.0 1500 -93422793
Result 1 1.0 562 1918735567
Result 0 0.0 1500 1644101741
Result 1 1.0 107 -1903098448
Result 1 1.0 321 636825025
Result 1 1.0 243 -2030239789
Result 0 0.0 1500 -2130707994
Result 1 1.0 122 864786136
Result 1 1.0 116 1509721929
Result 0 0.0 1500 -1194380947
Result 0 0.0 1500 1161981879
Result 1 1.0 185 -1965443973
Result 1 1.0 1132 -1268223981
Result 1 1.0 248 413355805
Result 0 0.0 1500 -2076047746
Result 0 0.0 1500 660101021
Result 1 1.0 967 1635127441
