Result 1 5.0 110 -766754135
Result 1 8.0 86 -1795329158
Result 1 2.0 110 710382712
Result 1 5.0 110 95006348
Result 1 2.0 209 -1482488917
Result 1 2.0 209 1467118011
Result 1 2.0 110 -1195470742
Result 1 5.0 110 1231155417
Result 1 2.0 209 -1433914551
Result 1 5.0 110 1210255573
Result 1 5.0 110 -1952822437
Result 1 5.0 110 1463371144
Result 1 2.0 209 -1835670219
Result 1 5.0 110 -553881806
Result 1 5.0 110 -2014658351
Result 1 2.0 110 1569429863
Result 1 5.0 110 -249532766
Result 1 5.0 110 -463665437
Result 1 5.0 110 -1609754993
Result 1 5.0 110 -1108121134
Result 1 16.0 61 -181831975
Result 1 16.0 103 1265171717
Result 0 9.0 143 -1299236600
Result 1 16.0 98 -1679447302
Result 0 7.0 121 -297257122
Result 0 11.0 176 836229452
Result 1 16.0 88 2107381843
Result 0 11.0 176 1027967098
Result 1 16.0 146 223361986
Result 1 16.0 64 -1517060466
Result 0 9.0 132 2100578593
Result 1 16.0 54 813458953
Result 1 16.0 94 353242126
Result 0 13.0 176 849584131
Result 1 16.0 38 174521514
Result 1 16.0 61 427888842
Result 0 5.0 99 -1964902869
Result 1 16.0 75 1537424023
Result 0 11.0 132 60581728
Result 0 13.0 121 -338114906
Result 1 2.0 179 301613395
Result 1 2.0 86 1931693342
Result 1 5.0 79 1515750779
Result 1 5.0 188 875428102
Result 1 2.0 89 1223113339
Result 1 5.0 114 -427596037
Result 1 2.0 96 -1604374495
Result 1 5.0 78 -174906524
Result 1 2.0 200 1364274317
Result 1 2.0 128 767384054
Result 1 2.0 116 546261894
Result 1 5.0 94 988846093
Result 1 2.0 110 -1271374776
Result 1 2.0 200 -1878246247
Result 1 5.0 102 -1083580843
Result 1 2.0 87 -308955873
Result 1 2.0 181 485014135
Result 1 2.0 176 1777256466
Result 1 5.0 83 1161664511
Result 1 2.0 110 -2086774934
Result 0 2.0 275 -1853420107
Result 1 5.0 182 -2037341267
Result 0 2.0 285 -1329054905
Result 1 5.0 145 -1993415158
Result 1 5.0 110 614886230
Result 0 2.0 289 1699817146
Result 0 2.0 297 1256605429
Result 1 5.0 88 687897222
Result 0 2.0 275 -904912583
Result 0 0.0 110 548476818
Result 0 0.0 72 1239443042
Result 0 2.0 291 1333242108
Result 0 2.0 297 2079271048
Result 0 2.0 281 1138700155
Result 0 2.0 110 1734383670
Result 0 2.0 297 -17437685
Result 1 5.0 110 1519034208
Result 1 5.0 242 1244300375
Result 1 5.0 264 -1802305057
Result 0 2.0 297 -1720772985
Result 1 8.0 110 -1628474154
Result 1 2.0 209 -1788977678
Result 1 8.0 110 840598185
Result 1 8.0 110 1154725559
Result 1 2.0 209 -529827849
Result 1 8.0 110 1374035547
Result 1 2.0 209 442550961
Result 1 5.0 177 616644813
Result 1 8.0 110 1585353093
Result 1 8.0 110 -104241534
Result 1 8.0 128 782870027
Result 1 11.0 110 1009482716
Result 1 8.0 110 1793531810
Result 1 14.0 71 2143275857
Result 1 2.0 206 -1535489987
Result 1 8.0 110 999237882
Result 1 2.0 203 -381818397
Result 1 8.0 110 68874853
Result 1 8.0 110 515832893
Result 1 2.0 209 2044460127
