Result 1 42.0 362 1509640720
Result 1 46.0 249 -754676431
Result 1 48.0 122 2141841263
Result 1 64.0 568 446477761
Result 1 16.0 52 -1037815033
Result 1 40.0 304 218481060
Result 1 56.0 195 2093878542
Result 0 10.0 150 1075653088
Result 1 32.0 403 -1465729607
Result 0 50.0 294 520800047
Result 0 30.0 274 2067439967
Result 1 12.0 100 575060684
Result 1 12.0 57 -1797665076
Result 1 44.0 381 -1665846826
Result 1 28.0 264 -1502394019
Result 1 52.0 328 -162010570
Result 1 14.0 60 308469397
Result 1 34.0 752 1898978194
Result 1 26.0 349 -783513444
Result 0 26.0 448 1795099272
Result 1 32.0 235 1724588902
Result 1 32.0 181 765230967
Result 1 34.0 288 -1169227291
Result 1 34.0 158 282676331
Result 1 32.0 176 2114412177
Result 1 34.0 426 -240975305
Result 1 30.0 265 1076343462
Result 1 36.0 382 -400991289
Result 1 30.0 170 -2021084326
Result 1 34.0 466 -1771866350
Result 1 30.0 231 254058402
Result 1 32.0 192 1375992790
Result 1 30.0 217 277659443
Result 1 32.0 159 -1090383558
Result 1 34.0 248 -1854300918
Result 1 34.0 354 -1037647820
Result 1 36.0 204 -1809668770
Result 1 32.0 175 26666661
Result 1 32.0 343 -167683698
Result 1 30.0 86 1266159424
Result 1 54.0 330 1530666962
Result 1 56.0 563 817220112
Result 1 44.0 296 -1566762660
Result 1 54.0 234 479074706
Result 1 58.0 552 1937866690
Result 0 56.0 293 317026735
Result 1 54.0 153 -1270285846
Result 0 52.0 214 934939712
Result 1 50.0 134 -200099745
Result 1 56.0 250 -433571981
Result 1 60.0 781 -325719574
Result 1 44.0 236 1875006414
Result 1 56.0 390 614102107
Result 1 58.0 300 1138401644
Result 1 52.0 136 -1090856104
Result 1 52.0 170 -1319409321
Result 1 42.0 113 868584065
Result 1 54.0 160 -401672695
Result 0 50.0 224 -1671585769
Result 1 52.0 166 -1015126771
Result 1 24.0 278 -189156011
Result 1 24.0 314 1730654145
Result 1 24.0 228 -792793619
Result 1 20.0 105 42413800
Result 1 24.0 218 -969730914
Result 1 24.0 594 1999268992
Result 1 24.0 160 -1598802834
Result 1 22.0 216 257374566
Result 1 24.0 276 -1255032525
Result 1 24.0 73 983004085
Result 1 22.0 100 -701819761
Result 1 22.0 122 102506362
Result 1 24.0 102 578744175
Result 1 20.0 108 1259039486
Result 1 22.0 102 1246880738
Result 1 24.0 181 -242872044
Result 1 24.0 91 -1224013476
Result 1 24.0 128 -1430641186
Result 1 22.0 73 1732217411
Result 1 24.0 97 272234831
Result 1 14.0 48 891150196
Result 1 14.0 60 -1641097979
Result 1 14.0 28 -1490601749
Result 1 14.0 74 -1650557879
Result 1 14.0 212 346095040
Result 1 14.0 116 1628209336
Result 1 14.0 62 269148207
Result 1 14.0 348 1859530650
Result 1 14.0 68 258488222
Result 1 14.0 25 -1056039609
Result 1 14.0 92 -1585452909
Result 1 14.0 247 1591765173
Result 1 14.0 122 1711615915
Result 1 14.0 209 334815161
Result 1 14.0 79 935733381
Result 1 14.0 111 -143972034
Result 1 14.0 289 -997969476
Result 1 14.0 180 -1715749430
Result 1 14.0 66 777435227
Result 1 14.0 43 2102459267
