Evo 1.05 0.90 1.00 1.00 1.00 1.00 1.00 0.02 0.00 0.04 0.06 0.08 314 68
Result 1 68.0 334 0.53 0.25 -1 0.21 -1 0.18 0.36 -1 -1 -1 -1
Evo 1.14 0.50 1.00 0.53 0.50 0.50 0.50 0.12 0.01 0.10 0.06 0.08 337 35
Result 1 69.0 357 0.53 0.25 -1 0.21 -1 0.20 0.34 -1 -1 -1 -1
Evo 1.10 0.80 1.00 1.00 1.00 1.00 1.00 0.02 0.00 0.03 0.08 0.09 482 41
Result 1 87.0 502 0.53 0.27 -1 0.20 -1 0.18 0.34 -1 -1 -1 -1
Evo 1.11 0.50 1.00 0.53 0.50 0.50 0.50 0.12 0.01 0.17 0.06 0.08 319 87
Result 1 68.0 339 0.53 0.25 -1 0.22 -1 0.20 0.33 -1 -1 -1 -1
Evo 1.04 0.50 1.00 0.53 0.50 0.50 0.50 0.11 0.01 0.06 0.06 0.08 360 42
Result 1 71.0 380 0.53 0.24 -1 0.21 -1 0.23 0.33 -1 -1 -1 -1
Evo 1.11 0.50 1.00 0.53 0.50 0.50 0.50 0.12 0.01 0.04 0.06 0.09 322 98
Result 1 68.0 342 0.53 0.26 -1 0.22 -1 0.20 0.33 -1 -1 -1 -1
Evo 1.13 0.50 1.00 0.53 0.50 0.50 0.50 0.12 0.01 0.07 0.05 0.08 322 54
Result 1 69.0 342 0.53 0.28 -1 0.21 -1 0.19 0.32 -1 -1 -1 -1
Evo 1.15 0.50 1.00 0.53 0.50 0.50 0.50 0.12 0.01 0.14 0.05 0.08 306 35
Result 1 66.0 326 0.53 0.23 -1 0.22 -1 0.20 0.35 -1 -1 -1 -1
Evo 1.14 0.50 1.00 0.53 0.50 0.50 0.50 0.11 0.01 0.04 0.09 0.09 378 49
Result 1 80.0 398 0.53 0.26 -1 0.17 -1 0.20 0.38 -1 -1 -1 -1
Evo 1.13 0.50 1.00 0.52 0.50 0.50 0.50 0.10 0.00 0.06 0.08 0.09 441 32
Result 1 80.0 459 0.53 0.24 -1 0.22 -1 0.21 0.33 -1 -1 -1 -1
Evo 1.15 0.50 1.00 0.53 0.50 0.50 0.50 0.12 0.01 0.04 0.06 0.08 307 65
Result 1 63.0 327 0.53 0.28 -1 0.19 -1 0.17 0.36 -1 -1 -1 -1
Evo 1.09 0.50 1.00 0.52 0.50 0.50 0.50 0.10 0.00 0.10 0.08 0.09 493 113
Result 1 86.0 513 0.53 0.27 -1 0.22 -1 0.19 0.32 -1 -1 -1 -1
Evo 1.07 0.50 1.00 0.53 0.50 0.50 0.50 0.11 0.01 0.05 0.06 0.08 399 53
Result 1 71.0 419 0.53 0.23 -1 0.21 -1 0.18 0.38 -1 -1 -1 -1
Evo 1.07 0.50 1.00 0.52 0.50 0.50 0.50 0.10 0.00 0.11 0.08 0.09 436 103
Result 1 81.0 456 0.53 0.28 -1 0.20 -1 0.19 0.34 -1 -1 -1 -1
Evo 1.07 0.50 1.00 0.53 0.50 0.50 0.50 0.12 0.01 0.13 0.07 0.09 295 42
Result 1 70.0 315 0.53 0.27 -1 0.20 -1 0.18 0.35 -1 -1 -1 -1
Evo 1.12 0.50 1.00 0.52 0.50 0.50 0.50 0.10 0.00 0.07 0.09 0.09 447 41
Result 1 82.0 467 0.53 0.24 -1 0.22 -1 0.21 0.34 -1 -1 -1 -1
Evo 1.07 0.50 1.00 0.52 0.50 0.50 0.50 0.11 0.00 0.11 0.06 0.08 432 71
Result 1 68.0 452 0.52 0.25 -1 0.22 -1 0.21 0.31 -1 -1 -1 -1
Evo 1.15 0.50 1.00 0.52 0.50 0.50 0.50 0.11 0.01 0.06 0.08 0.09 426 47
Result 1 86.0 446 0.53 0.23 -1 0.19 -1 0.20 0.37 -1 -1 -1 -1
Evo 1.11 0.50 1.00 0.53 0.50 0.50 0.50 0.12 0.01 0.04 0.05 0.09 310 81
Result 1 66.0 330 0.53 0.21 -1 0.21 -1 0.19 0.39 -1 -1 -1 -1
Evo 1.12 0.50 1.00 0.52 0.50 0.50 0.50 0.11 0.01 0.08 0.06 0.08 399 36
Result 1 72.0 418 0.53 0.28 -1 0.20 -1 0.18 0.34 -1 -1 -1 -1
Evo 1.08 0.50 1.00 0.52 0.50 0.50 0.50 0.10 0.01 0.09 0.08 0.09 375 53
Result 1 80.0 391 0.53 0.24 -1 0.20 -1 0.22 0.33 -1 -1 -1 -1
Evo 1.10 0.50 1.00 0.52 0.50 0.50 0.50 0.10 0.00 0.06 0.08 0.09 460 69
Result 1 84.0 480 0.53 0.26 -1 0.21 -1 0.20 0.33 -1 -1 -1 -1
Evo 1.10 0.50 1.00 0.53 0.50 0.50 0.50 0.11 0.01 0.07 0.08 0.09 387 39
Result 1 81.0 408 0.53 0.22 -1 0.20 -1 0.20 0.37 -1 -1 -1 -1
Evo 1.11 0.50 1.00 0.53 0.50 0.50 0.50 0.12 0.01 0.14 0.06 0.08 317 64
Result 1 72.0 337 0.52 0.28 -1 0.21 -1 0.19 0.31 -1 -1 -1 -1
Evo 1.11 0.50 1.00 0.52 0.50 0.50 0.50 0.11 0.01 0.10 0.08 0.09 384 64
Result 1 84.0 402 0.53 0.26 -1 0.20 -1 0.19 0.34 -1 -1 -1 -1
Evo 1.12 0.50 1.00 0.53 0.50 0.50 0.50 0.12 0.01 0.04 0.05 0.08 320 45
Result 1 71.0 338 0.53 0.25 -1 0.19 -1 0.24 0.32 -1 -1 -1 -1
Evo 1.09 0.50 1.00 0.52 0.50 0.50 0.50 0.10 0.00 0.12 0.09 0.09 502 39
Result 1 78.0 523 0.53 0.28 -1 0.20 -1 0.20 0.32 -1 -1 -1 -1
Evo 1.11 0.50 1.00 0.53 0.50 0.50 0.50 0.11 0.01 0.04 0.08 0.09 396 39
Result 1 81.0 417 0.53 0.28 -1 0.19 -1 0.21 0.33 -1 -1 -1 -1
Evo 1.10 0.50 1.00 0.53 0.50 0.50 0.50 0.12 0.01 0.08 0.05 0.08 312 98
Result 1 71.0 331 0.53 0.27 -1 0.20 -1 0.20 0.33 -1 -1 -1 -1
Evo 1.09 0.50 1.00 0.52 0.50 0.50 0.50 0.11 0.01 0.13 0.08 0.09 401 44
Result 1 86.0 421 0.53 0.23 -1 0.20 -1 0.18 0.39 -1 -1 -1 -1
Evo 1.09 0.50 1.00 0.53 0.50 0.50 0.50 0.12 0.01 0.06 0.06 0.08 311 108
Result 1 70.0 330 0.53 0.23 -1 0.19 -1 0.22 0.36 -1 -1 -1 -1
Evo 1.11 0.50 1.00 0.53 0.50 0.50 0.50 0.13 0.01 0.06 0.05 0.07 289 45
Result 1 61.0 309 0.53 0.24 -1 0.22 -1 0.22 0.32 -1 -1 -1 -1
Evo 1.05 0.50 1.00 0.53 0.50 0.50 0.50 0.11 0.01 0.05 0.08 0.09 375 63
Result 1 77.0 395 0.53 0.22 -1 0.22 -1 0.21 0.35 -1 -1 -1 -1
Evo 1.07 0.50 1.00 0.53 0.50 0.50 0.50 0.12 0.01 0.17 0.05 0.08 304 64
Result 1 70.0 324 0.53 0.28 -1 0.17 -1 0.20 0.35 -1 -1 -1 -1
Evo 1.08 0.50 1.00 0.53 0.50 0.50 0.50 0.12 0.01 0.05 0.06 0.08 286 64
Result 1 68.0 305 0.53 0.23 -1 0.21 -1 0.21 0.35 -1 -1 -1 -1
Evo 1.06 0.50 1.00 0.53 0.50 0.50 0.50 0.12 0.01 0.04 0.05 0.08 312 50
Result 1 71.0 332 0.53 0.26 -1 0.18 -1 0.22 0.34 -1 -1 -1 -1
Evo 1.09 0.50 1.00 0.53 0.50 0.50 0.50 0.11 0.01 0.02 0.06 0.08 381 35
Result 1 66.0 401 0.53 0.21 -1 0.23 -1 0.22 0.34 -1 -1 -1 -1
Evo 1.06 0.50 1.00 0.53 0.50 0.50 0.50 0.12 0.01 0.08 0.05 0.07 312 45
Result 1 71.0 332 0.53 0.26 -1 0.17 -1 0.23 0.35 -1 -1 -1 -1
Evo 1.10 0.50 1.00 0.53 0.50 0.50 0.50 0.12 0.01 0.08 0.05 0.08 301 64
Result 1 71.0 320 0.53 0.26 -1 0.18 -1 0.23 0.33 -1 -1 -1 -1
Evo 1.12 0.50 1.00 0.53 0.50 0.50 0.50 0.11 0.01 0.10 0.08 0.09 409 42
Result 1 85.0 431 0.53 0.26 -1 0.21 -1 0.17 0.36 -1 -1 -1 -1
Evo 1.15 0.50 1.00 0.53 0.50 0.50 0.50 0.13 0.01 0.16 0.05 0.08 291 36
Result 1 69.0 311 0.53 0.28 -1 0.18 -1 0.21 0.34 -1 -1 -1 -1
Evo 1.05 0.50 1.00 0.53 0.50 0.50 0.50 0.12 0.01 0.06 0.05 0.08 310 62
Result 1 70.0 330 0.53 0.25 -1 0.17 -1 0.21 0.37 -1 -1 -1 -1
Evo 1.15 0.50 1.00 0.53 0.50 0.50 0.50 0.11 0.01 0.08 0.08 0.09 364 44
Result 1 77.0 384 0.53 0.24 -1 0.18 -1 0.20 0.37 -1 -1 -1 -1
Evo 1.11 0.50 1.00 0.53 0.50 0.50 0.50 0.12 0.01 0.12 0.08 0.09 336 141
Result 1 77.0 356 0.53 0.23 -1 0.22 -1 0.21 0.34 -1 -1 -1 -1
Evo 1.05 0.50 1.00 0.52 0.50 0.50 0.50 0.11 0.01 0.07 0.08 0.09 421 96
Result 1 76.0 441 0.52 0.28 -1 0.21 -1 0.21 0.30 -1 -1 -1 -1
Evo 1.12 0.50 1.00 0.53 0.50 0.50 0.50 0.11 0.01 0.16 0.08 0.09 387 85
Result 1 78.0 407 0.53 0.24 -1 0.20 -1 0.21 0.34 -1 -1 -1 -1
Evo 1.11 0.50 1.00 0.53 0.50 0.50 0.50 0.11 0.01 0.09 0.08 0.09 363 63
Result 1 76.0 383 0.53 0.22 -1 0.21 -1 0.22 0.35 -1 -1 -1 -1
Evo 1.05 0.50 1.00 0.52 0.50 0.50 0.50 0.10 0.00 0.07 0.09 0.09 473 145
Result 1 83.0 492 0.53 0.25 -1 0.23 -1 0.20 0.32 -1 -1 -1 -1
Evo 1.09 0.50 1.00 0.53 0.50 0.50 0.50 0.12 0.01 0.16 0.05 0.08 293 99
Result 1 63.0 312 0.53 0.24 -1 0.23 -1 0.20 0.33 -1 -1 -1 -1
Evo 1.07 0.50 1.00 0.52 0.50 0.50 0.50 0.10 0.00 0.06 0.08 0.09 447 117
Result 1 82.0 467 0.53 0.25 -1 0.23 -1 0.18 0.34 -1 -1 -1 -1
Evo 1.10 0.50 1.00 0.52 0.50 0.50 0.50 0.10 0.00 0.11 0.08 0.09 441 83
Result 1 82.0 460 0.52 0.25 -1 0.23 -1 0.21 0.31 -1 -1 -1 -1
Evo 1.09 0.50 1.00 0.53 0.50 0.50 0.50 0.11 0.01 0.04 0.06 0.08 389 56
Result 1 71.0 409 0.53 0.29 -1 0.21 -1 0.18 0.32 -1 -1 -1 -1
Evo 1.06 0.50 1.00 0.52 0.50 0.50 0.50 0.10 0.00 0.14 0.08 0.09 439 83
Result 1 81.0 459 0.52 0.29 -1 0.20 -1 0.21 0.30 -1 -1 -1 -1
Evo 1.08 0.50 1.00 0.52 0.50 0.50 0.50 0.11 0.01 0.10 0.08 0.09 426 72
Result 1 79.0 446 0.53 0.20 -1 0.21 -1 0.22 0.36 -1 -1 -1 -1
Evo 1.11 0.50 1.00 0.53 0.50 0.50 0.50 0.11 0.01 0.06 0.08 0.09 339 93
Result 1 78.0 358 0.53 0.26 -1 0.21 -1 0.19 0.34 -1 -1 -1 -1
Evo 1.10 0.50 1.00 0.52 0.50 0.50 0.50 0.10 0.00 0.14 0.09 0.09 444 69
Result 1 83.0 464 0.53 0.26 -1 0.21 -1 0.18 0.35 -1 -1 -1 -1
Evo 1.11 0.50 1.00 0.53 0.50 0.50 0.50 0.13 0.01 0.05 0.06 0.08 292 50
Result 1 63.0 312 0.53 0.25 -1 0.22 -1 0.18 0.35 -1 -1 -1 -1
Evo 1.12 0.50 1.00 0.53 0.50 0.50 0.50 0.12 0.01 0.07 0.08 0.09 338 108
Result 1 73.0 358 0.53 0.24 -1 0.20 -1 0.21 0.35 -1 -1 -1 -1
Evo 1.08 0.50 1.00 0.53 0.50 0.50 0.50 0.12 0.01 0.07 0.08 0.09 332 83
Result 1 76.0 352 0.53 0.25 -1 0.21 -1 0.20 0.33 -1 -1 -1 -1
Evo 1.14 0.50 1.00 0.52 0.50 0.50 0.50 0.11 0.01 0.09 0.08 0.09 369 96
Result 1 76.0 387 0.53 0.27 -1 0.20 -1 0.19 0.35 -1 -1 -1 -1
Evo 1.14 0.50 1.00 0.52 0.50 0.50 0.50 0.11 0.01 0.11 0.08 0.09 342 78
Result 1 73.0 358 0.53 0.24 -1 0.22 -1 0.20 0.34 -1 -1 -1 -1
Evo 1.10 0.50 1.00 0.52 0.50 0.50 0.50 0.10 0.00 0.09 0.08 0.09 441 83
Result 1 78.0 459 0.52 0.27 -1 0.22 -1 0.21 0.30 -1 -1 -1 -1
Evo 1.04 0.50 1.00 0.53 0.50 0.50 0.50 0.12 0.01 0.28 0.09 0.09 348 59
Result 1 45.0 368 0.52 0.22 -1 0.26 -1 0.22 0.31 -1 -1 -1 -1
Evo 1.02 0.50 1.00 0.53 0.50 0.50 0.50 0.11 0.01 0.15 0.05 0.07 340 74
Result 1 40.0 358 0.52 0.22 -1 0.24 -1 0.23 0.31 -1 -1 -1 -1
Evo 1.03 0.50 1.00 0.53 0.50 0.50 0.50 0.13 0.01 0.18 0.06 0.08 282 64
Result 1 40.0 302 0.53 0.22 -1 0.21 -1 0.24 0.33 -1 -1 -1 -1
Evo 1.02 0.50 1.00 0.53 0.50 0.50 0.50 0.12 0.01 0.19 0.03 0.05 301 111
Result 1 40.0 321 0.52 0.25 -1 0.21 -1 0.24 0.30 -1 -1 -1 -1
Evo 1.02 0.50 1.00 0.54 0.50 0.50 0.50 0.13 0.01 0.20 0.06 0.09 273 64
Result 1 40.0 293 0.52 0.26 -1 0.23 -1 0.20 0.31 -1 -1 -1 -1
Evo 1.01 0.50 1.00 0.53 0.50 0.50 0.50 0.12 0.01 0.18 0.05 0.08 316 99
Result 1 40.0 336 0.52 0.22 -1 0.26 -1 0.23 0.30 -1 -1 -1 -1
Evo 1.02 0.50 1.00 0.53 0.50 0.50 0.50 0.12 0.01 0.19 0.06 0.08 280 64
Result 1 40.0 299 0.51 0.23 -1 0.27 -1 0.22 0.28 -1 -1 -1 -1
Evo 1.04 0.50 1.00 0.52 0.50 0.50 0.50 0.10 0.01 0.15 0.09 0.09 395 64
Result 1 45.0 413 0.52 0.26 -1 0.26 -1 0.20 0.29 -1 -1 -1 -1
Evo 1.00 0.50 1.00 0.53 0.50 0.50 0.50 0.12 0.01 0.17 0.06 0.08 325 67
Result 1 40.0 345 0.52 0.26 -1 0.23 -1 0.21 0.29 -1 -1 -1 -1
Evo 1.04 0.50 1.00 0.52 0.50 0.50 0.50 0.10 0.01 0.11 0.09 0.09 407 62
Result 1 46.0 425 0.52 0.26 -1 0.26 -1 0.19 0.29 -1 -1 -1 -1
Evo 1.05 0.50 1.00 0.52 0.50 0.50 0.50 0.11 0.01 0.15 0.09 0.09 402 64
Result 1 43.0 421 0.51 0.26 -1 0.26 -1 0.20 0.28 -1 -1 -1 -1
Evo 1.03 0.50 1.00 0.53 0.50 0.50 0.50 0.12 0.01 0.19 0.05 0.07 290 95
Result 1 40.0 308 0.53 0.22 -1 0.24 -1 0.21 0.33 -1 -1 -1 -1
Evo 1.03 0.50 1.00 0.54 0.50 0.50 0.50 0.13 0.01 0.19 0.05 0.07 273 57
Result 1 40.0 293 0.53 0.27 -1 0.21 -1 0.18 0.34 -1 -1 -1 -1
Evo 1.02 0.50 1.00 0.53 0.50 0.50 0.50 0.13 0.01 0.18 0.05 0.08 283 64
Result 1 40.0 303 0.53 0.26 -1 0.20 -1 0.20 0.34 -1 -1 -1 -1
Evo 1.01 0.50 1.00 0.53 0.50 0.50 0.50 0.12 0.01 0.16 0.05 0.06 307 99
Result 1 40.0 327 0.51 0.23 -1 0.23 -1 0.27 0.27 -1 -1 -1 -1
Evo 1.02 0.50 1.00 0.53 0.50 0.50 0.50 0.12 0.01 0.18 0.02 0.05 306 104
Result 1 40.0 326 0.52 0.28 -1 0.19 -1 0.24 0.30 -1 -1 -1 -1
Evo 1.02 0.50 1.00 0.54 0.50 0.50 0.50 0.13 0.01 0.18 0.05 0.08 272 64
Result 1 40.0 292 0.53 0.25 -1 0.23 -1 0.18 0.34 -1 -1 -1 -1
Evo 1.02 0.50 1.00 0.53 0.50 0.50 0.50 0.11 0.01 0.15 0.09 0.09 392 63
Result 1 44.0 412 0.52 0.24 -1 0.25 -1 0.20 0.31 -1 -1 -1 -1
Evo 1.03 0.50 1.00 0.53 0.50 0.50 0.50 0.12 0.01 0.15 0.04 0.07 295 96
Result 1 40.0 315 0.52 0.23 -1 0.22 -1 0.24 0.31 -1 -1 -1 -1
Evo 1.02 0.50 1.00 0.53 0.50 0.50 0.50 0.12 0.01 0.18 0.05 0.08 295 102
Result 1 40.0 315 0.53 0.22 -1 0.23 -1 0.21 0.35 -1 -1 -1 -1
Evo 1.13 0.50 1.00 0.53 0.50 0.50 0.50 0.12 0.01 0.10 0.09 0.09 315 71
Result 1 67.0 335 0.53 0.25 -1 0.16 -1 0.24 0.35 -1 -1 -1 -1
Evo 1.05 0.50 1.00 0.53 0.50 0.50 0.50 0.12 0.01 0.14 0.07 0.09 347 35
Result 1 66.0 370 0.52 0.23 -1 0.23 -1 0.23 0.31 -1 -1 -1 -1
Evo 1.09 0.50 1.00 0.53 0.50 0.50 0.50 0.12 0.01 0.15 0.09 0.09 366 36
Result 1 68.0 389 0.53 0.23 -1 0.18 -1 0.23 0.37 -1 -1 -1 -1
Evo 1.07 0.50 1.00 0.53 0.50 0.50 0.50 0.11 0.01 0.09 0.09 0.09 392 11
Result 1 73.0 412 0.53 0.26 -1 0.20 -1 0.20 0.35 -1 -1 -1 -1
Evo 1.06 0.50 1.00 0.53 0.50 0.50 0.50 0.11 0.01 0.08 0.09 0.09 347 29
Result 1 70.0 366 0.53 0.26 -1 0.18 -1 0.24 0.32 -1 -1 -1 -1
Evo 1.08 0.50 1.00 0.53 0.50 0.50 0.50 0.11 0.01 0.09 0.09 0.09 384 29
Result 1 69.0 404 0.53 0.27 -1 0.15 -1 0.24 0.34 -1 -1 -1 -1
Evo 1.12 0.50 1.00 0.53 0.50 0.50 0.50 0.12 0.01 0.13 0.09 0.09 312 24
Result 1 68.0 332 0.53 0.25 -1 0.15 -1 0.26 0.35 -1 -1 -1 -1
Evo 1.05 0.50 1.00 0.53 0.50 0.50 0.50 0.12 0.01 0.09 0.09 0.09 312 27
Result 1 65.0 332 0.53 0.23 -1 0.14 -1 0.27 0.35 -1 -1 -1 -1
Evo 1.06 0.50 1.00 0.53 0.50 0.50 0.50 0.12 0.01 0.15 0.04 0.07 315 117
Result 1 56.0 335 0.53 0.25 -1 0.18 -1 0.19 0.38 -1 -1 -1 -1
Evo 1.16 0.50 1.00 0.53 0.50 0.50 0.50 0.12 0.01 0.08 0.09 0.09 300 89
Result 1 65.0 320 0.53 0.21 -1 0.18 -1 0.26 0.35 -1 -1 -1 -1
Evo 1.05 0.50 1.00 0.52 0.50 0.50 0.50 0.11 0.01 0.08 0.09 0.09 372 132
Result 1 64.0 390 0.53 0.27 -1 0.17 -1 0.23 0.33 -1 -1 -1 -1
Evo 1.10 0.50 1.00 0.53 0.50 0.50 0.50 0.12 0.01 0.09 0.09 0.09 325 14
Result 1 68.0 345 0.53 0.27 -1 0.14 -1 0.23 0.36 -1 -1 -1 -1
Evo 1.06 0.50 1.00 0.54 0.50 0.50 0.50 0.13 0.01 0.05 0.05 0.07 261 33
Result 1 56.0 281 0.53 0.28 -1 0.17 -1 0.20 0.35 -1 -1 -1 -1
Evo 1.10 0.50 1.00 0.53 0.50 0.50 0.50 0.12 0.01 0.12 0.09 0.09 316 86
Result 1 66.0 336 0.53 0.26 -1 0.13 -1 0.23 0.37 -1 -1 -1 -1
Evo 1.05 0.50 1.00 0.52 0.50 0.50 0.50 0.10 0.00 0.06 0.09 0.09 474 11
Result 1 69.0 494 0.53 0.24 -1 0.19 -1 0.25 0.32 -1 -1 -1 -1
Evo 1.11 0.50 1.00 0.53 0.50 0.50 0.50 0.12 0.01 0.06 0.09 0.09 337 17
Result 1 65.0 356 0.53 0.31 -1 0.14 -1 0.21 0.34 -1 -1 -1 -1
Evo 1.06 0.50 1.00 0.54 0.50 0.50 0.50 0.13 0.01 0.10 0.06 0.08 275 74
Result 1 58.0 295 0.53 0.27 -1 0.18 -1 0.21 0.33 -1 -1 -1 -1
Evo 1.05 0.50 1.00 0.53 0.50 0.50 0.50 0.12 0.01 0.10 0.09 0.09 312 64
Result 1 64.0 331 0.53 0.22 -1 0.19 -1 0.27 0.33 -1 -1 -1 -1
Evo 1.02 0.50 1.00 0.54 0.50 0.50 0.50 0.13 0.01 0.19 0.06 0.08 263 59
Result 1 57.0 283 0.53 0.26 -1 0.17 -1 0.22 0.34 -1 -1 -1 -1
Evo 1.05 0.50 1.00 0.53 0.50 0.50 0.50 0.12 0.01 0.09 0.09 0.09 335 11
Result 1 70.0 355 0.53 0.24 -1 0.17 -1 0.22 0.37 -1 -1 -1 -1
