Result 1 1067.0 1000 1770627078
Result 1 50.0 1000 848637165
Result 0 26.0 572 -1940267078
Result 1 2063.0 1000 1078907847
Result 0 25.0 442 -208344756
Result 0 24.0 780 -2005292241
Result 0 51.0 754 36635144
Result 0 3.0 109 -136673117
Result 0 31.0 520 205598383
Result 1 1058.0 1000 1425998090
Result 1 2050.0 1000 -1161018442
Result 0 19.0 442 954559893
Result 0 2043.0 697 -793288799
Result 1 1046.0 1000 1232270368
Result 1 1066.0 1000 2038131696
Result 1 1053.0 1000 128080074
Result 0 28.0 442 -1381105613
Result 0 1021.0 494 -744675981
Result 1 1064.0 1000 1283139611
Result 1 1048.0 1000 -6639042
Result 0 9.0 442 2072471027
Result 1 2053.0 1000 -742033497
Result 1 1039.0 1000 432283181
Result 1 1041.0 1000 679681866
Result 0 21.0 442 801177387
Result 0 32.0 442 -634398452
Result 0 10.0 217 -2042665898
Result 0 26.0 442 1690104350
Result 0 22.0 624 -1216728439
Result 0 14.0 442 -79101676
Result 1 1044.0 1000 -486736636
Result 0 23.0 330 725115412
Result 1 1051.0 1000 -1216566220
Result 1 1048.0 1000 -467496216
Result 1 2053.0 1000 2137354402
Result 0 37.0 754 946987127
Result 1 2033.0 1000 1413297300
Result 0 47.0 875 841503914
Result 1 1058.0 1000 -2102206968
Result 0 28.0 442 -63402704
Result 1 3029.0 1000 -948928516
Result 1 2030.0 1000 765329368
Result 1 2030.0 1000 1347747884
Result 0 15.0 624 -1839879324
Result 0 8.0 442 -462849747
Result 0 18.0 442 1374348483
Result 1 3049.0 1000 1235894003
Result 1 3046.0 1000 -1521748389
Result 0 1016.0 598 2046037907
Result 1 1025.0 1000 1361400359
Result 1 3048.0 1000 68220606
Result 1 2029.0 1000 -2017980712
Result 1 3057.0 1000 1645774517
Result 1 3035.0 1000 -679437773
Result 1 3050.0 1000 -1989847277
Result 1 2033.0 1000 1322565123
Result 0 12.0 442 461032224
Result 0 30.0 728 1611710012
Result 1 2030.0 1000 -253337643
Result 1 2032.0 1000 631133628
Result 1 5089.0 1000 1270161276
Result 1 5077.0 1000 -2041371687
Result 1 5103.0 1000 -347393733
Result 0 3061.0 825 1934076445
Result 1 5084.0 1000 1232350727
Result 1 5089.0 1000 -1476259507
Result 0 2068.0 799 -1696764551
Result 1 6096.0 1000 859094410
Result 1 4100.0 1000 2033483259
Result 1 6079.0 1000 461008230
Result 1 4066.0 1000 -263197898
Result 0 9.0 239 -2134629157
Result 1 4074.0 1000 1089867710
Result 1 2059.0 1000 1522794492
Result 0 2072.0 910 970355791
Result 0 3092.0 891 554005862
Result 0 4085.0 997 -80833140
Result 0 6.0 209 1455962466
Result 0 1040.0 494 -543326949
Result 1 3083.0 1000 1584345204
Result 1 6057.0 1000 -307390911
Result 1 6040.0 1000 -617137167
Result 1 4052.0 1000 -280375305
Result 1 6050.0 1000 272203264
Result 1 5061.0 1000 1746287986
Result 1 6038.0 1000 -732965908
Result 1 3032.0 1000 -992540021
Result 1 6047.0 1000 37734143
Result 1 6060.0 1000 -1243741534
Result 1 4030.0 1000 -894283754
Result 1 6057.0 1000 1867072907
Result 1 7057.0 1000 -584912940
Result 1 5059.0 1000 1075837572
Result 0 5047.0 941 2012477754
Result 1 4034.0 1000 -2072969641
Result 1 4046.0 1000 887639186
Result 1 5021.0 1000 -586752370
Result 0 1025.0 473 306906501
Result 1 7050.0 1000 359910963
Result 1 7048.0 1000 -963837887
