Result 1 30.0 549 -1377127513
Result 1 33.0 581 -467519086
Result 1 45.0 434 -233749876
Result 1 41.0 538 -2119734056
Result 1 45.0 429 -1616492985
Result 1 45.0 667 1348377973
Result 0 13.0 654 -24582206
Result 1 45.0 423 -1277931340
Result 1 29.0 532 1144663610
Result 0 -1.0 360 -546304878
Result 1 40.0 517 -1032028077
Result 1 29.0 695 -1165313371
Result 1 40.0 720 -8555473
Result 1 40.0 472 -1960575685
Result 0 19.0 658 -1540418955
Result 0 23.0 483 1692316214
Result 0 23.0 700 -361298995
Result 1 40.0 497 -609974277
Result 1 45.0 521 1100895513
Result 0 17.0 685 66944466
Result 1 41.0 652 539944900
Result 0 -1.0 494 -1382009211
Result 1 32.0 969 1968672239
Result 1 40.0 462 1048820160
Result 1 35.0 690 -1391500404
Result 1 32.0 779 -1295768151
Result 1 45.0 713 -1214718928
Result 1 31.0 638 -832229186
Result 1 45.0 523 -993214747
Result 1 46.0 658 -491624648
Result 0 -3.0 707 391582345
Result 1 35.0 721 1218866587
Result 1 28.0 694 -1384624410
Result 1 26.0 695 -12497870
Result 1 32.0 698 1910220732
Result 1 35.0 455 -1748929702
Result 1 50.0 489 2008969998
Result 0 5.0 541 -582252589
Result 0 3.0 579 736072879
Result 0 -7.0 481 -1781259947
Result 0 25.0 519 -1231158780
Result 1 35.0 508 1116064380
Result 1 30.0 546 -405643150
Result 1 40.0 466 960938346
Result 1 30.0 553 1630929119
Result 1 42.0 591 -315339307
Result 1 45.0 709 -891511209
Result 1 35.0 361 712255232
Result 0 25.0 588 -1734802466
Result 1 40.0 637 -19755653
Result 1 28.0 715 -1061116284
Result 1 45.0 776 -363126933
Result 1 35.0 811 -229723776
Result 1 31.0 693 804146646
Result 1 30.0 588 -1106016149
Result 1 40.0 632 -713733796
Result 1 35.0 662 -1785537704
Result 1 40.0 536 1156406522
Result 0 23.0 507 236228869
Result 1 35.0 625 -990410824
Result 0 9.0 449 1861218658
Result 1 48.0 656 -2120508450
Result 1 60.0 532 -1683546330
Result 1 52.0 778 -383650448
Result 1 42.0 655 -755491864
Result 1 45.0 813 1410978488
Result 1 47.0 706 -1261378285
Result 0 -5.0 451 88612683
Result 1 41.0 869 715368390
Result 1 47.0 611 -424389608
Result 0 -9.0 747 877487476
Result 1 65.0 482 102422324
Result 1 60.0 433 1684478051
Result 0 -1.0 377 1480723200
Result 1 38.0 595 -317757969
Result 1 40.0 853 -970942185
Result 1 50.0 427 1866519358
Result 1 37.0 927 -440729608
Result 1 39.0 1563 577460636
Result 1 51.0 673 -1702998789
Result 1 56.0 695 563817153
Result 1 78.0 647 -949887587
Result 0 2.0 376 1868171127
Result 1 49.0 882 1426098746
Result 1 44.0 861 -350242322
Result 1 85.0 501 -1195942994
Result 0 32.0 375 -739876308
Result 1 70.0 399 1186844163
Result 1 53.0 625 855029246
Result 0 12.0 376 -448403755
Result 1 72.0 552 729204994
Result 1 56.0 629 1431251279
Result 1 76.0 616 -2003803966
Result 0 10.0 412 325585754
Result 1 64.0 696 -619906316
Result 0 -10.0 331 -1136301057
Result 0 -14.0 293 -704223154
Result 0 4.0 321 -1782641584
Result 0 30.0 545 382086162
Result 0 -18.0 286 94428365
