Result 0 -1.0 209 1160714061
Result 1 2.0 209 559258051
Result 0 -1.0 275 -258230474
Result 1 5.0 110 1396127743
Result 1 5.0 110 -163350374
Result 1 2.0 209 -1638345559
Result 1 2.0 209 -1560251930
Result 1 5.0 110 1916691560
Result 1 5.0 110 405019319
Result 1 2.0 209 -1128811011
Result 1 2.0 110 -132595395
Result 1 2.0 209 -1782611752
Result 1 5.0 198 1026886570
Result 0 -1.0 209 -197375482
Result 1 2.0 112 -1495209409
Result 1 2.0 209 -1216144678
Result 1 2.0 134 -1506801060
Result 1 5.0 110 -201748582
Result 1 5.0 110 -205653480
Result 1 5.0 110 -994738938
Result 1 16.0 105 859309732
Result 0 11.0 176 1278804150
Result 0 11.0 154 -1677058581
Result 1 16.0 87 568338479
Result 0 11.0 176 -105708354
Result 1 16.0 134 -109455982
Result 1 16.0 104 -1422851093
Result 0 11.0 176 -1006537005
Result 0 13.0 190 -1553106232
Result 1 16.0 50 300299855
Result 0 9.0 132 1967555368
Result 1 16.0 54 -1036449123
Result 1 16.0 76 -1864209340
Result 0 11.0 176 849240246
Result 0 11.0 167 -965659174
Result 0 9.0 143 -2032822550
Result 0 9.0 154 -866161717
Result 0 11.0 154 1104965152
Result 0 7.0 99 -178665342
Result 1 16.0 77 -418594451
Result 1 2.0 110 742729524
Result 0 -1.0 252 365931162
Result 1 2.0 110 -552975275
Result 1 2.0 96 707504562
Result 1 2.0 184 1862693932
Result 1 5.0 158 410387109
Result 1 5.0 156 -1865654352
Result 1 2.0 103 -883085672
Result 1 2.0 82 375922541
Result 1 2.0 91 -729629414
Result 1 5.0 111 -2019571701
Result 1 2.0 146 532477346
Result 1 2.0 93 1013736095
Result 1 2.0 114 -1501301232
Result 1 2.0 97 1496942257
Result 1 2.0 110 1328222948
Result 1 2.0 209 419826775
Result 1 2.0 110 -200028059
Result 1 2.0 193 1202144172
Result 1 2.0 198 -535333622
Result 0 -2.0 77 67600316
Result 0 2.0 297 1261101388
Result 0 2.0 297 905319441
Result 0 2.0 293 303788359
Result 0 2.0 291 -750045059
Result 0 2.0 275 291003714
Result 0 2.0 297 -1922452309
Result 0 2.0 275 480464044
Result 0 -2.0 71 365445333
Result 0 0.0 110 -1268967692
Result 1 5.0 110 399463297
Result 0 2.0 275 1312322471
Result 0 2.0 297 -536383468
Result 1 5.0 186 1667311826
Result 1 5.0 200 -332928574
Result 1 5.0 227 -439731074
Result 0 2.0 297 -1966027812
Result 1 5.0 246 -734651201
Result 0 2.0 275 -1234656451
Result 0 -2.0 81 152988465
Result 1 2.0 209 1412581807
Result 1 8.0 110 -838027561
Result 1 1.0 209 -556985550
Result 1 8.0 110 -118968999
Result 1 5.0 181 1398049366
Result 1 1.0 184 1246918768
Result 1 8.0 110 -1912298716
Result 1 1.0 204 -980267665
Result 1 1.0 231 1252795380
Result 1 8.0 110 -1414353819
Result 1 8.0 110 -330945031
Result 1 2.0 209 87064558
Result 1 8.0 110 2019650490
Result 1 5.0 185 -534435579
Result 1 8.0 110 -1957017595
Result 1 8.0 110 1205815229
Result 1 8.0 110 -1678042800
Result 1 2.0 207 1379570802
Result 1 5.0 110 -1590570970
Result 1 5.0 110 -2017680020
