Result 1 80.0 628 1721193305
Result 1 72.0 527 1296669341
Result 1 67.0 907 -1600251329
Result 1 71.0 556 58439238
Result 1 61.0 484 -112541655
Result 1 70.0 544 1842317058
Result 1 80.0 511 964227355
Result 1 63.0 489 1052475686
Result 1 67.0 525 80813867
Result 1 81.0 595 460549966
Result 1 72.0 649 -1106760264
Result 1 64.0 556 -1666735603
Result 1 65.0 361 1903944482
Result 1 71.0 562 -1556213538
Result 1 67.0 689 -1207088160
Result 1 80.0 542 176701641
Result 1 72.0 747 1085977888
Result 1 70.0 512 1950788970
Result 1 66.0 769 1369577913
Result 1 79.0 594 1135442452
Result 1 70.0 443 -524944443
Result 1 79.0 437 -745291177
Result 1 77.0 478 985535262
Result 1 80.0 509 1307526200
Result 1 74.0 464 1104403454
Result 1 75.0 439 -983700803
Result 1 80.0 450 1887292656
Result 1 79.0 515 426320937
Result 1 70.0 468 -40025982
Result 1 64.0 878 -287581020
Result 1 80.0 521 -1202804012
Result 1 71.0 437 1251286120
Result 1 83.0 444 131191563
Result 1 80.0 446 1083779484
Result 1 78.0 504 -1057676870
Result 1 70.0 520 157970870
Result 1 65.0 751 41767776
Result 1 59.0 521 1182392769
Result 1 75.0 561 -1254029489
Result 1 70.0 485 -2131365051
Result 1 67.0 685 -1048635492
Result 1 68.0 511 -540209726
Result 1 75.0 533 -331711632
Result 1 74.0 575 814708372
Result 1 70.0 597 1239348563
Result 1 67.0 591 717396517
Result 1 67.0 531 -629432395
Result 1 77.0 558 1024042866
Result 1 75.0 574 427883191
Result 1 62.0 522 907905863
Result 0 66.0 1022 -1763385166
Result 1 81.0 565 1199917480
Result 1 73.0 566 -174845866
Result 1 78.0 756 1074128640
Result 1 75.0 592 1235873744
Result 1 80.0 565 -1395837788
Result 1 79.0 563 -1737463123
Result 1 77.0 491 565766767
Result 1 80.0 487 -1922366602
Result 1 80.0 707 -461093736
Result 1 40.0 519 -1304010770
Result 1 40.0 640 1608088876
Result 1 40.0 455 -409732466
Result 1 40.0 521 -1898912901
Result 1 40.0 548 987425766
Result 1 40.0 496 -899310517
Result 1 40.0 488 1708852825
Result 1 40.0 487 -1647945775
Result 1 40.0 473 -1044593106
Result 1 40.0 424 -1980435076
Result 1 40.0 563 1901109795
Result 1 40.0 428 -538152872
Result 1 40.0 422 1001760172
Result 1 40.0 408 -2073060846
Result 1 40.0 578 -931049251
Result 1 40.0 574 -812894089
Result 1 40.0 491 -297088978
Result 1 40.0 515 -557424798
Result 1 40.0 455 968654316
Result 1 40.0 501 -2061906847
Result 1 66.0 438 580014728
Result 1 70.0 453 889500410
Result 1 69.0 389 -23498299
Result 1 66.0 451 -2145032260
Result 1 67.0 476 1745315712
Result 1 68.0 475 -881085176
Result 1 67.0 557 2092924768
Result 1 58.0 431 2139209088
Result 1 65.0 496 -479307898
Result 1 67.0 521 2053608479
Result 1 68.0 487 -1814276675
Result 1 68.0 414 1235777462
Result 1 65.0 521 -958598333
Result 1 70.0 476 -99226036
Result 1 68.0 449 810588747
Result 1 68.0 536 1481797895
Result 1 68.0 383 -297851659
Result 1 69.0 504 1625185936
Result 1 66.0 453 704280427
Result 1 69.0 475 1297427035
