Result 0 -1.0 79 -854907656
Result 0 -1.0 79 202179824
Result 0 -1.0 79 285934471
Result 0 -1.0 79 1083658508
Result 0 -1.0 79 692245377
Result 0 -1.0 79 -1697464456
Result 0 -1.0 79 824181429
Result 0 -1.0 79 -467683945
Result 0 -1.0 79 -1951772974
Result 0 -1.0 79 1779600620
Result 0 -1.0 79 -1964924870
Result 0 -1.0 79 2029856140
Result 0 -1.0 79 -652553029
Result 0 -1.0 79 507901033
Result 0 -1.0 79 674559336
Result 0 -1.0 79 488573909
Result 0 -1.0 79 302724300
Result 0 -1.0 79 1961096222
Result 0 -1.0 79 -2015316081
Result 0 -1.0 79 2088754868
Result 0 -1.0 79 -2144221662
Result 0 -1.0 79 -315760429
Result 0 -1.0 79 -734532309
Result 0 -1.0 79 -421508757
Result 0 -1.0 79 -148211207
Result 0 -1.0 79 -709832896
Result 0 -1.0 79 1306182915
Result 0 -1.0 79 969991475
Result 0 -1.0 79 1435600875
Result 0 -1.0 79 734271604
Result 0 -1.0 79 -968530706
Result 0 -1.0 79 -318010746
Result 0 -1.0 79 1173823379
Result 0 -1.0 79 1314012168
Result 0 -1.0 79 -635469784
Result 0 -1.0 79 -1151694095
Result 0 -1.0 79 -1422746151
Result 0 -1.0 79 1707169953
Result 0 -1.0 79 1452536403
Result 0 -1.0 79 1137137189
Result 0 -1.0 79 579525179
Result 0 -1.0 79 591480752
Result 0 -1.0 79 1829923804
Result 0 -1.0 79 352185523
Result 0 -1.0 79 -2015222739
Result 0 -1.0 79 -1475657084
Result 0 -1.0 79 162508345
Result 0 -1.0 79 -1821707919
Result 0 -1.0 79 132863676
Result 0 -1.0 79 1866281957
Result 0 -1.0 79 -1232974986
Result 0 -1.0 79 -596645978
Result 0 -1.0 79 1747204186
Result 0 -1.0 79 582110109
Result 0 -1.0 79 1806373668
Result 0 -1.0 79 39354147
Result 0 -1.0 79 178729136
Result 0 -1.0 79 -1109098270
Result 0 -1.0 79 585596630
Result 0 -1.0 79 2065611946
Result 0 0.0 2000 469208151
Result 0 0.0 2000 1394172724
Result 0 0.0 2000 830274035
Result 0 0.0 2000 1215441722
Result 0 0.0 2000 188324506
Result 0 0.0 2000 390841856
Result 1 1.0 1757 -1474806506
Result 0 0.0 2000 -1733236208
Result 0 0.0 2000 -1593350698
Result 0 0.0 2000 726971412
Result 0 0.0 2000 714273723
Result 1 1.0 1344 -1359068849
Result 0 0.0 2000 -1209762307
Result 0 0.0 2000 118265568
Result 0 0.0 2000 -1517620089
Result 0 0.0 2000 -1478911215
Result 1 1.0 637 185928030
Result 0 0.0 2000 188386881
Result 1 1.0 1432 1138761033
Result 0 0.0 2000 -973970443
Result 0 -1.0 177 -1063295371
Result 0 -1.0 177 -773300394
Result 0 -1.0 177 -260790331
Result 0 -1.0 177 -925675473
Result 0 -1.0 177 889181569
Result 0 -1.0 177 181520264
Result 0 -1.0 177 -18054422
Result 0 -1.0 177 -1391344672
Result 0 -1.0 177 -1868747242
Result 0 -1.0 177 1069131045
Result 0 -1.0 177 -1473710597
Result 0 -1.0 177 1367172876
Result 0 -1.0 177 314798857
Result 0 -1.0 177 19181460
Result 0 -1.0 177 -1570982931
Result 0 -1.0 177 524542921
Result 0 -1.0 177 850038809
Result 0 -1.0 177 1239699672
Result 0 -1.0 177 -1948048952
Result 0 -1.0 177 961338116
