Evo 1.00 0.00 1.00 0.82 1.00 1.00 1.00 0.38 0.01 0.40 0.48 0.51 -1 356
Result 0 2.0 2000 0.46 0.21 0.21 0.19 0.19 0.20 -1 -1 -1 -1 -1
Evo 1.00 0.00 1.00 0.93 1.00 1.00 1.00 0.22 0.01 0.43 0.48 0.51 982 268
Result 0 2.0 1085 0.47 0.21 0.19 0.20 0.21 0.19 -1 -1 -1 -1 -1
Evo 1.00 0.00 1.00 0.49 0.50 0.50 0.50 0.08 0.00 0.52 0.51 0.51 1242 182
Result 0 2.0 1929 0.47 0.19 0.20 0.20 0.21 0.20 -1 -1 -1 -1 -1
Evo 1.00 0.00 0.50 0.49 0.50 0.50 0.50 0.09 0.00 0.34 0.44 0.51 -1 103
Result 0 2.0 2000 0.46 0.19 0.21 0.20 0.20 0.20 -1 -1 -1 -1 -1
Evo 1.01 0.00 0.50 0.49 0.50 0.50 0.50 0.08 0.00 0.26 0.41 0.51 -1 66
Result 0 1.0 1160 0.47 0.21 0.19 0.19 0.21 0.20 -1 -1 -1 -1 -1
Evo 1.00 0.00 0.50 0.49 0.50 0.50 0.50 0.08 0.00 0.18 0.31 0.51 -1 44
Result 0 2.0 2000 0.46 0.21 0.20 0.21 0.20 0.19 -1 -1 -1 -1 -1
Evo 1.00 0.00 0.50 0.49 0.50 0.50 0.50 0.08 0.00 0.09 0.34 0.51 -1 233
Result 0 1.0 2000 0.46 0.19 0.19 0.21 0.20 0.21 -1 -1 -1 -1 -1
Evo 1.00 0.00 0.50 0.49 0.50 0.50 0.50 0.08 0.00 0.14 0.36 0.51 -1 433
Result 0 1.0 2000 0.45 0.20 0.20 0.21 0.19 0.20 -1 -1 -1 -1 -1
Evo 1.00 0.00 0.50 0.49 0.50 0.50 0.50 0.05 0.00 0.42 0.30 0.51 -1 139
Result 0 2.0 798 0.46 0.22 0.21 0.20 0.19 0.18 -1 -1 -1 -1 -1
Evo 1.00 0.00 1.00 0.51 0.50 0.50 0.50 0.10 0.00 0.25 0.48 0.51 953 147
Result 0 3.0 1789 0.47 0.20 0.21 0.20 0.20 0.19 -1 -1 -1 -1 -1
Evo 1.00 0.00 0.50 0.48 0.50 0.50 0.50 0.09 0.00 0.42 0.48 0.51 -1 539
Result 0 2.0 1688 0.47 0.20 0.21 0.20 0.21 0.19 -1 -1 -1 -1 -1
Evo 1.01 0.00 0.50 0.49 0.50 0.50 0.50 0.07 0.00 0.21 0.36 0.51 -1 85
Result 0 1.0 628 0.45 0.21 0.22 0.20 0.19 0.18 -1 -1 -1 -1 -1
Evo 1.00 0.00 0.50 0.49 0.50 0.50 0.50 0.08 0.00 0.06 0.30 0.51 -1 82
Result 0 2.0 2000 0.48 0.20 0.19 0.21 0.21 0.19 -1 -1 -1 -1 -1
Evo 1.00 0.00 0.50 0.49 0.50 0.50 0.50 0.08 0.00 0.04 0.26 0.51 -1 559
Result 0 0.0 2000 0.47 0.21 0.19 0.19 0.21 0.20 -1 -1 -1 -1 -1
Evo 1.00 0.00 0.50 0.49 0.50 0.50 0.50 0.08 0.00 0.05 0.31 0.51 -1 209
Result 0 1.0 2000 0.46 0.20 0.21 0.19 0.19 0.20 -1 -1 -1 -1 -1
Evo 1.00 0.00 1.00 0.50 0.50 0.50 0.50 0.06 0.00 0.21 0.50 0.51 1221 112
Result 0 3.0 1869 0.47 0.20 0.20 0.20 0.21 0.19 -1 -1 -1 -1 -1
Evo 1.00 0.00 0.50 0.49 0.50 0.50 0.50 0.08 0.00 0.30 0.37 0.51 -1 155
Result 0 2.0 2000 0.47 0.19 0.22 0.19 0.21 0.20 -1 -1 -1 -1 -1
Evo 1.00 0.00 0.50 0.49 0.50 0.50 0.50 0.08 0.00 0.10 0.47 0.51 -1 184
Result 0 1.0 2000 0.46 0.19 0.20 0.22 0.19 0.19 -1 -1 -1 -1 -1
Evo 1.00 0.00 0.50 0.49 0.50 0.50 0.50 0.08 0.00 0.45 0.33 0.51 -1 98
Result 0 3.0 2000 0.45 0.20 0.20 0.21 0.19 0.21 -1 -1 -1 -1 -1
Evo 1.00 0.00 0.50 0.49 0.50 0.50 0.50 0.08 0.00 0.13 0.44 0.51 -1 560
Result 0 2.0 2000 0.47 0.19 0.18 0.22 0.20 0.20 -1 -1 -1 -1 -1
Evo 1.00 0.00 0.50 0.49 0.50 0.50 0.50 0.08 0.00 0.03 0.42 0.57 -1 201
Result 0 0.0 2000 0.45 0.21 0.21 0.20 0.18 0.19 -1 -1 -1 -1 -1
Evo 1.00 0.00 0.50 0.49 0.50 0.50 0.50 0.08 0.00 0.03 0.36 0.57 -1 462
Result 0 0.0 2000 0.46 0.21 0.21 0.20 0.20 0.19 -1 -1 -1 -1 -1
Evo 1.00 0.00 1.00 0.49 0.50 0.50 0.50 0.08 0.00 0.47 0.50 0.57 1536 376
Result 0 3.0 2000 0.46 0.19 0.20 0.20 0.20 0.21 -1 -1 -1 -1 -1
Evo 1.00 0.00 0.50 0.49 0.50 0.50 0.50 0.08 0.00 0.12 0.45 0.57 -1 189
Result 0 0.0 2000 0.47 0.20 0.20 0.20 0.20 0.20 -1 -1 -1 -1 -1
Evo 1.00 0.00 1.00 0.51 0.50 0.50 0.50 0.14 0.00 0.53 0.55 0.57 952 451
Result 0 4.0 2000 0.48 0.21 0.20 0.19 0.22 0.18 -1 -1 -1 -1 -1
Evo 1.00 0.00 0.50 0.50 0.50 0.50 0.50 0.01 0.00 0.13 0.37 0.57 -1 393
Result 0 3.0 1723 0.47 0.20 0.20 0.20 0.21 0.19 -1 -1 -1 -1 -1
Evo 1.00 0.00 0.50 0.49 0.50 0.50 0.50 0.08 0.00 0.07 0.50 0.57 -1 284
Result 0 0.0 2000 0.45 0.21 0.21 0.20 0.18 0.20 -1 -1 -1 -1 -1
Evo 1.00 0.00 0.50 0.49 0.50 0.50 0.50 0.08 0.00 0.07 0.50 0.57 -1 211
Result 0 0.0 2000 0.47 0.19 0.20 0.19 0.20 0.22 -1 -1 -1 -1 -1
Evo 1.00 0.00 0.50 0.49 0.50 0.50 0.50 0.08 0.00 0.04 0.30 0.57 -1 274
Result 0 0.0 2000 0.47 0.19 0.22 0.19 0.21 0.19 -1 -1 -1 -1 -1
Evo 1.00 0.00 0.50 0.49 0.50 0.50 0.50 0.08 0.00 0.08 0.41 0.57 -1 377
Result 0 0.0 2000 0.47 0.20 0.20 0.19 0.21 0.21 -1 -1 -1 -1 -1
Evo 1.00 0.00 0.50 0.49 0.50 0.50 0.50 0.08 0.00 0.10 0.42 0.57 -1 323
Result 0 5.0 2000 0.46 0.20 0.21 0.21 0.19 0.19 -1 -1 -1 -1 -1
Evo 1.00 0.00 1.00 0.49 0.50 0.50 0.50 0.08 0.00 0.13 0.50 0.57 1387 511
Result 0 2.0 2000 0.45 0.19 0.21 0.20 0.19 0.22 -1 -1 -1 -1 -1
Evo 1.00 0.00 0.50 0.49 0.50 0.50 0.50 0.08 0.00 0.11 0.41 0.57 -1 146
Result 0 0.0 2000 0.46 0.20 0.19 0.21 0.19 0.21 -1 -1 -1 -1 -1
Evo 1.00 0.00 0.50 0.50 0.50 0.50 0.50 0.02 0.00 0.11 0.41 0.57 -1 421
Result 0 1.0 991 0.47 0.21 0.20 0.20 0.20 0.19 -1 -1 -1 -1 -1
Evo 1.00 0.00 0.50 0.50 0.50 0.50 0.50 0.02 0.00 0.16 0.40 0.57 -1 177
Result 0 1.0 996 0.48 0.18 0.18 0.22 0.22 0.21 -1 -1 -1 -1 -1
Evo 1.00 0.00 1.00 0.49 0.50 0.50 0.50 0.08 0.00 0.07 0.50 0.57 1560 428
Result 0 1.0 2000 0.46 0.20 0.21 0.19 0.20 0.20 -1 -1 -1 -1 -1
Evo 1.00 0.00 0.50 0.49 0.50 0.50 0.50 0.06 0.00 0.20 0.29 0.57 -1 227
Result 0 1.0 646 0.45 0.23 0.19 0.18 0.18 0.21 -1 -1 -1 -1 -1
Evo 1.00 0.00 0.50 0.50 0.50 0.50 0.50 0.04 0.00 0.07 0.24 0.57 -1 278
Result 0 2.0 449 0.45 0.21 0.19 0.17 0.19 0.24 -1 -1 -1 -1 -1
Evo 1.00 0.00 0.50 0.49 0.50 0.50 0.50 0.08 0.00 0.04 0.44 0.57 -1 91
Result 0 0.0 2000 0.46 0.20 0.21 0.20 0.19 0.20 -1 -1 -1 -1 -1
Evo 1.00 0.00 1.00 0.49 0.50 0.50 0.50 0.08 0.00 0.08 0.56 0.57 1549 233
Result 0 0.0 2000 0.46 0.21 0.20 0.20 0.19 0.20 -1 -1 -1 -1 -1
Evo 1.02 0.00 0.50 0.50 0.50 0.50 0.50 0.03 0.00 0.07 0.17 0.53 -1 20
Result 0 0.0 388 0.46 0.21 0.20 0.17 0.20 0.22 -1 -1 -1 -1 -1
Evo 1.01 0.00 0.50 0.49 0.50 0.50 0.50 0.08 0.00 0.51 0.33 0.53 -1 17
Result 0 3.0 2000 0.47 0.18 0.20 0.21 0.20 0.20 -1 -1 -1 -1 -1
Evo 1.00 0.00 0.50 0.49 0.50 0.50 0.50 0.08 0.00 0.29 0.29 0.53 -1 37
Result 0 2.0 2000 0.46 0.19 0.19 0.20 0.20 0.21 -1 -1 -1 -1 -1
Evo 1.00 0.00 0.50 0.49 0.50 0.50 0.50 0.08 0.00 0.12 0.22 0.53 -1 102
Result 0 1.0 2000 0.46 0.20 0.21 0.20 0.20 0.20 -1 -1 -1 -1 -1
Evo 1.00 0.00 0.50 0.50 0.50 0.50 0.50 0.02 0.00 0.48 0.32 0.53 -1 149
Result 0 4.0 1730 0.47 0.21 0.18 0.21 0.21 0.20 -1 -1 -1 -1 -1
Evo 1.00 0.00 0.50 0.50 0.50 0.50 0.50 0.03 0.00 0.25 0.29 0.53 -1 134
Result 0 4.0 633 0.46 0.20 0.19 0.20 0.20 0.21 -1 -1 -1 -1 -1
Evo 1.00 0.00 0.50 0.48 0.50 0.50 0.50 0.09 0.00 0.52 0.47 0.53 -1 37
Result 0 4.0 2000 0.48 0.18 0.20 0.19 0.21 0.20 -1 -1 -1 -1 -1
Evo 1.01 0.00 0.50 0.50 0.50 0.50 0.50 0.04 0.00 0.53 0.38 0.53 -1 16
Result 0 9.0 1288 0.46 0.20 0.22 0.18 0.19 0.20 -1 -1 -1 -1 -1
Evo 1.01 0.00 0.50 0.50 0.50 0.50 0.50 0.01 0.00 0.51 0.41 0.53 -1 12
Result 0 3.0 1445 0.47 0.19 0.20 0.20 0.21 0.20 -1 -1 -1 -1 -1
Evo 1.01 0.00 0.50 0.50 0.50 0.50 0.50 0.02 0.00 0.29 0.36 0.53 -1 94
Result 0 1.0 888 0.45 0.21 0.20 0.20 0.18 0.20 -1 -1 -1 -1 -1
Evo 1.01 0.00 0.50 0.49 0.50 0.50 0.50 0.08 0.00 0.12 0.20 0.53 -1 8
Result 0 1.0 2000 0.47 0.20 0.21 0.20 0.21 0.19 -1 -1 -1 -1 -1
Evo 1.01 0.00 0.50 0.50 0.50 0.50 0.50 0.02 0.00 0.25 0.41 0.53 -1 4
Result 0 5.0 1711 0.46 0.19 0.22 0.20 0.19 0.20 -1 -1 -1 -1 -1
Evo 1.00 0.00 0.50 0.50 0.50 0.50 0.50 0.01 0.00 0.37 0.44 0.53 -1 51
Result 0 5.0 1854 0.46 0.21 0.19 0.19 0.20 0.21 -1 -1 -1 -1 -1
Evo 1.01 0.00 0.50 0.50 0.50 0.50 0.50 0.04 0.00 0.28 0.48 0.53 -1 15
Result 0 9.0 1653 0.47 0.20 0.19 0.19 0.20 0.22 -1 -1 -1 -1 -1
Evo 1.01 0.00 0.50 0.50 0.50 0.50 0.50 0.02 0.00 0.30 0.42 0.53 -1 13
Result 0 3.0 1135 0.47 0.21 0.19 0.18 0.20 0.21 -1 -1 -1 -1 -1
Evo 1.00 0.00 0.50 0.50 0.50 0.50 0.50 0.02 0.00 0.16 0.46 0.53 -1 111
Result 0 6.0 1724 0.45 0.21 0.21 0.20 0.18 0.20 -1 -1 -1 -1 -1
Evo 1.02 0.00 0.50 0.50 0.50 0.50 0.50 0.03 0.00 0.23 0.23 0.53 -1 43
Result 0 2.0 290 0.47 0.20 0.16 0.18 0.21 0.25 -1 -1 -1 -1 -1
Evo 1.01 0.00 0.50 0.49 0.50 0.50 0.50 0.05 0.00 0.41 0.24 0.53 -1 7
Result 0 2.0 431 0.49 0.19 0.19 0.19 0.23 0.20 -1 -1 -1 -1 -1
Evo 1.02 0.00 0.50 0.50 0.50 0.50 0.50 0.03 0.00 0.27 0.20 0.53 -1 19
Result 0 1.0 445 0.47 0.18 0.19 0.20 0.20 0.22 -1 -1 -1 -1 -1
Evo 1.01 0.00 0.50 0.48 0.50 0.50 0.50 0.09 0.00 0.48 0.49 0.53 -1 37
Result 0 9.0 2000 0.47 0.19 0.21 0.19 0.21 0.20 -1 -1 -1 -1 -1
Evo 1.00 0.00 0.50 0.49 0.50 0.50 0.50 0.08 0.00 0.01 0.39 0.69 -1 190
Result 0 0.0 2000 0.45 0.20 0.20 0.19 0.18 0.22 -1 -1 -1 -1 -1
Evo 1.00 0.00 0.50 0.49 0.50 0.50 0.50 0.08 0.00 0.03 0.61 0.69 -1 579
Result 0 0.0 2000 0.48 0.19 0.20 0.20 0.21 0.20 -1 -1 -1 -1 -1
Evo 1.00 0.00 0.50 0.50 0.50 0.50 0.50 0.02 0.00 0.02 0.63 0.69 -1 63
Result 0 1.0 1669 0.47 0.19 0.21 0.20 0.20 0.19 -1 -1 -1 -1 -1
Evo 1.00 0.00 0.50 0.49 0.50 0.50 0.50 0.08 0.00 0.03 0.64 0.69 -1 94
Result 0 0.0 2000 0.44 0.21 0.21 0.20 0.17 0.21 -1 -1 -1 -1 -1
Evo 1.00 0.00 0.50 0.49 0.50 0.50 0.50 0.08 0.00 0.01 0.67 0.69 -1 153
Result 0 0.0 2000 0.46 0.20 0.21 0.21 0.19 0.19 -1 -1 -1 -1 -1
Evo 1.00 0.00 0.50 0.49 0.50 0.50 0.50 0.08 0.00 0.01 0.58 0.69 -1 67
Result 0 0.0 2000 0.46 0.19 0.19 0.20 0.19 0.22 -1 -1 -1 -1 -1
Evo 1.00 0.00 0.50 0.49 0.50 0.50 0.50 0.08 0.00 0.02 0.63 0.69 -1 542
Result 0 0.0 2000 0.47 0.21 0.20 0.19 0.21 0.19 -1 -1 -1 -1 -1
Evo 1.00 0.00 0.50 0.49 0.50 0.50 0.50 0.08 0.00 0.01 0.33 0.69 -1 91
Result 0 0.0 2000 0.46 0.21 0.20 0.18 0.19 0.22 -1 -1 -1 -1 -1
Evo 1.00 0.00 0.50 0.49 0.50 0.50 0.50 0.08 0.00 0.01 0.65 0.69 -1 59
Result 0 0.0 2000 0.46 0.19 0.20 0.20 0.19 0.21 -1 -1 -1 -1 -1
Evo 1.00 0.00 0.50 0.47 0.50 0.50 0.50 0.11 0.00 0.03 0.56 0.69 -1 61
Result 0 1.0 2000 0.46 0.19 0.20 0.23 0.19 0.19 -1 -1 -1 -1 -1
Evo 1.00 0.00 0.50 0.50 0.50 0.50 0.50 0.04 0.00 0.01 0.58 0.69 -1 358
Result 0 0.0 1927 0.48 0.19 0.19 0.20 0.21 0.21 -1 -1 -1 -1 -1
Evo 1.00 0.00 0.50 0.49 0.50 0.50 0.50 0.08 0.00 0.02 0.67 0.69 -1 158
Result 0 1.0 2000 0.46 0.19 0.20 0.20 0.20 0.21 -1 -1 -1 -1 -1
Evo 1.00 0.00 0.50 0.49 0.50 0.50 0.50 0.08 0.00 0.01 0.57 0.69 -1 253
Result 0 0.0 2000 0.47 0.21 0.18 0.20 0.21 0.20 -1 -1 -1 -1 -1
Evo 1.00 0.00 0.50 0.49 0.50 0.50 0.50 0.07 0.00 0.07 0.59 0.69 -1 223
Result 0 2.0 1974 0.46 0.19 0.20 0.20 0.20 0.21 -1 -1 -1 -1 -1
Evo 1.00 0.00 0.50 0.49 0.50 0.50 0.50 0.08 0.00 0.05 0.51 0.69 -1 151
Result 0 1.0 1678 0.48 0.19 0.18 0.19 0.22 0.21 -1 -1 -1 -1 -1
Evo 1.00 0.00 0.50 0.49 0.50 0.50 0.50 0.08 0.00 0.05 0.63 0.69 -1 140
Result 0 1.0 2000 0.47 0.19 0.21 0.21 0.21 0.18 -1 -1 -1 -1 -1
Evo 1.00 0.00 0.50 0.49 0.50 0.50 0.50 0.08 0.00 0.02 0.65 0.69 -1 212
Result 0 0.0 2000 0.47 0.21 0.21 0.19 0.20 0.19 -1 -1 -1 -1 -1
Evo 1.00 0.00 0.50 0.49 0.50 0.50 0.50 0.08 0.00 0.01 0.44 0.69 -1 154
Result 0 0.0 2000 0.47 0.18 0.19 0.20 0.21 0.22 -1 -1 -1 -1 -1
Evo 1.00 0.00 0.50 0.49 0.50 0.50 0.50 0.08 0.00 0.01 0.62 0.69 -1 75
Result 0 0.0 2000 0.47 0.18 0.22 0.19 0.20 0.20 -1 -1 -1 -1 -1
Evo 1.00 0.00 0.50 0.49 0.50 0.50 0.50 0.08 0.00 0.03 0.63 0.69 -1 110
Result 0 0.0 2000 0.46 0.21 0.18 0.20 0.19 0.22 -1 -1 -1 -1 -1
Evo 1.00 0.00 0.50 0.49 0.50 0.50 0.50 0.08 0.00 0.09 0.56 0.62 -1 425
Result 0 0.0 2000 0.45 0.19 0.21 0.21 0.19 0.20 -1 -1 -1 -1 -1
Evo 1.00 0.00 0.50 0.49 0.50 0.50 0.50 0.08 0.00 0.13 0.54 0.62 -1 198
Result 0 1.0 2000 0.46 0.20 0.19 0.21 0.19 0.21 -1 -1 -1 -1 -1
Evo 1.00 0.00 0.50 0.48 0.50 0.50 0.50 0.09 0.00 0.33 0.48 0.62 -1 244
Result 0 1.0 1223 0.46 0.21 0.20 0.21 0.20 0.18 -1 -1 -1 -1 -1
Evo 1.00 0.00 0.50 0.49 0.50 0.50 0.50 0.08 0.00 0.08 0.58 0.62 -1 414
Result 0 0.0 2000 0.47 0.20 0.20 0.20 0.20 0.19 -1 -1 -1 -1 -1
Evo 1.00 0.00 0.50 0.50 0.50 0.50 0.50 0.04 0.00 0.23 0.26 0.62 -1 82
Result 0 0.0 246 0.48 0.19 0.17 0.17 0.21 0.26 -1 -1 -1 -1 -1
Evo 1.00 0.00 0.50 0.49 0.50 0.50 0.50 0.08 0.00 0.10 0.49 0.62 -1 233
Result 0 0.0 2000 0.46 0.20 0.20 0.20 0.20 0.21 -1 -1 -1 -1 -1
Evo 1.00 0.00 0.50 0.48 0.50 0.50 0.50 0.09 0.00 0.13 0.46 0.62 -1 91
Result 0 3.0 679 0.48 0.18 0.21 0.20 0.22 0.20 -1 -1 -1 -1 -1
Evo 1.00 0.00 0.50 0.49 0.50 0.50 0.50 0.08 0.00 0.05 0.46 0.62 -1 81
Result 0 0.0 2000 0.46 0.20 0.21 0.20 0.20 0.19 -1 -1 -1 -1 -1
Evo 1.00 0.00 0.50 0.50 0.50 0.50 0.50 0.01 0.00 0.18 0.52 0.62 -1 408
Result 0 2.0 1273 0.46 0.20 0.21 0.19 0.20 0.20 -1 -1 -1 -1 -1
Evo 1.00 0.00 0.50 0.49 0.50 0.50 0.50 0.08 0.00 0.13 0.52 0.62 -1 241
Result 0 4.0 2000 0.45 0.21 0.21 0.19 0.18 0.21 -1 -1 -1 -1 -1
Evo 1.00 0.00 0.50 0.49 0.50 0.50 0.50 0.08 0.00 0.53 0.53 0.62 -1 219
Result 0 2.0 1555 0.47 0.20 0.20 0.20 0.20 0.19 -1 -1 -1 -1 -1
Evo 1.00 0.00 0.50 0.50 0.50 0.50 0.50 0.04 0.00 0.17 0.22 0.62 -1 195
Result 0 1.0 308 0.47 0.22 0.18 0.16 0.20 0.24 -1 -1 -1 -1 -1
Evo 1.00 0.00 0.50 0.45 0.50 0.50 0.50 0.15 0.01 0.35 0.48 0.62 -1 175
Result 0 1.0 854 0.47 0.18 0.22 0.19 0.21 0.20 -1 -1 -1 -1 -1
Evo 1.00 0.00 0.50 0.49 0.50 0.50 0.50 0.08 0.00 0.11 0.50 0.62 -1 173
Result 0 3.0 2000 0.46 0.20 0.20 0.20 0.20 0.20 -1 -1 -1 -1 -1
Evo 1.00 0.00 0.50 0.49 0.50 0.50 0.50 0.08 0.00 0.07 0.52 0.62 -1 447
Result 0 0.0 2000 0.47 0.18 0.22 0.20 0.21 0.19 -1 -1 -1 -1 -1
Evo 1.00 0.00 0.50 0.49 0.50 0.50 0.50 0.08 0.00 0.07 0.51 0.62 -1 159
Result 0 0.0 2000 0.47 0.20 0.20 0.20 0.20 0.19 -1 -1 -1 -1 -1
Evo 1.00 0.00 0.50 0.50 0.50 0.50 0.50 0.02 0.00 0.11 0.28 0.62 -1 363
Result 0 0.0 412 0.46 0.22 0.19 0.17 0.20 0.22 -1 -1 -1 -1 -1
Evo 1.00 0.00 0.50 0.49 0.50 0.50 0.50 0.08 0.00 0.06 0.60 0.62 -1 337
Result 0 1.0 2000 0.46 0.21 0.20 0.20 0.20 0.20 -1 -1 -1 -1 -1
Evo 1.00 0.00 0.50 0.49 0.50 0.50 0.50 0.08 0.00 0.10 0.46 0.62 -1 355
Result 0 0.0 2000 0.47 0.20 0.20 0.20 0.21 0.19 -1 -1 -1 -1 -1
Evo 1.00 0.00 0.50 0.48 0.50 0.50 0.50 0.09 0.00 0.35 0.46 0.62 -1 107
Result 0 2.0 1839 0.47 0.22 0.19 0.18 0.20 0.21 -1 -1 -1 -1 -1
