Evo 1.20 0.00 1.00 0.87 0.83 1.00 1.00 0.22 0.01 0.07 0.08 0.46 381 -1
Result 1 45.0 470 0.45 0.15 0.18 0.15 0.17 0.17 0.18 -1 -1 -1 -1
Evo 1.01 0.00 1.00 0.43 0.00 0.50 0.50 0.35 0.01 0.13 0.10 0.46 503 240
Result 1 30.0 726 0.45 0.16 0.18 0.16 0.16 0.17 0.17 -1 -1 -1 -1
Evo 1.02 0.50 1.00 0.61 0.50 0.50 0.50 0.21 0.01 0.07 0.06 0.57 354 -1
Result 1 45.0 490 0.44 0.15 0.17 0.17 0.17 0.17 0.17 -1 -1 -1 -1
Evo 1.02 0.50 1.00 0.66 0.50 0.50 1.00 0.23 0.01 0.24 0.09 0.55 315 318
Result 1 30.0 642 0.45 0.15 0.19 0.19 0.14 0.17 0.16 -1 -1 -1 -1
Evo 1.02 0.00 1.00 0.54 0.50 0.50 0.50 0.23 0.01 0.28 0.11 0.57 513 279
Result 1 30.0 642 0.44 0.14 0.18 0.17 0.16 0.16 0.19 -1 -1 -1 -1
Evo 1.02 0.50 1.00 0.56 0.50 0.50 0.50 0.17 0.01 0.03 0.07 0.47 406 334
Result 1 35.0 490 0.44 0.18 0.18 0.17 0.14 0.16 0.17 -1 -1 -1 -1
Evo 1.02 0.00 1.00 0.62 0.50 0.50 0.50 0.22 0.01 0.27 0.10 0.52 405 230
Result 1 30.0 653 0.42 0.17 0.16 0.15 0.19 0.15 0.19 -1 -1 -1 -1
Evo 1.01 0.50 1.00 0.68 0.50 0.50 1.00 0.24 0.01 0.12 0.10 0.58 363 376
Result 1 31.0 780 0.41 0.18 0.15 0.16 0.18 0.16 0.17 -1 -1 -1 -1
Evo 1.02 0.00 1.00 0.58 0.50 0.50 0.50 0.20 0.01 0.16 0.08 0.56 515 309
Result 1 30.0 697 0.44 0.17 0.18 0.15 0.18 0.15 0.17 -1 -1 -1 -1
Evo 1.02 0.00 1.00 0.62 0.50 0.50 0.50 0.22 0.01 0.28 0.07 0.57 325 326
Result 1 30.0 486 0.43 0.17 0.16 0.16 0.15 0.16 0.20 -1 -1 -1 -1
Evo 1.01 0.00 1.00 0.63 0.50 0.50 1.00 0.22 0.01 0.03 0.10 0.51 435 326
Result 1 30.0 668 0.42 0.18 0.16 0.17 0.16 0.16 0.16 -1 -1 -1 -1
Evo 1.02 0.00 0.50 0.49 0.50 0.50 0.50 0.08 0.00 0.20 0.06 0.55 -1 257
Result 0 13.0 468 0.43 0.15 0.16 0.18 0.20 0.16 0.16 -1 -1 -1 -1
Evo 1.02 0.50 1.00 0.65 0.50 0.50 1.00 0.23 0.01 0.13 0.11 0.59 381 495
Result 1 30.0 612 0.46 0.15 0.19 0.15 0.15 0.18 0.17 -1 -1 -1 -1
Evo 1.02 0.50 1.00 0.67 0.50 0.50 1.00 0.24 0.01 0.17 0.15 0.58 417 516
Result 1 35.0 693 0.41 0.17 0.15 0.18 0.15 0.18 0.18 -1 -1 -1 -1
Evo 1.01 0.50 1.00 0.64 0.50 0.50 1.00 0.22 0.01 0.15 0.08 0.55 395 -1
Result 1 30.0 589 0.44 0.19 0.18 0.14 0.16 0.17 0.15 -1 -1 -1 -1
Evo 1.02 0.50 1.00 0.66 0.50 0.50 1.00 0.23 0.01 0.12 0.12 0.55 399 421
Result 1 36.0 624 0.44 0.16 0.17 0.16 0.16 0.16 0.19 -1 -1 -1 -1
Evo 1.01 0.50 1.00 0.64 0.50 0.50 1.00 0.22 0.01 0.22 0.12 0.58 400 464
Result 1 35.0 632 0.45 0.15 0.18 0.15 0.16 0.19 0.16 -1 -1 -1 -1
Evo 1.02 0.00 0.50 0.45 0.50 0.50 0.50 0.15 0.01 0.16 0.10 0.50 -1 301
Result 0 15.0 568 0.43 0.16 0.17 0.18 0.17 0.15 0.18 -1 -1 -1 -1
Evo 1.02 0.00 1.00 0.47 0.50 0.50 0.50 0.22 0.01 0.29 0.10 0.56 388 397
Result 0 21.0 678 0.46 0.16 0.19 0.16 0.14 0.17 0.18 -1 -1 -1 -1
Evo 1.02 0.00 1.00 0.50 0.50 0.50 0.50 0.22 0.01 0.17 0.10 0.57 382 268
Result 0 21.0 526 0.45 0.15 0.18 0.17 0.14 0.18 0.18 -1 -1 -1 -1
Evo 1.02 0.50 1.00 0.61 0.50 0.50 0.50 0.21 0.01 0.04 0.10 0.48 450 492
Result 1 45.0 665 0.43 0.15 0.17 0.17 0.14 0.15 0.22 -1 -1 -1 -1
Evo 1.00 0.50 1.00 0.60 0.50 0.50 0.50 0.20 0.01 0.06 0.11 0.48 475 306
Result 1 36.0 619 0.44 0.15 0.18 0.17 0.17 0.16 0.17 -1 -1 -1 -1
Evo 1.02 0.50 1.00 0.68 0.50 0.50 1.00 0.24 0.01 0.17 0.15 0.49 644 297
Result 1 31.0 1086 0.44 0.16 0.18 0.15 0.17 0.16 0.19 -1 -1 -1 -1
Evo 1.01 0.50 1.00 0.65 0.50 0.50 1.00 0.23 0.01 0.14 0.14 0.50 810 332
Result 1 31.0 1227 0.44 0.17 0.17 0.17 0.16 0.15 0.17 -1 -1 -1 -1
Evo 1.01 0.50 1.00 0.66 0.50 0.50 1.00 0.23 0.01 0.17 0.13 0.48 457 286
Result 1 26.0 798 0.44 0.18 0.18 0.15 0.15 0.16 0.18 -1 -1 -1 -1
Evo 1.01 0.50 1.00 0.61 0.50 0.50 0.50 0.21 0.01 0.02 0.10 0.48 540 277
Result 1 35.0 728 0.43 0.17 0.17 0.16 0.15 0.16 0.19 -1 -1 -1 -1
Evo 1.01 0.50 1.00 0.68 0.50 0.50 1.00 0.24 0.01 0.06 0.12 0.50 484 388
Result 1 36.0 823 0.41 0.15 0.15 0.17 0.17 0.16 0.19 -1 -1 -1 -1
Evo 1.01 0.50 1.00 0.62 0.50 0.50 0.50 0.21 0.01 0.18 0.10 0.48 497 367
Result 1 22.0 730 0.42 0.15 0.16 0.17 0.18 0.17 0.17 -1 -1 -1 -1
Evo 1.02 0.50 1.00 0.56 0.50 0.50 0.50 0.16 0.01 0.14 0.08 0.48 521 382
Result 1 26.0 677 0.42 0.16 0.16 0.18 0.17 0.17 0.16 -1 -1 -1 -1
Evo 1.01 0.50 1.00 0.58 0.50 0.50 0.50 0.18 0.01 0.20 0.08 0.47 432 377
Result 1 26.0 642 0.41 0.15 0.15 0.17 0.18 0.17 0.17 -1 -1 -1 -1
Evo 1.01 0.00 1.00 0.62 0.50 0.50 1.00 0.23 0.01 0.21 0.07 0.47 571 345
Result 1 31.0 799 0.44 0.17 0.18 0.17 0.17 0.16 0.17 -1 -1 -1 -1
Evo 1.02 0.50 1.00 0.68 0.50 0.50 1.00 0.24 0.01 0.11 0.11 0.48 519 -1
Result 1 30.0 886 0.44 0.15 0.17 0.16 0.16 0.17 0.18 -1 -1 -1 -1
Evo 1.02 0.00 1.00 0.49 0.50 0.50 0.50 0.13 0.00 0.17 0.11 0.48 735 295
Result 1 31.0 773 0.44 0.17 0.18 0.16 0.17 0.15 0.16 -1 -1 -1 -1
Evo 1.01 0.00 1.00 0.51 0.50 0.50 0.50 0.14 0.00 0.09 0.23 0.50 864 321
Result 0 23.0 2000 0.42 0.16 0.16 0.18 0.15 0.17 0.17 -1 -1 -1 -1
Evo 1.01 0.50 1.00 0.65 0.50 0.50 1.00 0.23 0.01 0.01 0.10 0.48 480 365
Result 1 30.0 719 0.43 0.18 0.16 0.16 0.17 0.15 0.19 -1 -1 -1 -1
Evo 1.01 0.50 1.00 0.63 0.50 0.50 1.00 0.22 0.01 0.18 0.16 0.48 740 292
Result 1 22.0 1184 0.42 0.16 0.16 0.18 0.16 0.16 0.18 -1 -1 -1 -1
Evo 1.01 0.00 1.00 0.63 0.50 0.50 1.00 0.22 0.01 0.11 0.12 0.48 508 423
Result 1 26.0 930 0.43 0.18 0.17 0.17 0.16 0.18 0.14 -1 -1 -1 -1
Evo 1.01 0.50 1.00 0.68 0.50 0.50 1.00 0.24 0.01 0.06 0.13 0.49 494 347
Result 1 30.0 844 0.44 0.17 0.18 0.15 0.17 0.18 0.15 -1 -1 -1 -1
Evo 1.02 0.00 1.00 0.60 0.50 0.50 0.50 0.22 0.01 0.11 0.11 0.46 540 373
Result 1 26.0 787 0.41 0.17 0.15 0.18 0.17 0.15 0.18 -1 -1 -1 -1
Evo 1.01 0.50 1.00 0.60 0.50 0.50 0.50 0.20 0.01 0.02 0.12 0.50 581 301
Result 1 33.0 1081 0.44 0.14 0.17 0.17 0.15 0.18 0.18 -1 -1 -1 -1
Evo 1.01 0.00 1.00 0.64 0.50 0.50 1.00 0.23 0.01 0.17 0.10 0.62 332 278
Result 1 22.0 563 0.46 0.16 0.20 0.18 0.15 0.16 0.16 -1 -1 -1 -1
Evo 1.02 0.00 1.00 0.51 0.50 0.50 0.50 0.21 0.01 0.29 0.10 0.56 413 296
Result 0 13.0 628 0.40 0.15 0.14 0.20 0.14 0.18 0.18 -1 -1 -1 -1
Evo 1.02 0.50 1.00 0.67 0.50 0.50 1.00 0.24 0.01 0.11 0.10 0.60 309 340
Result 1 35.0 561 0.45 0.15 0.19 0.18 0.17 0.15 0.16 -1 -1 -1 -1
Evo 1.03 0.50 1.00 0.63 0.50 0.50 1.00 0.22 0.01 0.07 0.08 0.61 350 -1
Result 1 35.0 550 0.40 0.16 0.15 0.18 0.17 0.18 0.17 -1 -1 -1 -1
Evo 1.02 0.50 1.00 0.65 0.50 0.50 1.00 0.23 0.01 0.29 0.11 0.48 337 318
Result 1 30.0 537 0.44 0.17 0.18 0.14 0.18 0.15 0.18 -1 -1 -1 -1
Evo 1.01 0.50 1.00 0.66 0.50 0.50 1.00 0.23 0.01 0.09 0.14 0.62 438 -1
Result 1 37.0 751 0.41 0.17 0.15 0.15 0.17 0.16 0.19 -1 -1 -1 -1
Evo 1.01 0.50 1.00 0.68 0.50 0.50 1.00 0.24 0.01 0.04 0.09 0.58 390 391
Result 1 35.0 712 0.43 0.17 0.16 0.17 0.15 0.18 0.16 -1 -1 -1 -1
Evo 1.02 0.50 1.00 0.59 0.50 0.50 0.50 0.19 0.01 0.17 0.09 0.47 463 345
Result 1 30.0 607 0.41 0.17 0.15 0.14 0.17 0.18 0.19 -1 -1 -1 -1
Evo 1.01 0.50 1.00 0.61 0.50 0.50 0.50 0.21 0.01 0.18 0.08 0.59 427 -1
Result 1 40.0 628 0.43 0.17 0.17 0.13 0.17 0.17 0.20 -1 -1 -1 -1
Evo 1.01 0.50 1.00 0.63 0.50 0.50 1.00 0.22 0.01 0.13 0.12 0.62 431 -1
Result 1 45.0 708 0.43 0.18 0.17 0.17 0.16 0.16 0.16 -1 -1 -1 -1
Evo 1.02 0.50 1.00 0.62 0.50 0.50 0.50 0.21 0.01 0.32 0.08 0.52 391 330
Result 1 35.0 522 0.43 0.21 0.17 0.15 0.16 0.15 0.16 -1 -1 -1 -1
Evo 1.01 0.00 1.00 0.62 0.50 0.50 0.50 0.21 0.01 0.12 0.14 0.55 459 386
Result 1 30.0 680 0.42 0.19 0.16 0.17 0.17 0.15 0.16 -1 -1 -1 -1
Evo 1.02 0.50 1.00 0.66 0.50 0.50 1.00 0.23 0.01 0.11 0.06 0.57 337 -1
Result 1 40.0 549 0.41 0.17 0.15 0.15 0.17 0.16 0.19 -1 -1 -1 -1
Evo 1.02 0.50 1.00 0.65 0.50 0.50 1.00 0.23 0.01 0.27 0.08 0.53 328 -1
Result 1 45.0 506 0.42 0.15 0.15 0.17 0.17 0.17 0.18 -1 -1 -1 -1
Evo 1.01 0.50 1.00 0.69 0.50 0.50 1.00 0.24 0.01 0.25 0.11 0.61 409 -1
Result 1 35.0 695 0.43 0.17 0.17 0.16 0.18 0.15 0.18 -1 -1 -1 -1
Evo 1.02 0.50 1.00 0.72 0.50 0.50 1.00 0.25 0.01 0.12 0.10 0.61 316 -1
Result 1 35.0 624 0.42 0.18 0.15 0.15 0.19 0.15 0.17 -1 -1 -1 -1
Evo 1.02 0.50 1.00 0.66 0.50 0.50 1.00 0.23 0.01 0.16 0.12 0.62 446 557
Result 1 30.0 985 0.42 0.15 0.16 0.16 0.17 0.17 0.19 -1 -1 -1 -1
Evo 1.02 0.50 1.00 0.64 0.50 0.50 1.00 0.22 0.01 0.19 0.08 0.56 284 295
Result 1 35.0 423 0.40 0.19 0.14 0.17 0.16 0.15 0.19 -1 -1 -1 -1
Evo 1.02 0.50 1.00 0.64 0.50 0.50 1.00 0.22 0.01 0.23 0.08 0.55 321 409
Result 1 40.0 488 0.40 0.16 0.14 0.17 0.14 0.21 0.18 -1 -1 -1 -1
Evo 1.02 0.50 1.00 0.67 0.50 0.50 1.00 0.24 0.01 0.22 0.10 0.57 360 -1
Result 1 35.0 583 0.41 0.16 0.15 0.18 0.18 0.15 0.17 -1 -1 -1 -1
Evo 1.01 0.00 1.00 0.61 0.50 0.50 0.50 0.23 0.01 0.19 0.10 0.48 453 298
Result 1 36.0 697 0.45 0.17 0.18 0.17 0.15 0.15 0.17 -1 -1 -1 -1
Evo 1.01 0.50 1.00 0.63 0.50 0.50 1.00 0.22 0.01 0.11 0.11 0.48 596 288
Result 1 46.0 840 0.43 0.18 0.16 0.17 0.15 0.17 0.18 -1 -1 -1 -1
Evo 1.00 0.00 1.00 0.66 0.50 0.50 1.00 0.23 0.01 0.08 0.14 0.48 448 405
Result 1 32.0 1247 0.41 0.17 0.15 0.16 0.17 0.17 0.17 -1 -1 -1 -1
Evo 1.02 0.50 1.00 0.62 0.50 0.50 0.50 0.21 0.01 0.13 0.10 0.48 458 390
Result 1 45.0 646 0.44 0.16 0.17 0.17 0.15 0.16 0.19 -1 -1 -1 -1
Evo 1.01 0.50 1.00 0.64 0.50 0.50 1.00 0.23 0.01 0.06 0.10 0.48 487 215
Result 1 38.0 724 0.44 0.15 0.17 0.13 0.18 0.16 0.20 -1 -1 -1 -1
Evo 1.01 0.50 1.00 0.54 0.50 0.50 0.50 0.13 0.00 0.18 0.15 0.50 717 302
Result 1 42.0 876 0.39 0.16 0.14 0.17 0.18 0.18 0.18 -1 -1 -1 -1
Evo 1.01 0.50 1.00 0.66 0.50 0.50 1.00 0.23 0.01 0.14 0.08 0.49 481 451
Result 1 47.0 882 0.43 0.15 0.17 0.15 0.16 0.17 0.20 -1 -1 -1 -1
Evo 1.02 0.00 1.00 0.60 0.50 0.50 0.50 0.20 0.01 0.09 0.11 0.48 483 334
Result 1 32.0 856 0.46 0.17 0.19 0.15 0.17 0.16 0.16 -1 -1 -1 -1
Evo 1.01 0.00 1.00 0.63 0.50 0.50 1.00 0.23 0.01 0.14 0.13 0.49 440 260
Result 1 41.0 1073 0.44 0.15 0.18 0.16 0.18 0.17 0.17 -1 -1 -1 -1
Evo 1.00 0.50 1.00 0.59 0.50 0.50 0.50 0.20 0.00 0.10 0.26 0.50 701 1495
Result 1 49.0 1907 0.42 0.17 0.16 0.17 0.18 0.16 0.17 -1 -1 -1 -1
Evo 1.02 0.50 1.00 0.64 0.50 0.50 1.00 0.22 0.01 0.17 0.09 0.49 391 322
Result 1 32.0 603 0.41 0.19 0.15 0.15 0.17 0.17 0.17 -1 -1 -1 -1
Evo 1.02 0.00 1.00 0.63 0.50 0.50 1.00 0.22 0.01 0.08 0.11 0.45 501 249
Result 1 40.0 816 0.44 0.18 0.17 0.15 0.17 0.18 0.15 -1 -1 -1 -1
Evo 1.02 0.50 1.00 0.61 0.50 0.50 0.50 0.21 0.01 0.02 0.09 0.46 371 342
Result 1 45.0 523 0.42 0.17 0.15 0.16 0.15 0.16 0.20 -1 -1 -1 -1
Evo 1.02 0.50 1.00 0.66 0.50 0.50 1.00 0.23 0.01 0.11 0.11 0.49 470 373
Result 1 36.0 766 0.45 0.15 0.18 0.18 0.17 0.17 0.15 -1 -1 -1 -1
Evo 1.01 0.50 1.00 0.68 0.50 0.50 1.00 0.24 0.01 0.05 0.13 0.49 465 292
Result 1 55.0 1019 0.45 0.16 0.19 0.15 0.16 0.17 0.17 -1 -1 -1 -1
Evo 1.01 0.50 1.00 0.66 0.50 0.50 1.00 0.23 0.01 0.06 0.11 0.49 440 256
Result 1 46.0 741 0.42 0.14 0.16 0.17 0.16 0.17 0.20 -1 -1 -1 -1
Evo 1.00 0.00 1.00 0.60 0.50 0.50 0.50 0.21 0.01 0.09 0.13 0.49 662 223
Result 1 30.0 922 0.42 0.18 0.16 0.17 0.16 0.16 0.17 -1 -1 -1 -1
Evo 1.03 0.50 1.00 0.66 0.50 0.50 1.00 0.23 0.01 0.02 0.09 0.48 396 249
Result 1 45.0 688 0.43 0.15 0.16 0.19 0.17 0.16 0.16 -1 -1 -1 -1
Evo 1.01 0.50 1.00 0.64 0.50 0.50 1.00 0.23 0.01 0.14 0.07 0.46 487 260
Result 1 42.0 740 0.43 0.15 0.16 0.18 0.16 0.18 0.18 -1 -1 -1 -1
Evo 1.01 0.50 1.00 0.61 0.50 0.50 0.50 0.21 0.01 0.14 0.11 0.50 573 320
Result 1 42.0 860 0.45 0.17 0.19 0.16 0.17 0.16 0.15 -1 -1 -1 -1
Evo 1.02 0.50 1.00 0.61 0.50 0.50 0.50 0.21 0.01 0.08 0.09 0.52 495 280
Result 1 55.0 718 0.43 0.16 0.17 0.16 0.15 0.16 0.21 -1 -1 -1 -1
Evo 1.02 0.00 1.00 0.61 0.50 0.50 0.50 0.23 0.01 0.08 0.10 0.52 497 316
Result 1 52.0 682 0.44 0.15 0.18 0.15 0.18 0.17 0.17 -1 -1 -1 -1
Evo 1.02 0.50 1.00 0.65 0.50 0.50 1.00 0.23 0.01 0.04 0.12 0.52 421 234
Result 1 61.0 754 0.45 0.16 0.18 0.15 0.15 0.17 0.19 -1 -1 -1 -1
Evo 1.02 0.50 1.00 0.65 0.50 0.50 1.00 0.23 0.01 0.03 0.10 0.51 391 242
Result 1 50.0 608 0.41 0.15 0.15 0.18 0.16 0.16 0.20 -1 -1 -1 -1
Evo 1.01 0.50 1.00 0.57 0.50 0.50 0.50 0.17 0.01 0.11 0.11 0.52 463 241
Result 1 52.0 580 0.42 0.16 0.15 0.18 0.15 0.19 0.17 -1 -1 -1 -1
Evo 1.03 0.50 1.00 0.60 0.50 0.50 0.50 0.20 0.01 0.07 0.07 0.46 407 256
Result 1 44.0 601 0.38 0.17 0.13 0.18 0.17 0.17 0.18 -1 -1 -1 -1
Evo 1.02 0.00 1.00 0.56 0.50 0.50 0.50 0.19 0.01 0.07 0.09 0.52 546 222
Result 1 51.0 661 0.44 0.15 0.17 0.19 0.17 0.17 0.15 -1 -1 -1 -1
Evo 1.00 0.00 1.00 0.68 0.50 0.50 1.00 0.25 0.01 0.12 0.16 0.50 922 226
Result 1 43.0 1770 0.44 0.16 0.18 0.17 0.16 0.16 0.17 -1 -1 -1 -1
Evo 1.02 0.00 0.50 0.43 0.50 0.50 0.50 0.17 0.01 0.05 0.08 0.48 -1 334
Result 0 34.0 484 0.42 0.17 0.16 0.16 0.17 0.15 0.19 -1 -1 -1 -1
Evo 1.01 0.50 1.00 0.61 0.50 0.50 0.50 0.21 0.01 0.13 0.14 0.47 568 256
Result 1 53.0 751 0.43 0.16 0.16 0.15 0.16 0.15 0.21 -1 -1 -1 -1
Evo 1.02 0.50 1.00 0.66 0.50 0.50 1.00 0.23 0.01 0.06 0.12 0.52 476 348
Result 1 48.0 984 0.41 0.16 0.15 0.16 0.19 0.16 0.18 -1 -1 -1 -1
Evo 1.02 0.50 1.00 0.69 0.50 0.50 1.00 0.24 0.01 0.04 0.12 0.52 427 402
Result 1 56.0 807 0.41 0.17 0.15 0.17 0.17 0.15 0.18 -1 -1 -1 -1
Evo 1.03 0.50 1.00 0.64 0.50 0.50 1.00 0.22 0.01 0.08 0.07 0.47 359 286
Result 1 61.0 548 0.44 0.14 0.18 0.17 0.16 0.16 0.20 -1 -1 -1 -1
Evo 1.02 0.50 1.00 0.58 0.50 0.50 0.50 0.18 0.01 0.06 0.05 0.51 383 366
Result 1 55.0 521 0.43 0.15 0.16 0.17 0.16 0.17 0.18 -1 -1 -1 -1
Evo 1.02 0.50 1.00 0.56 0.50 0.50 0.50 0.17 0.01 0.07 0.10 0.52 394 215
Result 1 61.0 579 0.41 0.16 0.15 0.18 0.16 0.17 0.17 -1 -1 -1 -1
Evo 1.01 0.50 1.00 0.65 0.50 0.50 1.00 0.23 0.01 0.07 0.12 0.51 456 -1
Result 1 76.0 764 0.43 0.17 0.17 0.16 0.15 0.16 0.18 -1 -1 -1 -1
Evo 1.01 0.00 1.00 0.57 0.50 0.50 0.50 0.26 0.01 0.06 0.09 0.49 448 295
Result 1 51.0 644 0.41 0.16 0.15 0.15 0.18 0.16 0.20 -1 -1 -1 -1
Evo 1.00 0.00 1.00 0.59 0.50 0.50 0.50 0.20 0.00 0.08 0.16 0.51 849 185
Result 1 48.0 1785 0.43 0.16 0.17 0.17 0.17 0.17 0.17 -1 -1 -1 -1
Evo 1.01 0.50 1.00 0.58 0.50 0.50 0.50 0.19 0.01 0.08 0.18 0.52 593 285
Result 1 58.0 1271 0.41 0.18 0.15 0.15 0.16 0.16 0.20 -1 -1 -1 -1
Evo 1.01 0.00 1.00 0.61 0.50 0.50 0.50 0.21 0.01 0.13 0.16 0.53 575 260
Result 1 43.0 812 0.42 0.16 0.16 0.17 0.18 0.15 0.17 -1 -1 -1 -1
