Evo 1.01 0.00 1.00 0.66 0.00 1.00 1.00 0.47 0.03 0.03 0.53 11.87 -1 72
Result 0 0.0 263 0.44 0.19 0.15 0.15 0.17 0.17 0.17 -1 -1 -1 -1
Evo 1.02 0.00 1.00 0.89 1.00 1.00 1.00 0.26 0.01 0.08 1.20 20.13 -1 127
Result 0 0.0 546 0.42 0.16 0.17 0.18 0.16 0.18 0.16 -1 -1 -1 -1
Evo 1.01 0.00 1.00 0.93 1.00 1.00 1.00 0.25 0.01 0.07 0.66 19.04 -1 113
Result 0 0.0 287 0.41 0.17 0.16 0.15 0.14 0.20 0.18 -1 -1 -1 -1
Evo 1.01 0.00 1.00 0.93 1.00 1.00 1.00 0.24 0.01 0.05 0.70 28.61 -1 108
Result 0 0.0 291 0.42 0.18 0.14 0.16 0.13 0.24 0.15 -1 -1 -1 -1
Evo 1.01 0.00 1.00 0.87 1.00 1.00 1.00 0.31 0.02 0.03 0.52 11.32 -1 58
Result 0 0.0 239 0.44 0.19 0.15 0.18 0.13 0.17 0.18 -1 -1 -1 -1
Evo 1.03 0.00 1.00 0.90 1.00 1.00 1.00 0.28 0.02 0.05 0.64 17.32 -1 50
Result 0 0.0 267 0.47 0.15 0.15 0.17 0.15 0.18 0.20 -1 -1 -1 -1
Evo 1.02 0.00 1.00 0.80 0.80 1.00 1.00 0.35 0.01 0.26 1.29 23.33 -1 88
Result 0 0.0 546 0.42 0.18 0.17 0.16 0.15 0.16 0.18 -1 -1 -1 -1
Evo 1.01 0.00 1.00 0.91 1.00 1.00 1.00 0.26 0.01 0.07 0.65 12.95 -1 84
Result 0 0.0 303 0.44 0.16 0.14 0.17 0.17 0.17 0.18 -1 -1 -1 -1
Evo 1.01 0.00 1.00 0.92 1.00 1.00 1.00 0.25 0.01 0.05 0.63 20.15 -1 123
Result 0 0.0 296 0.37 0.18 0.16 0.21 0.17 0.15 0.12 -1 -1 -1 -1
Evo 1.00 0.00 1.00 0.94 1.00 1.00 1.00 0.23 0.01 0.05 0.65 14.48 -1 177
Result 0 0.0 300 0.40 0.19 0.15 0.21 0.17 0.16 0.14 -1 -1 -1 -1
Evo 1.02 0.00 1.00 0.87 1.00 1.00 1.00 0.30 0.02 0.15 0.85 19.28 -1 78
Result 0 0.0 376 0.47 0.15 0.15 0.19 0.14 0.16 0.20 -1 -1 -1 -1
Evo 1.01 0.00 1.00 0.87 1.00 1.00 1.00 0.30 0.02 0.13 0.80 16.15 -1 92
Result 0 0.0 376 0.43 0.20 0.17 0.17 0.14 0.15 0.16 -1 -1 -1 -1
Evo 1.03 0.00 1.00 0.88 1.00 1.00 1.00 0.27 0.01 0.13 1.06 17.57 -1 86
Result 0 0.0 460 0.42 0.18 0.16 0.16 0.18 0.15 0.17 -1 -1 -1 -1
Evo 1.01 0.00 1.00 0.93 1.00 1.00 1.00 0.24 0.01 0.06 0.85 16.42 -1 132
Result 0 0.0 379 0.44 0.19 0.16 0.16 0.16 0.16 0.18 -1 -1 -1 -1
Evo 1.01 0.00 1.00 0.92 1.00 1.00 1.00 0.26 0.01 0.07 0.87 24.49 -1 174
Result 0 0.0 371 0.41 0.18 0.17 0.15 0.16 0.19 0.15 -1 -1 -1 -1
Evo 1.04 0.00 1.00 0.78 0.60 1.00 1.00 0.37 0.02 0.19 0.71 10.06 -1 51
Result 0 0.0 377 0.46 0.16 0.17 0.20 0.15 0.15 0.17 -1 -1 -1 -1
Evo 1.02 0.00 1.00 0.88 1.00 1.00 1.00 0.28 0.01 0.12 0.84 11.26 -1 153
Result 0 0.0 479 0.44 0.20 0.17 0.18 0.16 0.11 0.17 -1 -1 -1 -1
Evo 1.01 0.00 1.00 0.92 1.00 1.00 1.00 0.25 0.01 0.10 0.91 15.28 -1 141
Result 0 0.0 478 0.44 0.15 0.15 0.22 0.14 0.16 0.18 -1 -1 -1 -1
Evo 1.01 0.00 1.00 0.93 1.00 1.00 1.00 0.24 0.01 0.05 0.65 14.84 -1 65
Result 0 0.0 307 0.42 0.15 0.15 0.16 0.15 0.19 0.19 -1 -1 -1 -1
Evo 1.01 0.00 1.00 0.92 1.00 1.00 1.00 0.27 0.02 0.06 0.57 9.95 -1 122
Result 0 0.0 311 0.43 0.19 0.15 0.21 0.15 0.13 0.17 -1 -1 -1 -1
Evo 1.02 0.00 1.00 0.92 1.00 1.00 1.00 0.26 0.02 0.03 0.58 18.30 -1 118
Result 0 0.0 262 0.41 0.21 0.16 0.15 0.19 0.13 0.16 -1 -1 -1 -1
Evo 1.01 0.00 1.00 0.89 1.00 1.00 1.00 0.28 0.01 0.13 1.06 23.24 -1 212
Result 0 0.0 494 0.42 0.16 0.19 0.19 0.15 0.15 0.15 -1 -1 -1 -1
Evo 1.01 0.00 1.00 0.91 1.00 1.00 1.00 0.27 0.02 0.05 0.76 19.81 -1 117
Result 0 0.0 307 0.44 0.20 0.17 0.15 0.15 0.15 0.18 -1 -1 -1 -1
Evo 1.02 0.00 1.00 0.82 1.00 1.00 1.00 0.35 0.02 0.21 1.08 24.09 -1 76
Result 0 0.0 484 0.44 0.19 0.15 0.17 0.14 0.16 0.18 -1 -1 -1 -1
Evo 1.02 0.00 1.00 0.94 1.00 1.00 1.00 0.20 0.01 0.04 0.83 32.00 -1 81
Result 0 0.0 355 0.43 0.16 0.16 0.17 0.13 0.18 0.20 -1 -1 -1 -1
Evo 1.01 0.00 1.00 0.92 1.00 1.00 1.00 0.26 0.02 0.10 0.66 18.97 -1 57
Result 0 0.0 295 0.43 0.19 0.16 0.17 0.19 0.12 0.17 -1 -1 -1 -1
Evo 1.02 0.00 1.00 0.90 1.00 1.00 1.00 0.27 0.01 0.18 0.82 23.66 -1 127
Result 0 0.0 373 0.40 0.18 0.17 0.19 0.16 0.16 0.14 -1 -1 -1 -1
Evo 1.02 0.00 1.00 0.89 1.00 1.00 1.00 0.27 0.01 0.05 1.20 23.54 -1 222
Result 0 0.0 546 0.41 0.18 0.17 0.18 0.15 0.16 0.15 -1 -1 -1 -1
Evo 1.02 0.00 1.00 0.86 1.00 1.00 1.00 0.31 0.02 0.11 0.86 18.92 -1 31
Result 0 0.0 374 0.43 0.19 0.18 0.17 0.16 0.14 0.16 -1 -1 -1 -1
Evo 1.02 0.00 1.00 0.90 1.00 1.00 1.00 0.26 0.01 0.10 0.86 19.08 -1 46
Result 0 0.0 373 0.45 0.18 0.14 0.19 0.14 0.17 0.18 -1 -1 -1 -1
Evo 1.03 0.00 1.00 0.88 1.00 1.00 1.00 0.28 0.01 0.07 1.17 31.53 -1 100
Result 0 0.0 513 0.44 0.18 0.14 0.18 0.14 0.19 0.17 -1 -1 -1 -1
Evo 1.02 0.00 1.00 0.91 1.00 1.00 1.00 0.25 0.01 0.06 0.82 20.03 -1 111
Result 0 0.0 343 0.44 0.15 0.21 0.17 0.13 0.20 0.14 -1 -1 -1 -1
Evo 1.00 0.00 1.00 0.94 1.00 1.00 1.00 0.24 0.01 0.06 0.68 22.69 -1 169
Result 0 0.0 310 0.46 0.14 0.16 0.20 0.19 0.15 0.17 -1 -1 -1 -1
Evo 1.03 0.00 1.00 0.89 1.00 1.00 1.00 0.27 0.01 0.10 1.32 30.16 -1 136
Result 0 0.0 546 0.41 0.17 0.17 0.15 0.16 0.16 0.19 -1 -1 -1 -1
Evo 1.01 0.00 1.00 0.91 1.00 1.00 1.00 0.27 0.02 0.08 0.67 15.71 -1 60
Result 0 0.0 297 0.41 0.17 0.17 0.16 0.17 0.17 0.15 -1 -1 -1 -1
Evo 1.02 0.00 1.00 0.91 1.00 1.00 1.00 0.27 0.02 0.05 0.72 24.16 -1 96
Result 0 0.0 297 0.43 0.17 0.18 0.16 0.13 0.17 0.18 -1 -1 -1 -1
Evo 1.02 0.00 1.00 0.84 1.00 1.00 1.00 0.33 0.02 0.16 0.84 20.58 -1 36
Result 0 0.0 376 0.45 0.20 0.14 0.18 0.15 0.15 0.17 -1 -1 -1 -1
Evo 1.01 0.00 1.00 0.92 1.00 1.00 1.00 0.27 0.02 0.03 0.54 19.03 -1 86
Result 0 0.0 224 0.42 0.18 0.18 0.16 0.14 0.16 0.19 -1 -1 -1 -1
Evo 1.01 0.00 1.00 0.91 1.00 1.00 1.00 0.27 0.02 0.08 0.62 17.68 -1 176
Result 0 0.0 296 0.41 0.16 0.16 0.17 0.16 0.19 0.15 -1 -1 -1 -1
Evo 1.00 0.00 1.00 0.93 1.00 1.00 1.00 0.25 0.01 0.05 0.69 17.94 -1 128
Result 0 0.0 301 0.44 0.15 0.18 0.18 0.15 0.17 0.19 -1 -1 -1 -1
Evo 1.01 0.00 1.00 0.94 1.00 1.00 1.00 0.23 0.01 0.06 0.69 15.90 -1 164
Result 0 0.0 339 0.43 0.18 0.16 0.16 0.17 0.16 0.16 -1 -1 -1 -1
Evo 1.02 0.00 1.00 0.90 1.00 1.00 1.00 0.27 0.01 0.16 0.67 13.38 -1 85
Result 0 0.0 340 0.42 0.20 0.13 0.21 0.15 0.16 0.16 -1 -1 -1 -1
Evo 1.03 0.00 1.00 0.88 1.00 1.00 1.00 0.29 0.02 0.12 0.55 12.92 -1 49
Result 0 0.0 239 0.42 0.15 0.16 0.16 0.20 0.17 0.15 -1 -1 -1 -1
Evo 1.02 0.00 1.00 0.90 1.00 1.00 1.00 0.26 0.01 0.06 0.67 16.09 -1 61
Result 0 0.0 338 0.43 0.17 0.16 0.18 0.19 0.14 0.17 -1 -1 -1 -1
Evo 1.02 0.00 1.00 0.90 1.00 1.00 1.00 0.27 0.02 0.03 0.68 13.89 -1 41
Result 0 0.0 331 0.43 0.17 0.14 0.16 0.16 0.20 0.16 -1 -1 -1 -1
Evo 1.01 0.00 1.00 0.88 1.00 1.00 1.00 0.30 0.02 0.11 0.56 12.85 -1 96
Result 0 0.0 274 0.47 0.16 0.19 0.21 0.18 0.13 0.12 -1 -1 -1 -1
Evo 1.02 0.00 1.00 0.89 1.00 1.00 1.00 0.27 0.01 0.24 0.69 13.83 -1 45
Result 0 0.0 337 0.43 0.18 0.14 0.18 0.17 0.17 0.16 -1 -1 -1 -1
Evo 1.01 0.00 1.00 0.87 1.00 1.00 1.00 0.31 0.02 0.12 0.41 12.34 -1 48
Result 0 0.0 188 0.44 0.17 0.15 0.17 0.17 0.15 0.17 -1 -1 -1 -1
Evo 1.01 0.00 1.00 0.95 1.00 1.00 1.00 0.21 0.01 0.03 0.75 19.96 -1 132
Result 0 0.0 327 0.43 0.18 0.18 0.17 0.13 0.17 0.17 -1 -1 -1 -1
Evo 1.01 0.00 1.00 0.91 1.00 1.00 1.00 0.27 0.01 0.03 0.80 18.66 -1 107
Result 0 0.0 334 0.42 0.15 0.19 0.16 0.16 0.16 0.19 -1 -1 -1 -1
Evo 1.01 0.00 1.00 0.85 1.00 1.00 1.00 0.34 0.02 0.12 0.74 16.44 -1 107
Result 0 0.0 332 0.42 0.20 0.15 0.18 0.16 0.16 0.16 -1 -1 -1 -1
Evo 1.00 0.00 1.00 0.94 1.00 1.00 1.00 0.23 0.01 0.04 0.71 20.42 -1 124
Result 0 0.0 330 0.42 0.14 0.19 0.16 0.19 0.15 0.17 -1 -1 -1 -1
Evo 1.01 0.00 1.00 0.89 1.00 1.00 1.00 0.28 0.02 0.08 0.46 12.00 -1 67
Result 0 0.0 242 0.43 0.20 0.15 0.17 0.15 0.13 0.19 -1 -1 -1 -1
Evo 1.01 0.00 1.00 0.92 1.00 1.00 1.00 0.27 0.02 0.06 0.51 13.83 -1 96
Result 0 0.0 240 0.44 0.20 0.18 0.18 0.14 0.18 0.13 -1 -1 -1 -1
Evo 1.02 0.00 1.00 0.92 1.00 1.00 1.00 0.24 0.01 0.02 0.71 18.24 -1 130
Result 0 0.0 338 0.44 0.17 0.15 0.17 0.17 0.12 0.22 -1 -1 -1 -1
Evo 1.02 0.00 1.00 0.90 1.00 1.00 1.00 0.25 0.01 0.10 0.67 13.21 -1 80
Result 0 0.0 334 0.45 0.13 0.17 0.17 0.18 0.15 0.19 -1 -1 -1 -1
Evo 1.02 0.00 1.00 0.91 1.00 1.00 1.00 0.27 0.02 0.05 0.83 21.03 -1 111
Result 0 0.0 324 0.44 0.22 0.15 0.18 0.14 0.17 0.14 -1 -1 -1 -1
Evo 1.02 0.00 1.00 0.93 1.00 1.00 1.00 0.24 0.01 0.04 0.68 14.08 -1 182
Result 0 0.0 334 0.41 0.20 0.16 0.17 0.16 0.16 0.15 -1 -1 -1 -1
Evo 1.01 0.00 1.00 0.91 1.00 1.00 1.00 0.25 0.01 0.04 0.76 15.57 -1 78
Result 0 0.0 338 0.45 0.18 0.16 0.19 0.16 0.14 0.18 -1 -1 -1 -1
Evo 1.00 0.00 1.00 0.93 1.00 1.00 1.00 0.24 0.01 0.08 0.78 18.09 -1 178
Result 0 0.0 334 0.43 0.22 0.13 0.17 0.15 0.16 0.18 -1 -1 -1 -1
Evo 1.01 0.00 1.00 0.92 1.00 1.00 1.00 0.25 0.01 0.09 1.04 21.58 -1 161
Result 0 0.0 555 0.40 0.17 0.19 0.19 0.17 0.13 0.15 -1 -1 -1 -1
Evo 1.02 0.00 1.00 0.89 1.00 1.00 1.00 0.28 0.01 0.10 0.79 21.66 -1 135
Result 0 0.0 412 0.44 0.18 0.18 0.17 0.14 0.15 0.17 -1 -1 -1 -1
Evo 1.02 0.00 1.00 0.92 1.00 1.00 1.00 0.24 0.01 0.10 1.07 24.59 -1 158
Result 0 0.0 555 0.43 0.18 0.17 0.17 0.17 0.15 0.15 -1 -1 -1 -1
Evo 1.01 0.00 1.00 0.94 1.00 1.00 1.00 0.23 0.01 0.02 1.04 19.50 -1 149
Result 0 0.0 555 0.42 0.18 0.17 0.17 0.17 0.15 0.15 -1 -1 -1 -1
Evo 1.02 0.00 1.00 0.92 1.00 1.00 1.00 0.24 0.01 0.06 0.83 15.08 -1 112
Result 0 0.0 418 0.46 0.20 0.16 0.17 0.13 0.15 0.20 -1 -1 -1 -1
Evo 1.01 0.00 1.00 0.93 1.00 1.00 1.00 0.25 0.02 0.05 0.50 16.87 -1 148
Result 0 0.0 264 0.44 0.20 0.14 0.18 0.17 0.15 0.17 -1 -1 -1 -1
Evo 1.01 0.00 1.00 0.92 1.00 1.00 1.00 0.24 0.01 0.07 0.53 19.85 -1 91
Result 0 0.0 262 0.41 0.19 0.18 0.14 0.20 0.14 0.15 -1 -1 -1 -1
Evo 1.01 0.00 1.00 0.95 1.00 1.00 1.00 0.20 0.01 0.02 0.79 19.72 -1 144
Result 0 0.0 416 0.37 0.19 0.18 0.18 0.18 0.14 0.12 -1 -1 -1 -1
Evo 1.01 0.00 1.00 0.93 1.00 1.00 1.00 0.24 0.01 0.05 0.58 18.93 -1 153
Result 0 0.0 311 0.44 0.20 0.15 0.18 0.15 0.17 0.15 -1 -1 -1 -1
Evo 1.01 0.00 1.00 0.93 1.00 1.00 1.00 0.23 0.01 0.04 1.07 21.36 -1 215
Result 0 0.0 522 0.40 0.14 0.15 0.22 0.16 0.18 0.14 -1 -1 -1 -1
Evo 1.04 0.00 1.00 0.92 1.00 1.00 1.00 0.24 0.01 0.06 0.78 19.53 -1 99
Result 0 0.0 411 0.41 0.18 0.18 0.15 0.13 0.15 0.20 -1 -1 -1 -1
Evo 1.01 0.00 1.00 0.90 1.00 1.00 1.00 0.26 0.01 0.08 1.02 18.34 -1 96
Result 0 0.0 555 0.43 0.18 0.17 0.16 0.18 0.15 0.16 -1 -1 -1 -1
Evo 1.02 0.00 1.00 0.90 1.00 1.00 1.00 0.26 0.01 0.10 1.02 21.91 -1 136
Result 0 0.0 555 0.43 0.17 0.16 0.17 0.15 0.17 0.18 -1 -1 -1 -1
Evo 1.00 0.00 1.00 0.93 1.00 1.00 1.00 0.24 0.01 0.03 0.59 18.81 -1 161
Result 0 0.0 311 0.41 0.14 0.18 0.15 0.21 0.17 0.15 -1 -1 -1 -1
Evo 1.02 0.00 1.00 0.90 1.00 1.00 1.00 0.27 0.01 0.06 1.05 18.37 -1 143
Result 0 0.0 555 0.47 0.16 0.16 0.15 0.17 0.15 0.21 -1 -1 -1 -1
Evo 1.00 0.00 1.00 0.94 1.00 1.00 1.00 0.21 0.01 0.04 1.06 28.49 -1 148
Result 0 0.0 521 0.46 0.18 0.12 0.19 0.15 0.16 0.20 -1 -1 -1 -1
Evo 1.01 0.00 1.00 0.90 1.00 1.00 1.00 0.28 0.01 0.13 0.97 16.95 -1 260
Result 0 0.0 555 0.46 0.15 0.16 0.19 0.17 0.15 0.17 -1 -1 -1 -1
Evo 1.03 0.00 1.00 0.90 1.00 1.00 1.00 0.27 0.01 0.07 1.07 18.31 -1 116
Result 0 0.0 555 0.42 0.19 0.16 0.16 0.17 0.16 0.17 -1 -1 -1 -1
Evo 1.01 0.00 1.00 0.92 1.00 1.00 1.00 0.24 0.01 0.13 1.04 22.53 -1 158
Result 0 0.0 524 0.43 0.21 0.14 0.17 0.15 0.17 0.16 -1 -1 -1 -1
Evo 1.01 0.00 1.00 0.93 1.00 1.00 1.00 0.25 0.01 0.04 1.03 19.56 -1 192
Result 0 0.0 555 0.45 0.18 0.15 0.19 0.16 0.16 0.17 -1 -1 -1 -1
Evo 1.02 0.00 1.00 0.92 1.00 1.00 1.00 0.24 0.01 0.10 0.65 13.00 -1 94
Result 0 0.0 452 0.44 0.20 0.14 0.17 0.13 0.18 0.17 -1 -1 -1 -1
Evo 1.01 0.00 1.00 0.95 1.00 1.00 1.00 0.20 0.01 0.02 0.74 18.75 -1 156
Result 0 0.0 525 0.44 0.16 0.17 0.17 0.17 0.17 0.15 -1 -1 -1 -1
Evo 1.02 0.00 1.00 0.94 1.00 1.00 1.00 0.21 0.01 0.02 0.65 14.88 -1 114
Result 0 0.0 539 0.43 0.17 0.16 0.22 0.13 0.16 0.17 -1 -1 -1 -1
Evo 1.01 0.00 1.00 0.95 1.00 1.00 1.00 0.21 0.01 0.05 0.53 18.34 -1 194
Result 0 0.0 384 0.43 0.13 0.18 0.17 0.18 0.16 0.19 -1 -1 -1 -1
Evo 1.02 0.00 1.00 0.92 1.00 1.00 1.00 0.25 0.01 0.09 0.54 13.84 -1 112
Result 0 0.0 398 0.44 0.16 0.16 0.17 0.15 0.15 0.21 -1 -1 -1 -1
Evo 1.01 0.00 1.00 0.92 1.00 1.00 1.00 0.25 0.01 0.02 0.54 12.73 -1 206
Result 0 0.0 392 0.40 0.19 0.19 0.14 0.16 0.14 0.19 -1 -1 -1 -1
Evo 1.01 0.00 1.00 0.94 1.00 1.00 1.00 0.23 0.01 0.05 0.46 15.55 -1 167
Result 0 0.0 319 0.44 0.20 0.17 0.17 0.13 0.17 0.16 -1 -1 -1 -1
Evo 1.02 0.00 1.00 0.89 1.00 1.00 1.00 0.29 0.01 0.07 0.62 12.30 -1 171
Result 0 0.0 458 0.40 0.15 0.19 0.20 0.17 0.14 0.14 -1 -1 -1 -1
Evo 1.03 0.00 1.00 0.85 1.00 1.00 1.00 0.32 0.01 0.16 0.82 12.28 -1 129
Result 0 0.0 575 0.44 0.18 0.16 0.18 0.15 0.17 0.16 -1 -1 -1 -1
Evo 1.03 0.00 1.00 0.91 1.00 1.00 1.00 0.25 0.01 0.09 0.61 22.88 -1 114
Result 0 0.0 410 0.49 0.17 0.13 0.14 0.16 0.17 0.24 -1 -1 -1 -1
Evo 1.01 0.00 1.00 0.93 1.00 1.00 1.00 0.23 0.01 0.04 0.81 21.53 -1 157
Result 0 0.0 538 0.41 0.19 0.18 0.15 0.16 0.14 0.18 -1 -1 -1 -1
Evo 1.00 0.00 1.00 0.96 1.00 1.00 1.00 0.19 0.01 0.02 0.62 17.89 -1 198
Result 0 0.0 414 0.44 0.14 0.20 0.13 0.18 0.17 0.18 -1 -1 -1 -1
Evo 1.01 0.00 1.00 0.89 1.00 1.00 1.00 0.29 0.01 0.04 0.80 19.23 -1 120
Result 0 0.0 538 0.41 0.20 0.15 0.15 0.14 0.16 0.20 -1 -1 -1 -1
Evo 1.02 0.00 1.00 0.93 1.00 1.00 1.00 0.22 0.01 0.06 0.63 16.66 -1 203
Result 0 0.0 417 0.44 0.17 0.15 0.16 0.16 0.19 0.17 -1 -1 -1 -1
Evo 1.01 0.00 1.00 0.94 1.00 1.00 1.00 0.22 0.01 0.04 0.64 16.30 -1 156
Result 0 0.0 432 0.45 0.19 0.15 0.18 0.15 0.18 0.14 -1 -1 -1 -1
Evo 1.02 0.00 1.00 0.90 1.00 1.00 1.00 0.26 0.01 0.09 0.80 18.04 -1 102
Result 0 0.0 575 0.42 0.20 0.15 0.15 0.15 0.15 0.19 -1 -1 -1 -1
Evo 1.02 0.00 1.00 0.91 1.00 1.00 1.00 0.25 0.01 0.09 0.80 13.62 -1 119
Result 0 0.0 575 0.45 0.13 0.16 0.19 0.16 0.16 0.18 -1 -1 -1 -1
Evo 1.03 0.00 1.00 0.88 1.00 1.00 1.00 0.28 0.02 0.05 0.39 13.12 -1 70
Result 0 0.0 277 0.44 0.18 0.16 0.18 0.12 0.16 0.20 -1 -1 -1 -1
Evo 1.01 0.00 1.00 0.93 1.00 1.00 1.00 0.24 0.01 0.05 0.75 14.61 -1 193
Result 0 0.0 575 0.41 0.16 0.16 0.16 0.18 0.18 0.15 -1 -1 -1 -1
Evo 1.02 0.00 1.00 0.93 1.00 1.00 1.00 0.22 0.01 0.05 0.77 18.80 -1 214
Result 0 0.0 575 0.45 0.16 0.13 0.18 0.14 0.19 0.19 -1 -1 -1 -1
