Evo 1.03 0.00 1.00 0.96 1.00 1.00 1.00 0.18 0.03 0.16 1.00 1.08 15 -1
Result 1 14.0 29 0.52 0.20 0.13 0.20 0.30 0.17 -1 -1 -1 -1 -1
Evo 1.01 0.00 1.00 0.19 0.00 0.00 0.00 0.39 0.04 0.07 1.00 1.08 8 -1
Result 1 36.0 89 0.51 0.11 0.21 0.20 0.27 0.21 -1 -1 -1 -1 -1
Evo 1.02 0.00 1.00 0.24 0.00 0.00 0.00 0.43 0.06 0.10 1.00 1.08 30 -1
Result 1 28.0 58 0.52 0.12 0.17 0.20 0.29 0.22 -1 -1 -1 -1 -1
Evo 1.02 0.00 1.00 0.11 0.00 0.00 0.00 0.31 0.04 0.12 1.00 1.08 42 -1
Result 1 24.0 47 0.45 0.10 0.23 0.23 0.19 0.25 -1 -1 -1 -1 -1
Evo 1.01 0.00 1.00 0.02 0.00 0.00 0.00 0.13 0.01 0.07 1.00 1.08 32 -1
Result 1 78.0 180 0.47 0.09 0.18 0.25 0.20 0.27 -1 -1 -1 -1 -1
Evo 1.02 0.00 1.00 0.20 0.00 0.00 0.00 0.39 0.05 0.09 1.00 1.08 49 -1
Result 1 30.0 63 0.48 0.13 0.19 0.23 0.22 0.23 -1 -1 -1 -1 -1
Evo 1.01 0.00 1.00 0.21 0.00 0.00 0.00 0.40 0.04 0.08 1.00 1.08 60 -1
Result 1 34.0 77 0.49 0.10 0.19 0.24 0.23 0.23 -1 -1 -1 -1 -1
Evo 1.01 0.00 1.00 0.10 0.00 0.00 0.00 0.30 0.02 0.05 1.00 1.08 135 -1
Result 1 62.0 149 0.47 0.10 0.23 0.25 0.21 0.21 -1 -1 -1 -1 -1
Evo 1.02 0.00 1.00 0.29 0.00 0.00 1.00 0.45 0.06 0.11 1.00 1.08 24 -1
Result 1 20.0 48 0.48 0.20 0.16 0.18 0.22 0.22 -1 -1 -1 -1 -1
Evo 1.01 0.00 1.00 0.09 0.00 0.00 0.00 0.28 0.02 0.05 1.00 1.08 147 -1
Result 1 64.0 160 0.44 0.14 0.20 0.24 0.17 0.25 -1 -1 -1 -1 -1
Evo 1.01 0.00 1.00 0.22 0.00 0.00 0.00 0.41 0.05 0.08 1.00 1.08 60 -1
Result 1 32.0 76 0.45 0.14 0.16 0.23 0.18 0.29 -1 -1 -1 -1 -1
Evo 1.00 0.00 1.00 0.03 0.00 0.00 0.00 0.16 0.01 0.03 1.00 1.08 119 -1
Result 1 118.0 286 0.44 0.13 0.19 0.25 0.17 0.25 -1 -1 -1 -1 -1
Evo 1.01 0.00 1.00 0.09 0.00 0.00 0.00 0.28 0.03 0.07 1.00 1.08 18 -1
Result 1 40.0 91 0.51 0.10 0.21 0.18 0.26 0.25 -1 -1 -1 -1 -1
Evo 1.01 0.00 1.00 0.07 0.00 0.00 0.00 0.25 0.02 0.06 1.00 1.08 54 -1
Result 1 52.0 108 0.48 0.09 0.22 0.25 0.22 0.22 -1 -1 -1 -1 -1
Evo 1.04 0.00 1.00 0.38 0.00 0.00 1.00 0.49 0.10 0.19 1.00 1.08 15 -1
Result 1 14.0 23 0.47 0.21 0.13 0.21 0.21 0.25 -1 -1 -1 -1 -1
Evo 1.01 0.00 1.00 0.09 0.00 0.00 0.00 0.29 0.02 0.04 1.00 1.08 127 -1
Result 1 76.0 178 0.49 0.11 0.22 0.23 0.23 0.20 -1 -1 -1 -1 -1
Evo 1.03 0.00 1.00 0.31 0.00 0.00 1.00 0.47 0.08 0.14 1.00 1.08 25 -1
Result 1 20.0 35 0.46 0.11 0.19 0.25 0.19 0.25 -1 -1 -1 -1 -1
Evo 1.01 0.00 1.00 0.17 0.00 0.00 0.00 0.37 0.04 0.08 1.00 1.08 58 -1
Result 1 38.0 84 0.47 0.16 0.22 0.20 0.21 0.20 -1 -1 -1 -1 -1
Evo 1.02 0.00 1.00 0.16 0.00 0.00 0.00 0.37 0.05 0.10 1.00 1.08 48 -1
Result 1 26.0 56 0.44 0.14 0.21 0.21 0.18 0.26 -1 -1 -1 -1 -1
Evo 1.01 0.00 1.00 0.23 0.00 0.00 0.20 0.41 0.05 0.09 1.00 1.08 51 -1
Result 1 28.0 68 0.52 0.16 0.23 0.13 0.29 0.19 -1 -1 -1 -1 -1
Evo 1.00 0.00 0.00 0.00 0.00 0.00 0.00 0.00 0.00 0.01 1.00 1.03 -1 1982
Result 0 868.0 2000 0.48 0.11 0.22 0.23 0.22 0.22 -1 -1 -1 -1 -1
Evo 1.00 0.00 0.50 0.50 0.50 0.50 0.50 0.05 0.00 0.01 1.00 1.03 -1 1982
Result 0 871.0 2000 0.48 0.12 0.21 0.23 0.22 0.23 -1 -1 -1 -1 -1
Evo 1.00 0.00 0.50 0.50 0.50 0.50 0.50 0.05 0.00 0.01 1.00 1.03 -1 1982
Result 0 871.0 2000 0.48 0.11 0.22 0.22 0.22 0.22 -1 -1 -1 -1 -1
Evo 1.00 0.00 0.50 0.50 0.50 0.50 0.50 0.05 0.00 0.01 1.00 1.03 -1 1982
Result 0 880.0 2000 0.48 0.11 0.22 0.22 0.22 0.22 -1 -1 -1 -1 -1
Evo 1.00 0.00 0.50 0.50 0.50 0.50 0.50 0.05 0.00 0.01 1.00 1.03 -1 1982
Result 0 866.0 2000 0.48 0.12 0.22 0.22 0.22 0.23 -1 -1 -1 -1 -1
Evo 1.00 0.00 0.50 0.50 0.50 0.50 0.50 0.05 0.00 0.01 1.00 1.03 -1 1982
Result 0 873.0 2000 0.47 0.10 0.20 0.24 0.21 0.24 -1 -1 -1 -1 -1
Evo 1.00 0.00 0.50 0.50 0.50 0.50 0.50 0.05 0.00 0.01 1.00 1.03 -1 1982
Result 0 873.0 2000 0.48 0.11 0.23 0.22 0.22 0.22 -1 -1 -1 -1 -1
Evo 1.00 0.00 0.50 0.50 0.50 0.50 0.50 0.05 0.00 0.01 1.00 1.03 -1 1982
Result 0 871.0 2000 0.48 0.12 0.22 0.22 0.22 0.23 -1 -1 -1 -1 -1
Evo 1.00 0.50 1.00 0.50 0.50 0.50 0.50 0.03 0.00 0.01 1.00 1.03 1947 -1
Result 1 851.0 1954 0.48 0.11 0.23 0.22 0.22 0.22 -1 -1 -1 -1 -1
Evo 1.00 0.00 0.50 0.50 0.50 0.50 0.50 0.05 0.00 0.01 1.00 1.03 -1 1982
Result 0 867.0 2000 0.48 0.12 0.21 0.22 0.22 0.22 -1 -1 -1 -1 -1
Evo 1.00 0.50 1.00 0.51 0.50 0.50 0.50 0.05 0.00 0.01 1.00 1.03 1528 -1
Result 1 678.0 1542 0.47 0.11 0.21 0.23 0.21 0.23 -1 -1 -1 -1 -1
Evo 1.00 0.00 0.50 0.50 0.50 0.50 0.50 0.05 0.00 0.01 1.00 1.03 -1 1982
Result 0 868.0 2000 0.48 0.11 0.23 0.22 0.23 0.22 -1 -1 -1 -1 -1
Evo 1.00 0.00 0.50 0.50 0.50 0.50 0.50 0.05 0.00 0.01 1.00 1.03 -1 1982
Result 0 870.0 2000 0.49 0.11 0.23 0.22 0.23 0.21 -1 -1 -1 -1 -1
Evo 1.00 0.00 0.50 0.50 0.50 0.50 0.50 0.05 0.00 0.01 1.00 1.03 -1 1982
Result 0 881.0 2000 0.48 0.11 0.22 0.23 0.22 0.23 -1 -1 -1 -1 -1
Evo 1.00 0.00 0.50 0.50 0.50 0.50 0.50 0.05 0.00 0.01 1.00 1.03 -1 1982
Result 0 868.0 2000 0.48 0.11 0.22 0.23 0.21 0.23 -1 -1 -1 -1 -1
Evo 1.00 0.00 0.50 0.50 0.50 0.50 0.50 0.05 0.00 0.01 1.00 1.03 -1 1982
Result 0 876.0 2000 0.48 0.11 0.22 0.22 0.22 0.23 -1 -1 -1 -1 -1
Evo 1.00 0.00 0.50 0.50 0.50 0.50 0.50 0.05 0.00 0.01 1.00 1.03 -1 1982
Result 0 868.0 2000 0.48 0.11 0.22 0.22 0.22 0.23 -1 -1 -1 -1 -1
Evo 1.00 0.00 0.50 0.50 0.50 0.50 0.50 0.05 0.00 0.01 1.00 1.03 -1 1982
Result 0 865.0 2000 0.48 0.12 0.22 0.22 0.22 0.22 -1 -1 -1 -1 -1
Evo 1.00 0.00 0.50 0.50 0.50 0.50 0.50 0.05 0.00 0.01 1.00 1.03 -1 1982
Result 0 867.0 2000 0.48 0.11 0.22 0.22 0.22 0.23 -1 -1 -1 -1 -1
Evo 1.00 0.00 0.50 0.50 0.50 0.50 0.50 0.05 0.00 0.01 1.00 1.03 -1 1982
Result 0 878.0 2000 0.48 0.11 0.22 0.23 0.22 0.22 -1 -1 -1 -1 -1
Evo 1.02 0.50 1.00 0.57 0.50 0.50 0.50 0.18 0.02 0.16 0.90 1.05 52 -1
Result 1 32.0 60 0.43 0.13 0.11 0.30 0.16 0.30 -1 -1 -1 -1 -1
Evo 1.00 0.50 1.00 0.51 0.50 0.50 0.50 0.06 0.00 0.01 1.00 1.05 248 -1
Result 1 289.0 762 0.46 0.13 0.19 0.24 0.20 0.24 -1 -1 -1 -1 -1
Evo 1.01 0.50 1.00 0.53 0.50 0.50 0.50 0.11 0.01 0.10 1.00 1.05 116 -1
Result 1 51.0 123 0.47 0.15 0.18 0.21 0.21 0.25 -1 -1 -1 -1 -1
Evo 1.01 0.50 1.00 0.52 0.50 0.50 0.50 0.10 0.01 0.05 1.00 1.05 143 -1
Result 1 64.0 148 0.43 0.11 0.18 0.26 0.17 0.28 -1 -1 -1 -1 -1
Evo 1.00 0.50 1.00 0.50 0.50 0.50 0.50 0.05 0.00 0.01 1.00 1.05 1855 -1
Result 1 724.0 1870 0.48 0.12 0.23 0.21 0.22 0.22 -1 -1 -1 -1 -1
Evo 1.01 0.50 1.00 0.55 0.50 0.50 0.50 0.15 0.02 0.08 0.95 1.05 74 -1
Result 1 37.0 81 0.50 0.11 0.22 0.20 0.24 0.23 -1 -1 -1 -1 -1
Evo 1.00 0.50 1.00 0.51 0.50 0.50 0.50 0.05 0.00 0.01 1.00 1.05 617 -1
Result 1 340.0 872 0.47 0.11 0.22 0.22 0.21 0.23 -1 -1 -1 -1 -1
Evo 1.00 0.50 1.00 0.51 0.50 0.50 0.50 0.08 0.00 0.03 1.00 1.05 304 -1
Result 1 114.0 312 0.49 0.17 0.19 0.21 0.23 0.20 -1 -1 -1 -1 -1
Evo 1.00 0.50 1.00 0.51 0.50 0.50 0.50 0.08 0.00 0.02 1.00 1.05 596 -1
Result 1 240.0 612 0.46 0.11 0.21 0.25 0.19 0.24 -1 -1 -1 -1 -1
Evo 1.00 0.50 1.00 0.51 0.50 0.50 0.50 0.06 0.00 0.01 1.00 1.05 690 -1
Result 1 306.0 793 0.46 0.12 0.22 0.24 0.19 0.24 -1 -1 -1 -1 -1
Evo 1.00 0.00 0.70 0.50 0.50 0.50 0.50 0.05 0.00 0.01 1.00 1.05 299 1982
Result 0 742.0 2000 0.48 0.13 0.22 0.23 0.22 0.21 -1 -1 -1 -1 -1
Evo 1.00 0.50 1.00 0.51 0.50 0.50 0.50 0.05 0.00 0.01 1.00 1.05 616 -1
Result 1 248.0 662 0.46 0.14 0.21 0.21 0.20 0.23 -1 -1 -1 -1 -1
Evo 1.00 0.50 1.00 0.51 0.50 0.50 0.50 0.06 0.00 0.02 1.00 1.05 409 -1
Result 1 154.0 415 0.47 0.12 0.19 0.24 0.21 0.24 -1 -1 -1 -1 -1
Evo 1.00 0.50 1.00 0.51 0.50 0.50 0.50 0.08 0.00 0.04 1.00 1.05 497 -1
Result 1 197.0 509 0.48 0.11 0.23 0.21 0.22 0.24 -1 -1 -1 -1 -1
Evo 1.01 0.50 1.00 0.52 0.50 0.50 0.50 0.11 0.01 0.05 1.00 1.05 140 -1
Result 1 58.0 146 0.45 0.14 0.18 0.23 0.18 0.26 -1 -1 -1 -1 -1
Evo 1.00 0.50 1.00 0.52 0.50 0.50 0.50 0.09 0.00 0.02 1.00 1.05 337 -1
Result 1 136.0 347 0.47 0.14 0.19 0.22 0.21 0.25 -1 -1 -1 -1 -1
Evo 1.00 0.50 1.00 0.52 0.50 0.50 0.50 0.09 0.00 0.04 1.00 1.05 371 -1
Result 1 153.0 384 0.47 0.11 0.18 0.24 0.21 0.26 -1 -1 -1 -1 -1
Evo 1.00 0.50 1.00 0.53 0.50 0.50 0.50 0.11 0.01 0.03 1.00 1.05 208 -1
Result 1 89.0 224 0.49 0.13 0.22 0.20 0.24 0.21 -1 -1 -1 -1 -1
Evo 1.00 0.50 1.00 0.52 0.50 0.50 0.50 0.09 0.00 0.03 1.00 1.05 444 -1
Result 1 182.0 483 0.50 0.12 0.21 0.22 0.24 0.22 -1 -1 -1 -1 -1
Evo 1.01 0.50 1.00 0.53 0.50 0.50 0.50 0.12 0.01 0.10 1.00 1.05 169 -1
Result 1 73.0 180 0.49 0.13 0.23 0.19 0.23 0.22 -1 -1 -1 -1 -1
Evo 1.00 0.50 1.00 0.50 0.50 0.50 0.50 0.04 0.00 0.02 0.96 1.04 469 -1
Result 1 206.0 519 0.46 0.14 0.20 0.23 0.20 0.23 -1 -1 -1 -1 -1
Evo 1.00 0.50 1.00 0.53 0.50 0.50 0.50 0.13 0.01 0.03 1.00 1.04 184 -1
Result 1 94.0 249 0.45 0.10 0.24 0.23 0.19 0.23 -1 -1 -1 -1 -1
Evo 1.00 0.50 1.00 0.51 0.50 0.50 0.50 0.06 0.00 0.05 0.96 1.04 314 -1
Result 1 124.0 318 0.47 0.14 0.23 0.22 0.21 0.20 -1 -1 -1 -1 -1
Evo 1.01 0.50 1.00 0.55 0.50 0.50 0.50 0.15 0.01 0.04 1.00 1.04 105 -1
Result 1 64.0 166 0.43 0.13 0.25 0.24 0.16 0.22 -1 -1 -1 -1 -1
Evo 1.02 0.50 1.00 0.62 0.50 0.50 0.50 0.21 0.03 0.13 0.92 1.04 33 -1
Result 1 20.0 42 0.45 0.21 0.19 0.21 0.19 0.21 -1 -1 -1 -1 -1
Evo 1.00 0.50 1.00 0.51 0.50 0.50 0.50 0.08 0.00 0.02 1.00 1.04 516 -1
Result 1 204.0 537 0.46 0.14 0.22 0.23 0.19 0.22 -1 -1 -1 -1 -1
Evo 1.02 0.50 1.00 0.63 0.50 0.50 1.00 0.22 0.03 0.10 0.92 1.04 43 -1
Result 1 25.0 57 0.45 0.17 0.21 0.22 0.19 0.21 -1 -1 -1 -1 -1
Evo 1.01 0.50 1.00 0.52 0.50 0.50 0.50 0.10 0.01 0.05 1.00 1.04 128 -1
Result 1 56.0 133 0.49 0.14 0.21 0.19 0.24 0.22 -1 -1 -1 -1 -1
Evo 1.00 0.50 1.00 0.52 0.50 0.50 0.50 0.10 0.01 0.04 1.00 1.04 146 -1
Result 1 80.0 217 0.47 0.11 0.24 0.20 0.21 0.24 -1 -1 -1 -1 -1
Evo 1.00 0.50 1.00 0.51 0.50 0.50 0.50 0.07 0.00 0.01 1.00 1.04 755 -1
Result 1 285.0 769 0.46 0.15 0.22 0.22 0.19 0.21 -1 -1 -1 -1 -1
Evo 1.00 0.50 1.00 0.51 0.50 0.50 0.50 0.07 0.00 0.03 1.00 1.04 162 -1
Result 1 199.0 534 0.46 0.13 0.22 0.24 0.20 0.21 -1 -1 -1 -1 -1
Evo 1.00 0.50 1.00 0.51 0.50 0.50 0.50 0.05 0.00 0.01 1.00 1.04 1671 -1
Result 1 635.0 1689 0.46 0.12 0.24 0.23 0.19 0.22 -1 -1 -1 -1 -1
Evo 1.00 0.50 1.00 0.51 0.50 0.50 0.50 0.06 0.00 0.01 1.00 1.04 424 -1
Result 1 300.0 796 0.46 0.14 0.23 0.22 0.20 0.22 -1 -1 -1 -1 -1
Evo 1.00 0.50 1.00 0.53 0.50 0.50 0.50 0.11 0.01 0.04 1.00 1.04 189 -1
Result 1 86.0 219 0.46 0.11 0.20 0.25 0.20 0.25 -1 -1 -1 -1 -1
Evo 1.01 0.50 1.00 0.56 0.50 0.50 0.50 0.16 0.01 0.10 0.92 1.04 100 -1
Result 1 51.0 119 0.48 0.12 0.22 0.21 0.23 0.23 -1 -1 -1 -1 -1
Evo 1.00 0.50 1.00 0.51 0.50 0.50 0.50 0.06 0.00 0.01 1.00 1.04 558 -1
Result 1 409.0 1073 0.46 0.13 0.23 0.23 0.20 0.22 -1 -1 -1 -1 -1
Evo 1.01 0.50 1.00 0.52 0.50 0.50 0.50 0.09 0.01 0.04 0.96 1.04 193 -1
Result 1 82.0 199 0.47 0.13 0.23 0.22 0.21 0.23 -1 -1 -1 -1 -1
Evo 1.00 0.50 1.00 0.52 0.50 0.50 0.50 0.09 0.00 0.03 0.92 1.04 436 -1
Result 1 170.0 449 0.47 0.15 0.23 0.22 0.21 0.20 -1 -1 -1 -1 -1
Evo 1.01 0.50 1.00 0.51 0.50 0.50 0.50 0.08 0.01 0.06 1.00 1.04 102 -1
Result 1 43.0 104 0.43 0.11 0.15 0.27 0.16 0.30 -1 -1 -1 -1 -1
Evo 1.00 0.50 1.00 0.50 0.50 0.50 0.50 0.04 0.00 0.01 1.00 1.04 940 -1
Result 1 362.0 948 0.46 0.13 0.23 0.23 0.20 0.22 -1 -1 -1 -1 -1
Evo 1.07 1.00 1.00 1.00 1.00 1.00 1.00 0.00 0.00 0.00 0.75 1.13 0 -1
Result 1 7.0 14 0.51 0.07 0.13 0.27 0.27 0.27 -1 -1 -1 -1 -1
Evo 1.08 1.00 1.00 1.00 1.00 1.00 1.00 0.00 0.00 0.00 0.75 1.13 0 -1
Result 1 5.0 12 0.49 0.31 0.15 0.08 0.23 0.23 -1 -1 -1 -1 -1
Evo 1.04 0.50 1.00 0.81 0.50 1.00 1.00 0.23 0.04 0.27 1.00 1.13 1 -1
Result 1 8.0 27 0.48 0.14 0.18 0.18 0.21 0.29 -1 -1 -1 -1 -1
Evo 1.05 0.50 1.00 0.89 0.90 1.00 1.00 0.20 0.04 0.20 0.88 1.13 2 -1
Result 1 7.0 21 0.45 0.09 0.18 0.23 0.18 0.32 -1 -1 -1 -1 -1
Evo 1.04 0.50 1.00 0.79 0.50 0.80 1.00 0.22 0.04 0.18 0.88 1.13 0 -1
Result 1 9.0 26 0.35 0.11 0.15 0.26 0.11 0.37 -1 -1 -1 -1 -1
Evo 1.06 0.50 1.00 0.94 0.90 1.00 1.00 0.15 0.03 0.22 1.00 1.13 1 -1
Result 1 6.0 18 0.53 0.21 0.21 0.05 0.37 0.16 -1 -1 -1 -1 -1
Evo 1.05 1.00 1.00 1.00 1.00 1.00 1.00 0.00 0.00 0.00 0.75 1.13 0 -1
Result 1 5.0 19 0.46 0.35 0.10 0.05 0.20 0.30 -1 -1 -1 -1 -1
Evo 1.06 0.50 1.00 0.92 1.00 1.00 1.00 0.18 0.04 0.24 0.75 1.13 1 -1
Result 1 4.0 16 0.52 0.12 0.29 0.12 0.29 0.18 -1 -1 -1 -1 -1
Evo 1.05 0.50 1.00 0.91 1.00 1.00 1.00 0.18 0.04 0.22 0.75 1.13 1 -1
Result 1 5.0 19 0.52 0.15 0.25 0.15 0.30 0.15 -1 -1 -1 -1 -1
Evo 1.05 0.50 1.00 0.86 0.60 1.00 1.00 0.23 0.05 0.22 0.88 1.13 5 -1
Result 1 6.0 19 0.46 0.25 0.15 0.15 0.20 0.25 -1 -1 -1 -1 -1
Evo 1.05 0.50 1.00 0.85 0.60 1.00 1.00 0.21 0.04 0.31 0.88 1.13 3 -1
Result 1 7.0 22 0.51 0.13 0.22 0.17 0.26 0.22 -1 -1 -1 -1 -1
Evo 1.07 0.50 1.00 0.90 1.00 1.00 1.00 0.21 0.05 0.39 0.75 1.13 3 -1
Result 1 5.0 14 0.39 0.40 0.07 0.20 0.13 0.20 -1 -1 -1 -1 -1
Evo 1.05 0.50 1.00 0.91 1.00 1.00 1.00 0.18 0.04 0.22 0.75 1.13 3 -1
Result 1 4.0 19 0.41 0.15 0.25 0.20 0.15 0.25 -1 -1 -1 -1 -1
Evo 1.06 0.50 1.00 0.74 0.50 0.50 1.00 0.26 0.06 0.24 0.75 1.13 9 -1
Result 1 7.0 16 0.44 0.24 0.06 0.24 0.18 0.29 -1 -1 -1 -1 -1
Evo 1.08 0.50 1.00 0.80 0.50 1.00 1.00 0.24 0.06 0.27 0.75 1.13 2 -1
Result 1 5.0 13 0.27 0.21 0.29 0.14 0.07 0.29 -1 -1 -1 -1 -1
Evo 1.05 0.50 1.00 0.85 0.50 1.00 1.00 0.23 0.05 0.20 0.75 1.13 5 -1
Result 1 7.0 21 0.45 0.23 0.27 0.18 0.18 0.14 -1 -1 -1 -1 -1
Evo 1.04 0.50 1.00 0.77 0.50 0.70 1.00 0.24 0.05 0.19 0.88 1.13 2 -1
Result 1 7.0 23 0.43 0.13 0.25 0.13 0.17 0.33 -1 -1 -1 -1 -1
Evo 1.09 1.00 1.00 1.00 1.00 1.00 1.00 0.00 0.00 0.00 0.75 1.13 0 -1
Result 1 5.0 11 0.53 0.08 0.17 -1 0.33 0.42 -1 -1 -1 -1 -1
Evo 1.03 0.50 1.00 0.71 0.50 0.60 1.00 0.24 0.04 0.14 0.88 1.13 4 -1
Result 1 10.0 35 0.43 0.19 0.22 0.19 0.17 0.22 -1 -1 -1 -1 -1
Evo 1.04 0.50 1.00 0.74 0.50 0.50 1.00 0.25 0.05 0.42 0.88 1.13 2 -1
Result 1 7.0 24 0.37 0.24 0.20 0.20 0.12 0.24 -1 -1 -1 -1 -1
