Evo 1.01 0.00 1.00 0.97 1.00 1.00 1.00 0.16 0.01 0.07 0.06 0.35 -1 0
Result 0 5.0 197 0.45 0.17 0.19 0.12 0.17 0.16 0.19 -1 -1 -1 -1
Evo 1.00 0.00 1.00 0.99 1.00 1.00 1.00 0.10 0.00 0.01 0.26 0.42 -1 1
Result 0 14.0 2000 0.42 0.17 0.16 0.17 0.16 0.17 0.16 -1 -1 -1 -1
Evo 1.00 0.00 1.00 0.99 1.00 1.00 1.00 0.10 0.00 0.01 0.27 0.49 -1 0
Result 0 14.0 2000 0.44 0.16 0.17 0.17 0.16 0.17 0.17 -1 -1 -1 -1
Evo 1.00 0.00 1.00 0.99 1.00 1.00 1.00 0.10 0.00 0.02 0.22 0.36 -1 0
Result 0 14.0 2000 0.43 0.17 0.17 0.16 0.17 0.15 0.17 -1 -1 -1 -1
Evo 1.00 0.00 1.00 0.99 1.00 1.00 1.00 0.10 0.00 0.01 0.26 0.41 -1 1
Result 0 14.0 2000 0.43 0.17 0.17 0.17 0.17 0.17 0.16 -1 -1 -1 -1
Evo 1.00 0.00 1.00 0.99 1.00 1.00 1.00 0.10 0.00 0.01 0.24 0.42 -1 1
Result 0 14.0 2000 0.44 0.17 0.17 0.18 0.16 0.16 0.16 -1 -1 -1 -1
Evo 1.00 0.00 1.00 0.99 1.00 1.00 1.00 0.10 0.00 0.01 0.32 0.67 -1 0
Result 0 14.0 2000 0.43 0.17 0.16 0.16 0.17 0.17 0.17 -1 -1 -1 -1
Evo 1.00 0.00 1.00 0.99 1.00 1.00 1.00 0.10 0.00 0.01 0.15 0.27 -1 0
Result 0 14.0 2000 0.43 0.16 0.16 0.17 0.16 0.16 0.18 -1 -1 -1 -1
Evo 1.01 0.00 1.00 0.97 1.00 1.00 1.00 0.17 0.01 0.30 0.07 0.28 -1 1
Result 0 5.0 167 0.40 0.14 0.17 0.15 0.18 0.20 0.15 -1 -1 -1 -1
Evo 1.00 0.86 1.00 1.00 1.00 1.00 1.00 0.00 0.00 0.05 0.36 0.70 1661 0
Result 1 14.0 1672 0.43 0.16 0.17 0.15 0.18 0.17 0.17 -1 -1 -1 -1
Evo 1.00 0.00 0.50 0.50 0.50 0.50 0.50 0.05 0.00 0.01 0.16 0.27 -1 2
Result 0 14.0 2000 0.44 0.17 0.14 0.16 0.18 0.15 0.19 -1 -1 -1 -1
Evo 1.00 0.00 0.50 0.50 0.50 0.50 0.50 0.05 0.00 0.03 0.36 0.66 -1 0
Result 0 14.0 2000 0.42 0.15 0.17 0.17 0.16 0.18 0.17 -1 -1 -1 -1
Evo 1.00 0.00 0.50 0.50 0.50 0.50 0.50 0.05 0.00 0.02 0.24 0.43 -1 2
Result 0 14.0 2000 0.43 0.17 0.16 0.16 0.17 0.17 0.17 -1 -1 -1 -1
Evo 1.01 0.00 0.50 0.49 0.50 0.50 0.50 0.08 0.01 0.26 0.08 0.33 -1 0
Result 0 5.0 197 0.41 0.15 0.16 0.14 0.18 0.17 0.20 -1 -1 -1 -1
Evo 1.00 0.00 0.50 0.50 0.50 0.50 0.50 0.05 0.00 0.01 0.24 0.39 -1 5
Result 0 14.0 2000 0.43 0.16 0.17 0.17 0.17 0.17 0.16 -1 -1 -1 -1
Evo 1.01 0.00 0.50 0.47 0.50 0.50 0.50 0.12 0.01 0.51 0.03 0.18 -1 1
Result 0 3.0 77 0.44 0.18 0.14 0.26 0.24 0.09 0.09 -1 -1 -1 -1
Evo 1.01 0.00 0.50 0.49 0.50 0.50 0.50 0.08 0.01 0.30 0.05 0.19 -1 0
Result 0 4.0 197 0.45 0.18 0.18 0.16 0.16 0.17 0.15 -1 -1 -1 -1
Evo 1.00 0.50 1.00 0.50 0.50 0.50 0.50 0.05 0.00 0.04 0.29 0.71 1226 0
Result 1 14.0 1244 0.43 0.16 0.17 0.16 0.16 0.18 0.17 -1 -1 -1 -1
Evo 1.03 0.00 0.50 0.47 0.50 0.50 0.50 0.12 0.01 0.48 0.04 0.22 -1 1
Result 0 5.0 77 0.46 0.18 0.19 0.14 0.17 0.18 0.14 -1 -1 -1 -1
Evo 1.00 0.50 1.00 0.51 0.50 0.50 0.50 0.07 0.00 0.01 0.23 0.68 814 0
Result 1 14.0 836 0.45 0.18 0.15 0.16 0.17 0.20 0.14 -1 -1 -1 -1
Evo 1.00 0.00 0.50 0.50 0.50 0.50 0.50 0.05 0.00 0.02 0.31 0.50 -1 41
Result 0 14.0 2000 0.43 0.17 0.15 0.17 0.16 0.17 0.17 -1 -1 -1 -1
Evo 1.00 0.00 0.50 0.50 0.50 0.50 0.50 0.05 0.00 0.04 0.13 0.25 -1 42
Result 0 14.0 2000 0.43 0.17 0.17 0.16 0.17 0.18 0.17 -1 -1 -1 -1
Evo 1.00 0.00 0.50 0.50 0.50 0.50 0.50 0.05 0.00 0.01 0.26 0.45 -1 41
Result 0 14.0 2000 0.42 0.18 0.16 0.16 0.18 0.17 0.16 -1 -1 -1 -1
Evo 1.00 0.00 0.50 0.50 0.50 0.50 0.50 0.05 0.00 0.02 0.11 0.23 -1 12
Result 0 14.0 2000 0.42 0.16 0.16 0.15 0.19 0.18 0.17 -1 -1 -1 -1
Evo 1.01 0.00 0.50 0.49 0.50 0.50 0.50 0.09 0.01 0.33 0.06 0.14 -1 41
Result 0 6.0 167 0.47 0.15 0.21 0.15 0.16 0.17 0.16 -1 -1 -1 -1
Evo 1.00 0.00 0.50 0.50 0.50 0.50 0.50 0.05 0.00 0.04 0.27 0.43 -1 41
Result 0 14.0 2000 0.44 0.15 0.17 0.17 0.18 0.16 0.17 -1 -1 -1 -1
Evo 1.01 0.00 0.50 0.49 0.50 0.50 0.50 0.09 0.01 0.26 0.05 0.19 -1 11
Result 0 5.0 167 0.48 0.21 0.13 0.20 0.17 0.13 0.16 -1 -1 -1 -1
Evo 1.00 0.50 1.00 0.51 0.50 0.50 0.50 0.06 0.00 0.19 0.23 0.68 901 149
Result 1 14.0 930 0.41 0.16 0.15 0.19 0.15 0.15 0.19 -1 -1 -1 -1
Evo 1.00 0.00 0.50 0.50 0.50 0.50 0.50 0.05 0.00 0.08 0.26 0.44 -1 203
Result 0 14.0 2000 0.44 0.18 0.16 0.16 0.17 0.15 0.17 -1 -1 -1 -1
Evo 1.00 0.50 1.00 0.50 0.50 0.50 0.50 0.02 0.00 0.02 0.29 0.67 1643 149
Result 1 14.0 1658 0.43 0.14 0.16 0.19 0.18 0.16 0.17 -1 -1 -1 -1
Evo 1.00 0.00 0.50 0.50 0.50 0.50 0.50 0.05 0.00 0.05 0.35 0.57 -1 204
Result 0 14.0 2000 0.43 0.17 0.17 0.17 0.17 0.16 0.17 -1 -1 -1 -1
Evo 1.00 0.00 0.50 0.50 0.50 0.50 0.50 0.05 0.00 0.01 0.29 0.44 -1 12
Result 0 14.0 2000 0.44 0.17 0.17 0.17 0.16 0.17 0.16 -1 -1 -1 -1
Evo 1.00 0.00 0.50 0.50 0.50 0.50 0.50 0.05 0.00 0.02 0.29 0.51 -1 151
Result 0 14.0 2000 0.44 0.18 0.17 0.16 0.18 0.16 0.15 -1 -1 -1 -1
Evo 1.00 0.00 0.50 0.50 0.50 0.50 0.50 0.05 0.00 0.05 0.22 0.42 -1 12
Result 0 14.0 2000 0.43 0.17 0.17 0.16 0.16 0.17 0.17 -1 -1 -1 -1
Evo 1.00 0.50 1.00 0.50 0.50 0.50 0.50 0.03 0.00 0.02 0.25 0.67 1150 149
Result 1 14.0 1159 0.43 0.17 0.16 0.19 0.16 0.15 0.17 -1 -1 -1 -1
Evo 1.00 0.00 0.50 0.50 0.50 0.50 0.50 0.05 0.00 0.18 0.32 0.53 -1 18
Result 0 14.0 2000 0.44 0.17 0.16 0.17 0.15 0.16 0.18 -1 -1 -1 -1
Evo 1.01 0.00 0.50 0.49 0.50 0.50 0.50 0.08 0.01 0.25 0.04 0.25 -1 11
Result 0 5.0 197 0.41 0.15 0.14 0.21 0.15 0.17 0.19 -1 -1 -1 -1
Evo 1.01 0.00 0.50 0.49 0.50 0.50 0.50 0.08 0.01 0.09 0.05 0.22 -1 59
Result 0 5.0 197 0.42 0.16 0.14 0.17 0.20 0.11 0.22 -1 -1 -1 -1
Evo 1.00 0.00 0.50 0.50 0.50 0.50 0.50 0.05 0.00 0.04 0.24 0.49 -1 44
Result 0 14.0 2000 0.42 0.16 0.16 0.17 0.17 0.16 0.18 -1 -1 -1 -1
Evo 1.00 0.00 0.50 0.50 0.50 0.50 0.50 0.05 0.00 0.01 0.29 0.58 -1 72
Result 0 14.0 2000 0.43 0.17 0.17 0.17 0.16 0.16 0.16 -1 -1 -1 -1
Evo 1.01 0.00 0.50 0.49 0.50 0.50 0.50 0.08 0.01 0.14 0.06 0.22 -1 11
Result 0 7.0 191 0.38 0.13 0.17 0.18 0.15 0.17 0.21 -1 -1 -1 -1
Evo 1.00 0.00 0.50 0.50 0.50 0.50 0.50 0.05 0.00 0.06 0.30 0.51 -1 139
Result 0 16.0 2000 0.43 0.17 0.17 0.17 0.16 0.16 0.17 -1 -1 -1 -1
Evo 1.01 0.00 0.50 0.49 0.50 0.50 0.50 0.07 0.00 0.24 0.04 0.18 -1 11
Result 0 5.0 221 0.41 0.15 0.13 0.14 0.19 0.17 0.22 -1 -1 -1 -1
Evo 1.01 0.00 0.50 0.49 0.50 0.50 0.50 0.08 0.01 0.22 0.03 0.13 -1 137
Result 0 5.0 197 0.35 0.11 0.14 0.17 0.24 0.16 0.18 -1 -1 -1 -1
Evo 1.00 0.00 0.50 0.49 0.50 0.50 0.50 0.07 0.00 0.04 0.06 0.25 -1 11
Result 0 6.0 221 0.43 0.14 0.16 0.15 0.20 0.15 0.20 -1 -1 -1 -1
Evo 1.00 0.00 0.50 0.50 0.50 0.50 0.50 0.05 0.00 0.01 0.19 0.37 -1 12
Result 0 16.0 2000 0.40 0.14 0.19 0.17 0.16 0.17 0.17 -1 -1 -1 -1
Evo 1.00 0.00 0.50 0.49 0.50 0.50 0.50 0.07 0.00 0.09 0.07 0.31 -1 11
Result 0 7.0 269 0.38 0.13 0.14 0.20 0.21 0.13 0.20 -1 -1 -1 -1
Evo 1.01 0.00 0.50 0.49 0.50 0.50 0.50 0.08 0.01 0.28 0.03 0.15 -1 12
Result 0 5.0 191 0.38 0.13 0.13 0.15 0.21 0.17 0.21 -1 -1 -1 -1
Evo 1.00 0.00 0.50 0.50 0.50 0.50 0.50 0.05 0.00 0.03 0.19 0.35 -1 11
Result 0 16.0 2000 0.45 0.16 0.18 0.16 0.16 0.16 0.18 -1 -1 -1 -1
Evo 1.02 0.00 0.50 0.49 0.50 0.50 0.50 0.07 0.00 0.05 0.04 0.22 -1 11
Result 0 8.0 269 0.43 0.16 0.15 0.16 0.17 0.17 0.19 -1 -1 -1 -1
Evo 1.01 0.00 0.50 0.49 0.50 0.50 0.50 0.08 0.01 0.07 0.04 0.16 -1 11
Result 0 5.0 197 0.40 0.20 0.14 0.12 0.18 0.19 0.17 -1 -1 -1 -1
Evo 1.00 0.50 1.00 0.50 0.50 0.50 0.50 0.04 0.00 0.13 0.20 0.69 682 12
Result 1 16.0 708 0.42 0.17 0.16 0.19 0.14 0.15 0.18 -1 -1 -1 -1
Evo 1.00 0.00 0.50 0.49 0.50 0.50 0.50 0.07 0.00 0.10 0.07 0.28 -1 11
Result 0 8.0 239 0.43 0.21 0.16 0.17 0.14 0.13 0.19 -1 -1 -1 -1
Evo 1.01 0.00 0.50 0.48 0.50 0.50 0.50 0.09 0.01 0.08 0.03 0.15 -1 12
Result 0 5.0 155 0.46 0.17 0.20 0.14 0.17 0.13 0.20 -1 -1 -1 -1
Evo 1.00 0.00 1.00 0.50 0.50 0.50 0.50 0.05 0.00 0.01 0.27 0.60 1983 137
Result 1 16.0 1998 0.42 0.16 0.15 0.18 0.17 0.16 0.18 -1 -1 -1 -1
Evo 1.00 0.00 0.50 0.49 0.50 0.50 0.50 0.07 0.00 0.06 0.06 0.16 -1 11
Result 0 9.0 245 0.46 0.20 0.15 0.17 0.15 0.15 0.18 -1 -1 -1 -1
Evo 1.00 0.50 1.00 0.51 0.50 0.50 0.50 0.05 0.00 0.03 0.29 0.66 1264 11
Result 1 16.0 1279 0.43 0.16 0.17 0.19 0.16 0.14 0.18 -1 -1 -1 -1
Evo 1.00 0.00 0.50 0.50 0.50 0.50 0.50 0.05 0.00 0.01 0.35 0.62 -1 12
Result 0 16.0 2000 0.43 0.17 0.18 0.18 0.17 0.15 0.16 -1 -1 -1 -1
Evo 1.01 0.00 0.50 0.49 0.50 0.50 0.50 0.07 0.00 0.18 0.05 0.18 -1 11
Result 0 10.0 269 0.44 0.17 0.15 0.15 0.17 0.13 0.23 -1 -1 -1 -1
Evo 1.00 0.50 1.00 0.50 0.50 0.50 0.50 0.04 0.00 0.01 0.33 0.70 1797 11
Result 1 16.0 1820 0.42 0.16 0.17 0.18 0.17 0.15 0.17 -1 -1 -1 -1
Evo 1.01 0.00 0.50 0.49 0.50 0.50 0.50 0.08 0.01 0.20 0.05 0.24 -1 0
Result 0 5.0 197 0.45 0.18 0.18 0.12 0.16 0.16 0.19 -1 -1 -1 -1
Evo 1.00 0.00 0.50 0.50 0.50 0.50 0.50 0.05 0.00 0.01 0.28 0.48 -1 0
Result 0 14.0 2000 0.44 0.17 0.18 0.16 0.17 0.16 0.16 -1 -1 -1 -1
Evo 1.00 0.00 0.50 0.50 0.50 0.50 0.50 0.05 0.00 0.01 0.23 0.41 -1 6
Result 0 14.0 2000 0.42 0.16 0.16 0.17 0.19 0.16 0.17 -1 -1 -1 -1
Evo 1.00 0.00 0.50 0.50 0.50 0.50 0.50 0.05 0.00 0.01 0.25 0.50 -1 6
Result 0 14.0 2000 0.41 0.15 0.18 0.16 0.17 0.16 0.18 -1 -1 -1 -1
Evo 1.01 0.00 0.50 0.49 0.50 0.50 0.50 0.08 0.01 0.28 0.04 0.16 -1 5
Result 0 4.0 215 0.46 0.15 0.20 0.16 0.14 0.15 0.20 -1 -1 -1 -1
Evo 1.00 0.00 0.50 0.50 0.50 0.50 0.50 0.05 0.00 0.01 0.27 0.56 -1 7
Result 0 14.0 2000 0.44 0.16 0.17 0.16 0.18 0.17 0.15 -1 -1 -1 -1
Evo 1.00 0.50 1.00 0.50 0.50 0.50 0.50 0.04 0.00 0.01 0.25 0.70 1239 6
Result 1 14.0 1252 0.43 0.16 0.17 0.17 0.18 0.17 0.16 -1 -1 -1 -1
Evo 1.00 0.00 0.50 0.50 0.50 0.50 0.50 0.05 0.00 0.02 0.20 0.33 -1 5
Result 0 14.0 2000 0.45 0.17 0.18 0.17 0.14 0.17 0.16 -1 -1 -1 -1
Evo 1.00 0.00 0.50 0.50 0.50 0.50 0.50 0.05 0.00 0.22 0.23 0.39 -1 5
Result 0 14.0 2000 0.41 0.15 0.16 0.18 0.17 0.16 0.17 -1 -1 -1 -1
Evo 1.00 0.50 1.00 0.51 0.50 0.50 0.50 0.05 0.00 0.01 0.22 0.72 1058 5
Result 1 14.0 1090 0.44 0.17 0.16 0.13 0.18 0.18 0.16 -1 -1 -1 -1
Evo 1.04 0.00 0.50 0.45 0.50 0.50 0.50 0.15 0.02 0.12 0.01 0.13 -1 5
Result 0 1.0 47 0.41 0.15 0.25 0.13 0.17 0.10 0.21 -1 -1 -1 -1
Evo 1.00 0.00 0.50 0.49 0.50 0.50 0.50 0.08 0.01 0.18 0.03 0.16 -1 6
Result 0 4.0 215 0.48 0.21 0.16 0.16 0.15 0.18 0.15 -1 -1 -1 -1
Evo 1.01 0.00 0.50 0.49 0.50 0.50 0.50 0.08 0.01 0.22 0.06 0.23 -1 5
Result 0 5.0 197 0.44 0.14 0.18 0.16 0.14 0.18 0.21 -1 -1 -1 -1
Evo 1.01 0.00 0.50 0.49 0.50 0.50 0.50 0.07 0.00 0.08 0.06 0.27 -1 2
Result 0 7.0 233 0.42 0.15 0.15 0.12 0.16 0.18 0.24 -1 -1 -1 -1
Evo 1.01 0.00 0.50 0.49 0.50 0.50 0.50 0.08 0.01 0.31 0.04 0.18 -1 6
Result 0 4.0 197 0.45 0.18 0.19 0.18 0.17 0.13 0.16 -1 -1 -1 -1
Evo 1.00 0.00 0.50 0.50 0.50 0.50 0.50 0.05 0.00 0.01 0.21 0.37 -1 6
Result 0 14.0 2000 0.44 0.17 0.17 0.17 0.17 0.16 0.16 -1 -1 -1 -1
Evo 1.00 0.00 0.50 0.50 0.50 0.50 0.50 0.05 0.00 0.01 0.23 0.34 -1 5
Result 0 14.0 2000 0.45 0.18 0.17 0.17 0.16 0.15 0.17 -1 -1 -1 -1
Evo 1.00 0.00 0.50 0.50 0.50 0.50 0.50 0.05 0.00 0.01 0.25 0.39 -1 5
Result 0 14.0 2000 0.43 0.17 0.17 0.18 0.15 0.16 0.17 -1 -1 -1 -1
Evo 1.00 0.00 0.50 0.50 0.50 0.50 0.50 0.05 0.00 0.01 0.27 0.50 -1 6
Result 0 14.0 2000 0.42 0.16 0.16 0.16 0.17 0.16 0.18 -1 -1 -1 -1
Evo 1.00 0.00 0.50 0.50 0.50 0.50 0.50 0.05 0.00 0.05 0.23 0.36 -1 5
Result 0 14.0 2000 0.42 0.16 0.16 0.18 0.16 0.16 0.17 -1 -1 -1 -1
Evo 1.04 0.00 0.50 0.45 0.50 0.50 0.50 0.15 0.02 0.52 0.03 0.14 -1 7
Result 0 3.0 47 0.38 0.13 0.15 0.15 0.08 0.21 0.29 -1 -1 -1 -1
Evo 1.01 0.00 0.50 0.48 0.50 0.50 0.50 0.10 0.01 0.09 0.05 0.15 -1 0
Result 0 6.0 125 0.40 0.14 0.12 0.16 0.17 0.21 0.20 -1 -1 -1 -1
Evo 1.00 0.00 0.50 0.50 0.50 0.50 0.50 0.05 0.00 0.01 0.21 0.32 -1 5
Result 0 19.0 2000 0.42 0.18 0.16 0.17 0.17 0.17 0.16 -1 -1 -1 -1
Evo 1.01 0.00 0.50 0.49 0.50 0.50 0.50 0.07 0.00 0.05 0.05 0.27 -1 9
Result 0 10.0 257 0.43 0.17 0.17 0.11 0.17 0.16 0.22 -1 -1 -1 -1
Evo 1.00 0.00 0.50 0.50 0.50 0.50 0.50 0.05 0.00 0.01 0.17 0.31 -1 8
Result 0 19.0 2000 0.42 0.16 0.17 0.17 0.18 0.16 0.17 -1 -1 -1 -1
Evo 1.00 0.00 0.50 0.50 0.50 0.50 0.50 0.05 0.00 0.06 0.35 0.60 -1 5
Result 0 19.0 2000 0.43 0.17 0.16 0.16 0.16 0.17 0.17 -1 -1 -1 -1
Evo 1.00 0.00 0.50 0.50 0.50 0.50 0.50 0.05 0.00 0.01 0.31 0.53 -1 0
Result 0 19.0 2000 0.43 0.17 0.16 0.17 0.16 0.19 0.16 -1 -1 -1 -1
Evo 1.00 0.00 0.50 0.50 0.50 0.50 0.50 0.05 0.00 0.02 0.25 0.48 -1 5
Result 0 19.0 2000 0.44 0.17 0.16 0.17 0.16 0.16 0.17 -1 -1 -1 -1
Evo 1.00 0.50 1.00 0.50 0.50 0.50 0.50 0.05 0.00 0.02 0.32 0.72 1520 6
Result 1 19.0 1533 0.42 0.15 0.16 0.15 0.17 0.19 0.18 -1 -1 -1 -1
Evo 1.00 0.00 0.50 0.50 0.50 0.50 0.50 0.05 0.00 0.01 0.30 0.49 -1 5
Result 0 19.0 2000 0.41 0.18 0.15 0.17 0.17 0.16 0.17 -1 -1 -1 -1
Evo 1.00 0.50 1.00 0.50 0.50 0.50 0.50 0.04 0.00 0.02 0.30 0.72 1720 6
Result 1 19.0 1781 0.44 0.18 0.17 0.15 0.16 0.17 0.17 -1 -1 -1 -1
Evo 1.00 0.00 0.50 0.50 0.50 0.50 0.50 0.05 0.00 0.02 0.23 0.35 -1 6
Result 0 19.0 2000 0.42 0.16 0.18 0.17 0.15 0.16 0.17 -1 -1 -1 -1
Evo 1.01 0.00 0.50 0.49 0.50 0.50 0.50 0.07 0.00 0.35 0.05 0.29 -1 7
Result 0 9.0 257 0.47 0.15 0.21 0.17 0.13 0.22 0.13 -1 -1 -1 -1
Evo 1.00 0.00 0.50 0.50 0.50 0.50 0.50 0.05 0.00 0.05 0.18 0.28 -1 0
Result 0 19.0 2000 0.42 0.16 0.17 0.17 0.17 0.15 0.18 -1 -1 -1 -1
Evo 1.00 0.00 0.50 0.50 0.50 0.50 0.50 0.05 0.00 0.02 0.35 0.62 -1 5
Result 0 19.0 2000 0.44 0.17 0.15 0.15 0.18 0.16 0.18 -1 -1 -1 -1
Evo 1.00 0.00 0.50 0.50 0.50 0.50 0.50 0.05 0.00 0.01 0.31 0.61 -1 6
Result 0 19.0 2000 0.44 0.17 0.16 0.15 0.17 0.19 0.16 -1 -1 -1 -1
Evo 1.00 0.00 0.50 0.50 0.50 0.50 0.50 0.05 0.00 0.01 0.30 0.57 -1 5
Result 0 19.0 2000 0.44 0.17 0.16 0.15 0.18 0.16 0.17 -1 -1 -1 -1
Evo 1.00 0.00 0.50 0.50 0.50 0.50 0.50 0.05 0.00 0.01 0.18 0.30 -1 0
Result 0 19.0 2000 0.43 0.17 0.16 0.17 0.17 0.17 0.17 -1 -1 -1 -1
Evo 1.01 0.00 0.50 0.49 0.50 0.50 0.50 0.06 0.00 0.05 0.05 0.19 -1 0
Result 0 11.0 293 0.43 0.16 0.14 0.15 0.17 0.18 0.20 -1 -1 -1 -1
Evo 1.00 0.00 0.50 0.50 0.50 0.50 0.50 0.05 0.00 0.07 0.22 0.36 -1 0
Result 0 19.0 2000 0.43 0.15 0.17 0.17 0.17 0.17 0.17 -1 -1 -1 -1
