Evo 1.00 0.00 1.00 0.96 1.00 1.00 1.00 0.20 0.01 0.01 0.27 0.45 -1 982
Result 0 3.0 1000 0.47 0.19 0.19 0.20 0.21 0.20 -1 -1 -1 -1 -1
Evo 1.00 0.00 1.00 0.98 1.00 1.00 1.00 0.14 0.00 0.05 0.16 0.32 -1 982
Result 0 1.0 1000 0.47 0.20 0.21 0.21 0.21 0.18 -1 -1 -1 -1 -1
Evo 1.00 0.00 1.00 0.98 1.00 1.00 1.00 0.14 0.00 0.09 0.28 0.32 -1 982
Result 0 1.0 1000 0.45 0.21 0.22 0.19 0.19 0.20 -1 -1 -1 -1 -1
Evo 1.00 0.00 1.00 0.98 1.00 1.00 1.00 0.14 0.00 0.01 0.31 0.47 -1 982
Result 0 3.0 1000 0.46 0.20 0.21 0.21 0.19 0.20 -1 -1 -1 -1 -1
Evo 1.00 0.00 1.00 0.98 1.00 1.00 1.00 0.14 0.00 0.36 0.31 0.44 -1 982
Result 0 3.0 1000 0.47 0.19 0.21 0.21 0.21 0.19 -1 -1 -1 -1 -1
Evo 1.00 0.00 1.00 0.98 1.00 1.00 1.00 0.14 0.00 0.12 0.30 0.32 -1 982
Result 0 1.0 1000 0.45 0.22 0.19 0.19 0.19 0.21 -1 -1 -1 -1 -1
Evo 1.00 0.00 1.00 0.98 1.00 1.00 1.00 0.14 0.00 0.04 0.31 0.32 -1 982
Result 0 1.0 1000 0.46 0.19 0.20 0.19 0.19 0.22 -1 -1 -1 -1 -1
Evo 1.00 0.00 1.00 0.98 1.00 1.00 1.00 0.14 0.00 0.03 0.16 0.32 -1 982
Result 0 1.0 1000 0.45 0.19 0.19 0.23 0.19 0.20 -1 -1 -1 -1 -1
Evo 1.00 0.00 1.00 0.98 1.00 1.00 1.00 0.14 0.00 0.01 0.32 0.48 -1 982
Result 0 3.0 1000 0.48 0.20 0.19 0.19 0.23 0.19 -1 -1 -1 -1 -1
Evo 1.00 0.00 1.00 0.98 1.00 1.00 1.00 0.14 0.00 0.03 0.44 0.48 -1 982
Result 0 3.0 1000 0.46 0.19 0.20 0.20 0.20 0.22 -1 -1 -1 -1 -1
Evo 1.00 0.00 1.00 0.98 1.00 1.00 1.00 0.14 0.00 0.38 0.31 0.48 -1 982
Result 0 3.0 1000 0.46 0.19 0.20 0.22 0.19 0.20 -1 -1 -1 -1 -1
Evo 1.00 0.00 1.00 0.98 1.00 1.00 1.00 0.14 0.00 0.02 0.31 0.48 -1 982
Result 0 3.0 1000 0.45 0.22 0.21 0.18 0.19 0.20 -1 -1 -1 -1 -1
Evo 1.00 0.00 1.00 0.98 1.00 1.00 1.00 0.14 0.00 0.09 0.31 0.32 -1 982
Result 0 1.0 1000 0.47 0.18 0.20 0.20 0.21 0.21 -1 -1 -1 -1 -1
Evo 1.00 0.00 1.00 0.98 1.00 1.00 1.00 0.14 0.00 0.03 0.15 0.16 -1 982
Result 0 0.0 1000 0.43 0.19 0.22 0.20 0.17 0.22 -1 -1 -1 -1 -1
Evo 1.00 0.00 1.00 0.98 1.00 1.00 1.00 0.14 0.00 0.09 0.31 0.32 -1 982
Result 0 1.0 1000 0.48 0.20 0.20 0.19 0.21 0.19 -1 -1 -1 -1 -1
Evo 1.00 0.00 1.00 0.98 1.00 1.00 1.00 0.14 0.00 0.03 0.39 0.57 -1 982
Result 0 7.0 1000 0.47 0.19 0.18 0.20 0.21 0.22 -1 -1 -1 -1 -1
Evo 1.00 0.00 1.00 0.98 1.00 1.00 1.00 0.14 0.00 0.01 0.31 0.32 -1 982
Result 0 1.0 1000 0.47 0.19 0.19 0.20 0.21 0.20 -1 -1 -1 -1 -1
Evo 1.00 0.00 1.00 0.98 1.00 1.00 1.00 0.14 0.00 0.06 0.28 0.32 -1 982
Result 0 1.0 1000 0.46 0.18 0.23 0.19 0.19 0.20 -1 -1 -1 -1 -1
Evo 1.00 0.00 1.00 0.98 1.00 1.00 1.00 0.14 0.00 0.03 0.15 0.16 -1 982
Result 0 0.0 1000 0.48 0.19 0.21 0.20 0.21 0.19 -1 -1 -1 -1 -1
Evo 1.00 0.00 1.00 0.98 1.00 1.00 1.00 0.14 0.00 0.02 0.31 0.32 -1 982
Result 0 1.0 1000 0.46 0.18 0.22 0.19 0.20 0.20 -1 -1 -1 -1 -1
Evo 1.00 0.00 1.00 0.98 1.00 1.00 1.00 0.14 0.00 0.03 0.10 0.11 -1 982
Result 0 0.0 1000 0.48 0.20 0.19 0.22 0.21 0.19 -1 -1 -1 -1 -1
Evo 1.00 0.00 1.00 0.98 1.00 1.00 1.00 0.14 0.00 0.22 0.35 0.38 -1 982
Result 0 3.0 1000 0.46 0.20 0.19 0.20 0.20 0.21 -1 -1 -1 -1 -1
Evo 1.00 0.00 1.00 0.98 1.00 1.00 1.00 0.14 0.00 0.03 0.10 0.11 -1 982
Result 0 0.0 1000 0.48 0.17 0.21 0.21 0.22 0.19 -1 -1 -1 -1 -1
Evo 1.00 0.00 1.00 0.98 1.00 1.00 1.00 0.14 0.00 0.03 0.10 0.11 -1 982
Result 0 0.0 1000 0.46 0.21 0.20 0.19 0.19 0.21 -1 -1 -1 -1 -1
Evo 1.00 0.00 1.00 0.98 1.00 1.00 1.00 0.14 0.00 0.33 0.25 0.34 -1 982
Result 0 3.0 1000 0.45 0.21 0.21 0.18 0.19 0.21 -1 -1 -1 -1 -1
Evo 1.00 0.00 1.00 0.98 1.00 1.00 1.00 0.14 0.00 0.53 0.30 0.38 -1 982
Result 0 3.0 1000 0.47 0.22 0.19 0.19 0.21 0.19 -1 -1 -1 -1 -1
Evo 1.00 0.00 1.00 0.98 1.00 1.00 1.00 0.14 0.00 0.52 0.39 0.53 -1 982
Result 0 7.0 1000 0.45 0.22 0.18 0.19 0.18 0.23 -1 -1 -1 -1 -1
Evo 1.00 0.00 1.00 0.98 1.00 1.00 1.00 0.14 0.00 0.32 0.23 0.29 -1 982
Result 0 3.0 1000 0.46 0.18 0.21 0.19 0.20 0.21 -1 -1 -1 -1 -1
Evo 1.00 0.00 1.00 0.98 1.00 1.00 1.00 0.14 0.00 0.32 0.23 0.31 -1 982
Result 0 3.0 1000 0.48 0.21 0.18 0.21 0.22 0.18 -1 -1 -1 -1 -1
Evo 1.00 0.00 1.00 0.98 1.00 1.00 1.00 0.14 0.00 0.23 0.24 0.31 -1 982
Result 0 3.0 1000 0.48 0.23 0.20 0.18 0.22 0.18 -1 -1 -1 -1 -1
Evo 1.00 0.00 1.00 0.98 1.00 1.00 1.00 0.14 0.00 0.04 0.22 0.24 -1 982
Result 0 1.0 1000 0.46 0.20 0.20 0.22 0.20 0.18 -1 -1 -1 -1 -1
Evo 1.00 0.00 1.00 0.98 1.00 1.00 1.00 0.14 0.00 0.33 0.27 0.38 -1 982
Result 0 3.0 1000 0.46 0.19 0.20 0.21 0.19 0.20 -1 -1 -1 -1 -1
Evo 1.00 0.00 1.00 0.98 1.00 1.00 1.00 0.14 0.00 0.36 0.24 0.32 -1 982
Result 0 3.0 1000 0.46 0.18 0.21 0.21 0.19 0.21 -1 -1 -1 -1 -1
Evo 1.00 0.00 1.00 0.98 1.00 1.00 1.00 0.14 0.00 0.01 0.23 0.24 -1 982
Result 0 1.0 1000 0.46 0.19 0.17 0.21 0.19 0.24 -1 -1 -1 -1 -1
Evo 1.00 0.00 1.00 0.98 1.00 1.00 1.00 0.14 0.00 0.52 0.24 0.34 -1 982
Result 0 3.0 1000 0.45 0.21 0.21 0.22 0.19 0.18 -1 -1 -1 -1 -1
Evo 1.00 0.00 1.00 0.98 1.00 1.00 1.00 0.14 0.00 0.53 0.36 0.53 -1 982
Result 0 7.0 1000 0.47 0.19 0.20 0.19 0.20 0.22 -1 -1 -1 -1 -1
Evo 1.00 0.00 1.00 0.98 1.00 1.00 1.00 0.14 0.00 0.06 0.11 0.24 -1 982
Result 0 1.0 1000 0.47 0.19 0.21 0.19 0.21 0.19 -1 -1 -1 -1 -1
Evo 1.00 0.00 1.00 0.98 1.00 1.00 1.00 0.14 0.00 0.03 0.10 0.11 -1 982
Result 0 0.0 1000 0.47 0.17 0.21 0.19 0.20 0.22 -1 -1 -1 -1 -1
Evo 1.00 0.00 1.00 0.98 1.00 1.00 1.00 0.14 0.00 0.03 0.10 0.11 -1 982
Result 0 0.0 1000 0.47 0.19 0.20 0.19 0.21 0.20 -1 -1 -1 -1 -1
Evo 1.00 0.00 1.00 0.98 1.00 1.00 1.00 0.14 0.00 0.18 0.23 0.33 -1 982
Result 0 3.0 1000 0.47 0.19 0.20 0.21 0.21 0.19 -1 -1 -1 -1 -1
Evo 1.00 0.00 1.00 0.98 1.00 1.00 1.00 0.14 0.00 0.01 0.15 0.29 -1 982
Result 0 1.0 1000 0.46 0.20 0.18 0.20 0.20 0.22 -1 -1 -1 -1 -1
Evo 1.00 0.00 1.00 0.98 1.00 1.00 1.00 0.14 0.00 0.01 0.27 0.37 -1 982
Result 0 1.0 1000 0.48 0.18 0.20 0.21 0.21 0.20 -1 -1 -1 -1 -1
Evo 1.00 0.00 1.00 0.98 1.00 1.00 1.00 0.14 0.00 0.51 0.33 0.40 -1 982
Result 0 3.0 1000 0.46 0.22 0.21 0.17 0.19 0.21 -1 -1 -1 -1 -1
Evo 1.00 0.00 1.00 0.98 1.00 1.00 1.00 0.14 0.00 0.06 0.34 0.37 -1 982
Result 0 1.0 1000 0.47 0.20 0.19 0.21 0.21 0.19 -1 -1 -1 -1 -1
Evo 1.00 0.00 1.00 0.98 1.00 1.00 1.00 0.14 0.00 0.53 0.29 0.37 -1 982
Result 0 3.0 1000 0.47 0.20 0.19 0.19 0.21 0.21 -1 -1 -1 -1 -1
Evo 1.00 0.00 1.00 0.98 1.00 1.00 1.00 0.14 0.00 0.01 0.25 0.37 -1 982
Result 0 1.0 1000 0.48 0.19 0.21 0.21 0.22 0.17 -1 -1 -1 -1 -1
Evo 1.00 0.00 1.00 0.98 1.00 1.00 1.00 0.14 0.00 0.03 0.16 0.30 -1 982
Result 0 1.0 1000 0.49 0.19 0.20 0.19 0.23 0.18 -1 -1 -1 -1 -1
Evo 1.00 0.00 1.00 0.98 1.00 1.00 1.00 0.14 0.00 0.01 0.27 0.37 -1 982
Result 0 1.0 1000 0.45 0.21 0.22 0.20 0.18 0.19 -1 -1 -1 -1 -1
Evo 1.00 0.00 1.00 0.98 1.00 1.00 1.00 0.14 0.00 0.01 0.28 0.37 -1 982
Result 0 1.0 1000 0.46 0.19 0.20 0.19 0.20 0.22 -1 -1 -1 -1 -1
Evo 1.00 0.00 1.00 0.98 1.00 1.00 1.00 0.14 0.00 0.01 0.34 0.37 -1 982
Result 0 5.0 1000 0.45 0.22 0.20 0.21 0.18 0.19 -1 -1 -1 -1 -1
Evo 1.00 0.00 1.00 0.98 1.00 1.00 1.00 0.14 0.00 0.02 0.27 0.37 -1 982
Result 0 1.0 1000 0.45 0.19 0.21 0.22 0.18 0.19 -1 -1 -1 -1 -1
Evo 1.00 0.00 1.00 0.98 1.00 1.00 1.00 0.14 0.00 0.03 0.35 0.37 -1 982
Result 0 1.0 1000 0.46 0.20 0.21 0.19 0.19 0.20 -1 -1 -1 -1 -1
Evo 1.00 0.00 1.00 0.98 1.00 1.00 1.00 0.14 0.00 0.03 0.18 0.30 -1 982
Result 0 1.0 1000 0.48 0.20 0.21 0.19 0.22 0.17 -1 -1 -1 -1 -1
Evo 1.00 0.00 1.00 0.98 1.00 1.00 1.00 0.14 0.00 0.01 0.18 0.32 -1 982
Result 0 1.0 1000 0.45 0.20 0.19 0.21 0.19 0.21 -1 -1 -1 -1 -1
Evo 1.00 0.00 1.00 0.98 1.00 1.00 1.00 0.14 0.00 0.03 0.27 0.37 -1 982
Result 0 1.0 1000 0.46 0.19 0.22 0.21 0.20 0.19 -1 -1 -1 -1 -1
Evo 1.00 0.00 1.00 0.98 1.00 1.00 1.00 0.14 0.00 0.37 0.36 0.37 -1 982
Result 0 3.0 1000 0.45 0.21 0.19 0.21 0.18 0.21 -1 -1 -1 -1 -1
Evo 1.00 0.00 1.00 0.98 1.00 1.00 1.00 0.14 0.00 0.01 0.34 0.37 -1 982
Result 0 1.0 1000 0.47 0.20 0.18 0.21 0.21 0.20 -1 -1 -1 -1 -1
Evo 1.00 0.00 1.00 0.98 1.00 1.00 1.00 0.14 0.00 0.01 0.16 0.29 -1 982
Result 0 1.0 1000 0.47 0.20 0.19 0.21 0.21 0.19 -1 -1 -1 -1 -1
Evo 1.00 0.00 1.00 0.98 1.00 1.00 1.00 0.14 0.00 0.43 0.17 0.30 -1 982
Result 0 3.0 1000 0.46 0.23 0.19 0.21 0.19 0.18 -1 -1 -1 -1 -1
Evo 1.00 0.00 1.00 0.98 1.00 1.00 1.00 0.14 0.00 0.50 0.35 0.37 -1 982
Result 0 3.0 1000 0.48 0.20 0.19 0.19 0.22 0.20 -1 -1 -1 -1 -1
Evo 1.00 0.00 1.00 0.98 1.00 1.00 1.00 0.14 0.00 0.03 0.30 0.34 -1 982
Result 0 0.0 1000 0.43 0.21 0.20 0.23 0.17 0.19 -1 -1 -1 -1 -1
Evo 1.00 0.00 1.00 0.98 1.00 1.00 1.00 0.14 0.00 0.03 0.33 0.34 -1 982
Result 0 0.0 1000 0.46 0.17 0.19 0.22 0.20 0.22 -1 -1 -1 -1 -1
Evo 1.00 0.00 1.00 0.98 1.00 1.00 1.00 0.14 0.00 0.03 0.33 0.34 -1 982
Result 0 0.0 1000 0.45 0.21 0.21 0.19 0.18 0.20 -1 -1 -1 -1 -1
Evo 1.00 0.00 1.00 0.98 1.00 1.00 1.00 0.14 0.00 0.03 0.32 0.34 -1 982
Result 0 0.0 1000 0.45 0.22 0.20 0.20 0.19 0.19 -1 -1 -1 -1 -1
Evo 1.00 0.00 1.00 0.98 1.00 1.00 1.00 0.14 0.00 0.03 0.33 0.34 -1 982
Result 0 0.0 1000 0.46 0.19 0.19 0.21 0.19 0.21 -1 -1 -1 -1 -1
Evo 1.00 0.00 1.00 0.98 1.00 1.00 1.00 0.14 0.00 0.06 0.34 0.39 -1 982
Result 0 1.0 1000 0.45 0.19 0.21 0.21 0.19 0.20 -1 -1 -1 -1 -1
Evo 1.00 0.00 1.00 0.98 1.00 1.00 1.00 0.14 0.00 0.13 0.33 0.39 -1 982
Result 0 1.0 1000 0.45 0.19 0.23 0.20 0.19 0.20 -1 -1 -1 -1 -1
Evo 1.00 0.00 1.00 0.98 1.00 1.00 1.00 0.14 0.00 0.03 0.31 0.34 -1 982
Result 0 0.0 1000 0.48 0.22 0.18 0.20 0.22 0.19 -1 -1 -1 -1 -1
Evo 1.00 0.00 1.00 0.98 1.00 1.00 1.00 0.14 0.00 0.03 0.26 0.34 -1 982
Result 0 0.0 1000 0.46 0.19 0.21 0.22 0.20 0.18 -1 -1 -1 -1 -1
Evo 1.00 0.00 1.00 0.98 1.00 1.00 1.00 0.14 0.00 0.03 0.33 0.34 -1 982
Result 0 0.0 1000 0.47 0.20 0.20 0.19 0.21 0.20 -1 -1 -1 -1 -1
Evo 1.00 0.00 1.00 0.98 1.00 1.00 1.00 0.14 0.00 0.03 0.33 0.34 -1 982
Result 0 0.0 1000 0.46 0.22 0.19 0.18 0.20 0.21 -1 -1 -1 -1 -1
Evo 1.00 0.00 1.00 0.98 1.00 1.00 1.00 0.14 0.00 0.03 0.33 0.34 -1 982
Result 0 0.0 1000 0.48 0.21 0.19 0.20 0.22 0.18 -1 -1 -1 -1 -1
Evo 1.00 0.00 1.00 0.98 1.00 1.00 1.00 0.14 0.00 0.03 0.31 0.34 -1 982
Result 0 0.0 1000 0.43 0.21 0.21 0.21 0.17 0.21 -1 -1 -1 -1 -1
Evo 1.00 0.00 1.00 0.98 1.00 1.00 1.00 0.14 0.00 0.03 0.33 0.34 -1 982
Result 0 0.0 1000 0.46 0.21 0.21 0.19 0.19 0.20 -1 -1 -1 -1 -1
Evo 1.00 0.00 1.00 0.98 1.00 1.00 1.00 0.14 0.00 0.04 0.35 0.39 -1 982
Result 0 1.0 1000 0.47 0.19 0.20 0.21 0.21 0.19 -1 -1 -1 -1 -1
Evo 1.00 0.00 1.00 0.98 1.00 1.00 1.00 0.14 0.00 0.03 0.33 0.34 -1 982
Result 0 0.0 1000 0.49 0.18 0.19 0.18 0.23 0.22 -1 -1 -1 -1 -1
Evo 1.00 0.00 1.00 0.98 1.00 1.00 1.00 0.14 0.00 0.03 0.33 0.34 -1 982
Result 0 0.0 1000 0.47 0.19 0.20 0.20 0.21 0.20 -1 -1 -1 -1 -1
Evo 1.00 0.00 1.00 0.98 1.00 1.00 1.00 0.14 0.00 0.03 0.33 0.34 -1 982
Result 0 0.0 1000 0.47 0.20 0.20 0.21 0.20 0.20 -1 -1 -1 -1 -1
Evo 1.00 0.00 1.00 0.98 1.00 1.00 1.00 0.14 0.00 0.03 0.28 0.34 -1 982
Result 0 0.0 1000 0.46 0.21 0.20 0.21 0.20 0.17 -1 -1 -1 -1 -1
Evo 1.00 0.00 1.00 0.98 1.00 1.00 1.00 0.14 0.00 0.03 0.33 0.34 -1 982
Result 0 0.0 1000 0.46 0.19 0.21 0.21 0.19 0.20 -1 -1 -1 -1 -1
Evo 1.00 0.00 1.00 0.98 1.00 1.00 1.00 0.14 0.00 0.03 0.23 0.28 -1 982
Result 0 1.0 1000 0.46 0.20 0.19 0.21 0.20 0.20 -1 -1 -1 -1 -1
Evo 1.00 0.00 1.00 0.98 1.00 1.00 1.00 0.14 0.00 0.01 0.10 0.22 -1 982
Result 0 1.0 1000 0.46 0.22 0.19 0.21 0.20 0.18 -1 -1 -1 -1 -1
Evo 1.00 0.00 1.00 0.98 1.00 1.00 1.00 0.14 0.00 0.03 0.23 0.28 -1 982
Result 0 1.0 1000 0.47 0.20 0.21 0.18 0.21 0.20 -1 -1 -1 -1 -1
Evo 1.00 0.00 1.00 0.98 1.00 1.00 1.00 0.14 0.00 0.04 0.08 0.20 -1 982
Result 0 1.0 1000 0.48 0.21 0.20 0.18 0.22 0.19 -1 -1 -1 -1 -1
Evo 1.00 0.00 1.00 0.98 1.00 1.00 1.00 0.14 0.00 0.01 0.10 0.26 -1 982
Result 0 1.0 1000 0.48 0.21 0.22 0.17 0.21 0.18 -1 -1 -1 -1 -1
Evo 1.00 0.00 1.00 0.98 1.00 1.00 1.00 0.14 0.00 0.03 0.25 0.28 -1 982
Result 0 1.0 1000 0.46 0.20 0.21 0.17 0.20 0.22 -1 -1 -1 -1 -1
Evo 1.00 0.00 1.00 0.98 1.00 1.00 1.00 0.14 0.00 0.48 0.27 0.37 -1 982
Result 0 3.0 1000 0.47 0.20 0.20 0.19 0.21 0.20 -1 -1 -1 -1 -1
Evo 1.00 0.00 1.00 0.98 1.00 1.00 1.00 0.14 0.00 0.03 0.09 0.23 -1 982
Result 0 1.0 1000 0.46 0.20 0.20 0.19 0.19 0.22 -1 -1 -1 -1 -1
Evo 1.00 0.00 1.00 0.98 1.00 1.00 1.00 0.14 0.00 0.05 0.17 0.28 -1 982
Result 0 1.0 1000 0.48 0.19 0.19 0.20 0.22 0.20 -1 -1 -1 -1 -1
Evo 1.00 0.00 1.00 0.98 1.00 1.00 1.00 0.14 0.00 0.02 0.24 0.28 -1 982
Result 0 1.0 1000 0.48 0.18 0.20 0.19 0.22 0.20 -1 -1 -1 -1 -1
Evo 1.00 0.00 1.00 0.98 1.00 1.00 1.00 0.14 0.00 0.03 0.21 0.28 -1 982
Result 0 1.0 1000 0.47 0.19 0.21 0.23 0.21 0.16 -1 -1 -1 -1 -1
Evo 1.00 0.00 1.00 0.98 1.00 1.00 1.00 0.14 0.00 0.05 0.26 0.28 -1 982
Result 0 1.0 1000 0.45 0.21 0.20 0.21 0.19 0.20 -1 -1 -1 -1 -1
Evo 1.00 0.00 1.00 0.98 1.00 1.00 1.00 0.14 0.00 0.03 0.18 0.28 -1 982
Result 0 1.0 1000 0.47 0.19 0.21 0.20 0.21 0.20 -1 -1 -1 -1 -1
Evo 1.00 0.00 1.00 0.98 1.00 1.00 1.00 0.14 0.00 0.04 0.26 0.28 -1 982
Result 0 1.0 1000 0.47 0.21 0.20 0.21 0.21 0.18 -1 -1 -1 -1 -1
Evo 1.00 0.00 1.00 0.98 1.00 1.00 1.00 0.14 0.00 0.03 0.24 0.28 -1 982
Result 0 1.0 1000 0.46 0.19 0.20 0.20 0.20 0.20 -1 -1 -1 -1 -1
Evo 1.00 0.00 1.00 0.98 1.00 1.00 1.00 0.14 0.00 0.04 0.21 0.28 -1 982
Result 0 1.0 1000 0.47 0.18 0.21 0.21 0.20 0.19 -1 -1 -1 -1 -1
Evo 1.00 0.00 1.00 0.98 1.00 1.00 1.00 0.14 0.00 0.03 0.11 0.26 -1 982
Result 0 1.0 1000 0.46 0.20 0.20 0.20 0.19 0.20 -1 -1 -1 -1 -1
Evo 1.00 0.00 1.00 0.98 1.00 1.00 1.00 0.14 0.00 0.03 0.07 0.08 -1 982
Result 0 0.0 1000 0.48 0.18 0.19 0.20 0.22 0.21 -1 -1 -1 -1 -1
Evo 1.00 0.00 1.00 0.98 1.00 1.00 1.00 0.14 0.00 0.05 0.27 0.28 -1 982
Result 0 1.0 1000 0.46 0.22 0.18 0.22 0.19 0.18 -1 -1 -1 -1 -1
Evo 1.00 0.00 1.00 0.98 1.00 1.00 1.00 0.14 0.00 0.04 0.25 0.28 -1 982
Result 0 1.0 1000 0.48 0.18 0.21 0.19 0.22 0.20 -1 -1 -1 -1 -1
