Evo 1.00 0.00 1.00 0.99 1.00 1.00 1.00 0.10 0.00 0.06 0.06 0.15 -1 0
Result 0 0.0 2000 0.44 0.17 0.17 0.18 0.15 0.16 0.17 -1 -1 -1 -1
Evo 1.02 0.00 1.00 0.99 1.00 1.00 1.00 0.10 0.00 0.01 0.06 0.11 -1 0
Result 0 0.0 2000 0.45 0.19 0.18 0.17 0.15 0.14 0.17 -1 -1 -1 -1
Evo 1.04 0.00 1.00 0.86 0.80 1.00 1.00 0.25 0.01 0.27 0.15 0.29 -1 0
Result 0 0.0 1996 0.42 0.19 0.16 0.16 0.13 0.17 0.19 -1 -1 -1 -1
Evo 1.00 0.00 1.00 0.99 1.00 1.00 1.00 0.10 0.00 0.01 0.07 0.16 -1 0
Result 0 0.0 2000 0.44 0.18 0.17 0.19 0.14 0.16 0.16 -1 -1 -1 -1
Evo 1.01 0.00 1.00 0.99 1.00 1.00 1.00 0.10 0.00 0.03 0.06 0.12 -1 0
Result 0 0.0 2000 0.41 0.17 0.15 0.20 0.15 0.17 0.16 -1 -1 -1 -1
Evo 1.00 0.00 1.00 0.99 1.00 1.00 1.00 0.10 0.00 0.02 0.13 0.25 -1 0
Result 0 0.0 2000 0.43 0.17 0.16 0.17 0.16 0.16 0.17 -1 -1 -1 -1
Evo 1.00 0.00 1.00 0.99 1.00 1.00 1.00 0.10 0.00 0.06 0.11 0.21 -1 0
Result 0 0.0 2000 0.45 0.18 0.19 0.19 0.15 0.16 0.15 -1 -1 -1 -1
Evo 1.00 0.00 1.00 0.99 1.00 1.00 1.00 0.10 0.00 0.06 0.06 0.14 -1 0
Result 0 0.0 2000 0.43 0.20 0.17 0.20 0.12 0.16 0.16 -1 -1 -1 -1
Evo 1.01 0.00 1.00 0.99 1.00 1.00 1.00 0.10 0.00 0.04 0.11 0.24 -1 0
Result 0 0.0 2000 0.43 0.19 0.17 0.16 0.14 0.17 0.17 -1 -1 -1 -1
Evo 1.02 0.00 1.00 0.98 1.00 1.00 1.00 0.11 0.00 0.01 0.19 0.35 -1 0
Result 0 0.0 2000 0.45 0.18 0.14 0.18 0.14 0.19 0.18 -1 -1 -1 -1
Evo 1.00 0.00 1.00 0.99 1.00 1.00 1.00 0.10 0.00 0.01 0.09 0.18 -1 0
Result 0 0.0 2000 0.46 0.18 0.20 0.19 0.14 0.13 0.16 -1 -1 -1 -1
Evo 1.02 0.00 1.00 0.99 1.00 1.00 1.00 0.10 0.00 0.07 0.07 0.14 -1 0
Result 0 0.0 2000 0.42 0.18 0.16 0.18 0.15 0.17 0.16 -1 -1 -1 -1
Evo 1.00 0.00 1.00 0.99 1.00 1.00 1.00 0.10 0.00 0.02 0.14 0.22 -1 0
Result 0 0.0 2000 0.43 0.18 0.17 0.18 0.16 0.15 0.16 -1 -1 -1 -1
Evo 1.00 0.00 1.00 0.99 1.00 1.00 1.00 0.10 0.00 0.06 0.06 0.15 -1 0
Result 0 0.0 2000 0.44 0.17 0.19 0.19 0.13 0.16 0.16 -1 -1 -1 -1
Evo 1.00 0.00 1.00 0.99 1.00 1.00 1.00 0.10 0.00 0.06 0.10 0.19 -1 0
Result 0 0.0 2000 0.43 0.17 0.18 0.18 0.13 0.17 0.17 -1 -1 -1 -1
Evo 1.03 0.00 1.00 0.99 1.00 1.00 1.00 0.10 0.00 0.14 0.06 0.11 -1 0
Result 0 0.0 2000 0.41 0.18 0.15 0.18 0.13 0.17 0.19 -1 -1 -1 -1
Evo 1.00 0.00 1.00 0.99 1.00 1.00 1.00 0.10 0.00 0.06 0.11 0.23 -1 0
Result 0 0.0 2000 0.43 0.17 0.17 0.18 0.16 0.16 0.17 -1 -1 -1 -1
Evo 1.00 0.00 1.00 0.99 1.00 1.00 1.00 0.10 0.00 0.04 0.15 0.23 -1 0
Result 0 0.0 2000 0.46 0.19 0.16 0.18 0.17 0.14 0.16 -1 -1 -1 -1
Evo 1.00 0.00 1.00 0.99 1.00 1.00 1.00 0.10 0.00 0.06 0.12 0.19 -1 0
Result 0 0.0 2000 0.43 0.17 0.17 0.19 0.15 0.16 0.16 -1 -1 -1 -1
Evo 1.00 0.00 1.00 0.99 1.00 1.00 1.00 0.10 0.00 0.01 0.21 0.33 -1 0
Result 0 0.0 2000 0.45 0.18 0.16 0.18 0.15 0.17 0.17 -1 -1 -1 -1
Evo 1.00 0.00 1.00 0.96 1.00 1.00 1.00 0.20 0.01 0.02 0.08 0.16 -1 44
Result 0 0.0 415 0.45 0.19 0.14 0.16 0.15 0.20 0.16 -1 -1 -1 -1
Evo 1.00 0.00 1.00 0.99 1.00 1.00 1.00 0.10 0.00 0.02 0.23 0.38 -1 191
Result 0 0.0 2000 0.40 0.16 0.14 0.16 0.18 0.17 0.18 -1 -1 -1 -1
Evo 1.00 0.00 1.00 0.99 1.00 1.00 1.00 0.10 0.00 0.01 0.24 0.39 -1 42
Result 0 0.0 2000 0.43 0.17 0.16 0.16 0.16 0.17 0.18 -1 -1 -1 -1
Evo 1.00 0.00 1.00 0.99 1.00 1.00 1.00 0.10 0.00 0.02 0.11 0.19 -1 51
Result 0 0.0 2000 0.38 0.18 0.13 0.15 0.19 0.19 0.17 -1 -1 -1 -1
Evo 1.01 0.00 1.00 0.99 1.00 1.00 1.00 0.09 0.00 0.04 0.04 0.07 -1 10
Result 0 0.0 1997 0.35 0.18 0.11 0.18 0.18 0.16 0.19 -1 -1 -1 -1
Evo 1.00 0.00 1.00 0.99 1.00 1.00 1.00 0.09 0.00 0.04 0.04 0.08 -1 40
Result 0 0.0 1997 0.37 0.18 0.12 0.17 0.18 0.16 0.19 -1 -1 -1 -1
Evo 1.01 0.00 1.00 0.99 1.00 1.00 1.00 0.10 0.00 0.03 0.04 0.08 -1 35
Result 0 0.0 2000 0.44 0.17 0.13 0.19 0.18 0.15 0.17 -1 -1 -1 -1
Evo 1.01 0.00 1.00 0.99 1.00 1.00 1.00 0.10 0.00 0.03 0.11 0.27 -1 27
Result 0 0.0 2000 0.45 0.18 0.11 0.17 0.18 0.17 0.19 -1 -1 -1 -1
Evo 1.01 0.00 1.00 0.99 1.00 1.00 1.00 0.10 0.00 0.03 0.04 0.08 -1 39
Result 0 0.0 2000 0.39 0.18 0.13 0.19 0.17 0.16 0.18 -1 -1 -1 -1
Evo 1.01 0.00 1.00 0.99 1.00 1.00 1.00 0.09 0.00 0.04 0.03 0.09 -1 102
Result 0 0.0 1998 0.44 0.18 0.11 0.17 0.18 0.16 0.19 -1 -1 -1 -1
Evo 1.01 0.00 1.00 0.99 1.00 1.00 1.00 0.10 0.00 0.02 0.16 0.33 -1 23
Result 0 0.0 2000 0.46 0.20 0.13 0.16 0.18 0.16 0.18 -1 -1 -1 -1
Evo 1.01 0.00 1.00 0.97 1.00 1.00 1.00 0.16 0.01 0.04 0.08 0.11 -1 74
Result 0 0.0 724 0.43 0.17 0.13 0.16 0.17 0.18 0.19 -1 -1 -1 -1
Evo 1.01 0.00 1.00 0.99 1.00 1.00 1.00 0.10 0.00 0.04 0.09 0.18 -1 36
Result 0 0.0 2000 0.36 0.20 0.11 0.15 0.18 0.17 0.18 -1 -1 -1 -1
Evo 1.01 0.00 1.00 0.99 1.00 1.00 1.00 0.10 0.00 0.05 0.04 0.08 -1 121
Result 0 0.0 2000 0.35 0.19 0.11 0.18 0.18 0.16 0.18 -1 -1 -1 -1
Evo 1.00 0.00 1.00 0.99 1.00 1.00 1.00 0.10 0.00 0.03 0.13 0.20 -1 83
Result 0 0.0 2000 0.42 0.16 0.16 0.16 0.19 0.17 0.17 -1 -1 -1 -1
Evo 1.00 0.00 1.00 0.99 1.00 1.00 1.00 0.10 0.00 0.01 0.23 0.37 -1 61
Result 0 0.0 2000 0.43 0.16 0.14 0.16 0.17 0.19 0.17 -1 -1 -1 -1
Evo 1.01 0.00 1.00 0.98 1.00 1.00 1.00 0.12 0.00 0.03 0.10 0.19 -1 51
Result 0 0.0 1228 0.40 0.17 0.14 0.17 0.16 0.17 0.19 -1 -1 -1 -1
Evo 1.01 0.00 1.00 0.99 1.00 1.00 1.00 0.10 0.00 0.03 0.04 0.07 -1 169
Result 0 0.0 2000 0.44 0.18 0.11 0.19 0.19 0.16 0.17 -1 -1 -1 -1
Evo 1.00 0.00 1.00 0.99 1.00 1.00 1.00 0.10 0.00 0.01 0.11 0.20 -1 131
Result 0 0.0 2000 0.40 0.16 0.14 0.17 0.17 0.18 0.18 -1 -1 -1 -1
Evo 1.00 0.00 1.00 0.99 1.00 1.00 1.00 0.10 0.00 0.01 0.26 0.39 -1 24
Result 0 0.0 2000 0.42 0.16 0.16 0.16 0.19 0.16 0.16 -1 -1 -1 -1
Evo 1.00 0.00 1.00 0.99 1.00 1.00 1.00 0.10 0.00 0.06 0.08 0.16 -1 0
Result 0 0.0 2000 0.43 0.17 0.14 0.18 0.17 0.16 0.19 -1 -1 -1 -1
Evo 1.00 0.00 1.00 0.99 1.00 1.00 1.00 0.10 0.00 0.06 0.06 0.13 -1 0
Result 0 0.0 2000 0.44 0.17 0.15 0.19 0.15 0.16 0.18 -1 -1 -1 -1
Evo 1.00 0.00 1.00 0.99 1.00 1.00 1.00 0.09 0.00 0.06 0.18 0.29 -1 0
Result 0 0.0 1998 0.42 0.15 0.16 0.16 0.17 0.17 0.18 -1 -1 -1 -1
Evo 1.00 0.00 1.00 0.99 1.00 1.00 1.00 0.10 0.00 0.01 0.12 0.22 -1 0
Result 0 0.0 2000 0.43 0.16 0.16 0.19 0.14 0.15 0.18 -1 -1 -1 -1
Evo 1.00 0.00 1.00 0.99 1.00 1.00 1.00 0.10 0.00 0.01 0.10 0.17 -1 0
Result 0 0.0 2000 0.41 0.18 0.15 0.19 0.14 0.16 0.19 -1 -1 -1 -1
Evo 1.00 0.00 1.00 0.99 1.00 1.00 1.00 0.10 0.00 0.06 0.06 0.14 -1 0
Result 0 0.0 2000 0.40 0.17 0.14 0.18 0.16 0.16 0.18 -1 -1 -1 -1
Evo 1.00 0.00 1.00 0.99 1.00 1.00 1.00 0.10 0.00 0.06 0.06 0.13 -1 0
Result 0 0.0 2000 0.39 0.18 0.14 0.19 0.15 0.15 0.19 -1 -1 -1 -1
Evo 1.00 0.00 1.00 0.99 1.00 1.00 1.00 0.10 0.00 0.06 0.07 0.12 -1 0
Result 0 0.0 2000 0.41 0.19 0.15 0.19 0.13 0.15 0.19 -1 -1 -1 -1
Evo 1.00 0.00 1.00 0.99 1.00 1.00 1.00 0.09 0.00 0.06 0.06 0.15 -1 0
Result 0 0.0 1997 0.43 0.17 0.15 0.17 0.16 0.16 0.19 -1 -1 -1 -1
Evo 1.00 0.00 1.00 0.99 1.00 1.00 1.00 0.10 0.00 0.06 0.06 0.14 -1 0
Result 0 0.0 2000 0.45 0.19 0.12 0.21 0.14 0.17 0.18 -1 -1 -1 -1
Evo 1.00 0.00 1.00 0.99 1.00 1.00 1.00 0.10 0.00 0.01 0.11 0.20 -1 0
Result 0 0.0 2000 0.40 0.17 0.14 0.18 0.17 0.16 0.17 -1 -1 -1 -1
Evo 1.00 0.00 1.00 0.99 1.00 1.00 1.00 0.09 0.00 0.05 0.13 0.24 -1 0
Result 0 0.0 1996 0.44 0.18 0.16 0.19 0.14 0.17 0.17 -1 -1 -1 -1
Evo 1.00 0.00 1.00 0.99 1.00 1.00 1.00 0.10 0.00 0.01 0.09 0.19 -1 0
Result 0 0.0 2000 0.41 0.17 0.15 0.20 0.15 0.15 0.17 -1 -1 -1 -1
Evo 1.00 0.00 1.00 0.99 1.00 1.00 1.00 0.10 0.00 0.06 0.14 0.25 -1 0
Result 0 0.0 2000 0.42 0.17 0.16 0.18 0.15 0.18 0.17 -1 -1 -1 -1
Evo 1.00 0.00 1.00 0.99 1.00 1.00 1.00 0.10 0.00 0.06 0.09 0.14 -1 0
Result 0 0.0 2000 0.44 0.18 0.15 0.17 0.17 0.15 0.18 -1 -1 -1 -1
Evo 1.00 0.00 1.00 0.99 1.00 1.00 1.00 0.10 0.00 0.06 0.11 0.23 -1 0
Result 0 0.0 2000 0.43 0.17 0.15 0.17 0.16 0.18 0.17 -1 -1 -1 -1
Evo 1.00 0.00 1.00 0.99 1.00 1.00 1.00 0.10 0.00 0.06 0.08 0.16 -1 0
Result 0 0.0 2000 0.44 0.17 0.18 0.18 0.13 0.15 0.18 -1 -1 -1 -1
Evo 1.00 0.00 1.00 0.99 1.00 1.00 1.00 0.10 0.00 0.06 0.07 0.13 -1 0
Result 0 0.0 2000 0.41 0.18 0.15 0.16 0.16 0.17 0.18 -1 -1 -1 -1
Evo 1.00 0.00 1.00 0.99 1.00 1.00 1.00 0.10 0.00 0.06 0.08 0.13 -1 0
Result 0 0.0 2000 0.43 0.16 0.14 0.18 0.17 0.15 0.19 -1 -1 -1 -1
Evo 1.00 0.00 1.00 0.99 1.00 1.00 1.00 0.10 0.00 0.06 0.12 0.22 -1 0
Result 0 0.0 2000 0.44 0.17 0.15 0.19 0.16 0.17 0.16 -1 -1 -1 -1
Evo 1.00 0.00 1.00 0.99 1.00 1.00 1.00 0.10 0.00 0.06 0.08 0.13 -1 323
Result 0 0.0 2000 0.42 0.15 0.18 0.18 0.15 0.17 0.16 -1 -1 -1 -1
Evo 1.00 0.00 1.00 0.99 1.00 1.00 1.00 0.10 0.00 0.06 0.09 0.13 -1 45
Result 0 0.0 2000 0.44 0.17 0.17 0.16 0.16 0.16 0.17 -1 -1 -1 -1
Evo 1.00 0.00 1.00 0.99 1.00 1.00 1.00 0.10 0.00 0.06 0.17 0.33 -1 147
Result 0 0.0 2000 0.42 0.17 0.16 0.17 0.17 0.17 0.17 -1 -1 -1 -1
Evo 1.00 0.00 1.00 0.99 1.00 1.00 1.00 0.10 0.00 0.06 0.09 0.14 -1 5
Result 0 0.0 2000 0.44 0.17 0.17 0.16 0.17 0.16 0.17 -1 -1 -1 -1
Evo 1.00 0.00 1.00 0.99 1.00 1.00 1.00 0.10 0.00 0.06 0.09 0.13 -1 285
Result 0 0.0 2000 0.43 0.17 0.16 0.17 0.16 0.16 0.17 -1 -1 -1 -1
Evo 1.00 0.00 1.00 0.99 1.00 1.00 1.00 0.10 0.00 0.06 0.07 0.14 -1 8
Result 0 0.0 2000 0.44 0.17 0.18 0.17 0.17 0.15 0.17 -1 -1 -1 -1
Evo 1.00 0.00 1.00 0.99 1.00 1.00 1.00 0.10 0.00 0.06 0.17 0.32 -1 94
Result 0 0.0 2000 0.45 0.18 0.18 0.17 0.15 0.16 0.16 -1 -1 -1 -1
Evo 1.00 0.00 1.00 0.99 1.00 1.00 1.00 0.10 0.00 0.06 0.09 0.13 -1 27
Result 0 0.0 2000 0.42 0.16 0.18 0.17 0.16 0.17 0.16 -1 -1 -1 -1
Evo 1.00 0.00 1.00 0.99 1.00 1.00 1.00 0.10 0.00 0.06 0.03 0.10 -1 30
Result 0 0.0 2000 0.44 0.15 0.18 0.18 0.16 0.16 0.17 -1 -1 -1 -1
Evo 1.00 0.00 1.00 0.99 1.00 1.00 1.00 0.10 0.00 0.06 0.10 0.14 -1 145
Result 0 0.0 2000 0.43 0.16 0.16 0.17 0.17 0.16 0.17 -1 -1 -1 -1
Evo 1.00 0.00 1.00 0.99 1.00 1.00 1.00 0.10 0.00 0.06 0.10 0.14 -1 398
Result 0 0.0 2000 0.43 0.16 0.17 0.16 0.16 0.17 0.17 -1 -1 -1 -1
Evo 1.00 0.00 1.00 0.99 1.00 1.00 1.00 0.10 0.00 0.06 0.06 0.12 -1 39
Result 0 0.0 2000 0.44 0.18 0.16 0.16 0.17 0.16 0.17 -1 -1 -1 -1
Evo 1.00 0.00 1.00 0.99 1.00 1.00 1.00 0.10 0.00 0.06 0.13 0.25 -1 111
Result 0 0.0 2000 0.44 0.17 0.18 0.16 0.15 0.17 0.16 -1 -1 -1 -1
Evo 1.00 0.00 1.00 0.99 1.00 1.00 1.00 0.10 0.00 0.06 0.10 0.13 -1 50
Result 0 0.0 2000 0.43 0.17 0.16 0.17 0.16 0.18 0.16 -1 -1 -1 -1
Evo 1.00 0.00 1.00 0.99 1.00 1.00 1.00 0.10 0.00 0.06 0.11 0.14 -1 108
Result 0 0.0 2000 0.43 0.16 0.18 0.15 0.17 0.18 0.16 -1 -1 -1 -1
Evo 1.00 0.00 1.00 0.99 1.00 1.00 1.00 0.10 0.00 0.06 0.11 0.14 -1 36
Result 0 0.0 2000 0.43 0.17 0.17 0.17 0.16 0.16 0.17 -1 -1 -1 -1
Evo 1.00 0.00 1.00 0.99 1.00 1.00 1.00 0.10 0.00 0.06 0.06 0.13 -1 279
Result 0 0.0 2000 0.46 0.16 0.19 0.16 0.17 0.14 0.18 -1 -1 -1 -1
Evo 1.00 0.00 1.00 0.99 1.00 1.00 1.00 0.10 0.00 0.06 0.05 0.11 -1 78
Result 0 0.0 2000 0.43 0.17 0.18 0.17 0.18 0.15 0.15 -1 -1 -1 -1
Evo 1.00 0.00 1.00 0.99 1.00 1.00 1.00 0.10 0.00 0.06 0.05 0.12 -1 36
Result 0 0.0 2000 0.43 0.17 0.17 0.17 0.17 0.15 0.17 -1 -1 -1 -1
Evo 1.00 0.00 1.00 0.99 1.00 1.00 1.00 0.10 0.00 0.06 0.08 0.13 -1 62
Result 0 0.0 2000 0.42 0.16 0.19 0.17 0.16 0.16 0.16 -1 -1 -1 -1
Evo 1.00 0.00 1.00 0.99 1.00 1.00 1.00 0.10 0.00 0.01 0.14 0.24 -1 0
Result 0 0.0 2000 0.43 0.17 0.17 0.17 0.16 0.17 0.17 -1 -1 -1 -1
Evo 1.00 0.00 1.00 0.99 1.00 1.00 1.00 0.10 0.00 0.01 0.07 0.11 -1 0
Result 0 0.0 2000 0.44 0.17 0.17 0.17 0.17 0.15 0.16 -1 -1 -1 -1
Evo 1.00 0.00 1.00 0.99 1.00 1.00 1.00 0.10 0.00 0.01 0.18 0.22 -1 0
Result 0 0.0 2000 0.43 0.17 0.16 0.16 0.15 0.19 0.16 -1 -1 -1 -1
Evo 1.00 0.00 1.00 0.99 1.00 1.00 1.00 0.10 0.00 0.01 0.10 0.11 -1 0
Result 0 0.0 2000 0.44 0.18 0.15 0.18 0.15 0.17 0.18 -1 -1 -1 -1
Evo 1.00 0.00 1.00 0.99 1.00 1.00 1.00 0.10 0.00 0.06 0.08 0.11 -1 2
Result 0 0.0 2000 0.43 0.16 0.17 0.17 0.14 0.18 0.17 -1 -1 -1 -1
Evo 1.00 0.00 1.00 0.99 1.00 1.00 1.00 0.10 0.00 0.01 0.07 0.11 -1 0
Result 0 0.0 2000 0.44 0.18 0.18 0.16 0.15 0.16 0.17 -1 -1 -1 -1
Evo 1.00 0.00 1.00 0.99 1.00 1.00 1.00 0.10 0.00 0.06 0.08 0.11 -1 0
Result 0 0.0 2000 0.43 0.16 0.17 0.17 0.13 0.17 0.19 -1 -1 -1 -1
Evo 1.00 0.00 1.00 0.99 1.00 1.00 1.00 0.09 0.00 0.01 0.08 0.11 -1 0
Result 0 0.0 1998 0.44 0.18 0.19 0.15 0.16 0.17 0.17 -1 -1 -1 -1
Evo 1.00 0.00 1.00 0.99 1.00 1.00 1.00 0.10 0.00 0.01 0.08 0.11 -1 0
Result 0 0.0 2000 0.46 0.16 0.19 0.18 0.14 0.17 0.15 -1 -1 -1 -1
Evo 1.00 0.00 1.00 0.99 1.00 1.00 1.00 0.10 0.00 0.01 0.09 0.11 -1 0
Result 0 0.0 2000 0.44 0.17 0.17 0.18 0.14 0.17 0.17 -1 -1 -1 -1
Evo 1.00 0.00 1.00 0.99 1.00 1.00 1.00 0.10 0.00 0.06 0.08 0.12 -1 0
Result 0 0.0 2000 0.43 0.18 0.17 0.18 0.18 0.14 0.15 -1 -1 -1 -1
Evo 1.00 0.00 1.00 0.99 1.00 1.00 1.00 0.10 0.00 0.06 0.10 0.13 -1 1
Result 0 0.0 2000 0.42 0.17 0.16 0.18 0.15 0.17 0.18 -1 -1 -1 -1
Evo 1.00 0.00 1.00 0.99 1.00 1.00 1.00 0.10 0.00 0.01 0.21 0.30 -1 0
Result 0 0.0 2000 0.44 0.17 0.18 0.17 0.16 0.16 0.16 -1 -1 -1 -1
Evo 1.00 0.00 1.00 0.99 1.00 1.00 1.00 0.09 0.00 0.01 0.11 0.11 -1 0
Result 0 0.0 1997 0.43 0.17 0.15 0.17 0.14 0.17 0.20 -1 -1 -1 -1
Evo 1.00 0.00 1.00 0.99 1.00 1.00 1.00 0.10 0.00 0.06 0.09 0.12 -1 0
Result 0 0.0 2000 0.43 0.17 0.19 0.15 0.15 0.18 0.17 -1 -1 -1 -1
Evo 1.00 0.00 1.00 0.99 1.00 1.00 1.00 0.10 0.00 0.06 0.09 0.11 -1 0
Result 0 0.0 2000 0.44 0.18 0.17 0.15 0.15 0.18 0.18 -1 -1 -1 -1
Evo 1.00 0.00 1.00 0.99 1.00 1.00 1.00 0.10 0.00 0.06 0.08 0.11 -1 0
Result 0 0.0 2000 0.43 0.17 0.18 0.16 0.17 0.15 0.17 -1 -1 -1 -1
Evo 1.00 0.00 1.00 0.99 1.00 1.00 1.00 0.10 0.00 0.06 0.07 0.11 -1 0
Result 0 0.0 2000 0.44 0.17 0.18 0.18 0.14 0.17 0.16 -1 -1 -1 -1
Evo 1.00 0.00 1.00 0.99 1.00 1.00 1.00 0.10 0.00 0.06 0.09 0.11 -1 0
Result 0 0.0 2000 0.45 0.18 0.18 0.15 0.14 0.20 0.15 -1 -1 -1 -1
Evo 1.00 0.00 1.00 0.99 1.00 1.00 1.00 0.10 0.00 0.01 0.15 0.20 -1 0
Result 0 0.0 2000 0.41 0.17 0.15 0.17 0.16 0.18 0.17 -1 -1 -1 -1
