Evo 1.05 0.00 1.00 0.75 0.20 1.00 1.00 0.43 0.03 0.04 0.18 0.63 -1 42
Result 0 0.0 191 0.40 0.18 0.16 0.17 0.20 0.14 0.16 -1 -1 -1 -1
Evo 1.02 0.00 1.00 0.98 1.00 1.00 1.00 0.11 0.01 0.02 0.32 0.75 -1 47
Result 0 3.0 413 0.47 0.16 0.17 0.15 0.13 0.21 0.18 -1 -1 -1 -1
Evo 1.05 0.00 1.00 0.98 1.00 1.00 1.00 0.12 0.01 0.03 0.23 0.61 -1 46
Result 0 6.0 318 0.43 0.13 0.16 0.19 0.14 0.17 0.20 -1 -1 -1 -1
Evo 1.03 0.00 1.00 0.96 1.00 1.00 1.00 0.17 0.01 0.06 0.26 0.63 -1 7
Result 0 11.0 232 0.42 0.17 0.18 0.20 0.14 0.16 0.15 -1 -1 -1 -1
Evo 1.07 0.00 1.00 0.96 1.00 1.00 1.00 0.16 0.01 0.02 0.35 0.74 -1 65
Result 0 9.0 486 0.41 0.17 0.15 0.17 0.15 0.15 0.21 -1 -1 -1 -1
Evo 1.03 0.00 1.00 0.97 1.00 1.00 1.00 0.16 0.01 0.06 0.20 0.54 -1 1
Result 0 2.0 212 0.42 0.15 0.17 0.21 0.15 0.16 0.17 -1 -1 -1 -1
Evo 1.06 0.00 1.00 0.97 1.00 1.00 1.00 0.14 0.01 0.51 0.43 0.75 -1 5
Result 0 6.0 471 0.46 0.15 0.16 0.16 0.15 0.20 0.18 -1 -1 -1 -1
Evo 1.03 0.00 1.00 0.94 1.00 1.00 1.00 0.23 0.02 0.16 0.20 0.55 -1 1
Result 0 -1.0 191 0.35 0.22 0.16 0.18 0.16 0.11 0.16 -1 -1 -1 -1
Evo 1.08 0.40 1.00 1.00 1.00 1.00 1.00 0.04 0.00 0.02 0.33 0.65 -1 7
Result 0 44.0 573 0.43 0.16 0.14 0.18 0.18 0.16 0.17 -1 -1 -1 -1
Evo 1.04 0.00 1.00 0.98 1.00 1.00 1.00 0.11 0.01 0.04 0.15 0.51 -1 107
Result 0 2.0 191 0.40 0.17 0.14 0.17 0.16 0.14 0.23 -1 -1 -1 -1
Evo 1.01 0.00 1.00 0.99 1.00 1.00 1.00 0.08 0.01 0.05 0.17 0.67 -1 5
Result 0 3.0 151 0.44 0.16 0.10 0.22 0.18 0.18 0.16 -1 -1 -1 -1
Evo 1.03 0.00 1.00 0.99 1.00 1.00 1.00 0.09 0.00 0.03 0.45 0.75 -1 94
Result 0 9.0 489 0.42 0.18 0.16 0.16 0.18 0.16 0.16 -1 -1 -1 -1
Evo 1.03 0.00 1.00 0.99 1.00 1.00 1.00 0.10 0.00 0.02 0.43 0.75 -1 78
Result 0 7.0 471 0.45 0.18 0.15 0.16 0.17 0.18 0.17 -1 -1 -1 -1
Evo 1.04 0.60 1.00 1.00 1.00 1.00 1.00 0.03 0.00 0.04 0.25 0.72 -1 36
Result 0 13.0 196 0.41 0.13 0.16 0.21 0.18 0.15 0.17 -1 -1 -1 -1
Evo 1.05 0.00 1.00 0.93 1.00 1.00 1.00 0.22 0.01 0.04 0.31 0.59 -1 63
Result 0 21.0 382 0.41 0.19 0.16 0.16 0.14 0.15 0.20 -1 -1 -1 -1
Evo 1.03 0.00 1.00 0.98 1.00 1.00 1.00 0.13 0.01 0.02 0.27 0.70 -1 6
Result 0 16.0 362 0.44 0.17 0.15 0.15 0.16 0.18 0.19 -1 -1 -1 -1
Evo 1.02 0.00 1.00 0.99 1.00 1.00 1.00 0.11 0.01 0.05 0.34 0.75 -1 7
Result 0 3.0 322 0.47 0.13 0.18 0.15 0.15 0.20 0.19 -1 -1 -1 -1
Evo 1.08 1.00 1.00 1.00 1.00 1.00 1.00 0.00 0.00 0.22 0.20 0.67 -1 36
Result 0 18.0 199 0.46 0.14 0.16 0.17 0.17 0.19 0.18 -1 -1 -1 -1
Evo 1.06 0.40 1.00 1.00 1.00 1.00 1.00 0.05 0.00 0.04 0.22 0.60 -1 7
Result 0 0.0 187 0.39 0.18 0.15 0.18 0.17 0.14 0.19 -1 -1 -1 -1
Evo 1.03 0.00 1.00 0.96 1.00 1.00 1.00 0.19 0.01 0.04 0.34 0.74 -1 5
Result 0 4.0 361 0.46 0.17 0.16 0.13 0.16 0.19 0.18 -1 -1 -1 -1
Evo 1.06 0.00 1.00 0.99 1.00 1.00 1.00 0.06 0.00 0.02 0.48 0.71 -1 1
Result 0 14.0 518 0.45 0.18 0.17 0.16 0.14 0.19 0.16 -1 -1 -1 -1
Evo 1.06 0.00 1.00 0.96 1.00 1.00 1.00 0.18 0.01 0.03 0.17 0.60 -1 1
Result 0 4.0 253 0.42 0.27 0.15 0.13 0.15 0.15 0.15 -1 -1 -1 -1
Evo 1.02 0.80 1.00 1.00 1.00 1.00 1.00 0.01 0.00 0.04 0.15 0.47 -1 57
Result 0 -1.0 180 0.42 0.20 0.15 0.19 0.13 0.15 0.17 -1 -1 -1 -1
Evo 1.06 0.00 1.00 0.97 1.00 1.00 1.00 0.16 0.01 0.03 0.22 0.66 -1 34
Result 0 3.0 245 0.45 0.14 0.17 0.16 0.18 0.19 0.17 -1 -1 -1 -1
Evo 1.05 0.00 1.00 0.97 1.00 1.00 1.00 0.15 0.01 0.04 0.16 0.42 -1 79
Result 0 0.0 219 0.41 0.13 0.20 0.15 0.22 0.15 0.15 -1 -1 -1 -1
Evo 1.02 0.00 1.00 0.99 1.00 1.00 1.00 0.09 0.00 0.04 0.32 0.70 -1 68
Result 0 12.0 364 0.45 0.15 0.15 0.16 0.15 0.18 0.21 -1 -1 -1 -1
Evo 1.04 0.00 1.00 0.99 1.00 1.00 1.00 0.06 0.00 0.02 0.30 0.69 -1 5
Result 0 11.0 455 0.43 0.20 0.18 0.17 0.16 0.16 0.13 -1 -1 -1 -1
Evo 1.04 0.00 1.00 0.99 1.00 1.00 1.00 0.10 0.01 0.05 0.28 0.62 -1 2
Result 0 2.0 260 0.43 0.16 0.18 0.17 0.20 0.17 0.13 -1 -1 -1 -1
Evo 1.04 0.00 1.00 0.93 1.00 1.00 1.00 0.24 0.02 0.03 0.25 0.62 -1 2
Result 0 2.0 251 0.42 0.19 0.17 0.15 0.17 0.15 0.17 -1 -1 -1 -1
Evo 1.03 0.00 1.00 0.95 1.00 1.00 1.00 0.20 0.01 0.03 0.28 0.70 -1 9
Result 0 2.0 268 0.44 0.16 0.13 0.19 0.19 0.18 0.15 -1 -1 -1 -1
Evo 1.04 0.00 1.00 0.99 1.00 1.00 1.00 0.10 0.01 0.06 0.13 0.48 -1 92
Result 0 1.0 218 0.41 0.20 0.14 0.15 0.16 0.15 0.20 -1 -1 -1 -1
Evo 1.04 0.80 1.00 1.00 1.00 1.00 1.00 0.01 0.00 0.13 0.16 0.57 -1 8
Result 0 5.0 201 0.46 0.16 0.17 0.16 0.13 0.20 0.17 -1 -1 -1 -1
Evo 1.04 0.00 1.00 0.97 1.00 1.00 1.00 0.13 0.01 0.03 0.34 0.71 -1 7
Result 0 5.0 298 0.40 0.15 0.21 0.15 0.20 0.14 0.15 -1 -1 -1 -1
Evo 1.04 1.00 1.00 1.00 1.00 1.00 1.00 0.00 0.00 0.05 0.16 0.63 -1 9
Result 0 17.0 138 0.43 0.21 0.16 0.17 0.17 0.17 0.13 -1 -1 -1 -1
Evo 1.05 0.00 1.00 0.99 1.00 1.00 1.00 0.09 0.01 0.03 0.23 0.60 -1 6
Result 0 1.0 230 0.42 0.16 0.19 0.19 0.14 0.16 0.16 -1 -1 -1 -1
Evo 1.03 0.00 1.00 0.97 1.00 1.00 1.00 0.15 0.01 0.04 0.36 0.70 -1 39
Result 0 5.0 420 0.46 0.16 0.17 0.14 0.15 0.20 0.18 -1 -1 -1 -1
Evo 1.05 0.00 1.00 0.99 1.00 1.00 1.00 0.09 0.00 0.01 0.56 0.71 -1 7
Result 0 28.0 828 0.43 0.18 0.16 0.17 0.16 0.17 0.18 -1 -1 -1 -1
Evo 1.03 0.60 1.00 1.00 1.00 1.00 1.00 0.03 0.00 0.03 0.24 0.48 -1 104
Result 0 1.0 251 0.44 0.18 0.13 0.15 0.17 0.17 0.20 -1 -1 -1 -1
Evo 1.05 0.00 1.00 0.97 1.00 1.00 1.00 0.15 0.01 0.09 0.22 0.53 -1 3
Result 0 9.0 255 0.39 0.22 0.17 0.18 0.18 0.14 0.12 -1 -1 -1 -1
Evo 1.02 0.00 1.00 0.98 1.00 1.00 1.00 0.11 0.01 0.04 0.17 0.44 -1 122
Result 0 0.0 190 0.36 0.20 0.13 0.21 0.15 0.12 0.20 -1 -1 -1 -1
Evo 1.04 0.80 1.00 1.00 1.00 1.00 1.00 0.03 0.00 0.05 0.13 0.48 -1 79
Result 0 -1.0 158 0.43 0.18 0.13 0.19 0.17 0.16 0.17 -1 -1 -1 -1
Evo 1.07 0.00 1.00 0.96 1.00 1.00 1.00 0.18 0.01 0.08 0.10 0.43 -1 67
Result 0 1.0 161 0.43 0.18 0.19 0.16 0.18 0.17 0.13 -1 -1 -1 -1
Evo 1.03 0.00 1.00 0.94 1.00 1.00 1.00 0.22 0.02 0.04 0.19 0.52 -1 81
Result 0 16.0 207 0.43 0.15 0.18 0.15 0.18 0.17 0.17 -1 -1 -1 -1
Evo 1.03 0.00 1.00 0.95 1.00 1.00 1.00 0.22 0.02 0.16 0.12 0.40 -1 73
Result 0 0.0 156 0.44 0.17 0.18 0.16 0.13 0.18 0.18 -1 -1 -1 -1
Evo 1.05 0.00 1.00 0.99 1.00 1.00 1.00 0.09 0.01 0.03 0.22 0.55 -1 63
Result 0 15.0 264 0.44 0.14 0.17 0.19 0.15 0.17 0.18 -1 -1 -1 -1
Evo 1.01 0.00 1.00 0.91 1.00 1.00 1.00 0.26 0.02 0.05 0.15 0.52 -1 52
Result 0 0.0 161 0.42 0.26 0.12 0.20 0.19 0.15 0.08 -1 -1 -1 -1
Evo 1.09 0.40 1.00 0.99 1.00 1.00 1.00 0.06 0.00 0.11 0.15 0.48 -1 43
Result 0 7.0 163 0.44 0.15 0.20 0.16 0.15 0.17 0.17 -1 -1 -1 -1
Evo 1.04 0.00 1.00 0.96 1.00 1.00 1.00 0.16 0.01 0.09 0.11 0.34 -1 86
Result 0 14.0 190 0.44 0.19 0.15 0.12 0.16 0.17 0.21 -1 -1 -1 -1
Evo 1.01 1.00 1.00 1.00 1.00 1.00 1.00 0.00 0.00 0.09 0.13 0.47 -1 99
Result 0 -1.0 125 0.40 0.13 0.17 0.21 0.21 0.14 0.15 -1 -1 -1 -1
Evo 1.02 0.00 1.00 0.99 1.00 1.00 1.00 0.07 0.00 0.02 0.41 0.71 -1 38
Result 0 13.0 482 0.40 0.18 0.16 0.17 0.17 0.14 0.17 -1 -1 -1 -1
Evo 1.01 0.00 1.00 0.95 1.00 1.00 1.00 0.22 0.02 0.05 0.09 0.30 -1 120
Result 0 0.0 156 0.47 0.20 0.13 0.17 0.15 0.20 0.14 -1 -1 -1 -1
Evo 1.05 0.00 1.00 0.98 1.00 1.00 1.00 0.13 0.01 0.04 0.13 0.36 -1 84
Result 0 10.0 175 0.41 0.15 0.15 0.14 0.18 0.15 0.23 -1 -1 -1 -1
Evo 1.06 0.00 1.00 0.97 1.00 1.00 1.00 0.15 0.01 0.09 0.25 0.60 -1 108
Result 0 3.0 251 0.43 0.19 0.17 0.17 0.17 0.16 0.13 -1 -1 -1 -1
Evo 1.03 0.00 1.00 0.98 1.00 1.00 1.00 0.14 0.01 0.04 0.38 0.71 -1 60
Result 0 3.0 360 0.39 0.18 0.18 0.19 0.17 0.13 0.15 -1 -1 -1 -1
Evo 1.04 0.00 1.00 0.95 1.00 1.00 1.00 0.19 0.01 0.15 0.17 0.50 -1 91
Result 0 6.0 171 0.45 0.17 0.12 0.18 0.16 0.18 0.19 -1 -1 -1 -1
Evo 1.03 0.00 1.00 0.95 1.00 1.00 1.00 0.20 0.02 0.05 0.10 0.28 -1 103
Result 0 0.0 156 0.44 0.15 0.16 0.13 0.20 0.17 0.18 -1 -1 -1 -1
Evo 1.01 0.00 1.00 0.92 1.00 1.00 1.00 0.26 0.02 0.04 0.14 0.42 -1 119
Result 0 0.0 163 0.45 0.21 0.11 0.19 0.14 0.19 0.16 -1 -1 -1 -1
Evo 1.04 0.00 1.00 0.96 1.00 1.00 1.00 0.17 0.01 0.04 0.10 0.25 -1 119
Result 0 0.0 182 0.45 0.16 0.16 0.16 0.17 0.18 0.16 -1 -1 -1 -1
Evo 1.03 0.00 1.00 0.95 1.00 1.00 1.00 0.19 0.01 0.11 0.16 0.55 -1 71
Result 0 0.0 162 0.38 0.17 0.15 0.20 0.20 0.13 0.15 -1 -1 -1 -1
Evo 1.01 0.00 1.00 0.97 1.00 1.00 1.00 0.16 0.01 0.05 0.16 0.55 -1 71
Result 0 0.0 158 0.42 0.17 0.13 0.18 0.18 0.16 0.19 -1 -1 -1 -1
Evo 1.06 0.40 1.00 0.99 1.00 1.00 1.00 0.07 0.00 0.07 0.34 0.72 -1 30
Result 0 1.0 276 0.44 0.11 0.18 0.19 0.16 0.17 0.18 -1 -1 -1 -1
Evo 1.03 0.00 1.00 0.98 1.00 1.00 1.00 0.12 0.01 0.05 0.27 0.72 -1 9
Result 0 12.0 279 0.38 0.16 0.18 0.24 0.13 0.13 0.16 -1 -1 -1 -1
Evo 1.08 0.00 1.00 0.99 1.00 1.00 1.00 0.08 0.00 0.01 0.50 0.72 -1 8
Result 0 20.0 741 0.45 0.16 0.16 0.17 0.15 0.19 0.18 -1 -1 -1 -1
Evo 1.02 0.00 1.00 0.97 1.00 1.00 1.00 0.16 0.01 0.01 0.57 0.72 -1 22
Result 0 18.0 703 0.45 0.19 0.17 0.17 0.15 0.18 0.15 -1 -1 -1 -1
Evo 1.05 0.00 1.00 0.98 1.00 1.00 1.00 0.11 0.00 0.07 0.45 0.72 -1 22
Result 0 28.0 526 0.42 0.15 0.19 0.15 0.16 0.16 0.19 -1 -1 -1 -1
Evo 1.05 1.00 1.00 1.00 1.00 1.00 1.00 0.00 0.00 0.07 0.08 0.28 -1 13
Result 0 2.0 96 0.43 0.18 0.19 0.15 0.20 0.16 0.12 -1 -1 -1 -1
Evo 1.04 0.00 1.00 0.99 1.00 1.00 1.00 0.09 0.00 0.04 0.31 0.72 -1 13
Result 0 11.0 365 0.42 0.19 0.18 0.17 0.14 0.16 0.16 -1 -1 -1 -1
Evo 1.08 1.00 1.00 1.00 1.00 1.00 1.00 0.00 0.00 0.09 0.08 0.36 -1 4
Result 0 -1.0 64 0.42 0.17 0.09 0.23 0.15 0.15 0.20 -1 -1 -1 -1
Evo 1.07 0.00 1.00 0.99 1.00 1.00 1.00 0.08 0.00 0.02 0.42 0.72 -1 36
Result 0 9.0 507 0.40 0.15 0.16 0.17 0.17 0.15 0.21 -1 -1 -1 -1
Evo 1.03 0.40 1.00 1.00 1.00 1.00 1.00 0.03 0.00 0.05 0.28 0.65 -1 15
Result 0 10.0 315 0.41 0.17 0.16 0.17 0.18 0.15 0.17 -1 -1 -1 -1
Evo 1.05 0.00 1.00 0.99 1.00 1.00 1.00 0.09 0.00 0.15 0.53 0.72 -1 40
Result 0 34.0 631 0.43 0.15 0.16 0.19 0.15 0.17 0.18 -1 -1 -1 -1
Evo 1.04 0.20 1.00 0.95 1.00 1.00 1.00 0.13 0.01 0.08 0.13 0.36 -1 23
Result 0 0.0 145 0.44 0.18 0.19 0.12 0.17 0.17 0.16 -1 -1 -1 -1
Evo 1.05 0.00 1.00 0.99 1.00 1.00 1.00 0.09 0.00 0.02 0.42 0.72 -1 7
Result 0 13.0 394 0.42 0.16 0.15 0.18 0.15 0.16 0.20 -1 -1 -1 -1
Evo 1.05 0.20 1.00 0.99 1.00 1.00 1.00 0.06 0.00 0.03 0.58 0.72 982 22
Result 1 94.0 1000 0.41 0.16 0.15 0.16 0.19 0.15 0.19 -1 -1 -1 -1
Evo 1.01 0.00 0.50 0.49 0.50 0.50 0.50 0.07 0.00 0.02 0.30 0.61 -1 51
Result 0 6.0 426 0.43 0.15 0.15 0.15 0.19 0.16 0.19 -1 -1 -1 -1
Evo 1.06 0.00 0.50 0.49 0.50 0.50 0.50 0.04 0.00 0.02 0.49 0.72 -1 9
Result 0 46.0 863 0.43 0.17 0.15 0.16 0.17 0.17 0.18 -1 -1 -1 -1
Evo 1.05 0.00 0.50 0.45 0.50 0.50 0.50 0.13 0.01 0.09 0.08 0.30 -1 20
Result 0 -1.0 128 0.39 0.21 0.18 0.12 0.19 0.13 0.17 -1 -1 -1 -1
Evo 1.05 0.00 0.50 0.49 0.50 0.50 0.50 0.06 0.00 0.03 0.39 0.72 -1 20
Result 0 13.0 468 0.40 0.15 0.16 0.19 0.17 0.14 0.20 -1 -1 -1 -1
Evo 1.04 0.20 0.50 0.50 0.50 0.50 0.50 0.02 0.00 0.07 0.53 0.72 -1 7
Result 0 15.0 616 0.42 0.19 0.16 0.17 0.16 0.16 0.17 -1 -1 -1 -1
Evo 1.07 0.10 1.00 0.50 0.50 0.50 0.50 0.08 0.00 0.02 0.59 0.72 982 24
Result 1 53.0 1000 0.44 0.17 0.16 0.15 0.16 0.18 0.18 -1 -1 -1 -1
Evo 1.07 0.00 0.50 0.48 0.50 0.50 0.50 0.08 0.00 0.03 0.21 0.52 -1 10
Result 0 22.0 268 0.41 0.21 0.17 0.14 0.17 0.15 0.16 -1 -1 -1 -1
Evo 1.05 0.00 0.50 0.49 0.50 0.50 0.50 0.05 0.00 0.01 0.49 0.72 -1 38
Result 0 66.0 652 0.42 0.16 0.16 0.16 0.17 0.15 0.19 -1 -1 -1 -1
Evo 1.03 0.00 0.50 0.49 0.50 0.50 0.50 0.05 0.00 0.16 0.26 0.72 -1 38
Result 0 12.0 284 0.44 0.17 0.16 0.13 0.16 0.17 0.21 -1 -1 -1 -1
Evo 1.04 0.00 0.50 0.49 0.50 0.50 0.50 0.06 0.00 0.01 0.44 0.71 -1 5
Result 0 34.0 758 0.41 0.18 0.15 0.18 0.17 0.15 0.17 -1 -1 -1 -1
Evo 1.03 0.00 0.50 0.49 0.50 0.50 0.50 0.07 0.01 0.04 0.17 0.50 -1 19
Result 0 0.0 186 0.42 0.19 0.14 0.18 0.16 0.16 0.17 -1 -1 -1 -1
Evo 1.05 0.00 0.50 0.50 0.50 0.50 0.50 0.02 0.00 0.01 0.41 0.72 -1 27
Result 0 52.0 660 0.44 0.17 0.15 0.15 0.17 0.18 0.18 -1 -1 -1 -1
Evo 1.06 0.00 0.50 0.49 0.50 0.50 0.50 0.06 0.00 0.03 0.28 0.68 -1 12
Result 0 16.0 306 0.40 0.16 0.20 0.15 0.19 0.14 0.16 -1 -1 -1 -1
Evo 1.04 0.50 0.50 0.50 0.50 0.50 0.50 0.00 0.00 0.08 0.07 0.49 -1 6
Result 0 -1.0 74 0.44 0.17 0.20 0.11 0.21 0.17 0.13 -1 -1 -1 -1
Evo 1.04 0.50 0.50 0.50 0.50 0.50 0.50 0.00 0.00 0.07 0.23 0.66 -1 10
Result 0 7.0 293 0.41 0.18 0.14 0.16 0.18 0.15 0.19 -1 -1 -1 -1
Evo 1.07 0.00 0.50 0.48 0.50 0.50 0.50 0.08 0.00 0.01 0.55 0.72 -1 14
Result 0 63.0 832 0.44 0.17 0.16 0.16 0.14 0.18 0.20 -1 -1 -1 -1
Evo 1.07 0.00 0.50 0.48 0.50 0.50 0.50 0.08 0.00 0.03 0.30 0.72 -1 68
Result 0 14.0 309 0.44 0.16 0.17 0.18 0.14 0.17 0.17 -1 -1 -1 -1
Evo 1.03 0.00 0.50 0.48 0.50 0.50 0.50 0.08 0.00 0.03 0.20 0.64 -1 6
Result 0 14.0 287 0.43 0.20 0.17 0.14 0.15 0.17 0.16 -1 -1 -1 -1
Evo 1.09 0.50 0.50 0.50 0.50 0.50 0.50 0.00 0.00 0.17 0.13 0.53 -1 8
Result 0 2.0 142 0.40 0.13 0.17 0.16 0.17 0.14 0.23 -1 -1 -1 -1
Evo 1.03 0.50 0.50 0.50 0.50 0.50 0.50 0.00 0.00 0.09 0.07 0.49 -1 51
Result 0 -1.0 63 0.48 0.14 0.16 0.16 0.19 0.22 0.14 -1 -1 -1 -1
Evo 1.06 0.00 0.50 0.47 0.50 0.50 0.50 0.11 0.01 0.02 0.25 0.59 -1 12
Result 0 10.0 345 0.41 0.20 0.20 0.14 0.16 0.15 0.16 -1 -1 -1 -1
Evo 1.07 0.00 0.50 0.48 0.50 0.50 0.50 0.08 0.00 0.02 0.29 0.70 -1 11
Result 0 22.0 387 0.43 0.19 0.15 0.14 0.12 0.17 0.23 -1 -1 -1 -1
Evo 1.05 0.10 0.50 0.50 0.50 0.50 0.50 0.02 0.00 0.04 0.47 0.72 -1 25
Result 0 62.0 735 0.44 0.18 0.17 0.16 0.15 0.17 0.16 -1 -1 -1 -1
Evo 1.05 0.00 0.50 0.49 0.50 0.50 0.50 0.04 0.00 0.02 0.49 0.72 -1 53
Result 0 24.0 558 0.43 0.18 0.18 0.16 0.16 0.16 0.15 -1 -1 -1 -1
Evo 1.02 0.00 0.50 0.47 0.50 0.50 0.50 0.11 0.01 0.12 0.13 0.45 -1 5
Result 0 -1.0 174 0.37 0.16 0.18 0.23 0.12 0.12 0.19 -1 -1 -1 -1
Evo 1.04 0.00 0.50 0.49 0.50 0.50 0.50 0.06 0.00 0.06 0.24 0.69 -1 13
Result 0 22.0 347 0.41 0.16 0.19 0.16 0.15 0.15 0.19 -1 -1 -1 -1
