Evo 1.04 0.71 1.00 0.93 0.83 1.00 1.00 0.11 0.01 0.08 0.44 2.40 45 0
Result 1 1.0 83 0.32 0.29 0.20 0.21 0.10 0.20 -1 -1 -1 -1 -1
Evo 1.04 0.50 1.00 0.59 0.50 0.50 0.60 0.18 0.03 0.42 0.32 2.30 11 0
Result 1 1.0 51 0.42 0.15 0.33 0.19 0.15 0.17 -1 -1 -1 -1 -1
Evo 1.02 0.50 1.00 0.61 0.50 0.50 0.50 0.20 0.03 0.47 0.31 1.47 42 0
Result 1 1.0 56 0.42 0.18 0.32 0.21 0.16 0.14 -1 -1 -1 -1 -1
Evo 1.00 0.50 1.00 0.51 0.50 0.50 0.50 0.07 0.00 0.11 0.76 2.91 196 0
Result 1 1.0 215 0.46 0.16 0.20 0.22 0.20 0.22 -1 -1 -1 -1 -1
Evo 1.02 0.50 1.00 0.58 0.50 0.50 0.50 0.18 0.02 0.07 0.50 2.39 32 0
Result 1 1.0 92 0.42 0.14 0.26 0.23 0.16 0.22 -1 -1 -1 -1 -1
Evo 1.00 0.50 1.00 0.51 0.50 0.50 0.50 0.05 0.00 0.07 1.72 4.42 687 0
Result 1 1.0 700 0.46 0.19 0.22 0.19 0.20 0.20 -1 -1 -1 -1 -1
Evo 1.00 0.50 1.00 0.51 0.50 0.50 0.50 0.07 0.00 0.03 0.60 1.42 169 0
Result 1 1.0 800 0.48 0.20 0.19 0.22 0.22 0.17 -1 -1 -1 -1 -1
Evo 1.04 0.50 1.00 0.61 0.50 0.50 0.50 0.20 0.02 0.08 0.33 1.84 22 0
Result 1 1.0 72 0.35 0.22 0.23 0.23 0.11 0.21 -1 -1 -1 -1 -1
Evo 1.02 0.50 1.00 0.54 0.50 0.50 0.50 0.12 0.01 0.25 0.67 2.53 19 0
Result 1 1.0 126 0.39 0.22 0.20 0.23 0.13 0.21 -1 -1 -1 -1 -1
Evo 1.01 0.40 1.00 0.55 0.50 0.50 0.50 0.16 0.02 0.08 0.44 2.77 33 0
Result 1 1.0 84 0.38 0.21 0.26 0.21 0.13 0.19 -1 -1 -1 -1 -1
Evo 1.02 0.50 1.00 0.63 0.50 0.50 1.00 0.22 0.03 0.51 0.33 2.01 34 0
Result 1 1.0 52 0.41 0.15 0.34 0.19 0.15 0.17 -1 -1 -1 -1 -1
Evo 1.04 0.50 1.00 0.67 0.50 0.50 1.00 0.22 0.03 0.23 0.26 1.58 22 0
Result 1 1.0 52 0.28 0.28 0.25 0.25 0.08 0.15 -1 -1 -1 -1 -1
Evo 1.04 0.50 1.00 0.64 0.50 0.50 1.00 0.22 0.03 0.11 0.28 2.13 23 0
Result 1 1.0 54 0.23 0.29 0.22 0.25 0.05 0.18 -1 -1 -1 -1 -1
Evo 1.03 0.50 1.00 0.60 0.50 0.50 0.50 0.19 0.02 0.10 0.35 1.92 46 0
Result 1 1.0 61 0.38 0.18 0.27 0.23 0.13 0.19 -1 -1 -1 -1 -1
Evo 1.06 0.50 1.00 0.61 0.50 0.50 0.60 0.21 0.03 0.48 0.32 2.27 18 0
Result 1 1.0 54 0.35 0.24 0.27 0.20 0.11 0.18 -1 -1 -1 -1 -1
Evo 1.00 0.00 0.50 0.49 0.50 0.50 0.50 0.06 0.00 0.08 1.64 3.68 17 0
Result 0 0.0 1500 0.47 0.21 0.19 0.19 0.21 0.21 -1 -1 -1 -1 -1
Evo 1.01 0.50 1.00 0.54 0.50 0.50 0.50 0.13 0.01 0.28 0.56 2.65 24 0
Result 1 1.0 132 0.47 0.18 0.27 0.18 0.20 0.17 -1 -1 -1 -1 -1
Evo 1.00 0.00 0.60 0.49 0.50 0.50 0.50 0.06 0.00 0.08 2.10 4.63 39 0
Result 0 0.0 1500 0.45 0.21 0.19 0.19 0.18 0.23 -1 -1 -1 -1 -1
Evo 1.02 0.40 1.00 0.55 0.50 0.50 0.50 0.15 0.01 0.06 0.49 2.39 25 0
Result 1 1.0 106 0.38 0.21 0.22 0.22 0.13 0.21 -1 -1 -1 -1 -1
Evo 1.03 0.50 1.00 0.60 0.50 0.50 0.60 0.20 0.02 0.46 0.40 2.48 22 0
Result 1 1.0 67 0.36 0.21 0.25 0.22 0.12 0.21 -1 -1 -1 -1 -1
Evo 1.00 0.00 0.50 0.49 0.50 0.50 0.50 0.06 0.00 0.08 2.60 5.30 812 0
Result 0 0.0 1500 0.45 0.19 0.22 0.20 0.18 0.21 -1 -1 -1 -1 -1
Evo 1.00 0.50 1.00 0.51 0.50 0.50 0.50 0.08 0.00 0.13 2.26 6.11 207 0
Result 1 1.0 603 0.48 0.20 0.20 0.16 0.22 0.22 -1 -1 -1 -1 -1
Evo 1.00 0.50 1.00 0.53 0.50 0.50 0.50 0.11 0.01 0.22 0.90 3.43 266 0
Result 1 1.0 281 0.48 0.19 0.19 0.17 0.22 0.23 -1 -1 -1 -1 -1
Evo 1.00 0.50 1.00 0.51 0.50 0.50 0.50 0.06 0.00 0.08 2.50 4.67 1028 0
Result 1 1.0 1070 0.46 0.19 0.21 0.20 0.20 0.20 -1 -1 -1 -1 -1
Evo 1.00 0.50 1.00 0.51 0.50 0.50 0.50 0.05 0.00 0.07 2.30 5.58 668 0
Result 1 1.0 914 0.47 0.20 0.21 0.18 0.20 0.21 -1 -1 -1 -1 -1
Evo 1.00 0.50 1.00 0.51 0.50 0.50 0.50 0.05 0.00 0.07 1.75 4.28 667 0
Result 1 1.0 908 0.47 0.18 0.20 0.20 0.20 0.22 -1 -1 -1 -1 -1
Evo 1.00 0.50 1.00 0.51 0.50 0.50 0.50 0.06 0.00 0.08 2.60 4.47 915 0
Result 1 1.0 1177 0.45 0.21 0.19 0.21 0.19 0.21 -1 -1 -1 -1 -1
Evo 1.00 0.00 0.70 0.49 0.50 0.50 0.50 0.06 0.00 0.08 2.73 5.44 1255 0
Result 0 0.0 1500 0.45 0.20 0.22 0.18 0.19 0.22 -1 -1 -1 -1 -1
Evo 1.00 0.00 0.50 0.49 0.50 0.50 0.50 0.06 0.00 0.08 1.47 3.63 -1 0
Result 0 0.0 1500 0.44 0.20 0.22 0.19 0.17 0.21 -1 -1 -1 -1 -1
Evo 1.00 0.00 1.00 0.50 0.50 0.50 0.50 0.05 0.00 0.01 2.45 5.60 1372 0
Result 1 1.0 1498 0.46 0.21 0.22 0.17 0.20 0.20 -1 -1 -1 -1 -1
Evo 1.00 0.50 1.00 0.50 0.50 0.50 0.50 0.04 0.00 0.05 1.63 4.32 461 0
Result 1 1.0 465 0.47 0.21 0.17 0.19 0.21 0.21 -1 -1 -1 -1 -1
Evo 1.00 0.00 0.50 0.49 0.50 0.50 0.50 0.06 0.00 0.08 1.75 3.83 -1 0
Result 0 0.0 1500 0.44 0.19 0.21 0.22 0.17 0.21 -1 -1 -1 -1 -1
Evo 1.00 0.50 1.00 0.51 0.50 0.50 0.50 0.05 0.00 0.01 2.45 4.31 813 0
Result 1 1.0 1429 0.45 0.20 0.21 0.20 0.18 0.21 -1 -1 -1 -1 -1
Evo 1.00 0.50 1.00 0.51 0.50 0.50 0.50 0.06 0.00 0.08 1.84 4.15 993 0
Result 1 1.0 1080 0.46 0.20 0.21 0.20 0.19 0.20 -1 -1 -1 -1 -1
Evo 1.00 0.50 1.00 0.51 0.50 0.50 0.50 0.05 0.00 0.08 2.16 4.67 846 0
Result 1 1.0 899 0.46 0.20 0.20 0.19 0.20 0.21 -1 -1 -1 -1 -1
Evo 1.00 0.50 1.00 0.51 0.50 0.50 0.50 0.07 0.00 0.11 1.32 4.11 588 0
Result 1 1.0 601 0.46 0.21 0.20 0.18 0.20 0.21 -1 -1 -1 -1 -1
Evo 1.00 0.50 1.00 0.51 0.50 0.50 0.50 0.08 0.00 0.14 1.56 4.23 436 0
Result 1 1.0 536 0.47 0.21 0.20 0.18 0.21 0.20 -1 -1 -1 -1 -1
Evo 1.00 0.50 1.00 0.51 0.50 0.50 0.50 0.05 0.00 0.08 2.03 4.10 1086 0
Result 1 1.0 1099 0.46 0.20 0.20 0.19 0.19 0.21 -1 -1 -1 -1 -1
Evo 1.01 0.50 1.00 0.53 0.50 0.50 0.50 0.11 0.01 0.21 1.00 3.64 237 0
Result 1 1.0 263 0.49 0.24 0.19 0.14 0.23 0.20 -1 -1 -1 -1 -1
Evo 1.00 0.50 1.00 0.51 0.50 0.50 0.50 0.06 0.00 0.08 1.69 3.98 561 0
Result 1 1.0 729 0.46 0.18 0.22 0.20 0.19 0.21 -1 -1 -1 -1 -1
Evo 1.00 0.50 1.00 0.51 0.50 0.50 0.50 0.06 0.00 0.08 1.75 3.93 749 0
Result 1 1.0 770 0.46 0.19 0.19 0.22 0.19 0.20 -1 -1 -1 -1 -1
Evo 1.01 0.50 1.00 0.56 0.50 0.50 0.50 0.16 0.01 0.36 0.56 3.56 106 0
Result 1 1.0 120 0.36 0.26 0.26 0.25 0.12 0.11 -1 -1 -1 -1 -1
Evo 1.00 0.50 1.00 0.51 0.50 0.50 0.50 0.07 0.00 0.12 1.61 4.24 123 0
Result 1 1.0 663 0.44 0.23 0.19 0.21 0.18 0.19 -1 -1 -1 -1 -1
Evo 1.00 0.00 0.50 0.49 0.50 0.50 0.50 0.06 0.00 0.08 1.32 2.88 -1 0
Result 0 0.0 1500 0.48 0.21 0.19 0.21 0.22 0.17 -1 -1 -1 -1 -1
Evo 1.00 0.00 0.70 0.49 0.50 0.50 0.50 0.06 0.00 0.08 1.86 3.53 668 0
Result 0 0.0 1500 0.46 0.20 0.21 0.19 0.19 0.21 -1 -1 -1 -1 -1
Evo 1.01 0.50 1.00 0.58 0.50 0.50 0.50 0.18 0.02 0.42 0.53 3.11 56 0
Result 1 1.0 80 0.37 0.22 0.32 0.27 0.12 0.06 -1 -1 -1 -1 -1
Evo 1.00 0.50 1.00 0.51 0.50 0.50 0.50 0.06 0.00 0.08 1.78 3.86 935 0
Result 1 1.0 959 0.47 0.18 0.22 0.20 0.21 0.19 -1 -1 -1 -1 -1
Evo 1.00 0.50 1.00 0.51 0.50 0.50 0.50 0.06 0.00 0.08 2.26 5.09 996 0
Result 1 1.0 1049 0.47 0.21 0.19 0.20 0.20 0.20 -1 -1 -1 -1 -1
Evo 1.00 0.00 0.50 0.49 0.50 0.50 0.50 0.06 0.00 0.08 1.59 4.28 -1 0
Result 0 0.0 1500 0.47 0.20 0.19 0.23 0.20 0.18 -1 -1 -1 -1 -1
Evo 1.00 0.50 1.00 0.51 0.50 0.50 0.50 0.08 0.00 0.14 1.49 3.28 219 0
Result 1 1.0 460 0.45 0.19 0.21 0.21 0.19 0.20 -1 -1 -1 -1 -1
Evo 1.01 0.50 1.00 0.53 0.50 0.50 0.50 0.12 0.01 0.24 0.98 3.65 206 0
Result 1 1.0 223 0.44 0.21 0.20 0.25 0.18 0.17 -1 -1 -1 -1 -1
Evo 1.00 0.50 1.00 0.51 0.50 0.50 0.50 0.06 0.00 0.01 1.83 3.92 665 0
Result 1 1.0 809 0.46 0.21 0.19 0.21 0.19 0.20 -1 -1 -1 -1 -1
Evo 1.00 0.50 1.00 0.50 0.50 0.50 0.50 0.05 0.00 0.06 1.73 4.47 923 0
Result 1 1.0 945 0.47 0.21 0.19 0.21 0.21 0.17 -1 -1 -1 -1 -1
Evo 1.00 0.00 0.50 0.49 0.50 0.50 0.50 0.06 0.00 0.08 2.10 5.09 -1 0
Result 0 0.0 1500 0.49 0.21 0.19 0.19 0.23 0.18 -1 -1 -1 -1 -1
Evo 1.00 0.50 1.00 0.52 0.50 0.50 0.50 0.10 0.01 0.18 1.30 4.14 346 0
Result 1 1.0 360 0.47 0.15 0.24 0.23 0.21 0.17 -1 -1 -1 -1 -1
Evo 1.01 0.50 1.00 0.51 0.50 0.50 0.50 0.07 0.00 0.03 1.17 3.83 180 0
Result 1 1.0 312 0.45 0.22 0.22 0.21 0.18 0.16 -1 -1 -1 -1 -1
Evo 1.00 0.50 1.00 0.51 0.50 0.50 0.50 0.05 0.00 0.07 1.65 3.84 796 0
Result 1 1.0 822 0.46 0.21 0.21 0.19 0.20 0.19 -1 -1 -1 -1 -1
Evo 1.00 0.50 1.00 0.51 0.50 0.50 0.50 0.05 0.00 0.07 1.01 3.51 330 0
Result 1 1.0 348 0.46 0.19 0.21 0.22 0.20 0.17 -1 -1 -1 -1 -1
Evo 1.00 0.50 1.00 0.51 0.50 0.50 0.50 0.06 0.00 0.08 1.78 4.40 850 0
Result 1 1.0 878 0.47 0.20 0.20 0.21 0.20 0.19 -1 -1 -1 -1 -1
Evo 1.00 0.40 1.00 0.51 0.50 0.50 0.50 0.05 0.00 0.01 1.45 3.85 692 0
Result 1 1.0 745 0.47 0.22 0.20 0.20 0.21 0.17 -1 -1 -1 -1 -1
Evo 1.00 0.50 1.00 0.50 0.50 0.50 0.50 0.05 0.00 0.01 1.89 3.84 831 0
Result 1 1.0 950 0.46 0.21 0.22 0.18 0.20 0.19 -1 -1 -1 -1 -1
Evo 1.00 0.00 0.50 0.49 0.50 0.50 0.50 0.06 0.00 0.08 2.28 4.05 -1 0
Result 0 0.0 1500 0.46 0.20 0.21 0.20 0.20 0.20 -1 -1 -1 -1 -1
Evo 1.00 0.00 0.50 0.49 0.50 0.50 0.50 0.06 0.00 0.08 1.66 3.15 -1 0
Result 0 0.0 1500 0.46 0.19 0.21 0.21 0.19 0.20 -1 -1 -1 -1 -1
Evo 1.00 0.00 0.50 0.49 0.50 0.50 0.50 0.06 0.00 0.08 1.91 2.74 -1 0
Result 0 0.0 1500 0.45 0.21 0.19 0.20 0.19 0.20 -1 -1 -1 -1 -1
Evo 1.00 0.00 0.50 0.49 0.50 0.50 0.50 0.06 0.00 0.08 2.20 2.99 -1 0
Result 0 0.0 1500 0.47 0.21 0.18 0.20 0.20 0.21 -1 -1 -1 -1 -1
Evo 1.00 0.00 0.50 0.49 0.50 0.50 0.50 0.06 0.00 0.08 1.95 2.84 -1 0
Result 0 0.0 1500 0.46 0.19 0.20 0.22 0.20 0.20 -1 -1 -1 -1 -1
Evo 1.00 0.00 0.50 0.49 0.50 0.50 0.50 0.06 0.00 0.08 2.19 3.01 -1 0
Result 0 0.0 1500 0.46 0.21 0.17 0.20 0.20 0.22 -1 -1 -1 -1 -1
Evo 1.00 0.50 1.00 0.51 0.50 0.50 0.50 0.06 0.00 0.08 2.19 3.70 924 0
Result 1 1.0 943 0.48 0.17 0.22 0.18 0.22 0.22 -1 -1 -1 -1 -1
Evo 1.00 0.00 0.50 0.49 0.50 0.50 0.50 0.06 0.00 0.08 2.06 3.77 -1 0
Result 0 0.0 1500 0.47 0.20 0.19 0.19 0.21 0.21 -1 -1 -1 -1 -1
Evo 1.00 0.00 0.50 0.49 0.50 0.50 0.50 0.06 0.00 0.08 2.02 3.14 -1 0
Result 0 0.0 1500 0.43 0.19 0.21 0.21 0.17 0.22 -1 -1 -1 -1 -1
Evo 1.00 0.50 1.00 0.51 0.50 0.50 0.50 0.07 0.00 0.11 1.39 3.10 670 0
Result 1 1.0 691 0.44 0.23 0.23 0.17 0.17 0.21 -1 -1 -1 -1 -1
Evo 1.00 0.00 0.50 0.49 0.50 0.50 0.50 0.06 0.00 0.08 2.36 3.30 -1 0
Result 0 0.0 1500 0.47 0.21 0.19 0.18 0.21 0.21 -1 -1 -1 -1 -1
Evo 1.00 0.00 0.50 0.49 0.50 0.50 0.50 0.06 0.00 0.08 1.97 3.13 -1 0
Result 0 0.0 1500 0.47 0.19 0.19 0.21 0.21 0.21 -1 -1 -1 -1 -1
Evo 1.00 0.00 0.50 0.49 0.50 0.50 0.50 0.06 0.00 0.08 2.47 3.34 -1 0
Result 0 0.0 1500 0.47 0.19 0.21 0.19 0.20 0.20 -1 -1 -1 -1 -1
Evo 1.00 0.00 0.50 0.49 0.50 0.50 0.50 0.06 0.00 0.08 2.05 3.06 -1 0
Result 0 0.0 1500 0.48 0.18 0.19 0.20 0.22 0.21 -1 -1 -1 -1 -1
Evo 1.00 0.00 0.50 0.49 0.50 0.50 0.50 0.06 0.00 0.08 1.86 2.69 -1 0
Result 0 0.0 1500 0.44 0.20 0.21 0.21 0.18 0.21 -1 -1 -1 -1 -1
Evo 1.00 0.00 0.50 0.49 0.50 0.50 0.50 0.06 0.00 0.01 2.25 3.01 -1 0
Result 0 0.0 1500 0.46 0.20 0.19 0.20 0.20 0.22 -1 -1 -1 -1 -1
Evo 1.00 0.40 1.00 0.50 0.50 0.50 0.50 0.04 0.00 0.01 2.22 3.68 788 0
Result 1 1.0 827 0.45 0.18 0.23 0.18 0.19 0.22 -1 -1 -1 -1 -1
Evo 1.00 0.00 0.50 0.49 0.50 0.50 0.50 0.06 0.00 0.08 2.11 3.61 -1 0
Result 0 0.0 1500 0.45 0.19 0.22 0.21 0.19 0.20 -1 -1 -1 -1 -1
Evo 1.00 0.00 0.50 0.49 0.50 0.50 0.50 0.06 0.00 0.08 2.25 3.31 -1 0
Result 0 0.0 1500 0.46 0.19 0.19 0.20 0.19 0.22 -1 -1 -1 -1 -1
Evo 1.01 0.50 1.00 0.51 0.50 0.50 0.50 0.07 0.00 0.10 1.00 1.88 365 0
Result 1 1.0 400 0.49 0.21 0.16 0.20 0.23 0.19 -1 -1 -1 -1 -1
Evo 1.02 0.50 1.00 0.53 0.50 0.50 0.50 0.13 0.01 0.26 0.44 1.20 110 0
Result 1 1.0 118 0.50 0.18 0.15 0.24 0.24 0.19 -1 -1 -1 -1 -1
Evo 1.00 0.50 1.00 0.51 0.50 0.50 0.50 0.06 0.00 0.02 0.77 1.39 421 0
Result 1 1.0 440 0.49 0.18 0.17 0.20 0.24 0.20 -1 -1 -1 -1 -1
Evo 1.00 0.00 0.50 0.49 0.50 0.50 0.50 0.06 0.00 0.08 1.80 2.49 -1 0
Result 0 0.0 1500 0.46 0.20 0.20 0.21 0.20 0.19 -1 -1 -1 -1 -1
Evo 1.00 0.50 1.00 0.51 0.50 0.50 0.50 0.05 0.00 0.07 0.85 1.57 260 0
Result 1 1.0 774 0.48 0.19 0.18 0.21 0.22 0.20 -1 -1 -1 -1 -1
Evo 1.01 0.50 1.00 0.56 0.50 0.50 0.50 0.16 0.02 0.35 0.32 0.92 53 0
Result 1 1.0 70 0.53 0.14 0.14 0.14 0.39 0.18 -1 -1 -1 -1 -1
Evo 1.00 0.50 1.00 0.51 0.50 0.50 0.50 0.06 0.00 0.08 1.39 2.15 485 0
Result 1 1.0 676 0.47 0.19 0.19 0.21 0.21 0.20 -1 -1 -1 -1 -1
Evo 1.00 0.50 1.00 0.51 0.50 0.50 0.50 0.07 0.00 0.12 0.88 1.75 628 0
Result 1 1.0 650 0.46 0.21 0.20 0.21 0.19 0.20 -1 -1 -1 -1 -1
Evo 1.01 0.50 1.00 0.57 0.50 0.50 0.50 0.17 0.02 0.38 0.38 1.08 79 0
Result 1 1.0 107 0.52 0.18 0.16 0.20 0.31 0.15 -1 -1 -1 -1 -1
Evo 1.00 0.50 1.00 0.51 0.50 0.50 0.50 0.08 0.00 0.12 0.78 1.69 325 0
Result 1 1.0 350 0.48 0.21 0.18 0.21 0.22 0.19 -1 -1 -1 -1 -1
Evo 1.00 0.00 0.50 0.49 0.50 0.50 0.50 0.06 0.00 0.08 1.95 2.74 910 0
Result 0 0.0 1500 0.46 0.20 0.20 0.21 0.20 0.19 -1 -1 -1 -1 -1
Evo 1.00 0.50 1.00 0.52 0.50 0.50 0.50 0.09 0.01 0.17 0.61 1.39 125 0
Result 1 1.0 317 0.48 0.20 0.19 0.22 0.21 0.18 -1 -1 -1 -1 -1
Evo 1.00 0.00 0.50 0.49 0.50 0.50 0.50 0.06 0.00 0.08 1.42 2.42 -1 0
Result 0 0.0 1500 0.46 0.21 0.19 0.21 0.20 0.19 -1 -1 -1 -1 -1
Evo 1.00 0.00 0.50 0.49 0.50 0.50 0.50 0.06 0.00 0.08 2.48 3.25 -1 0
Result 0 0.0 1500 0.46 0.20 0.19 0.21 0.20 0.20 -1 -1 -1 -1 -1
Evo 1.00 0.00 0.60 0.49 0.50 0.50 0.50 0.06 0.00 0.08 2.09 3.01 148 0
Result 0 0.0 1500 0.47 0.19 0.21 0.21 0.20 0.19 -1 -1 -1 -1 -1
Evo 1.01 0.50 1.00 0.55 0.50 0.50 0.50 0.15 0.01 0.32 0.60 1.28 116 0
Result 1 1.0 145 0.52 0.17 0.16 0.18 0.29 0.19 -1 -1 -1 -1 -1
Evo 1.00 0.00 0.50 0.49 0.50 0.50 0.50 0.06 0.00 0.08 1.17 1.97 -1 0
Result 0 0.0 1500 0.46 0.21 0.20 0.20 0.20 0.19 -1 -1 -1 -1 -1
Evo 1.01 0.50 1.00 0.52 0.50 0.50 0.50 0.09 0.00 0.16 0.95 1.93 370 0
Result 1 1.0 399 0.49 0.20 0.19 0.19 0.23 0.20 -1 -1 -1 -1 -1
Evo 1.00 0.00 0.50 0.49 0.50 0.50 0.50 0.06 0.00 0.08 2.13 3.11 -1 0
Result 0 0.0 1500 0.47 0.21 0.21 0.21 0.21 0.17 -1 -1 -1 -1 -1
Evo 1.00 0.00 0.50 0.49 0.50 0.50 0.50 0.06 0.00 0.08 1.58 2.38 -1 0
Result 0 0.0 1500 0.45 0.23 0.19 0.20 0.19 0.19 -1 -1 -1 -1 -1
