Evo 1.01 0.00 1.00 0.16 0.00 0.00 0.00 0.36 0.04 0.07 0.02 0.03 79 79
Result 1 1.0 97 0.46 0.18 0.19 0.23 0.20 0.18 -1 -1 -1 -1 -1
Evo 1.01 0.00 1.00 0.57 0.50 0.50 0.50 0.19 0.02 0.07 0.02 0.03 79 79
Result 1 1.0 97 0.46 0.17 0.19 0.26 0.17 0.20 -1 -1 -1 -1 -1
Evo 1.01 0.00 1.00 0.58 0.50 0.50 0.50 0.20 0.02 0.07 0.02 0.03 80 79
Result 1 1.0 97 0.44 0.18 0.17 0.20 0.27 0.17 -1 -1 -1 -1 -1
Evo 1.01 0.00 0.50 0.40 0.50 0.50 0.50 0.20 0.02 0.46 0.02 0.03 -1 79
Result 0 0.0 97 0.40 0.23 0.14 0.26 0.19 0.17 -1 -1 -1 -1 -1
Evo 1.01 0.50 1.00 0.58 0.50 0.50 0.50 0.18 0.02 0.11 0.02 0.03 79 79
Result 1 1.0 97 0.41 0.26 0.15 0.16 0.14 0.29 -1 -1 -1 -1 -1
Evo 1.01 0.00 0.50 0.41 0.50 0.50 0.50 0.20 0.02 0.07 0.01 0.03 79 79
Result 0 0.0 97 0.45 0.17 0.18 0.31 0.15 0.18 -1 -1 -1 -1 -1
Evo 1.01 0.00 1.00 0.57 0.50 0.50 0.50 0.20 0.02 0.07 0.02 0.03 81 79
Result 1 1.0 97 0.40 0.18 0.14 0.13 0.33 0.21 -1 -1 -1 -1 -1
Evo 1.01 0.00 1.00 0.49 0.50 0.50 0.50 0.21 0.02 0.07 0.02 0.03 79 79
Result 1 1.0 97 0.50 0.19 0.24 0.14 0.22 0.19 -1 -1 -1 -1 -1
Evo 1.01 0.00 0.50 0.40 0.50 0.50 0.50 0.20 0.02 0.46 0.02 0.03 -1 79
Result 0 0.0 97 0.48 0.18 0.21 0.22 0.20 0.17 -1 -1 -1 -1 -1
Evo 1.01 0.50 1.00 0.59 0.50 0.50 0.50 0.19 0.02 0.11 0.01 0.03 79 79
Result 1 1.0 97 0.43 0.21 0.16 0.20 0.24 0.17 -1 -1 -1 -1 -1
Evo 1.01 0.20 1.00 0.58 0.50 0.50 0.50 0.19 0.02 0.11 0.02 0.03 79 79
Result 1 1.0 97 0.43 0.23 0.16 0.21 0.23 0.15 -1 -1 -1 -1 -1
Evo 1.01 0.00 1.00 0.55 0.50 0.50 0.50 0.19 0.02 0.15 0.01 0.03 79 79
Result 1 1.0 97 0.43 0.18 0.16 0.17 0.19 0.29 -1 -1 -1 -1 -1
Evo 1.01 0.00 0.50 0.40 0.50 0.50 0.50 0.20 0.02 0.46 0.02 0.03 -1 79
Result 0 0.0 97 0.50 0.23 0.26 0.15 0.18 0.17 -1 -1 -1 -1 -1
Evo 1.01 0.50 1.00 0.59 0.50 0.50 0.50 0.19 0.02 0.15 0.01 0.03 79 79
Result 1 1.0 97 0.46 0.23 0.19 0.13 0.23 0.20 -1 -1 -1 -1 -1
Evo 1.01 0.40 1.00 0.58 0.50 0.50 0.50 0.18 0.02 0.11 0.02 0.03 79 79
Result 1 1.0 97 0.43 0.19 0.16 0.22 0.26 0.16 -1 -1 -1 -1 -1
Evo 1.01 0.40 1.00 0.59 0.50 0.50 0.50 0.19 0.02 0.11 0.03 0.03 79 79
Result 1 1.0 97 0.50 0.20 0.24 0.24 0.14 0.16 -1 -1 -1 -1 -1
Evo 1.01 0.40 1.00 0.57 0.50 0.50 0.50 0.18 0.02 0.11 0.02 0.03 79 79
Result 1 1.0 97 0.44 0.23 0.17 0.15 0.19 0.24 -1 -1 -1 -1 -1
Evo 1.01 0.00 1.00 0.56 0.50 0.50 0.50 0.19 0.02 0.07 0.01 0.03 79 79
Result 1 1.0 97 0.45 0.33 0.18 0.15 0.20 0.13 -1 -1 -1 -1 -1
Evo 1.01 0.00 0.50 0.40 0.50 0.50 0.50 0.20 0.02 0.46 0.02 0.03 -1 79
Result 0 0.0 97 0.46 0.22 0.19 0.15 0.21 0.21 -1 -1 -1 -1 -1
Evo 1.01 0.00 0.50 0.40 0.50 0.50 0.50 0.20 0.02 0.46 0.02 0.03 -1 79
Result 0 0.0 97 0.48 0.28 0.21 0.21 0.16 0.13 -1 -1 -1 -1 -1
Evo 1.02 0.00 1.00 0.55 0.50 0.50 0.50 0.16 0.01 0.05 0.02 0.03 112 112
Result 1 1.0 130 0.47 0.21 0.21 0.21 0.16 0.21 -1 -1 -1 -1 -1
Evo 1.01 0.00 1.00 0.55 0.50 0.50 0.50 0.17 0.01 0.05 0.02 0.03 112 112
Result 1 1.0 130 0.49 0.23 0.24 0.19 0.18 0.16 -1 -1 -1 -1 -1
Evo 1.01 0.40 1.00 0.56 0.50 0.50 0.50 0.16 0.01 0.09 0.02 0.03 112 112
Result 1 1.0 130 0.48 0.15 0.22 0.26 0.19 0.18 -1 -1 -1 -1 -1
Evo 1.01 0.00 1.00 0.55 0.50 0.50 0.50 0.17 0.01 0.09 0.02 0.03 113 112
Result 1 1.0 130 0.45 0.25 0.18 0.20 0.19 0.18 -1 -1 -1 -1 -1
Evo 1.01 0.00 1.00 0.54 0.50 0.50 0.50 0.17 0.02 0.12 0.01 0.03 112 112
Result 1 1.0 130 0.42 0.15 0.16 0.26 0.23 0.21 -1 -1 -1 -1 -1
Evo 1.01 0.00 1.00 0.55 0.50 0.50 0.50 0.17 0.01 0.05 0.02 0.03 112 112
Result 1 1.0 130 0.47 0.15 0.21 0.21 0.22 0.21 -1 -1 -1 -1 -1
Evo 1.01 0.50 1.00 0.57 0.50 0.50 0.50 0.17 0.01 0.09 0.02 0.03 112 112
Result 1 1.0 130 0.41 0.20 0.15 0.27 0.21 0.17 -1 -1 -1 -1 -1
Evo 1.01 0.50 1.00 0.56 0.50 0.50 0.50 0.16 0.01 0.09 0.02 0.03 112 112
Result 1 1.0 130 0.45 0.19 0.18 0.23 0.25 0.15 -1 -1 -1 -1 -1
Evo 1.02 0.00 1.00 0.52 0.50 0.50 0.50 0.19 0.02 0.32 0.03 0.03 119 112
Result 1 1.0 130 0.44 0.22 0.18 0.22 0.17 0.21 -1 -1 -1 -1 -1
Evo 1.01 0.00 0.50 0.43 0.50 0.50 0.50 0.18 0.02 0.40 0.02 0.03 -1 112
Result 0 0.0 130 0.48 0.20 0.21 0.24 0.13 0.22 -1 -1 -1 -1 -1
Evo 1.01 0.00 1.00 0.51 0.50 0.50 0.50 0.19 0.02 0.05 0.02 0.03 114 112
Result 1 1.0 130 0.45 0.18 0.18 0.24 0.18 0.22 -1 -1 -1 -1 -1
Evo 1.01 0.40 1.00 0.56 0.50 0.50 0.50 0.16 0.01 0.09 0.02 0.03 112 112
Result 1 1.0 130 0.45 0.27 0.18 0.15 0.20 0.21 -1 -1 -1 -1 -1
Evo 1.01 0.50 1.00 0.57 0.50 0.50 0.50 0.17 0.01 0.05 0.02 0.03 112 112
Result 1 1.0 130 0.45 0.22 0.18 0.21 0.18 0.21 -1 -1 -1 -1 -1
Evo 1.02 0.00 1.00 0.54 0.50 0.50 0.50 0.18 0.02 0.05 0.02 0.03 115 112
Result 1 1.0 130 0.44 0.17 0.18 0.24 0.17 0.24 -1 -1 -1 -1 -1
Evo 1.01 0.00 1.00 0.55 0.50 0.50 0.50 0.18 0.02 0.37 0.02 0.03 114 112
Result 1 1.0 130 0.42 0.26 0.16 0.20 0.17 0.21 -1 -1 -1 -1 -1
Evo 1.01 0.40 1.00 0.56 0.50 0.50 0.50 0.16 0.01 0.05 0.02 0.03 112 112
Result 1 1.0 130 0.45 0.17 0.18 0.25 0.21 0.18 -1 -1 -1 -1 -1
Evo 1.01 0.20 1.00 0.56 0.50 0.50 0.50 0.17 0.01 0.05 0.02 0.03 112 112
Result 1 1.0 130 0.48 0.22 0.21 0.18 0.22 0.17 -1 -1 -1 -1 -1
Evo 1.01 0.00 1.00 0.55 0.50 0.50 0.50 0.17 0.01 0.05 0.02 0.03 113 112
Result 1 1.0 130 0.47 0.18 0.21 0.32 0.14 0.15 -1 -1 -1 -1 -1
Evo 1.01 0.20 1.00 0.55 0.50 0.50 0.50 0.16 0.01 0.05 0.02 0.03 112 112
Result 1 1.0 130 0.47 0.22 0.21 0.21 0.23 0.13 -1 -1 -1 -1 -1
Evo 1.01 0.20 1.00 0.55 0.50 0.50 0.50 0.16 0.01 0.05 0.02 0.03 112 112
Result 1 1.0 130 0.45 0.21 0.18 0.26 0.17 0.18 -1 -1 -1 -1 -1
Evo 1.01 0.00 0.50 0.41 0.50 0.50 0.50 0.20 0.02 0.07 0.02 0.03 79 79
Result 0 0.0 97 0.41 0.27 0.15 0.23 0.13 0.21 -1 -1 -1 -1 -1
Evo 1.01 0.20 1.00 0.58 0.50 0.50 0.50 0.18 0.02 0.07 0.02 0.03 79 79
Result 1 1.0 97 0.46 0.12 0.19 0.26 0.23 0.19 -1 -1 -1 -1 -1
Evo 1.01 0.40 1.00 0.59 0.50 0.50 0.50 0.19 0.02 0.11 0.02 0.03 79 79
Result 1 1.0 97 0.43 0.15 0.16 0.21 0.32 0.15 -1 -1 -1 -1 -1
Evo 1.01 0.00 1.00 0.56 0.50 0.50 0.50 0.20 0.02 0.11 0.01 0.03 79 79
Result 1 1.0 97 0.41 0.20 0.15 0.24 0.22 0.17 -1 -1 -1 -1 -1
Evo 1.01 0.00 0.50 0.40 0.50 0.50 0.50 0.20 0.02 0.46 0.01 0.03 -1 79
Result 0 0.0 97 0.50 0.20 0.26 0.20 0.14 0.19 -1 -1 -1 -1 -1
Evo 1.01 0.00 1.00 0.56 0.50 0.50 0.50 0.20 0.02 0.07 0.03 0.03 80 79
Result 1 1.0 97 0.46 0.19 0.19 0.22 0.19 0.19 -1 -1 -1 -1 -1
Evo 1.01 0.00 0.50 0.40 0.50 0.50 0.50 0.20 0.02 0.46 0.02 0.03 -1 79
Result 0 0.0 97 0.46 0.23 0.19 0.21 0.14 0.21 -1 -1 -1 -1 -1
Evo 1.01 0.00 1.00 0.54 0.50 0.50 0.50 0.22 0.02 0.39 0.02 0.03 85 79
Result 1 1.0 97 0.50 0.20 0.24 0.13 0.29 0.13 -1 -1 -1 -1 -1
Evo 1.01 0.00 1.00 0.47 0.50 0.50 0.50 0.22 0.02 0.07 0.02 0.03 82 79
Result 1 1.0 97 0.48 0.19 0.21 0.19 0.22 0.17 -1 -1 -1 -1 -1
Evo 1.01 0.20 1.00 0.57 0.50 0.50 0.50 0.18 0.02 0.07 0.02 0.03 79 79
Result 1 1.0 97 0.44 0.22 0.17 0.19 0.21 0.19 -1 -1 -1 -1 -1
Evo 1.01 0.00 1.00 0.57 0.50 0.50 0.50 0.19 0.02 0.07 0.02 0.03 79 79
Result 1 1.0 97 0.47 0.18 0.20 0.18 0.22 0.20 -1 -1 -1 -1 -1
Evo 1.01 0.00 1.00 0.55 0.50 0.50 0.50 0.21 0.02 0.11 0.02 0.03 80 79
Result 1 1.0 97 0.48 0.23 0.21 0.20 0.20 0.14 -1 -1 -1 -1 -1
Evo 1.01 0.20 1.00 0.57 0.50 0.50 0.50 0.19 0.02 0.07 0.02 0.03 79 79
Result 1 1.0 97 0.47 0.19 0.20 0.19 0.21 0.19 -1 -1 -1 -1 -1
Evo 1.01 0.50 1.00 0.59 0.50 0.50 0.50 0.18 0.02 0.22 0.01 0.03 79 79
Result 1 1.0 97 0.46 0.18 0.19 0.14 0.32 0.16 -1 -1 -1 -1 -1
Evo 1.01 0.20 1.00 0.58 0.50 0.50 0.50 0.19 0.02 0.07 0.02 0.03 79 79
Result 1 1.0 97 0.50 0.20 0.24 0.14 0.26 0.15 -1 -1 -1 -1 -1
Evo 1.01 0.00 0.50 0.40 0.50 0.50 0.50 0.20 0.02 0.46 0.02 0.03 -1 79
Result 0 0.0 97 0.47 0.16 0.20 0.18 0.23 0.21 -1 -1 -1 -1 -1
Evo 1.01 0.00 1.00 0.56 0.50 0.50 0.50 0.19 0.02 0.11 0.01 0.03 80 79
Result 1 1.0 97 0.49 0.28 0.23 0.13 0.16 0.19 -1 -1 -1 -1 -1
Evo 1.01 0.00 1.00 0.56 0.50 0.50 0.50 0.19 0.02 0.07 0.01 0.03 79 79
Result 1 1.0 97 0.37 0.19 0.12 0.16 0.28 0.24 -1 -1 -1 -1 -1
Evo 1.01 0.00 1.00 0.52 0.50 0.50 0.50 0.20 0.02 0.15 0.02 0.03 79 79
Result 1 1.0 97 0.48 0.19 0.21 0.17 0.19 0.22 -1 -1 -1 -1 -1
Evo 1.01 0.50 1.00 0.59 0.50 0.50 0.50 0.19 0.02 0.15 0.02 0.03 79 79
Result 1 1.0 97 0.41 0.27 0.15 0.14 0.18 0.26 -1 -1 -1 -1 -1
Evo 1.01 0.40 1.00 0.56 0.50 0.50 0.50 0.16 0.01 0.05 0.02 0.03 112 112
Result 1 1.0 130 0.51 0.23 0.26 0.17 0.14 0.21 -1 -1 -1 -1 -1
Evo 1.01 0.00 1.00 0.54 0.50 0.50 0.50 0.17 0.02 0.09 0.02 0.03 113 112
Result 1 1.0 130 0.47 0.11 0.21 0.21 0.18 0.29 -1 -1 -1 -1 -1
Evo 1.01 0.00 1.00 0.55 0.50 0.50 0.50 0.17 0.01 0.09 0.03 0.03 112 112
Result 1 1.0 130 0.47 0.22 0.21 0.18 0.24 0.15 -1 -1 -1 -1 -1
Evo 1.01 0.00 1.00 0.53 0.50 0.50 0.50 0.17 0.01 0.05 0.02 0.03 112 112
Result 1 1.0 130 0.42 0.23 0.16 0.21 0.21 0.20 -1 -1 -1 -1 -1
Evo 1.01 0.00 0.50 0.43 0.50 0.50 0.50 0.18 0.02 0.40 0.02 0.03 -1 112
Result 0 0.0 130 0.46 0.18 0.20 0.19 0.21 0.21 -1 -1 -1 -1 -1
Evo 1.01 0.50 1.00 0.56 0.50 0.50 0.50 0.16 0.01 0.12 0.02 0.03 112 112
Result 1 1.0 130 0.46 0.20 0.19 0.15 0.19 0.27 -1 -1 -1 -1 -1
Evo 1.01 0.40 1.00 0.56 0.50 0.50 0.50 0.16 0.01 0.05 0.02 0.03 112 112
Result 1 1.0 130 0.50 0.17 0.24 0.19 0.21 0.18 -1 -1 -1 -1 -1
Evo 1.01 0.00 0.50 0.43 0.50 0.50 0.50 0.18 0.02 0.40 0.02 0.03 -1 112
Result 0 0.0 130 0.48 0.15 0.22 0.19 0.21 0.22 -1 -1 -1 -1 -1
Evo 1.01 0.00 1.00 0.53 0.50 0.50 0.50 0.18 0.02 0.09 0.02 0.03 114 112
Result 1 1.0 130 0.42 0.21 0.16 0.18 0.22 0.23 -1 -1 -1 -1 -1
Evo 1.01 0.00 0.50 0.43 0.50 0.50 0.50 0.18 0.02 0.40 0.02 0.03 -1 112
Result 0 0.0 130 0.42 0.18 0.16 0.20 0.19 0.27 -1 -1 -1 -1 -1
Evo 1.01 0.00 0.50 0.43 0.50 0.50 0.50 0.17 0.02 0.05 0.02 0.03 114 112
Result 0 0.0 130 0.46 0.15 0.19 0.23 0.21 0.21 -1 -1 -1 -1 -1
Evo 1.01 0.20 1.00 0.56 0.50 0.50 0.50 0.17 0.01 0.05 0.02 0.03 112 112
Result 1 1.0 130 0.50 0.18 0.24 0.19 0.17 0.22 -1 -1 -1 -1 -1
Evo 1.01 0.50 1.00 0.57 0.50 0.50 0.50 0.17 0.01 0.12 0.02 0.03 112 112
Result 1 1.0 130 0.43 0.21 0.17 0.18 0.18 0.27 -1 -1 -1 -1 -1
Evo 1.01 0.00 0.50 0.43 0.50 0.50 0.50 0.17 0.02 0.05 0.02 0.03 115 112
Result 0 0.0 130 0.46 0.22 0.19 0.21 0.18 0.19 -1 -1 -1 -1 -1
Evo 1.01 0.50 1.00 0.56 0.50 0.50 0.50 0.16 0.01 0.12 0.02 0.03 112 112
Result 1 1.0 130 0.46 0.15 0.19 0.17 0.24 0.25 -1 -1 -1 -1 -1
Evo 1.02 0.00 1.00 0.52 0.50 0.50 0.50 0.18 0.02 0.09 0.02 0.03 113 112
Result 1 1.0 130 0.49 0.23 0.23 0.17 0.20 0.18 -1 -1 -1 -1 -1
Evo 1.01 0.00 1.00 0.54 0.50 0.50 0.50 0.18 0.02 0.05 0.01 0.03 112 112
Result 1 1.0 130 0.40 0.15 0.15 0.23 0.30 0.18 -1 -1 -1 -1 -1
Evo 1.01 0.20 1.00 0.55 0.50 0.50 0.50 0.17 0.01 0.09 0.02 0.03 112 112
Result 1 1.0 130 0.44 0.16 0.18 0.22 0.23 0.21 -1 -1 -1 -1 -1
Evo 1.01 0.00 0.50 0.43 0.50 0.50 0.50 0.18 0.02 0.40 0.02 0.03 -1 112
Result 0 0.0 130 0.51 0.19 0.27 0.18 0.18 0.18 -1 -1 -1 -1 -1
Evo 1.01 0.00 0.50 0.43 0.50 0.50 0.50 0.17 0.01 0.05 0.02 0.03 112 112
Result 0 0.0 130 0.49 0.21 0.23 0.22 0.15 0.20 -1 -1 -1 -1 -1
Evo 1.00 0.50 1.00 0.53 0.50 0.50 0.50 0.12 0.01 0.03 0.02 0.03 241 241
Result 1 1.0 259 0.49 0.19 0.23 0.22 0.20 0.16 -1 -1 -1 -1 -1
Evo 1.00 0.00 1.00 0.52 0.50 0.50 0.50 0.13 0.01 0.03 0.02 0.03 241 241
Result 1 1.0 259 0.42 0.22 0.16 0.19 0.23 0.20 -1 -1 -1 -1 -1
Evo 1.00 0.00 1.00 0.51 0.50 0.50 0.50 0.13 0.01 0.03 0.02 0.03 244 241
Result 1 1.0 259 0.48 0.20 0.22 0.23 0.14 0.21 -1 -1 -1 -1 -1
Evo 1.01 0.00 1.00 0.53 0.50 0.50 0.50 0.12 0.01 0.07 0.03 0.03 241 241
Result 1 1.0 259 0.49 0.15 0.23 0.25 0.22 0.15 -1 -1 -1 -1 -1
Evo 1.00 0.00 0.50 0.46 0.50 0.50 0.50 0.13 0.01 0.03 0.02 0.03 242 241
Result 0 0.0 259 0.48 0.22 0.22 0.20 0.20 0.17 -1 -1 -1 -1 -1
Evo 1.00 0.50 1.00 0.53 0.50 0.50 0.50 0.12 0.01 0.03 0.03 0.03 241 241
Result 1 1.0 259 0.46 0.20 0.20 0.19 0.18 0.24 -1 -1 -1 -1 -1
Evo 1.00 0.40 1.00 0.53 0.50 0.50 0.50 0.12 0.01 0.03 0.02 0.03 241 241
Result 1 1.0 259 0.48 0.17 0.22 0.24 0.21 0.16 -1 -1 -1 -1 -1
Evo 1.01 0.00 1.00 0.52 0.50 0.50 0.50 0.13 0.01 0.05 0.02 0.03 241 241
Result 1 1.0 259 0.49 0.17 0.23 0.21 0.19 0.20 -1 -1 -1 -1 -1
Evo 1.00 0.50 1.00 0.53 0.50 0.50 0.50 0.12 0.01 0.05 0.03 0.03 241 241
Result 1 1.0 259 0.49 0.17 0.24 0.18 0.22 0.19 -1 -1 -1 -1 -1
Evo 1.00 0.50 1.00 0.53 0.50 0.50 0.50 0.12 0.01 0.03 0.03 0.03 241 241
Result 1 1.0 259 0.44 0.22 0.17 0.20 0.18 0.22 -1 -1 -1 -1 -1
Evo 1.00 0.50 1.00 0.53 0.50 0.50 0.50 0.12 0.01 0.09 0.02 0.03 241 241
Result 1 1.0 259 0.49 0.17 0.23 0.19 0.19 0.21 -1 -1 -1 -1 -1
Evo 1.00 0.00 1.00 0.52 0.50 0.50 0.50 0.13 0.01 0.05 0.02 0.03 243 241
Result 1 1.0 259 0.47 0.22 0.20 0.22 0.20 0.16 -1 -1 -1 -1 -1
Evo 1.00 0.20 1.00 0.53 0.50 0.50 0.50 0.12 0.01 0.03 0.02 0.03 241 241
Result 1 1.0 259 0.48 0.20 0.22 0.23 0.16 0.20 -1 -1 -1 -1 -1
Evo 1.00 0.40 1.00 0.53 0.50 0.50 0.50 0.12 0.01 0.03 0.02 0.03 241 241
Result 1 1.0 259 0.47 0.18 0.21 0.22 0.21 0.18 -1 -1 -1 -1 -1
Evo 1.01 0.00 1.00 0.52 0.50 0.50 0.50 0.13 0.01 0.03 0.02 0.03 243 241
Result 1 1.0 259 0.48 0.17 0.22 0.20 0.19 0.22 -1 -1 -1 -1 -1
Evo 1.00 0.00 1.00 0.52 0.50 0.50 0.50 0.12 0.01 0.03 0.03 0.03 243 241
Result 1 1.0 259 0.49 0.23 0.23 0.15 0.22 0.17 -1 -1 -1 -1 -1
Evo 1.00 0.00 1.00 0.52 0.50 0.50 0.50 0.13 0.01 0.03 0.03 0.03 241 241
Result 1 1.0 259 0.50 0.18 0.25 0.18 0.18 0.20 -1 -1 -1 -1 -1
Evo 1.00 0.50 1.00 0.53 0.50 0.50 0.50 0.12 0.01 0.05 0.02 0.03 241 241
Result 1 1.0 259 0.48 0.20 0.22 0.15 0.22 0.21 -1 -1 -1 -1 -1
Evo 1.00 0.20 1.00 0.53 0.50 0.50 0.50 0.12 0.01 0.03 0.03 0.03 241 241
Result 1 1.0 259 0.44 0.20 0.17 0.23 0.18 0.22 -1 -1 -1 -1 -1
Evo 1.00 0.40 1.00 0.53 0.50 0.50 0.50 0.12 0.01 0.03 0.02 0.03 241 241
Result 1 1.0 259 0.46 0.20 0.20 0.18 0.24 0.18 -1 -1 -1 -1 -1
