Evo 1.00 0.00 1.00 0.61 0.56 0.56 0.56 0.26 0.01 0.01 0.45 0.52 -1 1542
Result 0 4.0 2000 0.47 0.20 0.18 0.20 0.21 0.21 -1 -1 -1 -1 -1
Evo 1.00 0.00 1.00 0.99 1.00 1.00 1.00 0.10 0.00 0.02 0.45 0.52 -1 213
Result 0 4.0 2000 0.47 0.20 0.20 0.20 0.21 0.20 -1 -1 -1 -1 -1
Evo 1.00 0.00 1.00 1.00 1.00 1.00 1.00 0.04 0.00 0.01 0.34 0.52 -1 1225
Result 0 3.0 1243 0.47 0.18 0.18 0.22 0.21 0.21 -1 -1 -1 -1 -1
Evo 1.01 0.00 1.00 0.98 1.00 1.00 1.00 0.15 0.01 0.04 0.21 0.42 -1 178
Result 0 1.0 213 0.49 0.22 0.21 0.20 0.23 0.14 -1 -1 -1 -1 -1
Evo 1.00 0.00 1.00 0.99 1.00 1.00 1.00 0.09 0.00 0.49 0.44 0.52 -1 40
Result 0 3.0 1618 0.46 0.21 0.19 0.21 0.19 0.21 -1 -1 -1 -1 -1
Evo 1.00 0.00 1.00 0.98 1.00 1.00 1.00 0.11 0.00 0.52 0.41 0.52 1430 182
Result 0 3.0 1490 0.48 0.22 0.18 0.19 0.22 0.19 -1 -1 -1 -1 -1
Evo 1.00 0.50 1.00 0.63 0.63 0.63 0.63 0.03 0.00 0.01 0.42 0.52 1729 1691
Result 1 6.0 1745 0.47 0.21 0.21 0.18 0.20 0.20 -1 -1 -1 -1 -1
Evo 1.00 0.50 1.00 0.51 0.50 0.50 0.50 0.06 0.00 0.01 0.51 0.52 1909 156
Result 1 6.0 1955 0.46 0.21 0.21 0.20 0.19 0.19 -1 -1 -1 -1 -1
Evo 1.00 0.00 0.50 0.49 0.50 0.50 0.50 0.06 0.00 0.04 0.36 0.52 -1 67
Result 0 2.0 1328 0.47 0.22 0.17 0.15 0.20 0.25 -1 -1 -1 -1 -1
Evo 1.01 0.00 0.50 0.47 0.50 0.50 0.50 0.12 0.01 0.46 0.16 0.46 -1 96
Result 0 2.0 252 0.43 0.21 0.21 0.25 0.17 0.16 -1 -1 -1 -1 -1
Evo 1.00 0.50 1.00 0.51 0.50 0.50 0.50 0.08 0.00 0.03 0.44 0.52 839 100
Result 1 6.0 935 0.47 0.19 0.20 0.20 0.21 0.21 -1 -1 -1 -1 -1
Evo 1.01 0.00 0.50 0.50 0.50 0.50 0.50 0.02 0.00 0.13 0.31 0.50 -1 379
Result 0 2.0 432 0.48 0.23 0.16 0.18 0.22 0.22 -1 -1 -1 -1 -1
Evo 1.00 0.00 0.50 0.50 0.50 0.50 0.50 0.01 0.00 0.01 0.35 0.52 -1 1758
Result 0 2.0 1765 0.45 0.19 0.20 0.21 0.18 0.22 -1 -1 -1 -1 -1
Evo 1.00 0.50 1.00 0.51 0.50 0.50 0.50 0.05 0.00 0.02 0.47 0.52 1738 1452
Result 1 6.0 1767 0.45 0.21 0.22 0.20 0.18 0.19 -1 -1 -1 -1 -1
Evo 1.00 0.00 1.00 0.51 0.50 0.50 0.50 0.09 0.00 0.02 0.42 0.52 955 771
Result 1 5.0 990 0.47 0.21 0.20 0.19 0.20 0.19 -1 -1 -1 -1 -1
Evo 1.00 0.00 0.50 0.50 0.50 0.50 0.50 0.02 0.00 0.04 0.25 0.46 -1 607
Result 0 2.0 624 0.48 0.20 0.20 0.21 0.22 0.18 -1 -1 -1 -1 -1
Evo 1.00 0.00 0.50 0.50 0.50 0.50 0.50 0.03 0.00 0.06 0.21 0.52 -1 219
Result 0 0.0 235 0.47 0.17 0.22 0.17 0.20 0.24 -1 -1 -1 -1 -1
Evo 1.00 0.50 1.00 0.50 0.50 0.50 0.50 0.03 0.00 0.01 0.44 0.52 1279 112
Result 1 7.0 1295 0.47 0.21 0.20 0.19 0.21 0.19 -1 -1 -1 -1 -1
Evo 1.02 0.00 1.00 0.50 0.50 0.50 0.50 0.05 0.00 0.02 0.33 0.52 508 475
Result 0 3.0 520 0.45 0.17 0.21 0.23 0.19 0.20 -1 -1 -1 -1 -1
Evo 1.00 0.50 1.00 0.51 0.50 0.50 0.50 0.06 0.00 0.04 0.47 0.52 829 250
Result 1 7.0 878 0.47 0.20 0.18 0.21 0.21 0.20 -1 -1 -1 -1 -1
Evo 1.00 0.00 0.50 0.50 0.50 0.50 0.50 0.02 0.00 0.01 0.41 0.58 -1 585
Result 0 3.0 1214 0.46 0.18 0.20 0.22 0.20 0.21 -1 -1 -1 -1 -1
Evo 1.01 0.00 0.50 0.49 0.50 0.50 0.50 0.05 0.00 0.05 0.25 0.56 -1 599
Result 0 0.0 617 0.48 0.22 0.18 0.20 0.22 0.19 -1 -1 -1 -1 -1
Evo 1.01 0.00 0.50 0.50 0.50 0.50 0.50 0.02 0.00 0.02 0.23 0.54 -1 386
Result 0 0.0 407 0.47 0.19 0.20 0.20 0.20 0.21 -1 -1 -1 -1 -1
Evo 1.00 0.00 1.00 0.50 0.50 0.50 0.50 0.04 0.00 0.01 0.45 0.58 1924 1158
Result 0 5.0 1951 0.46 0.20 0.22 0.20 0.19 0.19 -1 -1 -1 -1 -1
Evo 1.01 0.00 0.50 0.50 0.50 0.50 0.50 0.02 0.00 0.02 0.34 0.57 -1 952
Result 0 3.0 1009 0.46 0.20 0.21 0.20 0.19 0.20 -1 -1 -1 -1 -1
Evo 1.00 0.50 1.00 0.52 0.50 0.50 0.50 0.10 0.00 0.02 0.44 0.58 570 174
Result 1 6.0 596 0.45 0.20 0.19 0.21 0.18 0.21 -1 -1 -1 -1 -1
Evo 1.00 0.00 0.50 0.50 0.50 0.50 0.50 0.05 0.00 0.04 0.42 0.58 -1 470
Result 0 3.0 2000 0.44 0.21 0.22 0.21 0.18 0.19 -1 -1 -1 -1 -1
Evo 1.00 0.00 0.50 0.50 0.50 0.50 0.50 0.01 0.00 0.01 0.32 0.56 -1 1530
Result 0 1.0 1543 0.45 0.20 0.22 0.21 0.18 0.19 -1 -1 -1 -1 -1
Evo 1.00 0.00 0.50 0.49 0.50 0.50 0.50 0.05 0.00 0.01 0.41 0.58 -1 318
Result 0 4.0 2000 0.45 0.21 0.20 0.21 0.18 0.20 -1 -1 -1 -1 -1
Evo 1.00 0.00 0.50 0.50 0.50 0.50 0.50 0.02 0.00 0.01 0.32 0.57 -1 785
Result 0 1.0 817 0.47 0.21 0.17 0.21 0.21 0.20 -1 -1 -1 -1 -1
Evo 1.00 0.00 0.50 0.50 0.50 0.50 0.50 0.01 0.00 0.04 0.49 0.58 -1 639
Result 0 1.0 1456 0.46 0.20 0.20 0.19 0.20 0.21 -1 -1 -1 -1 -1
Evo 1.00 0.00 0.50 0.50 0.50 0.50 0.50 0.02 0.00 0.02 0.36 0.58 -1 1024
Result 0 1.0 1056 0.47 0.19 0.20 0.20 0.21 0.19 -1 -1 -1 -1 -1
Evo 1.00 0.00 0.50 0.50 0.50 0.50 0.50 0.01 0.00 0.04 0.42 0.58 -1 737
Result 0 4.0 1282 0.48 0.20 0.19 0.20 0.22 0.18 -1 -1 -1 -1 -1
Evo 1.00 0.00 0.50 0.50 0.50 0.50 0.50 0.02 0.00 0.02 0.36 0.58 -1 1677
Result 0 2.0 1692 0.47 0.20 0.20 0.19 0.20 0.21 -1 -1 -1 -1 -1
Evo 1.01 0.00 0.50 0.50 0.50 0.50 0.50 0.03 0.00 0.01 0.26 0.50 -1 717
Result 0 1.0 738 0.48 0.23 0.19 0.17 0.22 0.20 -1 -1 -1 -1 -1
Evo 1.00 0.00 0.50 0.50 0.50 0.50 0.50 0.01 0.00 0.03 0.50 0.58 -1 1385
Result 0 4.0 1592 0.46 0.20 0.20 0.20 0.20 0.21 -1 -1 -1 -1 -1
Evo 1.00 0.00 0.50 0.50 0.50 0.50 0.50 0.05 0.00 0.06 0.29 0.50 -1 1982
Result 0 0.0 2000 0.47 0.20 0.19 0.21 0.21 0.19 -1 -1 -1 -1 -1
Evo 1.01 0.00 0.50 0.49 0.50 0.50 0.50 0.08 0.00 0.02 0.25 0.51 -1 353
Result 0 1.0 377 0.47 0.18 0.19 0.22 0.21 0.20 -1 -1 -1 -1 -1
Evo 1.00 0.00 0.50 0.50 0.50 0.50 0.50 0.01 0.00 0.02 0.36 0.58 -1 1856
Result 0 1.0 1977 0.47 0.21 0.20 0.20 0.20 0.19 -1 -1 -1 -1 -1
Evo 1.00 0.00 0.50 0.50 0.50 0.50 0.50 0.05 0.00 0.52 0.44 0.58 -1 1065
Result 0 3.0 2000 0.46 0.20 0.20 0.19 0.19 0.22 -1 -1 -1 -1 -1
Evo 1.00 0.00 0.50 0.50 0.50 0.50 0.50 0.02 0.00 0.03 0.36 0.48 -1 23
Result 0 8.0 1274 0.43 0.22 0.19 0.20 0.17 0.22 -1 -1 -1 -1 -1
Evo 1.00 0.00 0.50 0.50 0.50 0.50 0.50 0.04 0.00 0.09 0.22 0.43 -1 30
Result 0 2.0 501 0.45 0.20 0.19 0.20 0.19 0.23 -1 -1 -1 -1 -1
Evo 1.00 0.00 0.50 0.50 0.50 0.50 0.50 0.05 0.00 0.04 0.32 0.48 -1 7
Result 0 5.0 2000 0.47 0.21 0.21 0.17 0.20 0.21 -1 -1 -1 -1 -1
Evo 1.00 0.00 0.50 0.50 0.50 0.50 0.50 0.02 0.00 0.10 0.20 0.35 -1 16
Result 0 2.0 773 0.47 0.20 0.21 0.19 0.21 0.19 -1 -1 -1 -1 -1
Evo 1.00 0.00 0.50 0.50 0.50 0.50 0.50 0.01 0.00 0.05 0.39 0.50 -1 73
Result 0 8.0 1535 0.44 0.20 0.21 0.20 0.18 0.22 -1 -1 -1 -1 -1
Evo 1.04 0.00 0.50 0.49 0.50 0.50 0.50 0.06 0.01 0.40 0.07 0.14 -1 41
Result 0 0.0 77 0.52 0.17 0.28 0.15 0.28 0.12 -1 -1 -1 -1 -1
Evo 1.01 0.00 0.50 0.50 0.50 0.50 0.50 0.05 0.00 0.06 0.15 0.45 -1 92
Result 0 0.0 115 0.44 0.20 0.22 0.13 0.17 0.28 -1 -1 -1 -1 -1
Evo 1.00 0.00 0.50 0.50 0.50 0.50 0.50 0.05 0.00 0.02 0.19 0.34 -1 16
Result 0 2.0 2000 0.47 0.20 0.20 0.20 0.20 0.20 -1 -1 -1 -1 -1
Evo 1.00 0.00 0.50 0.50 0.50 0.50 0.50 0.02 0.00 0.06 0.23 0.41 -1 24
Result 0 1.0 482 0.47 0.20 0.20 0.18 0.21 0.21 -1 -1 -1 -1 -1
Evo 1.01 0.00 0.50 0.50 0.50 0.50 0.50 0.05 0.00 0.01 0.48 0.54 -1 109
Result 0 10.0 2000 0.47 0.20 0.22 0.18 0.20 0.20 -1 -1 -1 -1 -1
Evo 1.00 0.00 0.50 0.50 0.50 0.50 0.50 0.05 0.00 0.01 0.35 0.51 -1 178
Result 0 6.0 2000 0.45 0.19 0.23 0.19 0.19 0.21 -1 -1 -1 -1 -1
Evo 1.02 0.00 0.50 0.49 0.50 0.50 0.50 0.06 0.00 0.05 0.42 0.50 -1 24
Result 0 6.0 721 0.45 0.21 0.20 0.20 0.18 0.20 -1 -1 -1 -1 -1
Evo 1.00 0.00 0.50 0.50 0.50 0.50 0.50 0.05 0.00 0.43 0.25 0.38 -1 39
Result 0 3.0 2000 0.46 0.21 0.20 0.19 0.20 0.20 -1 -1 -1 -1 -1
Evo 1.00 0.00 0.50 0.50 0.50 0.50 0.50 0.05 0.00 0.01 0.37 0.51 -1 12
Result 0 8.0 2000 0.46 0.20 0.20 0.21 0.19 0.20 -1 -1 -1 -1 -1
Evo 1.00 0.00 0.50 0.50 0.50 0.50 0.50 0.05 0.00 0.01 0.46 0.54 -1 14
Result 0 9.0 2000 0.48 0.19 0.19 0.19 0.22 0.20 -1 -1 -1 -1 -1
Evo 1.01 0.00 0.50 0.50 0.50 0.50 0.50 0.03 0.00 0.03 0.18 0.33 -1 10
Result 0 3.0 240 0.46 0.21 0.19 0.15 0.20 0.25 -1 -1 -1 -1 -1
Evo 1.04 0.00 0.50 0.48 0.50 0.50 0.50 0.10 0.02 0.38 0.05 0.13 -1 22
Result 0 0.0 23 0.38 0.21 0.33 0.25 0.13 0.08 -1 -1 -1 -1 -1
Evo 1.00 0.00 0.50 0.50 0.50 0.50 0.50 0.05 0.00 0.04 0.42 0.54 -1 10
Result 0 8.0 2000 0.46 0.19 0.20 0.18 0.20 0.22 -1 -1 -1 -1 -1
Evo 1.00 0.00 0.50 0.50 0.50 0.50 0.50 0.02 0.00 0.02 0.44 0.51 -1 14
Result 0 10.0 1460 0.45 0.22 0.20 0.18 0.18 0.22 -1 -1 -1 -1 -1
Evo 1.01 0.00 0.50 0.50 0.50 0.50 0.50 0.04 0.00 0.02 0.34 0.49 -1 31
Result 0 5.0 1212 0.45 0.22 0.19 0.19 0.18 0.22 -1 -1 -1 -1 -1
Evo 1.00 0.00 0.50 0.49 0.50 0.50 0.50 0.08 0.00 0.01 0.57 0.69 -1 63
Result 0 2.0 1242 0.48 0.21 0.21 0.19 0.22 0.17 -1 -1 -1 -1 -1
Evo 1.00 0.00 0.50 0.50 0.50 0.50 0.50 0.05 0.00 0.03 0.66 0.69 -1 66
Result 0 2.0 2000 0.46 0.20 0.20 0.20 0.20 0.20 -1 -1 -1 -1 -1
Evo 1.00 0.00 0.50 0.50 0.50 0.50 0.50 0.05 0.00 0.06 0.34 0.60 -1 1982
Result 0 0.0 2000 0.45 0.20 0.20 0.23 0.19 0.18 -1 -1 -1 -1 -1
Evo 1.00 0.00 0.50 0.50 0.50 0.50 0.50 0.03 0.00 0.01 0.50 0.69 -1 92
Result 0 0.0 902 0.46 0.19 0.20 0.19 0.20 0.21 -1 -1 -1 -1 -1
Evo 1.00 0.00 0.50 0.50 0.50 0.50 0.50 0.05 0.00 0.46 0.66 0.69 -1 264
Result 0 3.0 2000 0.47 0.19 0.20 0.20 0.21 0.20 -1 -1 -1 -1 -1
Evo 1.00 0.00 0.50 0.50 0.50 0.50 0.50 0.02 0.00 0.02 0.41 0.69 -1 1005
Result 0 3.0 1012 0.46 0.21 0.19 0.20 0.19 0.21 -1 -1 -1 -1 -1
Evo 1.00 0.00 0.50 0.50 0.50 0.50 0.50 0.04 0.00 0.02 0.47 0.69 -1 70
Result 0 3.0 875 0.46 0.22 0.20 0.18 0.19 0.20 -1 -1 -1 -1 -1
Evo 1.00 0.00 0.50 0.50 0.50 0.50 0.50 0.05 0.00 0.01 0.63 0.69 -1 764
Result 0 1.0 2000 0.46 0.21 0.20 0.18 0.20 0.21 -1 -1 -1 -1 -1
Evo 1.00 0.50 1.00 0.51 0.50 0.50 0.50 0.06 0.00 0.03 0.55 0.69 1668 160
Result 1 5.0 1694 0.46 0.20 0.19 0.22 0.19 0.20 -1 -1 -1 -1 -1
Evo 1.00 0.00 0.50 0.50 0.50 0.50 0.50 0.03 0.00 0.01 0.57 0.69 -1 144
Result 0 1.0 1612 0.47 0.21 0.19 0.20 0.21 0.19 -1 -1 -1 -1 -1
Evo 1.00 0.00 0.50 0.50 0.50 0.50 0.50 0.05 0.00 0.02 0.57 0.69 -1 1982
Result 0 0.0 2000 0.48 0.17 0.21 0.20 0.22 0.20 -1 -1 -1 -1 -1
Evo 1.00 0.00 0.50 0.49 0.50 0.50 0.50 0.07 0.00 0.04 0.53 0.69 -1 1130
Result 0 1.0 1275 0.47 0.20 0.20 0.20 0.21 0.20 -1 -1 -1 -1 -1
Evo 1.00 0.00 0.50 0.50 0.50 0.50 0.50 0.05 0.00 0.02 0.57 0.69 -1 53
Result 0 2.0 2000 0.47 0.20 0.20 0.21 0.21 0.19 -1 -1 -1 -1 -1
Evo 1.00 0.00 0.50 0.50 0.50 0.50 0.50 0.01 0.00 0.01 0.48 0.69 -1 99
Result 0 2.0 1497 0.47 0.21 0.20 0.19 0.21 0.19 -1 -1 -1 -1 -1
Evo 1.00 0.00 0.50 0.50 0.50 0.50 0.50 0.04 0.00 0.01 0.51 0.69 -1 119
Result 0 3.0 1124 0.47 0.19 0.20 0.21 0.20 0.20 -1 -1 -1 -1 -1
Evo 1.00 0.00 0.50 0.50 0.50 0.50 0.50 0.05 0.00 0.18 0.43 0.69 -1 79
Result 0 3.0 2000 0.46 0.20 0.21 0.19 0.19 0.21 -1 -1 -1 -1 -1
Evo 1.00 0.00 0.50 0.50 0.50 0.50 0.50 0.05 0.00 0.06 0.66 0.69 -1 47
Result 0 1.0 2000 0.48 0.21 0.20 0.20 0.21 0.18 -1 -1 -1 -1 -1
Evo 1.00 0.00 0.50 0.50 0.50 0.50 0.50 0.05 0.00 0.01 0.43 0.64 -1 89
Result 0 1.0 2000 0.47 0.19 0.20 0.20 0.21 0.20 -1 -1 -1 -1 -1
Evo 1.00 0.00 0.50 0.50 0.50 0.50 0.50 0.05 0.00 0.25 0.50 0.69 -1 359
Result 0 3.0 2000 0.46 0.20 0.22 0.18 0.20 0.20 -1 -1 -1 -1 -1
Evo 1.00 0.00 0.50 0.50 0.50 0.50 0.50 0.02 0.00 0.02 0.30 0.69 -1 391
Result 0 0.0 444 0.48 0.21 0.18 0.20 0.22 0.19 -1 -1 -1 -1 -1
Evo 1.00 0.00 0.50 0.50 0.50 0.50 0.50 0.03 0.00 0.02 0.56 0.63 -1 1216
Result 0 6.0 1806 0.45 0.20 0.20 0.20 0.18 0.21 -1 -1 -1 -1 -1
Evo 1.00 0.00 0.50 0.50 0.50 0.50 0.50 0.02 0.00 0.05 0.48 0.63 -1 1196
Result 0 3.0 1543 0.47 0.20 0.18 0.21 0.21 0.19 -1 -1 -1 -1 -1
Evo 1.00 0.00 0.50 0.49 0.50 0.50 0.50 0.06 0.00 0.08 0.27 0.63 -1 365
Result 0 1.0 398 0.46 0.20 0.21 0.18 0.19 0.22 -1 -1 -1 -1 -1
Evo 1.00 0.00 0.50 0.50 0.50 0.50 0.50 0.02 0.00 0.03 0.38 0.63 -1 1206
Result 0 0.0 1232 0.46 0.20 0.18 0.21 0.20 0.21 -1 -1 -1 -1 -1
Evo 1.00 0.00 0.50 0.49 0.50 0.50 0.50 0.05 0.00 0.01 0.37 0.63 -1 419
Result 0 3.0 2000 0.47 0.20 0.20 0.20 0.20 0.20 -1 -1 -1 -1 -1
Evo 1.00 0.00 0.50 0.50 0.50 0.50 0.50 0.02 0.00 0.02 0.32 0.63 -1 495
Result 0 1.0 534 0.43 0.21 0.19 0.20 0.17 0.23 -1 -1 -1 -1 -1
Evo 1.01 0.00 0.50 0.49 0.50 0.50 0.50 0.05 0.00 0.13 0.27 0.60 -1 353
Result 0 2.0 380 0.47 0.18 0.21 0.20 0.21 0.20 -1 -1 -1 -1 -1
Evo 1.01 0.00 0.50 0.49 0.50 0.50 0.50 0.06 0.00 0.04 0.45 0.63 -1 360
Result 0 6.0 660 0.48 0.20 0.21 0.20 0.21 0.18 -1 -1 -1 -1 -1
Evo 1.00 0.00 0.50 0.50 0.50 0.50 0.50 0.02 0.00 0.03 0.47 0.63 -1 339
Result 0 4.0 948 0.45 0.21 0.21 0.20 0.18 0.19 -1 -1 -1 -1 -1
Evo 1.01 0.00 0.50 0.49 0.50 0.50 0.50 0.05 0.00 0.04 0.46 0.63 -1 341
Result 0 2.0 817 0.45 0.19 0.20 0.22 0.18 0.20 -1 -1 -1 -1 -1
Evo 1.00 0.00 0.50 0.50 0.50 0.50 0.50 0.03 0.00 0.02 0.47 0.63 -1 1111
Result 0 4.0 1192 0.47 0.21 0.18 0.20 0.21 0.20 -1 -1 -1 -1 -1
Evo 1.00 0.00 0.50 0.50 0.50 0.50 0.50 0.03 0.00 0.02 0.52 0.63 -1 122
Result 0 3.0 825 0.46 0.21 0.19 0.20 0.19 0.21 -1 -1 -1 -1 -1
Evo 1.00 0.00 0.50 0.50 0.50 0.50 0.50 0.05 0.00 0.04 0.50 0.63 -1 1335
Result 0 2.0 2000 0.45 0.20 0.21 0.21 0.18 0.21 -1 -1 -1 -1 -1
Evo 1.01 0.00 0.50 0.49 0.50 0.50 0.50 0.05 0.00 0.07 0.40 0.63 -1 475
Result 0 0.0 700 0.45 0.21 0.21 0.21 0.18 0.20 -1 -1 -1 -1 -1
Evo 1.01 0.00 0.50 0.50 0.50 0.50 0.50 0.04 0.00 0.01 0.41 0.62 -1 583
Result 0 5.0 1239 0.47 0.20 0.19 0.22 0.20 0.19 -1 -1 -1 -1 -1
Evo 1.00 0.00 0.50 0.50 0.50 0.50 0.50 0.03 0.00 0.01 0.52 0.63 -1 1124
Result 0 5.0 1464 0.48 0.19 0.21 0.19 0.22 0.18 -1 -1 -1 -1 -1
Evo 1.00 0.00 0.50 0.50 0.50 0.50 0.50 0.05 0.00 0.06 0.20 0.43 -1 1982
Result 0 0.0 2000 0.45 0.20 0.20 0.22 0.19 0.20 -1 -1 -1 -1 -1
Evo 1.01 0.00 0.50 0.50 0.50 0.50 0.50 0.04 0.00 0.03 0.24 0.61 -1 277
Result 0 1.0 300 0.47 0.21 0.20 0.18 0.21 0.21 -1 -1 -1 -1 -1
Evo 1.01 0.00 0.50 0.49 0.50 0.50 0.50 0.08 0.00 0.03 0.45 0.63 -1 463
Result 0 2.0 916 0.46 0.20 0.18 0.21 0.20 0.21 -1 -1 -1 -1 -1
Evo 1.01 0.00 0.50 0.50 0.50 0.50 0.50 0.03 0.00 0.04 0.33 0.63 -1 360
Result 0 2.0 391 0.43 0.22 0.20 0.18 0.17 0.23 -1 -1 -1 -1 -1
