Evo 1.01 0.00 1.00 0.21 0.00 0.00 0.00 0.40 0.05 0.09 0.06 0.07 53 53
Result 1 1.0 71 0.46 0.19 0.19 0.18 0.25 0.18 -1 -1 -1 -1 -1
Evo 1.01 0.00 1.00 0.52 0.50 0.50 0.50 0.23 0.03 0.14 0.05 0.07 53 53
Result 1 1.0 71 0.47 0.21 0.31 0.14 0.21 0.14 -1 -1 -1 -1 -1
Evo 1.03 0.00 1.00 0.56 0.50 0.50 0.50 0.23 0.03 0.09 0.04 0.07 53 53
Result 1 1.0 71 0.50 0.25 0.28 0.13 0.22 0.13 -1 -1 -1 -1 -1
Evo 1.01 0.20 1.00 0.58 0.50 0.50 0.50 0.21 0.02 0.19 0.03 0.07 53 53
Result 1 1.0 71 0.52 0.29 0.24 0.14 0.19 0.14 -1 -1 -1 -1 -1
Evo 1.01 0.00 1.00 0.42 0.50 0.50 0.50 0.23 0.03 0.23 0.03 0.07 53 53
Result 1 1.0 71 0.43 0.17 0.25 0.17 0.17 0.25 -1 -1 -1 -1 -1
Evo 1.01 0.00 1.00 0.58 0.50 0.50 0.50 0.22 0.03 0.19 0.05 0.07 54 53
Result 1 1.0 71 0.48 0.22 0.15 0.21 0.18 0.24 -1 -1 -1 -1 -1
Evo 1.01 0.00 1.00 0.55 0.50 0.50 0.50 0.24 0.03 0.14 0.05 0.07 53 53
Result 1 1.0 71 0.45 0.18 0.22 0.22 0.19 0.18 -1 -1 -1 -1 -1
Evo 1.01 0.00 1.00 0.49 0.50 0.50 0.50 0.23 0.03 0.14 0.04 0.07 53 53
Result 1 1.0 71 0.46 0.19 0.21 0.21 0.22 0.17 -1 -1 -1 -1 -1
Evo 1.01 0.00 1.00 0.58 0.50 0.50 0.50 0.23 0.03 0.09 0.04 0.07 55 53
Result 1 1.0 71 0.46 0.19 0.18 0.24 0.24 0.15 -1 -1 -1 -1 -1
Evo 1.03 0.00 1.00 0.56 0.50 0.50 0.50 0.24 0.03 0.09 0.04 0.07 53 53
Result 1 1.0 71 0.45 0.18 0.25 0.17 0.18 0.22 -1 -1 -1 -1 -1
Evo 1.01 0.00 0.60 0.39 0.40 0.50 0.50 0.20 0.02 0.14 0.05 0.07 53 53
Result 0 0.0 71 0.41 0.15 0.19 0.22 0.18 0.25 -1 -1 -1 -1 -1
Evo 1.01 0.00 1.00 0.58 0.50 0.50 0.50 0.22 0.03 0.14 0.05 0.07 54 53
Result 1 1.0 71 0.40 0.14 0.21 0.25 0.21 0.19 -1 -1 -1 -1 -1
Evo 1.01 0.00 1.00 0.57 0.50 0.50 0.50 0.23 0.03 0.19 0.05 0.07 53 53
Result 1 1.0 71 0.45 0.18 0.17 0.24 0.24 0.18 -1 -1 -1 -1 -1
Evo 1.01 0.20 1.00 0.59 0.50 0.50 0.50 0.21 0.02 0.14 0.04 0.07 53 53
Result 1 1.0 71 0.48 0.22 0.18 0.15 0.22 0.22 -1 -1 -1 -1 -1
Evo 1.01 0.20 1.00 0.58 0.50 0.50 0.50 0.22 0.03 0.19 0.03 0.07 53 53
Result 1 1.0 71 0.48 0.22 0.21 0.17 0.24 0.17 -1 -1 -1 -1 -1
Evo 1.01 0.00 1.00 0.57 0.50 0.50 0.50 0.22 0.03 0.19 0.05 0.07 53 53
Result 1 1.0 71 0.47 0.21 0.31 0.15 0.17 0.17 -1 -1 -1 -1 -1
Evo 1.01 0.00 1.00 0.55 0.50 0.50 0.50 0.23 0.03 0.14 0.04 0.07 53 53
Result 1 1.0 71 0.52 0.31 0.21 0.21 0.14 0.14 -1 -1 -1 -1 -1
Evo 1.03 0.00 1.00 0.55 0.50 0.50 0.50 0.23 0.03 0.19 0.04 0.07 53 53
Result 1 1.0 71 0.47 0.21 0.24 0.21 0.17 0.18 -1 -1 -1 -1 -1
Evo 1.01 0.00 0.50 0.38 0.20 0.50 0.50 0.21 0.02 0.23 0.05 0.07 53 53
Result 0 0.0 71 0.51 0.28 0.14 0.24 0.15 0.19 -1 -1 -1 -1 -1
Evo 1.01 0.00 1.00 0.58 0.50 0.50 0.50 0.23 0.03 0.09 0.06 0.07 53 53
Result 1 1.0 71 0.43 0.17 0.25 0.24 0.14 0.21 -1 -1 -1 -1 -1
Evo 1.01 0.00 1.00 0.56 0.50 0.50 0.50 0.20 0.02 0.07 0.05 0.07 79 79
Result 1 1.0 97 0.48 0.21 0.22 0.14 0.20 0.21 -1 -1 -1 -1 -1
Evo 1.01 0.20 1.00 0.56 0.50 0.50 0.50 0.19 0.02 0.07 0.05 0.07 79 79
Result 1 1.0 97 0.45 0.18 0.18 0.19 0.24 0.19 -1 -1 -1 -1 -1
Evo 1.01 0.00 1.00 0.54 0.50 0.50 0.50 0.19 0.02 0.15 0.04 0.07 79 79
Result 1 1.0 97 0.45 0.18 0.19 0.28 0.17 0.17 -1 -1 -1 -1 -1
Evo 1.01 0.20 1.00 0.56 0.50 0.50 0.50 0.19 0.02 0.15 0.05 0.07 79 79
Result 1 1.0 97 0.40 0.14 0.19 0.26 0.20 0.20 -1 -1 -1 -1 -1
Evo 1.01 0.00 1.00 0.47 0.50 0.50 0.50 0.21 0.02 0.15 0.07 0.07 79 79
Result 1 1.0 97 0.43 0.16 0.20 0.19 0.17 0.27 -1 -1 -1 -1 -1
Evo 1.01 0.00 1.00 0.56 0.50 0.50 0.50 0.19 0.02 0.11 0.05 0.07 79 79
Result 1 1.0 97 0.46 0.19 0.19 0.20 0.19 0.21 -1 -1 -1 -1 -1
Evo 1.01 0.20 1.00 0.56 0.50 0.50 0.50 0.18 0.02 0.11 0.05 0.07 79 79
Result 1 1.0 97 0.46 0.19 0.17 0.28 0.17 0.18 -1 -1 -1 -1 -1
Evo 1.01 0.00 1.00 0.53 0.50 0.50 0.50 0.21 0.02 0.11 0.06 0.07 80 79
Result 1 1.0 97 0.39 0.13 0.21 0.21 0.19 0.24 -1 -1 -1 -1 -1
Evo 1.01 0.00 1.00 0.53 0.50 0.50 0.50 0.21 0.02 0.11 0.05 0.07 79 79
Result 1 1.0 97 0.51 0.27 0.20 0.17 0.21 0.14 -1 -1 -1 -1 -1
Evo 1.02 0.00 1.00 0.55 0.50 0.50 0.50 0.20 0.02 0.11 0.04 0.07 79 79
Result 1 1.0 97 0.48 0.21 0.20 0.23 0.20 0.14 -1 -1 -1 -1 -1
Evo 1.02 0.00 1.00 0.54 0.50 0.50 0.50 0.21 0.02 0.15 0.05 0.07 79 79
Result 1 1.0 97 0.46 0.19 0.27 0.14 0.13 0.27 -1 -1 -1 -1 -1
Evo 1.01 0.00 1.00 0.55 0.50 0.50 0.50 0.20 0.02 0.07 0.06 0.07 81 79
Result 1 1.0 97 0.35 0.11 0.16 0.27 0.19 0.27 -1 -1 -1 -1 -1
Evo 1.01 0.20 1.00 0.56 0.50 0.50 0.50 0.19 0.02 0.22 0.04 0.07 79 79
Result 1 1.0 97 0.39 0.13 0.29 0.23 0.19 0.15 -1 -1 -1 -1 -1
Evo 1.02 0.00 1.00 0.51 0.50 0.50 0.50 0.21 0.02 0.07 0.07 0.07 79 79
Result 1 1.0 97 0.47 0.20 0.22 0.17 0.21 0.18 -1 -1 -1 -1 -1
Evo 1.01 0.20 1.00 0.57 0.50 0.50 0.50 0.18 0.02 0.07 0.05 0.07 79 79
Result 1 1.0 97 0.40 0.14 0.20 0.23 0.20 0.21 -1 -1 -1 -1 -1
Evo 1.02 0.00 1.00 0.55 0.50 0.50 0.50 0.19 0.02 0.07 0.03 0.07 79 79
Result 1 1.0 97 0.46 0.19 0.31 0.18 0.18 0.13 -1 -1 -1 -1 -1
Evo 1.01 0.00 1.00 0.54 0.50 0.50 0.50 0.20 0.02 0.19 0.06 0.07 79 79
Result 1 1.0 97 0.41 0.15 0.24 0.21 0.17 0.21 -1 -1 -1 -1 -1
Evo 1.01 0.00 1.00 0.56 0.50 0.50 0.50 0.19 0.02 0.07 0.04 0.07 79 79
Result 1 1.0 97 0.50 0.24 0.14 0.22 0.18 0.20 -1 -1 -1 -1 -1
Evo 1.02 0.00 1.00 0.55 0.50 0.50 0.50 0.20 0.02 0.07 0.07 0.07 79 79
Result 1 1.0 97 0.45 0.18 0.23 0.19 0.20 0.18 -1 -1 -1 -1 -1
Evo 1.01 0.00 1.00 0.55 0.50 0.50 0.50 0.20 0.02 0.19 0.06 0.07 79 79
Result 1 1.0 97 0.45 0.18 0.28 0.16 0.19 0.18 -1 -1 -1 -1 -1
Evo 1.01 0.00 1.00 0.49 0.50 0.50 0.50 0.17 0.02 0.09 0.07 0.07 112 112
Result 1 1.0 130 0.40 0.15 0.21 0.22 0.22 0.20 -1 -1 -1 -1 -1
Evo 1.02 0.00 1.00 0.51 0.50 0.50 0.50 0.18 0.02 0.05 0.05 0.07 112 112
Result 1 1.0 130 0.47 0.21 0.15 0.21 0.17 0.26 -1 -1 -1 -1 -1
Evo 1.01 0.00 1.00 0.53 0.50 0.50 0.50 0.17 0.01 0.12 0.07 0.07 112 112
Result 1 1.0 130 0.41 0.15 0.23 0.17 0.24 0.21 -1 -1 -1 -1 -1
Evo 1.01 0.00 1.00 0.51 0.50 0.50 0.50 0.18 0.02 0.09 0.07 0.07 112 112
Result 1 1.0 130 0.39 0.14 0.16 0.25 0.18 0.27 -1 -1 -1 -1 -1
Evo 1.01 0.00 1.00 0.53 0.50 0.50 0.50 0.18 0.02 0.09 0.05 0.07 112 112
Result 1 1.0 130 0.39 0.14 0.22 0.18 0.20 0.26 -1 -1 -1 -1 -1
Evo 1.01 0.00 1.00 0.52 0.50 0.50 0.50 0.18 0.02 0.09 0.05 0.07 112 112
Result 1 1.0 130 0.51 0.27 0.22 0.18 0.15 0.18 -1 -1 -1 -1 -1
Evo 1.01 0.00 1.00 0.53 0.50 0.50 0.50 0.16 0.01 0.05 0.06 0.07 112 112
Result 1 1.0 130 0.43 0.17 0.21 0.20 0.21 0.22 -1 -1 -1 -1 -1
Evo 1.01 0.00 1.00 0.51 0.50 0.50 0.50 0.18 0.02 0.05 0.06 0.07 112 112
Result 1 1.0 130 0.44 0.18 0.19 0.18 0.28 0.18 -1 -1 -1 -1 -1
Evo 1.01 0.20 1.00 0.54 0.50 0.50 0.50 0.17 0.01 0.05 0.04 0.07 112 112
Result 1 1.0 130 0.43 0.17 0.16 0.24 0.26 0.18 -1 -1 -1 -1 -1
Evo 1.01 0.00 1.00 0.54 0.50 0.50 0.50 0.17 0.02 0.05 0.06 0.07 113 112
Result 1 1.0 130 0.44 0.18 0.22 0.16 0.21 0.24 -1 -1 -1 -1 -1
Evo 1.01 0.00 1.00 0.53 0.50 0.50 0.50 0.18 0.02 0.05 0.04 0.07 112 112
Result 1 1.0 130 0.45 0.18 0.23 0.17 0.24 0.18 -1 -1 -1 -1 -1
Evo 1.02 0.00 1.00 0.51 0.50 0.50 0.50 0.17 0.01 0.09 0.06 0.07 112 112
Result 1 1.0 130 0.41 0.15 0.27 0.22 0.14 0.22 -1 -1 -1 -1 -1
Evo 1.01 0.00 1.00 0.51 0.50 0.50 0.50 0.17 0.02 0.09 0.06 0.07 112 112
Result 1 1.0 130 0.51 0.26 0.17 0.19 0.18 0.20 -1 -1 -1 -1 -1
Evo 1.01 0.00 1.00 0.54 0.50 0.50 0.50 0.17 0.01 0.09 0.07 0.07 112 112
Result 1 1.0 130 0.41 0.15 0.22 0.21 0.18 0.24 -1 -1 -1 -1 -1
Evo 1.01 0.20 1.00 0.54 0.50 0.50 0.50 0.17 0.01 0.05 0.05 0.07 112 112
Result 1 1.0 130 0.47 0.21 0.15 0.15 0.26 0.24 -1 -1 -1 -1 -1
Evo 1.02 0.00 1.00 0.53 0.50 0.50 0.50 0.17 0.01 0.09 0.06 0.07 112 112
Result 1 1.0 130 0.41 0.15 0.17 0.26 0.18 0.24 -1 -1 -1 -1 -1
Evo 1.01 0.20 1.00 0.55 0.50 0.50 0.50 0.16 0.01 0.09 0.05 0.07 112 112
Result 1 1.0 130 0.48 0.21 0.15 0.20 0.21 0.23 -1 -1 -1 -1 -1
Evo 1.01 0.00 1.00 0.54 0.50 0.50 0.50 0.17 0.01 0.05 0.05 0.07 112 112
Result 1 1.0 130 0.47 0.21 0.24 0.18 0.19 0.18 -1 -1 -1 -1 -1
Evo 1.01 0.20 1.00 0.54 0.50 0.50 0.50 0.17 0.01 0.05 0.04 0.07 112 112
Result 1 1.0 130 0.49 0.23 0.18 0.20 0.15 0.24 -1 -1 -1 -1 -1
Evo 1.01 0.00 1.00 0.53 0.50 0.50 0.50 0.18 0.02 0.05 0.05 0.07 112 112
Result 1 1.0 130 0.39 0.14 0.25 0.19 0.24 0.18 -1 -1 -1 -1 -1
Evo 1.00 0.00 1.00 0.51 0.50 0.50 0.50 0.12 0.01 0.03 0.07 0.07 241 241
Result 1 1.0 259 0.48 0.22 0.17 0.20 0.21 0.21 -1 -1 -1 -1 -1
Evo 1.00 0.00 1.00 0.51 0.50 0.50 0.50 0.12 0.01 0.05 0.07 0.07 241 241
Result 1 1.0 259 0.45 0.19 0.23 0.22 0.17 0.19 -1 -1 -1 -1 -1
Evo 1.00 0.00 1.00 0.52 0.50 0.50 0.50 0.12 0.01 0.05 0.07 0.07 241 241
Result 1 1.0 259 0.42 0.16 0.18 0.23 0.21 0.22 -1 -1 -1 -1 -1
Evo 1.01 0.00 1.00 0.51 0.50 0.50 0.50 0.12 0.01 0.03 0.07 0.07 241 241
Result 1 1.0 259 0.42 0.16 0.23 0.20 0.17 0.24 -1 -1 -1 -1 -1
Evo 1.01 0.00 1.00 0.52 0.50 0.50 0.50 0.12 0.01 0.03 0.07 0.07 241 241
Result 1 1.0 259 0.49 0.23 0.17 0.22 0.18 0.20 -1 -1 -1 -1 -1
Evo 1.01 0.00 1.00 0.52 0.50 0.50 0.50 0.12 0.01 0.07 0.05 0.07 241 241
Result 1 1.0 259 0.46 0.19 0.24 0.20 0.20 0.17 -1 -1 -1 -1 -1
Evo 1.01 0.00 1.00 0.52 0.50 0.50 0.50 0.12 0.01 0.03 0.05 0.07 241 241
Result 1 1.0 259 0.47 0.20 0.22 0.27 0.15 0.15 -1 -1 -1 -1 -1
Evo 1.00 0.00 1.00 0.52 0.50 0.50 0.50 0.13 0.01 0.05 0.05 0.07 241 241
Result 1 1.0 259 0.46 0.20 0.22 0.18 0.19 0.21 -1 -1 -1 -1 -1
Evo 1.00 0.00 1.00 0.48 0.50 0.50 0.50 0.12 0.01 0.03 0.05 0.07 241 241
Result 1 1.0 259 0.48 0.22 0.23 0.18 0.17 0.20 -1 -1 -1 -1 -1
Evo 1.00 0.20 1.00 0.52 0.50 0.50 0.50 0.12 0.01 0.05 0.07 0.07 241 241
Result 1 1.0 259 0.42 0.16 0.22 0.22 0.23 0.18 -1 -1 -1 -1 -1
Evo 1.00 0.00 1.00 0.52 0.50 0.50 0.50 0.12 0.01 0.03 0.06 0.07 241 241
Result 1 1.0 259 0.50 0.26 0.20 0.20 0.15 0.20 -1 -1 -1 -1 -1
Evo 1.00 0.00 1.00 0.51 0.50 0.50 0.50 0.12 0.01 0.05 0.07 0.07 241 241
Result 1 1.0 259 0.48 0.22 0.19 0.21 0.18 0.19 -1 -1 -1 -1 -1
Evo 1.01 0.00 1.00 0.52 0.50 0.50 0.50 0.12 0.01 0.09 0.07 0.07 241 241
Result 1 1.0 259 0.40 0.14 0.17 0.25 0.21 0.23 -1 -1 -1 -1 -1
Evo 1.00 0.00 0.50 0.47 0.50 0.50 0.50 0.12 0.01 0.07 0.06 0.07 241 241
Result 0 0.0 259 0.42 0.16 0.22 0.20 0.19 0.23 -1 -1 -1 -1 -1
Evo 1.01 0.00 1.00 0.51 0.50 0.50 0.50 0.12 0.01 0.03 0.07 0.07 241 241
Result 1 1.0 259 0.49 0.23 0.20 0.23 0.21 0.13 -1 -1 -1 -1 -1
Evo 1.00 0.00 1.00 0.51 0.50 0.50 0.50 0.12 0.01 0.05 0.05 0.07 241 241
Result 1 1.0 259 0.46 0.20 0.20 0.21 0.22 0.17 -1 -1 -1 -1 -1
Evo 1.00 0.00 0.50 0.47 0.50 0.50 0.50 0.12 0.01 0.09 0.06 0.07 241 241
Result 0 0.0 259 0.46 0.20 0.18 0.14 0.24 0.24 -1 -1 -1 -1 -1
Evo 1.01 0.00 1.00 0.52 0.50 0.50 0.50 0.12 0.01 0.07 0.07 0.07 242 241
Result 1 1.0 259 0.45 0.19 0.23 0.18 0.21 0.19 -1 -1 -1 -1 -1
Evo 1.00 0.00 1.00 0.52 0.50 0.50 0.50 0.12 0.01 0.07 0.06 0.07 241 241
Result 1 1.0 259 0.47 0.20 0.20 0.23 0.19 0.18 -1 -1 -1 -1 -1
Evo 1.01 0.00 1.00 0.51 0.50 0.50 0.50 0.12 0.01 0.05 0.07 0.07 241 241
Result 1 1.0 259 0.44 0.17 0.18 0.20 0.22 0.23 -1 -1 -1 -1 -1
Evo 1.02 0.00 1.00 0.54 0.50 0.50 0.50 0.20 0.02 0.07 0.05 0.07 79 79
Result 1 1.0 97 0.48 0.21 0.15 0.23 0.24 0.15 -1 -1 -1 -1 -1
Evo 1.01 0.20 1.00 0.56 0.50 0.50 0.50 0.19 0.02 0.07 0.05 0.07 79 79
Result 1 1.0 97 0.50 0.24 0.16 0.21 0.18 0.19 -1 -1 -1 -1 -1
Evo 1.01 0.00 1.00 0.54 0.50 0.50 0.50 0.19 0.02 0.15 0.05 0.07 79 79
Result 1 1.0 97 0.48 0.21 0.17 0.17 0.24 0.19 -1 -1 -1 -1 -1
Evo 1.01 0.00 1.00 0.55 0.50 0.50 0.50 0.20 0.02 0.19 0.05 0.07 79 79
Result 1 1.0 97 0.50 0.24 0.23 0.19 0.14 0.18 -1 -1 -1 -1 -1
Evo 1.01 0.00 1.00 0.48 0.50 0.50 0.50 0.20 0.02 0.22 0.04 0.07 79 79
Result 1 1.0 97 0.51 0.27 0.27 0.20 0.12 0.14 -1 -1 -1 -1 -1
Evo 1.01 0.00 1.00 0.56 0.50 0.50 0.50 0.18 0.02 0.11 0.05 0.07 79 79
Result 1 1.0 97 0.49 0.23 0.14 0.15 0.22 0.24 -1 -1 -1 -1 -1
Evo 1.02 0.00 1.00 0.54 0.50 0.50 0.50 0.20 0.02 0.07 0.04 0.07 79 79
Result 1 1.0 97 0.50 0.24 0.21 0.14 0.19 0.20 -1 -1 -1 -1 -1
Evo 1.01 0.00 1.00 0.55 0.50 0.50 0.50 0.19 0.02 0.07 0.05 0.07 79 79
Result 1 1.0 97 0.49 0.23 0.16 0.23 0.16 0.20 -1 -1 -1 -1 -1
Evo 1.02 0.00 1.00 0.55 0.50 0.50 0.50 0.20 0.02 0.07 0.05 0.07 79 79
Result 1 1.0 97 0.50 0.26 0.20 0.17 0.19 0.17 -1 -1 -1 -1 -1
Evo 1.01 0.20 1.00 0.56 0.50 0.50 0.50 0.19 0.02 0.15 0.04 0.07 79 79
Result 1 1.0 97 0.48 0.22 0.21 0.18 0.20 0.17 -1 -1 -1 -1 -1
Evo 1.01 0.00 1.00 0.54 0.50 0.50 0.50 0.19 0.02 0.11 0.04 0.07 79 79
Result 1 1.0 97 0.46 0.19 0.26 0.20 0.13 0.21 -1 -1 -1 -1 -1
Evo 1.01 0.00 1.00 0.55 0.50 0.50 0.50 0.20 0.02 0.07 0.06 0.07 79 79
Result 1 1.0 97 0.41 0.15 0.12 0.26 0.22 0.24 -1 -1 -1 -1 -1
Evo 1.01 0.20 1.00 0.56 0.50 0.50 0.50 0.19 0.02 0.07 0.04 0.07 79 79
Result 1 1.0 97 0.48 0.22 0.17 0.17 0.18 0.24 -1 -1 -1 -1 -1
Evo 1.01 0.40 1.00 0.57 0.50 0.50 0.50 0.18 0.02 0.19 0.06 0.07 79 79
Result 1 1.0 97 0.44 0.17 0.19 0.16 0.26 0.21 -1 -1 -1 -1 -1
Evo 1.02 0.00 1.00 0.54 0.50 0.50 0.50 0.20 0.02 0.07 0.04 0.07 79 79
Result 1 1.0 97 0.46 0.19 0.16 0.16 0.23 0.24 -1 -1 -1 -1 -1
Evo 1.02 0.00 1.00 0.54 0.50 0.50 0.50 0.20 0.02 0.07 0.04 0.07 79 79
Result 1 1.0 97 0.43 0.16 0.18 0.22 0.22 0.20 -1 -1 -1 -1 -1
Evo 1.01 0.00 1.00 0.54 0.50 0.50 0.50 0.21 0.02 0.07 0.04 0.07 82 79
Result 1 1.0 97 0.50 0.26 0.19 0.21 0.17 0.16 -1 -1 -1 -1 -1
Evo 1.01 0.00 1.00 0.55 0.50 0.50 0.50 0.20 0.02 0.19 0.03 0.07 79 79
Result 1 1.0 97 0.46 0.19 0.12 0.19 0.23 0.26 -1 -1 -1 -1 -1
Evo 1.01 0.20 1.00 0.56 0.50 0.50 0.50 0.19 0.02 0.11 0.05 0.07 79 79
Result 1 1.0 97 0.48 0.21 0.22 0.16 0.21 0.18 -1 -1 -1 -1 -1
Evo 1.02 0.00 1.00 0.52 0.50 0.50 0.50 0.20 0.02 0.07 0.05 0.07 79 79
Result 1 1.0 97 0.50 0.26 0.15 0.16 0.18 0.24 -1 -1 -1 -1 -1
