Evo 1.04 0.00 1.00 0.93 1.00 1.00 1.00 0.19 0.00 0.01 0.36 0.72 1882 61
Result 1 1.0 1900 0.43 0.23 0.16 0.20 0.19 0.21 -1 -1 -1 -1 -1
Evo 1.04 0.00 1.00 0.49 0.50 0.50 0.50 0.07 0.00 0.02 0.29 0.59 1882 45
Result 1 1.0 1900 0.39 0.23 0.13 0.20 0.23 0.21 -1 -1 -1 -1 -1
Evo 1.04 0.00 1.00 0.49 0.50 0.50 0.50 0.07 0.00 0.01 0.22 0.56 1882 31
Result 1 1.0 1900 0.39 0.22 0.13 0.20 0.23 0.22 -1 -1 -1 -1 -1
Evo 1.04 0.00 1.00 0.49 0.50 0.50 0.50 0.07 0.00 0.01 0.24 0.53 1882 61
Result 1 1.0 1900 0.39 0.24 0.13 0.19 0.24 0.20 -1 -1 -1 -1 -1
Evo 1.04 0.20 1.00 0.49 0.50 0.50 0.50 0.06 0.00 0.02 0.25 0.58 1882 97
Result 1 1.0 1900 0.40 0.22 0.14 0.20 0.23 0.20 -1 -1 -1 -1 -1
Evo 1.05 0.00 1.00 0.49 0.50 0.50 0.50 0.07 0.00 0.01 0.25 0.59 1882 25
Result 1 1.0 1900 0.39 0.22 0.13 0.21 0.21 0.22 -1 -1 -1 -1 -1
Evo 1.05 0.00 1.00 0.48 0.50 0.50 0.50 0.09 0.00 0.02 0.29 0.59 1882 73
Result 1 1.0 1900 0.40 0.25 0.14 0.19 0.23 0.20 -1 -1 -1 -1 -1
Evo 1.06 0.00 1.00 0.48 0.50 0.50 0.50 0.08 0.00 0.01 0.43 0.74 1882 32
Result 1 20.0 1900 0.43 0.25 0.16 0.20 0.18 0.21 -1 -1 -1 -1 -1
Evo 1.05 0.10 1.00 0.49 0.50 0.50 0.50 0.07 0.00 0.01 0.20 0.55 1882 37
Result 1 1.0 1900 0.40 0.24 0.14 0.19 0.22 0.20 -1 -1 -1 -1 -1
Evo 1.04 0.00 1.00 0.49 0.50 0.50 0.50 0.07 0.00 0.01 0.30 0.67 1882 28
Result 1 1.0 1900 0.39 0.25 0.13 0.19 0.22 0.21 -1 -1 -1 -1 -1
Evo 1.05 0.00 1.00 0.49 0.50 0.50 0.50 0.07 0.00 0.01 0.32 0.66 1882 28
Result 1 10.0 1900 0.40 0.24 0.14 0.19 0.22 0.21 -1 -1 -1 -1 -1
Evo 1.05 0.00 1.00 0.48 0.50 0.50 0.50 0.08 0.00 0.01 0.41 0.66 1882 49
Result 1 10.0 1900 0.40 0.24 0.14 0.22 0.20 0.21 -1 -1 -1 -1 -1
Evo 1.05 0.00 1.00 0.49 0.50 0.50 0.50 0.07 0.00 0.01 0.39 0.70 1882 33
Result 1 10.0 1900 0.40 0.24 0.14 0.21 0.22 0.20 -1 -1 -1 -1 -1
Evo 1.04 0.20 1.00 0.49 0.50 0.50 0.50 0.06 0.00 0.01 0.33 0.64 1882 67
Result 1 10.0 1900 0.40 0.23 0.14 0.20 0.23 0.19 -1 -1 -1 -1 -1
Evo 1.05 0.00 1.00 0.48 0.50 0.50 0.50 0.08 0.00 0.02 0.25 0.62 1882 51
Result 1 1.0 1900 0.42 0.23 0.16 0.18 0.22 0.22 -1 -1 -1 -1 -1
Evo 1.04 0.00 1.00 0.49 0.50 0.50 0.50 0.07 0.00 0.03 0.25 0.56 1882 31
Result 1 1.0 1900 0.37 0.23 0.12 0.20 0.24 0.21 -1 -1 -1 -1 -1
Evo 1.03 0.20 1.00 0.49 0.50 0.50 0.50 0.06 0.00 0.01 0.19 0.51 1882 30
Result 1 1.0 1900 0.40 0.22 0.15 0.19 0.23 0.21 -1 -1 -1 -1 -1
Evo 1.05 0.10 1.00 0.49 0.50 0.50 0.50 0.07 0.00 0.01 0.26 0.60 1882 57
Result 1 1.0 1900 0.39 0.23 0.13 0.20 0.23 0.21 -1 -1 -1 -1 -1
Evo 1.04 0.10 1.00 0.49 0.50 0.50 0.50 0.07 0.00 0.01 0.33 0.66 1882 57
Result 1 1.0 1900 0.39 0.23 0.14 0.20 0.24 0.20 -1 -1 -1 -1 -1
Evo 1.04 0.10 1.00 0.49 0.50 0.50 0.50 0.07 0.00 0.04 0.32 0.69 1882 25
Result 1 10.0 1900 0.40 0.22 0.15 0.21 0.21 0.21 -1 -1 -1 -1 -1
Evo 1.03 0.00 1.00 0.49 0.50 0.50 0.50 0.07 0.00 0.01 0.27 0.56 1882 79
Result 1 1.0 1900 0.38 0.23 0.13 0.19 0.24 0.20 -1 -1 -1 -1 -1
Evo 1.04 0.00 1.00 0.49 0.50 0.50 0.50 0.07 0.00 0.02 0.23 0.56 1882 28
Result 1 1.0 1900 0.41 0.23 0.15 0.18 0.23 0.21 -1 -1 -1 -1 -1
Evo 1.04 0.00 1.00 0.48 0.50 0.50 0.50 0.08 0.00 0.03 0.35 0.66 1882 49
Result 1 1.0 1900 0.38 0.24 0.13 0.20 0.22 0.21 -1 -1 -1 -1 -1
Evo 1.04 0.20 1.00 0.49 0.50 0.50 0.50 0.06 0.00 0.02 0.22 0.53 1882 89
Result 1 1.0 1900 0.38 0.25 0.13 0.20 0.22 0.21 -1 -1 -1 -1 -1
Evo 1.05 0.00 1.00 0.48 0.50 0.50 0.50 0.08 0.00 0.01 0.38 0.69 1882 71
Result 1 1.0 1900 0.43 0.23 0.17 0.20 0.20 0.20 -1 -1 -1 -1 -1
Evo 1.04 0.20 1.00 0.49 0.50 0.50 0.50 0.07 0.00 0.12 0.33 0.67 1882 47
Result 1 10.0 1900 0.41 0.23 0.15 0.19 0.22 0.21 -1 -1 -1 -1 -1
Evo 1.04 0.20 1.00 0.49 0.50 0.50 0.50 0.07 0.00 0.02 0.32 0.64 1882 78
Result 1 1.0 1900 0.38 0.24 0.13 0.20 0.21 0.21 -1 -1 -1 -1 -1
Evo 1.05 0.10 1.00 0.48 0.50 0.50 0.50 0.07 0.00 0.13 0.37 0.69 1882 50
Result 1 10.0 1900 0.43 0.24 0.16 0.20 0.18 0.21 -1 -1 -1 -1 -1
Evo 1.04 0.10 1.00 0.49 0.50 0.50 0.50 0.07 0.00 0.01 0.31 0.65 1882 21
Result 1 1.0 1900 0.39 0.23 0.14 0.20 0.22 0.21 -1 -1 -1 -1 -1
Evo 1.04 0.00 1.00 0.49 0.50 0.50 0.50 0.07 0.00 0.01 0.25 0.52 1882 54
Result 1 1.0 1900 0.39 0.24 0.13 0.20 0.22 0.21 -1 -1 -1 -1 -1
Evo 1.04 0.10 1.00 0.49 0.50 0.50 0.50 0.07 0.00 0.02 0.21 0.51 1882 40
Result 1 1.0 1900 0.38 0.24 0.13 0.19 0.24 0.22 -1 -1 -1 -1 -1
Evo 1.04 0.00 1.00 0.49 0.50 0.50 0.50 0.07 0.00 0.04 0.25 0.53 1882 74
Result 1 1.0 1900 0.41 0.23 0.15 0.19 0.23 0.20 -1 -1 -1 -1 -1
Evo 1.04 0.20 1.00 0.49 0.50 0.50 0.50 0.07 0.00 0.03 0.17 0.48 1882 36
Result 1 1.0 1900 0.39 0.22 0.13 0.19 0.24 0.21 -1 -1 -1 -1 -1
Evo 1.05 0.10 1.00 0.49 0.50 0.50 0.50 0.07 0.00 0.01 0.22 0.50 1882 80
Result 1 1.0 1900 0.40 0.25 0.14 0.18 0.22 0.20 -1 -1 -1 -1 -1
Evo 1.04 0.00 1.00 0.49 0.50 0.50 0.50 0.07 0.00 0.01 0.25 0.56 1882 58
Result 1 1.0 1900 0.40 0.23 0.14 0.19 0.22 0.21 -1 -1 -1 -1 -1
Evo 1.04 0.10 1.00 0.49 0.50 0.50 0.50 0.07 0.00 0.01 0.25 0.58 1882 79
Result 1 1.0 1900 0.38 0.23 0.13 0.21 0.21 0.22 -1 -1 -1 -1 -1
Evo 1.04 0.00 1.00 0.49 0.50 0.50 0.50 0.07 0.00 0.02 0.29 0.60 1882 31
Result 1 1.0 1900 0.37 0.24 0.12 0.20 0.22 0.22 -1 -1 -1 -1 -1
Evo 1.04 0.00 1.00 0.48 0.50 0.50 0.50 0.07 0.00 0.02 0.28 0.64 1882 56
Result 1 1.0 1900 0.39 0.24 0.13 0.19 0.22 0.22 -1 -1 -1 -1 -1
Evo 1.05 0.20 1.00 0.49 0.50 0.50 0.50 0.07 0.00 0.01 0.17 0.37 1882 88
Result 1 1.0 1900 0.39 0.23 0.13 0.19 0.23 0.21 -1 -1 -1 -1 -1
Evo 1.04 0.10 1.00 0.49 0.50 0.50 0.50 0.07 0.00 0.01 0.18 0.48 1882 34
Result 1 1.0 1900 0.38 0.23 0.13 0.20 0.22 0.21 -1 -1 -1 -1 -1
Evo 1.05 0.00 1.00 0.47 0.50 0.50 0.50 0.08 0.00 0.19 0.38 0.72 1882 35
Result 1 10.0 1900 0.45 0.23 0.18 0.19 0.18 0.22 -1 -1 -1 -1 -1
Evo 1.04 0.00 1.00 0.48 0.50 0.50 0.50 0.07 0.00 0.01 0.34 0.68 1882 86
Result 1 10.0 1900 0.42 0.22 0.16 0.19 0.22 0.21 -1 -1 -1 -1 -1
Evo 1.05 0.00 1.00 0.48 0.50 0.50 0.50 0.08 0.00 0.04 0.30 0.65 1882 60
Result 1 10.0 1900 0.43 0.22 0.17 0.19 0.20 0.21 -1 -1 -1 -1 -1
Evo 1.05 0.00 1.00 0.48 0.50 0.50 0.50 0.08 0.00 0.12 0.40 0.70 1882 26
Result 1 10.0 1900 0.42 0.25 0.16 0.19 0.20 0.20 -1 -1 -1 -1 -1
Evo 1.05 0.10 1.00 0.48 0.50 0.50 0.50 0.08 0.00 0.01 0.25 0.59 1882 48
Result 1 1.0 1900 0.39 0.22 0.13 0.21 0.20 0.23 -1 -1 -1 -1 -1
Evo 1.06 0.10 1.00 0.48 0.50 0.50 0.50 0.08 0.00 0.04 0.46 0.73 1882 52
Result 1 20.0 1900 0.45 0.23 0.19 0.20 0.18 0.21 -1 -1 -1 -1 -1
Evo 1.04 0.10 1.00 0.48 0.50 0.50 0.50 0.08 0.00 0.01 0.34 0.72 1882 80
Result 1 20.0 1900 0.38 0.23 0.13 0.22 0.22 0.21 -1 -1 -1 -1 -1
Evo 1.05 0.00 1.00 0.48 0.50 0.50 0.50 0.08 0.00 0.01 0.23 0.56 1882 72
Result 1 10.0 1900 0.37 0.23 0.12 0.22 0.22 0.20 -1 -1 -1 -1 -1
Evo 1.06 0.00 1.00 0.48 0.50 0.50 0.50 0.08 0.00 0.01 0.45 0.74 1882 65
Result 1 10.0 1900 0.41 0.23 0.15 0.20 0.20 0.21 -1 -1 -1 -1 -1
Evo 1.05 0.10 1.00 0.48 0.50 0.50 0.50 0.07 0.00 0.13 0.42 0.69 1882 29
Result 1 10.0 1900 0.44 0.23 0.17 0.20 0.19 0.21 -1 -1 -1 -1 -1
Evo 1.05 0.00 1.00 0.47 0.50 0.50 0.50 0.08 0.00 0.01 0.41 0.72 1882 36
Result 1 10.0 1900 0.43 0.22 0.17 0.20 0.21 0.20 -1 -1 -1 -1 -1
Evo 1.04 0.00 1.00 0.48 0.50 0.50 0.50 0.08 0.00 0.01 0.40 0.71 1882 77
Result 1 10.0 1900 0.42 0.22 0.15 0.20 0.21 0.22 -1 -1 -1 -1 -1
Evo 1.04 0.10 1.00 0.48 0.50 0.50 0.50 0.07 0.00 0.03 0.29 0.61 1882 82
Result 1 10.0 1900 0.42 0.23 0.16 0.20 0.21 0.20 -1 -1 -1 -1 -1
Evo 1.06 0.00 1.00 0.48 0.50 0.50 0.50 0.08 0.00 0.01 0.50 0.71 1882 36
Result 1 10.0 1900 0.44 0.22 0.18 0.21 0.18 0.21 -1 -1 -1 -1 -1
Evo 1.05 0.20 1.00 0.48 0.50 0.50 0.50 0.08 0.00 0.05 0.18 0.50 1882 76
Result 1 1.0 1900 0.39 0.23 0.13 0.19 0.23 0.21 -1 -1 -1 -1 -1
Evo 1.04 0.00 1.00 0.48 0.50 0.50 0.50 0.08 0.00 0.01 0.19 0.55 1882 33
Result 1 1.0 1900 0.39 0.23 0.13 0.21 0.23 0.20 -1 -1 -1 -1 -1
Evo 1.06 0.10 1.00 0.47 0.50 0.50 0.50 0.08 0.00 0.09 0.41 0.71 1882 34
Result 1 10.0 1900 0.44 0.23 0.17 0.19 0.19 0.21 -1 -1 -1 -1 -1
Evo 1.05 0.10 1.00 0.48 0.50 0.50 0.50 0.08 0.00 0.01 0.35 0.71 1882 24
Result 1 10.0 1900 0.40 0.24 0.14 0.21 0.21 0.20 -1 -1 -1 -1 -1
Evo 1.05 0.00 1.00 0.48 0.50 0.50 0.50 0.08 0.00 0.05 0.34 0.66 1882 36
Result 1 10.0 1900 0.42 0.23 0.15 0.20 0.21 0.21 -1 -1 -1 -1 -1
Evo 1.04 0.00 1.00 0.48 0.50 0.50 0.50 0.08 0.00 0.07 0.33 0.67 1882 34
Result 1 1.0 1900 0.40 0.23 0.14 0.19 0.22 0.21 -1 -1 -1 -1 -1
Evo 1.04 0.00 1.00 0.48 0.50 0.50 0.50 0.08 0.00 0.06 0.27 0.64 1882 61
Result 1 1.0 1900 0.39 0.24 0.14 0.20 0.21 0.21 -1 -1 -1 -1 -1
Evo 1.05 0.00 1.00 0.48 0.50 0.50 0.50 0.08 0.00 0.03 0.18 0.52 1882 23
Result 1 1.0 1900 0.38 0.23 0.13 0.19 0.24 0.22 -1 -1 -1 -1 -1
Evo 1.05 0.00 1.00 0.47 0.50 0.50 0.50 0.08 0.00 0.01 0.32 0.63 1882 36
Result 1 1.0 1900 0.41 0.24 0.15 0.19 0.22 0.20 -1 -1 -1 -1 -1
Evo 1.04 0.20 1.00 0.48 0.50 0.50 0.50 0.08 0.00 0.01 0.31 0.63 1882 39
Result 1 10.0 1900 0.44 0.23 0.18 0.20 0.17 0.22 -1 -1 -1 -1 -1
Evo 1.05 0.00 1.00 0.48 0.50 0.50 0.50 0.08 0.00 0.01 0.22 0.46 1882 34
Result 1 1.0 1900 0.41 0.20 0.15 0.21 0.22 0.22 -1 -1 -1 -1 -1
Evo 1.05 0.00 1.00 0.48 0.50 0.50 0.50 0.08 0.00 0.05 0.40 0.63 1882 27
Result 1 10.0 1900 0.41 0.23 0.15 0.20 0.22 0.21 -1 -1 -1 -1 -1
Evo 1.04 0.10 1.00 0.48 0.50 0.50 0.50 0.08 0.00 0.01 0.31 0.66 1882 49
Result 1 10.0 1900 0.41 0.23 0.15 0.21 0.21 0.21 -1 -1 -1 -1 -1
Evo 1.04 0.10 1.00 0.48 0.50 0.50 0.50 0.08 0.00 0.06 0.33 0.71 1882 46
Result 1 10.0 1900 0.40 0.23 0.14 0.20 0.21 0.21 -1 -1 -1 -1 -1
Evo 1.06 0.00 1.00 0.48 0.50 0.50 0.50 0.09 0.00 0.06 0.31 0.60 1882 58
Result 1 1.0 1900 0.47 0.24 0.20 0.18 0.16 0.21 -1 -1 -1 -1 -1
Evo 1.05 0.00 1.00 0.48 0.50 0.50 0.50 0.08 0.00 0.01 0.39 0.67 1882 40
Result 1 10.0 1900 0.46 0.24 0.20 0.20 0.15 0.20 -1 -1 -1 -1 -1
Evo 1.05 0.00 1.00 0.48 0.50 0.50 0.50 0.08 0.00 0.03 0.17 0.38 1882 30
Result 1 1.0 1900 0.39 0.25 0.14 0.18 0.23 0.20 -1 -1 -1 -1 -1
Evo 1.05 0.20 1.00 0.48 0.50 0.50 0.50 0.07 0.00 0.02 0.19 0.53 1882 57
Result 1 1.0 1900 0.38 0.24 0.13 0.20 0.22 0.22 -1 -1 -1 -1 -1
Evo 1.04 0.00 1.00 0.48 0.50 0.50 0.50 0.07 0.00 0.02 0.30 0.70 1882 33
Result 1 10.0 1900 0.39 0.24 0.14 0.21 0.20 0.21 -1 -1 -1 -1 -1
Evo 1.04 0.00 1.00 0.48 0.50 0.50 0.50 0.08 0.00 0.01 0.32 0.68 1882 41
Result 1 10.0 1900 0.42 0.21 0.16 0.20 0.23 0.21 -1 -1 -1 -1 -1
Evo 1.04 0.20 1.00 0.48 0.50 0.50 0.50 0.07 0.00 0.01 0.16 0.40 1882 38
Result 1 1.0 1900 0.40 0.22 0.14 0.20 0.22 0.22 -1 -1 -1 -1 -1
Evo 1.05 0.20 1.00 0.48 0.50 0.50 0.50 0.07 0.00 0.03 0.26 0.54 1882 49
Result 1 1.0 1900 0.40 0.23 0.14 0.19 0.22 0.21 -1 -1 -1 -1 -1
Evo 1.04 0.00 1.00 0.48 0.50 0.50 0.50 0.08 0.00 0.01 0.25 0.63 1882 61
Result 1 1.0 1900 0.38 0.24 0.13 0.21 0.21 0.22 -1 -1 -1 -1 -1
Evo 1.04 0.10 1.00 0.48 0.50 0.50 0.50 0.08 0.00 0.01 0.15 0.43 1882 47
Result 1 1.0 1900 0.39 0.23 0.14 0.19 0.24 0.21 -1 -1 -1 -1 -1
Evo 1.05 0.00 1.00 0.48 0.50 0.50 0.50 0.08 0.00 0.01 0.37 0.70 1882 50
Result 1 10.0 1900 0.40 0.24 0.14 0.21 0.20 0.21 -1 -1 -1 -1 -1
Evo 1.04 0.00 1.00 0.48 0.50 0.50 0.50 0.08 0.00 0.01 0.40 0.71 1882 34
Result 1 20.0 1900 0.43 0.23 0.17 0.21 0.18 0.21 -1 -1 -1 -1 -1
Evo 1.03 0.00 1.00 0.49 0.50 0.50 0.50 0.07 0.00 0.01 0.25 0.58 1882 28
Result 1 1.0 1900 0.38 0.22 0.13 0.20 0.24 0.21 -1 -1 -1 -1 -1
Evo 1.04 0.00 1.00 0.49 0.50 0.50 0.50 0.07 0.00 0.03 0.42 0.71 1882 60
Result 1 1.0 1900 0.39 0.24 0.14 0.20 0.21 0.21 -1 -1 -1 -1 -1
Evo 1.04 0.10 1.00 0.49 0.50 0.50 0.50 0.07 0.00 0.01 0.24 0.55 1882 31
Result 1 1.0 1900 0.40 0.23 0.14 0.19 0.23 0.20 -1 -1 -1 -1 -1
Evo 1.04 0.00 1.00 0.49 0.50 0.50 0.50 0.07 0.00 0.01 0.41 0.71 1882 35
Result 1 1.0 1900 0.41 0.22 0.15 0.20 0.22 0.21 -1 -1 -1 -1 -1
Evo 1.05 0.10 1.00 0.48 0.50 0.50 0.50 0.07 0.00 0.01 0.32 0.68 1882 62
Result 1 10.0 1900 0.41 0.23 0.15 0.19 0.22 0.20 -1 -1 -1 -1 -1
Evo 1.04 0.10 1.00 0.49 0.50 0.50 0.50 0.07 0.00 0.01 0.15 0.44 1882 35
Result 1 1.0 1900 0.39 0.22 0.14 0.19 0.24 0.21 -1 -1 -1 -1 -1
Evo 1.04 0.10 1.00 0.49 0.50 0.50 0.50 0.07 0.00 0.01 0.27 0.57 1882 30
Result 1 1.0 1900 0.39 0.22 0.14 0.20 0.23 0.21 -1 -1 -1 -1 -1
Evo 1.05 0.10 1.00 0.49 0.50 0.50 0.50 0.07 0.00 0.01 0.29 0.54 1882 63
Result 1 1.0 1900 0.43 0.23 0.17 0.20 0.19 0.21 -1 -1 -1 -1 -1
Evo 1.05 0.10 1.00 0.48 0.50 0.50 0.50 0.07 0.00 0.01 0.28 0.58 1882 110
Result 1 1.0 1900 0.39 0.24 0.14 0.19 0.21 0.21 -1 -1 -1 -1 -1
Evo 1.04 0.20 1.00 0.49 0.50 0.50 0.50 0.07 0.00 0.01 0.30 0.71 1882 69
Result 1 10.0 1900 0.42 0.24 0.16 0.20 0.19 0.21 -1 -1 -1 -1 -1
Evo 1.04 0.00 1.00 0.49 0.50 0.50 0.50 0.07 0.00 0.01 0.24 0.58 1882 33
Result 1 1.0 1900 0.38 0.23 0.13 0.20 0.23 0.21 -1 -1 -1 -1 -1
Evo 1.03 0.00 1.00 0.49 0.50 0.50 0.50 0.07 0.00 0.01 0.39 0.72 1882 38
Result 1 10.0 1900 0.43 0.24 0.16 0.21 0.18 0.21 -1 -1 -1 -1 -1
Evo 1.05 0.10 1.00 0.49 0.50 0.50 0.50 0.07 0.00 0.01 0.37 0.73 1882 100
Result 1 10.0 1900 0.42 0.23 0.16 0.20 0.21 0.20 -1 -1 -1 -1 -1
Evo 1.04 0.00 1.00 0.48 0.50 0.50 0.50 0.07 0.00 0.03 0.25 0.49 1882 39
Result 1 1.0 1900 0.40 0.24 0.14 0.18 0.23 0.21 -1 -1 -1 -1 -1
Evo 1.04 0.00 1.00 0.49 0.50 0.50 0.50 0.07 0.00 0.01 0.22 0.63 1882 39
Result 1 1.0 1900 0.40 0.23 0.15 0.20 0.21 0.21 -1 -1 -1 -1 -1
Evo 1.04 0.00 1.00 0.48 0.50 0.50 0.50 0.08 0.00 0.01 0.26 0.58 1882 60
Result 1 1.0 1900 0.39 0.25 0.13 0.20 0.22 0.21 -1 -1 -1 -1 -1
Evo 1.04 0.20 1.00 0.49 0.50 0.50 0.50 0.06 0.00 0.01 0.24 0.53 1882 33
Result 1 1.0 1900 0.39 0.24 0.13 0.20 0.22 0.21 -1 -1 -1 -1 -1
Evo 1.03 0.10 1.00 0.49 0.50 0.50 0.50 0.07 0.00 0.12 0.30 0.66 1882 26
Result 1 10.0 1900 0.39 0.24 0.13 0.20 0.22 0.21 -1 -1 -1 -1 -1
Evo 1.04 0.10 1.00 0.49 0.50 0.50 0.50 0.07 0.00 0.01 0.27 0.58 1882 28
Result 1 1.0 1900 0.37 0.25 0.12 0.21 0.22 0.20 -1 -1 -1 -1 -1
Evo 1.04 0.00 1.00 0.48 0.50 0.50 0.50 0.08 0.00 0.04 0.34 0.62 1882 57
Result 1 1.0 1900 0.39 0.23 0.14 0.20 0.22 0.20 -1 -1 -1 -1 -1
