Evo 1.00 0.00 1.00 0.97 1.00 1.00 1.00 0.11 0.00 0.47 0.73 0.86 -1 1982
Result 0 3.0 2000 0.47 0.21 0.21 0.19 0.19 0.21 -1 -1 -1 -1 -1
Evo 1.00 0.71 1.00 1.00 1.00 1.00 1.00 0.01 0.00 0.01 0.82 0.86 1776 -1
Result 1 4.0 1800 0.46 0.20 0.21 0.18 0.21 0.20 -1 -1 -1 -1 -1
Evo 1.00 0.00 0.50 0.50 0.50 0.50 0.50 0.05 0.00 0.01 0.79 0.86 -1 1982
Result 0 2.0 2000 0.48 0.20 0.23 0.18 0.17 0.22 -1 -1 -1 -1 -1
Evo 1.00 0.50 1.00 0.54 0.50 0.50 0.50 0.13 0.01 0.53 0.71 0.86 185 -1
Result 1 4.0 202 0.45 0.16 0.24 0.22 0.19 0.19 -1 -1 -1 -1 -1
Evo 1.00 0.00 0.50 0.50 0.50 0.50 0.50 0.05 0.00 0.30 0.80 0.86 -1 1982
Result 0 3.0 2000 0.45 0.21 0.21 0.18 0.22 0.18 -1 -1 -1 -1 -1
Evo 1.00 0.50 1.00 0.51 0.50 0.50 0.50 0.06 0.00 0.53 0.82 0.86 912 -1
Result 1 4.0 926 0.46 0.22 0.21 0.20 0.18 0.19 -1 -1 -1 -1 -1
Evo 1.00 0.00 0.50 0.50 0.50 0.50 0.50 0.05 0.00 0.01 0.77 0.86 -1 1982
Result 0 2.0 2000 0.46 0.21 0.19 0.19 0.21 0.20 -1 -1 -1 -1 -1
Evo 1.00 0.50 1.00 0.52 0.50 0.50 0.50 0.08 0.00 0.06 0.77 0.86 137 -1
Result 1 4.0 486 0.48 0.18 0.21 0.18 0.20 0.22 -1 -1 -1 -1 -1
Evo 1.00 0.50 1.00 0.51 0.50 0.50 0.50 0.06 0.00 0.02 0.80 0.86 848 -1
Result 1 4.0 866 0.47 0.20 0.20 0.20 0.19 0.21 -1 -1 -1 -1 -1
Evo 1.00 0.00 0.50 0.50 0.50 0.50 0.50 0.05 0.00 0.01 0.77 0.86 -1 1982
Result 0 2.0 2000 0.46 0.21 0.19 0.19 0.21 0.20 -1 -1 -1 -1 -1
Evo 1.00 0.00 0.50 0.50 0.50 0.50 0.50 0.05 0.00 0.06 0.75 0.86 -1 1982
Result 0 2.0 2000 0.47 0.21 0.20 0.18 0.20 0.21 -1 -1 -1 -1 -1
Evo 1.00 0.00 0.50 0.50 0.50 0.50 0.50 0.05 0.00 0.03 0.80 0.86 -1 1982
Result 0 2.0 2000 0.47 0.20 0.19 0.19 0.22 0.20 -1 -1 -1 -1 -1
Evo 1.00 0.00 0.50 0.50 0.50 0.50 0.50 0.05 0.00 0.08 0.75 0.86 -1 1982
Result 0 3.0 2000 0.47 0.21 0.20 0.17 0.20 0.20 -1 -1 -1 -1 -1
Evo 1.00 0.00 0.50 0.50 0.50 0.50 0.50 0.05 0.00 0.01 0.70 0.86 -1 1982
Result 0 3.0 2000 0.46 0.21 0.21 0.19 0.19 0.20 -1 -1 -1 -1 -1
Evo 1.00 0.00 0.60 0.50 0.50 0.50 0.50 0.05 0.00 0.12 0.80 0.86 1710 1982
Result 0 3.0 2000 0.45 0.21 0.21 0.19 0.20 0.18 -1 -1 -1 -1 -1
Evo 1.00 0.00 0.50 0.50 0.50 0.50 0.50 0.05 0.00 0.03 0.71 0.86 -1 1982
Result 0 3.0 2000 0.47 0.20 0.20 0.18 0.20 0.20 -1 -1 -1 -1 -1
Evo 1.00 0.00 0.50 0.50 0.50 0.50 0.50 0.05 0.00 0.01 0.79 0.86 -1 1982
Result 0 2.0 2000 0.48 0.20 0.21 0.18 0.20 0.21 -1 -1 -1 -1 -1
Evo 1.00 0.00 0.50 0.50 0.50 0.50 0.50 0.05 0.00 0.53 0.80 0.86 -1 1982
Result 0 3.0 2000 0.45 0.21 0.19 0.20 0.21 0.19 -1 -1 -1 -1 -1
Evo 1.00 0.00 0.50 0.50 0.50 0.50 0.50 0.05 0.00 0.01 0.82 0.86 -1 1982
Result 0 2.0 2000 0.47 0.20 0.21 0.19 0.20 0.20 -1 -1 -1 -1 -1
Evo 1.00 0.00 0.50 0.50 0.50 0.50 0.50 0.05 0.00 0.13 0.79 0.86 -1 1982
Result 0 3.0 2000 0.46 0.20 0.19 0.20 0.21 0.20 -1 -1 -1 -1 -1
Evo 1.00 0.00 0.50 0.50 0.50 0.50 0.50 0.05 0.00 0.06 0.79 0.83 -1 1982
Result 0 0.0 2000 0.48 0.20 0.20 0.20 0.19 0.22 -1 -1 -1 -1 -1
Evo 1.00 0.00 0.50 0.50 0.50 0.50 0.50 0.05 0.00 0.01 0.79 0.83 -1 1982
Result 0 1.0 2000 0.47 0.20 0.19 0.20 0.20 0.21 -1 -1 -1 -1 -1
Evo 1.00 0.00 0.50 0.50 0.50 0.50 0.50 0.05 0.00 0.01 0.82 0.83 -1 1982
Result 0 1.0 2000 0.46 0.20 0.21 0.19 0.20 0.20 -1 -1 -1 -1 -1
Evo 1.00 0.00 0.50 0.50 0.50 0.50 0.50 0.05 0.00 0.06 0.82 0.83 -1 1982
Result 0 0.0 2000 0.47 0.20 0.21 0.19 0.20 0.20 -1 -1 -1 -1 -1
Evo 1.00 0.00 0.50 0.50 0.50 0.50 0.50 0.05 0.00 0.01 0.80 0.83 -1 1982
Result 0 1.0 2000 0.46 0.21 0.19 0.21 0.20 0.19 -1 -1 -1 -1 -1
Evo 1.00 0.00 0.50 0.50 0.50 0.50 0.50 0.05 0.00 0.02 0.82 0.83 -1 1982
Result 0 2.0 2000 0.46 0.22 0.19 0.20 0.20 0.20 -1 -1 -1 -1 -1
Evo 1.00 0.00 0.50 0.50 0.50 0.50 0.50 0.05 0.00 0.02 0.79 0.83 -1 1982
Result 0 1.0 2000 0.46 0.21 0.19 0.19 0.21 0.20 -1 -1 -1 -1 -1
Evo 1.00 0.00 0.50 0.50 0.50 0.50 0.50 0.05 0.00 0.53 0.82 0.83 -1 1982
Result 0 1.0 2000 0.46 0.20 0.21 0.19 0.20 0.19 -1 -1 -1 -1 -1
Evo 1.00 0.00 0.50 0.50 0.50 0.50 0.50 0.05 0.00 0.53 0.82 0.83 -1 1982
Result 0 2.0 2000 0.46 0.21 0.19 0.20 0.19 0.20 -1 -1 -1 -1 -1
Evo 1.00 0.00 0.50 0.50 0.50 0.50 0.50 0.05 0.00 0.01 0.80 0.83 -1 1982
Result 0 1.0 2000 0.47 0.19 0.19 0.20 0.21 0.21 -1 -1 -1 -1 -1
Evo 1.00 0.00 0.50 0.50 0.50 0.50 0.50 0.05 0.00 0.01 0.82 0.83 -1 1982
Result 0 1.0 2000 0.45 0.21 0.20 0.21 0.19 0.19 -1 -1 -1 -1 -1
Evo 1.00 0.00 0.50 0.50 0.50 0.50 0.50 0.05 0.00 0.01 0.82 0.83 -1 1982
Result 0 2.0 2000 0.47 0.21 0.20 0.20 0.19 0.20 -1 -1 -1 -1 -1
Evo 1.00 0.00 0.50 0.50 0.50 0.50 0.50 0.05 0.00 0.06 0.79 0.83 -1 1982
Result 0 0.0 2000 0.46 0.20 0.20 0.22 0.19 0.20 -1 -1 -1 -1 -1
Evo 1.00 0.00 0.50 0.50 0.50 0.50 0.50 0.05 0.00 0.01 0.82 0.83 -1 1982
Result 0 2.0 2000 0.45 0.20 0.20 0.22 0.19 0.19 -1 -1 -1 -1 -1
Evo 1.00 0.00 0.50 0.50 0.50 0.50 0.50 0.05 0.00 0.01 0.80 0.83 -1 1982
Result 0 1.0 2000 0.46 0.19 0.20 0.21 0.20 0.20 -1 -1 -1 -1 -1
Evo 1.00 0.00 0.50 0.50 0.50 0.50 0.50 0.05 0.00 0.01 0.82 0.83 -1 1982
Result 0 1.0 2000 0.47 0.19 0.20 0.21 0.19 0.20 -1 -1 -1 -1 -1
Evo 1.00 0.00 0.50 0.50 0.50 0.50 0.50 0.05 0.00 0.01 0.77 0.83 -1 1982
Result 0 1.0 2000 0.46 0.21 0.21 0.19 0.20 0.19 -1 -1 -1 -1 -1
Evo 1.00 0.00 0.50 0.50 0.50 0.50 0.50 0.05 0.00 0.02 0.82 0.83 -1 1982
Result 0 1.0 2000 0.46 0.20 0.21 0.20 0.20 0.19 -1 -1 -1 -1 -1
Evo 1.00 0.00 0.50 0.50 0.50 0.50 0.50 0.05 0.00 0.06 0.79 0.83 -1 1982
Result 0 0.0 2000 0.46 0.21 0.20 0.20 0.19 0.20 -1 -1 -1 -1 -1
Evo 1.00 0.00 0.50 0.50 0.50 0.50 0.50 0.05 0.00 0.06 0.82 0.83 -1 1982
Result 0 0.0 2000 0.46 0.19 0.23 0.20 0.20 0.19 -1 -1 -1 -1 -1
Evo 1.00 0.00 0.50 0.50 0.50 0.50 0.50 0.05 0.00 0.01 0.75 0.89 -1 1982
Result 0 4.0 2000 0.47 0.22 0.18 0.18 0.22 0.20 -1 -1 -1 -1 -1
Evo 1.00 0.00 0.50 0.50 0.50 0.50 0.50 0.05 0.00 0.01 0.79 0.88 -1 1982
Result 0 5.0 2000 0.47 0.20 0.16 0.22 0.21 0.21 -1 -1 -1 -1 -1
Evo 1.00 0.00 0.50 0.50 0.50 0.50 0.50 0.05 0.00 0.02 0.79 0.89 -1 1982
Result 0 4.0 2000 0.47 0.20 0.18 0.21 0.20 0.21 -1 -1 -1 -1 -1
Evo 1.00 0.00 0.50 0.50 0.50 0.50 0.50 0.05 0.00 0.01 0.73 0.88 -1 1982
Result 0 4.0 2000 0.45 0.20 0.18 0.20 0.23 0.19 -1 -1 -1 -1 -1
Evo 1.00 0.00 0.50 0.50 0.50 0.50 0.50 0.05 0.00 0.01 0.79 0.89 -1 1982
Result 0 5.0 2000 0.46 0.21 0.18 0.21 0.21 0.19 -1 -1 -1 -1 -1
Evo 1.00 0.00 0.50 0.50 0.50 0.50 0.50 0.05 0.00 0.04 0.77 0.86 -1 1982
Result 0 4.0 2000 0.46 0.21 0.18 0.19 0.22 0.20 -1 -1 -1 -1 -1
Evo 1.00 0.00 0.50 0.50 0.50 0.50 0.50 0.05 0.00 0.01 0.80 0.89 -1 1982
Result 0 5.0 2000 0.48 0.18 0.18 0.20 0.22 0.21 -1 -1 -1 -1 -1
Evo 1.00 0.00 0.50 0.50 0.50 0.50 0.50 0.05 0.00 0.01 0.77 0.86 -1 1982
Result 0 4.0 2000 0.47 0.20 0.18 0.19 0.22 0.21 -1 -1 -1 -1 -1
Evo 1.00 0.00 0.50 0.50 0.50 0.50 0.50 0.05 0.00 0.01 0.77 0.86 -1 1982
Result 0 4.0 2000 0.46 0.21 0.19 0.20 0.21 0.20 -1 -1 -1 -1 -1
Evo 1.00 0.00 0.50 0.50 0.50 0.50 0.50 0.05 0.00 0.01 0.77 0.88 -1 1982
Result 0 4.0 2000 0.47 0.19 0.17 0.21 0.22 0.20 -1 -1 -1 -1 -1
Evo 1.00 0.00 0.50 0.50 0.50 0.50 0.50 0.05 0.00 0.03 0.79 0.88 -1 1982
Result 0 5.0 2000 0.46 0.20 0.17 0.21 0.22 0.20 -1 -1 -1 -1 -1
Evo 1.00 0.00 0.50 0.50 0.50 0.50 0.50 0.05 0.00 0.01 0.75 0.89 -1 1982
Result 0 4.0 2000 0.46 0.21 0.18 0.19 0.23 0.20 -1 -1 -1 -1 -1
Evo 1.00 0.00 0.50 0.50 0.50 0.50 0.50 0.05 0.00 0.05 0.79 0.88 -1 1982
Result 0 5.0 2000 0.47 0.22 0.16 0.20 0.21 0.20 -1 -1 -1 -1 -1
Evo 1.00 0.00 0.50 0.50 0.50 0.50 0.50 0.05 0.00 0.02 0.79 0.89 -1 1982
Result 0 4.0 2000 0.46 0.20 0.18 0.22 0.20 0.19 -1 -1 -1 -1 -1
Evo 1.00 0.00 0.50 0.50 0.50 0.50 0.50 0.05 0.00 0.01 0.79 0.89 -1 1982
Result 0 4.0 2000 0.47 0.21 0.19 0.20 0.19 0.21 -1 -1 -1 -1 -1
Evo 1.00 0.00 0.50 0.50 0.50 0.50 0.50 0.05 0.00 0.05 0.75 0.86 -1 1982
Result 0 4.0 2000 0.47 0.19 0.17 0.21 0.21 0.21 -1 -1 -1 -1 -1
Evo 1.00 0.00 0.50 0.50 0.50 0.50 0.50 0.05 0.00 0.04 0.77 0.88 -1 1982
Result 0 5.0 2000 0.48 0.21 0.17 0.19 0.21 0.22 -1 -1 -1 -1 -1
Evo 1.00 0.00 0.50 0.50 0.50 0.50 0.50 0.05 0.00 0.03 0.79 0.84 -1 1982
Result 0 5.0 2000 0.48 0.20 0.18 0.18 0.23 0.21 -1 -1 -1 -1 -1
Evo 1.00 0.00 0.50 0.50 0.50 0.50 0.50 0.05 0.00 0.10 0.75 0.88 -1 1982
Result 0 4.0 2000 0.47 0.20 0.17 0.20 0.22 0.20 -1 -1 -1 -1 -1
Evo 1.00 0.00 0.50 0.50 0.50 0.50 0.50 0.05 0.00 0.01 0.82 0.89 -1 1982
Result 0 4.0 2000 0.45 0.20 0.20 0.21 0.20 0.19 -1 -1 -1 -1 -1
Evo 1.00 0.50 1.00 0.52 0.50 0.50 0.50 0.10 0.01 0.03 0.79 0.86 235 -1
Result 1 3.0 267 0.46 0.16 0.19 0.26 0.20 0.19 -1 -1 -1 -1 -1
Evo 1.00 0.00 0.50 0.50 0.50 0.50 0.50 0.05 0.00 0.01 0.81 0.86 -1 1982
Result 0 2.0 2000 0.46 0.21 0.19 0.21 0.19 0.19 -1 -1 -1 -1 -1
Evo 1.00 0.50 1.00 0.51 0.50 0.50 0.50 0.08 0.00 0.04 0.81 0.86 425 -1
Result 1 3.0 437 0.47 0.21 0.19 0.17 0.22 0.20 -1 -1 -1 -1 -1
Evo 1.00 0.50 1.00 0.52 0.50 0.50 0.50 0.09 0.01 0.10 0.76 0.86 223 -1
Result 1 3.0 240 0.49 0.20 0.21 0.18 0.18 0.23 -1 -1 -1 -1 -1
Evo 1.00 0.50 1.00 0.51 0.50 0.50 0.50 0.05 0.00 0.02 0.81 0.86 562 -1
Result 1 3.0 582 0.49 0.19 0.21 0.20 0.17 0.24 -1 -1 -1 -1 -1
Evo 1.00 0.50 1.00 0.51 0.50 0.50 0.50 0.05 0.00 0.05 0.79 0.86 386 -1
Result 1 3.0 396 0.49 0.23 0.19 0.17 0.18 0.23 -1 -1 -1 -1 -1
Evo 1.01 0.50 1.00 0.56 0.50 0.50 0.50 0.16 0.01 0.10 0.81 0.86 107 -1
Result 1 3.0 123 0.42 0.22 0.21 0.17 0.24 0.16 -1 -1 -1 -1 -1
Evo 1.00 0.50 1.00 0.52 0.50 0.50 0.50 0.10 0.01 0.07 0.81 0.86 352 -1
Result 1 3.0 365 0.50 0.17 0.17 0.19 0.22 0.25 -1 -1 -1 -1 -1
Evo 1.00 0.00 0.50 0.50 0.50 0.50 0.50 0.05 0.00 0.01 0.81 0.86 -1 1982
Result 0 2.0 2000 0.46 0.20 0.20 0.21 0.20 0.19 -1 -1 -1 -1 -1
Evo 1.00 0.00 0.50 0.50 0.50 0.50 0.50 0.05 0.00 0.01 0.81 0.86 -1 1982
Result 0 2.0 2000 0.46 0.20 0.20 0.19 0.20 0.19 -1 -1 -1 -1 -1
Evo 1.00 0.00 0.50 0.50 0.50 0.50 0.50 0.05 0.00 0.01 0.79 0.86 -1 1982
Result 0 1.0 2000 0.47 0.19 0.19 0.20 0.20 0.21 -1 -1 -1 -1 -1
Evo 1.00 0.50 1.00 0.51 0.50 0.50 0.50 0.05 0.00 0.02 0.81 0.86 1130 -1
Result 1 3.0 1143 0.47 0.20 0.19 0.20 0.21 0.20 -1 -1 -1 -1 -1
Evo 1.00 0.50 1.00 0.52 0.50 0.50 0.50 0.09 0.00 0.02 0.79 0.86 389 -1
Result 1 3.0 406 0.49 0.23 0.19 0.17 0.17 0.24 -1 -1 -1 -1 -1
Evo 1.00 0.50 1.00 0.51 0.50 0.50 0.50 0.06 0.00 0.03 0.79 0.86 298 -1
Result 1 3.0 302 0.49 0.23 0.18 0.19 0.17 0.23 -1 -1 -1 -1 -1
Evo 1.00 0.00 0.50 0.50 0.50 0.50 0.50 0.05 0.00 0.01 0.81 0.86 -1 1982
Result 0 2.0 2000 0.46 0.21 0.21 0.18 0.21 0.19 -1 -1 -1 -1 -1
Evo 1.00 0.50 1.00 0.51 0.50 0.50 0.50 0.07 0.00 0.01 0.81 0.86 653 -1
Result 1 3.0 676 0.45 0.23 0.20 0.21 0.17 0.19 -1 -1 -1 -1 -1
Evo 1.00 0.50 1.00 0.52 0.50 0.50 0.50 0.08 0.00 0.07 0.79 0.86 233 -1
Result 1 3.0 278 0.47 0.18 0.19 0.22 0.20 0.21 -1 -1 -1 -1 -1
Evo 1.00 0.00 0.50 0.50 0.50 0.50 0.50 0.05 0.00 0.01 0.81 0.86 -1 1982
Result 0 2.0 2000 0.47 0.21 0.21 0.19 0.18 0.21 -1 -1 -1 -1 -1
Evo 1.00 0.50 1.00 0.51 0.50 0.50 0.50 0.06 0.00 0.02 0.79 0.86 1178 -1
Result 1 3.0 1194 0.47 0.20 0.20 0.19 0.19 0.21 -1 -1 -1 -1 -1
Evo 1.00 0.50 1.00 0.51 0.50 0.50 0.50 0.06 0.00 0.03 0.81 0.86 734 -1
Result 1 3.0 803 0.47 0.20 0.21 0.19 0.20 0.21 -1 -1 -1 -1 -1
Evo 1.00 0.00 0.50 0.50 0.50 0.50 0.50 0.05 0.00 0.06 0.64 0.66 -1 1982
Result 0 0.0 2000 0.46 0.20 0.20 0.21 0.19 0.19 -1 -1 -1 -1 -1
Evo 1.00 0.00 0.50 0.50 0.50 0.50 0.50 0.05 0.00 0.06 0.63 0.66 -1 1982
Result 0 0.0 2000 0.47 0.20 0.20 0.19 0.20 0.21 -1 -1 -1 -1 -1
Evo 1.00 0.00 0.50 0.50 0.50 0.50 0.50 0.05 0.00 0.06 0.64 0.66 -1 1982
Result 0 0.0 2000 0.45 0.20 0.20 0.21 0.20 0.19 -1 -1 -1 -1 -1
Evo 1.00 0.00 0.50 0.50 0.50 0.50 0.50 0.05 0.00 0.06 0.63 0.66 -1 1982
Result 0 0.0 2000 0.48 0.20 0.20 0.20 0.19 0.21 -1 -1 -1 -1 -1
Evo 1.00 0.00 0.50 0.50 0.50 0.50 0.50 0.05 0.00 0.06 0.61 0.66 -1 1982
Result 0 0.0 2000 0.47 0.21 0.19 0.19 0.21 0.20 -1 -1 -1 -1 -1
Evo 1.00 0.00 0.50 0.50 0.50 0.50 0.50 0.05 0.00 0.06 0.64 0.66 -1 1982
Result 0 0.0 2000 0.48 0.19 0.20 0.20 0.19 0.22 -1 -1 -1 -1 -1
Evo 1.00 0.00 0.50 0.50 0.50 0.50 0.50 0.05 0.00 0.06 0.64 0.66 -1 1982
Result 0 0.0 2000 0.47 0.18 0.21 0.21 0.20 0.20 -1 -1 -1 -1 -1
Evo 1.00 0.00 0.50 0.50 0.50 0.50 0.50 0.05 0.00 0.53 0.65 0.66 -1 1982
Result 0 1.0 2000 0.46 0.21 0.20 0.18 0.21 0.20 -1 -1 -1 -1 -1
Evo 1.00 0.00 0.50 0.50 0.50 0.50 0.50 0.05 0.00 0.06 0.63 0.66 -1 1982
Result 0 0.0 2000 0.47 0.21 0.19 0.19 0.19 0.21 -1 -1 -1 -1 -1
Evo 1.00 0.00 0.50 0.50 0.50 0.50 0.50 0.05 0.00 0.06 0.65 0.66 -1 1982
Result 0 0.0 2000 0.47 0.21 0.18 0.21 0.19 0.20 -1 -1 -1 -1 -1
Evo 1.00 0.00 0.50 0.50 0.50 0.50 0.50 0.05 0.00 0.01 0.64 0.66 -1 1982
Result 0 1.0 2000 0.45 0.20 0.21 0.20 0.21 0.19 -1 -1 -1 -1 -1
Evo 1.00 0.00 0.50 0.50 0.50 0.50 0.50 0.05 0.00 0.06 0.65 0.66 -1 1982
Result 0 0.0 2000 0.45 0.19 0.21 0.20 0.21 0.19 -1 -1 -1 -1 -1
Evo 1.00 0.00 0.50 0.50 0.50 0.50 0.50 0.05 0.00 0.06 0.61 0.66 -1 1982
Result 0 0.0 2000 0.45 0.21 0.19 0.22 0.20 0.18 -1 -1 -1 -1 -1
Evo 1.00 0.00 0.50 0.50 0.50 0.50 0.50 0.05 0.00 0.01 0.65 0.66 -1 1982
Result 0 1.0 2000 0.46 0.20 0.20 0.20 0.19 0.20 -1 -1 -1 -1 -1
Evo 1.00 0.00 0.50 0.50 0.50 0.50 0.50 0.05 0.00 0.06 0.61 0.66 -1 1982
Result 0 0.0 2000 0.47 0.21 0.20 0.19 0.20 0.21 -1 -1 -1 -1 -1
Evo 1.00 0.00 0.50 0.50 0.50 0.50 0.50 0.05 0.00 0.06 0.65 0.66 -1 1982
Result 0 0.0 2000 0.47 0.20 0.19 0.20 0.21 0.20 -1 -1 -1 -1 -1
Evo 1.00 0.00 0.50 0.50 0.50 0.50 0.50 0.05 0.00 0.01 0.64 0.66 -1 1982
Result 0 1.0 2000 0.46 0.20 0.21 0.20 0.20 0.19 -1 -1 -1 -1 -1
Evo 1.00 0.00 0.50 0.50 0.50 0.50 0.50 0.05 0.00 0.53 0.64 0.66 -1 1982
Result 0 1.0 2000 0.47 0.20 0.19 0.19 0.22 0.20 -1 -1 -1 -1 -1
Evo 1.00 0.00 0.50 0.50 0.50 0.50 0.50 0.05 0.00 0.06 0.64 0.66 -1 1982
Result 0 0.0 2000 0.47 0.20 0.19 0.20 0.20 0.21 -1 -1 -1 -1 -1
Evo 1.00 0.00 0.50 0.50 0.50 0.50 0.50 0.05 0.00 0.06 0.64 0.66 -1 1982
Result 0 0.0 2000 0.44 0.19 0.21 0.21 0.21 0.18 -1 -1 -1 -1 -1
