Evo 18.07 -999999.26 1.18 -226079.12 -499998.99 0.81 0.96 338730.19 15879.92 0.02 0.36 0.47 -1 -1
Result 0 0.0 454 0.47 0.21 0.21 0.22 0.19 0.17 -1 -1 -1 -1 -1
Evo 17.62 -999999.78 1.05 -333761.13 -699999.51 0.67 0.90 377615.67 17683.47 0.02 0.46 0.51 -1 -1
Result 0 0.0 455 0.49 0.15 0.24 0.22 0.19 0.20 -1 -1 -1 -1 -1
Evo 17.96 -999999.66 1.05 -401923.93 -799998.75 -333332.48 0.85 411875.53 19502.87 0.02 0.41 0.53 -1 -1
Result 0 0.0 445 0.42 0.20 0.16 0.20 0.21 0.22 -1 -1 -1 -1 -1
Evo 18.13 -999999.68 1.05 -493388.10 -999998.43 -571427.57 0.85 426738.97 17921.35 0.02 0.45 0.53 -1 -1
Result 0 0.0 566 0.47 0.19 0.21 0.22 0.19 0.19 -1 -1 -1 -1 -1
Evo 18.80 -999999.72 1.18 -368135.30 -874999.30 0.69 0.96 430477.93 18769.73 0.02 0.35 0.48 -1 -1
Result 0 0.0 525 0.45 0.21 0.19 0.24 0.19 0.18 -1 -1 -1 -1 -1
Evo 18.38 -999999.94 1.05 -362988.36 -749999.32 -199999.13 0.90 398925.70 18681.41 0.02 0.42 0.51 -1 -1
Result 0 0.0 455 0.44 0.19 0.18 0.26 0.19 0.18 -1 -1 -1 -1 -1
Evo 17.87 -999999.54 1.05 -262655.93 -599999.42 0.77 0.90 364538.88 19513.32 0.02 0.48 0.53 -1 -1
Result 0 0.0 348 0.47 0.19 0.21 0.19 0.21 0.20 -1 -1 -1 -1 -1
Evo 17.68 -999999.79 1.05 -325746.38 -666665.98 0.69 0.96 386338.53 17542.73 0.02 0.40 0.47 -1 -1
Result 0 0.0 484 0.47 0.19 0.21 0.22 0.19 0.20 -1 -1 -1 -1 -1
Evo 16.30 -999999.83 1.18 -297664.04 -599999.12 0.77 0.96 394507.85 17056.06 0.02 0.40 0.49 -1 -1
Result 0 0.0 534 0.47 0.21 0.21 0.21 0.19 0.17 -1 -1 -1 -1 -1
Evo 17.82 -999999.32 1.05 -213384.26 -444443.49 0.85 0.96 344099.53 18060.54 0.02 0.44 0.50 -1 -1
Result 0 0.0 362 0.47 0.17 0.20 0.19 0.20 0.23 -1 -1 -1 -1 -1
Evo 20.73 -999999.80 1.05 -454425.91 -999998.53 -399999.26 0.85 430993.76 18052.34 0.02 0.42 0.51 -1 -1
Result 0 0.0 569 0.47 0.18 0.20 0.24 0.19 0.19 -1 -1 -1 -1 -1
Evo 21.00 -999999.67 1.05 -324358.68 -857142.48 0.77 0.96 431525.93 22464.34 0.02 0.51 0.56 -1 -1
Result 0 0.0 368 0.41 0.19 0.15 0.23 0.20 0.24 -1 -1 -1 -1 -1
Evo 15.26 -999999.64 1.18 -300725.44 -666665.60 0.81 0.96 406366.11 17406.81 0.02 0.40 0.49 -1 -1
Result 0 0.0 544 0.48 0.21 0.22 0.18 0.20 0.19 -1 -1 -1 -1 -1
Evo 16.80 -999999.74 1.05 -330759.27 -714285.04 0.69 0.90 390213.51 18154.38 0.02 0.43 0.49 -1 -1
Result 0 0.0 461 0.49 0.19 0.23 0.22 0.18 0.18 -1 -1 -1 -1 -1
Evo 16.58 -999999.62 1.05 -404196.55 -909089.86 -249999.14 0.90 422548.09 18066.85 0.02 0.42 0.49 -1 -1
Result 0 0.0 546 0.49 0.21 0.23 0.22 0.19 0.16 -1 -1 -1 -1 -1
Evo 17.79 -999999.85 1.18 -252508.55 -499998.74 0.81 0.96 366550.63 17356.68 0.02 0.36 0.46 -1 -1
Result 0 0.0 445 0.44 0.21 0.17 0.24 0.20 0.17 -1 -1 -1 -1 -1
Evo 17.38 -999999.76 1.05 -268731.18 -571427.47 0.77 0.96 355282.38 17274.42 0.02 0.40 0.50 -1 -1
Result 0 0.0 422 0.46 0.23 0.19 0.22 0.20 0.17 -1 -1 -1 -1 -1
Evo 16.42 -999999.60 1.05 -365927.46 -777777.00 -166665.86 0.90 401609.58 18932.06 0.02 0.40 0.52 -1 -1
Result 0 0.0 449 0.45 0.20 0.19 0.24 0.20 0.18 -1 -1 -1 -1 -1
Evo 16.18 -999999.27 1.05 -315994.16 -749999.18 0.77 0.96 394163.67 19395.53 0.02 0.44 0.49 -1 -1
Result 0 0.0 412 0.44 0.22 0.18 0.20 0.21 0.19 -1 -1 -1 -1 -1
Evo 20.78 -999999.96 1.05 -415288.41 -866665.70 -285713.44 0.90 429452.08 20088.92 0.02 0.45 0.51 -1 -1
Result 0 0.0 456 0.49 0.21 0.23 0.19 0.19 0.18 -1 -1 -1 -1 -1
