Evo 1.02 1.00 1.00 1.00 1.00 1.00 1.00 0.00 0.00 0.00 0.05 0.61 0 0
Result 1 2.0 171 0.41 0.15 0.12 0.15 0.21 0.18 0.19 -1 -1 -1 -1
Evo 1.01 1.00 1.00 1.00 1.00 1.00 1.00 0.00 0.00 0.00 0.06 0.85 0 0
Result 1 2.0 110 0.38 0.15 0.18 0.13 0.16 0.23 0.15 -1 -1 -1 -1
Evo 1.02 1.00 1.00 1.00 1.00 1.00 1.00 0.00 0.00 0.00 0.08 0.77 0 0
Result 1 2.0 191 0.44 0.13 0.12 0.17 0.16 0.22 0.20 -1 -1 -1 -1
Evo 1.01 1.00 1.00 1.00 1.00 1.00 1.00 0.00 0.00 0.00 0.04 0.78 0 0
Result 1 2.0 110 0.36 0.19 0.15 0.12 0.13 0.15 0.26 -1 -1 -1 -1
Evo 1.01 1.00 1.00 1.00 1.00 1.00 1.00 0.00 0.00 0.00 0.05 0.77 0 0
Result 1 2.0 181 0.42 0.17 0.15 0.15 0.18 0.16 0.19 -1 -1 -1 -1
Evo 1.01 0.50 1.00 0.99 1.00 1.00 1.00 0.06 0.01 0.02 0.07 1.03 2 0
Result 1 2.0 122 0.37 0.14 0.22 0.12 0.15 0.20 0.16 -1 -1 -1 -1
Evo 1.01 1.00 1.00 1.00 1.00 1.00 1.00 0.00 0.00 0.00 0.07 0.70 0 0
Result 1 2.0 199 0.44 0.23 0.14 0.18 0.18 0.17 0.11 -1 -1 -1 -1
Evo 1.01 1.00 1.00 1.00 1.00 1.00 1.00 0.00 0.00 0.00 0.05 0.74 0 0
Result 1 2.0 119 0.35 0.23 0.19 0.11 0.19 0.16 0.13 -1 -1 -1 -1
Evo 1.01 1.00 1.00 1.00 1.00 1.00 1.00 0.00 0.00 0.00 0.04 0.63 0 0
Result 1 2.0 180 0.40 0.15 0.14 0.14 0.20 0.18 0.19 -1 -1 -1 -1
Evo 1.01 1.00 1.00 1.00 1.00 1.00 1.00 0.00 0.00 0.00 0.05 0.70 0 0
Result 1 2.0 198 0.44 0.11 0.14 0.17 0.17 0.19 0.23 -1 -1 -1 -1
Evo 1.01 1.00 1.00 1.00 1.00 1.00 1.00 0.00 0.00 0.00 0.09 0.78 0 0
Result 1 2.0 199 0.44 0.19 0.16 0.18 0.17 0.16 0.16 -1 -1 -1 -1
Evo 1.02 0.50 1.00 0.99 1.00 1.00 1.00 0.06 0.00 0.06 0.09 0.95 3 0
Result 1 2.0 209 0.41 0.18 0.19 0.15 0.16 0.14 0.18 -1 -1 -1 -1
Evo 1.01 0.50 1.00 1.00 1.00 1.00 1.00 0.04 0.00 0.01 0.06 0.67 1 0
Result 1 2.0 185 0.41 0.19 0.14 0.15 0.18 0.17 0.18 -1 -1 -1 -1
Evo 1.01 1.00 1.00 1.00 1.00 1.00 1.00 0.00 0.00 0.00 0.04 0.53 0 0
Result 1 2.0 176 0.41 0.20 0.13 0.15 0.19 0.15 0.18 -1 -1 -1 -1
Evo 1.01 1.00 1.00 1.00 1.00 1.00 1.00 0.00 0.00 0.00 0.08 0.68 0 0
Result 1 2.0 187 0.40 0.20 0.16 0.14 0.17 0.16 0.16 -1 -1 -1 -1
Evo 1.02 1.00 1.00 1.00 1.00 1.00 1.00 0.00 0.00 0.00 0.06 0.57 0 0
Result 1 2.0 153 0.43 0.16 0.15 0.16 0.19 0.18 0.16 -1 -1 -1 -1
Evo 1.02 0.50 1.00 1.00 1.00 1.00 1.00 0.04 0.00 0.01 0.06 0.65 1 0
Result 1 2.0 198 0.39 0.18 0.13 0.14 0.20 0.14 0.22 -1 -1 -1 -1
Evo 1.01 1.00 1.00 1.00 1.00 1.00 1.00 0.00 0.00 0.00 0.05 0.51 0 0
Result 1 2.0 187 0.37 0.20 0.15 0.12 0.23 0.13 0.16 -1 -1 -1 -1
Evo 1.02 1.00 1.00 1.00 1.00 1.00 1.00 0.00 0.00 0.00 0.04 0.83 0 0
Result 1 2.0 110 0.33 0.18 0.18 0.10 0.22 0.17 0.15 -1 -1 -1 -1
Evo 1.01 1.00 1.00 1.00 1.00 1.00 1.00 0.00 0.00 0.00 0.07 0.61 0 0
Result 1 2.0 110 0.36 0.23 0.16 0.12 0.19 0.16 0.14 -1 -1 -1 -1
Evo 1.01 0.00 1.00 0.95 1.00 1.00 1.00 0.21 0.02 0.21 0.06 0.54 0 0
Result 0 13.0 190 0.42 0.16 0.14 0.16 0.20 0.18 0.16 -1 -1 -1 -1
Evo 1.01 0.00 0.00 0.00 0.00 0.00 0.00 0.00 0.00 0.00 0.04 0.52 -1 0
Result 0 3.0 99 0.38 0.21 0.13 0.13 0.20 0.14 0.19 -1 -1 -1 -1
Evo 1.01 0.00 0.00 0.00 0.00 0.00 0.00 0.00 0.00 0.00 0.05 0.52 -1 0
Result 0 -1.0 99 0.45 0.17 0.13 0.18 0.13 0.21 0.18 -1 -1 -1 -1
Evo 1.01 0.00 1.00 0.99 1.00 1.00 1.00 0.08 0.01 0.01 0.06 0.61 1 0
Result 1 16.0 172 0.41 0.21 0.15 0.15 0.17 0.14 0.17 -1 -1 -1 -1
Evo 1.01 0.00 1.00 0.99 1.00 1.00 1.00 0.07 0.01 0.01 0.05 0.57 1 0
Result 1 16.0 177 0.32 0.17 0.16 0.10 0.21 0.13 0.23 -1 -1 -1 -1
Evo 1.05 0.00 1.00 0.88 1.00 1.00 1.00 0.33 0.03 0.16 0.03 0.75 15 0
Result 1 16.0 124 0.40 0.20 0.16 0.14 0.18 0.14 0.18 -1 -1 -1 -1
Evo 1.01 1.00 1.00 1.00 1.00 1.00 1.00 0.00 0.00 0.00 0.07 0.54 0 0
Result 1 16.0 139 0.44 0.16 0.15 0.17 0.18 0.16 0.17 -1 -1 -1 -1
Evo 1.01 0.00 0.00 0.00 0.00 0.00 0.00 0.00 0.00 0.00 0.07 0.80 -1 0
Result 0 5.0 99 0.45 0.13 0.25 0.18 0.08 0.20 0.16 -1 -1 -1 -1
Evo 1.01 1.00 1.00 1.00 1.00 1.00 1.00 0.00 0.00 0.00 0.06 0.51 0 0
Result 1 16.0 162 0.40 0.18 0.18 0.14 0.18 0.14 0.17 -1 -1 -1 -1
Evo 1.03 0.00 1.00 0.99 1.00 1.00 1.00 0.11 0.01 0.08 0.03 0.48 0 0
Result 1 16.0 160 0.42 0.11 0.16 0.16 0.19 0.16 0.22 -1 -1 -1 -1
Evo 1.01 0.00 0.00 0.00 0.00 0.00 0.00 0.00 0.00 0.00 0.03 0.70 -1 0
Result 0 1.0 99 0.35 0.18 0.23 0.11 0.17 0.08 0.23 -1 -1 -1 -1
Evo 1.01 1.00 1.00 1.00 1.00 1.00 1.00 0.00 0.00 0.00 0.06 0.54 0 0
Result 1 16.0 165 0.45 0.15 0.17 0.19 0.11 0.20 0.17 -1 -1 -1 -1
Evo 1.01 1.00 1.00 1.00 1.00 1.00 1.00 0.00 0.00 0.00 0.07 0.59 0 0
Result 1 16.0 152 0.43 0.14 0.20 0.16 0.20 0.13 0.16 -1 -1 -1 -1
Evo 1.01 0.00 1.00 0.99 1.00 1.00 1.00 0.08 0.01 0.01 0.03 0.63 1 0
Result 1 16.0 161 0.43 0.14 0.16 0.17 0.19 0.15 0.19 -1 -1 -1 -1
Evo 1.01 0.00 1.00 0.98 1.00 1.00 1.00 0.15 0.01 0.03 0.05 0.48 4 0
Result 1 16.0 164 0.43 0.15 0.16 0.17 0.16 0.16 0.19 -1 -1 -1 -1
Evo 1.01 0.00 1.00 0.99 1.00 1.00 1.00 0.08 0.01 0.01 0.03 0.57 1 0
Result 1 16.0 146 0.46 0.20 0.12 0.19 0.14 0.21 0.14 -1 -1 -1 -1
Evo 1.02 1.00 1.00 1.00 1.00 1.00 1.00 0.00 0.00 0.00 0.04 0.63 0 0
Result 1 16.0 155 0.42 0.22 0.16 0.15 0.15 0.13 0.19 -1 -1 -1 -1
Evo 1.01 0.00 1.00 0.96 1.00 1.00 1.00 0.19 0.01 0.05 0.05 0.51 6 0
Result 1 16.0 183 0.42 0.21 0.17 0.16 0.18 0.15 0.14 -1 -1 -1 -1
Evo 1.01 0.00 0.00 0.00 0.00 0.00 0.00 0.00 0.00 0.00 0.07 0.74 -1 0
Result 0 1.0 121 0.44 0.16 0.22 0.17 0.11 0.15 0.18 -1 -1 -1 -1
Evo 1.03 1.00 1.00 1.00 1.00 1.00 1.00 0.00 0.00 0.00 0.03 0.58 0 0
Result 1 16.0 150 0.44 0.23 0.15 0.17 0.17 0.11 0.19 -1 -1 -1 -1
Evo 1.01 1.00 1.00 1.00 1.00 1.00 1.00 0.00 0.00 0.00 0.05 0.62 0 0
Result 1 2.0 169 0.41 0.22 0.15 0.15 0.16 0.15 0.17 -1 -1 -1 -1
Evo 1.01 1.00 1.00 1.00 1.00 1.00 1.00 0.00 0.00 0.00 0.02 0.56 0 0
Result 1 2.0 118 0.41 0.18 0.16 0.15 0.13 0.23 0.14 -1 -1 -1 -1
Evo 1.02 1.00 1.00 1.00 1.00 1.00 1.00 0.00 0.00 0.00 0.06 0.52 0 0
Result 1 2.0 148 0.42 0.15 0.16 0.15 0.15 0.15 0.23 -1 -1 -1 -1
Evo 1.02 1.00 1.00 1.00 1.00 1.00 1.00 0.00 0.00 0.00 0.06 0.78 0 0
Result 1 2.0 108 0.35 0.15 0.21 0.11 0.15 0.25 0.14 -1 -1 -1 -1
Evo 1.01 1.00 1.00 1.00 1.00 1.00 1.00 0.00 0.00 0.00 0.06 0.75 0 0
Result 1 2.0 184 0.41 0.18 0.19 0.15 0.18 0.15 0.16 -1 -1 -1 -1
Evo 1.01 1.00 1.00 1.00 1.00 1.00 1.00 0.00 0.00 0.00 0.05 0.56 0 0
Result 1 2.0 121 0.45 0.07 0.17 0.19 0.16 0.15 0.26 -1 -1 -1 -1
Evo 1.01 1.00 1.00 1.00 1.00 1.00 1.00 0.00 0.00 0.00 0.04 0.65 0 0
Result 1 2.0 105 0.36 0.20 0.18 0.11 0.14 0.18 0.19 -1 -1 -1 -1
Evo 1.02 1.00 1.00 1.00 1.00 1.00 1.00 0.00 0.00 0.00 0.04 0.63 0 0
Result 1 2.0 110 0.44 0.12 0.18 0.17 0.15 0.20 0.18 -1 -1 -1 -1
Evo 1.01 1.00 1.00 1.00 1.00 1.00 1.00 0.00 0.00 0.00 0.07 0.73 0 0
Result 1 2.0 183 0.42 0.23 0.13 0.16 0.18 0.17 0.14 -1 -1 -1 -1
Evo 1.01 1.00 1.00 1.00 1.00 1.00 1.00 0.00 0.00 0.00 0.04 0.63 0 0
Result 1 2.0 175 0.44 0.18 0.15 0.18 0.17 0.14 0.19 -1 -1 -1 -1
Evo 1.01 1.00 1.00 1.00 1.00 1.00 1.00 0.00 0.00 0.00 0.03 0.63 0 0
Result 1 2.0 106 0.35 0.19 0.17 0.11 0.17 0.18 0.19 -1 -1 -1 -1
Evo 1.01 1.00 1.00 1.00 1.00 1.00 1.00 0.00 0.00 0.00 0.04 0.50 0 0
Result 1 2.0 139 0.42 0.18 0.16 0.16 0.16 0.16 0.17 -1 -1 -1 -1
Evo 1.05 0.00 1.00 0.95 1.00 1.00 1.00 0.23 0.02 0.23 0.06 0.68 0 0
Result 1 2.0 110 0.31 0.14 0.16 0.09 0.15 0.24 0.21 -1 -1 -1 -1
Evo 1.01 1.00 1.00 1.00 1.00 1.00 1.00 0.00 0.00 0.00 0.05 0.44 0 0
Result 1 2.0 137 0.38 0.14 0.17 0.13 0.19 0.14 0.22 -1 -1 -1 -1
Evo 1.01 1.00 1.00 1.00 1.00 1.00 1.00 0.00 0.00 0.00 0.05 0.58 0 0
Result 1 2.0 141 0.39 0.15 0.16 0.13 0.21 0.18 0.16 -1 -1 -1 -1
Evo 1.01 1.00 1.00 1.00 1.00 1.00 1.00 0.00 0.00 0.00 0.04 0.77 0 0
Result 1 2.0 147 0.45 0.14 0.13 0.19 0.13 0.21 0.20 -1 -1 -1 -1
Evo 1.01 1.00 1.00 1.00 1.00 1.00 1.00 0.00 0.00 0.00 0.05 0.68 0 0
Result 1 2.0 100 0.38 0.18 0.18 0.13 0.15 0.17 0.20 -1 -1 -1 -1
Evo 1.01 1.00 1.00 1.00 1.00 1.00 1.00 0.00 0.00 0.00 0.06 0.52 0 0
Result 1 2.0 166 0.43 0.20 0.16 0.17 0.17 0.13 0.17 -1 -1 -1 -1
Evo 1.01 1.00 1.00 1.00 1.00 1.00 1.00 0.00 0.00 0.00 0.07 1.02 0 0
Result 1 2.0 98 0.42 0.21 0.11 0.16 0.10 0.24 0.17 -1 -1 -1 -1
Evo 1.02 1.00 1.00 1.00 1.00 1.00 1.00 0.00 0.00 0.00 0.05 0.72 0 0
Result 1 2.0 115 0.42 0.21 0.17 0.16 0.18 0.15 0.14 -1 -1 -1 -1
Evo 1.00 0.00 0.50 0.13 0.00 0.00 0.50 0.22 0.01 0.50 0.14 0.98 -1 0
Result 0 2.0 275 0.43 0.18 0.18 0.16 0.19 0.12 0.16 -1 -1 -1 -1
Evo 1.03 0.50 1.00 0.92 1.00 1.00 1.00 0.18 0.01 0.41 0.08 0.65 13 0
Result 1 5.0 197 0.44 0.20 0.15 0.18 0.17 0.16 0.15 -1 -1 -1 -1
Evo 1.02 0.50 1.00 0.88 0.50 1.00 1.00 0.22 0.01 0.50 0.08 0.70 66 0
Result 1 5.0 264 0.45 0.16 0.14 0.19 0.15 0.15 0.20 -1 -1 -1 -1
Evo 1.01 0.00 1.00 0.84 0.50 1.00 1.00 0.24 0.01 0.52 0.09 0.61 91 0
Result 1 5.0 294 0.48 0.16 0.16 0.22 0.14 0.16 0.17 -1 -1 -1 -1
Evo 1.01 0.00 1.00 0.14 0.00 0.00 0.50 0.25 0.01 0.49 0.12 0.72 3 0
Result 0 2.0 275 0.42 0.20 0.15 0.16 0.13 0.22 0.14 -1 -1 -1 -1
Evo 1.02 0.00 0.00 0.00 0.00 0.00 0.00 0.00 0.00 0.00 0.03 0.48 -1 0
Result 0 -2.0 66 0.44 0.27 0.21 0.18 0.10 0.12 0.12 -1 -1 -1 -1
Evo 1.02 0.00 0.00 0.00 0.00 0.00 0.00 0.00 0.00 0.00 0.02 0.44 -1 0
Result 0 -2.0 66 0.46 0.28 0.16 0.19 0.13 0.12 0.10 -1 -1 -1 -1
Evo 1.01 0.50 1.00 0.90 1.00 1.00 1.00 0.20 0.01 0.47 0.08 0.56 50 0
Result 1 5.0 242 0.42 0.20 0.12 0.16 0.12 0.16 0.23 -1 -1 -1 -1
Evo 1.00 0.50 1.00 0.92 1.00 1.00 1.00 0.19 0.01 0.43 0.09 0.71 40 0
Result 1 5.0 242 0.45 0.14 0.14 0.18 0.21 0.17 0.15 -1 -1 -1 -1
Evo 1.02 0.50 1.00 0.89 1.00 1.00 1.00 0.21 0.01 0.49 0.10 0.64 57 0
Result 1 5.0 253 0.43 0.17 0.15 0.17 0.17 0.19 0.17 -1 -1 -1 -1
Evo 1.02 0.00 0.00 0.00 0.00 0.00 0.00 0.00 0.00 0.00 0.03 0.40 -1 0
Result 0 -2.0 66 0.41 0.16 0.16 0.15 0.21 0.16 0.15 -1 -1 -1 -1
Evo 1.00 0.50 1.00 0.95 1.00 1.00 1.00 0.15 0.01 0.33 0.06 0.70 21 0
Result 1 5.0 209 0.42 0.17 0.17 0.16 0.14 0.17 0.20 -1 -1 -1 -1
Evo 1.02 0.00 0.00 0.00 0.00 0.00 0.00 0.00 0.00 0.00 0.03 0.46 -1 0
Result 0 -2.0 66 0.43 0.21 0.21 0.16 0.16 0.12 0.13 -1 -1 -1 -1
Evo 1.00 0.50 1.00 0.95 1.00 1.00 1.00 0.15 0.01 0.34 0.10 0.56 24 0
Result 1 5.0 253 0.39 0.15 0.15 0.14 0.19 0.19 0.18 -1 -1 -1 -1
Evo 1.02 0.00 0.00 0.00 0.00 0.00 0.00 0.00 0.00 0.00 0.02 0.40 -1 0
Result 0 -2.0 66 0.39 0.12 0.25 0.13 0.19 0.13 0.16 -1 -1 -1 -1
Evo 1.00 0.00 0.50 0.13 0.00 0.00 0.50 0.22 0.01 0.50 0.12 0.81 -1 0
Result 0 2.0 275 0.43 0.11 0.21 0.16 0.15 0.19 0.17 -1 -1 -1 -1
Evo 1.02 0.00 0.00 0.00 0.00 0.00 0.00 0.00 0.00 0.00 0.04 0.48 -1 0
Result 0 -2.0 66 0.46 0.06 0.21 0.19 0.27 0.15 0.12 -1 -1 -1 -1
Evo 1.02 0.00 0.00 0.00 0.00 0.00 0.00 0.00 0.00 0.00 0.03 0.54 -1 0
Result 0 -2.0 66 0.44 0.19 0.18 0.18 0.15 0.18 0.12 -1 -1 -1 -1
Evo 1.02 0.00 0.00 0.00 0.00 0.00 0.00 0.00 0.00 0.00 0.01 0.36 -1 0
Result 0 -2.0 66 0.46 0.21 0.12 0.19 0.18 0.15 0.15 -1 -1 -1 -1
Evo 1.02 0.00 0.00 0.00 0.00 0.00 0.00 0.00 0.00 0.00 0.02 0.40 -1 0
Result 0 -2.0 66 0.44 0.15 0.15 0.18 0.22 0.16 0.13 -1 -1 -1 -1
Evo 1.01 1.00 1.00 1.00 1.00 1.00 1.00 0.00 0.00 0.00 0.09 0.63 0 -1
Result 1 1.0 163 0.41 0.18 0.15 0.15 0.21 0.16 0.15 -1 -1 -1 -1
Evo 1.01 1.00 1.00 1.00 1.00 1.00 1.00 0.00 0.00 0.00 0.05 1.11 0 -1
Result 1 2.0 110 0.45 0.21 0.16 0.19 0.10 0.19 0.15 -1 -1 -1 -1
Evo 1.01 1.00 1.00 1.00 1.00 1.00 1.00 0.00 0.00 0.00 0.06 0.70 0 -1
Result 1 1.0 143 0.39 0.12 0.16 0.13 0.17 0.22 0.19 -1 -1 -1 -1
Evo 1.01 1.00 1.00 1.00 1.00 1.00 1.00 0.00 0.00 0.00 0.10 1.00 0 -1
Result 1 1.0 179 0.37 0.22 0.19 0.12 0.13 0.22 0.13 -1 -1 -1 -1
Evo 1.01 1.00 1.00 1.00 1.00 1.00 1.00 0.00 0.00 0.00 0.05 0.60 0 -1
Result 1 1.0 177 0.42 0.16 0.13 0.16 0.22 0.20 0.13 -1 -1 -1 -1
Evo 1.01 1.00 1.00 1.00 1.00 1.00 1.00 0.00 0.00 0.00 0.08 0.74 0 -1
Result 1 2.0 135 0.34 0.13 0.20 0.10 0.21 0.15 0.21 -1 -1 -1 -1
Evo 1.01 1.00 1.00 1.00 1.00 1.00 1.00 0.00 0.00 0.00 0.06 0.81 0 -1
Result 1 1.0 137 0.37 0.17 0.13 0.12 0.20 0.18 0.19 -1 -1 -1 -1
Evo 1.01 1.00 1.00 1.00 1.00 1.00 1.00 0.00 0.00 0.00 0.05 0.83 0 -1
Result 1 1.0 155 0.42 0.12 0.13 0.16 0.19 0.21 0.20 -1 -1 -1 -1
Evo 1.01 1.00 1.00 1.00 1.00 1.00 1.00 0.00 0.00 0.00 0.05 0.76 0 -1
Result 1 1.0 170 0.46 0.16 0.16 0.19 0.16 0.16 0.16 -1 -1 -1 -1
Evo 1.01 1.00 1.00 1.00 1.00 1.00 1.00 0.00 0.00 0.00 0.04 0.83 0 -1
Result 1 1.0 148 0.37 0.15 0.15 0.12 0.18 0.17 0.21 -1 -1 -1 -1
Evo 1.01 1.00 1.00 1.00 1.00 1.00 1.00 0.00 0.00 0.00 0.05 0.91 0 -1
Result 1 1.0 143 0.44 0.17 0.17 0.17 0.15 0.17 0.17 -1 -1 -1 -1
Evo 1.00 1.00 1.00 1.00 1.00 1.00 1.00 0.00 0.00 0.00 0.08 0.85 0 -1
Result 1 1.0 209 0.45 0.18 0.16 0.18 0.17 0.13 0.19 -1 -1 -1 -1
Evo 1.01 1.00 1.00 1.00 1.00 1.00 1.00 0.00 0.00 0.00 0.08 0.81 0 -1
Result 1 1.0 165 0.40 0.15 0.16 0.14 0.19 0.18 0.17 -1 -1 -1 -1
Evo 1.01 1.00 1.00 1.00 1.00 1.00 1.00 0.00 0.00 0.00 0.07 0.93 0 -1
Result 1 1.0 165 0.44 0.14 0.14 0.17 0.12 0.21 0.22 -1 -1 -1 -1
Evo 1.01 1.00 1.00 1.00 1.00 1.00 1.00 0.00 0.00 0.00 0.06 0.75 0 -1
Result 1 2.0 149 0.43 0.19 0.15 0.17 0.18 0.18 0.13 -1 -1 -1 -1
Evo 1.01 1.00 1.00 1.00 1.00 1.00 1.00 0.00 0.00 0.00 0.05 0.63 0 -1
Result 1 1.0 157 0.44 0.20 0.09 0.17 0.19 0.20 0.15 -1 -1 -1 -1
Evo 1.01 1.00 1.00 1.00 1.00 1.00 1.00 0.00 0.00 0.00 0.05 0.69 0 -1
Result 1 1.0 180 0.42 0.19 0.13 0.16 0.18 0.18 0.15 -1 -1 -1 -1
Evo 1.01 1.00 1.00 1.00 1.00 1.00 1.00 0.00 0.00 0.00 0.06 0.98 0 -1
Result 1 1.0 187 0.45 0.21 0.18 0.19 0.14 0.15 0.14 -1 -1 -1 -1
Evo 1.01 1.00 1.00 1.00 1.00 1.00 1.00 0.00 0.00 0.00 0.05 0.76 0 -1
Result 1 1.0 165 0.40 0.20 0.16 0.14 0.18 0.14 0.17 -1 -1 -1 -1
Evo 1.01 1.00 1.00 1.00 1.00 1.00 1.00 0.00 0.00 0.00 0.07 0.70 0 -1
Result 1 1.0 196 0.44 0.15 0.12 0.18 0.16 0.22 0.17 -1 -1 -1 -1
