Result 1 10.0 1405 622185803
Result 1 6.0 1565 764235515
Result 1 10.0 1455 1438029355
Result 1 5.0 1520 390370684
Result 0 3.0 2000 -175443620
Result 1 15.0 1184 1157188910
Result 1 8.0 1856 -2112710370
Result 1 5.0 1745 1457990336
Result 1 17.0 1130 -1629548191
Result 1 5.0 1254 1923237936
Result 1 4.0 1909 1361544270
Result 1 13.0 1331 838512585
Result 1 18.0 1169 -233854643
Result 1 9.0 1204 1620103348
Result 1 13.0 1060 -533688295
Result 1 12.0 1176 -1806362495
Result 0 1.0 1208 527255130
Result 1 12.0 1319 229063438
Result 1 4.0 1584 90265184
Result 1 13.0 1485 -311003101
Result 1 18.0 1269 -719440847
Result 0 -10.0 1134 -691740617
Result 0 2.0 2000 -100209645
Result 1 11.0 1142 -1023222005
Result 1 14.0 1394 1308241293
Result 1 4.0 1824 -203251632
Result 1 4.0 1844 1028685760
Result 1 10.0 1282 1083465706
Result 1 4.0 1280 -1893667327
Result 1 7.0 1533 -778015759
Result 0 -4.0 1718 361588324
Result 1 6.0 1821 1398511792
Result 0 1.0 2000 -1171115004
Result 0 3.0 2000 28615655
Result 1 5.0 1430 438833389
Result 0 -6.0 1083 436432979
Result 1 11.0 1187 470737757
Result 1 12.0 1305 15586811
Result 1 11.0 1384 544114977
Result 1 9.0 1529 -722386718
Result 1 13.0 1502 2096397573
Result 1 9.0 1440 63939883
Result 1 6.0 1642 -889740675
Result 0 -8.0 1248 774203078
Result 0 5.0 2000 105685629
Result 1 15.0 1782 1556263185
Result 1 13.0 1502 208838355
Result 1 3.0 1640 434152287
Result 0 2.0 2000 -465447267
Result 0 3.0 2000 454117024
Result 0 -11.0 1253 2143612837
Result 0 -8.0 1139 -877382041
Result 1 6.0 1797 -137546143
Result 1 15.0 1541 949527116
Result 1 14.0 1028 -67813369
Result 1 5.0 1530 -1455338354
Result 0 -11.0 1078 -575829561
Result 1 4.0 1269 -446105468
Result 1 19.0 1682 953368044
Result 0 -4.0 1406 2074651641
Result 1 18.0 1106 805262265
Result 1 12.0 1296 -480528400
Result 1 15.0 1637 -485123925
Result 1 18.0 974 -1343514114
Result 1 12.0 1654 612732793
Result 1 13.0 1479 -1826992626
Result 1 8.0 1254 689147614
Result 1 15.0 1400 978554957
Result 1 6.0 1287 939656513
Result 1 6.0 1475 -1108994568
Result 1 13.0 1123 425261676
Result 1 15.0 1270 894997280
Result 1 11.0 1090 506413147
Result 1 9.0 1585 90194775
Result 1 18.0 1024 1863755845
Result 1 8.0 1102 1292351686
Result 1 20.0 1042 -463519111
Result 1 12.0 1647 1178376878
Result 1 7.0 908 753349518
Result 1 19.0 945 -262697162
Result 1 13.0 1143 -1756287041
Result 1 14.0 1115 -57777462
Result 1 9.0 1100 -338427769
Result 1 18.0 1046 -1409548713
Result 1 10.0 1206 -102744718
Result 1 16.0 854 1152828488
Result 1 5.0 1754 -436173319
Result 1 3.0 1371 1708725105
Result 1 15.0 1233 -724526100
Result 1 15.0 1264 1095279328
Result 1 12.0 1266 409120
Result 1 11.0 1651 356120251
Result 1 14.0 1283 -787435448
Result 1 16.0 1342 258992374
Result 1 12.0 1385 657212187
Result 1 12.0 1474 -600776914
Result 1 4.0 1586 -777446989
Result 0 11.0 1433 -1653098490
Result 1 15.0 1641 1186225333
Result 0 2.0 2000 1196883195
