Result 0 -1.0 79 -995414199
Result 0 -1.0 79 -945893309
Result 0 -1.0 79 -9015805
Result 0 -1.0 79 -958285425
Result 0 -1.0 79 -1139687394
Result 0 -1.0 79 -256323361
Result 0 -1.0 79 -161634680
Result 0 -1.0 79 -758171367
Result 0 -1.0 79 292953633
Result 0 -1.0 79 1195495088
Result 0 -1.0 79 -588783612
Result 0 -1.0 79 1097314660
Result 0 -1.0 79 1307507327
Result 0 -1.0 79 448641542
Result 0 -1.0 79 -1108601286
Result 0 -1.0 79 277802050
Result 0 -1.0 79 -133905526
Result 0 -1.0 79 1431495216
Result 0 -1.0 79 1504506771
Result 0 -1.0 79 1844144010
Result 0 -1.0 79 -1086686864
Result 0 -1.0 79 2002077055
Result 0 -1.0 79 -562188151
Result 0 -1.0 79 -1860307657
Result 0 -1.0 79 -539747631
Result 0 -1.0 79 816805030
Result 0 -1.0 79 623698614
Result 0 -1.0 79 -423566040
Result 0 -1.0 79 -774435617
Result 0 -1.0 79 -885751128
Result 0 -1.0 79 -357123524
Result 0 -1.0 79 1080973271
Result 0 -1.0 79 -430510101
Result 0 -1.0 79 -1756663423
Result 0 -1.0 79 -395674539
Result 0 -1.0 79 61485753
Result 0 -1.0 79 69625198
Result 0 -1.0 79 -208606596
Result 0 -1.0 79 -1371986440
Result 0 -1.0 79 194605472
Result 0 -1.0 79 -99222075
Result 0 -1.0 79 251690107
Result 0 -1.0 79 2013816495
Result 0 -1.0 79 -476743830
Result 0 -1.0 79 1176685885
Result 0 -1.0 79 -800339129
Result 0 -1.0 79 -653966947
Result 0 -1.0 79 1502133762
Result 0 -1.0 79 611943711
Result 0 -1.0 79 1307703922
Result 0 -1.0 79 -2029692689
Result 0 -1.0 79 1891078051
Result 0 -1.0 79 1270696437
Result 0 -1.0 79 -609706604
Result 0 -1.0 79 -1209408772
Result 0 -1.0 79 -1123332644
Result 0 -1.0 79 -947819342
Result 0 -1.0 79 -728797311
Result 0 -1.0 79 -1467692251
Result 0 -1.0 79 1789557446
Result 0 0.0 2000 -439352098
Result 1 1.0 1840 1410981792
Result 0 0.0 2000 -1087219527
Result 0 0.0 2000 267372268
Result 0 0.0 2000 -376429955
Result 0 0.0 2000 -598132864
Result 0 0.0 2000 -79664480
Result 0 0.0 2000 980277481
Result 1 1.0 729 -2039972203
Result 0 0.0 2000 -75197178
Result 0 0.0 2000 -146816117
Result 0 0.0 2000 850299112
Result 0 0.0 2000 -1175790414
Result 0 0.0 2000 1807917971
Result 0 0.0 2000 -2122526189
Result 0 0.0 2000 -787121579
Result 0 0.0 2000 404448475
Result 0 0.0 2000 407482898
Result 1 1.0 1901 1506454991
Result 1 1.0 1552 -818852944
Result 0 -1.0 177 -1917593054
Result 0 -1.0 177 1845130827
Result 0 -1.0 177 -769951166
Result 0 -1.0 177 -930001425
Result 0 -1.0 177 -1183901794
Result 0 -1.0 177 1731148814
Result 0 -1.0 177 225700745
Result 0 -1.0 177 1780177862
Result 0 -1.0 177 -798927655
Result 0 -1.0 177 -1253668523
Result 0 -1.0 177 -443867191
Result 0 -1.0 177 -53040422
Result 0 -1.0 177 1074980852
Result 0 -1.0 177 -592656682
Result 0 -1.0 177 -1039700635
Result 0 -1.0 177 -991613916
Result 0 -1.0 177 -1600908015
Result 0 -1.0 177 -510681418
Result 0 -1.0 177 -383057283
Result 0 -1.0 177 -680663518
