Result 0 -1.0 849 -1274336806
Result 0 0.0 2000 1994123423
Result 0 -1.0 387 1039660624
Result 0 -1.0 399 -263367706
Result 0 -1.0 1191 -82655489
Result 0 -1.0 241 -961564008
Result 0 -1.0 237 -1501706870
Result 0 -1.0 567 383900263
Result 0 -1.0 970 1395766021
Result 0 -1.0 150 1783985677
Result 0 0.0 2000 1726762951
Result 1 5.0 1677 -1590467848
Result 0 -1.0 312 -238990087
Result 0 -2.0 363 -1676487369
Result 0 -1.0 555 1509089938
Result 0 -1.0 1506 -1579285459
Result 0 -1.0 360 1221584202
Result 0 -1.0 864 -580261984
Result 0 0.0 2000 535157590
Result 0 -1.0 63 1788289603
Result 0 0.0 2000 -528891660
Result 0 -1.0 1086 1029545558
Result 0 -1.0 1113 1125080888
Result 0 -1.0 363 -1257680989
Result 0 -1.0 207 159838762
Result 1 5.0 1286 816950103
Result 0 -1.0 771 60881224
Result 1 5.0 1944 -124595393
Result 0 0.0 2000 -1781616193
Result 0 -1.0 1999 -1827846649
Result 1 5.0 845 -1838755817
Result 0 -1.0 825 -238860599
Result 0 0.0 2000 1347637181
Result 0 -1.0 1491 849075937
Result 0 -1.0 696 1164524334
Result 0 -1.0 426 -148546431
Result 0 0.0 2000 -1716360165
Result 0 0.0 2000 1842891288
Result 0 -1.0 1710 227385186
Result 1 5.0 412 1804574345
Result 0 -1.0 1254 1180090328
Result 0 -1.0 131 2010911265
Result 0 0.0 2000 -1757914034
Result 1 5.0 424 -1567347158
Result 0 -1.0 305 2108130868
Result 1 5.0 593 1749183004
Result 0 -1.0 269 1021528134
Result 1 5.0 1036 -1401180040
Result 0 -1.0 954 1671465970
Result 0 -1.0 582 -649176447
Result 0 -1.0 384 -1028001468
Result 0 0.0 2000 -842433412
Result 0 0.0 2000 -295697563
Result 1 5.0 553 2053172999
Result 0 -1.0 54 66164287
Result 0 -1.0 42 1661742248
Result 0 0.0 2000 -1223645901
Result 0 -1.0 1803 42843127
Result 1 5.0 1712 -1864855738
Result 0 -1.0 588 262432594
Result 0 0.0 2000 -268422601
Result 0 -1.0 360 -472596439
Result 1 5.0 1096 -171110478
Result 0 -1.0 1857 -1407701455
Result 0 -1.0 895 1415428472
Result 0 -1.0 183 1808588567
Result 0 -1.0 126 -1501940824
Result 0 0.0 2000 1209053529
Result 0 -1.0 1626 -1393312687
Result 0 0.0 2000 1664191485
Result 0 0.0 2000 -1518248549
Result 0 0.0 2000 752730362
Result 0 -1.0 978 -386623282
Result 0 -1.0 419 -1119570915
Result 0 0.0 2000 -1090132069
Result 0 -1.0 1038 -415638655
Result 0 0.0 2000 -53788757
Result 0 -1.0 468 -1136155099
Result 0 -1.0 170 -1946205704
Result 0 -1.0 1060 -1546365972
Result 0 -1.0 995 -1334784277
Result 0 -1.0 471 -2112257906
Result 0 -1.0 1026 1785006239
Result 0 0.0 2000 -893081942
Result 0 0.0 2000 1623092896
Result 0 -1.0 1218 -1323175206
Result 0 0.0 2000 400967541
Result 1 5.0 1888 -1851760783
Result 0 0.0 2000 -1535785944
Result 0 0.0 2000 -1646916321
Result 0 0.0 2000 -913149811
Result 0 -1.0 1473 -690448190
Result 0 -1.0 728 872393835
Result 0 -1.0 322 153207639
Result 0 -1.0 1068 1081714526
Result 0 -1.0 894 876526999
Result 0 0.0 2000 821623983
Result 0 -1.0 701 1789813678
Result 0 0.0 2000 -827508740
Result 0 -1.0 909 -1504375681
