Evo 59.90 -6555551.80 10000004.27 -199141.62 -208264.45 4.61 50.65 1249211.19 39483.79 0.01 0.70 0.98 991 43
Result 1 80.0 1000 0.45 0.15 0.17 0.17 0.16 0.17 0.18 -1 -1 -1 -1
Evo 60.53 -7499999.48 10000003.99 -453596.54 -588229.29 0.70 42.62 1528247.52 48303.28 0.01 0.38 0.50 991 97
Result 1 64.0 1000 0.45 0.17 0.15 0.19 0.15 0.16 0.19 -1 -1 -1 -1
Evo 66.30 -7444440.78 10000001.95 -260131.30 0.61 16.61 58.62 1442680.15 45598.76 0.01 0.64 0.98 991 40
Result 1 64.0 1000 0.44 0.16 0.15 0.18 0.14 0.17 0.19 -1 -1 -1 -1
Evo 65.44 -8380941.89 10000003.68 -344739.75 -434764.64 2.62 26.61 1410119.56 44569.62 0.01 0.31 0.42 991 38
Result 1 50.0 1000 0.44 0.17 0.17 0.17 0.15 0.16 0.16 -1 -1 -1 -1
Evo 63.92 -5757575.41 10000004.38 -265469.30 0.61 16.12 40.70 1276033.75 40331.57 0.01 0.69 0.90 991 29
Result 1 62.0 1000 0.44 0.16 0.16 0.18 0.15 0.17 0.17 -1 -1 -1 -1
Evo 75.13 -6836723.03 10000004.32 -102047.99 2.61 24.62 34.61 1257680.44 39751.48 0.01 0.38 0.53 991 137
Result 1 50.0 1000 0.45 0.16 0.16 0.18 0.15 0.16 0.19 -1 -1 -1 -1
Evo 61.62 -4516125.19 10000003.80 -107861.19 0.61 28.61 54.67 1160355.28 36675.32 0.01 0.64 0.97 991 38
Result 1 72.0 1000 0.47 0.14 0.15 0.16 0.17 0.18 0.21 -1 -1 -1 -1
Evo 70.93 -4457825.18 10000003.97 -91672.51 2.56 18.61 46.62 1166258.30 36861.90 0.01 0.56 0.68 991 43
Result 1 66.0 1000 0.44 0.15 0.15 0.18 0.16 0.17 0.19 -1 -1 -1 -1
Evo 67.89 -6704533.93 10000004.65 -338381.58 0.61 4.61 24.62 1490805.11 47119.84 0.01 0.25 0.37 991 108
Result 1 52.0 1000 0.44 0.16 0.16 0.21 0.14 0.16 0.17 -1 -1 -1 -1
Evo 62.96 -6869564.60 10000004.07 -382313.01 -270269.81 12.60 50.61 1506211.89 47606.80 0.01 0.51 0.84 991 57
Result 1 58.0 1000 0.45 0.16 0.16 0.17 0.16 0.17 0.19 -1 -1 -1 -1
Evo 82.25 -2580619.80 10000004.65 68296.48 6.57 18.61 34.54 1013791.41 32042.88 0.01 0.34 0.43 991 148
Result 1 52.0 1000 0.45 0.14 0.18 0.18 0.16 0.16 0.18 -1 -1 -1 -1
Evo 72.91 -4166667.82 10000003.52 -7999.70 0.61 30.61 46.58 1077012.05 34041.10 0.01 0.58 0.92 991 29
Result 1 62.0 1000 0.46 0.16 0.15 0.17 0.16 0.17 0.20 -1 -1 -1 -1
Evo 60.39 -4999996.72 10000004.01 -275515.06 -327852.85 6.67 42.21 1315828.09 41589.35 0.01 0.59 0.93 991 105
Result 1 60.0 1000 0.47 0.14 0.16 0.15 0.16 0.17 0.21 -1 -1 -1 -1
Evo 63.84 -8073387.29 10000004.80 -346824.41 -322544.74 14.57 30.61 1469712.19 46453.16 0.01 0.40 0.51 991 35
Result 1 52.0 1000 0.45 0.15 0.14 0.18 0.17 0.16 0.18 -1 -1 -1 -1
Evo 63.63 -5283015.59 10000003.22 -75730.36 4.53 44.91 80.60 1193888.94 37735.22 0.01 0.63 0.97 991 40
Result 1 98.0 1000 0.47 0.14 0.16 0.15 0.17 0.18 0.20 -1 -1 -1 -1
Evo 61.59 -7999997.80 10000005.06 -491084.21 -701722.12 2.61 38.61 1524777.22 48193.60 0.01 0.52 0.71 991 45
Result 1 50.0 1000 0.45 0.15 0.17 0.19 0.16 0.15 0.18 -1 -1 -1 -1
Evo 73.13 -6703290.74 10000005.05 -110292.25 0.61 18.47 30.58 1235941.38 39064.37 0.01 0.39 0.52 991 28
Result 1 50.0 1000 0.47 0.14 0.15 0.18 0.17 0.15 0.20 -1 -1 -1 -1
Evo 64.86 -7857134.13 10000005.09 -236588.16 -204065.60 8.61 26.61 1314253.27 41539.57 0.01 0.47 0.68 991 41
Result 1 66.0 1000 0.45 0.16 0.16 0.17 0.16 0.16 0.18 -1 -1 -1 -1
Evo 55.96 -5858580.62 58.65 -676078.25 -833325.27 0.75 32.62 1233327.65 46582.14 0.01 0.47 0.89 -1 28
Result 0 58.0 700 0.48 0.15 0.17 0.15 0.16 0.16 0.22 -1 -1 -1 -1
Evo 68.62 -5656548.57 10000001.20 -141865.04 2.61 16.68 47.91 1182090.88 37362.32 0.01 0.59 0.80 991 125
Result 1 76.0 1000 0.45 0.14 0.15 0.17 0.17 0.18 0.19 -1 -1 -1 -1
Evo 61.49 -4062476.07 10000005.16 -360779.85 -714252.00 0.61 18.21 1279171.38 40430.74 0.01 0.22 0.38 991 80
Result 1 38.0 1000 0.44 0.15 0.21 0.20 0.10 0.16 0.17 -1 -1 -1 -1
Evo 66.53 -6153837.18 10000003.92 -367647.06 -370364.24 4.62 22.61 1370173.93 43307.06 0.01 0.19 0.30 991 102
Result 1 30.0 1000 0.46 0.18 0.13 0.20 0.18 0.15 0.16 -1 -1 -1 -1
Evo 51.75 -6399996.07 10000004.25 -814808.99 -1521737.12 -416650.87 2.60 1622778.49 51291.12 0.01 0.24 0.44 991 46
Result 1 16.0 1000 0.48 0.15 0.09 0.21 0.20 0.17 0.17 -1 -1 -1 -1
Evo 64.72 -4639154.00 10000002.20 -89925.31 2.57 32.21 48.73 1100540.67 34784.76 0.01 0.53 0.89 991 42
Result 1 70.0 1000 0.46 0.15 0.14 0.17 0.16 0.17 0.19 -1 -1 -1 -1
Evo 64.62 -4691331.90 10000004.52 -102364.23 0.61 12.61 42.63 1127530.45 35637.83 0.01 0.64 0.96 991 168
Result 1 68.0 1000 0.41 0.14 0.17 0.15 0.15 0.18 0.21 -1 -1 -1 -1
Evo 65.47 -2567563.35 10000003.95 -57995.88 4.58 28.37 58.60 1078392.09 34084.71 0.01 0.63 0.96 991 54
Result 1 74.0 1000 0.44 0.15 0.18 0.17 0.14 0.17 0.19 -1 -1 -1 -1
Evo 61.61 -5636349.54 10000004.24 -348046.20 -617238.82 2.61 22.57 1331418.06 42082.10 0.01 0.30 0.45 991 29
Result 1 58.0 1000 0.46 0.16 0.18 0.20 0.13 0.16 0.18 -1 -1 -1 -1
Evo 54.41 -5684201.54 10000005.08 -662919.54 -1052617.16 -243890.33 4.39 1567407.72 49541.02 0.01 0.24 0.48 991 188
Result 1 26.0 1000 0.44 0.17 0.09 0.20 0.21 0.17 0.17 -1 -1 -1 -1
Evo 69.58 -4999987.77 10000004.95 -71725.54 0.61 14.57 44.44 1158196.60 36607.09 0.01 0.46 0.76 991 149
Result 1 80.0 1000 0.43 0.14 0.18 0.16 0.14 0.17 0.21 -1 -1 -1 -1
Evo 63.06 -5454523.80 10000002.19 -362961.59 -571388.46 2.62 34.61 1391144.14 43969.86 0.01 0.30 0.53 991 107
Result 1 50.0 1000 0.44 0.16 0.12 0.17 0.20 0.16 0.18 -1 -1 -1 -1
Evo 59.74 -4285714.40 10000003.48 -332118.34 -609748.49 2.46 22.23 1267438.72 40059.91 0.01 0.38 0.55 991 104
Result 1 42.0 1000 0.43 0.17 0.18 0.18 0.13 0.17 0.16 -1 -1 -1 -1
Evo 72.55 -5894725.19 10000003.12 -157785.71 2.48 10.61 26.77 1254306.85 39644.85 0.01 0.28 0.38 991 122
Result 1 46.0 1000 0.45 0.13 0.18 0.20 0.15 0.16 0.18 -1 -1 -1 -1
Evo 63.04 -5512818.71 60.79 -294412.74 -166662.28 2.64 42.50 702528.38 25300.94 0.01 0.40 0.79 -1 35
Result 0 60.0 770 0.46 0.14 0.19 0.16 0.12 0.19 0.20 -1 -1 -1 -1
Evo 67.81 -5411753.77 10000005.05 -266612.24 -232557.62 4.61 32.62 1329721.77 42028.49 0.01 0.36 0.55 991 71
Result 1 42.0 1000 0.44 0.15 0.14 0.17 0.20 0.15 0.19 -1 -1 -1 -1
Evo 67.73 -5199993.61 10000005.09 -166631.66 -204061.58 6.58 25.09 1224517.84 38703.31 0.01 0.37 0.62 991 94
Result 1 46.0 1000 0.43 0.19 0.18 0.17 0.13 0.17 0.16 -1 -1 -1 -1
Evo 68.19 -4255306.37 10000003.62 -217542.91 -217365.35 6.58 32.61 1231288.28 38917.30 0.01 0.31 0.45 991 53
Result 1 58.0 1000 0.42 0.17 0.16 0.16 0.17 0.14 0.19 -1 -1 -1 -1
Evo 65.48 -7282600.94 10000004.55 -269653.40 -204081.06 4.61 36.57 1356573.44 42877.19 0.01 0.39 0.63 991 15
Result 1 66.0 1000 0.43 0.14 0.14 0.17 0.18 0.17 0.20 -1 -1 -1 -1
Evo 71.04 -4999996.59 10000004.86 -189647.61 0.61 4.62 12.61 1237280.33 39106.69 0.01 0.32 0.42 991 67
Result 1 34.0 1000 0.46 0.17 0.17 0.16 0.16 0.15 0.20 -1 -1 -1 -1
Evo 72.22 -4719079.92 10000002.13 -76558.87 2.61 10.63 40.56 1150004.06 36348.15 0.01 0.34 0.59 991 238
Result 1 40.0 1000 0.43 0.16 0.12 0.19 0.21 0.16 0.16 -1 -1 -1 -1
Evo 54.70 -3269228.42 10000004.50 -491067.55 -1086953.85 0.46 3.27 1309205.04 41380.01 0.01 0.17 0.33 991 31
Result 1 18.0 1000 0.47 0.20 0.20 0.20 0.07 0.15 0.17 -1 -1 -1 -1
Evo 68.79 -7307684.59 10000003.13 -301059.97 -277750.23 4.52 14.61 1424432.12 45021.99 0.01 0.36 0.47 991 31
Result 1 34.0 1000 0.45 0.17 0.17 0.18 0.15 0.14 0.18 -1 -1 -1 -1
Evo 67.83 -5890400.46 10000002.99 -288472.34 -270269.91 4.28 20.45 1362227.48 43055.89 0.01 0.34 0.44 991 29
Result 1 32.0 1000 0.45 0.17 0.16 0.18 0.17 0.16 0.16 -1 -1 -1 -1
Evo 69.32 -9999999.40 10000004.94 -290638.01 -270256.42 2.61 20.53 1432625.81 45280.97 0.01 0.27 0.43 991 29
Result 1 36.0 1000 0.45 0.16 0.17 0.19 0.14 0.15 0.18 -1 -1 -1 -1
Evo 70.81 -5862059.84 10000004.62 -167093.51 0.61 4.57 32.62 1256029.59 39699.30 0.01 0.59 0.97 991 32
Result 1 42.0 1000 0.46 0.15 0.16 0.19 0.17 0.16 0.16 -1 -1 -1 -1
Evo 66.17 -6826915.07 10000004.89 -331472.67 -285706.06 0.62 22.61 1458260.79 46091.22 0.01 0.45 0.63 991 31
Result 1 42.0 1000 0.44 0.17 0.16 0.17 0.17 0.15 0.18 -1 -1 -1 -1
Evo 66.72 -5764703.09 10000004.80 -314221.27 -465064.54 2.61 38.61 1363172.53 43085.76 0.01 0.42 0.58 991 31
Result 1 60.0 1000 0.44 0.17 0.16 0.18 0.14 0.15 0.20 -1 -1 -1 -1
Evo 72.25 -5360815.19 10000003.74 -150201.88 0.61 10.54 30.61 1200444.43 37942.42 0.01 0.65 0.93 991 21
Result 1 36.0 1000 0.43 0.16 0.13 0.18 0.18 0.18 0.16 -1 -1 -1 -1
Evo 65.69 -7346930.48 10000002.67 -380023.24 -555549.48 4.50 10.42 1465544.07 46321.42 0.01 0.32 0.45 991 27
Result 1 40.0 1000 0.45 0.16 0.16 0.18 0.16 0.16 0.18 -1 -1 -1 -1
Evo 74.37 -5760864.20 10000003.63 -104703.29 4.57 14.62 26.62 1090895.23 34479.90 0.01 0.40 0.55 991 19
Result 1 46.0 1000 0.44 0.14 0.16 0.18 0.18 0.16 0.17 -1 -1 -1 -1
Evo 66.81 -6777765.28 9999999.91 -134746.70 0.61 10.61 38.51 1180743.24 37319.72 0.01 0.57 0.74 991 25
Result 1 56.0 1000 0.45 0.16 0.16 0.17 0.15 0.17 0.18 -1 -1 -1 -1
Evo 62.13 -6666662.00 10000003.56 -487543.68 -833333.16 0.61 12.49 1487732.96 47022.74 0.01 0.39 0.52 991 25
Result 1 24.0 1000 0.44 0.13 0.16 0.20 0.16 0.17 0.17 -1 -1 -1 -1
Evo 60.29 -7346932.93 10000004.67 -534086.19 -941174.60 2.37 12.61 1495692.59 47274.32 0.01 0.28 0.40 991 29
Result 1 28.0 1000 0.42 0.14 0.17 0.20 0.17 0.15 0.16 -1 -1 -1 -1
Evo 70.80 -7113403.15 10000003.67 -140767.38 0.61 8.57 28.61 1258892.42 39789.78 0.01 0.51 0.80 991 24
Result 1 54.0 1000 0.43 0.17 0.17 0.18 0.15 0.16 0.17 -1 -1 -1 -1
Evo 67.66 -6265061.79 10000003.27 -120184.55 2.61 12.55 32.68 1215023.02 38403.20 0.01 0.58 0.97 991 13
Result 1 48.0 1000 0.43 0.16 0.15 0.16 0.16 0.18 0.19 -1 -1 -1 -1
Evo 64.99 -6117640.12 10000003.04 -311556.22 -253148.73 10.73 30.11 1383419.65 43725.71 0.01 0.54 0.82 991 24
Result 1 42.0 1000 0.44 0.16 0.15 0.17 0.14 0.17 0.20 -1 -1 -1 -1
Evo 63.35 -5657878.91 10000004.95 -444738.04 -759493.70 2.61 34.57 1428018.83 45135.36 0.01 0.36 0.62 991 22
Result 1 42.0 1000 0.45 0.15 0.18 0.18 0.17 0.14 0.18 -1 -1 -1 -1
Evo 64.17 -7184461.29 10000005.07 -507351.73 -754690.87 4.38 16.60 1585183.48 50102.86 0.01 0.25 0.34 991 28
Result 1 28.0 1000 0.44 0.17 0.16 0.18 0.15 0.16 0.17 -1 -1 -1 -1
Evo 62.23 -5670100.84 10000001.52 -396640.06 -731705.05 4.61 24.61 1311590.21 41455.40 0.01 0.44 0.65 991 15
Result 1 36.0 1000 0.44 0.17 0.16 0.18 0.15 0.17 0.17 -1 -1 -1 -1
Evo 62.09 -7032957.92 10000003.38 -390079.47 -571409.30 0.62 22.61 1419810.94 44875.93 0.01 0.34 0.52 991 20
Result 1 54.0 1000 0.46 0.17 0.18 0.16 0.15 0.14 0.20 -1 -1 -1 -1
Evo 70.88 -7647053.38 10000004.66 -241644.67 0.61 10.58 42.61 1428776.14 45159.29 0.01 0.21 0.30 991 13
Result 1 54.0 1000 0.45 0.15 0.15 0.18 0.19 0.14 0.19 -1 -1 -1 -1
Evo 59.80 -6632655.85 10000003.02 -229165.41 0.61 40.61 64.57 1249183.87 39482.93 0.01 0.57 0.91 991 10
Result 1 82.0 1000 0.43 0.16 0.15 0.17 0.14 0.17 0.21 -1 -1 -1 -1
Evo 62.66 -6097560.68 10000003.31 -260895.58 0.60 16.62 38.73 1346974.54 42573.79 0.01 0.71 1.00 991 24
Result 1 56.0 1000 0.42 0.15 0.18 0.16 0.15 0.18 0.18 -1 -1 -1 -1
Evo 56.05 -6860451.10 10000005.00 -511177.46 -958899.79 2.53 36.47 1468095.70 46402.07 0.01 0.57 0.76 991 14
Result 1 50.0 1000 0.46 0.17 0.17 0.19 0.13 0.17 0.17 -1 -1 -1 -1
Evo 59.82 -5747128.72 10000004.85 -439647.64 -655737.22 14.46 42.68 1465491.26 46319.75 0.01 0.44 0.69 991 27
Result 1 60.0 1000 0.44 0.16 0.17 0.19 0.15 0.16 0.17 -1 -1 -1 -1
Evo 64.39 -6632644.52 10000004.80 -413014.28 -499997.50 4.55 24.54 1483325.26 46883.43 0.01 0.29 0.41 991 30
Result 1 54.0 1000 0.46 0.19 0.14 0.19 0.18 0.14 0.16 -1 -1 -1 -1
Evo 60.58 -6615373.51 10000004.22 -337948.60 -232489.24 18.62 46.61 1404270.46 44384.74 0.01 0.72 0.99 991 31
Result 1 74.0 1000 0.45 0.15 0.17 0.14 0.17 0.17 0.19 -1 -1 -1 -1
Evo 68.40 -6666663.49 10000004.81 -226958.21 2.61 30.61 46.61 1356056.88 42860.86 0.01 0.32 0.50 991 22
Result 1 70.0 1000 0.45 0.16 0.15 0.18 0.16 0.16 0.19 -1 -1 -1 -1
Evo 69.57 -4827586.11 66.70 -220800.15 0.61 28.61 30.62 665356.48 21924.24 0.01 0.62 0.91 -1 25
Result 0 66.0 920 0.42 0.13 0.15 0.16 0.17 0.18 0.22 -1 -1 -1 -1
Evo 47.58 -8901098.20 10000004.18 -929803.07 -1666660.98 -444442.22 20.47 1762205.81 55698.00 0.01 0.29 0.41 991 14
Result 1 42.0 1000 0.45 0.18 0.12 0.19 0.17 0.14 0.19 -1 -1 -1 -1
Evo 59.51 -6666658.53 10000003.65 -435659.93 -576914.92 10.61 36.58 1488544.07 47048.38 0.01 0.43 0.69 991 25
Result 1 72.0 1000 0.46 0.16 0.17 0.16 0.15 0.16 0.19 -1 -1 -1 -1
Evo 67.32 -4687499.26 10000004.59 -46954.41 2.61 22.62 42.61 1123188.44 35500.59 0.01 0.48 0.80 991 16
Result 1 90.0 1000 0.42 0.17 0.14 0.16 0.16 0.17 0.20 -1 -1 -1 -1
Evo 72.26 -6195639.34 10000003.76 -41576.58 0.61 30.60 52.58 1171910.05 37040.53 0.01 0.58 0.89 991 32
Result 1 68.0 1000 0.43 0.13 0.17 0.16 0.16 0.17 0.20 -1 -1 -1 -1
Evo 55.29 -7755098.67 10000004.66 -568808.08 -789473.59 12.04 46.61 1508629.45 47683.22 0.01 0.68 1.00 991 24
Result 1 60.0 1000 0.45 0.15 0.16 0.18 0.16 0.17 0.18 -1 -1 -1 -1
Evo 68.42 -5599981.37 10000003.80 -175362.08 0.61 12.59 38.61 1251035.66 39541.46 0.01 0.49 0.61 991 24
Result 1 54.0 1000 0.42 0.18 0.15 0.18 0.15 0.17 0.16 -1 -1 -1 -1
Evo 52.73 -7619043.15 10000002.64 -794760.00 -1445760.59 0.42 18.67 1702821.50 53821.04 0.01 0.36 0.51 991 23
Result 1 60.0 1000 0.44 0.16 0.15 0.19 0.17 0.15 0.17 -1 -1 -1 -1
Evo 55.00 -7115382.22 10000004.29 -662528.54 -1044740.17 0.61 30.62 1684679.06 53247.61 0.01 0.36 0.49 991 28
Result 1 66.0 1000 0.45 0.16 0.15 0.19 0.15 0.15 0.20 -1 -1 -1 -1
Evo 64.70 -7912076.80 10000004.24 -367921.69 -338971.03 12.58 32.61 1466891.45 46364.00 0.01 0.25 0.35 991 28
Result 1 50.0 1000 0.45 0.16 0.15 0.18 0.17 0.15 0.19 -1 -1 -1 -1
Evo 71.07 -7065204.87 10000005.18 -208875.69 0.54 16.45 28.62 1326210.90 41917.52 0.01 0.37 0.53 991 20
Result 1 52.0 1000 0.45 0.15 0.15 0.18 0.18 0.15 0.17 -1 -1 -1 -1
Evo 64.26 -5773175.22 10000005.02 -202958.70 0.53 7.44 54.56 1282224.25 40527.23 0.01 0.68 0.96 991 23
Result 1 74.0 1000 0.44 0.17 0.15 0.17 0.15 0.17 0.19 -1 -1 -1 -1
Evo 64.37 -7671225.47 10000003.96 -376719.87 -344819.22 14.56 36.48 1436745.77 45411.19 0.01 0.47 0.60 991 25
Result 1 50.0 1000 0.44 0.15 0.15 0.18 0.17 0.16 0.19 -1 -1 -1 -1
Evo 70.77 -7553192.91 10000004.03 -101393.26 2.56 16.65 44.61 1209311.06 38222.67 0.01 0.55 0.87 991 108
Result 1 58.0 1000 0.45 0.18 0.14 0.16 0.17 0.17 0.18 -1 -1 -1 -1
Evo 70.29 -8095223.49 10000005.08 -217956.71 0.62 4.44 34.61 1372137.49 43369.12 0.01 0.22 0.33 991 74
Result 1 62.0 1000 0.46 0.16 0.17 0.18 0.15 0.15 0.19 -1 -1 -1 -1
Evo 71.66 -5842693.26 10000003.33 -166601.70 2.61 8.61 48.37 1267112.20 40049.59 0.01 0.35 0.47 991 74
Result 1 64.0 1000 0.45 0.15 0.17 0.18 0.16 0.16 0.18 -1 -1 -1 -1
Evo 60.42 -7551015.28 10000002.47 -628647.00 -1052598.94 4.61 20.54 1571145.64 49659.16 0.01 0.30 0.46 991 161
Result 1 44.0 1000 0.44 0.16 0.19 0.19 0.15 0.14 0.17 -1 -1 -1 -1
Evo 58.53 -10000002.70 10000005.13 -612598.45 -909047.16 2.61 12.61 1498949.92 47377.28 0.01 0.26 0.36 991 195
Result 1 50.0 1000 0.44 0.17 0.18 0.18 0.12 0.17 0.17 -1 -1 -1 -1
Evo 69.11 -7708332.32 10000003.86 -161188.21 0.61 8.61 44.62 1268736.69 40100.93 0.01 0.39 0.54 991 74
Result 1 72.0 1000 0.45 0.16 0.14 0.18 0.17 0.17 0.17 -1 -1 -1 -1
Evo 64.09 -3624972.93 46.20 -43396.01 6.72 24.64 30.61 279210.98 11684.62 0.02 0.36 0.73 -1 121
Result 0 44.0 570 0.39 0.14 0.14 0.13 0.15 0.19 0.23 -1 -1 -1 -1
Evo 67.91 -3906217.83 10000003.55 -115518.82 0.61 8.61 34.61 1170461.22 36994.74 0.01 0.59 0.89 991 89
Result 1 66.0 1000 0.40 0.16 0.16 0.14 0.16 0.16 0.22 -1 -1 -1 -1
Evo 70.87 -6190464.10 10000005.04 -262372.72 0.61 16.61 26.73 1409751.74 44557.99 0.01 0.45 0.60 991 235
Result 1 42.0 1000 0.44 0.17 0.17 0.17 0.16 0.15 0.18 -1 -1 -1 -1
Evo 55.15 -7272719.59 10000004.50 -812765.90 -1410223.75 0.61 4.62 1772305.01 56017.20 0.01 0.32 0.48 991 191
Result 1 40.0 1000 0.46 0.16 0.18 0.20 0.12 0.15 0.19 -1 -1 -1 -1
Evo 63.74 -6499987.69 10000004.47 -359543.47 -487770.04 4.61 28.62 1401395.80 44293.88 0.01 0.42 0.65 991 210
Result 1 52.0 1000 0.45 0.17 0.17 0.18 0.14 0.16 0.18 -1 -1 -1 -1
Evo 63.86 -7075469.87 10000004.64 -427012.58 -545440.76 2.61 30.74 1505420.61 47581.79 0.01 0.43 0.61 991 183
Result 1 62.0 1000 0.43 0.16 0.17 0.19 0.13 0.18 0.17 -1 -1 -1 -1
Evo 68.15 -7553191.72 10000004.97 -150168.44 0.61 14.58 36.61 1282248.31 40527.99 0.01 0.49 0.81 991 126
Result 1 74.0 1000 0.43 0.14 0.17 0.16 0.16 0.18 0.19 -1 -1 -1 -1
Evo 66.96 -6853929.55 10000005.00 -205294.82 2.50 8.60 32.61 1351332.31 42711.53 0.01 0.51 0.86 991 120
Result 1 58.0 1000 0.46 0.14 0.18 0.16 0.15 0.17 0.19 -1 -1 -1 -1
Evo 72.68 -6862732.91 10000004.93 -84735.22 0.62 4.76 30.61 1204802.89 38080.18 0.01 0.48 0.67 991 181
Result 1 50.0 1000 0.45 0.18 0.16 0.17 0.16 0.14 0.18 -1 -1 -1 -1
Evo 65.63 -5051529.16 10000005.17 -137859.12 0.62 14.61 38.68 1244289.95 39328.24 0.01 0.66 0.98 991 155
Result 1 66.0 1000 0.42 0.14 0.14 0.16 0.15 0.19 0.22 -1 -1 -1 -1
Evo 64.13 -6464633.96 10000004.45 -283769.01 -192291.52 8.54 38.61 1377842.60 43549.44 0.01 0.54 0.89 991 81
Result 1 64.0 1000 0.43 0.17 0.15 0.16 0.17 0.17 0.17 -1 -1 -1 -1
Evo 70.89 -5698916.70 10000004.97 -69920.64 0.62 12.88 37.95 1168745.81 36940.52 0.01 0.49 0.65 991 162
Result 1 62.0 1000 0.45 0.16 0.16 0.17 0.15 0.17 0.19 -1 -1 -1 -1
Evo 66.24 -6460175.58 10000004.41 -173949.73 0.61 4.61 32.48 1267545.73 40063.29 0.01 0.53 0.85 991 180
Result 1 62.0 1000 0.43 0.13 0.18 0.17 0.16 0.17 0.20 -1 -1 -1 -1
Evo 72.91 -4255280.08 10000005.15 -48545.45 2.70 22.56 48.42 1126369.57 35601.14 0.01 0.47 0.63 991 163
Result 1 72.0 1000 0.44 0.15 0.15 0.18 0.15 0.18 0.19 -1 -1 -1 -1
