Evo 62.79 -1621596.37 9999997.15 173511.89 11.62 25.57 30.57 1358955.94 73591.59 0.02 2.17 9.93 310 21
Result 1 32.0 340 0.49 0.23 0.21 0.16 0.21 0.19 -1 -1 -1 -1 -1
Evo 70.39 -3225790.59 9999996.16 4187.83 15.77 23.48 23.57 1053241.61 44428.32 0.02 2.75 10.35 554 62
Result 1 32.0 561 0.49 0.23 0.19 0.21 0.18 0.18 -1 -1 -1 -1 -1
Evo 51.04 -10000001.58 20.57 -529040.97 3.57 11.57 15.66 1586768.28 126637.89 0.05 1.25 6.27 -1 47
Result 0 0.0 156 0.52 0.26 0.29 0.14 0.13 0.17 -1 -1 -1 -1 -1
Evo 62.78 -10000002.53 23.52 -396730.82 9.57 14.57 14.59 1508841.10 99274.46 0.03 1.48 6.45 -1 42
Result 0 13.0 230 0.52 0.29 0.22 0.18 0.18 0.13 -1 -1 -1 -1 -1
Evo 43.10 -10000001.36 19.65 -913095.55 -769212.71 9.22 13.61 1859450.69 153889.23 0.05 1.23 5.62 -1 60
Result 0 9.0 145 0.51 0.27 0.27 0.14 0.18 0.14 -1 -1 -1 -1 -1
Evo 68.54 -10000003.66 19.58 -449670.15 9.74 17.95 19.57 1774156.71 120996.48 0.04 1.48 7.18 -1 45
Result 0 9.0 214 0.48 0.22 0.21 0.22 0.19 0.16 -1 -1 -1 -1 -1
Evo 61.40 -10000003.55 26.58 -454404.47 9.57 17.64 25.70 1933810.95 128351.54 0.03 1.60 7.92 -1 28
Result 0 16.0 226 0.50 0.26 0.24 0.18 0.21 0.12 -1 -1 -1 -1 -1
Evo 50.70 -9333330.05 9999998.26 -28027.87 5.65 16.32 21.89 1552459.19 97990.36 0.03 1.91 9.21 241 63
Result 1 32.0 250 0.46 0.29 0.19 0.16 0.22 0.14 -1 -1 -1 -1 -1
Evo 67.79 -10000001.02 27.58 -436901.05 11.09 16.58 23.10 1714615.91 107796.98 0.03 1.59 7.21 -1 33
Result 0 17.0 252 0.49 0.24 0.21 0.19 0.19 0.18 -1 -1 -1 -1 -1
Evo 54.25 -416640.48 10000003.13 361135.20 11.57 15.59 25.08 1728856.36 118738.34 0.04 1.74 8.61 199 69
Result 1 32.0 211 0.37 0.33 0.12 0.16 0.18 0.20 -1 -1 -1 -1 -1
Evo 61.29 -9999998.97 29.99 -220428.54 9.66 18.57 20.50 1247425.85 79211.62 0.03 1.83 7.90 -1 228
Result 0 19.0 247 0.43 0.32 0.17 0.18 0.21 0.13 -1 -1 -1 -1 -1
Evo 68.45 -10000002.16 19.58 -481157.12 6.57 12.56 12.58 1720216.40 114681.09 0.03 1.43 5.97 -1 86
Result 0 9.0 224 0.46 0.22 0.20 0.22 0.19 0.17 -1 -1 -1 -1 -1
Evo 58.08 2.51 10000003.18 322083.35 10.91 19.57 24.13 1641193.10 113796.27 0.04 1.71 7.85 200 -1
Result 1 32.0 207 0.46 0.25 0.19 0.15 0.24 0.17 -1 -1 -1 -1 -1
Evo 73.08 -10000004.66 30.58 -342802.05 13.10 30.44 30.57 1417928.26 60681.73 0.02 2.83 10.16 -1 46
Result 0 20.0 545 0.46 0.28 0.20 0.17 0.16 0.19 -1 -1 -1 -1 -1
Evo 50.65 2.42 10000004.03 556571.84 11.57 18.41 26.55 2206264.70 163539.22 0.04 1.43 7.49 171 -1
Result 1 32.0 181 0.35 0.41 0.11 0.17 0.15 0.16 -1 -1 -1 -1 -1
Evo 65.95 -10000001.79 25.59 -483008.11 6.59 15.57 18.24 1744912.10 109270.63 0.03 1.78 7.83 -1 24
Result 0 15.0 254 0.41 0.32 0.15 0.19 0.17 0.17 -1 -1 -1 -1 -1
Evo 56.75 2.61 9999998.79 284003.61 12.73 25.51 27.59 1597492.49 105565.28 0.03 1.73 8.03 220 24
Result 1 32.0 228 0.53 0.34 0.18 0.17 0.16 0.15 -1 -1 -1 -1 -1
Evo 71.06 -4722207.06 10000003.59 -103298.49 14.24 24.58 26.59 1043827.67 35167.45 0.01 4.59 15.39 871 74
Result 1 32.0 880 0.50 0.26 0.19 0.18 0.21 0.17 -1 -1 -1 -1 -1
Evo 63.40 -10000004.34 19.58 -281837.32 9.22 12.57 19.57 1236265.99 83160.25 0.04 1.48 6.02 -1 70
Result 0 -1.0 220 0.47 0.20 0.21 0.26 0.16 0.16 -1 -1 -1 -1 -1
Evo 47.43 -7083324.57 9999998.85 -260962.42 -476174.91 14.55 20.43 1578805.71 81312.63 0.02 2.69 12.66 369 45
Result 1 32.0 376 0.46 0.28 0.19 0.17 0.21 0.15 -1 -1 -1 -1 -1
Evo 64.82 -10000000.34 17.58 -539235.18 -158713.97 11.83 17.51 1395720.43 70226.32 0.02 2.59 7.79 -1 68
Result 0 7.0 394 0.50 0.25 0.20 0.22 0.16 0.17 -1 -1 -1 -1 -1
Evo 60.03 -9999999.87 17.58 -700679.17 -172401.48 12.57 15.65 1524128.62 93450.32 0.03 1.68 6.71 -1 48
Result 0 7.0 265 0.41 0.31 0.15 0.22 0.19 0.13 -1 -1 -1 -1 -1
Evo 58.10 -10000001.73 22.58 -559168.39 5.27 10.54 22.49 1768400.80 117893.39 0.03 1.56 7.84 -1 47
Result 0 12.0 224 0.52 0.29 0.18 0.24 0.16 0.13 -1 -1 -1 -1 -1
Evo 69.10 -10000003.61 17.58 -485752.90 9.28 16.57 17.57 1635729.76 99180.69 0.03 1.70 6.62 -1 51
Result 0 7.0 271 0.38 0.24 0.13 0.26 0.18 0.19 -1 -1 -1 -1 -1
Evo 73.11 -10000001.56 16.58 -338743.05 10.37 14.58 16.57 1431552.17 87939.55 0.03 1.59 6.15 -1 48
Result 0 6.0 264 0.48 0.22 0.15 0.26 0.19 0.18 -1 -1 -1 -1 -1
Evo 53.84 -10000002.82 18.33 -784579.73 -350865.34 11.61 12.57 2234509.04 176103.98 0.05 1.23 5.85 -1 47
Result 0 8.0 160 0.50 0.25 0.27 0.16 0.15 0.17 -1 -1 -1 -1 -1
Evo 64.96 -10000003.31 19.00 -425575.70 5.57 14.90 16.57 1360834.23 80608.86 0.03 1.81 7.88 -1 48
Result 0 12.0 284 0.50 0.25 0.22 0.18 0.18 0.18 -1 -1 -1 -1 -1
Evo 48.42 -10000001.88 12.57 -1223466.45 -666655.20 5.59 11.16 2610513.34 316571.24 0.09 0.51 3.25 -1 41
Result 0 3.0 67 0.52 0.31 0.12 0.18 0.31 0.09 -1 -1 -1 -1 -1
Evo 67.49 -10000002.64 16.58 -510802.99 -273956.83 16.51 16.57 1501280.37 74877.06 0.02 2.20 7.72 -1 34
Result 0 6.0 401 0.43 0.23 0.17 0.18 0.23 0.19 -1 -1 -1 -1 -1
Evo 61.36 -10000003.71 13.57 -1424808.05 -327855.88 7.30 11.59 3135963.07 372170.34 0.09 0.57 3.09 -1 41
Result 0 3.0 70 0.53 0.41 0.07 0.23 0.23 0.07 -1 -1 -1 -1 -1
Evo 70.17 -9999998.77 16.58 -502377.73 8.57 15.58 16.57 1637621.88 99847.57 0.03 1.41 5.68 -1 35
Result 0 6.0 268 0.51 0.28 0.16 0.22 0.20 0.14 -1 -1 -1 -1 -1
Evo 64.70 -2988488.27 10000004.24 84800.51 11.69 17.57 23.76 1314396.69 70157.31 0.02 2.35 9.85 342 49
Result 1 29.0 350 0.52 0.29 0.19 0.21 0.15 0.17 -1 -1 -1 -1 -1
Evo 75.22 -10000003.59 17.58 -642480.75 11.19 16.57 17.57 2170939.90 144408.77 0.03 1.26 4.93 -1 74
Result 0 7.0 225 0.52 0.31 0.21 0.17 0.17 0.14 -1 -1 -1 -1 -1
Evo 71.65 -10000003.12 16.58 -393965.17 11.76 16.53 16.57 1441021.59 87697.78 0.03 1.56 5.35 -1 36
Result 0 9.0 269 0.51 0.26 0.21 0.19 0.16 0.18 -1 -1 -1 -1 -1
Evo 74.41 -9999998.87 20.58 -227188.56 9.40 16.99 20.57 1116444.83 51941.71 0.02 2.75 9.50 -1 53
Result 0 10.0 461 0.46 0.20 0.19 0.20 0.21 0.19 -1 -1 -1 -1 -1
Evo 70.26 -10000002.71 17.58 -494541.88 8.63 17.46 17.57 1731753.04 101343.18 0.03 1.86 7.26 -1 59
Result 0 7.0 291 0.45 0.27 0.18 0.21 0.14 0.20 -1 -1 -1 -1 -1
Evo 75.26 -10000004.41 16.58 -423338.20 11.29 16.54 16.57 1735985.21 115732.35 0.03 1.25 5.12 -1 52
Result 0 6.0 224 0.50 0.26 0.20 0.20 0.18 0.16 -1 -1 -1 -1 -1
Evo 69.96 -10000003.98 17.58 -440873.16 10.66 13.58 16.57 1836367.93 122153.38 0.03 1.42 5.91 -1 30
Result 0 7.0 225 0.46 0.27 0.19 0.19 0.19 0.16 -1 -1 -1 -1 -1
Evo 74.82 -10000000.86 19.58 -453943.71 8.57 19.46 19.57 1583449.53 68394.60 0.02 2.60 9.90 -1 36
Result 0 11.0 535 0.47 0.24 0.20 0.19 0.18 0.19 -1 -1 -1 -1 -1
Evo 75.33 -10000004.24 28.58 -265887.30 16.51 23.57 23.58 1063087.49 34618.89 0.01 4.72 13.89 -1 78
Result 0 18.0 942 0.49 0.24 0.19 0.21 0.18 0.18 -1 -1 -1 -1 -1
Evo 63.86 -10000002.38 23.57 -450827.80 8.57 18.42 18.63 1935677.40 128475.42 0.03 1.57 7.32 -1 49
Result 0 13.0 226 0.45 0.32 0.19 0.21 0.14 0.15 -1 -1 -1 -1 -1
Evo 69.15 -9999999.42 29.58 -218281.35 9.57 25.58 29.57 914916.92 39518.39 0.02 3.32 12.39 -1 18
Result 0 19.0 535 0.47 0.29 0.20 0.16 0.17 0.18 -1 -1 -1 -1 -1
Evo 55.31 -9999998.10 26.19 -445893.78 5.08 11.60 20.81 1375343.10 83239.55 0.03 2.12 10.08 -1 38
Result 0 14.0 272 0.47 0.27 0.21 0.16 0.18 0.18 -1 -1 -1 -1 -1
Evo 62.70 -10000002.90 22.59 -433391.40 6.57 15.02 21.59 1522494.13 89097.23 0.03 2.04 8.06 -1 18
Result 0 12.0 291 0.49 0.27 0.23 0.17 0.17 0.15 -1 -1 -1 -1 -1
Evo 62.08 -10000002.53 31.57 -326549.25 11.34 18.58 23.57 1651000.91 107471.01 0.03 1.84 8.19 -1 121
Result 0 21.0 235 0.51 0.28 0.17 0.18 0.21 0.17 -1 -1 -1 -1 -1
Evo 62.14 -5729160.33 9999995.62 -62132.92 17.42 21.27 31.07 1283168.05 59893.16 0.02 3.07 13.18 449 31
Result 1 34.0 458 0.44 0.27 0.17 0.20 0.17 0.18 -1 -1 -1 -1 -1
Evo 64.50 -10000003.49 23.58 -438296.11 9.97 14.59 22.57 1790891.21 119392.75 0.03 1.49 7.05 -1 39
Result 0 14.0 224 0.44 0.31 0.18 0.21 0.15 0.15 -1 -1 -1 -1 -1
Evo 71.79 -10000003.20 11.58 -1031263.12 3.44 8.03 11.53 2762576.21 259881.31 0.06 0.86 3.98 -1 68
Result 0 1.0 112 0.51 0.27 0.28 0.11 0.12 0.23 -1 -1 -1 -1 -1
Evo 72.78 -10000003.23 9999995.38 -111910.35 15.51 18.57 27.57 1147115.80 38516.38 0.01 4.55 14.64 879 21
Result 1 34.0 886 0.45 0.22 0.18 0.21 0.19 0.19 -1 -1 -1 -1 -1
Evo 65.69 -10000003.37 14.31 -603569.19 5.90 9.57 13.53 2125243.37 168015.24 0.05 1.17 4.91 -1 49
Result 0 4.0 159 0.51 0.28 0.26 0.14 0.15 0.17 -1 -1 -1 -1 -1
Evo 68.86 -10000003.59 20.60 -410090.65 8.31 14.57 17.58 1387779.38 61512.24 0.02 2.62 8.82 -1 19
Result 0 10.0 508 0.46 0.24 0.20 0.17 0.21 0.19 -1 -1 -1 -1 -1
Evo 58.89 -10000002.48 23.58 -717207.96 4.48 12.57 17.64 1866433.56 115529.34 0.03 1.75 8.09 -1 35
Result 0 15.0 260 0.46 0.28 0.20 0.16 0.23 0.14 -1 -1 -1 -1 -1
Evo 60.60 -10000002.69 22.58 -413138.55 11.10 14.61 20.57 1812028.92 120534.37 0.03 1.62 7.05 -1 33
Result 0 12.0 225 0.51 0.27 0.25 0.19 0.19 0.11 -1 -1 -1 -1 -1
Evo 70.58 -9999996.61 27.58 -195542.48 12.21 26.52 27.57 1007683.14 48708.20 0.02 2.43 9.07 -1 47
Result 0 17.0 427 0.49 0.23 0.20 0.19 0.19 0.19 -1 -1 -1 -1 -1
Evo 65.76 -9999996.58 19.63 -284357.05 12.04 17.42 19.57 1186345.77 74146.61 0.03 1.46 6.02 -1 59
Result 0 9.0 255 0.48 0.22 0.18 0.22 0.22 0.16 -1 -1 -1 -1 -1
Evo 56.07 -10000001.66 23.60 -629826.62 3.45 13.57 17.59 1899696.63 120147.36 0.03 1.77 8.18 -1 35
Result 0 13.0 249 0.53 0.33 0.16 0.15 0.21 0.14 -1 -1 -1 -1 -1
Evo 69.22 -10000002.48 8.57 -1432901.51 -1830978.48 5.21 7.55 2735627.42 286771.67 0.07 0.57 3.04 -1 36
Result 0 -2.0 90 0.46 0.32 0.20 0.11 0.13 0.24 -1 -1 -1 -1 -1
Evo 68.62 -10000004.51 8.58 -1039036.44 -158722.90 6.61 7.57 2476304.58 282201.10 0.08 0.52 2.25 -1 24
Result 0 -2.0 76 0.42 0.29 0.16 0.16 0.19 0.21 -1 -1 -1 -1 -1
Evo 68.76 -10000000.78 21.58 -445936.10 10.57 17.30 21.57 1756992.81 115852.68 0.03 1.51 6.87 -1 56
Result 0 11.0 229 0.52 0.30 0.20 0.19 0.15 0.15 -1 -1 -1 -1 -1
Evo 69.94 -10000002.64 24.58 -300761.47 12.71 15.57 24.54 1175883.38 52068.99 0.02 2.87 9.88 -1 32
Result 0 14.0 509 0.49 0.23 0.19 0.17 0.22 0.19 -1 -1 -1 -1 -1
Evo 43.40 -9999999.83 32.59 -941646.50 -1298673.23 12.57 23.98 1873710.89 160081.92 0.05 0.87 5.24 -1 86
Result 0 22.0 136 0.52 0.28 0.09 0.29 0.23 0.10 -1 -1 -1 -1 -1
Evo 61.96 -10000003.34 64.58 -589163.09 -377296.64 56.49 64.57 1426486.33 49724.19 0.01 4.65 16.25 -1 43
Result 0 54.0 822 0.46 0.27 0.19 0.18 0.18 0.17 -1 -1 -1 -1 -1
Evo 53.85 -10000004.12 39.89 -650857.49 -277739.43 22.61 26.57 2101648.17 134544.24 0.03 1.65 7.06 -1 34
Result 0 29.0 243 0.52 0.28 0.25 0.14 0.19 0.14 -1 -1 -1 -1 -1
Evo 71.30 -10000003.79 36.60 -547487.13 16.57 30.57 36.54 2059168.93 132642.73 0.03 1.42 5.32 -1 104
Result 0 26.0 240 0.50 0.25 0.15 0.18 0.24 0.18 -1 -1 -1 -1 -1
Evo 56.66 -10000004.18 66.41 -361980.87 17.90 37.81 46.50 1175809.60 50929.97 0.02 3.58 13.87 -1 45
Result 0 46.0 532 0.51 0.28 0.14 0.20 0.19 0.19 -1 -1 -1 -1 -1
Evo 61.65 -10000003.45 40.01 -528756.76 16.19 24.70 38.40 1970526.59 128817.35 0.03 1.50 5.83 -1 192
Result 0 30.0 233 0.52 0.31 0.20 0.17 0.14 0.18 -1 -1 -1 -1 -1
Evo 63.25 -10000003.96 42.59 -972054.73 8.71 18.77 33.91 2535984.53 176690.41 0.04 1.55 6.98 -1 111
Result 0 32.0 205 0.53 0.34 0.17 0.17 0.21 0.11 -1 -1 -1 -1 -1
Evo 67.46 -10000001.09 28.26 -792191.44 11.76 24.41 24.57 2138631.50 144846.40 0.04 1.29 4.85 -1 63
Result 0 19.0 217 0.49 0.24 0.24 0.16 0.20 0.17 -1 -1 -1 -1 -1
Evo 51.51 -9999997.95 40.58 -398950.55 12.57 20.58 33.55 1352268.85 99420.78 0.04 1.11 5.39 -1 112
Result 0 30.0 184 0.52 0.30 0.13 0.17 0.20 0.21 -1 -1 -1 -1 -1
Evo 47.39 -1232832.43 9999997.50 248118.61 20.41 38.53 54.43 1595200.72 91793.49 0.03 2.25 10.93 292 49
Result 1 70.0 301 0.47 0.33 0.20 0.17 0.13 0.17 -1 -1 -1 -1 -1
Evo 69.40 -10000003.59 60.58 -228725.34 22.04 48.54 48.58 948191.56 32239.48 0.01 4.10 13.97 -1 77
Result 0 50.0 864 0.49 0.24 0.22 0.17 0.19 0.19 -1 -1 -1 -1 -1
Evo 66.51 -10000002.71 62.58 -254664.31 26.57 54.57 62.57 1231141.13 50944.98 0.02 3.31 12.36 -1 75
Result 0 52.0 583 0.51 0.27 0.19 0.16 0.20 0.17 -1 -1 -1 -1 -1
Evo 54.04 -5666639.66 10000004.16 34195.31 26.49 48.46 56.58 1482683.49 72347.55 0.02 2.95 12.50 410 53
Result 1 70.0 419 0.43 0.28 0.16 0.18 0.15 0.22 -1 -1 -1 -1 -1
Evo 52.37 -9999996.74 46.53 -483903.18 14.52 28.57 37.59 1673711.65 115773.06 0.04 1.46 6.76 -1 37
Result 0 36.0 208 0.40 0.28 0.14 0.22 0.21 0.16 -1 -1 -1 -1 -1
Evo 55.62 -10000003.63 37.87 -641394.77 16.41 29.71 36.55 2050514.84 154563.37 0.04 1.25 5.66 -1 81
Result 0 26.0 175 0.52 0.30 0.18 0.13 0.23 0.15 -1 -1 -1 -1 -1
Evo 65.04 -10000001.42 52.03 -411617.65 21.27 50.50 50.57 1321127.64 53015.03 0.01 3.55 10.72 -1 72
Result 0 40.0 620 0.50 0.26 0.18 0.18 0.19 0.19 -1 -1 -1 -1 -1
Evo 62.66 -10000003.35 37.61 -407577.66 17.69 22.57 24.58 1767131.59 122824.14 0.04 1.36 5.85 -1 48
Result 0 26.0 206 0.50 0.24 0.24 0.18 0.14 0.20 -1 -1 -1 -1 -1
Evo 72.38 -10000002.90 48.58 -200349.73 27.75 42.57 44.57 839859.33 28360.03 0.01 4.27 12.08 -1 39
Result 0 38.0 876 0.47 0.21 0.20 0.19 0.20 0.20 -1 -1 -1 -1 -1
Evo 56.58 -10000004.58 36.58 -364889.57 12.43 21.02 32.45 1409269.02 103611.52 0.04 1.14 4.52 -1 49
Result 0 26.0 184 0.42 0.24 0.16 0.20 0.24 0.17 -1 -1 -1 -1 -1
Evo 74.50 -10000001.39 68.58 -205114.96 30.56 59.69 68.57 868815.58 22226.24 0.01 7.28 19.14 -1 39
Result 0 58.0 1527 0.49 0.23 0.19 0.20 0.19 0.20 -1 -1 -1 -1 -1
Evo 66.00 -10000003.50 21.86 -753623.98 -208317.18 16.53 16.57 1978889.55 137875.77 0.04 1.05 4.67 -1 38
Result 0 15.0 205 0.49 0.23 0.23 0.15 0.17 0.21 -1 -1 -1 -1 -1
Evo 66.89 -9999997.44 42.58 -254154.45 18.55 22.57 28.63 988277.53 42178.66 0.02 3.06 11.01 -1 47
Result 0 32.0 548 0.46 0.28 0.19 0.18 0.18 0.16 -1 -1 -1 -1 -1
Evo 54.32 -10000003.40 26.57 -961332.03 -999976.16 12.43 18.55 1912437.75 125019.97 0.03 1.42 5.06 -1 69
Result 0 16.0 233 0.49 0.23 0.21 0.12 0.25 0.19 -1 -1 -1 -1 -1
Evo 75.69 -9999996.82 26.58 -278545.40 16.57 26.53 26.57 1088456.73 42368.12 0.01 2.32 6.74 -1 98
Result 0 16.0 659 0.48 0.22 0.18 0.20 0.20 0.21 -1 -1 -1 -1 -1
Evo 70.74 -10000004.10 42.58 -380206.26 16.59 26.57 28.57 1414898.03 54991.57 0.01 3.24 11.54 -1 65
Result 0 22.0 661 0.49 0.23 0.20 0.19 0.16 0.21 -1 -1 -1 -1 -1
Evo 76.25 -10000001.55 32.57 -277427.97 22.26 26.57 26.57 1352692.05 71592.05 0.02 1.90 6.15 -1 32
Result 0 22.0 356 0.49 0.24 0.17 0.19 0.21 0.19 -1 -1 -1 -1 -1
Evo 59.75 -10000002.95 28.58 -740227.03 -232540.23 16.57 20.57 2086550.22 145730.99 0.04 1.39 5.41 -1 56
Result 0 18.0 204 0.50 0.26 0.19 0.22 0.21 0.12 -1 -1 -1 -1 -1
Evo 63.49 -9999998.87 34.58 -344386.05 10.98 24.26 26.16 1122697.51 60269.56 0.02 2.20 8.40 -1 31
Result 0 26.0 346 0.50 0.24 0.24 0.20 0.19 0.14 -1 -1 -1 -1 -1
Evo 75.57 -10000002.75 51.79 -263678.77 26.57 38.58 50.56 1238416.77 42328.21 0.01 4.85 16.34 -1 56
Result 0 40.0 855 0.51 0.26 0.18 0.19 0.19 0.18 -1 -1 -1 -1 -1
Evo 64.07 -9999999.70 22.58 -489724.91 -185167.64 16.45 22.55 1519674.34 108826.14 0.04 1.15 4.70 -1 47
Result 0 12.0 194 0.48 0.22 0.22 0.16 0.18 0.22 -1 -1 -1 -1 -1
Evo 71.31 -10000001.28 50.58 -309617.07 18.63 36.57 50.56 974840.56 27110.30 0.01 6.48 19.64 -1 37
Result 0 40.0 1292 0.49 0.23 0.18 0.19 0.20 0.20 -1 -1 -1 -1 -1
Evo 51.45 -10000003.25 24.58 -1022884.38 -1318663.66 11.46 16.57 1800656.12 127325.62 0.04 1.35 5.94 -1 56
Result 0 16.0 199 0.49 0.24 0.23 0.21 0.23 0.10 -1 -1 -1 -1 -1
Evo 74.90 -10000001.23 40.86 -162084.27 18.57 32.57 32.57 773084.01 26285.64 0.01 4.09 12.67 -1 101
Result 0 28.0 864 0.46 0.24 0.19 0.20 0.20 0.17 -1 -1 -1 -1 -1
Evo 77.05 -10000004.08 28.10 -353015.11 14.71 22.56 22.57 1596078.15 83201.32 0.02 1.85 6.89 -1 76
Result 0 22.0 367 0.45 0.22 0.18 0.17 0.23 0.20 -1 -1 -1 -1 -1
Evo 67.65 -10000002.22 20.57 -392915.32 11.83 18.54 18.57 1394004.08 93983.74 0.04 1.16 4.15 -1 96
Result 0 10.0 219 0.46 0.28 0.19 0.20 0.19 0.15 -1 -1 -1 -1 -1
Evo 76.97 -10000002.92 24.63 -297478.27 18.50 24.56 24.57 1272955.39 48320.73 0.01 2.29 5.71 -1 85
Result 0 14.0 693 0.48 0.22 0.20 0.21 0.18 0.19 -1 -1 -1 -1 -1
Evo 68.35 -10000002.97 22.58 -683273.58 12.57 14.57 18.57 1878784.45 127247.34 0.04 1.34 4.67 -1 42
Result 0 12.0 217 0.50 0.26 0.25 0.15 0.19 0.16 -1 -1 -1 -1 -1
Evo 71.55 -9999997.89 20.58 -420127.03 14.59 16.58 20.57 1532817.66 107582.71 0.04 1.25 5.01 -1 101
Result 0 10.0 202 0.49 0.23 0.21 0.16 0.19 0.21 -1 -1 -1 -1 -1
Evo 68.92 -10000002.83 22.58 -575940.97 12.59 20.16 22.33 1942679.78 138060.24 0.04 1.22 4.95 -1 71
Result 0 12.0 197 0.50 0.25 0.17 0.24 0.20 0.15 -1 -1 -1 -1 -1
Evo 73.74 -9999999.43 38.28 -208917.01 22.58 32.53 36.57 840118.47 27957.39 0.01 4.79 14.45 -1 55
Result 0 28.0 902 0.47 0.22 0.20 0.19 0.19 0.19 -1 -1 -1 -1 -1
