Evo 53.69 -9695433.26 10000005.07 -64920.99 1.57 34.56 1063.64 1190069.34 37614.49 0.01 0.54 0.90 991 23
Result 1 1083.0 1000 0.40 0.14 0.17 0.16 0.17 0.16 0.20 -1 -1 -1 -1
Evo 71.69 -9999998.74 3.73 -496772.09 0.61 0.61 2.70 1617517.42 105069.05 0.03 0.10 0.29 -1 16
Result 0 3.0 236 0.44 0.17 0.15 0.23 0.17 0.11 0.17 -1 -1 -1 -1
Evo 57.65 -2941171.37 10000004.79 4902.54 5.60 39.67 1061.55 1072690.36 33904.50 0.01 0.51 0.96 991 29
Result 1 1074.0 1000 0.41 0.15 0.16 0.17 0.16 0.15 0.21 -1 -1 -1 -1
Evo 56.89 -2584261.56 10000003.30 53168.81 4.74 43.35 1059.06 1025543.12 32414.32 0.01 0.52 0.89 991 34
Result 1 1075.0 1000 0.38 0.13 0.17 0.17 0.16 0.16 0.22 -1 -1 -1 -1
Evo 53.86 -2941172.13 10000005.09 -12590.49 3.73 28.63 1059.83 1065114.67 33665.05 0.01 0.48 0.94 991 35
Result 1 1073.0 1000 0.43 0.17 0.15 0.15 0.16 0.17 0.19 -1 -1 -1 -1
Evo 55.64 -2399972.40 10000001.99 23744.03 8.61 31.71 58.61 1036819.89 32770.74 0.01 0.53 0.94 991 35
Result 1 1079.0 1000 0.43 0.17 0.16 0.16 0.18 0.13 0.21 -1 -1 -1 -1
Evo 57.89 -1857120.86 10000004.13 48990.52 4.64 31.61 1060.61 1020261.71 32247.39 0.01 0.56 0.93 991 9
Result 1 1069.0 1000 0.43 0.17 0.15 0.17 0.15 0.16 0.20 -1 -1 -1 -1
Evo 56.61 -7037030.18 10000005.00 -41479.20 5.64 35.64 1061.62 1131855.69 35774.54 0.01 0.51 0.81 991 21
Result 1 1073.0 1000 0.40 0.14 0.17 0.15 0.16 0.17 0.20 -1 -1 -1 -1
Evo 53.85 -2643650.91 10000004.98 2081.48 8.57 33.76 62.16 1060474.35 33518.39 0.01 0.58 1.00 991 16
Result 1 1076.0 1000 0.42 0.15 0.16 0.15 0.15 0.16 0.22 -1 -1 -1 -1
Evo 55.75 -9894182.35 10000004.22 -101940.79 6.26 32.12 1059.68 1342792.74 42441.62 0.01 0.59 0.98 991 10
Result 1 1071.0 1000 0.41 0.15 0.16 0.17 0.16 0.17 0.19 -1 -1 -1 -1
Evo 51.99 -2285698.73 10000004.81 1983.53 5.60 22.14 1060.08 1041180.71 32908.57 0.01 0.57 0.97 991 11
Result 1 1083.0 1000 0.41 0.15 0.17 0.16 0.16 0.17 0.19 -1 -1 -1 -1
Evo 55.76 -4939755.74 10000005.05 25583.30 9.60 41.49 1060.63 1081834.20 34193.51 0.01 0.48 0.94 991 15
Result 1 1075.0 1000 0.43 0.17 0.16 0.15 0.16 0.15 0.20 -1 -1 -1 -1
Evo 57.67 -1234543.64 10000004.96 75846.66 8.60 40.61 1058.37 1004857.75 31760.52 0.01 0.44 0.90 991 19
Result 1 1079.0 1000 0.40 0.14 0.16 0.15 0.18 0.15 0.21 -1 -1 -1 -1
Evo 65.87 -2615376.05 14.77 -180024.47 0.60 0.62 8.58 452643.24 26534.42 0.03 0.23 0.60 -1 24
Result 0 14.0 290 0.42 0.16 0.15 0.14 0.20 0.17 0.18 -1 -1 -1 -1
Evo 50.42 -10000002.21 29.73 -389069.98 0.61 6.57 13.97 1321732.86 63299.52 0.02 0.25 0.49 -1 32
Result 0 27.0 435 0.44 0.17 0.15 0.13 0.18 0.20 0.17 -1 -1 -1 -1
Evo 52.61 -9845363.64 42.50 -367896.45 0.61 8.53 27.66 1152191.57 46050.84 0.01 0.38 0.94 -1 66
Result 0 41.0 625 0.41 0.15 0.16 0.17 0.19 0.15 0.18 -1 -1 -1 -1
Evo 51.45 -9393935.71 10000004.28 -269916.00 -285691.94 12.59 51.62 1465377.68 46316.16 0.01 0.53 0.86 991 36
Result 1 71.0 1000 0.43 0.16 0.13 0.17 0.15 0.17 0.21 -1 -1 -1 -1
Evo 57.63 -2666660.43 10000004.65 40655.67 9.67 433.01 1059.61 1036947.61 32774.78 0.01 0.51 0.91 991 28
Result 1 1074.0 1000 0.41 0.15 0.16 0.17 0.16 0.16 0.21 -1 -1 -1 -1
Evo 54.28 -5473681.41 10000004.80 -32859.58 4.69 35.85 1062.31 1121486.85 35446.81 0.01 0.55 0.96 991 21
Result 1 1076.0 1000 0.43 0.16 0.15 0.17 0.16 0.16 0.19 -1 -1 -1 -1
Evo 58.96 -1728389.75 10000004.70 54406.65 5.64 39.60 1058.68 1015872.29 32108.65 0.01 0.48 0.89 991 60
Result 1 1077.0 1000 0.37 0.12 0.15 0.17 0.17 0.16 0.22 -1 -1 -1 -1
Evo 60.17 -2142817.52 10000004.65 66509.76 2.61 40.69 1063.34 1008404.77 31872.63 0.01 0.49 0.93 991 77
Result 1 1086.0 1000 0.43 0.17 0.16 0.17 0.16 0.16 0.19 -1 -1 -1 -1
Evo 51.48 -9719626.79 10000004.84 -100492.90 3.70 26.71 58.64 1296314.24 40972.57 0.01 0.43 0.73 991 28
Result 1 1075.0 1000 0.41 0.15 0.16 0.17 0.16 0.13 0.23 -1 -1 -1 -1
Evo 61.54 -6574076.11 10000004.89 -7511.53 2.57 21.61 1061.61 1125662.97 35578.80 0.01 0.58 0.96 991 47
Result 1 1080.0 1000 0.38 0.13 0.16 0.17 0.17 0.15 0.22 -1 -1 -1 -1
Evo 52.44 -4606723.40 10000003.06 -88986.66 1.61 23.63 1054.66 1140146.61 36036.59 0.01 0.32 0.62 991 33
Result 1 1070.0 1000 0.42 0.16 0.16 0.17 0.15 0.14 0.21 -1 -1 -1 -1
Evo 59.51 -1685380.10 26.35 -84901.85 1.28 4.61 12.75 263285.81 14257.73 0.02 0.21 0.49 -1 165
Result 0 27.0 340 0.40 0.14 0.18 0.23 0.15 0.11 0.20 -1 -1 -1 -1
Evo 56.70 -7160486.20 10000004.93 -126051.03 1.60 23.57 1058.62 1218378.57 38509.26 0.01 0.48 0.88 991 23
Result 1 1070.0 1000 0.40 0.14 0.15 0.18 0.17 0.15 0.21 -1 -1 -1 -1
Evo 52.97 -7513511.16 10000003.06 -101267.57 2.73 25.30 1047.94 1206717.67 38140.70 0.01 0.41 0.72 991 29
Result 1 1067.0 1000 0.39 0.14 0.16 0.18 0.17 0.15 0.21 -1 -1 -1 -1
Evo 51.01 -2891545.26 10000005.13 14682.20 4.59 41.90 453.46 1039306.35 32849.33 0.01 0.29 0.68 991 32
Result 1 1075.0 1000 0.42 0.15 0.19 0.17 0.17 0.12 0.19 -1 -1 -1 -1
Evo 58.91 -2114560.22 10000003.64 26229.12 3.55 1036.72 1050.61 1031430.59 32600.40 0.01 0.44 0.77 991 33
Result 1 1063.0 1000 0.42 0.16 0.17 0.17 0.15 0.15 0.20 -1 -1 -1 -1
Evo 53.19 -1537583.18 10000004.53 59213.94 11.81 1044.61 1054.58 998196.58 31549.98 0.01 0.32 0.65 991 36
Result 1 1069.0 1000 0.39 0.13 0.17 0.17 0.16 0.15 0.22 -1 -1 -1 -1
Evo 56.87 -1749980.09 10000003.68 55780.88 5.57 1045.62 1061.67 1014943.82 32079.31 0.01 0.44 0.93 991 17
Result 1 1077.0 1000 0.41 0.15 0.16 0.17 0.15 0.15 0.21 -1 -1 -1 -1
Evo 56.56 -6464629.58 10000004.30 -141279.15 -144908.07 17.60 41.75 1181701.90 37350.02 0.01 0.51 0.95 991 11
Result 1 1057.0 1000 0.42 0.15 0.18 0.15 0.17 0.14 0.20 -1 -1 -1 -1
Evo 53.91 -2352927.24 1070.21 -76222.67 5.61 19.61 44.08 266268.82 9408.15 0.01 0.42 0.75 -1 48
Result 0 1069.0 800 0.42 0.16 0.15 0.16 0.17 0.13 0.22 -1 -1 -1 -1
Evo 52.98 -7599994.62 10000004.94 -130590.45 0.62 31.97 853.35 1223167.08 38660.61 0.01 0.48 0.74 991 13
Result 1 1068.0 1000 0.43 0.16 0.17 0.17 0.16 0.13 0.21 -1 -1 -1 -1
Evo 57.49 -1333302.59 10000003.32 45610.59 4.67 1039.55 1052.67 1014419.86 32062.75 0.01 0.42 0.76 991 32
Result 1 1062.0 1000 0.41 0.15 0.16 0.17 0.18 0.14 0.20 -1 -1 -1 -1
Evo 54.91 -3111093.40 10000004.85 -23209.58 2.70 32.42 1065.69 1076125.68 34013.08 0.01 0.52 0.83 991 44
Result 1 1078.0 1000 0.40 0.14 0.15 0.18 0.16 0.15 0.21 -1 -1 -1 -1
Evo 60.06 -9950499.25 10000002.92 -75835.00 4.48 33.83 1059.59 1294220.51 40906.40 0.01 0.52 0.90 991 13
Result 1 1072.0 1000 0.41 0.15 0.15 0.16 0.15 0.17 0.21 -1 -1 -1 -1
Evo 60.13 -1846123.20 10000005.13 51908.41 5.39 34.61 1065.61 1019548.93 32224.86 0.01 0.59 0.97 991 11
Result 1 1078.0 1000 0.43 0.16 0.16 0.18 0.17 0.13 0.20 -1 -1 -1 -1
Evo 58.78 -2235266.10 10000002.32 5524.59 3.34 26.55 45.60 1025971.45 32427.86 0.01 0.56 0.97 991 29
Result 1 1077.0 1000 0.41 0.15 0.15 0.18 0.14 0.17 0.22 -1 -1 -1 -1
Evo 55.57 -3157876.52 10000003.16 -34131.35 3.74 34.99 1064.61 1110068.89 35085.92 0.01 0.49 0.80 991 70
Result 1 1075.0 1000 0.41 0.15 0.15 0.18 0.16 0.14 0.22 -1 -1 -1 -1
Evo 60.56 -2337624.20 10000004.64 31437.21 6.53 19.75 33.61 1033742.99 32673.49 0.01 0.63 0.98 991 17
Result 1 1054.0 1000 0.40 0.14 0.15 0.17 0.18 0.16 0.20 -1 -1 -1 -1
Evo 61.04 -9764701.23 35.68 -252794.07 1.44 5.67 26.85 979531.71 35625.22 0.01 0.46 0.87 -1 17
Result 0 35.0 755 0.41 0.15 0.17 0.19 0.16 0.15 0.18 -1 -1 -1 -1
Evo 61.55 -6619706.47 10000004.82 -5683.69 1.48 17.71 1042.61 1107727.51 35011.92 0.01 0.40 0.58 991 50
Result 1 1053.0 1000 0.42 0.16 0.17 0.18 0.18 0.14 0.18 -1 -1 -1 -1
Evo 59.30 -9101122.07 10000005.08 -9511.34 2.61 19.68 42.68 1152283.97 36420.21 0.01 0.41 0.65 991 22
Result 1 1053.0 1000 0.39 0.13 0.16 0.14 0.18 0.18 0.20 -1 -1 -1 -1
Evo 59.77 -5138888.30 10000004.84 28955.37 2.63 27.48 1047.61 1062187.02 33572.52 0.01 0.48 0.87 991 7
Result 1 1055.0 1000 0.43 0.17 0.15 0.16 0.16 0.15 0.21 -1 -1 -1 -1
Evo 63.20 -6530602.88 10000004.50 26143.49 4.60 22.74 33.60 1069909.58 33816.61 0.01 0.49 0.97 991 36
Result 1 1052.0 1000 0.42 0.16 0.16 0.15 0.17 0.17 0.19 -1 -1 -1 -1
Evo 62.60 -1904759.37 10000003.61 54166.85 2.61 24.57 1042.38 1015696.70 32103.10 0.01 0.51 0.87 991 26
Result 1 1050.0 1000 0.41 0.15 0.15 0.17 0.16 0.19 0.19 -1 -1 -1 -1
Evo 63.99 -7058822.50 10000004.74 -9452.69 1.60 33.15 1042.61 1130222.82 35722.93 0.01 0.49 0.80 991 52
Result 1 1049.0 1000 0.42 0.16 0.15 0.15 0.16 0.17 0.20 -1 -1 -1 -1
Evo 59.95 -5999994.99 10000004.29 -44634.76 0.61 16.61 33.61 1102153.74 34835.75 0.01 0.53 0.95 991 16
Result 1 1053.0 1000 0.42 0.16 0.18 0.14 0.16 0.16 0.20 -1 -1 -1 -1
Evo 61.33 -4571408.63 10000005.11 -54718.05 3.03 17.78 32.63 1121403.87 35444.19 0.01 0.57 0.96 991 7
Result 1 52.0 1000 0.42 0.16 0.16 0.17 0.17 0.16 0.18 -1 -1 -1 -1
Evo 59.92 -4999997.67 10000004.67 -1140.39 1.61 32.56 1045.58 1107878.98 35016.71 0.01 0.42 0.85 991 8
Result 1 1049.0 1000 0.43 0.16 0.17 0.15 0.16 0.16 0.19 -1 -1 -1 -1
Evo 61.28 -3176464.71 10000004.28 42944.96 6.61 21.63 44.60 1038973.17 32838.80 0.01 0.51 0.92 991 26
Result 1 1052.0 1000 0.42 0.16 0.14 0.18 0.18 0.15 0.19 -1 -1 -1 -1
Evo 59.92 -9365073.06 10000004.07 -50759.84 2.61 22.64 35.58 1184297.63 37432.07 0.01 0.51 0.90 991 27
Result 1 1053.0 1000 0.42 0.16 0.16 0.16 0.17 0.14 0.21 -1 -1 -1 -1
Evo 60.67 -9839569.85 10000004.98 -65299.12 4.60 23.61 1045.13 1364665.85 43132.96 0.01 0.46 0.94 991 8
Result 1 1054.0 1000 0.43 0.16 0.14 0.15 0.16 0.18 0.20 -1 -1 -1 -1
Evo 58.74 -2835814.12 10000004.41 -17149.19 1.85 25.61 33.72 1070799.18 33844.73 0.01 0.57 0.99 991 19
Result 1 1051.0 1000 0.44 0.17 0.16 0.15 0.16 0.17 0.19 -1 -1 -1 -1
Evo 60.55 -2830184.11 10000004.05 41520.88 6.61 26.66 39.20 1025978.22 32428.07 0.01 0.59 0.97 991 14
Result 1 1051.0 1000 0.41 0.15 0.17 0.16 0.17 0.15 0.20 -1 -1 -1 -1
Evo 62.96 -7281545.31 10000005.06 -37257.87 2.61 10.94 27.93 1171922.37 37040.92 0.01 0.53 0.93 991 27
Result 1 37.0 1000 0.43 0.16 0.16 0.14 0.19 0.17 0.18 -1 -1 -1 -1
Evo 60.66 -2380948.65 10000004.84 11368.90 1.61 28.58 39.62 1051068.19 33221.09 0.01 0.59 0.98 991 16
Result 1 48.0 1000 0.43 0.16 0.15 0.15 0.16 0.17 0.19 -1 -1 -1 -1
Evo 61.62 -8224296.20 10000004.96 -65275.39 1.60 14.61 40.79 1186472.46 37500.81 0.01 0.57 0.98 991 2
Result 1 1049.0 1000 0.43 0.17 0.15 0.16 0.16 0.16 0.19 -1 -1 -1 -1
Evo 62.33 -1733305.15 10000004.77 54049.23 4.61 31.60 1047.47 999833.29 31601.71 0.01 0.49 0.98 991 50
Result 1 1054.0 1000 0.41 0.15 0.17 0.17 0.17 0.15 0.19 -1 -1 -1 -1
Evo 51.07 -2790668.73 10000004.62 14779.34 12.72 39.78 1085.61 1050606.95 33206.51 0.01 0.43 0.90 991 24
Result 1 1110.0 1000 0.34 0.11 0.16 0.14 0.19 0.16 0.24 -1 -1 -1 -1
Evo 46.52 -2399177.52 10000003.42 -20640.23 0.72 38.80 1075.33 1050039.27 33188.57 0.01 0.51 0.91 991 10
Result 1 1106.0 1000 0.41 0.15 0.15 0.15 0.17 0.16 0.22 -1 -1 -1 -1
Evo 48.42 -3124981.58 10000004.81 -22023.39 8.77 762.76 1080.61 1083754.96 34254.22 0.01 0.35 0.52 991 54
Result 1 1103.0 1000 0.39 0.13 0.16 0.17 0.17 0.14 0.22 -1 -1 -1 -1
Evo 48.81 -2289130.13 10000004.00 -17470.47 5.34 33.88 1084.63 1060705.40 33525.69 0.01 0.48 0.88 991 38
Result 1 1111.0 1000 0.38 0.13 0.15 0.16 0.17 0.16 0.23 -1 -1 -1 -1
Evo 48.42 -7373730.62 10000005.16 -28721.93 8.61 40.24 1076.61 1115966.63 35272.33 0.01 0.45 0.75 991 3
Result 1 1116.0 1000 0.38 0.13 0.16 0.18 0.15 0.16 0.23 -1 -1 -1 -1
Evo 53.66 -9975127.95 21.24 -383040.12 0.56 7.60 14.71 1524895.00 88483.38 0.03 0.15 0.42 -1 9
Result 0 19.0 296 0.39 0.13 0.18 0.19 0.17 0.14 0.20 -1 -1 -1 -1
Evo 49.32 -2666636.22 46.13 -179015.05 0.61 11.04 25.61 442453.45 20834.32 0.02 0.39 0.90 -1 6
Result 0 44.0 450 0.41 0.15 0.16 0.17 0.15 0.18 0.19 -1 -1 -1 -1
Evo 50.04 -9947916.81 23.63 -527060.26 -476171.92 0.72 7.72 1485906.38 84530.26 0.03 0.19 0.40 -1 41
Result 0 23.0 308 0.40 0.14 0.19 0.19 0.15 0.13 0.21 -1 -1 -1 -1
Evo 51.99 -2597392.86 13.28 -273467.89 -344816.09 0.72 7.79 505400.71 28658.64 0.03 0.12 0.36 -1 6
Result 0 16.0 310 0.44 0.18 0.19 0.18 0.20 0.09 0.16 -1 -1 -1 -1
Evo 48.08 -6785711.11 17.49 -323975.22 -192293.18 6.38 10.20 930917.99 52787.52 0.03 0.14 0.45 -1 5
Result 0 18.0 310 0.44 0.17 0.16 0.21 0.12 0.13 0.21 -1 -1 -1 -1
Evo 47.28 -2597384.19 10000004.88 -49880.54 0.73 19.67 1071.68 1077456.46 34055.14 0.01 0.56 0.95 991 3
Result 1 1106.0 1000 0.42 0.16 0.15 0.18 0.16 0.15 0.20 -1 -1 -1 -1
Evo 49.86 -1931812.26 10000004.30 36848.47 8.82 52.19 1096.27 1023222.90 32340.98 0.01 0.57 0.89 991 24
Result 1 1109.0 1000 0.40 0.14 0.15 0.17 0.19 0.14 0.21 -1 -1 -1 -1
Evo 48.66 -5157889.87 10000004.02 -16436.28 5.64 611.69 1083.65 1094924.55 34607.26 0.01 0.56 0.95 991 3
Result 1 1108.0 1000 0.40 0.14 0.17 0.16 0.14 0.16 0.23 -1 -1 -1 -1
Evo 52.75 -9999997.06 19.02 -501072.29 -281679.94 2.87 13.35 1585447.02 89329.82 0.03 0.20 0.42 -1 8
Result 0 18.0 314 0.40 0.14 0.19 0.21 0.11 0.15 0.21 -1 -1 -1 -1
Evo 49.79 -3055530.08 10000004.30 316.83 10.64 33.59 1087.61 1064991.53 33661.16 0.01 0.55 0.96 991 14
Result 1 1113.0 1000 0.41 0.15 0.15 0.16 0.15 0.16 0.23 -1 -1 -1 -1
Evo 48.90 -2361091.20 10000004.16 -13932.95 7.61 39.31 1074.79 1061105.06 33538.32 0.01 0.41 0.60 991 26
Result 1 1119.0 1000 0.38 0.13 0.15 0.16 0.15 0.17 0.24 -1 -1 -1 -1
Evo 52.02 -3292656.53 10000003.40 -6088.10 10.85 37.69 1087.64 1073104.08 33917.58 0.01 0.51 0.89 991 3
Result 1 1109.0 1000 0.37 0.12 0.16 0.15 0.15 0.17 0.25 -1 -1 -1 -1
Evo 47.54 -5106356.11 10000005.19 -191196.31 -270215.51 20.73 55.51 1203734.51 38046.41 0.01 0.38 0.83 991 22
Result 1 96.0 1000 0.41 0.15 0.17 0.14 0.16 0.16 0.23 -1 -1 -1 -1
Evo 53.98 -9999995.22 44.96 -232698.46 2.78 18.52 26.72 1052935.06 44856.54 0.02 0.33 0.62 -1 3
Result 0 40.0 550 0.41 0.15 0.15 0.20 0.16 0.14 0.20 -1 -1 -1 -1
Evo 49.92 -8508769.11 10000004.80 -34658.80 6.63 57.60 1086.00 1161788.08 36720.61 0.01 0.46 0.86 991 20
Result 1 1105.0 1000 0.38 0.13 0.18 0.14 0.18 0.16 0.20 -1 -1 -1 -1
Evo 83.26 -9921878.36 3.62 -263749.32 0.62 3.47 3.60 1279341.36 77287.84 0.03 0.15 0.42 -1 8
Result 0 3.0 273 0.41 0.15 0.22 0.20 0.13 0.11 0.18 -1 -1 -1 -1
Evo 50.30 -7142853.57 10000004.32 -193212.13 -333313.67 5.70 44.90 1198424.21 37878.57 0.01 0.50 0.89 991 13
Result 1 1067.0 1000 0.44 0.18 0.15 0.13 0.16 0.15 0.23 -1 -1 -1 -1
Evo 55.52 -3516468.17 10000004.61 -8596.69 1.27 34.71 1063.68 1079822.48 34129.92 0.01 0.52 0.85 991 2
Result 1 1080.0 1000 0.39 0.14 0.16 0.15 0.16 0.17 0.22 -1 -1 -1 -1
Evo 57.82 -1526882.02 1076.83 -35230.53 2.28 35.62 1058.63 153801.58 5123.87 0.01 0.46 0.92 -1 11
Result 0 1076.0 900 0.39 0.14 0.16 0.15 0.16 0.18 0.21 -1 -1 -1 -1
Evo 59.48 -1790174.13 10000002.68 75007.00 3.62 1047.70 1061.61 1005689.62 31786.81 0.01 0.44 0.83 991 11
Result 1 1077.0 1000 0.39 0.14 0.15 0.15 0.15 0.18 0.22 -1 -1 -1 -1
Evo 60.67 -1612872.09 10000005.14 56715.61 2.51 38.97 1060.65 1013727.89 32040.87 0.01 0.60 0.97 991 1
Result 1 1083.0 1000 0.40 0.14 0.17 0.14 0.17 0.16 0.21 -1 -1 -1 -1
Evo 52.90 -8648641.53 10000004.93 -114333.87 0.61 15.59 1051.71 1154608.06 36493.67 0.01 0.51 0.85 991 67
Result 1 1078.0 1000 0.43 0.16 0.14 0.14 0.15 0.18 0.22 -1 -1 -1 -1
Evo 79.45 -9765258.78 3.62 -373141.93 0.61 1.57 1.61 1414463.40 84230.07 0.03 0.12 0.37 -1 12
Result 0 3.0 281 0.42 0.16 0.19 0.19 0.13 0.14 0.20 -1 -1 -1 -1
Evo 60.53 -4361689.65 10000004.29 25951.64 2.61 40.98 1061.78 1058633.32 33460.20 0.01 0.53 0.91 991 10
Result 1 1077.0 1000 0.41 0.15 0.17 0.15 0.17 0.15 0.21 -1 -1 -1 -1
Evo 55.95 -3516454.49 10000003.44 -103011.69 0.61 19.80 1059.64 1142393.09 36107.59 0.01 0.49 0.84 991 5
Result 1 1076.0 1000 0.43 0.16 0.17 0.14 0.16 0.16 0.20 -1 -1 -1 -1
Evo 55.73 -2701931.87 10000004.56 -10496.31 1.61 32.79 1057.58 1018162.10 32181.03 0.01 0.48 0.78 991 12
Result 1 1079.0 1000 0.38 0.13 0.17 0.16 0.15 0.19 0.21 -1 -1 -1 -1
Evo 60.88 -1830983.12 10000004.41 69384.11 3.61 42.99 1062.62 1008292.90 31869.09 0.01 0.45 0.94 991 13
Result 1 1076.0 1000 0.39 0.14 0.17 0.15 0.15 0.18 0.21 -1 -1 -1 -1
Evo 77.23 -9612907.12 2.82 -314982.09 0.57 0.61 2.49 1221160.07 73772.98 0.03 0.13 0.33 -1 14
Result 0 2.0 273 0.44 0.18 0.18 0.18 0.20 0.10 0.16 -1 -1 -1 -1
Evo 58.17 -5344827.14 10000004.62 -14934.97 1.61 24.48 1059.73 1063294.24 33607.52 0.01 0.57 0.94 991 1
Result 1 1078.0 1000 0.41 0.15 0.15 0.16 0.15 0.19 0.20 -1 -1 -1 -1
Evo 58.61 -2386336.39 10000001.80 36800.48 0.70 38.68 1062.83 1031119.08 32590.56 0.01 0.51 0.90 991 2
Result 1 1079.0 1000 0.41 0.15 0.16 0.14 0.17 0.15 0.23 -1 -1 -1 -1
Evo 61.47 -2333328.52 53.90 -69689.90 3.57 5.58 30.87 305711.96 13023.77 0.02 0.40 0.85 -1 10
Result 0 53.0 550 0.41 0.15 0.16 0.15 0.16 0.18 0.20 -1 -1 -1 -1
Evo 61.55 -9950617.99 11.99 -612440.72 0.61 1.62 8.63 1849913.25 117946.16 0.03 0.15 0.49 -1 55
Result 0 11.0 245 0.40 0.14 0.23 0.09 0.17 0.21 0.16 -1 -1 -1 -1
Evo 57.37 -5903609.53 10000004.16 -22192.63 2.61 38.98 1062.65 1124978.51 35557.17 0.01 0.45 0.86 991 12
Result 1 1080.0 1000 0.40 0.14 0.17 0.15 0.16 0.17 0.21 -1 -1 -1 -1
Evo 54.11 -3820215.67 10000005.09 4369.22 10.94 30.46 1049.29 1066738.96 33716.39 0.01 0.57 0.97 991 1
Result 1 1075.0 1000 0.42 0.16 0.15 0.14 0.16 0.18 0.21 -1 -1 -1 -1
Evo 59.56 -2073168.66 10000003.36 47155.02 3.61 45.87 1058.60 1026240.72 32436.37 0.01 0.48 0.94 991 17
Result 1 1069.0 1000 0.40 0.14 0.17 0.16 0.16 0.18 0.20 -1 -1 -1 -1
