Evo 89.50 -10000003.68 0.58 -50260.07 0.57 0.57 0.57 705375.32 15768.73 0.01 0.69 0.71 -1 302
Result 0 0.0 2000 0.46 0.20 0.20 0.20 0.20 0.21 -1 -1 -1 -1 -1
Evo 89.30 -10000003.34 0.58 -49974.44 0.57 0.57 0.57 705337.67 15767.89 0.01 0.69 0.70 -1 34
Result 0 0.0 2000 0.46 0.20 0.21 0.19 0.20 0.20 -1 -1 -1 -1 -1
Evo 89.64 -10000000.86 0.58 -49974.43 0.57 0.57 0.57 705337.54 15767.89 0.01 0.68 0.71 -1 1991
Result 0 0.0 2000 0.46 0.20 0.20 0.19 0.21 0.21 -1 -1 -1 -1 -1
Evo 89.06 -10000004.02 0.58 -49974.43 0.57 0.57 0.57 705337.59 15767.89 0.01 0.70 0.71 -1 36
Result 0 0.0 2000 0.47 0.21 0.21 0.18 0.20 0.20 -1 -1 -1 -1 -1
Evo 89.38 -10000003.36 0.58 -50363.52 0.57 0.57 0.57 705396.94 15769.21 0.01 0.70 0.71 -1 293
Result 0 0.0 2000 0.46 0.20 0.20 0.20 0.19 0.21 -1 -1 -1 -1 -1
Evo 89.43 -10000003.92 0.58 -49974.44 0.57 0.57 0.57 705337.77 15767.89 0.01 0.70 0.71 -1 21
Result 0 0.0 2000 0.47 0.21 0.19 0.20 0.18 0.22 -1 -1 -1 -1 -1
Evo 89.62 -10000002.33 0.58 -49974.44 0.57 0.57 0.57 705337.68 15767.89 0.01 0.70 0.71 -1 338
Result 0 0.0 2000 0.45 0.19 0.20 0.20 0.20 0.20 -1 -1 -1 -1 -1
Evo 89.49 -10000004.24 0.58 -49974.44 0.57 0.57 0.57 705337.74 15767.89 0.01 0.69 0.71 -1 929
Result 0 0.0 2000 0.46 0.20 0.19 0.20 0.22 0.20 -1 -1 -1 -1 -1
Evo 89.37 -10000004.15 0.58 -50050.16 0.57 0.57 0.57 705340.49 15767.95 0.01 0.70 0.71 -1 39
Result 0 0.0 2000 0.47 0.20 0.19 0.20 0.19 0.21 -1 -1 -1 -1 -1
Evo 89.36 -10000004.69 0.58 -49974.44 0.57 0.57 0.57 705337.74 15767.89 0.01 0.69 0.71 -1 144
Result 0 0.0 2000 0.48 0.21 0.20 0.19 0.20 0.19 -1 -1 -1 -1 -1
Evo 89.18 -10000003.94 0.58 -50147.22 0.57 0.57 0.57 705346.54 15768.09 0.01 0.69 0.71 -1 81
Result 0 0.0 2000 0.47 0.21 0.21 0.20 0.18 0.20 -1 -1 -1 -1 -1
Evo 89.68 -10000003.03 0.58 -49974.44 0.57 0.57 0.57 705337.64 15767.89 0.01 0.69 0.71 -1 46
Result 0 0.0 2000 0.47 0.20 0.19 0.21 0.20 0.19 -1 -1 -1 -1 -1
Evo 89.31 -10000002.68 0.58 -49974.44 0.57 0.57 0.57 705337.65 15767.89 0.01 0.68 0.71 -1 394
Result 0 0.0 2000 0.46 0.20 0.20 0.19 0.19 0.21 -1 -1 -1 -1 -1
Evo 89.01 -10000002.21 0.58 -20049.55 0.57 0.57 0.57 447436.66 10017.52 0.01 0.70 0.71 -1 1912
Result 0 -1.0 1994 0.46 0.19 0.20 0.20 0.19 0.21 -1 -1 -1 -1 -1
Evo 89.63 -10000002.98 0.58 -49974.44 0.57 0.57 0.57 705337.73 15767.89 0.01 0.66 0.71 -1 510
Result 0 0.0 2000 0.46 0.19 0.20 0.19 0.21 0.21 -1 -1 -1 -1 -1
Evo 89.62 -10000003.75 0.58 -49974.44 0.57 0.57 0.57 705337.77 15767.89 0.01 0.69 0.71 -1 253
Result 0 0.0 2000 0.47 0.21 0.19 0.22 0.20 0.19 -1 -1 -1 -1 -1
Evo 89.55 -10000004.38 0.58 -49974.44 0.57 0.57 0.57 705337.70 15767.89 0.01 0.69 0.71 -1 283
Result 0 0.0 2000 0.46 0.20 0.20 0.21 0.21 0.18 -1 -1 -1 -1 -1
Evo 89.55 -10000003.71 0.58 -49974.44 0.57 0.57 0.57 705337.73 15767.89 0.01 0.67 0.71 -1 1991
Result 0 0.0 2000 0.47 0.21 0.20 0.20 0.20 0.20 -1 -1 -1 -1 -1
Evo 89.61 -10000002.26 0.58 -49974.43 0.57 0.57 0.57 705337.54 15767.89 0.01 0.68 0.71 -1 581
Result 0 0.0 2000 0.47 0.20 0.18 0.20 0.22 0.20 -1 -1 -1 -1 -1
Evo 89.62 -10000003.96 0.58 -49974.44 0.57 0.57 0.57 705337.71 15767.89 0.01 0.70 0.71 -1 333
Result 0 0.0 2000 0.45 0.19 0.21 0.19 0.21 0.20 -1 -1 -1 -1 -1
Evo 89.29 -10000004.31 1.58 -49973.52 1.57 1.57 1.57 705337.68 15767.89 0.01 0.40 0.43 -1 1991
Result 0 1.0 2000 0.46 0.19 0.18 0.19 0.22 0.21 -1 -1 -1 -1 -1
Evo 89.50 -10000003.83 1.58 -49973.46 1.57 1.57 1.57 705337.81 15767.89 0.01 0.54 0.55 -1 15
Result 0 1.0 2000 0.46 0.20 0.19 0.20 0.21 0.20 -1 -1 -1 -1 -1
Evo 89.26 -9999998.77 1.58 -49973.75 0.57 1.57 1.57 705337.55 15767.89 0.01 0.25 0.29 -1 14
Result 0 1.0 2000 0.45 0.19 0.21 0.21 0.18 0.21 -1 -1 -1 -1 -1
Evo 89.39 -10000003.24 1.58 -49973.49 1.57 1.57 1.57 705337.70 15767.89 0.01 0.32 0.39 -1 1
Result 0 1.0 2000 0.45 0.18 0.20 0.21 0.21 0.20 -1 -1 -1 -1 -1
Evo 89.29 -10000002.14 1.58 -49973.46 1.57 1.57 1.57 705337.65 15767.89 0.01 0.42 0.55 -1 1991
Result 0 1.0 2000 0.48 0.21 0.19 0.19 0.21 0.20 -1 -1 -1 -1 -1
Evo 89.38 -10000003.32 1.58 -50691.07 1.57 1.57 1.57 705464.83 15770.73 0.01 0.55 0.55 -1 366
Result 0 1.0 2000 0.47 0.21 0.19 0.19 0.19 0.22 -1 -1 -1 -1 -1
Evo 89.05 -10000003.99 1.58 -49973.77 0.57 1.57 1.57 705337.82 15767.89 0.01 0.40 0.48 -1 56
Result 0 1.0 2000 0.46 0.20 0.20 0.20 0.19 0.20 -1 -1 -1 -1 -1
Evo 89.34 -10000004.36 1.58 -49973.47 1.57 1.57 1.57 705337.76 15767.89 0.01 0.54 0.55 -1 7
Result 0 1.0 2000 0.45 0.19 0.20 0.20 0.21 0.20 -1 -1 -1 -1 -1
Evo 89.49 -10000003.84 1.58 -49973.52 1.57 1.57 1.57 705337.84 15767.89 0.01 0.27 0.34 -1 36
Result 0 1.0 2000 0.46 0.19 0.21 0.20 0.20 0.20 -1 -1 -1 -1 -1
Evo 89.48 -10000003.64 1.58 -49973.72 0.58 1.57 1.57 705337.80 15767.89 0.01 0.45 0.53 -1 1991
Result 0 1.0 2000 0.46 0.19 0.21 0.19 0.18 0.22 -1 -1 -1 -1 -1
Evo 88.94 -10000003.42 1.58 -49973.55 1.57 1.57 1.57 705337.68 15767.89 0.01 0.47 0.55 -1 24
Result 0 1.0 2000 0.46 0.19 0.19 0.21 0.20 0.21 -1 -1 -1 -1 -1
Evo 89.26 -10000002.26 1.58 -49973.51 1.57 1.57 1.57 705337.56 15767.89 0.01 0.40 0.44 -1 1991
Result 0 1.0 2000 0.47 0.21 0.20 0.19 0.20 0.20 -1 -1 -1 -1 -1
Evo 89.18 -10000002.49 1.58 -49973.59 1.57 1.57 1.57 705337.74 15767.89 0.01 0.55 0.55 -1 1991
Result 0 1.0 2000 0.47 0.21 0.20 0.21 0.19 0.20 -1 -1 -1 -1 -1
Evo 89.15 -10000003.30 1.58 -49973.54 1.57 1.57 1.57 705337.79 15767.89 0.01 0.54 0.55 -1 45
Result 0 1.0 2000 0.45 0.19 0.20 0.21 0.20 0.20 -1 -1 -1 -1 -1
Evo 89.40 -10000003.99 1.58 -49973.51 1.57 1.57 1.57 705337.71 15767.89 0.01 0.28 0.36 -1 16
Result 0 1.0 2000 0.46 0.20 0.20 0.19 0.20 0.20 -1 -1 -1 -1 -1
Evo 89.42 -10000003.88 1.58 -49973.46 1.57 1.57 1.57 705337.74 15767.89 0.01 0.40 0.51 -1 11
Result 0 1.0 2000 0.46 0.20 0.20 0.21 0.21 0.18 -1 -1 -1 -1 -1
Evo 89.13 -10000003.60 1.58 -49973.53 1.57 1.57 1.57 705337.76 15767.89 0.01 0.30 0.40 -1 1991
Result 0 1.0 2000 0.46 0.20 0.21 0.19 0.20 0.20 -1 -1 -1 -1 -1
Evo 89.20 -10000003.81 1.58 -49973.68 1.26 1.57 1.57 705337.68 15767.89 0.01 0.40 0.45 -1 13
Result 0 1.0 2000 0.46 0.19 0.19 0.19 0.21 0.22 -1 -1 -1 -1 -1
Evo 89.41 -10000002.83 1.58 -49973.53 1.57 1.57 1.57 705337.73 15767.89 0.01 0.37 0.43 -1 5
Result 0 1.0 2000 0.46 0.20 0.20 0.19 0.20 0.21 -1 -1 -1 -1 -1
Evo 89.50 -10000004.17 1.58 -49973.50 1.57 1.57 1.57 705337.77 15767.89 0.01 0.46 0.55 -1 14
Result 0 1.0 2000 0.48 0.21 0.21 0.17 0.20 0.21 -1 -1 -1 -1 -1
Evo 89.27 -10000003.91 1.58 -49973.45 1.57 1.57 1.57 705337.77 15767.89 0.01 0.54 0.57 -1 1991
Result 0 1.0 2000 0.46 0.20 0.21 0.19 0.20 0.20 -1 -1 -1 -1 -1
Evo 89.38 -10000003.13 1.58 -49974.04 0.57 0.58 1.57 705337.71 15767.89 0.01 0.55 0.58 -1 1991
Result 0 1.0 2000 0.46 0.20 0.20 0.20 0.20 0.20 -1 -1 -1 -1 -1
Evo 89.37 -10000004.18 1.58 -49973.59 1.57 1.57 1.57 705337.77 15767.89 0.01 0.53 0.58 -1 1991
Result 0 1.0 2000 0.47 0.21 0.18 0.22 0.19 0.20 -1 -1 -1 -1 -1
Evo 89.28 -10000000.89 1.58 -49973.44 1.57 1.57 1.57 705337.66 15767.89 0.01 0.45 0.53 -1 1991
Result 0 1.0 2000 0.47 0.20 0.20 0.21 0.20 0.19 -1 -1 -1 -1 -1
Evo 89.40 -10000003.62 1.58 -49973.57 1.57 1.57 1.57 705337.76 15767.89 0.01 0.49 0.52 -1 762
Result 0 1.0 2000 0.46 0.20 0.20 0.20 0.19 0.21 -1 -1 -1 -1 -1
Evo 89.04 -10000003.22 1.58 -49973.85 0.57 1.57 1.57 705337.74 15767.89 0.01 0.47 0.53 -1 1991
Result 0 1.0 2000 0.49 0.23 0.20 0.19 0.19 0.19 -1 -1 -1 -1 -1
Evo 89.17 -10000004.36 1.58 -49973.46 1.57 1.57 1.57 705337.71 15767.89 0.01 0.47 0.54 -1 1991
Result 0 1.0 2000 0.46 0.19 0.21 0.19 0.20 0.21 -1 -1 -1 -1 -1
Evo 89.49 -10000003.77 1.58 -49973.52 1.57 1.57 1.57 705337.78 15767.89 0.01 0.56 0.58 -1 1991
Result 0 1.0 2000 0.46 0.19 0.21 0.20 0.20 0.20 -1 -1 -1 -1 -1
Evo 89.21 -10000003.87 1.58 -49973.60 1.57 1.57 1.57 705337.68 15767.89 0.01 0.51 0.52 -1 1991
Result 0 1.0 2000 0.47 0.20 0.19 0.21 0.19 0.21 -1 -1 -1 -1 -1
Evo 89.47 -10000004.36 1.58 -49973.45 1.57 1.57 1.57 705337.73 15767.89 0.01 0.44 0.55 -1 1991
Result 0 1.0 2000 0.47 0.20 0.21 0.19 0.20 0.20 -1 -1 -1 -1 -1
Evo 89.21 -10000004.24 1.58 -49973.46 1.57 1.57 1.57 705337.85 15767.89 0.01 0.51 0.56 -1 1991
Result 0 1.0 2000 0.46 0.20 0.21 0.18 0.20 0.21 -1 -1 -1 -1 -1
Evo 89.04 -10000003.61 1.58 -49973.45 1.57 1.57 1.57 705337.80 15767.89 0.01 0.56 0.57 -1 1991
Result 0 1.0 2000 0.47 0.20 0.20 0.19 0.20 0.20 -1 -1 -1 -1 -1
Evo 89.29 -10000002.87 1.58 -49973.45 1.57 1.57 1.57 705337.77 15767.89 0.01 0.51 0.58 -1 1991
Result 0 1.0 2000 0.46 0.20 0.20 0.20 0.21 0.20 -1 -1 -1 -1 -1
Evo 89.57 -10000002.84 1.58 -49973.46 1.57 1.57 1.57 705337.81 15767.89 0.01 0.53 0.58 -1 1991
Result 0 1.0 2000 0.47 0.21 0.20 0.20 0.19 0.20 -1 -1 -1 -1 -1
Evo 89.26 -10000003.61 1.58 -49973.47 1.57 1.57 1.57 705337.67 15767.89 0.01 0.53 0.58 -1 1991
Result 0 1.0 2000 0.47 0.21 0.19 0.20 0.20 0.20 -1 -1 -1 -1 -1
Evo 89.39 -10000001.60 1.58 -49973.45 1.57 1.57 1.57 705337.75 15767.89 0.01 0.55 0.58 -1 1991
Result 0 1.0 2000 0.47 0.20 0.21 0.19 0.20 0.20 -1 -1 -1 -1 -1
Evo 89.50 -10000003.50 1.58 -49973.46 1.57 1.57 1.57 705337.60 15767.89 0.01 0.56 0.58 -1 1991
Result 0 1.0 2000 0.47 0.21 0.19 0.21 0.19 0.20 -1 -1 -1 -1 -1
Evo 89.36 -10000004.11 1.58 -49973.46 1.57 1.57 1.57 705337.77 15767.89 0.01 0.44 0.57 -1 1164
Result 0 1.0 2000 0.45 0.19 0.20 0.18 0.21 0.22 -1 -1 -1 -1 -1
Evo 89.23 -10000002.06 1.58 -50062.74 1.57 1.57 1.57 705342.68 15768.00 0.01 0.44 0.58 -1 786
Result 0 1.0 2000 0.45 0.19 0.19 0.20 0.21 0.21 -1 -1 -1 -1 -1
Evo 89.26 -10000002.87 1.58 -49973.65 1.57 1.57 1.57 705337.68 15767.89 0.01 0.55 0.58 -1 1991
Result 0 1.0 2000 0.45 0.19 0.21 0.21 0.20 0.19 -1 -1 -1 -1 -1
Evo 89.68 -10000004.39 0.58 -49974.44 0.57 0.57 0.57 705337.72 15767.89 0.01 0.31 0.38 -1 1991
Result 0 0.0 2000 0.47 0.20 0.21 0.20 0.20 0.19 -1 -1 -1 -1 -1
Evo 89.27 -10000004.38 1.58 -49973.65 1.57 1.57 1.57 705337.77 15767.89 0.01 0.55 0.58 -1 1991
Result 0 1.0 2000 0.47 0.20 0.20 0.19 0.20 0.21 -1 -1 -1 -1 -1
Evo 89.25 -10000002.85 1.58 -49973.50 1.57 1.57 1.57 705337.69 15767.89 0.01 0.56 0.58 -1 1991
Result 0 1.0 2000 0.47 0.21 0.20 0.19 0.20 0.20 -1 -1 -1 -1 -1
Evo 89.24 -10000003.59 1.58 -49973.62 1.57 1.57 1.57 705337.79 15767.89 0.01 0.55 0.59 -1 1991
Result 0 1.0 2000 0.46 0.20 0.21 0.18 0.21 0.20 -1 -1 -1 -1 -1
Evo 89.21 -10000002.40 1.58 -49973.81 0.57 1.57 1.57 705337.72 15767.89 0.01 0.56 0.58 -1 1991
Result 0 1.0 2000 0.46 0.19 0.20 0.19 0.21 0.21 -1 -1 -1 -1 -1
Evo 89.58 -10000003.30 1.58 -49973.66 1.57 1.57 1.57 705337.73 15767.89 0.01 0.55 0.59 -1 1991
Result 0 1.0 2000 0.47 0.21 0.19 0.20 0.20 0.20 -1 -1 -1 -1 -1
Evo 89.54 -10000003.61 1.58 -49974.26 0.57 0.57 0.58 705337.62 15767.89 0.01 0.53 0.58 -1 1991
Result 0 1.0 2000 0.46 0.19 0.20 0.21 0.18 0.22 -1 -1 -1 -1 -1
Evo 89.42 -10000003.44 1.58 -49973.72 0.58 1.57 1.57 705337.71 15767.89 0.01 0.58 0.59 -1 971
Result 0 1.0 2000 0.46 0.19 0.20 0.19 0.21 0.21 -1 -1 -1 -1 -1
Evo 89.27 -10000002.71 1.58 -49973.46 1.57 1.57 1.57 705337.71 15767.89 0.01 0.56 0.59 -1 1991
Result 0 1.0 2000 0.46 0.19 0.20 0.20 0.21 0.20 -1 -1 -1 -1 -1
Evo 89.26 -10000003.88 1.58 -49973.47 1.57 1.57 1.57 705337.80 15767.89 0.01 0.33 0.44 -1 484
Result 0 1.0 2000 0.47 0.21 0.19 0.21 0.19 0.20 -1 -1 -1 -1 -1
Evo 89.61 -10000003.26 0.58 -49974.44 0.57 0.57 0.57 705337.74 15767.89 0.01 0.36 0.49 -1 1991
Result 0 0.0 2000 0.48 0.22 0.18 0.20 0.19 0.21 -1 -1 -1 -1 -1
Evo 89.35 -10000003.76 1.58 -49973.48 1.57 1.57 1.57 705337.81 15767.89 0.01 0.51 0.58 -1 1991
Result 0 1.0 2000 0.46 0.19 0.21 0.21 0.19 0.20 -1 -1 -1 -1 -1
Evo 89.31 -10000004.65 1.58 -49973.46 1.57 1.57 1.57 705337.80 15767.89 0.01 0.54 0.58 -1 1991
Result 0 1.0 2000 0.47 0.21 0.20 0.19 0.20 0.21 -1 -1 -1 -1 -1
Evo 89.31 -10000001.78 1.58 -49974.08 0.57 0.57 1.57 705337.59 15767.89 0.01 0.46 0.55 -1 1991
Result 0 1.0 2000 0.45 0.19 0.19 0.21 0.21 0.21 -1 -1 -1 -1 -1
Evo 89.22 -10000003.26 1.58 -49973.67 1.57 1.57 1.57 705337.67 15767.89 0.01 0.54 0.58 -1 1991
Result 0 1.0 2000 0.46 0.20 0.19 0.21 0.21 0.20 -1 -1 -1 -1 -1
Evo 89.02 -10000002.42 1.58 -49974.21 0.57 0.57 0.58 705337.73 15767.89 0.01 0.54 0.59 -1 1559
Result 0 1.0 2000 0.45 0.18 0.21 0.19 0.21 0.20 -1 -1 -1 -1 -1
Evo 89.20 -10000003.66 1.58 -49973.57 1.57 1.57 1.57 705337.67 15767.89 0.01 0.53 0.59 -1 1991
Result 0 1.0 2000 0.46 0.19 0.21 0.20 0.19 0.21 -1 -1 -1 -1 -1
Evo 89.07 -10000004.69 1.58 -49973.65 1.57 1.57 1.57 705337.84 15767.89 0.01 0.58 0.59 -1 1991
Result 0 1.0 2000 0.47 0.21 0.20 0.20 0.20 0.20 -1 -1 -1 -1 -1
Evo 89.45 -10000004.26 1.58 -49973.48 1.57 1.57 1.57 705337.84 15767.89 0.01 0.54 0.58 -1 1991
Result 0 1.0 2000 0.46 0.20 0.20 0.19 0.21 0.20 -1 -1 -1 -1 -1
Evo 89.49 -10000003.42 1.58 -49973.79 0.57 1.57 1.57 705337.71 15767.89 0.01 0.55 0.59 -1 1991
Result 0 1.0 2000 0.46 0.20 0.20 0.20 0.20 0.20 -1 -1 -1 -1 -1
Evo 89.00 -10000003.45 1.58 -49974.40 0.57 0.57 0.57 705337.72 15767.89 0.01 0.40 0.47 -1 1550
Result 0 1.0 2000 0.48 0.21 0.21 0.19 0.20 0.19 -1 -1 -1 -1 -1
Evo 89.37 -10000004.34 1.58 -49973.55 1.57 1.57 1.57 705337.82 15767.89 0.01 0.48 0.51 -1 177
Result 0 1.0 2000 0.46 0.20 0.20 0.18 0.21 0.21 -1 -1 -1 -1 -1
Evo 89.69 -10000003.95 0.58 -49974.44 0.57 0.57 0.57 705337.72 15767.89 0.01 0.32 0.37 -1 1991
Result 0 0.0 2000 0.46 0.19 0.20 0.19 0.20 0.21 -1 -1 -1 -1 -1
Evo 89.08 -10000003.83 1.58 -49973.95 0.57 0.58 1.57 705337.72 15767.89 0.01 0.41 0.44 -1 283
Result 0 1.0 2000 0.46 0.20 0.20 0.19 0.20 0.22 -1 -1 -1 -1 -1
Evo 89.43 -10000004.19 1.58 -49974.01 0.57 0.58 1.57 705337.66 15767.89 0.01 0.44 0.49 -1 358
Result 0 1.0 2000 0.46 0.19 0.19 0.21 0.20 0.20 -1 -1 -1 -1 -1
Evo 89.29 -10000003.14 1.58 -51379.10 1.49 1.57 1.57 705514.68 15771.85 0.01 0.42 0.48 -1 415
Result 0 1.0 2000 0.47 0.20 0.21 0.18 0.18 0.23 -1 -1 -1 -1 -1
Evo 89.57 -10000004.70 0.58 -49974.44 0.57 0.57 0.57 705337.70 15767.89 0.01 0.23 0.31 -1 1991
Result 0 0.0 2000 0.48 0.21 0.19 0.21 0.19 0.20 -1 -1 -1 -1 -1
Evo 89.22 -10000003.71 1.58 -49974.20 0.57 0.57 0.58 705337.64 15767.89 0.01 0.47 0.51 -1 1514
Result 0 1.0 2000 0.46 0.20 0.20 0.20 0.20 0.20 -1 -1 -1 -1 -1
Evo 89.64 -10000002.53 0.58 -49974.44 0.57 0.57 0.57 705337.67 15767.89 0.01 0.34 0.38 -1 669
Result 0 0.0 2000 0.46 0.19 0.20 0.20 0.18 0.22 -1 -1 -1 -1 -1
Evo 89.63 -10000003.52 0.58 -49974.43 0.57 0.57 0.57 705337.60 15767.89 0.01 0.32 0.35 -1 1991
Result 0 0.0 2000 0.46 0.19 0.19 0.21 0.21 0.20 -1 -1 -1 -1 -1
Evo 89.34 -10000002.82 1.58 -49973.72 0.58 1.57 1.57 705337.66 15767.89 0.01 0.38 0.43 -1 430
Result 0 1.0 2000 0.46 0.20 0.20 0.21 0.20 0.19 -1 -1 -1 -1 -1
Evo 89.73 -10000003.32 0.58 -49974.43 0.57 0.57 0.57 705337.62 15767.89 0.01 0.32 0.38 -1 931
Result 0 0.0 2000 0.46 0.20 0.21 0.19 0.19 0.21 -1 -1 -1 -1 -1
Evo 89.68 -10000002.72 0.58 -49974.44 0.57 0.57 0.57 705337.65 15767.89 0.01 0.34 0.38 -1 1569
Result 0 0.0 2000 0.46 0.19 0.20 0.19 0.21 0.21 -1 -1 -1 -1 -1
Evo 89.51 -10000002.76 1.58 -50101.99 0.57 1.57 1.57 705351.97 15768.21 0.01 0.47 0.51 -1 788
Result 0 1.0 2000 0.46 0.20 0.19 0.20 0.20 0.20 -1 -1 -1 -1 -1
Evo 89.28 -10000004.41 1.58 -50052.34 0.57 0.57 0.58 705340.89 15767.96 0.01 0.45 0.50 -1 463
Result 0 1.0 2000 0.47 0.21 0.19 0.19 0.20 0.21 -1 -1 -1 -1 -1
Evo 89.63 -10000003.61 0.58 -49974.45 0.57 0.57 0.57 705337.78 15767.89 0.01 0.32 0.36 -1 1991
Result 0 0.0 2000 0.47 0.21 0.22 0.20 0.19 0.18 -1 -1 -1 -1 -1
Evo 89.42 -10000002.50 0.58 -49974.43 0.57 0.57 0.57 705337.60 15767.89 0.01 0.32 0.35 -1 1991
Result 0 0.0 2000 0.48 0.22 0.19 0.19 0.20 0.20 -1 -1 -1 -1 -1
Evo 89.54 -10000002.77 1.58 -49973.79 0.57 1.57 1.57 705337.64 15767.89 0.01 0.43 0.45 -1 705
Result 0 1.0 2000 0.46 0.20 0.19 0.20 0.20 0.21 -1 -1 -1 -1 -1
Evo 89.47 -10000003.96 1.58 -49973.64 1.57 1.57 1.57 705337.79 15767.89 0.01 0.45 0.50 -1 249
Result 0 1.0 2000 0.46 0.20 0.19 0.20 0.18 0.23 -1 -1 -1 -1 -1
Evo 89.27 -10000003.83 1.58 -49973.98 0.57 0.58 1.57 705337.74 15767.89 0.01 0.39 0.42 -1 1039
Result 0 1.0 2000 0.47 0.20 0.22 0.21 0.19 0.18 -1 -1 -1 -1 -1
