Evo 85.16 -10000004.02 5.58 -384612.15 2.38 3.57 4.57 1926786.77 119494.24 0.03 0.19 0.47 -1 250
Result 0 5.0 259 0.45 0.18 0.18 0.27 0.19 0.18 -1 -1 -1 -1 -1
Evo 83.06 -10000004.21 7.37 -393697.39 1.57 3.57 4.63 1948578.57 122264.69 0.03 0.19 0.31 -1 244
Result 0 7.0 253 0.42 0.24 0.20 0.21 0.20 0.16 -1 -1 -1 -1 -1
Evo 85.62 -10000003.08 5.58 -403222.50 1.84 3.57 4.57 1971125.39 125166.59 0.03 0.06 0.16 -1 238
Result 0 5.0 247 0.40 0.26 0.16 0.20 0.24 0.15 -1 -1 -1 -1 -1
Evo 82.27 -10000003.79 8.61 -243304.27 2.57 4.58 6.62 1542622.18 76091.94 0.02 0.23 0.45 -1 401
Result 0 8.0 410 0.44 0.19 0.19 0.23 0.21 0.18 -1 -1 -1 -1 -1
Evo 89.95 -10000004.20 4.58 -403222.77 1.96 3.57 4.57 1971125.90 125166.62 0.03 0.16 0.39 -1 238
Result 0 4.0 247 0.43 0.18 0.18 0.19 0.28 0.17 -1 -1 -1 -1 -1
Evo 85.31 -10000003.94 6.59 -384611.95 2.30 3.57 4.57 1926786.68 119494.24 0.03 0.18 0.32 -1 250
Result 0 6.0 259 0.42 0.25 0.19 0.22 0.18 0.15 -1 -1 -1 -1 -1
Evo 81.79 -10000003.89 1015.59 -177367.24 3.57 1009.57 1013.57 1323259.65 55818.34 0.02 0.40 0.80 -1 552
Result 0 1015.0 561 0.48 0.19 0.20 0.17 0.22 0.22 -1 -1 -1 -1 -1
Evo 87.20 -10000003.04 5.58 -421937.87 1.57 3.57 4.57 2014572.49 130860.55 0.03 0.15 0.32 -1 227
Result 0 5.0 236 0.43 0.20 0.16 0.26 0.22 0.16 -1 -1 -1 -1 -1
Evo 86.43 -10000003.36 6.58 -349646.77 2.57 3.57 5.03 1840132.96 108809.34 0.03 0.15 0.35 -1 276
Result 0 6.0 285 0.45 0.20 0.16 0.26 0.20 0.18 -1 -1 -1 -1 -1
Evo 84.19 -10000001.69 8.58 -289012.99 1.59 4.57 5.85 1677730.37 90195.34 0.02 0.17 0.29 -1 336
Result 0 8.0 345 0.40 0.19 0.24 0.22 0.21 0.14 -1 -1 -1 -1 -1
Evo 81.56 -10000004.14 1011.57 -246629.83 2.57 3.57 1009.34 1553792.57 77208.57 0.02 0.38 0.67 -1 395
Result 0 1011.0 404 0.50 0.19 0.18 0.18 0.21 0.24 -1 -1 -1 -1 -1
Evo 86.67 -10000004.26 5.59 -383138.38 2.37 3.57 4.57 1923224.97 119044.64 0.03 0.12 0.24 -1 251
Result 0 5.0 260 0.42 0.18 0.16 0.24 0.26 0.16 -1 -1 -1 -1 -1
Evo 87.75 -10000003.58 5.92 -383138.32 2.38 3.57 4.57 1923224.63 119044.62 0.03 0.11 0.23 -1 251
Result 0 6.0 260 0.49 0.16 0.16 0.26 0.24 0.17 -1 -1 -1 -1 -1
Evo 85.74 -10000003.11 8.04 -384611.86 2.38 3.57 4.57 1926786.40 119494.22 0.03 0.18 0.31 -1 250
Result 0 7.0 259 0.44 0.18 0.18 0.24 0.22 0.18 -1 -1 -1 -1 -1
Evo 84.14 -10000004.21 6.58 -325729.13 2.57 3.57 5.57 1778068.55 101479.73 0.03 0.15 0.30 -1 297
Result 0 6.0 306 0.43 0.15 0.20 0.24 0.23 0.17 -1 -1 -1 -1 -1
Evo 81.24 -10000002.25 9.58 -289012.56 2.57 4.57 7.75 1677730.39 90195.34 0.02 0.20 0.38 -1 336
Result 0 9.0 345 0.41 0.21 0.19 0.23 0.22 0.15 -1 -1 -1 -1 -1
Evo 87.81 -10000003.43 4.58 -392153.72 2.13 3.57 4.57 1944895.41 121794.08 0.03 0.23 0.43 -1 245
Result 0 4.0 254 0.48 0.18 0.16 0.26 0.18 0.22 -1 -1 -1 -1 -1
Evo 84.33 -10000001.88 5.71 -384611.95 2.42 3.57 4.57 1926786.07 119494.20 0.03 0.09 0.22 -1 250
Result 0 5.0 259 0.41 0.21 0.19 0.22 0.23 0.15 -1 -1 -1 -1 -1
Evo 84.87 -10000003.11 9.61 -188318.27 3.57 6.38 7.58 1360610.88 59045.48 0.02 0.25 0.40 -1 521
Result 0 9.0 530 0.45 0.19 0.17 0.24 0.22 0.19 -1 -1 -1 -1 -1
Evo 85.92 -10000003.81 5.58 -403222.52 1.81 3.57 4.57 1971125.43 125166.59 0.03 0.09 0.21 -1 238
Result 0 5.0 247 0.45 0.22 0.19 0.21 0.25 0.14 -1 -1 -1 -1 -1
Evo 88.68 -10000003.48 4.58 -507611.47 1.58 2.57 3.57 2200694.59 156793.00 0.04 0.08 0.18 -1 187
Result 0 4.0 196 0.43 0.21 0.17 0.24 0.21 0.17 -1 -1 -1 -1 -1
Evo 88.59 -10000003.30 5.59 -429182.52 1.57 1.57 1.58 2031096.28 133061.54 0.03 0.33 0.79 -1 223
Result 0 5.0 232 0.50 0.19 0.20 0.15 0.21 0.25 -1 -1 -1 -1 -1
Evo 82.11 -10000004.31 7.58 -363632.92 2.57 3.57 4.57 1875346.18 113087.63 0.03 0.17 0.29 -1 265
Result 0 7.0 274 0.41 0.17 0.24 0.21 0.23 0.15 -1 -1 -1 -1 -1
Evo 86.77 -10000003.91 7.58 -350873.14 1.57 4.57 6.14 1843252.88 109184.88 0.03 0.28 0.65 -1 275
Result 0 7.0 284 0.50 0.20 0.22 0.12 0.22 0.24 -1 -1 -1 -1 -1
Evo 83.14 -10000002.87 9.58 -235289.24 2.57 4.57 6.57 1517563.27 73612.63 0.02 0.23 0.38 -1 415
Result 0 9.0 424 0.44 0.20 0.19 0.23 0.20 0.18 -1 -1 -1 -1 -1
Evo 83.78 -10000004.45 12.53 -248751.43 2.58 4.58 6.58 1559401.85 77775.90 0.02 0.19 0.52 -1 392
Result 0 10.0 401 0.43 0.23 0.17 0.22 0.21 0.17 -1 -1 -1 -1 -1
Evo 82.74 -10000003.47 6.58 -404854.98 1.71 3.57 4.57 1974959.83 125663.68 0.03 0.17 0.38 -1 237
Result 0 6.0 246 0.46 0.17 0.18 0.26 0.19 0.19 -1 -1 -1 -1 -1
Evo 87.48 -10000003.39 4.59 -480766.44 1.57 2.57 3.58 2144449.48 148690.82 0.04 0.10 0.25 -1 198
Result 0 4.0 207 0.49 0.25 0.16 0.22 0.24 0.13 -1 -1 -1 -1 -1
Evo 87.59 -10000004.24 4.58 -497509.70 1.58 2.57 3.57 2179735.58 153746.69 0.04 0.12 0.25 -1 191
Result 0 4.0 200 0.44 0.15 0.16 0.27 0.25 0.17 -1 -1 -1 -1 -1
Evo 87.56 -10000003.04 4.58 -507611.43 1.57 2.57 3.58 2200694.47 156792.99 0.04 0.07 0.16 -1 187
Result 0 4.0 196 0.43 0.18 0.16 0.24 0.25 0.17 -1 -1 -1 -1 -1
Evo 84.96 -10000003.65 6.39 -423725.64 1.66 3.57 4.57 2018665.77 131403.95 0.03 0.10 0.24 -1 226
Result 0 6.0 235 0.44 0.20 0.18 0.25 0.20 0.17 -1 -1 -1 -1 -1
Evo 85.82 -10000004.38 7.59 -323620.54 1.57 1.58 7.57 1772479.23 100832.82 0.03 0.41 0.74 -1 299
Result 0 7.0 308 0.48 0.18 0.21 0.19 0.20 0.22 -1 -1 -1 -1 -1
Evo 84.83 -10000002.92 6.22 -377355.06 2.42 3.57 4.57 1909173.18 117279.58 0.03 0.09 0.22 -1 255
Result 0 6.0 264 0.43 0.22 0.13 0.25 0.23 0.17 -1 -1 -1 -1 -1
Evo 85.03 -10000002.40 3.87 -621115.77 1.57 2.57 2.57 2421116.07 190810.68 0.05 0.10 0.24 -1 151
Result 0 3.0 160 0.39 0.24 0.19 0.26 0.17 0.14 -1 -1 -1 -1 -1
Evo 86.93 -10000000.75 5.58 -383138.44 2.42 3.57 4.57 1923224.34 119044.60 0.03 0.20 0.40 -1 251
Result 0 5.0 260 0.45 0.18 0.22 0.20 0.22 0.18 -1 -1 -1 -1 -1
Evo 88.15 -10000003.23 5.58 -414935.00 1.75 2.57 2.58 1998443.71 128731.08 0.03 0.19 0.45 -1 231
Result 0 5.0 240 0.46 0.18 0.18 0.20 0.24 0.20 -1 -1 -1 -1 -1
Evo 86.05 -10000002.25 7.58 -333329.23 2.57 3.58 6.57 1798054.82 103810.74 0.03 0.10 0.21 -1 290
Result 0 7.0 299 0.49 0.23 0.14 0.25 0.23 0.15 -1 -1 -1 -1 -1
Evo 90.22 -10000002.51 4.58 -507611.43 1.57 2.57 3.57 2200694.49 156792.99 0.04 0.12 0.28 -1 187
Result 0 4.0 196 0.36 0.21 0.21 0.21 0.25 0.12 -1 -1 -1 -1 -1
Evo 89.24 -10000004.29 2.69 -621116.08 1.57 2.57 2.57 2421116.67 190810.72 0.05 0.16 0.37 -1 151
Result 0 2.0 160 0.46 0.20 0.22 0.19 0.20 0.19 -1 -1 -1 -1 -1
Evo 82.13 -10000003.61 7.57 -366296.64 1.58 3.57 4.75 1881967.88 113901.88 0.03 0.14 0.30 -1 263
Result 0 7.0 272 0.41 0.21 0.17 0.22 0.25 0.15 -1 -1 -1 -1 -1
Evo 88.97 -10000003.43 4.58 -409833.21 0.58 3.57 4.57 1986598.09 127178.91 0.03 0.19 0.41 -1 234
Result 0 4.0 243 0.46 0.18 0.19 0.23 0.23 0.17 -1 -1 -1 -1 -1
Evo 83.33 -10000004.11 4.58 -588233.06 0.58 2.57 3.57 2359892.76 180995.51 0.04 0.15 0.42 -1 160
Result 0 4.0 169 0.50 0.14 0.19 0.27 0.26 0.14 -1 -1 -1 -1 -1
Evo 84.73 -10000001.04 5.57 -436678.40 0.57 2.91 4.57 2048032.91 135337.82 0.03 0.19 0.37 -1 219
Result 0 5.0 228 0.51 0.15 0.20 0.15 0.23 0.27 -1 -1 -1 -1 -1
Evo 87.35 -10000002.80 5.58 -386097.20 0.90 3.57 4.57 1930367.45 119947.20 0.03 0.26 0.55 -1 249
Result 0 5.0 258 0.50 0.18 0.18 0.17 0.22 0.25 -1 -1 -1 -1 -1
Evo 89.37 -10000003.62 3.58 -684929.92 0.57 0.58 2.77 2534597.85 209764.81 0.05 0.17 0.49 -1 136
Result 0 3.0 145 0.46 0.22 0.21 0.25 0.19 0.12 -1 -1 -1 -1 -1
Evo 86.35 -10000002.99 5.58 -409833.40 0.57 3.57 3.58 1986597.46 127178.87 0.03 0.26 0.49 -1 234
Result 0 5.0 243 0.50 0.18 0.20 0.16 0.24 0.22 -1 -1 -1 -1 -1
Evo 93.33 -10000003.98 1.57 -714285.06 0.57 0.57 0.57 2584641.03 218442.04 0.05 0.17 0.45 -1 130
Result 0 1.0 139 0.45 0.19 0.19 0.23 0.14 0.25 -1 -1 -1 -1 -1
Evo 87.82 -10000002.57 4.58 -490193.65 0.57 2.57 3.58 2164401.32 151538.40 0.04 0.17 0.37 -1 194
Result 0 4.0 203 0.51 0.17 0.20 0.24 0.26 0.14 -1 -1 -1 -1 -1
Evo 93.25 -10000002.57 2.58 -657893.29 0.57 0.58 2.57 2487332.97 201749.34 0.05 0.19 0.47 -1 142
Result 0 2.0 151 0.40 0.24 0.22 0.24 0.14 0.16 -1 -1 -1 -1 -1
Evo 82.35 -10000004.53 7.58 -334444.76 0.57 4.57 5.57 1800965.04 104152.50 0.03 0.33 0.62 -1 289
Result 0 7.0 298 0.48 0.19 0.22 0.15 0.22 0.21 -1 -1 -1 -1 -1
Evo 87.40 -10000003.39 5.58 -390621.64 0.58 4.57 5.57 1941232.63 121327.04 0.03 0.24 0.45 -1 246
Result 0 5.0 255 0.46 0.16 0.20 0.22 0.22 0.20 -1 -1 -1 -1 -1
Evo 94.34 -10000004.40 2.59 -735292.86 0.57 0.57 2.57 2619684.32 224636.08 0.05 0.16 0.41 -1 126
Result 0 2.0 135 0.46 0.18 0.21 0.17 0.25 0.19 -1 -1 -1 -1 -1
Evo 94.86 -10000003.05 1.59 -714285.02 0.57 0.57 0.58 2584640.86 218442.02 0.05 0.14 0.40 -1 130
Result 0 1.0 139 0.51 0.23 0.16 0.21 0.27 0.12 -1 -1 -1 -1 -1
Evo 91.53 -10000004.02 2.58 -657893.46 0.57 0.58 2.04 2487332.56 201749.31 0.05 0.19 0.49 -1 142
Result 0 2.0 151 0.46 0.22 0.20 0.24 0.21 0.14 -1 -1 -1 -1 -1
Evo 86.84 -10000001.54 6.58 -348428.49 2.57 3.57 4.61 1837028.91 108436.39 0.03 0.20 0.45 -1 277
Result 0 6.0 286 0.51 0.19 0.18 0.16 0.20 0.26 -1 -1 -1 -1 -1
Evo 89.02 -10000003.33 3.59 -390622.52 0.58 3.57 3.57 1941232.71 121327.04 0.03 0.25 0.51 -1 246
Result 0 3.0 255 0.45 0.22 0.19 0.20 0.18 0.22 -1 -1 -1 -1 -1
Evo 83.73 -10000004.63 7.58 -297614.96 2.57 4.57 5.58 1701832.82 92842.59 0.02 0.17 0.38 -1 326
Result 0 7.0 335 0.49 0.20 0.17 0.27 0.24 0.12 -1 -1 -1 -1 -1
Evo 82.82 -10000003.21 11.58 -312495.29 2.57 3.57 8.57 1742652.15 97417.22 0.03 0.34 0.82 -1 310
Result 0 11.0 319 0.49 0.20 0.20 0.19 0.23 0.18 -1 -1 -1 -1 -1
Evo 87.04 -10000003.21 6.58 -369000.75 0.57 2.58 4.58 1888660.08 114727.93 0.03 0.20 0.40 -1 261
Result 0 6.0 270 0.46 0.18 0.20 0.15 0.23 0.24 -1 -1 -1 -1 -1
Evo 99.76 -10000003.98 0.58 -714285.20 0.57 0.57 0.57 2584641.40 218442.07 0.05 0.11 0.27 -1 130
Result 0 0.0 139 0.44 0.20 0.18 0.19 0.24 0.19 -1 -1 -1 -1 -1
Evo 99.77 -10000001.16 0.59 -714285.06 0.57 0.57 0.57 2584640.90 218442.03 0.05 0.11 0.35 -1 130
Result 0 0.0 139 0.48 0.19 0.22 0.21 0.19 0.19 -1 -1 -1 -1 -1
Evo 85.79 -10000004.26 5.58 -395253.88 0.62 2.57 4.57 1952282.52 122738.95 0.03 0.20 0.44 -1 243
Result 0 5.0 252 0.43 0.19 0.17 0.18 0.21 0.26 -1 -1 -1 -1 -1
Evo 89.67 -10000003.63 4.58 -451686.90 0.57 0.58 4.57 2065512.73 137700.85 0.03 0.28 0.61 -1 130
Result 0 4.0 224 0.46 0.16 0.22 0.21 0.19 0.21 -1 -1 -1 -1 -1
Evo 98.54 -10000002.38 0.59 -714285.05 0.57 0.57 0.57 2584640.84 218442.02 0.05 0.13 0.40 -1 130
Result 0 0.0 139 0.44 0.14 0.25 0.19 0.24 0.18 -1 -1 -1 -1 -1
Evo 85.54 -10000004.34 6.58 -334444.87 0.57 3.57 5.57 1800965.16 104152.50 0.03 0.26 0.57 -1 289
Result 0 6.0 298 0.47 0.16 0.21 0.18 0.21 0.24 -1 -1 -1 -1 -1
Evo 96.69 -10000002.69 0.58 -714285.12 0.57 0.57 0.57 2584641.11 218442.04 0.05 0.11 0.29 -1 130
Result 0 0.0 139 0.48 0.21 0.21 0.19 0.22 0.17 -1 -1 -1 -1 -1
Evo 87.86 -10000002.95 4.58 -377355.50 0.66 3.57 4.57 1909172.87 117279.56 0.03 0.27 0.52 -1 255
Result 0 4.0 264 0.44 0.19 0.22 0.17 0.24 0.18 -1 -1 -1 -1 -1
Evo 88.67 -10000003.12 5.58 -409833.26 0.57 3.57 4.57 1986597.71 127178.89 0.03 0.26 0.52 -1 234
Result 0 5.0 243 0.47 0.18 0.22 0.23 0.20 0.17 -1 -1 -1 -1 -1
Evo 87.37 -10000003.25 3.23 -714284.98 0.57 0.57 0.58 2584641.09 218442.04 0.05 0.18 0.47 -1 130
Result 0 2.0 139 0.35 0.13 0.34 0.21 0.22 0.11 -1 -1 -1 -1 -1
Evo 86.41 -10000002.89 5.38 -462960.64 1.57 1.57 3.57 2106141.40 143304.77 0.04 0.27 0.56 -1 206
Result 0 5.0 215 0.45 0.22 0.18 0.17 0.19 0.23 -1 -1 -1 -1 -1
Evo 83.66 -10000003.45 7.58 -284896.61 0.58 3.57 6.07 1666056.45 88927.51 0.02 0.18 0.40 -1 341
Result 0 7.0 350 0.44 0.21 0.17 0.15 0.24 0.23 -1 -1 -1 -1 -1
Evo 92.50 -10000004.33 3.58 -621116.33 0.57 0.58 3.57 2421116.09 190810.68 0.05 0.20 0.57 -1 151
Result 0 3.0 160 0.48 0.22 0.22 0.13 0.24 0.20 -1 -1 -1 -1 -1
Evo 84.54 -10000003.68 5.58 -390621.97 0.58 3.39 4.57 1941232.57 121327.04 0.03 0.21 0.47 -1 246
Result 0 5.0 255 0.41 0.21 0.15 0.27 0.19 0.18 -1 -1 -1 -1 -1
Evo 87.52 -10000004.08 4.58 -425529.67 0.57 2.57 3.57 2022783.64 131951.86 0.03 0.25 0.53 -1 225
Result 0 4.0 234 0.51 0.18 0.20 0.17 0.19 0.27 -1 -1 -1 -1 -1
Evo 92.83 -10000003.71 3.58 -684929.75 0.57 0.64 2.59 2534597.82 209764.81 0.05 0.18 0.38 -1 136
Result 0 3.0 145 0.44 0.15 0.20 0.25 0.22 0.18 -1 -1 -1 -1 -1
Evo 89.71 -10000002.81 3.58 -657893.03 0.57 0.58 3.15 2487333.04 201749.35 0.05 0.16 0.43 -1 142
Result 0 3.0 151 0.44 0.18 0.17 0.31 0.17 0.16 -1 -1 -1 -1 -1
Evo 92.52 -10000003.86 2.60 -714284.82 0.57 0.57 0.58 2584640.90 218442.02 0.05 0.17 0.43 -1 130
Result 0 2.0 139 0.48 0.18 0.24 0.24 0.22 0.12 -1 -1 -1 -1 -1
Evo 93.19 -10000003.98 2.59 -490194.28 0.57 2.57 2.57 2164401.47 151538.41 0.04 0.23 0.54 -1 194
Result 0 2.0 203 0.49 0.18 0.23 0.19 0.20 0.20 -1 -1 -1 -1 -1
Evo 86.40 -10000002.70 5.58 -406500.97 1.65 3.57 4.57 1978816.32 126164.72 0.03 0.17 0.40 -1 236
Result 0 5.0 245 0.48 0.24 0.15 0.24 0.22 0.15 -1 -1 -1 -1 -1
Evo 90.61 -10000002.28 4.58 -490193.74 0.57 2.57 3.58 2164401.59 151538.42 0.04 0.20 0.49 -1 194
Result 0 4.0 203 0.45 0.19 0.19 0.20 0.24 0.19 -1 -1 -1 -1 -1
Evo 105.69 -10000003.17 0.64 -1282050.54 0.57 0.57 0.58 3364819.24 380990.75 0.08 0.09 0.30 -1 68
Result 0 0.0 77 0.42 0.32 0.15 0.22 0.19 0.12 -1 -1 -1 -1 -1
Evo 104.79 -10000002.72 0.58 -1282050.77 0.57 0.57 0.57 3364819.83 380990.82 0.08 0.08 0.33 -1 68
Result 0 0.0 77 0.43 0.19 0.26 0.14 0.24 0.17 -1 -1 -1 -1 -1
Evo 85.41 -10000002.53 4.58 -531912.32 1.57 2.57 3.57 2250144.06 164108.62 0.04 0.12 0.28 -1 178
Result 0 4.0 187 0.42 0.22 0.15 0.15 0.23 0.24 -1 -1 -1 -1 -1
Evo 101.64 -10000003.78 0.58 -1282050.74 0.57 0.57 0.57 3364819.73 380990.81 0.08 0.08 0.22 -1 68
Result 0 0.0 77 0.50 0.13 0.24 0.21 0.24 0.18 -1 -1 -1 -1 -1
Evo 81.44 -10000003.68 1008.58 -331066.17 2.57 3.57 7.57 1792286.09 103134.47 0.03 0.33 0.59 -1 292
Result 0 1008.0 301 0.47 0.18 0.18 0.19 0.24 0.21 -1 -1 -1 -1 -1
Evo 86.88 -10000004.61 3.58 -675673.66 0.57 2.57 2.76 2518547.47 207023.33 0.05 0.17 0.36 -1 138
Result 0 3.0 147 0.47 0.16 0.16 0.30 0.18 0.20 -1 -1 -1 -1 -1
Evo 88.61 -10000002.45 4.58 -555552.97 1.57 2.57 3.57 2297004.00 171208.57 0.04 0.08 0.23 -1 170
Result 0 4.0 179 0.42 0.19 0.16 0.16 0.22 0.28 -1 -1 -1 -1 -1
Evo 100.26 -10000003.52 0.58 -1282050.73 0.57 0.57 0.57 3364819.71 380990.81 0.08 0.07 0.22 -1 68
Result 0 0.0 77 0.48 0.21 0.19 0.14 0.24 0.22 -1 -1 -1 -1 -1
Evo 89.97 -10000003.82 4.58 -531912.38 1.57 2.57 3.57 2250144.35 164108.64 0.04 0.13 0.31 -1 178
Result 0 4.0 187 0.50 0.16 0.18 0.15 0.25 0.26 -1 -1 -1 -1 -1
Evo 83.73 -10000003.70 6.58 -378784.47 0.57 4.57 4.57 1912657.30 117715.92 0.03 0.25 0.50 -1 254
Result 0 6.0 263 0.47 0.15 0.22 0.25 0.21 0.18 -1 -1 -1 -1 -1
Evo 91.47 -10000004.08 3.58 -714283.72 0.57 0.58 3.57 2584641.18 218442.05 0.05 0.15 0.41 -1 130
Result 0 3.0 139 0.48 0.19 0.17 0.21 0.22 0.21 -1 -1 -1 -1 -1
Evo 98.44 -10000003.49 2.58 -1063828.58 0.57 0.57 2.57 3099804.35 319720.41 0.07 0.11 0.34 -1 84
Result 0 2.0 93 0.48 0.17 0.21 0.23 0.24 0.14 -1 -1 -1 -1 -1
Evo 109.14 -10000004.01 0.59 -1282050.69 0.57 0.57 0.57 3364819.60 380990.80 0.08 0.12 0.39 -1 68
Result 0 0.0 77 0.42 0.21 0.22 0.26 0.17 0.15 -1 -1 -1 -1 -1
Evo 87.48 -10000003.86 3.58 -714283.59 1.57 2.57 2.58 2584641.47 218442.07 0.05 0.14 0.33 -1 130
Result 0 3.0 139 0.44 0.19 0.14 0.31 0.18 0.18 -1 -1 -1 -1 -1
Evo 81.71 -10000004.38 12.59 -244492.12 2.58 8.57 9.59 1546304.46 76459.83 0.02 0.36 0.80 -1 399
Result 0 12.0 408 0.47 0.18 0.20 0.21 0.21 0.21 -1 -1 -1 -1 -1
Evo 85.69 -10000003.97 4.63 -469481.12 0.58 2.57 3.73 2120266.21 145278.25 0.04 0.18 0.35 -1 203
Result 0 4.0 212 0.40 0.24 0.15 0.21 0.15 0.26 -1 -1 -1 -1 -1
Evo 83.17 -10000003.81 4.58 -537631.99 0.82 2.57 3.57 2261591.14 165827.91 0.04 0.17 0.40 -1 176
Result 0 4.0 185 0.50 0.15 0.20 0.14 0.24 0.27 -1 -1 -1 -1 -1
Evo 107.87 -10000004.00 0.59 -1282050.73 0.57 0.57 0.57 3364819.72 380990.81 0.08 0.10 0.38 -1 68
Result 0 0.0 77 0.49 0.28 0.23 0.21 0.15 0.13 -1 -1 -1 -1 -1
Evo 82.69 -10000003.02 8.58 -438592.52 1.60 2.57 7.57 2052334.33 135919.16 0.03 0.30 0.72 -1 218
Result 0 8.0 227 0.44 0.17 0.17 0.20 0.21 0.25 -1 -1 -1 -1 -1
Evo 92.46 -10000003.53 2.59 -735292.29 0.57 2.57 2.57 2619684.40 224636.08 0.05 0.14 0.31 -1 126
Result 0 2.0 135 0.51 0.18 0.18 0.18 0.20 0.26 -1 -1 -1 -1 -1
