Evo 90.14 -10000000.75 0.58 -99899.52 0.57 0.57 0.57 994992.35 31448.70 0.01 0.20 0.27 -1 65
Result 0 0.0 1000 0.46 0.21 0.21 0.19 0.19 0.20 -1 -1 -1 -1 -1
Evo 90.18 -10000003.97 0.58 -99899.53 0.57 0.57 0.57 994992.51 31448.71 0.01 0.15 0.21 -1 116
Result 0 0.0 1000 0.48 0.20 0.18 0.21 0.19 0.21 -1 -1 -1 -1 -1
Evo 90.12 -10000004.46 0.58 -99899.53 0.57 0.57 0.57 994992.52 31448.71 0.01 0.08 0.17 -1 470
Result 0 0.0 1000 0.47 0.20 0.18 0.21 0.20 0.21 -1 -1 -1 -1 -1
Evo 90.47 -10000002.29 0.58 -100434.00 0.57 0.57 0.57 995026.08 31449.77 0.01 0.13 0.21 -1 46
Result 0 0.0 1000 0.48 0.21 0.18 0.22 0.16 0.21 -1 -1 -1 -1 -1
Evo 89.64 -10000003.55 0.58 -100169.53 0.57 0.57 0.57 995001.99 31449.01 0.01 0.19 0.28 -1 196
Result 0 0.0 1000 0.48 0.18 0.19 0.21 0.22 0.20 -1 -1 -1 -1 -1
Evo 90.12 -10000003.79 0.58 -99899.53 0.57 0.57 0.57 994992.49 31448.70 0.01 0.12 0.20 -1 63
Result 0 0.0 1000 0.47 0.19 0.22 0.20 0.20 0.18 -1 -1 -1 -1 -1
Evo 90.59 -10000001.97 0.58 -99899.50 0.57 0.57 0.57 994992.22 31448.70 0.01 0.13 0.21 -1 82
Result 0 0.0 1000 0.49 0.20 0.18 0.23 0.20 0.19 -1 -1 -1 -1 -1
Evo 89.90 -10000002.76 0.58 -99899.51 0.57 0.57 0.57 994992.31 31448.70 0.01 0.21 0.28 -1 109
Result 0 0.0 1000 0.47 0.19 0.21 0.20 0.20 0.21 -1 -1 -1 -1 -1
Evo 89.62 -10000004.35 0.58 -101861.32 0.57 0.57 0.57 995399.68 31461.57 0.01 0.17 0.22 -1 189
Result 0 0.0 1000 0.46 0.20 0.21 0.20 0.19 0.20 -1 -1 -1 -1 -1
Evo 90.43 -10000002.26 0.58 -99899.52 0.57 0.57 0.57 994992.37 31448.70 0.01 0.15 0.21 -1 297
Result 0 0.0 1000 0.46 0.21 0.19 0.20 0.21 0.19 -1 -1 -1 -1 -1
Evo 89.76 -10000004.03 0.58 -100095.42 0.57 0.57 0.57 994992.15 31448.69 0.01 0.17 0.23 -1 470
Result 0 0.0 1000 0.44 0.21 0.21 0.18 0.20 0.20 -1 -1 -1 -1 -1
Evo 90.05 -10000002.70 0.58 -101052.45 0.57 0.57 0.57 995022.96 31449.67 0.01 0.17 0.23 -1 94
Result 0 0.0 1000 0.45 0.19 0.18 0.19 0.19 0.25 -1 -1 -1 -1 -1
Evo 90.29 -10000003.46 0.58 -100477.93 0.57 0.57 0.57 995019.40 31449.56 0.01 0.16 0.21 -1 86
Result 0 0.0 1000 0.46 0.20 0.20 0.20 0.20 0.20 -1 -1 -1 -1 -1
Evo 90.30 -10000003.36 0.58 -100202.25 0.57 0.57 0.57 995008.07 31449.20 0.01 0.24 0.33 -1 166
Result 0 0.0 1000 0.47 0.18 0.22 0.20 0.20 0.20 -1 -1 -1 -1 -1
Evo 89.60 -10000004.56 0.58 -100970.57 0.57 0.57 0.57 995175.78 31454.50 0.01 0.14 0.22 -1 18
Result 0 0.0 1000 0.48 0.21 0.19 0.21 0.20 0.19 -1 -1 -1 -1 -1
Evo 89.91 -10000004.22 0.58 -99899.54 0.57 0.57 0.57 994992.57 31448.71 0.01 0.06 0.12 -1 62
Result 0 0.0 1000 0.47 0.20 0.19 0.20 0.23 0.18 -1 -1 -1 -1 -1
Evo 89.86 -10000004.21 0.58 -100540.45 0.57 0.57 0.57 995000.13 31448.95 0.01 0.16 0.21 -1 25
Result 0 0.0 1000 0.46 0.20 0.21 0.20 0.18 0.21 -1 -1 -1 -1 -1
Evo 88.00 -204081.23 10000003.35 112282.79 0.57 0.57 0.57 989562.19 37536.23 0.01 0.21 0.29 684 116
Result 1 1.0 694 0.46 0.19 0.20 0.19 0.21 0.20 -1 -1 -1 -1 -1
Evo 90.43 -10000002.29 0.58 -100107.64 0.57 0.57 0.57 994993.23 31448.73 0.01 0.16 0.24 -1 160
Result 0 0.0 1000 0.47 0.22 0.19 0.21 0.19 0.19 -1 -1 -1 -1 -1
Evo 88.00 -178571.12 10000000.08 82615.26 0.57 0.57 0.57 863570.87 38504.72 0.02 0.25 0.34 496 37
Result 1 1.0 502 0.46 0.18 0.21 0.19 0.22 0.20 -1 -1 -1 -1 -1
Evo 90.40 -10000003.04 0.58 -99899.53 0.57 0.57 0.57 994992.45 31448.70 0.01 0.14 0.18 -1 238
Result 0 0.0 1000 0.46 0.22 0.21 0.20 0.20 0.18 -1 -1 -1 -1 -1
Evo 90.41 -10000003.84 0.58 -99899.53 0.57 0.57 0.57 994992.54 31448.71 0.01 0.08 0.11 -1 589
Result 0 0.0 1000 0.46 0.21 0.21 0.19 0.18 0.21 -1 -1 -1 -1 -1
Evo 90.51 -10000004.62 0.58 -99899.53 0.57 0.57 0.57 994992.53 31448.71 0.01 0.23 0.27 -1 991
Result 0 0.0 1000 0.46 0.20 0.20 0.19 0.20 0.20 -1 -1 -1 -1 -1
Evo 90.31 -10000004.12 0.58 -99899.53 0.57 0.57 0.57 994992.49 31448.70 0.01 0.14 0.19 -1 991
Result 0 0.0 1000 0.48 0.19 0.20 0.21 0.20 0.20 -1 -1 -1 -1 -1
Evo 90.07 -10000004.39 0.58 -100344.80 0.57 0.57 0.57 994999.82 31448.94 0.01 0.10 0.13 -1 336
Result 0 0.0 1000 0.46 0.22 0.19 0.19 0.19 0.21 -1 -1 -1 -1 -1
Evo 90.19 -10000001.26 0.58 -99899.51 0.57 0.57 0.57 994992.25 31448.70 0.01 0.13 0.17 -1 991
Result 0 0.0 1000 0.46 0.19 0.20 0.20 0.20 0.22 -1 -1 -1 -1 -1
Evo 90.10 -10000003.84 0.58 -100764.84 0.57 0.57 0.57 995125.07 31452.90 0.01 0.08 0.11 -1 229
Result 0 0.0 1000 0.48 0.19 0.17 0.21 0.21 0.21 -1 -1 -1 -1 -1
Evo 89.85 -10000003.01 0.58 -102530.05 0.57 0.57 0.57 996004.07 31480.68 0.01 0.09 0.12 -1 888
Result 0 0.0 1000 0.47 0.19 0.21 0.21 0.18 0.21 -1 -1 -1 -1 -1
Evo 90.04 -10000001.61 0.58 -100558.17 0.57 0.57 0.57 995059.06 31450.81 0.01 0.09 0.13 -1 666
Result 0 0.0 1000 0.47 0.18 0.21 0.20 0.21 0.20 -1 -1 -1 -1 -1
Evo 89.88 -10000001.77 0.58 -101333.48 0.57 0.57 0.57 995144.14 31453.50 0.01 0.10 0.13 -1 566
Result 0 0.0 1000 0.46 0.19 0.20 0.20 0.20 0.21 -1 -1 -1 -1 -1
Evo 90.36 -10000004.32 0.58 -99899.55 0.57 0.57 0.57 994992.68 31448.71 0.01 0.13 0.17 -1 327
Result 0 0.0 1000 0.44 0.21 0.21 0.17 0.21 0.20 -1 -1 -1 -1 -1
Evo 90.25 -10000003.46 0.58 -99899.53 0.57 0.57 0.57 994992.48 31448.70 0.01 0.22 0.26 -1 991
Result 0 0.0 1000 0.45 0.19 0.22 0.18 0.21 0.19 -1 -1 -1 -1 -1
Evo 90.21 -10000003.79 0.58 -99899.52 0.57 0.57 0.57 994992.38 31448.70 0.01 0.15 0.20 -1 146
Result 0 0.0 1000 0.46 0.23 0.20 0.20 0.20 0.17 -1 -1 -1 -1 -1
Evo 90.30 -10000003.79 0.58 -99899.54 0.57 0.57 0.57 994992.55 31448.71 0.01 0.09 0.12 -1 672
Result 0 0.0 1000 0.45 0.19 0.21 0.19 0.21 0.20 -1 -1 -1 -1 -1
Evo 90.20 -10000002.62 0.58 -99899.52 0.57 0.57 0.57 994992.41 31448.70 0.01 0.08 0.11 -1 488
Result 0 0.0 1000 0.48 0.20 0.18 0.22 0.20 0.21 -1 -1 -1 -1 -1
Evo 90.07 -10000003.32 0.58 -101068.62 0.57 0.57 0.57 995116.94 31452.64 0.01 0.22 0.27 -1 102
Result 0 0.0 1000 0.47 0.21 0.20 0.21 0.20 0.19 -1 -1 -1 -1 -1
Evo 89.93 -10000004.29 0.58 -99899.52 0.57 0.57 0.57 994992.38 31448.70 0.01 0.07 0.10 -1 633
Result 0 0.0 1000 0.45 0.22 0.19 0.18 0.18 0.22 -1 -1 -1 -1 -1
Evo 90.49 -10000001.50 0.58 -99899.52 0.57 0.57 0.57 994992.44 31448.70 0.01 0.08 0.11 -1 711
Result 0 0.0 1000 0.46 0.22 0.19 0.19 0.20 0.19 -1 -1 -1 -1 -1
Evo 90.25 -10000004.01 0.58 -100112.08 0.57 0.57 0.57 994993.86 31448.75 0.01 0.17 0.21 -1 289
Result 0 0.0 1000 0.48 0.20 0.18 0.21 0.19 0.21 -1 -1 -1 -1 -1
Evo 90.48 -10000003.15 0.58 -99899.52 0.57 0.57 0.57 994992.43 31448.70 0.01 0.08 0.11 -1 493
Result 0 0.0 1000 0.46 0.20 0.21 0.19 0.20 0.19 -1 -1 -1 -1 -1
Evo 90.08 -10000003.58 0.58 -99899.52 0.57 0.57 0.57 994992.35 31448.70 0.01 0.12 0.15 -1 30
Result 0 0.0 1000 0.46 0.21 0.21 0.19 0.19 0.19 -1 -1 -1 -1 -1
Evo 89.97 -10000003.98 0.58 -99899.54 0.57 0.57 0.57 994992.59 31448.71 0.01 0.14 0.17 -1 35
Result 0 0.0 1000 0.47 0.18 0.20 0.21 0.23 0.18 -1 -1 -1 -1 -1
Evo 89.62 -10000004.42 0.58 -99899.54 0.57 0.57 0.57 994992.60 31448.71 0.01 0.12 0.16 -1 39
Result 0 0.0 1000 0.46 0.20 0.19 0.19 0.21 0.21 -1 -1 -1 -1 -1
Evo 90.28 -10000003.65 0.58 -100754.66 0.57 0.57 0.57 995029.77 31449.88 0.01 0.13 0.17 -1 48
Result 0 0.0 1000 0.47 0.18 0.20 0.21 0.19 0.22 -1 -1 -1 -1 -1
Evo 90.43 -10000002.52 0.58 -99899.52 0.57 0.57 0.57 994992.35 31448.70 0.01 0.14 0.18 -1 13
Result 0 0.0 1000 0.47 0.21 0.19 0.21 0.17 0.21 -1 -1 -1 -1 -1
Evo 90.20 -10000004.48 0.58 -101295.45 0.57 0.57 0.57 995072.17 31451.22 0.01 0.15 0.19 -1 8
Result 0 0.0 1000 0.47 0.18 0.21 0.20 0.19 0.22 -1 -1 -1 -1 -1
Evo 90.10 -10000004.19 0.58 -100269.53 0.57 0.57 0.57 995024.10 31449.70 0.01 0.13 0.17 -1 25
Result 0 0.0 1000 0.47 0.19 0.21 0.20 0.20 0.19 -1 -1 -1 -1 -1
Evo 89.74 -10000001.96 0.58 -99899.52 0.57 0.57 0.57 994992.41 31448.70 0.01 0.15 0.18 -1 18
Result 0 0.0 1000 0.45 0.17 0.20 0.18 0.22 0.23 -1 -1 -1 -1 -1
Evo 89.58 -10000004.24 0.58 -101907.58 0.57 0.57 0.57 995076.32 31451.35 0.01 0.16 0.19 -1 58
Result 0 0.0 1000 0.46 0.18 0.21 0.20 0.19 0.21 -1 -1 -1 -1 -1
Evo 89.90 -10000002.23 0.58 -99899.53 0.57 0.57 0.57 994992.44 31448.70 0.01 0.15 0.18 -1 104
Result 0 0.0 1000 0.46 0.20 0.22 0.19 0.19 0.20 -1 -1 -1 -1 -1
Evo 89.93 -10000003.82 0.58 -100901.35 0.57 0.57 0.57 995254.63 31456.99 0.01 0.11 0.15 -1 33
Result 0 0.0 1000 0.45 0.21 0.18 0.18 0.22 0.21 -1 -1 -1 -1 -1
Evo 89.99 -10000004.36 0.58 -99899.53 0.57 0.57 0.57 994992.47 31448.70 0.01 0.13 0.17 -1 20
Result 0 0.0 1000 0.46 0.20 0.20 0.19 0.19 0.21 -1 -1 -1 -1 -1
Evo 89.53 -10000002.75 0.58 -99899.53 0.57 0.57 0.57 994992.49 31448.70 0.01 0.13 0.15 -1 25
Result 0 0.0 1000 0.46 0.20 0.21 0.20 0.19 0.20 -1 -1 -1 -1 -1
Evo 89.51 -10000002.93 0.58 -99899.53 0.57 0.57 0.57 994992.43 31448.70 0.01 0.14 0.18 -1 46
Result 0 0.0 1000 0.45 0.19 0.22 0.18 0.19 0.22 -1 -1 -1 -1 -1
Evo 89.97 -10000003.30 0.58 -100963.90 0.57 0.57 0.57 995143.31 31453.47 0.01 0.16 0.18 -1 78
Result 0 0.0 1000 0.45 0.20 0.18 0.19 0.20 0.22 -1 -1 -1 -1 -1
Evo 90.41 -10000002.73 0.58 -99899.53 0.57 0.57 0.57 994992.45 31448.70 0.01 0.11 0.14 -1 40
Result 0 0.0 1000 0.45 0.19 0.21 0.19 0.21 0.21 -1 -1 -1 -1 -1
Evo 89.86 -10000003.90 0.58 -99899.52 0.57 0.57 0.57 994992.36 31448.70 0.01 0.12 0.15 -1 138
Result 0 0.0 1000 0.45 0.19 0.21 0.18 0.20 0.21 -1 -1 -1 -1 -1
Evo 89.57 -10000003.83 0.58 -100174.06 0.57 0.57 0.57 994983.93 31448.43 0.01 0.13 0.17 -1 24
Result 0 0.0 1000 0.48 0.20 0.20 0.22 0.20 0.18 -1 -1 -1 -1 -1
Evo 89.49 -10000002.72 0.58 -101697.74 0.57 0.57 0.57 995268.81 31457.44 0.01 0.13 0.17 -1 111
Result 0 0.0 1000 0.44 0.20 0.18 0.17 0.23 0.21 -1 -1 -1 -1 -1
Evo 90.11 -10000003.54 0.58 -101171.23 0.57 0.57 0.57 995204.97 31455.42 0.01 0.12 0.17 -1 68
Result 0 0.0 1000 0.45 0.20 0.21 0.18 0.19 0.20 -1 -1 -1 -1 -1
Evo 87.84 0.36 10000004.93 125336.46 0.57 0.57 0.57 1026658.96 50155.57 0.02 0.21 0.26 391 92
Result 1 1.0 418 0.44 0.22 0.21 0.18 0.20 0.19 -1 -1 -1 -1 -1
Evo 90.24 -10000000.59 0.58 -100800.64 0.57 0.57 0.57 995052.26 31450.59 0.01 0.13 0.22 -1 47
Result 0 0.0 1000 0.46 0.22 0.20 0.20 0.19 0.19 -1 -1 -1 -1 -1
Evo 90.11 -10000003.93 0.58 -99899.52 0.57 0.57 0.57 994992.43 31448.70 0.01 0.16 0.22 -1 381
Result 0 0.0 1000 0.49 0.22 0.17 0.23 0.19 0.19 -1 -1 -1 -1 -1
Evo 90.20 -10000003.18 0.58 -100169.52 0.57 0.57 0.57 995001.88 31449.00 0.01 0.17 0.23 -1 18
Result 0 0.0 1000 0.45 0.23 0.20 0.19 0.22 0.17 -1 -1 -1 -1 -1
Evo 90.15 -10000003.16 0.58 -100077.92 0.57 0.57 0.57 994990.55 31448.64 0.01 0.16 0.22 -1 278
Result 0 0.0 1000 0.48 0.21 0.19 0.22 0.19 0.19 -1 -1 -1 -1 -1
Evo 90.25 -10000003.52 0.58 -100338.72 0.57 0.57 0.57 994996.91 31448.84 0.01 0.17 0.24 -1 74
Result 0 0.0 1000 0.46 0.20 0.19 0.19 0.21 0.19 -1 -1 -1 -1 -1
Evo 90.60 -10000003.48 0.58 -100387.25 0.57 0.57 0.57 995006.63 31449.15 0.01 0.20 0.27 -1 26
Result 0 0.0 1000 0.48 0.21 0.20 0.21 0.20 0.18 -1 -1 -1 -1 -1
Evo 90.21 -10000003.25 0.58 -99899.53 0.57 0.57 0.57 994992.49 31448.70 0.01 0.19 0.25 -1 252
Result 0 0.0 1000 0.50 0.17 0.20 0.25 0.20 0.18 -1 -1 -1 -1 -1
Evo 90.15 -10000000.50 0.58 -100498.92 0.57 0.57 0.57 995112.79 31452.51 0.01 0.19 0.25 -1 161
Result 0 0.0 1000 0.47 0.19 0.21 0.21 0.21 0.19 -1 -1 -1 -1 -1
Evo 89.29 -10000003.26 0.58 -100532.81 0.57 0.57 0.57 995031.81 31449.95 0.01 0.17 0.23 -1 177
Result 0 0.0 1000 0.48 0.21 0.20 0.22 0.19 0.19 -1 -1 -1 -1 -1
Evo 88.14 0.57 10000004.71 109850.96 0.57 0.57 0.57 974859.48 45354.57 0.02 0.15 0.20 455 -1
Result 1 1.0 461 0.46 0.17 0.23 0.20 0.22 0.18 -1 -1 -1 -1 -1
Evo 89.37 -10000003.48 0.58 -99899.51 0.57 0.57 0.57 994992.31 31448.70 0.01 0.20 0.25 -1 62
Result 0 0.0 1000 0.47 0.20 0.19 0.21 0.21 0.19 -1 -1 -1 -1 -1
Evo 90.15 -10000001.74 0.58 -100456.24 0.57 0.57 0.57 995014.53 31449.40 0.01 0.19 0.24 -1 12
Result 0 0.0 1000 0.45 0.23 0.20 0.18 0.20 0.19 -1 -1 -1 -1 -1
Evo 88.38 -303029.75 9999999.27 71995.08 0.57 0.57 0.57 817596.49 32445.33 0.01 0.24 0.31 629 13
Result 1 1.0 634 0.45 0.18 0.19 0.18 0.23 0.21 -1 -1 -1 -1 -1
Evo 90.32 -10000002.55 5662648.50 -94242.52 0.57 0.57 0.57 1011520.98 31971.12 0.01 0.16 0.26 358 83
Result 0 0.0 1000 0.47 0.21 0.19 0.20 0.20 0.19 -1 -1 -1 -1 -1
Evo 87.90 0.57 10000002.64 125118.35 0.57 0.57 0.57 1053362.60 44552.49 0.02 0.18 0.24 551 -1
Result 1 1.0 558 0.47 0.19 0.21 0.21 0.19 0.19 -1 -1 -1 -1 -1
Evo 90.09 -10000004.12 0.58 -99899.52 0.57 0.57 0.57 994992.40 31448.70 0.01 0.17 0.24 -1 350
Result 0 0.0 1000 0.46 0.20 0.20 0.20 0.22 0.19 -1 -1 -1 -1 -1
Evo 89.66 -10000004.15 0.58 -100508.21 0.57 0.57 0.57 994995.08 31448.79 0.01 0.13 0.22 -1 326
Result 0 0.0 1000 0.47 0.19 0.21 0.21 0.20 0.20 -1 -1 -1 -1 -1
Evo 89.90 -10000003.97 0.58 -101920.71 0.57 0.57 0.57 995405.84 31461.77 0.01 0.17 0.25 -1 453
Result 0 0.0 1000 0.49 0.19 0.19 0.23 0.20 0.19 -1 -1 -1 -1 -1
Evo 90.38 -10000003.75 0.58 -99899.54 0.57 0.57 0.57 994992.53 31448.71 0.01 0.17 0.27 -1 657
Result 0 0.0 1000 0.47 0.19 0.21 0.21 0.18 0.21 -1 -1 -1 -1 -1
Evo 89.84 -10000003.72 0.58 -105829.21 0.57 0.57 0.57 998862.96 31571.04 0.01 0.12 0.15 -1 0
Result 0 0.0 1000 0.44 0.21 0.19 0.18 0.23 0.19 -1 -1 -1 -1 -1
Evo 90.00 -10000003.74 0.58 -104724.17 0.57 0.57 0.57 996970.55 31511.23 0.01 0.11 0.14 -1 0
Result 0 0.0 1000 0.45 0.21 0.19 0.19 0.20 0.20 -1 -1 -1 -1 -1
Evo 89.93 -10000003.98 0.58 -103610.22 0.57 0.57 0.57 997058.18 31514.00 0.01 0.09 0.13 -1 0
Result 0 0.0 1000 0.46 0.19 0.20 0.20 0.21 0.21 -1 -1 -1 -1 -1
Evo 89.45 -10000003.49 0.58 -105141.73 0.57 0.57 0.57 996464.83 31495.24 0.01 0.10 0.13 -1 0
Result 0 0.0 1000 0.45 0.21 0.18 0.19 0.21 0.21 -1 -1 -1 -1 -1
Evo 89.24 -10000003.86 0.58 -104784.71 0.57 0.57 0.57 996945.93 31510.45 0.01 0.12 0.15 -1 0
Result 0 0.0 1000 0.47 0.21 0.19 0.20 0.20 0.19 -1 -1 -1 -1 -1
Evo 89.54 -10000003.28 0.58 -103929.26 0.57 0.57 0.57 996446.22 31494.65 0.01 0.07 0.09 -1 0
Result 0 0.0 1000 0.48 0.20 0.18 0.22 0.20 0.19 -1 -1 -1 -1 -1
Evo 89.26 -10000002.57 0.58 -109082.08 0.57 0.57 0.57 998937.33 31573.39 0.01 0.12 0.15 -1 0
Result 0 0.0 1000 0.46 0.21 0.18 0.19 0.21 0.20 -1 -1 -1 -1 -1
Evo 89.26 -10000003.40 0.58 -107197.22 0.57 0.57 0.57 997766.56 31536.38 0.01 0.12 0.15 -1 0
Result 0 0.0 1000 0.46 0.19 0.20 0.20 0.20 0.21 -1 -1 -1 -1 -1
Evo 89.70 -10000003.17 0.58 -104853.31 0.57 0.57 0.57 996190.74 31486.58 0.01 0.13 0.15 -1 0
Result 0 0.0 1000 0.46 0.19 0.19 0.20 0.21 0.21 -1 -1 -1 -1 -1
Evo 89.84 -10000003.00 0.58 -104270.09 0.57 0.57 0.57 996233.32 31487.92 0.01 0.12 0.15 -1 0
Result 0 0.0 1000 0.45 0.22 0.18 0.19 0.21 0.20 -1 -1 -1 -1 -1
Evo 89.43 -10000004.51 0.58 -104071.93 0.57 0.57 0.57 995581.09 31467.31 0.01 0.10 0.13 -1 0
Result 0 0.0 1000 0.47 0.19 0.18 0.20 0.21 0.22 -1 -1 -1 -1 -1
Evo 89.44 -10000004.31 0.58 -108268.82 0.57 0.57 0.57 997972.49 31542.89 0.01 0.12 0.15 -1 0
Result 0 0.0 1000 0.47 0.20 0.16 0.20 0.23 0.20 -1 -1 -1 -1 -1
Evo 90.04 -10000004.17 0.58 -103823.06 0.57 0.57 0.57 996241.07 31488.17 0.01 0.11 0.14 -1 0
Result 0 0.0 1000 0.47 0.20 0.18 0.21 0.21 0.20 -1 -1 -1 -1 -1
Evo 89.74 -10000002.53 0.58 -109240.12 0.57 0.57 0.57 999274.79 31584.06 0.01 0.12 0.15 -1 0
Result 0 0.0 1000 0.46 0.18 0.18 0.20 0.23 0.20 -1 -1 -1 -1 -1
Evo 89.45 -10000003.90 0.58 -104902.48 0.57 0.57 0.57 996551.18 31497.97 0.01 0.06 0.08 -1 0
Result 0 0.0 1000 0.46 0.19 0.20 0.19 0.21 0.20 -1 -1 -1 -1 -1
Evo 90.11 -10000002.69 0.58 -102257.26 0.57 0.57 0.57 995440.32 31462.86 0.01 0.08 0.11 -1 0
Result 0 0.0 1000 0.45 0.22 0.19 0.18 0.21 0.20 -1 -1 -1 -1 -1
Evo 89.61 -10000004.30 0.58 -106850.57 0.57 0.57 0.57 997193.66 31518.28 0.01 0.08 0.11 -1 0
Result 0 0.0 1000 0.48 0.18 0.18 0.21 0.22 0.20 -1 -1 -1 -1 -1
Evo 89.43 -10000002.43 0.58 -112201.73 0.57 0.57 0.57 1003107.77 31705.20 0.01 0.13 0.16 -1 0
Result 0 0.0 1000 0.45 0.21 0.19 0.18 0.22 0.20 -1 -1 -1 -1 -1
Evo 89.87 -10000001.01 0.58 -106342.43 0.57 0.57 0.57 997414.19 31525.25 0.01 0.12 0.15 -1 0
Result 0 0.0 1000 0.46 0.19 0.17 0.20 0.22 0.22 -1 -1 -1 -1 -1
Evo 90.01 -10000002.30 0.58 -106939.66 0.57 0.57 0.57 999189.75 31581.37 0.01 0.10 0.13 -1 0
Result 0 0.0 1000 0.48 0.21 0.18 0.21 0.20 0.20 -1 -1 -1 -1 -1
