Evo 89.26 -10000002.12 4.58 -49970.67 4.57 4.57 4.57 705337.94 15767.89 0.01 0.67 0.71 -1 1991
Result 0 4.0 2000 0.47 0.21 0.21 0.21 0.19 0.19 -1 -1 -1 -1 -1
Evo 89.20 -10000002.90 4.58 -49972.73 0.57 0.58 4.57 705337.89 15767.89 0.01 0.69 0.71 -1 1991
Result 0 4.0 2000 0.46 0.19 0.20 0.19 0.21 0.20 -1 -1 -1 -1 -1
Evo 89.23 -10000001.67 4.58 -50436.58 4.57 4.57 4.57 705463.49 15770.70 0.01 0.65 0.71 -1 787
Result 0 4.0 2000 0.47 0.21 0.20 0.18 0.20 0.21 -1 -1 -1 -1 -1
Evo 89.40 -10000004.61 4.58 -49970.54 4.57 4.57 4.57 705337.84 15767.89 0.01 0.70 0.71 -1 404
Result 0 4.0 2000 0.46 0.19 0.20 0.20 0.20 0.21 -1 -1 -1 -1 -1
Evo 86.50 0.57 10000001.38 128872.97 4.57 4.57 4.57 1093989.44 57498.81 0.02 0.51 0.71 357 -1
Result 1 25.0 361 0.48 0.22 0.20 0.17 0.23 0.18 -1 -1 -1 -1 -1
Evo 88.99 -10000003.97 4.58 -49973.89 0.57 0.57 0.58 705337.84 15767.89 0.01 0.69 0.71 -1 1991
Result 0 4.0 2000 0.48 0.22 0.19 0.19 0.19 0.20 -1 -1 -1 -1 -1
Evo 89.47 -10000001.04 4.61 -49971.10 4.57 4.57 4.57 705337.81 15767.89 0.01 0.69 0.71 -1 1991
Result 0 4.0 2000 0.47 0.20 0.21 0.18 0.20 0.21 -1 -1 -1 -1 -1
Evo 89.50 -10000003.99 4.58 -49971.03 4.57 4.57 4.57 705337.85 15767.89 0.01 0.68 0.71 -1 1991
Result 0 4.0 2000 0.46 0.20 0.21 0.20 0.20 0.19 -1 -1 -1 -1 -1
Evo 89.00 -10000004.31 4.58 -49973.58 0.57 0.57 0.58 705337.71 15767.89 0.01 0.67 0.71 -1 1991
Result 0 4.0 2000 0.47 0.21 0.19 0.20 0.19 0.21 -1 -1 -1 -1 -1
Evo 88.98 -10000002.93 4.58 -49970.68 4.57 4.57 4.57 705338.02 15767.90 0.01 0.70 0.71 -1 1975
Result 0 4.0 2000 0.47 0.21 0.20 0.21 0.20 0.19 -1 -1 -1 -1 -1
Evo 89.43 -10000004.60 4.58 -49970.82 4.57 4.57 4.57 705337.95 15767.89 0.01 0.70 0.71 -1 1129
Result 0 4.0 2000 0.46 0.19 0.19 0.21 0.20 0.20 -1 -1 -1 -1 -1
Evo 89.55 -10000003.85 0.61 -49974.43 0.57 0.57 0.57 705337.62 15767.89 0.01 0.68 0.71 -1 171
Result 0 0.0 2000 0.46 0.19 0.19 0.19 0.21 0.21 -1 -1 -1 -1 -1
Evo 88.99 -10000003.58 8.58 -49969.02 4.57 4.58 8.57 705338.09 15767.90 0.01 0.69 0.71 -1 303
Result 0 8.0 2000 0.46 0.20 0.19 0.20 0.21 0.20 -1 -1 -1 -1 -1
Evo 89.34 -10000003.24 4.58 -49971.39 4.57 4.57 4.57 705337.90 15767.89 0.01 0.70 0.71 -1 210
Result 0 4.0 2000 0.46 0.20 0.19 0.19 0.22 0.20 -1 -1 -1 -1 -1
Evo 89.42 -10000001.32 4.58 -49973.00 0.57 0.57 4.57 705337.68 15767.89 0.01 0.69 0.71 -1 1991
Result 0 4.0 2000 0.46 0.19 0.21 0.20 0.19 0.20 -1 -1 -1 -1 -1
Evo 89.33 -10000003.76 4.58 -49970.55 4.57 4.57 4.57 705337.93 15767.89 0.01 0.70 0.71 -1 761
Result 0 4.0 2000 0.46 0.19 0.20 0.19 0.23 0.19 -1 -1 -1 -1 -1
Evo 89.35 -10000003.09 4.58 -49972.79 0.57 0.58 4.57 705337.80 15767.89 0.01 0.69 0.71 -1 1991
Result 0 4.0 2000 0.48 0.22 0.20 0.20 0.20 0.19 -1 -1 -1 -1 -1
Evo 89.39 -10000003.72 0.58 -49974.44 0.57 0.57 0.57 705337.66 15767.89 0.01 0.68 0.71 -1 353
Result 0 0.0 2000 0.47 0.21 0.19 0.20 0.20 0.21 -1 -1 -1 -1 -1
Evo 89.52 -10000003.90 0.63 -49974.44 0.57 0.57 0.57 705337.70 15767.89 0.01 0.70 0.71 -1 836
Result 0 0.0 2000 0.47 0.21 0.20 0.20 0.19 0.20 -1 -1 -1 -1 -1
Evo 89.37 -10000002.70 4.58 -49970.60 4.57 4.57 4.57 705337.96 15767.89 0.01 0.70 0.71 -1 1991
Result 0 4.0 2000 0.46 0.20 0.20 0.21 0.20 0.20 -1 -1 -1 -1 -1
Evo 89.16 -10000003.80 5.58 -49969.84 5.57 5.57 5.57 705337.95 15767.89 0.01 0.40 0.43 -1 75
Result 0 5.0 2000 0.46 0.20 0.20 0.21 0.20 0.20 -1 -1 -1 -1 -1
Evo 89.16 -10000002.15 1.73 -49973.57 1.57 1.57 1.57 705337.69 15767.89 0.01 0.53 0.55 -1 15
Result 0 1.0 2000 0.47 0.21 0.20 0.19 0.20 0.20 -1 -1 -1 -1 -1
Evo 89.34 -10000003.54 1.58 -49973.59 1.57 1.57 1.57 705337.72 15767.89 0.01 0.42 0.51 -1 8
Result 0 1.0 2000 0.46 0.20 0.19 0.20 0.21 0.20 -1 -1 -1 -1 -1
Evo 89.21 -10000002.80 0.58 -50375.72 0.57 0.57 0.57 705391.33 15769.09 0.01 0.13 0.16 -1 5
Result 0 0.0 2000 0.46 0.20 0.20 0.21 0.19 0.19 -1 -1 -1 -1 -1
Evo 89.48 -10000002.02 1.58 -49973.47 1.57 1.57 1.57 705337.71 15767.89 0.01 0.53 0.55 -1 25
Result 0 1.0 2000 0.47 0.20 0.20 0.19 0.19 0.21 -1 -1 -1 -1 -1
Evo 89.31 -10000004.13 1.58 -49973.51 1.57 1.57 1.57 705337.87 15767.89 0.01 0.40 0.48 -1 9
Result 0 1.0 2000 0.46 0.20 0.21 0.19 0.20 0.20 -1 -1 -1 -1 -1
Evo 89.32 -10000004.57 1.58 -49973.47 1.57 1.57 1.57 705337.84 15767.89 0.01 0.23 0.29 -1 6
Result 0 1.0 2000 0.46 0.19 0.22 0.19 0.19 0.20 -1 -1 -1 -1 -1
Evo 89.25 -10000003.22 1.58 -49973.50 1.57 1.57 1.57 705337.85 15767.89 0.01 0.39 0.43 -1 19
Result 0 1.0 2000 0.46 0.20 0.18 0.21 0.20 0.21 -1 -1 -1 -1 -1
Evo 89.22 -10000003.99 1.58 -49973.47 1.57 1.57 1.57 705337.81 15767.89 0.01 0.54 0.55 -1 19
Result 0 1.0 2000 0.46 0.19 0.20 0.20 0.20 0.21 -1 -1 -1 -1 -1
Evo 89.42 -10000003.31 1.58 -49973.46 1.57 1.57 1.57 705337.77 15767.89 0.01 0.51 0.55 -1 25
Result 0 1.0 2000 0.47 0.21 0.19 0.20 0.20 0.20 -1 -1 -1 -1 -1
Evo 89.52 -10000003.53 1.58 -49973.46 1.57 1.57 1.57 705337.69 15767.89 0.01 0.53 0.55 -1 1991
Result 0 1.0 2000 0.46 0.19 0.21 0.19 0.21 0.21 -1 -1 -1 -1 -1
Evo 89.26 -10000004.22 0.59 -50125.89 0.57 0.57 0.57 705359.57 15768.38 0.01 0.13 0.17 -1 20
Result 0 0.0 2000 0.46 0.20 0.20 0.18 0.19 0.22 -1 -1 -1 -1 -1
Evo 88.97 -10000004.52 1.58 -49973.53 1.57 1.57 1.57 705337.74 15767.89 0.01 0.55 0.55 -1 1991
Result 0 1.0 2000 0.47 0.20 0.21 0.18 0.20 0.21 -1 -1 -1 -1 -1
Evo 89.47 -10000003.86 1.58 -49973.54 1.57 1.57 1.57 705337.80 15767.89 0.01 0.39 0.45 -1 20
Result 0 1.0 2000 0.47 0.21 0.20 0.20 0.19 0.20 -1 -1 -1 -1 -1
Evo 89.41 -10000003.66 1.58 -49973.65 1.57 1.57 1.57 705337.64 15767.89 0.01 0.40 0.43 -1 6
Result 0 1.0 2000 0.46 0.20 0.20 0.20 0.20 0.20 -1 -1 -1 -1 -1
Evo 89.24 -10000003.77 1.58 -49973.53 1.57 1.57 1.57 705337.79 15767.89 0.01 0.40 0.44 -1 1991
Result 0 1.0 2000 0.47 0.21 0.20 0.21 0.19 0.19 -1 -1 -1 -1 -1
Evo 89.38 -10000001.34 1.58 -49973.51 1.57 1.57 1.57 705337.68 15767.89 0.01 0.53 0.55 -1 30
Result 0 1.0 2000 0.47 0.21 0.19 0.20 0.22 0.19 -1 -1 -1 -1 -1
Evo 89.51 -10000003.23 1.58 -49973.47 1.57 1.57 1.57 705337.80 15767.89 0.01 0.47 0.55 -1 1991
Result 0 1.0 2000 0.45 0.19 0.21 0.20 0.21 0.20 -1 -1 -1 -1 -1
Evo 89.28 -10000003.92 1.58 -49973.48 1.57 1.57 1.57 705337.79 15767.89 0.01 0.50 0.55 -1 10
Result 0 1.0 2000 0.47 0.21 0.20 0.20 0.20 0.19 -1 -1 -1 -1 -1
Evo 89.11 -10000003.31 1.58 -49973.54 1.57 1.57 1.57 705337.66 15767.89 0.01 0.41 0.48 -1 1991
Result 0 1.0 2000 0.47 0.21 0.21 0.20 0.20 0.18 -1 -1 -1 -1 -1
Evo 89.34 -10000002.24 1.58 -49973.67 1.57 1.57 1.57 705337.73 15767.89 0.01 0.51 0.53 -1 1991
Result 0 1.0 2000 0.46 0.20 0.18 0.23 0.20 0.19 -1 -1 -1 -1 -1
Evo 89.60 -10000003.59 1.58 -49973.44 1.57 1.57 1.57 705337.64 15767.89 0.01 0.43 0.55 -1 1991
Result 0 1.0 2000 0.46 0.20 0.21 0.22 0.19 0.18 -1 -1 -1 -1 -1
Evo 89.37 -10000001.95 1.58 -49973.45 1.57 1.57 1.57 705337.70 15767.89 0.01 0.55 0.58 -1 1897
Result 0 1.0 2000 0.47 0.21 0.19 0.20 0.21 0.18 -1 -1 -1 -1 -1
Evo 89.25 -10000003.27 1.58 -49973.96 0.57 0.58 1.57 705337.67 15767.89 0.01 0.51 0.57 -1 1991
Result 0 1.0 2000 0.47 0.21 0.18 0.20 0.20 0.20 -1 -1 -1 -1 -1
Evo 89.11 -10000002.32 1.58 -49973.46 1.57 1.57 1.57 705337.67 15767.89 0.01 0.53 0.58 -1 1991
Result 0 1.0 2000 0.46 0.20 0.21 0.20 0.19 0.20 -1 -1 -1 -1 -1
Evo 89.13 -10000003.44 1.58 -49973.46 1.57 1.57 1.57 705337.77 15767.89 0.01 0.56 0.58 -1 1957
Result 0 1.0 2000 0.48 0.21 0.19 0.20 0.19 0.20 -1 -1 -1 -1 -1
Evo 89.36 -10000003.67 1.58 -49973.68 1.57 1.57 1.57 705337.76 15767.89 0.01 0.56 0.58 -1 1062
Result 0 1.0 2000 0.47 0.20 0.20 0.20 0.20 0.19 -1 -1 -1 -1 -1
Evo 89.26 -10000002.61 1.58 -49973.44 1.57 1.57 1.57 705337.65 15767.89 0.01 0.55 0.58 -1 1991
Result 0 1.0 2000 0.46 0.19 0.20 0.19 0.22 0.20 -1 -1 -1 -1 -1
Evo 89.28 -10000003.40 1.58 -49974.01 0.57 0.58 1.57 705337.59 15767.89 0.01 0.48 0.55 -1 1991
Result 0 1.0 2000 0.46 0.19 0.21 0.19 0.20 0.20 -1 -1 -1 -1 -1
Evo 89.14 -10000003.06 1.58 -49973.45 1.57 1.57 1.57 705337.77 15767.89 0.01 0.48 0.53 -1 1991
Result 0 1.0 2000 0.46 0.20 0.19 0.20 0.21 0.21 -1 -1 -1 -1 -1
Evo 89.36 -10000004.09 1.58 -49973.52 1.57 1.57 1.57 705337.70 15767.89 0.01 0.49 0.55 -1 1991
Result 0 1.0 2000 0.47 0.20 0.20 0.19 0.20 0.20 -1 -1 -1 -1 -1
Evo 89.44 -10000003.97 1.58 -49973.47 1.57 1.57 1.57 705337.79 15767.89 0.01 0.40 0.46 -1 1991
Result 0 1.0 2000 0.46 0.20 0.21 0.19 0.20 0.20 -1 -1 -1 -1 -1
Evo 89.33 -10000003.64 1.58 -49973.46 1.57 1.57 1.57 705337.81 15767.89 0.01 0.56 0.58 -1 1991
Result 0 1.0 2000 0.47 0.21 0.18 0.22 0.20 0.20 -1 -1 -1 -1 -1
Evo 89.50 -10000004.17 1.58 -49973.49 1.57 1.57 1.57 705337.66 15767.89 0.01 0.51 0.56 -1 1991
Result 0 1.0 2000 0.46 0.20 0.20 0.20 0.20 0.20 -1 -1 -1 -1 -1
Evo 89.43 -10000003.51 1.58 -49973.82 0.57 1.57 1.57 705337.72 15767.89 0.01 0.56 0.58 -1 1991
Result 0 1.0 2000 0.47 0.20 0.20 0.21 0.20 0.19 -1 -1 -1 -1 -1
Evo 89.32 -10000003.56 5.58 -49970.77 1.57 5.57 5.57 705337.88 15767.89 0.01 0.51 0.54 -1 557
Result 0 5.0 2000 0.45 0.19 0.20 0.21 0.20 0.20 -1 -1 -1 -1 -1
Evo 89.09 -10000002.72 1.58 -49973.47 1.57 1.57 1.57 705337.78 15767.89 0.01 0.54 0.58 -1 1991
Result 0 1.0 2000 0.47 0.21 0.21 0.18 0.20 0.20 -1 -1 -1 -1 -1
Evo 89.26 -10000003.94 1.58 -49973.55 1.57 1.57 1.57 705337.69 15767.89 0.01 0.57 0.58 -1 1991
Result 0 1.0 2000 0.46 0.20 0.20 0.20 0.20 0.20 -1 -1 -1 -1 -1
Evo 89.26 -10000003.68 1.58 -49973.49 1.57 1.57 1.57 705337.80 15767.89 0.01 0.55 0.58 -1 1991
Result 0 1.0 2000 0.46 0.19 0.19 0.21 0.21 0.20 -1 -1 -1 -1 -1
Evo 89.47 -10000003.45 1.58 -49973.68 1.57 1.57 1.57 705337.71 15767.89 0.01 0.54 0.58 -1 1991
Result 0 1.0 2000 0.46 0.20 0.20 0.21 0.19 0.21 -1 -1 -1 -1 -1
Evo 89.48 -10000004.11 1.58 -49974.32 0.57 0.57 0.58 705337.66 15767.89 0.01 0.51 0.57 -1 1991
Result 0 1.0 2000 0.47 0.20 0.21 0.19 0.20 0.20 -1 -1 -1 -1 -1
Evo 89.21 -10000002.37 1.58 -49974.41 0.57 0.57 0.57 705337.62 15767.89 0.01 0.53 0.58 -1 1991
Result 0 1.0 2000 0.47 0.21 0.19 0.20 0.20 0.20 -1 -1 -1 -1 -1
Evo 89.25 -10000003.90 1.58 -49973.88 0.57 1.57 1.57 705337.87 15767.89 0.01 0.56 0.58 -1 1991
Result 0 1.0 2000 0.47 0.20 0.20 0.21 0.19 0.20 -1 -1 -1 -1 -1
Evo 89.27 -10000003.01 1.58 -49973.80 0.57 1.57 1.57 705337.69 15767.89 0.01 0.53 0.58 -1 1991
Result 0 1.0 2000 0.46 0.19 0.22 0.20 0.19 0.20 -1 -1 -1 -1 -1
Evo 89.36 -10000003.39 1.58 -49973.46 1.57 1.57 1.57 705337.76 15767.89 0.01 0.51 0.58 -1 1991
Result 0 1.0 2000 0.46 0.20 0.21 0.21 0.19 0.20 -1 -1 -1 -1 -1
Evo 89.40 -10000002.65 1.58 -49974.15 0.57 0.57 1.57 705337.71 15767.89 0.01 0.55 0.58 -1 1991
Result 0 1.0 2000 0.48 0.21 0.19 0.19 0.20 0.20 -1 -1 -1 -1 -1
Evo 89.51 -10000003.94 1.58 -49973.61 1.57 1.57 1.57 705337.68 15767.89 0.01 0.50 0.56 -1 404
Result 0 1.0 2000 0.47 0.21 0.20 0.20 0.20 0.19 -1 -1 -1 -1 -1
Evo 89.45 -10000004.03 1.58 -49973.56 1.57 1.57 1.57 705337.80 15767.89 0.01 0.56 0.58 -1 1991
Result 0 1.0 2000 0.47 0.20 0.19 0.19 0.21 0.20 -1 -1 -1 -1 -1
Evo 89.35 -10000003.82 1.58 -49973.58 1.57 1.57 1.57 705337.64 15767.89 0.01 0.57 0.58 -1 1991
Result 0 1.0 2000 0.46 0.19 0.20 0.20 0.20 0.21 -1 -1 -1 -1 -1
Evo 89.34 -10000000.80 1.58 -49973.48 1.57 1.57 1.57 705337.57 15767.89 0.01 0.52 0.58 -1 1991
Result 0 1.0 2000 0.48 0.22 0.20 0.20 0.17 0.20 -1 -1 -1 -1 -1
Evo 89.41 -10000004.19 1.58 -49973.47 1.57 1.57 1.57 705337.79 15767.89 0.01 0.56 0.58 -1 1991
Result 0 1.0 2000 0.47 0.21 0.21 0.21 0.19 0.19 -1 -1 -1 -1 -1
Evo 89.29 -10000003.57 1.58 -49973.50 1.57 1.57 1.57 705337.78 15767.89 0.01 0.52 0.58 -1 1991
Result 0 1.0 2000 0.47 0.20 0.20 0.19 0.19 0.21 -1 -1 -1 -1 -1
Evo 89.50 -10000002.77 1.58 -49973.48 1.57 1.57 1.57 705337.68 15767.89 0.01 0.45 0.53 -1 1991
Result 0 1.0 2000 0.48 0.22 0.21 0.19 0.20 0.18 -1 -1 -1 -1 -1
Evo 89.42 -10000001.34 1.58 -49973.54 1.57 1.57 1.57 705337.72 15767.89 0.01 0.54 0.58 -1 1991
Result 0 1.0 2000 0.47 0.20 0.21 0.19 0.20 0.19 -1 -1 -1 -1 -1
Evo 89.54 -10000003.83 1.58 -49973.53 1.57 1.57 1.57 705337.79 15767.89 0.01 0.54 0.58 -1 1991
Result 0 1.0 2000 0.46 0.20 0.20 0.22 0.20 0.19 -1 -1 -1 -1 -1
Evo 89.26 -9999999.42 1.58 -49973.93 0.57 0.58 1.57 705337.50 15767.88 0.01 0.56 0.58 -1 1991
Result 0 1.0 2000 0.45 0.19 0.19 0.20 0.21 0.21 -1 -1 -1 -1 -1
Evo 89.28 -10000003.56 1.58 -49973.77 0.57 1.57 1.57 705337.80 15767.89 0.01 0.55 0.58 -1 1991
Result 0 1.0 2000 0.46 0.20 0.22 0.20 0.19 0.20 -1 -1 -1 -1 -1
Evo 89.17 -10000001.14 1.58 -49973.68 1.26 1.57 1.57 705337.65 15767.89 0.01 0.46 0.56 -1 1991
Result 0 1.0 2000 0.46 0.20 0.20 0.21 0.20 0.19 -1 -1 -1 -1 -1
Evo 89.38 -10000003.77 1.58 -49974.06 0.57 0.57 1.57 705337.70 15767.89 0.01 0.52 0.58 -1 1991
Result 0 1.0 2000 0.47 0.20 0.20 0.18 0.20 0.21 -1 -1 -1 -1 -1
Evo 89.12 -10000004.05 1.58 -49973.73 0.58 1.57 1.57 705337.79 15767.89 0.01 0.54 0.58 -1 1991
Result 0 1.0 2000 0.46 0.20 0.22 0.20 0.19 0.19 -1 -1 -1 -1 -1
Evo 89.42 -10000001.30 0.58 -49974.43 0.57 0.57 0.57 705337.51 15767.88 0.01 0.21 0.25 -1 1991
Result 0 0.0 2000 0.47 0.21 0.20 0.19 0.21 0.19 -1 -1 -1 -1 -1
Evo 89.28 -10000004.44 5.58 -49969.83 5.57 5.57 5.57 705337.92 15767.89 0.01 0.34 0.39 -1 1991
Result 0 5.0 2000 0.47 0.20 0.19 0.22 0.20 0.19 -1 -1 -1 -1 -1
Evo 89.16 -10000003.84 0.58 -49974.44 0.57 0.57 0.57 705337.77 15767.89 0.01 0.27 0.32 -1 1991
Result 0 0.0 2000 0.47 0.20 0.20 0.21 0.19 0.20 -1 -1 -1 -1 -1
Evo 89.14 -10000003.47 5.58 -49970.13 5.57 5.57 5.57 705338.05 15767.90 0.01 0.34 0.39 -1 1991
Result 0 5.0 2000 0.48 0.22 0.19 0.20 0.21 0.18 -1 -1 -1 -1 -1
Evo 89.28 -10000004.09 5.58 -49970.63 5.57 5.57 5.57 705338.00 15767.90 0.01 0.34 0.38 -1 1991
Result 0 5.0 2000 0.47 0.20 0.19 0.20 0.20 0.21 -1 -1 -1 -1 -1
Evo 89.17 -10000004.03 5.58 -49971.11 0.57 5.57 5.57 705337.93 15767.89 0.01 0.35 0.38 -1 1991
Result 0 5.0 2000 0.46 0.20 0.20 0.19 0.21 0.20 -1 -1 -1 -1 -1
Evo 89.60 -10000002.50 0.58 -49974.44 0.57 0.57 0.57 705337.72 15767.89 0.01 0.23 0.29 -1 1991
Result 0 0.0 2000 0.46 0.20 0.18 0.22 0.20 0.20 -1 -1 -1 -1 -1
Evo 89.05 -10000001.59 5.58 -49973.65 0.57 0.57 0.58 705337.75 15767.89 0.01 0.36 0.40 -1 1991
Result 0 5.0 2000 0.46 0.20 0.19 0.20 0.20 0.21 -1 -1 -1 -1 -1
Evo 89.09 -10000004.64 5.58 -49972.67 0.57 0.57 5.57 705337.79 15767.89 0.01 0.46 0.52 -1 1991
Result 0 5.0 2000 0.46 0.19 0.20 0.19 0.20 0.21 -1 -1 -1 -1 -1
Evo 89.57 -10000002.96 0.58 -49974.43 0.57 0.57 0.57 705337.60 15767.89 0.01 0.22 0.29 -1 1991
Result 0 0.0 2000 0.47 0.21 0.21 0.19 0.20 0.19 -1 -1 -1 -1 -1
Evo 89.36 -10000002.63 5.58 -49970.63 5.57 5.57 5.57 705338.03 15767.90 0.01 0.49 0.53 -1 395
Result 0 5.0 2000 0.45 0.18 0.20 0.21 0.20 0.21 -1 -1 -1 -1 -1
Evo 89.25 -10000003.80 5.58 -49971.70 0.57 5.57 5.57 705337.84 15767.89 0.01 0.47 0.52 -1 1991
Result 0 5.0 2000 0.47 0.21 0.21 0.20 0.18 0.20 -1 -1 -1 -1 -1
Evo 89.09 -10000004.07 5.58 -49970.39 5.57 5.57 5.57 705337.96 15767.89 0.01 0.36 0.38 -1 1991
Result 0 5.0 2000 0.46 0.19 0.20 0.20 0.20 0.21 -1 -1 -1 -1 -1
Evo 89.15 -10000002.90 5.58 -49972.21 0.57 0.58 5.57 705337.91 15767.89 0.01 0.45 0.50 -1 1991
Result 0 5.0 2000 0.47 0.21 0.20 0.20 0.19 0.20 -1 -1 -1 -1 -1
Evo 89.48 -10000003.99 0.58 -49974.44 0.57 0.57 0.57 705337.67 15767.89 0.01 0.35 0.39 -1 1991
Result 0 0.0 2000 0.45 0.18 0.21 0.20 0.21 0.20 -1 -1 -1 -1 -1
Evo 89.37 -10000003.87 0.58 -49974.43 0.57 0.57 0.57 705337.61 15767.89 0.01 0.34 0.36 -1 843
Result 0 0.0 2000 0.47 0.21 0.20 0.20 0.18 0.21 -1 -1 -1 -1 -1
Evo 89.12 -10000002.67 5.58 -49971.56 0.57 5.57 5.57 705337.82 15767.89 0.01 0.39 0.42 -1 1991
Result 0 5.0 2000 0.45 0.19 0.20 0.19 0.21 0.21 -1 -1 -1 -1 -1
Evo 89.56 -10000003.40 0.58 -49974.44 0.57 0.57 0.57 705337.74 15767.89 0.01 0.34 0.38 -1 1991
Result 0 0.0 2000 0.46 0.20 0.20 0.21 0.19 0.20 -1 -1 -1 -1 -1
Evo 88.76 -10000004.02 9.58 -49969.44 0.58 5.57 9.57 705338.06 15767.90 0.01 0.51 0.52 -1 1991
Result 0 9.0 2000 0.47 0.20 0.19 0.19 0.21 0.21 -1 -1 -1 -1 -1
Evo 89.36 -10000003.75 5.58 -49973.95 0.57 0.57 0.58 705337.77 15767.89 0.01 0.46 0.51 -1 452
Result 0 5.0 2000 0.47 0.21 0.21 0.19 0.20 0.20 -1 -1 -1 -1 -1
