Evo 87.05 0.57 9999995.46 238351.52 0.57 0.57 0.57 1427817.28 89944.03 0.03 0.36 0.50 245 -1
Result 1 5.0 251 0.49 0.23 0.19 0.23 0.17 0.17 -1 -1 -1 -1 -1
Evo 84.10 -10000003.47 0.58 -108430.44 0.52 0.57 0.57 735925.36 16451.68 0.01 0.39 0.48 -1 613
Result 0 0.0 2000 0.46 0.19 0.21 0.19 0.21 0.20 -1 -1 -1 -1 -1
Evo 84.29 -10000004.17 0.58 -110999.03 0.52 0.57 0.57 738028.63 16498.70 0.01 0.43 0.48 -1 399
Result 0 0.0 2000 0.47 0.21 0.21 0.21 0.20 0.17 -1 -1 -1 -1 -1
Evo 88.92 -10000004.69 0.58 -60243.90 0.57 0.57 0.57 711315.96 15901.53 0.01 0.40 0.48 -1 1019
Result 0 0.0 2000 0.46 0.20 0.20 0.21 0.19 0.19 -1 -1 -1 -1 -1
Evo 80.24 -10000004.17 0.81 -201713.18 0.48 0.57 0.57 838100.70 18735.82 0.01 0.41 0.47 -1 355
Result 0 0.0 2000 0.46 0.20 0.19 0.21 0.20 0.20 -1 -1 -1 -1 -1
Evo 85.02 -10000003.72 0.58 -105450.48 0.54 0.57 0.57 730563.55 16331.82 0.01 0.41 0.48 -1 936
Result 0 0.0 2000 0.48 0.22 0.20 0.20 0.19 0.19 -1 -1 -1 -1 -1
Evo 77.44 -5190839.31 0.91 -196544.14 0.43 0.56 0.57 528930.34 12166.55 0.01 0.41 0.47 -1 392
Result 0 0.0 1889 0.45 0.18 0.18 0.19 0.22 0.22 -1 -1 -1 -1 -1
Evo 88.23 -10000004.15 0.58 -59028.61 0.57 0.57 0.57 708150.80 15830.78 0.01 0.44 0.48 -1 650
Result 0 0.0 2000 0.47 0.20 0.20 0.20 0.20 0.20 -1 -1 -1 -1 -1
Evo 88.44 0.57 10000000.24 72691.72 0.57 0.57 0.57 799177.47 34295.99 0.02 0.39 0.49 536 -1
Result 1 5.0 542 0.47 0.20 0.21 0.19 0.19 0.22 -1 -1 -1 -1 -1
Evo 83.48 -10000003.96 0.58 -120969.23 0.51 0.57 0.57 755981.04 16900.03 0.01 0.39 0.46 -1 353
Result 0 0.0 2000 0.46 0.19 0.21 0.21 0.21 0.18 -1 -1 -1 -1 -1
Evo 84.44 -10000002.86 0.58 -107524.51 0.53 0.57 0.57 736528.14 16465.15 0.01 0.43 0.47 -1 547
Result 0 0.0 2000 0.46 0.19 0.20 0.21 0.20 0.19 -1 -1 -1 -1 -1
Evo 82.77 -10000002.52 0.58 -129138.47 0.51 0.57 0.57 754845.00 16874.63 0.01 0.39 0.48 -1 463
Result 0 0.0 2000 0.48 0.21 0.19 0.21 0.20 0.19 -1 -1 -1 -1 -1
Evo 87.18 0.57 9999999.14 237258.99 0.57 0.57 0.57 1426657.21 105750.87 0.04 0.25 0.46 56 -1
Result 1 5.0 181 0.40 0.14 0.21 0.20 0.28 0.16 -1 -1 -1 -1 -1
Evo 88.26 0.53 10000001.00 93042.98 0.57 0.57 0.57 846300.08 32768.87 0.01 0.46 0.50 655 611
Result 1 5.0 666 0.45 0.19 0.21 0.19 0.24 0.19 -1 -1 -1 -1 -1
Evo 86.84 -10000002.70 0.58 -77200.95 0.55 0.57 0.57 714343.52 15969.21 0.01 0.41 0.47 -1 959
Result 0 0.0 2000 0.48 0.21 0.19 0.19 0.20 0.20 -1 -1 -1 -1 -1
Evo 87.13 -10000004.07 0.58 -66923.39 0.54 0.57 0.57 709511.24 15861.19 0.01 0.41 0.48 -1 304
Result 0 0.0 2000 0.46 0.20 0.21 0.19 0.20 0.21 -1 -1 -1 -1 -1
Evo 88.66 -10000002.52 0.58 -58334.61 0.57 0.57 0.57 707469.66 15815.55 0.01 0.45 0.47 -1 805
Result 0 0.0 2000 0.45 0.19 0.20 0.20 0.22 0.20 -1 -1 -1 -1 -1
Evo 88.01 0.57 9999997.16 146030.41 0.57 0.57 0.57 1148566.94 65659.20 0.03 0.37 0.49 301 -1
Result 1 5.0 305 0.46 0.20 0.22 0.21 0.18 0.19 -1 -1 -1 -1 -1
Evo 87.02 0.57 10000002.16 232525.80 0.57 0.57 0.57 1398940.22 64255.45 0.02 0.41 0.50 461 -1
Result 1 5.0 473 0.46 0.20 0.17 0.23 0.19 0.21 -1 -1 -1 -1 -1
Evo 88.35 -10000004.30 0.58 -61272.95 0.57 0.57 0.57 711049.44 15895.58 0.01 0.41 0.47 -1 736
Result 0 0.0 2000 0.46 0.20 0.20 0.21 0.20 0.19 -1 -1 -1 -1 -1
Evo 88.83 -10000003.73 1.58 -55180.92 1.57 1.57 1.57 708082.19 15829.24 0.01 0.32 0.35 -1 692
Result 0 1.0 2000 0.46 0.19 0.20 0.18 0.21 0.21 -1 -1 -1 -1 -1
Evo 88.78 -10000004.07 5.59 -50649.32 1.57 5.43 5.57 705574.91 15773.19 0.01 0.36 0.42 -1 821
Result 0 5.0 2000 0.46 0.20 0.19 0.20 0.20 0.21 -1 -1 -1 -1 -1
Evo 89.39 -10000001.40 2.58 -50073.01 1.57 1.57 2.57 705344.77 15768.05 0.01 0.36 0.38 -1 1666
Result 0 2.0 2000 0.46 0.19 0.20 0.20 0.21 0.19 -1 -1 -1 -1 -1
Evo 88.28 -10000002.88 4.58 -59346.97 3.57 3.57 3.58 711124.09 15897.24 0.01 0.35 0.39 -1 1346
Result 0 4.0 2000 0.46 0.20 0.20 0.21 0.19 0.19 -1 -1 -1 -1 -1
Evo 88.98 -10000001.87 3.58 -49972.27 2.57 2.57 3.57 705337.73 15767.89 0.01 0.34 0.39 -1 1173
Result 0 3.0 2000 0.47 0.20 0.21 0.19 0.19 0.21 -1 -1 -1 -1 -1
Evo 83.26 -10000002.25 1.58 -207291.96 1.55 1.57 1.57 981059.38 21931.67 0.01 0.34 0.36 -1 932
Result 0 1.0 2000 0.44 0.17 0.22 0.20 0.20 0.20 -1 -1 -1 -1 -1
Evo 88.81 -10000002.73 3.58 -51323.87 1.57 3.55 3.57 705604.46 15773.85 0.01 0.36 0.39 -1 725
Result 0 3.0 2000 0.46 0.19 0.20 0.20 0.21 0.19 -1 -1 -1 -1 -1
Evo 88.67 -10000003.26 1.58 -56641.28 1.57 1.57 1.57 710368.98 15880.36 0.01 0.32 0.35 -1 1364
Result 0 1.0 2000 0.46 0.19 0.21 0.20 0.19 0.21 -1 -1 -1 -1 -1
Evo 89.34 -10000003.87 1.58 -50716.90 1.57 1.57 1.57 705473.75 15770.93 0.01 0.32 0.33 -1 1300
Result 0 1.0 2000 0.45 0.19 0.19 0.22 0.20 0.21 -1 -1 -1 -1 -1
Evo 86.21 -10000000.27 6.58 -71843.23 5.57 5.57 6.54 715992.53 16006.08 0.01 0.40 0.47 -1 610
Result 0 6.0 2000 0.46 0.19 0.20 0.21 0.20 0.20 -1 -1 -1 -1 -1
Evo 87.24 -10000004.30 2.58 -73742.00 1.58 2.57 2.57 722808.24 16158.44 0.01 0.34 0.36 -1 655
Result 0 2.0 2000 0.46 0.19 0.20 0.22 0.19 0.20 -1 -1 -1 -1 -1
Evo 88.92 -10000003.13 2.58 -50345.29 1.57 2.57 2.57 705377.21 15768.77 0.01 0.36 0.39 -1 1197
Result 0 2.0 2000 0.46 0.19 0.19 0.21 0.21 0.19 -1 -1 -1 -1 -1
Evo 89.17 -10000003.87 2.60 -49973.11 1.57 1.57 2.57 705337.85 15767.89 0.01 0.35 0.38 -1 1991
Result 0 2.0 2000 0.46 0.19 0.21 0.19 0.21 0.19 -1 -1 -1 -1 -1
Evo 88.30 -10000003.29 5.58 -56002.33 5.57 5.57 5.57 707248.90 15810.61 0.01 0.41 0.44 -1 288
Result 0 5.0 2000 0.46 0.20 0.19 0.21 0.20 0.20 -1 -1 -1 -1 -1
Evo 83.68 -10000003.20 2.58 -163785.15 1.57 2.56 2.57 844030.66 18868.38 0.01 0.32 0.36 -1 686
Result 0 2.0 2000 0.48 0.21 0.21 0.18 0.20 0.19 -1 -1 -1 -1 -1
Evo 88.33 -10000004.15 2.58 -58741.64 2.57 2.57 2.57 710834.29 15890.77 0.01 0.36 0.39 -1 629
Result 0 2.0 2000 0.47 0.20 0.20 0.20 0.20 0.19 -1 -1 -1 -1 -1
Evo 88.73 -10000003.05 5.59 -51849.15 5.57 5.57 5.57 705856.87 15779.49 0.01 0.39 0.42 -1 1136
Result 0 5.0 2000 0.47 0.20 0.20 0.20 0.21 0.18 -1 -1 -1 -1 -1
Evo 89.15 -10000003.70 5.58 -50420.90 1.58 5.57 5.57 705401.90 15769.32 0.01 0.41 0.44 -1 762
Result 0 5.0 2000 0.47 0.20 0.20 0.19 0.19 0.21 -1 -1 -1 -1 -1
Evo 88.77 -10000003.64 5.58 -51075.08 5.57 5.57 5.57 705524.10 15772.06 0.01 0.38 0.41 -1 1232
Result 0 5.0 2000 0.46 0.19 0.21 0.20 0.20 0.20 -1 -1 -1 -1 -1
Evo 89.01 -10000002.47 2.58 -51638.50 2.57 2.57 2.57 705705.64 15776.11 0.01 0.34 0.37 -1 1387
Result 0 2.0 2000 0.46 0.19 0.21 0.21 0.20 0.20 -1 -1 -1 -1 -1
Evo 89.44 -10000003.98 1.58 -49973.49 1.57 1.57 1.57 705337.78 15767.89 0.01 0.21 0.26 -1 1991
Result 0 1.0 2000 0.46 0.20 0.21 0.20 0.20 0.19 -1 -1 -1 -1 -1
Evo 81.80 -7516336.48 4.58 -137763.33 1.57 1.57 4.54 557712.89 12849.03 0.01 0.38 0.43 -1 587
Result 0 4.0 1883 0.48 0.21 0.19 0.18 0.20 0.21 -1 -1 -1 -1 -1
Evo 89.62 -10000003.24 0.58 -49974.44 0.57 0.57 0.57 705337.71 15767.89 0.01 0.12 0.14 -1 1991
Result 0 0.0 2000 0.47 0.21 0.21 0.19 0.20 0.19 -1 -1 -1 -1 -1
Evo 88.82 -10000004.15 1.58 -58447.92 1.57 1.57 1.57 712963.10 15938.36 0.01 0.23 0.26 -1 1416
Result 0 1.0 2000 0.47 0.21 0.21 0.19 0.19 0.21 -1 -1 -1 -1 -1
Evo 84.91 -10000003.41 2.58 -101127.61 1.57 2.57 2.57 656700.96 14698.99 0.01 0.29 0.32 -1 1344
Result 0 2.0 1995 0.46 0.19 0.19 0.19 0.21 0.22 -1 -1 -1 -1 -1
Evo 89.53 -10000003.21 0.59 -49974.44 0.57 0.57 0.57 705337.69 15767.89 0.01 0.12 0.14 -1 1991
Result 0 0.0 2000 0.47 0.20 0.20 0.21 0.21 0.19 -1 -1 -1 -1 -1
Evo 89.42 -10000003.60 0.58 -49974.44 0.57 0.57 0.57 705337.69 15767.89 0.01 0.12 0.14 -1 1991
Result 0 0.0 2000 0.46 0.20 0.21 0.20 0.19 0.20 -1 -1 -1 -1 -1
Evo 89.57 -10000003.69 0.58 -49974.44 0.57 0.57 0.57 705337.71 15767.89 0.01 0.13 0.14 -1 1991
Result 0 0.0 2000 0.46 0.19 0.20 0.20 0.19 0.21 -1 -1 -1 -1 -1
Evo 89.33 -10000003.03 0.58 -49974.44 0.57 0.57 0.57 705337.67 15767.89 0.01 0.13 0.14 -1 1991
Result 0 0.0 2000 0.45 0.18 0.22 0.20 0.19 0.20 -1 -1 -1 -1 -1
Evo 89.33 -10000002.27 0.58 -49974.43 0.57 0.57 0.57 705337.63 15767.89 0.01 0.12 0.14 -1 1991
Result 0 0.0 2000 0.46 0.20 0.19 0.21 0.20 0.20 -1 -1 -1 -1 -1
Evo 89.58 -10000004.16 0.58 -49974.44 0.57 0.57 0.57 705337.67 15767.89 0.01 0.13 0.14 -1 1991
Result 0 0.0 2000 0.45 0.18 0.18 0.22 0.20 0.22 -1 -1 -1 -1 -1
Evo 89.37 -10000003.94 1.58 -49973.59 1.57 1.57 1.57 705337.82 15767.89 0.01 0.23 0.27 -1 1991
Result 0 1.0 2000 0.47 0.21 0.20 0.20 0.20 0.20 -1 -1 -1 -1 -1
Evo 89.26 -10000003.82 1.58 -49973.49 1.57 1.57 1.57 705337.70 15767.89 0.01 0.23 0.26 -1 1991
Result 0 1.0 2000 0.47 0.21 0.21 0.19 0.21 0.18 -1 -1 -1 -1 -1
Evo 89.34 -10000004.34 0.59 -49974.44 0.57 0.57 0.57 705337.67 15767.89 0.01 0.12 0.14 -1 1991
Result 0 0.0 2000 0.46 0.19 0.18 0.22 0.21 0.20 -1 -1 -1 -1 -1
Evo 89.13 -10000003.20 4.58 -49972.98 1.57 1.57 1.58 705337.70 15767.89 0.01 0.34 0.42 -1 1991
Result 0 4.0 2000 0.46 0.20 0.19 0.21 0.20 0.21 -1 -1 -1 -1 -1
Evo 89.50 -10000003.85 1.58 -49973.46 1.57 1.57 1.57 705337.77 15767.89 0.01 0.23 0.27 -1 1991
Result 0 1.0 2000 0.46 0.20 0.20 0.21 0.19 0.20 -1 -1 -1 -1 -1
Evo 89.68 -10000004.30 0.58 -49974.44 0.57 0.57 0.57 705337.68 15767.89 0.01 0.12 0.14 -1 1991
Result 0 0.0 2000 0.47 0.21 0.19 0.21 0.20 0.20 -1 -1 -1 -1 -1
Evo 89.52 -10000004.16 0.58 -49974.44 0.57 0.57 0.57 705337.74 15767.89 0.01 0.13 0.14 -1 1991
Result 0 0.0 2000 0.47 0.20 0.21 0.20 0.20 0.18 -1 -1 -1 -1 -1
Evo 89.40 -10000003.56 0.58 -49974.43 0.57 0.57 0.57 705337.61 15767.89 0.01 0.13 0.14 -1 1991
Result 0 0.0 2000 0.46 0.20 0.20 0.19 0.20 0.21 -1 -1 -1 -1 -1
Evo 89.40 -10000004.07 0.58 -49974.44 0.57 0.57 0.57 705337.72 15767.89 0.01 0.12 0.14 -1 1991
Result 0 0.0 2000 0.48 0.21 0.19 0.20 0.19 0.20 -1 -1 -1 -1 -1
Evo 89.62 -10000001.91 0.58 -49974.43 0.57 0.57 0.57 705337.59 15767.89 0.01 0.21 0.21 -1 1991
Result 0 0.0 2000 0.46 0.20 0.21 0.21 0.18 0.19 -1 -1 -1 -1 -1
Evo 89.49 -10000004.43 0.58 -49974.44 0.57 0.57 0.57 705337.76 15767.89 0.01 0.21 0.21 -1 1991
Result 0 0.0 2000 0.46 0.19 0.20 0.20 0.23 0.19 -1 -1 -1 -1 -1
Evo 89.36 -10000003.73 1.58 -49973.47 1.57 1.57 1.57 705337.83 15767.89 0.01 0.25 0.25 -1 1991
Result 0 1.0 2000 0.45 0.19 0.21 0.20 0.21 0.20 -1 -1 -1 -1 -1
Evo 89.71 -10000002.88 0.58 -49974.44 0.57 0.57 0.57 705337.65 15767.89 0.01 0.21 0.21 -1 1991
Result 0 0.0 2000 0.47 0.20 0.20 0.21 0.19 0.20 -1 -1 -1 -1 -1
Evo 89.12 -10000004.35 1.58 -49973.57 1.57 1.57 1.57 705337.80 15767.89 0.01 0.23 0.26 -1 1991
Result 0 1.0 2000 0.47 0.20 0.20 0.19 0.20 0.21 -1 -1 -1 -1 -1
Evo 89.07 -10000003.14 1.58 -49973.56 1.57 1.57 1.57 705337.67 15767.89 0.01 0.25 0.26 -1 1991
Result 0 1.0 2000 0.46 0.19 0.20 0.19 0.21 0.20 -1 -1 -1 -1 -1
Evo 89.24 -10000003.50 1.58 -49973.49 1.57 1.57 1.57 705337.76 15767.89 0.01 0.25 0.26 -1 1991
Result 0 1.0 2000 0.47 0.20 0.19 0.20 0.20 0.21 -1 -1 -1 -1 -1
Evo 89.73 -10000003.14 0.58 -49974.44 0.57 0.57 0.57 705337.68 15767.89 0.01 0.21 0.21 -1 1991
Result 0 0.0 2000 0.46 0.20 0.19 0.20 0.20 0.22 -1 -1 -1 -1 -1
Evo 89.60 -10000004.44 0.59 -49974.44 0.57 0.57 0.57 705337.70 15767.89 0.01 0.20 0.21 -1 1991
Result 0 0.0 2000 0.46 0.19 0.21 0.20 0.20 0.19 -1 -1 -1 -1 -1
Evo 89.28 -10000003.57 1.58 -49973.47 1.57 1.57 1.57 705337.65 15767.89 0.01 0.22 0.25 -1 1991
Result 0 1.0 2000 0.46 0.19 0.21 0.20 0.21 0.19 -1 -1 -1 -1 -1
Evo 89.22 -10000003.86 1.58 -49973.47 1.57 1.57 1.57 705337.81 15767.89 0.01 0.25 0.25 -1 1991
Result 0 1.0 2000 0.48 0.21 0.19 0.20 0.20 0.19 -1 -1 -1 -1 -1
Evo 89.65 -10000003.92 0.58 -49974.43 0.57 0.57 0.57 705337.61 15767.89 0.01 0.21 0.21 -1 1991
Result 0 0.0 2000 0.47 0.20 0.21 0.20 0.20 0.19 -1 -1 -1 -1 -1
Evo 89.61 -10000001.21 0.58 -49974.44 0.57 0.57 0.57 705337.64 15767.89 0.01 0.20 0.21 -1 1991
Result 0 0.0 2000 0.47 0.21 0.22 0.18 0.21 0.18 -1 -1 -1 -1 -1
Evo 89.58 -10000003.14 0.59 -49974.44 0.57 0.57 0.57 705337.71 15767.89 0.01 0.20 0.21 -1 1991
Result 0 0.0 2000 0.47 0.21 0.20 0.20 0.19 0.19 -1 -1 -1 -1 -1
Evo 89.64 -10000004.62 0.58 -49974.44 0.57 0.57 0.57 705337.77 15767.89 0.01 0.21 0.21 -1 1991
Result 0 0.0 2000 0.46 0.19 0.21 0.19 0.21 0.19 -1 -1 -1 -1 -1
Evo 89.36 -10000001.81 1.58 -49973.44 1.57 1.57 1.57 705337.68 15767.89 0.01 0.25 0.25 -1 1991
Result 0 1.0 2000 0.46 0.19 0.20 0.20 0.20 0.21 -1 -1 -1 -1 -1
Evo 89.46 -10000003.16 0.58 -49974.43 0.57 0.57 0.57 705337.58 15767.89 0.01 0.20 0.21 -1 1991
Result 0 0.0 2000 0.46 0.20 0.20 0.19 0.20 0.21 -1 -1 -1 -1 -1
Evo 89.34 -10000003.30 0.58 -49974.44 0.57 0.57 0.57 705337.69 15767.89 0.01 0.21 0.21 -1 1991
Result 0 0.0 2000 0.46 0.19 0.20 0.21 0.20 0.20 -1 -1 -1 -1 -1
Evo 89.50 -10000004.06 1.58 -49973.47 1.57 1.57 1.57 705337.69 15767.89 0.01 0.25 0.26 -1 1991
Result 0 1.0 2000 0.46 0.20 0.19 0.21 0.19 0.21 -1 -1 -1 -1 -1
Evo 89.38 -10000002.59 1.58 -49973.45 1.57 1.57 1.57 705337.74 15767.89 0.01 0.25 0.26 -1 1991
Result 0 1.0 2000 0.46 0.20 0.19 0.20 0.21 0.20 -1 -1 -1 -1 -1
Evo 86.97 -10000004.26 3.59 -69995.93 3.54 3.57 3.57 714432.65 15971.21 0.01 0.40 0.41 -1 718
Result 0 3.0 2000 0.46 0.19 0.20 0.20 0.20 0.20 -1 -1 -1 -1 -1
Evo 81.06 -5755393.47 3.58 -113394.44 2.57 3.54 3.57 450846.19 12741.67 0.01 0.39 0.42 -1 303
Result 0 3.0 1251 0.44 0.18 0.21 0.19 0.22 0.19 -1 -1 -1 -1 -1
Evo 78.05 -10000003.40 2.58 -215556.08 1.57 2.54 2.57 853073.53 19070.54 0.01 0.39 0.41 -1 368
Result 0 2.0 2000 0.47 0.21 0.19 0.19 0.21 0.20 -1 -1 -1 -1 -1
Evo 85.38 -10000002.47 2.58 -82786.97 2.52 2.57 2.57 717253.19 16034.26 0.01 0.39 0.41 -1 470
Result 0 2.0 2000 0.47 0.20 0.19 0.22 0.20 0.18 -1 -1 -1 -1 -1
Evo 86.28 -10000004.27 3.58 -77284.53 3.37 3.55 3.57 717692.26 16044.08 0.01 0.39 0.41 -1 211
Result 0 3.0 2000 0.46 0.19 0.19 0.20 0.20 0.21 -1 -1 -1 -1 -1
Evo 86.19 -10000003.49 1.59 -94267.08 1.55 1.57 1.57 741123.62 16567.89 0.01 0.36 0.37 -1 439
Result 0 1.0 2000 0.46 0.20 0.17 0.22 0.20 0.20 -1 -1 -1 -1 -1
Evo 87.14 -10000002.88 2.59 -71063.29 2.54 2.57 2.57 714206.54 15966.15 0.01 0.37 0.41 -1 273
Result 0 2.0 2000 0.47 0.20 0.21 0.19 0.19 0.21 -1 -1 -1 -1 -1
Evo 87.79 -10000004.57 3.58 -64372.57 2.57 3.57 3.57 714537.31 15973.55 0.01 0.39 0.42 -1 816
Result 0 3.0 2000 0.45 0.19 0.20 0.20 0.22 0.19 -1 -1 -1 -1 -1
Evo 84.93 -10000002.45 2.58 -91253.76 2.53 2.57 2.57 723272.98 16168.83 0.01 0.40 0.41 -1 844
Result 0 2.0 2000 0.48 0.21 0.21 0.21 0.18 0.19 -1 -1 -1 -1 -1
Evo 87.02 -10000003.81 3.58 -67403.50 3.46 3.56 3.57 711309.13 15901.38 0.01 0.40 0.42 -1 310
Result 0 3.0 2000 0.47 0.21 0.21 0.21 0.20 0.18 -1 -1 -1 -1 -1
Evo 87.01 -10000004.06 3.58 -65866.08 3.53 3.57 3.57 710179.19 15876.12 0.01 0.40 0.42 -1 382
Result 0 3.0 2000 0.47 0.20 0.19 0.21 0.20 0.19 -1 -1 -1 -1 -1
Evo 84.90 -10000002.87 2.59 -102163.07 2.50 2.57 2.57 750530.30 16778.17 0.01 0.38 0.40 -1 456
Result 0 2.0 2000 0.46 0.20 0.21 0.20 0.20 0.18 -1 -1 -1 -1 -1
Evo 86.41 -10000002.08 3.58 -78226.97 3.53 3.57 3.57 726154.80 16233.26 0.01 0.39 0.42 -1 677
Result 0 3.0 2000 0.46 0.20 0.21 0.18 0.20 0.20 -1 -1 -1 -1 -1
Evo 88.37 -10000003.57 2.58 -56606.64 2.57 2.57 2.57 707578.36 15817.98 0.01 0.39 0.41 -1 401
Result 0 2.0 2000 0.48 0.21 0.21 0.20 0.19 0.19 -1 -1 -1 -1 -1
Evo 86.17 -10000003.89 4.58 -83141.49 3.57 3.58 4.55 721146.31 16121.29 0.01 0.40 0.43 -1 461
Result 0 4.0 2000 0.46 0.20 0.20 0.21 0.19 0.20 -1 -1 -1 -1 -1
Evo 86.46 -10000003.86 3.58 -73067.05 3.51 3.57 3.57 716446.86 16016.24 0.01 0.40 0.42 -1 606
Result 0 3.0 2000 0.45 0.18 0.21 0.22 0.21 0.19 -1 -1 -1 -1 -1
Evo 85.09 -10000002.63 3.58 -89524.95 2.54 2.57 3.55 733485.60 16397.14 0.01 0.40 0.42 -1 357
Result 0 3.0 2000 0.45 0.18 0.21 0.20 0.20 0.20 -1 -1 -1 -1 -1
Evo 81.60 -9999999.13 2.58 -119396.91 2.49 2.57 2.57 594072.42 13297.17 0.01 0.37 0.41 -1 514
Result 0 2.0 1995 0.46 0.20 0.21 0.20 0.21 0.18 -1 -1 -1 -1 -1
Evo 84.69 -10000004.06 2.60 -116764.96 2.53 2.57 2.57 783351.42 17511.89 0.01 0.39 0.41 -1 442
Result 0 2.0 2000 0.47 0.20 0.18 0.20 0.20 0.22 -1 -1 -1 -1 -1
Evo 86.84 -10000003.85 2.58 -74113.80 1.57 2.57 2.57 717237.70 16033.91 0.01 0.38 0.40 -1 826
Result 0 2.0 2000 0.47 0.20 0.21 0.19 0.20 0.20 -1 -1 -1 -1 -1
