Evo 80.13 -769223.19 9999996.08 79376.46 6.61 12.61 17.61 829381.26 26162.01 0.01 0.26 0.31 994 83
Result 1 19.0 1004 0.43 0.13 0.17 0.17 0.20 0.17 0.17 -1 -1 -1 -1
Evo 82.85 -701737.44 10000002.01 46724.40 3.61 15.61 19.61 634130.96 18405.75 0.01 0.30 0.48 1166 15
Result 1 20.0 1186 0.45 0.14 0.15 0.17 0.20 0.15 0.18 -1 -1 -1 -1
Evo 79.31 -399991.64 10000004.87 118054.26 2.61 7.61 12.62 1048963.94 37802.04 0.01 0.19 0.24 760 15
Result 1 17.0 769 0.43 0.15 0.16 0.18 0.19 0.15 0.17 -1 -1 -1 -1
Evo 78.29 -937493.26 10000004.57 91446.48 3.61 7.61 14.64 880406.18 28400.20 0.01 0.28 0.34 941 9
Result 1 17.0 960 0.45 0.14 0.18 0.17 0.17 0.16 0.19 -1 -1 -1 -1
Evo 80.74 -2584269.19 10000003.35 29532.63 2.73 9.61 13.61 736801.38 21870.19 0.01 0.17 0.22 1127 132
Result 1 16.0 1134 0.45 0.15 0.17 0.18 0.17 0.16 0.18 -1 -1 -1 -1
Evo 79.18 -1827953.66 10000002.87 62396.08 2.61 8.61 11.64 772501.84 26419.01 0.01 0.28 0.35 847 2
Result 1 17.0 854 0.42 0.18 0.15 0.16 0.18 0.17 0.16 -1 -1 -1 -1
Evo 79.26 -5362313.41 10000001.95 5925.43 3.61 7.61 9.97 838116.73 27263.94 0.01 0.36 0.49 937 83
Result 1 13.0 944 0.41 0.17 0.16 0.15 0.18 0.19 0.15 -1 -1 -1 -1
Evo 80.49 -1428570.43 10000003.60 66897.09 2.61 11.33 15.61 822660.20 25509.61 0.01 0.23 0.32 1026 47
Result 1 18.0 1039 0.44 0.15 0.17 0.17 0.16 0.18 0.17 -1 -1 -1 -1
Evo 78.86 -1212114.74 9999998.38 64706.57 1.61 5.61 8.61 802387.05 28089.17 0.01 0.31 0.36 809 12
Result 1 15.0 815 0.45 0.16 0.17 0.15 0.18 0.15 0.18 -1 -1 -1 -1
Evo 80.78 -1126759.90 10000000.13 79794.45 0.62 7.61 14.61 890202.79 31977.03 0.01 0.18 0.23 765 54
Result 1 19.0 774 0.44 0.16 0.18 0.17 0.17 0.15 0.17 -1 -1 -1 -1
Evo 79.00 -3465343.31 10000004.01 49769.75 2.02 6.67 9.55 886874.36 27304.60 0.01 0.33 0.38 1046 108
Result 1 14.0 1054 0.44 0.14 0.17 0.16 0.19 0.16 0.18 -1 -1 -1 -1
Evo 80.22 0.51 10000002.91 134557.30 1.62 8.61 14.61 1048798.24 37944.19 0.01 0.21 0.26 751 29
Result 1 20.0 763 0.43 0.15 0.15 0.18 0.19 0.15 0.17 -1 -1 -1 -1
Evo 78.39 -1369863.13 10000003.72 132868.19 0.62 4.33 12.25 1056717.25 37909.52 0.01 0.17 0.23 760 42
Result 1 19.0 776 0.45 0.16 0.17 0.17 0.19 0.13 0.18 -1 -1 -1 -1
Evo 76.76 -4333326.93 10000004.83 28391.20 3.61 9.58 10.61 862365.50 23637.54 0.01 0.41 0.48 1164 124
Result 1 9.0 1330 0.45 0.17 0.16 0.15 0.18 0.16 0.19 -1 -1 -1 -1
Evo 80.30 -2380947.93 10000003.08 59873.81 2.61 8.85 17.61 807837.02 26490.02 0.01 0.35 0.46 897 78
Result 1 20.0 929 0.46 0.15 0.16 0.16 0.16 0.16 0.19 -1 -1 -1 -1
Evo 81.99 -1315788.55 10000001.19 61667.54 1.62 10.61 13.61 812252.25 23379.61 0.01 0.22 0.27 1198 10
Result 1 14.0 1206 0.43 0.17 0.19 0.17 0.16 0.15 0.17 -1 -1 -1 -1
Evo 80.42 -1111103.33 10000001.63 73165.39 0.62 7.29 13.61 838604.02 27265.37 0.01 0.14 0.18 931 16
Result 1 16.0 945 0.43 0.16 0.17 0.18 0.17 0.15 0.17 -1 -1 -1 -1
Evo 78.54 -3510628.92 10000004.84 87531.43 2.61 7.61 13.67 939085.50 33667.85 0.01 0.13 0.19 764 29
Result 1 19.0 777 0.45 0.17 0.16 0.17 0.19 0.13 0.18 -1 -1 -1 -1
Evo 82.18 -1267600.66 10000004.80 84493.78 4.61 10.61 14.61 954572.60 29319.46 0.01 0.20 0.26 1050 3
Result 1 15.0 1059 0.43 0.13 0.19 0.19 0.16 0.16 0.16 -1 -1 -1 -1
Evo 82.27 -2027016.27 10000003.63 56027.28 7.61 13.62 14.62 705245.38 20003.44 0.01 0.37 0.45 1231 15
Result 1 15.0 1242 0.44 0.17 0.16 0.18 0.16 0.15 0.18 -1 -1 -1 -1
Evo 79.17 -2087912.11 10000002.87 59326.40 0.61 6.24 11.61 807352.84 23663.93 0.01 0.26 0.32 1149 27
Result 1 13.0 1163 0.46 0.16 0.15 0.16 0.17 0.17 0.19 -1 -1 -1 -1
Evo 81.85 -1463403.44 10000002.15 61613.39 0.61 7.53 13.61 799168.00 21897.07 0.01 0.28 0.34 1321 44
Result 1 15.0 1331 0.45 0.14 0.17 0.17 0.18 0.15 0.18 -1 -1 -1 -1
Evo 78.88 -2173914.03 10000004.01 40672.57 0.61 4.16 5.61 728069.23 19859.72 0.01 0.45 0.50 1335 25
Result 1 8.0 1343 0.44 0.16 0.18 0.16 0.16 0.17 0.17 -1 -1 -1 -1
Evo 81.39 -2045444.09 10000004.05 44622.36 0.62 9.48 12.39 728002.52 18527.18 0.01 0.47 0.50 1014 44
Result 1 11.0 1543 0.46 0.17 0.17 0.15 0.16 0.16 0.19 -1 -1 -1 -1
Evo 75.82 -5833334.77 10000002.76 -139281.96 -2.39 0.60 0.61 902492.78 22184.25 0.01 0.47 0.50 1591 42
Result 1 3.0 1654 0.44 0.18 0.16 0.15 0.17 0.16 0.18 -1 -1 -1 -1
Evo 80.24 -2391296.85 10000003.36 51791.41 0.61 7.48 14.61 830750.81 24318.42 0.01 0.40 0.49 1158 13
Result 1 16.0 1166 0.46 0.15 0.16 0.16 0.18 0.16 0.19 -1 -1 -1 -1
Evo 78.40 -5270266.50 10000004.88 36162.88 -0.39 0.61 4.62 818399.08 20215.09 0.01 0.45 0.50 1626 65
Result 1 5.0 1638 0.43 0.15 0.18 0.18 0.17 0.16 0.17 -1 -1 -1 -1
Evo 75.19 -1250001.02 10000003.82 45993.93 -3.39 -0.67 0.61 754701.96 20242.68 0.01 0.42 0.49 1380 31
Result 1 4.0 1389 0.44 0.17 0.17 0.15 0.16 0.17 0.18 -1 -1 -1 -1
Evo 77.61 -1891884.01 10000003.11 54283.26 0.61 3.53 7.60 769207.08 23886.58 0.01 0.36 0.44 929 35
Result 1 10.0 1036 0.42 0.18 0.15 0.16 0.19 0.17 0.15 -1 -1 -1 -1
Evo 77.75 -3375000.26 9999998.65 14311.17 0.61 6.61 8.43 664917.99 17657.53 0.01 0.36 0.44 1409 8
Result 1 9.0 1417 0.45 0.16 0.17 0.16 0.17 0.17 0.18 -1 -1 -1 -1
Evo 81.56 -476190.12 10000004.88 77271.28 0.61 5.61 12.62 816591.49 24598.81 0.01 0.25 0.33 1090 12
Result 1 16.0 1101 0.44 0.15 0.17 0.18 0.16 0.18 0.17 -1 -1 -1 -1
Evo 81.49 -2473118.83 10000004.59 60896.56 0.61 5.07 14.61 797609.65 24147.83 0.01 0.32 0.40 1071 18
Result 1 15.0 1090 0.45 0.15 0.17 0.16 0.18 0.15 0.19 -1 -1 -1 -1
Evo 83.95 -10000003.63 5714288.74 -43169.99 3.60 12.54 12.61 685776.19 15330.59 0.01 0.37 0.43 1836 17
Result 0 12.0 2000 0.43 0.17 0.17 0.17 0.17 0.16 0.17 -1 -1 -1 -1
Evo 79.97 -294118.29 10000004.94 108527.65 0.61 1.62 8.61 981444.12 32696.64 0.01 0.22 0.30 887 15
Result 1 14.0 900 0.44 0.16 0.15 0.16 0.18 0.17 0.18 -1 -1 -1 -1
Evo 77.94 -821912.86 10000004.10 103459.40 0.60 2.33 6.62 959890.05 28915.50 0.01 0.25 0.30 1088 47
Result 1 10.0 1101 0.43 0.15 0.17 0.17 0.17 0.17 0.17 -1 -1 -1 -1
Evo 79.22 -1666665.50 10000004.69 46673.84 0.61 1.61 4.61 776439.58 22470.13 0.01 0.34 0.48 1186 27
Result 1 8.0 1193 0.42 0.16 0.18 0.14 0.18 0.18 0.16 -1 -1 -1 -1
Evo 81.36 -943392.30 10000003.38 42710.22 2.62 7.34 11.61 646634.95 16785.81 0.01 0.37 0.46 989 15
Result 1 10.0 1483 0.45 0.18 0.17 0.14 0.17 0.16 0.18 -1 -1 -1 -1
Evo 77.33 -1139238.74 10000004.79 167838.67 0.61 1.53 8.40 1217440.15 36410.51 0.01 0.24 0.28 1032 11
Result 1 10.0 1117 0.43 0.16 0.18 0.18 0.16 0.16 0.17 -1 -1 -1 -1
Evo 75.88 -4027776.69 10000002.98 31813.38 0.33 1.05 3.49 785058.77 19959.84 0.01 0.26 0.31 1527 28
Result 1 4.0 1546 0.45 0.14 0.18 0.15 0.18 0.15 0.19 -1 -1 -1 -1
Evo 79.71 -1839074.87 10000002.39 42846.50 0.62 7.61 10.62 753364.21 21106.70 0.01 0.42 0.49 1266 19
Result 1 13.0 1273 0.45 0.16 0.17 0.16 0.16 0.16 0.19 -1 -1 -1 -1
Evo 76.31 -6597937.07 10000005.19 18060.08 0.61 2.61 3.67 948328.52 27467.60 0.01 0.24 0.30 1175 9
Result 1 10.0 1191 0.45 0.16 0.16 0.17 0.17 0.16 0.18 -1 -1 -1 -1
Evo 78.54 -2467523.62 10000002.80 24190.78 0.61 6.16 8.61 756562.40 21154.83 0.01 0.30 0.39 1267 27
Result 1 11.0 1278 0.43 0.17 0.17 0.18 0.16 0.15 0.17 -1 -1 -1 -1
Evo 80.84 -1168830.60 10000003.01 34376.32 0.61 7.49 8.51 584494.71 14808.02 0.01 0.24 0.30 1547 10
Result 1 8.0 1557 0.44 0.17 0.16 0.17 0.17 0.16 0.17 -1 -1 -1 -1
Evo 78.81 -3260860.83 10000004.49 69534.32 0.61 8.18 12.55 895447.78 25689.29 0.01 0.28 0.41 1203 5
Result 1 13.0 1214 0.43 0.16 0.17 0.18 0.18 0.15 0.17 -1 -1 -1 -1
Evo 80.05 -2933331.99 10000004.91 68378.61 0.61 3.57 12.61 985096.66 32727.64 0.01 0.27 0.34 894 9
Result 1 17.0 905 0.45 0.14 0.17 0.17 0.17 0.16 0.18 -1 -1 -1 -1
Evo 81.53 -624994.04 10000003.31 35804.21 3.62 6.60 7.61 596396.98 15148.50 0.01 0.36 0.45 1542 26
Result 1 8.0 1549 0.43 0.16 0.17 0.15 0.18 0.18 0.17 -1 -1 -1 -1
Evo 76.10 -2499999.08 10000000.96 38526.84 0.61 2.62 4.61 849650.46 25594.67 0.01 0.43 0.50 1091 30
Result 1 9.0 1101 0.44 0.17 0.16 0.16 0.17 0.16 0.18 -1 -1 -1 -1
Evo 81.54 -499999.83 10000002.52 61595.03 0.62 8.67 13.61 781748.51 22335.67 0.01 0.25 0.30 1217 41
Result 1 14.0 1224 0.44 0.17 0.15 0.17 0.19 0.15 0.17 -1 -1 -1 -1
Evo 81.18 -555549.27 10000004.26 60892.93 0.61 9.50 13.61 731335.59 23126.86 0.01 0.31 0.39 989 41
Result 1 18.0 999 0.44 0.17 0.17 0.15 0.17 0.17 0.18 -1 -1 -1 -1
Evo 77.84 -1797751.69 10000002.96 74239.27 0.61 4.61 13.61 937202.18 31737.67 0.01 0.25 0.31 858 33
Result 1 16.0 871 0.44 0.15 0.16 0.18 0.18 0.16 0.18 -1 -1 -1 -1
Evo 80.33 -5578944.67 10000004.84 10442.46 0.62 10.61 12.61 847148.77 22520.68 0.01 0.39 0.48 1405 41
Result 1 15.0 1414 0.42 0.16 0.18 0.15 0.17 0.18 0.16 -1 -1 -1 -1
Evo 83.96 -1081077.62 10000003.34 37519.88 5.33 15.61 16.61 627529.72 15668.67 0.01 0.42 0.50 1592 31
Result 1 17.0 1603 0.43 0.16 0.17 0.16 0.19 0.16 0.17 -1 -1 -1 -1
Evo 78.60 -1445778.15 10000001.94 44164.38 0.61 2.53 4.61 757327.09 20535.91 0.01 0.47 0.50 1350 10
Result 1 8.0 1359 0.45 0.16 0.16 0.17 0.17 0.16 0.18 -1 -1 -1 -1
Evo 80.67 -2413783.89 10000003.77 103689.81 0.62 7.61 12.63 989829.94 32030.14 0.01 0.38 0.47 941 154
Result 1 18.0 954 0.44 0.16 0.18 0.14 0.18 0.17 0.17 -1 -1 -1 -1
Evo 81.29 -967741.11 10000001.66 104447.41 0.61 4.61 11.61 999170.66 32554.74 0.01 0.19 0.29 930 27
Result 1 16.0 941 0.44 0.15 0.18 0.18 0.17 0.15 0.18 -1 -1 -1 -1
Evo 80.82 -1590901.94 10000001.39 56278.60 0.61 9.63 16.61 769310.62 23195.59 0.01 0.24 0.30 1091 26
Result 1 17.0 1099 0.43 0.18 0.16 0.16 0.19 0.15 0.16 -1 -1 -1 -1
Evo 80.67 -5434779.01 10000004.45 7582.08 4.33 5.79 6.61 663974.04 16380.69 0.01 0.34 0.44 1587 73
Result 1 7.0 1642 0.43 0.16 0.16 0.15 0.19 0.18 0.17 -1 -1 -1 -1
Evo 79.78 -1147533.59 10000004.09 73362.13 0.61 3.62 12.57 883823.47 27879.34 0.01 0.26 0.36 996 17
Result 1 15.0 1004 0.45 0.14 0.16 0.16 0.17 0.18 0.18 -1 -1 -1 -1
Evo 82.24 -416666.21 10000004.01 60302.69 0.61 8.61 13.92 739000.61 21744.72 0.01 0.31 0.39 1144 110
Result 1 15.0 1154 0.45 0.15 0.16 0.16 0.18 0.16 0.18 -1 -1 -1 -1
Evo 79.00 -2023798.70 10000004.28 105530.95 0.61 4.61 10.61 1041413.21 35762.28 0.01 0.31 0.45 838 17
Result 1 19.0 847 0.44 0.16 0.15 0.16 0.19 0.17 0.18 -1 -1 -1 -1
Evo 79.63 -394728.74 10000001.23 148527.60 3.61 8.61 16.61 1083652.33 38028.74 0.01 0.15 0.20 761 37
Result 1 20.0 811 0.45 0.14 0.15 0.18 0.19 0.16 0.19 -1 -1 -1 -1
Evo 80.46 -1481476.51 10000004.54 55365.05 3.61 8.62 17.24 821830.93 26185.71 0.01 0.15 0.19 975 6
Result 1 19.0 984 0.43 0.17 0.15 0.18 0.18 0.15 0.17 -1 -1 -1 -1
Evo 80.45 0.53 10000003.52 113321.64 1.63 8.61 14.61 1033026.76 37447.19 0.01 0.19 0.26 751 13
Result 1 20.0 760 0.46 0.19 0.12 0.18 0.17 0.15 0.20 -1 -1 -1 -1
Evo 82.57 0.53 10000005.15 115626.62 2.62 12.61 15.61 1006719.06 28786.91 0.01 0.17 0.22 1206 9
Result 1 16.0 1222 0.42 0.16 0.16 0.19 0.17 0.16 0.16 -1 -1 -1 -1
Evo 80.90 -3222221.70 10000002.87 52052.22 1.61 7.61 12.57 844364.03 30488.22 0.01 0.15 0.21 758 10
Result 1 20.0 766 0.46 0.16 0.14 0.18 0.19 0.14 0.19 -1 -1 -1 -1
Evo 75.82 -4642852.04 10000002.16 11841.51 2.61 3.62 9.61 874563.19 28022.81 0.01 0.26 0.32 957 11
Result 1 15.0 973 0.44 0.17 0.18 0.15 0.18 0.15 0.17 -1 -1 -1 -1
Evo 78.63 -204073.30 10000003.77 195626.08 3.61 7.61 14.61 1253300.05 44875.34 0.01 0.30 0.40 759 9
Result 1 20.0 779 0.45 0.12 0.16 0.19 0.18 0.16 0.19 -1 -1 -1 -1
Evo 79.79 -869564.17 10000004.44 92156.83 2.61 7.61 14.61 914444.44 32954.29 0.01 0.17 0.23 760 8
Result 1 19.0 769 0.45 0.15 0.16 0.17 0.19 0.15 0.18 -1 -1 -1 -1
Evo 80.93 -1666664.68 10000001.13 63836.06 1.62 7.22 15.61 787097.95 27638.75 0.01 0.22 0.27 798 10
Result 1 20.0 810 0.44 0.15 0.14 0.19 0.18 0.17 0.18 -1 -1 -1 -1
Evo 79.25 -857130.97 10000002.21 116340.75 3.61 10.61 15.61 992344.18 35669.07 0.01 0.23 0.29 760 36
Result 1 20.0 773 0.45 0.16 0.16 0.17 0.18 0.15 0.18 -1 -1 -1 -1
Evo 82.11 -4399989.87 10000002.89 66212.71 7.61 13.61 19.61 917497.20 27892.74 0.01 0.28 0.33 1069 29
Result 1 20.0 1081 0.43 0.15 0.16 0.17 0.19 0.16 0.17 -1 -1 -1 -1
Evo 79.81 0.55 10000004.77 101849.34 3.61 8.61 12.61 910622.83 32988.38 0.01 0.25 0.37 751 8
Result 1 19.0 761 0.43 0.17 0.17 0.18 0.19 0.13 0.16 -1 -1 -1 -1
Evo 80.52 -2551017.81 10000003.94 79634.85 3.61 8.61 15.61 978651.07 34996.49 0.01 0.16 0.22 772 36
Result 1 20.0 781 0.43 0.17 0.15 0.18 0.19 0.15 0.17 -1 -1 -1 -1
Evo 82.08 -987641.82 9999998.70 82431.13 6.61 12.61 17.61 814420.19 25241.97 0.01 0.18 0.24 955 14
Result 1 19.0 1040 0.45 0.15 0.15 0.18 0.18 0.16 0.18 -1 -1 -1 -1
Evo 78.58 -1333322.23 10000003.11 139344.94 1.61 5.67 13.61 1108871.29 40065.15 0.01 0.20 0.24 751 52
Result 1 20.0 765 0.43 0.16 0.16 0.16 0.19 0.15 0.17 -1 -1 -1 -1
Evo 82.65 -357124.16 9999999.74 65068.93 5.61 10.61 14.34 764481.42 25933.26 0.01 0.31 0.38 826 3
Result 1 20.0 868 0.42 0.15 0.16 0.17 0.19 0.17 0.16 -1 -1 -1 -1
Evo 78.07 -1428558.91 10000004.78 74418.48 1.61 7.33 11.61 844932.12 28795.21 0.01 0.24 0.32 850 24
Result 1 16.0 860 0.43 0.16 0.14 0.18 0.17 0.18 0.17 -1 -1 -1 -1
Evo 81.72 -399987.89 9999997.88 91621.80 3.62 10.61 12.62 849368.44 27384.74 0.01 0.29 0.40 947 2
Result 1 17.0 961 0.43 0.16 0.16 0.17 0.18 0.17 0.17 -1 -1 -1 -1
Evo 80.82 -1836727.98 10000004.81 87141.09 2.61 7.52 12.61 935092.50 31666.23 0.01 0.37 0.49 861 33
Result 1 19.0 871 0.45 0.15 0.14 0.18 0.17 0.18 0.18 -1 -1 -1 -1
Evo 78.11 -1044774.35 10000004.77 110439.22 2.61 7.93 14.61 1010297.03 36337.86 0.01 0.27 0.34 762 56
Result 1 20.0 772 0.43 0.16 0.15 0.18 0.17 0.17 0.17 -1 -1 -1 -1
Evo 79.22 -606055.40 10000001.80 89331.43 2.61 7.61 15.61 875764.62 31438.12 0.01 0.19 0.24 767 25
Result 1 20.0 775 0.46 0.16 0.13 0.17 0.18 0.15 0.20 -1 -1 -1 -1
Evo 80.15 -188677.86 10000004.24 144153.35 1.83 7.33 13.58 1135143.12 40033.41 0.01 0.18 0.23 790 4
Result 1 18.0 803 0.46 0.16 0.16 0.16 0.17 0.15 0.19 -1 -1 -1 -1
Evo 78.07 -1176457.22 10000003.04 117216.31 1.61 3.62 10.61 1062365.52 38510.72 0.01 0.16 0.22 751 15
Result 1 18.0 760 0.45 0.16 0.15 0.19 0.18 0.13 0.19 -1 -1 -1 -1
Evo 79.64 -1111106.98 10000003.63 117987.95 2.61 4.94 11.61 1062276.98 35369.95 0.01 0.22 0.31 890 33
Result 1 17.0 901 0.45 0.18 0.16 0.17 0.16 0.16 0.18 -1 -1 -1 -1
Evo 81.24 -217385.98 10000002.76 104253.11 5.33 9.61 14.61 979387.64 33474.78 0.01 0.26 0.35 845 17
Result 1 20.0 855 0.44 0.16 0.18 0.15 0.18 0.15 0.18 -1 -1 -1 -1
Evo 79.08 -1014481.43 10000005.13 61121.54 3.61 7.62 12.57 742034.41 24306.15 0.01 0.32 0.48 920 20
Result 1 18.0 931 0.43 0.16 0.16 0.17 0.18 0.16 0.17 -1 -1 -1 -1
Evo 81.59 0.53 10000004.03 88528.73 2.61 7.62 16.62 871740.04 29988.77 0.01 0.22 0.28 812 18
Result 1 19.0 844 0.45 0.15 0.18 0.17 0.17 0.14 0.18 -1 -1 -1 -1
Evo 81.35 -384605.25 10000004.54 78335.74 3.61 9.61 14.62 816834.15 29398.50 0.01 0.22 0.29 763 9
Result 1 20.0 771 0.41 0.17 0.16 0.18 0.17 0.16 0.15 -1 -1 -1 -1
Evo 81.29 -655722.41 9999999.92 127238.72 3.61 8.57 13.61 1028142.67 36649.33 0.01 0.24 0.31 772 55
Result 1 19.0 786 0.44 0.16 0.15 0.19 0.17 0.16 0.18 -1 -1 -1 -1
Evo 79.68 -2978721.51 10000002.97 40159.84 3.58 8.61 14.61 721139.28 22965.75 0.01 0.24 0.29 976 6
Result 1 18.0 985 0.44 0.18 0.17 0.16 0.17 0.16 0.17 -1 -1 -1 -1
Evo 80.29 -512804.32 9999999.10 109699.81 3.62 8.61 12.61 909512.78 31588.68 0.01 0.22 0.34 807 25
Result 1 19.0 828 0.46 0.16 0.16 0.15 0.17 0.16 0.20 -1 -1 -1 -1
Evo 78.53 -3124995.93 10000004.93 141925.58 2.61 6.61 15.61 1174529.58 42327.11 0.01 0.16 0.22 753 19
Result 1 20.0 769 0.43 0.16 0.15 0.17 0.20 0.16 0.17 -1 -1 -1 -1
Evo 79.71 -1648348.65 10000004.54 84351.27 2.61 5.61 8.61 956161.89 31269.84 0.01 0.28 0.37 925 10
Result 1 16.0 934 0.45 0.17 0.16 0.16 0.16 0.17 0.18 -1 -1 -1 -1
Evo 83.10 0.55 10000003.01 35001.09 4.61 15.61 18.61 553259.14 16237.25 0.01 0.31 0.38 1155 74
Result 1 20.0 1160 0.44 0.16 0.16 0.18 0.17 0.16 0.17 -1 -1 -1 -1
Evo 83.40 -652164.82 10000004.65 72788.01 7.57 13.61 17.61 781065.33 24650.20 0.01 0.30 0.39 835 40
Result 1 20.0 1003 0.45 0.15 0.15 0.16 0.19 0.17 0.18 -1 -1 -1 -1
Evo 78.24 -571427.00 10000003.45 54226.55 1.61 3.61 11.61 719668.52 24684.43 0.01 0.23 0.28 826 13
Result 1 16.0 849 0.47 0.15 0.15 0.16 0.18 0.16 0.20 -1 -1 -1 -1
Evo 81.09 0.46 10000003.10 117658.32 1.61 8.64 14.61 1024458.72 34359.24 0.01 0.32 0.41 877 3
Result 1 19.0 888 0.43 0.15 0.16 0.17 0.18 0.17 0.16 -1 -1 -1 -1
Evo 79.39 -588230.91 10000001.14 71033.91 3.62 9.61 12.61 824366.55 28159.82 0.01 0.33 0.41 850 29
Result 1 18.0 856 0.45 0.16 0.16 0.16 0.17 0.17 0.18 -1 -1 -1 -1
Evo 80.16 -1506839.29 10000004.92 137812.87 2.61 7.61 14.61 1148611.17 39868.88 0.01 0.17 0.22 812 5
Result 1 19.0 829 0.44 0.16 0.15 0.18 0.17 0.16 0.18 -1 -1 -1 -1
Evo 80.27 -2183896.97 10000002.53 121014.78 3.61 9.61 13.60 1054634.99 37078.99 0.01 0.23 0.33 794 12
Result 1 19.0 808 0.45 0.14 0.14 0.17 0.20 0.16 0.18 -1 -1 -1 -1
