Evo 88.96 -10000003.18 11.58 -49963.79 11.57 11.57 11.57 705338.48 15767.91 0.01 0.41 0.42 -1 1991
Result 0 11.0 2000 0.47 0.20 0.19 0.21 0.19 0.21 -1 -1 -1 -1 -1
Evo 84.64 0.61 9999997.13 123302.09 11.57 15.57 15.57 1068885.38 46517.27 0.02 0.44 0.55 521 -1
Result 1 25.0 527 0.46 0.20 0.21 0.21 0.19 0.20 -1 -1 -1 -1 -1
Evo 89.13 -10000003.71 11.58 -49963.62 11.57 11.57 11.57 705338.43 15767.91 0.01 0.41 0.42 -1 1991
Result 0 11.0 2000 0.45 0.19 0.20 0.20 0.21 0.20 -1 -1 -1 -1 -1
Evo 85.33 0.59 9999997.93 121797.88 15.57 15.57 15.57 997969.70 35506.17 0.01 0.48 0.54 775 -1
Result 1 29.0 789 0.46 0.20 0.20 0.20 0.19 0.20 -1 -1 -1 -1 -1
Evo 88.95 -10000002.32 11.58 -49963.90 11.57 11.57 11.57 705338.40 15767.90 0.01 0.41 0.42 -1 1991
Result 0 11.0 2000 0.47 0.20 0.19 0.21 0.20 0.19 -1 -1 -1 -1 -1
Evo 83.62 0.57 9999997.42 122808.76 11.57 15.57 15.57 978139.37 41898.89 0.02 0.42 0.54 518 -1
Result 1 35.0 544 0.46 0.20 0.19 0.20 0.21 0.20 -1 -1 -1 -1 -1
Evo 86.76 0.57 10000004.83 79222.65 15.57 15.57 15.57 787935.47 25470.34 0.01 0.46 0.57 946 -1
Result 1 29.0 956 0.46 0.20 0.21 0.20 0.22 0.17 -1 -1 -1 -1 -1
Evo 85.65 0.59 10000004.80 92129.85 11.57 11.58 15.57 868580.11 28062.55 0.01 0.50 0.57 939 -1
Result 1 35.0 957 0.47 0.20 0.22 0.19 0.19 0.19 -1 -1 -1 -1 -1
Evo 88.86 -10000004.07 11.58 -49963.64 11.57 11.57 11.57 705338.49 15767.91 0.01 0.41 0.42 -1 1991
Result 0 11.0 2000 0.45 0.19 0.20 0.21 0.20 0.21 -1 -1 -1 -1 -1
Evo 88.95 -10000004.34 11.58 -49963.58 11.57 11.57 11.57 705338.45 15767.91 0.01 0.41 0.42 -1 1991
Result 0 11.0 2000 0.46 0.20 0.21 0.21 0.19 0.19 -1 -1 -1 -1 -1
Evo 84.09 0.59 9999999.95 127263.56 11.57 11.57 15.57 1019788.23 44089.29 0.02 0.49 0.56 522 -1
Result 1 35.0 534 0.41 0.15 0.21 0.19 0.22 0.22 -1 -1 -1 -1 -1
Evo 89.23 -10000003.42 11.58 -49963.71 11.57 11.57 11.57 705338.44 15767.91 0.01 0.41 0.42 -1 1991
Result 0 11.0 2000 0.47 0.20 0.21 0.20 0.19 0.20 -1 -1 -1 -1 -1
Evo 88.56 -10000003.35 11.58 -49963.73 11.57 11.57 11.57 705338.41 15767.90 0.01 0.41 0.42 -1 1991
Result 0 11.0 2000 0.45 0.19 0.21 0.21 0.20 0.18 -1 -1 -1 -1 -1
Evo 82.17 0.57 10000000.80 261396.88 15.57 15.57 15.57 1406713.19 58310.14 0.02 0.54 0.57 552 -1
Result 1 39.0 581 0.43 0.16 0.20 0.21 0.23 0.20 -1 -1 -1 -1 -1
Evo 88.77 -10000003.35 11.58 -49963.65 11.57 11.57 11.57 705338.41 15767.90 0.01 0.41 0.42 -1 1991
Result 0 11.0 2000 0.46 0.20 0.21 0.20 0.20 0.20 -1 -1 -1 -1 -1
Evo 88.89 -10000002.74 11.58 -49963.68 11.57 11.57 11.57 705338.42 15767.91 0.01 0.41 0.42 -1 1991
Result 0 11.0 2000 0.46 0.20 0.20 0.18 0.21 0.21 -1 -1 -1 -1 -1
Evo 88.84 -10000003.87 11.58 -49963.81 11.57 11.57 11.57 705338.45 15767.91 0.01 0.41 0.42 -1 1991
Result 0 11.0 2000 0.47 0.20 0.21 0.20 0.20 0.19 -1 -1 -1 -1 -1
Evo 88.92 -10000003.38 11.58 -49963.66 11.57 11.57 11.57 705338.39 15767.90 0.01 0.41 0.42 -1 1991
Result 0 11.0 2000 0.47 0.20 0.18 0.21 0.20 0.20 -1 -1 -1 -1 -1
Evo 88.94 -10000004.41 11.58 -49963.65 11.57 11.57 11.57 705338.34 15767.90 0.01 0.41 0.42 -1 1991
Result 0 11.0 2000 0.45 0.19 0.20 0.19 0.21 0.22 -1 -1 -1 -1 -1
Evo 89.04 -10000004.16 11.58 -49963.69 11.57 11.57 11.57 705338.44 15767.91 0.01 0.41 0.42 -1 1991
Result 0 11.0 2000 0.48 0.21 0.20 0.20 0.19 0.19 -1 -1 -1 -1 -1
Evo 88.53 -10000003.92 30.58 -49947.35 30.57 30.57 30.57 705339.64 15767.93 0.01 0.27 0.27 -1 1991
Result 0 30.0 2000 0.46 0.20 0.19 0.20 0.20 0.20 -1 -1 -1 -1 -1
Evo 88.56 -10000002.91 30.58 -49945.42 30.57 30.57 30.57 705339.63 15767.93 0.01 0.26 0.27 -1 1991
Result 0 30.0 2000 0.46 0.19 0.20 0.22 0.19 0.20 -1 -1 -1 -1 -1
Evo 88.55 -10000002.71 30.58 -49945.24 30.57 30.57 30.57 705339.72 15767.93 0.01 0.27 0.27 -1 1991
Result 0 30.0 2000 0.46 0.19 0.19 0.20 0.20 0.21 -1 -1 -1 -1 -1
Evo 88.69 -10000002.23 30.58 -49945.06 30.57 30.57 30.57 705339.68 15767.93 0.01 0.27 0.27 -1 1991
Result 0 30.0 2000 0.46 0.19 0.20 0.19 0.22 0.20 -1 -1 -1 -1 -1
Evo 88.44 -10000004.21 30.58 -49945.13 30.57 30.57 30.57 705339.80 15767.94 0.01 0.27 0.27 -1 1991
Result 0 30.0 2000 0.45 0.19 0.20 0.20 0.21 0.19 -1 -1 -1 -1 -1
Evo 88.10 -10000001.07 30.58 -49948.66 30.57 30.57 30.57 705339.41 15767.93 0.01 0.27 0.27 -1 1991
Result 0 30.0 2000 0.46 0.19 0.21 0.21 0.18 0.20 -1 -1 -1 -1 -1
Evo 88.51 -10000003.96 30.58 -49944.94 30.57 30.57 30.57 705339.78 15767.94 0.01 0.27 0.27 -1 1991
Result 0 30.0 2000 0.47 0.21 0.20 0.20 0.20 0.18 -1 -1 -1 -1 -1
Evo 88.68 -10000002.90 30.58 -49945.11 30.57 30.57 30.57 705339.81 15767.94 0.01 0.27 0.27 -1 1991
Result 0 30.0 2000 0.45 0.18 0.20 0.22 0.20 0.20 -1 -1 -1 -1 -1
Evo 88.50 -10000003.12 30.58 -49945.23 30.57 30.57 30.57 705339.71 15767.93 0.01 0.27 0.27 -1 1991
Result 0 30.0 2000 0.47 0.21 0.19 0.20 0.20 0.20 -1 -1 -1 -1 -1
Evo 88.50 -10000003.92 30.58 -49945.42 30.57 30.57 30.57 705339.79 15767.94 0.01 0.27 0.27 -1 1991
Result 0 30.0 2000 0.46 0.20 0.20 0.21 0.20 0.19 -1 -1 -1 -1 -1
Evo 88.41 -10000002.84 30.58 -49944.99 30.57 30.57 30.57 705339.77 15767.94 0.01 0.27 0.27 -1 1991
Result 0 30.0 2000 0.47 0.21 0.19 0.21 0.18 0.20 -1 -1 -1 -1 -1
Evo 88.38 -10000001.32 30.58 -49945.34 30.57 30.57 30.57 705339.67 15767.93 0.01 0.27 0.27 -1 1991
Result 0 30.0 2000 0.45 0.19 0.20 0.22 0.20 0.19 -1 -1 -1 -1 -1
Evo 88.40 -10000002.88 30.58 -49945.07 30.57 30.57 30.57 705339.85 15767.94 0.01 0.27 0.27 -1 1991
Result 0 30.0 2000 0.47 0.21 0.19 0.20 0.18 0.21 -1 -1 -1 -1 -1
Evo 88.59 -10000003.27 30.58 -49946.08 30.57 30.57 30.57 705339.64 15767.93 0.01 0.27 0.27 -1 1991
Result 0 30.0 2000 0.47 0.20 0.20 0.20 0.19 0.20 -1 -1 -1 -1 -1
Evo 88.54 -10000001.86 30.58 -49945.56 30.57 30.57 30.57 705339.63 15767.93 0.01 0.27 0.27 -1 1991
Result 0 30.0 2000 0.45 0.18 0.20 0.20 0.22 0.21 -1 -1 -1 -1 -1
Evo 88.68 -10000003.61 30.58 -49946.15 30.57 30.57 30.57 705339.68 15767.93 0.01 0.27 0.27 -1 1991
Result 0 30.0 2000 0.45 0.18 0.20 0.20 0.21 0.21 -1 -1 -1 -1 -1
Evo 88.34 -10000000.94 30.58 -49944.98 30.57 30.57 30.57 705339.66 15767.93 0.01 0.26 0.27 -1 1991
Result 0 30.0 2000 0.47 0.20 0.19 0.20 0.18 0.22 -1 -1 -1 -1 -1
Evo 88.69 -10000004.03 30.58 -49945.18 30.57 30.57 30.57 705339.82 15767.94 0.01 0.27 0.27 -1 1991
Result 0 30.0 2000 0.47 0.21 0.20 0.19 0.21 0.20 -1 -1 -1 -1 -1
Evo 88.55 -10000002.90 30.58 -49945.14 30.57 30.57 30.57 705339.78 15767.94 0.01 0.27 0.27 -1 1991
Result 0 30.0 2000 0.47 0.21 0.21 0.17 0.20 0.20 -1 -1 -1 -1 -1
Evo 88.64 -10000004.11 30.58 -49945.93 30.57 30.57 30.57 705339.74 15767.93 0.01 0.27 0.27 -1 1991
Result 0 30.0 2000 0.46 0.20 0.20 0.19 0.20 0.21 -1 -1 -1 -1 -1
Evo 86.99 -10000003.45 52.58 -49924.22 52.57 52.57 52.57 705341.28 15767.97 0.01 0.38 0.38 -1 1991
Result 0 52.0 2000 0.46 0.20 0.19 0.20 0.21 0.20 -1 -1 -1 -1 -1
Evo 86.92 -10000004.00 52.58 -49923.97 52.57 52.57 52.57 705341.27 15767.97 0.01 0.38 0.38 -1 1991
Result 0 52.0 2000 0.46 0.20 0.19 0.21 0.20 0.21 -1 -1 -1 -1 -1
Evo 87.32 -10000003.87 52.58 -49924.12 52.57 52.57 52.57 705341.26 15767.97 0.01 0.35 0.38 -1 1991
Result 0 52.0 2000 0.47 0.21 0.22 0.19 0.19 0.19 -1 -1 -1 -1 -1
Evo 87.10 -10000001.84 52.58 -49924.03 52.57 52.57 52.57 705341.20 15767.97 0.01 0.35 0.38 -1 1991
Result 0 52.0 2000 0.46 0.19 0.21 0.21 0.19 0.20 -1 -1 -1 -1 -1
Evo 87.19 -10000003.94 52.58 -49924.86 52.57 52.57 52.57 705341.27 15767.97 0.01 0.38 0.38 -1 1991
Result 0 52.0 2000 0.47 0.20 0.19 0.21 0.20 0.20 -1 -1 -1 -1 -1
Evo 87.23 -10000001.47 52.58 -49924.31 52.57 52.57 52.57 705341.17 15767.97 0.01 0.38 0.38 -1 1991
Result 0 52.0 2000 0.46 0.19 0.19 0.21 0.20 0.21 -1 -1 -1 -1 -1
Evo 87.03 -10000003.34 52.58 -49923.68 52.57 52.57 52.57 705341.29 15767.97 0.01 0.38 0.38 -1 1991
Result 0 52.0 2000 0.46 0.19 0.20 0.21 0.19 0.20 -1 -1 -1 -1 -1
Evo 86.71 -10000003.96 52.58 -49924.95 52.57 52.57 52.57 705341.20 15767.97 0.01 0.38 0.38 -1 1991
Result 0 52.0 2000 0.46 0.19 0.22 0.20 0.19 0.19 -1 -1 -1 -1 -1
Evo 87.02 -10000003.66 56.58 -49923.02 52.57 52.57 56.57 705341.30 15767.97 0.01 0.38 0.38 -1 1991
Result 0 56.0 2000 0.47 0.21 0.19 0.20 0.20 0.21 -1 -1 -1 -1 -1
Evo 87.25 -10000000.85 52.58 -49923.63 52.57 52.57 52.57 705341.13 15767.97 0.01 0.38 0.38 -1 1991
Result 0 52.0 2000 0.46 0.19 0.20 0.20 0.20 0.20 -1 -1 -1 -1 -1
Evo 87.69 -10000004.32 52.58 -49924.90 52.57 52.57 52.57 705341.19 15767.97 0.01 0.37 0.38 -1 1991
Result 0 52.0 2000 0.46 0.20 0.19 0.21 0.20 0.20 -1 -1 -1 -1 -1
Evo 87.29 -10000003.84 52.58 -49923.65 52.57 52.57 52.57 705341.18 15767.97 0.01 0.38 0.38 -1 1991
Result 0 52.0 2000 0.46 0.20 0.20 0.20 0.21 0.20 -1 -1 -1 -1 -1
Evo 87.29 -10000004.25 52.58 -49923.50 52.57 52.57 52.57 705341.34 15767.97 0.01 0.37 0.38 -1 1991
Result 0 52.0 2000 0.47 0.21 0.21 0.20 0.20 0.18 -1 -1 -1 -1 -1
Evo 86.86 -10000002.59 52.58 -49927.47 52.57 52.57 52.57 705340.94 15767.96 0.01 0.36 0.38 -1 1991
Result 0 52.0 2000 0.45 0.18 0.20 0.20 0.22 0.19 -1 -1 -1 -1 -1
Evo 88.15 -10000003.69 29.58 -49945.95 29.57 29.57 29.57 705339.64 15767.93 0.01 0.27 0.29 -1 1991
Result 0 29.0 2000 0.47 0.21 0.19 0.21 0.20 0.20 -1 -1 -1 -1 -1
Evo 86.88 -10000003.60 56.58 -49923.80 52.57 52.57 52.57 705341.15 15767.97 0.01 0.37 0.38 -1 1991
Result 0 56.0 2000 0.46 0.19 0.21 0.20 0.20 0.20 -1 -1 -1 -1 -1
Evo 87.02 -10000004.31 52.58 -49924.13 52.57 52.57 52.57 705341.30 15767.97 0.01 0.38 0.38 -1 1991
Result 0 52.0 2000 0.45 0.19 0.19 0.22 0.19 0.21 -1 -1 -1 -1 -1
Evo 87.19 -10000003.43 52.58 -49926.21 52.57 52.57 52.57 705341.09 15767.96 0.01 0.38 0.38 -1 1991
Result 0 52.0 2000 0.46 0.19 0.19 0.21 0.20 0.20 -1 -1 -1 -1 -1
Evo 88.14 -10000003.37 29.58 -49945.96 29.57 29.57 29.57 705339.63 15767.93 0.01 0.29 0.29 -1 1991
Result 0 29.0 2000 0.47 0.20 0.20 0.20 0.21 0.20 -1 -1 -1 -1 -1
Evo 86.82 -10000003.49 56.58 -49921.47 52.57 56.57 56.57 705341.31 15767.97 0.01 0.38 0.38 -1 1991
Result 0 56.0 2000 0.46 0.19 0.20 0.20 0.20 0.21 -1 -1 -1 -1 -1
Evo 87.73 -10000003.14 36.58 -49939.20 36.57 36.57 36.57 705340.04 15767.94 0.01 0.52 0.56 -1 1991
Result 0 36.0 2000 0.47 0.21 0.20 0.19 0.20 0.20 -1 -1 -1 -1 -1
Evo 87.50 -10000003.07 36.58 -49940.14 36.57 36.57 36.57 705340.10 15767.94 0.01 0.54 0.56 -1 1991
Result 0 36.0 2000 0.45 0.18 0.21 0.20 0.19 0.22 -1 -1 -1 -1 -1
Evo 87.54 -10000002.94 36.58 -49939.97 36.57 36.57 36.57 705340.14 15767.94 0.01 0.51 0.56 -1 1991
Result 0 36.0 2000 0.47 0.20 0.20 0.21 0.20 0.19 -1 -1 -1 -1 -1
Evo 87.80 -10000004.34 36.58 -49939.14 36.57 36.57 36.57 705340.14 15767.94 0.01 0.44 0.56 -1 1991
Result 0 36.0 2000 0.47 0.20 0.20 0.20 0.19 0.21 -1 -1 -1 -1 -1
Evo 87.75 -10000004.10 36.58 -49939.98 35.57 35.57 35.58 705340.20 15767.94 0.01 0.55 0.56 -1 1991
Result 0 36.0 2000 0.47 0.20 0.20 0.21 0.20 0.19 -1 -1 -1 -1 -1
Evo 87.54 -10000004.33 36.58 -49939.55 36.57 36.57 36.57 705340.18 15767.94 0.01 0.54 0.56 -1 1991
Result 0 36.0 2000 0.47 0.21 0.19 0.21 0.19 0.21 -1 -1 -1 -1 -1
Evo 87.58 -10000002.69 36.58 -49939.59 36.57 36.57 36.57 705340.18 15767.94 0.01 0.49 0.56 -1 1991
Result 0 36.0 2000 0.45 0.19 0.20 0.20 0.21 0.21 -1 -1 -1 -1 -1
Evo 87.59 -10000002.65 36.58 -49939.21 36.57 36.57 36.57 705340.21 15767.95 0.01 0.42 0.56 -1 1991
Result 0 36.0 2000 0.46 0.19 0.20 0.21 0.21 0.20 -1 -1 -1 -1 -1
Evo 87.87 -10000003.26 36.58 -49939.67 36.57 36.57 36.57 705340.18 15767.94 0.01 0.52 0.56 -1 1991
Result 0 36.0 2000 0.46 0.19 0.21 0.20 0.19 0.20 -1 -1 -1 -1 -1
Evo 87.66 -10000004.49 36.58 -49940.04 36.57 36.57 36.57 705340.16 15767.94 0.01 0.53 0.56 -1 1991
Result 0 36.0 2000 0.46 0.20 0.19 0.21 0.20 0.21 -1 -1 -1 -1 -1
Evo 88.11 -10000004.08 36.58 -49939.07 36.57 36.57 36.57 705340.21 15767.95 0.01 0.52 0.56 -1 1991
Result 0 36.0 2000 0.46 0.20 0.20 0.21 0.19 0.20 -1 -1 -1 -1 -1
Evo 87.69 -10000004.31 36.58 -49939.18 36.57 36.57 36.57 705340.22 15767.95 0.01 0.52 0.56 -1 1991
Result 0 36.0 2000 0.46 0.20 0.19 0.22 0.20 0.20 -1 -1 -1 -1 -1
Evo 88.03 -10000002.29 36.58 -49939.72 36.57 36.57 36.57 705340.14 15767.94 0.01 0.46 0.56 -1 1991
Result 0 36.0 2000 0.47 0.20 0.20 0.20 0.21 0.19 -1 -1 -1 -1 -1
Evo 87.34 -10000003.97 36.58 -49944.77 17.57 36.57 36.57 705339.76 15767.94 0.01 0.54 0.56 -1 1991
Result 0 36.0 2000 0.47 0.20 0.20 0.20 0.20 0.19 -1 -1 -1 -1 -1
Evo 87.53 -10000004.03 36.58 -49939.47 36.57 36.57 36.57 705340.18 15767.94 0.01 0.53 0.56 -1 1991
Result 0 36.0 2000 0.46 0.19 0.21 0.21 0.20 0.20 -1 -1 -1 -1 -1
Evo 88.02 -10000002.75 36.58 -49939.24 36.57 36.57 36.57 705340.10 15767.94 0.01 0.46 0.56 -1 1991
Result 0 36.0 2000 0.47 0.21 0.20 0.19 0.19 0.20 -1 -1 -1 -1 -1
Evo 87.64 -10000003.06 36.58 -49942.79 36.57 36.57 36.57 705339.95 15767.94 0.01 0.53 0.56 -1 1991
Result 0 36.0 2000 0.46 0.20 0.20 0.19 0.20 0.21 -1 -1 -1 -1 -1
Evo 87.84 -10000003.60 36.58 -49939.20 36.57 36.57 36.57 705340.29 15767.95 0.01 0.53 0.56 -1 1991
Result 0 36.0 2000 0.46 0.20 0.21 0.20 0.19 0.20 -1 -1 -1 -1 -1
Evo 87.81 -10000002.08 36.58 -49939.14 36.57 36.57 36.57 705340.11 15767.94 0.01 0.55 0.56 -1 1991
Result 0 36.0 2000 0.47 0.21 0.19 0.20 0.19 0.21 -1 -1 -1 -1 -1
Evo 87.64 -10000002.98 36.58 -49940.78 36.57 36.57 36.57 705340.05 15767.94 0.01 0.51 0.56 -1 1991
Result 0 36.0 2000 0.46 0.19 0.21 0.19 0.20 0.21 -1 -1 -1 -1 -1
Evo 89.45 -10000003.02 0.58 -49974.44 0.57 0.57 0.57 705337.69 15767.89 0.01 0.13 0.15 -1 1991
Result 0 0.0 2000 0.46 0.20 0.21 0.21 0.20 0.19 -1 -1 -1 -1 -1
Evo 89.19 -10000003.68 9.58 -49965.65 9.57 9.57 9.57 705338.25 15767.90 0.01 0.23 0.24 -1 1991
Result 0 9.0 2000 0.48 0.21 0.20 0.18 0.21 0.20 -1 -1 -1 -1 -1
Evo 89.40 -10000003.39 0.58 -49974.44 0.57 0.57 0.57 705337.66 15767.89 0.01 0.13 0.15 -1 1991
Result 0 0.0 2000 0.46 0.20 0.20 0.20 0.20 0.21 -1 -1 -1 -1 -1
Evo 89.02 -10000003.40 9.58 -49965.82 9.57 9.57 9.57 705338.29 15767.90 0.01 0.23 0.24 -1 1991
Result 0 9.0 2000 0.47 0.21 0.19 0.19 0.22 0.19 -1 -1 -1 -1 -1
Evo 89.04 -10000003.66 9.58 -49965.67 9.57 9.57 9.57 705338.34 15767.90 0.01 0.23 0.26 -1 1991
Result 0 9.0 2000 0.45 0.19 0.20 0.22 0.20 0.20 -1 -1 -1 -1 -1
Evo 88.86 -10000004.65 9.58 -49965.57 9.57 9.57 9.57 705338.27 15767.90 0.01 0.25 0.28 -1 1991
Result 0 9.0 2000 0.46 0.19 0.20 0.19 0.21 0.20 -1 -1 -1 -1 -1
Evo 88.99 -10000003.41 9.58 -49966.24 9.57 9.57 9.57 705338.25 15767.90 0.01 0.23 0.24 -1 1991
Result 0 9.0 2000 0.48 0.21 0.20 0.19 0.20 0.20 -1 -1 -1 -1 -1
Evo 88.94 -10000003.67 9.58 -49966.14 9.57 9.57 9.57 705338.28 15767.90 0.01 0.23 0.24 -1 1991
Result 0 9.0 2000 0.47 0.20 0.20 0.19 0.21 0.19 -1 -1 -1 -1 -1
Evo 89.02 -10000001.64 9.58 -49965.86 9.57 9.57 9.57 705338.29 15767.90 0.01 0.23 0.28 -1 1991
Result 0 9.0 2000 0.46 0.20 0.20 0.19 0.20 0.21 -1 -1 -1 -1 -1
Evo 89.34 -10000003.96 4.58 -49970.64 4.57 4.57 4.57 705337.87 15767.89 0.01 0.14 0.15 -1 1991
Result 0 4.0 2000 0.47 0.21 0.21 0.17 0.20 0.21 -1 -1 -1 -1 -1
Evo 89.18 -10000002.93 9.58 -49965.75 9.57 9.57 9.57 705338.27 15767.90 0.01 0.24 0.26 -1 1991
Result 0 9.0 2000 0.47 0.20 0.20 0.20 0.20 0.20 -1 -1 -1 -1 -1
Evo 89.15 -10000003.37 9.58 -49965.95 9.57 9.57 9.57 705338.34 15767.90 0.01 0.23 0.25 -1 1991
Result 0 9.0 2000 0.47 0.20 0.20 0.21 0.19 0.19 -1 -1 -1 -1 -1
Evo 88.96 -10000003.26 9.58 -49965.64 9.57 9.57 9.57 705338.31 15767.90 0.01 0.25 0.28 -1 1991
Result 0 9.0 2000 0.46 0.19 0.20 0.20 0.20 0.20 -1 -1 -1 -1 -1
Evo 89.18 -10000004.44 9.58 -49965.60 9.57 9.57 9.57 705338.33 15767.90 0.01 0.26 0.28 -1 1991
Result 0 9.0 2000 0.47 0.21 0.20 0.20 0.19 0.20 -1 -1 -1 -1 -1
Evo 89.12 -10000003.54 9.58 -49965.60 9.57 9.57 9.57 705338.27 15767.90 0.01 0.23 0.28 -1 1991
Result 0 9.0 2000 0.47 0.21 0.20 0.20 0.20 0.20 -1 -1 -1 -1 -1
Evo 89.33 -10000004.48 0.58 -49974.44 0.57 0.57 0.57 705337.69 15767.89 0.01 0.13 0.14 -1 1991
Result 0 0.0 2000 0.45 0.19 0.20 0.21 0.20 0.20 -1 -1 -1 -1 -1
Evo 89.54 -10000004.11 0.58 -49974.44 0.57 0.57 0.57 705337.76 15767.89 0.01 0.13 0.14 -1 1991
Result 0 0.0 2000 0.47 0.20 0.20 0.22 0.19 0.19 -1 -1 -1 -1 -1
Evo 89.58 -10000002.30 0.58 -49974.44 0.57 0.57 0.57 705337.66 15767.89 0.01 0.13 0.14 -1 1991
Result 0 0.0 2000 0.47 0.21 0.20 0.21 0.19 0.19 -1 -1 -1 -1 -1
Evo 88.92 -10000004.02 9.58 -49966.58 9.57 9.57 9.57 705338.16 15767.90 0.01 0.23 0.25 -1 1991
Result 0 9.0 2000 0.47 0.21 0.19 0.21 0.20 0.19 -1 -1 -1 -1 -1
Evo 89.59 -10000003.48 0.58 -49974.43 0.57 0.57 0.57 705337.53 15767.89 0.01 0.13 0.14 -1 1991
Result 0 0.0 2000 0.47 0.20 0.21 0.20 0.18 0.20 -1 -1 -1 -1 -1
