Evo 77.50 0.68 9999996.99 121949.73 8.57 8.57 29.06 978725.63 42755.83 0.02 0.27 0.61 514 -1
Result 1 44.0 523 0.48 0.21 0.21 0.22 0.20 0.17 -1 -1 -1 -1 -1
Evo 71.33 0.66 10000000.48 219106.70 8.57 8.57 18.57 1354517.85 75838.44 0.03 0.28 0.51 309 -1
Result 1 34.0 318 0.52 0.17 0.18 0.28 0.18 0.19 -1 -1 -1 -1 -1
Evo 71.59 -909082.44 10000001.43 83623.37 8.57 8.57 53.91 822890.39 38451.14 0.02 0.35 0.65 450 280
Result 1 66.0 457 0.50 0.18 0.21 0.26 0.19 0.17 -1 -1 -1 -1 -1
Evo 70.46 0.74 9999997.30 132252.83 8.57 8.57 8.58 850794.49 53071.10 0.03 0.20 0.47 244 -1
Result 1 34.0 256 0.52 0.20 0.14 0.29 0.18 0.20 -1 -1 -1 -1 -1
Evo 54.80 0.61 10000001.66 650427.08 8.10 8.57 8.75 2216743.98 293614.91 0.10 0.10 0.28 51 -1
Result 1 14.0 56 0.53 0.12 0.07 0.37 0.14 0.30 -1 -1 -1 -1 -1
Evo 78.37 -5677950.80 30.68 -124588.15 8.57 8.57 30.57 642121.82 26525.81 0.02 0.28 0.47 -1 497
Result 0 30.0 585 0.48 0.18 0.21 0.22 0.20 0.18 -1 -1 -1 -1 -1
Evo 65.42 0.61 9999998.06 309713.26 17.43 18.57 18.58 1357365.76 74271.75 0.03 0.31 0.55 314 -1
Result 1 36.0 333 0.47 0.18 0.20 0.21 0.19 0.22 -1 -1 -1 -1 -1
Evo 75.01 0.65 9999999.09 169938.80 8.57 11.68 16.57 1165990.20 65905.66 0.03 0.32 0.62 301 -1
Result 1 28.0 312 0.49 0.19 0.19 0.23 0.20 0.18 -1 -1 -1 -1 -1
Evo 73.94 0.59 10000002.64 276237.35 8.57 8.58 24.57 1485436.60 82524.26 0.03 0.28 0.47 309 -1
Result 1 38.0 323 0.46 0.19 0.22 0.19 0.18 0.22 -1 -1 -1 -1 -1
Evo 64.56 0.63 9999997.36 196315.24 8.57 8.57 12.69 1011571.58 78990.47 0.04 0.20 0.44 150 -1
Result 1 22.0 163 0.51 0.16 0.13 0.28 0.21 0.21 -1 -1 -1 -1 -1
Evo 63.08 0.63 9999998.68 530917.66 8.57 8.57 8.71 1844661.91 126991.76 0.04 0.21 0.50 183 -1
Result 1 36.0 210 0.51 0.19 0.15 0.27 0.19 0.20 -1 -1 -1 -1 -1
Evo 66.97 0.61 9934536.96 297898.64 8.57 8.57 26.34 1389921.36 75379.07 0.02 0.33 0.60 315 -1
Result 1 44.0 339 0.51 0.16 0.19 0.26 0.17 0.21 -1 -1 -1 -1 -1
Evo 77.84 0.61 10000002.87 163925.02 4.57 20.58 22.57 879771.19 39149.30 0.02 0.44 0.64 480 -1
Result 1 30.0 504 0.48 0.17 0.20 0.22 0.19 0.21 -1 -1 -1 -1 -1
Evo 64.37 0.61 9999999.18 264720.42 8.57 8.58 12.58 1440655.48 94583.67 0.03 0.24 0.47 218 -1
Result 1 28.0 231 0.51 0.18 0.20 0.26 0.17 0.19 -1 -1 -1 -1 -1
Evo 79.33 0.61 10000003.63 258812.90 4.57 6.57 25.46 1394679.52 50892.58 0.01 0.48 0.66 720 -1
Result 1 32.0 750 0.47 0.19 0.20 0.21 0.19 0.22 -1 -1 -1 -1 -1
Evo 71.65 0.63 9999997.16 177124.83 8.57 11.47 22.57 1182886.73 61165.62 0.02 0.30 0.62 356 -1
Result 1 58.0 373 0.48 0.20 0.18 0.21 0.17 0.23 -1 -1 -1 -1 -1
Evo 66.70 0.64 9919519.78 362233.03 8.57 17.41 18.57 1525405.76 100801.65 0.03 0.29 0.63 210 -1
Result 1 30.0 228 0.51 0.17 0.14 0.28 0.18 0.22 -1 -1 -1 -1 -1
Evo 61.67 0.61 9999996.40 104174.60 8.57 16.61 34.58 822501.12 48215.87 0.03 0.34 0.66 280 -1
Result 1 70.0 290 0.48 0.15 0.20 0.22 0.20 0.22 -1 -1 -1 -1 -1
Evo 66.34 0.72 10000002.35 335123.22 8.57 8.57 16.57 1553257.13 100894.89 0.03 0.23 0.50 224 -1
Result 1 28.0 236 0.48 0.18 0.18 0.22 0.21 0.21 -1 -1 -1 -1 -1
Evo 72.45 1.08 9936712.19 116368.28 8.58 16.58 20.57 855145.57 45906.62 0.02 0.31 0.60 335 -1
Result 1 56.0 346 0.48 0.16 0.21 0.22 0.18 0.23 -1 -1 -1 -1 -1
Evo 32.79 1.68 9999997.28 391735.81 13.45 14.73 22.00 1530604.06 157036.66 0.07 0.19 0.60 79 -1
Result 1 30.0 94 0.43 0.19 0.20 0.17 0.14 0.31 -1 -1 -1 -1 -1
Evo 74.74 3.50 10000003.18 297003.73 26.57 26.57 26.58 1338373.35 54914.12 0.02 0.44 0.69 516 -1
Result 1 30.0 593 0.47 0.18 0.21 0.21 0.20 0.20 -1 -1 -1 -1 -1
Evo 61.66 2.86 10000002.61 273918.71 16.57 16.58 22.58 1411430.89 101861.25 0.04 0.24 0.59 176 -1
Result 1 32.0 191 0.48 0.17 0.16 0.21 0.20 0.27 -1 -1 -1 -1 -1
Evo 59.23 1.60 10000004.89 299120.85 16.57 16.57 20.59 1426709.44 103233.07 0.04 0.26 0.61 158 -1
Result 1 30.0 190 0.44 0.20 0.17 0.17 0.21 0.25 -1 -1 -1 -1 -1
Evo 72.38 1.28 10000004.45 114946.66 22.57 22.57 26.69 789360.98 41260.56 0.02 0.34 0.64 296 -1
Result 1 32.0 365 0.47 0.18 0.22 0.21 0.18 0.22 -1 -1 -1 -1 -1
Evo 61.57 3.35 10000000.99 177381.94 18.57 18.57 18.58 1072490.03 87861.81 0.05 0.24 0.56 142 -1
Result 1 32.0 148 0.47 0.16 0.21 0.21 0.19 0.23 -1 -1 -1 -1 -1
Evo 55.78 3.01 9999999.72 435837.16 18.57 18.57 20.39 1663303.33 134470.10 0.05 0.23 0.61 128 -1
Result 1 32.0 152 0.45 0.17 0.18 0.18 0.18 0.29 -1 -1 -1 -1 -1
Evo 47.40 2.83 9939577.78 313824.79 14.83 18.58 25.50 1391830.12 126010.38 0.06 0.22 0.55 104 -1
Result 1 30.0 121 0.45 0.13 0.20 0.18 0.23 0.26 -1 -1 -1 -1 -1
Evo 55.20 3.24 10000000.29 275818.40 18.83 22.57 22.58 1433236.50 115120.33 0.05 0.24 0.67 143 -1
Result 1 32.0 154 0.49 0.15 0.22 0.24 0.21 0.18 -1 -1 -1 -1 -1
Evo 25.34 3.29 10000004.65 612877.98 12.86 17.82 21.83 2070507.98 220716.89 0.07 0.19 0.54 76 -1
Result 1 32.0 87 0.38 0.10 0.27 0.13 0.22 0.28 -1 -1 -1 -1 -1
Evo 70.77 1.42 9999998.30 242465.32 22.57 22.58 32.57 1235772.57 73983.77 0.03 0.33 0.68 243 -1
Result 1 34.0 278 0.49 0.18 0.20 0.23 0.19 0.21 -1 -1 -1 -1 -1
Evo 75.90 3.30 10000003.53 110014.80 28.57 32.57 32.57 811543.35 34448.10 0.02 0.47 0.69 259 -1
Result 1 36.0 554 0.48 0.18 0.21 0.22 0.19 0.20 -1 -1 -1 -1 -1
Evo 43.01 2.77 9162013.60 768047.70 16.33 18.57 21.78 2275068.38 232198.19 0.07 0.19 0.57 84 -1
Result 1 30.0 95 0.41 0.10 0.24 0.15 0.22 0.29 -1 -1 -1 -1 -1
Evo 46.33 1.43 9999998.06 855274.17 19.38 28.57 28.61 2136060.01 149188.90 0.04 0.28 0.63 167 -1
Result 1 34.0 204 0.44 0.20 0.20 0.18 0.20 0.22 -1 -1 -1 -1 -1
Evo 53.62 3.30 9999996.71 316726.49 18.57 18.57 24.44 1215857.55 95233.31 0.05 0.21 0.60 141 -1
Result 1 32.0 162 0.41 0.18 0.21 0.15 0.21 0.25 -1 -1 -1 -1 -1
Evo 61.98 1.67 9934423.22 402572.88 18.61 20.57 20.58 1578798.13 99062.61 0.03 0.29 0.67 228 -1
Result 1 34.0 253 0.50 0.15 0.19 0.25 0.16 0.25 -1 -1 -1 -1 -1
Evo 33.15 2.70 9999999.63 807977.49 11.48 20.43 487831.83 1828036.60 167575.84 0.06 0.20 0.60 78 -1
Result 1 30.0 118 0.41 0.18 0.24 0.15 0.19 0.24 -1 -1 -1 -1 -1
Evo 68.18 1.41 9937884.16 311788.21 20.57 20.57 20.58 1415061.84 81972.33 0.03 0.28 0.67 281 -1
Result 1 32.0 297 0.44 0.22 0.22 0.17 0.17 0.22 -1 -1 -1 -1 -1
Evo 62.32 1.60 9937399.68 250320.35 22.57 22.57 22.58 1282499.58 89573.66 0.04 0.28 0.60 192 -1
Result 1 32.0 204 0.47 0.17 0.20 0.21 0.22 0.20 -1 -1 -1 -1 -1
Evo 55.54 1.44 9937792.35 480592.28 16.57 16.57 19.80 1731529.06 144797.73 0.05 0.22 0.65 128 -1
Result 1 30.0 142 0.43 0.12 0.21 0.17 0.22 0.28 -1 -1 -1 -1 -1
Evo 68.21 0.57 9999995.47 154434.94 46.57 46.57 46.58 952769.27 51147.33 0.02 0.36 0.65 335 -1
Result 1 52.0 346 0.50 0.15 0.20 0.25 0.18 0.22 -1 -1 -1 -1 -1
Evo 51.72 0.57 9999997.03 393358.54 0.58 11.84 38.57 1631368.99 120594.27 0.04 0.29 0.64 168 -1
Result 1 48.0 182 0.48 0.17 0.21 0.22 0.21 0.19 -1 -1 -1 -1 -1
Evo 25.35 0.58 9937306.86 555991.84 12.88 30.81 42.69 2076052.98 232109.78 0.08 0.19 0.60 71 -1
Result 1 54.0 79 0.52 0.08 0.19 0.31 0.19 0.24 -1 -1 -1 -1 -1
Evo 25.06 0.57 10000000.41 584855.96 11.64 30.06 45.69 1938554.05 192893.34 0.07 0.20 0.57 86 -1
Result 1 54.0 100 0.52 0.13 0.14 0.31 0.20 0.23 -1 -1 -1 -1 -1
Evo 50.52 0.57 9397267.75 350223.10 5.75 17.24 47.36 1653589.43 127577.19 0.04 0.30 0.67 157 -1
Result 1 52.0 167 0.50 0.13 0.20 0.26 0.20 0.22 -1 -1 -1 -1 -1
Evo 72.61 0.57 10000001.84 163000.18 42.57 42.57 42.57 1016107.62 46044.23 0.02 0.40 0.67 463 -1
Result 1 52.0 486 0.48 0.18 0.21 0.22 0.19 0.20 -1 -1 -1 -1 -1
Evo 68.81 0.57 9999995.39 163651.92 36.90 42.57 42.57 1080259.83 56389.10 0.02 0.37 0.70 356 94
Result 1 56.0 366 0.50 0.15 0.17 0.25 0.21 0.23 -1 -1 -1 -1 -1
Evo 26.69 0.57 10000000.09 499707.02 15.02 25.74 42.61 1762650.96 175390.33 0.07 0.20 0.60 86 -1
Result 1 52.0 100 0.52 0.13 0.20 0.29 0.21 0.18 -1 -1 -1 -1 -1
Evo 25.13 0.57 9925097.52 400652.17 10.61 22.32 44.46 1552141.02 170369.61 0.08 0.19 0.58 63 -1
Result 1 54.0 82 0.53 0.14 0.22 0.35 0.19 0.10 -1 -1 -1 -1 -1
Evo 42.88 0.57 9999999.71 545649.08 3.78 28.69 42.61 1754597.15 168059.93 0.06 0.23 0.63 94 -1
Result 1 52.0 108 0.51 0.11 0.17 0.27 0.22 0.23 -1 -1 -1 -1 -1
Evo 68.95 0.57 9935167.55 62681.83 40.57 49.81 52.57 695364.58 33611.72 0.02 0.38 0.64 309 -1
Result 1 54.0 427 0.46 0.22 0.18 0.20 0.21 0.19 -1 -1 -1 -1 -1
Evo 26.69 0.57 9934102.96 384050.50 11.50 32.42 40.18 1617233.55 160129.98 0.07 0.22 0.61 89 -1
Result 1 52.0 101 0.51 0.15 0.17 0.26 0.23 0.20 -1 -1 -1 -1 -1
Evo 72.74 0.57 10000002.99 114506.13 42.57 42.57 42.57 903146.49 50020.66 0.03 0.34 0.69 317 -1
Result 1 50.0 325 0.51 0.17 0.19 0.27 0.17 0.20 -1 -1 -1 -1 -1
Evo 62.58 0.57 9722223.80 192086.26 2.59 40.57 50.57 1109348.34 71311.61 0.03 0.35 0.69 159 -1
Result 1 52.0 241 0.49 0.20 0.18 0.23 0.19 0.20 -1 -1 -1 -1 -1
Evo 53.93 0.57 9933989.46 444640.92 27.05 36.57 36.57 1732735.99 127738.99 0.04 0.26 0.56 170 -1
Result 1 38.0 183 0.50 0.16 0.17 0.24 0.22 0.20 -1 -1 -1 -1 -1
Evo 56.84 0.57 10000004.02 209422.52 28.08 46.57 46.57 1178139.45 83516.09 0.04 0.28 0.61 187 -1
Result 1 48.0 198 0.49 0.15 0.21 0.24 0.21 0.20 -1 -1 -1 -1 -1
Evo 47.26 0.57 10000000.27 670741.26 1.61 34.57 42.68 1961646.38 155081.76 0.05 0.28 0.66 137 -1
Result 1 48.0 159 0.52 0.14 0.19 0.29 0.16 0.22 -1 -1 -1 -1 -1
Evo 71.21 -5851827.96 120533.14 -145039.79 25.70 52.57 52.57 745953.79 37066.74 0.02 0.36 0.62 125 371
Result 0 52.0 404 0.49 0.16 0.24 0.23 0.19 0.18 -1 -1 -1 -1 -1
Evo 22.77 0.57 10000002.04 1010336.31 10.70 36.26 43.65 2351894.12 246545.49 0.07 0.23 0.63 67 -1
Result 1 48.0 90 0.51 0.10 0.19 0.26 0.22 0.23 -1 -1 -1 -1 -1
Evo 40.66 0.57 9999999.72 329744.79 4.83 26.63 44.78 1376079.02 125618.25 0.06 0.27 0.65 104 -1
Result 1 52.0 119 0.52 0.14 0.20 0.28 0.19 0.18 -1 -1 -1 -1 -1
Evo 27.27 0.57 9999995.68 691072.51 1.29 4.99 13.13 1984753.37 262887.01 0.10 0.15 0.57 44 -1
Result 1 20.0 56 0.27 0.09 0.28 0.07 0.18 0.39 -1 -1 -1 -1 -1
Evo 29.26 0.57 9953848.74 543059.80 5.63 12.18 16.59 1917466.39 243518.48 0.10 0.16 0.52 50 -1
Result 1 22.0 61 0.46 0.03 0.24 0.19 0.15 0.39 -1 -1 -1 -1 -1
Evo 28.78 0.61 9999997.88 581078.13 3.19 11.48 17.96 2087787.72 304535.14 0.12 0.13 0.51 40 -1
Result 1 20.0 46 0.34 0.09 0.23 0.11 0.13 0.45 -1 -1 -1 -1 -1
Evo 50.25 0.57 9999998.63 325204.37 7.76 16.57 16.57 1227425.79 124626.21 0.07 0.19 0.55 86 -1
Result 1 20.0 96 0.39 0.12 0.24 0.13 0.19 0.32 -1 -1 -1 -1 -1
Evo 67.26 0.61 9999995.84 119314.09 6.57 6.57 6.59 882759.81 74341.79 0.05 0.19 0.52 134 -1
Result 1 20.0 140 0.46 0.18 0.22 0.19 0.13 0.28 -1 -1 -1 -1 -1
Evo 62.15 0.64 10000002.43 372837.70 6.57 6.57 6.63 1524313.17 134208.29 0.05 0.20 0.56 115 -1
Result 1 20.0 128 0.47 0.16 0.15 0.20 0.19 0.30 -1 -1 -1 -1 -1
Evo 27.45 0.57 10000002.10 839829.37 2.56 10.11 235308.89 2050227.34 225041.69 0.08 0.18 0.58 56 -1
Result 1 20.0 82 0.39 0.12 0.25 0.13 0.17 0.33 -1 -1 -1 -1 -1
Evo 33.84 0.68 10000000.75 579107.43 6.57 7.07 14.94 2014144.45 262219.27 0.10 0.16 0.56 45 -1
Result 1 20.0 58 0.26 0.07 0.29 0.07 0.20 0.37 -1 -1 -1 -1 -1
Evo 26.35 0.59 10000000.98 1354057.57 6.61 13.81 1097577.16 2523256.82 323069.93 0.10 0.14 0.51 35 -1
Result 1 20.0 60 0.38 0.13 0.25 0.13 0.15 0.34 -1 -1 -1 -1 -1
Evo 24.33 0.59 10000003.79 1486985.62 5.05 12.03 1666681.08 2775301.23 316274.93 0.08 0.17 0.59 48 -1
Result 1 20.0 76 0.34 0.12 0.25 0.10 0.17 0.36 -1 -1 -1 -1 -1
Evo 52.47 0.61 10000001.60 1103683.26 15.47 18.57 18.63 2542213.14 194978.85 0.04 0.23 0.60 136 -1
Result 1 22.0 169 0.48 0.15 0.23 0.22 0.19 0.21 -1 -1 -1 -1 -1
Evo 25.12 0.63 9999997.72 1483106.47 5.60 10.68 250014.52 3055375.11 419688.05 0.11 0.14 0.49 35 -1
Result 1 20.0 52 0.18 0.11 0.26 0.04 0.19 0.40 -1 -1 -1 -1 -1
Evo 74.20 0.61 9999999.96 193314.25 16.57 16.58 18.57 1131445.89 62761.33 0.03 0.35 0.60 312 -1
Result 1 24.0 324 0.46 0.18 0.20 0.20 0.19 0.23 -1 -1 -1 -1 -1
Evo 47.40 0.57 10000003.58 654749.36 6.57 13.61 14.58 2181527.26 232551.59 0.07 0.17 0.61 76 -1
Result 1 20.0 87 0.29 0.14 0.24 0.08 0.25 0.30 -1 -1 -1 -1 -1
Evo 50.49 0.59 9999996.36 414110.71 11.06 18.57 21.55 1522704.35 130570.82 0.05 0.24 0.66 104 -1
Result 1 24.0 135 0.47 0.19 0.21 0.21 0.20 0.20 -1 -1 -1 -1 -1
Evo 36.47 0.57 10000005.00 882972.67 5.05 6.61 13.67 2343938.65 290729.81 0.09 0.15 0.52 48 -1
Result 1 20.0 64 0.20 0.11 0.26 0.05 0.25 0.34 -1 -1 -1 -1 -1
Evo 37.17 0.59 9791662.66 766674.93 5.02 15.10 361462.30 1788205.88 205121.28 0.08 0.14 0.49 38 -1
Result 1 20.0 75 0.32 0.12 0.26 0.09 0.21 0.32 -1 -1 -1 -1 -1
Evo 33.90 0.57 9999999.40 715030.35 5.97 6.99 15.22 1983546.91 235403.71 0.09 0.17 0.57 54 -1
Result 1 22.0 70 0.38 0.14 0.20 0.13 0.11 0.42 -1 -1 -1 -1 -1
Evo 50.47 0.59 10000001.26 616066.70 11.81 18.61 20.58 2078208.27 197254.80 0.06 0.21 0.61 58 -1
Result 1 24.0 110 0.50 0.12 0.22 0.25 0.16 0.25 -1 -1 -1 -1 -1
Evo 57.95 0.61 8722467.73 216638.28 9.45 18.57 18.57 1097270.60 89591.77 0.05 0.21 0.55 85 -1
Result 1 20.0 149 0.44 0.16 0.21 0.17 0.16 0.30 -1 -1 -1 -1 -1
Evo 66.21 0.57 9822785.80 467131.21 0.57 0.57 7.37 1807790.04 207367.74 0.08 0.11 0.34 70 -1
Result 1 14.0 75 0.51 0.13 0.16 0.28 0.24 0.20 -1 -1 -1 -1 -1
Evo 61.73 0.57 9999995.58 1098110.10 0.57 0.59 10.57 2756923.67 310178.15 0.08 0.12 0.36 65 -1
Result 1 14.0 78 0.49 0.22 0.23 0.23 0.19 0.14 -1 -1 -1 -1 -1
Evo 82.32 0.57 9999997.43 164291.99 0.57 0.57 0.58 1137283.55 53612.06 0.02 0.25 0.46 434 -1
Result 1 14.0 449 0.49 0.16 0.17 0.23 0.23 0.20 -1 -1 -1 -1 -1
Evo 81.87 0.57 9816935.89 134742.44 0.57 0.57 0.58 959959.00 57164.73 0.03 0.20 0.39 257 -1
Result 1 14.0 281 0.49 0.19 0.17 0.23 0.22 0.19 -1 -1 -1 -1 -1
Evo 44.07 0.57 10000001.59 1233234.18 0.58 4.52 10.35 2901456.66 423220.95 0.12 0.09 0.34 36 -1
Result 1 14.0 46 0.53 0.21 0.11 0.32 0.21 0.15 -1 -1 -1 -1 -1
Evo 48.64 0.57 10000004.08 1270494.02 0.61 7.08 9.66 2984688.39 309497.77 0.07 0.15 0.38 65 -1
Result 1 14.0 92 0.50 0.18 0.16 0.25 0.25 0.16 -1 -1 -1 -1 -1
Evo 65.87 0.57 10000000.61 461860.74 0.57 0.57 2.51 1816271.68 170860.47 0.06 0.12 0.34 95 -1
Result 1 14.0 112 0.49 0.12 0.18 0.23 0.29 0.18 -1 -1 -1 -1 -1
Evo 87.03 0.57 10000000.22 61509.06 0.57 0.57 0.57 686372.70 23150.78 0.01 0.20 0.40 869 -1
Result 1 14.0 878 0.48 0.20 0.20 0.22 0.21 0.17 -1 -1 -1 -1 -1
Evo 39.57 0.57 9937597.24 1627776.33 0.58 6.84 232567.40 3050084.57 494789.05 0.14 0.08 0.32 21 -1
Result 1 14.0 37 0.52 0.16 0.13 0.29 0.32 0.11 -1 -1 -1 -1 -1
Evo 87.42 0.57 10000000.47 21142.91 0.57 0.57 0.57 346162.21 8619.11 0.01 0.21 0.43 1603 -1
Result 1 14.0 1612 0.49 0.19 0.19 0.23 0.20 0.19 -1 -1 -1 -1 -1
Evo 68.55 0.57 9999997.24 672701.73 0.57 0.58 7.75 2293899.49 248808.33 0.08 0.11 0.33 77 -1
Result 1 14.0 84 0.50 0.14 0.18 0.25 0.28 0.15 -1 -1 -1 -1 -1
Evo 63.64 0.57 10000002.62 517924.19 0.57 0.57 4.52 1913290.95 181601.54 0.06 0.14 0.37 98 -1
Result 1 14.0 110 0.50 0.19 0.15 0.25 0.23 0.18 -1 -1 -1 -1 -1
Evo 78.71 0.57 10000001.71 353239.42 0.57 0.57 0.58 1550659.85 105265.65 0.04 0.18 0.40 189 -1
Result 1 14.0 216 0.50 0.17 0.19 0.25 0.18 0.22 -1 -1 -1 -1 -1
Evo 45.60 0.57 9953420.12 996705.71 0.58 5.51 8.70 2518845.87 310048.49 0.09 0.10 0.36 52 -1
Result 1 14.0 65 0.52 0.14 0.15 0.29 0.24 0.18 -1 -1 -1 -1 -1
Evo 65.22 0.57 9999995.56 742042.22 0.57 10.73 12.57 1946282.20 159445.65 0.05 0.16 0.38 125 -1
Result 1 14.0 148 0.46 0.23 0.15 0.19 0.23 0.19 -1 -1 -1 -1 -1
Evo 29.33 0.57 10000000.45 2403975.26 1.58 11.12 4166674.10 3528001.75 504000.25 0.11 0.10 0.31 22 -1
Result 1 14.0 48 0.51 0.10 0.18 0.27 0.29 0.16 -1 -1 -1 -1 -1
Evo 45.00 0.57 9999999.94 796033.82 0.57 3.41 149262.68 2366664.61 400039.33 0.15 0.08 0.32 24 -1
Result 1 14.0 34 0.52 0.09 0.14 0.31 0.31 0.14 -1 -1 -1 -1 -1
Evo 33.63 0.57 9999995.98 2245709.52 0.59 123465.02 3510645.71 3171673.93 427668.43 0.11 0.10 0.32 27 -1
Result 1 14.0 54 0.52 0.09 0.18 0.31 0.24 0.18 -1 -1 -1 -1 -1
Evo 74.74 0.57 10000001.26 446281.29 12.57 12.57 12.57 1679935.11 103589.24 0.03 0.19 0.36 210 -1
Result 1 14.0 262 0.47 0.21 0.13 0.21 0.24 0.21 -1 -1 -1 -1 -1
Evo 38.41 0.57 9999995.72 931021.65 0.58 4.39 238104.53 2340427.84 395604.51 0.15 0.07 0.29 24 -1
Result 1 14.0 34 0.50 0.14 0.11 0.26 0.34 0.14 -1 -1 -1 -1 -1
