Evo 57.71 -6825390.48 9999999.48 -173476.68 1.53 8.53 19.04 1853555.30 99076.70 0.02 0.04 0.05 340 76
Result 1 27.0 349 0.47 0.21 -1 0.24 -1 0.28 0.27 -1 -1 -1 -1
Evo 63.18 -10000001.81 10000002.36 -114530.71 2.53 8.53 17.22 2006483.85 107251.07 0.02 0.04 0.05 340 106
Result 1 27.0 349 0.51 0.27 -1 0.26 -1 0.23 0.24 -1 -1 -1 -1
Evo 61.77 -10000003.22 10000000.39 -171632.49 1.53 7.53 16.53 1844232.21 98578.36 0.02 0.04 0.05 340 76
Result 1 24.0 349 0.49 0.23 -1 0.25 -1 0.22 0.29 -1 -1 -1 -1
Evo 55.95 -8352935.59 9999999.17 -259080.52 2.53 8.53 20.33 1882605.18 100629.48 0.02 0.04 0.05 340 76
Result 1 28.0 349 0.49 0.23 -1 0.24 -1 0.26 0.27 -1 -1 -1 -1
Evo 58.72 -10000003.21 10000004.60 -604812.12 -219767.29 5.99 13.53 2330183.37 124553.54 0.02 0.04 0.05 340 76
Result 1 21.0 349 0.51 0.27 -1 0.20 -1 0.23 0.30 -1 -1 -1 -1
Evo 57.33 -6111100.41 10000002.88 -226864.38 1.53 8.53 17.53 1808639.06 96675.82 0.02 0.04 0.05 340 88
Result 1 25.0 349 0.48 0.22 -1 0.23 -1 0.27 0.28 -1 -1 -1 -1
Evo 59.87 -9999997.01 10000000.66 -295220.45 1.53 8.48 15.53 1962879.45 104920.32 0.02 0.04 0.05 340 110
Result 1 21.0 349 0.48 0.23 -1 0.29 -1 0.21 0.27 -1 -1 -1 -1
Evo 59.02 -9999997.74 10000000.85 -177805.16 1.53 7.63 17.87 2034645.99 108756.40 0.02 0.04 0.05 340 108
Result 1 26.0 349 0.49 0.23 -1 0.22 -1 0.24 0.31 -1 -1 -1 -1
Evo 57.40 -5567002.44 10000004.70 -125414.94 1.53 8.50 18.42 1913667.83 102289.85 0.02 0.04 0.05 340 110
Result 1 25.0 349 0.49 0.23 -1 0.27 -1 0.22 0.28 -1 -1 -1 -1
Evo 54.25 -6170203.30 9999995.66 -252262.70 0.53 7.48 18.53 1775772.06 94919.01 0.02 0.04 0.05 340 84
Result 1 26.0 349 0.47 0.20 -1 0.23 -1 0.31 0.25 -1 -1 -1 -1
Evo 67.03 -10000001.75 19.53 -361915.00 1.53 7.16 11.53 1428923.60 93813.43 0.03 0.04 0.05 -1 108
Result 0 18.0 231 0.49 0.24 -1 0.24 -1 0.28 0.25 -1 -1 -1 -1
Evo 52.76 -8160917.08 9999997.50 -423878.49 -384596.63 3.53 16.53 1957016.55 104606.93 0.02 0.04 0.05 340 88
Result 1 22.0 349 0.50 0.25 -1 0.25 -1 0.23 0.27 -1 -1 -1 -1
Evo 57.03 -5612236.76 10000003.70 -70485.77 0.53 7.32 19.53 1738079.24 92904.24 0.02 0.04 0.05 340 76
Result 1 26.0 349 0.48 0.22 -1 0.27 -1 0.22 0.30 -1 -1 -1 -1
Evo 62.79 -10000002.69 19.25 -657706.23 1.53 5.53 10.90 1717098.37 101357.11 0.03 0.04 0.05 -1 108
Result 0 17.0 286 0.49 0.23 -1 0.23 -1 0.25 0.28 -1 -1 -1 -1
Evo 59.73 -6785714.09 10000004.82 5209.84 1.53 11.53 21.33 1779628.32 95125.14 0.02 0.04 0.05 340 76
Result 1 29.0 349 0.46 0.19 -1 0.24 -1 0.27 0.30 -1 -1 -1 -1
Evo 59.03 -6562497.45 10000000.26 -267452.57 1.53 10.33 18.53 1868733.94 99888.03 0.02 0.04 0.05 340 107
Result 1 25.0 349 0.49 0.23 -1 0.29 -1 0.23 0.25 -1 -1 -1 -1
Evo 57.75 -10000003.84 10000004.94 -250527.68 0.53 6.62 15.53 2165152.55 115732.27 0.02 0.04 0.05 340 108
Result 1 24.0 349 0.47 0.21 -1 0.25 -1 0.22 0.32 -1 -1 -1 -1
Evo 58.28 -9799999.71 10000000.96 -556073.70 0.53 5.33 13.53 2142436.14 114518.03 0.02 0.04 0.05 340 84
Result 1 21.0 349 0.48 0.22 -1 0.23 -1 0.27 0.27 -1 -1 -1 -1
Evo 54.52 -9999995.93 10000003.96 -365751.78 0.53 5.61 16.53 1922911.95 102783.97 0.02 0.04 0.05 342 110
Result 1 23.0 349 0.48 0.22 -1 0.22 -1 0.28 0.28 -1 -1 -1 -1
Evo 58.15 -8387094.58 10000000.77 -143271.59 0.53 7.56 17.21 1949552.93 104207.99 0.02 0.04 0.05 340 106
Result 1 26.0 349 0.48 0.23 -1 0.24 -1 0.21 0.33 -1 -1 -1 -1
Evo 53.22 -6279063.47 10000005.14 -437464.66 -555537.93 4.46 14.53 2219366.83 114151.91 0.02 0.04 0.05 368 76
Result 1 19.0 377 0.49 0.24 -1 0.21 -1 0.27 0.28 -1 -1 -1 -1
Evo 53.67 -6428566.23 10000002.49 -396697.63 -352921.50 4.62 18.22 1957836.40 102059.28 0.02 0.04 0.05 358 76
Result 1 27.0 367 0.50 0.24 -1 0.23 -1 0.26 0.27 -1 -1 -1 -1
Evo 52.49 -6170199.22 10000004.29 -118235.36 0.53 10.06 22.58 1958662.97 100742.75 0.02 0.04 0.05 360 76
Result 1 30.0 377 0.49 0.24 -1 0.21 -1 0.26 0.29 -1 -1 -1 -1
Evo 54.84 -5999987.51 10000002.92 -43312.60 0.53 13.53 24.82 1861572.53 95748.96 0.02 0.04 0.05 368 106
Result 1 33.0 377 0.49 0.24 -1 0.21 -1 0.26 0.28 -1 -1 -1 -1
Evo 56.86 -10000000.72 10000003.37 -463595.52 -112343.38 8.53 17.55 2136484.16 111220.92 0.02 0.04 0.05 359 108
Result 1 26.0 368 0.49 0.24 -1 0.22 -1 0.27 0.26 -1 -1 -1 -1
Evo 56.80 -9999995.38 10000005.07 -431999.42 -535711.25 3.50 17.45 2302261.80 118415.57 0.02 0.04 0.05 359 76
Result 1 23.0 377 0.48 0.22 -1 0.25 -1 0.26 0.27 -1 -1 -1 -1
Evo 52.70 -7099992.28 10000004.31 -328414.73 -136975.16 8.53 17.53 2173938.27 111815.32 0.02 0.04 0.05 368 110
Result 1 26.0 377 0.50 0.25 -1 0.22 -1 0.28 0.26 -1 -1 -1 -1
Evo 55.29 -10000000.55 10000004.11 -623466.72 -851041.46 2.53 13.53 2541387.45 130714.87 0.02 0.04 0.05 368 88
Result 1 24.0 377 0.48 0.22 -1 0.21 -1 0.25 0.31 -1 -1 -1 -1
Evo 63.71 -10000001.94 10000002.12 -504847.70 0.53 6.53 16.58 2606984.55 136269.27 0.02 0.04 0.05 356 76
Result 1 23.0 365 0.50 0.26 -1 0.28 -1 0.19 0.27 -1 -1 -1 -1
Evo 57.71 -9999998.63 10000004.19 -391793.80 -370350.88 6.23 18.51 2268103.75 116658.67 0.02 0.04 0.05 368 84
Result 1 23.0 377 0.50 0.24 -1 0.21 -1 0.31 0.24 -1 -1 -1 -1
Evo 57.98 -7127655.32 10000004.35 -285379.45 -113616.28 5.53 18.53 2190684.68 112676.66 0.02 0.04 0.05 368 76
Result 1 22.0 377 0.50 0.26 -1 0.19 -1 0.31 0.25 -1 -1 -1 -1
Evo 55.40 -10000002.72 10000005.00 -449602.03 -470564.27 4.56 19.29 2695065.96 138619.24 0.02 0.04 0.05 358 106
Result 1 26.0 377 0.50 0.24 -1 0.22 -1 0.24 0.29 -1 -1 -1 -1
Evo 57.95 -10000002.92 10000003.52 -465845.48 -344821.80 4.53 17.29 2558723.81 131606.55 0.02 0.04 0.05 358 76
Result 1 26.0 377 0.48 0.22 -1 0.26 -1 0.23 0.28 -1 -1 -1 -1
Evo 55.42 -9999998.44 10000004.67 -624281.23 -843361.09 2.53 12.53 2510258.73 131213.33 0.02 0.04 0.05 356 82
Result 1 22.0 365 0.51 0.27 -1 0.24 -1 0.19 0.29 -1 -1 -1 -1
Evo 56.89 -10000003.89 10000003.96 -494885.19 -499986.16 6.44 14.60 2396483.94 123261.83 0.02 0.04 0.05 368 110
Result 1 24.0 377 0.48 0.22 -1 0.22 -1 0.25 0.30 -1 -1 -1 -1
Evo 61.60 -8214283.36 10000004.83 -63304.81 1.53 11.53 25.53 1999184.51 104499.05 0.02 0.04 0.05 356 82
Result 1 31.0 365 0.50 0.25 -1 0.26 -1 0.23 0.26 -1 -1 -1 -1
Evo 56.38 -10000003.42 10000004.90 -642422.47 -674145.60 0.53 14.27 2600116.22 135910.25 0.02 0.04 0.05 356 76
Result 1 21.0 365 0.51 0.28 -1 0.24 -1 0.19 0.29 -1 -1 -1 -1
Evo 55.52 -9259257.89 10000002.47 -352241.04 0.53 7.53 22.47 2056180.76 107478.29 0.02 0.04 0.05 356 107
Result 1 29.0 365 0.47 0.20 -1 0.29 -1 0.23 0.28 -1 -1 -1 -1
Evo 54.29 -9838706.66 10000004.53 -698665.64 -1282044.56 1.53 13.30 2542712.98 132909.74 0.02 0.04 0.05 356 88
Result 1 23.0 365 0.50 0.25 -1 0.27 -1 0.22 0.26 -1 -1 -1 -1
Evo 56.69 -9999996.34 10000004.12 -437316.16 -384595.89 4.10 12.53 2336227.81 122116.58 0.02 0.04 0.05 356 89
Result 1 23.0 365 0.51 0.27 -1 0.25 -1 0.20 0.28 -1 -1 -1 -1
Evo 41.97 -9999999.50 10000003.81 -1075917.56 -2428567.04 -312493.66 6.53 2560964.07 131721.78 0.02 0.04 0.05 368 87
Result 1 21.0 377 0.51 0.28 -1 0.20 -1 0.26 0.26 -1 -1 -1 -1
Evo 50.02 -10000004.11 14.40 -1418914.83 -2413786.30 0.53 4.53 2103004.48 127279.62 0.03 0.04 0.05 -1 88
Result 0 14.0 272 0.52 0.32 -1 0.22 -1 0.19 0.27 -1 -1 -1 -1
Evo 37.93 -6562498.74 10000001.33 -1219365.00 -2613622.16 -543462.24 3.32 2077956.33 108320.96 0.02 0.04 0.05 356 82
Result 1 20.0 367 0.50 0.26 -1 0.31 -1 0.16 0.27 -1 -1 -1 -1
Evo 36.54 -7386358.16 10000002.97 -1194925.37 -2527456.36 -714278.85 3.30 2410122.47 123963.32 0.02 0.03 0.05 368 76
Result 1 20.0 377 0.52 0.30 -1 0.19 -1 0.27 0.25 -1 -1 -1 -1
Evo 48.64 -9999999.32 10000005.01 -675079.10 -1354160.41 2.53 14.49 2238209.30 115121.06 0.02 0.04 0.05 368 94
Result 1 24.0 377 0.50 0.26 -1 0.20 -1 0.25 0.29 -1 -1 -1 -1
Evo 37.65 -7553187.17 10000004.46 -834303.96 -1956502.48 -285694.75 6.77 2334671.43 120082.54 0.02 0.04 0.05 368 74
Result 1 25.0 377 0.49 0.24 -1 0.29 -1 0.18 0.29 -1 -1 -1 -1
Evo 37.21 -7403840.29 10000005.19 -1100553.97 -2588224.67 -898858.74 3.53 2559227.03 131632.43 0.02 0.04 0.05 358 83
Result 1 22.0 377 0.49 0.23 -1 0.25 -1 0.21 0.31 -1 -1 -1 -1
Evo 42.60 -9605257.43 10000004.30 -664634.12 -1590885.40 0.53 9.53 2331602.69 119924.70 0.02 0.04 0.05 368 92
Result 1 28.0 377 0.50 0.25 -1 0.24 -1 0.22 0.29 -1 -1 -1 -1
Evo 35.34 -7142848.03 10000001.93 -1218144.26 -2413775.79 -1149406.92 3.53 2322201.96 119441.18 0.02 0.04 0.05 368 108
Result 1 21.0 377 0.50 0.25 -1 0.22 -1 0.22 0.31 -1 -1 -1 -1
Evo 43.24 -10000002.46 10000002.92 -972056.15 -2241370.18 -222215.16 6.53 2674958.48 137585.02 0.02 0.04 0.05 357 90
Result 1 22.0 377 0.49 0.24 -1 0.26 -1 0.22 0.29 -1 -1 -1 -1
Evo 40.02 -10000001.38 10000003.60 -1247588.51 -2282594.59 -933318.48 3.53 2517634.50 129493.15 0.02 0.04 0.05 368 88
Result 1 19.0 377 0.50 0.26 -1 0.20 -1 0.22 0.32 -1 -1 -1 -1
Evo 47.41 -9714286.13 12.60 -1084511.75 -2093015.60 2.50 6.28 1698086.00 111484.81 0.03 0.04 0.05 -1 93
Result 0 11.0 231 0.49 0.24 -1 0.22 -1 0.18 0.36 -1 -1 -1 -1
Evo 37.24 -10000001.19 10000004.31 -1193944.97 -2359542.93 -624981.97 4.38 2463898.67 126729.27 0.02 0.04 0.05 368 83
Result 1 19.0 377 0.50 0.25 -1 0.20 -1 0.27 0.29 -1 -1 -1 -1
Evo 39.88 -8730155.04 10000001.19 -1284387.89 -2705873.65 -549441.69 5.19 2537835.23 130532.16 0.02 0.04 0.05 368 98
Result 1 19.0 377 0.50 0.26 -1 0.20 -1 0.26 0.28 -1 -1 -1 -1
Evo 44.33 -9999998.60 10000004.23 -828531.79 -1931805.13 0.53 9.26 2546235.79 130964.24 0.02 0.04 0.05 368 94
Result 1 24.0 377 0.50 0.24 -1 0.26 -1 0.17 0.32 -1 -1 -1 -1
Evo 40.58 -9999995.78 19.16 -1136386.11 -1938761.36 0.53 6.53 1708123.51 103191.52 0.03 0.04 0.05 -1 89
Result 0 17.0 273 0.50 0.25 -1 0.21 -1 0.28 0.26 -1 -1 -1 -1
Evo 49.78 -10000001.68 10000004.32 -1144272.62 -2173897.33 -256398.15 7.07 2642110.09 135895.48 0.02 0.04 0.05 368 88
Result 1 20.0 377 0.50 0.25 -1 0.21 -1 0.23 0.31 -1 -1 -1 -1
Evo 39.63 -7777773.50 10000003.93 -1152124.96 -2471897.47 -487795.26 6.53 2428090.18 124887.48 0.02 0.04 0.05 368 89
Result 1 20.0 377 0.50 0.25 -1 0.23 -1 0.19 0.33 -1 -1 -1 -1
Evo 44.63 -10000001.11 10000003.73 -734562.01 -1704537.87 1.53 14.56 2426801.57 124821.20 0.02 0.04 0.05 364 84
Result 1 28.0 377 0.52 0.29 -1 0.19 -1 0.24 0.27 -1 -1 -1 -1
Evo 41.25 -6395341.54 10000004.66 -580737.10 -1458308.38 1.53 10.53 2168298.87 111525.26 0.02 0.04 0.05 368 107
Result 1 28.0 377 0.49 0.24 -1 0.26 -1 0.20 0.31 -1 -1 -1 -1
Evo 39.63 -10000000.29 26.10 -2238833.47 -3814423.84 -1555536.98 2.53 2437053.04 147768.05 0.03 0.04 0.05 -1 76
Result 0 25.0 271 0.50 0.25 -1 0.17 -1 0.30 0.28 -1 -1 -1 -1
Evo 54.92 -10000003.36 13.98 -1853746.24 -3440850.28 0.53 5.20 2661412.41 200611.51 0.04 0.04 0.05 -1 84
Result 0 15.0 175 0.47 0.21 -1 0.28 -1 0.19 0.32 -1 -1 -1 -1
Evo 57.94 -9830506.16 11.50 -838712.66 0.53 2.53 6.36 1973448.42 180150.37 0.06 0.04 0.05 -1 95
Result 0 11.0 119 0.51 0.28 -1 0.24 -1 0.24 0.24 -1 -1 -1 -1
Evo 53.77 -10000001.67 14.52 -1228875.37 -1538450.51 1.53 4.53 2236175.69 181377.80 0.05 0.04 0.05 -1 82
Result 0 14.0 151 0.47 0.20 -1 0.31 -1 0.20 0.29 -1 -1 -1 -1
Evo 47.25 -9999999.11 19.16 -2227851.51 -4148923.49 -1249984.07 3.53 2622696.37 176822.15 0.04 0.04 0.05 -1 88
Result 0 19.0 219 0.49 0.23 -1 0.25 -1 0.17 0.35 -1 -1 -1 -1
Evo 43.88 -10000003.25 10000001.03 -2597670.19 -4329887.66 -2736820.60 1.53 3016140.97 155133.55 0.02 0.04 0.05 368 92
Result 1 30.0 377 0.51 0.28 -1 0.20 -1 0.20 0.31 -1 -1 -1 -1
Evo 47.10 -10000001.92 23.46 -2254868.60 -4086008.60 -1290308.92 2.53 2560034.19 155798.72 0.03 0.03 0.05 -1 76
Result 0 23.0 269 0.50 0.25 -1 0.16 -1 0.31 0.27 -1 -1 -1 -1
Evo 46.62 -10000002.84 15.08 -1739409.10 -3218378.13 0.53 5.24 2593746.53 180714.88 0.04 0.04 0.05 -1 88
Result 0 20.0 205 0.49 0.23 -1 0.21 -1 0.27 0.29 -1 -1 -1 -1
Evo 42.01 -10000004.33 10000004.48 -2475918.47 -3975882.21 -2736832.55 0.53 2826584.56 145383.82 0.02 0.04 0.05 368 84
Result 1 42.0 377 0.51 0.28 -1 0.22 -1 0.17 0.33 -1 -1 -1 -1
Evo 56.58 -10000004.29 14.09 -1887097.39 -3118268.88 0.53 5.27 2828724.18 213223.11 0.04 0.04 0.05 -1 88
Result 0 15.0 175 0.50 0.24 -1 0.27 -1 0.19 0.30 -1 -1 -1 -1
Evo 54.06 -10000000.62 20.27 -963499.09 -588217.27 2.53 8.69 2085076.35 165879.77 0.05 0.04 0.05 -1 84
Result 0 20.0 157 0.49 0.23 -1 0.19 -1 0.27 0.31 -1 -1 -1 -1
Evo 48.60 -10000004.05 20.31 -2190328.16 -3655900.15 -1249988.03 2.53 2664838.36 181319.28 0.04 0.04 0.05 -1 84
Result 0 22.0 215 0.52 0.30 -1 0.19 -1 0.21 0.30 -1 -1 -1 -1
Evo 47.00 -10000002.09 21.36 -2261276.23 -3737357.53 -1473667.75 3.32 2598085.34 164978.58 0.03 0.04 0.05 -1 84
Result 0 25.0 247 0.51 0.26 -1 0.19 -1 0.23 0.32 -1 -1 -1 -1
Evo 46.10 -10000003.32 29.73 -2247889.05 -3563199.45 -1463394.10 1.53 2535102.65 136683.57 0.02 0.04 0.05 -1 84
Result 0 36.0 343 0.52 0.30 -1 0.28 -1 0.14 0.28 -1 -1 -1 -1
Evo 45.45 -9999998.22 13.74 -1349155.02 -2222211.03 1.53 4.25 2060029.81 163887.17 0.05 0.04 0.05 -1 72
Result 0 14.0 157 0.53 0.32 -1 0.16 -1 0.27 0.25 -1 -1 -1 -1
Evo 44.51 -9999996.52 14.94 -1432504.34 -2872332.47 1.53 3.53 2079952.60 160951.56 0.04 0.04 0.05 -1 88
Result 0 16.0 166 0.44 0.17 -1 0.19 -1 0.32 0.32 -1 -1 -1 -1
Evo 38.02 -10000003.71 11.53 -2607529.83 -4269655.89 -2371110.48 1.53 2481811.94 137244.51 0.03 0.04 0.05 -1 88
Result 0 28.0 326 0.49 0.23 -1 0.28 -1 0.16 0.33 -1 -1 -1 -1
Evo 46.90 -10000003.60 27.26 -1696422.78 -2659556.24 -374976.26 5.51 2397178.21 157382.46 0.03 0.04 0.05 -1 76
Result 0 29.0 231 0.49 0.23 -1 0.28 -1 0.19 0.30 -1 -1 -1 -1
Evo 42.10 -10000003.80 15.87 -2569634.40 -4199982.86 -2083312.24 3.53 2670668.81 157370.67 0.03 0.04 0.05 -1 96
Result 0 31.0 287 0.50 0.26 -1 0.25 -1 0.16 0.33 -1 -1 -1 -1
Evo 43.48 -9999999.89 30.54 -2229691.52 -3809505.29 -1562475.22 3.53 2548249.99 156243.23 0.03 0.04 0.05 -1 84
Result 0 31.0 265 0.51 0.26 -1 0.20 -1 0.23 0.31 -1 -1 -1 -1
Evo 51.19 -10000001.15 16.78 -1302114.44 -1910099.99 1.53 5.29 2136181.84 170485.87 0.05 0.02 0.05 -1 56
Result 0 18.0 156 0.50 0.25 -1 0.29 -1 0.17 0.29 -1 -1 -1 -1
Evo 61.84 -9907405.51 14.28 -858488.09 0.53 3.53 7.59 2181035.84 198275.99 0.06 0.04 0.05 -1 56
Result 0 14.0 120 0.50 0.25 -1 0.18 -1 0.24 0.33 -1 -1 -1 -1
Evo 64.97 -9999999.26 11.49 -919606.39 -821908.61 2.53 5.53 2105303.80 193808.92 0.06 0.03 0.05 -1 56
Result 0 11.0 117 0.51 0.27 -1 0.14 -1 0.25 0.34 -1 -1 -1 -1
Evo 59.13 -10000003.32 8.47 -1015955.17 -563373.49 1.53 4.31 2374340.28 217655.42 0.06 0.04 0.05 -1 64
Result 0 10.0 118 0.47 0.21 -1 0.37 -1 0.18 0.24 -1 -1 -1 -1
Evo 39.91 -10000004.19 15.29 -2888656.93 -3894708.40 -2888858.34 0.53 2459485.83 135390.24 0.03 0.04 0.05 -1 64
Result 0 46.0 329 0.51 0.28 -1 0.20 -1 0.21 0.31 -1 -1 -1 -1
Evo 54.72 -10000004.69 12.93 -1046122.72 -1309512.30 1.53 5.28 2170942.85 199851.49 0.06 0.04 0.05 -1 64
Result 0 12.0 117 0.47 0.21 -1 0.25 -1 0.22 0.31 -1 -1 -1 -1
Evo 70.15 -10000003.82 10.27 -1269759.87 0.53 3.53 5.50 2869323.88 278693.37 0.06 0.04 0.05 -1 60
Result 0 9.0 105 0.51 0.27 -1 0.24 -1 0.25 0.24 -1 -1 -1 -1
Evo 60.91 -9999999.59 12.17 -990268.32 -714277.18 1.53 4.53 2392180.19 230187.65 0.06 0.04 0.05 -1 56
Result 0 12.0 107 0.52 0.29 -1 0.26 -1 0.19 0.27 -1 -1 -1 -1
Evo 53.61 -10000003.02 12.19 -1759986.31 -3267313.10 1.53 5.53 2716540.55 216116.36 0.05 0.04 0.05 -1 56
Result 0 17.0 157 0.52 0.28 -1 0.25 -1 0.22 0.25 -1 -1 -1 -1
Evo 62.51 -10000004.32 11.65 -960212.10 -987647.32 1.53 4.53 2148292.06 206719.50 0.06 0.04 0.05 -1 64
Result 0 10.0 107 0.50 0.25 -1 0.30 -1 0.23 0.22 -1 -1 -1 -1
Evo 39.24 -10000002.70 11.55 -2193220.61 -3749989.50 -2179478.61 4.53 2316689.77 157630.77 0.04 0.03 0.05 -1 80
Result 0 26.0 215 0.50 0.25 -1 0.22 -1 0.18 0.35 -1 -1 -1 -1
Evo 70.17 -10000002.74 9.61 -2406480.48 -3917516.49 -405398.19 3.53 3188957.93 253699.87 0.05 0.04 0.05 -1 64
Result 0 11.0 157 0.49 0.23 -1 0.22 -1 0.20 0.35 -1 -1 -1 -1
Evo 39.90 -9999999.20 9.59 -2172055.18 -3516466.73 -2061834.32 1.53 2222454.15 150523.59 0.04 0.04 0.05 -1 72
Result 0 29.0 217 0.49 0.24 -1 0.26 -1 0.21 0.29 -1 -1 -1 -1
Evo 51.09 -10000004.47 10.61 -1857541.48 -3535345.52 0.53 4.28 2539613.27 202040.78 0.05 0.03 0.05 -1 64
Result 0 16.0 157 0.52 0.28 -1 0.27 -1 0.09 0.35 -1 -1 -1 -1
Evo 59.88 -10000002.98 9.65 -2113029.65 -3626368.00 -1379299.78 3.53 2671258.94 211181.56 0.05 0.04 0.05 -1 59
Result 0 13.0 159 0.51 0.28 -1 0.20 -1 0.21 0.32 -1 -1 -1 -1
Evo 53.64 -10000003.62 12.40 -1419206.59 -2765947.65 1.53 4.53 2381618.63 202736.84 0.05 0.03 0.05 -1 64
Result 0 14.0 137 0.53 0.33 -1 0.21 -1 0.14 0.32 -1 -1 -1 -1
Evo 23.28 -7966095.51 10000004.13 -2410997.63 -3846118.45 -2954528.35 -1075256.13 2498377.19 128502.66 0.02 0.04 0.05 368 56
Result 1 57.0 377 0.51 0.26 -1 0.19 -1 0.22 0.32 -1 -1 -1 -1
Evo 54.33 -9999995.41 11.27 -522256.95 -238089.91 1.53 4.52 1317476.56 129814.82 0.06 0.04 0.05 -1 56
Result 0 11.0 102 0.50 0.24 -1 0.19 -1 0.23 0.33 -1 -1 -1 -1
Evo 58.17 -10000003.11 10.67 -1025360.58 -735285.24 2.53 5.26 2228921.36 208757.61 0.06 0.04 0.05 -1 56
Result 0 9.0 113 0.48 0.22 -1 0.25 -1 0.23 0.31 -1 -1 -1 -1
Evo 57.37 -10000002.68 12.00 -1065824.62 0.53 2.53 6.20 2338557.94 217129.65 0.06 0.04 0.05 -1 56
Result 0 11.0 115 0.45 0.19 -1 0.28 -1 0.22 0.32 -1 -1 -1 -1
