Evo 93.72 -10000002.46 0.58 -349649.76 0.57 0.57 0.57 1840132.39 108809.31 0.03 0.13 0.16 -1 276
Result 0 0.0 285 0.46 0.19 0.20 0.21 0.19 0.22 -1 -1 -1 -1 -1
Evo 92.30 -10000003.92 0.58 -349649.78 0.57 0.57 0.57 1840132.52 108809.32 0.03 0.18 0.23 -1 276
Result 0 0.0 285 0.46 0.18 0.20 0.19 0.23 0.20 -1 -1 -1 -1 -1
Evo 92.99 -10000003.86 0.58 -349649.81 0.57 0.57 0.57 1840132.67 108809.33 0.03 0.06 0.10 -1 276
Result 0 0.0 285 0.46 0.21 0.19 0.20 0.18 0.22 -1 -1 -1 -1 -1
Evo 91.83 -10000004.33 0.58 -349649.81 0.57 0.57 0.57 1840132.70 108809.33 0.03 0.09 0.14 -1 276
Result 0 0.0 285 0.46 0.27 0.20 0.21 0.14 0.19 -1 -1 -1 -1 -1
Evo 92.13 -10000003.42 0.58 -349649.76 0.57 0.57 0.57 1840132.42 108809.31 0.03 0.06 0.09 -1 276
Result 0 0.0 285 0.49 0.21 0.23 0.18 0.19 0.19 -1 -1 -1 -1 -1
Evo 93.28 -10000002.70 0.58 -340908.50 0.57 0.57 0.57 1799621.09 106413.83 0.03 0.10 0.15 -1 276
Result 0 0.0 285 0.45 0.17 0.19 0.20 0.24 0.20 -1 -1 -1 -1 -1
Evo 93.20 -10000002.79 0.58 -427477.31 0.57 0.57 0.57 1972417.96 116631.52 0.03 0.06 0.09 -1 51
Result 0 0.0 285 0.45 0.22 0.18 0.19 0.19 0.22 -1 -1 -1 -1 -1
Evo 93.62 -10000004.07 0.58 -349649.71 0.57 0.57 0.57 1840132.16 108809.30 0.03 0.06 0.09 -1 276
Result 0 0.0 285 0.47 0.15 0.21 0.18 0.23 0.24 -1 -1 -1 -1 -1
Evo 93.51 -10000004.02 0.58 -349649.77 0.57 0.57 0.57 1840132.46 108809.31 0.03 0.06 0.10 -1 276
Result 0 0.0 285 0.43 0.23 0.16 0.22 0.18 0.21 -1 -1 -1 -1 -1
Evo 93.53 -10000003.97 0.58 -349649.78 0.57 0.57 0.57 1840132.53 108809.32 0.03 0.05 0.07 -1 276
Result 0 0.0 285 0.48 0.21 0.22 0.16 0.22 0.18 -1 -1 -1 -1 -1
Evo 93.55 -10000004.10 0.58 -349649.81 0.57 0.57 0.57 1840132.70 108809.33 0.03 0.06 0.08 -1 276
Result 0 0.0 285 0.47 0.24 0.21 0.16 0.20 0.19 -1 -1 -1 -1 -1
Evo 93.68 -10000004.18 0.58 -349649.80 0.57 0.57 0.57 1840132.60 108809.32 0.03 0.05 0.07 -1 276
Result 0 0.0 285 0.48 0.16 0.21 0.20 0.19 0.23 -1 -1 -1 -1 -1
Evo 90.32 -10000001.91 0.58 -132956.54 0.57 0.57 0.57 1110857.43 40946.75 0.01 0.15 0.17 -1 276
Result 0 0.0 735 0.47 0.21 0.20 0.22 0.20 0.17 -1 -1 -1 -1 -1
Evo 93.39 -10000004.01 0.58 -349649.75 0.57 0.57 0.57 1840132.34 108809.31 0.03 0.12 0.15 -1 276
Result 0 0.0 285 0.50 0.24 0.24 0.17 0.17 0.17 -1 -1 -1 -1 -1
Evo 93.61 -10000000.81 0.58 -349649.73 0.57 0.57 0.57 1840132.23 108809.30 0.03 0.18 0.23 -1 276
Result 0 0.0 285 0.48 0.20 0.22 0.16 0.19 0.22 -1 -1 -1 -1 -1
Evo 94.48 -10000003.86 0.58 -349649.83 0.57 0.57 0.57 1840132.78 108809.33 0.03 0.06 0.10 -1 276
Result 0 0.0 285 0.49 0.20 0.24 0.18 0.20 0.19 -1 -1 -1 -1 -1
Evo 93.29 -10000002.92 0.58 -349649.70 0.57 0.57 0.57 1840132.12 108809.29 0.03 0.04 0.06 -1 276
Result 0 0.0 285 0.47 0.21 0.21 0.16 0.17 0.26 -1 -1 -1 -1 -1
Evo 90.80 -10000003.44 0.58 -202459.75 0.57 0.57 0.57 1389335.11 61460.57 0.02 0.22 0.24 -1 51
Result 0 0.0 510 0.48 0.19 0.21 0.22 0.19 0.19 -1 -1 -1 -1 -1
Evo 93.28 -10000003.55 0.58 -349649.79 0.57 0.57 0.57 1840132.56 108809.32 0.03 0.05 0.07 -1 276
Result 0 0.0 285 0.43 0.20 0.17 0.18 0.19 0.27 -1 -1 -1 -1 -1
Evo 93.92 -10000003.07 0.58 -349649.78 0.57 0.57 0.57 1840132.50 108809.32 0.03 0.05 0.07 -1 276
Result 0 0.0 285 0.48 0.16 0.22 0.19 0.23 0.20 -1 -1 -1 -1 -1
Evo 93.08 -10000003.47 0.58 -349649.79 0.57 0.57 0.57 1840132.55 108809.32 0.03 0.20 0.26 -1 276
Result 0 0.0 285 0.48 0.20 0.22 0.20 0.21 0.17 -1 -1 -1 -1 -1
Evo 93.48 -10000003.36 0.58 -349649.74 0.57 0.57 0.57 1840132.30 108809.30 0.03 0.13 0.20 -1 276
Result 0 0.0 285 0.49 0.18 0.24 0.16 0.23 0.19 -1 -1 -1 -1 -1
Evo 92.32 -10000001.70 0.58 -349649.77 0.57 0.57 0.57 1840132.44 108809.31 0.03 0.16 0.25 -1 276
Result 0 0.0 285 0.48 0.25 0.22 0.20 0.14 0.19 -1 -1 -1 -1 -1
Evo 92.21 -10000004.04 0.58 -349649.75 0.57 0.57 0.57 1840132.35 108809.31 0.03 0.16 0.29 -1 276
Result 0 0.0 285 0.44 0.16 0.17 0.20 0.23 0.24 -1 -1 -1 -1 -1
Evo 94.18 -10000003.65 0.58 -349649.77 0.57 0.57 0.57 1840132.47 108809.31 0.03 0.19 0.26 -1 276
Result 0 0.0 285 0.47 0.22 0.21 0.23 0.17 0.17 -1 -1 -1 -1 -1
Evo 94.34 -10000004.11 0.58 -349649.74 0.57 0.57 0.57 1840132.32 108809.31 0.03 0.12 0.18 -1 276
Result 0 0.0 285 0.47 0.22 0.21 0.14 0.20 0.22 -1 -1 -1 -1 -1
Evo 93.58 -10000004.36 0.58 -349649.76 0.57 0.57 0.57 1840132.43 108809.31 0.03 0.13 0.19 -1 276
Result 0 0.0 285 0.48 0.20 0.22 0.17 0.20 0.22 -1 -1 -1 -1 -1
Evo 93.72 -10000004.43 0.58 -349649.84 0.57 0.57 0.57 1840132.82 108809.33 0.03 0.15 0.21 -1 276
Result 0 0.0 285 0.50 0.17 0.24 0.16 0.20 0.22 -1 -1 -1 -1 -1
Evo 93.83 -10000001.68 0.58 -349649.75 0.57 0.57 0.57 1840132.36 108809.31 0.03 0.13 0.19 -1 276
Result 0 0.0 285 0.48 0.18 0.22 0.17 0.20 0.22 -1 -1 -1 -1 -1
Evo 94.27 -10000004.43 0.58 -349649.83 0.57 0.57 0.57 1840132.78 108809.33 0.03 0.18 0.31 -1 276
Result 0 0.0 285 0.46 0.21 0.19 0.22 0.17 0.20 -1 -1 -1 -1 -1
Evo 89.27 -10000004.19 40.58 -84301.91 0.57 0.57 40.57 914750.66 26561.98 0.01 0.21 0.25 -1 1176
Result 0 40.0 1185 0.45 0.19 0.18 0.23 0.20 0.20 -1 -1 -1 -1 -1
Evo 94.00 -10000003.67 0.58 -349649.78 0.57 0.57 0.57 1840132.51 108809.32 0.03 0.15 0.24 -1 276
Result 0 0.0 285 0.50 0.17 0.26 0.17 0.19 0.21 -1 -1 -1 -1 -1
Evo 94.38 -10000003.81 0.58 -349649.84 0.57 0.57 0.57 1840132.85 108809.34 0.03 0.19 0.27 -1 276
Result 0 0.0 285 0.47 0.19 0.21 0.19 0.20 0.22 -1 -1 -1 -1 -1
Evo 90.08 -10000004.24 0.58 -349649.75 0.57 0.57 0.57 1840132.35 108809.31 0.03 0.20 0.26 -1 276
Result 0 0.0 285 0.47 0.18 0.21 0.20 0.21 0.21 -1 -1 -1 -1 -1
Evo 92.60 -10000003.84 0.58 -349649.84 0.57 0.57 0.57 1840132.82 108809.33 0.03 0.22 0.31 -1 276
Result 0 0.0 285 0.48 0.20 0.22 0.19 0.20 0.20 -1 -1 -1 -1 -1
Evo 94.33 -10000000.51 0.58 -349649.75 0.57 0.57 0.57 1840132.33 108809.31 0.03 0.15 0.24 -1 276
Result 0 0.0 285 0.46 0.16 0.20 0.23 0.23 0.19 -1 -1 -1 -1 -1
Evo 86.46 0.57 10000001.14 293040.84 0.57 0.57 0.57 1564884.90 112352.19 0.04 0.31 0.43 171 -1
Result 1 100.0 193 0.50 0.22 0.24 0.22 0.19 0.14 -1 -1 -1 -1 -1
Evo 93.57 -10000001.17 0.58 -349649.71 0.57 0.57 0.57 1840132.15 108809.29 0.03 0.12 0.19 -1 276
Result 0 0.0 285 0.45 0.19 0.19 0.21 0.19 0.23 -1 -1 -1 -1 -1
Evo 111.73 -10000003.93 0.58 -1639343.67 0.57 0.57 0.57 3732884.39 477946.87 0.10 0.12 0.24 -1 51
Result 0 0.0 60 0.41 0.25 0.15 0.28 0.08 0.25 -1 -1 -1 -1 -1
Evo 93.58 -10000004.21 0.58 -349649.84 0.57 0.57 0.57 1840132.85 108809.34 0.03 0.16 0.25 -1 276
Result 0 0.0 285 0.49 0.21 0.23 0.17 0.19 0.21 -1 -1 -1 -1 -1
Evo 113.25 -10000004.23 0.58 -1555595.41 0.57 0.57 0.57 3567307.90 456746.97 0.10 0.04 0.11 -1 51
Result 0 0.0 60 0.50 0.16 0.25 0.21 0.18 0.20 -1 -1 -1 -1 -1
Evo 94.22 -10000003.38 0.58 -349649.76 0.57 0.57 0.57 1840132.40 108809.31 0.03 0.08 0.13 -1 276
Result 0 0.0 285 0.45 0.18 0.19 0.17 0.21 0.24 -1 -1 -1 -1 -1
Evo 93.68 -10000003.69 0.58 -349649.78 0.57 0.57 0.57 1840132.51 108809.32 0.03 0.09 0.15 -1 276
Result 0 0.0 285 0.46 0.20 0.19 0.21 0.19 0.21 -1 -1 -1 -1 -1
Evo 93.74 -10000001.38 0.58 -349649.76 0.57 0.57 0.57 1840132.44 108809.31 0.03 0.06 0.12 -1 276
Result 0 0.0 285 0.45 0.22 0.19 0.21 0.20 0.19 -1 -1 -1 -1 -1
Evo 93.55 -10000003.16 0.58 -349649.79 0.57 0.57 0.57 1840132.59 108809.32 0.03 0.07 0.13 -1 276
Result 0 0.0 285 0.45 0.20 0.19 0.24 0.21 0.17 -1 -1 -1 -1 -1
Evo 109.97 -10000004.20 0.58 -1639343.91 0.57 0.57 0.57 3732884.95 477946.94 0.10 0.04 0.08 -1 51
Result 0 0.0 60 0.49 0.20 0.23 0.16 0.13 0.28 -1 -1 -1 -1 -1
Evo 99.25 -10000002.53 0.58 -1639343.40 0.57 0.57 0.57 3732883.79 477946.79 0.10 0.04 0.08 -1 51
Result 0 0.0 60 0.51 0.18 0.26 0.25 0.11 0.20 -1 -1 -1 -1 -1
Evo 91.75 -10000003.92 0.58 -349649.78 0.57 0.57 0.57 1840132.53 108809.32 0.03 0.10 0.15 -1 276
Result 0 0.0 285 0.48 0.19 0.22 0.19 0.22 0.19 -1 -1 -1 -1 -1
Evo 92.86 -10000004.42 0.58 -349649.77 0.57 0.57 0.57 1840132.49 108809.32 0.03 0.06 0.11 -1 276
Result 0 0.0 285 0.44 0.19 0.18 0.20 0.24 0.19 -1 -1 -1 -1 -1
Evo 93.87 -10000002.28 0.58 -349649.77 0.57 0.57 0.57 1840132.48 108809.31 0.03 0.07 0.12 -1 276
Result 0 0.0 285 0.46 0.21 0.20 0.19 0.18 0.22 -1 -1 -1 -1 -1
Evo 94.12 -10000004.41 0.58 -349649.80 0.57 0.57 0.57 1840132.61 108809.32 0.03 0.08 0.12 -1 276
Result 0 0.0 285 0.48 0.21 0.22 0.20 0.18 0.20 -1 -1 -1 -1 -1
Evo 94.29 -10000003.80 0.58 -349649.77 0.57 0.57 0.57 1840132.49 108809.32 0.03 0.07 0.10 -1 276
Result 0 0.0 285 0.47 0.17 0.21 0.24 0.21 0.17 -1 -1 -1 -1 -1
Evo 89.45 -10000003.36 40.58 -84301.92 0.57 0.58 40.57 914750.71 26561.98 0.01 0.16 0.21 -1 1176
Result 0 40.0 1185 0.46 0.20 0.20 0.21 0.23 0.17 -1 -1 -1 -1 -1
Evo 92.30 -10000003.50 0.58 -349649.79 0.57 0.57 0.57 1840132.56 108809.32 0.03 0.10 0.13 -1 276
Result 0 0.0 285 0.46 0.21 0.20 0.21 0.22 0.17 -1 -1 -1 -1 -1
Evo 93.21 -10000003.84 0.58 -349649.77 0.57 0.57 0.57 1840132.46 108809.31 0.03 0.08 0.11 -1 276
Result 0 0.0 285 0.48 0.17 0.21 0.21 0.20 0.21 -1 -1 -1 -1 -1
Evo 94.91 -10000003.88 0.58 -349649.69 0.57 0.57 0.57 1840132.03 108809.29 0.03 0.08 0.11 -1 276
Result 0 0.0 285 0.45 0.20 0.18 0.26 0.19 0.17 -1 -1 -1 -1 -1
Evo 104.27 -10000003.86 0.58 -1544084.54 0.57 0.57 0.57 3587276.62 459303.71 0.10 0.04 0.09 -1 51
Result 0 0.0 60 0.46 0.16 0.20 0.23 0.18 0.23 -1 -1 -1 -1 -1
Evo 92.02 -10000003.69 0.58 -349649.79 0.57 0.57 0.57 1840132.56 108809.32 0.03 0.08 0.11 -1 276
Result 0 0.0 285 0.48 0.22 0.22 0.19 0.20 0.19 -1 -1 -1 -1 -1
Evo 94.24 -10000004.00 0.58 -349649.84 0.57 0.57 0.57 1840132.84 108809.34 0.03 0.03 0.08 -1 276
Result 0 0.0 285 0.44 0.19 0.17 0.20 0.25 0.19 -1 -1 -1 -1 -1
Evo 94.11 -10000003.04 0.58 -349649.75 0.57 0.57 0.57 1840132.35 108809.31 0.03 0.06 0.11 -1 276
Result 0 0.0 285 0.44 0.20 0.17 0.22 0.21 0.20 -1 -1 -1 -1 -1
Evo 94.48 -10000004.47 0.58 -349649.81 0.57 0.57 0.57 1840132.69 108809.33 0.03 0.06 0.09 -1 276
Result 0 0.0 285 0.48 0.16 0.22 0.20 0.21 0.21 -1 -1 -1 -1 -1
Evo 92.30 -10000003.80 0.58 -349649.76 0.57 0.57 0.57 1840132.40 108809.31 0.03 0.10 0.16 -1 276
Result 0 0.0 285 0.48 0.20 0.22 0.16 0.20 0.22 -1 -1 -1 -1 -1
Evo 93.59 -10000002.76 0.58 -349649.77 0.57 0.57 0.57 1840132.46 108809.31 0.03 0.07 0.11 -1 276
Result 0 0.0 285 0.48 0.23 0.22 0.19 0.16 0.21 -1 -1 -1 -1 -1
Evo 91.49 -10000002.59 0.58 -349649.76 0.57 0.57 0.57 1840132.42 108809.31 0.03 0.17 0.24 -1 276
Result 0 0.0 285 0.45 0.24 0.19 0.18 0.19 0.20 -1 -1 -1 -1 -1
Evo 92.90 -10000002.88 0.58 -349649.75 0.57 0.57 0.57 1840132.37 108809.31 0.03 0.05 0.08 -1 276
Result 0 0.0 285 0.47 0.21 0.20 0.21 0.17 0.20 -1 -1 -1 -1 -1
Evo 93.55 -10000002.22 0.58 -349649.69 0.57 0.57 0.57 1840132.05 108809.29 0.03 0.04 0.08 -1 276
Result 0 0.0 285 0.46 0.19 0.20 0.26 0.18 0.17 -1 -1 -1 -1 -1
Evo 92.32 -10000003.16 0.58 -419494.71 0.57 0.57 0.57 1951887.97 115417.56 0.03 0.08 0.17 -1 51
Result 0 0.0 285 0.48 0.20 0.21 0.20 0.18 0.20 -1 -1 -1 -1 -1
Evo 94.08 -10000003.49 0.58 -349649.82 0.57 0.57 0.57 1840132.72 108809.33 0.03 0.08 0.14 -1 276
Result 0 0.0 285 0.45 0.18 0.19 0.21 0.23 0.19 -1 -1 -1 -1 -1
Evo 94.00 -10000004.02 0.58 -349649.78 0.57 0.57 0.57 1840132.51 108809.32 0.03 0.08 0.13 -1 276
Result 0 0.0 285 0.42 0.21 0.16 0.19 0.21 0.23 -1 -1 -1 -1 -1
Evo 91.96 -10000003.54 0.58 -349649.78 0.57 0.57 0.57 1840132.53 108809.32 0.03 0.08 0.12 -1 276
Result 0 0.0 285 0.49 0.25 0.23 0.17 0.16 0.20 -1 -1 -1 -1 -1
Evo 94.15 -10000003.24 0.58 -349649.75 0.57 0.57 0.57 1840132.35 108809.31 0.03 0.07 0.11 -1 276
Result 0 0.0 285 0.46 0.22 0.20 0.20 0.15 0.23 -1 -1 -1 -1 -1
Evo 92.37 -10000003.15 0.58 -394986.04 0.57 0.57 0.57 1927521.30 113976.72 0.03 0.06 0.11 -1 51
Result 0 0.0 285 0.48 0.17 0.22 0.21 0.18 0.22 -1 -1 -1 -1 -1
Evo 90.67 -10000003.69 0.58 -195694.13 0.57 0.57 0.57 1386510.95 61335.63 0.02 0.17 0.25 -1 501
Result 0 0.0 510 0.43 0.21 0.16 0.21 0.22 0.20 -1 -1 -1 -1 -1
Evo 93.18 -10000003.53 0.58 -349649.78 0.57 0.57 0.57 1840132.52 108809.32 0.03 0.04 0.08 -1 276
Result 0 0.0 285 0.48 0.18 0.22 0.20 0.18 0.22 -1 -1 -1 -1 -1
Evo 93.20 -10000003.97 0.58 -349649.77 0.57 0.57 0.57 1840132.44 108809.31 0.03 0.14 0.21 -1 276
Result 0 0.0 285 0.46 0.20 0.19 0.21 0.19 0.21 -1 -1 -1 -1 -1
Evo 93.72 -10000003.96 0.58 -357896.42 0.57 0.57 0.57 1842134.65 108927.71 0.03 0.11 0.18 -1 51
Result 0 0.0 285 0.48 0.22 0.21 0.19 0.21 0.16 -1 -1 -1 -1 -1
Evo 92.99 -10000003.81 0.58 -349649.81 0.57 0.57 0.57 1840132.69 108809.33 0.03 0.15 0.25 -1 276
Result 0 0.0 285 0.46 0.19 0.20 0.20 0.21 0.20 -1 -1 -1 -1 -1
Evo 92.53 -10000003.46 0.58 -349649.76 0.57 0.57 0.57 1840132.43 108809.31 0.03 0.10 0.19 -1 276
Result 0 0.0 285 0.45 0.18 0.19 0.18 0.25 0.20 -1 -1 -1 -1 -1
Evo 92.63 -10000003.18 0.58 -349649.78 0.57 0.57 0.57 1840132.52 108809.32 0.03 0.04 0.07 -1 276
Result 0 0.0 285 0.45 0.19 0.19 0.25 0.17 0.20 -1 -1 -1 -1 -1
Evo 112.17 -10000003.00 0.58 -1511839.07 0.57 0.57 0.57 3571911.20 457336.37 0.10 0.04 0.07 -1 51
Result 0 0.0 60 0.49 0.23 0.23 0.11 0.20 0.23 -1 -1 -1 -1 -1
Evo 93.93 -10000001.58 0.58 -349649.73 0.57 0.57 0.57 1840132.26 108809.30 0.03 0.06 0.08 -1 276
Result 0 0.0 285 0.46 0.21 0.20 0.18 0.22 0.20 -1 -1 -1 -1 -1
Evo 92.95 -10000002.76 0.58 -349649.80 0.57 0.57 0.57 1840132.60 108809.32 0.03 0.07 0.09 -1 276
Result 0 0.0 285 0.47 0.15 0.21 0.21 0.23 0.21 -1 -1 -1 -1 -1
Evo 93.05 -10000001.51 0.58 -349649.77 0.57 0.57 0.57 1840132.45 108809.31 0.03 0.03 0.05 -1 276
Result 0 0.0 285 0.45 0.23 0.18 0.25 0.15 0.19 -1 -1 -1 -1 -1
Evo 92.23 -10000003.96 0.58 -349649.79 0.57 0.57 0.57 1840132.57 108809.32 0.03 0.09 0.11 -1 276
Result 0 0.0 285 0.42 0.19 0.16 0.25 0.22 0.18 -1 -1 -1 -1 -1
Evo 94.38 -10000003.51 0.58 -349649.83 0.57 0.57 0.57 1840132.76 108809.33 0.03 0.12 0.14 -1 276
Result 0 0.0 285 0.46 0.19 0.20 0.24 0.21 0.15 -1 -1 -1 -1 -1
Evo 93.78 -10000003.82 0.58 -349649.74 0.57 0.57 0.57 1840132.33 108809.31 0.03 0.05 0.07 -1 276
Result 0 0.0 285 0.49 0.17 0.24 0.19 0.21 0.19 -1 -1 -1 -1 -1
Evo 93.47 -10000004.15 0.58 -349649.74 0.57 0.57 0.57 1840132.33 108809.31 0.03 0.09 0.12 -1 276
Result 0 0.0 285 0.49 0.22 0.23 0.18 0.20 0.17 -1 -1 -1 -1 -1
Evo 92.40 -10000004.04 0.58 -349649.77 0.57 0.57 0.57 1840132.46 108809.31 0.03 0.05 0.07 -1 276
Result 0 0.0 285 0.47 0.22 0.21 0.21 0.24 0.13 -1 -1 -1 -1 -1
Evo 93.23 -10000003.40 0.58 -349649.76 0.57 0.57 0.57 1840132.39 108809.31 0.03 0.04 0.05 -1 276
Result 0 0.0 285 0.45 0.22 0.19 0.14 0.18 0.27 -1 -1 -1 -1 -1
Evo 93.59 -10000003.75 0.58 -349649.74 0.57 0.57 0.57 1840132.30 108809.30 0.03 0.04 0.05 -1 276
Result 0 0.0 285 0.49 0.16 0.24 0.16 0.22 0.22 -1 -1 -1 -1 -1
Evo 92.19 -10000003.30 0.58 -349649.78 0.57 0.57 0.57 1840132.50 108809.32 0.03 0.06 0.08 -1 276
Result 0 0.0 285 0.46 0.23 0.20 0.19 0.22 0.16 -1 -1 -1 -1 -1
Evo 94.15 -10000004.20 0.58 -349649.81 0.57 0.57 0.57 1840132.70 108809.33 0.03 0.07 0.09 -1 276
Result 0 0.0 285 0.44 0.20 0.17 0.20 0.22 0.21 -1 -1 -1 -1 -1
Evo 93.55 -10000004.31 0.58 -349649.79 0.57 0.57 0.57 1840132.55 108809.32 0.03 0.11 0.14 -1 276
Result 0 0.0 285 0.47 0.23 0.20 0.20 0.23 0.13 -1 -1 -1 -1 -1
Evo 93.45 -10000003.70 0.58 -349649.80 0.57 0.57 0.57 1840132.62 108809.32 0.03 0.10 0.14 -1 276
Result 0 0.0 285 0.44 0.19 0.17 0.23 0.23 0.18 -1 -1 -1 -1 -1
Evo 91.85 -10000002.75 0.58 -349649.76 0.57 0.57 0.57 1840132.42 108809.31 0.03 0.07 0.09 -1 276
Result 0 0.0 285 0.44 0.20 0.17 0.21 0.22 0.20 -1 -1 -1 -1 -1
Evo 92.94 -10000003.60 0.58 -349649.77 0.57 0.57 0.57 1840132.46 108809.31 0.03 0.04 0.06 -1 276
Result 0 0.0 285 0.48 0.20 0.22 0.19 0.21 0.19 -1 -1 -1 -1 -1
Evo 94.52 -10000000.80 0.58 -349649.75 0.57 0.57 0.57 1840132.37 108809.31 0.03 0.14 0.17 -1 276
Result 0 0.0 285 0.47 0.20 0.21 0.21 0.17 0.21 -1 -1 -1 -1 -1
Evo 91.20 -10000004.24 0.58 -349649.72 0.57 0.57 0.57 1840132.21 108809.30 0.03 0.04 0.05 -1 276
Result 0 0.0 285 0.48 0.18 0.22 0.22 0.22 0.16 -1 -1 -1 -1 -1
Evo 114.60 -10000003.67 0.58 -1639343.75 0.57 0.57 0.57 3732884.58 477946.89 0.10 0.04 0.06 -1 51
Result 0 0.0 60 0.46 0.25 0.20 0.11 0.23 0.21 -1 -1 -1 -1 -1
Evo 92.32 -10000003.05 0.58 -349649.72 0.57 0.57 0.57 1840132.21 108809.30 0.03 0.03 0.04 -1 276
Result 0 0.0 285 0.48 0.20 0.21 0.22 0.19 0.18 -1 -1 -1 -1 -1
