Evo 71.19 0.61 10000002.49 240229.46 8.61 14.61 38.61 917262.16 29512.43 0.01 0.27 0.48 786 -1
Result 1 38.0 965 0.42 0.16 0.16 0.16 0.17 0.17 0.18 -1 -1 -1 -1
Evo 78.87 0.61 10000001.54 62993.08 2.16 14.61 26.61 460403.45 13862.80 0.01 0.21 0.37 795 -1
Result 1 28.0 1102 0.43 0.17 0.15 0.16 0.17 0.17 0.18 -1 -1 -1 -1
Evo 72.26 0.68 10000002.41 146578.78 6.61 9.91 10.62 775789.88 36734.72 0.02 0.12 0.30 412 -1
Result 1 26.0 445 0.44 0.18 0.15 0.19 0.14 0.17 0.17 -1 -1 -1 -1
Evo 74.28 0.61 8150688.33 190403.30 2.64 6.07 8.61 906615.41 46145.51 0.02 0.06 0.15 293 -1
Result 1 8.0 385 0.45 0.18 0.15 0.18 0.18 0.17 0.13 -1 -1 -1 -1
Evo 72.01 0.64 10000000.67 205216.72 10.61 16.61 18.61 795577.15 27867.85 0.01 0.13 0.22 523 -1
Result 1 18.0 814 0.44 0.18 0.17 0.16 0.14 0.18 0.17 -1 -1 -1 -1
Evo 85.77 0.61 8150295.08 36639.53 8.61 10.61 10.61 385986.56 8818.09 0.01 0.17 0.27 1824 -1
Result 1 10.0 1915 0.41 0.15 0.16 0.16 0.18 0.19 0.16 -1 -1 -1 -1
Evo 67.70 0.61 8378379.34 120922.91 10.61 10.62 22.61 681550.42 30602.52 0.02 0.16 0.38 384 -1
Result 1 28.0 495 0.41 0.15 0.16 0.19 0.15 0.17 0.19 -1 -1 -1 -1
Evo 73.19 0.62 8514855.70 244534.45 6.61 30.61 30.61 1232865.14 57989.10 0.02 0.18 0.40 385 -1
Result 1 32.0 451 0.43 0.16 0.18 0.19 0.15 0.15 0.16 -1 -1 -1 -1
Evo 54.37 0.61 9999997.48 646160.45 8.61 14.62 384640.96 1553188.75 79055.23 0.02 0.16 0.41 240 -1
Result 1 28.0 385 0.40 0.14 0.16 0.18 0.16 0.18 0.18 -1 -1 -1 -1
Evo 72.76 0.61 6948058.95 79520.03 8.61 10.61 12.61 546019.73 17641.10 0.01 0.19 0.32 883 -1
Result 1 24.0 957 0.42 0.16 0.14 0.17 0.16 0.17 0.21 -1 -1 -1 -1
Evo 83.17 0.61 8333340.93 51642.75 6.62 19.61 19.61 498384.01 14339.39 0.01 0.20 0.38 1188 -1
Result 1 27.0 1207 0.42 0.16 0.16 0.18 0.18 0.16 0.16 -1 -1 -1 -1
Evo 83.52 0.61 9999997.06 82712.28 12.62 14.61 14.62 648408.84 16215.29 0.01 0.30 0.46 1484 -1
Result 1 18.0 1598 0.44 0.17 0.16 0.17 0.17 0.16 0.17 -1 -1 -1 -1
Evo 78.30 0.62 8832122.85 115876.93 8.61 12.61 13.14 776579.95 30841.93 0.01 0.17 0.34 607 -1
Result 1 22.0 633 0.40 0.14 0.17 0.16 0.16 0.19 0.19 -1 -1 -1 -1
Evo 74.80 0.61 9999995.21 132003.00 9.49 13.61 13.64 788895.41 27499.17 0.01 0.20 0.37 733 -1
Result 1 29.0 822 0.43 0.17 0.17 0.17 0.15 0.18 0.17 -1 -1 -1 -1
Evo 63.29 0.61 7375005.95 170122.47 6.61 12.59 31.61 906450.85 42126.34 0.02 0.18 0.44 330 -1
Result 1 35.0 462 0.42 0.16 0.14 0.20 0.16 0.17 0.16 -1 -1 -1 -1
Evo 68.10 0.61 6666676.76 191209.22 4.61 7.47 26.61 835810.94 37991.41 0.02 0.16 0.35 432 -1
Result 1 32.0 483 0.45 0.19 0.14 0.18 0.17 0.14 0.18 -1 -1 -1 -1
Evo 65.80 0.73 9999998.93 445556.25 5.29 18.26 20.61 1556086.57 94351.61 0.03 0.13 0.28 179 -1
Result 1 22.0 271 0.43 0.16 0.15 0.19 0.18 0.17 0.16 -1 -1 -1 -1
Evo 88.68 -10000003.52 12.62 -49962.92 12.61 12.61 12.61 705338.46 15767.91 0.01 0.09 0.19 -1 1991
Result 0 12.0 2000 0.43 0.17 0.16 0.15 0.15 0.19 0.18 -1 -1 -1 -1
Evo 78.29 0.61 8875738.84 83586.29 13.61 15.61 15.62 574748.25 15124.95 0.01 0.23 0.31 619 -1
Result 1 25.0 1443 0.42 0.16 0.17 0.17 0.18 0.15 0.17 -1 -1 -1 -1
Evo 65.63 0.61 10000004.86 505493.20 6.61 8.62 16.61 1571457.93 89542.13 0.03 0.11 0.26 245 -1
Result 1 18.0 307 0.44 0.17 0.18 0.16 0.18 0.15 0.16 -1 -1 -1 -1
Evo 70.69 0.61 9999996.96 151721.45 0.61 6.61 10.71 732219.10 30509.13 0.02 0.09 0.17 481 -1
Result 1 12.0 575 0.42 0.15 0.14 0.16 0.18 0.18 0.18 -1 -1 -1 -1
Evo 86.93 0.61 10000000.21 53844.60 0.61 0.61 0.61 528800.79 24036.40 0.02 0.01 0.03 459 -1
Result 1 1.0 483 0.46 0.20 0.19 0.14 0.16 0.17 0.15 -1 -1 -1 -1
Evo 76.47 0.61 9498328.39 220319.57 0.61 0.79 6.89 1177010.62 50187.90 0.02 0.09 0.19 451 -1
Result 1 14.0 549 0.41 0.15 0.17 0.16 0.19 0.16 0.16 -1 -1 -1 -1
Evo 58.24 0.61 8333336.15 390054.41 0.61 1.48 16.61 1252508.38 60971.15 0.02 0.13 0.29 313 -1
Result 1 16.0 421 0.38 0.13 0.15 0.16 0.19 0.16 0.21 -1 -1 -1 -1
Evo 77.58 0.61 9999998.31 76216.95 8.61 8.62 20.61 620302.58 18412.20 0.01 0.30 0.46 736 -1
Result 1 20.0 1134 0.42 0.16 0.15 0.18 0.17 0.17 0.18 -1 -1 -1 -1
Evo 87.37 0.61 9999997.75 51599.74 0.61 0.61 0.61 513344.15 23333.82 0.02 0.04 0.10 453 -1
Result 1 1.0 483 0.43 0.16 0.20 0.17 0.16 0.16 0.15 -1 -1 -1 -1
Evo 84.29 0.61 9999996.54 59561.34 0.61 2.61 12.61 666730.81 26885.18 0.02 0.15 0.25 584 -1
Result 1 16.0 614 0.40 0.14 0.18 0.15 0.18 0.19 0.16 -1 -1 -1 -1
Evo 71.61 0.61 7898092.74 120841.72 0.61 2.68 8.61 778285.59 35523.71 0.02 0.13 0.28 454 -1
Result 1 20.0 479 0.42 0.16 0.15 0.16 0.21 0.15 0.17 -1 -1 -1 -1
Evo 72.93 0.61 8059701.88 385374.40 0.61 0.61 8.61 1286402.78 61466.70 0.02 0.10 0.25 307 -1
Result 1 8.0 437 0.41 0.15 0.17 0.15 0.17 0.19 0.17 -1 -1 -1 -1
Evo 88.65 0.57 9999998.35 53070.69 0.61 0.61 0.61 521926.95 23723.95 0.02 0.08 0.20 453 -1
Result 1 1.0 483 0.45 0.19 0.17 0.18 0.15 0.14 0.18 -1 -1 -1 -1
Evo 86.78 0.61 10000000.85 55132.03 0.61 0.61 0.61 523389.42 23790.43 0.02 0.02 0.04 454 -1
Result 1 1.0 483 0.40 0.14 0.18 0.16 0.16 0.18 0.18 -1 -1 -1 -1
Evo 74.76 0.61 6274516.79 24233.72 0.62 4.62 10.33 332911.01 12692.11 0.01 0.19 0.34 679 -1
Result 1 18.0 687 0.42 0.16 0.16 0.16 0.19 0.16 0.18 -1 -1 -1 -1
Evo 86.59 0.61 10000002.99 54327.60 0.61 0.61 0.61 525430.76 23883.22 0.02 0.02 0.03 454 -1
Result 1 1.0 483 0.42 0.16 0.18 0.16 0.17 0.18 0.15 -1 -1 -1 -1
Evo 78.69 0.61 9999998.99 107669.28 0.61 5.27 14.61 706940.90 26255.13 0.01 0.08 0.16 700 -1
Result 1 16.0 724 0.41 0.15 0.17 0.16 0.20 0.16 0.18 -1 -1 -1 -1
Evo 77.23 0.61 4959356.32 20167.91 0.61 0.61 1.35 256468.53 10896.30 0.02 0.09 0.23 547 -1
Result 1 14.0 553 0.45 0.18 0.14 0.16 0.18 0.19 0.15 -1 -1 -1 -1
Evo 78.81 0.61 7734813.24 141126.31 10.61 16.61 16.67 765270.63 20968.29 0.01 0.25 0.35 1138 -1
Result 1 22.0 1331 0.43 0.16 0.15 0.18 0.19 0.16 0.17 -1 -1 -1 -1
Evo 83.36 0.61 10000001.34 82931.84 0.61 0.62 8.61 607398.22 26018.08 0.02 0.09 0.19 463 -1
Result 1 8.0 544 0.44 0.17 0.17 0.16 0.16 0.18 0.17 -1 -1 -1 -1
Evo 87.61 0.61 10000000.69 53138.36 0.61 0.61 0.61 534527.40 24296.70 0.02 0.02 0.06 460 -1
Result 1 1.0 483 0.48 0.22 0.19 0.15 0.13 0.17 0.15 -1 -1 -1 -1
Evo 73.09 0.61 7608696.73 290583.81 0.61 2.62 12.61 1095591.66 51249.62 0.02 0.09 0.16 397 -1
Result 1 12.0 456 0.42 0.16 0.16 0.18 0.17 0.16 0.18 -1 -1 -1 -1
Evo 87.83 0.61 9999998.71 51564.85 0.61 0.61 0.61 527187.84 23963.08 0.02 0.02 0.04 452 -1
Result 1 1.0 483 0.45 0.18 0.18 0.14 0.14 0.18 0.18 -1 -1 -1 -1
Evo 72.39 0.61 9999995.47 230666.02 14.61 20.61 28.61 801391.75 22694.03 0.01 0.23 0.40 1023 -1
Result 1 30.0 1246 0.43 0.16 0.18 0.16 0.16 0.17 0.16 -1 -1 -1 -1
Evo 85.87 0.61 4600008.16 7632.06 18.21 18.61 18.61 135861.36 3086.16 0.01 0.19 0.33 1801 -1
Result 1 18.0 1937 0.45 0.18 0.16 0.15 0.17 0.17 0.17 -1 -1 -1 -1
Evo 78.94 0.61 7076927.83 37619.47 8.61 10.62 14.61 371895.47 15233.43 0.02 0.13 0.27 522 -1
Result 1 16.0 595 0.44 0.17 0.17 0.16 0.19 0.17 0.15 -1 -1 -1 -1
Evo 78.42 0.61 9999999.97 200243.78 6.33 6.61 6.62 838423.62 29014.85 0.01 0.17 0.30 762 -1
Result 1 20.0 834 0.43 0.16 0.16 0.17 0.20 0.14 0.17 -1 -1 -1 -1
Evo 70.76 0.61 6687122.18 207795.52 2.61 4.61 6.62 801350.41 47889.85 0.03 0.08 0.17 236 -1
Result 1 12.0 279 0.41 0.15 0.16 0.20 0.14 0.18 0.18 -1 -1 -1 -1
Evo 66.04 0.61 10000003.88 297682.35 2.61 4.70 16.61 1330873.34 80254.68 0.03 0.13 0.23 200 -1
Result 1 22.0 274 0.42 0.16 0.15 0.20 0.17 0.16 0.16 -1 -1 -1 -1
Evo 69.58 0.61 10000000.99 246583.92 4.61 8.69 14.61 1022475.51 45680.84 0.02 0.16 0.30 438 -1
Result 1 26.0 500 0.39 0.14 0.14 0.21 0.15 0.18 0.19 -1 -1 -1 -1
Evo 77.67 0.61 9999995.62 95652.67 10.61 14.61 14.61 632955.96 21533.60 0.01 0.17 0.30 783 -1
Result 1 28.0 863 0.40 0.14 0.15 0.19 0.15 0.19 0.18 -1 -1 -1 -1
Evo 68.30 0.61 9999996.92 301737.00 0.62 6.62 12.61 1073256.50 53330.54 0.02 0.12 0.27 325 -1
Result 1 14.0 404 0.43 0.17 0.15 0.18 0.17 0.17 0.17 -1 -1 -1 -1
Evo 80.77 0.61 9999999.60 65769.83 0.62 10.61 13.32 639595.27 22335.64 0.01 0.19 0.30 800 -1
Result 1 26.0 819 0.40 0.14 0.18 0.18 0.18 0.16 0.16 -1 -1 -1 -1
Evo 76.63 0.61 10000003.24 209099.71 4.61 6.61 18.61 962822.20 41204.99 0.02 0.14 0.27 499 -1
Result 1 18.0 545 0.42 0.16 0.12 0.17 0.16 0.19 0.19 -1 -1 -1 -1
Evo 67.90 0.61 8216568.99 292807.28 9.51 24.61 30.61 1093826.76 35084.51 0.01 0.23 0.31 393 -1
Result 1 30.0 971 0.39 0.13 0.17 0.18 0.17 0.18 0.16 -1 -1 -1 -1
Evo 73.57 0.61 6962969.91 50804.79 0.61 6.61 16.54 420069.80 18281.19 0.02 0.16 0.31 506 -1
Result 1 26.0 527 0.41 0.15 0.15 0.16 0.18 0.19 0.17 -1 -1 -1 -1
Evo 85.09 0.61 10000003.29 50944.81 8.61 20.61 20.61 527316.88 14497.45 0.01 0.24 0.34 1279 -1
Result 1 20.0 1322 0.43 0.17 0.17 0.16 0.17 0.18 0.16 -1 -1 -1 -1
Evo 73.82 0.61 10000000.88 293217.63 4.61 12.61 20.61 1138609.55 47566.10 0.02 0.19 0.32 477 -1
Result 1 20.0 572 0.42 0.15 0.17 0.15 0.17 0.18 0.18 -1 -1 -1 -1
Evo 73.58 0.61 8888893.44 426201.64 10.61 14.61 14.62 1324221.16 46994.85 0.01 0.17 0.31 641 -1
Result 1 25.0 793 0.44 0.17 0.17 0.17 0.15 0.16 0.17 -1 -1 -1 -1
Evo 80.35 0.61 8369567.95 73256.64 16.61 26.61 26.61 488988.98 11256.75 0.01 0.27 0.49 1659 -1
Result 1 26.0 1886 0.44 0.18 0.17 0.15 0.16 0.18 0.17 -1 -1 -1 -1
Evo 69.18 0.61 10000001.27 280788.32 4.61 12.61 18.61 950240.95 37858.51 0.01 0.15 0.25 425 -1
Result 1 20.0 629 0.43 0.17 0.16 0.15 0.17 0.18 0.17 -1 -1 -1 -1
Evo 76.41 0.61 7551027.39 146162.57 4.61 6.62 10.61 726876.31 30499.05 0.02 0.12 0.27 465 -1
Result 1 18.0 567 0.45 0.19 0.14 0.16 0.17 0.16 0.18 -1 -1 -1 -1
Evo 80.72 0.61 10000002.19 121760.60 4.61 9.28 16.61 686210.98 29557.20 0.02 0.10 0.24 505 -1
Result 1 16.0 538 0.42 0.16 0.16 0.16 0.18 0.19 0.16 -1 -1 -1 -1
Evo 69.61 0.61 7062504.19 319920.21 6.61 6.62 8.61 1088884.98 74784.93 0.04 0.08 0.14 113 -1
Result 1 8.0 211 0.39 0.13 0.24 0.15 0.17 0.13 0.19 -1 -1 -1 -1
Evo 70.88 0.61 10000001.36 175208.37 4.61 4.62 6.62 920798.39 55126.76 0.03 0.11 0.22 120 -1
Result 1 8.0 278 0.40 0.14 0.19 0.16 0.15 0.15 0.21 -1 -1 -1 -1
Evo 73.51 0.62 6015631.90 203634.35 6.61 8.61 11.12 704768.74 31207.68 0.02 0.12 0.21 359 -1
Result 1 12.0 509 0.44 0.17 0.17 0.18 0.15 0.17 0.15 -1 -1 -1 -1
Evo 49.81 0.74 9999996.77 772000.47 2.61 250002.21 1162792.91 1201826.80 81585.32 0.04 0.02 0.08 66 -1
Result 1 6.0 216 0.45 0.18 0.18 0.18 0.19 0.13 0.13 -1 -1 -1 -1
Evo 78.59 0.62 10000004.87 97172.96 6.61 8.61 12.61 849018.37 46317.75 0.02 0.16 0.46 283 -1
Result 1 18.0 335 0.39 0.13 0.17 0.15 0.14 0.21 0.19 -1 -1 -1 -1
Evo 66.29 0.62 8224853.77 395518.86 8.61 8.62 12.61 1193198.17 57013.21 0.02 0.11 0.23 308 -1
Result 1 12.0 437 0.42 0.16 0.21 0.17 0.13 0.15 0.18 -1 -1 -1 -1
Evo 66.00 1.33 10000001.43 669226.67 4.62 10.61 119055.88 1646347.67 81908.86 0.02 0.09 0.23 172 -1
Result 1 12.0 403 0.42 0.16 0.17 0.14 0.15 0.13 0.24 -1 -1 -1 -1
Evo 75.05 0.64 10000003.92 492615.61 6.61 6.61 6.61 1558573.27 122076.88 0.05 0.07 0.19 142 -1
Result 1 6.0 162 0.36 0.12 0.18 0.21 0.18 0.17 0.14 -1 -1 -1 -1
Evo 62.51 0.64 4719105.74 588424.00 2.61 2.61 779222.83 1088299.76 101928.61 0.06 0.03 0.10 69 -1
Result 1 4.0 113 0.41 0.15 0.14 0.24 0.10 0.18 0.20 -1 -1 -1 -1
Evo 62.92 0.67 7346938.59 555231.60 2.95 4.65 434788.55 1253516.11 52876.39 0.02 0.11 0.21 225 -1
Result 1 8.0 561 0.43 0.16 0.17 0.17 0.17 0.16 0.16 -1 -1 -1 -1
Evo 76.03 0.68 7011496.57 259838.34 6.61 6.61 8.61 976297.69 71585.62 0.04 0.06 0.12 125 -1
Result 1 8.0 185 0.39 0.13 0.22 0.17 0.17 0.15 0.16 -1 -1 -1 -1
Evo 73.71 1.15 6363639.95 215318.89 6.62 8.62 12.61 766769.33 37414.51 0.02 0.13 0.26 368 -1
Result 1 12.0 419 0.39 0.14 0.16 0.15 0.19 0.18 0.18 -1 -1 -1 -1
Evo 62.70 0.95 6015627.26 430632.82 2.61 5.39 6.61 1087289.80 73980.70 0.04 0.05 0.13 167 -1
Result 1 6.0 215 0.40 0.14 0.18 0.18 0.21 0.13 0.16 -1 -1 -1 -1
Evo 79.34 1.10 7073172.12 57213.65 8.61 10.61 12.61 477781.21 22038.40 0.02 0.06 0.15 458 -1
Result 1 14.0 469 0.36 0.12 0.19 0.20 0.17 0.14 0.19 -1 -1 -1 -1
Evo 63.16 0.69 4876033.57 553114.60 2.61 2.61 666669.14 1061254.43 97696.39 0.06 0.03 0.11 68 -1
Result 1 2.0 117 0.42 0.16 0.15 0.17 0.14 0.23 0.15 -1 -1 -1 -1
Evo 74.26 0.68 9999996.71 432014.08 6.61 8.61 8.61 1670775.03 103617.07 0.03 0.10 0.23 212 -1
Result 1 10.0 259 0.47 0.20 0.18 0.14 0.17 0.15 0.16 -1 -1 -1 -1
Evo 57.72 0.68 6190479.40 502486.58 6.61 6.61 465122.32 1117140.76 102408.13 0.06 0.05 0.14 52 -1
Result 1 6.0 118 0.36 0.12 0.20 0.19 0.13 0.12 0.24 -1 -1 -1 -1
Evo 60.15 0.67 5576922.82 592188.99 2.61 2.61 579712.16 1128367.38 103874.64 0.06 0.03 0.11 68 -1
Result 1 2.0 117 0.36 0.12 0.18 0.20 0.20 0.18 0.12 -1 -1 -1 -1
Evo 64.47 0.61 5057473.46 583167.96 2.61 2.62 705884.72 1088998.32 100250.42 0.06 0.04 0.12 67 -1
Result 1 2.0 117 0.45 0.19 0.19 0.11 0.17 0.17 0.18 -1 -1 -1 -1
Evo 61.44 0.65 5677966.61 637035.75 2.61 2.61 930234.68 1204251.96 110860.38 0.06 0.06 0.16 67 -1
Result 1 2.0 117 0.41 0.15 0.15 0.13 0.15 0.20 0.21 -1 -1 -1 -1
Evo 77.91 0.62 6741573.75 239022.31 4.61 8.61 10.61 915051.21 40361.18 0.02 0.12 0.25 101 -1
Result 1 10.0 513 0.40 0.14 0.15 0.17 0.18 0.17 0.19 -1 -1 -1 -1
Evo 75.53 0.61 9999998.50 106399.04 6.61 10.61 12.61 522619.44 20578.12 0.01 0.11 0.20 166 -1
Result 1 12.0 644 0.43 0.17 0.17 0.17 0.18 0.15 0.17 -1 -1 -1 -1
Evo 73.86 0.61 5070424.53 186118.57 2.61 6.61 8.61 646191.03 42242.83 0.03 0.09 0.19 89 -1
Result 1 8.0 233 0.40 0.15 0.21 0.16 0.15 0.16 0.18 -1 -1 -1 -1
Evo 64.73 0.62 5666670.44 360256.15 2.64 6.61 10.61 1096772.14 63322.17 0.03 0.09 0.18 175 -1
Result 1 10.0 299 0.44 0.18 0.15 0.18 0.16 0.16 0.17 -1 -1 -1 -1
Evo 79.25 0.62 5985920.29 33978.01 4.61 8.61 10.61 338776.63 12934.55 0.01 0.10 0.19 90 -1
Result 1 10.0 685 0.41 0.15 0.16 0.18 0.17 0.16 0.17 -1 -1 -1 -1
Evo 82.28 0.62 5470091.40 96357.52 8.61 10.61 10.61 516519.60 16567.37 0.01 0.19 0.37 362 -1
Result 1 10.0 971 0.42 0.15 0.16 0.17 0.17 0.16 0.19 -1 -1 -1 -1
Evo 74.84 0.65 6740740.72 322732.75 2.61 2.61 4.61 1110406.20 95216.55 0.05 0.02 0.06 91 -1
Result 1 4.0 135 0.35 0.11 0.11 0.24 0.24 0.15 0.15 -1 -1 -1 -1
Evo 82.32 0.62 3636369.64 68894.11 4.61 8.61 10.61 393148.38 14838.43 0.01 0.08 0.16 271 -1
Result 1 10.0 701 0.43 0.17 0.16 0.19 0.17 0.15 0.17 -1 -1 -1 -1
Evo 58.70 0.70 8863641.02 560236.72 4.67 13.30 555571.13 1149768.65 43457.17 0.01 0.11 0.19 297 -1
Result 1 16.0 699 0.42 0.15 0.17 0.17 0.15 0.17 0.19 -1 -1 -1 -1
Evo 74.66 0.61 3148161.38 78198.90 4.67 10.62 14.61 297946.87 14608.05 0.02 0.08 0.17 217 -1
Result 1 18.0 415 0.42 0.16 0.20 0.16 0.17 0.15 0.16 -1 -1 -1 -1
Evo 69.38 0.65 5686279.61 231481.47 8.61 10.62 14.62 666401.78 28211.04 0.02 0.08 0.17 279 -1
Result 1 14.0 557 0.44 0.18 0.18 0.16 0.16 0.13 0.18 -1 -1 -1 -1
Evo 73.99 0.61 6740740.65 248782.57 4.61 4.61 4.62 822321.94 40414.92 0.02 0.12 0.28 106 -1
Result 1 4.0 413 0.42 0.16 0.21 0.14 0.18 0.15 0.16 -1 -1 -1 -1
Evo 77.92 0.62 5145635.94 56222.56 5.62 11.61 13.61 349092.72 12373.26 0.01 0.19 0.33 519 -1
Result 1 13.0 795 0.44 0.18 0.14 0.17 0.17 0.17 0.16 -1 -1 -1 -1
Evo 73.65 0.61 6695658.90 186162.41 10.61 14.61 14.62 662749.79 19821.14 0.01 0.19 0.29 91 -1
Result 1 14.0 1117 0.43 0.17 0.17 0.16 0.17 0.18 0.17 -1 -1 -1 -1
Evo 70.57 0.65 10000004.27 96613.90 6.61 8.61 12.61 622267.09 26728.66 0.02 0.11 0.22 195 -1
Result 1 16.0 541 0.42 0.16 0.13 0.16 0.15 0.17 0.23 -1 -1 -1 -1
Evo 76.38 0.61 10000003.15 205813.13 2.62 6.61 6.61 951452.15 48490.49 0.02 0.13 0.33 328 -1
Result 1 8.0 384 0.43 0.16 0.17 0.14 0.18 0.17 0.18 -1 -1 -1 -1
Evo 78.29 0.62 8969697.26 69363.76 10.61 16.78 18.61 420823.26 14383.44 0.01 0.15 0.27 408 -1
Result 1 18.0 855 0.45 0.19 0.17 0.16 0.16 0.13 0.18 -1 -1 -1 -1
Evo 75.87 0.61 7310347.55 363075.53 2.61 2.61 4.61 1219567.48 104577.05 0.05 0.04 0.13 88 -1
Result 1 4.0 135 0.41 0.15 0.15 0.16 0.18 0.24 0.12 -1 -1 -1 -1
Evo 78.60 0.61 9999996.63 176431.68 2.62 4.61 7.61 738077.75 40815.79 0.03 0.08 0.19 197 -1
Result 1 7.0 326 0.41 0.15 0.19 0.16 0.18 0.13 0.19 -1 -1 -1 -1
Evo 71.20 0.74 5461541.42 288498.04 4.64 8.61 12.61 940684.37 48512.09 0.02 0.08 0.15 99 -1
Result 1 12.0 375 0.44 0.18 0.14 0.17 0.19 0.13 0.19 -1 -1 -1 -1
