Evo 83.03 -10000001.70 3.62 -669264.31 0.49 0.61 1.06 2174184.44 148972.66 0.04 0.10 0.22 -1 37
Result 0 3.0 212 0.38 0.13 0.12 0.23 0.21 0.16 0.15 -1 -1 -1 -1
Evo 85.62 -10000003.98 0.62 -617420.38 0.46 0.61 0.61 2008359.18 169134.35 0.05 0.06 0.13 -1 81
Result 0 0.0 140 0.42 0.16 0.18 0.13 0.17 0.21 0.15 -1 -1 -1 -1
Evo 75.91 -10000004.21 3.62 -657508.18 -499996.41 0.61 0.61 1697987.36 117734.24 0.04 0.10 0.20 -1 69
Result 0 3.0 207 0.43 0.16 0.17 0.16 0.19 0.15 0.16 -1 -1 -1 -1
Evo 70.43 -10000003.67 3.12 -1086854.78 -983606.49 0.55 0.61 2302517.09 171619.49 0.04 0.10 0.22 -1 39
Result 0 2.0 179 0.45 0.18 0.14 0.18 0.15 0.19 0.16 -1 -1 -1 -1
Evo 69.25 -10000002.63 3.55 -960483.02 -1097557.60 0.55 0.61 2156051.35 147730.20 0.04 0.11 0.21 -1 82
Result 0 3.0 212 0.44 0.18 0.16 0.19 0.17 0.11 0.20 -1 -1 -1 -1
Evo 81.72 -10000003.51 0.62 -1166880.12 -555555.08 0.61 0.61 2627182.95 219696.08 0.05 0.04 0.11 -1 65
Result 0 0.0 142 0.38 0.13 0.17 0.15 0.16 0.25 0.14 -1 -1 -1 -1
Evo 67.34 -10000001.91 2.19 -1110958.44 -909089.35 -227271.24 1.28 2352832.68 196753.75 0.05 0.06 0.18 -1 35
Result 0 1.0 142 0.34 0.10 0.19 0.15 0.17 0.21 0.18 -1 -1 -1 -1
Evo 71.64 -10000003.09 2.61 -857310.71 -526314.99 0.58 0.61 2148232.32 147541.20 0.04 0.09 0.18 -1 65
Result 0 2.0 211 0.39 0.13 0.16 0.20 0.19 0.17 0.15 -1 -1 -1 -1
Evo 80.53 -10000000.55 3.61 -595683.88 -163934.12 0.61 0.61 1837210.33 136937.57 0.04 0.09 0.21 -1 63
Result 0 3.0 179 0.44 0.18 0.09 0.19 0.18 0.17 0.18 -1 -1 -1 -1
Evo 80.72 -10000003.47 0.62 -714762.17 -416666.26 0.61 0.61 1918075.88 163277.46 0.05 0.04 0.12 -1 74
Result 0 0.0 137 0.40 0.14 0.21 0.09 0.22 0.17 0.16 -1 -1 -1 -1
Evo 75.06 -10000004.14 3.62 -509474.90 -322577.51 0.61 0.61 1598392.85 110828.60 0.04 0.09 0.19 -1 63
Result 0 3.0 207 0.40 0.14 0.18 0.21 0.15 0.14 0.18 -1 -1 -1 -1
Evo 77.68 -10000003.38 1.61 -1187800.65 -1034481.41 0.53 0.61 2579164.37 176721.43 0.04 0.09 0.18 -1 56
Result 0 1.0 212 0.43 0.16 0.13 0.21 0.22 0.14 0.14 -1 -1 -1 -1
Evo 77.83 -10000003.63 3.61 -770301.12 -392153.69 0.60 0.61 2179125.00 149311.18 0.04 0.10 0.19 -1 66
Result 0 3.0 212 0.39 0.14 0.17 0.22 0.18 0.13 0.17 -1 -1 -1 -1
Evo 73.76 -10000004.00 3.61 -756264.47 -634920.00 0.56 0.61 1965804.45 136304.01 0.04 0.10 0.20 -1 53
Result 0 3.0 207 0.33 0.10 0.14 0.23 0.22 0.15 0.16 -1 -1 -1 -1
Evo 81.78 -10000003.00 3.62 -643568.25 0.46 0.61 0.62 2132425.95 146111.42 0.04 0.10 0.18 -1 78
Result 0 3.0 212 0.45 0.19 0.11 0.19 0.19 0.16 0.16 -1 -1 -1 -1
Evo 80.93 -10000003.67 3.62 -508577.79 0.57 0.61 0.62 1934648.67 133186.71 0.04 0.10 0.19 -1 81
Result 0 3.0 210 0.45 0.19 0.12 0.20 0.16 0.16 0.17 -1 -1 -1 -1
Evo 82.52 -10000004.25 3.62 -597934.94 0.57 0.61 0.62 2126473.69 145703.58 0.04 0.10 0.20 -1 88
Result 0 3.0 212 0.40 0.14 0.18 0.23 0.17 0.13 0.15 -1 -1 -1 -1
Evo 76.45 -10000003.55 3.31 -535847.39 -217390.81 0.58 0.61 1718804.53 129193.26 0.04 0.09 0.19 -1 50
Result 0 2.0 176 0.41 0.15 0.12 0.19 0.20 0.19 0.15 -1 -1 -1 -1
Evo 88.15 -10000003.16 0.62 -845695.46 -196078.04 0.61 0.61 2461837.13 205869.16 0.05 0.04 0.12 -1 75
Result 0 0.0 142 0.37 0.12 0.13 0.11 0.24 0.20 0.20 -1 -1 -1 -1
Evo 79.37 -10000002.89 0.62 -1248690.24 -1315789.53 0.53 0.61 2592146.47 216766.18 0.05 0.07 0.14 -1 44
Result 0 0.0 142 0.46 0.20 0.15 0.13 0.21 0.14 0.17 -1 -1 -1 -1
Evo 62.38 -10000002.88 11.62 -1434838.47 -1797743.68 2.86 11.61 2727223.38 203842.25 0.04 0.09 0.17 -1 73
Result 0 12.0 178 0.37 0.12 0.16 0.21 0.15 0.16 0.20 -1 -1 -1 -1
Evo 69.25 -10000004.08 12.62 -976781.42 -249987.92 8.37 12.58 2667440.14 244523.84 0.06 0.05 0.13 -1 65
Result 0 12.0 118 0.35 0.11 0.18 0.25 0.13 0.08 0.26 -1 -1 -1 -1
Evo 63.84 -10000003.23 14.62 -1096987.87 -1234555.84 10.25 12.61 2484013.71 185663.90 0.04 0.11 0.18 -1 62
Result 0 14.0 178 0.40 0.15 0.13 0.16 0.17 0.16 0.22 -1 -1 -1 -1
Evo 68.36 -10000003.45 18.62 -711151.32 1.13 12.61 16.47 2309509.48 172620.84 0.04 0.09 0.18 -1 67
Result 0 18.0 178 0.41 0.15 0.09 0.19 0.15 0.18 0.23 -1 -1 -1 -1
Evo 64.83 -10000002.15 12.61 -1115088.82 -624988.38 5.36 12.43 2767115.91 253661.10 0.06 0.06 0.13 -1 55
Result 0 12.0 118 0.36 0.12 0.16 0.26 0.13 0.11 0.22 -1 -1 -1 -1
Evo 57.20 -10000001.88 18.62 -898561.53 -454533.78 9.61 12.61 2355307.30 176537.75 0.04 0.09 0.18 -1 53
Result 0 18.0 177 0.35 0.11 0.10 0.21 0.15 0.19 0.24 -1 -1 -1 -1
Evo 53.06 -10000001.61 13.70 -1580605.15 -2444433.28 0.64 12.33 2604152.04 194643.46 0.04 0.10 0.19 -1 70
Result 0 13.0 178 0.40 0.14 0.13 0.20 0.18 0.16 0.19 -1 -1 -1 -1
Evo 65.55 -10000003.45 12.62 -1013870.42 -285702.29 8.64 12.55 2775971.42 254472.88 0.06 0.05 0.12 -1 53
Result 0 12.0 118 0.44 0.18 0.13 0.24 0.12 0.08 0.24 -1 -1 -1 -1
Evo 61.58 -10000002.53 12.62 -989874.62 -416654.47 8.00 12.53 2512793.23 232307.82 0.06 0.05 0.13 -1 42
Result 0 12.0 116 0.34 0.10 0.16 0.25 0.11 0.11 0.26 -1 -1 -1 -1
Evo 59.54 -10000002.87 14.62 -984145.93 -937488.71 10.43 12.60 2267856.79 171925.78 0.04 0.09 0.18 -1 55
Result 0 14.0 173 0.41 0.15 0.11 0.22 0.16 0.15 0.21 -1 -1 -1 -1
Evo 62.67 -10000003.55 18.62 -457877.34 3.57 12.58 16.60 1724591.06 130740.91 0.04 0.10 0.18 -1 56
Result 0 18.0 173 0.34 0.10 0.08 0.23 0.11 0.21 0.26 -1 -1 -1 -1
Evo 62.68 -10000002.97 14.61 -1039463.65 -649339.10 5.82 12.61 2456388.45 183599.09 0.04 0.11 0.20 -1 45
Result 0 14.0 178 0.41 0.15 0.11 0.18 0.16 0.16 0.23 -1 -1 -1 -1
Evo 55.38 -10000002.01 13.07 -614224.21 -277765.85 8.73 12.60 1596563.14 138962.98 0.05 0.06 0.17 -1 55
Result 0 12.0 131 0.43 0.17 0.13 0.18 0.22 0.07 0.23 -1 -1 -1 -1
Evo 63.95 -10000003.44 18.61 -503110.39 5.61 12.59 16.60 1969938.96 148489.74 0.04 0.09 0.17 -1 60
Result 0 18.0 175 0.39 0.14 0.11 0.21 0.15 0.15 0.24 -1 -1 -1 -1
Evo 60.31 -10000002.57 13.62 -531079.34 -181808.20 1.85 10.49 1743183.15 132150.37 0.04 0.09 0.20 -1 28
Result 0 13.0 173 0.38 0.13 0.11 0.14 0.21 0.20 0.21 -1 -1 -1 -1
Evo 61.59 -10000003.05 12.62 -1100395.30 -481915.79 8.22 12.56 2695879.13 247130.83 0.06 0.06 0.14 -1 48
Result 0 12.0 118 0.39 0.13 0.14 0.25 0.15 0.07 0.25 -1 -1 -1 -1
Evo 87.86 -10000003.57 18.62 -51189.93 18.58 18.61 18.61 705638.39 15774.61 0.01 0.08 0.18 -1 128
Result 0 18.0 2000 0.43 0.17 0.19 0.13 0.17 0.18 0.16 -1 -1 -1 -1
Evo 75.31 -10000003.89 9.61 -1010627.05 -327860.89 0.61 5.87 2784534.54 255257.86 0.06 0.06 0.13 -1 22
Result 0 9.0 118 0.40 0.14 0.18 0.27 0.09 0.08 0.23 -1 -1 -1 -1
Evo 63.04 -10000002.69 14.61 -1177353.96 -1410246.04 7.54 12.61 2481918.03 185507.26 0.04 0.09 0.19 -1 62
Result 0 14.0 178 0.40 0.15 0.11 0.22 0.16 0.13 0.23 -1 -1 -1 -1
Evo 70.17 -10000001.90 12.61 -974011.14 -263147.68 7.86 10.61 2675598.51 245271.71 0.06 0.05 0.12 -1 54
Result 0 12.0 118 0.32 0.09 0.17 0.29 0.15 0.10 0.20 -1 -1 -1 -1
Evo 62.53 -10000003.64 21.62 -767847.67 2.74 6.61 17.63 2480311.24 200521.28 0.05 0.08 0.18 -1 18
Result 0 21.0 152 0.36 0.12 0.11 0.24 0.17 0.13 0.23 -1 -1 -1 -1
Evo 49.52 -9999999.16 10.56 -848142.60 -624993.94 3.71 6.58 1719719.39 152600.42 0.06 0.07 0.18 -1 17
Result 0 10.0 126 0.36 0.12 0.13 0.24 0.20 0.11 0.20 -1 -1 -1 -1
Evo 58.14 -10000003.25 17.65 -940995.11 -277772.59 5.55 11.27 2634674.45 226756.67 0.05 0.07 0.16 -1 17
Result 0 17.0 134 0.43 0.16 0.09 0.19 0.17 0.13 0.26 -1 -1 -1 -1
Evo 60.67 -10000003.36 22.61 -668673.00 4.74 6.61 17.53 2374577.66 192603.68 0.05 0.09 0.17 -1 17
Result 0 22.0 151 0.41 0.15 0.07 0.17 0.17 0.14 0.30 -1 -1 -1 -1
Evo 52.48 -10000004.60 16.74 -599500.00 -277771.47 6.48 9.76 1963568.22 172216.33 0.05 0.09 0.19 -1 18
Result 0 16.0 129 0.28 0.08 0.15 0.25 0.17 0.09 0.25 -1 -1 -1 -1
Evo 58.34 -10000004.40 11.39 -1540797.07 -1770823.26 -124993.74 6.57 2741367.01 235939.31 0.05 0.08 0.18 -1 14
Result 0 11.0 134 0.44 0.18 0.13 0.19 0.24 0.09 0.17 -1 -1 -1 -1
Evo 46.51 -10000000.50 9.38 -1524616.04 -1927706.22 -405399.20 6.44 2482219.40 216049.47 0.05 0.08 0.17 -1 19
Result 0 10.0 131 0.43 0.17 0.16 0.20 0.19 0.09 0.19 -1 -1 -1 -1
Evo 45.66 -10000004.26 15.34 -1203534.28 -1392392.27 -178565.20 6.58 2403328.91 194935.72 0.05 0.10 0.20 -1 12
Result 0 15.0 151 0.36 0.12 0.14 0.22 0.20 0.14 0.18 -1 -1 -1 -1
Evo 51.45 -10000002.04 16.27 -1026536.81 -781236.17 6.43 6.61 2338718.74 192241.50 0.05 0.10 0.21 -1 17
Result 0 16.0 147 0.41 0.15 0.09 0.19 0.16 0.19 0.22 -1 -1 -1 -1
Evo 56.30 -10000002.35 13.61 -1270175.32 -1176465.40 1.81 5.61 2662146.11 229121.06 0.05 0.08 0.19 -1 17
Result 0 13.0 134 0.39 0.13 0.14 0.22 0.20 0.10 0.21 -1 -1 -1 -1
Evo 47.79 -10000003.19 6.62 -1442628.61 -2249993.80 -392150.67 6.26 2209776.42 193810.21 0.05 0.08 0.18 -1 20
Result 0 8.0 129 0.42 0.16 0.14 0.23 0.18 0.08 0.20 -1 -1 -1 -1
Evo 52.31 -10000004.63 6.65 -1730118.56 -2499993.78 -645153.88 5.81 2672340.79 229998.48 0.05 0.08 0.18 -1 18
Result 0 8.0 134 0.44 0.18 0.14 0.24 0.20 0.10 0.15 -1 -1 -1 -1
Evo 58.04 -10000004.18 20.56 -797210.20 1.90 5.61 15.51 2478529.48 200377.23 0.05 0.10 0.18 -1 21
Result 0 20.0 152 0.39 0.14 0.11 0.19 0.16 0.18 0.23 -1 -1 -1 -1
Evo 61.85 -10000003.63 23.62 -737697.03 4.67 9.16 20.33 2481273.67 200599.09 0.05 0.09 0.19 -1 20
Result 0 23.0 152 0.29 0.08 0.12 0.17 0.16 0.18 0.29 -1 -1 -1 -1
Evo 58.86 -10000003.94 16.97 -1010367.51 -483855.27 5.91 7.28 2546638.34 219179.73 0.05 0.08 0.18 -1 13
Result 0 16.0 134 0.40 0.14 0.13 0.26 0.15 0.10 0.23 -1 -1 -1 -1
Evo 44.91 -10000000.54 9.19 -1353185.18 -2209296.35 -370364.16 6.41 2176527.11 190894.06 0.05 0.08 0.18 -1 18
Result 0 9.0 129 0.39 0.14 0.12 0.25 0.16 0.13 0.21 -1 -1 -1 -1
Evo 52.77 -10000004.20 15.61 -1137607.77 -1132070.17 -232551.81 6.55 2324855.29 189194.04 0.05 0.09 0.19 -1 18
Result 0 15.0 150 0.39 0.13 0.13 0.15 0.16 0.15 0.28 -1 -1 -1 -1
Evo 52.83 -10000003.56 17.06 -1086525.99 -930218.58 5.15 6.61 2520828.88 217766.45 0.05 0.08 0.17 -1 19
Result 0 16.0 133 0.34 0.10 0.14 0.25 0.22 0.07 0.22 -1 -1 -1 -1
Evo 59.42 -10000003.69 17.29 -1029641.96 -597008.66 5.42 8.36 2607941.64 224455.88 0.05 0.08 0.18 -1 14
Result 0 16.0 134 0.44 0.18 0.06 0.21 0.18 0.10 0.28 -1 -1 -1 -1
Evo 48.74 -10000003.44 11.71 -1050686.41 -1219503.56 4.23 6.57 2201871.07 193116.87 0.05 0.09 0.18 -1 6
Result 0 10.0 129 0.35 0.11 0.18 0.25 0.18 0.10 0.18 -1 -1 -1 -1
Evo 86.89 -10000004.58 3.62 -1009410.84 -161286.94 3.58 3.61 2707408.50 266768.89 0.06 0.03 0.06 -1 60
Result 0 3.0 102 0.45 0.18 0.14 0.13 0.19 0.17 0.19 -1 -1 -1 -1
Evo 87.45 -10000003.41 3.62 -650234.59 3.26 3.61 3.61 2227685.00 222768.50 0.07 0.05 0.08 -1 52
Result 0 3.0 99 0.31 0.09 0.20 0.12 0.16 0.25 0.18 -1 -1 -1 -1
Evo 86.79 -10000003.13 3.62 -938118.79 0.61 3.58 3.61 2707362.64 266764.37 0.06 0.03 0.06 -1 70
Result 0 3.0 102 0.40 0.15 0.17 0.13 0.19 0.17 0.20 -1 -1 -1 -1
Evo 95.99 -10000004.13 3.62 -1229453.39 0.61 3.61 3.61 2984257.91 291233.75 0.06 0.03 0.06 -1 62
Result 0 3.0 104 0.37 0.12 0.20 0.13 0.14 0.19 0.21 -1 -1 -1 -1
Evo 75.64 -9999997.41 3.62 -507372.75 2.66 3.61 3.61 1812540.30 183094.22 0.07 0.02 0.05 -1 78
Result 0 3.0 97 0.35 0.11 0.16 0.11 0.24 0.17 0.19 -1 -1 -1 -1
Evo 85.37 -10000002.57 3.62 -638755.67 0.61 0.62 3.61 2219113.66 221911.37 0.07 0.03 0.07 -1 77
Result 0 3.0 99 0.47 0.21 0.13 0.11 0.18 0.17 0.20 -1 -1 -1 -1
Evo 87.50 -10000004.16 3.62 -1048355.71 2.58 3.61 3.61 2843713.07 278849.01 0.06 0.04 0.06 -1 60
Result 0 3.0 103 0.39 0.13 0.20 0.13 0.21 0.18 0.14 -1 -1 -1 -1
Evo 80.86 -10000003.02 3.62 -817766.58 3.28 3.61 3.61 2555923.21 253074.11 0.07 0.02 0.05 -1 71
Result 0 3.0 101 0.31 0.09 0.16 0.14 0.18 0.16 0.28 -1 -1 -1 -1
Evo 90.20 -10000003.44 3.62 -1098249.01 0.61 3.61 3.61 2942359.07 287144.84 0.06 0.03 0.05 -1 58
Result 0 3.0 104 0.49 0.23 0.12 0.11 0.13 0.22 0.18 -1 -1 -1 -1
Evo 88.30 -10000003.84 3.62 -994681.40 2.08 3.61 3.61 2829195.94 277425.49 0.06 0.02 0.06 -1 70
Result 0 3.0 103 0.39 0.13 0.14 0.10 0.12 0.27 0.24 -1 -1 -1 -1
Evo 93.80 -10000004.10 3.62 -1135193.90 1.28 3.61 3.61 2966602.72 289510.78 0.06 0.03 0.06 -1 71
Result 0 3.0 104 0.41 0.15 0.11 0.15 0.22 0.18 0.18 -1 -1 -1 -1
Evo 85.12 -10000001.04 3.62 -637779.96 0.61 1.02 3.61 2212689.62 221268.96 0.07 0.03 0.06 -1 62
Result 0 3.0 99 0.43 0.17 0.17 0.13 0.18 0.16 0.19 -1 -1 -1 -1
Evo 85.76 -10000003.46 3.62 -1126249.36 -238091.88 3.56 3.61 2937846.95 286704.50 0.06 0.03 0.07 -1 59
Result 0 3.0 104 0.45 0.18 0.18 0.11 0.13 0.26 0.13 -1 -1 -1 -1
Evo 79.87 -10000002.30 3.62 -454533.57 3.49 3.61 3.61 1800533.59 181881.36 0.07 0.02 0.05 -1 73
Result 0 3.0 97 0.41 0.15 0.16 0.10 0.18 0.23 0.16 -1 -1 -1 -1
Evo 85.40 -10000001.98 3.62 -1107104.52 0.58 0.61 0.62 2949594.59 287850.96 0.06 0.03 0.10 -1 38
Result 0 3.0 104 0.40 0.14 0.14 0.14 0.12 0.21 0.24 -1 -1 -1 -1
Evo 73.12 -10000004.24 3.62 -696891.49 0.61 3.34 3.61 2017088.84 202725.06 0.07 0.03 0.06 -1 64
Result 0 3.0 98 0.47 0.20 0.15 0.11 0.16 0.18 0.19 -1 -1 -1 -1
Evo 86.71 -10000003.96 3.62 -962652.13 2.19 3.61 3.61 2709699.54 266994.63 0.06 0.03 0.06 -1 55
Result 0 3.0 102 0.34 0.11 0.17 0.15 0.18 0.20 0.18 -1 -1 -1 -1
Evo 92.84 -10000004.07 3.62 -1155309.60 0.62 3.58 3.61 2967117.24 289560.99 0.06 0.03 0.06 -1 57
Result 0 3.0 104 0.32 0.10 0.17 0.10 0.18 0.21 0.24 -1 -1 -1 -1
Evo 84.93 -10000003.72 3.62 -1016205.52 0.62 3.61 3.61 2835232.50 278017.42 0.06 0.02 0.05 -1 74
Result 0 3.0 103 0.47 0.20 0.13 0.11 0.17 0.19 0.19 -1 -1 -1 -1
Evo 92.71 -10000004.39 3.62 -1110964.18 1.88 3.61 3.61 2957112.87 288584.67 0.06 0.03 0.05 -1 71
Result 0 3.0 104 0.44 0.17 0.19 0.14 0.16 0.20 0.13 -1 -1 -1 -1
Evo 95.13 -10000003.24 0.62 -1320480.01 -294117.25 0.61 0.61 3251331.02 356879.94 0.08 0.01 0.02 -1 35
Result 0 0.0 82 0.40 0.14 0.11 0.20 0.25 0.13 0.16 -1 -1 -1 -1
Evo 104.67 -10000004.04 0.62 -1293029.38 0.47 0.61 0.61 3260412.13 357876.73 0.08 0.01 0.02 -1 35
Result 0 0.0 82 0.48 0.22 0.20 0.19 0.13 0.11 0.14 -1 -1 -1 -1
Evo 86.62 -10000003.25 0.62 -627788.10 0.55 0.61 0.61 2241650.93 255459.83 0.08 0.01 0.01 -1 41
Result 0 0.0 76 0.49 0.23 0.13 0.16 0.22 0.12 0.14 -1 -1 -1 -1
Evo 101.84 -10000002.31 0.62 -1301722.21 0.43 0.61 0.61 3262777.13 358136.32 0.08 0.01 0.02 -1 46
Result 0 0.0 82 0.40 0.14 0.19 0.17 0.20 0.07 0.22 -1 -1 -1 -1
Evo 93.44 -10000003.82 0.62 -1293609.72 0.42 0.61 0.61 3258553.95 357672.76 0.08 0.01 0.02 -1 42
Result 0 0.0 82 0.46 0.19 0.17 0.25 0.14 0.11 0.13 -1 -1 -1 -1
Evo 97.86 -10000004.11 0.62 -984929.66 0.47 0.61 0.61 2829298.30 316325.17 0.08 0.01 0.01 -1 41
Result 0 0.0 79 0.43 0.16 0.09 0.19 0.16 0.19 0.21 -1 -1 -1 -1
Evo 94.60 -10000003.87 0.62 -1279803.69 -185184.77 0.61 0.61 3257668.42 357575.56 0.08 0.00 0.01 -1 40
Result 0 0.0 82 0.42 0.16 0.20 0.18 0.27 0.06 0.13 -1 -1 -1 -1
Evo 99.55 -10000003.99 0.62 -1298338.66 0.38 0.61 0.61 3257396.08 357545.67 0.08 0.01 0.02 -1 39
Result 0 0.0 82 0.49 0.24 0.18 0.13 0.24 0.06 0.14 -1 -1 -1 -1
Evo 98.72 -10000004.34 0.62 -1295932.26 0.45 0.61 0.61 3261325.17 357976.94 0.08 0.01 0.02 -1 40
Result 0 0.0 82 0.40 0.14 0.17 0.22 0.17 0.12 0.18 -1 -1 -1 -1
Evo 98.04 -10000003.42 0.62 -1344853.09 -370369.97 0.58 0.61 3247599.76 356470.38 0.08 0.01 0.02 -1 38
Result 0 0.0 82 0.51 0.27 0.08 0.20 0.17 0.14 0.13 -1 -1 -1 -1
Evo 93.23 -10000002.57 0.62 -1303182.88 -273972.31 0.61 0.61 3252806.79 357041.93 0.08 0.00 0.01 -1 41
Result 0 0.0 82 0.48 0.22 0.18 0.14 0.22 0.06 0.18 -1 -1 -1 -1
Evo 106.35 -10000002.85 0.62 -1276432.69 0.47 0.61 0.61 3263123.42 358174.33 0.08 0.00 0.01 -1 46
Result 0 0.0 82 0.43 0.17 0.14 0.23 0.24 0.08 0.13 -1 -1 -1 -1
Evo 86.96 -10000002.73 0.62 -1275135.32 -1369862.81 0.57 0.61 2808033.72 313947.71 0.08 0.01 0.02 -1 39
Result 0 0.0 79 0.39 0.14 0.20 0.16 0.16 0.15 0.19 -1 -1 -1 -1
Evo 98.59 -10000003.94 0.62 -1348963.85 -344827.02 0.61 0.61 3251161.01 356861.28 0.08 0.01 0.02 -1 35
Result 0 0.0 82 0.49 0.24 0.22 0.19 0.16 0.10 0.10 -1 -1 -1 -1
Evo 101.05 -10000004.65 0.62 -1306526.79 -277777.41 0.61 0.61 3255507.97 357338.42 0.08 0.01 0.02 -1 35
Result 0 0.0 82 0.42 0.16 0.20 0.14 0.18 0.16 0.16 -1 -1 -1 -1
Evo 87.16 -10000003.02 0.62 -1031338.93 -285713.71 0.58 0.61 2828999.81 316291.79 0.08 0.01 0.02 -1 25
Result 0 0.0 79 0.44 0.18 0.23 0.14 0.15 0.15 0.16 -1 -1 -1 -1
Evo 99.46 -10000003.76 0.62 -1296591.99 -172413.35 0.61 0.61 3256913.36 357492.69 0.08 0.00 0.01 -1 46
Result 0 0.0 82 0.43 0.17 0.16 0.16 0.18 0.14 0.19 -1 -1 -1 -1
Evo 98.89 -10000003.15 0.62 -1340632.51 -444444.13 0.56 0.61 3245557.62 356246.23 0.08 0.01 0.02 -1 35
Result 0 0.0 82 0.42 0.16 0.16 0.19 0.22 0.13 0.14 -1 -1 -1 -1
Evo 100.77 -10000002.78 0.62 -1287113.42 -181817.82 0.61 0.61 3256310.23 357426.48 0.08 0.00 0.01 -1 35
Result 0 0.0 82 0.46 0.19 0.14 0.17 0.20 0.10 0.19 -1 -1 -1 -1
Evo 103.52 -10000002.37 0.62 -1298199.52 0.48 0.61 0.61 3256982.74 357500.30 0.08 0.01 0.01 -1 40
Result 0 0.0 82 0.45 0.18 0.22 0.19 0.16 0.08 0.17 -1 -1 -1 -1
