Evo 88.80 -39.39 10000004.99 99883.64 -27.39 -15.39 -4.38 994994.16 31448.76 0.01 0.22 0.52 991 -1
Result 1 1.0 1000 0.42 0.16 0.15 0.16 0.17 0.19 0.17 -1 -1 -1 -1
Evo 89.18 -43.39 10000004.73 99881.35 -31.38 -18.39 -6.38 994994.20 31448.76 0.01 0.14 0.28 991 -1
Result 1 1.0 1000 0.42 0.15 0.16 0.18 0.17 0.16 0.18 -1 -1 -1 -1
Evo 89.26 -47.39 10000005.09 99881.04 -31.38 -18.39 -6.38 994994.42 31448.77 0.01 0.17 0.37 991 -1
Result 1 1.0 1000 0.45 0.15 0.16 0.19 0.16 0.17 0.18 -1 -1 -1 -1
Evo 88.67 -43.39 10000004.28 99881.72 -31.38 -16.39 -6.38 994994.33 31448.76 0.01 0.12 0.23 991 -1
Result 1 1.0 1000 0.44 0.16 0.15 0.17 0.18 0.16 0.16 -1 -1 -1 -1
Evo 89.89 -46.39 10000004.69 99881.15 -31.38 -15.39 -6.38 994994.52 31448.77 0.01 0.12 0.25 991 -1
Result 1 1.0 1000 0.44 0.18 0.18 0.19 0.13 0.18 0.15 -1 -1 -1 -1
Evo 89.92 -34.39 10000004.30 99881.97 -31.38 -18.39 -6.38 994994.25 31448.76 0.01 0.17 0.37 991 -1
Result 1 1.0 1000 0.41 0.18 0.17 0.14 0.15 0.17 0.18 -1 -1 -1 -1
Evo 88.54 -38.39 10000004.36 99884.21 -25.39 -13.39 -6.39 994994.09 31448.76 0.01 0.21 0.47 991 -1
Result 1 1.0 1000 0.44 0.17 0.17 0.17 0.18 0.17 0.14 -1 -1 -1 -1
Evo 86.15 -34.40 10000003.68 99883.01 -30.39 -15.39 -6.38 994994.22 31448.76 0.01 0.27 0.62 991 -1
Result 1 1.0 1000 0.42 0.15 0.17 0.15 0.17 0.17 0.18 -1 -1 -1 -1
Evo 89.38 -42.39 10000004.88 99881.20 -31.38 -18.39 -8.38 994994.52 31448.77 0.01 0.13 0.25 991 -1
Result 1 1.0 1000 0.44 0.17 0.17 0.19 0.15 0.17 0.15 -1 -1 -1 -1
Evo 88.76 -43.39 10000004.93 99881.74 -31.38 -18.39 -6.38 994994.40 31448.77 0.01 0.21 0.37 991 -1
Result 1 1.0 1000 0.44 0.15 0.16 0.18 0.15 0.16 0.20 -1 -1 -1 -1
Evo 88.71 -43.39 10000004.73 99881.38 -31.38 -18.39 -6.38 994994.46 31448.77 0.01 0.17 0.37 991 -1
Result 1 1.0 1000 0.41 0.18 0.17 0.18 0.17 0.15 0.16 -1 -1 -1 -1
Evo 87.62 -37.39 10000003.63 99882.91 -25.39 -18.39 -6.38 994994.15 31448.76 0.01 0.18 0.35 991 -1
Result 1 1.0 1000 0.42 0.16 0.16 0.16 0.17 0.16 0.18 -1 -1 -1 -1
Evo 88.98 -43.39 10000003.60 99880.88 -31.38 -18.39 -6.38 994994.47 31448.77 0.01 0.18 0.32 991 -1
Result 1 1.0 1000 0.42 0.15 0.18 0.16 0.16 0.16 0.19 -1 -1 -1 -1
Evo 88.63 -38.39 10000003.85 99883.32 -25.39 -18.39 -6.38 994994.13 31448.76 0.01 0.20 0.41 991 -1
Result 1 1.0 1000 0.44 0.15 0.17 0.18 0.16 0.18 0.16 -1 -1 -1 -1
Evo 89.52 -43.39 10000004.25 99881.28 -31.38 -18.39 -6.38 994994.36 31448.76 0.01 0.17 0.34 991 -1
Result 1 1.0 1000 0.43 0.17 0.17 0.17 0.19 0.16 0.15 -1 -1 -1 -1
Evo 89.30 -47.39 10000004.50 99878.56 -35.39 -22.39 -6.38 994994.70 31448.77 0.01 0.25 0.58 991 -1
Result 1 1.0 1000 0.43 0.17 0.18 0.16 0.19 0.16 0.14 -1 -1 -1 -1
Evo 88.13 -43.39 10000003.38 99880.64 -30.39 -22.39 -6.38 994994.32 31448.76 0.01 0.21 0.43 991 -1
Result 1 1.0 1000 0.45 0.18 0.17 0.15 0.15 0.18 0.18 -1 -1 -1 -1
Evo 89.30 -25.39 10000003.75 99885.16 -25.38 -19.39 -6.38 994993.90 31448.75 0.01 0.17 0.35 991 -1
Result 1 1.0 1000 0.42 0.16 0.16 0.16 0.16 0.18 0.17 -1 -1 -1 -1
Evo 89.08 -36.39 10000004.44 99882.73 -28.39 -18.39 -6.38 994994.29 31448.76 0.01 0.17 0.30 991 -1
Result 1 1.0 1000 0.43 0.15 0.17 0.16 0.17 0.16 0.18 -1 -1 -1 -1
Evo 89.22 -43.39 10000004.30 99881.73 -31.38 -18.38 -6.38 994994.29 31448.76 0.01 0.13 0.23 991 -1
Result 1 1.0 1000 0.43 0.17 0.18 0.17 0.16 0.16 0.17 -1 -1 -1 -1
Evo 89.48 -49.39 10000004.92 99884.00 -22.39 -18.39 -6.38 994994.06 31448.75 0.01 0.19 0.39 991 -1
Result 1 1.0 1000 0.43 0.16 0.17 0.17 0.16 0.16 0.18 -1 -1 -1 -1
Evo 89.39 -18.39 10000004.61 99887.78 -18.39 -18.38 -6.38 994993.75 31448.74 0.01 0.17 0.32 991 -1
Result 1 1.0 1000 0.45 0.16 0.16 0.15 0.17 0.18 0.17 -1 -1 -1 -1
Evo 83.46 -29.39 10000004.96 99887.75 -16.38 -13.39 -6.38 994993.79 31448.75 0.01 0.16 0.31 991 -1
Result 1 1.0 1000 0.43 0.17 0.20 0.16 0.18 0.13 0.15 -1 -1 -1 -1
Evo 88.53 -2.40 10000004.32 99898.18 -2.39 -2.39 -2.38 994992.87 31448.72 0.01 0.21 0.39 991 -1
Result 1 1.0 1000 0.43 0.16 0.17 0.17 0.15 0.17 0.17 -1 -1 -1 -1
Evo 89.53 -47.39 10000004.79 99880.60 -35.38 -18.39 -6.38 994994.43 31448.77 0.01 0.21 0.48 991 -1
Result 1 1.0 1000 0.42 0.18 0.17 0.17 0.17 0.15 0.15 -1 -1 -1 -1
Evo 89.55 -39.39 10000004.59 99881.22 -33.39 -19.39 -6.38 994994.48 31448.77 0.01 0.19 0.38 991 -1
Result 1 1.0 1000 0.41 0.15 0.16 0.15 0.18 0.18 0.18 -1 -1 -1 -1
Evo 89.00 -2.39 10000005.15 99899.46 -0.39 -0.39 -0.39 994992.70 31448.71 0.01 0.19 0.41 991 -1
Result 1 1.0 1000 0.45 0.19 0.14 0.17 0.18 0.15 0.16 -1 -1 -1 -1
Evo 89.02 -47.39 10000002.04 99894.23 0.61 0.61 0.61 994992.82 31448.72 0.01 0.20 0.37 991 -1
Result 1 1.0 1000 0.43 0.17 0.14 0.17 0.18 0.16 0.18 -1 -1 -1 -1
Evo 63.91 -37.39 10000004.91 99886.62 -27.49 -5.23 -4.39 994993.88 31448.75 0.01 0.16 0.35 991 -1
Result 1 1.0 1000 0.51 0.12 0.12 0.27 0.11 0.26 0.12 -1 -1 -1 -1
Evo 88.74 -43.39 10000003.66 99881.14 -31.38 -21.39 -6.38 994994.32 31448.76 0.01 0.18 0.37 991 -1
Result 1 1.0 1000 0.45 0.16 0.17 0.17 0.18 0.14 0.17 -1 -1 -1 -1
Evo 89.20 -37.39 10000005.03 99887.47 -27.39 -6.39 -6.38 994993.68 31448.74 0.01 0.15 0.33 991 -1
Result 1 1.0 1000 0.43 0.16 0.17 0.17 0.16 0.16 0.18 -1 -1 -1 -1
Evo 88.11 -45.39 10000004.44 99882.07 -31.38 -15.38 -6.38 994994.28 31448.76 0.01 0.19 0.42 991 -1
Result 1 1.0 1000 0.43 0.19 0.17 0.15 0.16 0.15 0.17 -1 -1 -1 -1
Evo 88.98 -22.39 10000005.01 99885.58 -22.39 -19.39 -6.38 994993.99 31448.75 0.01 0.15 0.34 991 -1
Result 1 1.0 1000 0.43 0.17 0.18 0.17 0.17 0.17 0.14 -1 -1 -1 -1
Evo 68.26 -30.71 10000004.50 99889.72 -26.39 -3.54 -3.39 994993.54 31448.74 0.01 0.17 0.35 991 -1
Result 1 1.0 1000 0.50 0.12 0.14 0.25 0.14 0.24 0.11 -1 -1 -1 -1
Evo 88.78 -36.39 10000004.67 99883.01 -34.38 -16.39 -6.38 994994.20 31448.76 0.01 0.15 0.32 991 -1
Result 1 1.0 1000 0.43 0.15 0.18 0.17 0.17 0.17 0.17 -1 -1 -1 -1
Evo 74.42 -18.24 10000004.84 99892.84 -16.39 -7.39 0.61 994993.11 31448.72 0.01 0.15 0.31 991 -1
Result 1 2.0 1000 0.41 0.16 0.12 0.21 0.15 0.21 0.14 -1 -1 -1 -1
Evo 88.93 -36.39 10000004.36 99883.82 -26.39 -16.39 -6.38 994994.03 31448.75 0.01 0.21 0.43 991 -1
Result 1 1.0 1000 0.42 0.16 0.18 0.18 0.16 0.16 0.16 -1 -1 -1 -1
Evo 77.24 -23.39 10000004.55 99890.99 -13.39 -7.70 -4.11 994993.33 31448.73 0.01 0.24 0.56 991 -1
Result 1 1.0 1000 0.46 0.14 0.14 0.22 0.15 0.20 0.15 -1 -1 -1 -1
Evo 88.68 -43.39 10000004.64 99881.86 -26.39 -18.39 -6.38 994994.30 31448.76 0.01 0.24 0.47 991 -1
Result 1 1.0 1000 0.44 0.16 0.16 0.17 0.18 0.18 0.16 -1 -1 -1 -1
Evo 88.23 -42.39 10000004.20 99881.69 -32.38 -19.39 -5.38 994994.38 31448.76 0.01 0.24 0.50 991 -1
Result 1 1.0 1000 0.42 0.14 0.17 0.20 0.16 0.17 0.16 -1 -1 -1 -1
Evo 90.37 -10000004.34 0.62 -128715.58 -24.39 -18.39 0.61 1127861.09 40461.79 0.01 0.18 0.38 -1 767
Result 0 -35.0 776 0.41 0.17 0.17 0.15 0.17 0.17 0.16 -1 -1 -1 -1
Evo 89.56 -39.39 10000004.05 99877.68 -36.39 -23.39 -11.38 994994.78 31448.78 0.01 0.18 0.39 991 -1
Result 1 1.0 1000 0.45 0.17 0.15 0.18 0.15 0.18 0.16 -1 -1 -1 -1
Evo 88.94 -44.39 10000004.05 99877.69 -35.39 -22.39 -10.39 994994.68 31448.77 0.01 0.15 0.34 991 -1
Result 1 1.0 1000 0.46 0.17 0.16 0.16 0.17 0.19 0.15 -1 -1 -1 -1
Evo 88.42 -45.39 10000004.72 99895.97 -0.39 -0.39 -0.38 994992.99 31448.72 0.01 0.18 0.39 991 -1
Result 1 1.0 1000 0.44 0.17 0.17 0.18 0.14 0.18 0.17 -1 -1 -1 -1
Evo 89.09 -42.39 10000004.76 99893.97 -0.39 -0.39 -0.38 994993.22 31448.73 0.01 0.16 0.38 991 -1
Result 1 1.0 1000 0.43 0.16 0.17 0.16 0.16 0.18 0.17 -1 -1 -1 -1
Evo 90.67 -10000003.32 0.62 -100304.52 -0.39 -0.39 -0.38 996967.82 31574.29 0.01 0.22 0.38 -1 987
Result 0 -46.0 996 0.40 0.16 0.19 0.14 0.18 0.17 0.16 -1 -1 -1 -1
Evo 89.07 -48.39 10000004.81 99877.54 -36.39 -21.39 -11.38 994994.70 31448.77 0.01 0.18 0.37 991 -1
Result 1 1.0 1000 0.45 0.16 0.18 0.17 0.18 0.15 0.16 -1 -1 -1 -1
Evo 72.86 -10000003.81 0.62 -111607.12 -26.40 -24.38 -11.38 1020516.42 32320.08 0.01 0.14 0.30 -1 947
Result 0 -43.0 996 0.40 0.15 0.23 0.16 0.19 0.14 0.14 -1 -1 -1 -1
Evo 88.73 -37.39 10000003.03 99884.88 -25.38 -14.39 -0.38 994993.89 31448.75 0.01 0.19 0.41 991 -1
Result 1 1.0 1000 0.41 0.18 0.16 0.15 0.18 0.15 0.19 -1 -1 -1 -1
Evo 90.29 -10000002.87 0.62 -104496.61 -0.39 -0.39 0.61 1017395.69 32887.73 0.01 0.19 0.45 -1 947
Result 0 -44.0 956 0.41 0.18 0.17 0.15 0.17 0.17 0.15 -1 -1 -1 -1
Evo 94.58 -10000003.20 0.62 -421942.60 -6.39 0.61 0.61 2014571.53 130860.48 0.03 0.08 0.26 -1 227
Result 0 -7.0 236 0.36 0.16 0.18 0.16 0.11 0.19 0.19 -1 -1 -1 -1
Evo 89.56 -31.39 10000004.32 99886.62 -15.39 -15.39 -0.38 994993.75 31448.74 0.01 0.22 0.44 991 -1
Result 1 1.0 1000 0.43 0.15 0.17 0.15 0.18 0.17 0.17 -1 -1 -1 -1
Evo 88.49 -37.39 10000005.16 99884.30 -27.38 -12.39 -11.39 994994.22 31448.76 0.01 0.16 0.32 991 -1
Result 1 1.0 1000 0.44 0.17 0.18 0.17 0.16 0.15 0.16 -1 -1 -1 -1
Evo 92.51 -10000004.55 0.62 -239811.31 -0.39 0.61 0.61 1531730.69 75009.17 0.02 0.09 0.22 -1 407
Result 0 -17.0 416 0.44 0.20 0.16 0.17 0.15 0.16 0.16 -1 -1 -1 -1
Evo 88.40 -48.39 10000004.55 99876.68 -36.39 -23.39 -11.38 994994.77 31448.78 0.01 0.20 0.39 991 -1
Result 1 1.0 1000 0.43 0.15 0.16 0.17 0.17 0.18 0.17 -1 -1 -1 -1
Evo 89.65 -48.39 10000005.18 99877.55 -36.38 -23.39 -11.39 994994.81 31448.78 0.01 0.11 0.25 991 -1
Result 1 1.0 1000 0.42 0.18 0.15 0.17 0.19 0.16 0.16 -1 -1 -1 -1
Evo 91.48 -10000003.31 0.62 -239810.62 -0.39 0.61 0.61 1531730.49 75009.16 0.02 0.10 0.25 -1 407
Result 0 -17.0 416 0.43 0.15 0.19 0.18 0.17 0.17 0.14 -1 -1 -1 -1
Evo 89.11 -39.39 10000004.62 99887.83 -36.39 -0.39 -0.38 994993.66 31448.74 0.01 0.21 0.48 991 -1
Result 1 1.0 1000 0.45 0.15 0.17 0.18 0.15 0.18 0.17 -1 -1 -1 -1
Evo 71.04 -35.39 10000004.64 99880.13 -30.83 -23.39 -11.39 994994.60 31448.77 0.01 0.17 0.39 991 -1
Result 1 1.0 1000 0.47 0.14 0.23 0.13 0.20 0.15 0.14 -1 -1 -1 -1
Evo 91.51 -10000003.41 0.62 -173317.22 -12.39 -12.39 0.61 1306147.08 54375.61 0.02 0.17 0.35 -1 567
Result 0 -17.0 576 0.43 0.16 0.17 0.17 0.14 0.19 0.17 -1 -1 -1 -1
Evo 46.42 -31.01 10000004.20 99889.34 -15.32 -13.70 -1.45 994993.44 31448.73 0.01 0.09 0.23 991 -1
Result 1 1.0 1000 0.34 0.13 0.28 0.11 0.28 0.10 0.09 -1 -1 -1 -1
Evo 88.10 -45.39 10000004.80 99886.12 -25.39 -7.39 -5.39 994994.02 31448.75 0.01 0.23 0.48 991 -1
Result 1 1.0 1000 0.44 0.17 0.16 0.18 0.17 0.17 0.14 -1 -1 -1 -1
Evo 89.07 -41.39 10000004.22 99885.17 -22.39 -11.39 -2.39 994994.02 31448.75 0.01 0.25 0.49 991 -1
Result 1 1.0 1000 0.45 0.14 0.17 0.18 0.16 0.17 0.18 -1 -1 -1 -1
Evo 89.13 -36.39 10000003.65 99885.13 -24.39 -13.39 -6.38 994993.95 31448.75 0.01 0.22 0.43 991 -1
Result 1 1.0 1000 0.44 0.15 0.16 0.18 0.18 0.18 0.15 -1 -1 -1 -1
Evo 88.77 -43.39 10000003.51 99881.71 -31.38 -17.39 -6.39 994994.19 31448.76 0.01 0.17 0.35 991 -1
Result 1 1.0 1000 0.44 0.16 0.17 0.16 0.18 0.18 0.15 -1 -1 -1 -1
Evo 87.71 -39.39 10000003.16 99883.81 -26.39 -18.39 -0.39 994993.96 31448.75 0.01 0.20 0.36 991 -1
Result 1 1.0 1000 0.42 0.16 0.16 0.18 0.18 0.15 0.16 -1 -1 -1 -1
Evo 85.69 -42.39 10000004.04 99885.56 -27.39 -14.38 -0.43 994993.97 31448.75 0.01 0.23 0.42 991 -1
Result 1 1.0 1000 0.44 0.16 0.15 0.18 0.18 0.18 0.16 -1 -1 -1 -1
Evo 88.89 -39.39 10000004.81 99885.28 -17.39 -13.39 -6.38 994993.98 31448.75 0.01 0.13 0.29 991 -1
Result 1 1.0 1000 0.46 0.17 0.15 0.16 0.19 0.17 0.15 -1 -1 -1 -1
Evo 88.31 -43.39 10000004.09 99883.51 -31.38 -14.39 -1.39 994994.09 31448.76 0.01 0.20 0.44 991 -1
Result 1 1.0 1000 0.43 0.16 0.16 0.17 0.18 0.17 0.17 -1 -1 -1 -1
Evo 72.37 -35.79 10000004.44 99884.04 -28.39 -17.39 -2.55 994994.09 31448.76 0.01 0.18 0.40 991 -1
Result 1 1.0 1000 0.43 0.12 0.15 0.20 0.17 0.23 0.13 -1 -1 -1 -1
Evo 89.84 -43.39 10000004.24 99881.58 -31.38 -18.39 -4.38 994994.35 31448.76 0.01 0.19 0.41 991 -1
Result 1 1.0 1000 0.47 0.15 0.16 0.21 0.15 0.17 0.15 -1 -1 -1 -1
Evo 86.87 -42.39 10000004.71 99885.11 -26.39 -13.39 -4.39 994994.06 31448.75 0.01 0.25 0.47 991 -1
Result 1 1.0 1000 0.44 0.14 0.16 0.17 0.18 0.16 0.19 -1 -1 -1 -1
Evo 87.80 -37.39 10000005.12 99883.65 -28.39 -17.39 -5.38 994994.23 31448.76 0.01 0.21 0.38 991 -1
Result 1 1.0 1000 0.42 0.17 0.16 0.17 0.17 0.16 0.16 -1 -1 -1 -1
Evo 88.67 -39.39 10000003.82 99882.36 -31.38 -18.39 -4.39 994994.19 31448.76 0.01 0.23 0.46 991 -1
Result 1 1.0 1000 0.44 0.14 0.17 0.16 0.18 0.19 0.16 -1 -1 -1 -1
Evo 87.92 -35.39 10000003.91 99887.51 -23.38 -10.39 -1.39 994993.66 31448.74 0.01 0.21 0.39 991 -1
Result 1 1.0 1000 0.42 0.17 0.17 0.17 0.16 0.16 0.16 -1 -1 -1 -1
Evo 89.32 -41.39 10000004.32 99882.25 -28.39 -18.39 -6.38 994994.29 31448.76 0.01 0.17 0.33 991 859
Result 1 1.0 1000 0.43 0.18 0.17 0.14 0.17 0.18 0.16 -1 -1 -1 -1
Evo 87.46 -39.09 10000004.49 99883.65 -28.38 -16.39 -2.39 994994.21 31448.76 0.01 0.23 0.45 991 -1
Result 1 1.0 1000 0.41 0.16 0.16 0.20 0.15 0.17 0.16 -1 -1 -1 -1
Evo 88.54 -38.39 10000003.60 99884.44 -26.38 -13.39 -6.38 994994.08 31448.76 0.01 0.20 0.36 991 -1
Result 1 1.0 1000 0.41 0.16 0.17 0.17 0.15 0.17 0.18 -1 -1 -1 -1
Evo 86.85 -44.39 10000004.00 99883.56 -27.39 -18.39 -4.38 994994.13 31448.76 0.01 0.25 0.52 991 -1
Result 1 1.0 1000 0.45 0.17 0.17 0.18 0.18 0.16 0.14 -1 -1 -1 -1
Evo 68.87 -40.15 10000004.23 99883.24 -29.79 -20.39 -0.38 994994.21 31448.76 0.01 0.21 0.43 991 -1
Result 1 1.0 1000 0.36 0.13 0.26 0.14 0.22 0.12 0.13 -1 -1 -1 -1
Evo 89.52 -46.39 10000003.09 99881.77 -25.38 -17.39 -9.39 994994.36 31448.76 0.01 0.16 0.25 991 -1
Result 1 1.0 1000 0.42 0.19 0.15 0.16 0.17 0.16 0.17 -1 -1 -1 -1
Evo 88.51 -46.39 10000002.55 99878.44 -34.39 -21.39 -9.39 994994.58 31448.77 0.01 0.19 0.40 991 -1
Result 1 1.0 1000 0.42 0.17 0.15 0.16 0.18 0.17 0.16 -1 -1 -1 -1
Evo 76.20 -45.88 10000004.44 99881.52 -24.49 -16.42 -7.39 994994.21 31448.76 0.01 0.15 0.26 991 -1
Result 1 1.0 1000 0.46 0.15 0.12 0.20 0.14 0.26 0.14 -1 -1 -1 -1
Evo 89.51 -37.39 10000004.68 99884.71 -25.38 -11.39 -9.38 994994.00 31448.75 0.01 0.19 0.35 991 -1
Result 1 1.0 1000 0.41 0.17 0.16 0.18 0.17 0.15 0.17 -1 -1 -1 -1
Evo 89.65 -46.39 10000003.07 99878.70 -34.39 -21.39 -5.39 994994.37 31448.76 0.01 0.16 0.26 991 -1
Result 1 1.0 1000 0.42 0.18 0.17 0.15 0.16 0.15 0.18 -1 -1 -1 -1
Evo 88.43 -39.47 10000003.46 99887.47 -16.39 -12.39 0.61 994993.59 31448.74 0.01 0.16 0.25 991 -1
Result 1 1.0 1000 0.44 0.14 0.17 0.17 0.15 0.17 0.18 -1 -1 -1 -1
Evo 89.25 -46.39 10000004.92 99880.08 -34.39 -18.39 -8.39 994994.46 31448.77 0.01 0.21 0.39 991 -1
Result 1 1.0 1000 0.44 0.16 0.16 0.17 0.17 0.16 0.17 -1 -1 -1 -1
Evo 87.84 -46.39 10000003.81 99880.37 -32.42 -18.39 -7.39 994994.49 31448.77 0.01 0.19 0.27 991 -1
Result 1 1.0 1000 0.43 0.17 0.18 0.17 0.18 0.17 0.14 -1 -1 -1 -1
Evo 80.59 -46.39 10000003.67 99883.41 -32.39 -5.92 -4.39 994994.13 31448.76 0.01 0.21 0.36 991 -1
Result 1 1.0 1000 0.42 0.15 0.19 0.16 0.19 0.17 0.14 -1 -1 -1 -1
Evo 86.43 -37.45 10000004.50 99882.44 -26.39 -17.46 -9.39 994994.30 31448.76 0.01 0.16 0.22 991 -1
Result 1 1.0 1000 0.45 0.18 0.15 0.18 0.15 0.18 0.15 -1 -1 -1 -1
Evo 89.69 -48.39 10000004.74 99882.18 -28.39 -12.39 -9.38 994994.25 31448.76 0.01 0.16 0.31 991 -1
Result 1 1.0 1000 0.43 0.17 0.14 0.18 0.18 0.16 0.16 -1 -1 -1 -1
Evo 88.72 -46.39 10000004.46 99880.00 -34.38 -13.39 -9.39 994994.52 31448.77 0.01 0.20 0.36 991 -1
Result 1 1.0 1000 0.44 0.16 0.18 0.16 0.17 0.16 0.16 -1 -1 -1 -1
Evo 88.67 -34.39 10000005.17 99881.79 -34.38 -18.39 -4.39 994994.23 31448.76 0.01 0.20 0.32 991 -1
Result 1 1.0 1000 0.44 0.15 0.16 0.17 0.17 0.18 0.17 -1 -1 -1 -1
Evo 88.37 -37.39 10000004.49 99880.21 -32.39 -21.39 -9.39 994994.36 31448.76 0.01 0.11 0.22 991 -1
Result 1 1.0 1000 0.45 0.17 0.14 0.18 0.18 0.17 0.15 -1 -1 -1 -1
Evo 87.06 -34.39 10000003.94 99884.54 -25.38 -17.39 -4.39 994993.88 31448.75 0.01 0.13 0.23 991 -1
Result 1 1.0 1000 0.41 0.15 0.17 0.15 0.15 0.19 0.19 -1 -1 -1 -1
Evo 87.67 -46.39 10000004.33 99887.49 -27.39 -3.39 -3.39 994993.77 31448.75 0.01 0.20 0.36 991 -1
Result 1 1.0 1000 0.46 0.16 0.19 0.15 0.19 0.15 0.16 -1 -1 -1 -1
Evo 88.36 -37.39 10000003.90 99883.30 -25.39 -15.39 -9.38 994994.16 31448.76 0.01 0.20 0.37 991 -1
Result 1 1.0 1000 0.45 0.17 0.16 0.19 0.18 0.16 0.13 -1 -1 -1 -1
Evo 85.46 -32.81 10000004.55 99885.93 -24.47 -12.46 -0.39 994993.81 31448.75 0.01 0.12 0.20 991 -1
Result 1 1.0 1000 0.43 0.18 0.16 0.16 0.14 0.18 0.18 -1 -1 -1 -1
Evo 88.36 -26.39 10000005.06 99883.72 -23.39 -21.39 -9.39 994994.10 31448.76 0.01 0.21 0.36 991 -1
Result 1 1.0 1000 0.45 0.16 0.17 0.18 0.17 0.15 0.17 -1 -1 -1 -1
Evo 67.38 -45.78 10000003.29 99878.97 -33.49 -20.74 -9.38 994994.55 31448.77 0.01 0.12 0.26 991 -1
Result 1 1.0 1000 0.38 0.12 0.07 0.25 0.13 0.32 0.10 -1 -1 -1 -1
