Result 0 0.0 2000 614169223
Result 0 0.0 2000 -733097003
Result 1 5.0 55 572341306
Result 0 0.0 2000 -1273545809
Result 1 5.0 19 -103942577
Result 0 0.0 2000 -1822605778
Result 0 0.0 2000 -210363356
Result 0 0.0 2000 -539530757
Result 0 0.0 2000 180564348
Result 1 5.0 40 550460430
Result 0 0.0 2000 429824662
Result 0 0.0 2000 -1041729829
Result 0 0.0 2000 -347693725
Result 1 5.0 40 -1367272593
Result 0 0.0 2000 694607089
Result 0 0.0 2000 1588436176
Result 0 0.0 2000 105259955
Result 0 0.0 2000 1164789804
Result 0 0.0 2000 -499257745
Result 0 0.0 2000 -1088914991
Result 0 0.0 2000 640373383
Result 0 1.0 2000 2098434415
Result 0 1.0 2000 -188176176
Result 0 0.0 2000 -2007449862
Result 0 0.0 2000 1191260183
Result 0 0.0 2000 -1873555560
Result 0 0.0 2000 -686166901
Result 0 0.0 2000 2038421823
Result 0 1.0 2000 1283050750
Result 0 0.0 2000 -1805969975
Result 0 0.0 2000 -1797585141
Result 0 0.0 2000 -769664741
Result 0 0.0 2000 -171534741
Result 0 1.0 2000 1859030029
Result 0 0.0 2000 1256798151
Result 0 0.0 2000 -1392057465
Result 0 1.0 2000 767391746
Result 0 1.0 2000 -1174972510
Result 0 0.0 2000 -1980110141
Result 0 0.0 2000 475560080
Result 0 2.0 2000 714086846
Result 0 2.0 2000 1225942135
Result 0 1.0 2000 -1301120011
Result 0 1.0 2000 -227613515
Result 0 3.0 2000 -311923641
Result 0 2.0 2000 -1085239942
Result 0 2.0 2000 -764766314
Result 0 1.0 2000 1620204768
Result 0 1.0 2000 654145917
Result 0 1.0 2000 -906409022
Result 0 2.0 2000 2080139423
Result 0 1.0 2000 523988913
Result 0 1.0 2000 207440114
Result 0 2.0 2000 -891203811
Result 0 2.0 2000 -1976839388
Result 0 2.0 2000 -962310535
Result 0 0.0 2000 -176286635
Result 0 1.0 2000 1047596140
Result 0 1.0 2000 469042569
Result 0 3.0 2000 655584373
Result 0 13.0 2000 771998937
Result 0 22.0 2000 399905425
Result 0 3.0 2000 -1194584182
Result 0 21.0 2000 158124479
Result 0 15.0 2000 657780678
Result 0 22.0 2000 -606678277
Result 0 21.0 2000 255895856
Result 0 13.0 2000 -1746681887
Result 0 17.0 2000 -635574127
Result 0 9.0 2000 -990397535
Result 0 19.0 2000 1564222455
Result 0 23.0 2000 604358239
Result 0 20.0 2000 -1409729563
Result 0 20.0 2000 -1146408588
Result 0 23.0 2000 -373406109
Result 0 3.0 2000 1068069146
Result 0 21.0 2000 1890706623
Result 0 18.0 2000 1708742084
Result 0 20.0 2000 472281905
Result 0 4.0 2000 -1765277260
Result 0 4.0 2000 -1063251997
Result 0 6.0 2000 -1409661496
Result 0 5.0 2000 -1324488555
Result 0 2.0 14 -192927841
Result 0 6.0 2000 -820195786
Result 0 5.0 2000 -1032492696
Result 0 5.0 2000 -182814913
Result 0 5.0 2000 -513945249
Result 0 6.0 2000 315185596
Result 0 6.0 2000 78615876
Result 0 4.0 2000 -946191924
Result 0 6.0 2000 438138026
Result 0 6.0 2000 -406224798
Result 0 6.0 2000 -501838697
Result 0 5.0 2000 -24353250
Result 0 5.0 2000 692041567
Result 0 6.0 2000 -1999015703
Result 0 5.0 2000 216691254
Result 0 4.0 2000 398829643
Result 0 5.0 2000 612018295
