Result 1 1.0 105 279779914
Result 1 1.0 205 -1917405969
Result 1 1.0 147 381499025
Result 1 1.0 339 1999496583
Result 1 1.0 128 -530979318
Result 1 1.0 723 -116486993
Result 1 1.0 502 475846129
Result 1 1.0 568 -2077516303
Result 1 1.0 729 2120487533
Result 1 1.0 65 1088015820
Result 1 1.0 758 -706036320
Result 1 1.0 211 -1527957057
Result 0 0.0 1000 100184534
Result 1 1.0 337 -1658656581
Result 0 0.0 1000 -1772303714
Result 1 1.0 119 1303095928
Result 1 1.0 280 496815526
Result 1 1.0 511 -1574494642
Result 1 1.0 312 -1086189645
Result 0 0.0 1000 -1800972850
Result 1 1.0 184 -678509446
Result 1 1.0 600 -242770578
Result 0 -1.0 1000 227048672
Result 0 0.0 1000 -369636614
Result 0 0.0 1000 2128556164
Result 0 0.0 1000 877990385
Result 0 -1.0 996 774435001
Result 1 1.0 387 -2125235388
Result 1 1.0 253 319382744
Result 1 1.0 774 -2000067738
Result 0 0.0 1000 879713880
Result 1 1.0 732 -1347008568
Result 1 1.0 982 1119261608
Result 0 0.0 1000 547503623
Result 1 1.0 778 1119085999
Result 0 0.0 1000 915111193
Result 0 0.0 1000 218397311
Result 1 1.0 247 -474525412
Result 0 0.0 1000 1050860925
Result 1 1.0 306 323635988
Result 1 1.0 276 1700403039
Result 0 0.0 1000 725685047
Result 1 1.0 659 -1087423640
Result 0 0.0 1000 -117381000
Result 0 0.0 1000 2145423188
Result 0 -1.0 1000 -2090344249
Result 0 0.0 1000 -1168651722
Result 0 0.0 1000 176479767
Result 0 0.0 1000 603276706
Result 0 0.0 1000 1722769420
Result 0 0.0 1000 -961502916
Result 0 0.0 1000 599855664
Result 0 0.0 1000 -1018226623
Result 0 -1.0 1000 -2133681097
Result 0 0.0 1000 -1503353870
Result 1 1.0 453 -1083751649
Result 0 0.0 1000 1825632338
Result 0 0.0 1000 -461833566
Result 1 1.0 213 -1559777560
Result 0 0.0 1000 506924938
Result 1 1.0 810 1542694038
Result 0 0.0 1000 75614726
Result 0 0.0 1000 -1871327228
Result 0 0.0 1000 1701345154
Result 0 0.0 1000 564759754
Result 0 0.0 1000 -1311114364
Result 0 0.0 1000 -1997716104
Result 1 1.0 373 -1031750437
Result 0 0.0 1000 -1199600130
Result 0 0.0 1000 722040089
Result 0 0.0 1000 1078774882
Result 0 0.0 1000 1521468818
Result 0 0.0 1000 223157518
Result 0 0.0 1000 1295733045
Result 1 1.0 621 -176042703
Result 0 0.0 1000 1793480268
Result 0 0.0 1000 -772089684
Result 0 0.0 1000 -1224949205
Result 0 0.0 1000 365255281
Result 0 0.0 1000 172377575
Result 0 0.0 1000 354024502
Result 0 0.0 1000 -1037112210
Result 0 0.0 1000 2046767371
Result 0 0.0 1000 1414296386
Result 0 0.0 1000 -1433954168
Result 0 0.0 1000 -1444443028
Result 0 0.0 1000 -1522037566
Result 0 0.0 1000 1656127489
Result 0 0.0 1000 1726278047
Result 0 0.0 1000 -1331846021
Result 0 0.0 1000 -1917375902
Result 0 0.0 1000 -843822511
Result 0 0.0 1000 1873899805
Result 0 0.0 1000 1745364674
Result 0 0.0 1000 -1307031171
Result 0 0.0 1000 1808811595
Result 0 0.0 1000 222650508
Result 0 0.0 1000 1862481305
Result 0 0.0 1000 -533589706
Result 0 0.0 1000 588556125
