Evo 74.22 -289482.89 1000001.10 140180.31 -96163.24 -26328.12 -8.20 416075.15 13150.88 0.01 0.11 0.20 -1 -1
Result 1 1.0 1000 0.43 0.21 0.17 0.19 0.21 0.22 -1 -1 -1 -1 -1
Evo 77.55 -166676.29 1000001.10 189671.61 -11.76 -9.31 -7.51 405160.82 12805.91 0.01 0.11 0.20 -1 -1
Result 1 1.0 1000 0.41 0.22 0.15 0.19 0.22 0.22 -1 -1 -1 -1 -1
Evo 76.35 -145843.23 1000000.99 185958.95 -22230.03 -9.88 -7.73 406861.90 12859.67 0.01 0.10 0.20 -1 -1
Result 1 1.0 1000 0.42 0.19 0.16 0.21 0.23 0.21 -1 -1 -1 -1 -1
Evo 76.20 -121219.69 1000001.05 190001.04 -11.85 -9.24 -7.49 404002.83 12769.31 0.01 0.12 0.24 -1 -1
Result 1 1.0 1000 0.42 0.19 0.16 0.20 0.23 0.22 -1 -1 -1 -1 -1
Evo 69.64 -492545.54 1000000.88 7428.52 -282619.67 -136375.43 -23821.24 441916.64 13967.65 0.01 0.10 0.18 -1 -1
Result 1 1.0 1000 0.42 0.20 0.16 0.19 0.23 0.22 -1 -1 -1 -1 -1
Evo 71.32 -192317.49 1000001.11 191284.53 -11.02 -9.12 -7.37 404662.47 12790.16 0.01 0.10 0.21 -1 -1
Result 1 1.0 1000 0.43 0.20 0.17 0.18 0.24 0.21 -1 -1 -1 -1 -1
Evo 75.00 -159100.65 1000000.99 188996.11 -12.09 -9.45 -7.53 404479.08 12784.36 0.01 0.10 0.18 -1 -1
Result 1 1.0 1000 0.42 0.20 0.16 0.19 0.23 0.22 -1 -1 -1 -1 -1
Evo 71.16 -139542.85 1000001.12 186671.76 -22230.15 -9.81 -7.63 406783.41 12857.19 0.01 0.11 0.21 -1 -1
Result 1 1.0 1000 0.42 0.22 0.16 0.20 0.22 0.20 -1 -1 -1 -1 -1
Evo 71.26 -315799.10 1000000.92 95281.92 -142868.29 -95251.56 -28581.69 426704.48 13486.84 0.01 0.12 0.21 -1 -1
Result 1 1.0 1000 0.44 0.21 0.17 0.19 0.22 0.20 -1 -1 -1 -1 -1
Evo 76.95 -288897.13 1000001.01 150899.20 -74086.37 -12.06 -8.28 413605.09 13072.81 0.01 0.10 0.18 -1 -1
Result 1 1.0 1000 0.44 0.16 0.17 0.21 0.23 0.22 -1 -1 -1 -1 -1
Evo 74.59 -150010.09 1000001.00 190965.92 -12.15 -9.36 -7.75 404641.44 12789.49 0.01 0.13 0.27 -1 -1
Result 1 1.0 1000 0.43 0.20 0.16 0.20 0.23 0.21 -1 -1 -1 -1 -1
Evo 71.55 -187508.98 1000001.06 186832.77 -13.82 -9.53 -7.66 406084.42 12835.10 0.01 0.12 0.21 -1 -1
Result 1 1.0 1000 0.44 0.18 0.18 0.18 0.25 0.22 -1 -1 -1 -1 -1
Evo 77.78 -153856.24 1000001.09 185773.12 -22736.86 -9.95 -7.84 406195.80 12838.62 0.01 0.18 0.30 -1 -1
Result 1 1.0 1000 0.43 0.19 0.17 0.22 0.20 0.22 -1 -1 -1 -1 -1
Evo 70.57 -160007.62 1000001.01 187479.32 -13.82 -9.52 -7.48 405965.93 12831.36 0.01 0.11 0.21 -1 -1
Result 1 1.0 1000 0.44 0.21 0.18 0.18 0.22 0.21 -1 -1 -1 -1 -1
Evo 78.66 -130443.78 1000001.10 191961.67 -11.13 -9.15 -7.59 404314.74 12779.17 0.01 0.11 0.23 -1 -1
Result 1 1.0 1000 0.42 0.19 0.16 0.18 0.24 0.23 -1 -1 -1 -1 -1
Evo 78.65 -156871.75 1000000.93 188734.05 -11.97 -9.23 -7.38 404502.96 12785.12 0.01 0.12 0.25 -1 -1
Result 1 1.0 1000 0.44 0.21 0.17 0.18 0.22 0.22 -1 -1 -1 -1 -1
Evo 72.46 -166675.89 1000001.06 185546.99 -23818.99 -9.99 -7.55 407057.10 12865.84 0.01 0.11 0.19 -1 -1
Result 1 1.0 1000 0.44 0.21 0.17 0.18 0.21 0.21 -1 -1 -1 -1 -1
Evo 79.27 -186055.71 1000001.07 189075.68 -12.70 -9.43 -7.65 405299.31 12810.29 0.01 0.10 0.22 -1 -1
Result 1 1.0 1000 0.43 0.22 0.17 0.18 0.23 0.20 -1 -1 -1 -1 -1
Evo 74.99 -173921.38 1000001.07 190269.41 -12.37 -9.35 -7.59 405370.14 12812.52 0.01 0.10 0.18 -1 -1
Result 1 1.0 1000 0.46 0.19 0.19 0.16 0.22 0.23 -1 -1 -1 -1 -1
Evo 62.39 -821055.82 1000000.67 -155573.80 -510647.50 -186056.56 -38470.67 436522.27 13797.15 0.01 0.11 0.16 -1 -1
Result 1 1.0 1000 0.44 0.21 0.18 0.17 0.22 0.22 -1 -1 -1 -1 -1
Evo 77.81 -268304.14 1000000.97 132808.43 -103459.71 -58835.26 -11.76 427890.67 13524.33 0.01 0.12 0.23 -1 -1
Result 1 1.0 1000 0.44 0.21 0.18 0.23 0.21 0.17 -1 -1 -1 -1 -1
Evo 79.12 -83342.83 1000000.99 195692.93 -10.38 -8.84 -7.20 401440.94 12688.33 0.01 0.10 0.18 -1 -1
Result 1 1.0 1000 0.43 0.22 0.16 0.21 0.22 0.18 -1 -1 -1 -1 -1
Evo 71.49 -209313.21 1000000.97 184181.51 -10.15 -8.74 -7.06 395154.73 12489.65 0.01 0.13 0.25 -1 -1
Result 1 1.0 1000 0.44 0.21 0.17 0.23 0.22 0.17 -1 -1 -1 -1 -1
Evo 71.66 -293114.22 1000001.02 125501.89 -113646.70 -71439.24 -13.95 432098.59 13657.33 0.01 0.11 0.21 -1 -1
Result 1 1.0 1000 0.46 0.20 0.19 0.22 0.21 0.19 -1 -1 -1 -1 -1
Evo 77.72 -76928.57 1000001.04 197233.50 -9.88 -8.69 -7.19 401374.82 12686.24 0.01 0.08 0.17 -1 -1
Result 1 1.0 1000 0.41 0.23 0.15 0.23 0.22 0.18 -1 -1 -1 -1 -1
Evo 68.65 -685719.76 1000000.92 68451.70 -224500.90 -12.73 -8.07 429367.37 13571.00 0.01 0.10 0.18 -1 -1
Result 1 1.0 1000 0.44 0.20 0.17 0.21 0.24 0.18 -1 -1 -1 -1 -1
Evo 79.91 -113647.15 1000001.08 194820.64 -9.94 -8.63 -7.10 398777.18 12604.14 0.01 0.12 0.21 -1 -1
Result 1 1.0 1000 0.45 0.20 0.19 0.23 0.22 0.16 -1 -1 -1 -1 -1
Evo 71.10 -137938.59 1000001.11 195135.87 -10.24 -8.76 -7.10 401869.59 12701.88 0.01 0.13 0.30 -1 -1
Result 1 1.0 1000 0.42 0.22 0.16 0.21 0.23 0.18 -1 -1 -1 -1 -1
Evo 74.64 -183684.16 1000000.99 187882.05 -10.60 -9.02 -7.36 395443.88 12498.79 0.01 0.12 0.19 -1 -1
Result 1 1.0 1000 0.42 0.21 0.16 0.23 0.22 0.18 -1 -1 -1 -1 -1
Evo 77.07 -100009.56 1000001.05 195242.61 -10.56 -9.04 -7.35 402470.69 12720.88 0.01 0.11 0.20 -1 -1
Result 1 1.0 1000 0.43 0.20 0.17 0.22 0.21 0.20 -1 -1 -1 -1 -1
Evo 71.19 -292691.50 1000000.98 143313.44 -96786.81 -23822.30 -8.23 419253.68 13251.34 0.01 0.10 0.20 -1 -1
Result 1 1.0 1000 0.45 0.22 0.19 0.19 0.23 0.17 -1 -1 -1 -1 -1
Evo 70.45 -240010.72 1000000.96 172845.89 -28583.41 -9.34 -7.45 405482.58 12816.08 0.01 0.11 0.21 -1 -1
Result 1 1.0 1000 0.44 0.20 0.17 0.22 0.22 0.18 -1 -1 -1 -1 -1
Evo 67.04 -258631.25 1000000.97 167336.62 -46522.37 -10.43 -7.99 405507.36 12816.86 0.01 0.12 0.25 -1 -1
Result 1 1.0 1000 0.41 0.19 0.15 0.21 0.22 0.23 -1 -1 -1 -1 -1
Evo 70.24 -228581.91 1000001.09 147500.80 -78958.50 -11.45 -7.97 400016.10 12643.30 0.01 0.12 0.23 -1 -1
Result 1 1.0 1000 0.42 0.20 0.16 0.21 0.22 0.21 -1 -1 -1 -1 -1
Evo 72.08 -437508.86 1000000.90 122464.29 -78958.62 -14.04 -7.89 373787.83 11814.30 0.01 0.09 0.17 -1 -1
Result 1 1.0 1000 0.47 0.20 0.20 0.22 0.22 0.15 -1 -1 -1 -1 -1
Evo 77.46 -108115.94 1000001.01 196606.82 -9.94 -8.67 -7.11 401273.26 12683.03 0.01 0.10 0.19 -1 -1
Result 1 1.0 1000 0.44 0.20 0.18 0.23 0.23 0.17 -1 -1 -1 -1 -1
Evo 73.52 -108705.36 1000001.12 195158.19 -10.65 -9.07 -7.39 402206.77 12712.54 0.01 0.12 0.24 -1 -1
Result 1 1.0 1000 0.44 0.21 0.17 0.20 0.23 0.19 -1 -1 -1 -1 -1
Evo 71.53 -220009.63 1000000.95 176134.23 -28583.84 -9.43 -7.39 403604.42 12756.72 0.01 0.13 0.23 -1 -1
Result 1 1.0 1000 0.43 0.21 0.17 0.22 0.23 0.18 -1 -1 -1 -1 -1
Evo 63.14 -451621.96 1000001.06 83202.69 -122459.93 -62512.82 -8.87 395996.98 12516.27 0.01 0.12 0.24 -1 -1
Result 1 1.0 1000 0.45 0.20 0.18 0.22 0.22 0.18 -1 -1 -1 -1 -1
Evo 78.57 -128213.92 1000000.97 196822.15 -9.81 -8.59 -7.02 401505.35 12690.37 0.01 0.12 0.21 -1 -1
Result 1 1.0 1000 0.45 0.18 0.19 0.24 0.23 0.17 -1 -1 -1 -1 -1
Evo 78.15 -163275.59 1000001.00 178337.50 -37046.53 -10.48 -7.96 406210.18 12839.08 0.01 0.10 0.17 -1 -1
Result 1 1.0 1000 0.49 0.22 0.23 0.20 0.16 0.19 -1 -1 -1 -1 -1
Evo 74.22 -151523.13 1000000.99 180523.88 -34490.04 -10.31 -7.85 406865.30 12859.78 0.01 0.11 0.23 -1 -1
Result 1 1.0 1000 0.48 0.22 0.21 0.20 0.17 0.20 -1 -1 -1 -1 -1
Evo 79.98 -171436.16 1000001.09 178052.72 -40008.68 -10.35 -7.85 407882.21 12891.92 0.01 0.12 0.24 -1 -1
Result 1 1.0 1000 0.47 0.20 0.21 0.22 0.16 0.21 -1 -1 -1 -1 -1
Evo 72.15 -333341.85 1000000.97 153202.96 -51294.80 -11.15 -8.15 395424.11 12498.16 0.01 0.11 0.25 -1 -1
Result 1 1.0 1000 0.48 0.19 0.22 0.20 0.18 0.21 -1 -1 -1 -1 -1
Evo 83.37 -211546.58 1000000.98 178625.00 -35722.20 -10.50 -7.96 407886.72 12892.07 0.01 0.12 0.22 -1 -1
Result 1 1.0 1000 0.50 0.20 0.25 0.19 0.16 0.20 -1 -1 -1 -1 -1
Evo 75.18 -276605.12 1000001.00 160689.04 -45462.19 -10.60 -8.15 398868.98 12607.04 0.01 0.10 0.19 -1 -1
Result 1 1.0 1000 0.47 0.20 0.21 0.21 0.20 0.18 -1 -1 -1 -1 -1
Evo 77.59 -217399.36 1000001.09 178666.35 -37047.46 -10.23 -7.80 408185.07 12901.50 0.01 0.11 0.21 -1 -1
Result 1 1.0 1000 0.50 0.18 0.24 0.21 0.16 0.20 -1 -1 -1 -1 -1
Evo 71.77 -222230.40 1000000.84 160417.15 -38469.30 -10.40 -7.97 377309.17 11925.60 0.01 0.12 0.21 -1 -1
Result 1 1.0 1000 0.48 0.19 0.22 0.21 0.16 0.21 -1 -1 -1 -1 -1
Evo 74.46 -338719.36 1000000.94 94717.28 -150954.32 -96164.46 -11.15 431350.58 13633.69 0.01 0.13 0.24 -1 -1
Result 1 1.0 1000 0.47 0.21 0.20 0.22 0.18 0.19 -1 -1 -1 -1 -1
Evo 74.92 -219521.44 1000000.99 167264.97 -40008.48 -10.52 -8.08 394555.05 12470.69 0.01 0.10 0.21 -1 -1
Result 1 1.0 1000 0.48 0.20 0.22 0.21 0.18 0.19 -1 -1 -1 -1 -1
Evo 73.22 -283343.08 1000000.92 149710.53 -64525.66 -12.37 -8.20 401751.43 12698.15 0.01 0.12 0.23 -1 -1
Result 1 1.0 1000 0.49 0.19 0.24 0.20 0.17 0.21 -1 -1 -1 -1 -1
Evo 79.10 -145463.14 1000001.05 180147.29 -34491.92 -10.35 -7.95 408881.62 12923.51 0.01 0.11 0.21 -1 -1
Result 1 1.0 1000 0.48 0.19 0.22 0.19 0.17 0.22 -1 -1 -1 -1 -1
Evo 76.22 -135145.52 1000000.98 180077.56 -34491.25 -10.43 -7.95 406672.12 12853.68 0.01 0.10 0.17 -1 -1
Result 1 1.0 1000 0.49 0.18 0.23 0.20 0.19 0.21 -1 -1 -1 -1 -1
Evo 69.15 -196437.07 1000001.03 178764.99 -39225.37 -10.41 -7.72 410053.74 12960.56 0.01 0.11 0.19 -1 -1
Result 1 1.0 1000 0.48 0.20 0.22 0.23 0.17 0.18 -1 -1 -1 -1 -1
Evo 75.37 -301896.50 1000000.93 90713.85 -153858.38 -108707.55 -24399.21 435508.03 13765.09 0.01 0.11 0.20 -1 -1
Result 1 1.0 1000 0.48 0.21 0.23 0.20 0.18 0.18 -1 -1 -1 -1 -1
Evo 75.58 -372890.44 1000000.94 115866.05 -133343.87 -54066.20 -8.77 426710.55 13487.03 0.01 0.17 0.28 -1 -1
Result 1 1.0 1000 0.47 0.20 0.21 0.23 0.18 0.19 -1 -1 -1 -1 -1
Evo 68.97 -326095.59 1000000.89 101478.58 -145844.23 -90920.11 -9.43 427514.99 13512.46 0.01 0.13 0.30 -1 -1
Result 1 1.0 1000 0.48 0.21 0.21 0.21 0.16 0.21 -1 -1 -1 -1 -1
Evo 70.80 -565224.11 1000000.82 20563.70 -208343.08 -119059.58 -12.09 412698.86 13044.16 0.01 0.10 0.18 -1 -1
Result 1 1.0 1000 0.49 0.19 0.23 0.23 0.18 0.18 -1 -1 -1 -1 -1
Evo 64.13 -500007.95 1000000.83 -13279.89 -300011.14 -148948.87 -35726.65 428836.50 13554.23 0.01 0.12 0.25 -1 -1
Result 1 1.0 1000 0.50 0.18 0.25 0.21 0.18 0.18 -1 -1 -1 -1 -1
Evo 76.88 -305094.11 1000000.98 149309.02 -64528.26 -12.06 -8.39 404632.87 12789.22 0.01 0.11 0.17 -1 -1
Result 1 1.0 1000 0.48 0.22 0.21 0.19 0.17 0.20 -1 -1 -1 -1 -1
Evo 43.52 -946154.82 1000000.67 -455047.15 -847460.28 -454554.16 -280011.45 407212.37 12870.75 0.01 0.18 0.33 -1 -1
Result 1 1.0 1000 0.47 0.22 0.21 0.18 0.18 0.21 -1 -1 -1 -1 -1
Evo 69.63 -377786.91 1000001.08 64497.01 -186451.59 -138899.97 -31260.30 442590.66 13988.95 0.01 0.20 0.34 -1 -1
Result 1 1.0 1000 0.47 0.20 0.21 0.20 0.18 0.20 -1 -1 -1 -1 -1
Evo 69.67 -385974.94 1000000.88 75584.37 -180010.63 -117659.34 -11.37 436535.48 13797.57 0.01 0.11 0.18 -1 -1
Result 1 1.0 1000 0.48 0.21 0.22 0.21 0.15 0.21 -1 -1 -1 -1 -1
Evo 74.85 -222232.72 1000001.06 163622.18 -58833.37 -23818.62 -9.04 412837.37 13048.54 0.01 0.11 0.24 -1 -1
Result 1 1.0 1000 0.49 0.21 0.23 0.18 0.17 0.21 -1 -1 -1 -1 -1
Evo 67.86 -507943.86 1000000.84 16630.98 -200010.98 -153856.85 -76933.98 402380.90 12718.04 0.01 0.11 0.17 -1 -1
Result 1 1.0 1000 0.50 0.21 0.24 0.17 0.18 0.20 -1 -1 -1 -1 -1
Evo 64.80 -187507.91 1000001.04 166155.83 -55565.83 -22737.54 -9.04 412535.86 13039.01 0.01 0.11 0.21 -1 -1
Result 1 1.0 1000 0.48 0.21 0.23 0.20 0.16 0.21 -1 -1 -1 -1 -1
Evo 74.21 -491236.42 1000000.95 112793.43 -130447.35 -55566.90 -9.76 426756.43 13488.48 0.01 0.21 0.32 -1 -1
Result 1 1.0 1000 0.45 0.19 0.18 0.23 0.19 0.21 -1 -1 -1 -1 -1
Evo 60.65 -355940.43 1000000.93 108542.64 -129641.21 -47628.16 -9.42 410633.16 12978.87 0.01 0.11 0.22 -1 -1
Result 1 1.0 1000 0.49 0.22 0.23 0.18 0.18 0.20 -1 -1 -1 -1 -1
Evo 64.86 -419362.98 1000000.83 80126.18 -179498.27 -111123.86 -10.89 436907.24 13809.32 0.01 0.11 0.19 -1 -1
Result 1 1.0 1000 0.49 0.19 0.23 0.19 0.18 0.21 -1 -1 -1 -1 -1
Evo 71.63 -339295.15 1000000.90 106890.82 -147071.07 -57152.96 -9.70 424154.98 13406.26 0.01 0.11 0.18 -1 -1
Result 1 1.0 1000 0.48 0.19 0.22 0.19 0.17 0.23 -1 -1 -1 -1 -1
Evo 60.19 -600006.33 1000000.88 -46647.16 -365395.16 -173088.96 -10.81 448758.93 14183.91 0.01 0.10 0.17 -1 -1
Result 1 1.0 1000 0.49 0.19 0.23 0.20 0.15 0.23 -1 -1 -1 -1 -1
Evo 80.45 -192315.69 1000001.06 165528.53 -57151.13 -24400.42 -8.92 414060.22 13087.19 0.01 0.11 0.20 -1 -1
Result 1 1.0 1000 0.48 0.21 0.22 0.20 0.16 0.21 -1 -1 -1 -1 -1
Evo 78.72 -200008.07 1000001.00 165298.69 -57701.26 -14.23 -8.95 411573.50 13008.59 0.01 0.13 0.27 -1 -1
Result 1 1.0 1000 0.49 0.21 0.23 0.18 0.17 0.21 -1 -1 -1 -1 -1
Evo 73.43 -288144.75 1000000.92 147163.78 -66677.70 -27036.59 -9.07 398660.97 12600.47 0.01 0.12 0.24 -1 -1
Result 1 1.0 1000 0.48 0.20 0.22 0.20 0.18 0.20 -1 -1 -1 -1 -1
Evo 75.70 -172420.91 1000001.02 164422.17 -61234.73 -24401.03 -9.04 416221.80 13155.51 0.01 0.11 0.19 -1 -1
Result 1 1.0 1000 0.49 0.20 0.23 0.20 0.18 0.19 -1 -1 -1 -1 -1
Evo 72.37 -166674.12 1000001.09 165756.32 -55565.27 -25651.10 -9.35 413684.59 13075.32 0.01 0.10 0.23 -1 -1
Result 1 1.0 1000 0.49 0.19 0.24 0.19 0.17 0.21 -1 -1 -1 -1 -1
Evo 65.05 -361711.18 1000000.95 65848.16 -181829.94 -129641.47 -25650.47 435424.36 13762.45 0.01 0.15 0.25 -1 -1
Result 1 1.0 1000 0.50 0.20 0.24 0.18 0.17 0.20 -1 -1 -1 -1 -1
Evo 74.22 -166674.79 1000000.98 166882.07 -57154.11 -23819.10 -9.05 415305.72 13126.56 0.01 0.13 0.24 -1 -1
Result 1 1.0 1000 0.49 0.19 0.23 0.18 0.17 0.22 -1 -1 -1 -1 -1
Evo 70.40 -516137.39 1000000.77 67678.87 -108115.36 -42562.68 -9.32 381945.35 12072.14 0.01 0.11 0.21 -1 -1
Result 1 1.0 1000 0.48 0.21 0.22 0.20 0.17 0.20 -1 -1 -1 -1 -1
Evo 69.06 -187506.51 1000000.99 167590.25 -55563.05 -15.71 -9.07 412277.50 13030.85 0.01 0.11 0.20 -1 -1
Result 1 1.0 1000 0.47 0.22 0.21 0.21 0.16 0.21 -1 -1 -1 -1 -1
Evo 75.23 -606067.10 1000000.90 82313.32 -105275.46 -10.91 -8.51 405537.02 12817.80 0.01 0.11 0.25 -1 -1
Result 1 1.0 1000 0.48 0.20 0.22 0.19 0.17 0.22 -1 -1 -1 -1 -1
Evo 77.05 -108703.30 1000001.10 193264.65 -11.60 -9.81 -8.23 403286.30 12746.66 0.01 0.10 0.19 -1 -1
Result 1 1.0 1000 0.48 0.19 0.21 0.21 0.14 0.23 -1 -1 -1 -1 -1
Evo 66.02 -106391.59 1000001.08 188105.06 -11.45 -9.80 -8.15 393985.45 12452.69 0.01 0.12 0.27 -1 -1
Result 1 1.0 1000 0.48 0.19 0.22 0.21 0.15 0.23 -1 -1 -1 -1 -1
Evo 76.71 -121962.32 1000001.03 193560.90 -11.59 -9.81 -8.09 403029.40 12738.54 0.01 0.10 0.16 -1 -1
Result 1 1.0 1000 0.49 0.18 0.23 0.18 0.16 0.24 -1 -1 -1 -1 -1
Evo 73.61 -254555.17 1000001.01 175195.90 -13.82 -10.03 -8.33 403744.82 12761.15 0.01 0.11 0.19 -1 -1
Result 1 1.0 1000 0.49 0.18 0.23 0.19 0.16 0.25 -1 -1 -1 -1 -1
Evo 77.40 -142866.77 1000001.12 191907.22 -11.76 -9.81 -8.15 403441.49 12751.57 0.01 0.10 0.20 -1 -1
Result 1 1.0 1000 0.48 0.20 0.22 0.19 0.17 0.22 -1 -1 -1 -1 -1
Evo 67.39 -338720.02 1000000.99 144445.46 -93034.66 -13.82 -8.92 416216.70 13155.35 0.01 0.10 0.17 -1 -1
Result 1 1.0 1000 0.48 0.20 0.21 0.20 0.17 0.22 -1 -1 -1 -1 -1
Evo 72.82 -294127.04 1000000.99 118050.78 -127671.54 -76934.37 -9.84 434095.89 13720.46 0.01 0.10 0.19 -1 -1
Result 1 1.0 1000 0.48 0.22 0.22 0.19 0.15 0.21 -1 -1 -1 -1 -1
Evo 66.65 -250010.02 1000000.88 141724.45 -45467.66 -10.56 -8.51 370083.99 11697.24 0.01 0.11 0.19 -1 -1
Result 1 1.0 1000 0.48 0.20 0.22 0.21 0.15 0.23 -1 -1 -1 -1 -1
Evo 69.37 -500008.06 1000000.87 92781.06 -117660.30 -47632.80 -8.82 380261.00 12018.90 0.01 0.11 0.22 -1 -1
Result 1 1.0 1000 0.49 0.20 0.23 0.18 0.17 0.21 -1 -1 -1 -1 -1
Evo 74.28 -111119.92 1000001.06 191552.62 -11.85 -9.94 -8.27 404498.00 12784.96 0.01 0.10 0.20 -1 -1
Result 1 1.0 1000 0.48 0.19 0.22 0.20 0.17 0.21 -1 -1 -1 -1 -1
Evo 64.16 -716423.20 1000000.74 -86155.96 -368431.06 -301898.28 -100013.52 471185.97 14892.76 0.01 0.12 0.22 -1 -1
Result 1 1.0 1000 0.48 0.23 0.22 0.19 0.17 0.20 -1 -1 -1 -1 -1
Evo 71.85 -500008.62 1000000.87 137735.88 -24399.33 -10.06 -8.40 364610.55 11524.24 0.01 0.12 0.19 -1 -1
Result 1 1.0 1000 0.50 0.21 0.25 0.17 0.15 0.22 -1 -1 -1 -1 -1
Evo 76.76 -307702.96 1000001.03 160668.88 -45468.34 -10.35 -8.34 403080.08 12740.14 0.01 0.11 0.20 -1 -1
Result 1 1.0 1000 0.48 0.22 0.22 0.19 0.17 0.20 -1 -1 -1 -1 -1
Evo 77.31 -138899.07 1000001.04 193358.71 -11.59 -9.76 -8.15 403393.28 12750.04 0.01 0.11 0.22 -1 -1
Result 1 1.0 1000 0.49 0.20 0.23 0.19 0.16 0.22 -1 -1 -1 -1 -1
Evo 64.87 -131586.72 1000001.07 192331.16 -11.45 -9.70 -8.10 402147.26 12710.66 0.01 0.13 0.20 -1 -1
Result 1 1.0 1000 0.49 0.20 0.23 0.19 0.16 0.21 -1 -1 -1 -1 -1
Evo 67.42 -540990.80 1000000.93 34851.51 -214298.59 -96786.78 -9.89 426111.25 13468.09 0.01 0.11 0.21 -1 -1
Result 1 1.0 1000 0.49 0.22 0.24 0.17 0.17 0.20 -1 -1 -1 -1 -1
Evo 75.60 -218192.12 1000000.99 173250.51 -26326.00 -10.31 -8.50 403899.83 12766.05 0.01 0.11 0.17 -1 -1
Result 1 1.0 1000 0.48 0.19 0.22 0.18 0.18 0.23 -1 -1 -1 -1 -1
Evo 82.09 -130443.31 1000001.02 193329.38 -11.37 -9.74 -8.15 402812.80 12731.70 0.01 0.10 0.18 -1 -1
Result 1 1.0 1000 0.48 0.20 0.21 0.18 0.19 0.22 -1 -1 -1 -1 -1
Evo 69.39 -285724.27 1000000.99 149322.61 -83345.31 -13.21 -8.58 415553.23 13134.38 0.01 0.11 0.21 -1 -1
Result 1 1.0 1000 0.49 0.21 0.23 0.18 0.17 0.21 -1 -1 -1 -1 -1
