Evo 599.46 -1000000.14 -999999.09 -999999.63 -999999.87 -999999.65 -999999.48 0.28 0.03 0.08 0.09 0.31 -1 -1
Result 0 -1.0 79 0.51 0.11 0.31 0.11 0.20 0.26 -1 -1 -1 -1 -1
Evo 638.86 -1000000.28 -999999.04 -999999.65 -999999.91 -999999.68 -999999.38 0.32 0.04 0.08 0.04 0.14 -1 -1
Result 0 -1.0 79 0.33 0.19 0.23 0.19 0.30 0.10 -1 -1 -1 -1 -1
Evo 625.16 -1000000.22 -999999.08 -999999.66 -999999.90 -999999.63 -999999.47 0.29 0.03 0.08 0.05 0.12 -1 -1
Result 0 -1.0 79 0.50 0.18 0.24 0.18 0.25 0.16 -1 -1 -1 -1 -1
Evo 624.94 -1000000.19 -999999.03 -999999.64 -999999.90 -999999.66 -999999.42 0.29 0.03 0.08 0.04 0.09 -1 -1
Result 0 -1.0 79 0.35 0.20 0.19 0.28 0.23 0.11 -1 -1 -1 -1 -1
Evo 631.49 -1000000.22 -999998.99 -999999.64 -999999.93 -999999.61 -999999.41 0.33 0.04 0.08 0.10 0.26 -1 -1
Result 0 -1.0 79 0.50 0.15 0.25 0.13 0.23 0.25 -1 -1 -1 -1 -1
Evo 590.11 -1000000.21 -999999.05 -999999.57 -999999.85 -999999.48 -999999.28 0.33 0.04 0.08 0.04 0.12 -1 -1
Result 0 -1.0 79 0.43 0.14 0.26 0.24 0.16 0.20 -1 -1 -1 -1 -1
Evo 659.92 -1000000.26 -999999.09 -999999.69 -1000000.00 -999999.73 -999999.42 0.33 0.04 0.08 0.06 0.17 -1 -1
Result 0 -1.0 79 0.50 0.10 0.25 0.21 0.26 0.18 -1 -1 -1 -1 -1
Evo 615.65 -1000000.32 -999999.09 -999999.64 -999999.92 -999999.63 -999999.38 0.31 0.04 0.08 0.08 0.18 -1 -1
Result 0 -1.0 79 0.46 0.16 0.20 0.25 0.16 0.23 -1 -1 -1 -1 -1
Evo 635.95 -1000000.24 -999999.02 -999999.67 -999999.94 -999999.71 -999999.41 0.32 0.04 0.08 0.04 0.11 -1 -1
Result 0 -1.0 79 0.50 0.23 0.25 0.19 0.16 0.18 -1 -1 -1 -1 -1
Evo 656.01 -1000000.30 -999999.04 -999999.61 -999999.87 -999999.62 -999999.38 0.30 0.03 0.08 0.04 0.10 -1 -1
Result 0 -1.0 79 0.43 0.14 0.25 0.25 0.20 0.16 -1 -1 -1 -1 -1
Evo 592.30 -1000000.33 -999999.09 -999999.67 -999999.92 -999999.68 -999999.47 0.30 0.03 0.08 0.05 0.13 -1 -1
Result 0 -1.0 79 0.49 0.16 0.24 0.23 0.24 0.14 -1 -1 -1 -1 -1
Evo 656.43 -1000000.38 -999999.06 -999999.61 -999999.87 -999999.57 -999999.35 0.32 0.04 0.08 0.04 0.12 -1 -1
Result 0 -1.0 79 0.52 0.16 0.20 0.21 0.29 0.14 -1 -1 -1 -1 -1
Evo 656.34 -1000000.32 -999999.06 -999999.62 -999999.88 -999999.60 -999999.36 0.30 0.03 0.08 0.05 0.12 -1 -1
Result 0 -1.0 79 0.45 0.23 0.21 0.18 0.20 0.19 -1 -1 -1 -1 -1
Evo 610.77 -1000000.36 -999999.07 -999999.62 -999999.89 -999999.64 -999999.36 0.32 0.04 0.08 0.06 0.16 -1 -1
Result 0 -1.0 79 0.47 0.19 0.21 0.21 0.21 0.18 -1 -1 -1 -1 -1
Evo 665.43 -1000000.35 -999999.09 -999999.66 -999999.93 -999999.69 -999999.41 0.33 0.04 0.08 0.03 0.10 -1 -1
Result 0 -1.0 79 0.38 0.20 0.16 0.36 0.13 0.15 -1 -1 -1 -1 -1
Evo 656.49 -1000000.21 -999999.01 -999999.66 -999999.92 -999999.65 -999999.37 0.31 0.03 0.08 0.06 0.19 -1 -1
Result 0 -1.0 79 0.44 0.26 0.20 0.16 0.20 0.18 -1 -1 -1 -1 -1
Evo 673.71 -1000000.20 -999999.11 -999999.62 -999999.90 -999999.60 -999999.42 0.28 0.03 0.08 0.06 0.18 -1 -1
Result 0 -1.0 79 0.39 0.24 0.14 0.21 0.16 0.25 -1 -1 -1 -1 -1
Evo 572.62 -1000000.28 -999999.05 -999999.61 -999999.82 -999999.54 -999999.42 0.28 0.03 0.08 0.06 0.16 -1 -1
Result 0 -1.0 79 0.44 0.28 0.25 0.13 0.18 0.18 -1 -1 -1 -1 -1
Evo 576.72 -1000000.41 -999999.02 -999999.63 -999999.87 -999999.66 -999999.36 0.33 0.04 0.08 0.07 0.22 -1 -1
Result 0 -1.0 79 0.52 0.18 0.14 0.21 0.19 0.29 -1 -1 -1 -1 -1
Evo 591.65 -1000000.24 -999999.07 -999999.64 -999999.92 -999999.64 -999999.38 0.32 0.04 0.08 0.06 0.19 -1 -1
Result 0 -1.0 79 0.44 0.30 0.15 0.15 0.18 0.23 -1 -1 -1 -1 -1
Evo 512.62 -1000000.32 -999999.00 -999999.63 -999999.90 -999999.69 -999999.32 0.34 0.04 0.08 0.07 0.21 -1 -1
Result 0 -1.0 79 0.50 0.13 0.20 0.26 0.25 0.16 -1 -1 -1 -1 -1
Evo 662.19 -1000000.30 -999999.03 -999999.62 -999999.87 -999999.62 -999999.38 0.32 0.04 0.08 0.06 0.22 -1 -1
Result 0 -1.0 79 0.44 0.20 0.18 0.29 0.18 0.16 -1 -1 -1 -1 -1
Evo 535.00 -1000000.16 -999999.06 -999999.57 -999999.80 -999999.55 -999999.33 0.29 0.03 0.08 0.08 0.19 -1 -1
Result 0 -1.0 79 0.43 0.28 0.15 0.23 0.16 0.19 -1 -1 -1 -1 -1
Evo 631.24 -1000000.24 -999999.00 -999999.63 -999999.92 -999999.63 -999999.39 0.30 0.03 0.08 0.07 0.20 -1 -1
Result 0 -1.0 79 0.48 0.18 0.15 0.28 0.18 0.23 -1 -1 -1 -1 -1
Evo 500.70 -1000000.25 -999999.05 -999999.64 -999999.94 -999999.60 -999999.42 0.33 0.04 0.08 0.04 0.10 -1 -1
Result 0 -1.0 79 0.50 0.19 0.18 0.19 0.20 0.25 -1 -1 -1 -1 -1
Evo 643.75 -1000000.30 -999999.02 -999999.60 -999999.91 -999999.58 -999999.31 0.33 0.04 0.08 0.07 0.19 -1 -1
Result 0 -1.0 79 0.33 0.28 0.10 0.28 0.14 0.21 -1 -1 -1 -1 -1
Evo 637.57 -1000000.20 -999999.03 -999999.65 -999999.92 -999999.67 -999999.38 0.32 0.04 0.08 0.07 0.19 -1 -1
Result 0 -1.0 79 0.38 0.24 0.19 0.21 0.24 0.13 -1 -1 -1 -1 -1
Evo 562.35 -1000000.34 -999999.03 -999999.63 -999999.86 -999999.65 -999999.39 0.31 0.03 0.08 0.06 0.16 -1 -1
Result 0 -1.0 79 0.46 0.21 0.21 0.20 0.20 0.18 -1 -1 -1 -1 -1
Evo 635.53 -1000000.23 -999999.00 -999999.61 -999999.86 -999999.60 -999999.39 0.31 0.03 0.08 0.07 0.21 -1 -1
Result 0 -1.0 79 0.50 0.23 0.10 0.26 0.25 0.16 -1 -1 -1 -1 -1
Evo 527.05 -1000000.29 -999999.01 -999999.62 -999999.93 -999999.64 -999999.37 0.35 0.04 0.08 0.05 0.13 -1 -1
Result 0 -1.0 79 0.39 0.23 0.24 0.20 0.14 0.20 -1 -1 -1 -1 -1
Evo 560.20 -1000000.38 -999999.05 -999999.63 -999999.88 -999999.62 -999999.42 0.32 0.04 0.08 0.07 0.15 -1 -1
Result 0 -1.0 79 0.43 0.19 0.24 0.23 0.19 0.16 -1 -1 -1 -1 -1
Evo 634.78 -1000000.20 -999999.03 -999999.60 -999999.89 -999999.56 -999999.38 0.31 0.04 0.08 0.09 0.21 -1 -1
Result 0 -1.0 79 0.49 0.18 0.16 0.26 0.16 0.24 -1 -1 -1 -1 -1
Evo 511.71 -1000000.34 -999999.02 -999999.66 -999999.90 -999999.65 -999999.45 0.31 0.03 0.08 0.09 0.28 -1 -1
Result 0 -1.0 79 0.44 0.13 0.16 0.29 0.25 0.18 -1 -1 -1 -1 -1
Evo 604.76 -1000000.25 -999998.98 -999999.56 -999999.75 -999999.62 -999999.33 0.28 0.03 0.08 0.04 0.13 -1 -1
Result 0 -1.0 79 0.50 0.15 0.25 0.20 0.21 0.19 -1 -1 -1 -1 -1
Evo 574.68 -1000000.27 -999999.15 -999999.67 -999999.85 -999999.65 -999999.47 0.25 0.03 0.08 0.06 0.16 -1 -1
Result 0 -1.0 79 0.41 0.21 0.21 0.20 0.23 0.15 -1 -1 -1 -1 -1
Evo 647.47 -1000000.35 -999999.09 -999999.66 -999999.91 -999999.66 -999999.42 0.32 0.04 0.08 0.06 0.16 -1 -1
Result 0 -1.0 79 0.46 0.16 0.14 0.23 0.28 0.20 -1 -1 -1 -1 -1
Evo 541.06 -1000000.20 -999999.06 -999999.58 -999999.79 -999999.59 -999999.34 0.28 0.03 0.08 0.09 0.24 -1 -1
Result 0 -1.0 79 0.39 0.14 0.28 0.28 0.18 0.14 -1 -1 -1 -1 -1
Evo 540.05 -1000000.23 -999999.06 -999999.63 -999999.89 -999999.63 -999999.40 0.30 0.03 0.08 0.08 0.19 -1 -1
Result 0 -1.0 79 0.51 0.13 0.26 0.24 0.19 0.19 -1 -1 -1 -1 -1
Evo 631.48 -1000000.25 -999999.13 -999999.64 -999999.85 -999999.62 -999999.43 0.28 0.03 0.08 0.04 0.13 -1 -1
Result 0 -1.0 79 0.44 0.23 0.20 0.15 0.18 0.25 -1 -1 -1 -1 -1
Evo 605.53 -1000000.28 -999999.13 -999999.61 -999999.85 -999999.63 -999999.36 0.28 0.03 0.08 0.04 0.13 -1 -1
Result 0 -1.0 79 0.51 0.20 0.28 0.15 0.15 0.23 -1 -1 -1 -1 -1
Evo 623.91 -1000000.18 -999999.12 -999999.68 -999999.97 -999999.73 -999999.44 0.31 0.03 0.08 0.04 0.10 -1 -1
Result 0 -1.0 79 0.41 0.19 0.15 0.25 0.20 0.21 -1 -1 -1 -1 -1
Evo 624.47 -1000000.20 -999999.07 -999999.65 -999999.90 -999999.68 -999999.43 0.29 0.03 0.08 0.03 0.10 -1 -1
Result 0 -1.0 79 0.48 0.18 0.23 0.20 0.28 0.13 -1 -1 -1 -1 -1
Evo 623.52 -1000000.29 -999999.00 -999999.64 -999999.91 -999999.62 -999999.43 0.31 0.04 0.08 0.06 0.18 -1 -1
Result 0 -1.0 79 0.44 0.16 0.18 0.19 0.20 0.28 -1 -1 -1 -1 -1
Evo 570.91 -1000000.17 -999999.02 -999999.60 -999999.83 -999999.61 -999999.36 0.29 0.03 0.08 0.05 0.11 -1 -1
Result 0 -1.0 79 0.41 0.29 0.19 0.25 0.13 0.15 -1 -1 -1 -1 -1
Evo 574.95 -1000000.28 -999999.04 -999999.66 -999999.91 -999999.71 -999999.41 0.30 0.03 0.08 0.07 0.20 -1 -1
Result 0 -1.0 79 0.48 0.23 0.14 0.15 0.23 0.26 -1 -1 -1 -1 -1
Evo 558.39 -1000000.34 -999999.10 -999999.65 -999999.92 -999999.65 -999999.40 0.29 0.03 0.08 0.08 0.19 -1 -1
Result 0 -1.0 79 0.44 0.23 0.19 0.20 0.18 0.21 -1 -1 -1 -1 -1
Evo 558.15 -1000000.36 -999999.06 -999999.66 -999999.93 -999999.69 -999999.39 0.32 0.04 0.08 0.07 0.15 -1 -1
Result 0 -1.0 79 0.44 0.23 0.18 0.20 0.18 0.23 -1 -1 -1 -1 -1
Evo 584.34 -1000000.21 -999999.03 -999999.66 -999999.93 -999999.68 -999999.40 0.31 0.03 0.08 0.05 0.12 -1 -1
Result 0 -1.0 79 0.47 0.21 0.21 0.24 0.20 0.14 -1 -1 -1 -1 -1
Evo 675.61 -1000000.19 -999999.00 -999999.61 -999999.87 -999999.66 -999999.31 0.33 0.04 0.08 0.05 0.14 -1 -1
Result 0 -1.0 79 0.51 0.18 0.16 0.26 0.14 0.26 -1 -1 -1 -1 -1
Evo 653.51 -1000000.29 -999999.03 -999999.64 -999999.89 -999999.68 -999999.35 0.32 0.04 0.08 0.05 0.13 -1 -1
Result 0 -1.0 79 0.50 0.16 0.24 0.18 0.25 0.18 -1 -1 -1 -1 -1
Evo 689.58 -1000000.25 -999999.04 -999999.61 -999999.90 -999999.60 -999999.39 0.29 0.03 0.08 0.03 0.10 -1 -1
Result 0 -1.0 79 0.39 0.25 0.14 0.20 0.24 0.18 -1 -1 -1 -1 -1
Evo 634.16 -1000000.31 -999999.05 -999999.68 -999999.91 -999999.69 -999999.45 0.30 0.03 0.08 0.07 0.16 -1 -1
Result 0 -1.0 79 0.52 0.10 0.29 0.16 0.23 0.23 -1 -1 -1 -1 -1
Evo 639.10 -1000000.17 -999999.04 -999999.64 -999999.89 -999999.62 -999999.43 0.29 0.03 0.08 0.08 0.22 -1 -1
Result 0 -1.0 79 0.41 0.19 0.15 0.16 0.19 0.31 -1 -1 -1 -1 -1
Evo 643.46 -1000000.30 -999999.01 -999999.64 -999999.94 -999999.66 -999999.38 0.35 0.04 0.08 0.05 0.13 -1 -1
Result 0 -1.0 79 0.47 0.26 0.18 0.16 0.21 0.19 -1 -1 -1 -1 -1
Evo 606.19 -1000000.26 -999999.00 -999999.60 -999999.82 -999999.61 -999999.37 0.30 0.03 0.08 0.04 0.12 -1 -1
Result 0 -1.0 79 0.48 0.14 0.26 0.20 0.23 0.18 -1 -1 -1 -1 -1
Evo 598.00 -1000000.20 -999999.11 -999999.61 -999999.85 -999999.59 -999999.32 0.30 0.03 0.08 0.03 0.11 -1 -1
Result 0 -1.0 79 0.39 0.29 0.14 0.21 0.19 0.18 -1 -1 -1 -1 -1
Evo 598.81 -1000000.24 -999999.04 -999999.58 -999999.79 -999999.55 -999999.37 0.29 0.03 0.08 0.07 0.21 -1 -1
Result 0 -1.0 79 0.46 0.29 0.25 0.09 0.20 0.18 -1 -1 -1 -1 -1
Evo 623.13 -1000000.32 -999999.06 -999999.61 -999999.85 -999999.55 -999999.35 0.33 0.04 0.08 0.06 0.16 -1 -1
Result 0 -1.0 79 0.45 0.13 0.19 0.16 0.30 0.23 -1 -1 -1 -1 -1
Evo 623.34 -1000000.20 -999999.02 -999999.65 -999999.87 -999999.68 -999999.43 0.29 0.03 0.08 0.05 0.13 -1 -1
Result 0 -1.0 79 0.44 0.25 0.19 0.20 0.18 0.19 -1 -1 -1 -1 -1
Evo 634.78 -1000000.14 -999999.07 -999999.62 -999999.87 -999999.60 -999999.35 0.30 0.03 0.08 0.05 0.11 -1 -1
Result 0 -1.0 79 0.45 0.21 0.18 0.24 0.19 0.19 -1 -1 -1 -1 -1
Evo 80.32 -1000000.32 0.67 -99949.38 0.65 0.65 0.65 300008.36 6706.71 0.01 0.23 0.33 -1 -1
Result 0 0.0 2000 0.46 0.20 0.20 0.21 0.21 0.18 -1 -1 -1 -1 -1
Evo 54.88 0.65 999999.75 33485.68 0.65 0.65 0.67 139847.11 5811.85 0.02 0.25 0.52 -1 -1
Result 1 1.0 578 0.47 0.20 0.22 0.19 0.19 0.20 -1 -1 -1 -1 -1
Evo 50.45 0.65 1000000.14 31804.61 0.65 0.65 0.67 102184.23 3030.43 0.01 0.45 0.56 -1 -1
Result 1 1.0 1136 0.48 0.18 0.22 0.19 0.19 0.22 -1 -1 -1 -1 -1
Evo 55.36 0.65 999999.90 23101.75 0.65 0.65 0.67 111049.83 4243.00 0.01 0.37 0.53 -1 -1
Result 1 1.0 684 0.46 0.19 0.20 0.19 0.20 0.22 -1 -1 -1 -1 -1
Evo 81.79 -1000000.25 76923.69 -99697.24 0.65 0.65 0.65 300043.79 6707.51 0.01 0.32 0.40 -1 -1
Result 0 0.0 2000 0.47 0.19 0.18 0.22 0.20 0.21 -1 -1 -1 -1 -1
Evo 52.83 0.65 1000000.09 25085.96 0.65 0.65 0.67 99652.70 3025.34 0.01 0.46 0.56 -1 -1
Result 1 1.0 1084 0.46 0.20 0.19 0.19 0.20 0.23 -1 -1 -1 -1 -1
Evo 59.46 -999999.95 1000000.49 -62760.94 0.65 0.65 0.65 263689.29 5962.22 0.01 0.41 0.54 -1 -1
Result 1 1.0 1955 0.47 0.21 0.19 0.19 0.20 0.21 -1 -1 -1 -1 -1
Evo 85.15 -1000000.21 50000.55 -99902.89 0.65 0.65 0.65 300026.71 6707.12 0.01 0.29 0.34 -1 -1
Result 0 0.0 2000 0.48 0.19 0.19 0.20 0.19 0.22 -1 -1 -1 -1 -1
Evo 50.33 0.65 999999.70 36684.89 0.65 0.65 0.67 117841.68 3691.58 0.01 0.35 0.56 -1 -1
Result 1 1.0 1018 0.47 0.20 0.20 0.19 0.21 0.20 -1 -1 -1 -1 -1
Evo 83.26 -1000000.31 0.67 -99949.38 0.65 0.65 0.65 300008.36 6706.71 0.01 0.18 0.29 -1 -1
Result 0 0.0 2000 0.45 0.20 0.19 0.21 0.21 0.19 -1 -1 -1 -1 -1
Evo 78.68 -1000000.19 76923.68 -99815.91 0.65 0.65 0.65 300063.50 6707.95 0.01 0.27 0.32 -1 -1
Result 0 0.0 2000 0.47 0.20 0.20 0.21 0.20 0.19 -1 -1 -1 -1 -1
Evo 52.58 0.65 1000000.19 41064.19 0.65 0.65 0.67 143690.17 5992.29 0.02 0.33 0.53 -1 -1
Result 1 1.0 574 0.45 0.21 0.25 0.14 0.19 0.22 -1 -1 -1 -1 -1
Evo 51.68 0.65 999999.88 45908.81 0.65 0.65 0.67 144043.72 4861.24 0.01 0.39 0.54 -1 -1
Result 1 1.0 877 0.48 0.21 0.19 0.18 0.21 0.22 -1 -1 -1 -1 -1
Evo 55.52 0.65 1000000.26 16185.06 0.65 0.65 0.67 90289.52 2578.65 0.01 0.34 0.54 -1 -1
Result 1 1.0 1225 0.47 0.19 0.21 0.19 0.20 0.21 -1 -1 -1 -1 -1
Evo 51.59 0.65 1000000.41 50452.85 0.65 0.65 0.67 150178.92 4029.56 0.01 0.35 0.57 -1 -1
Result 1 1.0 1388 0.46 0.20 0.20 0.19 0.20 0.21 -1 -1 -1 -1 -1
Evo 53.86 -781817.81 1000000.15 14245.60 0.65 0.65 0.67 86724.99 2031.19 0.01 0.39 0.53 -1 -1
Result 1 1.0 1822 0.47 0.21 0.18 0.20 0.20 0.21 -1 -1 -1 -1 -1
Evo 54.60 0.65 999999.80 23367.66 0.65 0.65 0.67 113729.30 3907.78 0.01 0.38 0.56 -1 -1
Result 1 1.0 846 0.47 0.21 0.20 0.18 0.20 0.21 -1 -1 -1 -1 -1
Evo 82.66 -1000000.28 0.67 -99949.38 0.65 0.65 0.65 300008.36 6706.71 0.01 0.14 0.17 -1 -1
Result 0 0.0 2000 0.46 0.22 0.20 0.21 0.20 0.18 -1 -1 -1 -1 -1
Evo 82.54 -1000000.15 50000.45 -99873.91 0.65 0.65 0.65 300037.78 6707.37 0.01 0.27 0.34 -1 -1
Result 0 0.0 2000 0.46 0.20 0.20 0.21 0.20 0.19 -1 -1 -1 -1 -1
Evo 81.27 -1000000.28 22222.64 -99938.27 0.65 0.65 0.65 300012.48 6706.81 0.01 0.23 0.28 -1 -1
Result 0 0.0 2000 0.47 0.21 0.20 0.19 0.21 0.19 -1 -1 -1 -1 -1
Evo 282.63 -1000000.18 -999998.84 -999999.50 -999999.76 -999999.50 -999999.22 0.33 0.02 0.04 0.11 0.24 -1 -1
Result 0 -1.0 177 0.48 0.21 0.22 0.11 0.24 0.21 -1 -1 -1 -1 -1
Evo 297.00 -1000000.20 -999998.85 -999999.52 -999999.75 -999999.53 -999999.28 0.32 0.02 0.04 0.09 0.16 -1 -1
Result 0 -1.0 177 0.48 0.19 0.20 0.19 0.21 0.21 -1 -1 -1 -1 -1
Evo 335.81 -1000000.37 -999998.87 -999999.45 -999999.65 -999999.43 -999999.20 0.32 0.02 0.04 0.08 0.13 -1 -1
Result 0 -1.0 177 0.46 0.19 0.29 0.16 0.19 0.17 -1 -1 -1 -1 -1
Evo 331.49 -1000000.36 -999998.87 -999999.48 -999999.75 -999999.47 -999999.19 0.34 0.03 0.04 0.12 0.23 -1 -1
Result 0 -1.0 177 0.50 0.18 0.22 0.15 0.25 0.21 -1 -1 -1 -1 -1
Evo 319.15 -1000000.28 -999998.81 -999999.49 -999999.79 -999999.48 -999999.23 0.35 0.03 0.04 0.05 0.10 -1 -1
Result 0 -1.0 177 0.45 0.21 0.19 0.26 0.17 0.17 -1 -1 -1 -1 -1
Evo 333.31 -1000000.20 -999998.86 -999999.51 -999999.77 -999999.50 -999999.29 0.30 0.02 0.04 0.07 0.13 -1 -1
Result 0 -1.0 177 0.48 0.21 0.22 0.19 0.22 0.16 -1 -1 -1 -1 -1
Evo 323.94 -1000000.26 -999998.79 -999999.49 -999999.75 -999999.47 -999999.20 0.33 0.02 0.04 0.06 0.13 -1 -1
Result 0 -1.0 177 0.42 0.15 0.22 0.24 0.24 0.16 -1 -1 -1 -1 -1
Evo 333.38 -1000000.23 -999998.89 -999999.53 -999999.81 -999999.50 -999999.29 0.33 0.02 0.04 0.11 0.21 -1 -1
Result 0 -1.0 177 0.45 0.20 0.19 0.19 0.19 0.23 -1 -1 -1 -1 -1
Evo 331.46 -1000000.37 -999998.83 -999999.46 -999999.70 -999999.45 -999999.23 0.33 0.02 0.04 0.08 0.14 -1 -1
Result 0 -1.0 177 0.47 0.22 0.21 0.20 0.21 0.16 -1 -1 -1 -1 -1
Evo 327.49 -1000000.33 -999998.80 -999999.50 -999999.74 -999999.50 -999999.27 0.31 0.02 0.04 0.10 0.19 -1 -1
Result 0 -1.0 177 0.48 0.20 0.23 0.17 0.17 0.22 -1 -1 -1 -1 -1
Evo 308.81 -1000000.37 -999998.83 -999999.47 -999999.74 -999999.47 -999999.22 0.32 0.02 0.04 0.05 0.12 -1 -1
Result 0 -1.0 177 0.48 0.24 0.18 0.20 0.16 0.21 -1 -1 -1 -1 -1
Evo 337.37 -1000000.27 -999998.82 -999999.52 -999999.81 -999999.52 -999999.27 0.34 0.03 0.04 0.12 0.22 -1 -1
Result 0 -1.0 177 0.47 0.18 0.20 0.17 0.18 0.26 -1 -1 -1 -1 -1
Evo 341.81 -1000000.41 -999998.87 -999999.48 -999999.73 -999999.48 -999999.21 0.33 0.02 0.04 0.07 0.13 -1 -1
Result 0 -1.0 177 0.43 0.17 0.22 0.25 0.16 0.19 -1 -1 -1 -1 -1
Evo 276.88 -1000000.27 -999998.80 -999999.55 -999999.83 -999999.60 -999999.30 0.34 0.03 0.04 0.13 0.23 -1 -1
Result 0 -1.0 177 0.50 0.18 0.20 0.17 0.26 0.19 -1 -1 -1 -1 -1
Evo 325.20 -1000000.37 -999998.83 -999999.47 -999999.76 -999999.45 -999999.20 0.34 0.03 0.04 0.09 0.19 -1 -1
Result 0 -1.0 177 0.41 0.18 0.15 0.19 0.20 0.28 -1 -1 -1 -1 -1
Evo 310.01 -1000000.10 -999998.88 -999999.46 -999999.71 -999999.45 -999999.23 0.30 0.02 0.04 0.09 0.16 -1 -1
Result 0 -1.0 177 0.45 0.20 0.19 0.21 0.18 0.23 -1 -1 -1 -1 -1
Evo 285.31 -1000000.21 -999998.82 -999999.50 -999999.73 -999999.53 -999999.28 0.30 0.02 0.04 0.06 0.12 -1 -1
Result 0 -1.0 177 0.48 0.18 0.20 0.18 0.22 0.21 -1 -1 -1 -1 -1
Evo 302.87 -1000000.34 -999998.80 -999999.48 -999999.77 -999999.45 -999999.18 0.35 0.03 0.04 0.08 0.13 -1 -1
Result 0 -1.0 177 0.45 0.23 0.22 0.22 0.14 0.19 -1 -1 -1 -1 -1
Evo 338.23 -1000000.22 -999998.81 -999999.49 -999999.78 -999999.46 -999999.25 0.33 0.02 0.04 0.06 0.12 -1 -1
Result 0 -1.0 177 0.42 0.23 0.19 0.24 0.19 0.16 -1 -1 -1 -1 -1
Evo 285.09 -1000000.22 -999998.84 -999999.51 -999999.74 -999999.50 -999999.26 0.32 0.02 0.04 0.09 0.16 -1 -1
Result 0 -1.0 177 0.48 0.24 0.21 0.20 0.18 0.17 -1 -1 -1 -1 -1
