Evo 1.00 0.00 1.00 1.00 1.00 1.00 1.00 0.04 0.00 0.01 0.20 0.66 -1 11
Result 0 0.0 780 0.45 0.18 0.23 0.19 0.21 0.19 -1 -1 -1 -1 -1
Evo 1.00 1.00 1.00 1.00 1.00 1.00 1.00 0.00 0.00 0.00 0.10 0.48 -1 21
Result 0 0.0 273 0.48 0.21 0.19 0.22 0.19 0.19 -1 -1 -1 -1 -1
Evo 1.00 0.00 1.00 0.99 1.00 1.00 1.00 0.11 0.00 0.08 0.22 0.63 -1 45
Result 0 0.0 1000 0.46 0.19 0.22 0.20 0.20 0.19 -1 -1 -1 -1 -1
Evo 1.00 0.00 1.00 0.99 1.00 1.00 1.00 0.10 0.00 0.07 0.39 1.63 -1 8
Result 0 0.0 1000 0.46 0.18 0.21 0.19 0.20 0.22 -1 -1 -1 -1 -1
Evo 1.00 0.00 1.00 0.99 1.00 1.00 1.00 0.10 0.00 0.07 0.38 1.74 -1 20
Result 0 0.0 1000 0.47 0.18 0.20 0.19 0.22 0.21 -1 -1 -1 -1 -1
Evo 1.00 0.00 1.00 1.00 1.00 1.00 1.00 0.04 0.00 0.01 0.14 0.46 -1 64
Result 0 0.0 669 0.48 0.17 0.20 0.22 0.20 0.22 -1 -1 -1 -1 -1
Evo 1.00 1.00 1.00 1.00 1.00 1.00 1.00 0.00 0.00 0.00 0.18 0.65 -1 11
Result 0 0.0 360 0.47 0.18 0.24 0.19 0.19 0.20 -1 -1 -1 -1 -1
Evo 1.00 0.00 1.00 0.99 1.00 1.00 1.00 0.10 0.00 0.07 0.28 0.68 -1 5
Result 0 0.0 1000 0.46 0.21 0.20 0.19 0.19 0.20 -1 -1 -1 -1 -1
Evo 1.00 0.00 1.00 0.99 1.00 1.00 1.00 0.08 0.00 0.05 0.12 0.48 -1 47
Result 0 0.0 414 0.48 0.17 0.21 0.21 0.19 0.22 -1 -1 -1 -1 -1
Evo 1.00 1.00 1.00 1.00 1.00 1.00 1.00 0.00 0.00 0.00 0.12 0.52 -1 3
Result 0 0.0 255 0.48 0.19 0.19 0.22 0.19 0.21 -1 -1 -1 -1 -1
Evo 1.00 0.00 1.00 1.00 1.00 1.00 1.00 0.07 0.00 0.04 0.12 0.55 -1 26
Result 0 0.0 413 0.47 0.19 0.21 0.19 0.21 0.19 -1 -1 -1 -1 -1
Evo 1.00 0.00 1.00 0.99 1.00 1.00 1.00 0.10 0.00 0.07 0.22 0.61 -1 37
Result 0 0.0 999 0.45 0.20 0.21 0.18 0.22 0.19 -1 -1 -1 -1 -1
Evo 1.00 1.00 1.00 1.00 1.00 1.00 1.00 0.00 0.00 0.00 0.18 0.62 -1 11
Result 0 0.0 582 0.45 0.22 0.19 0.21 0.18 0.21 -1 -1 -1 -1 -1
Evo 1.00 0.00 1.00 0.99 1.00 1.00 1.00 0.08 0.00 0.05 0.14 0.45 -1 12
Result 0 0.0 752 0.46 0.19 0.20 0.20 0.21 0.20 -1 -1 -1 -1 -1
Evo 1.00 1.00 1.00 1.00 1.00 1.00 1.00 0.00 0.00 0.00 0.17 0.60 -1 11
Result 0 0.0 621 0.46 0.18 0.20 0.21 0.20 0.20 -1 -1 -1 -1 -1
Evo 1.00 0.00 1.00 1.00 1.00 1.00 1.00 0.05 0.00 0.02 0.31 0.81 -1 7
Result 0 0.0 687 0.45 0.19 0.22 0.18 0.20 0.20 -1 -1 -1 -1 -1
Evo 1.00 0.00 1.00 0.99 1.00 1.00 1.00 0.08 0.00 0.05 0.17 0.61 -1 12
Result 0 0.0 417 0.46 0.16 0.23 0.21 0.20 0.19 -1 -1 -1 -1 -1
Evo 1.00 1.00 1.00 1.00 1.00 1.00 1.00 0.00 0.00 0.00 0.20 0.62 -1 22
Result 0 0.0 582 0.47 0.19 0.21 0.19 0.21 0.20 -1 -1 -1 -1 -1
Evo 1.00 1.00 1.00 1.00 1.00 1.00 1.00 0.00 0.00 0.00 0.11 0.49 -1 4
Result 0 0.0 297 0.47 0.21 0.19 0.21 0.18 0.21 -1 -1 -1 -1 -1
Evo 1.00 1.00 1.00 1.00 1.00 1.00 1.00 0.00 0.00 0.00 0.19 0.81 -1 7
Result 0 0.0 432 0.43 0.20 0.23 0.17 0.21 0.18 -1 -1 -1 -1 -1
Evo 1.00 1.00 1.00 1.00 1.00 1.00 1.00 0.00 0.00 0.00 0.22 0.97 -1 0
Result 0 0.0 729 0.48 0.19 0.18 0.22 0.20 0.20 -1 -1 -1 -1 -1
Evo 1.00 0.00 1.00 0.99 1.00 1.00 1.00 0.10 0.00 0.07 0.16 0.97 -1 0
Result 0 0.0 1000 0.48 0.19 0.19 0.21 0.23 0.19 -1 -1 -1 -1 -1
Evo 1.00 0.00 1.00 1.00 1.00 1.00 1.00 0.06 0.00 0.03 0.08 0.43 -1 0
Result 0 0.0 284 0.49 0.24 0.15 0.23 0.15 0.24 -1 -1 -1 -1 -1
Evo 1.01 0.00 1.00 0.99 1.00 1.00 1.00 0.08 0.01 0.04 0.07 0.39 -1 0
Result 0 0.0 168 0.44 0.20 0.14 0.28 0.17 0.21 -1 -1 -1 -1 -1
Evo 1.00 0.00 1.00 0.99 1.00 1.00 1.00 0.10 0.00 0.07 0.18 0.95 -1 0
Result 0 0.0 1000 0.48 0.16 0.18 0.22 0.20 0.23 -1 -1 -1 -1 -1
Evo 1.00 0.00 1.00 0.99 1.00 1.00 1.00 0.10 0.00 0.07 0.17 0.96 -1 0
Result 0 0.0 1000 0.48 0.20 0.20 0.21 0.19 0.21 -1 -1 -1 -1 -1
Evo 1.00 0.00 1.00 0.99 1.00 1.00 1.00 0.10 0.00 0.07 0.26 1.11 -1 0
Result 0 0.0 1000 0.49 0.17 0.18 0.24 0.19 0.22 -1 -1 -1 -1 -1
Evo 1.00 0.00 1.00 0.96 1.00 1.00 1.00 0.19 0.01 0.17 0.07 0.32 -1 0
Result 0 0.0 275 0.50 0.18 0.18 0.21 0.18 0.25 -1 -1 -1 -1 -1
Evo 1.00 0.00 1.00 0.99 1.00 1.00 1.00 0.10 0.00 0.07 0.25 1.42 -1 0
Result 0 0.0 1000 0.43 0.21 0.16 0.23 0.16 0.23 -1 -1 -1 -1 -1
Evo 1.00 0.00 1.00 0.99 1.00 1.00 1.00 0.10 0.01 0.06 0.06 0.32 -1 0
Result 0 0.0 213 0.50 0.26 0.11 0.24 0.14 0.25 -1 -1 -1 -1 -1
Evo 1.00 1.00 1.00 1.00 1.00 1.00 1.00 0.00 0.00 0.00 0.14 0.93 -1 0
Result 0 0.0 486 0.44 0.21 0.16 0.17 0.23 0.23 -1 -1 -1 -1 -1
Evo 1.00 0.00 1.00 1.00 1.00 1.00 1.00 0.06 0.00 0.03 0.04 0.25 -1 0
Result 0 0.0 316 0.49 0.21 0.15 0.23 0.18 0.22 -1 -1 -1 -1 -1
Evo 1.00 0.00 1.00 0.99 1.00 1.00 1.00 0.10 0.00 0.07 0.18 1.00 -1 0
Result 0 0.0 1000 0.48 0.18 0.19 0.22 0.20 0.21 -1 -1 -1 -1 -1
Evo 1.00 0.00 1.00 0.98 1.00 1.00 1.00 0.15 0.01 0.12 0.05 0.30 -1 0
Result 0 0.0 321 0.50 0.16 0.16 0.26 0.18 0.24 -1 -1 -1 -1 -1
Evo 1.01 0.00 1.00 0.98 1.00 1.00 1.00 0.12 0.01 0.09 0.08 0.48 -1 0
Result 0 0.0 198 0.49 0.21 0.15 0.24 0.19 0.21 -1 -1 -1 -1 -1
Evo 1.00 0.00 1.00 0.99 1.00 1.00 1.00 0.08 0.00 0.05 0.09 0.45 -1 0
Result 0 0.0 291 0.50 0.16 0.13 0.29 0.17 0.24 -1 -1 -1 -1 -1
Evo 1.00 0.00 1.00 0.99 1.00 1.00 1.00 0.12 0.00 0.09 0.22 1.04 -1 0
Result 0 0.0 1000 0.48 0.21 0.15 0.22 0.20 0.22 -1 -1 -1 -1 -1
Evo 1.00 0.00 1.00 0.99 1.00 1.00 1.00 0.10 0.00 0.07 0.29 1.32 -1 0
Result 0 0.0 1000 0.48 0.21 0.18 0.21 0.19 0.21 -1 -1 -1 -1 -1
Evo 1.00 0.00 1.00 0.99 1.00 1.00 1.00 0.08 0.00 0.05 0.07 0.37 -1 0
Result 0 0.0 315 0.51 0.17 0.15 0.27 0.15 0.26 -1 -1 -1 -1 -1
Evo 1.00 0.00 1.00 0.99 1.00 1.00 1.00 0.10 0.01 0.07 0.06 0.33 -1 0
Result 0 0.0 289 0.51 0.18 0.15 0.27 0.16 0.23 -1 -1 -1 -1 -1
Evo 1.00 0.00 1.00 0.99 1.00 1.00 1.00 0.11 0.00 0.08 0.14 0.46 -1 1
Result 0 0.0 640 0.47 0.18 0.21 0.21 0.20 0.20 -1 -1 -1 -1 -1
Evo 1.00 0.00 1.00 0.99 1.00 1.00 1.00 0.10 0.00 0.07 0.21 1.17 -1 0
Result 0 0.0 1000 0.48 0.20 0.19 0.19 0.19 0.22 -1 -1 -1 -1 -1
Evo 1.00 0.00 1.00 1.00 1.00 1.00 1.00 0.05 0.00 0.02 0.15 0.60 -1 1
Result 0 0.0 409 0.48 0.18 0.21 0.19 0.22 0.20 -1 -1 -1 -1 -1
Evo 1.00 0.00 1.00 0.99 1.00 1.00 1.00 0.08 0.01 0.05 0.10 0.43 -1 1
Result 0 0.0 281 0.49 0.18 0.17 0.22 0.20 0.23 -1 -1 -1 -1 -1
Evo 1.00 0.00 1.00 0.99 1.00 1.00 1.00 0.09 0.00 0.06 0.18 0.59 -1 7
Result 0 0.0 997 0.46 0.19 0.20 0.20 0.21 0.20 -1 -1 -1 -1 -1
Evo 1.00 0.00 1.00 1.00 1.00 1.00 1.00 0.06 0.00 0.03 0.12 0.58 -1 1
Result 0 0.0 280 0.48 0.18 0.22 0.18 0.21 0.21 -1 -1 -1 -1 -1
Evo 1.00 0.00 1.00 1.00 1.00 1.00 1.00 0.06 0.00 0.03 0.13 0.44 -1 1
Result 0 0.0 551 0.47 0.19 0.20 0.21 0.19 0.21 -1 -1 -1 -1 -1
Evo 1.00 1.00 1.00 1.00 1.00 1.00 1.00 0.00 0.00 0.00 0.11 0.50 -1 2
Result 0 0.0 234 0.48 0.18 0.22 0.19 0.19 0.22 -1 -1 -1 -1 -1
Evo 1.00 0.00 1.00 0.99 1.00 1.00 1.00 0.09 0.00 0.06 0.18 0.82 -1 0
Result 0 0.0 372 0.44 0.19 0.25 0.17 0.20 0.18 -1 -1 -1 -1 -1
Evo 1.00 1.00 1.00 1.00 1.00 1.00 1.00 0.00 0.00 0.00 0.13 0.61 -1 1
Result 0 0.0 237 0.44 0.23 0.21 0.16 0.23 0.17 -1 -1 -1 -1 -1
Evo 1.00 0.00 1.00 0.99 1.00 1.00 1.00 0.08 0.00 0.04 0.13 0.49 -1 1
Result 0 0.0 329 0.46 0.21 0.19 0.19 0.21 0.20 -1 -1 -1 -1 -1
Evo 1.00 1.00 1.00 1.00 1.00 1.00 1.00 0.00 0.00 0.00 0.12 0.59 -1 1
Result 0 0.0 231 0.47 0.22 0.16 0.21 0.17 0.24 -1 -1 -1 -1 -1
Evo 1.00 0.00 1.00 0.99 1.00 1.00 1.00 0.10 0.01 0.07 0.15 0.61 -1 1
Result 0 0.0 286 0.47 0.18 0.17 0.20 0.21 0.24 -1 -1 -1 -1 -1
Evo 1.00 0.00 1.00 1.00 1.00 1.00 1.00 0.04 0.00 0.02 0.13 0.51 -1 3
Result 0 0.0 554 0.45 0.19 0.19 0.21 0.19 0.22 -1 -1 -1 -1 -1
Evo 1.00 0.00 1.00 0.99 1.00 1.00 1.00 0.07 0.00 0.04 0.16 0.50 -1 5
Result 0 0.0 979 0.47 0.19 0.22 0.19 0.21 0.19 -1 -1 -1 -1 -1
Evo 1.00 0.00 1.00 1.00 1.00 1.00 1.00 0.04 0.00 0.01 0.18 0.54 -1 1
Result 0 0.0 718 0.46 0.20 0.20 0.19 0.22 0.19 -1 -1 -1 -1 -1
Evo 1.00 0.00 1.00 0.98 1.00 1.00 1.00 0.13 0.01 0.10 0.11 0.46 -1 0
Result 0 0.0 284 0.48 0.23 0.20 0.17 0.21 0.18 -1 -1 -1 -1 -1
Evo 1.00 0.00 1.00 0.99 1.00 1.00 1.00 0.10 0.00 0.07 0.14 0.49 -1 0
Result 0 0.0 400 0.47 0.19 0.20 0.19 0.21 0.20 -1 -1 -1 -1 -1
Evo 1.00 1.00 1.00 1.00 1.00 1.00 1.00 0.00 0.00 0.00 0.14 0.62 -1 1
Result 0 0.0 459 0.44 0.22 0.20 0.18 0.19 0.21 -1 -1 -1 -1 -1
Evo 1.00 1.00 1.00 1.00 1.00 1.00 1.00 0.00 0.00 0.00 0.15 0.57 -1 1
Result 0 0.0 435 0.46 0.20 0.19 0.19 0.22 0.19 -1 -1 -1 -1 -1
Evo 1.00 0.00 1.00 1.00 1.00 1.00 1.00 0.05 0.00 0.02 0.15 0.44 -1 0
Result 0 0.0 357 0.45 0.20 0.20 0.18 0.22 0.19 -1 -1 -1 -1 -1
Evo 1.00 0.00 1.00 1.00 1.00 1.00 1.00 0.05 0.00 0.02 0.17 0.49 -1 0
Result 0 0.0 426 0.45 0.20 0.22 0.18 0.20 0.20 -1 -1 -1 -1 -1
Evo 1.00 0.00 1.00 0.99 1.00 1.00 1.00 0.09 0.00 0.06 0.17 0.37 -1 0
Result 0 0.0 730 0.46 0.20 0.21 0.20 0.19 0.21 -1 -1 -1 -1 -1
Evo 1.00 0.00 1.00 0.99 1.00 1.00 1.00 0.08 0.00 0.05 0.19 0.37 -1 0
Result 0 0.0 811 0.47 0.18 0.20 0.21 0.20 0.20 -1 -1 -1 -1 -1
Evo 1.00 0.00 1.00 1.00 1.00 1.00 1.00 0.07 0.00 0.04 0.16 0.47 -1 0
Result 0 0.0 427 0.44 0.21 0.19 0.21 0.18 0.21 -1 -1 -1 -1 -1
Evo 1.00 0.00 1.00 1.00 1.00 1.00 1.00 0.07 0.00 0.03 0.18 0.38 -1 0
Result 0 0.0 906 0.46 0.19 0.20 0.20 0.19 0.21 -1 -1 -1 -1 -1
Evo 1.00 0.00 1.00 1.00 1.00 1.00 1.00 0.07 0.00 0.03 0.18 0.42 -1 1
Result 0 0.0 675 0.47 0.18 0.21 0.20 0.21 0.20 -1 -1 -1 -1 -1
Evo 1.00 0.00 1.00 0.99 1.00 1.00 1.00 0.08 0.00 0.05 0.15 0.38 -1 0
Result 0 0.0 450 0.44 0.20 0.23 0.17 0.21 0.18 -1 -1 -1 -1 -1
Evo 1.00 0.00 1.00 1.00 1.00 1.00 1.00 0.06 0.00 0.03 0.13 0.37 -1 3
Result 0 0.0 623 0.45 0.22 0.19 0.21 0.18 0.20 -1 -1 -1 -1 -1
Evo 1.00 0.00 1.00 0.99 1.00 1.00 1.00 0.12 0.00 0.08 0.16 0.43 -1 2
Result 0 0.0 588 0.47 0.17 0.21 0.21 0.21 0.21 -1 -1 -1 -1 -1
Evo 1.00 0.00 1.00 1.00 1.00 1.00 1.00 0.05 0.00 0.02 0.18 0.49 -1 1
Result 0 0.0 731 0.46 0.22 0.20 0.19 0.19 0.19 -1 -1 -1 -1 -1
Evo 1.00 0.00 1.00 0.99 1.00 1.00 1.00 0.09 0.00 0.06 0.20 0.39 -1 1
Result 0 0.0 824 0.45 0.20 0.21 0.20 0.19 0.20 -1 -1 -1 -1 -1
Evo 1.00 0.00 1.00 0.99 1.00 1.00 1.00 0.08 0.00 0.04 0.19 0.42 -1 1
Result 0 0.0 992 0.46 0.20 0.20 0.20 0.20 0.20 -1 -1 -1 -1 -1
Evo 1.00 0.00 1.00 0.99 1.00 1.00 1.00 0.09 0.00 0.05 0.19 0.41 -1 0
Result 0 0.0 822 0.45 0.23 0.22 0.18 0.20 0.17 -1 -1 -1 -1 -1
Evo 1.00 0.00 1.00 0.99 1.00 1.00 1.00 0.07 0.00 0.04 0.12 0.36 -1 4
Result 0 0.0 379 0.47 0.21 0.19 0.21 0.19 0.21 -1 -1 -1 -1 -1
Evo 1.00 0.00 1.00 0.99 1.00 1.00 1.00 0.08 0.00 0.05 0.20 0.43 -1 0
Result 0 0.0 732 0.45 0.23 0.20 0.19 0.18 0.20 -1 -1 -1 -1 -1
Evo 1.00 0.00 1.00 1.00 1.00 1.00 1.00 0.04 0.00 0.02 0.17 0.40 -1 1
Result 0 0.0 538 0.48 0.18 0.22 0.18 0.22 0.20 -1 -1 -1 -1 -1
Evo 1.00 0.00 1.00 1.00 1.00 1.00 1.00 0.04 0.00 0.01 0.20 0.41 -1 1
Result 0 0.0 732 0.48 0.19 0.20 0.21 0.18 0.22 -1 -1 -1 -1 -1
Evo 1.00 0.00 1.00 1.00 1.00 1.00 1.00 0.07 0.00 0.04 0.19 0.41 -1 1
Result 0 0.0 623 0.46 0.21 0.21 0.18 0.21 0.20 -1 -1 -1 -1 -1
Evo 1.00 0.00 1.00 1.00 1.00 1.00 1.00 0.07 0.00 0.04 0.17 0.39 -1 2
Result 0 0.0 604 0.46 0.19 0.21 0.19 0.21 0.20 -1 -1 -1 -1 -1
Evo 1.00 1.00 1.00 1.00 1.00 1.00 1.00 0.00 0.00 0.00 0.10 0.38 -1 0
Result 0 0.0 255 0.49 0.16 0.22 0.20 0.19 0.23 -1 -1 -1 -1 -1
Evo 1.00 0.00 1.00 1.00 1.00 1.00 1.00 0.04 0.00 0.02 0.12 0.34 -1 0
Result 0 0.0 531 0.47 0.19 0.20 0.21 0.19 0.21 -1 -1 -1 -1 -1
Evo 1.00 0.00 1.00 0.97 1.00 1.00 1.00 0.17 0.01 0.14 0.08 0.32 -1 0
Result 0 0.0 248 0.45 0.17 0.24 0.18 0.23 0.18 -1 -1 -1 -1 -1
Evo 1.01 0.00 1.00 0.99 1.00 1.00 1.00 0.07 0.01 0.04 0.08 0.34 -1 0
Result 0 -1.0 188 0.49 0.18 0.20 0.20 0.19 0.24 -1 -1 -1 -1 -1
Evo 1.00 0.00 1.00 1.00 1.00 1.00 1.00 0.06 0.00 0.03 0.08 0.33 -1 0
Result 0 0.0 246 0.45 0.22 0.18 0.19 0.18 0.23 -1 -1 -1 -1 -1
Evo 1.00 0.00 1.00 0.99 1.00 1.00 1.00 0.11 0.01 0.08 0.08 0.32 -1 0
Result 0 0.0 248 0.45 0.19 0.21 0.18 0.21 0.21 -1 -1 -1 -1 -1
Evo 1.00 0.00 1.00 0.99 1.00 1.00 1.00 0.10 0.00 0.07 0.25 0.85 -1 0
Result 0 0.0 1000 0.46 0.18 0.21 0.20 0.19 0.22 -1 -1 -1 -1 -1
Evo 1.00 0.00 1.00 0.99 1.00 1.00 1.00 0.07 0.00 0.04 0.16 0.50 -1 0
Result 0 0.0 392 0.44 0.18 0.18 0.22 0.18 0.24 -1 -1 -1 -1 -1
Evo 1.00 0.00 1.00 0.99 1.00 1.00 1.00 0.07 0.00 0.04 0.11 0.31 -1 0
Result 0 0.0 796 0.46 0.19 0.21 0.19 0.19 0.21 -1 -1 -1 -1 -1
Evo 1.00 0.00 1.00 1.00 1.00 1.00 1.00 0.07 0.00 0.04 0.10 0.33 -1 0
Result 0 0.0 400 0.44 0.19 0.21 0.21 0.17 0.21 -1 -1 -1 -1 -1
Evo 1.00 1.00 1.00 1.00 1.00 1.00 1.00 0.00 0.00 0.00 0.11 0.38 -1 0
Result 0 0.0 405 0.47 0.17 0.22 0.20 0.20 0.21 -1 -1 -1 -1 -1
Evo 1.00 0.00 1.00 1.00 1.00 1.00 1.00 0.04 0.00 0.02 0.13 0.35 -1 0
Result 0 0.0 531 0.44 0.20 0.19 0.21 0.18 0.22 -1 -1 -1 -1 -1
Evo 1.00 0.00 1.00 1.00 1.00 1.00 1.00 0.06 0.00 0.03 0.07 0.27 -1 0
Result 0 0.0 248 0.47 0.21 0.20 0.20 0.18 0.20 -1 -1 -1 -1 -1
Evo 1.00 0.00 1.00 0.99 1.00 1.00 1.00 0.08 0.00 0.05 0.19 0.48 -1 0
Result 0 0.0 760 0.47 0.17 0.20 0.21 0.19 0.23 -1 -1 -1 -1 -1
Evo 1.00 0.00 1.00 0.99 1.00 1.00 1.00 0.09 0.01 0.06 0.07 0.28 -1 0
Result 0 0.0 247 0.42 0.20 0.23 0.16 0.21 0.21 -1 -1 -1 -1 -1
Evo 1.00 0.00 1.00 1.00 1.00 1.00 1.00 0.05 0.00 0.02 0.12 0.35 -1 0
Result 0 0.0 395 0.46 0.21 0.20 0.19 0.19 0.21 -1 -1 -1 -1 -1
Evo 1.00 0.00 1.00 0.99 1.00 1.00 1.00 0.08 0.00 0.05 0.11 0.35 -1 0
Result 0 0.0 311 0.45 0.19 0.18 0.23 0.19 0.21 -1 -1 -1 -1 -1
Evo 1.00 0.00 1.00 0.99 1.00 1.00 1.00 0.11 0.01 0.08 0.08 0.34 -1 0
Result 0 0.0 243 0.48 0.16 0.21 0.20 0.20 0.22 -1 -1 -1 -1 -1
Evo 1.00 0.00 1.00 0.99 1.00 1.00 1.00 0.09 0.01 0.05 0.10 0.39 -1 0
Result 0 0.0 257 0.42 0.22 0.19 0.21 0.16 0.23 -1 -1 -1 -1 -1
Evo 1.00 0.00 1.00 0.99 1.00 1.00 1.00 0.08 0.00 0.04 0.12 0.37 -1 0
Result 0 0.0 494 0.45 0.21 0.20 0.21 0.18 0.20 -1 -1 -1 -1 -1
