Evo 1.00 0.00 1.00 0.00 0.00 0.00 0.00 0.06 0.00 0.03 0.23 0.30 -1 1891
Result 0 0.0 1900 0.46 0.20 0.20 0.20 0.20 0.21 -1 -1 -1 -1 -1
Evo 1.00 0.00 1.00 0.99 1.00 1.00 1.00 0.07 0.00 0.31 0.23 0.24 -1 1891
Result 0 4.0 1900 0.47 0.19 0.21 0.19 0.20 0.21 -1 -1 -1 -1 -1
Evo 1.00 0.00 1.00 0.99 1.00 1.00 1.00 0.07 0.00 0.47 0.23 0.33 -1 1891
Result 0 4.0 1900 0.47 0.20 0.21 0.20 0.20 0.19 -1 -1 -1 -1 -1
Evo 1.00 0.00 1.00 0.99 1.00 1.00 1.00 0.07 0.00 0.42 0.36 0.39 -1 1891
Result 0 2.0 1900 0.46 0.21 0.19 0.20 0.20 0.19 -1 -1 -1 -1 -1
Evo 1.00 0.00 1.00 0.99 1.00 1.00 1.00 0.07 0.00 0.01 0.24 0.28 -1 1891
Result 0 4.0 1900 0.46 0.22 0.19 0.20 0.19 0.20 -1 -1 -1 -1 -1
Evo 1.00 0.00 1.00 0.99 1.00 1.00 1.00 0.07 0.00 0.01 0.24 0.24 -1 1891
Result 0 4.0 1900 0.47 0.21 0.20 0.19 0.20 0.20 -1 -1 -1 -1 -1
Evo 1.00 0.00 1.00 0.99 1.00 1.00 1.00 0.07 0.00 0.02 0.25 0.35 -1 1891
Result 0 4.0 1900 0.45 0.20 0.19 0.22 0.19 0.20 -1 -1 -1 -1 -1
Evo 1.00 0.00 1.00 0.99 1.00 1.00 1.00 0.07 0.00 0.01 0.38 0.44 -1 1891
Result 0 4.0 1900 0.47 0.19 0.21 0.19 0.19 0.22 -1 -1 -1 -1 -1
Evo 1.00 0.00 1.00 0.99 1.00 1.00 1.00 0.07 0.00 0.51 0.24 0.36 -1 1891
Result 0 4.0 1900 0.46 0.22 0.19 0.20 0.20 0.20 -1 -1 -1 -1 -1
Evo 1.00 0.00 1.00 0.99 1.00 1.00 1.00 0.07 0.00 0.43 0.25 0.37 -1 1891
Result 0 4.0 1900 0.47 0.19 0.21 0.20 0.19 0.21 -1 -1 -1 -1 -1
Evo 1.00 0.00 1.00 0.99 1.00 1.00 1.00 0.07 0.00 0.51 0.24 0.35 -1 1891
Result 0 4.0 1900 0.48 0.20 0.21 0.19 0.21 0.19 -1 -1 -1 -1 -1
Evo 1.00 0.00 1.00 0.99 1.00 1.00 1.00 0.07 0.00 0.51 0.24 0.30 -1 1891
Result 0 4.0 1900 0.47 0.21 0.20 0.21 0.18 0.20 -1 -1 -1 -1 -1
Evo 1.00 0.00 1.00 0.99 1.00 1.00 1.00 0.07 0.00 0.49 0.20 0.37 -1 1891
Result 0 2.0 1900 0.47 0.18 0.21 0.20 0.20 0.21 -1 -1 -1 -1 -1
Evo 1.00 0.00 1.00 0.99 1.00 1.00 1.00 0.07 0.00 0.01 0.08 0.23 -1 1891
Result 0 0.0 1900 0.47 0.21 0.21 0.21 0.19 0.18 -1 -1 -1 -1 -1
Evo 1.00 0.00 1.00 0.99 1.00 1.00 1.00 0.07 0.00 0.01 0.39 0.39 -1 1891
Result 0 0.0 1900 0.47 0.18 0.21 0.21 0.20 0.20 -1 -1 -1 -1 -1
Evo 1.00 0.00 1.00 0.99 1.00 1.00 1.00 0.07 0.00 0.01 0.24 0.35 -1 1891
Result 0 0.0 1900 0.46 0.19 0.20 0.22 0.21 0.19 -1 -1 -1 -1 -1
Evo 1.00 0.00 1.00 0.99 1.00 1.00 1.00 0.07 0.00 0.02 0.24 0.24 -1 1891
Result 0 4.0 1900 0.46 0.19 0.20 0.21 0.20 0.20 -1 -1 -1 -1 -1
Evo 1.00 0.00 1.00 0.99 1.00 1.00 1.00 0.07 0.00 0.01 0.28 0.37 -1 1891
Result 0 0.0 1900 0.45 0.21 0.19 0.20 0.21 0.20 -1 -1 -1 -1 -1
Evo 1.00 0.00 1.00 0.99 1.00 1.00 1.00 0.07 0.00 0.01 0.21 0.25 -1 1891
Result 0 4.0 1900 0.46 0.21 0.19 0.19 0.21 0.21 -1 -1 -1 -1 -1
Evo 1.00 0.00 1.00 0.99 1.00 1.00 1.00 0.07 0.00 0.51 0.24 0.30 -1 1891
Result 0 4.0 1900 0.46 0.20 0.19 0.21 0.19 0.21 -1 -1 -1 -1 -1
Evo 1.00 0.00 1.00 0.99 1.00 1.00 1.00 0.07 0.00 0.01 0.19 0.21 -1 1891
Result 0 9.0 1900 0.45 0.20 0.19 0.20 0.20 0.22 -1 -1 -1 -1 -1
Evo 1.00 0.00 1.00 0.99 1.00 1.00 1.00 0.07 0.00 0.53 0.20 0.20 -1 1891
Result 0 14.0 1900 0.46 0.20 0.19 0.20 0.21 0.20 -1 -1 -1 -1 -1
Evo 1.00 0.00 1.00 0.99 1.00 1.00 1.00 0.07 0.00 0.51 0.20 0.22 -1 1891
Result 0 9.0 1900 0.47 0.20 0.21 0.20 0.19 0.20 -1 -1 -1 -1 -1
Evo 1.00 0.00 1.00 0.99 1.00 1.00 1.00 0.07 0.00 0.01 0.22 0.25 -1 1891
Result 0 14.0 1900 0.46 0.21 0.19 0.20 0.19 0.20 -1 -1 -1 -1 -1
Evo 1.00 0.00 1.00 0.99 1.00 1.00 1.00 0.07 0.00 0.01 0.20 0.21 -1 1891
Result 0 14.0 1900 0.46 0.21 0.20 0.20 0.20 0.19 -1 -1 -1 -1 -1
Evo 1.00 0.00 1.00 0.99 1.00 1.00 1.00 0.07 0.00 0.01 0.17 0.20 -1 1891
Result 0 4.0 1900 0.46 0.19 0.19 0.19 0.21 0.21 -1 -1 -1 -1 -1
Evo 1.00 0.00 1.00 0.99 1.00 1.00 1.00 0.07 0.00 0.02 0.20 0.22 -1 1891
Result 0 14.0 1900 0.47 0.19 0.20 0.21 0.19 0.20 -1 -1 -1 -1 -1
Evo 1.00 0.00 1.00 0.99 1.00 1.00 1.00 0.07 0.00 0.01 0.23 0.27 -1 1891
Result 0 14.0 1900 0.47 0.21 0.21 0.19 0.21 0.19 -1 -1 -1 -1 -1
Evo 1.00 0.00 1.00 0.99 1.00 1.00 1.00 0.07 0.00 0.47 0.18 0.21 -1 1891
Result 0 4.0 1900 0.46 0.21 0.19 0.21 0.19 0.21 -1 -1 -1 -1 -1
Evo 1.00 0.00 1.00 0.99 1.00 1.00 1.00 0.07 0.00 0.42 0.13 0.18 -1 1891
Result 0 4.0 1900 0.46 0.20 0.19 0.22 0.20 0.19 -1 -1 -1 -1 -1
Evo 1.00 0.00 1.00 0.99 1.00 1.00 1.00 0.07 0.00 0.36 0.38 0.39 -1 1891
Result 0 2.0 1900 0.46 0.20 0.20 0.19 0.20 0.21 -1 -1 -1 -1 -1
Evo 1.00 0.00 1.00 0.99 1.00 1.00 1.00 0.07 0.00 0.37 0.38 0.39 -1 1891
Result 0 4.0 1900 0.45 0.21 0.18 0.20 0.21 0.20 -1 -1 -1 -1 -1
Evo 1.00 0.00 1.00 0.99 1.00 1.00 1.00 0.07 0.00 0.01 0.20 0.21 -1 1891
Result 0 14.0 1900 0.46 0.21 0.19 0.21 0.18 0.21 -1 -1 -1 -1 -1
Evo 1.00 0.00 1.00 0.99 1.00 1.00 1.00 0.07 0.00 0.53 0.19 0.22 -1 1891
Result 0 7.0 1900 0.47 0.19 0.21 0.21 0.20 0.19 -1 -1 -1 -1 -1
Evo 1.00 0.00 1.00 0.99 1.00 1.00 1.00 0.07 0.00 0.01 0.20 0.21 -1 1891
Result 0 14.0 1900 0.46 0.20 0.20 0.20 0.20 0.19 -1 -1 -1 -1 -1
Evo 1.00 0.00 1.00 0.99 1.00 1.00 1.00 0.07 0.00 0.48 0.30 0.39 -1 1891
Result 0 4.0 1900 0.46 0.18 0.19 0.21 0.21 0.21 -1 -1 -1 -1 -1
Evo 1.00 0.00 1.00 0.99 1.00 1.00 1.00 0.07 0.00 0.01 0.18 0.20 -1 1891
Result 0 14.0 1900 0.46 0.21 0.19 0.20 0.20 0.20 -1 -1 -1 -1 -1
Evo 1.00 0.00 1.00 0.99 1.00 1.00 1.00 0.07 0.00 0.01 0.18 0.20 -1 1891
Result 0 4.0 1900 0.46 0.20 0.19 0.20 0.21 0.20 -1 -1 -1 -1 -1
Evo 1.00 0.00 1.00 0.99 1.00 1.00 1.00 0.07 0.00 0.42 0.20 0.21 -1 1891
Result 0 14.0 1900 0.48 0.20 0.22 0.20 0.19 0.19 -1 -1 -1 -1 -1
Evo 1.00 0.00 1.00 0.99 1.00 1.00 1.00 0.07 0.00 0.01 0.15 0.20 -1 1891
Result 0 4.0 1900 0.47 0.19 0.20 0.21 0.21 0.19 -1 -1 -1 -1 -1
Evo 1.00 0.00 1.00 0.99 1.00 1.00 1.00 0.07 0.00 0.01 0.34 0.38 -1 1891
Result 0 4.0 1900 0.47 0.21 0.21 0.19 0.19 0.20 -1 -1 -1 -1 -1
Evo 1.00 0.00 1.00 0.99 1.00 1.00 1.00 0.07 0.00 0.01 0.25 0.30 -1 1891
Result 0 4.0 1900 0.47 0.20 0.20 0.19 0.20 0.21 -1 -1 -1 -1 -1
Evo 1.00 0.00 1.00 0.99 1.00 1.00 1.00 0.07 0.00 0.01 0.39 0.39 -1 1891
Result 0 4.0 1900 0.46 0.20 0.20 0.20 0.21 0.20 -1 -1 -1 -1 -1
Evo 1.00 0.00 1.00 0.99 1.00 1.00 1.00 0.07 0.00 0.01 0.20 0.28 -1 1891
Result 0 0.0 1900 0.47 0.21 0.20 0.20 0.20 0.19 -1 -1 -1 -1 -1
Evo 1.00 0.00 1.00 0.99 1.00 1.00 1.00 0.07 0.00 0.02 0.30 0.32 -1 1891
Result 0 4.0 1900 0.48 0.19 0.22 0.19 0.20 0.20 -1 -1 -1 -1 -1
Evo 1.00 0.00 1.00 0.99 1.00 1.00 1.00 0.07 0.00 0.01 0.26 0.30 -1 1891
Result 0 0.0 1900 0.47 0.20 0.21 0.20 0.19 0.20 -1 -1 -1 -1 -1
Evo 1.00 0.00 1.00 0.99 1.00 1.00 1.00 0.07 0.00 0.01 0.35 0.39 -1 1891
Result 0 0.0 1900 0.47 0.21 0.20 0.19 0.20 0.20 -1 -1 -1 -1 -1
Evo 1.00 0.00 1.00 0.99 1.00 1.00 1.00 0.07 0.00 0.01 0.29 0.32 -1 1891
Result 0 0.0 1900 0.45 0.20 0.19 0.21 0.20 0.20 -1 -1 -1 -1 -1
Evo 1.00 0.00 1.00 0.99 1.00 1.00 1.00 0.07 0.00 0.38 0.26 0.30 -1 1891
Result 0 4.0 1900 0.48 0.21 0.22 0.19 0.19 0.19 -1 -1 -1 -1 -1
Evo 1.00 0.00 1.00 0.99 1.00 1.00 1.00 0.07 0.00 0.52 0.30 0.32 -1 1891
Result 0 4.0 1900 0.46 0.20 0.19 0.20 0.20 0.21 -1 -1 -1 -1 -1
Evo 1.00 0.00 1.00 0.99 1.00 1.00 1.00 0.07 0.00 0.01 0.25 0.32 -1 1891
Result 0 0.0 1900 0.45 0.21 0.18 0.20 0.20 0.21 -1 -1 -1 -1 -1
Evo 1.00 0.00 1.00 0.99 1.00 1.00 1.00 0.07 0.00 0.01 0.28 0.30 -1 1891
Result 0 4.0 1900 0.47 0.20 0.20 0.20 0.19 0.20 -1 -1 -1 -1 -1
Evo 1.00 0.00 1.00 0.99 1.00 1.00 1.00 0.07 0.00 0.01 0.27 0.30 -1 1891
Result 0 4.0 1900 0.46 0.20 0.19 0.20 0.20 0.20 -1 -1 -1 -1 -1
Evo 1.00 0.00 1.00 0.99 1.00 1.00 1.00 0.07 0.00 0.51 0.32 0.35 -1 1891
Result 0 4.0 1900 0.46 0.21 0.19 0.20 0.20 0.20 -1 -1 -1 -1 -1
Evo 1.00 0.00 1.00 0.99 1.00 1.00 1.00 0.07 0.00 0.29 0.31 0.32 -1 1891
Result 0 2.0 1900 0.46 0.22 0.19 0.21 0.19 0.19 -1 -1 -1 -1 -1
Evo 1.00 0.00 1.00 0.99 1.00 1.00 1.00 0.07 0.00 0.01 0.28 0.30 -1 1891
Result 0 4.0 1900 0.46 0.19 0.19 0.20 0.20 0.22 -1 -1 -1 -1 -1
Evo 1.00 0.00 1.00 0.99 1.00 1.00 1.00 0.07 0.00 0.01 0.25 0.30 -1 1891
Result 0 4.0 1900 0.46 0.21 0.19 0.20 0.20 0.20 -1 -1 -1 -1 -1
Evo 1.00 0.00 1.00 0.99 1.00 1.00 1.00 0.07 0.00 0.01 0.13 0.23 -1 1891
Result 0 0.0 1900 0.46 0.22 0.19 0.19 0.20 0.19 -1 -1 -1 -1 -1
Evo 1.00 0.00 1.00 0.99 1.00 1.00 1.00 0.07 0.00 0.01 0.27 0.30 -1 1891
Result 0 4.0 1900 0.46 0.21 0.20 0.20 0.20 0.20 -1 -1 -1 -1 -1
Evo 1.00 0.00 1.00 0.99 1.00 1.00 1.00 0.07 0.00 0.01 0.13 0.24 -1 1891
Result 0 0.0 1900 0.47 0.19 0.21 0.18 0.20 0.22 -1 -1 -1 -1 -1
Evo 1.00 0.00 1.00 0.99 1.00 1.00 1.00 0.07 0.00 0.01 0.32 0.32 -1 1891
Result 0 14.0 1900 0.46 0.20 0.20 0.20 0.19 0.22 -1 -1 -1 -1 -1
Evo 1.00 0.00 1.00 0.99 1.00 1.00 1.00 0.07 0.00 0.01 0.19 0.20 -1 1891
Result 0 4.0 1900 0.47 0.21 0.20 0.19 0.20 0.19 -1 -1 -1 -1 -1
Evo 1.00 0.00 1.00 0.99 1.00 1.00 1.00 0.07 0.00 0.01 0.19 0.21 -1 1891
Result 0 4.0 1900 0.46 0.20 0.20 0.19 0.20 0.21 -1 -1 -1 -1 -1
Evo 1.00 0.00 1.00 0.99 1.00 1.00 1.00 0.07 0.00 0.42 0.18 0.25 -1 1891
Result 0 4.0 1900 0.47 0.18 0.21 0.19 0.21 0.21 -1 -1 -1 -1 -1
Evo 1.00 0.00 1.00 0.99 1.00 1.00 1.00 0.07 0.00 0.01 0.20 0.29 -1 1891
Result 0 0.0 1900 0.47 0.21 0.21 0.18 0.20 0.19 -1 -1 -1 -1 -1
Evo 1.00 0.00 1.00 0.99 1.00 1.00 1.00 0.07 0.00 0.01 0.20 0.24 -1 1891
Result 0 4.0 1900 0.47 0.21 0.21 0.20 0.18 0.20 -1 -1 -1 -1 -1
Evo 1.00 0.00 1.00 0.99 1.00 1.00 1.00 0.07 0.00 0.01 0.11 0.20 -1 1891
Result 0 0.0 1900 0.46 0.19 0.19 0.19 0.21 0.22 -1 -1 -1 -1 -1
Evo 1.00 0.00 1.00 0.99 1.00 1.00 1.00 0.07 0.00 0.01 0.19 0.20 -1 1891
Result 0 4.0 1900 0.46 0.19 0.20 0.20 0.20 0.21 -1 -1 -1 -1 -1
Evo 1.00 0.00 1.00 0.99 1.00 1.00 1.00 0.07 0.00 0.01 0.11 0.18 -1 1891
Result 0 0.0 1900 0.47 0.21 0.20 0.19 0.20 0.20 -1 -1 -1 -1 -1
Evo 1.00 0.00 1.00 0.99 1.00 1.00 1.00 0.07 0.00 0.01 0.11 0.11 -1 1891
Result 0 0.0 1900 0.47 0.20 0.21 0.19 0.20 0.20 -1 -1 -1 -1 -1
Evo 1.00 0.00 1.00 0.99 1.00 1.00 1.00 0.07 0.00 0.46 0.20 0.27 -1 1891
Result 0 4.0 1900 0.46 0.21 0.20 0.20 0.19 0.20 -1 -1 -1 -1 -1
Evo 1.00 0.00 1.00 0.99 1.00 1.00 1.00 0.07 0.00 0.01 0.20 0.20 -1 1891
Result 0 4.0 1900 0.48 0.20 0.21 0.19 0.19 0.20 -1 -1 -1 -1 -1
Evo 1.00 0.00 1.00 0.99 1.00 1.00 1.00 0.07 0.00 0.01 0.11 0.11 -1 1891
Result 0 0.0 1900 0.47 0.20 0.21 0.20 0.20 0.19 -1 -1 -1 -1 -1
Evo 1.00 0.00 1.00 0.99 1.00 1.00 1.00 0.07 0.00 0.01 0.20 0.20 -1 1891
Result 0 0.0 1900 0.47 0.20 0.20 0.20 0.21 0.19 -1 -1 -1 -1 -1
Evo 1.00 0.00 1.00 0.99 1.00 1.00 1.00 0.07 0.00 0.01 0.20 0.24 -1 1891
Result 0 4.0 1900 0.45 0.21 0.19 0.21 0.21 0.19 -1 -1 -1 -1 -1
Evo 1.00 0.00 1.00 0.99 1.00 1.00 1.00 0.07 0.00 0.02 0.20 0.23 -1 1891
Result 0 4.0 1900 0.47 0.20 0.20 0.21 0.20 0.19 -1 -1 -1 -1 -1
Evo 1.00 0.00 1.00 0.99 1.00 1.00 1.00 0.07 0.00 0.01 0.32 0.32 -1 1891
Result 0 14.0 1900 0.46 0.19 0.20 0.20 0.20 0.21 -1 -1 -1 -1 -1
Evo 1.00 0.00 1.00 0.99 1.00 1.00 1.00 0.07 0.00 0.01 0.20 0.21 -1 1891
Result 0 4.0 1900 0.46 0.20 0.19 0.20 0.20 0.21 -1 -1 -1 -1 -1
Evo 1.00 0.00 1.00 0.99 1.00 1.00 1.00 0.07 0.00 0.01 0.20 0.20 -1 1891
Result 0 0.0 1900 0.47 0.20 0.20 0.21 0.20 0.20 -1 -1 -1 -1 -1
Evo 1.00 0.00 1.00 0.99 1.00 1.00 1.00 0.07 0.00 0.01 0.18 0.20 -1 1891
Result 0 0.0 1900 0.47 0.19 0.20 0.22 0.19 0.19 -1 -1 -1 -1 -1
Evo 1.00 0.00 1.00 0.99 1.00 1.00 1.00 0.07 0.00 0.01 0.25 0.28 -1 1891
Result 0 0.0 1900 0.46 0.20 0.19 0.19 0.22 0.20 -1 -1 -1 -1 -1
Evo 1.00 0.00 1.00 0.99 1.00 1.00 1.00 0.07 0.00 0.01 0.28 0.38 -1 1891
Result 0 0.0 1900 0.46 0.20 0.19 0.20 0.19 0.21 -1 -1 -1 -1 -1
Evo 1.00 0.00 1.00 0.99 1.00 1.00 1.00 0.07 0.00 0.34 0.28 0.36 -1 1891
Result 0 2.0 1900 0.47 0.21 0.20 0.20 0.19 0.20 -1 -1 -1 -1 -1
Evo 1.00 0.00 1.00 0.99 1.00 1.00 1.00 0.07 0.00 0.53 0.25 0.25 -1 1891
Result 0 2.0 1900 0.46 0.21 0.19 0.19 0.20 0.21 -1 -1 -1 -1 -1
Evo 1.00 0.00 1.00 0.99 1.00 1.00 1.00 0.07 0.00 0.01 0.32 0.38 -1 1891
Result 0 0.0 1900 0.47 0.20 0.21 0.20 0.19 0.20 -1 -1 -1 -1 -1
Evo 1.00 0.00 1.00 0.99 1.00 1.00 1.00 0.07 0.00 0.53 0.22 0.27 -1 1891
Result 0 2.0 1900 0.46 0.19 0.20 0.20 0.20 0.21 -1 -1 -1 -1 -1
Evo 1.00 0.00 1.00 0.99 1.00 1.00 1.00 0.07 0.00 0.01 0.25 0.27 -1 1891
Result 0 0.0 1900 0.47 0.20 0.21 0.18 0.23 0.18 -1 -1 -1 -1 -1
Evo 1.00 0.00 1.00 0.99 1.00 1.00 1.00 0.07 0.00 0.01 0.20 0.27 -1 1891
Result 0 0.0 1900 0.46 0.19 0.19 0.23 0.20 0.20 -1 -1 -1 -1 -1
Evo 1.00 0.00 1.00 0.99 1.00 1.00 1.00 0.07 0.00 0.01 0.27 0.31 -1 1891
Result 0 4.0 1900 0.47 0.20 0.21 0.19 0.20 0.20 -1 -1 -1 -1 -1
Evo 1.00 0.00 1.00 0.99 1.00 1.00 1.00 0.07 0.00 0.01 0.28 0.36 -1 1891
Result 0 4.0 1900 0.46 0.20 0.19 0.20 0.21 0.20 -1 -1 -1 -1 -1
Evo 1.00 0.00 1.00 0.99 1.00 1.00 1.00 0.07 0.00 0.01 0.26 0.29 -1 1891
Result 0 0.0 1900 0.47 0.21 0.21 0.20 0.19 0.20 -1 -1 -1 -1 -1
Evo 1.00 0.00 1.00 0.99 1.00 1.00 1.00 0.07 0.00 0.01 0.25 0.28 -1 1891
Result 0 0.0 1900 0.46 0.20 0.20 0.19 0.21 0.21 -1 -1 -1 -1 -1
Evo 1.00 0.00 1.00 0.99 1.00 1.00 1.00 0.07 0.00 0.01 0.25 0.27 -1 1891
Result 0 4.0 1900 0.47 0.21 0.21 0.21 0.18 0.19 -1 -1 -1 -1 -1
Evo 1.00 0.00 1.00 0.99 1.00 1.00 1.00 0.07 0.00 0.01 0.34 0.38 -1 1891
Result 0 0.0 1900 0.47 0.21 0.20 0.18 0.20 0.21 -1 -1 -1 -1 -1
Evo 1.00 0.00 1.00 0.99 1.00 1.00 1.00 0.07 0.00 0.01 0.25 0.27 -1 1891
Result 0 4.0 1900 0.48 0.20 0.21 0.20 0.19 0.20 -1 -1 -1 -1 -1
Evo 1.00 0.00 1.00 0.99 1.00 1.00 1.00 0.07 0.00 0.02 0.26 0.30 -1 1891
Result 0 4.0 1900 0.47 0.20 0.20 0.21 0.20 0.19 -1 -1 -1 -1 -1
Evo 1.00 0.00 1.00 0.99 1.00 1.00 1.00 0.07 0.00 0.01 0.13 0.25 -1 1891
Result 0 0.0 1900 0.47 0.20 0.21 0.21 0.19 0.19 -1 -1 -1 -1 -1
Evo 1.00 0.00 1.00 0.99 1.00 1.00 1.00 0.07 0.00 0.01 0.25 0.29 -1 1891
Result 0 4.0 1900 0.47 0.21 0.21 0.19 0.19 0.20 -1 -1 -1 -1 -1
Evo 1.00 0.00 1.00 0.99 1.00 1.00 1.00 0.07 0.00 0.01 0.38 0.38 -1 1891
Result 0 0.0 1900 0.47 0.19 0.21 0.20 0.20 0.20 -1 -1 -1 -1 -1
Evo 1.00 0.00 1.00 0.99 1.00 1.00 1.00 0.07 0.00 0.33 0.34 0.39 -1 1891
Result 0 4.0 1900 0.45 0.22 0.19 0.18 0.20 0.22 -1 -1 -1 -1 -1
