Evo 1.00 0.00 1.00 0.01 0.00 0.00 0.00 0.12 0.00 0.09 0.22 0.47 778 776
Result 1 1.0 786 0.45 0.19 0.25 0.19 0.18 0.20 -1 -1 -1 -1 -1
Evo 1.00 0.00 0.50 0.50 0.50 0.50 0.50 0.04 0.00 0.05 0.34 0.46 -1 1047
Result 0 0.0 1500 0.47 0.20 0.20 0.21 0.21 0.19 -1 -1 -1 -1 -1
Evo 1.00 0.00 0.50 0.50 0.50 0.50 0.50 0.04 0.00 0.05 0.31 0.38 -1 1491
Result 0 0.0 1500 0.46 0.19 0.22 0.20 0.20 0.20 -1 -1 -1 -1 -1
Evo 1.00 0.00 0.50 0.50 0.50 0.50 0.50 0.04 0.00 0.05 0.31 0.38 -1 1491
Result 0 0.0 1500 0.47 0.20 0.21 0.20 0.19 0.20 -1 -1 -1 -1 -1
Evo 1.00 0.50 1.00 0.50 0.50 0.50 0.50 0.04 0.00 0.05 0.23 0.46 922 911
Result 1 1.0 928 0.47 0.20 0.22 0.21 0.18 0.19 -1 -1 -1 -1 -1
Evo 1.00 0.00 0.50 0.50 0.50 0.50 0.50 0.04 0.00 0.05 0.31 0.38 -1 1491
Result 0 0.0 1500 0.47 0.19 0.21 0.21 0.21 0.19 -1 -1 -1 -1 -1
Evo 1.00 0.50 1.00 0.51 0.50 0.50 0.50 0.07 0.00 0.12 0.20 0.43 631 623
Result 1 1.0 648 0.48 0.20 0.20 0.22 0.20 0.18 -1 -1 -1 -1 -1
Evo 1.00 0.00 0.50 0.50 0.50 0.50 0.50 0.04 0.00 0.05 0.29 0.38 -1 1491
Result 0 0.0 1500 0.46 0.18 0.20 0.20 0.20 0.22 -1 -1 -1 -1 -1
Evo 1.00 0.50 1.00 0.51 0.50 0.50 0.50 0.06 0.00 0.10 0.29 0.48 715 681
Result 1 1.0 726 0.44 0.19 0.23 0.18 0.18 0.22 -1 -1 -1 -1 -1
Evo 1.00 0.00 0.50 0.50 0.50 0.50 0.50 0.04 0.00 0.05 0.28 0.42 -1 1491
Result 0 0.0 1500 0.47 0.21 0.20 0.21 0.20 0.19 -1 -1 -1 -1 -1
Evo 1.00 0.50 1.00 0.50 0.50 0.50 0.50 0.04 0.00 0.06 0.33 0.52 1176 1174
Result 1 1.0 1261 0.47 0.18 0.19 0.21 0.21 0.21 -1 -1 -1 -1 -1
Evo 1.00 0.00 0.50 0.50 0.50 0.50 0.50 0.04 0.00 0.05 0.31 0.37 -1 1491
Result 0 0.0 1500 0.47 0.19 0.19 0.21 0.20 0.21 -1 -1 -1 -1 -1
Evo 1.00 0.50 1.00 0.51 0.50 0.50 0.50 0.06 0.00 0.08 0.30 0.51 646 640
Result 1 1.0 654 0.47 0.18 0.22 0.21 0.19 0.20 -1 -1 -1 -1 -1
Evo 1.00 0.50 1.00 0.51 0.50 0.50 0.50 0.08 0.00 0.15 0.29 0.49 657 501
Result 1 1.0 686 0.47 0.20 0.21 0.20 0.22 0.18 -1 -1 -1 -1 -1
Evo 1.00 0.00 0.50 0.50 0.50 0.50 0.50 0.04 0.00 0.05 0.29 0.46 -1 529
Result 0 0.0 1500 0.47 0.21 0.18 0.21 0.21 0.19 -1 -1 -1 -1 -1
Evo 1.00 0.50 1.00 0.51 0.50 0.50 0.50 0.05 0.00 0.07 0.33 0.51 776 757
Result 1 1.0 911 0.45 0.20 0.20 0.19 0.19 0.22 -1 -1 -1 -1 -1
Evo 1.00 0.50 1.00 0.53 0.50 0.50 0.50 0.11 0.01 0.23 0.31 0.55 418 416
Result 1 1.0 441 0.47 0.22 0.18 0.20 0.17 0.21 -1 -1 -1 -1 -1
Evo 1.01 0.50 1.00 0.52 0.50 0.50 0.50 0.10 0.01 0.20 0.18 0.44 168 163
Result 1 1.0 175 0.44 0.21 0.22 0.17 0.19 0.20 -1 -1 -1 -1 -1
Evo 1.00 0.50 1.00 0.51 0.50 0.50 0.50 0.08 0.00 0.13 0.22 0.46 367 236
Result 1 1.0 377 0.47 0.20 0.25 0.21 0.15 0.19 -1 -1 -1 -1 -1
Evo 1.00 0.50 1.00 0.51 0.50 0.50 0.50 0.07 0.00 0.12 0.28 0.53 808 819
Result 1 1.0 839 0.48 0.21 0.17 0.22 0.19 0.21 -1 -1 -1 -1 -1
Evo 1.00 0.00 0.50 0.50 0.50 0.50 0.50 0.04 0.00 0.05 0.15 0.23 -1 1491
Result 0 0.0 1500 0.46 0.20 0.22 0.20 0.20 0.20 -1 -1 -1 -1 -1
Evo 1.00 0.00 0.50 0.50 0.50 0.50 0.50 0.04 0.00 0.05 0.15 0.23 -1 1491
Result 0 0.0 1500 0.46 0.21 0.18 0.20 0.22 0.20 -1 -1 -1 -1 -1
Evo 1.00 0.00 0.50 0.50 0.50 0.50 0.50 0.04 0.00 0.05 0.17 0.22 -1 1491
Result 0 0.0 1500 0.47 0.21 0.19 0.21 0.20 0.19 -1 -1 -1 -1 -1
Evo 1.00 0.00 0.50 0.50 0.50 0.50 0.50 0.04 0.00 0.05 0.15 0.17 -1 1491
Result 0 0.0 1500 0.48 0.19 0.21 0.21 0.18 0.21 -1 -1 -1 -1 -1
Evo 1.00 0.00 0.50 0.50 0.50 0.50 0.50 0.04 0.00 0.05 0.31 0.38 -1 284
Result 0 0.0 1500 0.47 0.20 0.19 0.21 0.20 0.19 -1 -1 -1 -1 -1
Evo 1.00 0.00 0.50 0.50 0.50 0.50 0.50 0.04 0.00 0.05 0.14 0.18 -1 1491
Result 0 0.0 1500 0.47 0.21 0.20 0.21 0.20 0.18 -1 -1 -1 -1 -1
Evo 1.00 0.00 0.50 0.50 0.50 0.50 0.50 0.04 0.00 0.05 0.19 0.29 -1 1327
Result 0 0.0 1500 0.47 0.20 0.18 0.20 0.23 0.18 -1 -1 -1 -1 -1
Evo 1.00 0.00 0.50 0.50 0.50 0.50 0.50 0.04 0.00 0.05 0.17 0.26 -1 1491
Result 0 0.0 1500 0.46 0.18 0.21 0.20 0.19 0.22 -1 -1 -1 -1 -1
Evo 1.00 0.00 0.50 0.50 0.50 0.50 0.50 0.04 0.00 0.05 0.23 0.34 -1 321
Result 0 0.0 1500 0.46 0.20 0.21 0.19 0.19 0.20 -1 -1 -1 -1 -1
Evo 1.00 0.00 0.50 0.50 0.50 0.50 0.50 0.04 0.00 0.05 0.28 0.36 -1 171
Result 0 0.0 1500 0.46 0.20 0.19 0.20 0.21 0.21 -1 -1 -1 -1 -1
Evo 1.00 0.00 0.50 0.50 0.50 0.50 0.50 0.04 0.00 0.05 0.15 0.18 -1 1491
Result 0 0.0 1500 0.48 0.18 0.20 0.22 0.19 0.22 -1 -1 -1 -1 -1
Evo 1.00 0.00 0.50 0.50 0.50 0.50 0.50 0.04 0.00 0.05 0.15 0.18 -1 1491
Result 0 0.0 1500 0.45 0.21 0.21 0.18 0.20 0.20 -1 -1 -1 -1 -1
Evo 1.00 0.00 0.50 0.50 0.50 0.50 0.50 0.04 0.00 0.05 0.16 0.24 -1 1491
Result 0 0.0 1500 0.46 0.22 0.19 0.20 0.20 0.19 -1 -1 -1 -1 -1
Evo 1.00 0.00 0.50 0.50 0.50 0.50 0.50 0.04 0.00 0.05 0.11 0.19 -1 1491
Result 0 0.0 1500 0.47 0.19 0.22 0.21 0.18 0.20 -1 -1 -1 -1 -1
Evo 1.00 0.00 0.50 0.50 0.50 0.50 0.50 0.03 0.00 0.03 0.23 0.30 -1 335
Result 0 -1.0 1495 0.47 0.19 0.21 0.20 0.19 0.21 -1 -1 -1 -1 -1
Evo 1.00 0.00 0.50 0.50 0.50 0.50 0.50 0.04 0.00 0.05 0.15 0.18 -1 1491
Result 0 0.0 1500 0.46 0.19 0.22 0.19 0.20 0.20 -1 -1 -1 -1 -1
Evo 1.00 0.00 0.50 0.50 0.50 0.50 0.50 0.04 0.00 0.05 0.15 0.20 -1 1491
Result 0 0.0 1500 0.47 0.21 0.19 0.20 0.20 0.20 -1 -1 -1 -1 -1
Evo 1.00 0.00 0.50 0.50 0.50 0.50 0.50 0.04 0.00 0.05 0.15 0.22 -1 1491
Result 0 0.0 1500 0.45 0.19 0.21 0.18 0.21 0.20 -1 -1 -1 -1 -1
Evo 1.00 0.00 0.50 0.50 0.50 0.50 0.50 0.04 0.00 0.05 0.17 0.27 -1 1491
Result 0 0.0 1500 0.46 0.20 0.20 0.20 0.20 0.20 -1 -1 -1 -1 -1
Evo 1.00 0.00 0.50 0.50 0.50 0.50 0.50 0.04 0.00 0.05 0.16 0.27 -1 43
Result 0 0.0 1500 0.47 0.19 0.22 0.21 0.19 0.20 -1 -1 -1 -1 -1
Evo 1.00 0.00 0.50 0.50 0.50 0.50 0.50 0.04 0.00 0.05 0.24 0.35 -1 0
Result 0 0.0 1500 0.47 0.20 0.19 0.20 0.21 0.20 -1 -1 -1 -1 -1
Evo 1.00 0.00 0.50 0.50 0.50 0.50 0.50 0.04 0.00 0.05 0.27 0.44 -1 0
Result 0 0.0 1500 0.47 0.20 0.20 0.21 0.21 0.18 -1 -1 -1 -1 -1
Evo 1.00 0.00 0.50 0.50 0.50 0.50 0.50 0.03 0.00 0.03 0.21 0.33 -1 0
Result 0 -1.0 1496 0.47 0.19 0.20 0.21 0.21 0.19 -1 -1 -1 -1 -1
Evo 1.00 0.00 0.50 0.50 0.50 0.50 0.50 0.04 0.00 0.05 0.21 0.28 -1 0
Result 0 0.0 1500 0.46 0.20 0.19 0.19 0.22 0.21 -1 -1 -1 -1 -1
Evo 1.00 0.00 0.50 0.50 0.50 0.50 0.50 0.04 0.00 0.05 0.15 0.28 -1 1
Result 0 0.0 1500 0.48 0.21 0.19 0.22 0.20 0.18 -1 -1 -1 -1 -1
Evo 1.00 0.00 0.50 0.50 0.50 0.50 0.50 0.04 0.00 0.05 0.14 0.24 -1 0
Result 0 0.0 1500 0.46 0.19 0.18 0.20 0.21 0.23 -1 -1 -1 -1 -1
Evo 1.00 0.00 0.50 0.50 0.50 0.50 0.50 0.04 0.00 0.05 0.14 0.24 -1 1
Result 0 0.0 1500 0.46 0.20 0.19 0.20 0.19 0.22 -1 -1 -1 -1 -1
Evo 1.00 0.00 0.50 0.50 0.50 0.50 0.50 0.04 0.00 0.05 0.27 0.37 -1 0
Result 0 0.0 1500 0.45 0.21 0.19 0.19 0.19 0.22 -1 -1 -1 -1 -1
Evo 1.00 0.00 0.50 0.50 0.50 0.50 0.50 0.04 0.00 0.05 0.24 0.33 -1 0
Result 0 0.0 1500 0.47 0.20 0.19 0.20 0.22 0.19 -1 -1 -1 -1 -1
Evo 1.00 0.00 0.50 0.50 0.50 0.50 0.50 0.04 0.00 0.05 0.21 0.33 -1 1
Result 0 0.0 1500 0.44 0.22 0.20 0.18 0.19 0.22 -1 -1 -1 -1 -1
Evo 1.00 0.00 0.50 0.50 0.50 0.50 0.50 0.03 0.00 0.04 0.20 0.34 -1 0
Result 0 -1.0 1497 0.46 0.20 0.20 0.20 0.18 0.21 -1 -1 -1 -1 -1
Evo 1.00 0.00 0.50 0.50 0.50 0.50 0.50 0.04 0.00 0.05 0.29 0.46 -1 1
Result 0 0.0 1500 0.46 0.22 0.19 0.20 0.21 0.18 -1 -1 -1 -1 -1
Evo 1.00 0.00 0.50 0.50 0.50 0.50 0.50 0.04 0.00 0.05 0.15 0.29 -1 0
Result 0 0.0 1500 0.45 0.21 0.19 0.18 0.19 0.22 -1 -1 -1 -1 -1
Evo 1.00 0.00 0.50 0.50 0.50 0.50 0.50 0.04 0.00 0.05 0.15 0.21 -1 0
Result 0 0.0 1500 0.45 0.20 0.20 0.19 0.21 0.20 -1 -1 -1 -1 -1
Evo 1.00 0.00 0.50 0.50 0.50 0.50 0.50 0.04 0.00 0.05 0.22 0.32 -1 0
Result 0 0.0 1500 0.46 0.20 0.20 0.19 0.20 0.20 -1 -1 -1 -1 -1
Evo 1.00 0.00 0.50 0.50 0.50 0.50 0.50 0.04 0.00 0.05 0.15 0.23 -1 0
Result 0 0.0 1500 0.45 0.19 0.21 0.19 0.22 0.20 -1 -1 -1 -1 -1
Evo 1.00 0.00 0.50 0.50 0.50 0.50 0.50 0.04 0.00 0.05 0.28 0.44 -1 0
Result 0 0.0 1500 0.47 0.20 0.20 0.21 0.19 0.20 -1 -1 -1 -1 -1
Evo 1.00 0.00 0.50 0.50 0.50 0.50 0.50 0.04 0.00 0.05 0.16 0.29 -1 0
Result 0 0.0 1500 0.46 0.21 0.19 0.19 0.20 0.20 -1 -1 -1 -1 -1
Evo 1.00 0.00 0.50 0.50 0.50 0.50 0.50 0.04 0.00 0.05 0.22 0.33 -1 0
Result 0 0.0 1500 0.47 0.20 0.21 0.20 0.22 0.17 -1 -1 -1 -1 -1
Evo 1.00 0.00 0.50 0.50 0.50 0.50 0.50 0.04 0.00 0.05 0.14 0.25 -1 0
Result 0 0.0 1500 0.47 0.19 0.21 0.21 0.20 0.19 -1 -1 -1 -1 -1
Evo 1.00 0.00 0.50 0.50 0.50 0.50 0.50 0.04 0.00 0.05 0.11 0.14 -1 1
Result 0 0.0 1500 0.45 0.19 0.19 0.19 0.21 0.23 -1 -1 -1 -1 -1
Evo 1.00 0.00 0.50 0.50 0.50 0.50 0.50 0.04 0.00 0.05 0.21 0.25 -1 4
Result 0 0.0 1500 0.43 0.22 0.23 0.17 0.19 0.20 -1 -1 -1 -1 -1
Evo 1.00 0.00 0.50 0.50 0.50 0.50 0.50 0.04 0.00 0.05 0.14 0.15 -1 1
Result 0 0.0 1500 0.47 0.21 0.19 0.21 0.20 0.19 -1 -1 -1 -1 -1
Evo 1.00 0.00 0.50 0.50 0.50 0.50 0.50 0.04 0.00 0.05 0.11 0.15 -1 0
Result 0 0.0 1500 0.46 0.20 0.19 0.19 0.21 0.21 -1 -1 -1 -1 -1
Evo 1.00 0.50 1.00 0.50 0.50 0.50 0.50 0.05 0.00 0.06 0.26 0.29 1270 1
Result 1 1.0 1290 0.47 0.20 0.21 0.21 0.21 0.17 -1 -1 -1 -1 -1
Evo 1.00 0.00 0.50 0.50 0.50 0.50 0.50 0.04 0.00 0.05 0.13 0.14 -1 1
Result 0 0.0 1500 0.48 0.21 0.20 0.21 0.20 0.18 -1 -1 -1 -1 -1
Evo 1.00 0.00 0.50 0.50 0.50 0.50 0.50 0.04 0.00 0.05 0.12 0.18 -1 2
Result 0 0.0 1500 0.46 0.20 0.20 0.19 0.20 0.21 -1 -1 -1 -1 -1
Evo 1.00 0.00 0.50 0.50 0.50 0.50 0.50 0.04 0.00 0.05 0.13 0.15 -1 7
Result 0 0.0 1500 0.46 0.20 0.19 0.20 0.22 0.19 -1 -1 -1 -1 -1
Evo 1.00 0.00 0.50 0.50 0.50 0.50 0.50 0.04 0.00 0.05 0.14 0.20 -1 1
Result 0 0.0 1500 0.45 0.20 0.21 0.18 0.20 0.20 -1 -1 -1 -1 -1
Evo 1.00 0.00 0.50 0.50 0.50 0.50 0.50 0.04 0.00 0.05 0.14 0.14 -1 2
Result 0 0.0 1500 0.46 0.21 0.19 0.19 0.23 0.18 -1 -1 -1 -1 -1
Evo 1.00 0.00 0.50 0.50 0.50 0.50 0.50 0.04 0.00 0.05 0.14 0.14 -1 0
Result 0 0.0 1500 0.47 0.20 0.19 0.20 0.21 0.20 -1 -1 -1 -1 -1
Evo 1.00 0.00 0.50 0.50 0.50 0.50 0.50 0.04 0.00 0.05 0.15 0.23 -1 0
Result 0 0.0 1500 0.45 0.19 0.20 0.19 0.21 0.21 -1 -1 -1 -1 -1
Evo 1.00 0.00 0.50 0.50 0.50 0.50 0.50 0.04 0.00 0.05 0.14 0.14 -1 0
Result 0 0.0 1500 0.48 0.20 0.19 0.21 0.20 0.20 -1 -1 -1 -1 -1
Evo 1.00 0.00 0.50 0.50 0.50 0.50 0.50 0.04 0.00 0.05 0.13 0.16 -1 0
Result 0 0.0 1500 0.45 0.20 0.18 0.19 0.23 0.20 -1 -1 -1 -1 -1
Evo 1.00 0.00 0.50 0.50 0.50 0.50 0.50 0.04 0.00 0.05 0.13 0.15 -1 3
Result 0 0.0 1500 0.45 0.19 0.18 0.19 0.23 0.22 -1 -1 -1 -1 -1
Evo 1.00 0.00 0.50 0.50 0.50 0.50 0.50 0.04 0.00 0.05 0.13 0.18 -1 0
Result 0 0.0 1500 0.45 0.21 0.19 0.19 0.20 0.22 -1 -1 -1 -1 -1
Evo 1.00 0.00 0.50 0.50 0.50 0.50 0.50 0.04 0.00 0.05 0.14 0.14 -1 1
Result 0 0.0 1500 0.46 0.21 0.19 0.19 0.22 0.20 -1 -1 -1 -1 -1
Evo 1.00 0.00 0.50 0.50 0.50 0.50 0.50 0.04 0.00 0.05 0.12 0.14 -1 1
Result 0 0.0 1500 0.45 0.22 0.20 0.18 0.18 0.22 -1 -1 -1 -1 -1
Evo 1.00 0.00 0.50 0.50 0.50 0.50 0.50 0.04 0.00 0.05 0.19 0.26 -1 0
Result 0 0.0 1500 0.46 0.20 0.21 0.20 0.21 0.19 -1 -1 -1 -1 -1
Evo 1.00 0.00 0.50 0.50 0.50 0.50 0.50 0.04 0.00 0.05 0.15 0.21 -1 1
Result 0 0.0 1500 0.47 0.21 0.18 0.20 0.19 0.22 -1 -1 -1 -1 -1
Evo 1.00 0.00 0.50 0.50 0.50 0.50 0.50 0.04 0.00 0.05 0.20 0.33 -1 0
Result 0 0.0 1500 0.47 0.21 0.21 0.21 0.20 0.18 -1 -1 -1 -1 -1
Evo 1.00 0.00 0.50 0.50 0.50 0.50 0.50 0.03 0.00 0.03 0.29 0.45 -1 0
Result 0 -1.0 1496 0.45 0.20 0.20 0.19 0.18 0.23 -1 -1 -1 -1 -1
Evo 1.00 0.00 0.50 0.50 0.50 0.50 0.50 0.04 0.00 0.05 0.33 0.44 -1 0
Result 0 0.0 1500 0.45 0.21 0.21 0.18 0.18 0.21 -1 -1 -1 -1 -1
Evo 1.00 0.00 0.50 0.50 0.50 0.50 0.50 0.04 0.00 0.05 0.18 0.31 -1 0
Result 0 0.0 1500 0.46 0.21 0.20 0.19 0.20 0.20 -1 -1 -1 -1 -1
Evo 1.00 0.00 0.50 0.50 0.50 0.50 0.50 0.04 0.00 0.05 0.15 0.29 -1 0
Result 0 0.0 1500 0.48 0.21 0.21 0.21 0.18 0.19 -1 -1 -1 -1 -1
Evo 1.00 0.00 0.50 0.50 0.50 0.50 0.50 0.04 0.00 0.05 0.17 0.32 -1 0
Result 0 0.0 1500 0.49 0.20 0.21 0.23 0.20 0.17 -1 -1 -1 -1 -1
Evo 1.00 0.00 0.50 0.50 0.50 0.50 0.50 0.04 0.00 0.05 0.30 0.47 -1 0
Result 0 0.0 1500 0.44 0.21 0.21 0.17 0.21 0.20 -1 -1 -1 -1 -1
Evo 1.00 0.00 0.50 0.50 0.50 0.50 0.50 0.04 0.00 0.05 0.10 0.18 -1 0
Result 0 0.0 1500 0.44 0.21 0.22 0.18 0.20 0.19 -1 -1 -1 -1 -1
Evo 1.00 0.00 0.50 0.50 0.50 0.50 0.50 0.04 0.00 0.05 0.26 0.47 -1 0
Result 0 0.0 1500 0.45 0.21 0.20 0.19 0.21 0.20 -1 -1 -1 -1 -1
Evo 1.00 0.00 0.50 0.50 0.50 0.50 0.50 0.04 0.00 0.05 0.22 0.34 -1 0
Result 0 0.0 1500 0.47 0.20 0.21 0.21 0.17 0.20 -1 -1 -1 -1 -1
Evo 1.00 0.00 0.50 0.50 0.50 0.50 0.50 0.04 0.00 0.05 0.10 0.17 -1 0
Result 0 0.0 1500 0.44 0.21 0.19 0.18 0.20 0.21 -1 -1 -1 -1 -1
Evo 1.00 0.00 0.50 0.50 0.50 0.50 0.50 0.04 0.00 0.04 0.33 0.46 -1 0
Result 0 -1.0 1499 0.46 0.19 0.20 0.20 0.20 0.21 -1 -1 -1 -1 -1
Evo 1.00 0.00 0.50 0.50 0.50 0.50 0.50 0.04 0.00 0.05 0.28 0.43 -1 0
Result 0 0.0 1500 0.46 0.18 0.22 0.19 0.19 0.21 -1 -1 -1 -1 -1
Evo 1.00 0.00 0.50 0.50 0.50 0.50 0.50 0.04 0.00 0.05 0.15 0.24 -1 0
Result 0 0.0 1500 0.43 0.21 0.22 0.16 0.20 0.22 -1 -1 -1 -1 -1
Evo 1.00 0.00 0.50 0.50 0.50 0.50 0.50 0.04 0.00 0.05 0.18 0.29 -1 0
Result 0 0.0 1500 0.45 0.23 0.20 0.18 0.18 0.21 -1 -1 -1 -1 -1
Evo 1.00 0.50 1.00 0.50 0.50 0.50 0.50 0.04 0.00 0.05 0.34 0.48 1280 0
Result 1 1.0 1287 0.47 0.21 0.21 0.21 0.18 0.19 -1 -1 -1 -1 -1
Evo 1.00 0.00 0.50 0.50 0.50 0.50 0.50 0.04 0.00 0.05 0.22 0.33 -1 0
Result 0 0.0 1500 0.46 0.21 0.20 0.19 0.21 0.19 -1 -1 -1 -1 -1
Evo 1.00 0.00 0.50 0.50 0.50 0.50 0.50 0.03 0.00 0.03 0.19 0.30 -1 0
Result 0 -1.0 1495 0.49 0.19 0.22 0.23 0.20 0.17 -1 -1 -1 -1 -1
Evo 1.00 0.00 0.50 0.50 0.50 0.50 0.50 0.03 0.00 0.03 0.23 0.34 -1 0
Result 0 -1.0 1495 0.47 0.20 0.18 0.21 0.22 0.20 -1 -1 -1 -1 -1
Evo 1.00 0.00 0.50 0.50 0.50 0.50 0.50 0.04 0.00 0.05 0.36 0.45 -1 0
Result 0 0.0 1500 0.48 0.19 0.19 0.22 0.21 0.19 -1 -1 -1 -1 -1
