Evo 1.00 0.00 1.00 0.04 0.00 0.00 0.00 0.21 0.01 0.20 0.11 0.26 -1 428
Result 0 0.0 449 0.46 0.17 0.20 0.23 0.21 0.19 -1 -1 -1 -1 -1
Evo 1.00 0.00 1.00 1.00 1.00 1.00 1.00 0.06 0.00 0.03 0.06 0.18 -1 448
Result 0 0.0 478 0.44 0.22 0.18 0.20 0.24 0.16 -1 -1 -1 -1 -1
Evo 1.00 0.00 1.00 1.00 1.00 1.00 1.00 0.07 0.00 0.03 0.11 0.28 -1 419
Result 0 0.0 446 0.49 0.18 0.23 0.21 0.18 0.20 -1 -1 -1 -1 -1
Evo 1.00 0.00 1.00 0.99 1.00 1.00 1.00 0.08 0.00 0.05 0.10 0.34 -1 263
Result 0 0.0 414 0.46 0.20 0.20 0.16 0.23 0.21 -1 -1 -1 -1 -1
Evo 1.00 0.00 1.00 1.00 1.00 1.00 1.00 0.07 0.00 0.03 0.09 0.23 -1 442
Result 0 0.0 470 0.43 0.24 0.17 0.22 0.18 0.20 -1 -1 -1 -1 -1
Evo 1.00 1.00 1.00 1.00 1.00 1.00 1.00 0.00 0.00 0.00 0.05 0.22 -1 273
Result 0 0.0 312 0.46 0.18 0.19 0.21 0.20 0.22 -1 -1 -1 -1 -1
Evo 1.00 0.00 1.00 0.98 1.00 1.00 1.00 0.13 0.01 0.10 0.05 0.22 -1 240
Result 0 0.0 305 0.40 0.18 0.14 0.22 0.23 0.23 -1 -1 -1 -1 -1
Evo 1.00 0.00 1.00 0.99 1.00 1.00 1.00 0.11 0.01 0.08 0.06 0.26 -1 265
Result 0 0.0 323 0.44 0.21 0.18 0.21 0.19 0.22 -1 -1 -1 -1 -1
Evo 1.00 0.00 1.00 1.00 1.00 1.00 1.00 0.07 0.00 0.03 0.11 0.38 -1 429
Result 0 0.0 461 0.45 0.19 0.19 0.18 0.21 0.23 -1 -1 -1 -1 -1
Evo 1.00 0.00 1.00 1.00 1.00 1.00 1.00 0.05 0.00 0.02 0.09 0.28 -1 259
Result 0 0.0 443 0.46 0.22 0.20 0.18 0.21 0.19 -1 -1 -1 -1 -1
Evo 1.00 0.00 1.00 0.99 1.00 1.00 1.00 0.10 0.00 0.06 0.06 0.28 -1 274
Result 0 0.0 422 0.43 0.25 0.17 0.18 0.19 0.21 -1 -1 -1 -1 -1
Evo 1.00 0.00 1.00 1.00 1.00 1.00 1.00 0.07 0.00 0.03 0.10 0.29 -1 421
Result 0 0.0 449 0.48 0.19 0.22 0.18 0.22 0.18 -1 -1 -1 -1 -1
Evo 1.00 0.00 1.00 0.99 1.00 1.00 1.00 0.08 0.00 0.05 0.09 0.33 -1 266
Result 0 0.0 414 0.46 0.17 0.20 0.20 0.23 0.19 -1 -1 -1 -1 -1
Evo 1.00 0.00 1.00 0.99 1.00 1.00 1.00 0.08 0.00 0.05 0.09 0.29 -1 254
Result 0 0.0 446 0.45 0.20 0.18 0.20 0.21 0.20 -1 -1 -1 -1 -1
Evo 1.00 0.00 1.00 0.99 1.00 1.00 1.00 0.11 0.01 0.08 0.08 0.30 -1 258
Result 0 0.0 304 0.49 0.17 0.23 0.19 0.20 0.22 -1 -1 -1 -1 -1
Evo 1.00 0.00 1.00 0.99 1.00 1.00 1.00 0.08 0.00 0.05 0.09 0.28 -1 279
Result 0 0.0 320 0.49 0.21 0.23 0.17 0.17 0.22 -1 -1 -1 -1 -1
Evo 1.00 0.00 1.00 1.00 1.00 1.00 1.00 0.07 0.00 0.04 0.09 0.20 -1 279
Result 0 0.0 431 0.47 0.22 0.21 0.19 0.22 0.17 -1 -1 -1 -1 -1
Evo 1.00 1.00 1.00 1.00 1.00 1.00 1.00 0.00 0.00 0.00 0.12 0.41 -1 406
Result 0 0.0 438 0.48 0.17 0.22 0.21 0.18 0.23 -1 -1 -1 -1 -1
Evo 1.00 1.00 1.00 1.00 1.00 1.00 1.00 0.00 0.00 0.00 0.07 0.21 -1 444
Result 0 0.0 483 0.48 0.22 0.22 0.22 0.15 0.19 -1 -1 -1 -1 -1
Evo 1.00 0.00 1.00 1.00 1.00 1.00 1.00 0.07 0.00 0.04 0.11 0.46 -1 402
Result 0 0.0 413 0.46 0.18 0.20 0.21 0.18 0.23 -1 -1 -1 -1 -1
Evo 1.00 0.00 1.00 0.99 1.00 1.00 1.00 0.08 0.00 0.05 0.07 0.15 -1 587
Result 0 0.0 755 0.46 0.23 0.19 0.16 0.21 0.21 -1 -1 -1 -1 -1
Evo 1.00 0.00 1.00 0.99 1.00 1.00 1.00 0.11 0.01 0.08 0.10 0.28 -1 333
Result 0 0.0 410 0.46 0.20 0.20 0.20 0.21 0.19 -1 -1 -1 -1 -1
Evo 1.00 0.00 1.00 0.99 1.00 1.00 1.00 0.07 0.00 0.04 0.09 0.23 -1 582
Result 0 0.0 775 0.47 0.20 0.21 0.18 0.19 0.21 -1 -1 -1 -1 -1
Evo 1.00 0.00 1.00 0.99 1.00 1.00 1.00 0.09 0.00 0.06 0.11 0.24 -1 398
Result 0 0.0 566 0.44 0.21 0.18 0.19 0.19 0.23 -1 -1 -1 -1 -1
Evo 1.00 0.00 1.00 1.00 1.00 1.00 1.00 0.06 0.00 0.03 0.06 0.17 -1 553
Result 0 0.0 614 0.48 0.18 0.21 0.16 0.22 0.22 -1 -1 -1 -1 -1
Evo 1.00 0.00 1.00 0.99 1.00 1.00 1.00 0.11 0.01 0.08 0.09 0.30 -1 351
Result 0 0.0 392 0.45 0.21 0.19 0.22 0.21 0.17 -1 -1 -1 -1 -1
Evo 1.00 0.00 1.00 1.00 1.00 1.00 1.00 0.06 0.00 0.03 0.07 0.17 -1 554
Result 0 0.0 584 0.47 0.19 0.21 0.20 0.20 0.20 -1 -1 -1 -1 -1
Evo 1.00 0.00 1.00 0.99 1.00 1.00 1.00 0.08 0.00 0.05 0.07 0.16 -1 579
Result 0 0.0 749 0.47 0.20 0.21 0.18 0.21 0.19 -1 -1 -1 -1 -1
Evo 1.00 1.00 1.00 1.00 1.00 1.00 1.00 0.00 0.00 0.00 0.08 0.21 -1 344
Result 0 0.0 366 0.48 0.18 0.22 0.21 0.17 0.22 -1 -1 -1 -1 -1
Evo 1.00 0.00 1.00 1.00 1.00 1.00 1.00 0.06 0.00 0.03 0.09 0.19 -1 585
Result 0 0.0 759 0.49 0.19 0.23 0.18 0.20 0.20 -1 -1 -1 -1 -1
Evo 1.00 0.00 1.00 0.99 1.00 1.00 1.00 0.10 0.01 0.07 0.07 0.22 -1 334
Result 0 0.0 367 0.44 0.17 0.18 0.20 0.22 0.23 -1 -1 -1 -1 -1
Evo 1.00 0.00 1.00 0.99 1.00 1.00 1.00 0.10 0.00 0.06 0.08 0.21 -1 377
Result 0 0.0 539 0.45 0.19 0.18 0.18 0.22 0.23 -1 -1 -1 -1 -1
Evo 1.00 0.00 1.00 1.00 1.00 1.00 1.00 0.06 0.00 0.03 0.12 0.35 -1 539
Result 0 0.0 572 0.47 0.22 0.20 0.20 0.17 0.20 -1 -1 -1 -1 -1
Evo 1.00 0.00 1.00 1.00 1.00 1.00 1.00 0.06 0.00 0.03 0.11 0.33 -1 387
Result 0 0.0 530 0.46 0.19 0.19 0.19 0.22 0.20 -1 -1 -1 -1 -1
Evo 1.00 0.00 1.00 0.99 1.00 1.00 1.00 0.09 0.00 0.06 0.08 0.17 -1 535
Result 0 0.0 566 0.48 0.21 0.22 0.19 0.19 0.19 -1 -1 -1 -1 -1
Evo 1.00 0.00 1.00 1.00 1.00 1.00 1.00 0.06 0.00 0.03 0.09 0.27 -1 539
Result 0 0.0 575 0.45 0.19 0.19 0.20 0.21 0.21 -1 -1 -1 -1 -1
Evo 1.00 0.00 1.00 1.00 1.00 1.00 1.00 0.04 0.00 0.02 0.09 0.26 -1 343
Result 0 0.0 535 0.46 0.18 0.20 0.21 0.22 0.20 -1 -1 -1 -1 -1
Evo 1.00 0.00 1.00 1.00 1.00 1.00 1.00 0.06 0.00 0.03 0.09 0.19 -1 384
Result 0 0.0 560 0.47 0.20 0.20 0.20 0.19 0.20 -1 -1 -1 -1 -1
Evo 1.00 0.00 1.00 1.00 1.00 1.00 1.00 0.06 0.00 0.03 0.12 0.34 -1 384
Result 0 0.0 529 0.44 0.22 0.18 0.21 0.18 0.21 -1 -1 -1 -1 -1
Evo 1.00 0.00 1.00 0.99 1.00 1.00 1.00 0.07 0.00 0.04 0.10 0.24 -1 531
Result 0 0.0 566 0.47 0.17 0.21 0.20 0.20 0.23 -1 -1 -1 -1 -1
Evo 1.00 0.00 1.00 0.99 1.00 1.00 1.00 0.09 0.01 0.06 0.10 0.27 -1 318
Result 0 0.0 342 0.45 0.18 0.19 0.23 0.21 0.19 -1 -1 -1 -1 -1
Evo 1.00 1.00 1.00 1.00 1.00 1.00 1.00 0.00 0.00 0.00 0.10 0.29 -1 353
Result 0 0.0 390 0.45 0.25 0.18 0.20 0.18 0.19 -1 -1 -1 -1 -1
Evo 1.00 0.00 1.00 0.99 1.00 1.00 1.00 0.08 0.00 0.05 0.06 0.20 -1 395
Result 0 0.0 562 0.46 0.17 0.20 0.19 0.21 0.23 -1 -1 -1 -1 -1
Evo 1.00 1.00 1.00 1.00 1.00 1.00 1.00 0.00 0.00 0.00 0.10 0.28 -1 351
Result 0 0.0 366 0.46 0.17 0.19 0.24 0.18 0.22 -1 -1 -1 -1 -1
Evo 1.00 0.00 1.00 0.99 1.00 1.00 1.00 0.07 0.00 0.04 0.07 0.20 -1 333
Result 0 0.0 365 0.48 0.21 0.22 0.19 0.23 0.16 -1 -1 -1 -1 -1
Evo 1.00 0.00 1.00 1.00 1.00 1.00 1.00 0.06 0.00 0.03 0.10 0.22 -1 557
Result 0 0.0 631 0.44 0.23 0.17 0.21 0.19 0.19 -1 -1 -1 -1 -1
Evo 1.00 0.00 1.00 0.99 1.00 1.00 1.00 0.07 0.00 0.04 0.10 0.35 -1 342
Result 0 0.0 377 0.45 0.19 0.19 0.23 0.23 0.17 -1 -1 -1 -1 -1
Evo 1.00 0.00 1.00 0.99 1.00 1.00 1.00 0.08 0.00 0.05 0.14 0.34 -1 548
Result 0 0.0 763 0.45 0.19 0.19 0.20 0.22 0.20 -1 -1 -1 -1 -1
Evo 1.00 0.00 1.00 1.00 1.00 1.00 1.00 0.05 0.00 0.02 0.12 0.24 -1 558
Result 0 0.0 740 0.47 0.20 0.20 0.20 0.20 0.20 -1 -1 -1 -1 -1
Evo 1.00 0.00 1.00 0.99 1.00 1.00 1.00 0.09 0.00 0.05 0.08 0.22 -1 375
Result 0 0.0 538 0.45 0.22 0.19 0.21 0.19 0.19 -1 -1 -1 -1 -1
Evo 1.00 0.00 1.00 1.00 1.00 1.00 1.00 0.06 0.00 0.03 0.13 0.32 -1 381
Result 0 0.0 572 0.48 0.21 0.22 0.20 0.17 0.20 -1 -1 -1 -1 -1
Evo 1.00 0.00 1.00 0.99 1.00 1.00 1.00 0.11 0.01 0.08 0.06 0.21 -1 309
Result 0 0.0 340 0.44 0.19 0.17 0.23 0.21 0.20 -1 -1 -1 -1 -1
Evo 1.00 0.00 1.00 1.00 1.00 1.00 1.00 0.04 0.00 0.01 0.09 0.21 -1 583
Result 0 0.0 745 0.45 0.19 0.19 0.21 0.21 0.20 -1 -1 -1 -1 -1
Evo 1.00 1.00 1.00 1.00 1.00 1.00 1.00 0.00 0.00 0.00 0.09 0.20 -1 535
Result 0 0.0 564 0.49 0.21 0.23 0.19 0.18 0.19 -1 -1 -1 -1 -1
Evo 1.00 0.00 1.00 1.00 1.00 1.00 1.00 0.06 0.00 0.03 0.09 0.21 -1 346
Result 0 0.0 536 0.48 0.19 0.22 0.19 0.19 0.22 -1 -1 -1 -1 -1
Evo 1.00 0.00 1.00 0.99 1.00 1.00 1.00 0.08 0.00 0.05 0.09 0.22 -1 379
Result 0 0.0 562 0.47 0.20 0.21 0.18 0.19 0.21 -1 -1 -1 -1 -1
Evo 1.00 0.00 1.00 1.00 1.00 1.00 1.00 0.06 0.00 0.03 0.08 0.19 -1 545
Result 0 0.0 568 0.44 0.19 0.17 0.21 0.23 0.20 -1 -1 -1 -1 -1
Evo 1.00 1.00 1.00 1.00 1.00 1.00 1.00 0.00 0.00 0.00 0.08 0.29 -1 357
Result 0 0.0 402 0.46 0.21 0.19 0.24 0.19 0.17 -1 -1 -1 -1 -1
Evo 1.00 0.00 1.00 0.99 1.00 1.00 1.00 0.09 0.00 0.05 0.08 0.26 -1 357
Result 0 0.0 396 0.46 0.20 0.20 0.20 0.23 0.17 -1 -1 -1 -1 -1
Evo 1.00 0.00 1.00 0.99 1.00 1.00 1.00 0.09 0.00 0.05 0.09 0.26 -1 353
Result 0 0.0 532 0.45 0.20 0.18 0.20 0.21 0.21 -1 -1 -1 -1 -1
Evo 1.00 0.00 1.00 0.98 1.00 1.00 1.00 0.13 0.01 0.10 0.10 0.35 -1 252
Result 0 0.0 305 0.44 0.24 0.17 0.20 0.19 0.20 -1 -1 -1 -1 -1
Evo 1.00 0.00 1.00 0.99 1.00 1.00 1.00 0.10 0.00 0.07 0.09 0.25 -1 460
Result 0 0.0 491 0.44 0.19 0.17 0.22 0.23 0.19 -1 -1 -1 -1 -1
Evo 1.00 0.00 1.00 1.00 1.00 1.00 1.00 0.05 0.00 0.02 0.10 0.25 -1 305
Result 0 0.0 442 0.48 0.22 0.23 0.21 0.16 0.18 -1 -1 -1 -1 -1
Evo 1.00 0.00 1.00 0.99 1.00 1.00 1.00 0.10 0.00 0.06 0.06 0.20 -1 276
Result 0 0.0 433 0.46 0.21 0.20 0.22 0.21 0.17 -1 -1 -1 -1 -1
Evo 1.00 0.00 1.00 0.99 1.00 1.00 1.00 0.08 0.00 0.05 0.08 0.27 -1 283
Result 0 0.0 444 0.48 0.19 0.22 0.20 0.18 0.20 -1 -1 -1 -1 -1
Evo 1.00 0.00 1.00 0.99 1.00 1.00 1.00 0.11 0.01 0.08 0.06 0.32 -1 326
Result 0 0.0 416 0.43 0.20 0.17 0.20 0.19 0.24 -1 -1 -1 -1 -1
Evo 1.00 0.00 1.00 0.99 1.00 1.00 1.00 0.09 0.00 0.06 0.11 0.33 -1 422
Result 0 0.0 469 0.46 0.19 0.20 0.19 0.21 0.21 -1 -1 -1 -1 -1
Evo 1.00 1.00 1.00 1.00 1.00 1.00 1.00 0.00 0.00 0.00 0.09 0.42 -1 300
Result 0 0.0 327 0.48 0.18 0.22 0.19 0.17 0.25 -1 -1 -1 -1 -1
Evo 1.00 0.00 1.00 1.00 1.00 1.00 1.00 0.07 0.00 0.03 0.09 0.34 -1 302
Result 0 0.0 464 0.46 0.20 0.19 0.19 0.19 0.23 -1 -1 -1 -1 -1
Evo 1.00 0.00 1.00 0.99 1.00 1.00 1.00 0.08 0.00 0.05 0.12 0.34 -1 444
Result 0 0.0 456 0.48 0.21 0.22 0.18 0.20 0.19 -1 -1 -1 -1 -1
Evo 1.00 0.00 1.00 0.99 1.00 1.00 1.00 0.08 0.00 0.05 0.06 0.20 -1 278
Result 0 0.0 444 0.43 0.20 0.17 0.22 0.24 0.17 -1 -1 -1 -1 -1
Evo 1.00 0.00 1.00 0.99 1.00 1.00 1.00 0.11 0.01 0.08 0.11 0.39 -1 285
Result 0 0.0 410 0.45 0.20 0.18 0.19 0.20 0.23 -1 -1 -1 -1 -1
Evo 1.00 0.00 1.00 0.99 1.00 1.00 1.00 0.09 0.00 0.06 0.08 0.24 -1 430
Result 0 0.0 451 0.47 0.20 0.20 0.21 0.19 0.19 -1 -1 -1 -1 -1
Evo 1.00 1.00 1.00 1.00 1.00 1.00 1.00 0.00 0.00 0.00 0.08 0.33 -1 283
Result 0 0.0 327 0.47 0.20 0.20 0.18 0.19 0.23 -1 -1 -1 -1 -1
Evo 1.00 0.00 1.00 1.00 1.00 1.00 1.00 0.07 0.00 0.04 0.11 0.26 -1 277
Result 0 0.0 443 0.46 0.19 0.19 0.20 0.22 0.20 -1 -1 -1 -1 -1
Evo 1.00 1.00 1.00 1.00 1.00 1.00 1.00 0.00 0.00 0.00 0.11 0.25 -1 305
Result 0 0.0 441 0.49 0.18 0.23 0.21 0.19 0.19 -1 -1 -1 -1 -1
Evo 1.00 0.00 1.00 1.00 1.00 1.00 1.00 0.07 0.00 0.03 0.09 0.37 -1 415
Result 0 0.0 461 0.47 0.19 0.21 0.17 0.23 0.21 -1 -1 -1 -1 -1
Evo 1.00 1.00 1.00 1.00 1.00 1.00 1.00 0.00 0.00 0.00 0.08 0.18 -1 270
Result 0 0.0 429 0.46 0.19 0.20 0.23 0.20 0.18 -1 -1 -1 -1 -1
Evo 1.00 0.00 1.00 0.99 1.00 1.00 1.00 0.10 0.00 0.06 0.11 0.29 -1 271
Result 0 0.0 433 0.48 0.22 0.22 0.20 0.18 0.19 -1 -1 -1 -1 -1
Evo 1.00 0.00 1.00 0.99 1.00 1.00 1.00 0.08 0.00 0.05 0.07 0.21 -1 426
Result 0 0.0 450 0.46 0.19 0.20 0.21 0.23 0.18 -1 -1 -1 -1 -1
Evo 1.00 0.00 1.00 1.00 1.00 1.00 1.00 0.05 0.00 0.02 0.11 0.22 -1 500
Result 0 0.0 928 0.47 0.20 0.21 0.20 0.20 0.20 -1 -1 -1 -1 -1
Evo 1.00 0.00 1.00 0.99 1.00 1.00 1.00 0.08 0.00 0.05 0.13 0.27 -1 489
Result 0 0.0 644 0.46 0.21 0.20 0.21 0.19 0.18 -1 -1 -1 -1 -1
Evo 1.00 0.00 1.00 1.00 1.00 1.00 1.00 0.07 0.00 0.04 0.06 0.17 -1 445
Result 0 0.0 642 0.46 0.18 0.19 0.23 0.21 0.19 -1 -1 -1 -1 -1
Evo 1.00 0.00 1.00 1.00 1.00 1.00 1.00 0.05 0.00 0.03 0.07 0.20 -1 636
Result 0 0.0 662 0.48 0.19 0.22 0.22 0.19 0.18 -1 -1 -1 -1 -1
Evo 1.00 1.00 1.00 1.00 1.00 1.00 1.00 0.00 0.00 0.00 0.13 0.23 -1 514
Result 0 0.0 717 0.47 0.21 0.21 0.20 0.20 0.18 -1 -1 -1 -1 -1
Evo 1.00 1.00 1.00 1.00 1.00 1.00 1.00 0.00 0.00 0.00 0.08 0.17 -1 636
Result 0 0.0 732 0.48 0.24 0.21 0.20 0.18 0.16 -1 -1 -1 -1 -1
Evo 1.00 0.00 1.00 1.00 1.00 1.00 1.00 0.06 0.00 0.03 0.08 0.21 -1 493
Result 0 0.0 629 0.47 0.19 0.21 0.19 0.21 0.20 -1 -1 -1 -1 -1
Evo 1.00 0.00 1.00 1.00 1.00 1.00 1.00 0.07 0.00 0.03 0.10 0.21 -1 495
Result 0 0.0 703 0.46 0.21 0.19 0.22 0.17 0.20 -1 -1 -1 -1 -1
Evo 1.00 1.00 1.00 1.00 1.00 1.00 1.00 0.00 0.00 0.00 0.08 0.19 -1 447
Result 0 0.0 639 0.46 0.20 0.20 0.21 0.21 0.20 -1 -1 -1 -1 -1
Evo 1.00 0.00 1.00 1.00 1.00 1.00 1.00 0.07 0.00 0.03 0.08 0.17 -1 709
Result 0 0.0 933 0.46 0.21 0.19 0.21 0.20 0.18 -1 -1 -1 -1 -1
Evo 1.00 0.00 1.00 0.99 1.00 1.00 1.00 0.08 0.00 0.05 0.08 0.18 -1 646
Result 0 0.0 737 0.43 0.20 0.16 0.21 0.21 0.22 -1 -1 -1 -1 -1
Evo 1.00 0.00 1.00 1.00 1.00 1.00 1.00 0.06 0.00 0.03 0.08 0.20 -1 495
Result 0 0.0 711 0.45 0.20 0.19 0.20 0.20 0.20 -1 -1 -1 -1 -1
Evo 1.00 0.00 1.00 1.00 1.00 1.00 1.00 0.03 0.00 0.01 0.18 0.51 -1 626
Result 0 0.0 1017 0.46 0.16 0.20 0.21 0.20 0.23 -1 -1 -1 -1 -1
Evo 1.00 0.00 1.00 1.00 1.00 1.00 1.00 0.05 0.00 0.02 0.08 0.23 -1 645
Result 0 0.0 692 0.47 0.19 0.20 0.20 0.20 0.21 -1 -1 -1 -1 -1
Evo 1.00 0.00 1.00 1.00 1.00 1.00 1.00 0.05 0.00 0.02 0.10 0.23 -1 495
Result 0 0.0 734 0.47 0.19 0.21 0.19 0.22 0.19 -1 -1 -1 -1 -1
Evo 1.00 0.00 1.00 1.00 1.00 1.00 1.00 0.05 0.00 0.02 0.09 0.28 -1 445
Result 0 0.0 686 0.48 0.19 0.22 0.19 0.16 0.23 -1 -1 -1 -1 -1
Evo 1.00 1.00 1.00 1.00 1.00 1.00 1.00 0.00 0.00 0.00 0.14 0.24 -1 716
Result 0 0.0 726 0.46 0.21 0.20 0.21 0.19 0.19 -1 -1 -1 -1 -1
Evo 1.00 1.00 1.00 1.00 1.00 1.00 1.00 0.00 0.00 0.00 0.08 0.22 -1 499
Result 0 0.0 648 0.48 0.21 0.22 0.18 0.18 0.21 -1 -1 -1 -1 -1
Evo 1.00 0.00 1.00 0.99 1.00 1.00 1.00 0.10 0.00 0.06 0.11 0.24 -1 467
Result 0 0.0 655 0.45 0.17 0.19 0.22 0.19 0.23 -1 -1 -1 -1 -1
Evo 1.00 0.00 1.00 1.00 1.00 1.00 1.00 0.05 0.00 0.02 0.10 0.27 -1 496
Result 0 0.0 728 0.48 0.20 0.22 0.22 0.17 0.19 -1 -1 -1 -1 -1
