Evo 1.00 0.00 1.00 0.28 0.00 0.00 0.67 0.42 0.01 0.01 0.41 0.77 991 -1
Result 1 1.0 1000 0.41 0.15 0.16 0.17 0.17 0.17 0.18 -1 -1 -1 -1
Evo 1.00 0.00 0.00 0.00 0.00 0.00 0.00 0.00 0.00 0.13 0.32 0.53 -1 836
Result 0 2.0 845 0.44 0.18 0.17 0.15 0.15 0.16 0.19 -1 -1 -1 -1
Evo 1.00 0.50 1.00 0.50 0.50 0.50 0.50 0.05 0.00 0.01 0.28 0.59 991 -1
Result 1 1.0 1000 0.44 0.18 0.15 0.17 0.15 0.15 0.19 -1 -1 -1 -1
Evo 1.00 0.50 1.00 0.50 0.50 0.50 0.50 0.05 0.00 0.04 0.37 0.59 991 -1
Result 1 11.0 1000 0.43 0.16 0.15 0.16 0.15 0.18 0.20 -1 -1 -1 -1
Evo 1.00 0.50 1.00 0.50 0.50 0.50 0.50 0.05 0.00 0.10 0.43 0.82 991 -1
Result 1 1.0 1000 0.43 0.17 0.15 0.16 0.15 0.17 0.19 -1 -1 -1 -1
Evo 1.00 0.50 1.00 0.50 0.50 0.50 0.50 0.05 0.00 0.14 0.38 0.67 991 -1
Result 1 1.0 1000 0.43 0.16 0.17 0.15 0.17 0.16 0.18 -1 -1 -1 -1
Evo 1.00 0.50 1.00 0.50 0.50 0.50 0.50 0.05 0.00 0.07 0.47 0.82 991 -1
Result 1 1.0 1000 0.42 0.16 0.17 0.16 0.17 0.17 0.17 -1 -1 -1 -1
Evo 1.00 0.50 1.00 0.50 0.50 0.50 0.50 0.05 0.00 0.05 0.38 0.62 991 -1
Result 1 1.0 1000 0.46 0.19 0.17 0.17 0.15 0.17 0.16 -1 -1 -1 -1
Evo 1.00 0.50 1.00 0.50 0.50 0.50 0.50 0.05 0.00 0.38 0.46 0.84 991 -1
Result 1 1.0 1000 0.43 0.17 0.17 0.15 0.16 0.17 0.17 -1 -1 -1 -1
Evo 1.00 0.50 1.00 0.50 0.50 0.50 0.50 0.05 0.00 0.04 0.43 0.79 991 -1
Result 1 1.0 1000 0.41 0.15 0.16 0.16 0.15 0.19 0.18 -1 -1 -1 -1
Evo 1.00 0.00 0.50 0.49 0.50 0.50 0.50 0.05 0.00 0.08 0.33 0.51 -1 980
Result 0 17.0 989 0.43 0.16 0.14 0.17 0.15 0.16 0.21 -1 -1 -1 -1
Evo 1.00 0.50 1.00 0.50 0.50 0.50 0.50 0.05 0.00 0.06 0.32 0.55 991 -1
Result 1 39.0 1000 0.43 0.16 0.17 0.17 0.15 0.17 0.17 -1 -1 -1 -1
Evo 1.00 0.00 0.50 0.49 0.50 0.50 0.50 0.05 0.00 0.14 0.31 0.59 -1 918
Result 0 -5.0 965 0.44 0.18 0.18 0.16 0.15 0.16 0.17 -1 -1 -1 -1
Evo 1.00 0.50 1.00 0.50 0.50 0.50 0.50 0.05 0.00 0.37 0.49 0.79 991 -1
Result 1 1.0 1000 0.42 0.16 0.14 0.17 0.16 0.18 0.19 -1 -1 -1 -1
Evo 1.00 0.50 1.00 0.50 0.50 0.50 0.50 0.05 0.00 0.24 0.32 0.63 991 -1
Result 1 1.0 1000 0.43 0.16 0.16 0.17 0.16 0.17 0.17 -1 -1 -1 -1
Evo 1.00 0.50 1.00 0.50 0.50 0.50 0.50 0.05 0.00 0.14 0.41 0.80 991 -1
Result 1 1.0 1000 0.44 0.18 0.16 0.16 0.14 0.16 0.20 -1 -1 -1 -1
Evo 1.00 0.50 1.00 0.50 0.50 0.50 0.50 0.05 0.00 0.22 0.43 0.81 991 -1
Result 1 1.0 1000 0.45 0.18 0.16 0.15 0.15 0.17 0.19 -1 -1 -1 -1
Evo 1.00 0.50 1.00 0.50 0.50 0.50 0.50 0.05 0.00 0.22 0.36 0.78 991 -1
Result 1 1.0 1000 0.44 0.17 0.19 0.15 0.17 0.16 0.16 -1 -1 -1 -1
Evo 1.00 0.50 1.00 0.50 0.50 0.50 0.50 0.05 0.00 0.17 0.36 0.68 991 -1
Result 1 1.0 1000 0.43 0.16 0.18 0.15 0.17 0.15 0.18 -1 -1 -1 -1
Evo 1.00 0.50 1.00 0.50 0.50 0.50 0.50 0.05 0.00 0.07 0.25 0.50 991 -1
Result 1 49.0 1000 0.43 0.16 0.17 0.16 0.14 0.17 0.20 -1 -1 -1 -1
Evo 1.00 0.50 1.00 0.50 0.50 0.50 0.50 0.05 0.00 0.11 0.46 0.79 991 -1
Result 1 1.0 1000 0.42 0.15 0.18 0.16 0.16 0.17 0.18 -1 -1 -1 -1
Evo 1.00 0.50 1.00 0.50 0.50 0.50 0.50 0.05 0.00 0.18 0.27 0.54 991 -1
Result 1 20.0 1000 0.45 0.18 0.17 0.16 0.14 0.15 0.20 -1 -1 -1 -1
Evo 1.00 0.50 1.00 0.50 0.50 0.50 0.50 0.05 0.00 0.18 0.32 0.66 991 -1
Result 1 1.0 1000 0.43 0.16 0.16 0.16 0.16 0.15 0.20 -1 -1 -1 -1
Evo 1.00 0.50 1.00 0.50 0.50 0.50 0.50 0.05 0.00 0.06 0.46 0.84 991 -1
Result 1 1.0 1000 0.42 0.16 0.15 0.18 0.15 0.19 0.17 -1 -1 -1 -1
Evo 1.00 0.50 1.00 0.50 0.50 0.50 0.50 0.05 0.00 0.12 0.32 0.53 991 -1
Result 1 17.0 1000 0.41 0.15 0.16 0.17 0.16 0.17 0.19 -1 -1 -1 -1
Evo 1.00 0.50 1.00 0.50 0.50 0.50 0.50 0.05 0.00 0.16 0.28 0.54 991 -1
Result 1 1.0 1000 0.42 0.16 0.16 0.16 0.15 0.17 0.20 -1 -1 -1 -1
Evo 1.00 0.50 1.00 0.50 0.50 0.50 0.50 0.05 0.00 0.14 0.32 0.60 991 -1
Result 1 2.0 1000 0.45 0.19 0.17 0.15 0.17 0.16 0.16 -1 -1 -1 -1
Evo 1.00 0.50 1.00 0.50 0.50 0.50 0.50 0.05 0.00 0.14 0.34 0.63 991 -1
Result 1 1.0 1000 0.40 0.14 0.16 0.17 0.15 0.17 0.20 -1 -1 -1 -1
Evo 1.00 0.00 0.50 0.49 0.50 0.50 0.50 0.05 0.00 0.16 0.33 0.56 -1 986
Result 0 0.0 995 0.44 0.17 0.15 0.17 0.16 0.16 0.18 -1 -1 -1 -1
Evo 1.00 0.50 1.00 0.50 0.50 0.50 0.50 0.05 0.00 0.02 0.37 0.58 991 -1
Result 1 1.0 1000 0.42 0.16 0.16 0.16 0.18 0.16 0.18 -1 -1 -1 -1
Evo 1.00 0.50 1.00 0.50 0.50 0.50 0.50 0.05 0.00 0.02 0.41 0.75 991 -1
Result 1 1.0 1000 0.42 0.16 0.18 0.15 0.17 0.19 0.16 -1 -1 -1 -1
Evo 1.00 0.50 1.00 0.50 0.50 0.50 0.50 0.05 0.00 0.13 0.35 0.76 991 -1
Result 1 1.0 1000 0.45 0.19 0.17 0.14 0.15 0.19 0.16 -1 -1 -1 -1
Evo 1.00 0.50 1.00 0.50 0.50 0.50 0.50 0.05 0.00 0.13 0.32 0.49 991 -1
Result 1 41.0 1000 0.43 0.17 0.17 0.17 0.17 0.15 0.18 -1 -1 -1 -1
Evo 1.00 0.50 1.00 0.50 0.50 0.50 0.50 0.05 0.00 0.07 0.40 0.75 991 -1
Result 1 1.0 1000 0.42 0.16 0.17 0.17 0.16 0.17 0.17 -1 -1 -1 -1
Evo 1.00 0.50 1.00 0.50 0.50 0.50 0.50 0.05 0.00 0.04 0.36 0.60 991 -1
Result 1 1.0 1000 0.42 0.16 0.17 0.16 0.17 0.17 0.18 -1 -1 -1 -1
Evo 1.00 0.50 1.00 0.50 0.50 0.50 0.50 0.05 0.00 0.07 0.40 0.82 991 -1
Result 1 1.0 1000 0.43 0.16 0.19 0.15 0.16 0.17 0.17 -1 -1 -1 -1
Evo 1.00 0.50 1.00 0.50 0.50 0.50 0.50 0.05 0.00 0.16 0.48 0.85 991 -1
Result 1 1.0 1000 0.44 0.17 0.17 0.15 0.17 0.17 0.16 -1 -1 -1 -1
Evo 1.00 0.50 1.00 0.51 0.50 0.50 0.50 0.05 0.00 0.03 0.41 0.76 991 -1
Result 1 20.0 1000 0.44 0.17 0.17 0.15 0.16 0.16 0.18 -1 -1 -1 -1
Evo 1.00 0.50 1.00 0.50 0.50 0.50 0.50 0.05 0.00 0.01 0.26 0.46 991 -1
Result 1 35.0 1000 0.41 0.15 0.17 0.16 0.17 0.16 0.18 -1 -1 -1 -1
Evo 1.00 0.50 1.00 0.50 0.50 0.50 0.50 0.05 0.00 0.20 0.40 0.73 991 -1
Result 1 1.0 1000 0.43 0.16 0.18 0.14 0.18 0.16 0.18 -1 -1 -1 -1
Evo 1.00 0.50 1.00 0.50 0.50 0.50 0.50 0.05 0.00 0.04 0.47 0.81 991 -1
Result 1 1.0 1000 0.41 0.15 0.17 0.15 0.17 0.18 0.17 -1 -1 -1 -1
Evo 1.00 0.50 1.00 0.50 0.50 0.50 0.50 0.05 0.00 0.15 0.44 0.80 991 -1
Result 1 2.0 1000 0.42 0.15 0.18 0.16 0.15 0.18 0.17 -1 -1 -1 -1
Evo 1.00 0.50 1.00 0.50 0.50 0.50 0.50 0.05 0.00 0.08 0.45 0.83 991 -1
Result 1 1.0 1000 0.44 0.17 0.16 0.16 0.17 0.16 0.18 -1 -1 -1 -1
Evo 1.00 0.50 1.00 0.50 0.50 0.50 0.50 0.05 0.00 0.19 0.42 0.77 991 -1
Result 1 2.0 1000 0.44 0.18 0.16 0.16 0.14 0.18 0.19 -1 -1 -1 -1
Evo 1.00 0.50 1.00 0.50 0.50 0.50 0.50 0.05 0.00 0.03 0.45 0.70 991 -1
Result 1 8.0 1000 0.40 0.14 0.15 0.18 0.15 0.18 0.19 -1 -1 -1 -1
Evo 1.00 0.50 1.00 0.50 0.50 0.50 0.50 0.05 0.00 0.06 0.46 0.77 991 -1
Result 1 1.0 1000 0.43 0.16 0.16 0.16 0.15 0.19 0.16 -1 -1 -1 -1
Evo 1.00 0.50 1.00 0.50 0.50 0.50 0.50 0.05 0.00 0.04 0.38 0.76 991 -1
Result 1 1.0 1000 0.43 0.17 0.16 0.16 0.18 0.16 0.17 -1 -1 -1 -1
Evo 1.00 0.50 1.00 0.50 0.50 0.50 0.50 0.05 0.00 0.03 0.39 0.74 991 -1
Result 1 1.0 1000 0.43 0.17 0.17 0.16 0.15 0.18 0.17 -1 -1 -1 -1
Evo 1.00 0.50 1.00 0.50 0.50 0.50 0.50 0.05 0.00 0.04 0.36 0.62 991 -1
Result 1 1.0 1000 0.43 0.16 0.16 0.18 0.15 0.17 0.17 -1 -1 -1 -1
Evo 1.00 0.50 1.00 0.50 0.50 0.50 0.50 0.05 0.00 0.14 0.48 0.83 991 -1
Result 1 1.0 1000 0.43 0.16 0.17 0.15 0.15 0.16 0.20 -1 -1 -1 -1
Evo 1.00 0.50 1.00 0.50 0.50 0.50 0.50 0.05 0.00 0.05 0.37 0.77 991 -1
Result 1 1.0 1000 0.42 0.16 0.15 0.16 0.15 0.18 0.20 -1 -1 -1 -1
Evo 1.00 0.50 1.00 0.50 0.50 0.50 0.50 0.05 0.00 0.03 0.41 0.76 991 -1
Result 1 1.0 1000 0.44 0.18 0.16 0.16 0.15 0.17 0.19 -1 -1 -1 -1
Evo 1.00 0.50 1.00 0.50 0.50 0.50 0.50 0.05 0.00 0.10 0.41 0.74 991 -1
Result 1 1.0 1000 0.44 0.17 0.17 0.17 0.15 0.18 0.15 -1 -1 -1 -1
Evo 1.00 0.50 1.00 0.50 0.50 0.50 0.50 0.05 0.00 0.03 0.31 0.61 991 -1
Result 1 1.0 1000 0.43 0.17 0.15 0.16 0.15 0.17 0.20 -1 -1 -1 -1
Evo 1.00 0.50 1.00 0.50 0.50 0.50 0.50 0.05 0.00 0.01 0.44 0.80 991 -1
Result 1 1.0 1000 0.40 0.14 0.19 0.15 0.18 0.18 0.15 -1 -1 -1 -1
Evo 1.00 0.50 1.00 0.50 0.50 0.50 0.50 0.05 0.00 0.11 0.36 0.72 991 -1
Result 1 1.0 1000 0.42 0.16 0.17 0.17 0.17 0.18 0.16 -1 -1 -1 -1
Evo 1.00 0.50 1.00 0.50 0.50 0.50 0.50 0.05 0.00 0.04 0.28 0.54 991 -1
Result 1 38.0 1000 0.43 0.17 0.17 0.16 0.14 0.18 0.18 -1 -1 -1 -1
Evo 1.00 0.50 1.00 0.50 0.50 0.50 0.50 0.05 0.00 0.06 0.28 0.57 991 -1
Result 1 18.0 1000 0.42 0.15 0.16 0.17 0.15 0.18 0.19 -1 -1 -1 -1
Evo 1.00 0.50 1.00 0.50 0.50 0.50 0.50 0.05 0.00 0.10 0.41 0.73 991 -1
Result 1 1.0 1000 0.45 0.18 0.17 0.14 0.16 0.17 0.17 -1 -1 -1 -1
Evo 1.00 0.00 0.50 0.49 0.50 0.50 0.50 0.05 0.00 0.10 0.40 0.77 -1 882
Result 0 -95.0 891 0.42 0.16 0.17 0.17 0.16 0.19 0.15 -1 -1 -1 -1
Evo 1.00 0.50 1.00 0.50 0.50 0.50 0.50 0.05 0.00 0.37 0.36 0.74 991 -1
Result 1 1.0 1000 0.44 0.17 0.16 0.17 0.14 0.18 0.17 -1 -1 -1 -1
Evo 1.00 0.50 1.00 0.50 0.50 0.50 0.50 0.05 0.00 0.02 0.27 0.57 991 -1
Result 1 1.0 1000 0.44 0.17 0.17 0.16 0.16 0.16 0.19 -1 -1 -1 -1
Evo 1.00 0.50 1.00 0.50 0.50 0.50 0.50 0.05 0.00 0.29 0.30 0.62 991 -1
Result 1 32.0 1000 0.42 0.15 0.16 0.15 0.15 0.16 0.22 -1 -1 -1 -1
Evo 1.00 0.00 0.50 0.49 0.50 0.50 0.50 0.05 0.00 0.05 0.36 0.78 -1 962
Result 0 -71.0 971 0.47 0.21 0.14 0.15 0.16 0.18 0.15 -1 -1 -1 -1
Evo 1.00 0.50 1.00 0.50 0.50 0.50 0.50 0.05 0.00 0.04 0.43 0.73 991 -1
Result 1 8.0 1000 0.41 0.15 0.17 0.16 0.15 0.20 0.17 -1 -1 -1 -1
Evo 1.00 0.50 1.00 0.50 0.50 0.50 0.50 0.05 0.00 0.30 0.37 0.76 991 -1
Result 1 1.0 1000 0.44 0.18 0.16 0.16 0.18 0.16 0.16 -1 -1 -1 -1
Evo 1.00 0.50 1.00 0.50 0.50 0.50 0.50 0.05 0.00 0.19 0.28 0.43 991 -1
Result 1 1.0 1000 0.40 0.14 0.16 0.18 0.15 0.18 0.19 -1 -1 -1 -1
Evo 1.00 0.50 1.00 0.50 0.50 0.50 0.50 0.05 0.00 0.04 0.36 0.76 991 -1
Result 1 1.0 1000 0.43 0.17 0.18 0.15 0.18 0.16 0.18 -1 -1 -1 -1
Evo 1.00 0.50 1.00 0.50 0.50 0.50 0.50 0.05 0.00 0.03 0.43 0.72 991 -1
Result 1 1.0 1000 0.43 0.16 0.17 0.16 0.16 0.16 0.19 -1 -1 -1 -1
Evo 1.00 0.50 1.00 0.50 0.50 0.50 0.50 0.05 0.00 0.36 0.31 0.72 991 -1
Result 1 6.0 1000 0.44 0.17 0.16 0.15 0.16 0.17 0.19 -1 -1 -1 -1
Evo 1.00 0.50 1.00 0.50 0.50 0.50 0.50 0.05 0.00 0.10 0.37 0.74 991 -1
Result 1 1.0 1000 0.43 0.17 0.17 0.14 0.15 0.19 0.18 -1 -1 -1 -1
Evo 1.00 0.50 1.00 0.50 0.50 0.50 0.50 0.05 0.00 0.12 0.27 0.54 991 -1
Result 1 3.0 1000 0.42 0.16 0.17 0.15 0.15 0.16 0.21 -1 -1 -1 -1
Evo 1.00 0.50 1.00 0.50 0.50 0.50 0.50 0.05 0.00 0.08 0.35 0.78 991 -1
Result 1 1.0 1000 0.44 0.17 0.17 0.15 0.17 0.16 0.17 -1 -1 -1 -1
Evo 1.00 0.50 1.00 0.50 0.50 0.50 0.50 0.05 0.00 0.09 0.42 0.77 991 -1
Result 1 1.0 1000 0.44 0.17 0.17 0.15 0.16 0.17 0.17 -1 -1 -1 -1
Evo 1.00 0.50 1.00 0.50 0.50 0.50 0.50 0.05 0.00 0.05 0.38 0.76 991 -1
Result 1 1.0 1000 0.41 0.15 0.16 0.17 0.14 0.19 0.19 -1 -1 -1 -1
Evo 1.00 0.50 1.00 0.50 0.50 0.50 0.50 0.05 0.00 0.19 0.33 0.77 991 -1
Result 1 1.0 1000 0.44 0.17 0.16 0.18 0.16 0.17 0.16 -1 -1 -1 -1
Evo 1.00 0.00 0.50 0.49 0.50 0.50 0.50 0.05 0.00 0.17 0.26 0.50 -1 918
Result 0 -7.0 927 0.42 0.15 0.16 0.17 0.15 0.18 0.19 -1 -1 -1 -1
Evo 1.00 0.50 1.00 0.50 0.50 0.50 0.50 0.05 0.00 0.14 0.29 0.60 991 -1
Result 1 1.0 1000 0.43 0.16 0.16 0.15 0.17 0.17 0.18 -1 -1 -1 -1
Evo 1.00 0.50 1.00 0.50 0.50 0.50 0.50 0.05 0.00 0.12 0.44 0.83 991 -1
Result 1 10.0 1000 0.41 0.15 0.17 0.15 0.16 0.17 0.20 -1 -1 -1 -1
Evo 1.00 0.50 1.00 0.50 0.50 0.50 0.50 0.05 0.00 0.20 0.37 0.75 991 -1
Result 1 1.0 1000 0.43 0.16 0.18 0.16 0.16 0.18 0.17 -1 -1 -1 -1
Evo 1.00 0.00 0.50 0.49 0.50 0.50 0.50 0.05 0.00 0.03 0.42 0.71 -1 868
Result 0 -96.0 877 0.42 0.16 0.15 0.15 0.17 0.19 0.17 -1 -1 -1 -1
Evo 1.00 0.00 0.50 0.49 0.50 0.50 0.50 0.05 0.00 0.08 0.26 0.51 -1 978
Result 0 -85.0 987 0.42 0.16 0.14 0.20 0.18 0.17 0.16 -1 -1 -1 -1
Evo 1.00 0.00 0.50 0.49 0.50 0.50 0.50 0.06 0.00 0.21 0.33 0.72 -1 752
Result 0 -82.0 761 0.44 0.17 0.16 0.16 0.17 0.19 0.15 -1 -1 -1 -1
Evo 1.00 0.50 1.00 0.50 0.50 0.50 0.50 0.05 0.00 0.12 0.44 0.81 991 -1
Result 1 1.0 1000 0.43 0.16 0.15 0.17 0.15 0.17 0.19 -1 -1 -1 -1
Evo 1.00 0.50 1.00 0.50 0.50 0.50 0.50 0.05 0.00 0.14 0.46 0.84 991 -1
Result 1 1.0 1000 0.42 0.16 0.18 0.16 0.18 0.17 0.15 -1 -1 -1 -1
Evo 1.00 0.00 0.50 0.49 0.50 0.50 0.50 0.05 0.00 0.18 0.32 0.56 -1 972
Result 0 -1.0 981 0.45 0.18 0.17 0.15 0.16 0.15 0.18 -1 -1 -1 -1
Evo 1.00 0.50 1.00 0.50 0.50 0.50 0.50 0.05 0.00 0.07 0.44 0.79 991 -1
Result 1 1.0 1000 0.43 0.17 0.16 0.15 0.17 0.17 0.18 -1 -1 -1 -1
Evo 1.00 0.00 0.50 0.49 0.50 0.50 0.50 0.05 0.00 0.15 0.33 0.51 -1 898
Result 0 -31.0 907 0.42 0.15 0.16 0.17 0.18 0.17 0.17 -1 -1 -1 -1
Evo 1.00 0.50 1.00 0.51 0.50 0.50 0.50 0.05 0.00 0.01 0.31 0.61 991 -1
Result 1 53.0 1000 0.42 0.16 0.15 0.17 0.15 0.17 0.20 -1 -1 -1 -1
Evo 1.00 0.00 0.50 0.49 0.50 0.50 0.50 0.06 0.00 0.10 0.27 0.64 -1 782
Result 0 -76.0 791 0.41 0.15 0.17 0.16 0.13 0.21 0.18 -1 -1 -1 -1
Evo 1.00 0.50 1.00 0.50 0.50 0.50 0.50 0.05 0.00 0.06 0.23 0.38 991 -1
Result 1 1.0 1000 0.42 0.16 0.16 0.18 0.15 0.17 0.18 -1 -1 -1 -1
Evo 1.00 0.50 1.00 0.50 0.50 0.50 0.50 0.05 0.00 0.04 0.41 0.75 991 -1
Result 1 1.0 1000 0.44 0.18 0.14 0.16 0.16 0.18 0.18 -1 -1 -1 -1
Evo 1.00 0.00 0.50 0.49 0.50 0.50 0.50 0.05 0.00 0.03 0.36 0.75 -1 898
Result 0 -67.0 907 0.44 0.18 0.18 0.15 0.16 0.17 0.16 -1 -1 -1 -1
Evo 1.00 0.50 1.00 0.50 0.50 0.50 0.50 0.05 0.00 0.24 0.30 0.51 991 -1
Result 1 1.0 1000 0.42 0.16 0.17 0.17 0.15 0.17 0.18 -1 -1 -1 -1
Evo 1.00 0.50 1.00 0.50 0.50 0.50 0.50 0.05 0.00 0.02 0.39 0.68 991 -1
Result 1 1.0 1000 0.43 0.17 0.17 0.18 0.14 0.19 0.16 -1 -1 -1 -1
Evo 1.00 0.00 0.50 0.49 0.50 0.50 0.50 0.05 0.00 0.25 0.29 0.62 -1 902
Result 0 -51.0 911 0.40 0.14 0.18 0.16 0.15 0.18 0.19 -1 -1 -1 -1
Evo 1.00 0.00 0.50 0.49 0.50 0.50 0.50 0.05 0.00 0.09 0.41 0.72 -1 902
Result 0 -57.0 911 0.42 0.16 0.17 0.17 0.17 0.17 0.16 -1 -1 -1 -1
Evo 1.00 0.00 0.50 0.49 0.50 0.50 0.50 0.06 0.00 0.04 0.35 0.77 -1 790
Result 0 -42.0 799 0.42 0.16 0.17 0.16 0.15 0.18 0.19 -1 -1 -1 -1
Evo 1.00 0.00 0.50 0.49 0.50 0.50 0.50 0.05 0.00 0.05 0.35 0.67 -1 918
Result 0 -41.0 927 0.43 0.17 0.15 0.16 0.17 0.17 0.18 -1 -1 -1 -1
Evo 1.00 0.50 1.00 0.50 0.50 0.50 0.50 0.05 0.00 0.08 0.46 0.83 991 -1
Result 1 1.0 1000 0.43 0.17 0.17 0.16 0.15 0.18 0.16 -1 -1 -1 -1
