Evo 1.00 0.00 1.00 0.91 1.00 1.00 1.00 0.29 0.01 0.08 0.03 0.04 -1 173
Result 0 1.0 2000 0.37 0.17 0.12 0.18 0.17 0.18 0.18 -1 -1 -1 -1
Evo 1.00 1.00 1.00 1.00 1.00 1.00 1.00 0.00 0.00 0.00 0.03 0.06 -1 248
Result 0 0.0 347 0.42 0.16 0.19 0.13 0.20 0.16 0.16 -1 -1 -1 -1
Evo 1.00 1.00 1.00 1.00 1.00 1.00 1.00 0.00 0.00 0.51 0.06 0.10 -1 320
Result 0 2.0 1147 0.39 0.17 0.13 0.18 0.16 0.18 0.18 -1 -1 -1 -1
Evo 1.00 1.00 1.00 1.00 1.00 1.00 1.00 0.00 0.00 0.42 0.07 0.17 -1 332
Result 0 1.0 899 0.42 0.16 0.17 0.18 0.17 0.17 0.15 -1 -1 -1 -1
Evo 1.00 0.00 1.00 1.00 1.00 1.00 1.00 0.07 0.00 0.01 0.02 0.04 -1 430
Result 0 0.0 629 0.40 0.17 0.14 0.20 0.16 0.14 0.19 -1 -1 -1 -1
Evo 1.00 0.00 1.00 1.00 1.00 1.00 1.00 0.07 0.00 0.21 0.05 0.12 -1 552
Result 0 2.0 2000 0.44 0.17 0.13 0.17 0.18 0.18 0.16 -1 -1 -1 -1
Evo 1.00 0.00 1.00 1.00 1.00 1.00 1.00 0.06 0.00 0.12 0.02 0.05 -1 168
Result 0 1.0 1997 0.37 0.18 0.12 0.17 0.18 0.19 0.16 -1 -1 -1 -1
Evo 1.00 0.00 1.00 1.00 1.00 1.00 1.00 0.05 0.00 0.26 0.05 0.09 -1 344
Result 0 2.0 967 0.44 0.18 0.17 0.16 0.16 0.17 0.17 -1 -1 -1 -1
Evo 1.00 0.00 1.00 1.00 1.00 1.00 1.00 0.07 0.00 0.08 0.02 0.04 -1 106
Result 0 1.0 2000 0.45 0.19 0.11 0.17 0.19 0.18 0.17 -1 -1 -1 -1
Evo 1.00 0.00 1.00 1.00 1.00 1.00 1.00 0.05 0.00 0.00 0.02 0.05 -1 128
Result 0 0.0 461 0.43 0.20 0.17 0.17 0.13 0.16 0.17 -1 -1 -1 -1
Evo 1.00 0.00 1.00 1.00 1.00 1.00 1.00 0.06 0.00 0.46 0.05 0.10 -1 455
Result 0 2.0 1133 0.44 0.14 0.18 0.19 0.18 0.16 0.14 -1 -1 -1 -1
Evo 1.00 0.00 1.00 0.99 1.00 1.00 1.00 0.08 0.00 0.01 0.02 0.03 -1 239
Result 0 0.0 473 0.40 0.15 0.15 0.17 0.19 0.19 0.15 -1 -1 -1 -1
Evo 1.00 0.00 1.00 1.00 1.00 1.00 1.00 0.07 0.00 0.40 0.05 0.08 -1 379
Result 0 2.0 2000 0.44 0.18 0.13 0.18 0.17 0.18 0.16 -1 -1 -1 -1
Evo 1.00 0.00 1.00 1.00 1.00 1.00 1.00 0.07 0.00 0.13 0.04 0.08 -1 183
Result 0 2.0 2000 0.42 0.16 0.18 0.14 0.17 0.18 0.18 -1 -1 -1 -1
Evo 1.00 0.00 1.00 0.99 1.00 1.00 1.00 0.11 0.01 0.36 0.03 0.05 -1 109
Result 0 1.0 395 0.42 0.15 0.16 0.17 0.16 0.17 0.18 -1 -1 -1 -1
Evo 1.00 0.00 1.00 1.00 1.00 1.00 1.00 0.07 0.00 0.11 0.02 0.04 -1 150
Result 0 1.0 2000 0.36 0.16 0.12 0.19 0.18 0.17 0.18 -1 -1 -1 -1
Evo 1.00 1.00 1.00 1.00 1.00 1.00 1.00 0.00 0.00 0.36 0.05 0.10 -1 232
Result 0 1.0 1651 0.42 0.15 0.16 0.16 0.17 0.17 0.18 -1 -1 -1 -1
Evo 1.00 0.00 1.00 1.00 1.00 1.00 1.00 0.04 0.00 0.06 0.02 0.04 -1 85
Result 0 1.0 1994 0.35 0.18 0.11 0.19 0.18 0.17 0.18 -1 -1 -1 -1
Evo 1.00 0.00 1.00 1.00 1.00 1.00 1.00 0.07 0.00 0.12 0.02 0.04 -1 164
Result 0 1.0 2000 0.44 0.18 0.11 0.18 0.18 0.18 0.18 -1 -1 -1 -1
Evo 1.00 0.00 1.00 0.99 1.00 1.00 1.00 0.10 0.01 0.01 0.02 0.04 -1 295
Result 0 0.0 395 0.43 0.13 0.17 0.18 0.18 0.18 0.16 -1 -1 -1 -1
Evo 1.00 0.00 1.00 1.00 1.00 1.00 1.00 0.07 0.00 0.05 0.19 0.26 -1 15
Result 0 15.0 2000 0.44 0.18 0.15 0.17 0.16 0.17 0.17 -1 -1 -1 -1
Evo 1.01 1.00 1.00 1.00 1.00 1.00 1.00 0.00 0.00 0.35 0.03 0.14 -1 6
Result 0 4.0 71 0.46 0.19 0.18 0.07 0.17 0.26 0.13 -1 -1 -1 -1
Evo 1.00 0.00 1.00 0.99 1.00 1.00 1.00 0.07 0.00 0.03 0.17 0.26 -1 13
Result 0 14.0 2000 0.43 0.16 0.16 0.17 0.19 0.16 0.16 -1 -1 -1 -1
Evo 1.00 0.00 1.00 1.00 1.00 1.00 1.00 0.05 0.00 0.02 0.02 0.04 -1 55
Result 0 0.0 438 0.41 0.16 0.15 0.22 0.18 0.15 0.15 -1 -1 -1 -1
Evo 1.00 1.00 1.00 1.00 1.00 1.00 1.00 0.00 0.00 0.05 0.11 0.20 -1 90
Result 0 10.0 747 0.42 0.16 0.15 0.18 0.16 0.18 0.16 -1 -1 -1 -1
Evo 1.01 1.00 1.00 1.00 1.00 1.00 1.00 0.00 0.00 0.08 0.03 0.07 -1 6
Result 0 0.0 167 0.42 0.17 0.16 0.14 0.17 0.17 0.18 -1 -1 -1 -1
Evo 1.00 0.00 1.00 1.00 1.00 1.00 1.00 0.05 0.00 0.00 0.02 0.04 -1 13
Result 0 0.0 378 0.44 0.15 0.17 0.21 0.17 0.14 0.16 -1 -1 -1 -1
Evo 1.00 0.00 1.00 1.00 1.00 1.00 1.00 0.05 0.00 0.00 0.02 0.04 -1 19
Result 0 0.0 396 0.45 0.19 0.18 0.15 0.17 0.14 0.16 -1 -1 -1 -1
Evo 1.00 0.00 1.00 1.00 1.00 1.00 1.00 0.04 0.00 0.04 0.08 0.21 -1 147
Result 0 11.0 540 0.45 0.19 0.15 0.17 0.16 0.17 0.16 -1 -1 -1 -1
Evo 1.00 1.00 1.00 1.00 1.00 1.00 1.00 0.00 0.00 0.09 0.04 0.14 -1 13
Result 0 4.0 319 0.45 0.16 0.18 0.17 0.18 0.18 0.13 -1 -1 -1 -1
Evo 1.00 0.00 1.00 0.99 1.00 1.00 1.00 0.07 0.00 0.03 0.16 0.26 -1 38
Result 0 15.0 2000 0.43 0.16 0.17 0.16 0.16 0.17 0.18 -1 -1 -1 -1
Evo 1.05 1.00 1.00 1.00 1.00 1.00 1.00 0.00 0.00 0.52 0.01 0.07 -1 0
Result 0 0.0 19 0.22 0.05 0.15 0.15 0.15 0.40 0.10 -1 -1 -1 -1
Evo 1.00 0.00 1.00 0.99 1.00 1.00 1.00 0.07 0.00 0.04 0.19 0.24 -1 9
Result 0 13.0 2000 0.44 0.17 0.17 0.16 0.18 0.16 0.15 -1 -1 -1 -1
Evo 1.01 1.00 1.00 1.00 1.00 1.00 1.00 0.00 0.00 0.23 0.04 0.11 -1 12
Result 0 2.0 195 0.43 0.17 0.15 0.15 0.14 0.20 0.20 -1 -1 -1 -1
Evo 1.02 1.00 1.00 1.00 1.00 1.00 1.00 0.00 0.00 0.29 0.02 0.11 -1 11
Result 0 2.0 63 0.47 0.20 0.14 0.09 0.20 0.20 0.16 -1 -1 -1 -1
Evo 1.00 0.00 1.00 0.99 1.00 1.00 1.00 0.07 0.00 0.04 0.18 0.26 -1 55
Result 0 13.0 2000 0.42 0.16 0.16 0.17 0.17 0.18 0.17 -1 -1 -1 -1
Evo 1.00 0.00 1.00 0.99 1.00 1.00 1.00 0.07 0.00 0.06 0.18 0.30 -1 14
Result 0 13.0 2000 0.43 0.17 0.15 0.17 0.16 0.19 0.16 -1 -1 -1 -1
Evo 1.00 0.00 1.00 0.99 1.00 1.00 1.00 0.07 0.00 0.02 0.24 0.35 -1 47
Result 0 18.0 2000 0.42 0.16 0.16 0.17 0.17 0.18 0.17 -1 -1 -1 -1
Evo 1.00 0.00 1.00 0.99 1.00 1.00 1.00 0.07 0.00 0.03 0.20 0.29 -1 7
Result 0 13.0 2000 0.43 0.16 0.16 0.17 0.16 0.17 0.17 -1 -1 -1 -1
Evo 1.00 1.00 1.00 1.00 1.00 1.00 1.00 0.00 0.00 0.00 0.02 0.04 -1 14
Result 0 0.0 425 0.44 0.14 0.18 0.19 0.19 0.12 0.18 -1 -1 -1 -1
Evo 1.00 0.00 1.00 0.99 1.00 1.00 1.00 0.07 0.00 0.53 0.11 0.15 -1 650
Result 0 19.0 2000 0.43 0.16 0.16 0.17 0.17 0.17 0.17 -1 -1 -1 -1
Evo 1.00 1.00 1.00 1.00 1.00 1.00 1.00 0.00 0.00 0.53 0.03 0.06 -1 384
Result 0 5.0 815 0.42 0.18 0.16 0.16 0.17 0.18 0.17 -1 -1 -1 -1
Evo 1.00 1.00 1.00 1.00 1.00 1.00 1.00 0.00 0.00 0.53 0.05 0.08 -1 281
Result 0 3.0 839 0.43 0.19 0.17 0.18 0.16 0.16 0.15 -1 -1 -1 -1
Evo 1.00 1.00 1.00 1.00 1.00 1.00 1.00 0.00 0.00 0.52 0.05 0.10 -1 225
Result 0 3.0 319 0.46 0.20 0.17 0.17 0.13 0.15 0.17 -1 -1 -1 -1
Evo 1.00 1.00 1.00 1.00 1.00 1.00 1.00 0.00 0.00 0.01 0.01 0.03 -1 390
Result 0 1.0 703 0.42 0.16 0.15 0.17 0.17 0.16 0.18 -1 -1 -1 -1
Evo 1.00 1.00 1.00 1.00 1.00 1.00 1.00 0.00 0.00 0.53 0.05 0.10 -1 287
Result 0 5.0 595 0.42 0.16 0.17 0.17 0.17 0.17 0.16 -1 -1 -1 -1
Evo 1.00 0.00 1.00 0.99 1.00 1.00 1.00 0.07 0.00 0.04 0.13 0.15 -1 177
Result 0 20.0 2000 0.43 0.16 0.16 0.17 0.15 0.17 0.18 -1 -1 -1 -1
Evo 1.00 1.00 1.00 1.00 1.00 1.00 1.00 0.00 0.00 0.04 0.08 0.15 -1 182
Result 0 11.0 579 0.41 0.18 0.15 0.18 0.16 0.15 0.17 -1 -1 -1 -1
Evo 1.00 0.00 1.00 0.99 1.00 1.00 1.00 0.07 0.00 0.14 0.10 0.15 -1 382
Result 0 19.0 2000 0.43 0.17 0.17 0.17 0.17 0.16 0.17 -1 -1 -1 -1
Evo 1.00 1.00 1.00 1.00 1.00 1.00 1.00 0.00 0.00 0.40 0.04 0.08 -1 375
Result 0 3.0 499 0.44 0.17 0.17 0.16 0.14 0.16 0.18 -1 -1 -1 -1
Evo 1.00 1.00 1.00 1.00 1.00 1.00 1.00 0.00 0.00 0.20 0.05 0.11 -1 271
Result 0 5.0 739 0.43 0.16 0.17 0.19 0.15 0.18 0.15 -1 -1 -1 -1
Evo 1.00 0.00 1.00 0.99 1.00 1.00 1.00 0.07 0.00 0.05 0.15 0.16 -1 95
Result 0 20.0 2000 0.41 0.15 0.18 0.17 0.16 0.17 0.16 -1 -1 -1 -1
Evo 1.00 1.00 1.00 1.00 1.00 1.00 1.00 0.00 0.00 0.49 0.06 0.10 -1 157
Result 0 5.0 683 0.44 0.17 0.18 0.17 0.17 0.16 0.16 -1 -1 -1 -1
Evo 1.00 1.00 1.00 1.00 1.00 1.00 1.00 0.00 0.00 0.05 0.04 0.08 -1 164
Result 0 1.0 383 0.44 0.15 0.17 0.16 0.18 0.13 0.20 -1 -1 -1 -1
Evo 1.00 1.00 1.00 1.00 1.00 1.00 1.00 0.00 0.00 0.50 0.06 0.12 -1 181
Result 0 9.0 691 0.42 0.16 0.14 0.16 0.17 0.17 0.20 -1 -1 -1 -1
Evo 1.00 1.00 1.00 1.00 1.00 1.00 1.00 0.00 0.00 0.00 0.01 0.04 -1 674
Result 0 1.0 687 0.44 0.18 0.16 0.19 0.14 0.18 0.16 -1 -1 -1 -1
Evo 1.00 1.00 1.00 1.00 1.00 1.00 1.00 0.00 0.00 0.02 0.01 0.03 -1 634
Result 0 1.0 687 0.43 0.16 0.17 0.18 0.15 0.17 0.16 -1 -1 -1 -1
Evo 1.00 0.00 1.00 0.99 1.00 1.00 1.00 0.07 0.00 0.15 0.13 0.15 -1 379
Result 0 20.0 2000 0.42 0.16 0.16 0.18 0.18 0.17 0.15 -1 -1 -1 -1
Evo 1.00 0.00 1.00 0.99 1.00 1.00 1.00 0.07 0.00 0.32 0.13 0.16 -1 219
Result 0 20.0 2000 0.44 0.15 0.17 0.17 0.18 0.15 0.17 -1 -1 -1 -1
Evo 1.00 1.00 1.00 1.00 1.00 1.00 1.00 0.00 0.00 0.03 0.07 0.15 -1 179
Result 0 15.0 503 0.43 0.17 0.14 0.16 0.19 0.18 0.16 -1 -1 -1 -1
Evo 1.00 0.00 1.00 0.99 1.00 1.00 1.00 0.07 0.00 0.31 0.13 0.17 -1 144
Result 0 13.0 2000 0.41 0.15 0.16 0.18 0.17 0.17 0.17 -1 -1 -1 -1
Evo 1.00 0.00 1.00 0.99 1.00 1.00 1.00 0.07 0.00 0.07 0.16 0.21 -1 118
Result 0 13.0 2000 0.43 0.17 0.16 0.18 0.15 0.18 0.16 -1 -1 -1 -1
Evo 1.01 1.00 1.00 1.00 1.00 1.00 1.00 0.00 0.00 0.42 0.02 0.08 -1 89
Result 0 1.0 103 0.31 0.20 0.09 0.22 0.15 0.17 0.16 -1 -1 -1 -1
Evo 1.01 1.00 1.00 1.00 1.00 1.00 1.00 0.00 0.00 0.04 0.03 0.11 -1 19
Result 0 1.0 199 0.45 0.19 0.17 0.15 0.17 0.16 0.17 -1 -1 -1 -1
Evo 1.01 1.00 1.00 1.00 1.00 1.00 1.00 0.00 0.00 0.41 0.03 0.10 -1 137
Result 0 1.0 155 0.46 0.21 0.19 0.21 0.14 0.13 0.12 -1 -1 -1 -1
Evo 1.00 1.00 1.00 1.00 1.00 1.00 1.00 0.00 0.00 0.00 0.03 0.06 -1 74
Result 0 0.0 377 0.47 0.21 0.20 0.15 0.13 0.13 0.18 -1 -1 -1 -1
Evo 1.00 0.00 1.00 1.00 1.00 1.00 1.00 0.05 0.00 0.00 0.02 0.05 -1 152
Result 0 0.0 371 0.41 0.15 0.19 0.15 0.17 0.17 0.17 -1 -1 -1 -1
Evo 1.00 1.00 1.00 1.00 1.00 1.00 1.00 0.00 0.00 0.08 0.03 0.06 -1 168
Result 0 0.0 223 0.42 0.18 0.16 0.15 0.16 0.16 0.19 -1 -1 -1 -1
Evo 1.01 1.00 1.00 1.00 1.00 1.00 1.00 0.00 0.00 0.52 0.03 0.08 -1 95
Result 0 1.0 159 0.40 0.19 0.14 0.16 0.18 0.17 0.16 -1 -1 -1 -1
Evo 1.00 0.00 1.00 0.99 1.00 1.00 1.00 0.07 0.00 0.06 0.12 0.18 -1 65
Result 0 13.0 2000 0.42 0.16 0.16 0.18 0.16 0.16 0.18 -1 -1 -1 -1
Evo 1.00 0.00 1.00 0.99 1.00 1.00 1.00 0.07 0.00 0.29 0.10 0.16 -1 2
Result 0 13.0 2000 0.43 0.16 0.17 0.17 0.17 0.16 0.17 -1 -1 -1 -1
Evo 1.01 1.00 1.00 1.00 1.00 1.00 1.00 0.00 0.00 0.42 0.03 0.11 -1 22
Result 0 1.0 119 0.43 0.13 0.17 0.23 0.13 0.17 0.18 -1 -1 -1 -1
Evo 1.00 0.00 1.00 0.99 1.00 1.00 1.00 0.07 0.00 0.38 0.13 0.17 -1 64
Result 0 12.0 2000 0.44 0.18 0.17 0.16 0.17 0.16 0.17 -1 -1 -1 -1
Evo 1.00 1.00 1.00 1.00 1.00 1.00 1.00 0.00 0.00 0.13 0.07 0.13 -1 31
Result 0 3.0 515 0.46 0.14 0.20 0.17 0.16 0.15 0.19 -1 -1 -1 -1
Evo 1.00 0.00 1.00 0.99 1.00 1.00 1.00 0.07 0.00 0.14 0.10 0.17 -1 58
Result 0 13.0 2000 0.42 0.18 0.16 0.19 0.15 0.15 0.16 -1 -1 -1 -1
Evo 1.00 0.00 1.00 0.99 1.00 1.00 1.00 0.07 0.00 0.19 0.13 0.17 -1 70
Result 0 13.0 2000 0.42 0.17 0.16 0.18 0.17 0.16 0.16 -1 -1 -1 -1
Evo 1.01 1.00 1.00 1.00 1.00 1.00 1.00 0.00 0.00 0.35 0.03 0.11 -1 37
Result 0 1.0 139 0.42 0.16 0.15 0.22 0.18 0.13 0.16 -1 -1 -1 -1
Evo 1.00 1.00 1.00 1.00 1.00 1.00 1.00 0.00 0.00 0.00 0.02 0.05 -1 78
Result 0 0.0 335 0.38 0.13 0.20 0.15 0.16 0.16 0.21 -1 -1 -1 -1
Evo 1.01 1.00 1.00 1.00 1.00 1.00 1.00 0.00 0.00 0.10 0.03 0.08 -1 72
Result 0 0.0 187 0.48 0.22 0.19 0.15 0.13 0.13 0.18 -1 -1 -1 -1
Evo 1.00 1.00 1.00 1.00 1.00 1.00 1.00 0.00 0.00 0.39 0.09 0.16 -1 173
Result 0 11.0 715 0.46 0.20 0.14 0.17 0.17 0.14 0.19 -1 -1 -1 -1
Evo 1.00 0.00 1.00 0.99 1.00 1.00 1.00 0.07 0.00 0.25 0.12 0.22 -1 77
Result 0 11.0 2000 0.44 0.15 0.18 0.17 0.16 0.17 0.17 -1 -1 -1 -1
Evo 1.00 1.00 1.00 1.00 1.00 1.00 1.00 0.00 0.00 0.06 0.03 0.06 -1 223
Result 0 0.0 365 0.48 0.21 0.19 0.14 0.13 0.17 0.16 -1 -1 -1 -1
Evo 1.00 0.00 1.00 0.99 1.00 1.00 1.00 0.08 0.00 0.08 0.05 0.11 -1 123
Result 0 1.0 331 0.44 0.17 0.17 0.20 0.14 0.19 0.13 -1 -1 -1 -1
Evo 1.00 1.00 1.00 1.00 1.00 1.00 1.00 0.00 0.00 0.00 0.02 0.05 -1 231
Result 0 0.0 347 0.42 0.21 0.16 0.14 0.14 0.16 0.20 -1 -1 -1 -1
Evo 1.01 0.00 1.00 0.99 1.00 1.00 1.00 0.08 0.01 0.28 0.05 0.18 -1 42
Result 0 8.0 162 0.43 0.17 0.12 0.26 0.15 0.18 0.13 -1 -1 -1 -1
Evo 1.00 0.00 1.00 0.99 1.00 1.00 1.00 0.07 0.00 0.14 0.15 0.21 -1 34
Result 0 12.0 2000 0.44 0.17 0.17 0.18 0.16 0.17 0.15 -1 -1 -1 -1
Evo 1.00 0.00 1.00 0.99 1.00 1.00 1.00 0.07 0.00 0.25 0.16 0.25 -1 79
Result 0 12.0 2000 0.43 0.17 0.16 0.17 0.15 0.17 0.17 -1 -1 -1 -1
Evo 1.00 1.00 1.00 1.00 1.00 1.00 1.00 0.00 0.00 0.38 0.10 0.18 -1 82
Result 0 10.0 683 0.42 0.18 0.15 0.18 0.16 0.15 0.18 -1 -1 -1 -1
Evo 1.01 1.00 1.00 1.00 1.00 1.00 1.00 0.00 0.00 0.27 0.06 0.16 -1 95
Result 0 7.0 179 0.44 0.18 0.17 0.21 0.19 0.12 0.13 -1 -1 -1 -1
Evo 1.00 1.00 1.00 1.00 1.00 1.00 1.00 0.00 0.00 0.20 0.07 0.19 -1 123
Result 0 8.0 367 0.40 0.18 0.14 0.20 0.19 0.15 0.14 -1 -1 -1 -1
Evo 1.00 0.00 1.00 0.99 1.00 1.00 1.00 0.09 0.00 0.01 0.02 0.05 -1 190
Result 0 0.0 359 0.46 0.19 0.14 0.14 0.18 0.17 0.17 -1 -1 -1 -1
Evo 1.00 1.00 1.00 1.00 1.00 1.00 1.00 0.00 0.00 0.02 0.02 0.05 -1 218
Result 0 0.0 353 0.40 0.16 0.14 0.15 0.21 0.18 0.15 -1 -1 -1 -1
Evo 1.00 0.00 1.00 0.99 1.00 1.00 1.00 0.07 0.00 0.49 0.15 0.24 -1 54
Result 0 12.0 2000 0.41 0.15 0.16 0.17 0.17 0.17 0.17 -1 -1 -1 -1
Evo 1.01 0.00 1.00 0.99 1.00 1.00 1.00 0.11 0.01 0.11 0.04 0.12 -1 82
Result 0 3.0 163 0.41 0.16 0.15 0.19 0.21 0.09 0.19 -1 -1 -1 -1
Evo 1.01 1.00 1.00 1.00 1.00 1.00 1.00 0.00 0.00 0.08 0.04 0.13 -1 69
Result 0 4.0 83 0.46 0.19 0.19 0.21 0.10 0.21 0.10 -1 -1 -1 -1
Evo 1.00 1.00 1.00 1.00 1.00 1.00 1.00 0.00 0.00 0.00 0.02 0.05 -1 188
Result 0 0.0 341 0.45 0.19 0.19 0.13 0.19 0.14 0.17 -1 -1 -1 -1
Evo 1.00 0.00 1.00 0.99 1.00 1.00 1.00 0.07 0.00 0.32 0.14 0.21 -1 64
Result 0 12.0 2000 0.43 0.17 0.16 0.17 0.17 0.16 0.16 -1 -1 -1 -1
Evo 1.00 0.00 1.00 0.99 1.00 1.00 1.00 0.07 0.00 0.35 0.15 0.21 -1 121
Result 0 12.0 2000 0.43 0.17 0.16 0.17 0.16 0.16 0.19 -1 -1 -1 -1
Evo 1.00 0.00 1.00 1.00 1.00 1.00 1.00 0.06 0.00 0.53 0.03 0.09 -1 151
Result 0 1.0 252 0.39 0.15 0.13 0.19 0.17 0.18 0.17 -1 -1 -1 -1
Evo 1.00 1.00 1.00 1.00 1.00 1.00 1.00 0.00 0.00 0.15 0.03 0.06 -1 193
Result 0 0.0 359 0.44 0.17 0.18 0.14 0.16 0.15 0.20 -1 -1 -1 -1
