Evo 1.00 0.00 1.00 0.99 1.00 1.00 1.00 0.12 0.00 0.05 0.50 0.54 -1 20
Result 0 7.0 2000 0.43 0.16 0.17 0.17 0.17 0.18 0.16 -1 -1 -1 -1
Evo 1.00 0.00 1.00 1.00 1.00 1.00 1.00 0.07 0.00 0.01 0.44 0.53 -1 10
Result 0 7.0 2000 0.43 0.17 0.16 0.17 0.16 0.17 0.17 -1 -1 -1 -1
Evo 1.00 0.00 1.00 1.00 1.00 1.00 1.00 0.07 0.00 0.18 0.35 0.52 -1 9
Result 0 7.0 2000 0.44 0.18 0.17 0.17 0.16 0.15 0.17 -1 -1 -1 -1
Evo 1.00 0.00 1.00 1.00 1.00 1.00 1.00 0.07 0.00 0.13 0.39 0.52 -1 26
Result 0 7.0 2000 0.43 0.17 0.16 0.17 0.17 0.15 0.18 -1 -1 -1 -1
Evo 1.00 0.00 1.00 1.00 1.00 1.00 1.00 0.07 0.00 0.21 0.37 0.53 -1 8
Result 0 7.0 2000 0.42 0.16 0.17 0.15 0.17 0.17 0.18 -1 -1 -1 -1
Evo 1.00 0.00 1.00 1.00 1.00 1.00 1.00 0.07 0.00 0.07 0.37 0.51 -1 11
Result 0 6.0 2000 0.44 0.17 0.16 0.18 0.17 0.16 0.15 -1 -1 -1 -1
Evo 1.00 0.00 1.00 1.00 1.00 1.00 1.00 0.07 0.00 0.24 0.47 0.54 -1 11
Result 0 7.0 2000 0.44 0.16 0.17 0.17 0.16 0.18 0.16 -1 -1 -1 -1
Evo 1.00 0.00 1.00 1.00 1.00 1.00 1.00 0.07 0.00 0.19 0.34 0.50 -1 13
Result 0 6.0 2000 0.45 0.15 0.18 0.18 0.16 0.16 0.17 -1 -1 -1 -1
Evo 1.00 0.00 1.00 1.00 1.00 1.00 1.00 0.07 0.00 0.34 0.42 0.50 -1 10
Result 0 6.0 2000 0.45 0.17 0.15 0.19 0.16 0.17 0.16 -1 -1 -1 -1
Evo 1.00 0.00 1.00 1.00 1.00 1.00 1.00 0.07 0.00 0.07 0.40 0.54 -1 13
Result 0 7.0 2000 0.44 0.16 0.17 0.18 0.16 0.17 0.16 -1 -1 -1 -1
Evo 1.00 0.00 1.00 1.00 1.00 1.00 1.00 0.07 0.00 0.51 0.24 0.39 -1 13
Result 0 7.0 2000 0.44 0.15 0.16 0.17 0.18 0.17 0.17 -1 -1 -1 -1
Evo 1.00 0.00 1.00 1.00 1.00 1.00 1.00 0.07 0.00 0.11 0.44 0.52 -1 7
Result 0 7.0 2000 0.43 0.16 0.17 0.17 0.16 0.18 0.16 -1 -1 -1 -1
Evo 1.00 0.50 1.00 0.98 1.00 1.00 1.00 0.10 0.00 0.52 0.26 0.54 479 10
Result 1 6.0 508 0.42 0.18 0.15 0.16 0.18 0.16 0.17 -1 -1 -1 -1
Evo 1.00 0.50 1.00 0.53 0.50 0.50 0.50 0.12 0.00 0.21 0.34 0.54 676 9
Result 1 8.0 719 0.42 0.16 0.17 0.16 0.17 0.17 0.17 -1 -1 -1 -1
Evo 1.00 0.00 0.50 0.50 0.50 0.50 0.50 0.04 0.00 0.42 0.41 0.54 -1 4
Result 0 7.0 2000 0.44 0.17 0.17 0.17 0.16 0.16 0.17 -1 -1 -1 -1
Evo 1.00 0.50 1.00 0.50 0.50 0.50 0.50 0.04 0.00 0.53 0.37 0.53 1395 26
Result 1 8.0 1402 0.43 0.16 0.17 0.16 0.16 0.17 0.18 -1 -1 -1 -1
Evo 1.00 0.00 0.50 0.50 0.50 0.50 0.50 0.04 0.00 0.53 0.21 0.41 -1 7
Result 0 7.0 2000 0.43 0.17 0.15 0.17 0.15 0.19 0.17 -1 -1 -1 -1
Evo 1.00 0.00 0.50 0.50 0.50 0.50 0.50 0.04 0.00 0.41 0.38 0.53 -1 14
Result 0 7.0 2000 0.43 0.16 0.16 0.16 0.16 0.18 0.17 -1 -1 -1 -1
Evo 1.00 0.00 0.50 0.50 0.50 0.50 0.50 0.04 0.00 0.10 0.32 0.47 -1 12
Result 0 6.0 2000 0.43 0.17 0.15 0.17 0.18 0.16 0.17 -1 -1 -1 -1
Evo 1.00 0.00 0.50 0.50 0.50 0.50 0.50 0.04 0.00 0.01 0.37 0.51 -1 7
Result 0 7.0 2000 0.43 0.17 0.17 0.16 0.16 0.17 0.16 -1 -1 -1 -1
Evo 1.00 0.00 0.50 0.50 0.50 0.50 0.50 0.04 0.00 0.17 0.51 0.55 -1 34
Result 0 7.0 2000 0.43 0.17 0.18 0.17 0.17 0.16 0.15 -1 -1 -1 -1
Evo 1.00 0.00 0.50 0.50 0.50 0.50 0.50 0.04 0.00 0.46 0.38 0.54 -1 24
Result 0 7.0 2000 0.41 0.16 0.16 0.15 0.18 0.17 0.17 -1 -1 -1 -1
Evo 1.00 0.00 0.50 0.50 0.50 0.50 0.50 0.04 0.00 0.35 0.29 0.45 -1 67
Result 0 7.0 2000 0.42 0.16 0.17 0.15 0.17 0.18 0.17 -1 -1 -1 -1
Evo 1.00 0.50 1.00 0.50 0.50 0.50 0.50 0.05 0.00 0.47 0.40 0.55 942 35
Result 1 8.0 1212 0.45 0.16 0.18 0.19 0.14 0.17 0.16 -1 -1 -1 -1
Evo 1.00 0.00 0.50 0.50 0.50 0.50 0.50 0.04 0.00 0.12 0.32 0.49 -1 64
Result 0 6.0 2000 0.43 0.17 0.16 0.17 0.15 0.18 0.17 -1 -1 -1 -1
Evo 1.00 0.50 1.00 0.50 0.50 0.50 0.50 0.05 0.00 0.51 0.35 0.51 1094 5
Result 1 8.0 1105 0.42 0.16 0.17 0.16 0.18 0.17 0.16 -1 -1 -1 -1
Evo 1.00 0.00 0.50 0.50 0.50 0.50 0.50 0.04 0.00 0.13 0.45 0.50 -1 6
Result 0 6.0 2000 0.42 0.16 0.17 0.16 0.16 0.17 0.18 -1 -1 -1 -1
Evo 1.00 0.00 0.50 0.50 0.50 0.50 0.50 0.04 0.00 0.13 0.43 0.50 -1 29
Result 0 6.0 2000 0.42 0.17 0.17 0.16 0.17 0.15 0.17 -1 -1 -1 -1
Evo 1.00 0.00 0.50 0.50 0.50 0.50 0.50 0.04 0.00 0.27 0.40 0.50 -1 28
Result 0 6.0 2000 0.44 0.15 0.17 0.18 0.16 0.18 0.17 -1 -1 -1 -1
Evo 1.00 0.00 0.50 0.50 0.50 0.50 0.50 0.04 0.00 0.47 0.50 0.55 -1 32
Result 0 7.0 2000 0.43 0.17 0.17 0.17 0.16 0.17 0.16 -1 -1 -1 -1
Evo 1.00 0.00 0.50 0.50 0.50 0.50 0.50 0.04 0.00 0.19 0.42 0.52 -1 25
Result 0 6.0 2000 0.43 0.16 0.17 0.17 0.16 0.18 0.18 -1 -1 -1 -1
Evo 1.00 0.00 0.50 0.50 0.50 0.50 0.50 0.04 0.00 0.48 0.47 0.55 -1 35
Result 0 7.0 2000 0.42 0.16 0.17 0.16 0.17 0.18 0.16 -1 -1 -1 -1
Evo 1.00 0.00 1.00 0.50 0.50 0.50 0.50 0.04 0.00 0.37 0.37 0.50 1789 21
Result 0 7.0 2000 0.42 0.17 0.17 0.16 0.18 0.16 0.16 -1 -1 -1 -1
Evo 1.00 0.50 1.00 0.51 0.50 0.50 0.50 0.07 0.00 0.04 0.35 0.54 719 17
Result 1 8.0 984 0.43 0.16 0.17 0.16 0.19 0.15 0.17 -1 -1 -1 -1
Evo 1.00 0.00 0.50 0.50 0.50 0.50 0.50 0.04 0.00 0.14 0.34 0.50 -1 24
Result 0 6.0 2000 0.42 0.16 0.18 0.16 0.17 0.17 0.16 -1 -1 -1 -1
Evo 1.00 0.00 0.50 0.50 0.50 0.50 0.50 0.04 0.00 0.10 0.44 0.51 -1 44
Result 0 6.0 2000 0.43 0.16 0.17 0.17 0.17 0.17 0.17 -1 -1 -1 -1
Evo 1.00 0.00 0.50 0.50 0.50 0.50 0.50 0.04 0.00 0.30 0.50 0.55 -1 43
Result 0 7.0 2000 0.41 0.18 0.18 0.15 0.17 0.17 0.15 -1 -1 -1 -1
Evo 1.00 0.00 0.50 0.50 0.50 0.50 0.50 0.04 0.00 0.40 0.40 0.54 -1 1
Result 0 7.0 2000 0.43 0.17 0.16 0.17 0.17 0.17 0.16 -1 -1 -1 -1
Evo 1.00 0.00 0.50 0.50 0.50 0.50 0.50 0.04 0.00 0.48 0.45 0.55 -1 43
Result 0 7.0 2000 0.43 0.17 0.17 0.16 0.16 0.18 0.16 -1 -1 -1 -1
Evo 1.00 0.00 0.50 0.50 0.50 0.50 0.50 0.04 0.00 0.52 0.42 0.55 -1 69
Result 0 7.0 2000 0.43 0.17 0.16 0.16 0.17 0.17 0.16 -1 -1 -1 -1
Evo 1.00 0.50 1.00 0.51 0.50 0.50 0.50 0.06 0.00 0.53 0.38 0.48 1178 33
Result 1 8.0 1204 0.43 0.16 0.18 0.17 0.17 0.17 0.16 -1 -1 -1 -1
Evo 1.00 0.00 0.50 0.50 0.50 0.50 0.50 0.04 0.00 0.47 0.38 0.46 -1 53
Result 0 7.0 2000 0.43 0.15 0.17 0.16 0.17 0.16 0.18 -1 -1 -1 -1
Evo 1.00 0.00 0.50 0.50 0.50 0.50 0.50 0.04 0.00 0.01 0.32 0.44 -1 71
Result 0 7.0 2000 0.43 0.16 0.17 0.16 0.17 0.16 0.17 -1 -1 -1 -1
Evo 1.00 0.50 1.00 0.50 0.50 0.50 0.50 0.04 0.00 0.45 0.45 0.48 1590 50
Result 1 8.0 1599 0.43 0.17 0.17 0.17 0.18 0.16 0.15 -1 -1 -1 -1
Evo 1.00 0.00 0.50 0.50 0.50 0.50 0.50 0.04 0.00 0.32 0.37 0.42 -1 55
Result 0 7.0 2000 0.43 0.16 0.16 0.16 0.17 0.17 0.17 -1 -1 -1 -1
Evo 1.00 0.00 0.50 0.50 0.50 0.50 0.50 0.04 0.00 0.05 0.35 0.44 -1 50
Result 0 7.0 2000 0.43 0.16 0.17 0.17 0.17 0.16 0.16 -1 -1 -1 -1
Evo 1.00 0.00 0.50 0.50 0.50 0.50 0.50 0.04 0.00 0.07 0.34 0.45 -1 49
Result 0 7.0 2000 0.43 0.16 0.17 0.17 0.18 0.15 0.18 -1 -1 -1 -1
Evo 1.00 0.00 0.50 0.50 0.50 0.50 0.50 0.04 0.00 0.07 0.35 0.44 -1 55
Result 0 7.0 2000 0.44 0.18 0.16 0.17 0.16 0.16 0.18 -1 -1 -1 -1
Evo 1.00 0.00 0.50 0.50 0.50 0.50 0.50 0.04 0.00 0.34 0.34 0.44 -1 198
Result 0 7.0 2000 0.43 0.18 0.17 0.16 0.16 0.17 0.17 -1 -1 -1 -1
Evo 1.00 0.00 0.50 0.50 0.50 0.50 0.50 0.04 0.00 0.14 0.38 0.44 -1 51
Result 0 7.0 2000 0.44 0.18 0.16 0.17 0.16 0.16 0.17 -1 -1 -1 -1
Evo 1.00 0.00 0.50 0.50 0.50 0.50 0.50 0.04 0.00 0.53 0.34 0.47 -1 49
Result 0 6.0 2000 0.44 0.18 0.15 0.17 0.16 0.15 0.18 -1 -1 -1 -1
Evo 1.00 0.00 0.50 0.50 0.50 0.50 0.50 0.04 0.00 0.06 0.38 0.44 -1 50
Result 0 7.0 2000 0.44 0.17 0.17 0.17 0.18 0.16 0.16 -1 -1 -1 -1
Evo 1.00 0.00 0.50 0.50 0.50 0.50 0.50 0.04 0.00 0.50 0.19 0.33 -1 192
Result 0 6.0 2000 0.42 0.17 0.16 0.16 0.17 0.17 0.18 -1 -1 -1 -1
Evo 1.00 0.00 0.50 0.50 0.50 0.50 0.50 0.04 0.00 0.53 0.36 0.44 -1 50
Result 0 7.0 2000 0.44 0.15 0.15 0.18 0.18 0.16 0.18 -1 -1 -1 -1
Evo 1.00 0.00 0.50 0.50 0.50 0.50 0.50 0.04 0.00 0.01 0.39 0.45 -1 20
Result 0 7.0 2000 0.43 0.16 0.16 0.16 0.16 0.17 0.18 -1 -1 -1 -1
Evo 1.00 0.50 1.00 0.51 0.50 0.50 0.50 0.06 0.00 0.07 0.32 0.48 1274 49
Result 1 8.0 1326 0.42 0.17 0.16 0.16 0.17 0.18 0.17 -1 -1 -1 -1
Evo 1.00 0.50 1.00 0.50 0.50 0.50 0.50 0.04 0.00 0.34 0.41 0.48 1298 49
Result 1 8.0 1304 0.43 0.15 0.17 0.17 0.18 0.17 0.17 -1 -1 -1 -1
Evo 1.00 0.00 0.50 0.50 0.50 0.50 0.50 0.04 0.00 0.51 0.29 0.43 -1 49
Result 0 7.0 2000 0.41 0.17 0.16 0.15 0.18 0.18 0.17 -1 -1 -1 -1
Evo 1.00 0.00 0.50 0.50 0.50 0.50 0.50 0.04 0.00 0.13 0.41 0.46 -1 45
Result 0 7.0 2000 0.43 0.16 0.16 0.17 0.17 0.17 0.18 -1 -1 -1 -1
Evo 1.00 0.00 0.50 0.50 0.50 0.50 0.50 0.04 0.00 0.01 0.32 0.43 -1 19
Result 0 7.0 2000 0.42 0.16 0.16 0.15 0.17 0.17 0.18 -1 -1 -1 -1
Evo 1.00 0.00 0.50 0.50 0.50 0.50 0.50 0.04 0.00 0.11 0.35 0.53 -1 0
Result 0 8.0 2000 0.41 0.18 0.16 0.15 0.16 0.17 0.17 -1 -1 -1 -1
Evo 1.00 0.00 0.50 0.50 0.50 0.50 0.50 0.04 0.00 0.35 0.40 0.55 -1 0
Result 0 8.0 2000 0.44 0.17 0.17 0.17 0.16 0.16 0.16 -1 -1 -1 -1
Evo 1.00 0.50 1.00 0.50 0.50 0.50 0.50 0.04 0.00 0.05 0.26 0.52 1262 0
Result 1 10.0 1272 0.43 0.18 0.16 0.16 0.17 0.16 0.17 -1 -1 -1 -1
Evo 1.00 0.50 1.00 0.50 0.50 0.50 0.50 0.03 0.00 0.07 0.26 0.56 1130 0
Result 1 10.0 1140 0.45 0.16 0.17 0.18 0.16 0.16 0.17 -1 -1 -1 -1
Evo 1.00 0.00 0.50 0.50 0.50 0.50 0.50 0.04 0.00 0.21 0.21 0.54 -1 0
Result 0 8.0 2000 0.43 0.16 0.17 0.17 0.16 0.16 0.17 -1 -1 -1 -1
Evo 1.00 0.50 1.00 0.50 0.50 0.50 0.50 0.04 0.00 0.14 0.31 0.55 1031 0
Result 1 10.0 1074 0.44 0.17 0.17 0.18 0.15 0.17 0.15 -1 -1 -1 -1
Evo 1.00 0.50 1.00 0.50 0.50 0.50 0.50 0.03 0.00 0.06 0.37 0.57 1797 0
Result 1 10.0 1809 0.43 0.17 0.17 0.16 0.17 0.15 0.18 -1 -1 -1 -1
Evo 1.00 0.50 0.50 0.50 0.50 0.50 0.50 0.00 0.00 0.53 0.20 0.52 -1 0
Result 0 5.0 300 0.44 0.14 0.20 0.17 0.17 0.14 0.18 -1 -1 -1 -1
Evo 1.00 0.00 0.50 0.50 0.50 0.50 0.50 0.04 0.00 0.33 0.38 0.55 -1 0
Result 0 8.0 2000 0.43 0.18 0.18 0.16 0.15 0.16 0.17 -1 -1 -1 -1
Evo 1.00 0.50 1.00 0.51 0.50 0.50 0.50 0.08 0.00 0.39 0.33 0.56 960 0
Result 1 10.0 1011 0.42 0.18 0.15 0.16 0.17 0.17 0.16 -1 -1 -1 -1
Evo 1.00 0.50 1.00 0.50 0.50 0.50 0.50 0.05 0.00 0.12 0.26 0.52 617 0
Result 1 10.0 622 0.38 0.15 0.20 0.13 0.17 0.16 0.20 -1 -1 -1 -1
Evo 1.00 0.00 0.50 0.50 0.50 0.50 0.50 0.04 0.00 0.09 0.52 0.57 -1 0
Result 0 9.0 2000 0.42 0.16 0.16 0.16 0.19 0.16 0.17 -1 -1 -1 -1
Evo 1.00 0.50 1.00 0.51 0.50 0.50 0.50 0.09 0.00 0.34 0.21 0.56 453 0
Result 1 10.0 467 0.43 0.15 0.17 0.16 0.16 0.19 0.17 -1 -1 -1 -1
Evo 1.04 0.00 0.50 0.48 0.50 0.50 0.50 0.09 0.02 0.23 0.02 0.15 -1 0
Result 0 -1.0 28 0.34 0.17 0.10 0.10 0.21 0.21 0.21 -1 -1 -1 -1
Evo 1.00 0.50 1.00 0.51 0.50 0.50 0.50 0.06 0.00 0.45 0.31 0.56 836 0
Result 1 10.0 859 0.45 0.17 0.18 0.18 0.14 0.17 0.16 -1 -1 -1 -1
Evo 1.00 0.50 1.00 0.50 0.50 0.50 0.50 0.03 0.00 0.42 0.40 0.57 1950 0
Result 1 10.0 1961 0.43 0.18 0.17 0.16 0.17 0.17 0.16 -1 -1 -1 -1
Evo 1.00 0.00 0.50 0.50 0.50 0.50 0.50 0.04 0.00 0.32 0.41 0.53 -1 0
Result 0 8.0 2000 0.42 0.17 0.17 0.16 0.17 0.15 0.17 -1 -1 -1 -1
Evo 1.00 0.00 0.50 0.50 0.50 0.50 0.50 0.04 0.00 0.31 0.48 0.57 -1 0
Result 0 9.0 2000 0.43 0.17 0.16 0.17 0.17 0.16 0.17 -1 -1 -1 -1
Evo 1.00 0.50 1.00 0.51 0.50 0.50 0.50 0.08 0.00 0.16 0.36 0.57 989 0
Result 1 10.0 1166 0.43 0.17 0.17 0.17 0.16 0.17 0.17 -1 -1 -1 -1
Evo 1.00 0.00 0.50 0.50 0.50 0.50 0.50 0.04 0.00 0.22 0.44 0.57 -1 0
Result 0 9.0 2000 0.42 0.17 0.17 0.16 0.16 0.16 0.17 -1 -1 -1 -1
Evo 1.00 0.00 0.50 0.50 0.50 0.50 0.50 0.04 0.00 0.09 0.26 0.35 -1 7
Result 0 7.0 2000 0.42 0.18 0.16 0.16 0.17 0.16 0.17 -1 -1 -1 -1
Evo 1.00 0.50 1.00 0.51 0.50 0.50 0.50 0.07 0.00 0.17 0.22 0.49 400 4
Result 1 8.0 409 0.46 0.17 0.16 0.19 0.15 0.17 0.16 -1 -1 -1 -1
Evo 1.00 0.50 1.00 0.53 0.50 0.50 0.50 0.12 0.01 0.44 0.21 0.44 231 1
Result 1 6.0 248 0.41 0.13 0.16 0.15 0.18 0.18 0.19 -1 -1 -1 -1
Evo 1.00 0.00 0.50 0.50 0.50 0.50 0.50 0.04 0.00 0.05 0.29 0.38 -1 4
Result 0 7.0 2000 0.43 0.17 0.17 0.16 0.18 0.17 0.16 -1 -1 -1 -1
Evo 1.00 0.50 1.00 0.52 0.50 0.50 0.50 0.09 0.00 0.02 0.31 0.46 676 3
Result 1 8.0 701 0.45 0.18 0.16 0.18 0.18 0.16 0.15 -1 -1 -1 -1
Evo 1.00 0.50 1.00 0.51 0.50 0.50 0.50 0.08 0.00 0.10 0.20 0.41 278 1
Result 1 6.0 285 0.40 0.18 0.20 0.14 0.14 0.20 0.13 -1 -1 -1 -1
Evo 1.00 0.50 1.00 0.51 0.50 0.50 0.50 0.06 0.00 0.16 0.36 0.48 523 3
Result 1 8.0 943 0.43 0.14 0.15 0.17 0.17 0.18 0.18 -1 -1 -1 -1
Evo 1.00 0.00 1.00 0.50 0.50 0.50 0.50 0.04 0.00 0.01 0.30 0.44 1971 4
Result 0 7.0 2000 0.43 0.17 0.17 0.16 0.16 0.17 0.16 -1 -1 -1 -1
Evo 1.00 0.50 1.00 0.51 0.50 0.50 0.50 0.08 0.00 0.53 0.32 0.49 385 4
Result 1 8.0 395 0.40 0.13 0.20 0.14 0.17 0.16 0.20 -1 -1 -1 -1
Evo 1.00 0.00 0.50 0.50 0.50 0.50 0.50 0.04 0.00 0.25 0.26 0.38 -1 5
Result 0 7.0 2000 0.42 0.17 0.16 0.16 0.17 0.16 0.17 -1 -1 -1 -1
Evo 1.00 0.00 0.50 0.50 0.50 0.50 0.50 0.04 0.00 0.41 0.26 0.37 -1 6
Result 0 7.0 2000 0.42 0.18 0.17 0.16 0.18 0.16 0.16 -1 -1 -1 -1
Evo 1.00 0.50 1.00 0.52 0.50 0.50 0.50 0.09 0.01 0.08 0.21 0.45 224 1
Result 1 8.0 231 0.35 0.26 0.13 0.11 0.14 0.15 0.21 -1 -1 -1 -1
Evo 1.00 0.50 1.00 0.51 0.50 0.50 0.50 0.08 0.00 0.41 0.36 0.49 946 5
Result 1 8.0 1047 0.43 0.18 0.16 0.17 0.15 0.18 0.17 -1 -1 -1 -1
Evo 1.00 0.50 1.00 0.50 0.50 0.50 0.50 0.03 0.00 0.14 0.34 0.47 1671 0
Result 1 8.0 1678 0.44 0.17 0.17 0.17 0.16 0.17 0.15 -1 -1 -1 -1
Evo 1.00 0.50 1.00 0.51 0.50 0.50 0.50 0.07 0.00 0.01 0.20 0.46 652 4
Result 1 8.0 664 0.44 0.20 0.14 0.18 0.15 0.15 0.18 -1 -1 -1 -1
Evo 1.00 0.50 1.00 0.50 0.50 0.50 0.50 0.04 0.00 0.03 0.30 0.48 802 3
Result 1 8.0 807 0.41 0.17 0.16 0.15 0.17 0.17 0.18 -1 -1 -1 -1
Evo 1.00 0.00 0.50 0.50 0.50 0.50 0.50 0.04 0.00 0.06 0.34 0.42 -1 12
Result 0 7.0 2000 0.44 0.16 0.17 0.17 0.17 0.17 0.17 -1 -1 -1 -1
Evo 1.00 0.00 0.50 0.50 0.50 0.50 0.50 0.04 0.00 0.01 0.32 0.42 -1 6
Result 0 7.0 2000 0.43 0.18 0.17 0.17 0.16 0.15 0.17 -1 -1 -1 -1
Evo 1.00 0.50 1.00 0.50 0.50 0.50 0.50 0.04 0.00 0.42 0.34 0.47 1267 3
Result 1 8.0 1274 0.43 0.15 0.17 0.17 0.17 0.17 0.17 -1 -1 -1 -1
Evo 1.00 0.50 1.00 0.50 0.50 0.50 0.50 0.04 0.00 0.02 0.29 0.47 752 1
Result 1 6.0 756 0.41 0.17 0.18 0.15 0.17 0.17 0.17 -1 -1 -1 -1
