Evo 1.00 0.00 1.00 0.95 1.00 1.00 1.00 0.22 0.01 0.01 0.58 0.97 991 67
Result 1 50.0 1000 0.44 0.16 0.16 0.15 0.17 0.18 0.18 -1 -1 -1 -1
Evo 1.00 0.50 0.50 0.50 0.50 0.50 0.50 0.00 0.00 0.08 0.48 1.00 -1 99
Result 0 54.0 680 0.41 0.15 0.18 0.15 0.16 0.17 0.20 -1 -1 -1 -1
Evo 1.00 0.50 1.00 0.51 0.50 0.50 0.50 0.05 0.00 0.18 0.49 0.96 991 102
Result 1 72.0 1000 0.42 0.15 0.15 0.14 0.16 0.17 0.22 -1 -1 -1 -1
Evo 1.00 0.50 1.00 0.51 0.50 0.50 0.50 0.05 0.00 0.20 0.53 1.00 991 25
Result 1 64.0 1000 0.43 0.15 0.17 0.15 0.16 0.16 0.21 -1 -1 -1 -1
Evo 1.00 0.50 1.00 0.51 0.50 0.50 0.50 0.05 0.00 0.12 0.63 0.99 991 20
Result 1 60.0 1000 0.42 0.16 0.17 0.15 0.16 0.18 0.18 -1 -1 -1 -1
Evo 1.00 0.50 1.00 0.51 0.50 0.50 0.50 0.05 0.00 0.08 0.48 0.80 991 38
Result 1 62.0 1000 0.43 0.16 0.15 0.17 0.15 0.18 0.19 -1 -1 -1 -1
Evo 1.00 0.50 0.50 0.50 0.50 0.50 0.50 0.00 0.00 0.13 0.40 0.98 -1 111
Result 0 28.0 450 0.43 0.17 0.17 0.12 0.18 0.19 0.18 -1 -1 -1 -1
Evo 1.00 0.50 0.50 0.50 0.50 0.50 0.50 0.00 0.00 0.06 0.53 1.00 -1 46
Result 0 56.0 790 0.42 0.15 0.18 0.13 0.17 0.16 0.21 -1 -1 -1 -1
Evo 1.00 0.50 0.50 0.50 0.50 0.50 0.50 0.00 0.00 0.05 0.56 1.00 -1 49
Result 0 36.0 670 0.42 0.16 0.17 0.16 0.14 0.19 0.18 -1 -1 -1 -1
Evo 1.00 0.00 0.50 0.50 0.50 0.50 0.50 0.03 0.00 0.13 0.24 0.83 -1 45
Result 0 10.0 210 0.43 0.16 0.17 0.13 0.17 0.22 0.16 -1 -1 -1 -1
Evo 1.00 0.50 1.00 0.51 0.50 0.50 0.50 0.05 0.00 0.03 0.55 0.96 991 25
Result 1 50.0 1000 0.43 0.16 0.14 0.16 0.17 0.17 0.20 -1 -1 -1 -1
Evo 1.00 0.50 1.00 0.51 0.50 0.50 0.50 0.05 0.00 0.02 0.44 0.65 991 156
Result 1 48.0 1000 0.44 0.18 0.15 0.16 0.17 0.16 0.17 -1 -1 -1 -1
Evo 1.00 0.50 0.50 0.50 0.50 0.50 0.50 0.00 0.00 0.06 0.59 1.00 -1 24
Result 0 66.0 960 0.44 0.16 0.17 0.16 0.16 0.17 0.18 -1 -1 -1 -1
Evo 1.00 0.50 0.50 0.50 0.50 0.50 0.50 0.00 0.00 0.33 0.50 0.99 -1 129
Result 0 32.0 660 0.43 0.17 0.18 0.13 0.16 0.17 0.19 -1 -1 -1 -1
Evo 1.00 0.50 0.50 0.50 0.50 0.50 0.50 0.00 0.00 0.10 0.31 0.99 -1 120
Result 0 20.0 220 0.36 0.12 0.15 0.11 0.17 0.25 0.20 -1 -1 -1 -1
Evo 1.00 0.50 0.50 0.50 0.50 0.50 0.50 0.00 0.00 0.15 0.58 1.00 -1 150
Result 0 66.0 910 0.42 0.16 0.16 0.16 0.17 0.18 0.18 -1 -1 -1 -1
Evo 1.00 0.50 1.00 0.51 0.50 0.50 0.50 0.05 0.00 0.07 0.59 1.00 991 100
Result 1 76.0 1000 0.43 0.16 0.16 0.15 0.16 0.16 0.20 -1 -1 -1 -1
Evo 1.00 0.00 0.50 0.50 0.50 0.50 0.50 0.02 0.00 0.09 0.51 1.00 -1 95
Result 0 70.0 921 0.41 0.15 0.17 0.14 0.18 0.16 0.20 -1 -1 -1 -1
Evo 1.00 0.50 1.00 0.51 0.50 0.50 0.50 0.05 0.00 0.19 0.64 1.00 991 47
Result 1 80.0 1000 0.42 0.14 0.16 0.15 0.15 0.17 0.22 -1 -1 -1 -1
Evo 1.00 0.50 1.00 0.51 0.50 0.50 0.50 0.05 0.00 0.05 0.63 1.00 991 50
Result 1 60.0 1000 0.42 0.16 0.15 0.15 0.17 0.17 0.20 -1 -1 -1 -1
Evo 1.00 0.00 0.50 0.50 0.50 0.50 0.50 0.02 0.00 0.06 0.45 1.00 -1 89
Result 0 52.0 681 0.43 0.17 0.17 0.12 0.16 0.18 0.20 -1 -1 -1 -1
Evo 1.00 0.50 1.00 0.51 0.50 0.50 0.50 0.05 0.00 0.03 0.32 0.55 991 107
Result 1 42.0 1000 0.46 0.15 0.19 0.18 0.15 0.15 0.18 -1 -1 -1 -1
Evo 1.00 0.50 1.00 0.51 0.50 0.50 0.50 0.05 0.00 0.27 0.56 1.00 991 103
Result 1 54.0 1000 0.42 0.18 0.16 0.14 0.15 0.16 0.21 -1 -1 -1 -1
Evo 1.00 0.50 0.50 0.50 0.50 0.50 0.50 0.00 0.00 0.07 0.52 1.00 -1 94
Result 0 50.0 820 0.44 0.19 0.16 0.13 0.17 0.16 0.18 -1 -1 -1 -1
Evo 1.00 0.50 0.50 0.50 0.50 0.50 0.50 0.00 0.00 0.07 0.40 0.97 -1 51
Result 0 56.0 550 0.44 0.17 0.17 0.13 0.16 0.19 0.18 -1 -1 -1 -1
Evo 1.00 0.00 0.50 0.50 0.50 0.50 0.50 0.02 0.00 0.06 0.39 0.98 -1 70
Result 0 28.0 561 0.41 0.17 0.16 0.14 0.15 0.20 0.18 -1 -1 -1 -1
Evo 1.00 0.50 0.50 0.50 0.50 0.50 0.50 0.00 0.00 0.14 0.34 0.94 -1 37
Result 0 28.0 390 0.45 0.18 0.17 0.11 0.16 0.19 0.19 -1 -1 -1 -1
Evo 1.00 0.50 0.50 0.50 0.50 0.50 0.50 0.00 0.00 0.10 0.42 1.00 -1 50
Result 0 62.0 680 0.41 0.15 0.15 0.16 0.15 0.20 0.20 -1 -1 -1 -1
Evo 1.00 0.50 1.00 0.51 0.50 0.50 0.50 0.05 0.00 0.09 0.45 1.00 991 93
Result 1 66.0 1000 0.44 0.18 0.16 0.13 0.16 0.17 0.20 -1 -1 -1 -1
Evo 1.00 0.50 1.00 0.51 0.50 0.50 0.50 0.05 0.00 0.03 0.47 0.98 991 103
Result 1 66.0 1000 0.41 0.16 0.15 0.17 0.15 0.17 0.19 -1 -1 -1 -1
Evo 1.00 0.50 0.50 0.50 0.50 0.50 0.50 0.00 0.00 0.16 0.52 1.00 -1 49
Result 0 60.0 870 0.43 0.15 0.16 0.15 0.16 0.18 0.19 -1 -1 -1 -1
Evo 1.00 0.50 0.50 0.50 0.50 0.50 0.50 0.00 0.00 0.09 0.37 0.98 -1 45
Result 0 36.0 500 0.40 0.19 0.14 0.13 0.14 0.18 0.22 -1 -1 -1 -1
Evo 1.00 0.50 1.00 0.51 0.50 0.50 0.50 0.05 0.00 0.07 0.40 0.93 991 169
Result 1 74.0 1000 0.41 0.18 0.14 0.18 0.15 0.17 0.18 -1 -1 -1 -1
Evo 1.00 0.50 0.50 0.50 0.50 0.50 0.50 0.00 0.00 0.19 0.40 0.91 -1 93
Result 0 34.0 610 0.42 0.18 0.16 0.13 0.16 0.19 0.18 -1 -1 -1 -1
Evo 1.00 0.50 0.50 0.50 0.50 0.50 0.50 0.00 0.00 0.11 0.38 0.96 -1 34
Result 0 34.0 500 0.42 0.16 0.18 0.14 0.17 0.17 0.19 -1 -1 -1 -1
Evo 1.00 0.50 1.00 0.51 0.50 0.50 0.50 0.05 0.00 0.02 0.58 1.00 991 72
Result 1 66.0 1000 0.41 0.15 0.15 0.16 0.16 0.17 0.20 -1 -1 -1 -1
Evo 1.00 0.50 0.50 0.50 0.50 0.50 0.50 0.00 0.00 0.40 0.29 0.96 -1 92
Result 0 30.0 420 0.47 0.21 0.16 0.11 0.15 0.19 0.18 -1 -1 -1 -1
Evo 1.00 0.50 0.50 0.50 0.50 0.50 0.50 0.00 0.00 0.07 0.49 0.97 -1 66
Result 0 44.0 790 0.44 0.16 0.16 0.14 0.17 0.18 0.18 -1 -1 -1 -1
Evo 1.00 0.50 1.00 0.51 0.50 0.50 0.50 0.05 0.00 0.06 0.54 1.00 991 89
Result 1 76.0 1000 0.40 0.16 0.14 0.17 0.15 0.18 0.19 -1 -1 -1 -1
Evo 1.00 0.50 1.00 0.51 0.50 0.50 0.50 0.05 0.00 0.10 0.61 0.99 991 99
Result 1 78.0 1000 0.43 0.16 0.17 0.15 0.16 0.17 0.18 -1 -1 -1 -1
Evo 1.00 0.50 1.00 0.51 0.50 0.50 0.50 0.05 0.00 0.10 0.48 0.86 991 40
Result 1 70.0 1000 0.43 0.17 0.16 0.17 0.14 0.18 0.18 -1 -1 -1 -1
Evo 1.00 0.50 1.00 0.51 0.50 0.50 0.50 0.05 0.00 0.07 0.57 1.00 991 29
Result 1 60.0 1000 0.42 0.16 0.16 0.16 0.15 0.18 0.18 -1 -1 -1 -1
Evo 1.00 0.50 1.00 0.51 0.50 0.50 0.50 0.05 0.00 0.09 0.66 1.00 991 28
Result 1 78.0 1000 0.44 0.18 0.16 0.14 0.16 0.17 0.19 -1 -1 -1 -1
Evo 1.00 0.50 0.50 0.50 0.50 0.50 0.50 0.00 0.00 0.16 0.50 0.99 -1 42
Result 0 42.0 860 0.43 0.16 0.17 0.15 0.17 0.16 0.19 -1 -1 -1 -1
Evo 1.00 0.50 0.50 0.50 0.50 0.50 0.50 0.00 0.00 0.11 0.57 1.00 -1 31
Result 0 42.0 880 0.40 0.17 0.15 0.16 0.16 0.20 0.17 -1 -1 -1 -1
Evo 1.00 0.50 1.00 0.51 0.50 0.50 0.50 0.05 0.00 0.01 0.63 1.00 991 39
Result 1 54.0 1000 0.41 0.17 0.15 0.15 0.16 0.17 0.19 -1 -1 -1 -1
Evo 1.00 0.50 1.00 0.51 0.50 0.50 0.50 0.05 0.00 0.26 0.55 1.00 991 40
Result 1 40.0 1000 0.40 0.16 0.14 0.15 0.17 0.18 0.20 -1 -1 -1 -1
Evo 1.00 0.50 0.50 0.50 0.50 0.50 0.50 0.00 0.00 0.16 0.52 1.00 -1 29
Result 0 38.0 630 0.39 0.17 0.14 0.14 0.15 0.18 0.21 -1 -1 -1 -1
Evo 1.00 0.50 0.50 0.50 0.50 0.50 0.50 0.00 0.00 0.23 0.37 1.00 -1 36
Result 0 16.0 370 0.42 0.18 0.12 0.14 0.16 0.22 0.19 -1 -1 -1 -1
Evo 1.00 0.00 0.50 0.50 0.50 0.50 0.50 0.02 0.00 0.31 0.45 0.98 -1 23
Result 0 30.0 560 0.39 0.13 0.17 0.17 0.18 0.19 0.16 -1 -1 -1 -1
Evo 1.00 0.50 1.00 0.51 0.50 0.50 0.50 0.05 0.00 0.38 0.42 0.71 991 37
Result 1 48.0 1000 0.44 0.15 0.17 0.15 0.20 0.15 0.17 -1 -1 -1 -1
Evo 1.00 0.50 0.50 0.50 0.50 0.50 0.50 0.00 0.00 0.10 0.49 0.99 -1 26
Result 0 36.0 960 0.43 0.16 0.16 0.15 0.16 0.19 0.17 -1 -1 -1 -1
Evo 1.00 0.50 1.00 0.51 0.50 0.50 0.50 0.05 0.00 0.39 0.64 1.00 991 45
Result 1 54.0 1000 0.43 0.16 0.16 0.16 0.17 0.17 0.18 -1 -1 -1 -1
Evo 1.00 0.50 0.50 0.50 0.50 0.50 0.50 0.00 0.00 0.36 0.56 1.00 -1 31
Result 0 48.0 890 0.42 0.17 0.16 0.16 0.15 0.18 0.17 -1 -1 -1 -1
Evo 1.00 0.50 1.00 0.51 0.50 0.50 0.50 0.05 0.00 0.03 0.69 1.00 991 34
Result 1 42.0 1000 0.41 0.15 0.16 0.17 0.15 0.19 0.20 -1 -1 -1 -1
Evo 1.00 0.50 1.00 0.51 0.50 0.50 0.50 0.05 0.00 0.19 0.59 1.00 991 38
Result 1 48.0 1000 0.42 0.19 0.16 0.15 0.14 0.17 0.19 -1 -1 -1 -1
Evo 1.00 0.50 1.00 0.51 0.50 0.50 0.50 0.05 0.00 0.09 0.69 1.00 991 38
Result 1 50.0 1000 0.43 0.17 0.16 0.16 0.17 0.18 0.16 -1 -1 -1 -1
Evo 1.00 0.50 1.00 0.51 0.50 0.50 0.50 0.05 0.00 0.04 0.68 1.00 991 27
Result 1 44.0 1000 0.43 0.16 0.15 0.17 0.17 0.16 0.18 -1 -1 -1 -1
Evo 1.00 0.50 0.50 0.50 0.50 0.50 0.50 0.00 0.00 0.16 0.31 0.94 -1 37
Result 0 20.0 330 0.45 0.18 0.18 0.10 0.15 0.19 0.19 -1 -1 -1 -1
Evo 1.00 0.50 0.50 0.50 0.50 0.50 0.50 0.00 0.00 0.04 0.60 1.00 -1 25
Result 0 50.0 830 0.41 0.16 0.15 0.15 0.15 0.18 0.21 -1 -1 -1 -1
Evo 1.00 0.50 0.50 0.50 0.50 0.50 0.50 0.00 0.00 0.02 0.50 0.95 -1 35
Result 0 50.0 780 0.44 0.17 0.18 0.15 0.14 0.18 0.19 -1 -1 -1 -1
Evo 1.00 0.50 1.00 0.51 0.50 0.50 0.50 0.05 0.00 0.13 0.61 1.00 991 41
Result 1 62.0 1000 0.44 0.17 0.18 0.14 0.17 0.16 0.19 -1 -1 -1 -1
Evo 1.00 0.50 1.00 0.51 0.50 0.50 0.50 0.05 0.00 0.07 0.67 1.00 991 45
Result 1 80.0 1000 0.42 0.17 0.16 0.15 0.16 0.16 0.19 -1 -1 -1 -1
Evo 1.00 0.50 1.00 0.51 0.50 0.50 0.50 0.05 0.00 0.13 0.61 1.00 991 40
Result 1 88.0 1000 0.43 0.15 0.14 0.15 0.16 0.17 0.21 -1 -1 -1 -1
Evo 1.00 0.50 0.50 0.50 0.50 0.50 0.50 0.00 0.00 0.25 0.42 0.99 -1 36
Result 0 60.0 880 0.41 0.17 0.15 0.17 0.14 0.19 0.20 -1 -1 -1 -1
Evo 1.00 0.50 0.50 0.50 0.50 0.50 0.50 0.00 0.00 0.41 0.62 1.00 -1 39
Result 0 52.0 710 0.42 0.15 0.16 0.14 0.18 0.18 0.19 -1 -1 -1 -1
Evo 1.00 0.50 0.50 0.50 0.50 0.50 0.50 0.00 0.00 0.02 0.62 1.00 -1 40
Result 0 36.0 920 0.42 0.16 0.16 0.14 0.16 0.18 0.20 -1 -1 -1 -1
Evo 1.00 0.00 1.00 0.50 0.50 0.50 0.50 0.05 0.00 0.32 0.41 0.57 991 42
Result 1 56.0 1000 0.42 0.17 0.16 0.17 0.17 0.16 0.18 -1 -1 -1 -1
Evo 1.00 0.50 0.50 0.50 0.50 0.50 0.50 0.00 0.00 0.14 0.56 1.00 -1 35
Result 0 76.0 980 0.42 0.16 0.17 0.15 0.15 0.17 0.21 -1 -1 -1 -1
Evo 1.00 0.50 0.50 0.50 0.50 0.50 0.50 0.00 0.00 0.10 0.53 0.99 -1 38
Result 0 52.0 790 0.44 0.17 0.17 0.16 0.15 0.18 0.18 -1 -1 -1 -1
Evo 1.00 0.00 0.50 0.50 0.50 0.50 0.50 0.02 0.00 0.23 0.51 1.00 -1 45
Result 0 42.0 571 0.44 0.14 0.17 0.14 0.17 0.19 0.20 -1 -1 -1 -1
Evo 1.00 0.50 0.50 0.50 0.50 0.50 0.50 0.00 0.00 0.14 0.47 1.00 -1 41
Result 0 56.0 730 0.41 0.18 0.16 0.13 0.15 0.17 0.20 -1 -1 -1 -1
Evo 1.00 0.50 0.50 0.50 0.50 0.50 0.50 0.00 0.00 0.12 0.61 0.99 -1 50
Result 0 72.0 950 0.44 0.17 0.18 0.14 0.15 0.17 0.19 -1 -1 -1 -1
Evo 1.00 0.50 1.00 0.51 0.50 0.50 0.50 0.05 0.00 0.19 0.59 0.85 991 33
Result 1 44.0 1000 0.41 0.16 0.15 0.17 0.17 0.17 0.17 -1 -1 -1 -1
Evo 1.00 0.50 1.00 0.51 0.50 0.50 0.50 0.05 0.00 0.08 0.51 0.73 991 38
Result 1 58.0 1000 0.42 0.15 0.17 0.18 0.16 0.19 0.15 -1 -1 -1 -1
Evo 1.00 0.50 1.00 0.51 0.50 0.50 0.50 0.05 0.00 0.03 0.48 0.99 991 26
Result 1 56.0 1000 0.43 0.16 0.17 0.13 0.17 0.17 0.21 -1 -1 -1 -1
Evo 1.00 0.50 0.50 0.50 0.50 0.50 0.50 0.00 0.00 0.16 0.38 0.98 -1 38
Result 0 22.0 520 0.44 0.17 0.12 0.13 0.17 0.20 0.20 -1 -1 -1 -1
Evo 1.00 0.50 0.50 0.50 0.50 0.50 0.50 0.00 0.00 0.12 0.72 1.00 -1 37
Result 0 60.0 880 0.43 0.16 0.18 0.14 0.17 0.17 0.17 -1 -1 -1 -1
Evo 1.00 0.50 1.00 0.51 0.50 0.50 0.50 0.05 0.00 0.20 0.65 1.00 991 28
Result 1 48.0 1000 0.43 0.19 0.16 0.17 0.15 0.15 0.17 -1 -1 -1 -1
Evo 1.00 0.50 1.00 0.51 0.50 0.50 0.50 0.05 0.00 0.25 0.64 1.00 991 43
Result 1 76.0 1000 0.39 0.18 0.14 0.17 0.15 0.18 0.17 -1 -1 -1 -1
Evo 1.00 0.50 0.50 0.50 0.50 0.50 0.50 0.00 0.00 0.29 0.58 1.00 -1 152
Result 0 60.0 860 0.44 0.16 0.15 0.15 0.17 0.17 0.19 -1 -1 -1 -1
Evo 1.00 0.50 0.50 0.50 0.50 0.50 0.50 0.00 0.00 0.21 0.34 0.95 -1 110
Result 0 36.0 410 0.40 0.14 0.14 0.13 0.16 0.21 0.22 -1 -1 -1 -1
Evo 1.00 0.50 0.50 0.50 0.50 0.50 0.50 0.00 0.00 0.12 0.49 0.99 -1 93
Result 0 54.0 690 0.42 0.15 0.16 0.17 0.16 0.19 0.17 -1 -1 -1 -1
Evo 1.00 0.50 1.00 0.51 0.50 0.50 0.50 0.05 0.00 0.26 0.51 0.97 991 210
Result 1 64.0 1000 0.44 0.17 0.14 0.16 0.17 0.17 0.18 -1 -1 -1 -1
Evo 1.00 0.00 0.50 0.50 0.50 0.50 0.50 0.03 0.00 0.21 0.24 0.73 -1 181
Result 0 22.0 277 0.43 0.17 0.15 0.13 0.17 0.21 0.17 -1 -1 -1 -1
Evo 1.00 0.50 0.50 0.50 0.50 0.50 0.50 0.00 0.00 0.24 0.51 1.00 -1 110
Result 0 56.0 720 0.43 0.17 0.16 0.14 0.15 0.17 0.21 -1 -1 -1 -1
Evo 1.00 0.50 0.50 0.50 0.50 0.50 0.50 0.00 0.00 0.03 0.47 1.00 -1 118
Result 0 56.0 610 0.41 0.19 0.15 0.14 0.15 0.18 0.19 -1 -1 -1 -1
Evo 1.00 0.50 1.00 0.51 0.50 0.50 0.50 0.05 0.00 0.23 0.62 1.00 991 88
Result 1 70.0 1000 0.42 0.18 0.16 0.15 0.16 0.16 0.18 -1 -1 -1 -1
Evo 1.00 0.50 0.50 0.50 0.50 0.50 0.50 0.00 0.00 0.18 0.50 1.00 -1 80
Result 0 54.0 660 0.42 0.16 0.16 0.15 0.16 0.19 0.18 -1 -1 -1 -1
Evo 1.00 0.50 0.50 0.50 0.50 0.50 0.50 0.00 0.00 0.16 0.48 0.98 -1 160
Result 0 52.0 540 0.42 0.20 0.15 0.13 0.16 0.18 0.18 -1 -1 -1 -1
Evo 1.00 0.50 0.50 0.50 0.50 0.50 0.50 0.00 0.00 0.03 0.45 1.00 -1 128
Result 0 94.0 920 0.38 0.13 0.18 0.15 0.16 0.18 0.21 -1 -1 -1 -1
Evo 1.00 0.50 1.00 0.51 0.50 0.50 0.50 0.05 0.00 0.03 0.44 0.80 991 135
Result 1 72.0 1000 0.38 0.17 0.13 0.18 0.16 0.18 0.17 -1 -1 -1 -1
Evo 1.00 0.50 0.50 0.50 0.50 0.50 0.50 0.00 0.00 0.11 0.51 1.00 -1 53
Result 0 84.0 930 0.43 0.15 0.16 0.14 0.17 0.17 0.22 -1 -1 -1 -1
Evo 1.00 0.50 1.00 0.51 0.50 0.50 0.50 0.05 0.00 0.15 0.51 1.00 991 139
Result 1 88.0 1000 0.42 0.18 0.16 0.12 0.17 0.15 0.22 -1 -1 -1 -1
Evo 1.00 0.50 1.00 0.51 0.50 0.50 0.50 0.05 0.00 0.28 0.67 1.00 991 104
Result 1 68.0 1000 0.42 0.16 0.16 0.16 0.15 0.17 0.19 -1 -1 -1 -1
Evo 1.00 0.50 1.00 0.51 0.50 0.50 0.50 0.05 0.00 0.10 0.60 1.00 991 83
Result 1 74.0 1000 0.40 0.14 0.17 0.16 0.15 0.18 0.19 -1 -1 -1 -1
Evo 1.00 0.50 0.50 0.50 0.50 0.50 0.50 0.00 0.00 0.46 0.48 0.99 -1 71
Result 0 52.0 610 0.43 0.15 0.17 0.16 0.17 0.18 0.18 -1 -1 -1 -1
Evo 1.00 0.50 0.50 0.50 0.50 0.50 0.50 0.00 0.00 0.13 0.41 0.98 -1 117
Result 0 38.0 490 0.41 0.19 0.15 0.13 0.15 0.19 0.19 -1 -1 -1 -1
Evo 1.00 0.50 0.50 0.50 0.50 0.50 0.50 0.00 0.00 0.18 0.58 1.00 -1 64
Result 0 70.0 850 0.43 0.16 0.16 0.14 0.16 0.17 0.20 -1 -1 -1 -1
Evo 1.00 0.50 0.50 0.50 0.50 0.50 0.50 0.00 0.00 0.06 0.46 1.00 -1 175
Result 0 64.0 600 0.41 0.15 0.15 0.15 0.17 0.18 0.19 -1 -1 -1 -1
