Evo 1.00 0.00 1.00 0.95 1.00 1.00 1.00 0.21 0.01 0.17 0.11 0.52 248 12
Result 1 7.0 262 0.43 0.17 0.16 0.17 0.19 0.16 0.15 -1 -1 -1 -1
Evo 1.00 0.50 1.00 0.53 0.50 0.50 0.50 0.11 0.01 0.28 0.11 0.42 273 8
Result 1 10.0 287 0.44 0.19 0.16 0.17 0.19 0.14 0.15 -1 -1 -1 -1
Evo 1.00 0.00 0.50 0.48 0.50 0.50 0.50 0.09 0.01 0.21 0.13 0.52 -1 12
Result 0 5.0 276 0.41 0.17 0.17 0.15 0.17 0.19 0.14 -1 -1 -1 -1
Evo 1.00 0.50 1.00 0.52 0.50 0.50 0.50 0.09 0.01 0.18 0.13 0.54 267 2
Result 1 10.0 276 0.43 0.18 0.16 0.17 0.14 0.21 0.15 -1 -1 -1 -1
Evo 1.00 0.50 1.00 0.55 0.50 0.50 0.50 0.15 0.01 0.31 0.07 0.32 219 18
Result 1 7.0 244 0.42 0.13 0.16 0.16 0.19 0.18 0.18 -1 -1 -1 -1
Evo 1.00 0.50 1.00 0.51 0.50 0.50 0.50 0.05 0.00 0.25 0.10 0.43 264 12
Result 1 10.0 266 0.45 0.13 0.17 0.18 0.18 0.15 0.19 -1 -1 -1 -1
Evo 1.00 0.00 0.50 0.48 0.50 0.50 0.50 0.09 0.01 0.30 0.12 0.56 -1 9
Result 0 5.0 267 0.48 0.14 0.18 0.22 0.13 0.14 0.18 -1 -1 -1 -1
Evo 1.00 0.50 1.00 0.54 0.50 0.50 0.50 0.13 0.01 0.27 0.10 0.43 221 16
Result 1 7.0 238 0.42 0.14 0.17 0.16 0.20 0.17 0.17 -1 -1 -1 -1
Evo 1.00 0.50 1.00 0.52 0.50 0.50 0.50 0.09 0.01 0.27 0.11 0.47 267 9
Result 1 10.0 276 0.39 0.18 0.16 0.13 0.17 0.17 0.18 -1 -1 -1 -1
Evo 1.00 0.50 1.00 0.52 0.50 0.50 0.50 0.09 0.01 0.49 0.11 0.49 267 9
Result 1 10.0 276 0.37 0.18 0.18 0.12 0.18 0.18 0.16 -1 -1 -1 -1
Evo 1.00 0.50 1.00 0.52 0.50 0.50 0.50 0.10 0.01 0.30 0.10 0.47 253 7
Result 1 7.0 262 0.44 0.20 0.13 0.17 0.17 0.17 0.16 -1 -1 -1 -1
Evo 1.00 0.50 1.00 0.53 0.50 0.50 0.50 0.12 0.01 0.29 0.08 0.42 259 40
Result 1 7.0 276 0.40 0.15 0.19 0.14 0.18 0.17 0.17 -1 -1 -1 -1
Evo 1.00 0.50 1.00 0.51 0.50 0.50 0.50 0.08 0.00 0.25 0.15 0.56 344 63
Result 1 10.0 353 0.41 0.14 0.20 0.15 0.17 0.15 0.20 -1 -1 -1 -1
Evo 1.00 0.50 1.00 0.52 0.50 0.50 0.50 0.10 0.01 0.29 0.09 0.43 238 29
Result 1 7.0 249 0.43 0.17 0.18 0.16 0.17 0.16 0.16 -1 -1 -1 -1
Evo 1.00 0.50 1.00 0.52 0.50 0.50 0.50 0.09 0.01 0.49 0.07 0.42 267 47
Result 1 10.0 276 0.41 0.17 0.19 0.15 0.15 0.20 0.13 -1 -1 -1 -1
Evo 1.00 0.50 1.00 0.52 0.50 0.50 0.50 0.10 0.01 0.29 0.08 0.46 215 6
Result 1 13.0 228 0.46 0.15 0.17 0.19 0.13 0.18 0.17 -1 -1 -1 -1
Evo 1.00 0.50 1.00 0.54 0.50 0.50 0.50 0.13 0.01 0.30 0.11 0.48 243 3
Result 1 10.0 262 0.44 0.12 0.15 0.18 0.20 0.19 0.17 -1 -1 -1 -1
Evo 1.00 0.00 0.50 0.48 0.50 0.50 0.50 0.09 0.01 0.49 0.10 0.45 -1 13
Result 0 5.0 276 0.37 0.17 0.16 0.12 0.14 0.21 0.20 -1 -1 -1 -1
Evo 1.00 0.50 1.00 0.52 0.50 0.50 0.50 0.09 0.01 0.49 0.09 0.41 267 37
Result 1 10.0 276 0.40 0.14 0.16 0.14 0.15 0.21 0.19 -1 -1 -1 -1
Evo 1.00 0.00 0.50 0.48 0.50 0.50 0.50 0.09 0.01 0.49 0.09 0.44 -1 4
Result 0 5.0 276 0.40 0.21 0.18 0.14 0.15 0.16 0.16 -1 -1 -1 -1
Evo 1.01 0.00 0.50 0.46 0.50 0.50 0.50 0.14 0.01 0.50 0.10 0.50 -1 7
Result 0 7.0 121 0.45 0.12 0.16 0.19 0.19 0.18 0.16 -1 -1 -1 -1
Evo 1.02 0.50 0.50 0.50 0.50 0.50 0.50 0.00 0.00 0.51 0.03 0.30 -1 33
Result 0 3.0 47 0.41 0.13 0.23 0.15 0.10 0.17 0.23 -1 -1 -1 -1
Evo 1.01 0.00 0.50 0.47 0.50 0.50 0.50 0.12 0.01 0.15 0.07 0.41 -1 18
Result 0 15.0 176 0.36 0.20 0.21 0.11 0.14 0.19 0.15 -1 -1 -1 -1
Evo 1.01 0.00 0.50 0.48 0.50 0.50 0.50 0.11 0.01 0.24 0.11 0.54 -1 18
Result 0 19.0 199 0.48 0.19 0.19 0.22 0.11 0.14 0.17 -1 -1 -1 -1
Evo 1.00 0.50 1.00 0.53 0.50 0.50 0.50 0.13 0.01 0.26 0.13 0.53 219 17
Result 1 32.0 243 0.47 0.18 0.14 0.20 0.15 0.17 0.16 -1 -1 -1 -1
Evo 1.01 0.00 0.50 0.47 0.50 0.50 0.50 0.11 0.01 0.24 0.11 0.50 -1 6
Result 0 21.0 198 0.45 0.18 0.16 0.19 0.14 0.16 0.18 -1 -1 -1 -1
Evo 1.01 0.00 0.50 0.46 0.50 0.50 0.50 0.14 0.01 0.52 0.07 0.42 -1 14
Result 0 7.0 121 0.37 0.12 0.21 0.12 0.16 0.21 0.17 -1 -1 -1 -1
Evo 1.01 0.00 0.50 0.45 0.50 0.50 0.50 0.15 0.02 0.07 0.05 0.31 -1 12
Result 0 3.0 99 0.43 0.14 0.16 0.17 0.16 0.16 0.21 -1 -1 -1 -1
Evo 1.01 0.00 0.50 0.47 0.50 0.50 0.50 0.12 0.01 0.17 0.08 0.41 -1 12
Result 0 15.0 176 0.41 0.19 0.21 0.15 0.12 0.16 0.16 -1 -1 -1 -1
Evo 1.01 0.00 0.50 0.47 0.50 0.50 0.50 0.12 0.01 0.12 0.07 0.37 -1 9
Result 0 15.0 176 0.41 0.15 0.21 0.15 0.15 0.16 0.18 -1 -1 -1 -1
Evo 1.01 0.00 0.50 0.48 0.50 0.50 0.50 0.11 0.01 0.32 0.10 0.49 -1 9
Result 0 19.0 199 0.46 0.11 0.18 0.20 0.17 0.17 0.19 -1 -1 -1 -1
Evo 1.02 0.00 0.50 0.49 0.50 0.50 0.50 0.08 0.01 0.52 0.03 0.24 -1 9
Result 0 3.0 42 0.36 0.12 0.23 0.12 0.16 0.19 0.19 -1 -1 -1 -1
Evo 1.02 0.50 0.50 0.50 0.50 0.50 0.50 0.00 0.00 0.39 0.03 0.28 -1 17
Result 0 3.0 43 0.26 0.11 0.25 0.07 0.16 0.16 0.25 -1 -1 -1 -1
Evo 1.01 0.00 0.50 0.47 0.50 0.50 0.50 0.12 0.01 0.26 0.07 0.37 -1 12
Result 0 19.0 176 0.37 0.17 0.19 0.12 0.15 0.20 0.17 -1 -1 -1 -1
Evo 1.01 0.00 0.50 0.48 0.50 0.50 0.50 0.11 0.01 0.09 0.12 0.57 -1 18
Result 0 19.0 199 0.45 0.12 0.18 0.19 0.18 0.17 0.18 -1 -1 -1 -1
Evo 1.01 0.00 0.50 0.47 0.50 0.50 0.50 0.12 0.01 0.04 0.07 0.35 -1 7
Result 0 15.0 176 0.38 0.20 0.18 0.13 0.16 0.17 0.16 -1 -1 -1 -1
Evo 1.01 0.00 0.50 0.47 0.50 0.50 0.50 0.12 0.01 0.12 0.07 0.40 -1 22
Result 0 15.0 176 0.42 0.19 0.20 0.16 0.08 0.20 0.17 -1 -1 -1 -1
Evo 1.01 0.00 0.50 0.47 0.50 0.50 0.50 0.12 0.01 0.22 0.08 0.42 -1 7
Result 0 15.0 176 0.36 0.20 0.15 0.12 0.15 0.16 0.21 -1 -1 -1 -1
Evo 1.01 0.00 0.50 0.47 0.50 0.50 0.50 0.12 0.01 0.26 0.06 0.44 -1 11
Result 0 15.0 154 0.45 0.17 0.14 0.19 0.13 0.14 0.23 -1 -1 -1 -1
Evo 1.00 0.00 0.50 0.48 0.50 0.50 0.50 0.09 0.01 0.15 0.12 0.52 -1 12
Result 0 27.0 276 0.42 0.19 0.17 0.16 0.14 0.19 0.15 -1 -1 -1 -1
Evo 1.00 0.50 0.50 0.50 0.50 0.50 0.50 0.00 0.00 0.42 0.08 0.31 -1 79
Result 0 11.0 208 0.41 0.15 0.17 0.15 0.21 0.15 0.16 -1 -1 -1 -1
Evo 1.01 0.00 0.50 0.49 0.50 0.50 0.50 0.07 0.01 0.41 0.08 0.36 -1 16
Result 0 9.0 179 0.47 0.13 0.15 0.21 0.14 0.21 0.17 -1 -1 -1 -1
Evo 1.01 0.00 0.50 0.45 0.50 0.50 0.50 0.14 0.01 0.52 0.07 0.32 -1 15
Result 0 1.0 110 0.39 0.21 0.18 0.14 0.12 0.19 0.17 -1 -1 -1 -1
Evo 1.01 0.00 0.50 0.47 0.50 0.50 0.50 0.11 0.01 0.11 0.10 0.45 -1 91
Result 0 5.0 197 0.43 0.15 0.19 0.17 0.16 0.17 0.16 -1 -1 -1 -1
Evo 1.01 0.00 0.50 0.48 0.50 0.50 0.50 0.09 0.01 0.51 0.07 0.44 -1 36
Result 0 7.0 199 0.38 0.21 0.14 0.13 0.18 0.18 0.18 -1 -1 -1 -1
Evo 1.00 0.50 1.00 0.52 0.50 0.50 0.50 0.09 0.01 0.21 0.13 0.48 267 75
Result 1 18.0 276 0.47 0.14 0.17 0.21 0.18 0.16 0.13 -1 -1 -1 -1
Evo 1.00 0.00 1.00 0.50 0.50 0.50 0.50 0.04 0.00 0.03 0.43 0.71 1290 44
Result 0 16.0 2000 0.43 0.17 0.17 0.17 0.15 0.17 0.17 -1 -1 -1 -1
Evo 1.00 0.50 1.00 0.51 0.50 0.50 0.50 0.07 0.00 0.33 0.12 0.44 235 52
Result 1 12.0 239 0.43 0.17 0.15 0.16 0.18 0.18 0.16 -1 -1 -1 -1
Evo 1.00 0.50 1.00 0.55 0.50 0.50 0.50 0.15 0.01 0.28 0.11 0.43 259 15
Result 1 15.0 285 0.40 0.14 0.16 0.14 0.18 0.14 0.23 -1 -1 -1 -1
Evo 1.00 0.50 1.00 0.52 0.50 0.50 0.50 0.11 0.01 0.15 0.07 0.31 228 84
Result 0 13.0 241 0.45 0.15 0.14 0.18 0.17 0.17 0.19 -1 -1 -1 -1
Evo 1.00 0.50 1.00 0.51 0.50 0.50 0.50 0.07 0.00 0.03 0.10 0.46 251 95
Result 1 12.0 255 0.43 0.15 0.16 0.17 0.16 0.16 0.20 -1 -1 -1 -1
Evo 1.00 0.00 0.50 0.50 0.50 0.50 0.50 0.04 0.00 0.08 0.32 0.64 -1 88
Result 0 16.0 2000 0.44 0.18 0.16 0.17 0.15 0.16 0.18 -1 -1 -1 -1
Evo 1.01 0.50 0.50 0.50 0.50 0.50 0.50 0.00 0.00 0.36 0.08 0.42 -1 34
Result 0 7.0 187 0.42 0.16 0.19 0.15 0.16 0.19 0.14 -1 -1 -1 -1
Evo 1.01 0.00 0.50 0.50 0.50 0.50 0.50 0.04 0.00 0.04 0.09 0.39 -1 68
Result 0 5.0 185 0.39 0.16 0.19 0.13 0.13 0.18 0.21 -1 -1 -1 -1
Evo 1.01 0.00 0.50 0.50 0.50 0.50 0.50 0.04 0.00 0.42 0.08 0.42 -1 66
Result 0 9.0 192 0.42 0.21 0.12 0.16 0.11 0.15 0.25 -1 -1 -1 -1
Evo 1.01 0.00 0.50 0.49 0.50 0.50 0.50 0.06 0.00 0.50 0.07 0.38 -1 53
Result 0 7.0 181 0.41 0.17 0.19 0.15 0.13 0.18 0.18 -1 -1 -1 -1
Evo 1.00 0.00 0.50 0.48 0.50 0.50 0.50 0.09 0.01 0.33 0.11 0.44 -1 24
Result 0 13.0 276 0.46 0.14 0.19 0.19 0.15 0.18 0.14 -1 -1 -1 -1
Evo 1.00 0.50 1.00 0.52 0.50 0.50 0.50 0.10 0.01 0.18 0.08 0.39 220 82
Result 1 18.0 276 0.41 0.18 0.18 0.15 0.17 0.17 0.16 -1 -1 -1 -1
Evo 1.01 0.00 0.50 0.50 0.50 0.50 0.50 0.04 0.00 0.51 0.10 0.45 -1 45
Result 0 5.0 186 0.42 0.19 0.14 0.16 0.14 0.20 0.17 -1 -1 -1 -1
Evo 1.01 0.00 0.50 0.50 0.50 0.50 0.50 0.05 0.00 0.51 0.08 0.47 -1 17
Result 0 5.0 199 0.37 0.17 0.22 0.12 0.18 0.17 0.15 -1 -1 -1 -1
Evo 1.01 0.00 0.50 0.49 0.50 0.50 0.50 0.09 0.01 0.34 0.03 0.23 -1 53
Result 0 -2.0 67 0.39 0.12 0.13 0.13 0.21 0.13 0.28 -1 -1 -1 -1
Evo 1.01 0.00 0.50 0.47 0.50 0.50 0.50 0.13 0.02 0.14 0.05 0.35 -1 35
Result 0 0.0 71 0.38 0.19 0.17 0.13 0.10 0.24 0.18 -1 -1 -1 -1
Evo 1.00 0.00 0.50 0.48 0.50 0.50 0.50 0.09 0.01 0.26 0.13 0.52 -1 54
Result 0 18.0 275 0.46 0.16 0.16 0.20 0.16 0.21 0.12 -1 -1 -1 -1
Evo 1.01 0.00 0.50 0.45 0.50 0.50 0.50 0.14 0.01 0.23 0.05 0.36 -1 18
Result 0 0.0 110 0.44 0.18 0.22 0.17 0.14 0.13 0.17 -1 -1 -1 -1
Evo 1.00 0.00 0.50 0.48 0.50 0.50 0.50 0.11 0.01 0.46 0.08 0.44 -1 24
Result 0 10.0 210 0.46 0.16 0.17 0.20 0.18 0.16 0.13 -1 -1 -1 -1
Evo 1.01 0.00 0.50 0.50 0.50 0.50 0.50 0.04 0.00 0.39 0.06 0.46 -1 0
Result 0 5.0 159 0.46 0.19 0.13 0.20 0.14 0.12 0.23 -1 -1 -1 -1
Evo 1.01 0.00 0.50 0.49 0.50 0.50 0.50 0.06 0.01 0.36 0.03 0.23 -1 54
Result 0 -2.0 67 0.41 0.21 0.13 0.15 0.25 0.12 0.15 -1 -1 -1 -1
Evo 1.01 0.00 0.50 0.49 0.50 0.50 0.50 0.07 0.01 0.49 0.07 0.44 -1 11
Result 0 10.0 178 0.44 0.17 0.19 0.17 0.14 0.15 0.18 -1 -1 -1 -1
Evo 1.01 0.00 0.50 0.49 0.50 0.50 0.50 0.06 0.01 0.39 0.03 0.27 -1 10
Result 0 -2.0 67 0.43 0.12 0.22 0.16 0.18 0.22 0.10 -1 -1 -1 -1
Evo 1.01 0.50 0.50 0.50 0.50 0.50 0.50 0.00 0.00 0.34 0.07 0.45 -1 21
Result 0 6.0 156 0.46 0.15 0.18 0.20 0.15 0.12 0.20 -1 -1 -1 -1
Evo 1.00 0.00 0.50 0.48 0.50 0.50 0.50 0.09 0.01 0.42 0.13 0.52 -1 32
Result 0 18.0 275 0.43 0.17 0.16 0.17 0.17 0.16 0.17 -1 -1 -1 -1
Evo 1.01 0.00 0.50 0.45 0.50 0.50 0.50 0.14 0.01 0.10 0.05 0.35 -1 9
Result 0 0.0 110 0.43 0.16 0.19 0.16 0.16 0.18 0.14 -1 -1 -1 -1
Evo 1.01 0.50 0.50 0.50 0.50 0.50 0.50 0.00 0.00 0.52 0.05 0.38 -1 19
Result 0 4.0 101 0.27 0.14 0.20 0.07 0.17 0.20 0.24 -1 -1 -1 -1
Evo 1.01 0.00 0.50 0.46 0.50 0.50 0.50 0.13 0.01 0.40 0.06 0.31 -1 21
Result 0 2.0 132 0.40 0.18 0.11 0.14 0.15 0.20 0.23 -1 -1 -1 -1
Evo 1.00 0.00 0.50 0.50 0.50 0.50 0.50 0.05 0.00 0.19 0.09 0.48 -1 36
Result 0 8.0 215 0.46 0.21 0.18 0.19 0.18 0.13 0.11 -1 -1 -1 -1
Evo 1.04 0.00 0.50 0.48 0.50 0.50 0.50 0.10 0.02 0.42 0.03 0.26 -1 6
Result 0 -1.0 25 0.18 0.15 0.31 0.04 0.15 0.23 0.12 -1 -1 -1 -1
Evo 1.00 0.00 0.50 0.48 0.50 0.50 0.50 0.09 0.01 0.40 0.11 0.49 -1 25
Result 0 18.0 275 0.44 0.14 0.18 0.18 0.13 0.20 0.17 -1 -1 -1 -1
Evo 1.01 0.00 0.50 0.49 0.50 0.50 0.50 0.09 0.01 0.09 0.03 0.30 -1 15
Result 0 -2.0 67 0.46 0.15 0.19 0.19 0.19 0.15 0.13 -1 -1 -1 -1
Evo 1.01 0.00 0.50 0.49 0.50 0.50 0.50 0.09 0.01 0.24 0.03 0.32 -1 9
Result 0 -2.0 67 0.51 0.13 0.15 0.28 0.16 0.10 0.18 -1 -1 -1 -1
Evo 1.01 0.50 0.50 0.50 0.50 0.50 0.50 0.00 0.00 0.28 0.03 0.27 -1 5
Result 0 -2.0 67 0.41 0.15 0.18 0.15 0.15 0.26 0.12 -1 -1 -1 -1
Evo 1.00 0.50 1.00 0.51 0.50 0.50 0.50 0.08 0.00 0.07 0.11 0.36 355 10
Result 1 30.0 364 0.46 0.15 0.18 0.19 0.15 0.16 0.16 -1 -1 -1 -1
Evo 1.00 0.00 0.50 0.48 0.50 0.50 0.50 0.10 0.01 0.20 0.15 0.54 -1 42
Result 0 16.0 231 0.45 0.14 0.16 0.19 0.15 0.18 0.19 -1 -1 -1 -1
Evo 1.01 0.50 0.50 0.50 0.50 0.50 0.50 0.00 0.00 0.06 0.07 0.49 -1 14
Result 0 17.0 117 0.39 0.11 0.22 0.14 0.14 0.20 0.19 -1 -1 -1 -1
Evo 1.00 0.50 1.00 0.52 0.50 0.50 0.50 0.09 0.00 0.40 0.19 0.77 312 18
Result 1 30.0 321 0.45 0.20 0.16 0.18 0.13 0.16 0.17 -1 -1 -1 -1
Evo 1.00 0.50 1.00 0.52 0.50 0.50 0.50 0.11 0.01 0.16 0.20 0.62 268 6
Result 1 36.0 280 0.46 0.13 0.17 0.20 0.15 0.17 0.17 -1 -1 -1 -1
Evo 1.00 0.00 0.50 0.49 0.50 0.50 0.50 0.08 0.00 0.19 0.13 0.58 -1 16
Result 0 20.0 353 0.43 0.14 0.18 0.17 0.17 0.16 0.18 -1 -1 -1 -1
Evo 1.00 0.50 1.00 0.52 0.50 0.50 0.50 0.10 0.01 0.18 0.13 0.47 304 44
Result 1 21.0 320 0.42 0.17 0.15 0.16 0.19 0.18 0.15 -1 -1 -1 -1
Evo 1.00 0.50 1.00 0.52 0.50 0.50 0.50 0.09 0.01 0.07 0.16 0.57 289 7
Result 1 36.0 298 0.42 0.15 0.14 0.16 0.20 0.20 0.16 -1 -1 -1 -1
Evo 1.00 0.50 1.00 0.51 0.50 0.50 0.50 0.08 0.00 0.02 0.17 0.52 333 13
Result 1 30.0 342 0.42 0.17 0.15 0.15 0.15 0.19 0.18 -1 -1 -1 -1
Evo 1.00 0.50 1.00 0.51 0.50 0.50 0.50 0.08 0.00 0.15 0.14 0.49 344 3
Result 1 27.0 353 0.42 0.16 0.16 0.16 0.18 0.14 0.19 -1 -1 -1 -1
Evo 1.00 0.50 1.00 0.52 0.50 0.50 0.50 0.09 0.01 0.15 0.13 0.52 284 3
Result 1 24.0 294 0.46 0.19 0.14 0.19 0.16 0.14 0.18 -1 -1 -1 -1
Evo 1.00 0.50 1.00 0.52 0.50 0.50 0.50 0.09 0.01 0.15 0.13 0.63 300 21
Result 1 27.0 309 0.48 0.14 0.13 0.22 0.13 0.19 0.20 -1 -1 -1 -1
Evo 1.00 0.50 1.00 0.51 0.50 0.50 0.50 0.08 0.00 0.12 0.12 0.46 355 1
Result 1 27.0 364 0.38 0.21 0.19 0.13 0.15 0.16 0.16 -1 -1 -1 -1
Evo 1.00 0.00 0.50 0.48 0.50 0.50 0.50 0.09 0.00 0.48 0.11 0.45 -1 22
Result 0 22.0 319 0.41 0.15 0.18 0.15 0.19 0.18 0.15 -1 -1 -1 -1
Evo 1.00 0.50 1.00 0.52 0.50 0.50 0.50 0.09 0.01 0.18 0.17 0.58 289 5
Result 1 36.0 298 0.47 0.14 0.14 0.20 0.14 0.19 0.18 -1 -1 -1 -1
Evo 1.00 0.50 1.00 0.51 0.50 0.50 0.50 0.08 0.00 0.02 0.13 0.49 333 18
Result 1 30.0 342 0.40 0.14 0.16 0.14 0.17 0.20 0.19 -1 -1 -1 -1
Evo 1.00 0.50 1.00 0.51 0.50 0.50 0.50 0.08 0.00 0.47 0.17 0.53 304 8
Result 1 30.0 312 0.43 0.15 0.14 0.17 0.16 0.19 0.19 -1 -1 -1 -1
Evo 1.00 0.50 1.00 0.52 0.50 0.50 0.50 0.09 0.00 0.03 0.13 0.43 311 6
Result 1 27.0 320 0.43 0.17 0.17 0.17 0.12 0.18 0.19 -1 -1 -1 -1
Evo 1.00 0.50 1.00 0.52 0.50 0.50 0.50 0.09 0.01 0.48 0.13 0.53 289 3
Result 1 30.0 298 0.44 0.14 0.21 0.17 0.14 0.15 0.18 -1 -1 -1 -1
Evo 1.01 0.50 0.50 0.50 0.50 0.50 0.50 0.00 0.00 0.06 0.06 0.30 -1 7
Result 0 14.0 115 0.38 0.15 0.21 0.13 0.09 0.20 0.23 -1 -1 -1 -1
