Evo 1.00 0.00 1.00 0.99 1.00 1.00 1.00 0.09 0.00 0.03 0.38 0.39 1271 -1
Result 1 36.0 1286 0.45 0.23 0.19 0.18 0.19 0.21 -1 -1 -1 -1 -1
Evo 1.00 0.00 1.00 0.01 0.00 0.00 0.00 0.10 0.00 0.09 0.39 0.39 1061 -1
Result 1 36.0 1077 0.48 0.19 0.20 0.22 0.20 0.19 -1 -1 -1 -1 -1
Evo 1.00 0.00 1.00 0.02 0.00 0.00 0.00 0.12 0.00 0.17 0.38 0.39 906 -1
Result 1 36.0 919 0.47 0.18 0.22 0.21 0.19 0.21 -1 -1 -1 -1 -1
Evo 1.00 0.00 1.00 0.01 0.00 0.00 0.00 0.07 0.00 0.19 0.39 0.39 1112 -1
Result 1 36.0 1117 0.47 0.18 0.20 0.21 0.19 0.21 -1 -1 -1 -1 -1
Evo 1.00 0.00 1.00 0.01 0.00 0.00 0.00 0.10 0.00 0.17 0.39 0.39 1597 -1
Result 1 36.0 1647 0.46 0.21 0.22 0.19 0.19 0.19 -1 -1 -1 -1 -1
Evo 1.00 0.00 0.00 0.00 0.00 0.00 0.00 0.00 0.00 0.02 0.34 0.36 -1 1991
Result 0 24.0 2000 0.46 0.19 0.21 0.19 0.21 0.20 -1 -1 -1 -1 -1
Evo 1.00 0.00 0.50 0.50 0.50 0.50 0.50 0.04 0.00 0.01 0.34 0.35 -1 1991
Result 0 24.0 2000 0.46 0.21 0.19 0.20 0.20 0.21 -1 -1 -1 -1 -1
Evo 1.00 0.50 1.00 0.50 0.50 0.50 0.50 0.03 0.00 0.01 0.38 0.39 1638 -1
Result 1 36.0 1644 0.47 0.19 0.20 0.20 0.22 0.18 -1 -1 -1 -1 -1
Evo 1.00 0.50 1.00 0.51 0.50 0.50 0.50 0.08 0.00 0.04 0.37 0.39 494 -1
Result 1 36.0 506 0.48 0.18 0.19 0.22 0.20 0.21 -1 -1 -1 -1 -1
Evo 1.00 0.00 0.50 0.50 0.50 0.50 0.50 0.04 0.00 0.03 0.35 0.35 -1 1991
Result 0 24.0 2000 0.46 0.18 0.20 0.20 0.20 0.22 -1 -1 -1 -1 -1
Evo 1.00 0.50 1.00 0.51 0.50 0.50 0.50 0.05 0.00 0.04 0.39 0.39 1157 -1
Result 1 36.0 1172 0.47 0.20 0.19 0.21 0.20 0.20 -1 -1 -1 -1 -1
Evo 1.00 0.50 1.00 0.51 0.50 0.50 0.50 0.06 0.00 0.04 0.36 0.39 590 -1
Result 1 36.0 599 0.46 0.19 0.21 0.20 0.19 0.22 -1 -1 -1 -1 -1
Evo 1.00 0.50 1.00 0.51 0.50 0.50 0.50 0.06 0.00 0.03 0.36 0.39 905 -1
Result 1 36.0 922 0.46 0.22 0.20 0.20 0.18 0.20 -1 -1 -1 -1 -1
Evo 1.00 0.50 1.00 0.51 0.50 0.50 0.50 0.05 0.00 0.08 0.36 0.39 1145 -1
Result 1 36.0 1158 0.47 0.20 0.21 0.21 0.20 0.17 -1 -1 -1 -1 -1
Evo 1.00 0.50 1.00 0.51 0.50 0.50 0.50 0.07 0.00 0.04 0.36 0.39 1004 -1
Result 1 36.0 1030 0.44 0.21 0.22 0.18 0.20 0.20 -1 -1 -1 -1 -1
Evo 1.00 0.50 1.00 0.50 0.50 0.50 0.50 0.04 0.00 0.02 0.38 0.39 1859 -1
Result 1 36.0 1874 0.46 0.21 0.20 0.20 0.20 0.19 -1 -1 -1 -1 -1
Evo 1.00 0.50 1.00 0.51 0.50 0.50 0.50 0.06 0.00 0.03 0.38 0.39 1475 -1
Result 1 36.0 1501 0.46 0.18 0.21 0.20 0.22 0.20 -1 -1 -1 -1 -1
Evo 1.00 0.50 1.00 0.51 0.50 0.50 0.50 0.07 0.00 0.01 0.39 0.39 1136 -1
Result 1 36.0 1159 0.46 0.21 0.20 0.19 0.20 0.19 -1 -1 -1 -1 -1
Evo 1.00 0.50 1.00 0.51 0.50 0.50 0.50 0.06 0.00 0.04 0.38 0.39 858 -1
Result 1 36.0 870 0.47 0.18 0.20 0.21 0.21 0.20 -1 -1 -1 -1 -1
Evo 1.00 0.00 0.50 0.50 0.50 0.50 0.50 0.04 0.00 0.02 0.39 0.39 -1 1991
Result 0 27.0 2000 0.47 0.19 0.20 0.20 0.20 0.20 -1 -1 -1 -1 -1
Evo 1.00 0.00 0.50 0.50 0.50 0.50 0.50 0.04 0.00 0.10 0.33 0.36 -1 0
Result 0 15.0 2000 0.43 0.21 0.19 0.17 0.23 0.21 -1 -1 -1 -1 -1
Evo 1.00 0.00 0.50 0.50 0.50 0.50 0.50 0.04 0.00 0.01 0.33 0.35 -1 0
Result 0 15.0 2000 0.44 0.21 0.18 0.18 0.22 0.22 -1 -1 -1 -1 -1
Evo 1.00 0.00 0.50 0.50 0.50 0.50 0.50 0.04 0.00 0.05 0.31 0.36 -1 0
Result 0 13.0 2000 0.44 0.20 0.20 0.17 0.22 0.21 -1 -1 -1 -1 -1
Evo 1.00 0.00 0.50 0.50 0.50 0.50 0.50 0.04 0.00 0.01 0.33 0.36 -1 0
Result 0 14.0 2000 0.47 0.22 0.17 0.20 0.20 0.21 -1 -1 -1 -1 -1
Evo 1.00 0.00 0.50 0.50 0.50 0.50 0.50 0.04 0.00 0.03 0.33 0.37 -1 0
Result 0 14.0 2000 0.44 0.21 0.18 0.17 0.23 0.20 -1 -1 -1 -1 -1
Evo 1.00 0.50 1.00 0.53 0.50 0.50 0.50 0.13 0.01 0.45 0.36 0.49 209 0
Result 1 30.0 223 0.45 0.24 0.17 0.18 0.22 0.20 -1 -1 -1 -1 -1
Evo 1.00 0.00 0.50 0.50 0.50 0.50 0.50 0.04 0.00 0.01 0.33 0.36 -1 0
Result 0 14.0 2000 0.45 0.20 0.20 0.18 0.21 0.22 -1 -1 -1 -1 -1
Evo 1.00 0.00 0.50 0.50 0.50 0.50 0.50 0.04 0.00 0.08 0.34 0.36 -1 0
Result 0 15.0 2000 0.45 0.21 0.18 0.19 0.21 0.21 -1 -1 -1 -1 -1
Evo 1.00 0.00 0.50 0.50 0.50 0.50 0.50 0.04 0.00 0.02 0.33 0.37 -1 0
Result 0 14.0 2000 0.44 0.20 0.20 0.18 0.21 0.21 -1 -1 -1 -1 -1
Evo 1.00 0.00 0.50 0.50 0.50 0.50 0.50 0.04 0.00 0.06 0.33 0.35 -1 0
Result 0 14.0 2000 0.46 0.22 0.19 0.19 0.20 0.20 -1 -1 -1 -1 -1
Evo 1.00 0.00 0.50 0.50 0.50 0.50 0.50 0.04 0.00 0.13 0.33 0.36 -1 0
Result 0 15.0 2000 0.44 0.21 0.20 0.17 0.20 0.23 -1 -1 -1 -1 -1
Evo 1.00 0.00 0.50 0.50 0.50 0.50 0.50 0.04 0.00 0.01 0.20 0.26 -1 0
Result 0 7.0 2000 0.45 0.21 0.18 0.19 0.21 0.20 -1 -1 -1 -1 -1
Evo 1.01 0.00 0.50 0.50 0.50 0.50 0.50 0.05 0.01 0.07 0.20 0.27 -1 0
Result 0 12.0 99 0.47 0.22 0.21 0.21 0.17 0.19 -1 -1 -1 -1 -1
Evo 1.01 0.00 0.50 0.50 0.50 0.50 0.50 0.05 0.00 0.07 0.18 0.27 -1 0
Result 0 12.0 100 0.46 0.18 0.22 0.20 0.19 0.22 -1 -1 -1 -1 -1
Evo 1.00 0.00 0.50 0.50 0.50 0.50 0.50 0.04 0.00 0.06 0.32 0.36 -1 0
Result 0 14.0 2000 0.47 0.20 0.18 0.20 0.21 0.20 -1 -1 -1 -1 -1
Evo 1.00 0.00 0.50 0.50 0.50 0.50 0.50 0.04 0.00 0.02 0.33 0.36 -1 0
Result 0 15.0 2000 0.43 0.21 0.20 0.17 0.21 0.20 -1 -1 -1 -1 -1
Evo 1.00 0.00 0.50 0.50 0.50 0.50 0.50 0.04 0.00 0.04 0.33 0.36 -1 0
Result 0 14.0 2000 0.45 0.20 0.18 0.18 0.21 0.22 -1 -1 -1 -1 -1
Evo 1.00 0.00 0.50 0.50 0.50 0.50 0.50 0.04 0.00 0.01 0.24 0.26 -1 0
Result 0 10.0 2000 0.46 0.21 0.18 0.19 0.23 0.19 -1 -1 -1 -1 -1
Evo 1.00 0.00 0.50 0.50 0.50 0.50 0.50 0.04 0.00 0.10 0.33 0.36 -1 0
Result 0 14.0 2000 0.44 0.20 0.19 0.17 0.21 0.22 -1 -1 -1 -1 -1
Evo 1.00 0.00 0.50 0.50 0.50 0.50 0.50 0.04 0.00 0.14 0.34 0.37 -1 0
Result 0 15.0 2000 0.45 0.20 0.19 0.18 0.21 0.21 -1 -1 -1 -1 -1
Evo 1.00 0.00 0.50 0.50 0.50 0.50 0.50 0.04 0.00 0.12 0.30 0.33 -1 0
Result 0 9.0 2000 0.47 0.20 0.20 0.21 0.20 0.19 -1 -1 -1 -1 -1
Evo 1.00 0.00 0.50 0.50 0.50 0.50 0.50 0.04 0.00 0.01 0.31 0.35 -1 0
Result 0 10.0 2000 0.47 0.20 0.20 0.20 0.21 0.19 -1 -1 -1 -1 -1
Evo 1.00 0.00 0.50 0.50 0.50 0.50 0.50 0.04 0.00 0.09 0.29 0.33 -1 0
Result 0 9.0 2000 0.46 0.22 0.20 0.20 0.18 0.21 -1 -1 -1 -1 -1
Evo 1.00 0.00 0.50 0.50 0.50 0.50 0.50 0.04 0.00 0.15 0.29 0.33 -1 0
Result 0 9.0 2000 0.46 0.20 0.20 0.20 0.21 0.19 -1 -1 -1 -1 -1
Evo 1.00 0.00 0.50 0.50 0.50 0.50 0.50 0.03 0.00 0.02 0.13 0.15 -1 0
Result 0 1.0 1997 0.47 0.20 0.23 0.20 0.18 0.18 -1 -1 -1 -1 -1
Evo 1.00 0.00 0.50 0.50 0.50 0.50 0.50 0.04 0.00 0.04 0.13 0.14 -1 0
Result 0 1.0 2000 0.48 0.20 0.21 0.22 0.17 0.20 -1 -1 -1 -1 -1
Evo 1.00 0.00 0.50 0.50 0.50 0.50 0.50 0.04 0.00 0.14 0.33 0.34 -1 0
Result 0 10.0 2000 0.47 0.22 0.20 0.21 0.19 0.18 -1 -1 -1 -1 -1
Evo 1.00 0.00 0.50 0.50 0.50 0.50 0.50 0.04 0.00 0.10 0.31 0.33 -1 0
Result 0 10.0 2000 0.47 0.21 0.20 0.20 0.19 0.20 -1 -1 -1 -1 -1
Evo 1.00 0.50 1.00 0.50 0.50 0.50 0.50 0.03 0.00 0.04 0.47 0.50 1631 0
Result 1 35.0 1635 0.47 0.19 0.21 0.20 0.19 0.20 -1 -1 -1 -1 -1
Evo 1.00 0.00 0.50 0.50 0.50 0.50 0.50 0.04 0.00 0.05 0.42 0.43 -1 0
Result 0 22.0 2000 0.46 0.19 0.19 0.20 0.23 0.20 -1 -1 -1 -1 -1
Evo 1.00 0.00 0.50 0.50 0.50 0.50 0.50 0.04 0.00 0.11 0.29 0.33 -1 0
Result 0 9.0 2000 0.48 0.20 0.19 0.22 0.19 0.20 -1 -1 -1 -1 -1
Evo 1.00 0.00 0.50 0.50 0.50 0.50 0.50 0.03 0.00 0.15 0.29 0.33 -1 0
Result 0 9.0 1996 0.47 0.19 0.19 0.20 0.22 0.20 -1 -1 -1 -1 -1
Evo 1.00 0.00 0.50 0.50 0.50 0.50 0.50 0.04 0.00 0.01 0.13 0.14 -1 0
Result 0 1.0 2000 0.48 0.20 0.21 0.22 0.17 0.20 -1 -1 -1 -1 -1
Evo 1.00 0.00 0.50 0.50 0.50 0.50 0.50 0.04 0.00 0.04 0.13 0.15 -1 0
Result 0 1.0 2000 0.46 0.21 0.23 0.20 0.17 0.19 -1 -1 -1 -1 -1
Evo 1.00 0.00 0.50 0.50 0.50 0.50 0.50 0.04 0.00 0.17 0.31 0.33 -1 0
Result 0 9.0 2000 0.48 0.20 0.19 0.21 0.18 0.21 -1 -1 -1 -1 -1
Evo 1.00 0.00 0.50 0.50 0.50 0.50 0.50 0.03 0.00 0.05 0.28 0.33 -1 0
Result 0 9.0 1995 0.48 0.19 0.19 0.22 0.20 0.20 -1 -1 -1 -1 -1
Evo 1.00 0.00 0.50 0.50 0.50 0.50 0.50 0.04 0.00 0.05 0.13 0.15 -1 0
Result 0 1.0 2000 0.48 0.20 0.21 0.22 0.17 0.20 -1 -1 -1 -1 -1
Evo 1.00 0.00 0.50 0.50 0.50 0.50 0.50 0.02 0.00 0.12 0.31 0.33 -1 0
Result 0 9.0 1994 0.47 0.21 0.18 0.20 0.21 0.19 -1 -1 -1 -1 -1
Evo 1.00 0.00 0.50 0.50 0.50 0.50 0.50 0.04 0.00 0.03 0.16 0.21 -1 0
Result 0 2.0 2000 0.46 0.20 0.19 0.20 0.19 0.22 -1 -1 -1 -1 -1
Evo 1.00 0.00 0.50 0.50 0.50 0.50 0.50 0.04 0.00 0.16 0.29 0.33 -1 0
Result 0 9.0 2000 0.47 0.21 0.19 0.20 0.20 0.19 -1 -1 -1 -1 -1
Evo 1.00 0.00 0.50 0.50 0.50 0.50 0.50 0.02 0.00 0.04 0.37 0.37 -1 0
Result 0 8.0 1992 0.44 0.21 0.23 0.18 0.18 0.20 -1 -1 -1 -1 -1
Evo 1.00 0.50 1.00 0.53 0.50 0.50 0.50 0.12 0.01 0.39 0.46 0.49 210 0
Result 1 19.0 227 0.48 0.17 0.26 0.22 0.15 0.20 -1 -1 -1 -1 -1
Evo 1.00 0.00 0.50 0.50 0.50 0.50 0.50 0.04 0.00 0.15 0.37 0.37 -1 0
Result 0 8.0 2000 0.43 0.20 0.20 0.17 0.22 0.22 -1 -1 -1 -1 -1
Evo 1.00 0.00 0.50 0.50 0.50 0.50 0.50 0.04 0.00 0.02 0.37 0.37 -1 0
Result 0 8.0 2000 0.44 0.20 0.20 0.17 0.21 0.22 -1 -1 -1 -1 -1
Evo 1.00 0.00 0.50 0.50 0.50 0.50 0.50 0.04 0.00 0.10 0.37 0.37 -1 0
Result 0 8.0 2000 0.44 0.21 0.20 0.18 0.19 0.22 -1 -1 -1 -1 -1
Evo 1.00 0.00 0.50 0.50 0.50 0.50 0.50 0.02 0.00 0.08 0.30 0.31 -1 0
Result 0 5.0 1993 0.44 0.22 0.18 0.18 0.20 0.22 -1 -1 -1 -1 -1
Evo 1.00 0.00 0.50 0.50 0.50 0.50 0.50 0.04 0.00 0.06 0.37 0.37 -1 0
Result 0 8.0 2000 0.43 0.20 0.21 0.17 0.20 0.21 -1 -1 -1 -1 -1
Evo 1.00 0.00 0.50 0.50 0.50 0.50 0.50 0.02 0.00 0.04 0.36 0.37 -1 0
Result 0 8.0 1992 0.43 0.21 0.21 0.17 0.19 0.22 -1 -1 -1 -1 -1
Evo 1.00 0.50 1.00 0.53 0.50 0.50 0.50 0.11 0.01 0.31 0.34 0.41 334 0
Result 1 14.0 358 0.42 0.21 0.24 0.16 0.20 0.19 -1 -1 -1 -1 -1
Evo 1.00 0.50 1.00 0.52 0.50 0.50 0.50 0.10 0.01 0.19 0.44 0.47 133 0
Result 1 17.0 239 0.48 0.17 0.21 0.22 0.21 0.20 -1 -1 -1 -1 -1
Evo 1.00 0.00 0.50 0.50 0.50 0.50 0.50 0.04 0.00 0.04 0.37 0.37 -1 0
Result 0 8.0 2000 0.45 0.21 0.21 0.19 0.17 0.22 -1 -1 -1 -1 -1
Evo 1.00 0.00 0.50 0.50 0.50 0.50 0.50 0.04 0.00 0.06 0.37 0.37 -1 0
Result 0 8.0 2000 0.45 0.21 0.22 0.18 0.18 0.21 -1 -1 -1 -1 -1
Evo 1.01 0.50 1.00 0.53 0.50 0.50 0.50 0.11 0.01 0.27 0.43 0.49 170 0
Result 1 19.0 178 0.50 0.13 0.25 0.25 0.18 0.18 -1 -1 -1 -1 -1
Evo 1.00 0.50 1.00 0.51 0.50 0.50 0.50 0.08 0.00 0.16 0.41 0.47 214 0
Result 1 17.0 406 0.47 0.24 0.20 0.21 0.16 0.19 -1 -1 -1 -1 -1
Evo 1.00 0.00 0.50 0.50 0.50 0.50 0.50 0.04 0.00 0.01 0.21 0.27 -1 0
Result 0 2.0 2000 0.44 0.21 0.20 0.18 0.19 0.23 -1 -1 -1 -1 -1
Evo 1.00 0.50 1.00 0.52 0.50 0.50 0.50 0.09 0.00 0.14 0.41 0.49 344 0
Result 1 19.0 356 0.46 0.20 0.23 0.19 0.15 0.23 -1 -1 -1 -1 -1
Evo 1.00 0.00 0.50 0.50 0.50 0.50 0.50 0.04 0.00 0.07 0.37 0.37 -1 0
Result 0 8.0 2000 0.45 0.21 0.20 0.18 0.18 0.22 -1 -1 -1 -1 -1
Evo 1.00 0.00 0.50 0.50 0.50 0.50 0.50 0.03 0.00 0.04 0.36 0.37 -1 0
Result 0 8.0 1997 0.45 0.22 0.21 0.19 0.18 0.21 -1 -1 -1 -1 -1
Evo 1.00 0.00 0.50 0.50 0.50 0.50 0.50 0.02 0.00 0.01 0.33 0.34 -1 0
Result 0 6.0 1992 0.42 0.20 0.22 0.15 0.20 0.23 -1 -1 -1 -1 -1
Evo 1.00 0.50 1.00 0.57 0.50 0.50 0.50 0.17 0.01 0.24 0.41 0.47 207 0
Result 1 17.0 245 0.45 0.20 0.23 0.19 0.20 0.18 -1 -1 -1 -1 -1
Evo 1.00 0.00 0.50 0.50 0.50 0.50 0.50 0.04 0.00 0.04 0.33 0.38 -1 0
Result 0 27.0 2000 0.47 0.20 0.20 0.21 0.20 0.19 -1 -1 -1 -1 -1
Evo 1.00 0.00 0.50 0.50 0.50 0.50 0.50 0.04 0.00 0.03 0.29 0.36 -1 0
Result 0 17.0 2000 0.46 0.20 0.20 0.19 0.20 0.21 -1 -1 -1 -1 -1
Evo 1.00 0.00 0.50 0.50 0.50 0.50 0.50 0.04 0.00 0.44 0.37 0.40 -1 0
Result 0 31.0 2000 0.47 0.21 0.20 0.20 0.20 0.19 -1 -1 -1 -1 -1
Evo 1.00 0.00 0.50 0.50 0.50 0.50 0.50 0.03 0.00 0.05 0.34 0.40 -1 0
Result 0 29.0 1995 0.47 0.19 0.20 0.20 0.20 0.21 -1 -1 -1 -1 -1
Evo 1.00 0.00 0.50 0.50 0.50 0.50 0.50 0.04 0.00 0.03 0.34 0.40 -1 0
Result 0 25.0 2000 0.46 0.21 0.20 0.20 0.19 0.20 -1 -1 -1 -1 -1
Evo 1.00 0.00 0.50 0.50 0.50 0.50 0.50 0.04 0.00 0.52 0.12 0.17 -1 0
Result 0 7.0 2000 0.49 0.21 0.19 0.23 0.19 0.17 -1 -1 -1 -1 -1
Evo 1.00 0.00 0.50 0.50 0.50 0.50 0.50 0.03 0.00 0.04 0.30 0.37 -1 0
Result 0 21.0 1995 0.48 0.18 0.21 0.21 0.19 0.19 -1 -1 -1 -1 -1
Evo 1.00 0.00 0.50 0.50 0.50 0.50 0.50 0.04 0.00 0.03 0.27 0.32 -1 0
Result 0 16.0 2000 0.47 0.19 0.22 0.21 0.20 0.18 -1 -1 -1 -1 -1
Evo 1.00 0.00 0.50 0.50 0.50 0.50 0.50 0.04 0.00 0.06 0.34 0.40 -1 0
Result 0 29.0 2000 0.47 0.21 0.20 0.21 0.18 0.20 -1 -1 -1 -1 -1
Evo 1.00 0.00 0.50 0.50 0.50 0.50 0.50 0.04 0.00 0.06 0.34 0.40 -1 0
Result 0 29.0 2000 0.47 0.20 0.20 0.21 0.20 0.19 -1 -1 -1 -1 -1
Evo 1.00 0.00 0.50 0.50 0.50 0.50 0.50 0.04 0.00 0.03 0.27 0.32 -1 0
Result 0 17.0 2000 0.47 0.20 0.21 0.20 0.19 0.20 -1 -1 -1 -1 -1
Evo 1.00 0.00 0.50 0.50 0.50 0.50 0.50 0.04 0.00 0.04 0.29 0.32 -1 0
Result 0 19.0 2000 0.49 0.20 0.21 0.23 0.20 0.17 -1 -1 -1 -1 -1
Evo 1.00 0.00 0.50 0.50 0.50 0.50 0.50 0.04 0.00 0.07 0.28 0.38 -1 0
Result 0 21.0 2000 0.47 0.21 0.22 0.20 0.18 0.18 -1 -1 -1 -1 -1
Evo 1.00 0.00 0.50 0.50 0.50 0.50 0.50 0.04 0.00 0.03 0.26 0.32 -1 0
Result 0 18.0 2000 0.47 0.20 0.20 0.20 0.20 0.20 -1 -1 -1 -1 -1
Evo 1.00 0.00 0.50 0.50 0.50 0.50 0.50 0.03 0.00 0.02 0.26 0.31 -1 0
Result 0 16.0 1996 0.47 0.20 0.21 0.21 0.19 0.19 -1 -1 -1 -1 -1
Evo 1.00 0.00 0.50 0.50 0.50 0.50 0.50 0.04 0.00 0.06 0.25 0.32 -1 0
Result 0 15.0 2000 0.45 0.20 0.20 0.18 0.21 0.21 -1 -1 -1 -1 -1
Evo 1.00 0.00 0.50 0.50 0.50 0.50 0.50 0.04 0.00 0.02 0.24 0.31 -1 0
Result 0 16.0 2000 0.45 0.19 0.20 0.19 0.20 0.22 -1 -1 -1 -1 -1
Evo 1.00 0.00 0.50 0.50 0.50 0.50 0.50 0.04 0.00 0.04 0.26 0.32 -1 0
Result 0 18.0 2000 0.46 0.21 0.21 0.20 0.20 0.19 -1 -1 -1 -1 -1
Evo 1.00 0.00 0.50 0.50 0.50 0.50 0.50 0.04 0.00 0.06 0.37 0.41 -1 0
Result 0 32.0 2000 0.47 0.20 0.20 0.21 0.19 0.20 -1 -1 -1 -1 -1
Evo 1.00 0.00 0.50 0.50 0.50 0.50 0.50 0.04 0.00 0.08 0.23 0.31 -1 0
Result 0 17.0 2000 0.47 0.20 0.21 0.21 0.19 0.20 -1 -1 -1 -1 -1
