Evo 1.00 0.00 1.00 0.85 0.93 1.00 1.00 0.33 0.02 0.35 0.06 0.28 419 -1
Result 1 40.0 428 0.45 0.16 0.19 0.14 0.14 0.18 0.19 -1 -1 -1 -1
Evo 1.00 0.00 1.00 0.02 0.00 0.00 0.00 0.14 0.01 0.13 0.12 0.44 524 -1
Result 1 35.0 534 0.42 0.17 0.16 0.17 0.12 0.18 0.20 -1 -1 -1 -1
Evo 1.00 0.00 0.00 0.00 0.00 0.00 0.00 0.00 0.00 0.03 0.09 0.29 -1 561
Result 0 19.0 570 0.43 0.18 0.17 0.14 0.13 0.19 0.19 -1 -1 -1 -1
Evo 1.00 0.50 1.00 0.52 0.50 0.50 0.50 0.09 0.00 0.29 0.07 0.35 355 -1
Result 1 40.0 366 0.45 0.15 0.19 0.16 0.14 0.16 0.20 -1 -1 -1 -1
Evo 1.00 0.50 1.00 0.51 0.50 0.50 0.50 0.07 0.00 0.02 0.07 0.35 572 -1
Result 1 40.0 581 0.44 0.16 0.18 0.16 0.16 0.16 0.19 -1 -1 -1 -1
Evo 1.00 0.50 1.00 0.51 0.50 0.50 0.50 0.07 0.00 0.27 0.07 0.31 517 -1
Result 1 45.0 526 0.46 0.17 0.19 0.15 0.13 0.16 0.21 -1 -1 -1 -1
Evo 1.00 0.50 1.00 0.52 0.50 0.50 0.50 0.09 0.00 0.02 0.08 0.32 354 -1
Result 1 40.0 364 0.43 0.16 0.17 0.16 0.16 0.14 0.21 -1 -1 -1 -1
Evo 1.00 0.50 1.00 0.51 0.50 0.50 0.50 0.08 0.00 0.17 0.09 0.35 409 -1
Result 1 35.0 418 0.45 0.15 0.18 0.15 0.14 0.16 0.21 -1 -1 -1 -1
Evo 1.00 0.50 1.00 0.51 0.50 0.50 0.50 0.07 0.00 0.48 0.08 0.35 518 -1
Result 1 45.0 540 0.43 0.17 0.17 0.18 0.13 0.16 0.18 -1 -1 -1 -1
Evo 1.00 0.50 1.00 0.51 0.50 0.50 0.50 0.07 0.00 0.04 0.12 0.38 602 -1
Result 1 40.0 617 0.43 0.20 0.17 0.17 0.16 0.15 0.15 -1 -1 -1 -1
Evo 1.00 0.50 1.00 0.51 0.50 0.50 0.50 0.08 0.00 0.07 0.08 0.39 421 -1
Result 1 45.0 430 0.43 0.17 0.17 0.16 0.13 0.17 0.20 -1 -1 -1 -1
Evo 1.00 0.50 1.00 0.51 0.50 0.50 0.50 0.08 0.00 0.48 0.07 0.32 417 -1
Result 1 40.0 426 0.42 0.17 0.16 0.16 0.17 0.16 0.18 -1 -1 -1 -1
Evo 1.00 0.50 1.00 0.51 0.50 0.50 0.50 0.06 0.00 0.03 0.08 0.35 601 -1
Result 1 30.0 610 0.45 0.16 0.18 0.16 0.15 0.14 0.20 -1 -1 -1 -1
Evo 1.00 0.50 1.00 0.52 0.50 0.50 0.50 0.09 0.00 0.28 0.08 0.40 425 -1
Result 1 40.0 481 0.45 0.16 0.19 0.17 0.14 0.15 0.19 -1 -1 -1 -1
Evo 1.00 0.50 1.00 0.51 0.50 0.50 0.50 0.08 0.00 0.46 0.13 0.43 478 -1
Result 1 45.0 493 0.42 0.17 0.16 0.18 0.16 0.14 0.20 -1 -1 -1 -1
Evo 1.00 0.50 1.00 0.51 0.50 0.50 0.50 0.06 0.00 0.10 0.13 0.36 770 -1
Result 1 35.0 779 0.40 0.17 0.14 0.16 0.17 0.19 0.18 -1 -1 -1 -1
Evo 1.00 0.50 1.00 0.51 0.50 0.50 0.50 0.06 0.00 0.31 0.10 0.31 609 -1
Result 1 30.0 618 0.45 0.16 0.18 0.14 0.16 0.16 0.19 -1 -1 -1 -1
Evo 1.00 0.50 1.00 0.52 0.50 0.50 0.50 0.10 0.01 0.25 0.06 0.37 313 -1
Result 1 40.0 329 0.44 0.16 0.18 0.16 0.16 0.13 0.22 -1 -1 -1 -1
Evo 1.00 0.50 1.00 0.51 0.50 0.50 0.50 0.08 0.00 0.14 0.10 0.41 384 -1
Result 1 50.0 403 0.45 0.14 0.18 0.18 0.13 0.17 0.21 -1 -1 -1 -1
Evo 1.00 0.50 1.00 0.51 0.50 0.50 0.50 0.07 0.00 0.09 0.07 0.30 474 -1
Result 1 40.0 483 0.48 0.15 0.21 0.18 0.14 0.14 0.18 -1 -1 -1 -1
Evo 1.00 0.50 1.00 0.51 0.50 0.50 0.50 0.07 0.00 0.34 0.14 0.30 794 -1
Result 1 30.0 852 0.45 0.15 0.19 0.17 0.17 0.17 0.16 -1 -1 -1 -1
Evo 1.00 0.50 1.00 0.51 0.50 0.50 0.50 0.07 0.00 0.26 0.09 0.30 486 -1
Result 1 40.0 500 0.44 0.16 0.18 0.17 0.14 0.16 0.20 -1 -1 -1 -1
Evo 1.00 0.50 1.00 0.51 0.50 0.50 0.50 0.06 0.00 0.27 0.08 0.26 719 -1
Result 1 32.0 730 0.44 0.15 0.18 0.16 0.18 0.14 0.18 -1 -1 -1 -1
Evo 1.00 0.50 1.00 0.51 0.50 0.50 0.50 0.07 0.00 0.08 0.10 0.38 505 -1
Result 1 45.0 514 0.43 0.17 0.17 0.18 0.14 0.16 0.19 -1 -1 -1 -1
Evo 1.00 0.50 1.00 0.51 0.50 0.50 0.50 0.05 0.00 0.24 0.20 0.45 1085 -1
Result 1 34.0 1236 0.42 0.16 0.16 0.17 0.17 0.16 0.19 -1 -1 -1 -1
Evo 1.00 0.50 1.00 0.51 0.50 0.50 0.50 0.07 0.00 0.14 0.08 0.30 504 -1
Result 1 39.0 513 0.40 0.18 0.14 0.18 0.17 0.15 0.19 -1 -1 -1 -1
Evo 1.00 0.50 1.00 0.51 0.50 0.50 0.50 0.07 0.00 0.35 0.12 0.34 560 -1
Result 1 45.0 570 0.44 0.14 0.18 0.16 0.19 0.14 0.19 -1 -1 -1 -1
Evo 1.00 0.50 1.00 0.51 0.50 0.50 0.50 0.08 0.00 0.20 0.05 0.23 764 -1
Result 1 31.0 786 0.46 0.14 0.19 0.16 0.16 0.15 0.20 -1 -1 -1 -1
Evo 1.00 0.50 1.00 0.51 0.50 0.50 0.50 0.08 0.00 0.06 0.07 0.29 573 -1
Result 1 35.0 587 0.42 0.14 0.16 0.17 0.17 0.18 0.19 -1 -1 -1 -1
Evo 1.00 0.50 1.00 0.51 0.50 0.50 0.50 0.07 0.00 0.12 0.10 0.30 565 -1
Result 1 45.0 576 0.41 0.18 0.15 0.17 0.15 0.16 0.19 -1 -1 -1 -1
Evo 1.00 0.50 1.00 0.51 0.50 0.50 0.50 0.07 0.00 0.03 0.06 0.27 476 -1
Result 1 45.0 484 0.44 0.15 0.18 0.16 0.15 0.15 0.21 -1 -1 -1 -1
Evo 1.00 0.50 1.00 0.51 0.50 0.50 0.50 0.06 0.00 0.07 0.11 0.36 684 -1
Result 1 50.0 695 0.41 0.16 0.15 0.15 0.16 0.16 0.23 -1 -1 -1 -1
Evo 1.00 0.50 0.50 0.50 0.50 0.50 0.50 0.00 0.00 0.02 0.04 0.13 -1 360
Result 0 -5.0 455 0.43 0.20 0.16 0.14 0.17 0.17 0.16 -1 -1 -1 -1
Evo 1.00 0.50 1.00 0.51 0.50 0.50 0.50 0.07 0.00 0.08 0.11 0.30 590 -1
Result 1 45.0 601 0.43 0.18 0.17 0.15 0.16 0.16 0.18 -1 -1 -1 -1
Evo 1.00 0.50 1.00 0.51 0.50 0.50 0.50 0.06 0.00 0.24 0.14 0.43 604 -1
Result 1 46.0 613 0.44 0.15 0.18 0.16 0.14 0.18 0.20 -1 -1 -1 -1
Evo 1.00 0.50 1.00 0.52 0.50 0.50 0.50 0.09 0.00 0.15 0.09 0.30 484 -1
Result 1 40.0 498 0.43 0.16 0.16 0.13 0.16 0.16 0.22 -1 -1 -1 -1
Evo 1.00 0.50 1.00 0.51 0.50 0.50 0.50 0.06 0.00 0.31 0.09 0.30 544 -1
Result 1 50.0 552 0.45 0.15 0.18 0.17 0.15 0.17 0.18 -1 -1 -1 -1
Evo 1.00 0.00 0.50 0.49 0.50 0.50 0.50 0.07 0.00 0.51 0.05 0.19 -1 431
Result 0 3.0 440 0.42 0.19 0.16 0.20 0.17 0.15 0.14 -1 -1 -1 -1
Evo 1.00 0.00 0.50 0.49 0.50 0.50 0.50 0.07 0.00 0.11 0.06 0.21 -1 472
Result 0 -1.0 481 0.40 0.15 0.14 0.17 0.18 0.19 0.16 -1 -1 -1 -1
Evo 1.00 0.50 1.00 0.51 0.50 0.50 0.50 0.06 0.00 0.06 0.13 0.37 721 -1
Result 1 41.0 730 0.46 0.16 0.19 0.15 0.15 0.14 0.20 -1 -1 -1 -1
Evo 1.00 0.00 0.50 0.49 0.50 0.50 0.50 0.07 0.00 0.47 0.10 0.35 -1 548
Result 0 25.0 557 0.39 0.15 0.14 0.15 0.17 0.17 0.22 -1 -1 -1 -1
Evo 1.00 0.50 1.00 0.51 0.50 0.50 0.50 0.07 0.00 0.02 0.07 0.34 361 -1
Result 1 45.0 368 0.41 0.13 0.15 0.17 0.19 0.14 0.22 -1 -1 -1 -1
Evo 1.00 0.50 1.00 0.51 0.50 0.50 0.50 0.07 0.00 0.24 0.09 0.33 497 -1
Result 1 30.0 506 0.43 0.15 0.16 0.15 0.17 0.17 0.20 -1 -1 -1 -1
Evo 1.00 0.50 1.00 0.51 0.50 0.50 0.50 0.08 0.00 0.12 0.08 0.36 303 -1
Result 1 40.0 415 0.39 0.17 0.14 0.16 0.19 0.16 0.18 -1 -1 -1 -1
Evo 1.00 0.50 1.00 0.54 0.50 0.50 0.50 0.14 0.01 0.11 0.06 0.27 376 -1
Result 1 45.0 588 0.41 0.16 0.15 0.15 0.19 0.14 0.21 -1 -1 -1 -1
Evo 1.00 0.50 1.00 0.51 0.50 0.50 0.50 0.08 0.00 0.38 0.13 0.43 686 -1
Result 1 35.0 706 0.41 0.16 0.15 0.16 0.17 0.17 0.18 -1 -1 -1 -1
Evo 1.00 0.50 1.00 0.51 0.50 0.50 0.50 0.07 0.00 0.14 0.08 0.37 482 -1
Result 1 30.0 491 0.41 0.18 0.15 0.17 0.16 0.15 0.20 -1 -1 -1 -1
Evo 1.00 0.50 1.00 0.64 0.50 0.50 1.00 0.23 0.01 0.25 0.07 0.30 387 -1
Result 1 50.0 623 0.41 0.16 0.15 0.15 0.19 0.15 0.21 -1 -1 -1 -1
Evo 1.00 0.50 1.00 0.51 0.50 0.50 0.50 0.08 0.00 0.14 0.07 0.32 386 -1
Result 1 50.0 395 0.41 0.18 0.15 0.15 0.19 0.13 0.20 -1 -1 -1 -1
Evo 1.00 0.50 1.00 0.51 0.50 0.50 0.50 0.06 0.00 0.03 0.11 0.43 577 -1
Result 1 35.0 586 0.38 0.19 0.13 0.15 0.16 0.18 0.19 -1 -1 -1 -1
Evo 1.00 0.50 1.00 0.51 0.50 0.50 0.50 0.07 0.00 0.25 0.06 0.32 431 -1
Result 1 35.0 440 0.41 0.15 0.15 0.17 0.17 0.17 0.19 -1 -1 -1 -1
Evo 1.00 0.50 1.00 0.51 0.50 0.50 0.50 0.07 0.00 0.02 0.10 0.38 481 -1
Result 1 40.0 490 0.43 0.15 0.17 0.17 0.16 0.15 0.20 -1 -1 -1 -1
Evo 1.00 0.50 1.00 0.51 0.50 0.50 0.50 0.08 0.00 0.06 0.06 0.34 339 -1
Result 1 40.0 348 0.42 0.16 0.15 0.18 0.15 0.15 0.19 -1 -1 -1 -1
Evo 1.00 0.50 1.00 0.51 0.50 0.50 0.50 0.07 0.00 0.03 0.11 0.33 504 -1
Result 1 35.0 513 0.41 0.16 0.15 0.16 0.17 0.17 0.20 -1 -1 -1 -1
Evo 1.00 0.00 0.50 0.49 0.50 0.50 0.50 0.06 0.00 0.41 0.12 0.36 -1 630
Result 0 25.0 644 0.39 0.17 0.14 0.15 0.19 0.17 0.18 -1 -1 -1 -1
Evo 1.00 0.50 1.00 0.51 0.50 0.50 0.50 0.08 0.00 0.13 0.05 0.30 382 -1
Result 1 40.0 391 0.36 0.14 0.12 0.18 0.16 0.18 0.23 -1 -1 -1 -1
Evo 1.00 0.50 1.00 0.51 0.50 0.50 0.50 0.08 0.00 0.10 0.08 0.34 377 -1
Result 1 45.0 386 0.37 0.17 0.12 0.18 0.16 0.17 0.20 -1 -1 -1 -1
Evo 1.00 0.50 1.00 0.51 0.50 0.50 0.50 0.07 0.00 0.03 0.06 0.32 560 -1
Result 1 35.0 569 0.41 0.17 0.15 0.16 0.18 0.15 0.18 -1 -1 -1 -1
Evo 1.00 0.50 1.00 0.51 0.50 0.50 0.50 0.08 0.00 0.09 0.12 0.44 430 -1
Result 1 45.0 440 0.40 0.17 0.15 0.17 0.17 0.16 0.19 -1 -1 -1 -1
Evo 1.00 0.50 1.00 0.51 0.50 0.50 0.50 0.08 0.00 0.05 0.08 0.36 375 -1
Result 1 50.0 384 0.36 0.15 0.12 0.17 0.17 0.17 0.22 -1 -1 -1 -1
Evo 1.00 0.00 0.50 0.49 0.50 0.50 0.50 0.07 0.00 0.38 0.06 0.22 -1 474
Result 0 19.0 522 0.41 0.18 0.15 0.15 0.15 0.16 0.22 -1 -1 -1 -1
Evo 1.00 0.50 1.00 0.51 0.50 0.50 0.50 0.08 0.00 0.02 0.11 0.38 518 -1
Result 1 57.0 532 0.44 0.16 0.17 0.15 0.17 0.16 0.18 -1 -1 -1 -1
Evo 1.00 0.00 0.50 0.49 0.50 0.50 0.50 0.07 0.00 0.41 0.06 0.24 -1 493
Result 0 3.0 503 0.44 0.18 0.18 0.15 0.14 0.18 0.17 -1 -1 -1 -1
Evo 1.00 0.00 0.50 0.50 0.50 0.50 0.50 0.04 0.00 0.01 0.18 0.33 -1 1991
Result 0 34.0 2000 0.44 0.15 0.17 0.16 0.18 0.15 0.18 -1 -1 -1 -1
Evo 1.00 0.50 1.00 0.51 0.50 0.50 0.50 0.06 0.00 0.14 0.14 0.36 734 -1
Result 1 47.0 743 0.46 0.14 0.20 0.16 0.16 0.16 0.18 -1 -1 -1 -1
Evo 1.00 0.50 1.00 0.57 0.50 0.50 0.50 0.17 0.01 0.03 0.10 0.31 489 -1
Result 1 47.0 576 0.46 0.14 0.19 0.14 0.15 0.16 0.22 -1 -1 -1 -1
Evo 1.00 0.50 1.00 0.51 0.50 0.50 0.50 0.06 0.00 0.13 0.11 0.33 543 -1
Result 1 47.0 550 0.46 0.14 0.19 0.17 0.17 0.16 0.17 -1 -1 -1 -1
Evo 1.00 0.50 1.00 0.51 0.50 0.50 0.50 0.05 0.00 0.10 0.13 0.38 772 356
Result 1 40.0 784 0.44 0.13 0.18 0.18 0.17 0.15 0.18 -1 -1 -1 -1
Evo 1.00 0.50 1.00 0.51 0.50 0.50 0.50 0.06 0.00 0.09 0.15 0.44 558 -1
Result 1 65.0 565 0.41 0.16 0.15 0.17 0.15 0.17 0.19 -1 -1 -1 -1
Evo 1.00 0.50 1.00 0.51 0.50 0.50 0.50 0.06 0.00 0.03 0.10 0.36 643 -1
Result 1 46.0 652 0.42 0.16 0.16 0.18 0.15 0.16 0.18 -1 -1 -1 -1
Evo 1.00 0.50 1.00 0.51 0.50 0.50 0.50 0.06 0.00 0.08 0.14 0.38 714 -1
Result 1 48.0 723 0.42 0.17 0.16 0.17 0.16 0.16 0.18 -1 -1 -1 -1
Evo 1.00 0.50 1.00 0.51 0.50 0.50 0.50 0.08 0.00 0.08 0.08 0.30 407 -1
Result 1 61.0 416 0.43 0.12 0.17 0.17 0.17 0.16 0.22 -1 -1 -1 -1
Evo 1.00 0.50 1.00 0.51 0.50 0.50 0.50 0.05 0.00 0.02 0.13 0.30 931 -1
Result 1 62.0 943 0.43 0.14 0.17 0.16 0.17 0.17 0.18 -1 -1 -1 -1
Evo 1.00 0.50 1.00 0.51 0.50 0.50 0.50 0.07 0.00 0.04 0.12 0.33 616 -1
Result 1 53.0 626 0.40 0.15 0.14 0.18 0.15 0.19 0.19 -1 -1 -1 -1
Evo 1.00 0.50 1.00 0.51 0.50 0.50 0.50 0.07 0.00 0.14 0.11 0.25 502 -1
Result 1 46.0 514 0.40 0.18 0.14 0.18 0.14 0.16 0.20 -1 -1 -1 -1
Evo 1.00 0.50 1.00 0.51 0.50 0.50 0.50 0.08 0.00 0.02 0.10 0.34 586 -1
Result 1 51.0 600 0.43 0.19 0.17 0.13 0.14 0.16 0.21 -1 -1 -1 -1
Evo 1.00 0.50 1.00 0.51 0.50 0.50 0.50 0.08 0.00 0.25 0.12 0.41 589 -1
Result 1 61.0 605 0.42 0.17 0.16 0.15 0.15 0.15 0.22 -1 -1 -1 -1
Evo 1.00 0.50 1.00 0.51 0.50 0.50 0.50 0.06 0.00 0.13 0.13 0.40 581 -1
Result 1 52.0 590 0.45 0.14 0.18 0.14 0.18 0.16 0.19 -1 -1 -1 -1
Evo 1.00 0.50 1.00 0.51 0.50 0.50 0.50 0.07 0.00 0.10 0.10 0.33 437 -1
Result 1 56.0 446 0.43 0.15 0.17 0.17 0.15 0.18 0.18 -1 -1 -1 -1
Evo 1.00 0.50 1.00 0.51 0.50 0.50 0.50 0.09 0.00 0.07 0.10 0.30 554 -1
Result 1 57.0 570 0.40 0.16 0.14 0.17 0.15 0.17 0.21 -1 -1 -1 -1
Evo 1.00 0.50 1.00 0.51 0.50 0.50 0.50 0.07 0.00 0.33 0.13 0.35 569 -1
Result 1 73.0 578 0.41 0.15 0.15 0.18 0.17 0.16 0.19 -1 -1 -1 -1
Evo 1.00 0.50 1.00 0.52 0.50 0.50 0.50 0.11 0.00 0.03 0.08 0.30 536 -1
Result 1 49.0 600 0.42 0.16 0.16 0.17 0.16 0.14 0.21 -1 -1 -1 -1
Evo 1.00 0.50 1.00 0.51 0.50 0.50 0.50 0.06 0.00 0.04 0.13 0.45 639 -1
Result 1 64.0 648 0.43 0.16 0.17 0.16 0.14 0.18 0.19 -1 -1 -1 -1
Evo 1.00 0.50 1.00 0.52 0.50 0.50 0.50 0.10 0.00 0.03 0.10 0.36 442 -1
Result 1 76.0 462 0.43 0.14 0.16 0.15 0.17 0.14 0.24 -1 -1 -1 -1
Evo 1.00 0.50 1.00 0.52 0.50 0.50 0.50 0.09 0.00 0.05 0.09 0.32 550 -1
Result 1 63.0 566 0.41 0.16 0.15 0.14 0.16 0.16 0.22 -1 -1 -1 -1
Evo 1.00 0.50 1.00 0.52 0.50 0.50 0.50 0.09 0.00 0.17 0.10 0.33 511 -1
Result 1 68.0 527 0.43 0.15 0.17 0.14 0.15 0.14 0.26 -1 -1 -1 -1
Evo 1.00 0.50 1.00 0.51 0.50 0.50 0.50 0.07 0.00 0.14 0.09 0.34 492 -1
Result 1 86.0 501 0.44 0.14 0.17 0.16 0.17 0.14 0.21 -1 -1 -1 -1
Evo 1.00 0.50 1.00 0.51 0.50 0.50 0.50 0.08 0.00 0.20 0.11 0.38 573 -1
Result 1 55.0 586 0.41 0.14 0.15 0.17 0.17 0.15 0.21 -1 -1 -1 -1
Evo 1.00 0.50 1.00 0.51 0.50 0.50 0.50 0.06 0.00 0.05 0.10 0.39 631 -1
Result 1 69.0 641 0.39 0.17 0.13 0.17 0.15 0.16 0.22 -1 -1 -1 -1
Evo 1.00 0.50 1.00 0.51 0.50 0.50 0.50 0.07 0.00 0.09 0.10 0.34 551 -1
Result 1 64.0 560 0.45 0.13 0.18 0.14 0.18 0.14 0.23 -1 -1 -1 -1
Evo 1.00 0.50 1.00 0.51 0.50 0.50 0.50 0.06 0.00 0.37 0.13 0.39 708 -1
Result 1 65.0 717 0.44 0.14 0.18 0.16 0.16 0.18 0.18 -1 -1 -1 -1
Evo 1.00 0.50 1.00 0.51 0.50 0.50 0.50 0.06 0.00 0.25 0.07 0.28 581 -1
Result 1 65.0 590 0.41 0.14 0.15 0.16 0.17 0.19 0.19 -1 -1 -1 -1
Evo 1.00 0.50 1.00 0.51 0.50 0.50 0.50 0.07 0.00 0.03 0.12 0.41 476 -1
Result 1 87.0 485 0.42 0.18 0.16 0.13 0.14 0.16 0.23 -1 -1 -1 -1
Evo 1.00 0.50 1.00 0.51 0.50 0.50 0.50 0.07 0.00 0.21 0.08 0.32 401 -1
Result 1 90.0 409 0.39 0.18 0.13 0.17 0.15 0.15 0.23 -1 -1 -1 -1
Evo 1.00 0.50 1.00 0.51 0.50 0.50 0.50 0.06 0.00 0.04 0.10 0.34 577 -1
Result 1 85.0 586 0.43 0.17 0.16 0.16 0.15 0.15 0.22 -1 -1 -1 -1
Evo 1.00 0.50 1.00 0.51 0.50 0.50 0.50 0.07 0.00 0.17 0.10 0.31 586 -1
Result 1 73.0 598 0.43 0.15 0.16 0.16 0.17 0.14 0.22 -1 -1 -1 -1
Evo 1.00 0.50 1.00 0.51 0.50 0.50 0.50 0.06 0.00 0.06 0.10 0.37 597 -1
Result 1 68.0 606 0.42 0.16 0.16 0.16 0.13 0.18 0.21 -1 -1 -1 -1
Evo 1.00 0.50 1.00 0.51 0.50 0.50 0.50 0.06 0.00 0.23 0.13 0.44 573 -1
Result 1 64.0 582 0.42 0.16 0.16 0.14 0.20 0.14 0.20 -1 -1 -1 -1
Evo 1.00 0.50 1.00 0.51 0.50 0.50 0.50 0.06 0.00 0.04 0.15 0.46 770 -1
Result 1 66.0 779 0.44 0.14 0.17 0.17 0.16 0.17 0.19 -1 -1 -1 -1
Evo 1.00 0.50 1.00 0.51 0.50 0.50 0.50 0.06 0.00 0.01 0.13 0.41 617 -1
Result 1 86.0 626 0.42 0.15 0.16 0.19 0.15 0.15 0.20 -1 -1 -1 -1
