Evo 1.00 0.00 1.00 0.92 0.94 1.00 1.00 0.21 0.01 0.03 0.32 0.70 -1 477
Result 0 17.0 486 0.48 0.18 0.21 0.22 0.20 0.19 -1 -1 -1 -1 -1
Evo 1.00 0.00 1.00 0.97 1.00 1.00 1.00 0.18 0.01 0.11 0.18 0.43 -1 283
Result 0 10.0 292 0.45 0.18 0.19 0.23 0.21 0.19 -1 -1 -1 -1 -1
Evo 1.00 0.00 1.00 0.98 1.00 1.00 1.00 0.15 0.01 0.20 0.26 0.62 -1 436
Result 0 13.0 445 0.48 0.19 0.22 0.21 0.18 0.20 -1 -1 -1 -1 -1
Evo 1.00 0.00 1.00 0.98 1.00 1.00 1.00 0.14 0.01 0.13 0.24 0.54 -1 505
Result 0 220.0 514 0.45 0.20 0.18 0.20 0.23 0.19 -1 -1 -1 -1 -1
Evo 1.00 0.00 1.00 0.97 1.00 1.00 1.00 0.18 0.01 0.10 0.18 0.55 -1 283
Result 0 10.0 292 0.48 0.21 0.22 0.21 0.20 0.16 -1 -1 -1 -1 -1
Evo 1.00 0.00 1.00 0.97 1.00 1.00 1.00 0.18 0.01 0.18 0.19 0.51 -1 283
Result 0 10.0 292 0.47 0.21 0.21 0.20 0.24 0.14 -1 -1 -1 -1 -1
Evo 1.00 0.00 1.00 0.97 1.00 1.00 1.00 0.18 0.01 0.10 0.21 0.52 -1 283
Result 0 10.0 292 0.47 0.19 0.21 0.20 0.19 0.20 -1 -1 -1 -1 -1
Evo 1.00 0.00 1.00 0.97 1.00 1.00 1.00 0.18 0.01 0.13 0.19 0.54 -1 283
Result 0 10.0 292 0.43 0.21 0.16 0.22 0.22 0.19 -1 -1 -1 -1 -1
Evo 1.00 0.00 1.00 0.97 1.00 1.00 1.00 0.18 0.01 0.14 0.19 0.50 -1 283
Result 0 10.0 292 0.43 0.23 0.17 0.22 0.20 0.19 -1 -1 -1 -1 -1
Evo 1.00 0.00 1.00 0.98 1.00 1.00 1.00 0.14 0.01 0.02 0.31 0.74 -1 505
Result 0 220.0 514 0.47 0.19 0.20 0.20 0.21 0.20 -1 -1 -1 -1 -1
Evo 1.00 0.00 1.00 1.00 1.00 1.00 1.00 0.05 0.00 0.06 0.38 0.60 991 669
Result 1 217.0 1000 0.46 0.18 0.19 0.22 0.21 0.19 -1 -1 -1 -1 -1
Evo 1.00 0.00 0.50 0.49 0.50 0.50 0.50 0.07 0.00 0.20 0.30 0.70 -1 505
Result 0 18.0 514 0.46 0.19 0.19 0.21 0.20 0.21 -1 -1 -1 -1 -1
Evo 1.00 0.00 0.50 0.48 0.50 0.50 0.50 0.09 0.01 0.42 0.24 0.62 -1 283
Result 0 12.0 292 0.47 0.19 0.20 0.19 0.17 0.24 -1 -1 -1 -1 -1
Evo 1.00 0.00 0.50 0.49 0.50 0.50 0.50 0.07 0.00 0.20 0.29 0.58 -1 491
Result 0 119.0 500 0.47 0.19 0.20 0.21 0.19 0.21 -1 -1 -1 -1 -1
Evo 1.00 0.00 0.50 0.49 0.50 0.50 0.50 0.06 0.00 0.16 0.36 0.61 -1 283
Result 0 8.0 704 0.47 0.18 0.21 0.22 0.21 0.19 -1 -1 -1 -1 -1
Evo 1.00 0.00 0.50 0.49 0.50 0.50 0.50 0.07 0.00 0.25 0.29 0.69 -1 436
Result 0 14.0 445 0.46 0.20 0.20 0.21 0.20 0.20 -1 -1 -1 -1 -1
Evo 1.00 0.00 0.50 0.48 0.50 0.50 0.50 0.09 0.01 0.24 0.21 0.60 -1 283
Result 0 12.0 292 0.47 0.20 0.20 0.19 0.16 0.25 -1 -1 -1 -1 -1
Evo 1.00 0.00 0.50 0.48 0.50 0.50 0.50 0.09 0.01 0.14 0.21 0.65 -1 283
Result 0 7.0 292 0.47 0.20 0.20 0.18 0.17 0.24 -1 -1 -1 -1 -1
Evo 1.00 0.00 0.50 0.48 0.50 0.50 0.50 0.09 0.01 0.30 0.22 0.60 -1 283
Result 0 6.0 292 0.45 0.22 0.19 0.16 0.20 0.23 -1 -1 -1 -1 -1
Evo 1.00 0.00 0.50 0.49 0.50 0.50 0.50 0.06 0.00 0.17 0.29 0.54 -1 669
Result 0 25.0 678 0.46 0.18 0.20 0.21 0.21 0.20 -1 -1 -1 -1 -1
Evo 1.00 0.00 0.50 0.49 0.50 0.50 0.50 0.06 0.00 0.29 0.31 0.60 -1 620
Result 0 21.0 629 0.48 0.20 0.23 0.18 0.18 0.21 -1 -1 -1 -1 -1
Evo 1.00 0.00 0.50 0.48 0.50 0.50 0.50 0.09 0.01 0.18 0.19 0.54 -1 283
Result 0 14.0 292 0.49 0.14 0.23 0.20 0.22 0.21 -1 -1 -1 -1 -1
Evo 1.00 0.00 0.50 0.48 0.50 0.50 0.50 0.09 0.01 0.18 0.17 0.50 -1 283
Result 0 12.0 292 0.45 0.23 0.19 0.19 0.20 0.20 -1 -1 -1 -1 -1
Evo 1.00 0.00 0.50 0.48 0.50 0.50 0.50 0.09 0.01 0.49 0.18 0.47 -1 283
Result 0 7.0 292 0.49 0.16 0.23 0.20 0.19 0.22 -1 -1 -1 -1 -1
Evo 1.01 0.00 0.50 0.46 0.50 0.50 0.50 0.14 0.01 0.53 0.08 0.34 -1 104
Result 0 2.0 113 0.52 0.15 0.29 0.15 0.16 0.25 -1 -1 -1 -1 -1
Evo 1.00 0.00 0.50 0.49 0.50 0.50 0.50 0.06 0.00 0.28 0.37 0.72 -1 620
Result 0 21.0 629 0.46 0.18 0.20 0.21 0.20 0.21 -1 -1 -1 -1 -1
Evo 1.00 0.00 0.50 0.49 0.50 0.50 0.50 0.06 0.00 0.24 0.39 0.80 -1 620
Result 0 21.0 629 0.47 0.20 0.20 0.20 0.18 0.22 -1 -1 -1 -1 -1
Evo 1.00 0.00 0.50 0.48 0.50 0.50 0.50 0.09 0.01 0.48 0.16 0.46 -1 283
Result 0 12.0 292 0.48 0.17 0.22 0.22 0.16 0.23 -1 -1 -1 -1 -1
Evo 1.01 0.00 0.50 0.46 0.50 0.50 0.50 0.14 0.01 0.20 0.09 0.35 -1 104
Result 0 2.0 113 0.47 0.19 0.20 0.22 0.13 0.25 -1 -1 -1 -1 -1
Evo 1.00 0.00 0.50 0.48 0.50 0.50 0.50 0.09 0.01 0.21 0.20 0.67 -1 265
Result 0 8.0 274 0.48 0.21 0.21 0.21 0.19 0.17 -1 -1 -1 -1 -1
Evo 1.00 0.00 0.50 0.48 0.50 0.50 0.50 0.09 0.01 0.12 0.14 0.41 -1 265
Result 0 8.0 274 0.49 0.21 0.23 0.15 0.17 0.24 -1 -1 -1 -1 -1
Evo 1.00 0.00 0.50 0.48 0.50 0.50 0.50 0.09 0.01 0.47 0.15 0.55 -1 283
Result 0 12.0 292 0.45 0.18 0.18 0.21 0.19 0.23 -1 -1 -1 -1 -1
Evo 1.00 0.00 0.50 0.49 0.50 0.50 0.50 0.06 0.00 0.25 0.49 0.81 -1 775
Result 0 25.0 784 0.47 0.20 0.21 0.20 0.20 0.19 -1 -1 -1 -1 -1
Evo 1.00 0.00 0.50 0.49 0.50 0.50 0.50 0.06 0.00 0.24 0.38 0.68 -1 775
Result 0 25.0 784 0.44 0.19 0.18 0.23 0.20 0.20 -1 -1 -1 -1 -1
Evo 1.01 0.00 0.50 0.46 0.50 0.50 0.50 0.14 0.01 0.53 0.10 0.37 -1 104
Result 0 2.0 113 0.47 0.18 0.20 0.18 0.17 0.28 -1 -1 -1 -1 -1
Evo 1.00 0.50 1.00 0.51 0.50 0.50 0.50 0.05 0.00 0.27 0.49 0.81 991 -1
Result 1 134.0 1000 0.47 0.21 0.21 0.20 0.19 0.19 -1 -1 -1 -1 -1
Evo 1.00 0.00 0.50 0.48 0.50 0.50 0.50 0.09 0.01 0.25 0.17 0.43 -1 265
Result 0 11.0 274 0.48 0.19 0.22 0.21 0.14 0.23 -1 -1 -1 -1 -1
Evo 1.00 0.00 0.50 0.48 0.50 0.50 0.50 0.10 0.01 0.29 0.15 0.47 -1 206
Result 0 5.0 215 0.46 0.19 0.19 0.21 0.19 0.22 -1 -1 -1 -1 -1
Evo 1.00 0.00 0.50 0.48 0.50 0.50 0.50 0.09 0.01 0.50 0.21 0.58 -1 283
Result 0 11.0 292 0.47 0.18 0.21 0.21 0.19 0.20 -1 -1 -1 -1 -1
Evo 1.01 0.00 0.50 0.46 0.50 0.50 0.50 0.14 0.01 0.53 0.14 0.56 -1 104
Result 0 2.0 113 0.44 0.23 0.18 0.24 0.19 0.17 -1 -1 -1 -1 -1
Evo 1.02 0.00 0.50 0.41 0.50 0.50 0.50 0.20 0.03 0.50 0.06 0.31 -1 43
Result 0 0.0 52 0.47 0.30 0.21 0.13 0.17 0.19 -1 -1 -1 -1 -1
Evo 1.00 0.00 0.50 0.49 0.50 0.50 0.50 0.08 0.00 0.20 0.19 0.52 -1 43
Result 0 13.0 352 0.48 0.21 0.22 0.19 0.17 0.21 -1 -1 -1 -1 -1
Evo 1.00 0.00 0.50 0.48 0.50 0.50 0.50 0.09 0.01 0.35 0.21 0.58 -1 285
Result 0 14.0 294 0.48 0.20 0.21 0.20 0.19 0.20 -1 -1 -1 -1 -1
Evo 1.02 0.00 0.50 0.44 0.50 0.50 0.50 0.16 0.02 0.53 0.05 0.37 -1 43
Result 0 0.0 52 0.45 0.19 0.19 0.23 0.25 0.15 -1 -1 -1 -1 -1
Evo 1.00 0.00 0.50 0.48 0.50 0.50 0.50 0.09 0.01 0.42 0.26 0.71 -1 285
Result 0 10.0 294 0.44 0.22 0.17 0.24 0.17 0.20 -1 -1 -1 -1 -1
Evo 1.00 0.00 0.50 0.48 0.50 0.50 0.50 0.09 0.01 0.52 0.19 0.57 -1 157
Result 0 3.0 274 0.44 0.20 0.18 0.19 0.21 0.21 -1 -1 -1 -1 -1
Evo 1.02 0.00 0.50 0.41 0.50 0.50 0.50 0.20 0.03 0.52 0.04 0.29 -1 43
Result 0 0.0 52 0.43 0.25 0.17 0.19 0.19 0.21 -1 -1 -1 -1 -1
Evo 1.00 0.00 0.50 0.48 0.50 0.50 0.50 0.10 0.01 0.27 0.16 0.60 -1 43
Result 0 9.0 274 0.43 0.27 0.17 0.19 0.24 0.13 -1 -1 -1 -1 -1
Evo 1.00 0.00 0.50 0.49 0.50 0.50 0.50 0.05 0.00 0.23 0.38 0.70 -1 826
Result 0 127.0 835 0.49 0.20 0.24 0.18 0.19 0.18 -1 -1 -1 -1 -1
Evo 1.02 0.00 0.50 0.41 0.50 0.50 0.50 0.20 0.03 0.11 0.04 0.30 -1 43
Result 0 0.0 52 0.51 0.19 0.26 0.17 0.19 0.19 -1 -1 -1 -1 -1
Evo 1.00 0.00 0.50 0.49 0.50 0.50 0.50 0.05 0.00 0.22 0.43 0.70 -1 826
Result 0 228.0 835 0.47 0.19 0.20 0.20 0.21 0.19 -1 -1 -1 -1 -1
Evo 1.02 0.00 0.50 0.41 0.50 0.50 0.50 0.20 0.03 0.11 0.06 0.28 -1 43
Result 0 0.0 52 0.43 0.13 0.17 0.21 0.26 0.23 -1 -1 -1 -1 -1
Evo 1.02 0.00 0.50 0.41 0.50 0.50 0.50 0.20 0.03 0.49 0.06 0.33 -1 43
Result 0 0.0 52 0.53 0.06 0.34 0.23 0.17 0.21 -1 -1 -1 -1 -1
Evo 1.02 0.00 0.50 0.41 0.50 0.50 0.50 0.20 0.03 0.53 0.07 0.35 -1 43
Result 0 0.0 52 0.50 0.11 0.25 0.19 0.17 0.28 -1 -1 -1 -1 -1
Evo 1.00 0.00 0.50 0.48 0.50 0.50 0.50 0.09 0.01 0.38 0.18 0.65 -1 285
Result 0 10.0 294 0.46 0.19 0.19 0.24 0.17 0.21 -1 -1 -1 -1 -1
Evo 1.00 0.00 0.50 0.48 0.50 0.50 0.50 0.09 0.01 0.47 0.16 0.59 -1 265
Result 0 8.0 274 0.48 0.17 0.21 0.23 0.17 0.21 -1 -1 -1 -1 -1
Evo 1.02 0.00 0.50 0.41 0.50 0.50 0.50 0.20 0.03 0.49 0.05 0.31 -1 43
Result 0 0.0 52 0.45 0.13 0.19 0.23 0.25 0.21 -1 -1 -1 -1 -1
Evo 1.00 0.00 0.50 0.48 0.50 0.50 0.50 0.09 0.01 0.39 0.17 0.67 -1 265
Result 0 8.0 274 0.43 0.23 0.16 0.24 0.15 0.21 -1 -1 -1 -1 -1
Evo 1.00 0.00 0.50 0.48 0.50 0.50 0.50 0.09 0.01 0.27 0.20 0.57 -1 285
Result 0 11.0 294 0.48 0.19 0.22 0.19 0.21 0.19 -1 -1 -1 -1 -1
Evo 1.00 0.00 0.50 0.48 0.50 0.50 0.50 0.09 0.01 0.29 0.19 0.62 -1 285
Result 0 12.0 294 0.47 0.24 0.20 0.19 0.17 0.19 -1 -1 -1 -1 -1
Evo 1.01 0.00 0.50 0.44 0.50 0.50 0.50 0.16 0.02 0.30 0.07 0.30 -1 73
Result 0 2.0 82 0.39 0.28 0.13 0.20 0.20 0.18 -1 -1 -1 -1 -1
Evo 1.01 0.00 0.50 0.44 0.50 0.50 0.50 0.16 0.02 0.30 0.08 0.30 -1 73
Result 0 2.0 82 0.45 0.20 0.18 0.17 0.23 0.22 -1 -1 -1 -1 -1
Evo 1.01 0.00 0.50 0.44 0.50 0.50 0.50 0.16 0.02 0.33 0.07 0.36 -1 73
Result 0 2.0 82 0.48 0.16 0.22 0.17 0.24 0.22 -1 -1 -1 -1 -1
Evo 1.01 0.00 0.50 0.44 0.50 0.50 0.50 0.16 0.02 0.30 0.04 0.17 -1 73
Result 0 2.0 82 0.49 0.22 0.23 0.25 0.14 0.16 -1 -1 -1 -1 -1
Evo 1.01 0.00 0.50 0.44 0.50 0.50 0.50 0.16 0.02 0.33 0.05 0.24 -1 73
Result 0 2.0 82 0.47 0.25 0.20 0.12 0.25 0.17 -1 -1 -1 -1 -1
Evo 1.01 0.00 0.50 0.44 0.50 0.50 0.50 0.16 0.02 0.30 0.04 0.19 -1 73
Result 0 2.0 82 0.49 0.25 0.23 0.22 0.17 0.13 -1 -1 -1 -1 -1
Evo 1.01 0.00 0.50 0.44 0.50 0.50 0.50 0.16 0.02 0.30 0.07 0.28 -1 73
Result 0 2.0 82 0.45 0.23 0.18 0.19 0.20 0.19 -1 -1 -1 -1 -1
Evo 1.01 0.00 0.50 0.44 0.50 0.50 0.50 0.16 0.02 0.30 0.08 0.36 -1 73
Result 0 2.0 82 0.47 0.20 0.20 0.18 0.18 0.23 -1 -1 -1 -1 -1
Evo 1.01 0.00 0.50 0.44 0.50 0.50 0.50 0.16 0.02 0.30 0.06 0.26 -1 73
Result 0 2.0 82 0.49 0.17 0.23 0.20 0.20 0.19 -1 -1 -1 -1 -1
Evo 1.01 0.00 0.50 0.44 0.50 0.50 0.50 0.16 0.02 0.30 0.06 0.25 -1 73
Result 0 2.0 82 0.40 0.20 0.14 0.25 0.23 0.17 -1 -1 -1 -1 -1
Evo 1.01 0.00 0.50 0.44 0.50 0.50 0.50 0.16 0.02 0.37 0.08 0.41 -1 73
Result 0 2.0 82 0.50 0.18 0.25 0.11 0.24 0.22 -1 -1 -1 -1 -1
Evo 1.01 0.00 0.50 0.44 0.50 0.50 0.50 0.16 0.02 0.30 0.04 0.21 -1 73
Result 0 2.0 82 0.49 0.13 0.23 0.23 0.24 0.17 -1 -1 -1 -1 -1
Evo 1.01 0.00 0.50 0.44 0.50 0.50 0.50 0.16 0.02 0.30 0.04 0.21 -1 73
Result 0 2.0 82 0.51 0.12 0.28 0.23 0.19 0.18 -1 -1 -1 -1 -1
Evo 1.01 0.00 0.50 0.44 0.50 0.50 0.50 0.16 0.02 0.33 0.06 0.23 -1 73
Result 0 2.0 82 0.50 0.22 0.25 0.19 0.14 0.19 -1 -1 -1 -1 -1
Evo 1.01 0.00 0.50 0.44 0.50 0.50 0.50 0.16 0.02 0.35 0.08 0.30 -1 73
Result 0 2.0 82 0.43 0.17 0.17 0.27 0.19 0.20 -1 -1 -1 -1 -1
Evo 1.01 0.00 0.50 0.44 0.50 0.50 0.50 0.16 0.02 0.30 0.04 0.19 -1 73
Result 0 2.0 82 0.43 0.19 0.17 0.25 0.25 0.13 -1 -1 -1 -1 -1
Evo 1.01 0.00 0.50 0.44 0.50 0.50 0.50 0.16 0.02 0.30 0.06 0.21 -1 73
Result 0 2.0 82 0.51 0.19 0.27 0.18 0.14 0.22 -1 -1 -1 -1 -1
Evo 1.01 0.00 0.50 0.44 0.50 0.50 0.50 0.16 0.02 0.30 0.07 0.36 -1 73
Result 0 2.0 82 0.52 0.14 0.29 0.16 0.18 0.23 -1 -1 -1 -1 -1
Evo 1.01 0.00 0.50 0.44 0.50 0.50 0.50 0.16 0.02 0.30 0.06 0.25 -1 73
Result 0 2.0 82 0.43 0.16 0.17 0.19 0.30 0.18 -1 -1 -1 -1 -1
Evo 1.01 0.00 0.50 0.44 0.50 0.50 0.50 0.16 0.02 0.30 0.06 0.21 -1 73
Result 0 2.0 82 0.49 0.20 0.23 0.22 0.17 0.18 -1 -1 -1 -1 -1
Evo 1.01 0.00 0.50 0.44 0.50 0.50 0.50 0.16 0.02 0.30 0.05 0.23 -1 73
Result 0 2.0 82 0.42 0.23 0.16 0.27 0.17 0.18 -1 -1 -1 -1 -1
Evo 1.01 0.00 0.50 0.44 0.50 0.50 0.50 0.16 0.02 0.30 0.06 0.31 -1 73
Result 0 2.0 82 0.42 0.23 0.16 0.22 0.18 0.22 -1 -1 -1 -1 -1
Evo 1.01 0.00 0.50 0.44 0.50 0.50 0.50 0.16 0.02 0.42 0.08 0.38 -1 73
Result 0 2.0 82 0.49 0.13 0.24 0.14 0.28 0.20 -1 -1 -1 -1 -1
Evo 1.00 0.00 0.50 0.49 0.50 0.50 0.50 0.07 0.00 0.50 0.25 0.77 -1 311
Result 0 11.0 320 0.49 0.18 0.23 0.15 0.22 0.22 -1 -1 -1 -1 -1
Evo 1.01 0.00 0.50 0.44 0.50 0.50 0.50 0.16 0.02 0.30 0.06 0.26 -1 73
Result 0 2.0 82 0.49 0.19 0.24 0.20 0.20 0.16 -1 -1 -1 -1 -1
Evo 1.01 0.00 0.50 0.44 0.50 0.50 0.50 0.16 0.02 0.37 0.06 0.26 -1 73
Result 0 2.0 82 0.50 0.14 0.25 0.19 0.22 0.19 -1 -1 -1 -1 -1
Evo 1.01 0.00 0.50 0.44 0.50 0.50 0.50 0.16 0.02 0.30 0.07 0.33 -1 73
Result 0 2.0 82 0.46 0.22 0.19 0.13 0.24 0.22 -1 -1 -1 -1 -1
Evo 1.01 0.00 0.50 0.44 0.50 0.50 0.50 0.16 0.02 0.30 0.08 0.30 -1 73
Result 0 2.0 82 0.43 0.18 0.17 0.18 0.22 0.25 -1 -1 -1 -1 -1
Evo 1.01 0.00 0.50 0.44 0.50 0.50 0.50 0.16 0.02 0.33 0.08 0.32 -1 73
Result 0 2.0 82 0.51 0.14 0.27 0.17 0.23 0.19 -1 -1 -1 -1 -1
Evo 1.01 0.00 0.50 0.44 0.50 0.50 0.50 0.16 0.02 0.30 0.08 0.29 -1 73
Result 0 2.0 82 0.39 0.22 0.13 0.18 0.23 0.24 -1 -1 -1 -1 -1
Evo 1.01 0.00 0.50 0.44 0.50 0.50 0.50 0.16 0.02 0.30 0.04 0.20 -1 73
Result 0 2.0 82 0.50 0.18 0.25 0.19 0.22 0.16 -1 -1 -1 -1 -1
Evo 1.01 0.00 0.50 0.44 0.50 0.50 0.50 0.16 0.02 0.30 0.05 0.24 -1 73
Result 0 2.0 82 0.46 0.29 0.19 0.17 0.18 0.17 -1 -1 -1 -1 -1
Evo 1.01 0.00 0.50 0.44 0.50 0.50 0.50 0.16 0.02 0.30 0.08 0.32 -1 73
Result 0 2.0 82 0.40 0.25 0.14 0.17 0.22 0.22 -1 -1 -1 -1 -1
Evo 1.01 0.00 0.50 0.44 0.50 0.50 0.50 0.16 0.02 0.30 0.05 0.20 -1 73
Result 0 2.0 82 0.51 0.24 0.27 0.19 0.14 0.16 -1 -1 -1 -1 -1
Evo 1.01 0.00 0.50 0.44 0.50 0.50 0.50 0.16 0.02 0.53 0.08 0.29 -1 73
Result 0 2.0 82 0.49 0.19 0.23 0.16 0.23 0.19 -1 -1 -1 -1 -1
Evo 1.01 0.00 0.50 0.44 0.50 0.50 0.50 0.16 0.02 0.30 0.08 0.25 -1 73
Result 0 2.0 82 0.45 0.19 0.18 0.22 0.22 0.19 -1 -1 -1 -1 -1
Evo 1.00 0.00 0.50 0.48 0.50 0.50 0.50 0.09 0.01 0.37 0.22 0.64 -1 283
Result 0 14.0 292 0.48 0.17 0.22 0.18 0.18 0.25 -1 -1 -1 -1 -1
Evo 1.01 0.00 0.50 0.44 0.50 0.50 0.50 0.16 0.02 0.30 0.05 0.22 -1 73
Result 0 2.0 82 0.47 0.16 0.20 0.22 0.24 0.18 -1 -1 -1 -1 -1
Evo 1.01 0.00 0.50 0.44 0.50 0.50 0.50 0.16 0.02 0.40 0.10 0.44 -1 73
Result 0 2.0 82 0.48 0.22 0.22 0.14 0.17 0.25 -1 -1 -1 -1 -1
Evo 1.01 0.00 0.50 0.44 0.50 0.50 0.50 0.16 0.02 0.30 0.07 0.27 -1 73
Result 0 2.0 82 0.51 0.14 0.27 0.17 0.28 0.14 -1 -1 -1 -1 -1
