Evo 1.00 0.00 1.00 0.99 1.00 1.00 1.00 0.10 0.00 0.02 0.25 0.53 -1 0
Result 0 4.0 1000 0.44 0.24 0.17 0.17 0.22 0.20 -1 -1 -1 -1 -1
Evo 1.00 0.00 1.00 0.99 1.00 1.00 1.00 0.10 0.00 0.13 0.28 0.69 -1 0
Result 0 4.0 1000 0.44 0.22 0.17 0.17 0.22 0.22 -1 -1 -1 -1 -1
Evo 1.00 0.00 1.00 1.00 1.00 1.00 1.00 0.04 0.00 0.19 0.30 0.74 -1 0
Result 0 4.0 992 0.45 0.22 0.17 0.19 0.24 0.18 -1 -1 -1 -1 -1
Evo 1.00 0.00 1.00 0.99 1.00 1.00 1.00 0.10 0.00 0.21 0.36 0.83 -1 0
Result 0 4.0 1000 0.44 0.23 0.18 0.18 0.17 0.25 -1 -1 -1 -1 -1
Evo 1.02 0.00 1.00 0.91 1.00 1.00 1.00 0.29 0.04 0.51 0.07 0.09 -1 0
Result 0 2.0 55 0.48 0.25 0.14 0.21 0.20 0.20 -1 -1 -1 -1 -1
Evo 1.00 0.00 1.00 0.99 1.00 1.00 1.00 0.10 0.00 0.14 0.25 0.61 -1 0
Result 0 4.0 1000 0.44 0.21 0.17 0.18 0.22 0.22 -1 -1 -1 -1 -1
Evo 1.00 0.00 1.00 0.99 1.00 1.00 1.00 0.10 0.00 0.13 0.30 0.63 -1 0
Result 0 5.0 1000 0.45 0.22 0.18 0.18 0.21 0.21 -1 -1 -1 -1 -1
Evo 1.00 0.00 1.00 0.99 1.00 1.00 1.00 0.07 0.00 0.14 0.82 1.35 -1 0
Result 0 4.0 995 0.46 0.22 0.19 0.19 0.20 0.19 -1 -1 -1 -1 -1
Evo 1.00 0.00 1.00 0.99 1.00 1.00 1.00 0.10 0.00 0.13 0.30 0.69 -1 0
Result 0 4.0 1000 0.44 0.21 0.18 0.17 0.22 0.22 -1 -1 -1 -1 -1
Evo 1.00 0.00 1.00 0.99 1.00 1.00 1.00 0.10 0.00 0.20 0.26 0.52 -1 0
Result 0 5.0 1000 0.46 0.21 0.17 0.19 0.22 0.21 -1 -1 -1 -1 -1
Evo 1.00 0.00 1.00 0.99 1.00 1.00 1.00 0.09 0.00 0.04 0.72 1.11 -1 0
Result 0 2.0 663 0.45 0.23 0.22 0.19 0.18 0.19 -1 -1 -1 -1 -1
Evo 1.00 0.00 1.00 0.99 1.00 1.00 1.00 0.08 0.00 0.14 0.26 0.55 -1 0
Result 0 4.0 997 0.44 0.23 0.17 0.18 0.19 0.24 -1 -1 -1 -1 -1
Evo 1.00 1.00 1.00 1.00 1.00 1.00 1.00 0.00 0.00 0.22 0.50 0.90 556 0
Result 1 5.0 565 0.47 0.22 0.20 0.20 0.17 0.21 -1 -1 -1 -1 -1
Evo 1.00 0.00 0.50 0.50 0.50 0.50 0.50 0.05 0.00 0.03 0.31 0.84 -1 0
Result 0 4.0 1000 0.43 0.22 0.19 0.17 0.23 0.19 -1 -1 -1 -1 -1
Evo 1.00 0.00 0.50 0.50 0.50 0.50 0.50 0.05 0.00 0.14 1.01 1.38 -1 0
Result 0 4.0 1000 0.46 0.22 0.22 0.19 0.18 0.19 -1 -1 -1 -1 -1
Evo 1.00 0.00 0.50 0.50 0.50 0.50 0.50 0.04 0.00 0.12 0.25 0.49 -1 0
Result 0 4.0 998 0.46 0.23 0.17 0.19 0.21 0.20 -1 -1 -1 -1 -1
Evo 1.00 0.50 1.00 0.52 0.50 0.50 0.50 0.09 0.01 0.35 0.42 0.82 279 0
Result 1 5.0 288 0.47 0.25 0.16 0.21 0.19 0.19 -1 -1 -1 -1 -1
Evo 1.00 0.00 0.50 0.50 0.50 0.50 0.50 0.05 0.00 0.14 0.54 1.15 -1 0
Result 0 5.0 1000 0.46 0.20 0.18 0.19 0.21 0.21 -1 -1 -1 -1 -1
Evo 1.00 0.00 0.50 0.50 0.50 0.50 0.50 0.02 0.00 0.15 0.26 0.77 -1 0
Result 0 4.0 991 0.45 0.23 0.18 0.19 0.21 0.19 -1 -1 -1 -1 -1
Evo 1.00 0.00 0.50 0.50 0.50 0.50 0.50 0.05 0.00 0.13 0.26 0.65 -1 0
Result 0 4.0 1000 0.43 0.23 0.18 0.17 0.19 0.23 -1 -1 -1 -1 -1
Evo 1.03 0.00 0.50 0.37 0.00 0.50 0.50 0.22 0.04 0.52 0.10 0.13 -1 0
Result 0 3.0 37 0.52 0.18 0.13 0.29 0.26 0.13 -1 -1 -1 -1 -1
Evo 1.01 0.00 0.50 0.47 0.50 0.50 0.50 0.12 0.01 0.25 0.44 0.62 -1 0
Result 0 4.0 140 0.43 0.24 0.21 0.17 0.18 0.20 -1 -1 -1 -1 -1
Evo 1.02 0.00 0.50 0.39 0.50 0.50 0.50 0.21 0.03 0.49 0.11 0.14 -1 0
Result 0 3.0 44 0.50 0.24 0.18 0.24 0.24 0.09 -1 -1 -1 -1 -1
Evo 1.02 0.00 0.50 0.39 0.50 0.50 0.50 0.21 0.03 0.51 0.10 0.13 -1 0
Result 0 3.0 43 0.47 0.20 0.16 0.20 0.32 0.11 -1 -1 -1 -1 -1
Evo 1.02 0.00 0.50 0.39 0.50 0.50 0.50 0.21 0.03 0.48 0.11 0.13 -1 0
Result 0 3.0 44 0.44 0.13 0.20 0.18 0.31 0.18 -1 -1 -1 -1 -1
Evo 1.01 0.50 1.00 0.55 0.50 0.50 0.50 0.14 0.01 0.17 0.30 0.46 101 0
Result 1 6.0 110 0.45 0.22 0.24 0.19 0.18 0.17 -1 -1 -1 -1 -1
Evo 1.01 0.50 1.00 0.55 0.50 0.50 0.50 0.14 0.01 0.14 0.25 0.43 99 0
Result 1 6.0 108 0.46 0.17 0.27 0.19 0.21 0.16 -1 -1 -1 -1 -1
Evo 1.02 0.00 0.50 0.39 0.50 0.50 0.50 0.21 0.03 0.51 0.10 0.13 -1 0
Result 0 3.0 43 0.51 0.11 0.16 0.27 0.25 0.20 -1 -1 -1 -1 -1
Evo 1.02 0.00 0.50 0.42 0.50 0.50 0.50 0.18 0.02 0.43 0.11 0.13 -1 0
Result 0 3.0 62 0.42 0.24 0.19 0.16 0.16 0.25 -1 -1 -1 -1 -1
Evo 1.02 0.00 0.50 0.38 0.00 0.50 0.50 0.21 0.03 0.48 0.11 0.13 -1 0
Result 0 3.0 42 0.49 0.28 0.19 0.23 0.19 0.12 -1 -1 -1 -1 -1
Evo 1.01 0.00 0.50 0.44 0.50 0.50 0.50 0.17 0.02 0.53 0.10 0.15 -1 0
Result 0 3.0 79 0.46 0.28 0.18 0.20 0.19 0.16 -1 -1 -1 -1 -1
Evo 1.01 0.00 0.50 0.49 0.50 0.50 0.50 0.08 0.01 0.17 0.43 0.66 -1 0
Result 0 4.0 167 0.47 0.21 0.22 0.20 0.21 0.16 -1 -1 -1 -1 -1
Evo 1.01 0.00 0.50 0.49 0.50 0.50 0.50 0.08 0.01 0.28 0.44 0.61 -1 0
Result 0 4.0 168 0.48 0.20 0.16 0.22 0.20 0.22 -1 -1 -1 -1 -1
Evo 1.03 0.00 0.50 0.36 0.00 0.50 0.50 0.23 0.04 0.53 0.10 0.13 -1 0
Result 0 3.0 34 0.46 0.23 0.23 0.20 0.26 0.09 -1 -1 -1 -1 -1
Evo 1.02 0.00 0.50 0.38 0.00 0.50 0.50 0.21 0.03 0.52 0.11 0.13 -1 0
Result 0 3.0 42 0.40 0.09 0.26 0.14 0.33 0.19 -1 -1 -1 -1 -1
Evo 1.01 0.50 1.00 0.53 0.50 0.50 0.50 0.13 0.01 0.28 0.26 0.49 134 0
Result 1 6.0 143 0.47 0.23 0.24 0.21 0.14 0.19 -1 -1 -1 -1 -1
Evo 1.01 0.00 0.50 0.43 0.50 0.50 0.50 0.18 0.02 0.53 0.11 0.15 -1 0
Result 0 3.0 70 0.50 0.20 0.15 0.25 0.24 0.15 -1 -1 -1 -1 -1
Evo 1.01 0.00 0.50 0.49 0.50 0.50 0.50 0.07 0.01 0.24 0.41 0.63 -1 0
Result 0 4.0 166 0.47 0.22 0.16 0.21 0.20 0.22 -1 -1 -1 -1 -1
Evo 1.01 0.50 1.00 0.56 0.50 0.50 0.50 0.17 0.02 0.33 0.15 0.29 70 0
Result 1 8.0 79 0.49 0.16 0.25 0.24 0.25 0.10 -1 -1 -1 -1 -1
Evo 1.02 0.00 0.50 0.39 0.50 0.50 0.50 0.21 0.03 0.51 0.11 0.13 -1 0
Result 0 3.0 43 0.42 0.11 0.30 0.16 0.27 0.16 -1 -1 -1 -1 -1
Evo 1.00 0.00 0.50 0.50 0.50 0.50 0.50 0.05 0.00 0.38 0.43 1.44 -1 0
Result 0 1.0 1000 0.43 0.20 0.21 0.16 0.18 0.24 -1 -1 -1 -1 -1
Evo 1.00 0.00 0.50 0.50 0.50 0.50 0.50 0.05 0.00 0.39 0.27 0.96 -1 0
Result 0 1.0 1000 0.41 0.21 0.23 0.15 0.18 0.23 -1 -1 -1 -1 -1
Evo 1.00 0.50 1.00 0.51 0.50 0.50 0.50 0.08 0.00 0.05 0.26 0.63 380 0
Result 1 6.0 389 0.50 0.19 0.15 0.24 0.21 0.22 -1 -1 -1 -1 -1
Evo 1.01 0.00 0.50 0.47 0.50 0.50 0.50 0.13 0.01 0.29 0.24 0.77 -1 0
Result 0 0.0 163 0.45 0.24 0.21 0.19 0.20 0.16 -1 -1 -1 -1 -1
Evo 1.00 0.00 0.50 0.50 0.50 0.50 0.50 0.05 0.00 0.39 0.39 1.77 -1 0
Result 0 1.0 1000 0.47 0.19 0.21 0.21 0.17 0.22 -1 -1 -1 -1 -1
Evo 1.00 0.00 0.50 0.50 0.50 0.50 0.50 0.05 0.00 0.04 0.62 1.50 -1 0
Result 0 5.0 1000 0.44 0.20 0.19 0.18 0.18 0.25 -1 -1 -1 -1 -1
Evo 1.00 0.00 0.50 0.50 0.50 0.50 0.50 0.05 0.00 0.10 0.17 0.66 -1 0
Result 0 1.0 1000 0.44 0.22 0.19 0.17 0.20 0.21 -1 -1 -1 -1 -1
Evo 1.00 0.00 0.50 0.50 0.50 0.50 0.50 0.04 0.00 0.10 0.11 0.29 -1 0
Result 0 1.0 998 0.41 0.22 0.19 0.15 0.20 0.24 -1 -1 -1 -1 -1
Evo 1.00 0.00 0.50 0.49 0.50 0.50 0.50 0.08 0.00 0.12 0.21 0.67 -1 0
Result 0 0.0 373 0.47 0.21 0.20 0.21 0.18 0.20 -1 -1 -1 -1 -1
Evo 1.00 0.00 0.50 0.50 0.50 0.50 0.50 0.05 0.00 0.11 0.14 0.45 -1 0
Result 0 1.0 1000 0.42 0.23 0.19 0.16 0.21 0.20 -1 -1 -1 -1 -1
Evo 1.00 0.00 0.50 0.50 0.50 0.50 0.50 0.04 0.00 0.40 0.38 0.93 -1 0
Result 0 2.0 995 0.45 0.24 0.19 0.18 0.17 0.22 -1 -1 -1 -1 -1
Evo 1.00 0.00 0.50 0.50 0.50 0.50 0.50 0.05 0.00 0.10 0.36 1.64 -1 0
Result 0 1.0 1000 0.47 0.19 0.18 0.21 0.19 0.22 -1 -1 -1 -1 -1
Evo 1.00 0.00 0.50 0.50 0.50 0.50 0.50 0.05 0.00 0.12 0.35 1.35 -1 0
Result 0 1.0 1000 0.48 0.20 0.21 0.21 0.18 0.19 -1 -1 -1 -1 -1
Evo 1.00 0.00 0.50 0.50 0.50 0.50 0.50 0.03 0.00 0.38 0.13 0.37 -1 0
Result 0 1.0 257 0.46 0.24 0.21 0.19 0.19 0.17 -1 -1 -1 -1 -1
Evo 1.00 0.00 0.50 0.50 0.50 0.50 0.50 0.05 0.00 0.41 0.47 2.05 -1 0
Result 0 3.0 1000 0.44 0.20 0.19 0.17 0.20 0.23 -1 -1 -1 -1 -1
Evo 1.00 0.00 0.50 0.50 0.50 0.50 0.50 0.05 0.00 0.02 0.41 1.44 -1 0
Result 0 1.0 1000 0.46 0.19 0.21 0.19 0.20 0.21 -1 -1 -1 -1 -1
Evo 1.00 0.00 0.50 0.50 0.50 0.50 0.50 0.02 0.00 0.03 0.32 0.89 -1 0
Result 0 5.0 991 0.48 0.24 0.19 0.22 0.17 0.18 -1 -1 -1 -1 -1
Evo 1.00 0.50 1.00 0.52 0.50 0.50 0.50 0.11 0.01 0.11 0.38 0.75 207 0
Result 1 6.0 216 0.48 0.20 0.20 0.22 0.18 0.19 -1 -1 -1 -1 -1
Evo 1.00 0.00 0.50 0.50 0.50 0.50 0.50 0.05 0.00 0.10 0.39 1.41 -1 0
Result 0 1.0 1000 0.46 0.22 0.19 0.19 0.20 0.20 -1 -1 -1 -1 -1
Evo 1.00 0.00 0.50 0.50 0.50 0.50 0.50 0.05 0.00 0.14 0.16 0.50 -1 0
Result 0 4.0 1000 0.41 0.23 0.21 0.15 0.19 0.22 -1 -1 -1 -1 -1
Evo 1.00 0.00 0.50 0.50 0.50 0.50 0.50 0.04 0.00 0.45 0.20 0.39 -1 0
Result 0 2.0 998 0.45 0.21 0.22 0.18 0.21 0.18 -1 -1 -1 -1 -1
Evo 1.00 0.00 0.50 0.50 0.50 0.50 0.50 0.05 0.00 0.41 0.16 0.25 -1 0
Result 0 2.0 1000 0.46 0.21 0.22 0.20 0.20 0.17 -1 -1 -1 -1 -1
Evo 1.00 0.00 0.50 0.50 0.50 0.50 0.50 0.04 0.00 0.51 0.32 0.48 -1 0
Result 0 2.0 983 0.46 0.18 0.19 0.20 0.21 0.21 -1 -1 -1 -1 -1
Evo 1.00 0.00 0.50 0.50 0.50 0.50 0.50 0.05 0.00 0.51 0.15 0.21 -1 0
Result 0 2.0 1000 0.46 0.21 0.19 0.19 0.21 0.19 -1 -1 -1 -1 -1
Evo 1.00 0.00 0.50 0.50 0.50 0.50 0.50 0.05 0.00 0.33 0.14 0.19 -1 0
Result 0 2.0 1000 0.47 0.21 0.20 0.21 0.23 0.15 -1 -1 -1 -1 -1
Evo 1.00 0.00 0.50 0.50 0.50 0.50 0.50 0.05 0.00 0.17 0.17 0.24 -1 0
Result 0 2.0 1000 0.44 0.22 0.18 0.18 0.22 0.19 -1 -1 -1 -1 -1
Evo 1.00 0.00 0.50 0.50 0.50 0.50 0.50 0.05 0.00 0.39 0.16 0.22 -1 0
Result 0 2.0 1000 0.47 0.19 0.20 0.21 0.19 0.21 -1 -1 -1 -1 -1
Evo 1.00 0.00 0.50 0.50 0.50 0.50 0.50 0.05 0.00 0.01 0.08 0.14 -1 0
Result 0 1.0 1000 0.45 0.21 0.20 0.18 0.19 0.22 -1 -1 -1 -1 -1
Evo 1.00 0.00 0.50 0.50 0.50 0.50 0.50 0.05 0.00 0.23 0.18 0.30 -1 0
Result 0 2.0 1000 0.46 0.23 0.18 0.20 0.21 0.18 -1 -1 -1 -1 -1
Evo 1.00 0.00 0.50 0.50 0.50 0.50 0.50 0.05 0.00 0.34 0.16 0.22 -1 0
Result 0 2.0 1000 0.47 0.19 0.21 0.21 0.22 0.17 -1 -1 -1 -1 -1
Evo 1.00 0.00 0.50 0.50 0.50 0.50 0.50 0.05 0.00 0.29 0.14 0.18 -1 0
Result 0 2.0 1000 0.46 0.18 0.20 0.20 0.23 0.19 -1 -1 -1 -1 -1
Evo 1.00 0.00 0.50 0.50 0.50 0.50 0.50 0.02 0.00 0.42 0.14 0.18 -1 0
Result 0 2.0 991 0.45 0.23 0.20 0.18 0.20 0.18 -1 -1 -1 -1 -1
Evo 1.00 0.00 0.50 0.50 0.50 0.50 0.50 0.04 0.00 0.19 0.33 0.58 -1 0
Result 0 2.0 893 0.46 0.20 0.21 0.20 0.22 0.17 -1 -1 -1 -1 -1
Evo 1.00 0.00 0.50 0.50 0.50 0.50 0.50 0.03 0.00 0.25 0.16 0.21 -1 0
Result 0 2.0 994 0.46 0.19 0.21 0.19 0.25 0.16 -1 -1 -1 -1 -1
Evo 1.00 0.00 0.50 0.50 0.50 0.50 0.50 0.05 0.00 0.51 0.16 0.23 -1 0
Result 0 2.0 1000 0.45 0.20 0.20 0.19 0.21 0.20 -1 -1 -1 -1 -1
Evo 1.00 0.00 0.50 0.50 0.50 0.50 0.50 0.05 0.00 0.50 0.16 0.20 -1 0
Result 0 2.0 1000 0.44 0.23 0.20 0.17 0.21 0.19 -1 -1 -1 -1 -1
Evo 1.00 0.00 0.50 0.50 0.50 0.50 0.50 0.05 0.00 0.42 0.15 0.21 -1 0
Result 0 2.0 1000 0.46 0.20 0.19 0.19 0.23 0.18 -1 -1 -1 -1 -1
Evo 1.00 0.00 0.50 0.50 0.50 0.50 0.50 0.05 0.00 0.30 0.16 0.23 -1 0
Result 0 2.0 1000 0.46 0.20 0.19 0.20 0.22 0.19 -1 -1 -1 -1 -1
Evo 1.00 0.00 0.50 0.50 0.50 0.50 0.50 0.05 0.00 0.38 0.16 0.22 -1 0
Result 0 2.0 1000 0.47 0.20 0.20 0.20 0.21 0.18 -1 -1 -1 -1 -1
Evo 1.00 0.00 0.50 0.50 0.50 0.50 0.50 0.05 0.00 0.46 0.16 0.22 -1 0
Result 0 2.0 1000 0.48 0.20 0.19 0.23 0.21 0.17 -1 -1 -1 -1 -1
Evo 1.00 0.00 0.50 0.50 0.50 0.50 0.50 0.03 0.00 0.05 0.06 0.12 -1 0
Result 0 2.0 994 0.51 0.24 0.16 0.27 0.16 0.17 -1 -1 -1 -1 -1
Evo 1.00 0.00 0.50 0.50 0.50 0.50 0.50 0.05 0.00 0.06 0.07 0.12 -1 0
Result 0 3.0 1000 0.51 0.23 0.16 0.26 0.17 0.17 -1 -1 -1 -1 -1
Evo 1.00 0.00 0.50 0.50 0.50 0.50 0.50 0.05 0.00 0.04 0.09 0.12 -1 0
Result 0 3.0 999 0.50 0.24 0.16 0.26 0.17 0.18 -1 -1 -1 -1 -1
Evo 1.00 0.00 0.50 0.50 0.50 0.50 0.50 0.05 0.00 0.16 0.17 0.29 -1 0
Result 0 5.0 999 0.49 0.20 0.23 0.23 0.16 0.18 -1 -1 -1 -1 -1
Evo 1.00 0.00 0.50 0.50 0.50 0.50 0.50 0.05 0.00 0.05 0.06 0.11 -1 0
Result 0 2.0 1000 0.51 0.23 0.17 0.26 0.17 0.17 -1 -1 -1 -1 -1
Evo 1.00 0.00 0.50 0.50 0.50 0.50 0.50 0.05 0.00 0.04 0.06 0.10 -1 0
Result 0 2.0 999 0.52 0.22 0.17 0.29 0.15 0.17 -1 -1 -1 -1 -1
Evo 1.00 0.00 0.50 0.50 0.50 0.50 0.50 0.05 0.00 0.08 0.06 0.14 -1 0
Result 0 2.0 1000 0.51 0.24 0.16 0.26 0.18 0.17 -1 -1 -1 -1 -1
Evo 1.00 0.00 0.50 0.50 0.50 0.50 0.50 0.05 0.00 0.05 0.06 0.13 -1 0
Result 0 2.0 999 0.51 0.23 0.16 0.27 0.17 0.18 -1 -1 -1 -1 -1
Evo 1.00 0.00 0.50 0.50 0.50 0.50 0.50 0.05 0.00 0.03 0.06 0.10 -1 0
Result 0 2.0 1000 0.51 0.24 0.16 0.27 0.16 0.17 -1 -1 -1 -1 -1
Evo 1.01 0.00 0.50 0.43 0.50 0.50 0.50 0.17 0.02 0.53 0.13 0.20 -1 0
Result 0 3.0 72 0.43 0.19 0.19 0.16 0.16 0.29 -1 -1 -1 -1 -1
Evo 1.00 0.00 0.50 0.50 0.50 0.50 0.50 0.02 0.00 0.06 0.06 0.13 -1 0
Result 0 2.0 991 0.51 0.22 0.17 0.27 0.17 0.17 -1 -1 -1 -1 -1
Evo 1.00 0.00 0.50 0.50 0.50 0.50 0.50 0.03 0.00 0.04 0.06 0.11 -1 0
Result 0 2.0 993 0.52 0.21 0.16 0.29 0.18 0.16 -1 -1 -1 -1 -1
Evo 1.00 0.00 0.50 0.50 0.50 0.50 0.50 0.05 0.00 0.04 0.06 0.10 -1 0
Result 0 2.0 1000 0.51 0.24 0.16 0.27 0.16 0.17 -1 -1 -1 -1 -1
Evo 1.00 0.00 0.50 0.50 0.50 0.50 0.50 0.05 0.00 0.04 0.09 0.12 -1 0
Result 0 3.0 999 0.51 0.23 0.17 0.27 0.17 0.16 -1 -1 -1 -1 -1
Evo 1.02 0.00 0.50 0.40 0.50 0.50 0.50 0.20 0.03 0.51 0.13 0.25 -1 0
Result 0 3.0 49 0.46 0.22 0.28 0.20 0.22 0.08 -1 -1 -1 -1 -1
Evo 1.00 0.00 0.50 0.50 0.50 0.50 0.50 0.05 0.00 0.05 0.09 0.13 -1 0
Result 0 3.0 1000 0.52 0.21 0.16 0.28 0.17 0.18 -1 -1 -1 -1 -1
Evo 1.00 0.00 0.50 0.50 0.50 0.50 0.50 0.05 0.00 0.06 0.06 0.13 -1 0
Result 0 2.0 1000 0.52 0.23 0.16 0.29 0.15 0.16 -1 -1 -1 -1 -1
Evo 1.00 0.00 0.50 0.50 0.50 0.50 0.50 0.04 0.00 0.07 0.06 0.14 -1 0
Result 0 2.0 997 0.51 0.21 0.17 0.27 0.18 0.17 -1 -1 -1 -1 -1
Evo 1.02 0.00 0.50 0.40 0.50 0.50 0.50 0.20 0.03 0.52 0.13 0.21 -1 0
Result 0 3.0 50 0.46 0.10 0.39 0.20 0.14 0.18 -1 -1 -1 -1 -1
Evo 1.02 0.00 0.50 0.40 0.50 0.50 0.50 0.20 0.03 0.53 0.13 0.23 -1 0
Result 0 3.0 51 0.46 0.23 0.23 0.19 0.15 0.19 -1 -1 -1 -1 -1
