Evo 1.00 0.00 1.00 0.82 0.86 0.94 0.98 0.32 0.01 0.03 0.08 0.21 991 -1
Result 1 42.0 1000 0.42 0.17 0.17 0.18 0.16 0.16 0.16 -1 -1 -1 -1
Evo 1.00 0.00 0.00 0.00 0.00 0.00 0.00 0.00 0.00 0.46 0.11 0.37 -1 366
Result 0 4.0 375 0.42 0.16 0.19 0.14 0.15 0.18 0.18 -1 -1 -1 -1
Evo 1.00 0.00 0.50 0.49 0.50 0.50 0.50 0.08 0.00 0.07 0.08 0.21 -1 418
Result 0 33.0 427 0.44 0.18 0.16 0.15 0.19 0.15 0.17 -1 -1 -1 -1
Evo 1.00 0.00 0.50 0.49 0.50 0.50 0.50 0.08 0.00 0.26 0.06 0.23 -1 366
Result 0 12.0 375 0.45 0.14 0.19 0.17 0.19 0.16 0.15 -1 -1 -1 -1
Evo 1.00 0.00 0.50 0.50 0.50 0.50 0.50 0.04 0.00 0.08 0.06 0.17 -1 366
Result 0 10.0 375 0.48 0.15 0.22 0.16 0.16 0.15 0.16 -1 -1 -1 -1
Evo 1.00 0.00 0.50 0.49 0.50 0.50 0.50 0.08 0.00 0.17 0.07 0.21 -1 384
Result 0 27.0 393 0.40 0.15 0.14 0.21 0.17 0.16 0.16 -1 -1 -1 -1
Evo 1.00 0.00 0.50 0.49 0.50 0.50 0.50 0.08 0.00 0.13 0.05 0.16 -1 366
Result 0 15.0 375 0.41 0.15 0.19 0.18 0.16 0.16 0.16 -1 -1 -1 -1
Evo 1.00 0.00 0.50 0.49 0.50 0.50 0.50 0.08 0.00 0.14 0.06 0.17 -1 366
Result 0 11.0 375 0.41 0.15 0.16 0.18 0.18 0.18 0.16 -1 -1 -1 -1
Evo 1.00 0.00 0.50 0.49 0.50 0.50 0.50 0.08 0.00 0.19 0.05 0.16 -1 364
Result 0 17.0 373 0.39 0.21 0.15 0.14 0.13 0.17 0.19 -1 -1 -1 -1
Evo 1.00 0.00 0.50 0.49 0.50 0.50 0.50 0.07 0.00 0.07 0.06 0.18 -1 501
Result 0 37.0 510 0.44 0.18 0.16 0.15 0.18 0.15 0.17 -1 -1 -1 -1
Evo 1.00 0.00 0.50 0.49 0.50 0.50 0.50 0.08 0.00 0.12 0.09 0.31 -1 387
Result 0 19.0 396 0.43 0.19 0.14 0.15 0.17 0.18 0.18 -1 -1 -1 -1
Evo 1.00 0.00 0.50 0.49 0.50 0.50 0.50 0.08 0.00 0.29 0.07 0.26 -1 366
Result 0 12.0 375 0.38 0.19 0.13 0.18 0.13 0.19 0.19 -1 -1 -1 -1
Evo 1.00 0.00 0.50 0.50 0.50 0.50 0.50 0.04 0.00 0.31 0.10 0.26 -1 388
Result 0 13.0 397 0.40 0.16 0.14 0.19 0.19 0.19 0.14 -1 -1 -1 -1
Evo 1.00 0.00 0.50 0.49 0.50 0.50 0.50 0.08 0.00 0.07 0.08 0.22 -1 368
Result 0 22.0 377 0.44 0.17 0.16 0.15 0.18 0.14 0.19 -1 -1 -1 -1
Evo 1.00 0.00 0.50 0.49 0.50 0.50 0.50 0.06 0.00 0.22 0.09 0.26 -1 684
Result 0 46.0 693 0.41 0.17 0.16 0.17 0.15 0.17 0.17 -1 -1 -1 -1
Evo 1.00 0.00 0.50 0.49 0.50 0.50 0.50 0.07 0.00 0.07 0.05 0.17 -1 442
Result 0 20.0 451 0.41 0.17 0.15 0.19 0.18 0.16 0.16 -1 -1 -1 -1
Evo 1.00 0.00 0.50 0.49 0.50 0.50 0.50 0.08 0.00 0.12 0.06 0.21 -1 364
Result 0 20.0 373 0.44 0.16 0.21 0.15 0.18 0.14 0.16 -1 -1 -1 -1
Evo 1.00 0.00 0.50 0.49 0.50 0.50 0.50 0.08 0.00 0.04 0.07 0.25 -1 365
Result 0 15.0 374 0.44 0.15 0.18 0.16 0.17 0.18 0.16 -1 -1 -1 -1
Evo 1.00 0.00 0.50 0.49 0.50 0.50 0.50 0.08 0.00 0.12 0.09 0.34 -1 369
Result 0 15.0 378 0.41 0.15 0.17 0.15 0.17 0.20 0.16 -1 -1 -1 -1
Evo 1.00 0.00 0.50 0.49 0.50 0.50 0.50 0.08 0.00 0.29 0.07 0.25 -1 393
Result 0 17.0 402 0.42 0.15 0.15 0.18 0.16 0.19 0.17 -1 -1 -1 -1
Evo 1.00 0.00 0.50 0.49 0.50 0.50 0.50 0.06 0.00 0.16 0.10 0.24 -1 776
Result 0 21.0 785 0.41 0.15 0.17 0.15 0.15 0.17 0.20 -1 -1 -1 -1
Evo 1.00 0.00 0.50 0.49 0.50 0.50 0.50 0.05 0.00 0.03 0.13 0.27 -1 789
Result 0 35.0 938 0.41 0.15 0.17 0.18 0.16 0.18 0.17 -1 -1 -1 -1
Evo 1.00 0.00 0.50 0.49 0.50 0.50 0.50 0.05 0.00 0.11 0.07 0.16 -1 808
Result 0 28.0 817 0.41 0.17 0.15 0.17 0.17 0.16 0.18 -1 -1 -1 -1
Evo 1.00 0.00 0.50 0.49 0.50 0.50 0.50 0.06 0.00 0.20 0.12 0.34 -1 793
Result 0 24.0 802 0.42 0.17 0.16 0.16 0.15 0.18 0.18 -1 -1 -1 -1
Evo 1.00 0.00 0.50 0.49 0.50 0.50 0.50 0.05 0.00 0.13 0.14 0.41 -1 849
Result 0 10.0 858 0.44 0.16 0.16 0.16 0.17 0.16 0.19 -1 -1 -1 -1
Evo 1.00 0.00 0.50 0.49 0.50 0.50 0.50 0.05 0.00 0.41 0.13 0.26 -1 961
Result 0 25.0 970 0.42 0.16 0.18 0.19 0.16 0.17 0.15 -1 -1 -1 -1
Evo 1.00 0.50 1.00 0.51 0.50 0.50 0.50 0.05 0.00 0.08 0.13 0.23 991 -1
Result 1 49.0 1000 0.42 0.17 0.16 0.19 0.16 0.16 0.17 -1 -1 -1 -1
Evo 1.00 0.00 0.50 0.49 0.50 0.50 0.50 0.05 0.00 0.16 0.16 0.36 -1 852
Result 0 24.0 861 0.44 0.18 0.14 0.15 0.18 0.17 0.18 -1 -1 -1 -1
Evo 1.00 0.00 0.50 0.49 0.50 0.50 0.50 0.06 0.00 0.10 0.13 0.27 -1 721
Result 0 18.0 730 0.43 0.17 0.17 0.17 0.16 0.17 0.15 -1 -1 -1 -1
Evo 1.00 0.50 1.00 0.51 0.50 0.50 0.50 0.05 0.00 0.04 0.11 0.21 991 -1
Result 1 42.0 1000 0.44 0.16 0.17 0.18 0.16 0.17 0.17 -1 -1 -1 -1
Evo 1.00 0.00 0.50 0.49 0.50 0.50 0.50 0.06 0.00 0.14 0.15 0.39 -1 722
Result 0 12.0 731 0.42 0.19 0.16 0.17 0.14 0.18 0.17 -1 -1 -1 -1
Evo 1.00 0.00 0.50 0.49 0.50 0.50 0.50 0.05 0.00 0.16 0.11 0.24 -1 869
Result 0 33.0 878 0.42 0.15 0.17 0.17 0.17 0.16 0.18 -1 -1 -1 -1
Evo 1.00 0.00 0.50 0.49 0.50 0.50 0.50 0.05 0.00 0.18 0.13 0.24 -1 982
Result 0 41.0 991 0.44 0.16 0.16 0.16 0.17 0.16 0.18 -1 -1 -1 -1
Evo 1.00 0.50 1.00 0.51 0.50 0.50 0.50 0.05 0.00 0.06 0.09 0.19 991 -1
Result 1 37.0 1000 0.41 0.15 0.17 0.17 0.17 0.15 0.18 -1 -1 -1 -1
Evo 1.00 0.00 0.50 0.49 0.50 0.50 0.50 0.05 0.00 0.06 0.13 0.26 -1 960
Result 0 28.0 969 0.44 0.17 0.17 0.17 0.18 0.15 0.16 -1 -1 -1 -1
Evo 1.00 0.50 1.00 0.51 0.50 0.50 0.50 0.05 0.00 0.04 0.16 0.34 991 -1
Result 1 36.0 1000 0.43 0.16 0.17 0.16 0.16 0.16 0.19 -1 -1 -1 -1
Evo 1.00 0.00 0.50 0.49 0.50 0.50 0.50 0.06 0.00 0.20 0.13 0.33 -1 741
Result 0 17.0 750 0.42 0.18 0.17 0.16 0.16 0.17 0.17 -1 -1 -1 -1
Evo 1.00 0.00 0.50 0.49 0.50 0.50 0.50 0.06 0.00 0.42 0.09 0.23 -1 739
Result 0 20.0 748 0.45 0.19 0.17 0.16 0.18 0.16 0.15 -1 -1 -1 -1
Evo 1.00 0.50 1.00 0.51 0.50 0.50 0.50 0.05 0.00 0.04 0.14 0.24 991 -1
Result 1 45.0 1000 0.44 0.17 0.17 0.16 0.16 0.17 0.16 -1 -1 -1 -1
Evo 1.00 0.50 1.00 0.51 0.50 0.50 0.50 0.05 0.00 0.20 0.12 0.21 991 -1
Result 1 47.0 1000 0.44 0.17 0.18 0.17 0.17 0.17 0.15 -1 -1 -1 -1
Evo 1.00 0.00 0.50 0.49 0.50 0.50 0.50 0.08 0.00 0.18 0.08 0.24 -1 370
Result 0 14.0 379 0.39 0.14 0.15 0.18 0.14 0.18 0.21 -1 -1 -1 -1
Evo 1.00 0.00 0.50 0.49 0.50 0.50 0.50 0.08 0.00 0.12 0.06 0.23 -1 368
Result 0 9.0 377 0.40 0.19 0.18 0.16 0.14 0.16 0.17 -1 -1 -1 -1
Evo 1.00 0.00 0.50 0.49 0.50 0.50 0.50 0.08 0.00 0.10 0.07 0.23 -1 403
Result 0 9.0 412 0.44 0.18 0.17 0.13 0.18 0.17 0.16 -1 -1 -1 -1
Evo 1.00 0.00 0.50 0.50 0.50 0.50 0.50 0.05 0.00 0.36 0.06 0.21 -1 348
Result 0 7.0 357 0.42 0.19 0.15 0.16 0.15 0.16 0.18 -1 -1 -1 -1
Evo 1.00 0.00 0.50 0.49 0.50 0.50 0.50 0.08 0.00 0.18 0.11 0.30 -1 397
Result 0 25.0 406 0.38 0.13 0.16 0.20 0.18 0.18 0.16 -1 -1 -1 -1
Evo 1.00 0.00 0.50 0.49 0.50 0.50 0.50 0.08 0.00 0.19 0.04 0.16 -1 349
Result 0 4.0 358 0.46 0.19 0.17 0.16 0.17 0.12 0.19 -1 -1 -1 -1
Evo 1.00 0.00 0.50 0.49 0.50 0.50 0.50 0.08 0.00 0.23 0.08 0.28 -1 367
Result 0 16.0 376 0.44 0.18 0.17 0.14 0.19 0.16 0.16 -1 -1 -1 -1
Evo 1.00 0.00 0.50 0.49 0.50 0.50 0.50 0.08 0.00 0.19 0.09 0.34 -1 370
Result 0 10.0 379 0.43 0.19 0.16 0.12 0.16 0.18 0.18 -1 -1 -1 -1
Evo 1.00 0.00 0.50 0.49 0.50 0.50 0.50 0.08 0.00 0.34 0.09 0.30 -1 398
Result 0 18.0 407 0.44 0.18 0.17 0.15 0.17 0.15 0.17 -1 -1 -1 -1
Evo 1.00 0.00 0.50 0.49 0.50 0.50 0.50 0.08 0.00 0.18 0.07 0.23 -1 403
Result 0 19.0 412 0.38 0.18 0.13 0.18 0.18 0.18 0.15 -1 -1 -1 -1
Evo 1.00 0.00 0.50 0.49 0.50 0.50 0.50 0.08 0.00 0.22 0.08 0.26 -1 349
Result 0 9.0 358 0.45 0.19 0.20 0.14 0.18 0.16 0.13 -1 -1 -1 -1
Evo 1.00 0.00 0.50 0.49 0.50 0.50 0.50 0.08 0.00 0.16 0.09 0.33 -1 409
Result 0 14.0 418 0.43 0.15 0.18 0.16 0.17 0.16 0.19 -1 -1 -1 -1
Evo 1.00 0.00 0.50 0.49 0.50 0.50 0.50 0.08 0.00 0.17 0.07 0.23 -1 348
Result 0 8.0 357 0.39 0.19 0.20 0.15 0.13 0.17 0.15 -1 -1 -1 -1
Evo 1.00 0.00 0.50 0.49 0.50 0.50 0.50 0.07 0.00 0.16 0.05 0.17 -1 471
Result 0 12.0 480 0.41 0.15 0.16 0.19 0.15 0.18 0.18 -1 -1 -1 -1
Evo 1.00 0.00 0.50 0.49 0.50 0.50 0.50 0.08 0.00 0.19 0.07 0.25 -1 349
Result 0 3.0 358 0.46 0.19 0.18 0.16 0.14 0.16 0.16 -1 -1 -1 -1
Evo 1.00 0.00 0.50 0.49 0.50 0.50 0.50 0.08 0.00 0.14 0.06 0.20 -1 400
Result 0 14.0 409 0.45 0.18 0.16 0.18 0.19 0.14 0.15 -1 -1 -1 -1
Evo 1.00 0.00 0.50 0.49 0.50 0.50 0.50 0.08 0.00 0.28 0.06 0.26 -1 347
Result 0 8.0 356 0.45 0.16 0.18 0.18 0.18 0.15 0.14 -1 -1 -1 -1
Evo 1.00 0.00 0.50 0.49 0.50 0.50 0.50 0.08 0.00 0.17 0.07 0.22 -1 413
Result 0 14.0 428 0.41 0.17 0.19 0.16 0.15 0.15 0.18 -1 -1 -1 -1
Evo 1.00 0.00 0.50 0.49 0.50 0.50 0.50 0.08 0.00 0.32 0.10 0.41 -1 346
Result 0 14.0 355 0.41 0.15 0.15 0.14 0.18 0.20 0.17 -1 -1 -1 -1
Evo 1.00 0.00 0.50 0.49 0.50 0.50 0.50 0.08 0.00 0.19 0.06 0.26 -1 410
Result 0 8.0 419 0.44 0.17 0.15 0.16 0.15 0.14 0.23 -1 -1 -1 -1
Evo 1.00 0.50 1.00 0.51 0.50 0.50 0.50 0.05 0.00 0.16 0.17 0.30 991 -1
Result 1 55.0 1000 0.44 0.17 0.17 0.18 0.16 0.15 0.17 -1 -1 -1 -1
Evo 1.00 0.00 0.50 0.49 0.50 0.50 0.50 0.08 0.00 0.21 0.06 0.19 -1 358
Result 0 7.0 367 0.43 0.16 0.15 0.14 0.19 0.16 0.19 -1 -1 -1 -1
Evo 1.00 0.00 0.50 0.49 0.50 0.50 0.50 0.06 0.00 0.15 0.08 0.20 -1 619
Result 0 31.0 628 0.44 0.16 0.17 0.18 0.17 0.17 0.16 -1 -1 -1 -1
Evo 1.00 0.00 0.50 0.49 0.50 0.50 0.50 0.07 0.00 0.15 0.07 0.21 -1 449
Result 0 14.0 458 0.42 0.15 0.16 0.17 0.19 0.15 0.18 -1 -1 -1 -1
Evo 1.00 0.00 0.50 0.49 0.50 0.50 0.50 0.08 0.00 0.19 0.03 0.15 -1 365
Result 0 10.0 374 0.48 0.21 0.17 0.17 0.14 0.16 0.15 -1 -1 -1 -1
Evo 1.00 0.00 0.50 0.49 0.50 0.50 0.50 0.07 0.00 0.18 0.08 0.23 -1 432
Result 0 9.0 441 0.44 0.17 0.15 0.16 0.15 0.16 0.20 -1 -1 -1 -1
Evo 1.00 0.00 0.50 0.49 0.50 0.50 0.50 0.08 0.00 0.38 0.08 0.25 -1 363
Result 0 10.0 372 0.42 0.14 0.16 0.16 0.16 0.19 0.18 -1 -1 -1 -1
Evo 1.00 0.00 0.50 0.49 0.50 0.50 0.50 0.08 0.00 0.17 0.09 0.32 -1 366
Result 0 8.0 375 0.46 0.16 0.19 0.17 0.16 0.15 0.16 -1 -1 -1 -1
Evo 1.00 0.00 0.50 0.49 0.50 0.50 0.50 0.08 0.00 0.19 0.06 0.20 -1 365
Result 0 10.0 374 0.36 0.18 0.18 0.19 0.12 0.15 0.17 -1 -1 -1 -1
Evo 1.00 0.00 0.50 0.50 0.50 0.50 0.50 0.04 0.00 0.27 0.05 0.16 -1 365
Result 0 4.0 374 0.43 0.17 0.17 0.17 0.14 0.17 0.18 -1 -1 -1 -1
Evo 1.00 0.00 0.50 0.49 0.50 0.50 0.50 0.08 0.00 0.24 0.04 0.14 -1 394
Result 0 11.0 403 0.43 0.17 0.15 0.19 0.15 0.16 0.19 -1 -1 -1 -1
Evo 1.00 0.00 0.50 0.49 0.50 0.50 0.50 0.07 0.00 0.26 0.07 0.20 -1 431
Result 0 18.0 440 0.41 0.18 0.15 0.17 0.16 0.16 0.18 -1 -1 -1 -1
Evo 1.00 0.00 0.50 0.49 0.50 0.50 0.50 0.08 0.00 0.33 0.06 0.18 -1 424
Result 0 5.0 433 0.39 0.14 0.20 0.18 0.16 0.16 0.17 -1 -1 -1 -1
Evo 1.00 0.00 0.50 0.49 0.50 0.50 0.50 0.06 0.00 0.04 0.13 0.24 -1 663
Result 0 38.0 672 0.45 0.19 0.17 0.15 0.18 0.15 0.16 -1 -1 -1 -1
Evo 1.00 0.00 0.50 0.49 0.50 0.50 0.50 0.07 0.00 0.50 0.12 0.51 -1 440
Result 0 2.0 449 0.45 0.16 0.17 0.14 0.18 0.24 0.12 -1 -1 -1 -1
Evo 1.00 0.00 0.50 0.49 0.50 0.50 0.50 0.07 0.00 0.07 0.12 0.35 -1 440
Result 0 12.0 449 0.39 0.21 0.14 0.14 0.17 0.18 0.15 -1 -1 -1 -1
Evo 1.00 0.00 0.50 0.49 0.50 0.50 0.50 0.06 0.00 0.14 0.10 0.22 -1 708
Result 0 30.0 717 0.43 0.16 0.16 0.17 0.17 0.17 0.17 -1 -1 -1 -1
Evo 1.00 0.00 0.50 0.49 0.50 0.50 0.50 0.08 0.00 0.02 0.04 0.14 -1 389
Result 0 4.0 398 0.44 0.19 0.17 0.15 0.17 0.14 0.18 -1 -1 -1 -1
Evo 1.00 0.50 1.00 0.51 0.50 0.50 0.50 0.05 0.00 0.16 0.14 0.26 991 -1
Result 1 52.0 1000 0.41 0.17 0.16 0.16 0.15 0.17 0.19 -1 -1 -1 -1
Evo 1.00 0.00 0.50 0.49 0.50 0.50 0.50 0.08 0.00 0.38 0.09 0.24 -1 386
Result 0 4.0 395 0.42 0.20 0.16 0.17 0.16 0.15 0.15 -1 -1 -1 -1
Evo 1.00 0.00 0.50 0.49 0.50 0.50 0.50 0.08 0.00 0.29 0.06 0.27 -1 365
Result 0 2.0 374 0.41 0.15 0.19 0.17 0.15 0.18 0.17 -1 -1 -1 -1
Evo 1.00 0.00 0.50 0.49 0.50 0.50 0.50 0.08 0.00 0.49 0.07 0.22 -1 364
Result 0 2.0 373 0.43 0.15 0.14 0.20 0.17 0.21 0.14 -1 -1 -1 -1
Evo 1.00 0.00 0.50 0.49 0.50 0.50 0.50 0.08 0.00 0.49 0.09 0.32 -1 418
Result 0 6.0 427 0.42 0.19 0.15 0.14 0.16 0.17 0.19 -1 -1 -1 -1
Evo 1.00 0.00 0.50 0.49 0.50 0.50 0.50 0.08 0.00 0.40 0.08 0.31 -1 360
Result 0 4.0 369 0.42 0.14 0.16 0.17 0.18 0.19 0.17 -1 -1 -1 -1
Evo 1.00 0.00 0.50 0.49 0.50 0.50 0.50 0.08 0.00 0.16 0.09 0.26 -1 361
Result 0 4.0 370 0.47 0.15 0.18 0.18 0.20 0.15 0.14 -1 -1 -1 -1
Evo 1.00 0.00 0.50 0.49 0.50 0.50 0.50 0.08 0.00 0.24 0.08 0.28 -1 365
Result 0 4.0 374 0.42 0.17 0.17 0.17 0.16 0.18 0.17 -1 -1 -1 -1
Evo 1.00 0.00 0.50 0.49 0.50 0.50 0.50 0.07 0.00 0.24 0.07 0.31 -1 427
Result 0 10.0 436 0.39 0.17 0.19 0.15 0.13 0.19 0.17 -1 -1 -1 -1
Evo 1.00 0.00 0.50 0.49 0.50 0.50 0.50 0.08 0.00 0.35 0.05 0.16 -1 363
Result 0 5.0 372 0.43 0.18 0.14 0.16 0.16 0.18 0.18 -1 -1 -1 -1
Evo 1.00 0.00 0.50 0.49 0.50 0.50 0.50 0.08 0.00 0.32 0.07 0.24 -1 422
Result 0 3.0 431 0.40 0.18 0.14 0.15 0.18 0.19 0.16 -1 -1 -1 -1
Evo 1.00 0.00 0.50 0.49 0.50 0.50 0.50 0.08 0.00 0.20 0.06 0.17 -1 364
Result 0 5.0 373 0.43 0.16 0.17 0.16 0.20 0.16 0.15 -1 -1 -1 -1
Evo 1.00 0.00 0.50 0.49 0.50 0.50 0.50 0.08 0.00 0.17 0.09 0.27 -1 366
Result 0 0.0 375 0.43 0.17 0.16 0.15 0.15 0.18 0.19 -1 -1 -1 -1
Evo 1.00 0.00 0.50 0.49 0.50 0.50 0.50 0.07 0.00 0.18 0.11 0.38 -1 504
Result 0 10.0 513 0.43 0.16 0.16 0.13 0.23 0.19 0.13 -1 -1 -1 -1
Evo 1.00 0.00 0.50 0.49 0.50 0.50 0.50 0.08 0.00 0.18 0.09 0.28 -1 417
Result 0 5.0 426 0.42 0.19 0.13 0.17 0.15 0.17 0.18 -1 -1 -1 -1
Evo 1.00 0.00 0.50 0.49 0.50 0.50 0.50 0.07 0.00 0.24 0.09 0.34 -1 449
Result 0 6.0 458 0.42 0.19 0.15 0.13 0.16 0.18 0.19 -1 -1 -1 -1
Evo 1.00 0.00 0.50 0.50 0.50 0.50 0.50 0.04 0.00 0.16 0.06 0.17 -1 412
Result 0 8.0 421 0.41 0.15 0.19 0.13 0.17 0.15 0.19 -1 -1 -1 -1
Evo 1.00 0.00 0.50 0.49 0.50 0.50 0.50 0.07 0.00 0.33 0.08 0.23 -1 439
Result 0 10.0 448 0.41 0.15 0.16 0.18 0.18 0.18 0.15 -1 -1 -1 -1
Evo 1.00 0.00 0.50 0.49 0.50 0.50 0.50 0.07 0.00 0.19 0.07 0.21 -1 439
Result 0 9.0 448 0.38 0.13 0.18 0.17 0.15 0.18 0.18 -1 -1 -1 -1
Evo 1.00 0.00 0.50 0.49 0.50 0.50 0.50 0.08 0.00 0.49 0.04 0.14 -1 367
Result 0 4.0 376 0.42 0.16 0.18 0.18 0.15 0.15 0.19 -1 -1 -1 -1
Evo 1.00 0.00 0.50 0.49 0.50 0.50 0.50 0.08 0.00 0.30 0.06 0.19 -1 423
Result 0 8.0 432 0.45 0.16 0.14 0.17 0.19 0.18 0.17 -1 -1 -1 -1
Evo 1.00 0.00 0.50 0.49 0.50 0.50 0.50 0.07 0.00 0.17 0.11 0.31 -1 496
Result 0 6.0 505 0.41 0.15 0.19 0.15 0.18 0.17 0.16 -1 -1 -1 -1
