Evo 1.00 0.00 1.00 0.98 1.00 1.00 1.00 0.15 0.01 0.06 0.17 0.25 -1 23
Result 0 8.0 500 0.47 0.22 0.19 0.20 0.20 0.19 -1 -1 -1 -1 -1
Evo 1.00 0.00 1.00 0.98 1.00 1.00 1.00 0.14 0.01 0.06 0.14 0.25 -1 5
Result 0 8.0 500 0.47 0.22 0.18 0.20 0.21 0.18 -1 -1 -1 -1 -1
Evo 1.00 0.00 1.00 0.98 1.00 1.00 1.00 0.14 0.01 0.03 0.18 0.24 -1 5
Result 0 8.0 500 0.45 0.23 0.21 0.19 0.20 0.18 -1 -1 -1 -1 -1
Evo 1.00 0.00 1.00 0.99 1.00 1.00 1.00 0.08 0.00 0.53 0.13 0.19 -1 10
Result 0 3.0 493 0.45 0.18 0.23 0.19 0.20 0.20 -1 -1 -1 -1 -1
Evo 1.00 0.00 1.00 0.98 1.00 1.00 1.00 0.14 0.01 0.06 0.21 0.27 -1 8
Result 0 8.0 500 0.44 0.24 0.18 0.18 0.20 0.20 -1 -1 -1 -1 -1
Evo 1.00 0.00 1.00 0.98 1.00 1.00 1.00 0.14 0.01 0.02 0.21 0.31 -1 11
Result 0 13.0 500 0.45 0.21 0.19 0.18 0.19 0.23 -1 -1 -1 -1 -1
Evo 1.00 0.00 1.00 0.98 1.00 1.00 1.00 0.14 0.01 0.28 0.15 0.23 -1 28
Result 0 7.0 500 0.45 0.23 0.20 0.18 0.18 0.21 -1 -1 -1 -1 -1
Evo 1.00 0.00 1.00 0.99 1.00 1.00 1.00 0.10 0.00 0.14 0.14 0.25 -1 9
Result 0 7.0 495 0.44 0.20 0.20 0.17 0.22 0.20 -1 -1 -1 -1 -1
Evo 1.00 0.00 1.00 0.98 1.00 1.00 1.00 0.14 0.01 0.11 0.14 0.22 -1 4
Result 0 7.0 500 0.45 0.20 0.18 0.18 0.19 0.25 -1 -1 -1 -1 -1
Evo 1.00 0.00 1.00 0.98 1.00 1.00 1.00 0.14 0.01 0.21 0.18 0.25 -1 18
Result 0 7.0 500 0.45 0.16 0.23 0.19 0.21 0.22 -1 -1 -1 -1 -1
Evo 1.00 0.00 1.00 0.98 1.00 1.00 1.00 0.14 0.01 0.16 0.25 0.31 -1 11
Result 0 13.0 500 0.48 0.20 0.19 0.22 0.20 0.20 -1 -1 -1 -1 -1
Evo 1.00 0.00 1.00 0.98 1.00 1.00 1.00 0.14 0.01 0.21 0.15 0.24 -1 9
Result 0 7.0 500 0.43 0.21 0.18 0.17 0.21 0.24 -1 -1 -1 -1 -1
Evo 1.00 0.00 1.00 0.98 1.00 1.00 1.00 0.13 0.01 0.50 0.15 0.24 -1 9
Result 0 7.0 499 0.45 0.22 0.19 0.19 0.21 0.20 -1 -1 -1 -1 -1
Evo 1.00 0.00 1.00 0.98 1.00 1.00 1.00 0.14 0.01 0.23 0.23 0.31 -1 13
Result 0 12.0 500 0.47 0.17 0.23 0.20 0.20 0.20 -1 -1 -1 -1 -1
Evo 1.00 0.00 1.00 0.98 1.00 1.00 1.00 0.14 0.01 0.12 0.13 0.22 -1 6
Result 0 7.0 500 0.41 0.20 0.20 0.15 0.22 0.24 -1 -1 -1 -1 -1
Evo 1.00 0.00 1.00 0.99 1.00 1.00 1.00 0.10 0.00 0.37 0.10 0.19 -1 19
Result 0 6.0 495 0.42 0.19 0.19 0.16 0.19 0.27 -1 -1 -1 -1 -1
Evo 1.00 0.00 1.00 0.98 1.00 1.00 1.00 0.14 0.01 0.27 0.18 0.24 -1 18
Result 0 8.0 500 0.45 0.20 0.18 0.19 0.22 0.21 -1 -1 -1 -1 -1
Evo 1.00 0.00 1.00 0.99 1.00 1.00 1.00 0.08 0.00 0.14 0.13 0.25 -1 11
Result 0 7.0 493 0.46 0.21 0.17 0.19 0.22 0.20 -1 -1 -1 -1 -1
Evo 1.00 0.00 1.00 0.98 1.00 1.00 1.00 0.14 0.01 0.16 0.16 0.23 -1 12
Result 0 7.0 500 0.45 0.18 0.20 0.19 0.19 0.24 -1 -1 -1 -1 -1
Evo 1.00 0.00 1.00 0.98 1.00 1.00 1.00 0.14 0.01 0.48 0.17 0.25 -1 20
Result 0 8.0 500 0.48 0.18 0.19 0.22 0.18 0.23 -1 -1 -1 -1 -1
Evo 1.00 0.00 1.00 0.98 1.00 1.00 1.00 0.14 0.01 0.04 0.14 0.20 -1 315
Result 0 6.0 500 0.45 0.17 0.24 0.19 0.19 0.21 -1 -1 -1 -1 -1
Evo 1.00 0.00 1.00 0.98 1.00 1.00 1.00 0.14 0.01 0.06 0.21 0.23 -1 30
Result 0 13.0 500 0.49 0.24 0.20 0.24 0.17 0.15 -1 -1 -1 -1 -1
Evo 1.00 0.00 1.00 0.98 1.00 1.00 1.00 0.14 0.01 0.06 0.06 0.08 -1 78
Result 0 2.0 500 0.47 0.17 0.18 0.21 0.21 0.23 -1 -1 -1 -1 -1
Evo 1.00 0.00 1.00 0.98 1.00 1.00 1.00 0.14 0.01 0.06 0.06 0.09 -1 87
Result 0 2.0 500 0.45 0.21 0.18 0.18 0.20 0.23 -1 -1 -1 -1 -1
Evo 1.00 0.00 1.00 0.98 1.00 1.00 1.00 0.14 0.01 0.03 0.17 0.21 -1 61
Result 0 10.0 500 0.49 0.18 0.17 0.24 0.21 0.20 -1 -1 -1 -1 -1
Evo 1.00 0.00 1.00 0.98 1.00 1.00 1.00 0.14 0.01 0.04 0.10 0.10 -1 18
Result 0 5.0 500 0.48 0.18 0.19 0.22 0.20 0.21 -1 -1 -1 -1 -1
Evo 1.00 0.00 1.00 0.98 1.00 1.00 1.00 0.14 0.01 0.03 0.21 0.23 -1 24
Result 0 12.0 500 0.49 0.20 0.19 0.23 0.18 0.20 -1 -1 -1 -1 -1
Evo 1.00 0.00 1.00 0.98 1.00 1.00 1.00 0.14 0.01 0.06 0.11 0.14 -1 85
Result 0 5.0 500 0.49 0.19 0.20 0.23 0.19 0.20 -1 -1 -1 -1 -1
Evo 1.00 0.00 1.00 0.98 1.00 1.00 1.00 0.14 0.01 0.03 0.10 0.11 -1 146
Result 0 5.0 500 0.49 0.18 0.19 0.23 0.20 0.20 -1 -1 -1 -1 -1
Evo 1.00 0.00 1.00 0.98 1.00 1.00 1.00 0.14 0.01 0.09 0.10 0.11 -1 174
Result 0 5.0 500 0.48 0.18 0.16 0.22 0.23 0.21 -1 -1 -1 -1 -1
Evo 1.00 0.00 1.00 0.98 1.00 1.00 1.00 0.14 0.01 0.06 0.10 0.13 -1 74
Result 0 5.0 500 0.46 0.21 0.18 0.20 0.23 0.19 -1 -1 -1 -1 -1
Evo 1.00 0.00 1.00 0.98 1.00 1.00 1.00 0.14 0.01 0.04 0.11 0.13 -1 70
Result 0 5.0 500 0.47 0.21 0.20 0.21 0.20 0.19 -1 -1 -1 -1 -1
Evo 1.00 0.00 1.00 0.98 1.00 1.00 1.00 0.14 0.01 0.04 0.10 0.13 -1 169
Result 0 5.0 500 0.48 0.17 0.18 0.22 0.23 0.19 -1 -1 -1 -1 -1
Evo 1.00 0.00 1.00 0.98 1.00 1.00 1.00 0.14 0.01 0.04 0.11 0.15 -1 83
Result 0 5.0 500 0.49 0.17 0.18 0.23 0.22 0.20 -1 -1 -1 -1 -1
Evo 1.00 0.00 1.00 0.98 1.00 1.00 1.00 0.14 0.01 0.06 0.10 0.13 -1 89
Result 0 5.0 500 0.49 0.19 0.20 0.23 0.22 0.17 -1 -1 -1 -1 -1
Evo 1.00 0.00 1.00 0.99 1.00 1.00 1.00 0.08 0.00 0.06 0.09 0.12 -1 27
Result 0 4.0 493 0.50 0.18 0.16 0.25 0.23 0.18 -1 -1 -1 -1 -1
Evo 1.00 0.00 1.00 0.98 1.00 1.00 1.00 0.14 0.01 0.09 0.10 0.12 -1 293
Result 0 5.0 500 0.46 0.22 0.19 0.20 0.20 0.19 -1 -1 -1 -1 -1
Evo 1.00 0.00 1.00 0.98 1.00 1.00 1.00 0.14 0.01 0.26 0.10 0.12 -1 121
Result 0 5.0 500 0.44 0.21 0.19 0.18 0.22 0.21 -1 -1 -1 -1 -1
Evo 1.00 0.00 1.00 0.98 1.00 1.00 1.00 0.14 0.01 0.08 0.10 0.11 -1 57
Result 0 5.0 500 0.46 0.21 0.19 0.20 0.24 0.16 -1 -1 -1 -1 -1
Evo 1.00 0.00 1.00 0.98 1.00 1.00 1.00 0.14 0.01 0.02 0.10 0.11 -1 42
Result 0 5.0 500 0.46 0.20 0.20 0.19 0.22 0.19 -1 -1 -1 -1 -1
Evo 1.00 0.00 1.00 0.98 1.00 1.00 1.00 0.14 0.01 0.03 0.16 0.21 -1 0
Result 0 16.0 500 0.46 0.21 0.21 0.20 0.20 0.19 -1 -1 -1 -1 -1
Evo 1.00 0.00 1.00 0.98 1.00 1.00 1.00 0.14 0.01 0.13 0.16 0.21 -1 0
Result 0 16.0 500 0.45 0.18 0.21 0.18 0.23 0.21 -1 -1 -1 -1 -1
Evo 1.00 0.00 1.00 0.98 1.00 1.00 1.00 0.14 0.01 0.14 0.11 0.18 -1 0
Result 0 10.0 500 0.48 0.23 0.18 0.21 0.19 0.20 -1 -1 -1 -1 -1
Evo 1.00 0.00 1.00 0.98 1.00 1.00 1.00 0.14 0.01 0.03 0.13 0.17 -1 1
Result 0 6.0 500 0.47 0.18 0.18 0.21 0.24 0.19 -1 -1 -1 -1 -1
Evo 1.00 0.00 1.00 0.98 1.00 1.00 1.00 0.14 0.01 0.02 0.12 0.18 -1 0
Result 0 7.0 500 0.45 0.21 0.18 0.19 0.21 0.21 -1 -1 -1 -1 -1
Evo 1.00 0.00 1.00 0.98 1.00 1.00 1.00 0.14 0.01 0.10 0.18 0.18 -1 0
Result 0 10.0 500 0.45 0.19 0.23 0.19 0.18 0.21 -1 -1 -1 -1 -1
Evo 1.00 0.00 1.00 0.98 1.00 1.00 1.00 0.14 0.01 0.06 0.10 0.16 -1 0
Result 0 6.0 500 0.44 0.22 0.21 0.17 0.19 0.21 -1 -1 -1 -1 -1
Evo 1.00 0.00 1.00 0.98 1.00 1.00 1.00 0.14 0.01 0.23 0.10 0.17 -1 1
Result 0 10.0 500 0.46 0.16 0.19 0.19 0.23 0.23 -1 -1 -1 -1 -1
Evo 1.00 0.00 1.00 0.98 1.00 1.00 1.00 0.14 0.01 0.11 0.16 0.21 -1 0
Result 0 16.0 500 0.46 0.21 0.20 0.19 0.19 0.21 -1 -1 -1 -1 -1
Evo 1.00 0.00 1.00 0.98 1.00 1.00 1.00 0.14 0.01 0.03 0.14 0.18 -1 0
Result 0 7.0 500 0.49 0.17 0.23 0.23 0.22 0.16 -1 -1 -1 -1 -1
Evo 1.00 0.00 1.00 0.98 1.00 1.00 1.00 0.14 0.01 0.14 0.15 0.20 -1 0
Result 0 16.0 500 0.46 0.20 0.23 0.20 0.20 0.17 -1 -1 -1 -1 -1
Evo 1.00 0.00 1.00 0.98 1.00 1.00 1.00 0.14 0.01 0.02 0.10 0.19 -1 0
Result 0 7.0 500 0.47 0.21 0.17 0.20 0.20 0.22 -1 -1 -1 -1 -1
Evo 1.00 0.00 1.00 0.98 1.00 1.00 1.00 0.14 0.01 0.16 0.15 0.20 -1 0
Result 0 16.0 500 0.47 0.18 0.20 0.20 0.23 0.19 -1 -1 -1 -1 -1
Evo 1.00 0.00 1.00 0.98 1.00 1.00 1.00 0.14 0.01 0.17 0.16 0.20 -1 1
Result 0 16.0 500 0.46 0.18 0.21 0.19 0.21 0.20 -1 -1 -1 -1 -1
Evo 1.00 0.00 1.00 0.98 1.00 1.00 1.00 0.14 0.01 0.17 0.16 0.21 -1 0
Result 0 16.0 500 0.45 0.20 0.20 0.19 0.20 0.20 -1 -1 -1 -1 -1
Evo 1.00 0.00 1.00 0.98 1.00 1.00 1.00 0.14 0.01 0.26 0.16 0.22 -1 1
Result 0 10.0 500 0.49 0.20 0.19 0.23 0.18 0.20 -1 -1 -1 -1 -1
Evo 1.00 0.00 1.00 0.98 1.00 1.00 1.00 0.14 0.01 0.20 0.12 0.17 -1 0
Result 0 10.0 500 0.44 0.26 0.19 0.18 0.20 0.18 -1 -1 -1 -1 -1
Evo 1.00 0.00 1.00 0.98 1.00 1.00 1.00 0.14 0.01 0.11 0.20 0.23 -1 1
Result 0 16.0 500 0.48 0.19 0.20 0.23 0.18 0.21 -1 -1 -1 -1 -1
Evo 1.00 0.00 1.00 0.98 1.00 1.00 1.00 0.14 0.01 0.12 0.18 0.23 -1 0
Result 0 16.0 500 0.48 0.21 0.21 0.21 0.17 0.19 -1 -1 -1 -1 -1
Evo 1.00 0.00 1.00 0.98 1.00 1.00 1.00 0.14 0.01 0.24 0.15 0.20 -1 1
Result 0 16.0 500 0.45 0.19 0.19 0.18 0.23 0.21 -1 -1 -1 -1 -1
Evo 1.00 0.00 1.00 0.99 1.00 1.00 1.00 0.12 0.01 0.15 0.19 0.24 -1 35
Result 0 11.0 497 0.48 0.21 0.17 0.22 0.20 0.19 -1 -1 -1 -1 -1
Evo 1.00 0.00 1.00 0.98 1.00 1.00 1.00 0.14 0.01 0.26 0.18 0.23 -1 1
Result 0 11.0 500 0.46 0.24 0.19 0.19 0.17 0.21 -1 -1 -1 -1 -1
Evo 1.00 0.00 1.00 0.98 1.00 1.00 1.00 0.14 0.01 0.11 0.25 0.27 -1 18
Result 0 16.0 500 0.46 0.18 0.18 0.20 0.22 0.22 -1 -1 -1 -1 -1
Evo 1.00 0.00 1.00 0.98 1.00 1.00 1.00 0.14 0.01 0.14 0.25 0.29 -1 24
Result 0 16.0 500 0.48 0.21 0.18 0.22 0.19 0.20 -1 -1 -1 -1 -1
Evo 1.00 0.00 1.00 0.99 1.00 1.00 1.00 0.12 0.01 0.15 0.17 0.23 -1 9
Result 0 10.0 497 0.45 0.22 0.18 0.19 0.22 0.19 -1 -1 -1 -1 -1
Evo 1.00 0.00 1.00 0.98 1.00 1.00 1.00 0.14 0.01 0.14 0.21 0.24 -1 16
Result 0 11.0 500 0.48 0.17 0.19 0.23 0.20 0.23 -1 -1 -1 -1 -1
Evo 1.00 0.00 1.00 0.98 1.00 1.00 1.00 0.14 0.01 0.37 0.25 0.29 -1 20
Result 0 16.0 500 0.48 0.19 0.22 0.22 0.18 0.19 -1 -1 -1 -1 -1
Evo 1.00 0.00 1.00 0.98 1.00 1.00 1.00 0.14 0.01 0.10 0.23 0.27 -1 33
Result 0 16.0 500 0.45 0.19 0.21 0.18 0.22 0.20 -1 -1 -1 -1 -1
Evo 1.00 0.00 1.00 0.98 1.00 1.00 1.00 0.14 0.01 0.23 0.14 0.19 -1 11
Result 0 6.0 500 0.47 0.18 0.18 0.21 0.22 0.21 -1 -1 -1 -1 -1
Evo 1.00 0.00 1.00 0.98 1.00 1.00 1.00 0.14 0.01 0.07 0.25 0.29 -1 30
Result 0 16.0 500 0.47 0.19 0.21 0.21 0.19 0.19 -1 -1 -1 -1 -1
Evo 1.00 0.00 1.00 0.98 1.00 1.00 1.00 0.14 0.01 0.10 0.23 0.29 -1 26
Result 0 16.0 500 0.47 0.19 0.22 0.21 0.18 0.21 -1 -1 -1 -1 -1
Evo 1.00 0.00 1.00 0.98 1.00 1.00 1.00 0.14 0.01 0.09 0.24 0.28 -1 12
Result 0 16.0 500 0.46 0.25 0.18 0.20 0.18 0.19 -1 -1 -1 -1 -1
Evo 1.00 0.00 1.00 0.98 1.00 1.00 1.00 0.14 0.01 0.16 0.14 0.19 -1 15
Result 0 6.0 500 0.48 0.20 0.19 0.22 0.21 0.19 -1 -1 -1 -1 -1
Evo 1.00 0.00 1.00 0.98 1.00 1.00 1.00 0.14 0.01 0.24 0.13 0.20 -1 2
Result 0 6.0 500 0.47 0.19 0.19 0.20 0.23 0.19 -1 -1 -1 -1 -1
Evo 1.00 0.00 1.00 0.98 1.00 1.00 1.00 0.14 0.01 0.10 0.25 0.30 -1 20
Result 0 16.0 500 0.46 0.17 0.22 0.19 0.23 0.19 -1 -1 -1 -1 -1
Evo 1.00 0.00 1.00 1.00 1.00 1.00 1.00 0.05 0.00 0.14 0.24 0.29 -1 5
Result 0 15.0 491 0.47 0.22 0.17 0.20 0.20 0.21 -1 -1 -1 -1 -1
Evo 1.00 0.00 1.00 0.98 1.00 1.00 1.00 0.14 0.01 0.20 0.12 0.20 -1 40
Result 0 6.0 500 0.47 0.19 0.19 0.21 0.21 0.20 -1 -1 -1 -1 -1
Evo 1.00 0.00 1.00 0.98 1.00 1.00 1.00 0.14 0.01 0.13 0.22 0.28 -1 28
Result 0 16.0 500 0.46 0.18 0.20 0.20 0.24 0.19 -1 -1 -1 -1 -1
Evo 1.00 0.00 1.00 0.99 1.00 1.00 1.00 0.11 0.00 0.34 0.16 0.21 -1 6
Result 0 6.0 496 0.45 0.21 0.20 0.19 0.22 0.19 -1 -1 -1 -1 -1
Evo 1.00 0.00 1.00 0.98 1.00 1.00 1.00 0.14 0.01 0.17 0.16 0.20 -1 31
Result 0 6.0 500 0.47 0.20 0.21 0.21 0.20 0.18 -1 -1 -1 -1 -1
Evo 1.00 0.00 1.00 1.00 1.00 1.00 1.00 0.05 0.00 0.21 0.17 0.21 -1 0
Result 0 7.0 491 0.48 0.20 0.16 0.21 0.22 0.21 -1 -1 -1 -1 -1
Evo 1.00 0.00 1.00 0.98 1.00 1.00 1.00 0.14 0.01 0.11 0.06 0.09 -1 0
Result 0 0.0 500 0.45 0.21 0.19 0.18 0.20 0.22 -1 -1 -1 -1 -1
Evo 1.00 0.00 1.00 0.98 1.00 1.00 1.00 0.14 0.01 0.10 0.15 0.19 -1 0
Result 0 7.0 500 0.45 0.17 0.18 0.19 0.23 0.22 -1 -1 -1 -1 -1
Evo 1.00 0.00 1.00 0.98 1.00 1.00 1.00 0.14 0.01 0.14 0.17 0.21 -1 0
Result 0 8.0 500 0.46 0.19 0.20 0.20 0.23 0.18 -1 -1 -1 -1 -1
Evo 1.00 0.00 1.00 0.98 1.00 1.00 1.00 0.14 0.01 0.11 0.04 0.07 -1 0
Result 0 0.0 500 0.47 0.21 0.21 0.20 0.21 0.17 -1 -1 -1 -1 -1
Evo 1.00 0.00 1.00 0.98 1.00 1.00 1.00 0.14 0.01 0.23 0.13 0.18 -1 0
Result 0 4.0 500 0.45 0.21 0.20 0.19 0.19 0.21 -1 -1 -1 -1 -1
Evo 1.00 0.00 1.00 0.98 1.00 1.00 1.00 0.14 0.01 0.03 0.17 0.22 -1 0
Result 0 8.0 500 0.46 0.19 0.20 0.20 0.20 0.21 -1 -1 -1 -1 -1
Evo 1.00 0.00 1.00 0.98 1.00 1.00 1.00 0.14 0.01 0.33 0.15 0.18 -1 0
Result 0 4.0 500 0.46 0.22 0.21 0.19 0.19 0.19 -1 -1 -1 -1 -1
Evo 1.00 0.00 1.00 0.98 1.00 1.00 1.00 0.14 0.01 0.10 0.15 0.21 -1 0
Result 0 7.0 500 0.46 0.20 0.16 0.19 0.22 0.22 -1 -1 -1 -1 -1
Evo 1.00 0.00 1.00 0.98 1.00 1.00 1.00 0.14 0.01 0.21 0.18 0.23 -1 0
Result 0 8.0 500 0.49 0.18 0.19 0.24 0.20 0.19 -1 -1 -1 -1 -1
Evo 1.00 0.00 1.00 0.98 1.00 1.00 1.00 0.14 0.01 0.11 0.04 0.07 -1 0
Result 0 0.0 500 0.50 0.20 0.19 0.25 0.19 0.18 -1 -1 -1 -1 -1
Evo 1.00 0.00 1.00 0.98 1.00 1.00 1.00 0.14 0.01 0.19 0.17 0.21 -1 0
Result 0 8.0 500 0.47 0.21 0.18 0.21 0.21 0.19 -1 -1 -1 -1 -1
Evo 1.00 0.00 1.00 0.98 1.00 1.00 1.00 0.14 0.01 0.45 0.18 0.22 -1 0
Result 0 9.0 500 0.47 0.19 0.21 0.20 0.21 0.19 -1 -1 -1 -1 -1
Evo 1.00 0.00 1.00 0.98 1.00 1.00 1.00 0.14 0.01 0.11 0.04 0.07 -1 0
Result 0 0.0 500 0.41 0.24 0.21 0.15 0.20 0.20 -1 -1 -1 -1 -1
Evo 1.00 0.00 1.00 0.98 1.00 1.00 1.00 0.14 0.01 0.07 0.18 0.24 -1 0
Result 0 9.0 500 0.46 0.25 0.19 0.20 0.21 0.16 -1 -1 -1 -1 -1
Evo 1.00 0.00 1.00 0.98 1.00 1.00 1.00 0.14 0.01 0.19 0.16 0.18 -1 0
Result 0 4.0 500 0.47 0.20 0.19 0.20 0.19 0.22 -1 -1 -1 -1 -1
Evo 1.00 0.00 1.00 0.98 1.00 1.00 1.00 0.14 0.01 0.37 0.15 0.20 -1 0
Result 0 7.0 500 0.45 0.19 0.20 0.19 0.22 0.21 -1 -1 -1 -1 -1
Evo 1.00 0.00 1.00 0.98 1.00 1.00 1.00 0.14 0.01 0.11 0.06 0.09 -1 0
Result 0 0.0 500 0.45 0.17 0.19 0.19 0.20 0.25 -1 -1 -1 -1 -1
Evo 1.00 0.00 1.00 0.98 1.00 1.00 1.00 0.14 0.01 0.18 0.18 0.22 -1 0
Result 0 8.0 500 0.45 0.20 0.22 0.19 0.23 0.17 -1 -1 -1 -1 -1
Evo 1.00 0.00 1.00 0.98 1.00 1.00 1.00 0.14 0.01 0.30 0.21 0.23 -1 0
Result 0 11.0 500 0.47 0.21 0.18 0.20 0.19 0.22 -1 -1 -1 -1 -1
