Evo 1.00 0.00 0.00 0.00 0.00 0.00 0.00 0.00 0.00 0.00 0.13 0.16 -1 501
Result 0 0.0 510 0.47 0.22 0.16 0.20 0.21 0.21 -1 -1 -1 -1 -1
Evo 1.00 0.00 1.00 0.97 1.00 1.00 1.00 0.18 0.01 0.17 0.14 0.19 -1 276
Result 0 0.0 285 0.47 0.22 0.18 0.22 0.20 0.17 -1 -1 -1 -1 -1
Evo 1.00 0.00 1.00 0.97 1.00 1.00 1.00 0.18 0.01 0.17 0.11 0.16 -1 276
Result 0 0.0 285 0.44 0.19 0.18 0.22 0.18 0.23 -1 -1 -1 -1 -1
Evo 1.00 0.00 1.00 0.97 1.00 1.00 1.00 0.18 0.01 0.17 0.05 0.09 -1 276
Result 0 0.0 285 0.45 0.17 0.19 0.22 0.19 0.23 -1 -1 -1 -1 -1
Evo 1.00 0.00 1.00 0.97 1.00 1.00 1.00 0.18 0.01 0.17 0.06 0.14 -1 276
Result 0 0.0 285 0.49 0.22 0.19 0.18 0.23 0.18 -1 -1 -1 -1 -1
Evo 1.00 0.00 1.00 0.97 1.00 1.00 1.00 0.18 0.01 0.17 0.05 0.11 -1 276
Result 0 0.0 285 0.44 0.24 0.21 0.18 0.17 0.19 -1 -1 -1 -1 -1
Evo 1.00 0.00 1.00 0.97 1.00 1.00 1.00 0.18 0.01 0.17 0.05 0.10 -1 276
Result 0 0.0 285 0.42 0.29 0.20 0.16 0.16 0.20 -1 -1 -1 -1 -1
Evo 1.00 0.00 1.00 0.98 1.00 1.00 1.00 0.14 0.01 0.11 0.18 0.24 -1 276
Result 0 0.0 510 0.44 0.19 0.22 0.20 0.18 0.21 -1 -1 -1 -1 -1
Evo 1.00 0.00 1.00 0.97 1.00 1.00 1.00 0.18 0.01 0.17 0.07 0.15 -1 276
Result 0 0.0 285 0.48 0.19 0.26 0.16 0.22 0.18 -1 -1 -1 -1 -1
Evo 1.00 0.00 1.00 0.97 1.00 1.00 1.00 0.18 0.01 0.17 0.06 0.13 -1 276
Result 0 0.0 285 0.47 0.20 0.22 0.18 0.21 0.19 -1 -1 -1 -1 -1
Evo 1.00 0.00 1.00 0.97 1.00 1.00 1.00 0.18 0.01 0.17 0.03 0.07 -1 276
Result 0 0.0 285 0.47 0.19 0.24 0.16 0.20 0.21 -1 -1 -1 -1 -1
Evo 1.00 0.00 1.00 0.97 1.00 1.00 1.00 0.18 0.01 0.17 0.04 0.07 -1 276
Result 0 0.0 285 0.49 0.18 0.18 0.19 0.23 0.22 -1 -1 -1 -1 -1
Evo 1.00 0.00 1.00 0.99 1.00 1.00 1.00 0.09 0.00 0.06 0.14 0.18 -1 276
Result 0 40.0 1185 0.47 0.20 0.19 0.21 0.20 0.20 -1 -1 -1 -1 -1
Evo 1.00 0.00 1.00 0.96 1.00 1.00 1.00 0.18 0.01 0.05 0.07 0.15 -1 276
Result 0 0.0 285 0.45 0.22 0.21 0.20 0.19 0.18 -1 -1 -1 -1 -1
Evo 1.00 0.00 1.00 0.96 1.00 1.00 1.00 0.18 0.01 0.05 0.13 0.17 -1 276
Result 0 0.0 285 0.48 0.27 0.17 0.17 0.22 0.16 -1 -1 -1 -1 -1
Evo 1.00 0.00 1.00 0.96 1.00 1.00 1.00 0.18 0.01 0.05 0.06 0.14 -1 276
Result 0 0.0 285 0.48 0.20 0.18 0.19 0.22 0.21 -1 -1 -1 -1 -1
Evo 1.00 0.00 1.00 0.96 1.00 1.00 1.00 0.18 0.01 0.05 0.05 0.11 -1 276
Result 0 0.0 285 0.48 0.20 0.17 0.20 0.22 0.21 -1 -1 -1 -1 -1
Evo 1.00 0.00 1.00 0.96 1.00 1.00 1.00 0.18 0.01 0.05 0.06 0.13 -1 276
Result 0 0.0 285 0.41 0.20 0.19 0.23 0.15 0.23 -1 -1 -1 -1 -1
Evo 1.00 0.00 1.00 0.96 1.00 1.00 1.00 0.18 0.01 0.05 0.05 0.11 -1 276
Result 0 0.0 285 0.43 0.18 0.22 0.21 0.17 0.22 -1 -1 -1 -1 -1
Evo 1.00 0.00 1.00 0.96 1.00 1.00 1.00 0.18 0.01 0.05 0.04 0.08 -1 276
Result 0 0.0 285 0.48 0.19 0.18 0.17 0.22 0.23 -1 -1 -1 -1 -1
Evo 1.00 0.00 1.00 0.99 1.00 1.00 1.00 0.09 0.00 0.39 0.12 0.22 -1 1176
Result 0 40.0 1185 0.46 0.19 0.18 0.23 0.20 0.20 -1 -1 -1 -1 -1
Evo 1.00 0.00 1.00 0.96 1.00 1.00 1.00 0.18 0.01 0.05 0.13 0.28 -1 276
Result 0 0.0 285 0.47 0.21 0.20 0.15 0.21 0.23 -1 -1 -1 -1 -1
Evo 1.00 0.00 1.00 0.96 1.00 1.00 1.00 0.18 0.01 0.05 0.12 0.26 -1 276
Result 0 0.0 285 0.46 0.20 0.21 0.18 0.20 0.21 -1 -1 -1 -1 -1
Evo 1.00 0.00 1.00 0.99 1.00 1.00 1.00 0.12 0.00 0.02 0.21 0.33 -1 726
Result 0 0.0 735 0.44 0.22 0.19 0.20 0.18 0.21 -1 -1 -1 -1 -1
Evo 1.02 0.00 1.00 0.84 1.00 1.00 1.00 0.37 0.05 0.22 0.15 0.34 -1 51
Result 0 0.0 60 0.46 0.18 0.21 0.26 0.20 0.15 -1 -1 -1 -1 -1
Evo 1.00 0.00 1.00 0.98 1.00 1.00 1.00 0.14 0.01 0.03 0.12 0.22 -1 51
Result 0 0.0 510 0.46 0.21 0.19 0.21 0.19 0.19 -1 -1 -1 -1 -1
Evo 1.00 0.00 1.00 0.99 1.00 1.00 1.00 0.09 0.00 0.42 0.19 0.30 -1 276
Result 0 40.0 1185 0.45 0.21 0.19 0.23 0.19 0.18 -1 -1 -1 -1 -1
Evo 1.00 0.00 1.00 0.96 1.00 1.00 1.00 0.18 0.01 0.05 0.11 0.27 -1 276
Result 0 0.0 285 0.47 0.17 0.19 0.25 0.20 0.18 -1 -1 -1 -1 -1
Evo 1.00 0.00 1.00 0.99 1.00 1.00 1.00 0.12 0.00 0.02 0.12 0.23 -1 726
Result 0 0.0 735 0.47 0.22 0.19 0.20 0.20 0.18 -1 -1 -1 -1 -1
Evo 1.00 0.00 1.00 0.99 1.00 1.00 1.00 0.09 0.00 0.42 0.30 0.40 -1 276
Result 0 40.0 1185 0.46 0.22 0.18 0.20 0.20 0.21 -1 -1 -1 -1 -1
Evo 1.00 0.00 1.00 0.96 1.00 1.00 1.00 0.18 0.01 0.05 0.18 0.35 -1 276
Result 0 0.0 285 0.45 0.21 0.20 0.21 0.19 0.19 -1 -1 -1 -1 -1
Evo 1.00 0.00 1.00 0.96 1.00 1.00 1.00 0.18 0.01 0.05 0.13 0.26 -1 276
Result 0 0.0 285 0.48 0.22 0.19 0.16 0.22 0.20 -1 -1 -1 -1 -1
Evo 1.00 0.00 1.00 0.96 1.00 1.00 1.00 0.18 0.01 0.05 0.18 0.33 -1 276
Result 0 0.0 285 0.47 0.16 0.23 0.19 0.21 0.21 -1 -1 -1 -1 -1
Evo 1.00 0.00 1.00 0.96 1.00 1.00 1.00 0.18 0.01 0.05 0.15 0.31 -1 276
Result 0 0.0 285 0.50 0.23 0.18 0.16 0.24 0.19 -1 -1 -1 -1 -1
Evo 1.00 0.00 1.00 0.96 1.00 1.00 1.00 0.18 0.01 0.05 0.13 0.26 -1 276
Result 0 0.0 285 0.47 0.17 0.24 0.16 0.21 0.22 -1 -1 -1 -1 -1
Evo 1.00 0.00 1.00 0.96 1.00 1.00 1.00 0.18 0.01 0.05 0.19 0.31 -1 276
Result 0 0.0 285 0.44 0.21 0.23 0.18 0.17 0.20 -1 -1 -1 -1 -1
Evo 1.00 0.00 1.00 0.96 1.00 1.00 1.00 0.18 0.01 0.05 0.20 0.37 -1 276
Result 0 0.0 285 0.45 0.23 0.21 0.17 0.19 0.21 -1 -1 -1 -1 -1
Evo 1.00 0.00 1.00 0.96 1.00 1.00 1.00 0.18 0.01 0.05 0.19 0.35 -1 276
Result 0 0.0 285 0.44 0.21 0.20 0.21 0.17 0.21 -1 -1 -1 -1 -1
Evo 1.00 0.00 1.00 0.96 1.00 1.00 1.00 0.19 0.01 0.05 0.28 0.43 -1 51
Result 0 0.0 285 0.44 0.18 0.20 0.20 0.17 0.24 -1 -1 -1 -1 -1
Evo 1.02 0.00 1.00 0.84 1.00 1.00 1.00 0.37 0.05 0.22 0.06 0.20 -1 51
Result 0 0.0 60 0.49 0.21 0.16 0.23 0.23 0.16 -1 -1 -1 -1 -1
Evo 1.00 0.00 1.00 0.96 1.00 1.00 1.00 0.18 0.01 0.05 0.10 0.17 -1 276
Result 0 0.0 285 0.48 0.20 0.17 0.22 0.21 0.19 -1 -1 -1 -1 -1
Evo 1.00 0.00 1.00 0.96 1.00 1.00 1.00 0.18 0.01 0.05 0.05 0.15 -1 276
Result 0 0.0 285 0.45 0.19 0.17 0.21 0.19 0.24 -1 -1 -1 -1 -1
Evo 1.00 0.00 1.00 0.96 1.00 1.00 1.00 0.18 0.01 0.05 0.06 0.15 -1 276
Result 0 0.0 285 0.47 0.19 0.20 0.24 0.21 0.16 -1 -1 -1 -1 -1
Evo 1.02 0.00 1.00 0.84 1.00 1.00 1.00 0.37 0.05 0.22 0.05 0.13 -1 51
Result 0 0.0 60 0.41 0.16 0.26 0.31 0.15 0.11 -1 -1 -1 -1 -1
Evo 1.00 0.00 1.00 0.96 1.00 1.00 1.00 0.18 0.01 0.05 0.08 0.16 -1 276
Result 0 0.0 285 0.47 0.21 0.16 0.22 0.21 0.20 -1 -1 -1 -1 -1
Evo 1.00 0.00 1.00 0.96 1.00 1.00 1.00 0.18 0.01 0.05 0.10 0.18 -1 276
Result 0 0.0 285 0.45 0.24 0.21 0.20 0.19 0.17 -1 -1 -1 -1 -1
Evo 1.00 0.00 1.00 0.99 1.00 1.00 1.00 0.09 0.00 0.42 0.15 0.29 -1 1176
Result 0 40.0 1185 0.47 0.21 0.19 0.21 0.20 0.19 -1 -1 -1 -1 -1
Evo 1.00 0.00 1.00 0.96 1.00 1.00 1.00 0.18 0.01 0.05 0.05 0.15 -1 276
Result 0 0.0 285 0.47 0.19 0.19 0.19 0.20 0.23 -1 -1 -1 -1 -1
Evo 1.00 0.00 1.00 0.96 1.00 1.00 1.00 0.18 0.01 0.05 0.07 0.17 -1 276
Result 0 0.0 285 0.44 0.25 0.21 0.20 0.17 0.16 -1 -1 -1 -1 -1
Evo 1.00 0.00 1.00 0.96 1.00 1.00 1.00 0.18 0.01 0.05 0.04 0.13 -1 276
Result 0 0.0 285 0.49 0.19 0.19 0.17 0.24 0.20 -1 -1 -1 -1 -1
Evo 1.00 0.00 1.00 0.96 1.00 1.00 1.00 0.18 0.01 0.05 0.08 0.17 -1 276
Result 0 0.0 285 0.45 0.21 0.23 0.23 0.18 0.15 -1 -1 -1 -1 -1
Evo 1.00 0.00 1.00 0.96 1.00 1.00 1.00 0.18 0.01 0.05 0.10 0.17 -1 276
Result 0 0.0 285 0.49 0.17 0.21 0.17 0.23 0.21 -1 -1 -1 -1 -1
Evo 1.00 0.00 1.00 0.96 1.00 1.00 1.00 0.18 0.01 0.05 0.09 0.16 -1 276
Result 0 0.0 285 0.44 0.19 0.22 0.19 0.17 0.23 -1 -1 -1 -1 -1
Evo 1.00 0.00 1.00 0.96 1.00 1.00 1.00 0.18 0.01 0.05 0.07 0.15 -1 276
Result 0 0.0 285 0.45 0.21 0.23 0.20 0.19 0.18 -1 -1 -1 -1 -1
Evo 1.00 0.00 1.00 0.96 1.00 1.00 1.00 0.18 0.01 0.05 0.06 0.16 -1 276
Result 0 0.0 285 0.46 0.24 0.16 0.20 0.19 0.20 -1 -1 -1 -1 -1
Evo 1.00 0.00 1.00 0.96 1.00 1.00 1.00 0.18 0.01 0.05 0.09 0.16 -1 276
Result 0 0.0 285 0.45 0.21 0.22 0.21 0.18 0.19 -1 -1 -1 -1 -1
Evo 1.00 0.00 1.00 0.96 1.00 1.00 1.00 0.18 0.01 0.05 0.10 0.15 -1 276
Result 0 0.0 285 0.46 0.23 0.20 0.18 0.19 0.21 -1 -1 -1 -1 -1
Evo 1.00 0.00 1.00 0.99 1.00 1.00 1.00 0.09 0.00 0.40 0.20 0.25 -1 276
Result 0 40.0 1185 0.45 0.19 0.20 0.24 0.19 0.19 -1 -1 -1 -1 -1
Evo 1.00 0.00 1.00 0.96 1.00 1.00 1.00 0.18 0.01 0.05 0.07 0.15 -1 276
Result 0 0.0 285 0.50 0.20 0.16 0.20 0.24 0.20 -1 -1 -1 -1 -1
Evo 1.01 0.50 1.00 0.99 1.00 1.00 1.00 0.07 0.01 0.28 0.11 0.19 123 -1
Result 1 100.0 156 0.44 0.22 0.24 0.17 0.17 0.20 -1 -1 -1 -1 -1
Evo 1.00 0.00 0.50 0.48 0.50 0.50 0.50 0.09 0.01 0.17 0.14 0.28 -1 276
Result 0 0.0 285 0.48 0.18 0.19 0.21 0.22 0.19 -1 -1 -1 -1 -1
Evo 1.02 0.00 0.50 0.42 0.50 0.50 0.50 0.19 0.02 0.43 0.06 0.20 -1 51
Result 0 0.0 60 0.41 0.18 0.18 0.25 0.15 0.25 -1 -1 -1 -1 -1
Evo 1.00 0.00 0.50 0.48 0.50 0.50 0.50 0.09 0.01 0.17 0.05 0.13 -1 51
Result 0 0.0 285 0.45 0.17 0.17 0.25 0.18 0.23 -1 -1 -1 -1 -1
Evo 1.00 0.00 0.50 0.48 0.50 0.50 0.50 0.09 0.01 0.17 0.08 0.17 -1 276
Result 0 0.0 285 0.46 0.21 0.20 0.21 0.20 0.19 -1 -1 -1 -1 -1
Evo 1.02 0.00 0.50 0.42 0.50 0.50 0.50 0.19 0.02 0.43 0.06 0.14 -1 51
Result 0 0.0 60 0.50 0.21 0.21 0.11 0.25 0.21 -1 -1 -1 -1 -1
Evo 1.00 0.00 0.50 0.48 0.50 0.50 0.50 0.09 0.01 0.17 0.10 0.25 -1 276
Result 0 0.0 285 0.44 0.26 0.19 0.21 0.18 0.16 -1 -1 -1 -1 -1
Evo 1.00 0.00 0.50 0.50 0.50 0.50 0.50 0.05 0.00 0.53 0.21 0.30 -1 276
Result 0 40.0 1185 0.47 0.20 0.18 0.20 0.21 0.21 -1 -1 -1 -1 -1
Evo 1.00 0.00 0.50 0.48 0.50 0.50 0.50 0.09 0.01 0.17 0.12 0.21 -1 276
Result 0 0.0 285 0.46 0.19 0.20 0.21 0.19 0.21 -1 -1 -1 -1 -1
Evo 1.02 0.00 0.50 0.42 0.50 0.50 0.50 0.19 0.02 0.43 0.05 0.11 -1 51
Result 0 0.0 60 0.46 0.15 0.25 0.15 0.20 0.26 -1 -1 -1 -1 -1
Evo 1.00 0.00 0.50 0.48 0.50 0.50 0.50 0.09 0.01 0.17 0.09 0.24 -1 276
Result 0 0.0 285 0.43 0.26 0.18 0.19 0.17 0.20 -1 -1 -1 -1 -1
Evo 1.00 0.00 0.50 0.48 0.50 0.50 0.50 0.09 0.01 0.17 0.13 0.29 -1 276
Result 0 0.0 285 0.46 0.21 0.20 0.23 0.19 0.16 -1 -1 -1 -1 -1
Evo 1.00 0.00 0.50 0.48 0.50 0.50 0.50 0.09 0.01 0.17 0.08 0.23 -1 276
Result 0 0.0 285 0.46 0.20 0.22 0.19 0.19 0.20 -1 -1 -1 -1 -1
Evo 1.00 0.00 0.50 0.48 0.50 0.50 0.50 0.09 0.01 0.17 0.09 0.17 -1 276
Result 0 0.0 285 0.48 0.16 0.23 0.20 0.22 0.19 -1 -1 -1 -1 -1
Evo 1.00 0.00 0.50 0.48 0.50 0.50 0.50 0.09 0.01 0.17 0.12 0.27 -1 276
Result 0 0.0 285 0.49 0.20 0.17 0.21 0.23 0.19 -1 -1 -1 -1 -1
Evo 1.00 0.00 0.50 0.48 0.50 0.50 0.50 0.09 0.01 0.17 0.08 0.16 -1 276
Result 0 0.0 285 0.46 0.20 0.20 0.19 0.20 0.21 -1 -1 -1 -1 -1
Evo 1.00 0.00 0.50 0.48 0.50 0.50 0.50 0.09 0.01 0.17 0.09 0.19 -1 276
Result 0 0.0 285 0.47 0.17 0.19 0.21 0.21 0.21 -1 -1 -1 -1 -1
Evo 1.00 0.00 0.50 0.48 0.50 0.50 0.50 0.09 0.01 0.17 0.08 0.17 -1 276
Result 0 0.0 285 0.44 0.19 0.23 0.19 0.17 0.22 -1 -1 -1 -1 -1
Evo 1.00 0.00 0.50 0.48 0.50 0.50 0.50 0.09 0.01 0.17 0.08 0.19 -1 276
Result 0 0.0 285 0.41 0.26 0.22 0.17 0.15 0.21 -1 -1 -1 -1 -1
Evo 1.00 0.00 0.50 0.49 0.50 0.50 0.50 0.07 0.00 0.11 0.25 0.35 -1 501
Result 0 0.0 510 0.46 0.20 0.19 0.18 0.19 0.23 -1 -1 -1 -1 -1
Evo 1.00 0.00 0.50 0.48 0.50 0.50 0.50 0.09 0.01 0.17 0.08 0.24 -1 276
Result 0 0.0 285 0.47 0.21 0.19 0.19 0.21 0.20 -1 -1 -1 -1 -1
Evo 1.00 0.00 0.50 0.48 0.50 0.50 0.50 0.09 0.01 0.17 0.06 0.08 -1 276
Result 0 0.0 285 0.48 0.18 0.20 0.22 0.22 0.18 -1 -1 -1 -1 -1
Evo 1.02 0.00 0.50 0.42 0.50 0.50 0.50 0.19 0.02 0.43 0.04 0.07 -1 51
Result 0 0.0 60 0.49 0.18 0.11 0.26 0.23 0.21 -1 -1 -1 -1 -1
Evo 1.02 0.00 0.50 0.42 0.50 0.50 0.50 0.19 0.02 0.43 0.04 0.06 -1 51
Result 0 0.0 60 0.48 0.34 0.11 0.18 0.21 0.15 -1 -1 -1 -1 -1
Evo 1.00 0.00 0.50 0.48 0.50 0.50 0.50 0.09 0.01 0.17 0.04 0.07 -1 276
Result 0 0.0 285 0.45 0.19 0.23 0.19 0.19 0.21 -1 -1 -1 -1 -1
Evo 1.00 0.00 0.50 0.48 0.50 0.50 0.50 0.09 0.01 0.17 0.03 0.06 -1 276
Result 0 0.0 285 0.44 0.19 0.21 0.20 0.17 0.23 -1 -1 -1 -1 -1
Evo 1.00 0.00 0.50 0.48 0.50 0.50 0.50 0.09 0.01 0.17 0.05 0.08 -1 276
Result 0 0.0 285 0.48 0.19 0.21 0.16 0.22 0.22 -1 -1 -1 -1 -1
Evo 1.00 0.00 0.50 0.48 0.50 0.50 0.50 0.09 0.01 0.17 0.08 0.11 -1 276
Result 0 0.0 285 0.48 0.21 0.19 0.17 0.22 0.21 -1 -1 -1 -1 -1
Evo 1.00 0.00 0.50 0.48 0.50 0.50 0.50 0.09 0.01 0.17 0.03 0.06 -1 276
Result 0 0.0 285 0.46 0.16 0.23 0.19 0.19 0.22 -1 -1 -1 -1 -1
Evo 1.00 0.00 0.50 0.48 0.50 0.50 0.50 0.09 0.01 0.17 0.12 0.18 -1 276
Result 0 0.0 285 0.50 0.16 0.24 0.19 0.25 0.16 -1 -1 -1 -1 -1
Evo 1.00 0.00 0.50 0.48 0.50 0.50 0.50 0.09 0.01 0.17 0.04 0.07 -1 276
Result 0 0.0 285 0.47 0.18 0.20 0.22 0.20 0.20 -1 -1 -1 -1 -1
Evo 1.00 0.00 0.50 0.48 0.50 0.50 0.50 0.09 0.01 0.17 0.05 0.07 -1 276
Result 0 0.0 285 0.47 0.17 0.24 0.19 0.21 0.19 -1 -1 -1 -1 -1
Evo 1.00 0.00 0.50 0.48 0.50 0.50 0.50 0.09 0.01 0.17 0.07 0.08 -1 276
Result 0 0.0 285 0.47 0.22 0.20 0.19 0.21 0.19 -1 -1 -1 -1 -1
Evo 1.00 0.00 0.50 0.48 0.50 0.50 0.50 0.10 0.01 0.18 0.04 0.06 -1 51
Result 0 0.0 285 0.46 0.19 0.24 0.20 0.20 0.17 -1 -1 -1 -1 -1
Evo 1.00 0.00 0.50 0.48 0.50 0.50 0.50 0.09 0.01 0.17 0.12 0.17 -1 276
Result 0 0.0 285 0.45 0.23 0.18 0.17 0.19 0.23 -1 -1 -1 -1 -1
Evo 1.00 0.00 0.50 0.48 0.50 0.50 0.50 0.09 0.01 0.17 0.06 0.09 -1 276
Result 0 0.0 285 0.44 0.26 0.20 0.16 0.18 0.20 -1 -1 -1 -1 -1
Evo 1.00 0.00 0.50 0.48 0.50 0.50 0.50 0.09 0.01 0.17 0.06 0.10 -1 276
Result 0 0.0 285 0.47 0.23 0.17 0.20 0.21 0.18 -1 -1 -1 -1 -1
Evo 1.00 0.00 0.50 0.48 0.50 0.50 0.50 0.09 0.01 0.17 0.04 0.06 -1 276
Result 0 0.0 285 0.46 0.19 0.24 0.15 0.20 0.22 -1 -1 -1 -1 -1
Evo 1.00 0.00 0.50 0.48 0.50 0.50 0.50 0.09 0.01 0.17 0.03 0.06 -1 276
Result 0 0.0 285 0.41 0.19 0.24 0.20 0.15 0.22 -1 -1 -1 -1 -1
Evo 1.00 0.00 0.50 0.48 0.50 0.50 0.50 0.09 0.01 0.17 0.06 0.09 -1 276
Result 0 0.0 285 0.47 0.25 0.19 0.17 0.21 0.17 -1 -1 -1 -1 -1
Evo 1.00 0.00 0.50 0.48 0.50 0.50 0.50 0.09 0.01 0.17 0.05 0.08 -1 276
Result 0 0.0 285 0.45 0.22 0.17 0.23 0.19 0.19 -1 -1 -1 -1 -1
