Evo 1.00 0.00 1.00 1.00 1.00 1.00 1.00 0.06 0.00 0.01 0.41 0.60 991 4
Result 1 111.0 1000 0.48 0.20 0.18 0.20 0.20 0.22 -1 -1 -1 -1 -1
Evo 1.00 0.50 1.00 0.51 0.50 0.50 0.50 0.05 0.00 0.38 0.40 0.60 991 10
Result 1 189.0 1000 0.47 0.19 0.20 0.21 0.19 0.21 -1 -1 -1 -1 -1
Evo 1.00 0.50 1.00 0.50 0.50 0.50 0.50 0.05 0.00 0.07 0.33 0.57 991 2
Result 1 1.0 1000 0.44 0.22 0.21 0.21 0.20 0.17 -1 -1 -1 -1 -1
Evo 1.00 0.50 1.00 0.50 0.50 0.50 0.50 0.05 0.00 0.01 0.39 0.58 991 11
Result 1 1.0 1000 0.46 0.21 0.19 0.20 0.20 0.20 -1 -1 -1 -1 -1
Evo 1.00 0.50 1.00 0.51 0.50 0.50 0.50 0.05 0.00 0.53 0.45 0.60 991 8
Result 1 96.0 1000 0.47 0.19 0.21 0.20 0.20 0.21 -1 -1 -1 -1 -1
Evo 1.00 0.50 1.00 0.51 0.50 0.50 0.50 0.05 0.00 0.46 0.40 0.60 991 2
Result 1 123.0 1000 0.48 0.20 0.20 0.20 0.19 0.21 -1 -1 -1 -1 -1
Evo 1.00 0.50 1.00 0.51 0.50 0.50 0.50 0.05 0.00 0.27 0.42 0.56 991 2
Result 1 126.0 1000 0.47 0.19 0.20 0.21 0.19 0.20 -1 -1 -1 -1 -1
Evo 1.00 0.50 1.00 0.50 0.50 0.50 0.50 0.05 0.00 0.43 0.35 0.55 991 2
Result 1 48.0 1000 0.47 0.21 0.22 0.20 0.17 0.20 -1 -1 -1 -1 -1
Evo 1.00 0.50 1.00 0.51 0.50 0.50 0.50 0.05 0.00 0.53 0.42 0.60 991 45
Result 1 48.0 1000 0.47 0.18 0.19 0.21 0.21 0.21 -1 -1 -1 -1 -1
Evo 1.00 0.50 1.00 0.51 0.50 0.50 0.50 0.05 0.00 0.31 0.35 0.56 991 7
Result 1 114.0 1000 0.47 0.19 0.20 0.20 0.20 0.21 -1 -1 -1 -1 -1
Evo 1.00 0.50 1.00 0.50 0.50 0.50 0.50 0.05 0.00 0.07 0.23 0.48 991 4
Result 1 1.0 1000 0.48 0.18 0.19 0.20 0.21 0.22 -1 -1 -1 -1 -1
Evo 1.00 0.50 1.00 0.50 0.50 0.50 0.50 0.05 0.00 0.07 0.31 0.58 991 6
Result 1 1.0 1000 0.46 0.21 0.19 0.19 0.22 0.19 -1 -1 -1 -1 -1
Evo 1.00 0.50 1.00 0.50 0.50 0.50 0.50 0.05 0.00 0.07 0.24 0.48 991 3
Result 1 1.0 1000 0.45 0.21 0.21 0.20 0.20 0.18 -1 -1 -1 -1 -1
Evo 1.00 0.50 1.00 0.50 0.50 0.50 0.50 0.05 0.00 0.07 0.34 0.56 991 6
Result 1 1.0 1000 0.46 0.19 0.23 0.20 0.19 0.20 -1 -1 -1 -1 -1
Evo 1.00 0.50 1.00 0.50 0.50 0.50 0.50 0.05 0.00 0.41 0.34 0.60 991 14
Result 1 48.0 1000 0.46 0.21 0.19 0.19 0.23 0.20 -1 -1 -1 -1 -1
Evo 1.00 0.50 1.00 0.51 0.50 0.50 0.50 0.05 0.00 0.02 0.30 0.54 991 5
Result 1 48.0 1000 0.47 0.23 0.20 0.19 0.18 0.20 -1 -1 -1 -1 -1
Evo 1.00 0.50 1.00 0.51 0.50 0.50 0.50 0.05 0.00 0.51 0.40 0.60 991 6
Result 1 48.0 1000 0.48 0.20 0.19 0.19 0.21 0.21 -1 -1 -1 -1 -1
Evo 1.00 0.50 1.00 0.51 0.50 0.50 0.50 0.05 0.00 0.37 0.35 0.55 991 12
Result 1 69.0 1000 0.46 0.19 0.19 0.22 0.21 0.19 -1 -1 -1 -1 -1
Evo 1.00 0.50 1.00 0.50 0.50 0.50 0.50 0.05 0.00 0.09 0.34 0.60 991 4
Result 1 1.0 1000 0.46 0.21 0.18 0.21 0.20 0.20 -1 -1 -1 -1 -1
Evo 1.00 0.50 1.00 0.51 0.50 0.50 0.50 0.05 0.00 0.36 0.40 0.58 991 12
Result 1 129.0 1000 0.48 0.18 0.20 0.20 0.20 0.22 -1 -1 -1 -1 -1
Evo 1.00 0.50 1.00 0.50 0.50 0.50 0.50 0.05 0.00 0.38 0.33 0.56 991 0
Result 1 48.0 1000 0.48 0.19 0.20 0.21 0.18 0.22 -1 -1 -1 -1 -1
Evo 1.00 0.50 1.00 0.50 0.50 0.50 0.50 0.05 0.00 0.07 0.35 0.59 991 0
Result 1 1.0 1000 0.48 0.18 0.18 0.19 0.23 0.21 -1 -1 -1 -1 -1
Evo 1.00 0.50 1.00 0.51 0.50 0.50 0.50 0.05 0.00 0.52 0.29 0.47 991 0
Result 1 48.0 1000 0.46 0.21 0.17 0.22 0.19 0.20 -1 -1 -1 -1 -1
Evo 1.00 0.50 1.00 0.50 0.50 0.50 0.50 0.05 0.00 0.07 0.29 0.45 991 0
Result 1 1.0 1000 0.46 0.18 0.21 0.21 0.21 0.19 -1 -1 -1 -1 -1
Evo 1.00 0.50 1.00 0.51 0.50 0.50 0.50 0.05 0.00 0.52 0.33 0.58 991 0
Result 1 48.0 1000 0.46 0.20 0.21 0.19 0.20 0.19 -1 -1 -1 -1 -1
Evo 1.00 0.50 1.00 0.51 0.50 0.50 0.50 0.05 0.00 0.36 0.30 0.48 991 0
Result 1 96.0 1000 0.46 0.21 0.20 0.19 0.20 0.20 -1 -1 -1 -1 -1
Evo 1.00 0.50 1.00 0.50 0.50 0.50 0.50 0.05 0.00 0.07 0.32 0.50 991 0
Result 1 1.0 1000 0.46 0.20 0.23 0.20 0.17 0.19 -1 -1 -1 -1 -1
Evo 1.00 0.50 1.00 0.51 0.50 0.50 0.50 0.05 0.00 0.37 0.35 0.51 991 0
Result 1 96.0 1000 0.49 0.19 0.19 0.18 0.21 0.23 -1 -1 -1 -1 -1
Evo 1.00 0.50 1.00 0.51 0.50 0.50 0.50 0.05 0.00 0.53 0.36 0.51 991 0
Result 1 48.0 1000 0.47 0.21 0.17 0.21 0.20 0.21 -1 -1 -1 -1 -1
Evo 1.00 0.50 1.00 0.51 0.50 0.50 0.50 0.05 0.00 0.47 0.28 0.49 991 0
Result 1 48.0 1000 0.45 0.20 0.22 0.19 0.21 0.19 -1 -1 -1 -1 -1
Evo 1.00 0.50 1.00 0.51 0.50 0.50 0.50 0.05 0.00 0.53 0.39 0.50 991 0
Result 1 48.0 1000 0.47 0.20 0.21 0.19 0.20 0.20 -1 -1 -1 -1 -1
Evo 1.00 0.50 1.00 0.51 0.50 0.50 0.50 0.05 0.00 0.34 0.19 0.50 991 0
Result 1 48.0 1000 0.47 0.21 0.21 0.19 0.18 0.20 -1 -1 -1 -1 -1
Evo 1.00 0.50 1.00 0.50 0.50 0.50 0.50 0.05 0.00 0.07 0.15 0.32 991 0
Result 1 1.0 1000 0.45 0.22 0.18 0.19 0.24 0.18 -1 -1 -1 -1 -1
Evo 1.00 0.50 1.00 0.51 0.50 0.50 0.50 0.05 0.00 0.49 0.31 0.48 991 0
Result 1 48.0 1000 0.45 0.21 0.22 0.20 0.18 0.18 -1 -1 -1 -1 -1
Evo 1.00 0.50 1.00 0.51 0.50 0.50 0.50 0.05 0.00 0.48 0.36 0.49 991 0
Result 1 96.0 1000 0.45 0.22 0.21 0.19 0.19 0.19 -1 -1 -1 -1 -1
Evo 1.00 0.50 1.00 0.50 0.50 0.50 0.50 0.05 0.00 0.07 0.15 0.33 991 0
Result 1 1.0 1000 0.46 0.19 0.18 0.23 0.21 0.19 -1 -1 -1 -1 -1
Evo 1.00 0.50 1.00 0.50 0.50 0.50 0.50 0.05 0.00 0.47 0.29 0.48 991 0
Result 1 48.0 1000 0.48 0.22 0.19 0.17 0.20 0.22 -1 -1 -1 -1 -1
Evo 1.00 0.50 1.00 0.50 0.50 0.50 0.50 0.05 0.00 0.30 0.33 0.50 991 0
Result 1 48.0 1000 0.48 0.21 0.20 0.17 0.19 0.22 -1 -1 -1 -1 -1
Evo 1.00 0.50 1.00 0.51 0.50 0.50 0.50 0.05 0.00 0.38 0.26 0.46 991 0
Result 1 96.0 1000 0.45 0.19 0.23 0.19 0.21 0.18 -1 -1 -1 -1 -1
Evo 1.00 0.50 1.00 0.51 0.50 0.50 0.50 0.05 0.00 0.51 0.36 0.54 991 0
Result 1 48.0 1000 0.45 0.20 0.20 0.21 0.21 0.18 -1 -1 -1 -1 -1
Evo 1.00 0.50 1.00 0.50 0.50 0.50 0.50 0.05 0.00 0.07 0.31 0.59 991 51
Result 1 1.0 1000 0.48 0.21 0.19 0.19 0.19 0.22 -1 -1 -1 -1 -1
Evo 1.00 0.50 1.00 0.50 0.50 0.50 0.50 0.05 0.00 0.07 0.28 0.54 991 12
Result 1 1.0 1000 0.48 0.19 0.19 0.20 0.21 0.21 -1 -1 -1 -1 -1
Evo 1.00 0.50 1.00 0.51 0.50 0.50 0.50 0.05 0.00 0.44 0.29 0.50 991 32
Result 1 48.0 1000 0.47 0.21 0.20 0.18 0.20 0.21 -1 -1 -1 -1 -1
Evo 1.00 0.50 1.00 0.51 0.50 0.50 0.50 0.05 0.00 0.38 0.29 0.51 991 26
Result 1 48.0 1000 0.48 0.21 0.19 0.17 0.21 0.22 -1 -1 -1 -1 -1
Evo 1.00 0.50 1.00 0.50 0.50 0.50 0.50 0.05 0.00 0.42 0.30 0.46 991 49
Result 1 48.0 1000 0.45 0.21 0.20 0.20 0.19 0.19 -1 -1 -1 -1 -1
Evo 1.00 0.50 1.00 0.50 0.50 0.50 0.50 0.05 0.00 0.36 0.33 0.58 991 11
Result 1 48.0 1000 0.46 0.21 0.21 0.20 0.18 0.20 -1 -1 -1 -1 -1
Evo 1.00 0.50 1.00 0.50 0.50 0.50 0.50 0.05 0.00 0.40 0.32 0.54 991 26
Result 1 48.0 1000 0.47 0.21 0.21 0.19 0.18 0.21 -1 -1 -1 -1 -1
Evo 1.00 0.50 1.00 0.51 0.50 0.50 0.50 0.05 0.00 0.45 0.38 0.59 991 13
Result 1 48.0 1000 0.47 0.23 0.19 0.18 0.19 0.20 -1 -1 -1 -1 -1
Evo 1.00 0.50 1.00 0.50 0.50 0.50 0.50 0.05 0.00 0.07 0.14 0.38 991 10
Result 1 1.0 1000 0.45 0.20 0.22 0.21 0.18 0.18 -1 -1 -1 -1 -1
Evo 1.00 0.50 1.00 0.51 0.50 0.50 0.50 0.05 0.00 0.50 0.33 0.56 991 25
Result 1 48.0 1000 0.48 0.21 0.19 0.20 0.19 0.21 -1 -1 -1 -1 -1
Evo 1.00 0.50 1.00 0.51 0.50 0.50 0.50 0.05 0.00 0.52 0.38 0.56 991 39
Result 1 48.0 1000 0.48 0.19 0.20 0.20 0.18 0.22 -1 -1 -1 -1 -1
Evo 1.00 0.50 1.00 0.51 0.50 0.50 0.50 0.05 0.00 0.52 0.36 0.58 991 63
Result 1 48.0 1000 0.47 0.18 0.22 0.18 0.21 0.21 -1 -1 -1 -1 -1
Evo 1.00 0.50 1.00 0.50 0.50 0.50 0.50 0.05 0.00 0.30 0.26 0.48 991 39
Result 1 48.0 1000 0.46 0.19 0.21 0.21 0.19 0.20 -1 -1 -1 -1 -1
Evo 1.00 0.50 1.00 0.50 0.50 0.50 0.50 0.05 0.00 0.27 0.30 0.53 991 40
Result 1 48.0 1000 0.46 0.20 0.20 0.20 0.20 0.20 -1 -1 -1 -1 -1
Evo 1.00 0.50 1.00 0.50 0.50 0.50 0.50 0.05 0.00 0.42 0.25 0.44 991 81
Result 1 48.0 1000 0.46 0.21 0.21 0.19 0.19 0.19 -1 -1 -1 -1 -1
Evo 1.00 0.50 1.00 0.50 0.50 0.50 0.50 0.05 0.00 0.07 0.18 0.33 991 83
Result 1 1.0 1000 0.48 0.20 0.19 0.21 0.19 0.21 -1 -1 -1 -1 -1
Evo 1.00 0.50 1.00 0.50 0.50 0.50 0.50 0.05 0.00 0.07 0.39 0.59 991 30
Result 1 48.0 1000 0.47 0.21 0.19 0.19 0.20 0.21 -1 -1 -1 -1 -1
Evo 1.00 0.50 1.00 0.50 0.50 0.50 0.50 0.05 0.00 0.07 0.31 0.56 991 39
Result 1 1.0 1000 0.47 0.20 0.20 0.19 0.20 0.20 -1 -1 -1 -1 -1
Evo 1.00 0.50 1.00 0.50 0.50 0.50 0.50 0.05 0.00 0.43 0.28 0.46 991 45
Result 1 48.0 1000 0.46 0.19 0.19 0.20 0.22 0.19 -1 -1 -1 -1 -1
Evo 1.00 0.50 1.00 0.50 0.50 0.50 0.50 0.05 0.00 0.07 0.33 0.52 991 54
Result 1 1.0 1000 0.46 0.18 0.23 0.20 0.18 0.20 -1 -1 -1 -1 -1
Evo 1.00 0.50 1.00 0.50 0.50 0.50 0.50 0.05 0.00 0.07 0.28 0.55 991 0
Result 1 1.0 1000 0.46 0.20 0.19 0.19 0.22 0.20 -1 -1 -1 -1 -1
Evo 1.00 0.50 1.00 0.50 0.50 0.50 0.50 0.05 0.00 0.07 0.37 0.61 991 0
Result 1 1.0 1000 0.43 0.23 0.20 0.19 0.21 0.16 -1 -1 -1 -1 -1
Evo 1.00 0.50 1.00 0.50 0.50 0.50 0.50 0.05 0.00 0.07 0.29 0.54 991 0
Result 1 1.0 1000 0.47 0.20 0.16 0.20 0.22 0.21 -1 -1 -1 -1 -1
Evo 1.00 0.50 1.00 0.50 0.50 0.50 0.50 0.05 0.00 0.07 0.32 0.55 991 0
Result 1 1.0 1000 0.47 0.18 0.21 0.17 0.22 0.21 -1 -1 -1 -1 -1
Evo 1.00 0.50 1.00 0.50 0.50 0.50 0.50 0.05 0.00 0.07 0.37 0.61 991 0
Result 1 1.0 1000 0.47 0.22 0.18 0.19 0.19 0.21 -1 -1 -1 -1 -1
Evo 1.00 0.50 1.00 0.50 0.50 0.50 0.50 0.05 0.00 0.07 0.27 0.53 991 0
Result 1 1.0 1000 0.46 0.21 0.19 0.20 0.20 0.19 -1 -1 -1 -1 -1
Evo 1.00 0.50 1.00 0.50 0.50 0.50 0.50 0.05 0.00 0.07 0.47 0.61 991 0
Result 1 1.0 1000 0.46 0.19 0.19 0.22 0.20 0.20 -1 -1 -1 -1 -1
Evo 1.00 0.50 1.00 0.50 0.50 0.50 0.50 0.05 0.00 0.07 0.32 0.56 991 0
Result 1 1.0 1000 0.47 0.19 0.23 0.16 0.21 0.21 -1 -1 -1 -1 -1
Evo 1.00 0.50 1.00 0.50 0.50 0.50 0.50 0.05 0.00 0.07 0.34 0.55 991 0
Result 1 1.0 1000 0.46 0.20 0.19 0.21 0.21 0.19 -1 -1 -1 -1 -1
Evo 1.00 0.50 1.00 0.50 0.50 0.50 0.50 0.05 0.00 0.07 0.23 0.43 991 0
Result 1 1.0 1000 0.49 0.18 0.19 0.19 0.20 0.23 -1 -1 -1 -1 -1
Evo 1.00 0.50 1.00 0.50 0.50 0.50 0.50 0.05 0.00 0.01 0.39 0.61 991 0
Result 1 1.0 1000 0.46 0.20 0.22 0.21 0.18 0.20 -1 -1 -1 -1 -1
Evo 1.00 0.50 1.00 0.50 0.50 0.50 0.50 0.05 0.00 0.07 0.32 0.55 991 0
Result 1 1.0 1000 0.45 0.19 0.20 0.19 0.23 0.19 -1 -1 -1 -1 -1
Evo 1.00 0.50 1.00 0.50 0.50 0.50 0.50 0.05 0.00 0.07 0.32 0.56 991 0
Result 1 1.0 1000 0.46 0.22 0.21 0.20 0.17 0.19 -1 -1 -1 -1 -1
Evo 1.00 0.50 1.00 0.50 0.50 0.50 0.50 0.05 0.00 0.07 0.39 0.58 991 0
Result 1 1.0 1000 0.47 0.19 0.19 0.20 0.22 0.20 -1 -1 -1 -1 -1
Evo 1.00 0.50 1.00 0.51 0.50 0.50 0.50 0.05 0.00 0.52 0.40 0.61 991 0
Result 1 48.0 1000 0.46 0.20 0.18 0.20 0.22 0.20 -1 -1 -1 -1 -1
Evo 1.00 0.50 1.00 0.50 0.50 0.50 0.50 0.05 0.00 0.07 0.25 0.51 991 0
Result 1 1.0 1000 0.47 0.21 0.18 0.19 0.21 0.21 -1 -1 -1 -1 -1
Evo 1.00 0.50 1.00 0.51 0.50 0.50 0.50 0.05 0.00 0.53 0.35 0.60 991 0
Result 1 48.0 1000 0.47 0.20 0.22 0.20 0.18 0.20 -1 -1 -1 -1 -1
Evo 1.00 0.50 1.00 0.50 0.50 0.50 0.50 0.05 0.00 0.07 0.30 0.55 991 0
Result 1 1.0 1000 0.49 0.21 0.20 0.18 0.18 0.23 -1 -1 -1 -1 -1
Evo 1.00 0.50 1.00 0.51 0.50 0.50 0.50 0.05 0.00 0.52 0.38 0.60 991 0
Result 1 48.0 1000 0.48 0.19 0.19 0.20 0.20 0.22 -1 -1 -1 -1 -1
Evo 1.00 0.50 1.00 0.50 0.50 0.50 0.50 0.05 0.00 0.07 0.27 0.46 991 0
Result 1 1.0 1000 0.48 0.20 0.21 0.17 0.20 0.22 -1 -1 -1 -1 -1
Evo 1.00 0.50 1.00 0.51 0.50 0.50 0.50 0.05 0.00 0.52 0.27 0.53 991 0
Result 1 48.0 1000 0.47 0.20 0.22 0.18 0.19 0.21 -1 -1 -1 -1 -1
Evo 1.00 0.50 1.00 0.51 0.50 0.50 0.50 0.05 0.00 0.47 0.24 0.50 991 0
Result 1 144.0 1000 0.48 0.21 0.19 0.17 0.20 0.22 -1 -1 -1 -1 -1
Evo 1.00 0.50 1.00 0.50 0.50 0.50 0.50 0.05 0.00 0.07 0.20 0.36 991 0
Result 1 1.0 1000 0.44 0.20 0.20 0.20 0.22 0.18 -1 -1 -1 -1 -1
Evo 1.00 0.50 1.00 0.51 0.50 0.50 0.50 0.05 0.00 0.44 0.30 0.52 991 0
Result 1 48.0 1000 0.48 0.21 0.20 0.20 0.19 0.21 -1 -1 -1 -1 -1
Evo 1.00 0.50 1.00 0.50 0.50 0.50 0.50 0.05 0.00 0.07 0.25 0.48 991 1
Result 1 1.0 1000 0.45 0.21 0.18 0.19 0.23 0.19 -1 -1 -1 -1 -1
Evo 1.00 0.50 1.00 0.50 0.50 0.50 0.50 0.05 0.00 0.07 0.20 0.43 991 0
Result 1 1.0 1000 0.43 0.22 0.17 0.23 0.22 0.17 -1 -1 -1 -1 -1
Evo 1.00 0.50 1.00 0.50 0.50 0.50 0.50 0.05 0.00 0.07 0.16 0.28 991 0
Result 1 1.0 1000 0.47 0.20 0.19 0.19 0.21 0.21 -1 -1 -1 -1 -1
Evo 1.00 0.50 1.00 0.51 0.50 0.50 0.50 0.05 0.00 0.53 0.27 0.53 991 0
Result 1 93.0 1000 0.46 0.21 0.21 0.20 0.19 0.19 -1 -1 -1 -1 -1
Evo 1.00 0.50 1.00 0.50 0.50 0.50 0.50 0.05 0.00 0.07 0.13 0.26 991 0
Result 1 1.0 1000 0.47 0.21 0.15 0.20 0.23 0.21 -1 -1 -1 -1 -1
Evo 1.00 0.50 1.00 0.50 0.50 0.50 0.50 0.05 0.00 0.07 0.25 0.49 991 0
Result 1 1.0 1000 0.45 0.19 0.21 0.19 0.22 0.18 -1 -1 -1 -1 -1
Evo 1.00 0.50 1.00 0.51 0.50 0.50 0.50 0.05 0.00 0.49 0.25 0.48 991 0
Result 1 48.0 1000 0.47 0.21 0.19 0.18 0.21 0.21 -1 -1 -1 -1 -1
Evo 1.00 0.50 1.00 0.50 0.50 0.50 0.50 0.05 0.00 0.07 0.13 0.28 991 0
Result 1 1.0 1000 0.48 0.22 0.18 0.18 0.20 0.22 -1 -1 -1 -1 -1
Evo 1.00 0.50 1.00 0.50 0.50 0.50 0.50 0.05 0.00 0.07 0.14 0.28 991 0
Result 1 1.0 1000 0.48 0.20 0.17 0.20 0.21 0.22 -1 -1 -1 -1 -1
Evo 1.00 0.50 1.00 0.51 0.50 0.50 0.50 0.05 0.00 0.50 0.30 0.51 991 1
Result 1 48.0 1000 0.47 0.18 0.23 0.18 0.22 0.20 -1 -1 -1 -1 -1
Evo 1.00 0.50 1.00 0.51 0.50 0.50 0.50 0.05 0.00 0.48 0.25 0.46 991 0
Result 1 48.0 1000 0.49 0.19 0.19 0.17 0.21 0.24 -1 -1 -1 -1 -1
Evo 1.00 0.50 1.00 0.51 0.50 0.50 0.50 0.05 0.00 0.41 0.31 0.51 991 0
Result 1 96.0 1000 0.48 0.19 0.20 0.20 0.19 0.21 -1 -1 -1 -1 -1
Evo 1.00 0.50 1.00 0.50 0.50 0.50 0.50 0.05 0.00 0.07 0.26 0.45 991 0
Result 1 1.0 1000 0.46 0.21 0.19 0.20 0.21 0.19 -1 -1 -1 -1 -1
Evo 1.00 0.50 1.00 0.50 0.50 0.50 0.50 0.05 0.00 0.07 0.16 0.29 991 2
Result 1 1.0 1000 0.47 0.20 0.19 0.17 0.23 0.21 -1 -1 -1 -1 -1
Evo 1.00 0.50 1.00 0.50 0.50 0.50 0.50 0.05 0.00 0.07 0.22 0.40 991 0
Result 1 1.0 1000 0.47 0.21 0.17 0.21 0.20 0.21 -1 -1 -1 -1 -1
Evo 1.00 0.50 1.00 0.50 0.50 0.50 0.50 0.05 0.00 0.07 0.22 0.35 991 0
Result 1 1.0 1000 0.47 0.23 0.18 0.18 0.19 0.21 -1 -1 -1 -1 -1
