Evo 1.00 0.00 1.00 0.92 1.00 1.00 1.00 0.26 0.01 0.01 0.24 0.43 1234 89
Result 1 28.0 1238 0.39 0.17 0.17 0.16 0.13 0.17 0.20 -1 -1 -1 -1
Evo 1.01 0.00 0.50 0.47 0.50 0.50 0.50 0.12 0.01 0.25 0.05 0.11 -1 40
Result 0 0.0 112 0.44 0.13 0.16 0.15 0.18 0.23 0.15 -1 -1 -1 -1
Evo 1.00 0.00 0.50 0.49 0.50 0.50 0.50 0.08 0.01 0.15 0.09 0.23 -1 79
Result 0 1.0 203 0.45 0.17 0.14 0.19 0.21 0.14 0.15 -1 -1 -1 -1
Evo 1.01 0.00 0.50 0.47 0.50 0.50 0.50 0.12 0.01 0.24 0.04 0.13 -1 38
Result 0 0.0 115 0.42 0.22 0.19 0.13 0.16 0.19 0.12 -1 -1 -1 -1
Evo 1.01 0.00 0.50 0.49 0.50 0.50 0.50 0.07 0.01 0.12 0.03 0.10 -1 52
Result 0 0.0 96 0.40 0.20 0.18 0.14 0.19 0.20 0.10 -1 -1 -1 -1
Evo 1.01 0.00 0.50 0.49 0.50 0.50 0.50 0.07 0.01 0.11 0.04 0.11 -1 43
Result 0 0.0 98 0.41 0.17 0.16 0.18 0.15 0.17 0.16 -1 -1 -1 -1
Evo 1.00 0.00 1.00 0.50 0.50 0.50 0.50 0.04 0.00 0.03 0.27 0.46 1992 65
Result 0 31.0 2000 0.45 0.17 0.16 0.17 0.16 0.18 0.17 -1 -1 -1 -1
Evo 1.01 0.00 0.50 0.49 0.50 0.50 0.50 0.08 0.01 0.14 0.04 0.11 -1 48
Result 0 0.0 108 0.42 0.22 0.13 0.17 0.16 0.17 0.17 -1 -1 -1 -1
Evo 1.01 0.00 0.50 0.47 0.50 0.50 0.50 0.13 0.01 0.26 0.03 0.12 -1 88
Result 0 0.0 118 0.32 0.14 0.15 0.09 0.15 0.23 0.24 -1 -1 -1 -1
Evo 1.01 0.00 0.50 0.47 0.50 0.50 0.50 0.13 0.01 0.27 0.03 0.10 -1 65
Result 0 0.0 115 0.37 0.14 0.18 0.12 0.16 0.17 0.23 -1 -1 -1 -1
Evo 1.01 0.00 0.50 0.47 0.50 0.50 0.50 0.12 0.01 0.25 0.05 0.17 -1 51
Result 0 0.0 126 0.42 0.18 0.14 0.13 0.16 0.22 0.17 -1 -1 -1 -1
Evo 1.01 0.00 0.50 0.50 0.50 0.50 0.50 0.05 0.00 0.06 0.04 0.14 -1 49
Result 0 0.0 109 0.43 0.13 0.17 0.14 0.16 0.23 0.17 -1 -1 -1 -1
Evo 1.01 0.00 0.50 0.50 0.50 0.50 0.50 0.05 0.00 0.06 0.04 0.13 -1 58
Result 0 0.0 120 0.40 0.17 0.12 0.14 0.20 0.16 0.21 -1 -1 -1 -1
Evo 1.01 0.00 0.50 0.46 0.50 0.50 0.50 0.13 0.01 0.29 0.03 0.11 -1 81
Result 0 0.0 115 0.46 0.10 0.17 0.15 0.20 0.20 0.18 -1 -1 -1 -1
Evo 1.01 0.00 0.50 0.46 0.50 0.50 0.50 0.13 0.01 0.06 0.05 0.13 -1 47
Result 0 0.0 118 0.50 0.14 0.14 0.14 0.16 0.24 0.17 -1 -1 -1 -1
Evo 1.01 0.00 0.50 0.49 0.50 0.50 0.50 0.08 0.01 0.46 0.13 0.27 -1 25
Result 0 5.0 200 0.35 0.13 0.14 0.25 0.11 0.18 0.18 -1 -1 -1 -1
Evo 1.01 0.00 0.50 0.47 0.50 0.50 0.50 0.12 0.01 0.24 0.03 0.12 -1 76
Result 0 0.0 115 0.39 0.16 0.20 0.14 0.16 0.14 0.21 -1 -1 -1 -1
Evo 1.01 0.00 0.50 0.48 0.50 0.50 0.50 0.09 0.01 0.06 0.04 0.13 -1 50
Result 0 0.0 112 0.39 0.21 0.13 0.17 0.13 0.23 0.12 -1 -1 -1 -1
Evo 1.01 0.00 0.50 0.49 0.50 0.50 0.50 0.07 0.01 0.10 0.03 0.11 -1 56
Result 0 0.0 114 0.40 0.11 0.19 0.14 0.16 0.21 0.19 -1 -1 -1 -1
Evo 1.01 0.00 0.50 0.48 0.50 0.50 0.50 0.10 0.01 0.19 0.04 0.12 -1 77
Result 0 0.0 118 0.39 0.19 0.18 0.14 0.13 0.21 0.13 -1 -1 -1 -1
Evo 1.01 0.00 0.50 0.49 0.50 0.50 0.50 0.08 0.01 0.09 0.05 0.20 -1 59
Result 0 14.0 135 0.28 0.18 0.13 0.17 0.19 0.07 0.25 -1 -1 -1 -1
Evo 1.01 0.00 0.50 0.49 0.50 0.50 0.50 0.06 0.01 0.23 0.03 0.12 -1 58
Result 0 12.0 73 0.41 0.12 0.09 0.26 0.14 0.15 0.24 -1 -1 -1 -1
Evo 1.01 0.00 0.50 0.49 0.50 0.50 0.50 0.07 0.01 0.16 0.04 0.14 -1 53
Result 0 10.0 96 0.37 0.21 0.07 0.26 0.19 0.12 0.15 -1 -1 -1 -1
Evo 1.01 0.00 0.50 0.48 0.50 0.50 0.50 0.11 0.01 0.24 0.09 0.22 -1 55
Result 0 17.0 173 0.36 0.16 0.09 0.20 0.11 0.23 0.21 -1 -1 -1 -1
Evo 1.01 0.00 0.50 0.50 0.50 0.50 0.50 0.05 0.00 0.17 0.06 0.17 -1 56
Result 0 12.0 117 0.50 0.18 0.10 0.25 0.13 0.14 0.21 -1 -1 -1 -1
Evo 1.01 0.00 0.50 0.46 0.50 0.50 0.50 0.13 0.01 0.12 0.07 0.18 -1 62
Result 0 12.0 133 0.35 0.15 0.10 0.29 0.16 0.11 0.19 -1 -1 -1 -1
Evo 1.01 0.00 0.50 0.47 0.50 0.50 0.50 0.12 0.01 0.15 0.09 0.22 -1 63
Result 0 17.0 175 0.45 0.13 0.12 0.18 0.17 0.19 0.22 -1 -1 -1 -1
Evo 1.01 0.00 0.50 0.49 0.50 0.50 0.50 0.08 0.01 0.09 0.07 0.21 -1 49
Result 0 15.0 135 0.42 0.21 0.12 0.15 0.17 0.15 0.19 -1 -1 -1 -1
Evo 1.01 0.00 0.50 0.49 0.50 0.50 0.50 0.08 0.01 0.14 0.04 0.14 -1 63
Result 0 11.0 107 0.32 0.19 0.15 0.28 0.10 0.09 0.19 -1 -1 -1 -1
Evo 1.01 0.00 0.50 0.47 0.50 0.50 0.50 0.11 0.01 0.11 0.08 0.22 -1 57
Result 0 17.0 157 0.44 0.13 0.09 0.19 0.21 0.18 0.20 -1 -1 -1 -1
Evo 1.01 0.00 0.50 0.47 0.50 0.50 0.50 0.11 0.01 0.17 0.09 0.21 -1 66
Result 0 17.0 172 0.43 0.20 0.14 0.16 0.17 0.16 0.17 -1 -1 -1 -1
Evo 1.01 0.00 0.50 0.47 0.50 0.50 0.50 0.12 0.01 0.07 0.09 0.22 -1 57
Result 0 17.0 175 0.44 0.12 0.14 0.17 0.16 0.19 0.21 -1 -1 -1 -1
Evo 1.01 0.00 0.50 0.47 0.50 0.50 0.50 0.13 0.01 0.15 0.07 0.17 -1 52
Result 0 13.0 133 0.37 0.09 0.16 0.22 0.22 0.12 0.19 -1 -1 -1 -1
Evo 1.01 0.00 0.50 0.48 0.50 0.50 0.50 0.10 0.01 0.12 0.07 0.20 -1 48
Result 0 10.0 130 0.49 0.15 0.16 0.23 0.18 0.10 0.18 -1 -1 -1 -1
Evo 1.01 0.00 0.50 0.47 0.50 0.50 0.50 0.12 0.01 0.17 0.08 0.21 -1 60
Result 0 17.0 175 0.45 0.15 0.07 0.20 0.19 0.19 0.20 -1 -1 -1 -1
Evo 1.01 0.00 0.50 0.47 0.50 0.50 0.50 0.13 0.01 0.22 0.05 0.17 -1 65
Result 0 11.0 133 0.24 0.20 0.18 0.21 0.17 0.06 0.18 -1 -1 -1 -1
Evo 1.01 0.00 0.50 0.48 0.50 0.50 0.50 0.10 0.01 0.14 0.04 0.14 -1 54
Result 0 11.0 109 0.30 0.14 0.14 0.27 0.08 0.11 0.26 -1 -1 -1 -1
Evo 1.01 0.00 0.50 0.50 0.50 0.50 0.50 0.05 0.00 0.26 0.04 0.15 -1 58
Result 0 12.0 103 0.36 0.20 0.10 0.22 0.12 0.12 0.25 -1 -1 -1 -1
Evo 1.01 0.00 0.50 0.48 0.50 0.50 0.50 0.10 0.01 0.20 0.06 0.18 -1 46
Result 0 13.0 130 0.25 0.15 0.18 0.22 0.18 0.06 0.21 -1 -1 -1 -1
Evo 1.01 0.00 0.50 0.47 0.50 0.50 0.50 0.12 0.01 0.17 0.08 0.21 -1 66
Result 0 17.0 175 0.40 0.20 0.11 0.16 0.14 0.18 0.22 -1 -1 -1 -1
Evo 1.01 0.00 0.50 0.47 0.50 0.50 0.50 0.13 0.01 0.53 0.08 0.22 -1 15
Result 0 16.0 159 0.47 0.15 0.08 0.21 0.17 0.14 0.26 -1 -1 -1 -1
Evo 1.01 0.00 0.50 0.47 0.50 0.50 0.50 0.12 0.01 0.27 0.09 0.22 -1 19
Result 0 15.0 158 0.43 0.08 0.08 0.20 0.16 0.21 0.27 -1 -1 -1 -1
Evo 1.01 0.00 0.50 0.48 0.50 0.50 0.50 0.10 0.01 0.18 0.08 0.20 -1 14
Result 0 11.0 133 0.49 0.16 0.09 0.22 0.23 0.10 0.21 -1 -1 -1 -1
Evo 1.01 0.00 0.50 0.48 0.50 0.50 0.50 0.09 0.01 0.13 0.08 0.20 -1 17
Result 0 12.0 127 0.43 0.13 0.12 0.27 0.16 0.13 0.20 -1 -1 -1 -1
Evo 1.01 0.00 0.50 0.48 0.50 0.50 0.50 0.09 0.01 0.14 0.11 0.22 -1 13
Result 0 11.0 151 0.45 0.12 0.09 0.27 0.18 0.17 0.17 -1 -1 -1 -1
Evo 1.01 0.00 0.50 0.46 0.50 0.50 0.50 0.14 0.01 0.06 0.05 0.16 -1 7
Result 0 6.0 109 0.51 0.15 0.09 0.28 0.13 0.13 0.23 -1 -1 -1 -1
Evo 1.01 0.00 0.50 0.48 0.50 0.50 0.50 0.09 0.01 0.18 0.07 0.20 -1 12
Result 0 14.0 127 0.49 0.15 0.14 0.23 0.13 0.13 0.23 -1 -1 -1 -1
Evo 1.01 0.00 0.50 0.49 0.50 0.50 0.50 0.07 0.01 0.18 0.05 0.16 -1 10
Result 0 7.0 106 0.50 0.13 0.15 0.24 0.11 0.16 0.21 -1 -1 -1 -1
Evo 1.01 0.00 0.50 0.48 0.50 0.50 0.50 0.10 0.01 0.50 0.10 0.22 -1 16
Result 0 15.0 155 0.50 0.11 0.13 0.24 0.13 0.18 0.21 -1 -1 -1 -1
Evo 1.02 0.00 0.50 0.48 0.50 0.50 0.50 0.10 0.02 0.35 0.03 0.09 -1 10
Result 0 5.0 45 0.44 0.13 0.09 0.22 0.17 0.24 0.15 -1 -1 -1 -1
Evo 1.01 0.00 0.50 0.47 0.50 0.50 0.50 0.12 0.01 0.53 0.10 0.22 -1 12
Result 0 19.0 159 0.47 0.14 0.09 0.21 0.14 0.18 0.24 -1 -1 -1 -1
Evo 1.02 0.00 0.50 0.49 0.50 0.50 0.50 0.06 0.01 0.25 0.03 0.10 -1 18
Result 0 4.0 63 0.40 0.16 0.17 0.14 0.25 0.17 0.11 -1 -1 -1 -1
Evo 1.01 0.00 0.50 0.46 0.50 0.50 0.50 0.13 0.01 0.17 0.06 0.16 -1 18
Result 0 5.0 112 0.51 0.18 0.12 0.27 0.15 0.12 0.17 -1 -1 -1 -1
Evo 1.01 0.00 0.50 0.48 0.50 0.50 0.50 0.10 0.01 0.15 0.07 0.20 -1 18
Result 0 11.0 133 0.48 0.18 0.09 0.22 0.15 0.14 0.22 -1 -1 -1 -1
Evo 1.01 0.00 0.50 0.47 0.50 0.50 0.50 0.12 0.01 0.52 0.09 0.22 -1 11
Result 0 14.0 159 0.47 0.16 0.08 0.21 0.16 0.15 0.24 -1 -1 -1 -1
Evo 1.01 0.00 0.50 0.47 0.50 0.50 0.50 0.13 0.01 0.37 0.08 0.23 -1 8
Result 0 15.0 158 0.43 0.13 0.11 0.23 0.17 0.16 0.21 -1 -1 -1 -1
Evo 1.01 0.00 0.50 0.48 0.50 0.50 0.50 0.10 0.01 0.14 0.09 0.21 -1 16
Result 0 10.0 155 0.40 0.15 0.13 0.21 0.14 0.19 0.19 -1 -1 -1 -1
Evo 1.01 0.00 0.50 0.47 0.50 0.50 0.50 0.13 0.01 0.18 0.08 0.22 -1 20
Result 0 14.0 158 0.44 0.16 0.13 0.18 0.16 0.15 0.22 -1 -1 -1 -1
Evo 1.01 0.00 0.50 0.46 0.50 0.50 0.50 0.13 0.01 0.53 0.10 0.22 -1 13
Result 0 16.0 159 0.42 0.17 0.14 0.16 0.14 0.15 0.24 -1 -1 -1 -1
Evo 1.01 0.00 0.50 0.48 0.50 0.50 0.50 0.09 0.01 0.20 0.07 0.18 -1 19
Result 0 7.0 111 0.38 0.11 0.11 0.29 0.13 0.17 0.21 -1 -1 -1 -1
Evo 1.01 0.00 0.50 0.45 0.50 0.50 0.50 0.15 0.01 0.25 0.03 0.07 -1 75
Result 0 3.0 106 0.40 0.14 0.16 0.14 0.20 0.20 0.17 -1 -1 -1 -1
Evo 1.01 0.00 0.50 0.48 0.50 0.50 0.50 0.11 0.01 0.23 0.02 0.07 -1 74
Result 0 3.0 101 0.36 0.14 0.21 0.17 0.12 0.15 0.23 -1 -1 -1 -1
Evo 1.01 0.00 0.50 0.47 0.50 0.50 0.50 0.12 0.01 0.19 0.03 0.07 -1 71
Result 0 3.0 102 0.34 0.10 0.20 0.11 0.28 0.24 0.07 -1 -1 -1 -1
Evo 1.01 0.00 0.50 0.45 0.50 0.50 0.50 0.15 0.01 0.23 0.02 0.06 -1 71
Result 0 3.0 106 0.37 0.16 0.14 0.12 0.17 0.16 0.25 -1 -1 -1 -1
Evo 1.01 0.00 0.50 0.48 0.50 0.50 0.50 0.11 0.01 0.24 0.02 0.07 -1 69
Result 0 3.0 101 0.41 0.18 0.20 0.11 0.15 0.24 0.14 -1 -1 -1 -1
Evo 1.01 0.00 0.50 0.48 0.50 0.50 0.50 0.10 0.01 0.35 0.03 0.08 -1 75
Result 0 3.0 100 0.38 0.18 0.13 0.13 0.17 0.17 0.23 -1 -1 -1 -1
Evo 1.01 0.00 0.50 0.49 0.50 0.50 0.50 0.05 0.01 0.14 0.03 0.07 -1 69
Result 0 3.0 97 0.48 0.15 0.16 0.16 0.21 0.13 0.17 -1 -1 -1 -1
Evo 1.01 0.00 0.50 0.45 0.50 0.50 0.50 0.15 0.01 0.23 0.04 0.07 -1 62
Result 0 3.0 106 0.38 0.10 0.21 0.14 0.13 0.19 0.23 -1 -1 -1 -1
Evo 1.01 0.00 0.50 0.45 0.50 0.50 0.50 0.15 0.01 0.28 0.03 0.07 -1 74
Result 0 3.0 106 0.34 0.18 0.15 0.10 0.16 0.20 0.21 -1 -1 -1 -1
Evo 1.01 0.00 0.50 0.45 0.50 0.50 0.50 0.15 0.01 0.37 0.03 0.07 -1 69
Result 0 3.0 106 0.44 0.17 0.20 0.12 0.18 0.16 0.18 -1 -1 -1 -1
Evo 1.01 0.00 0.50 0.45 0.50 0.50 0.50 0.15 0.01 0.21 0.02 0.05 -1 70
Result 0 3.0 106 0.43 0.15 0.19 0.13 0.17 0.22 0.14 -1 -1 -1 -1
Evo 1.01 0.00 0.50 0.48 0.50 0.50 0.50 0.11 0.01 0.16 0.04 0.08 -1 48
Result 0 3.0 101 0.42 0.17 0.15 0.16 0.17 0.20 0.17 -1 -1 -1 -1
Evo 1.01 0.00 0.50 0.48 0.50 0.50 0.50 0.10 0.01 0.31 0.02 0.07 -1 77
Result 0 3.0 100 0.40 0.17 0.10 0.14 0.15 0.26 0.19 -1 -1 -1 -1
Evo 1.01 0.00 0.50 0.48 0.50 0.50 0.50 0.10 0.01 0.26 0.02 0.07 -1 79
Result 0 3.0 99 0.49 0.19 0.16 0.08 0.16 0.24 0.17 -1 -1 -1 -1
Evo 1.01 0.00 0.50 0.48 0.50 0.50 0.50 0.11 0.01 0.13 0.02 0.06 -1 69
Result 0 3.0 101 0.43 0.15 0.18 0.17 0.14 0.21 0.17 -1 -1 -1 -1
Evo 1.01 0.00 0.50 0.49 0.50 0.50 0.50 0.09 0.01 0.31 0.02 0.07 -1 68
Result 0 3.0 99 0.47 0.15 0.13 0.14 0.15 0.21 0.22 -1 -1 -1 -1
Evo 1.01 0.00 0.50 0.48 0.50 0.50 0.50 0.11 0.01 0.25 0.02 0.07 -1 69
Result 0 3.0 99 0.38 0.14 0.12 0.13 0.14 0.26 0.21 -1 -1 -1 -1
Evo 1.01 0.00 0.50 0.49 0.50 0.50 0.50 0.08 0.01 0.23 0.01 0.09 -1 45
Result 0 0.0 73 0.41 0.20 0.16 0.22 0.15 0.08 0.19 -1 -1 -1 -1
Evo 1.01 0.00 0.50 0.48 0.50 0.50 0.50 0.11 0.01 0.36 0.03 0.08 -1 70
Result 0 3.0 100 0.45 0.18 0.16 0.11 0.19 0.20 0.17 -1 -1 -1 -1
Evo 1.01 0.00 0.50 0.44 0.50 0.50 0.50 0.16 0.02 0.18 0.06 0.23 -1 37
Result 0 4.0 106 0.32 0.12 0.11 0.36 0.18 0.09 0.14 -1 -1 -1 -1
Evo 1.01 0.00 0.50 0.43 0.50 0.50 0.50 0.17 0.02 0.40 0.01 0.03 -1 30
Result 0 0.0 71 0.35 0.11 0.22 0.24 0.11 0.17 0.15 -1 -1 -1 -1
Evo 1.01 0.00 0.50 0.46 0.50 0.50 0.50 0.14 0.02 0.09 0.01 0.03 -1 32
Result 0 0.0 67 0.34 0.12 0.22 0.19 0.10 0.26 0.10 -1 -1 -1 -1
Evo 1.01 0.00 0.50 0.43 0.50 0.50 0.50 0.17 0.02 0.40 0.01 0.03 -1 29
Result 0 0.0 71 0.38 0.21 0.21 0.19 0.19 0.13 0.07 -1 -1 -1 -1
Evo 1.01 0.00 0.50 0.43 0.50 0.50 0.50 0.17 0.02 0.40 0.01 0.02 -1 33
Result 0 0.0 71 0.46 0.18 0.14 0.13 0.19 0.14 0.22 -1 -1 -1 -1
Evo 1.02 0.00 0.50 0.46 0.50 0.50 0.50 0.13 0.02 0.28 0.01 0.02 -1 38
Result 0 0.0 66 0.47 0.18 0.10 0.21 0.13 0.13 0.24 -1 -1 -1 -1
Evo 1.01 0.00 0.50 0.43 0.50 0.50 0.50 0.17 0.02 0.40 0.01 0.02 -1 39
Result 0 0.0 71 0.45 0.14 0.11 0.18 0.22 0.18 0.17 -1 -1 -1 -1
Evo 1.01 0.00 0.50 0.43 0.50 0.50 0.50 0.17 0.02 0.40 0.01 0.02 -1 38
Result 0 0.0 71 0.43 0.29 0.19 0.14 0.17 0.10 0.11 -1 -1 -1 -1
Evo 1.02 0.00 0.50 0.47 0.50 0.50 0.50 0.12 0.01 0.09 0.01 0.02 -1 37
Result 0 0.0 65 0.41 0.20 0.14 0.20 0.15 0.15 0.17 -1 -1 -1 -1
Evo 1.01 0.00 0.50 0.49 0.50 0.50 0.50 0.08 0.01 0.14 0.05 0.11 -1 19
Result 0 5.0 77 0.40 0.13 0.17 0.14 0.12 0.24 0.21 -1 -1 -1 -1
Evo 1.02 0.00 0.50 0.47 0.50 0.50 0.50 0.12 0.01 0.25 0.01 0.02 -1 37
Result 0 0.0 65 0.37 0.18 0.20 0.12 0.21 0.14 0.15 -1 -1 -1 -1
Evo 1.01 0.00 0.50 0.43 0.50 0.50 0.50 0.17 0.02 0.40 0.01 0.02 -1 38
Result 0 0.0 71 0.43 0.11 0.26 0.17 0.17 0.13 0.17 -1 -1 -1 -1
Evo 1.01 0.00 0.50 0.43 0.50 0.50 0.50 0.17 0.02 0.40 0.00 0.02 -1 41
Result 0 0.0 71 0.43 0.15 0.18 0.21 0.17 0.08 0.21 -1 -1 -1 -1
Evo 1.01 0.00 0.50 0.44 0.50 0.50 0.50 0.16 0.02 0.49 0.05 0.11 -1 16
Result 0 6.0 85 0.27 0.17 0.16 0.07 0.07 0.33 0.20 -1 -1 -1 -1
Evo 1.01 0.00 0.50 0.43 0.50 0.50 0.50 0.17 0.02 0.40 0.01 0.02 -1 32
Result 0 0.0 71 0.38 0.14 0.24 0.13 0.18 0.13 0.19 -1 -1 -1 -1
Evo 1.01 0.00 0.50 0.43 0.50 0.50 0.50 0.17 0.02 0.40 0.01 0.02 -1 40
Result 0 0.0 71 0.41 0.19 0.11 0.21 0.17 0.15 0.17 -1 -1 -1 -1
Evo 1.02 0.00 0.50 0.47 0.50 0.50 0.50 0.12 0.01 0.09 0.01 0.02 -1 33
Result 0 0.0 65 0.43 0.23 0.12 0.11 0.15 0.17 0.23 -1 -1 -1 -1
Evo 1.02 0.00 0.50 0.47 0.50 0.50 0.50 0.12 0.01 0.25 0.01 0.02 -1 32
Result 0 0.0 65 0.41 0.15 0.26 0.15 0.14 0.15 0.15 -1 -1 -1 -1
Evo 1.02 0.00 0.50 0.47 0.50 0.50 0.50 0.12 0.01 0.25 0.01 0.02 -1 39
Result 0 0.0 65 0.41 0.11 0.20 0.21 0.15 0.17 0.17 -1 -1 -1 -1
Evo 1.01 0.00 0.50 0.43 0.50 0.50 0.50 0.17 0.02 0.09 0.01 0.02 -1 32
Result 0 0.0 71 0.45 0.19 0.13 0.18 0.17 0.15 0.18 -1 -1 -1 -1
Evo 1.01 0.00 0.50 0.43 0.50 0.50 0.50 0.17 0.02 0.40 0.01 0.02 -1 30
Result 0 0.0 71 0.41 0.18 0.14 0.19 0.15 0.11 0.22 -1 -1 -1 -1
