Evo 1.00 0.00 1.00 0.78 1.00 1.00 1.00 0.42 0.03 0.28 0.17 0.27 -1 40
Result 0 0.0 206 0.49 0.23 0.18 0.21 0.19 0.19 -1 -1 -1 -1 -1
Evo 1.00 0.00 1.00 0.98 1.00 1.00 1.00 0.15 0.01 0.13 0.14 0.25 -1 36
Result 0 0.0 205 0.46 0.19 0.19 0.22 0.20 0.19 -1 -1 -1 -1 -1
Evo 1.00 0.00 1.00 0.98 1.00 1.00 1.00 0.14 0.01 0.11 0.16 0.26 -1 42
Result 0 0.0 204 0.45 0.18 0.20 0.22 0.23 0.17 -1 -1 -1 -1 -1
Evo 1.00 0.00 1.00 1.00 1.00 1.00 1.00 0.07 0.00 0.04 0.16 0.26 -1 54
Result 0 0.0 201 0.48 0.21 0.18 0.20 0.25 0.16 -1 -1 -1 -1 -1
Evo 1.00 0.50 1.00 1.00 1.00 1.00 1.00 0.03 0.00 0.02 0.31 0.49 337 52
Result 1 1.0 350 0.44 0.18 0.19 0.18 0.26 0.20 -1 -1 -1 -1 -1
Evo 1.00 0.00 0.50 0.49 0.50 0.50 0.50 0.07 0.00 0.11 0.12 0.25 -1 59
Result 0 0.0 204 0.49 0.23 0.17 0.24 0.19 0.17 -1 -1 -1 -1 -1
Evo 1.00 0.00 0.50 0.49 0.50 0.50 0.50 0.08 0.01 0.13 0.16 0.26 -1 34
Result 0 0.0 205 0.44 0.18 0.16 0.25 0.19 0.22 -1 -1 -1 -1 -1
Evo 1.00 0.50 1.00 0.53 0.50 0.50 0.50 0.11 0.01 0.22 0.30 0.48 345 46
Result 1 1.0 364 0.42 0.16 0.21 0.19 0.22 0.22 -1 -1 -1 -1 -1
Evo 1.00 0.50 1.00 0.53 0.50 0.50 0.50 0.12 0.01 0.23 0.30 0.49 354 71
Result 1 1.0 374 0.47 0.20 0.19 0.22 0.15 0.23 -1 -1 -1 -1 -1
Evo 1.00 0.00 0.50 0.49 0.50 0.50 0.50 0.07 0.00 0.11 0.18 0.27 -1 41
Result 0 0.0 204 0.44 0.18 0.23 0.21 0.22 0.16 -1 -1 -1 -1 -1
Evo 1.00 0.00 0.50 0.49 0.50 0.50 0.50 0.07 0.00 0.11 0.14 0.25 -1 40
Result 0 0.0 204 0.46 0.20 0.18 0.22 0.21 0.19 -1 -1 -1 -1 -1
Evo 1.00 0.50 1.00 0.52 0.50 0.50 0.50 0.09 0.00 0.15 0.29 0.51 346 30
Result 1 1.0 356 0.45 0.18 0.18 0.20 0.23 0.21 -1 -1 -1 -1 -1
Evo 1.00 0.00 0.50 0.49 0.50 0.50 0.50 0.08 0.01 0.13 0.14 0.26 -1 44
Result 0 0.0 205 0.45 0.19 0.21 0.23 0.20 0.17 -1 -1 -1 -1 -1
Evo 1.00 0.00 0.50 0.48 0.50 0.50 0.50 0.11 0.01 0.21 0.12 0.25 -1 51
Result 0 0.0 210 0.49 0.23 0.16 0.20 0.26 0.15 -1 -1 -1 -1 -1
Evo 1.00 0.00 0.50 0.48 0.50 0.50 0.50 0.11 0.01 0.21 0.14 0.24 -1 50
Result 0 0.0 210 0.41 0.15 0.19 0.24 0.22 0.19 -1 -1 -1 -1 -1
Evo 1.00 0.50 1.00 0.52 0.50 0.50 0.50 0.09 0.00 0.15 0.29 0.50 350 31
Result 1 1.0 363 0.46 0.20 0.22 0.17 0.21 0.20 -1 -1 -1 -1 -1
Evo 1.00 0.00 0.50 0.48 0.50 0.50 0.50 0.09 0.01 0.16 0.16 0.28 -1 23
Result 0 0.0 207 0.49 0.24 0.17 0.22 0.19 0.18 -1 -1 -1 -1 -1
Evo 1.00 0.00 0.50 0.49 0.50 0.50 0.50 0.08 0.01 0.15 0.17 0.27 -1 32
Result 0 0.0 206 0.44 0.18 0.18 0.26 0.20 0.18 -1 -1 -1 -1 -1
Evo 1.00 0.50 1.00 0.52 0.50 0.50 0.50 0.11 0.01 0.21 0.36 0.51 351 24
Result 1 1.0 373 0.45 0.19 0.20 0.20 0.19 0.22 -1 -1 -1 -1 -1
Evo 1.00 0.00 0.50 0.48 0.50 0.50 0.50 0.10 0.01 0.18 0.15 0.25 -1 51
Result 0 0.0 208 0.47 0.21 0.22 0.19 0.23 0.15 -1 -1 -1 -1 -1
Evo 1.01 0.00 0.50 0.48 0.50 0.50 0.50 0.09 0.01 0.16 0.13 0.25 -1 22
Result 0 0.0 155 0.48 0.22 0.20 0.23 0.14 0.21 -1 -1 -1 -1 -1
Evo 1.01 0.00 0.50 0.49 0.50 0.50 0.50 0.06 0.01 0.10 0.11 0.23 -1 36
Result 0 0.0 123 0.45 0.19 0.19 0.23 0.25 0.14 -1 -1 -1 -1 -1
Evo 1.01 0.00 0.50 0.48 0.50 0.50 0.50 0.11 0.01 0.21 0.11 0.23 -1 19
Result 0 0.0 127 0.47 0.20 0.20 0.25 0.21 0.13 -1 -1 -1 -1 -1
Evo 1.01 0.00 0.50 0.48 0.50 0.50 0.50 0.10 0.01 0.19 0.15 0.26 -1 12
Result 0 0.0 169 0.46 0.19 0.16 0.20 0.24 0.21 -1 -1 -1 -1 -1
Evo 1.01 0.00 0.50 0.48 0.50 0.50 0.50 0.09 0.01 0.16 0.13 0.23 -1 23
Result 0 0.0 125 0.42 0.16 0.23 0.27 0.20 0.14 -1 -1 -1 -1 -1
Evo 1.01 0.00 0.50 0.49 0.50 0.50 0.50 0.06 0.00 0.08 0.15 0.24 -1 29
Result 0 0.0 151 0.46 0.19 0.20 0.24 0.18 0.20 -1 -1 -1 -1 -1
Evo 1.01 0.00 0.50 0.48 0.50 0.50 0.50 0.09 0.01 0.16 0.13 0.26 -1 17
Result 0 0.0 155 0.48 0.22 0.21 0.20 0.19 0.19 -1 -1 -1 -1 -1
Evo 1.01 0.00 0.50 0.47 0.50 0.50 0.50 0.12 0.01 0.25 0.12 0.23 -1 14
Result 0 0.0 128 0.49 0.24 0.16 0.27 0.19 0.14 -1 -1 -1 -1 -1
Evo 1.01 0.00 0.50 0.47 0.50 0.50 0.50 0.12 0.01 0.25 0.15 0.24 -1 28
Result 0 0.0 160 0.48 0.22 0.19 0.20 0.18 0.20 -1 -1 -1 -1 -1
Evo 1.01 0.00 0.50 0.48 0.50 0.50 0.50 0.10 0.01 0.20 0.15 0.26 -1 35
Result 0 0.0 156 0.46 0.20 0.17 0.23 0.20 0.21 -1 -1 -1 -1 -1
Evo 1.01 0.00 0.50 0.48 0.50 0.50 0.50 0.09 0.01 0.17 0.15 0.27 -1 7
Result 0 0.0 166 0.47 0.20 0.17 0.23 0.17 0.23 -1 -1 -1 -1 -1
Evo 1.01 0.00 0.50 0.47 0.50 0.50 0.50 0.12 0.01 0.25 0.14 0.25 -1 38
Result 0 0.0 159 0.47 0.21 0.14 0.24 0.14 0.26 -1 -1 -1 -1 -1
Evo 1.01 0.00 0.50 0.49 0.50 0.50 0.50 0.08 0.01 0.13 0.15 0.26 -1 15
Result 0 0.0 164 0.45 0.19 0.25 0.20 0.19 0.17 -1 -1 -1 -1 -1
Evo 1.01 0.00 0.50 0.48 0.50 0.50 0.50 0.09 0.01 0.17 0.14 0.25 -1 24
Result 0 0.0 168 0.40 0.14 0.19 0.22 0.22 0.22 -1 -1 -1 -1 -1
Evo 1.01 0.00 0.50 0.48 0.50 0.50 0.50 0.09 0.01 0.17 0.13 0.26 -1 21
Result 0 0.0 165 0.49 0.23 0.17 0.19 0.20 0.20 -1 -1 -1 -1 -1
Evo 1.01 0.00 0.50 0.49 0.50 0.50 0.50 0.08 0.01 0.14 0.15 0.26 -1 14
Result 0 0.0 154 0.41 0.15 0.18 0.23 0.23 0.21 -1 -1 -1 -1 -1
Evo 1.01 0.00 0.50 0.48 0.50 0.50 0.50 0.10 0.01 0.20 0.14 0.26 -1 13
Result 0 0.0 157 0.44 0.18 0.23 0.20 0.20 0.20 -1 -1 -1 -1 -1
Evo 1.01 0.00 0.50 0.48 0.50 0.50 0.50 0.10 0.01 0.20 0.14 0.26 -1 18
Result 0 0.0 157 0.43 0.16 0.22 0.19 0.24 0.19 -1 -1 -1 -1 -1
Evo 1.01 0.00 0.50 0.48 0.50 0.50 0.50 0.10 0.01 0.18 0.12 0.23 -1 14
Result 0 0.0 125 0.48 0.22 0.18 0.24 0.24 0.12 -1 -1 -1 -1 -1
Evo 1.01 0.00 0.50 0.47 0.50 0.50 0.50 0.11 0.01 0.22 0.12 0.25 -1 47
Result 0 0.0 158 0.47 0.20 0.16 0.17 0.28 0.19 -1 -1 -1 -1 -1
Evo 1.01 0.00 0.50 0.48 0.50 0.50 0.50 0.09 0.01 0.16 0.14 0.22 -1 12
Result 0 0.0 128 0.44 0.17 0.22 0.25 0.20 0.16 -1 -1 -1 -1 -1
Evo 1.01 0.00 0.50 0.47 0.50 0.50 0.50 0.11 0.01 0.23 0.10 0.22 -1 8
Result 0 0.0 130 0.46 0.19 0.17 0.21 0.28 0.15 -1 -1 -1 -1 -1
Evo 1.01 0.00 0.50 0.49 0.50 0.50 0.50 0.08 0.01 0.13 0.10 0.21 -1 19
Result 0 0.0 126 0.45 0.19 0.21 0.23 0.22 0.15 -1 -1 -1 -1 -1
Evo 1.01 0.00 0.50 0.47 0.50 0.50 0.50 0.11 0.01 0.22 0.12 0.20 -1 19
Result 0 0.0 131 0.46 0.20 0.16 0.22 0.27 0.16 -1 -1 -1 -1 -1
Evo 1.01 0.00 0.50 0.49 0.50 0.50 0.50 0.06 0.01 0.09 0.09 0.19 -1 47
Result 0 0.0 126 0.52 0.28 0.14 0.19 0.28 0.11 -1 -1 -1 -1 -1
Evo 1.01 0.00 0.50 0.48 0.50 0.50 0.50 0.09 0.01 0.16 0.10 0.20 -1 28
Result 0 0.0 128 0.43 0.16 0.18 0.29 0.24 0.13 -1 -1 -1 -1 -1
Evo 1.01 0.00 0.50 0.47 0.50 0.50 0.50 0.12 0.01 0.24 0.11 0.22 -1 13
Result 0 0.0 132 0.46 0.20 0.24 0.20 0.24 0.12 -1 -1 -1 -1 -1
Evo 1.01 0.00 0.50 0.49 0.50 0.50 0.50 0.06 0.01 0.09 0.12 0.20 -1 25
Result 0 0.0 126 0.45 0.19 0.15 0.28 0.23 0.16 -1 -1 -1 -1 -1
Evo 1.01 0.00 0.50 0.48 0.50 0.50 0.50 0.09 0.01 0.16 0.12 0.20 -1 22
Result 0 0.0 128 0.47 0.21 0.16 0.26 0.22 0.16 -1 -1 -1 -1 -1
Evo 1.01 0.00 0.50 0.49 0.50 0.50 0.50 0.06 0.01 0.09 0.12 0.20 -1 40
Result 0 0.0 126 0.44 0.17 0.19 0.24 0.21 0.18 -1 -1 -1 -1 -1
Evo 1.01 0.00 0.50 0.48 0.50 0.50 0.50 0.10 0.01 0.18 0.10 0.21 -1 43
Result 0 0.0 129 0.49 0.23 0.22 0.21 0.23 0.12 -1 -1 -1 -1 -1
Evo 1.01 0.00 0.50 0.49 0.50 0.50 0.50 0.05 0.01 0.08 0.10 0.17 -1 21
Result 0 0.0 83 0.40 0.14 0.23 0.23 0.23 0.18 -1 -1 -1 -1 -1
Evo 1.01 0.00 0.50 0.47 0.50 0.50 0.50 0.11 0.01 0.22 0.10 0.20 -1 31
Result 0 0.0 131 0.47 0.21 0.12 0.29 0.20 0.18 -1 -1 -1 -1 -1
Evo 1.01 0.00 0.50 0.49 0.50 0.50 0.50 0.06 0.01 0.09 0.12 0.20 -1 33
Result 0 0.0 125 0.47 0.21 0.15 0.22 0.26 0.16 -1 -1 -1 -1 -1
Evo 1.01 0.00 0.50 0.48 0.50 0.50 0.50 0.10 0.01 0.20 0.12 0.20 -1 31
Result 0 0.0 130 0.49 0.24 0.15 0.25 0.21 0.15 -1 -1 -1 -1 -1
Evo 1.01 0.00 0.50 0.49 0.50 0.50 0.50 0.08 0.01 0.13 0.10 0.20 -1 20
Result 0 0.0 127 0.47 0.20 0.16 0.27 0.20 0.17 -1 -1 -1 -1 -1
Evo 1.01 0.00 0.50 0.47 0.50 0.50 0.50 0.12 0.01 0.24 0.12 0.22 -1 12
Result 0 0.0 132 0.45 0.19 0.17 0.24 0.23 0.17 -1 -1 -1 -1 -1
Evo 1.01 0.00 0.50 0.48 0.50 0.50 0.50 0.10 0.01 0.18 0.09 0.20 -1 15
Result 0 0.0 129 0.46 0.19 0.22 0.27 0.23 0.09 -1 -1 -1 -1 -1
Evo 1.01 0.00 0.50 0.50 0.50 0.50 0.50 0.04 0.00 0.06 0.10 0.20 -1 30
Result 0 0.0 125 0.51 0.26 0.20 0.21 0.20 0.13 -1 -1 -1 -1 -1
Evo 1.01 0.00 0.50 0.47 0.50 0.50 0.50 0.11 0.01 0.22 0.12 0.21 -1 15
Result 0 0.0 131 0.48 0.22 0.15 0.26 0.17 0.20 -1 -1 -1 -1 -1
Evo 1.01 0.00 0.50 0.49 0.50 0.50 0.50 0.08 0.01 0.15 0.05 0.11 -1 51
Result 0 0.0 101 0.45 0.19 0.18 0.22 0.17 0.25 -1 -1 -1 -1 -1
Evo 1.01 0.00 0.50 0.45 0.50 0.50 0.50 0.15 0.01 0.32 0.10 0.31 -1 28
Result 0 0.0 104 0.46 0.20 0.17 0.28 0.23 0.12 -1 -1 -1 -1 -1
Evo 1.01 0.00 0.50 0.50 0.50 0.50 0.50 0.05 0.00 0.07 0.05 0.19 -1 34
Result 0 0.0 99 0.49 0.24 0.13 0.21 0.19 0.23 -1 -1 -1 -1 -1
Evo 1.01 0.00 0.50 0.49 0.50 0.50 0.50 0.08 0.01 0.15 0.08 0.24 -1 37
Result 0 0.0 101 0.44 0.18 0.20 0.20 0.21 0.23 -1 -1 -1 -1 -1
Evo 1.01 0.00 0.50 0.50 0.50 0.50 0.50 0.05 0.00 0.07 0.05 0.18 -1 33
Result 0 0.0 99 0.40 0.14 0.28 0.20 0.15 0.23 -1 -1 -1 -1 -1
Evo 1.01 0.00 0.50 0.49 0.50 0.50 0.50 0.08 0.01 0.15 0.06 0.14 -1 63
Result 0 0.0 101 0.44 0.18 0.17 0.21 0.18 0.27 -1 -1 -1 -1 -1
Evo 1.01 0.00 0.50 0.46 0.50 0.50 0.50 0.13 0.01 0.28 0.04 0.12 -1 43
Result 0 0.0 106 0.50 0.25 0.21 0.13 0.21 0.20 -1 -1 -1 -1 -1
Evo 1.01 0.00 0.50 0.47 0.50 0.50 0.50 0.12 0.01 0.24 0.05 0.13 -1 66
Result 0 0.0 104 0.50 0.25 0.16 0.14 0.19 0.26 -1 -1 -1 -1 -1
Evo 1.01 0.00 0.50 0.49 0.50 0.50 0.50 0.05 0.01 0.07 0.04 0.10 -1 63
Result 0 0.0 97 0.50 0.24 0.14 0.17 0.21 0.22 -1 -1 -1 -1 -1
Evo 1.01 0.00 0.50 0.45 0.50 0.50 0.50 0.14 0.01 0.32 0.06 0.14 -1 62
Result 0 0.0 108 0.39 0.14 0.22 0.17 0.17 0.30 -1 -1 -1 -1 -1
Evo 1.01 0.00 0.50 0.48 0.50 0.50 0.50 0.11 0.01 0.21 0.07 0.17 -1 42
Result 0 0.0 102 0.50 0.24 0.17 0.20 0.14 0.24 -1 -1 -1 -1 -1
Evo 1.01 0.00 0.50 0.48 0.50 0.50 0.50 0.10 0.01 0.18 0.05 0.14 -1 55
Result 0 0.0 102 0.47 0.20 0.16 0.17 0.25 0.22 -1 -1 -1 -1 -1
Evo 1.01 0.00 0.50 0.48 0.50 0.50 0.50 0.11 0.01 0.21 0.06 0.18 -1 51
Result 0 0.0 103 0.45 0.18 0.22 0.18 0.18 0.23 -1 -1 -1 -1 -1
Evo 1.01 0.00 0.50 0.49 0.50 0.50 0.50 0.07 0.01 0.11 0.07 0.20 -1 36
Result 0 0.0 100 0.50 0.25 0.21 0.16 0.18 0.21 -1 -1 -1 -1 -1
Evo 1.01 0.00 0.50 0.48 0.50 0.50 0.50 0.11 0.01 0.21 0.05 0.12 -1 55
Result 0 0.0 103 0.51 0.27 0.27 0.14 0.12 0.20 -1 -1 -1 -1 -1
Evo 1.01 0.00 0.50 0.48 0.50 0.50 0.50 0.10 0.01 0.18 0.05 0.12 -1 44
Result 0 0.0 102 0.49 0.23 0.18 0.17 0.20 0.21 -1 -1 -1 -1 -1
Evo 1.01 0.00 0.50 0.49 0.50 0.50 0.50 0.09 0.01 0.15 0.04 0.09 -1 66
Result 0 0.0 100 0.43 0.17 0.18 0.19 0.22 0.25 -1 -1 -1 -1 -1
Evo 1.01 0.00 0.50 0.47 0.50 0.50 0.50 0.12 0.01 0.26 0.07 0.26 -1 27
Result 0 0.0 105 0.49 0.24 0.19 0.16 0.21 0.21 -1 -1 -1 -1 -1
Evo 1.01 0.00 0.50 0.47 0.50 0.50 0.50 0.12 0.01 0.26 0.05 0.14 -1 43
Result 0 0.0 105 0.50 0.25 0.20 0.15 0.21 0.19 -1 -1 -1 -1 -1
Evo 1.01 0.00 0.50 0.49 0.50 0.50 0.50 0.07 0.01 0.11 0.05 0.16 -1 57
Result 0 0.0 100 0.50 0.25 0.17 0.17 0.16 0.26 -1 -1 -1 -1 -1
Evo 1.01 0.00 0.50 0.43 0.50 0.50 0.50 0.17 0.02 0.39 0.01 0.06 -1 17
Result 0 0.0 72 0.49 0.23 0.16 0.26 0.16 0.18 -1 -1 -1 -1 -1
Evo 1.01 0.00 0.50 0.46 0.50 0.50 0.50 0.13 0.02 0.28 0.01 0.03 -1 26
Result 0 0.0 67 0.46 0.19 0.28 0.18 0.21 0.15 -1 -1 -1 -1 -1
Evo 1.01 0.00 0.50 0.43 0.50 0.50 0.50 0.17 0.02 0.39 0.01 0.04 -1 27
Result 0 0.0 72 0.43 0.16 0.27 0.25 0.21 0.11 -1 -1 -1 -1 -1
Evo 1.01 0.00 0.50 0.43 0.50 0.50 0.50 0.17 0.02 0.39 0.01 0.04 -1 24
Result 0 0.0 72 0.44 0.18 0.23 0.21 0.22 0.16 -1 -1 -1 -1 -1
Evo 1.02 0.00 0.50 0.47 0.50 0.50 0.50 0.12 0.01 0.24 0.01 0.06 -1 15
Result 0 0.0 66 0.31 0.09 0.27 0.22 0.27 0.15 -1 -1 -1 -1 -1
Evo 1.02 0.00 0.50 0.47 0.50 0.50 0.50 0.12 0.01 0.24 0.01 0.04 -1 29
Result 0 0.0 66 0.47 0.21 0.28 0.21 0.18 0.12 -1 -1 -1 -1 -1
Evo 1.02 0.00 0.50 0.47 0.50 0.50 0.50 0.12 0.01 0.24 0.01 0.04 -1 26
Result 0 0.0 66 0.43 0.16 0.22 0.25 0.18 0.18 -1 -1 -1 -1 -1
Evo 1.02 0.00 0.50 0.49 0.50 0.50 0.50 0.06 0.01 0.09 0.01 0.07 -1 13
Result 0 0.0 63 0.45 0.19 0.20 0.22 0.17 0.22 -1 -1 -1 -1 -1
Evo 1.02 0.00 0.50 0.49 0.50 0.50 0.50 0.06 0.01 0.09 0.01 0.06 -1 17
Result 0 0.0 63 0.42 0.16 0.31 0.17 0.17 0.19 -1 -1 -1 -1 -1
Evo 1.02 0.00 0.50 0.47 0.50 0.50 0.50 0.12 0.01 0.24 0.01 0.06 -1 16
Result 0 0.0 66 0.46 0.19 0.36 0.18 0.13 0.13 -1 -1 -1 -1 -1
Evo 1.02 0.00 0.50 0.49 0.50 0.50 0.50 0.06 0.01 0.09 0.01 0.04 -1 26
Result 0 0.0 63 0.50 0.25 0.28 0.22 0.11 0.14 -1 -1 -1 -1 -1
Evo 1.01 0.00 0.50 0.44 0.50 0.50 0.50 0.16 0.02 0.35 0.01 0.06 -1 16
Result 0 0.0 70 0.43 0.17 0.28 0.17 0.24 0.14 -1 -1 -1 -1 -1
Evo 1.02 0.00 0.50 0.47 0.50 0.50 0.50 0.12 0.01 0.24 0.01 0.04 -1 21
Result 0 0.0 66 0.41 0.15 0.24 0.27 0.13 0.21 -1 -1 -1 -1 -1
Evo 1.02 0.00 0.50 0.48 0.50 0.50 0.50 0.10 0.01 0.20 0.01 0.03 -1 23
Result 0 0.0 65 0.43 0.17 0.17 0.26 0.26 0.15 -1 -1 -1 -1 -1
Evo 1.02 0.00 0.50 0.47 0.50 0.50 0.50 0.12 0.01 0.24 0.01 0.05 -1 3
Result 0 0.0 66 0.48 0.22 0.15 0.22 0.24 0.16 -1 -1 -1 -1 -1
Evo 1.02 0.00 0.50 0.47 0.50 0.50 0.50 0.12 0.01 0.24 0.01 0.07 -1 7
Result 0 0.0 66 0.39 0.13 0.24 0.25 0.21 0.16 -1 -1 -1 -1 -1
Evo 1.02 0.00 0.50 0.47 0.50 0.50 0.50 0.12 0.01 0.24 0.01 0.04 -1 29
Result 0 0.0 66 0.43 0.16 0.19 0.27 0.22 0.15 -1 -1 -1 -1 -1
Evo 1.02 0.00 0.50 0.47 0.50 0.50 0.50 0.12 0.01 0.24 0.01 0.04 -1 26
Result 0 0.0 66 0.48 0.22 0.19 0.25 0.15 0.18 -1 -1 -1 -1 -1
Evo 1.01 0.00 0.50 0.46 0.50 0.50 0.50 0.13 0.02 0.28 0.01 0.05 -1 25
Result 0 0.0 67 0.36 0.12 0.24 0.25 0.18 0.22 -1 -1 -1 -1 -1
Evo 1.02 0.00 0.50 0.48 0.50 0.50 0.50 0.09 0.01 0.15 0.01 0.05 -1 23
Result 0 0.0 64 0.37 0.12 0.23 0.25 0.25 0.15 -1 -1 -1 -1 -1
