Evo 1.04 0.00 1.00 0.96 1.00 1.00 1.00 0.19 0.04 0.18 0.83 1.00 16 -1
Result 1 14.0 26 0.41 0.07 0.26 0.22 0.15 0.30 -1 -1 -1 -1 -1
Evo 1.01 0.00 1.00 0.07 0.00 0.00 0.00 0.26 0.02 0.08 1.00 1.00 45 -1
Result 1 68.0 147 0.48 0.08 0.22 0.25 0.22 0.23 -1 -1 -1 -1 -1
Evo 1.02 0.00 1.00 0.13 0.00 0.00 0.00 0.34 0.05 0.18 0.83 1.00 40 -1
Result 1 26.0 51 0.46 0.12 0.23 0.21 0.19 0.25 -1 -1 -1 -1 -1
Evo 1.01 0.00 1.00 0.08 0.00 0.00 0.00 0.27 0.03 0.10 1.00 1.00 106 -1
Result 1 52.0 114 0.46 0.10 0.20 0.25 0.19 0.26 -1 -1 -1 -1 -1
Evo 1.01 0.00 1.00 0.31 0.00 0.00 1.00 0.47 0.06 0.15 1.00 1.00 25 -1
Result 1 30.0 67 0.43 0.09 0.25 0.22 0.16 0.28 -1 -1 -1 -1 -1
Evo 1.04 0.00 1.00 0.26 0.00 0.00 0.00 0.45 0.09 0.18 1.00 1.00 20 -1
Result 1 16.0 26 0.35 0.15 0.07 0.33 0.11 0.33 -1 -1 -1 -1 -1
Evo 1.01 0.00 1.00 0.07 0.00 0.00 0.00 0.26 0.03 0.13 1.00 1.00 77 -1
Result 1 42.0 82 0.48 0.07 0.22 0.24 0.22 0.25 -1 -1 -1 -1 -1
Evo 1.02 0.00 1.00 0.28 0.00 0.00 1.00 0.45 0.07 0.12 1.00 1.00 34 -1
Result 1 22.0 46 0.49 0.15 0.17 0.26 0.23 0.19 -1 -1 -1 -1 -1
Evo 1.05 0.00 1.00 0.29 0.00 0.00 1.00 0.46 0.10 0.40 1.00 1.00 15 -1
Result 1 14.0 20 0.52 0.05 0.24 0.19 0.29 0.24 -1 -1 -1 -1 -1
Evo 1.01 0.00 1.00 0.15 0.00 0.00 0.00 0.36 0.04 0.13 1.00 1.00 64 -1
Result 1 38.0 78 0.47 0.06 0.22 0.27 0.20 0.25 -1 -1 -1 -1 -1
Evo 1.03 0.00 1.00 0.19 0.00 0.00 0.00 0.40 0.07 0.23 1.00 1.00 26 -1
Result 1 20.0 36 0.48 0.03 0.22 0.27 0.22 0.27 -1 -1 -1 -1 -1
Evo 1.04 0.00 1.00 0.27 0.00 0.00 1.00 0.45 0.09 0.28 1.00 1.00 19 -1
Result 1 16.0 25 0.42 0.04 0.19 0.27 0.15 0.35 -1 -1 -1 -1 -1
Evo 1.01 0.00 1.00 0.16 0.00 0.00 0.00 0.37 0.04 0.25 1.00 1.00 57 -1
Result 1 38.0 81 0.48 0.12 0.24 0.21 0.22 0.21 -1 -1 -1 -1 -1
Evo 1.01 0.00 1.00 0.13 0.00 0.00 0.00 0.34 0.04 0.16 0.92 1.00 74 -1
Result 1 38.0 89 0.39 0.14 0.22 0.23 0.13 0.27 -1 -1 -1 -1 -1
Evo 1.02 0.00 1.00 0.25 0.00 0.00 1.00 0.44 0.06 0.16 1.00 1.00 45 -1
Result 1 28.0 59 0.52 0.10 0.17 0.22 0.30 0.22 -1 -1 -1 -1 -1
Evo 1.01 0.00 1.00 0.10 0.00 0.00 0.00 0.30 0.03 0.17 1.00 1.00 45 -1
Result 1 36.0 81 0.48 0.12 0.20 0.20 0.22 0.27 -1 -1 -1 -1 -1
Evo 1.04 0.00 1.00 0.44 0.00 0.00 1.00 0.51 0.10 0.19 1.00 1.00 14 -1
Result 1 12.0 24 0.51 0.28 0.08 0.16 0.28 0.20 -1 -1 -1 -1 -1
Evo 1.05 0.00 1.00 0.38 0.00 0.00 1.00 0.50 0.11 0.40 1.00 1.00 13 -1
Result 1 12.0 20 0.46 0.10 0.14 0.24 0.19 0.33 -1 -1 -1 -1 -1
Evo 1.01 0.00 1.00 0.26 0.00 0.00 1.00 0.44 0.05 0.08 1.00 1.00 55 -1
Result 1 32.0 76 0.48 0.17 0.17 0.21 0.22 0.23 -1 -1 -1 -1 -1
Evo 1.02 0.00 1.00 0.21 0.00 0.00 0.00 0.42 0.06 0.21 1.00 1.00 27 -1
Result 1 22.0 41 0.48 0.07 0.14 0.31 0.21 0.26 -1 -1 -1 -1 -1
Evo 1.00 0.00 1.00 0.02 0.00 0.00 0.00 0.12 0.00 0.04 1.00 1.00 619 -1
Result 1 303.0 636 0.49 0.07 0.23 0.23 0.24 0.23 -1 -1 -1 -1 -1
Evo 1.00 0.00 0.00 0.00 0.00 0.00 0.00 0.00 0.00 0.01 1.00 1.00 -1 1991
Result 0 907.0 2000 0.48 0.08 0.22 0.24 0.22 0.24 -1 -1 -1 -1 -1
Evo 1.00 0.00 0.50 0.50 0.50 0.50 0.50 0.04 0.00 0.01 1.00 1.00 -1 1991
Result 0 913.0 2000 0.49 0.08 0.22 0.23 0.23 0.24 -1 -1 -1 -1 -1
Evo 1.00 0.50 1.00 0.51 0.50 0.50 0.50 0.07 0.00 0.02 1.00 1.00 488 -1
Result 1 240.0 498 0.46 0.06 0.21 0.28 0.20 0.26 -1 -1 -1 -1 -1
Evo 1.01 0.50 1.00 0.52 0.50 0.50 0.50 0.11 0.01 0.04 1.00 1.00 167 -1
Result 1 94.0 185 0.49 0.13 0.21 0.22 0.24 0.20 -1 -1 -1 -1 -1
Evo 1.00 0.50 1.00 0.50 0.50 0.50 0.50 0.03 0.00 0.01 1.00 1.00 1694 -1
Result 1 779.0 1700 0.49 0.08 0.22 0.23 0.23 0.24 -1 -1 -1 -1 -1
Evo 1.00 0.00 0.50 0.50 0.50 0.50 0.50 0.04 0.00 0.01 1.00 1.00 -1 1991
Result 0 905.0 2000 0.48 0.08 0.22 0.24 0.22 0.23 -1 -1 -1 -1 -1
Evo 1.00 0.50 1.00 0.51 0.50 0.50 0.50 0.06 0.00 0.02 1.00 1.00 407 -1
Result 1 420.0 891 0.48 0.07 0.22 0.25 0.22 0.24 -1 -1 -1 -1 -1
Evo 1.00 0.50 1.00 0.52 0.50 0.50 0.50 0.09 0.01 0.04 1.00 1.00 205 -1
Result 1 114.0 211 0.49 0.09 0.24 0.23 0.23 0.22 -1 -1 -1 -1 -1
Evo 1.00 0.00 0.50 0.50 0.50 0.50 0.50 0.04 0.00 0.01 1.00 1.00 -1 1991
Result 0 912.0 2000 0.49 0.07 0.23 0.23 0.23 0.24 -1 -1 -1 -1 -1
Evo 1.00 0.50 1.00 0.50 0.50 0.50 0.50 0.04 0.00 0.01 1.00 1.00 832 -1
Result 1 396.0 837 0.49 0.07 0.23 0.24 0.23 0.23 -1 -1 -1 -1 -1
Evo 1.00 0.00 0.50 0.50 0.50 0.50 0.50 0.04 0.00 0.01 1.00 1.00 -1 1991
Result 0 889.0 2000 0.49 0.09 0.22 0.23 0.23 0.24 -1 -1 -1 -1 -1
Evo 1.00 0.50 1.00 0.51 0.50 0.50 0.50 0.06 0.00 0.03 1.00 1.00 717 -1
Result 1 335.0 729 0.47 0.10 0.20 0.25 0.20 0.25 -1 -1 -1 -1 -1
Evo 1.00 0.50 1.00 0.50 0.50 0.50 0.50 0.04 0.00 0.01 1.00 1.00 1209 -1
Result 1 656.0 1403 0.49 0.07 0.24 0.23 0.24 0.24 -1 -1 -1 -1 -1
Evo 1.00 0.00 1.00 0.50 0.50 0.50 0.50 0.04 0.00 0.01 1.00 1.00 1719 1991
Result 0 909.0 2000 0.49 0.09 0.22 0.23 0.23 0.23 -1 -1 -1 -1 -1
Evo 1.00 0.50 1.00 0.50 0.50 0.50 0.50 0.04 0.00 0.03 1.00 1.00 993 -1
Result 1 461.0 998 0.48 0.09 0.22 0.24 0.21 0.24 -1 -1 -1 -1 -1
Evo 1.00 0.00 0.50 0.50 0.50 0.50 0.50 0.04 0.00 0.01 1.00 1.00 -1 1991
Result 0 899.0 2000 0.48 0.09 0.22 0.23 0.22 0.23 -1 -1 -1 -1 -1
Evo 1.00 0.50 1.00 0.51 0.50 0.50 0.50 0.06 0.00 0.02 1.00 1.00 381 -1
Result 1 194.0 386 0.49 0.07 0.24 0.23 0.23 0.23 -1 -1 -1 -1 -1
Evo 1.00 0.50 1.00 0.50 0.50 0.50 0.50 0.05 0.00 0.03 1.00 1.00 607 -1
Result 1 297.0 612 0.49 0.07 0.24 0.23 0.23 0.23 -1 -1 -1 -1 -1
Evo 1.00 0.50 1.00 0.51 0.50 0.50 0.50 0.05 0.00 0.01 1.00 1.00 935 -1
Result 1 448.0 951 0.48 0.07 0.23 0.24 0.22 0.24 -1 -1 -1 -1 -1
Evo 1.01 0.50 1.00 0.53 0.50 0.50 0.50 0.11 0.01 0.16 0.95 1.00 128 -1
Result 1 66.0 150 0.46 0.08 0.19 0.26 0.19 0.28 -1 -1 -1 -1 -1
Evo 1.00 0.50 1.00 0.51 0.50 0.50 0.50 0.06 0.00 0.03 1.00 1.00 179 -1
Result 1 380.0 931 0.48 0.08 0.21 0.26 0.22 0.23 -1 -1 -1 -1 -1
Evo 1.00 0.50 1.00 0.51 0.50 0.50 0.50 0.08 0.01 0.07 1.00 1.00 189 -1
Result 1 87.0 202 0.44 0.11 0.21 0.26 0.17 0.25 -1 -1 -1 -1 -1
Evo 1.00 0.50 1.00 0.52 0.50 0.50 0.50 0.09 0.01 0.07 1.00 1.00 287 -1
Result 1 122.0 296 0.44 0.09 0.19 0.29 0.18 0.25 -1 -1 -1 -1 -1
Evo 1.00 0.50 1.00 0.51 0.50 0.50 0.50 0.08 0.00 0.03 1.00 1.00 268 -1
Result 1 127.0 286 0.47 0.09 0.21 0.24 0.21 0.25 -1 -1 -1 -1 -1
Evo 1.02 0.50 1.00 0.59 0.50 0.50 0.50 0.20 0.03 0.10 1.00 1.00 48 -1
Result 1 28.0 58 0.48 0.19 0.12 0.22 0.22 0.25 -1 -1 -1 -1 -1
Evo 1.01 0.50 1.00 0.54 0.50 0.50 0.50 0.14 0.02 0.22 0.95 1.00 69 -1
Result 1 40.0 75 0.49 0.09 0.20 0.20 0.24 0.28 -1 -1 -1 -1 -1
Evo 1.01 0.50 1.00 0.53 0.50 0.50 0.50 0.12 0.01 0.09 0.95 1.00 117 -1
Result 1 58.0 126 0.47 0.10 0.20 0.24 0.20 0.25 -1 -1 -1 -1 -1
Evo 1.00 0.50 1.00 0.51 0.50 0.50 0.50 0.07 0.00 0.03 1.00 1.00 293 -1
Result 1 130.0 298 0.49 0.06 0.22 0.23 0.23 0.25 -1 -1 -1 -1 -1
Evo 1.00 0.50 1.00 0.51 0.50 0.50 0.50 0.08 0.00 0.03 1.00 1.00 505 -1
Result 1 217.0 521 0.48 0.07 0.22 0.23 0.21 0.26 -1 -1 -1 -1 -1
Evo 1.00 0.50 1.00 0.51 0.50 0.50 0.50 0.08 0.00 0.01 1.00 1.00 672 -1
Result 1 286.0 688 0.48 0.08 0.22 0.24 0.22 0.23 -1 -1 -1 -1 -1
Evo 1.02 0.50 1.00 0.61 0.50 0.50 0.50 0.21 0.03 0.24 0.95 1.00 33 -1
Result 1 26.0 49 0.45 0.08 0.20 0.26 0.18 0.28 -1 -1 -1 -1 -1
Evo 1.00 0.50 1.00 0.51 0.50 0.50 0.50 0.06 0.00 0.05 1.00 1.00 480 -1
Result 1 197.0 486 0.48 0.08 0.23 0.23 0.22 0.23 -1 -1 -1 -1 -1
Evo 1.00 0.50 1.00 0.51 0.50 0.50 0.50 0.08 0.00 0.11 1.00 1.00 240 -1
Result 1 104.0 246 0.45 0.09 0.18 0.26 0.19 0.28 -1 -1 -1 -1 -1
Evo 1.02 0.50 1.00 0.59 0.50 0.50 0.50 0.20 0.03 0.11 1.00 1.00 40 -1
Result 1 28.0 48 0.45 0.02 0.18 0.22 0.18 0.39 -1 -1 -1 -1 -1
Evo 1.01 0.50 1.00 0.52 0.50 0.50 0.50 0.10 0.01 0.08 1.00 1.00 146 -1
Result 1 71.0 151 0.47 0.06 0.18 0.28 0.21 0.26 -1 -1 -1 -1 -1
Evo 1.00 0.50 1.00 0.52 0.50 0.50 0.50 0.09 0.01 0.08 1.00 1.00 222 -1
Result 1 99.0 231 0.46 0.10 0.19 0.25 0.19 0.27 -1 -1 -1 -1 -1
Evo 1.00 0.50 1.00 0.52 0.50 0.50 0.50 0.09 0.01 0.06 1.00 1.00 209 -1
Result 1 95.0 215 0.50 0.07 0.21 0.22 0.25 0.24 -1 -1 -1 -1 -1
Evo 1.00 0.50 1.00 0.52 0.50 0.50 0.50 0.10 0.01 0.09 1.00 1.00 246 -1
Result 1 108.0 256 0.47 0.11 0.22 0.22 0.21 0.24 -1 -1 -1 -1 -1
Evo 1.01 0.50 1.00 0.54 0.50 0.50 0.50 0.14 0.02 0.08 0.95 1.00 72 -1
Result 1 37.0 78 0.43 0.13 0.22 0.23 0.16 0.27 -1 -1 -1 -1 -1
Evo 1.01 0.50 1.00 0.52 0.50 0.50 0.50 0.09 0.01 0.07 1.00 1.00 141 -1
Result 1 83.0 199 0.50 0.12 0.26 0.19 0.26 0.18 -1 -1 -1 -1 -1
Evo 1.01 0.50 1.00 0.51 0.50 0.50 0.50 0.08 0.01 0.10 1.00 1.00 181 -1
Result 1 77.0 185 0.50 0.09 0.22 0.22 0.25 0.23 -1 -1 -1 -1 -1
Evo 1.00 0.50 1.00 0.52 0.50 0.50 0.50 0.09 0.00 0.02 0.92 1.00 70 -1
Result 1 170.0 395 0.46 0.09 0.20 0.26 0.20 0.25 -1 -1 -1 -1 -1
Evo 1.00 0.50 1.00 0.51 0.50 0.50 0.50 0.06 0.00 0.08 0.92 1.00 360 -1
Result 1 154.0 365 0.49 0.06 0.25 0.23 0.23 0.23 -1 -1 -1 -1 -1
Evo 1.01 0.50 1.00 0.53 0.50 0.50 0.50 0.13 0.01 0.10 1.00 1.00 88 -1
Result 1 82.0 186 0.47 0.09 0.22 0.23 0.20 0.26 -1 -1 -1 -1 -1
Evo 1.00 0.50 1.00 0.52 0.50 0.50 0.50 0.10 0.00 0.05 1.00 1.00 458 -1
Result 1 197.0 485 0.44 0.09 0.22 0.26 0.18 0.26 -1 -1 -1 -1 -1
Evo 1.00 0.50 1.00 0.51 0.50 0.50 0.50 0.08 0.00 0.05 1.00 1.00 292 -1
Result 1 121.0 298 0.46 0.09 0.21 0.25 0.20 0.25 -1 -1 -1 -1 -1
Evo 1.00 0.50 1.00 0.52 0.50 0.50 0.50 0.09 0.01 0.03 0.92 1.00 206 -1
Result 1 90.0 224 0.45 0.15 0.20 0.23 0.19 0.24 -1 -1 -1 -1 -1
Evo 1.01 0.50 1.00 0.54 0.50 0.50 0.50 0.13 0.01 0.09 1.00 1.00 118 -1
Result 1 55.0 126 0.46 0.08 0.18 0.27 0.20 0.28 -1 -1 -1 -1 -1
Evo 1.00 0.50 1.00 0.52 0.50 0.50 0.50 0.11 0.01 0.06 0.96 1.00 190 -1
Result 1 100.0 247 0.47 0.09 0.24 0.22 0.21 0.24 -1 -1 -1 -1 -1
Evo 1.02 0.50 1.00 0.55 0.50 0.50 0.50 0.16 0.02 0.09 0.79 1.00 57 -1
Result 1 34.0 63 0.50 0.06 0.22 0.20 0.25 0.27 -1 -1 -1 -1 -1
Evo 1.01 0.50 1.00 0.56 0.50 0.50 0.50 0.16 0.01 0.19 0.92 1.00 128 -1
Result 1 61.0 147 0.42 0.08 0.22 0.28 0.16 0.27 -1 -1 -1 -1 -1
Evo 1.00 0.50 1.00 0.50 0.50 0.50 0.50 0.04 0.00 0.03 1.00 1.00 749 -1
Result 1 308.0 754 0.46 0.10 0.22 0.25 0.19 0.24 -1 -1 -1 -1 -1
Evo 1.01 0.50 1.00 0.55 0.50 0.50 0.50 0.15 0.01 0.06 0.92 1.00 98 -1
Result 1 52.0 116 0.48 0.10 0.24 0.20 0.22 0.24 -1 -1 -1 -1 -1
Evo 1.03 0.50 1.00 0.61 0.50 0.50 0.50 0.21 0.03 0.13 0.88 1.00 24 -1
Result 1 22.0 39 0.46 0.15 0.18 0.20 0.20 0.28 -1 -1 -1 -1 -1
Evo 1.02 0.50 1.00 0.56 0.50 0.50 0.50 0.17 0.02 0.10 0.88 1.00 54 -1
Result 1 33.0 61 0.47 0.10 0.21 0.24 0.21 0.24 -1 -1 -1 -1 -1
Evo 1.00 0.50 1.00 0.51 0.50 0.50 0.50 0.06 0.00 0.04 0.96 1.00 645 -1
Result 1 257.0 653 0.49 0.11 0.23 0.21 0.23 0.22 -1 -1 -1 -1 -1
Evo 1.01 0.50 1.00 0.54 0.50 0.50 0.50 0.14 0.01 0.06 0.96 1.00 115 -1
Result 1 52.0 125 0.49 0.12 0.22 0.21 0.23 0.21 -1 -1 -1 -1 -1
Evo 1.00 0.50 1.00 0.52 0.50 0.50 0.50 0.10 0.01 0.03 1.00 1.00 252 -1
Result 1 107.0 262 0.48 0.10 0.22 0.22 0.22 0.24 -1 -1 -1 -1 -1
Evo 1.00 0.50 1.00 0.53 0.50 0.50 0.50 0.12 0.01 0.03 0.92 1.00 245 -1
Result 1 108.0 260 0.46 0.09 0.22 0.24 0.20 0.25 -1 -1 -1 -1 -1
Evo 1.07 0.50 1.00 0.90 1.00 1.00 1.00 0.21 0.05 0.39 0.75 1.00 3 -1
Result 1 5.0 14 0.46 0.20 0.13 0.13 0.20 0.33 -1 -1 -1 -1 -1
Evo 1.14 0.50 1.00 0.88 0.50 1.00 1.00 0.23 0.08 0.50 0.75 1.00 0 -1
Result 1 4.0 7 0.50 0.13 0.13 0.13 0.25 0.38 -1 -1 -1 -1 -1
Evo 1.08 0.50 1.00 0.89 1.00 1.00 1.00 0.21 0.06 0.27 0.75 1.00 0 -1
Result 1 5.0 13 0.48 0.21 0.29 0.07 0.21 0.21 -1 -1 -1 -1 -1
Evo 1.07 0.50 1.00 0.90 1.00 1.00 1.00 0.21 0.05 0.39 0.75 1.00 3 -1
Result 1 5.0 14 0.39 0.07 0.40 0.13 0.13 0.27 -1 -1 -1 -1 -1
Evo 1.07 0.50 1.00 0.75 0.50 0.50 1.00 0.26 0.06 0.38 0.88 1.00 8 -1
Result 1 6.0 15 0.45 0.19 0.19 0.13 0.19 0.31 -1 -1 -1 -1 -1
Evo 1.10 0.50 1.00 0.86 0.50 1.00 1.00 0.23 0.07 0.45 0.75 1.00 3 -1
Result 1 5.0 10 0.31 0.09 0.18 0.18 0.09 0.45 -1 -1 -1 -1 -1
Evo 1.09 0.50 1.00 0.92 1.00 1.00 1.00 0.19 0.06 0.43 0.75 1.00 2 -1
Result 1 5.0 11 0.53 0.17 0.17 0.08 0.33 0.25 -1 -1 -1 -1 -1
Evo 1.08 0.50 1.00 0.96 1.00 1.00 1.00 0.13 0.04 0.27 0.75 1.00 0 -1
Result 1 5.0 13 0.48 0.14 0.21 0.14 0.21 0.29 -1 -1 -1 -1 -1
Evo 1.03 0.50 1.00 0.93 1.00 1.00 1.00 0.17 0.03 0.16 0.88 1.00 3 -1
Result 1 8.0 29 0.43 0.20 0.33 0.10 0.17 0.20 -1 -1 -1 -1 -1
Evo 1.09 1.00 1.00 1.00 1.00 1.00 1.00 0.00 0.00 0.00 0.75 1.00 0 -1
Result 1 5.0 11 0.43 0.33 0.25 -1 0.17 0.25 -1 -1 -1 -1 -1
Evo 1.09 0.50 1.00 0.92 1.00 1.00 1.00 0.19 0.06 0.30 0.75 1.00 1 -1
Result 1 4.0 11 0.30 0.08 0.50 0.08 0.08 0.25 -1 -1 -1 -1 -1
Evo 1.07 0.50 1.00 0.83 0.50 1.00 1.00 0.24 0.06 0.26 0.75 1.00 1 -1
Result 1 5.0 14 0.46 0.20 0.27 0.13 0.20 0.20 -1 -1 -1 -1 -1
Evo 1.14 0.50 1.00 0.81 0.50 1.00 1.00 0.26 0.09 0.50 0.75 1.00 3 -1
Result 1 5.0 7 0.50 -1 0.13 0.13 0.25 0.50 -1 -1 -1 -1 -1
Evo 1.07 0.50 1.00 0.91 1.00 1.00 1.00 0.20 0.05 0.25 0.88 1.00 0 -1
Result 1 6.0 15 0.45 0.19 0.25 0.06 0.19 0.31 -1 -1 -1 -1 -1
Evo 1.07 0.50 1.00 0.90 1.00 1.00 1.00 0.21 0.05 0.26 0.88 1.00 0 -1
Result 1 5.0 14 0.51 0.20 0.33 -1 0.27 0.20 -1 -1 -1 -1 -1
Evo 1.05 0.50 1.00 0.84 0.50 1.00 1.00 0.24 0.05 0.31 0.88 1.00 2 -1
Result 1 9.0 21 0.45 0.09 0.27 0.23 0.18 0.23 -1 -1 -1 -1 -1
Evo 1.08 0.50 1.00 0.86 0.50 1.00 1.00 0.23 0.06 0.27 0.88 1.00 4 -1
Result 1 6.0 13 0.40 0.21 0.14 0.14 0.14 0.36 -1 -1 -1 -1 -1
Evo 1.07 0.50 1.00 0.87 0.50 1.00 1.00 0.23 0.06 0.26 0.75 1.00 4 -1
Result 1 6.0 14 0.26 0.07 0.13 0.33 0.07 0.40 -1 -1 -1 -1 -1
Evo 1.10 0.50 1.00 0.91 0.50 1.00 1.00 0.20 0.06 0.45 0.75 1.00 2 -1
Result 1 4.0 10 0.31 0.09 0.27 0.18 0.09 0.36 -1 -1 -1 -1 -1
Evo 1.06 0.50 1.00 0.76 0.50 0.50 1.00 0.26 0.06 0.24 0.75 1.00 7 -1
Result 1 6.0 16 0.36 0.18 0.18 0.24 0.12 0.29 -1 -1 -1 -1 -1
