Evo 1.00 0.00 1.00 0.00 0.00 0.00 0.00 0.06 0.00 0.03 0.15 0.15 -1 991
Result 0 0.0 1000 0.47 0.21 0.20 0.18 0.20 0.21 -1 -1 -1 -1 -1
Evo 1.00 0.00 1.00 0.99 1.00 1.00 1.00 0.10 0.00 0.01 0.15 0.15 -1 991
Result 0 0.0 1000 0.46 0.22 0.19 0.22 0.19 0.18 -1 -1 -1 -1 -1
Evo 1.00 0.00 1.00 0.99 1.00 1.00 1.00 0.10 0.00 0.02 0.15 0.15 -1 991
Result 0 0.0 1000 0.46 0.21 0.19 0.20 0.19 0.21 -1 -1 -1 -1 -1
Evo 1.00 0.00 1.00 0.99 1.00 1.00 1.00 0.10 0.00 0.10 0.29 0.45 -1 991
Result 0 3.0 1000 0.45 0.22 0.20 0.18 0.18 0.21 -1 -1 -1 -1 -1
Evo 1.00 0.00 1.00 0.99 1.00 1.00 1.00 0.10 0.00 0.01 0.15 0.15 -1 991
Result 0 0.0 1000 0.47 0.19 0.22 0.17 0.21 0.20 -1 -1 -1 -1 -1
Evo 1.00 0.00 1.00 0.99 1.00 1.00 1.00 0.10 0.00 0.02 0.31 0.31 -1 991
Result 0 1.0 1000 0.46 0.19 0.19 0.20 0.19 0.22 -1 -1 -1 -1 -1
Evo 1.00 0.00 1.00 0.99 1.00 1.00 1.00 0.10 0.00 0.01 0.15 0.15 -1 991
Result 0 0.0 1000 0.43 0.20 0.20 0.22 0.17 0.21 -1 -1 -1 -1 -1
Evo 1.00 0.00 1.00 0.99 1.00 1.00 1.00 0.10 0.00 0.03 0.31 0.31 -1 991
Result 0 1.0 1000 0.47 0.18 0.20 0.19 0.21 0.23 -1 -1 -1 -1 -1
Evo 1.00 0.00 1.00 0.99 1.00 1.00 1.00 0.10 0.00 0.03 0.15 0.15 -1 991
Result 0 0.0 1000 0.46 0.21 0.18 0.21 0.19 0.20 -1 -1 -1 -1 -1
Evo 1.00 0.00 1.00 0.99 1.00 1.00 1.00 0.10 0.00 0.06 0.31 0.31 -1 991
Result 0 1.0 1000 0.48 0.19 0.20 0.20 0.21 0.19 -1 -1 -1 -1 -1
Evo 1.00 0.00 1.00 0.99 1.00 1.00 1.00 0.10 0.00 0.01 0.15 0.15 -1 991
Result 0 0.0 1000 0.46 0.17 0.22 0.20 0.19 0.21 -1 -1 -1 -1 -1
Evo 1.00 0.00 1.00 0.99 1.00 1.00 1.00 0.10 0.00 0.03 0.30 0.31 -1 991
Result 0 1.0 1000 0.47 0.19 0.21 0.20 0.20 0.19 -1 -1 -1 -1 -1
Evo 1.00 0.00 1.00 0.99 1.00 1.00 1.00 0.10 0.00 0.08 0.29 0.31 -1 991
Result 0 1.0 1000 0.46 0.21 0.21 0.20 0.19 0.20 -1 -1 -1 -1 -1
Evo 1.00 0.00 1.00 0.99 1.00 1.00 1.00 0.10 0.00 0.41 0.43 0.47 -1 991
Result 0 3.0 1000 0.46 0.19 0.21 0.20 0.19 0.20 -1 -1 -1 -1 -1
Evo 1.00 0.00 1.00 0.99 1.00 1.00 1.00 0.10 0.00 0.01 0.15 0.15 -1 991
Result 0 0.0 1000 0.46 0.20 0.21 0.21 0.19 0.19 -1 -1 -1 -1 -1
Evo 1.00 0.00 1.00 0.99 1.00 1.00 1.00 0.10 0.00 0.03 0.28 0.31 -1 991
Result 0 1.0 1000 0.46 0.21 0.19 0.21 0.19 0.20 -1 -1 -1 -1 -1
Evo 1.00 0.00 1.00 0.99 1.00 1.00 1.00 0.10 0.00 0.01 0.15 0.15 -1 991
Result 0 0.0 1000 0.47 0.20 0.22 0.18 0.21 0.19 -1 -1 -1 -1 -1
Evo 1.00 0.00 1.00 0.99 1.00 1.00 1.00 0.10 0.00 0.03 0.30 0.31 -1 991
Result 0 1.0 1000 0.46 0.20 0.19 0.20 0.20 0.20 -1 -1 -1 -1 -1
Evo 1.00 0.00 1.00 0.99 1.00 1.00 1.00 0.10 0.00 0.01 0.15 0.15 -1 991
Result 0 0.0 1000 0.46 0.20 0.20 0.19 0.20 0.21 -1 -1 -1 -1 -1
Evo 1.00 0.00 1.00 0.99 1.00 1.00 1.00 0.10 0.00 0.03 0.31 0.31 -1 991
Result 0 1.0 1000 0.48 0.21 0.18 0.20 0.21 0.20 -1 -1 -1 -1 -1
Evo 1.00 0.00 1.00 0.99 1.00 1.00 1.00 0.10 0.00 0.01 0.10 0.10 -1 991
Result 0 0.0 1000 0.46 0.21 0.21 0.19 0.20 0.19 -1 -1 -1 -1 -1
Evo 1.00 0.00 1.00 0.99 1.00 1.00 1.00 0.10 0.00 0.03 0.23 0.23 -1 991
Result 0 1.0 1000 0.46 0.22 0.19 0.20 0.20 0.20 -1 -1 -1 -1 -1
Evo 1.00 0.00 1.00 0.99 1.00 1.00 1.00 0.10 0.00 0.51 0.23 0.27 -1 991
Result 0 3.0 1000 0.47 0.20 0.19 0.20 0.21 0.19 -1 -1 -1 -1 -1
Evo 1.00 0.00 1.00 0.99 1.00 1.00 1.00 0.10 0.00 0.49 0.25 0.30 -1 991
Result 0 3.0 1000 0.45 0.22 0.22 0.19 0.19 0.19 -1 -1 -1 -1 -1
Evo 1.00 0.00 1.00 0.99 1.00 1.00 1.00 0.10 0.00 0.02 0.23 0.23 -1 991
Result 0 1.0 1000 0.45 0.19 0.21 0.21 0.18 0.20 -1 -1 -1 -1 -1
Evo 1.00 0.00 1.00 0.99 1.00 1.00 1.00 0.10 0.00 0.53 0.23 0.29 -1 991
Result 0 3.0 1000 0.47 0.20 0.20 0.20 0.20 0.19 -1 -1 -1 -1 -1
Evo 1.00 0.00 1.00 0.99 1.00 1.00 1.00 0.10 0.00 0.01 0.10 0.10 -1 991
Result 0 0.0 1000 0.45 0.21 0.20 0.20 0.18 0.20 -1 -1 -1 -1 -1
Evo 1.00 0.00 1.00 0.99 1.00 1.00 1.00 0.10 0.00 0.01 0.10 0.10 -1 991
Result 0 0.0 1000 0.48 0.19 0.19 0.21 0.21 0.20 -1 -1 -1 -1 -1
Evo 1.00 0.00 1.00 0.99 1.00 1.00 1.00 0.10 0.00 0.04 0.10 0.10 -1 991
Result 0 0.0 1000 0.48 0.20 0.20 0.19 0.21 0.19 -1 -1 -1 -1 -1
Evo 1.00 0.00 1.00 0.99 1.00 1.00 1.00 0.10 0.00 0.08 0.23 0.23 -1 991
Result 0 1.0 1000 0.47 0.20 0.19 0.19 0.21 0.21 -1 -1 -1 -1 -1
Evo 1.00 0.00 1.00 0.99 1.00 1.00 1.00 0.10 0.00 0.04 0.10 0.10 -1 991
Result 0 0.0 1000 0.45 0.20 0.22 0.20 0.19 0.19 -1 -1 -1 -1 -1
Evo 1.00 0.00 1.00 0.99 1.00 1.00 1.00 0.10 0.00 0.01 0.10 0.10 -1 991
Result 0 0.0 1000 0.46 0.23 0.18 0.20 0.19 0.19 -1 -1 -1 -1 -1
Evo 1.00 0.00 1.00 0.99 1.00 1.00 1.00 0.10 0.00 0.30 0.35 0.38 -1 991
Result 0 3.0 1000 0.48 0.20 0.19 0.21 0.21 0.20 -1 -1 -1 -1 -1
Evo 1.00 0.00 1.00 0.99 1.00 1.00 1.00 0.10 0.00 0.01 0.10 0.10 -1 991
Result 0 0.0 1000 0.47 0.21 0.21 0.19 0.21 0.18 -1 -1 -1 -1 -1
Evo 1.00 0.00 1.00 0.99 1.00 1.00 1.00 0.10 0.00 0.01 0.39 0.51 -1 991
Result 0 7.0 1000 0.47 0.20 0.20 0.19 0.20 0.21 -1 -1 -1 -1 -1
Evo 1.00 0.00 1.00 0.99 1.00 1.00 1.00 0.10 0.00 0.05 0.23 0.23 -1 991
Result 0 1.0 1000 0.46 0.21 0.21 0.18 0.20 0.21 -1 -1 -1 -1 -1
Evo 1.00 0.00 1.00 0.99 1.00 1.00 1.00 0.10 0.00 0.28 0.37 0.38 -1 991
Result 0 3.0 1000 0.46 0.21 0.22 0.18 0.20 0.18 -1 -1 -1 -1 -1
Evo 1.00 0.00 1.00 0.99 1.00 1.00 1.00 0.10 0.00 0.02 0.10 0.10 -1 991
Result 0 0.0 1000 0.46 0.21 0.20 0.19 0.20 0.20 -1 -1 -1 -1 -1
Evo 1.00 0.00 1.00 0.99 1.00 1.00 1.00 0.10 0.00 0.02 0.10 0.10 -1 991
Result 0 0.0 1000 0.45 0.20 0.21 0.19 0.19 0.21 -1 -1 -1 -1 -1
Evo 1.00 0.00 1.00 0.99 1.00 1.00 1.00 0.10 0.00 0.02 0.10 0.10 -1 991
Result 0 0.0 1000 0.46 0.21 0.18 0.22 0.20 0.19 -1 -1 -1 -1 -1
Evo 1.00 0.00 1.00 0.99 1.00 1.00 1.00 0.10 0.00 0.02 0.33 0.36 -1 991
Result 0 1.0 1000 0.47 0.19 0.21 0.20 0.21 0.20 -1 -1 -1 -1 -1
Evo 1.00 0.00 1.00 0.99 1.00 1.00 1.00 0.10 0.00 0.03 0.17 0.27 -1 991
Result 0 1.0 1000 0.47 0.22 0.19 0.19 0.21 0.20 -1 -1 -1 -1 -1
Evo 1.00 0.00 1.00 0.99 1.00 1.00 1.00 0.10 0.00 0.02 0.27 0.36 -1 991
Result 0 1.0 1000 0.46 0.17 0.21 0.22 0.19 0.21 -1 -1 -1 -1 -1
Evo 1.00 0.00 1.00 0.99 1.00 1.00 1.00 0.10 0.00 0.04 0.27 0.34 -1 991
Result 0 1.0 1000 0.46 0.21 0.21 0.19 0.20 0.19 -1 -1 -1 -1 -1
Evo 1.00 0.00 1.00 0.99 1.00 1.00 1.00 0.10 0.00 0.53 0.25 0.35 -1 991
Result 0 3.0 1000 0.46 0.18 0.20 0.22 0.19 0.20 -1 -1 -1 -1 -1
Evo 1.00 0.00 1.00 0.99 1.00 1.00 1.00 0.10 0.00 0.03 0.17 0.28 -1 991
Result 0 1.0 1000 0.46 0.19 0.20 0.21 0.19 0.20 -1 -1 -1 -1 -1
Evo 1.00 0.00 1.00 0.99 1.00 1.00 1.00 0.10 0.00 0.01 0.26 0.35 -1 991
Result 0 1.0 1000 0.47 0.17 0.21 0.21 0.21 0.20 -1 -1 -1 -1 -1
Evo 1.00 0.00 1.00 0.99 1.00 1.00 1.00 0.10 0.00 0.01 0.26 0.36 -1 991
Result 0 1.0 1000 0.47 0.21 0.20 0.20 0.20 0.19 -1 -1 -1 -1 -1
Evo 1.00 0.00 1.00 0.99 1.00 1.00 1.00 0.10 0.00 0.01 0.25 0.35 -1 991
Result 0 1.0 1000 0.47 0.20 0.20 0.21 0.21 0.18 -1 -1 -1 -1 -1
Evo 1.00 0.00 1.00 0.99 1.00 1.00 1.00 0.10 0.00 0.01 0.24 0.33 -1 991
Result 0 1.0 1000 0.47 0.18 0.20 0.23 0.21 0.18 -1 -1 -1 -1 -1
Evo 1.00 0.00 1.00 0.99 1.00 1.00 1.00 0.10 0.00 0.03 0.27 0.36 -1 991
Result 0 1.0 1000 0.47 0.19 0.22 0.20 0.21 0.18 -1 -1 -1 -1 -1
Evo 1.00 0.00 1.00 0.99 1.00 1.00 1.00 0.10 0.00 0.04 0.31 0.36 -1 991
Result 0 1.0 1000 0.46 0.21 0.20 0.19 0.20 0.20 -1 -1 -1 -1 -1
Evo 1.00 0.00 1.00 0.99 1.00 1.00 1.00 0.10 0.00 0.01 0.25 0.33 -1 991
Result 0 1.0 1000 0.48 0.20 0.21 0.19 0.22 0.17 -1 -1 -1 -1 -1
Evo 1.00 0.00 1.00 0.99 1.00 1.00 1.00 0.10 0.00 0.01 0.30 0.36 -1 991
Result 0 1.0 1000 0.45 0.19 0.20 0.21 0.18 0.22 -1 -1 -1 -1 -1
Evo 1.00 0.00 1.00 0.99 1.00 1.00 1.00 0.10 0.00 0.01 0.36 0.36 -1 991
Result 0 1.0 1000 0.45 0.21 0.19 0.20 0.18 0.21 -1 -1 -1 -1 -1
Evo 1.00 0.00 1.00 0.99 1.00 1.00 1.00 0.10 0.00 0.02 0.36 0.36 -1 991
Result 0 1.0 1000 0.45 0.22 0.18 0.21 0.18 0.20 -1 -1 -1 -1 -1
Evo 1.00 0.00 1.00 0.99 1.00 1.00 1.00 0.10 0.00 0.02 0.21 0.31 -1 991
Result 0 1.0 1000 0.47 0.20 0.19 0.20 0.21 0.20 -1 -1 -1 -1 -1
Evo 1.00 0.00 1.00 0.99 1.00 1.00 1.00 0.10 0.00 0.06 0.31 0.36 -1 991
Result 0 1.0 1000 0.47 0.21 0.20 0.19 0.20 0.20 -1 -1 -1 -1 -1
Evo 1.00 0.00 1.00 0.99 1.00 1.00 1.00 0.10 0.00 0.01 0.27 0.36 -1 991
Result 0 1.0 1000 0.48 0.19 0.19 0.19 0.22 0.21 -1 -1 -1 -1 -1
Evo 1.00 0.00 1.00 0.99 1.00 1.00 1.00 0.10 0.00 0.01 0.30 0.36 -1 991
Result 0 1.0 1000 0.44 0.20 0.20 0.21 0.17 0.22 -1 -1 -1 -1 -1
Evo 1.00 0.00 1.00 0.99 1.00 1.00 1.00 0.10 0.00 0.01 0.30 0.33 -1 991
Result 0 0.0 1000 0.46 0.20 0.17 0.23 0.19 0.20 -1 -1 -1 -1 -1
Evo 1.00 0.00 1.00 0.99 1.00 1.00 1.00 0.10 0.00 0.01 0.33 0.33 -1 991
Result 0 0.0 1000 0.47 0.19 0.20 0.20 0.21 0.20 -1 -1 -1 -1 -1
Evo 1.00 0.00 1.00 0.99 1.00 1.00 1.00 0.10 0.00 0.01 0.33 0.33 -1 991
Result 0 0.0 1000 0.47 0.19 0.20 0.19 0.20 0.21 -1 -1 -1 -1 -1
Evo 1.00 0.00 1.00 0.99 1.00 1.00 1.00 0.10 0.00 0.01 0.25 0.33 -1 991
Result 0 0.0 1000 0.44 0.25 0.18 0.22 0.17 0.18 -1 -1 -1 -1 -1
Evo 1.00 0.00 1.00 0.99 1.00 1.00 1.00 0.10 0.00 0.01 0.33 0.33 -1 991
Result 0 0.0 1000 0.46 0.21 0.21 0.19 0.20 0.20 -1 -1 -1 -1 -1
Evo 1.00 0.00 1.00 0.99 1.00 1.00 1.00 0.10 0.00 0.01 0.32 0.33 -1 991
Result 0 0.0 1000 0.46 0.21 0.18 0.20 0.20 0.21 -1 -1 -1 -1 -1
Evo 1.00 0.00 1.00 0.99 1.00 1.00 1.00 0.10 0.00 0.01 0.31 0.33 -1 991
Result 0 0.0 1000 0.47 0.21 0.20 0.20 0.20 0.18 -1 -1 -1 -1 -1
Evo 1.00 0.00 1.00 0.99 1.00 1.00 1.00 0.10 0.00 0.01 0.33 0.33 -1 991
Result 0 0.0 1000 0.46 0.19 0.21 0.19 0.19 0.21 -1 -1 -1 -1 -1
Evo 1.00 0.00 1.00 0.99 1.00 1.00 1.00 0.10 0.00 0.01 0.33 0.33 -1 991
Result 0 0.0 1000 0.46 0.22 0.19 0.19 0.20 0.20 -1 -1 -1 -1 -1
Evo 1.00 0.00 1.00 0.99 1.00 1.00 1.00 0.10 0.00 0.01 0.33 0.33 -1 991
Result 0 0.0 1000 0.48 0.21 0.20 0.18 0.21 0.19 -1 -1 -1 -1 -1
Evo 1.00 0.00 1.00 0.99 1.00 1.00 1.00 0.10 0.00 0.01 0.33 0.33 -1 991
Result 0 0.0 1000 0.45 0.19 0.21 0.21 0.19 0.20 -1 -1 -1 -1 -1
Evo 1.00 0.00 1.00 0.99 1.00 1.00 1.00 0.10 0.00 0.01 0.31 0.33 -1 991
Result 0 0.0 1000 0.46 0.20 0.22 0.19 0.19 0.19 -1 -1 -1 -1 -1
Evo 1.00 0.00 1.00 0.99 1.00 1.00 1.00 0.10 0.00 0.01 0.32 0.33 -1 991
Result 0 0.0 1000 0.48 0.20 0.20 0.18 0.22 0.20 -1 -1 -1 -1 -1
Evo 1.00 0.00 1.00 0.99 1.00 1.00 1.00 0.10 0.00 0.01 0.32 0.33 -1 991
Result 0 0.0 1000 0.47 0.18 0.22 0.20 0.20 0.20 -1 -1 -1 -1 -1
Evo 1.00 0.00 1.00 0.99 1.00 1.00 1.00 0.10 0.00 0.01 0.33 0.33 -1 991
Result 0 0.0 1000 0.46 0.19 0.19 0.21 0.20 0.21 -1 -1 -1 -1 -1
Evo 1.00 0.00 1.00 0.99 1.00 1.00 1.00 0.10 0.00 0.01 0.31 0.33 -1 991
Result 0 0.0 1000 0.45 0.21 0.21 0.21 0.18 0.18 -1 -1 -1 -1 -1
Evo 1.00 0.00 1.00 0.99 1.00 1.00 1.00 0.10 0.00 0.01 0.33 0.33 -1 991
Result 0 0.0 1000 0.46 0.19 0.20 0.20 0.20 0.21 -1 -1 -1 -1 -1
Evo 1.00 0.00 1.00 0.99 1.00 1.00 1.00 0.10 0.00 0.01 0.33 0.33 -1 991
Result 0 0.0 1000 0.45 0.22 0.18 0.21 0.18 0.21 -1 -1 -1 -1 -1
Evo 1.00 0.00 1.00 0.99 1.00 1.00 1.00 0.10 0.00 0.01 0.30 0.33 -1 991
Result 0 0.0 1000 0.46 0.22 0.22 0.20 0.19 0.17 -1 -1 -1 -1 -1
Evo 1.00 0.00 1.00 0.99 1.00 1.00 1.00 0.10 0.00 0.01 0.33 0.33 -1 991
Result 0 0.0 1000 0.47 0.20 0.20 0.21 0.21 0.19 -1 -1 -1 -1 -1
Evo 1.00 0.00 1.00 0.99 1.00 1.00 1.00 0.10 0.00 0.13 0.26 0.27 -1 991
Result 0 1.0 1000 0.47 0.19 0.20 0.21 0.20 0.20 -1 -1 -1 -1 -1
Evo 1.00 0.00 1.00 0.99 1.00 1.00 1.00 0.10 0.00 0.01 0.26 0.27 -1 991
Result 0 1.0 1000 0.47 0.17 0.20 0.23 0.21 0.20 -1 -1 -1 -1 -1
Evo 1.00 0.00 1.00 0.99 1.00 1.00 1.00 0.10 0.00 0.02 0.21 0.27 -1 991
Result 0 1.0 1000 0.45 0.21 0.20 0.21 0.19 0.19 -1 -1 -1 -1 -1
Evo 1.00 0.00 1.00 0.99 1.00 1.00 1.00 0.10 0.00 0.01 0.21 0.27 -1 991
Result 0 1.0 1000 0.48 0.20 0.21 0.18 0.21 0.19 -1 -1 -1 -1 -1
Evo 1.00 0.00 1.00 0.99 1.00 1.00 1.00 0.10 0.00 0.09 0.26 0.27 -1 991
Result 0 1.0 1000 0.47 0.19 0.22 0.17 0.20 0.22 -1 -1 -1 -1 -1
Evo 1.00 0.00 1.00 0.99 1.00 1.00 1.00 0.10 0.00 0.01 0.27 0.27 -1 991
Result 0 1.0 1000 0.48 0.19 0.20 0.20 0.21 0.19 -1 -1 -1 -1 -1
Evo 1.00 0.00 1.00 0.99 1.00 1.00 1.00 0.10 0.00 0.03 0.25 0.27 -1 991
Result 0 1.0 1000 0.44 0.20 0.18 0.23 0.18 0.21 -1 -1 -1 -1 -1
Evo 1.00 0.00 1.00 0.99 1.00 1.00 1.00 0.10 0.00 0.03 0.27 0.27 -1 991
Result 0 1.0 1000 0.46 0.22 0.19 0.19 0.20 0.20 -1 -1 -1 -1 -1
Evo 1.00 0.00 1.00 0.99 1.00 1.00 1.00 0.10 0.00 0.04 0.23 0.27 -1 991
Result 0 1.0 1000 0.46 0.21 0.21 0.18 0.19 0.21 -1 -1 -1 -1 -1
Evo 1.00 0.00 1.00 0.99 1.00 1.00 1.00 0.10 0.00 0.02 0.27 0.27 -1 991
Result 0 1.0 1000 0.47 0.19 0.21 0.17 0.21 0.21 -1 -1 -1 -1 -1
Evo 1.00 0.00 1.00 0.99 1.00 1.00 1.00 0.10 0.00 0.01 0.21 0.27 -1 991
Result 0 1.0 1000 0.45 0.20 0.19 0.21 0.18 0.22 -1 -1 -1 -1 -1
Evo 1.00 0.00 1.00 0.99 1.00 1.00 1.00 0.10 0.00 0.03 0.27 0.27 -1 991
Result 0 1.0 1000 0.45 0.20 0.20 0.20 0.19 0.20 -1 -1 -1 -1 -1
Evo 1.00 0.00 1.00 0.99 1.00 1.00 1.00 0.10 0.00 0.08 0.10 0.17 -1 991
Result 0 1.0 1000 0.47 0.21 0.20 0.22 0.20 0.17 -1 -1 -1 -1 -1
Evo 1.00 0.00 1.00 0.99 1.00 1.00 1.00 0.10 0.00 0.01 0.25 0.27 -1 991
Result 0 1.0 1000 0.45 0.21 0.22 0.19 0.19 0.20 -1 -1 -1 -1 -1
Evo 1.00 0.00 1.00 0.99 1.00 1.00 1.00 0.10 0.00 0.04 0.09 0.15 -1 991
Result 0 1.0 1000 0.45 0.19 0.18 0.24 0.18 0.20 -1 -1 -1 -1 -1
Evo 1.00 0.00 1.00 0.99 1.00 1.00 1.00 0.10 0.00 0.53 0.26 0.30 -1 991
Result 0 3.0 1000 0.46 0.21 0.21 0.19 0.19 0.19 -1 -1 -1 -1 -1
Evo 1.00 0.00 1.00 0.99 1.00 1.00 1.00 0.10 0.00 0.12 0.26 0.27 -1 991
Result 0 1.0 1000 0.45 0.20 0.21 0.19 0.19 0.20 -1 -1 -1 -1 -1
Evo 1.00 0.00 1.00 0.99 1.00 1.00 1.00 0.10 0.00 0.01 0.27 0.27 -1 991
Result 0 1.0 1000 0.47 0.21 0.20 0.19 0.21 0.19 -1 -1 -1 -1 -1
Evo 1.00 0.00 1.00 0.99 1.00 1.00 1.00 0.10 0.00 0.29 0.25 0.36 -1 991
Result 0 3.0 1000 0.45 0.19 0.20 0.22 0.19 0.20 -1 -1 -1 -1 -1
Evo 1.00 0.00 1.00 0.99 1.00 1.00 1.00 0.10 0.00 0.01 0.24 0.27 -1 991
Result 0 1.0 1000 0.45 0.23 0.21 0.20 0.18 0.18 -1 -1 -1 -1 -1
