Evo 70.25 -999999.87 74074.57 -9820.21 0.61 0.62 0.62 94803.77 2447.01 0.01 1.99 3.67 -1 -1
Result 0 0.0 1500 0.45 0.21 0.21 0.20 0.19 0.18 -1 -1 -1 -1 -1
Evo 70.28 -1000000.10 57143.32 -10553.79 0.61 0.62 0.62 97277.33 2510.85 0.01 2.00 3.03 -1 -1
Result 0 0.0 1500 0.49 0.18 0.19 0.19 0.21 0.23 -1 -1 -1 -1 -1
Evo 71.36 -999999.84 55556.13 -10183.26 0.62 0.62 0.62 96793.98 2498.38 0.01 2.98 4.18 -1 -1
Result 0 0.0 1500 0.47 0.20 0.21 0.20 0.19 0.21 -1 -1 -1 -1 -1
Evo 70.84 -999999.99 205882.70 -11170.76 0.61 0.62 0.62 98413.49 2540.18 0.01 2.55 3.97 -1 -1
Result 0 0.0 1500 0.47 0.20 0.21 0.19 0.20 0.20 -1 -1 -1 -1 -1
Evo 71.61 -999999.93 0.62 -9931.77 0.62 0.62 0.62 96500.66 2490.81 0.01 2.24 3.16 -1 -1
Result 0 0.0 1500 0.47 0.20 0.21 0.18 0.20 0.20 -1 -1 -1 -1 -1
Evo 69.41 -999999.93 208333.89 -10720.68 0.61 0.62 0.62 98622.87 2545.58 0.01 2.05 3.34 -1 -1
Result 0 0.0 1500 0.48 0.20 0.20 0.18 0.21 0.22 -1 -1 -1 -1 -1
Evo 70.02 -1000000.04 90909.72 -10757.90 0.61 0.62 0.62 97906.42 2527.09 0.01 2.95 4.41 -1 -1
Result 0 0.0 1500 0.47 0.19 0.21 0.19 0.20 0.21 -1 -1 -1 -1 -1
Evo 70.52 -1000000.23 66667.30 -10292.97 0.61 0.62 0.62 97199.28 2508.84 0.01 2.15 3.19 -1 -1
Result 0 0.0 1500 0.48 0.20 0.19 0.19 0.20 0.23 -1 -1 -1 -1 -1
Evo 69.71 -999999.18 999999.85 1875.45 0.62 0.62 0.62 69811.96 1804.95 0.01 2.94 4.20 -1 -1
Result 1 1.0 1495 0.46 0.20 0.21 0.19 0.20 0.20 -1 -1 -1 -1 -1
Evo 69.52 -1000000.12 861314.42 -9253.98 0.61 0.62 0.62 99509.05 2568.46 0.01 1.64 2.51 -1 -1
Result 0 0.0 1500 0.45 0.22 0.21 0.20 0.19 0.18 -1 -1 -1 -1 -1
Evo 69.34 -999999.88 245614.43 -15188.43 0.61 0.62 0.62 102014.28 2633.12 0.01 1.85 3.41 -1 -1
Result 0 0.0 1500 0.48 0.21 0.19 0.20 0.18 0.22 -1 -1 -1 -1 -1
Evo 71.18 -1000000.06 47619.59 -10098.44 0.61 0.62 0.62 96978.77 2503.15 0.01 2.34 3.69 -1 -1
Result 0 0.0 1500 0.48 0.20 0.20 0.18 0.20 0.22 -1 -1 -1 -1 -1
Evo 70.82 -1000000.15 28571.89 -11036.95 0.60 0.62 0.62 97240.19 2509.89 0.01 0.47 0.92 -1 -1
Result 0 0.0 1500 0.43 0.19 0.18 0.24 0.22 0.16 -1 -1 -1 -1 -1
Evo 69.60 -1000000.05 250000.93 -10663.41 0.61 0.62 0.62 98387.03 2539.50 0.01 2.34 3.67 -1 -1
Result 0 0.0 1500 0.45 0.20 0.22 0.20 0.20 0.19 -1 -1 -1 -1 -1
Evo 71.06 -999999.97 60606.52 -10457.98 0.62 0.62 0.62 97457.46 2515.50 0.01 1.90 3.22 -1 -1
Result 0 0.0 1500 0.47 0.20 0.20 0.19 0.20 0.21 -1 -1 -1 -1 -1
Evo 68.25 -273972.22 1000000.61 1076.72 0.61 0.62 0.62 50165.87 1298.75 0.01 2.50 3.81 -1 -1
Result 1 1.0 1491 0.46 0.20 0.20 0.19 0.21 0.20 -1 -1 -1 -1 -1
Evo 70.25 -999999.93 0.65 -12697.20 0.58 0.61 0.62 98679.58 2547.05 0.01 0.48 1.02 -1 -1
Result 0 0.0 1500 0.45 0.19 0.17 0.24 0.21 0.18 -1 -1 -1 -1 -1
Evo 71.20 -999999.95 55556.13 -10301.11 0.60 0.62 0.62 97025.25 2504.35 0.01 0.38 0.86 -1 -1
Result 0 0.0 1500 0.43 0.19 0.18 0.23 0.23 0.16 -1 -1 -1 -1 -1
Evo 69.87 -999999.99 882353.18 -9572.32 0.61 0.62 0.62 99930.33 2579.33 0.01 2.40 3.57 -1 -1
Result 0 0.0 1500 0.47 0.21 0.20 0.21 0.18 0.20 -1 -1 -1 -1 -1
Evo 69.95 -999999.87 95238.62 -10630.53 0.61 0.62 0.62 98033.19 2530.36 0.01 2.00 3.47 -1 -1
Result 0 0.0 1500 0.47 0.19 0.21 0.20 0.20 0.20 -1 -1 -1 -1 -1
Evo 71.48 -999999.79 47619.57 -9539.71 0.61 0.62 0.62 96397.60 2488.15 0.01 3.22 4.69 -1 -1
Result 0 0.0 1500 0.47 0.21 0.20 0.19 0.19 0.21 -1 -1 -1 -1 -1
Evo 71.18 -999999.95 71429.22 -9643.12 0.61 0.62 0.62 96505.71 2490.94 0.01 2.68 3.82 -1 -1
Result 0 0.0 1500 0.47 0.20 0.20 0.21 0.18 0.21 -1 -1 -1 -1 -1
Evo 71.47 -1000000.03 52632.15 -9902.58 0.61 0.62 0.62 96644.92 2494.53 0.01 2.58 4.01 -1 -1
Result 0 0.0 1500 0.46 0.21 0.21 0.19 0.19 0.20 -1 -1 -1 -1 -1
Evo 71.04 -999999.99 68966.01 -9353.86 0.61 0.62 0.62 96431.68 2489.03 0.01 1.61 3.01 -1 -1
Result 0 0.0 1500 0.45 0.20 0.19 0.21 0.22 0.18 -1 -1 -1 -1 -1
Evo 69.46 -999999.90 303030.79 -10386.25 0.61 0.62 0.62 97667.88 2520.93 0.01 2.02 3.23 -1 -1
Result 0 0.0 1500 0.46 0.19 0.20 0.20 0.21 0.19 -1 -1 -1 -1 -1
Evo 71.32 -999999.90 0.62 -10015.30 0.61 0.62 0.62 96605.87 2493.52 0.01 2.61 4.05 -1 -1
Result 0 0.0 1500 0.48 0.20 0.21 0.18 0.19 0.22 -1 -1 -1 -1 -1
Evo 71.45 -1000000.20 0.62 -10046.13 0.61 0.62 0.62 96454.34 2489.61 0.01 2.59 4.30 -1 -1
Result 0 0.0 1500 0.48 0.19 0.20 0.19 0.19 0.22 -1 -1 -1 -1 -1
Evo 71.91 -999999.90 0.62 -9684.25 0.61 0.62 0.62 96327.08 2486.33 0.01 1.95 3.45 -1 -1
Result 0 0.0 1500 0.48 0.21 0.19 0.20 0.17 0.22 -1 -1 -1 -1 -1
Evo 70.49 -1000000.02 66667.29 -9522.71 0.61 0.62 0.62 96595.08 2493.24 0.01 2.58 4.53 -1 -1
Result 0 0.0 1500 0.47 0.18 0.21 0.21 0.19 0.21 -1 -1 -1 -1 -1
Evo 71.02 -1000000.08 74074.59 -10060.83 0.61 0.62 0.62 96636.96 2494.32 0.01 2.40 4.28 -1 -1
Result 0 0.0 1500 0.47 0.20 0.23 0.19 0.18 0.20 -1 -1 -1 -1 -1
Evo 70.97 -1000000.00 58824.12 -9838.72 0.61 0.62 0.62 96731.49 2496.76 0.01 2.40 3.64 -1 -1
Result 0 0.0 1500 0.48 0.20 0.19 0.21 0.18 0.22 -1 -1 -1 -1 -1
Evo 70.51 -999999.98 358974.52 -9009.32 0.61 0.62 0.62 96959.27 2502.64 0.01 3.06 4.98 -1 -1
Result 0 0.0 1500 0.46 0.21 0.21 0.19 0.20 0.19 -1 -1 -1 -1 -1
Evo 71.54 -1000000.10 37037.54 -10124.14 0.61 0.62 0.62 96611.54 2493.67 0.01 2.31 3.41 -1 -1
Result 0 0.0 1500 0.47 0.20 0.20 0.20 0.19 0.21 -1 -1 -1 -1 -1
Evo 70.91 -1000000.02 81081.48 -10210.41 0.61 0.62 0.62 96889.00 2500.83 0.01 2.70 3.86 -1 -1
Result 0 0.0 1500 0.47 0.20 0.20 0.20 0.19 0.21 -1 -1 -1 -1 -1
Evo 71.42 -1000000.21 0.62 -10090.10 0.61 0.62 0.62 96634.22 2494.25 0.01 2.40 3.65 -1 -1
Result 0 0.0 1500 0.46 0.21 0.21 0.19 0.19 0.20 -1 -1 -1 -1 -1
Evo 70.35 -1000000.01 375000.30 -8502.35 0.61 0.62 0.62 94368.25 2435.77 0.01 2.35 3.94 -1 -1
Result 0 0.0 1500 0.46 0.20 0.20 0.19 0.21 0.20 -1 -1 -1 -1 -1
Evo 70.40 -1000000.06 90909.76 -9581.38 0.61 0.62 0.62 96787.23 2498.20 0.01 1.83 3.38 -1 -1
Result 0 0.0 1500 0.46 0.20 0.20 0.21 0.20 0.19 -1 -1 -1 -1 -1
Evo 70.51 -1000000.00 478261.43 -9210.13 0.61 0.62 0.62 97764.12 2523.42 0.01 2.52 3.57 -1 -1
Result 0 0.0 1500 0.47 0.20 0.19 0.22 0.18 0.21 -1 -1 -1 -1 -1
Evo 69.66 -1000000.05 73171.13 -11424.58 0.61 0.62 0.62 98317.41 2537.70 0.01 2.33 3.86 -1 -1
Result 0 0.0 1500 0.46 0.21 0.20 0.19 0.21 0.19 -1 -1 -1 -1 -1
Evo 67.65 -1000000.06 166667.02 -8720.37 0.60 0.62 0.62 97038.10 2504.68 0.01 1.80 3.08 -1 -1
Result 0 0.0 1500 0.47 0.18 0.19 0.22 0.20 0.21 -1 -1 -1 -1 -1
Evo 70.69 -999999.81 682692.49 -9184.46 0.61 0.62 0.62 98063.71 2531.15 0.01 1.95 3.14 -1 -1
Result 0 0.0 1500 0.44 0.22 0.19 0.20 0.21 0.18 -1 -1 -1 -1 -1
Evo 70.61 -999999.89 133333.94 -9410.39 0.61 0.62 0.62 96753.49 2497.33 0.01 3.44 5.06 -1 -1
Result 0 0.0 1500 0.46 0.20 0.20 0.21 0.20 0.20 -1 -1 -1 -1 -1
Evo 71.20 -1000000.11 105263.75 -9945.75 0.61 0.62 0.62 96876.88 2500.52 0.01 2.80 3.61 -1 -1
Result 0 0.0 1500 0.46 0.19 0.21 0.19 0.21 0.20 -1 -1 -1 -1 -1
Evo 71.05 -1000000.07 111111.66 -9611.44 0.61 0.62 0.62 96735.39 2496.86 0.01 2.43 3.80 -1 -1
Result 0 0.0 1500 0.46 0.21 0.20 0.20 0.20 0.20 -1 -1 -1 -1 -1
Evo 71.88 -1000000.17 0.64 -9930.04 0.61 0.62 0.62 96570.15 2492.60 0.01 2.31 3.14 -1 -1
Result 0 0.0 1500 0.47 0.20 0.19 0.21 0.20 0.21 -1 -1 -1 -1 -1
Evo 70.91 -999999.86 83333.78 -9822.70 0.61 0.62 0.62 95642.52 2468.66 0.01 2.10 3.94 -1 -1
Result 0 0.0 1500 0.45 0.21 0.22 0.20 0.18 0.19 -1 -1 -1 -1 -1
Evo 70.60 -999999.88 125000.71 -9761.84 0.61 0.62 0.62 96794.47 2498.39 0.01 3.15 4.67 -1 -1
Result 0 0.0 1500 0.47 0.18 0.21 0.19 0.22 0.20 -1 -1 -1 -1 -1
Evo 71.65 -999999.92 50000.56 -9849.88 0.61 0.62 0.62 96666.46 2495.09 0.01 2.05 3.27 -1 -1
Result 0 0.0 1500 0.45 0.20 0.19 0.21 0.22 0.19 -1 -1 -1 -1 -1
Evo 70.92 -1000000.02 946188.38 -8716.30 0.61 0.62 0.62 102857.02 2654.87 0.01 2.69 3.72 -1 -1
Result 0 0.0 1500 0.47 0.21 0.20 0.19 0.19 0.21 -1 -1 -1 -1 -1
Evo 70.62 -999999.74 190476.69 -9653.02 0.61 0.62 0.62 96900.19 2501.12 0.01 3.26 4.57 -1 -1
Result 0 0.0 1500 0.46 0.20 0.21 0.21 0.19 0.20 -1 -1 -1 -1 -1
Evo 71.48 -999999.90 41667.18 -9635.83 0.61 0.62 0.62 96388.22 2487.90 0.01 3.02 4.83 -1 -1
Result 0 0.0 1500 0.45 0.21 0.21 0.20 0.20 0.19 -1 -1 -1 -1 -1
Evo 71.31 -1000000.05 62500.59 -9497.26 0.62 0.62 0.62 96417.04 2488.65 0.01 2.89 4.56 -1 -1
Result 0 0.0 1500 0.46 0.19 0.20 0.22 0.20 0.19 -1 -1 -1 -1 -1
Evo 71.79 -999999.73 0.62 -9564.35 0.62 0.62 0.62 96253.75 2484.43 0.01 1.94 2.74 -1 -1
Result 0 0.0 1500 0.46 0.19 0.20 0.20 0.22 0.20 -1 -1 -1 -1 -1
Evo 71.63 -1000000.01 50000.56 -10075.75 0.61 0.62 0.62 96671.02 2495.20 0.01 1.78 2.85 -1 -1
Result 0 0.0 1500 0.47 0.20 0.21 0.19 0.19 0.20 -1 -1 -1 -1 -1
Evo 71.80 -1000000.04 55556.13 -9650.36 0.61 0.62 0.62 96389.10 2487.93 0.01 2.45 3.16 -1 -1
Result 0 0.0 1500 0.47 0.21 0.19 0.20 0.20 0.21 -1 -1 -1 -1 -1
Evo 70.96 -1000000.14 62500.56 -10117.54 0.61 0.62 0.62 96638.73 2494.37 0.01 3.61 5.02 -1 -1
Result 0 0.0 1500 0.44 0.19 0.20 0.20 0.23 0.17 -1 -1 -1 -1 -1
Evo 71.40 -1000000.10 55556.03 -10524.92 0.61 0.62 0.62 96939.51 2502.13 0.01 2.38 3.34 -1 -1
Result 0 0.0 1500 0.48 0.20 0.19 0.20 0.20 0.21 -1 -1 -1 -1 -1
Evo 71.29 -999999.93 38462.04 -10207.02 0.61 0.62 0.62 97150.83 2507.59 0.01 2.13 3.19 -1 -1
Result 0 0.0 1500 0.47 0.20 0.21 0.19 0.20 0.21 -1 -1 -1 -1 -1
Evo 70.64 -999999.98 1000000.02 -4461.11 0.62 0.62 0.62 94321.64 2434.56 0.01 1.90 3.20 -1 -1
Result 1 1.0 1500 0.47 0.19 0.20 0.20 0.19 0.21 -1 -1 -1 -1 -1
Evo 71.50 -1000000.08 0.62 -10341.70 0.61 0.62 0.62 96931.60 2501.93 0.01 2.35 3.09 -1 -1
Result 0 0.0 1500 0.46 0.22 0.20 0.18 0.21 0.20 -1 -1 -1 -1 -1
Evo 71.20 -1000000.10 63830.18 -10041.52 0.61 0.62 0.62 96693.18 2495.78 0.01 2.50 3.40 -1 -1
Result 0 0.0 1500 0.47 0.20 0.19 0.20 0.20 0.21 -1 -1 -1 -1 -1
Evo 71.60 -999999.97 0.62 -9837.68 0.61 0.62 0.62 96475.57 2490.16 0.01 1.74 2.44 -1 -1
Result 0 0.0 1500 0.45 0.19 0.22 0.21 0.20 0.18 -1 -1 -1 -1 -1
Evo 68.74 -999999.91 833333.65 -4838.89 0.61 0.62 0.62 108872.02 2810.13 0.01 2.33 3.52 -1 -1
Result 0 0.0 1500 0.48 0.19 0.21 0.19 0.20 0.21 -1 -1 -1 -1 -1
Evo 71.71 -999999.90 0.62 -10008.93 0.62 0.62 0.62 96640.73 2494.42 0.01 2.17 2.68 -1 -1
Result 0 0.0 1500 0.47 0.20 0.19 0.20 0.20 0.21 -1 -1 -1 -1 -1
Evo 71.62 -999999.77 0.62 -10034.77 0.61 0.62 0.62 96701.19 2495.98 0.01 1.93 2.58 -1 -1
Result 0 0.0 1500 0.45 0.19 0.22 0.21 0.20 0.18 -1 -1 -1 -1 -1
Evo 71.47 -1000000.09 66667.27 -9786.33 0.61 0.62 0.62 96531.07 2491.59 0.01 2.91 4.17 -1 -1
Result 0 0.0 1500 0.46 0.21 0.20 0.19 0.21 0.20 -1 -1 -1 -1 -1
Evo 71.86 -1000000.10 0.62 -9834.83 0.61 0.62 0.62 96345.76 2486.81 0.01 2.11 3.24 -1 -1
Result 0 0.0 1500 0.46 0.20 0.22 0.20 0.19 0.20 -1 -1 -1 -1 -1
Evo 71.73 -999999.99 0.62 -10298.26 0.62 0.62 0.62 96777.28 2497.95 0.01 2.11 2.63 -1 -1
Result 0 0.0 1500 0.47 0.22 0.19 0.19 0.19 0.21 -1 -1 -1 -1 -1
Evo 71.69 -1000000.09 0.62 -9727.78 0.61 0.62 0.62 96421.71 2488.77 0.01 1.53 2.06 -1 -1
Result 0 0.0 1500 0.47 0.19 0.20 0.22 0.18 0.21 -1 -1 -1 -1 -1
Evo 71.47 -1000000.05 259259.56 -7606.71 0.62 0.62 0.62 84547.12 2182.27 0.01 2.84 3.99 -1 -1
Result 0 0.0 1500 0.48 0.20 0.20 0.19 0.19 0.22 -1 -1 -1 -1 -1
Evo 71.94 -999999.90 0.62 -9542.93 0.61 0.62 0.62 96225.85 2483.71 0.01 1.95 2.72 -1 -1
Result 0 0.0 1500 0.47 0.20 0.21 0.21 0.18 0.21 -1 -1 -1 -1 -1
Evo 71.71 -999999.88 0.62 -9913.02 0.61 0.62 0.62 96563.54 2492.43 0.01 1.36 1.91 -1 -1
Result 0 0.0 1500 0.47 0.19 0.21 0.22 0.17 0.21 -1 -1 -1 -1 -1
Evo 71.98 -999999.81 0.62 -9700.54 0.62 0.62 0.62 96468.82 2489.98 0.01 1.83 2.60 -1 -1
Result 0 0.0 1500 0.47 0.18 0.22 0.21 0.19 0.20 -1 -1 -1 -1 -1
Evo 71.69 -1000000.03 0.62 -10467.30 0.62 0.62 0.62 97096.37 2506.18 0.01 1.69 2.74 -1 -1
Result 0 0.0 1500 0.48 0.20 0.20 0.18 0.19 0.22 -1 -1 -1 -1 -1
Evo 69.00 -199999.58 1000000.53 4368.52 0.61 0.62 0.62 62753.71 1776.36 0.01 2.06 3.10 -1 -1
Result 1 1.0 1247 0.47 0.20 0.19 0.18 0.21 0.21 -1 -1 -1 -1 -1
Evo 71.67 -999999.84 0.62 -9832.36 0.61 0.62 0.62 96389.11 2487.93 0.01 1.83 2.67 -1 -1
Result 0 0.0 1500 0.47 0.20 0.21 0.20 0.19 0.20 -1 -1 -1 -1 -1
Evo 71.70 -999999.99 0.62 -9720.36 0.61 0.62 0.62 96423.31 2488.81 0.01 2.00 2.60 -1 -1
Result 0 0.0 1500 0.46 0.21 0.22 0.19 0.19 0.19 -1 -1 -1 -1 -1
Evo 71.49 -1000000.09 0.62 -9719.76 0.62 0.62 0.62 96338.84 2486.63 0.01 2.19 2.69 -1 -1
Result 0 0.0 1500 0.46 0.22 0.21 0.20 0.18 0.20 -1 -1 -1 -1 -1
Evo 71.66 -1000000.09 0.62 -9720.38 0.61 0.62 0.62 96266.99 2484.77 0.01 1.98 2.58 -1 -1
Result 0 0.0 1500 0.48 0.19 0.21 0.20 0.19 0.22 -1 -1 -1 -1 -1
Evo 71.71 -999999.85 0.62 -9942.64 0.62 0.62 0.62 96693.72 2495.79 0.01 2.25 2.84 -1 -1
Result 0 0.0 1500 0.47 0.22 0.20 0.18 0.20 0.20 -1 -1 -1 -1 -1
Evo 71.18 -1000000.02 47619.58 -9973.69 0.60 0.62 0.62 96626.56 2494.06 0.01 1.41 1.92 -1 -1
Result 0 0.0 1500 0.46 0.21 0.18 0.21 0.21 0.19 -1 -1 -1 -1 -1
Evo 71.85 -999999.81 0.62 -9641.15 0.62 0.62 0.62 96311.99 2485.94 0.01 1.68 2.22 -1 -1
Result 0 0.0 1500 0.46 0.20 0.19 0.21 0.21 0.19 -1 -1 -1 -1 -1
Evo 71.56 -1000000.07 0.62 -9844.93 0.62 0.62 0.62 96485.93 2490.43 0.01 2.24 2.91 -1 -1
Result 0 0.0 1500 0.46 0.21 0.19 0.21 0.20 0.19 -1 -1 -1 -1 -1
Evo 71.93 -999999.82 0.62 -9759.50 0.62 0.62 0.62 96378.03 2487.64 0.01 2.11 2.74 -1 -1
Result 0 0.0 1500 0.46 0.22 0.19 0.20 0.19 0.19 -1 -1 -1 -1 -1
Evo 71.80 -1000000.10 0.62 -9924.17 0.62 0.62 0.62 96603.87 2493.47 0.01 1.60 2.19 -1 -1
Result 0 0.0 1500 0.45 0.19 0.22 0.21 0.19 0.19 -1 -1 -1 -1 -1
Evo 71.15 -1000000.08 55555.99 -10066.23 0.61 0.62 0.62 96662.50 2494.98 0.01 0.93 1.42 -1 -1
Result 0 0.0 1500 0.45 0.19 0.20 0.20 0.22 0.19 -1 -1 -1 -1 -1
Evo 69.26 -999999.87 90909.80 -10296.16 0.58 0.61 0.62 96969.37 2502.90 0.01 0.91 1.30 -1 -1
Result 0 0.0 1500 0.46 0.19 0.18 0.21 0.22 0.19 -1 -1 -1 -1 -1
Evo 71.69 -1000000.04 52632.13 -9611.84 0.61 0.62 0.62 96380.57 2487.71 0.01 1.88 2.39 -1 -1
Result 0 0.0 1500 0.46 0.20 0.21 0.21 0.19 0.19 -1 -1 -1 -1 -1
Evo 71.76 -1000000.14 40000.51 -9693.40 0.61 0.62 0.62 96394.16 2488.06 0.01 1.19 1.57 -1 -1
Result 0 0.0 1500 0.46 0.20 0.20 0.20 0.21 0.19 -1 -1 -1 -1 -1
Evo 71.45 -1000000.18 0.62 -9878.10 0.61 0.62 0.62 96371.42 2487.47 0.01 1.40 1.76 -1 -1
Result 0 0.0 1500 0.46 0.19 0.21 0.20 0.20 0.19 -1 -1 -1 -1 -1
Evo 70.51 -999999.90 105263.76 -10111.27 0.60 0.62 0.62 97121.12 2506.82 0.01 1.19 1.73 -1 -1
Result 0 0.0 1500 0.44 0.21 0.20 0.21 0.20 0.18 -1 -1 -1 -1 -1
Evo 71.52 -999999.63 40000.50 -9827.61 0.61 0.62 0.62 96420.22 2488.73 0.01 2.00 2.95 -1 -1
Result 0 0.0 1500 0.44 0.20 0.19 0.21 0.22 0.18 -1 -1 -1 -1 -1
Evo 71.52 -1000000.11 52632.13 -10675.24 0.61 0.62 0.62 97493.72 2516.44 0.01 1.74 2.28 -1 -1
Result 0 0.0 1500 0.46 0.20 0.19 0.21 0.22 0.19 -1 -1 -1 -1 -1
Evo 71.34 -1000000.18 66667.25 -10434.85 0.61 0.62 0.62 97139.76 2507.30 0.01 1.61 1.94 -1 -1
Result 0 0.0 1500 0.46 0.20 0.19 0.21 0.20 0.20 -1 -1 -1 -1 -1
Evo 70.96 -1000000.06 66667.29 -9994.95 0.60 0.62 0.62 96501.78 2490.83 0.01 0.92 1.35 -1 -1
Result 0 0.0 1500 0.46 0.20 0.17 0.21 0.22 0.19 -1 -1 -1 -1 -1
Evo 71.61 -999999.99 0.62 -9970.37 0.61 0.62 0.62 96431.61 2489.02 0.01 1.61 2.09 -1 -1
Result 0 0.0 1500 0.46 0.21 0.18 0.22 0.20 0.20 -1 -1 -1 -1 -1
Evo 71.41 -999999.87 0.62 -9829.27 0.62 0.62 0.62 96517.41 2491.24 0.01 2.36 3.02 -1 -1
Result 0 0.0 1500 0.46 0.19 0.18 0.22 0.21 0.20 -1 -1 -1 -1 -1
Evo 71.25 -1000000.20 0.69 -10010.19 0.61 0.62 0.62 96459.14 2489.73 0.01 1.17 1.52 -1 -1
Result 0 0.0 1500 0.46 0.20 0.19 0.21 0.20 0.19 -1 -1 -1 -1 -1
Evo 71.68 -1000000.05 0.62 -9762.52 0.61 0.62 0.62 96282.23 2485.17 0.01 2.00 2.40 -1 -1
Result 0 0.0 1500 0.47 0.20 0.19 0.21 0.20 0.21 -1 -1 -1 -1 -1
Evo 71.40 -999999.96 0.62 -9712.42 0.61 0.62 0.62 96320.09 2486.15 0.01 1.02 1.42 -1 -1
Result 0 0.0 1500 0.45 0.21 0.19 0.20 0.21 0.19 -1 -1 -1 -1 -1
