Evo 876.82 0.24 0.68 0.28 0.25 0.25 0.25 0.08 0.00 0.02 0.04 0.05 -1 -1
Result 0 0.0 377 0.45 0.17 0.16 0.19 0.16 0.13 0.19 -1 -1 -1 -1
Evo 736.84 0.12 0.65 0.32 0.25 0.25 0.36 0.13 0.01 0.04 0.02 0.03 -1 -1
Result 0 0.0 185 0.42 0.15 0.17 0.16 0.17 0.19 0.16 -1 -1 -1 -1
Evo 871.81 0.23 0.65 0.28 0.25 0.25 0.25 0.08 0.00 0.03 0.02 0.02 -1 -1
Result 0 0.0 293 0.40 0.17 0.19 0.16 0.17 0.18 0.14 -1 -1 -1 -1
Evo 946.81 0.23 0.90 0.26 0.25 0.25 0.25 0.06 0.00 0.01 0.05 0.06 -1 -1
Result 0 1.0 1339 0.44 0.17 0.15 0.16 0.18 0.16 0.17 -1 -1 -1 -1
Evo 954.09 0.23 0.90 0.26 0.25 0.25 0.25 0.05 0.00 0.01 0.06 0.07 -1 -1
Result 0 1.0 1795 0.44 0.17 0.16 0.16 0.17 0.18 0.17 -1 -1 -1 -1
Evo 827.62 -999999.52 0.96 -3030.01 0.25 0.25 0.25 55048.18 3030.30 0.03 0.02 0.03 -1 -1
Result 0 0.0 329 0.39 0.16 0.18 0.17 0.15 0.20 0.13 -1 -1 -1 -1
Evo 932.62 0.23 0.67 0.26 0.25 0.25 0.25 0.06 0.00 0.01 0.03 0.05 -1 -1
Result 0 1.0 815 0.44 0.15 0.15 0.19 0.16 0.18 0.17 -1 -1 -1 -1
Evo 842.02 0.12 0.65 0.28 0.25 0.25 0.25 0.09 0.00 0.03 0.02 0.04 -1 -1
Result 0 0.0 323 0.38 0.19 0.18 0.20 0.14 0.16 0.13 -1 -1 -1 -1
Evo 735.20 0.24 0.65 0.31 0.25 0.25 0.36 0.10 0.01 0.03 0.02 0.03 -1 -1
Result 0 0.0 269 0.46 0.14 0.20 0.17 0.16 0.13 0.20 -1 -1 -1 -1
Evo 933.97 0.23 0.90 0.26 0.25 0.25 0.25 0.07 0.00 0.01 0.04 0.06 -1 -1
Result 0 0.0 1147 0.42 0.15 0.18 0.18 0.15 0.18 0.16 -1 -1 -1 -1
Evo 936.64 -1000000.07 0.65 -499.49 0.25 0.25 0.25 22355.10 499.75 0.01 0.02 0.03 -1 -1
Result 0 0.0 2000 0.42 0.18 0.16 0.18 0.16 0.16 0.16 -1 -1 -1 -1
Evo 938.57 0.23 0.90 0.26 0.25 0.25 0.25 0.06 0.00 0.02 0.03 0.04 -1 -1
Result 0 0.0 515 0.45 0.16 0.16 0.18 0.15 0.17 0.18 -1 -1 -1 -1
Evo 935.03 0.23 0.90 0.27 0.25 0.25 0.25 0.07 0.00 0.01 0.06 0.08 -1 -1
Result 0 0.0 783 0.40 0.17 0.18 0.17 0.17 0.16 0.15 -1 -1 -1 -1
Evo 965.61 -999999.85 0.90 -572.48 0.25 0.25 0.25 23931.94 572.74 0.01 0.06 0.06 -1 -1
Result 0 0.0 1745 0.44 0.17 0.16 0.16 0.16 0.17 0.18 -1 -1 -1 -1
Evo 582.57 0.24 0.90 0.34 0.25 0.31 0.43 0.12 0.01 0.05 0.02 0.02 -1 -1
Result 0 0.0 139 0.43 0.11 0.22 0.16 0.17 0.16 0.16 -1 -1 -1 -1
Evo 960.40 0.12 0.69 0.26 0.25 0.25 0.25 0.04 0.00 0.01 0.05 0.06 -1 -1
Result 0 1.0 1637 0.43 0.17 0.15 0.18 0.16 0.17 0.17 -1 -1 -1 -1
Evo 972.65 -999999.53 0.65 -499.50 0.25 0.25 0.25 22355.09 499.75 0.01 0.03 0.04 -1 -1
Result 0 0.0 2000 0.42 0.18 0.16 0.16 0.17 0.17 0.16 -1 -1 -1 -1
Evo 661.50 0.24 0.90 0.34 0.25 0.25 0.36 0.13 0.01 0.05 0.01 0.02 -1 -1
Result 0 0.0 143 0.43 0.16 0.18 0.13 0.17 0.19 0.17 -1 -1 -1 -1
Evo 922.09 0.23 0.65 0.27 0.25 0.25 0.25 0.06 0.00 0.02 0.02 0.02 -1 -1
Result 0 0.0 497 0.46 0.18 0.15 0.16 0.18 0.13 0.19 -1 -1 -1 -1
Evo 908.02 0.23 0.69 0.27 0.25 0.25 0.25 0.07 0.00 0.01 0.05 0.07 -1 -1
Result 0 0.0 743 0.44 0.15 0.17 0.18 0.15 0.17 0.18 -1 -1 -1 -1
Evo 952.49 -999999.80 0.85 -499.49 0.25 0.25 0.25 22355.09 499.75 0.01 0.13 0.16 -1 -1
Result 0 5.0 2000 0.43 0.16 0.17 0.17 0.17 0.15 0.17 -1 -1 -1 -1
Evo 923.50 0.12 0.65 0.26 0.25 0.25 0.25 0.06 0.00 0.01 0.04 0.05 -1 -1
Result 0 0.0 911 0.43 0.18 0.16 0.17 0.17 0.17 0.16 -1 -1 -1 -1
Evo 949.91 0.24 0.85 0.26 0.25 0.25 0.25 0.05 0.00 0.01 0.06 0.10 -1 -1
Result 0 0.0 991 0.44 0.16 0.16 0.17 0.16 0.17 0.18 -1 -1 -1 -1
Evo 507.31 0.23 0.72 0.39 0.25 0.36 0.55 0.15 0.01 0.07 0.03 0.09 -1 -1
Result 0 2.0 95 0.44 0.21 0.11 0.17 0.17 0.17 0.18 -1 -1 -1 -1
Evo 556.55 0.24 0.75 0.36 0.25 0.34 0.44 0.13 0.01 0.06 0.04 0.11 -1 -1
Result 0 3.0 113 0.47 0.13 0.11 0.17 0.19 0.19 0.21 -1 -1 -1 -1
Evo 948.96 0.12 0.90 0.26 0.25 0.25 0.25 0.06 0.00 0.01 0.06 0.08 -1 -1
Result 0 2.0 1517 0.44 0.16 0.16 0.17 0.16 0.17 0.18 -1 -1 -1 -1
Evo 813.88 0.23 0.66 0.30 0.25 0.25 0.31 0.10 0.01 0.04 0.02 0.04 -1 -1
Result 0 0.0 215 0.48 0.18 0.19 0.14 0.15 0.13 0.21 -1 -1 -1 -1
Evo 296.02 -391304.04 0.76 -3835.89 0.31 0.43 0.53 38744.92 3836.32 0.07 0.02 0.06 -1 -1
Result 0 0.0 101 0.51 0.17 0.17 0.08 0.15 0.18 0.26 -1 -1 -1 -1
Evo 911.76 -1000000.19 0.65 -1059.05 0.25 0.25 0.25 32547.24 1059.32 0.01 0.05 0.07 -1 -1
Result 0 2.0 943 0.42 0.16 0.16 0.18 0.18 0.16 0.16 -1 -1 -1 -1
Evo 949.54 0.12 0.64 0.26 0.25 0.25 0.25 0.04 0.00 0.01 0.06 0.09 -1 -1
Result 0 2.0 1277 0.44 0.17 0.18 0.17 0.16 0.16 0.17 -1 -1 -1 -1
Evo 886.39 -999999.95 0.64 -1712.05 0.25 0.25 0.25 41380.30 1712.33 0.02 0.05 0.07 -1 -1
Result 0 1.0 583 0.44 0.18 0.14 0.16 0.19 0.15 0.17 -1 -1 -1 -1
Evo 957.18 -1000000.01 0.90 -1138.69 0.25 0.25 0.25 33748.37 1138.95 0.01 0.04 0.05 -1 -1
Result 0 0.0 877 0.46 0.16 0.19 0.15 0.16 0.15 0.19 -1 -1 -1 -1
Evo 839.45 -999999.73 0.69 -3134.51 0.25 0.25 0.25 55989.25 3134.80 0.03 0.03 0.05 -1 -1
Result 0 0.0 318 0.35 0.20 0.18 0.20 0.18 0.13 0.11 -1 -1 -1 -1
Evo 315.49 0.24 0.70 0.42 0.34 0.46 0.51 0.11 0.01 0.06 0.04 0.10 -1 -1
Result 0 2.0 119 0.40 0.18 0.13 0.17 0.18 0.20 0.14 -1 -1 -1 -1
Evo 858.68 0.24 0.90 0.29 0.25 0.25 0.25 0.11 0.01 0.02 0.05 0.07 -1 -1
Result 0 0.0 463 0.42 0.19 0.15 0.17 0.15 0.19 0.16 -1 -1 -1 -1
Evo 813.84 -999999.94 0.90 -2631.28 0.25 0.25 0.31 51298.93 2631.58 0.02 0.04 0.06 -1 -1
Result 0 0.0 379 0.42 0.17 0.16 0.15 0.19 0.17 0.16 -1 -1 -1 -1
Evo 594.83 0.12 0.65 0.35 0.25 0.31 0.40 0.13 0.01 0.07 0.02 0.06 -1 -1
Result 0 0.0 89 0.44 0.16 0.16 0.14 0.19 0.18 0.18 -1 -1 -1 -1
Evo 849.19 -1000000.07 0.67 -3459.93 0.25 0.25 0.25 58823.55 3460.21 0.03 0.04 0.05 -1 -1
Result 0 0.0 288 0.43 0.19 0.16 0.15 0.17 0.17 0.16 -1 -1 -1 -1
Evo 932.26 0.24 0.81 0.26 0.25 0.25 0.25 0.05 0.00 0.01 0.04 0.07 -1 -1
Result 0 0.0 855 0.44 0.16 0.16 0.16 0.16 0.18 0.17 -1 -1 -1 -1
Evo 804.55 0.23 0.69 0.30 0.25 0.25 0.31 0.11 0.01 0.03 0.02 0.04 -1 -1
Result 0 0.0 251 0.42 0.19 0.16 0.15 0.18 0.16 0.16 -1 -1 -1 -1
Evo 941.54 0.23 0.96 0.26 0.25 0.25 0.25 0.06 0.00 0.01 0.03 0.04 -1 -1
Result 0 1.0 1131 0.43 0.16 0.17 0.17 0.16 0.17 0.17 -1 -1 -1 -1
Evo 914.16 0.23 0.96 0.27 0.25 0.25 0.25 0.09 0.00 0.01 0.04 0.05 -1 -1
Result 0 1.0 879 0.43 0.18 0.16 0.16 0.16 0.18 0.16 -1 -1 -1 -1
Evo 798.63 0.24 0.90 0.31 0.25 0.25 0.31 0.12 0.01 0.04 0.02 0.02 -1 -1
Result 0 1.0 195 0.43 0.17 0.21 0.17 0.13 0.15 0.16 -1 -1 -1 -1
Evo 928.93 0.23 0.85 0.27 0.25 0.25 0.25 0.07 0.00 0.01 0.04 0.05 -1 -1
Result 0 3.0 655 0.43 0.18 0.16 0.18 0.14 0.17 0.17 -1 -1 -1 -1
Evo 924.29 0.23 0.90 0.27 0.25 0.25 0.25 0.08 0.00 0.01 0.03 0.04 -1 -1
Result 0 2.0 839 0.43 0.18 0.16 0.14 0.19 0.16 0.17 -1 -1 -1 -1
Evo 848.45 0.24 0.77 0.29 0.25 0.25 0.25 0.09 0.01 0.04 0.01 0.02 -1 -1
Result 0 1.0 203 0.42 0.19 0.18 0.21 0.15 0.12 0.16 -1 -1 -1 -1
Evo 899.51 0.23 0.85 0.27 0.25 0.25 0.25 0.08 0.00 0.02 0.03 0.04 -1 -1
Result 0 1.0 451 0.42 0.15 0.19 0.16 0.18 0.16 0.15 -1 -1 -1 -1
Evo 897.31 0.23 0.85 0.27 0.25 0.25 0.25 0.07 0.00 0.01 0.03 0.04 -1 -1
Result 0 1.0 755 0.42 0.16 0.19 0.19 0.15 0.15 0.16 -1 -1 -1 -1
Evo 950.42 0.24 0.77 0.26 0.25 0.25 0.25 0.06 0.00 0.01 0.01 0.02 -1 -1
Result 0 1.0 1123 0.42 0.17 0.19 0.14 0.16 0.18 0.16 -1 -1 -1 -1
Evo 914.08 0.23 0.91 0.27 0.25 0.25 0.25 0.07 0.00 0.01 0.04 0.06 -1 -1
Result 0 2.0 659 0.40 0.17 0.17 0.16 0.18 0.18 0.14 -1 -1 -1 -1
Evo 863.41 0.23 0.96 0.28 0.25 0.25 0.25 0.08 0.00 0.01 0.04 0.07 -1 -1
Result 0 1.0 795 0.45 0.17 0.16 0.16 0.19 0.14 0.18 -1 -1 -1 -1
Evo 932.62 0.23 0.90 0.26 0.25 0.25 0.25 0.07 0.00 0.01 0.02 0.02 -1 -1
Result 0 1.0 879 0.42 0.17 0.20 0.16 0.16 0.15 0.16 -1 -1 -1 -1
Evo 759.69 0.24 0.85 0.31 0.25 0.25 0.31 0.11 0.01 0.04 0.02 0.03 -1 -1
Result 0 0.0 195 0.44 0.13 0.17 0.16 0.20 0.16 0.18 -1 -1 -1 -1
Evo 720.40 0.23 0.96 0.33 0.25 0.25 0.36 0.13 0.01 0.04 0.02 0.03 -1 -1
Result 0 0.0 179 0.48 0.20 0.14 0.16 0.15 0.13 0.22 -1 -1 -1 -1
Evo 747.13 0.23 0.95 0.32 0.25 0.25 0.36 0.14 0.01 0.04 0.03 0.05 -1 -1
Result 0 0.0 211 0.40 0.19 0.18 0.17 0.19 0.13 0.14 -1 -1 -1 -1
Evo 908.25 0.23 0.90 0.28 0.25 0.25 0.25 0.10 0.00 0.02 0.04 0.06 -1 -1
Result 0 1.0 487 0.41 0.20 0.16 0.16 0.16 0.17 0.15 -1 -1 -1 -1
Evo 934.39 0.24 0.90 0.27 0.25 0.25 0.25 0.07 0.00 0.01 0.04 0.05 -1 -1
Result 0 3.0 795 0.43 0.18 0.18 0.15 0.16 0.16 0.16 -1 -1 -1 -1
Evo 878.29 0.23 0.96 0.28 0.25 0.25 0.25 0.10 0.00 0.01 0.04 0.06 -1 -1
Result 0 1.0 639 0.42 0.18 0.17 0.15 0.18 0.16 0.16 -1 -1 -1 -1
Evo 890.45 0.23 0.90 0.27 0.25 0.25 0.25 0.08 0.00 0.02 0.05 0.07 -1 -1
Result 0 1.0 615 0.47 0.15 0.17 0.17 0.14 0.16 0.21 -1 -1 -1 -1
Evo 931.85 0.23 0.90 0.27 0.25 0.25 0.25 0.08 0.00 0.01 0.03 0.04 -1 -1
Result 0 5.0 987 0.45 0.15 0.17 0.17 0.15 0.18 0.18 -1 -1 -1 -1
Evo 786.97 0.23 0.85 0.30 0.25 0.25 0.31 0.11 0.01 0.03 0.02 0.04 -1 -1
Result 0 0.0 299 0.46 0.17 0.17 0.15 0.16 0.16 0.19 -1 -1 -1 -1
Evo 800.27 0.24 0.85 0.29 0.25 0.25 0.31 0.09 0.01 0.03 0.03 0.05 -1 -1
Result 0 0.0 283 0.43 0.17 0.15 0.17 0.18 0.17 0.16 -1 -1 -1 -1
Evo 833.16 0.23 0.90 0.30 0.25 0.25 0.25 0.11 0.01 0.03 0.03 0.05 -1 -1
Result 0 0.0 279 0.47 0.19 0.16 0.15 0.15 0.15 0.20 -1 -1 -1 -1
Evo 814.89 0.23 0.90 0.29 0.25 0.25 0.31 0.10 0.01 0.03 0.04 0.05 -1 -1
Result 0 0.0 299 0.45 0.13 0.24 0.13 0.15 0.16 0.19 -1 -1 -1 -1
Evo 783.17 0.23 0.85 0.30 0.25 0.25 0.36 0.10 0.01 0.03 0.02 0.05 -1 -1
Result 0 0.0 287 0.43 0.18 0.13 0.16 0.19 0.17 0.17 -1 -1 -1 -1
Evo 679.64 -999999.25 0.90 -6409.93 0.25 0.25 0.31 80064.04 6410.25 0.05 0.03 0.06 -1 -1
Result 0 2.0 155 0.46 0.22 0.18 0.15 0.13 0.11 0.20 -1 -1 -1 -1
Evo 886.48 0.23 0.96 0.28 0.25 0.25 0.25 0.10 0.01 0.03 0.03 0.04 -1 -1
Result 0 0.0 295 0.40 0.14 0.20 0.15 0.18 0.20 0.14 -1 -1 -1 -1
Evo 884.98 0.24 0.85 0.28 0.25 0.25 0.25 0.09 0.00 0.03 0.04 0.05 -1 -1
Result 0 0.0 307 0.41 0.15 0.19 0.18 0.17 0.17 0.15 -1 -1 -1 -1
Evo 724.85 0.24 0.90 0.33 0.25 0.25 0.40 0.13 0.01 0.03 0.03 0.05 -1 -1
Result 0 0.0 259 0.42 0.14 0.14 0.15 0.22 0.20 0.15 -1 -1 -1 -1
Evo 810.64 0.23 0.90 0.31 0.25 0.25 0.25 0.14 0.01 0.02 0.03 0.04 -1 -1
Result 0 0.0 431 0.44 0.19 0.16 0.16 0.14 0.18 0.17 -1 -1 -1 -1
Evo 834.40 0.24 0.96 0.30 0.25 0.25 0.25 0.11 0.01 0.03 0.04 0.05 -1 -1
Result 0 0.0 243 0.43 0.16 0.18 0.16 0.15 0.18 0.16 -1 -1 -1 -1
Evo 812.29 0.24 0.81 0.30 0.25 0.25 0.25 0.10 0.01 0.03 0.03 0.05 -1 -1
Result 0 0.0 267 0.42 0.16 0.16 0.19 0.17 0.17 0.16 -1 -1 -1 -1
Evo 766.24 0.23 0.90 0.32 0.25 0.25 0.31 0.14 0.01 0.04 0.03 0.06 -1 -1
Result 0 0.0 209 0.44 0.16 0.21 0.18 0.18 0.10 0.18 -1 -1 -1 -1
Evo 878.68 0.12 0.71 0.28 0.25 0.25 0.25 0.09 0.00 0.02 0.09 0.12 -1 -1
Result 0 5.0 593 0.41 0.16 0.17 0.19 0.16 0.16 0.15 -1 -1 -1 -1
Evo 844.01 0.23 0.90 0.28 0.25 0.25 0.25 0.09 0.00 0.02 0.05 0.09 -1 -1
Result 0 1.0 367 0.41 0.17 0.17 0.19 0.13 0.20 0.15 -1 -1 -1 -1
Evo 836.60 0.24 0.85 0.29 0.25 0.25 0.25 0.09 0.01 0.03 0.02 0.04 -1 -1
Result 0 0.0 299 0.42 0.17 0.18 0.16 0.18 0.15 0.16 -1 -1 -1 -1
Evo 713.02 0.23 0.90 0.34 0.25 0.25 0.36 0.14 0.01 0.03 0.03 0.04 -1 -1
Result 0 0.0 279 0.45 0.17 0.16 0.17 0.18 0.14 0.18 -1 -1 -1 -1
Evo 888.55 0.12 0.72 0.27 0.25 0.25 0.25 0.08 0.00 0.02 0.05 0.10 -1 -1
Result 0 2.0 419 0.44 0.17 0.15 0.17 0.19 0.15 0.17 -1 -1 -1 -1
Evo 843.11 -999999.75 0.90 -2967.07 0.25 0.25 0.25 54473.47 2967.36 0.02 0.06 0.11 -1 -1
Result 0 2.0 336 0.46 0.15 0.16 0.20 0.15 0.14 0.20 -1 -1 -1 -1
Evo 742.61 0.24 0.90 0.31 0.25 0.25 0.36 0.11 0.01 0.03 0.03 0.06 -1 -1
Result 0 0.0 251 0.42 0.18 0.15 0.18 0.16 0.17 0.16 -1 -1 -1 -1
Evo 808.48 0.24 0.68 0.29 0.25 0.25 0.31 0.09 0.01 0.03 0.03 0.04 -1 -1
Result 0 0.0 263 0.38 0.22 0.15 0.16 0.16 0.19 0.13 -1 -1 -1 -1
Evo 875.21 0.23 0.72 0.28 0.25 0.25 0.25 0.09 0.01 0.03 0.04 0.08 -1 -1
Result 0 1.0 239 0.38 0.18 0.16 0.19 0.17 0.18 0.13 -1 -1 -1 -1
Evo 925.00 -999999.41 0.65 -2873.30 0.25 0.25 0.25 53605.61 2873.56 0.02 0.03 0.04 -1 -1
Result 0 0.0 347 0.45 0.20 0.15 0.15 0.19 0.14 0.18 -1 -1 -1 -1
Evo 793.09 0.23 0.67 0.30 0.25 0.25 0.31 0.10 0.01 0.03 0.03 0.05 -1 -1
Result 0 0.0 305 0.45 0.14 0.17 0.16 0.17 0.18 0.19 -1 -1 -1 -1
Evo 728.56 0.23 0.71 0.31 0.25 0.25 0.31 0.11 0.01 0.03 0.03 0.06 -1 -1
Result 0 0.0 257 0.45 0.18 0.15 0.17 0.16 0.16 0.18 -1 -1 -1 -1
Evo 805.98 0.23 0.65 0.29 0.25 0.25 0.31 0.09 0.01 0.03 0.03 0.04 -1 -1
Result 0 0.0 257 0.40 0.16 0.19 0.18 0.18 0.15 0.14 -1 -1 -1 -1
Evo 694.74 0.23 0.67 0.33 0.25 0.25 0.40 0.12 0.01 0.03 0.03 0.05 -1 -1
Result 0 0.0 239 0.49 0.13 0.15 0.18 0.16 0.15 0.23 -1 -1 -1 -1
Evo 795.70 0.23 0.74 0.30 0.25 0.25 0.31 0.10 0.01 0.03 0.04 0.06 -1 -1
Result 0 0.0 263 0.46 0.17 0.16 0.17 0.17 0.14 0.19 -1 -1 -1 -1
Evo 756.87 -999999.81 0.65 -3703.39 0.25 0.25 0.31 60858.07 3703.70 0.03 0.03 0.04 -1 -1
Result 0 0.0 269 0.40 0.18 0.19 0.15 0.14 0.20 0.14 -1 -1 -1 -1
Evo 777.71 -999999.57 0.65 -3144.34 0.25 0.25 0.31 56077.21 3144.65 0.03 0.02 0.04 -1 -1
Result 0 0.0 317 0.47 0.16 0.16 0.14 0.16 0.16 0.21 -1 -1 -1 -1
Evo 679.57 -1000000.22 0.65 -4761.58 0.25 0.25 0.40 69006.59 4761.91 0.04 0.03 0.06 -1 -1
Result 0 0.0 209 0.38 0.17 0.17 0.21 0.12 0.20 0.13 -1 -1 -1 -1
Evo 875.12 0.12 0.69 0.28 0.25 0.25 0.25 0.08 0.01 0.03 0.05 0.07 -1 -1
Result 0 1.0 257 0.45 0.13 0.14 0.19 0.22 0.14 0.18 -1 -1 -1 -1
Evo 765.84 -999999.36 0.65 -3401.06 0.25 0.25 0.31 58321.16 3401.36 0.03 0.02 0.04 -1 -1
Result 0 0.0 293 0.42 0.16 0.18 0.16 0.13 0.22 0.16 -1 -1 -1 -1
Evo 889.32 0.23 0.68 0.28 0.25 0.25 0.25 0.09 0.01 0.03 0.03 0.03 -1 -1
Result 0 0.0 305 0.42 0.16 0.18 0.15 0.20 0.16 0.16 -1 -1 -1 -1
Evo 830.38 0.12 0.68 0.29 0.25 0.25 0.25 0.09 0.00 0.02 0.03 0.04 -1 -1
Result 0 0.0 347 0.45 0.12 0.20 0.14 0.16 0.20 0.18 -1 -1 -1 -1
Evo 866.58 0.23 0.68 0.28 0.25 0.25 0.25 0.07 0.00 0.02 0.04 0.05 -1 -1
Result 0 0.0 359 0.43 0.16 0.19 0.16 0.13 0.19 0.17 -1 -1 -1 -1
Evo 730.12 0.24 0.65 0.32 0.25 0.25 0.36 0.12 0.01 0.04 0.03 0.05 -1 -1
Result 0 0.0 221 0.45 0.17 0.11 0.14 0.20 0.20 0.18 -1 -1 -1 -1
Evo 839.82 0.23 0.66 0.29 0.25 0.25 0.25 0.09 0.01 0.03 0.02 0.04 -1 -1
Result 0 0.0 287 0.41 0.18 0.19 0.15 0.18 0.15 0.15 -1 -1 -1 -1
Evo 826.59 0.23 0.69 0.29 0.25 0.25 0.25 0.10 0.01 0.04 0.03 0.05 -1 -1
Result 0 0.0 209 0.45 0.16 0.20 0.16 0.14 0.16 0.19 -1 -1 -1 -1
Evo 764.76 -999999.71 0.65 -3436.12 0.25 0.25 0.31 58621.04 3436.43 0.03 0.04 0.07 -1 -1
Result 0 0.0 290 0.44 0.13 0.20 0.15 0.16 0.18 0.18 -1 -1 -1 -1
