Evo 814.13 -999999.77 0.62 -3496.23 0.23 0.23 0.23 59131.24 3496.50 0.03 0.06 0.07 -1 -1
Result 0 0.0 285 0.47 0.20 0.20 0.20 0.19 0.20 -1 -1 -1 -1 -1
Evo 674.91 -999999.39 0.62 -3496.20 0.23 0.23 0.37 59131.22 3496.50 0.03 0.15 0.16 -1 -1
Result 0 0.0 285 0.48 0.19 0.20 0.21 0.20 0.21 -1 -1 -1 -1 -1
Evo 305.62 -1000000.15 0.62 -16393.03 0.28 0.43 0.53 128036.95 16393.45 0.10 0.05 0.07 -1 -1
Result 0 0.0 60 0.41 0.20 0.21 0.20 0.25 0.15 -1 -1 -1 -1 -1
Evo 861.99 -1000000.03 0.61 -3496.24 0.23 0.23 0.23 59131.26 3496.50 0.03 0.04 0.05 -1 -1
Result 0 0.0 285 0.49 0.20 0.19 0.15 0.21 0.24 -1 -1 -1 -1 -1
Evo 890.36 -1000000.20 0.62 -3496.25 0.23 0.23 0.23 59131.27 3496.51 0.03 0.04 0.05 -1 -1
Result 0 0.0 285 0.47 0.24 0.17 0.17 0.20 0.21 -1 -1 -1 -1 -1
Evo 203.30 -999085.73 0.61 -29992.90 0.33 0.49 0.54 164976.85 21123.12 0.10 0.10 0.15 -1 -1
Result 0 0.0 60 0.30 0.15 0.26 0.30 0.21 0.08 -1 -1 -1 -1 -1
Evo 840.39 -999999.28 0.62 -3496.24 0.23 0.23 0.23 59131.21 3496.50 0.03 0.10 0.13 -1 -1
Result 0 0.0 285 0.46 0.20 0.25 0.16 0.19 0.20 -1 -1 -1 -1 -1
Evo 798.06 -999999.93 0.61 -3496.24 0.23 0.23 0.33 59131.25 3496.50 0.03 0.10 0.13 -1 -1
Result 0 0.0 285 0.47 0.18 0.21 0.19 0.22 0.21 -1 -1 -1 -1 -1
Evo 866.90 -999999.85 0.62 -3496.24 0.23 0.23 0.23 59131.25 3496.50 0.03 0.12 0.14 -1 -1
Result 0 0.0 285 0.45 0.20 0.15 0.25 0.21 0.18 -1 -1 -1 -1 -1
Evo 819.97 -999999.43 0.62 -3496.23 0.23 0.23 0.23 59131.22 3496.50 0.03 0.20 0.22 -1 -1
Result 0 0.0 285 0.45 0.18 0.24 0.20 0.19 0.19 -1 -1 -1 -1 -1
Evo 927.30 -999999.37 0.62 -1040.34 0.23 0.23 0.23 32258.05 1040.58 0.01 0.15 0.16 -1 -1
Result 0 0.0 960 0.43 0.20 0.21 0.19 0.23 0.17 -1 -1 -1 -1 -1
Evo 808.89 -999999.34 0.62 -3496.23 0.23 0.23 0.23 59131.22 3496.50 0.03 0.10 0.12 -1 -1
Result 0 0.0 285 0.48 0.18 0.17 0.24 0.19 0.22 -1 -1 -1 -1 -1
Evo 777.90 -999999.36 0.62 -3496.22 0.23 0.23 0.28 59131.22 3496.50 0.03 0.06 0.07 -1 -1
Result 0 0.0 285 0.49 0.15 0.23 0.20 0.17 0.24 -1 -1 -1 -1 -1
Evo 919.77 -999999.63 0.62 -1358.45 0.23 0.23 0.23 36860.48 1358.70 0.01 0.22 0.23 -1 -1
Result 0 0.0 735 0.46 0.20 0.18 0.21 0.21 0.20 -1 -1 -1 -1 -1
Evo 831.26 -1000000.10 0.62 -3496.24 0.23 0.23 0.23 59131.26 3496.50 0.03 0.14 0.16 -1 -1
Result 0 0.0 285 0.45 0.19 0.21 0.22 0.19 0.19 -1 -1 -1 -1 -1
Evo 842.69 -999999.49 0.62 -3496.24 0.23 0.23 0.23 59131.23 3496.50 0.03 0.09 0.11 -1 -1
Result 0 0.0 285 0.47 0.20 0.19 0.21 0.19 0.21 -1 -1 -1 -1 -1
Evo 244.83 -999077.53 0.61 -30016.15 0.33 0.37 0.51 165091.28 21137.77 0.10 0.03 0.06 -1 -1
Result 0 0.0 60 0.48 0.11 0.25 0.30 0.13 0.21 -1 -1 -1 -1 -1
Evo 794.88 -999999.92 0.62 -3496.23 0.23 0.23 0.28 59131.25 3496.50 0.03 0.11 0.14 -1 -1
Result 0 0.0 285 0.45 0.22 0.20 0.20 0.19 0.19 -1 -1 -1 -1 -1
Evo 855.13 -999999.78 0.62 -3496.24 0.23 0.23 0.23 59131.24 3496.50 0.03 0.07 0.09 -1 -1
Result 0 0.0 285 0.49 0.21 0.19 0.17 0.19 0.23 -1 -1 -1 -1 -1
Evo 873.49 -1000000.14 0.62 -3496.24 0.23 0.23 0.23 59131.26 3496.50 0.03 0.11 0.13 -1 -1
Result 0 0.0 285 0.43 0.22 0.21 0.20 0.20 0.17 -1 -1 -1 -1 -1
Evo 929.07 -1000000.12 0.62 -1358.45 0.23 0.23 0.23 36860.50 1358.70 0.01 0.13 0.21 -1 -1
Result 0 0.0 735 0.46 0.20 0.19 0.23 0.18 0.20 -1 -1 -1 -1 -1
Evo 937.91 -999999.52 0.62 -1358.45 0.23 0.23 0.23 36860.48 1358.70 0.01 0.32 0.34 -1 -1
Result 0 0.0 735 0.47 0.20 0.18 0.21 0.20 0.20 -1 -1 -1 -1 -1
Evo 865.53 -1000000.17 0.62 -3496.24 0.23 0.23 0.23 59131.27 3496.51 0.03 0.08 0.16 -1 -1
Result 0 0.0 285 0.47 0.22 0.22 0.20 0.15 0.20 -1 -1 -1 -1 -1
Evo 804.37 -999999.79 0.62 -3496.23 0.23 0.23 0.28 59131.24 3496.50 0.03 0.35 0.40 -1 -1
Result 0 0.0 285 0.47 0.18 0.21 0.21 0.19 0.21 -1 -1 -1 -1 -1
Evo 164.47 -998613.18 0.62 -45483.33 0.37 0.43 0.52 202556.17 25934.66 0.10 0.15 0.27 -1 -1
Result 0 0.0 60 0.46 0.10 0.30 0.18 0.23 0.20 -1 -1 -1 -1 -1
Evo 826.95 -999999.39 0.62 -3496.23 0.23 0.23 0.23 59131.22 3496.50 0.03 0.13 0.15 -1 -1
Result 0 0.0 285 0.51 0.21 0.19 0.18 0.15 0.28 -1 -1 -1 -1 -1
Evo 863.54 -999999.63 0.62 -3496.24 0.23 0.23 0.23 59131.23 3496.50 0.03 0.28 0.35 -1 -1
Result 0 0.0 285 0.44 0.23 0.21 0.19 0.20 0.17 -1 -1 -1 -1 -1
Evo 847.54 -999999.55 0.61 -3496.24 0.23 0.23 0.23 59131.23 3496.50 0.03 0.13 0.18 -1 -1
Result 0 0.0 285 0.47 0.24 0.19 0.15 0.22 0.21 -1 -1 -1 -1 -1
Evo 878.38 -1000000.04 0.62 -3496.24 0.23 0.23 0.23 59131.26 3496.50 0.03 0.15 0.17 -1 -1
Result 0 0.0 285 0.49 0.16 0.20 0.20 0.21 0.23 -1 -1 -1 -1 -1
Evo 784.25 -1000000.13 0.61 -3496.24 0.23 0.23 0.28 59131.26 3496.50 0.03 0.18 0.22 -1 -1
Result 0 0.0 285 0.48 0.20 0.18 0.20 0.21 0.21 -1 -1 -1 -1 -1
Evo 905.39 -999999.81 0.62 -3496.25 0.23 0.23 0.23 59131.24 3496.50 0.03 0.14 0.18 -1 -1
Result 0 0.0 285 0.47 0.22 0.17 0.17 0.23 0.21 -1 -1 -1 -1 -1
Evo 854.52 -999999.40 0.62 -3496.23 0.23 0.23 0.23 59131.22 3496.50 0.03 0.13 0.18 -1 -1
Result 0 0.0 285 0.48 0.20 0.22 0.18 0.17 0.22 -1 -1 -1 -1 -1
Evo 845.79 -1000000.22 0.62 -3496.24 0.23 0.23 0.23 59131.27 3496.51 0.03 0.13 0.22 -1 -1
Result 0 0.0 285 0.49 0.23 0.20 0.14 0.19 0.23 -1 -1 -1 -1 -1
Evo 341.28 -999999.91 0.62 -16393.07 0.28 0.33 0.43 128036.92 16393.45 0.10 0.06 0.15 -1 -1
Result 0 0.0 60 0.46 0.18 0.21 0.18 0.23 0.20 -1 -1 -1 -1 -1
Evo 263.25 -999076.45 0.62 -30016.15 0.28 0.40 0.45 165091.17 21137.76 0.10 0.04 0.13 -1 -1
Result 0 0.0 60 0.51 0.15 0.13 0.20 0.25 0.28 -1 -1 -1 -1 -1
Evo 917.31 -1000000.10 0.62 -1040.34 0.23 0.23 0.23 32258.08 1040.58 0.01 0.21 0.25 -1 -1
Result 0 0.0 960 0.44 0.20 0.20 0.21 0.21 0.17 -1 -1 -1 -1 -1
Evo 753.18 -999999.74 0.61 -3496.22 0.23 0.23 0.33 59131.24 3496.50 0.03 0.23 0.26 -1 -1
Result 0 0.0 285 0.48 0.18 0.20 0.22 0.19 0.22 -1 -1 -1 -1 -1
Evo 856.49 -999999.43 0.62 -3496.24 0.23 0.23 0.23 59131.22 3496.50 0.03 0.31 0.38 -1 -1
Result 0 0.0 285 0.43 0.23 0.19 0.20 0.21 0.16 -1 -1 -1 -1 -1
Evo 806.55 -999999.39 0.61 -3496.23 0.23 0.23 0.23 59131.22 3496.50 0.03 0.15 0.21 -1 -1
Result 0 0.0 285 0.47 0.23 0.19 0.19 0.19 0.21 -1 -1 -1 -1 -1
Evo 852.27 -999999.39 0.61 -3496.24 0.23 0.23 0.23 59131.22 3496.50 0.03 0.24 0.28 -1 -1
Result 0 0.0 285 0.45 0.23 0.20 0.21 0.18 0.19 -1 -1 -1 -1 -1
Evo 939.70 -999999.42 0.62 -1358.45 0.23 0.23 0.23 36860.48 1358.70 0.01 0.14 0.16 -1 -1
Result 0 0.0 735 0.46 0.21 0.21 0.18 0.20 0.20 -1 -1 -1 -1 -1
Evo 845.83 -999999.64 0.62 -3496.24 0.23 0.23 0.23 59131.23 3496.50 0.03 0.08 0.09 -1 -1
Result 0 0.0 285 0.49 0.22 0.21 0.19 0.15 0.23 -1 -1 -1 -1 -1
Evo 849.58 -1000000.17 0.62 -3496.24 0.23 0.23 0.23 59131.27 3496.51 0.03 0.07 0.09 -1 -1
Result 0 0.0 285 0.44 0.21 0.20 0.22 0.20 0.17 -1 -1 -1 -1 -1
Evo 828.09 -1000000.24 0.62 -3496.23 0.23 0.23 0.23 59131.27 3496.51 0.03 0.06 0.08 -1 -1
Result 0 0.0 285 0.44 0.20 0.24 0.22 0.16 0.18 -1 -1 -1 -1 -1
Evo 873.33 -999999.83 0.62 -3496.24 0.23 0.23 0.23 59131.24 3496.50 0.03 0.09 0.13 -1 -1
Result 0 0.0 285 0.49 0.18 0.24 0.16 0.17 0.24 -1 -1 -1 -1 -1
Evo 839.14 -999999.35 0.62 -3496.23 0.23 0.23 0.23 59131.22 3496.50 0.03 0.13 0.16 -1 -1
Result 0 0.0 285 0.45 0.17 0.19 0.23 0.23 0.18 -1 -1 -1 -1 -1
Evo 798.25 -999999.75 0.62 -3496.22 0.23 0.23 0.23 59131.24 3496.50 0.03 0.07 0.09 -1 -1
Result 0 0.0 285 0.46 0.16 0.21 0.24 0.20 0.19 -1 -1 -1 -1 -1
Evo 871.61 -999999.37 0.62 -1956.68 0.23 0.23 0.23 44237.38 1956.95 0.02 0.17 0.21 -1 -1
Result 0 0.0 510 0.47 0.22 0.22 0.17 0.18 0.21 -1 -1 -1 -1 -1
Evo 540.73 -1000000.05 0.62 -16393.10 0.23 0.28 0.43 128036.93 16393.45 0.10 0.04 0.08 -1 -1
Result 0 0.0 60 0.43 0.25 0.23 0.16 0.20 0.16 -1 -1 -1 -1 -1
Evo 822.45 -999999.71 0.62 -3496.24 0.23 0.23 0.23 59131.24 3496.50 0.03 0.09 0.12 -1 -1
Result 0 0.0 285 0.46 0.21 0.19 0.21 0.19 0.20 -1 -1 -1 -1 -1
Evo 821.29 -999999.86 0.62 -3496.23 0.23 0.23 0.23 59131.25 3496.50 0.03 0.10 0.11 -1 -1
Result 0 0.0 285 0.46 0.21 0.20 0.19 0.21 0.19 -1 -1 -1 -1 -1
Evo 861.34 -999999.34 0.62 -3496.24 0.23 0.23 0.23 59131.22 3496.50 0.03 0.08 0.09 -1 -1
Result 0 0.0 285 0.48 0.24 0.19 0.17 0.20 0.21 -1 -1 -1 -1 -1
Evo 834.56 -999999.68 0.62 -3496.24 0.23 0.23 0.23 59131.24 3496.50 0.03 0.07 0.08 -1 -1
Result 0 0.0 285 0.46 0.23 0.21 0.20 0.17 0.19 -1 -1 -1 -1 -1
Evo 901.19 -999999.99 0.62 -3496.25 0.23 0.23 0.23 59131.25 3496.50 0.03 0.05 0.07 -1 -1
Result 0 0.0 285 0.48 0.23 0.14 0.21 0.19 0.22 -1 -1 -1 -1 -1
Evo 734.32 -999999.71 0.61 -3496.21 0.23 0.23 0.37 59131.24 3496.50 0.03 0.07 0.11 -1 -1
Result 0 0.0 285 0.42 0.20 0.24 0.23 0.18 0.16 -1 -1 -1 -1 -1
Evo 264.92 -999999.72 0.62 -16393.02 0.28 0.40 0.55 128036.90 16393.45 0.10 0.05 0.09 -1 -1
Result 0 0.0 60 0.46 0.18 0.25 0.15 0.23 0.20 -1 -1 -1 -1 -1
Evo 849.52 -999999.47 0.62 -3496.24 0.23 0.23 0.23 59131.22 3496.50 0.03 0.08 0.09 -1 -1
Result 0 0.0 285 0.48 0.19 0.23 0.17 0.19 0.22 -1 -1 -1 -1 -1
Evo 830.62 -999999.74 0.62 -3496.24 0.23 0.23 0.23 59131.24 3496.50 0.03 0.07 0.12 -1 -1
Result 0 0.0 285 0.46 0.24 0.16 0.19 0.21 0.19 -1 -1 -1 -1 -1
Evo 827.79 -999999.40 0.61 -3496.23 0.23 0.23 0.23 59131.22 3496.50 0.03 0.11 0.13 -1 -1
Result 0 0.0 285 0.45 0.22 0.17 0.21 0.21 0.19 -1 -1 -1 -1 -1
Evo 824.97 -999999.76 0.62 -3496.23 0.23 0.23 0.23 59131.24 3496.50 0.03 0.10 0.15 -1 -1
Result 0 0.0 285 0.48 0.22 0.22 0.20 0.15 0.22 -1 -1 -1 -1 -1
Evo 867.92 -999999.83 0.62 -1956.69 0.23 0.23 0.23 44237.40 1956.95 0.02 0.16 0.19 -1 -1
Result 0 0.0 510 0.46 0.22 0.20 0.18 0.21 0.19 -1 -1 -1 -1 -1
Evo 811.32 -999999.58 0.62 -3496.23 0.23 0.23 0.23 59131.23 3496.50 0.03 0.11 0.15 -1 -1
Result 0 0.0 285 0.45 0.18 0.22 0.21 0.20 0.19 -1 -1 -1 -1 -1
Evo 832.83 -1000000.23 0.62 -3496.24 0.23 0.23 0.23 59131.27 3496.51 0.03 0.06 0.08 -1 -1
Result 0 0.0 285 0.44 0.20 0.23 0.22 0.18 0.17 -1 -1 -1 -1 -1
Evo 797.48 -999999.46 0.62 -3496.23 0.23 0.23 0.28 59131.22 3496.50 0.03 0.12 0.14 -1 -1
Result 0 0.0 285 0.49 0.19 0.17 0.21 0.20 0.23 -1 -1 -1 -1 -1
Evo 288.05 -999078.09 0.61 -30016.19 0.33 0.33 0.48 165091.37 21137.78 0.10 0.03 0.07 -1 -1
Result 0 0.0 60 0.46 0.16 0.36 0.10 0.18 0.20 -1 -1 -1 -1 -1
Evo 963.72 -1000000.21 0.61 -842.93 0.23 0.23 0.23 29037.41 843.17 0.01 0.20 0.24 -1 -1
Result 0 40.0 1185 0.48 0.18 0.19 0.19 0.22 0.22 -1 -1 -1 -1 -1
Evo 307.92 -999077.03 0.62 -30016.19 0.28 0.33 0.41 165091.27 21137.77 0.10 0.04 0.08 -1 -1
Result 0 0.0 60 0.52 0.15 0.18 0.18 0.20 0.30 -1 -1 -1 -1 -1
Evo 851.39 -999999.80 0.61 -3496.24 0.23 0.23 0.23 59131.24 3496.50 0.03 0.09 0.12 -1 -1
Result 0 0.0 285 0.48 0.22 0.19 0.21 0.15 0.22 -1 -1 -1 -1 -1
Evo 872.06 -999999.65 0.62 -3496.24 0.23 0.23 0.23 59131.23 3496.50 0.03 0.05 0.08 -1 -1
Result 0 0.0 285 0.47 0.21 0.19 0.22 0.17 0.21 -1 -1 -1 -1 -1
Evo 846.59 -1000000.21 0.61 -3496.24 0.23 0.23 0.23 59131.27 3496.51 0.03 0.08 0.11 -1 -1
Result 0 0.0 285 0.47 0.19 0.21 0.19 0.21 0.20 -1 -1 -1 -1 -1
Evo 885.91 -1000000.25 0.62 -3496.25 0.23 0.23 0.23 59131.27 3496.51 0.03 0.11 0.15 -1 -1
Result 0 0.0 285 0.43 0.19 0.23 0.21 0.21 0.16 -1 -1 -1 -1 -1
Evo 829.46 -1000000.06 0.62 -3496.24 0.23 0.23 0.23 59131.26 3496.50 0.03 0.11 0.15 -1 -1
Result 0 0.0 285 0.44 0.25 0.16 0.21 0.21 0.17 -1 -1 -1 -1 -1
Evo 877.75 -999999.38 0.62 -3496.24 0.23 0.23 0.23 59131.22 3496.50 0.03 0.07 0.09 -1 -1
Result 0 0.0 285 0.48 0.23 0.18 0.21 0.15 0.22 -1 -1 -1 -1 -1
Evo 896.54 -999999.79 0.62 -3496.25 0.23 0.23 0.23 59131.24 3496.50 0.03 0.05 0.07 -1 -1
Result 0 0.0 285 0.48 0.21 0.19 0.21 0.18 0.21 -1 -1 -1 -1 -1
Evo 314.65 -999999.56 0.62 -16393.05 0.28 0.33 0.50 128036.87 16393.44 0.10 0.05 0.08 -1 -1
Result 0 0.0 60 0.53 0.16 0.26 0.10 0.13 0.34 -1 -1 -1 -1 -1
Evo 857.86 -1000000.14 0.62 -3496.25 0.23 0.23 0.23 59131.26 3496.50 0.03 0.09 0.11 -1 -1
Result 0 0.0 285 0.47 0.22 0.20 0.18 0.19 0.21 -1 -1 -1 -1 -1
Evo 885.36 -999999.35 0.62 -3496.25 0.23 0.23 0.23 59131.22 3496.50 0.03 0.08 0.10 -1 -1
Result 0 0.0 285 0.42 0.21 0.21 0.20 0.22 0.16 -1 -1 -1 -1 -1
Evo 751.61 -999999.66 0.62 -4907.36 0.23 0.23 0.33 62866.95 3717.40 0.03 0.11 0.15 -1 -1
Result 0 0.0 285 0.49 0.16 0.16 0.23 0.22 0.23 -1 -1 -1 -1 -1
Evo 777.94 -999999.37 0.62 -3496.23 0.23 0.23 0.28 59131.22 3496.50 0.03 0.05 0.07 -1 -1
Result 0 0.0 285 0.44 0.22 0.19 0.18 0.23 0.18 -1 -1 -1 -1 -1
Evo 876.31 -1000000.08 0.62 -3496.25 0.23 0.23 0.23 59131.26 3496.50 0.03 0.13 0.17 -1 -1
Result 0 0.0 285 0.44 0.21 0.21 0.20 0.21 0.17 -1 -1 -1 -1 -1
Evo 777.59 -999999.34 0.62 -3496.23 0.23 0.23 0.28 59131.22 3496.50 0.03 0.06 0.07 -1 -1
Result 0 0.0 285 0.46 0.22 0.20 0.14 0.24 0.20 -1 -1 -1 -1 -1
Evo 195.82 -998706.64 0.61 -45528.05 0.37 0.40 0.45 202798.07 25965.63 0.10 0.05 0.07 -1 -1
Result 0 0.0 60 0.50 0.18 0.10 0.21 0.26 0.25 -1 -1 -1 -1 -1
Evo 880.92 -1000000.26 0.62 -3496.25 0.23 0.23 0.23 59131.27 3496.51 0.03 0.03 0.04 -1 -1
Result 0 0.0 285 0.49 0.22 0.20 0.15 0.20 0.23 -1 -1 -1 -1 -1
Evo 895.78 -999999.92 0.62 -3496.25 0.23 0.23 0.23 59131.25 3496.50 0.03 0.05 0.06 -1 -1
Result 0 0.0 285 0.49 0.21 0.18 0.19 0.19 0.23 -1 -1 -1 -1 -1
Evo 775.53 -1000000.12 0.62 -3496.23 0.23 0.23 0.28 59131.26 3496.50 0.03 0.04 0.05 -1 -1
Result 0 0.0 285 0.46 0.16 0.21 0.20 0.23 0.20 -1 -1 -1 -1 -1
Evo 886.80 -999999.83 0.61 -3496.25 0.23 0.23 0.23 59131.24 3496.50 0.03 0.09 0.10 -1 -1
Result 0 0.0 285 0.49 0.18 0.19 0.19 0.20 0.24 -1 -1 -1 -1 -1
Evo 852.06 -999999.29 0.62 -3496.24 0.23 0.23 0.23 59131.21 3496.50 0.03 0.03 0.04 -1 -1
Result 0 0.0 285 0.47 0.19 0.22 0.20 0.20 0.20 -1 -1 -1 -1 -1
Evo 817.53 -999999.35 0.62 -3496.23 0.23 0.23 0.23 59131.22 3496.50 0.03 0.04 0.05 -1 -1
Result 0 0.0 285 0.49 0.19 0.22 0.20 0.16 0.24 -1 -1 -1 -1 -1
Evo 863.86 -999999.38 0.62 -3496.24 0.23 0.23 0.23 59131.22 3496.50 0.03 0.12 0.13 -1 -1
Result 0 0.0 285 0.46 0.19 0.18 0.22 0.22 0.19 -1 -1 -1 -1 -1
Evo 836.69 -999999.45 0.62 -3496.24 0.23 0.23 0.23 59131.22 3496.50 0.03 0.05 0.06 -1 -1
Result 0 0.0 285 0.46 0.21 0.20 0.20 0.20 0.20 -1 -1 -1 -1 -1
Evo 779.28 -999999.47 0.62 -3496.23 0.23 0.23 0.28 59131.22 3496.50 0.03 0.05 0.06 -1 -1
Result 0 0.0 285 0.48 0.18 0.19 0.21 0.20 0.22 -1 -1 -1 -1 -1
Evo 812.96 -1000000.07 0.62 -3496.23 0.23 0.23 0.23 59131.26 3496.50 0.03 0.04 0.06 -1 -1
Result 0 0.0 285 0.42 0.19 0.24 0.19 0.22 0.16 -1 -1 -1 -1 -1
Evo 907.13 -999999.43 0.62 -3496.25 0.23 0.23 0.23 59131.22 3496.50 0.03 0.16 0.17 -1 -1
Result 0 0.0 285 0.48 0.18 0.18 0.19 0.23 0.21 -1 -1 -1 -1 -1
Evo 214.47 -999077.11 0.61 -30016.14 0.37 0.42 0.51 165091.29 21137.77 0.10 0.03 0.04 -1 -1
Result 0 0.0 60 0.41 0.20 0.16 0.23 0.26 0.15 -1 -1 -1 -1 -1
Evo 855.48 -999999.29 0.62 -3496.24 0.23 0.23 0.23 59131.21 3496.50 0.03 0.09 0.11 -1 -1
Result 0 0.0 285 0.49 0.26 0.16 0.19 0.17 0.23 -1 -1 -1 -1 -1
Evo 879.21 -999999.80 0.62 -3496.25 0.23 0.23 0.23 59131.24 3496.50 0.03 0.10 0.12 -1 -1
Result 0 0.0 285 0.45 0.20 0.18 0.23 0.20 0.19 -1 -1 -1 -1 -1
Evo 868.51 -999999.76 0.61 -3496.24 0.23 0.23 0.23 59131.24 3496.50 0.03 0.03 0.04 -1 -1
Result 0 0.0 285 0.44 0.19 0.23 0.22 0.18 0.18 -1 -1 -1 -1 -1
Evo 806.74 -1000000.19 0.62 -3496.23 0.23 0.23 0.23 59131.27 3496.51 0.03 0.13 0.14 -1 -1
Result 0 0.0 285 0.46 0.21 0.15 0.26 0.19 0.19 -1 -1 -1 -1 -1
Evo 842.32 -999999.30 0.62 -3496.23 0.23 0.23 0.23 59131.21 3496.50 0.03 0.04 0.04 -1 -1
Result 0 0.0 285 0.46 0.22 0.18 0.23 0.17 0.20 -1 -1 -1 -1 -1
Evo 878.28 -1000000.15 0.62 -3496.25 0.23 0.23 0.23 59131.26 3496.50 0.03 0.05 0.06 -1 -1
Result 0 0.0 285 0.46 0.25 0.19 0.18 0.19 0.20 -1 -1 -1 -1 -1
