Evo 947.83 0.12 0.96 0.26 0.25 0.25 0.25 0.06 0.00 0.01 0.33 0.40 -1 -1
Result 0 -10.0 1291 0.44 0.16 0.17 0.17 0.16 0.16 0.17 -1 -1 -1 -1
Evo 944.58 0.16 0.90 0.26 0.25 0.25 0.25 0.06 0.00 0.01 0.37 0.45 -1 -1
Result 0 -5.0 1425 0.43 0.18 0.16 0.16 0.15 0.17 0.18 -1 -1 -1 -1
Evo 919.75 -999999.64 0.90 -924.80 0.25 0.25 0.25 30414.95 925.07 0.01 0.32 0.36 -1 -1
Result 0 -11.0 1080 0.43 0.16 0.17 0.17 0.17 0.16 0.17 -1 -1 -1 -1
Evo 948.76 0.23 0.90 0.26 0.25 0.25 0.25 0.05 0.00 0.01 0.37 0.42 -1 -1
Result 0 -9.0 1135 0.43 0.16 0.18 0.17 0.16 0.17 0.16 -1 -1 -1 -1
Evo 945.41 0.16 0.90 0.26 0.25 0.25 0.25 0.05 0.00 0.01 0.33 0.40 -1 -1
Result 0 -3.0 1343 0.43 0.17 0.18 0.16 0.16 0.17 0.16 -1 -1 -1 -1
Evo 956.69 0.16 0.72 0.26 0.25 0.25 0.25 0.04 0.00 0.01 0.40 0.46 -1 -1
Result 0 -6.0 1343 0.43 0.18 0.18 0.17 0.15 0.17 0.16 -1 -1 -1 -1
Evo 934.22 -1000000.10 1.60 -863.29 0.25 0.25 0.25 29386.37 863.56 0.01 0.33 0.40 -1 -1
Result 0 -10.0 1157 0.43 0.17 0.19 0.16 0.16 0.16 0.16 -1 -1 -1 -1
Evo 969.91 -999999.40 0.90 -643.66 0.25 0.25 0.25 25375.47 643.91 0.01 0.42 0.47 -1 -1
Result 0 -2.0 1552 0.42 0.16 0.18 0.15 0.17 0.18 0.16 -1 -1 -1 -1
Evo 925.49 -999999.91 0.90 -871.58 0.25 0.25 0.25 29526.93 871.84 0.01 0.28 0.33 -1 -1
Result 0 -14.0 1146 0.42 0.15 0.17 0.16 0.16 0.17 0.19 -1 -1 -1 -1
Evo 925.82 0.12 0.90 0.26 0.25 0.25 0.25 0.06 0.00 0.01 0.30 0.33 -1 -1
Result 0 -14.0 1005 0.44 0.16 0.17 0.18 0.16 0.16 0.17 -1 -1 -1 -1
Evo 964.23 0.12 0.90 0.25 0.25 0.25 0.25 0.04 0.00 0.01 0.38 0.42 -1 -1
Result 0 -7.0 1361 0.43 0.16 0.18 0.16 0.16 0.16 0.17 -1 -1 -1 -1
Evo 954.88 -999999.68 0.96 -704.47 0.25 0.25 0.25 26546.59 704.72 0.01 0.38 0.47 -1 -1
Result 0 -7.0 1418 0.43 0.16 0.16 0.17 0.15 0.18 0.18 -1 -1 -1 -1
Evo 956.87 -999999.95 0.90 -584.88 0.25 0.25 0.25 24189.62 585.14 0.01 0.34 0.38 -1 -1
Result 0 -1.0 1708 0.43 0.16 0.17 0.16 0.17 0.17 0.17 -1 -1 -1 -1
Evo 951.56 0.16 0.85 0.26 0.25 0.25 0.25 0.05 0.00 0.01 0.19 0.22 -1 -1
Result 0 -4.0 1245 0.43 0.18 0.15 0.17 0.17 0.16 0.17 -1 -1 -1 -1
Evo 932.49 -1000000.22 0.90 -1010.86 0.25 0.25 0.25 31798.17 1011.12 0.01 0.30 0.42 -1 -1
Result 0 -14.0 988 0.42 0.17 0.15 0.16 0.17 0.18 0.18 -1 -1 -1 -1
Evo 942.10 0.16 0.90 0.26 0.25 0.25 0.25 0.06 0.00 0.01 0.32 0.38 -1 -1
Result 0 -12.0 1039 0.44 0.15 0.18 0.17 0.16 0.17 0.17 -1 -1 -1 -1
Evo 946.89 -1000000.14 0.65 -912.99 0.25 0.25 0.25 30219.91 913.24 0.01 0.28 0.31 -1 -1
Result 0 -12.0 1094 0.44 0.17 0.18 0.18 0.17 0.15 0.15 -1 -1 -1 -1
Evo 938.32 -999999.75 0.85 -1090.25 0.25 0.25 0.25 33022.91 1090.51 0.01 0.21 0.24 -1 -1
Result 0 -14.0 916 0.44 0.16 0.18 0.18 0.15 0.15 0.18 -1 -1 -1 -1
Evo 939.95 0.16 0.90 0.26 0.25 0.25 0.25 0.07 0.00 0.01 0.35 0.45 -1 -1
Result 0 -14.0 985 0.44 0.16 0.14 0.18 0.15 0.19 0.19 -1 -1 -1 -1
Evo 947.34 0.16 0.90 0.26 0.25 0.25 0.25 0.06 0.00 0.01 0.25 0.27 -1 -1
Result 0 -12.0 875 0.42 0.18 0.18 0.16 0.18 0.14 0.17 -1 -1 -1 -1
Evo 921.14 -1000000.17 0.65 -1008.82 0.25 0.25 0.25 31766.06 1009.08 0.01 0.18 0.22 -1 -1
Result 0 -18.0 990 0.45 0.17 0.18 0.18 0.14 0.16 0.17 -1 -1 -1 -1
Evo 943.83 -999999.92 0.90 -637.90 0.25 0.25 0.25 25261.87 638.16 0.01 0.30 0.34 -1 -1
Result 0 -3.0 1566 0.43 0.17 0.16 0.16 0.17 0.17 0.16 -1 -1 -1 -1
Evo 956.97 -153845.75 0.96 -218.04 0.25 0.25 0.25 4979.60 145.70 0.01 0.41 0.47 -1 -1
Result 0 -11.0 1167 0.42 0.18 0.17 0.15 0.16 0.16 0.17 -1 -1 -1 -1
Evo 956.08 -55555.10 0.90 -292.04 0.25 0.25 0.25 3420.20 105.75 0.01 0.37 0.47 -1 -1
Result 0 -12.0 1045 0.40 0.19 0.17 0.14 0.18 0.15 0.16 -1 -1 -1 -1
Evo 957.85 -999999.77 0.72 -931.71 0.25 0.25 0.25 30528.13 931.97 0.01 0.35 0.39 -1 -1
Result 0 -13.0 1072 0.43 0.14 0.17 0.17 0.16 0.17 0.19 -1 -1 -1 -1
Evo 939.34 -999999.83 0.65 -802.95 0.25 0.25 0.25 28341.01 803.21 0.01 0.36 0.45 -1 -1
Result 0 -12.0 1244 0.43 0.16 0.17 0.16 0.19 0.16 0.16 -1 -1 -1 -1
Evo 940.38 -999999.41 0.65 -866.88 0.25 0.25 0.25 28182.88 791.14 0.01 0.29 0.31 -1 -1
Result 0 -7.0 1268 0.43 0.17 0.16 0.17 0.17 0.16 0.17 -1 -1 -1 -1
Evo 902.49 0.16 0.90 0.27 0.25 0.25 0.25 0.06 0.00 0.01 0.30 0.35 -1 -1
Result 0 -11.0 981 0.43 0.18 0.16 0.17 0.18 0.18 0.15 -1 -1 -1 -1
Evo 952.39 -999999.87 1.05 -890.57 0.25 0.25 0.25 29558.10 873.52 0.01 0.34 0.40 -1 -1
Result 0 -17.0 1144 0.43 0.17 0.18 0.17 0.14 0.18 0.17 -1 -1 -1 -1
Evo 933.03 -999999.31 0.90 -1697.18 0.25 0.25 0.25 32527.33 1039.58 0.01 0.32 0.37 -1 -1
Result 0 -15.0 978 0.44 0.15 0.17 0.17 0.16 0.17 0.17 -1 -1 -1 -1
Evo 940.92 -999999.51 0.96 -956.15 0.25 0.25 0.25 30675.16 940.85 0.01 0.22 0.25 -1 -1
Result 0 -17.0 1062 0.44 0.16 0.15 0.18 0.18 0.16 0.17 -1 -1 -1 -1
Evo 943.33 -44775.74 0.97 -100.73 0.25 0.25 0.25 1985.09 62.59 0.01 0.17 0.19 -1 -1
Result 0 -16.0 1005 0.45 0.17 0.16 0.19 0.17 0.15 0.17 -1 -1 -1 -1
Evo 950.24 -999999.88 0.65 -824.14 0.25 0.25 0.25 28712.41 824.40 0.01 0.37 0.40 -1 -1
Result 0 -13.0 1212 0.44 0.17 0.16 0.18 0.17 0.17 0.16 -1 -1 -1 -1
Evo 921.06 -999999.46 0.90 -1006.79 0.25 0.25 0.25 31734.03 1007.05 0.01 0.28 0.31 -1 -1
Result 0 -17.0 992 0.45 0.17 0.16 0.18 0.16 0.17 0.16 -1 -1 -1 -1
Evo 945.36 0.16 0.90 0.26 0.25 0.25 0.25 0.06 0.00 0.01 0.38 0.48 -1 -1
Result 0 -18.0 955 0.42 0.16 0.17 0.16 0.15 0.18 0.17 -1 -1 -1 -1
Evo 930.95 -1000000.00 0.67 -994.76 0.25 0.25 0.25 31544.02 995.03 0.01 0.28 0.42 -1 -1
Result 0 -14.0 1004 0.41 0.18 0.16 0.15 0.16 0.18 0.17 -1 -1 -1 -1
Evo 942.39 -999999.87 0.85 -809.92 0.25 0.25 0.25 28253.30 798.17 0.01 0.29 0.34 -1 -1
Result 0 -10.0 1252 0.42 0.15 0.20 0.15 0.18 0.15 0.17 -1 -1 -1 -1
Evo 921.30 -148648.32 0.90 -244.45 0.25 0.25 0.25 5225.77 172.10 0.01 0.17 0.20 -1 -1
Result 0 -16.0 921 0.46 0.18 0.16 0.20 0.14 0.16 0.16 -1 -1 -1 -1
Evo 952.32 -999999.81 0.96 -1033.87 0.25 0.25 0.25 32157.83 1034.13 0.01 0.14 0.17 -1 -1
Result 0 -15.0 966 0.46 0.16 0.17 0.20 0.15 0.16 0.15 -1 -1 -1 -1
Evo 952.80 -1000000.03 0.65 -919.71 0.25 0.25 0.25 30330.90 919.96 0.01 0.15 0.18 -1 -1
Result 0 -14.0 1086 0.44 0.17 0.18 0.17 0.18 0.13 0.16 -1 -1 -1 -1
Evo 962.14 -27026.60 0.90 -28.20 0.25 0.25 0.25 799.45 21.32 0.01 0.35 0.44 -1 -1
Result 0 -9.0 1405 0.44 0.16 0.16 0.17 0.16 0.18 0.17 -1 -1 -1 -1
Evo 955.28 0.16 0.90 0.26 0.25 0.25 0.25 0.05 0.00 0.01 0.35 0.38 -1 -1
Result 0 -7.0 1579 0.43 0.15 0.18 0.16 0.17 0.16 0.18 -1 -1 -1 -1
Evo 919.51 -999999.44 0.90 -1064.70 0.25 0.25 0.25 32633.76 1064.96 0.01 0.23 0.29 -1 -1
Result 0 -11.0 938 0.41 0.18 0.17 0.15 0.19 0.15 0.17 -1 -1 -1 -1
Evo 937.12 0.16 0.90 0.26 0.25 0.25 0.25 0.05 0.00 0.01 0.36 0.39 -1 -1
Result 0 -11.0 1049 0.44 0.16 0.16 0.18 0.18 0.15 0.18 -1 -1 -1 -1
Evo 960.50 0.23 0.73 0.26 0.25 0.25 0.25 0.04 0.00 0.01 0.45 0.50 -1 -1
Result 0 -11.0 1439 0.42 0.17 0.18 0.16 0.18 0.16 0.16 -1 -1 -1 -1
Evo 933.83 -1000000.12 0.65 -946.76 0.25 0.25 0.25 30343.20 920.34 0.01 0.19 0.24 -1 -1
Result 0 -17.0 1086 0.44 0.17 0.17 0.18 0.16 0.14 0.19 -1 -1 -1 -1
Evo 929.68 -1000000.04 0.90 -1099.85 0.25 0.25 0.25 33167.92 1100.11 0.01 0.19 0.23 -1 -1
Result 0 -17.0 908 0.44 0.16 0.18 0.17 0.15 0.16 0.18 -1 -1 -1 -1
Evo 956.26 -999999.31 0.90 -1033.87 0.25 0.25 0.25 32157.82 1034.13 0.01 0.23 0.30 -1 -1
Result 0 -14.0 966 0.42 0.18 0.17 0.16 0.17 0.16 0.16 -1 -1 -1 -1
Evo 955.63 -159999.71 0.90 -307.85 0.25 0.25 0.25 5922.92 184.91 0.01 0.28 0.31 -1 -1
Result 0 -13.0 1025 0.45 0.14 0.17 0.18 0.16 0.17 0.17 -1 -1 -1 -1
Evo 958.73 0.16 0.90 0.26 0.25 0.25 0.25 0.05 0.00 0.01 0.16 0.17 -1 -1
Result 0 -16.0 867 0.45 0.17 0.17 0.19 0.17 0.16 0.15 -1 -1 -1 -1
Evo 948.06 -999999.76 0.65 -903.09 0.25 0.25 0.25 30055.65 903.34 0.01 0.36 0.41 -1 -1
Result 0 -15.0 1106 0.42 0.17 0.17 0.16 0.16 0.17 0.17 -1 -1 -1 -1
Evo 928.94 -1000000.09 0.90 -1002.09 0.25 0.25 0.25 31422.46 987.27 0.01 0.37 0.41 -1 -1
Result 0 -10.0 1012 0.44 0.16 0.17 0.17 0.18 0.16 0.15 -1 -1 -1 -1
Evo 953.73 -999999.69 0.65 -919.71 0.25 0.25 0.25 30330.89 919.96 0.01 0.37 0.43 -1 -1
Result 0 -14.0 1086 0.43 0.19 0.16 0.17 0.16 0.18 0.14 -1 -1 -1 -1
Evo 906.74 0.16 0.96 0.27 0.25 0.25 0.25 0.07 0.00 0.01 0.25 0.30 -1 -1
Result 0 -13.0 1019 0.42 0.18 0.16 0.16 0.17 0.16 0.18 -1 -1 -1 -1
Evo 952.81 0.16 0.90 0.26 0.25 0.25 0.25 0.06 0.00 0.01 0.33 0.38 -1 -1
Result 0 -16.0 1041 0.43 0.17 0.18 0.17 0.17 0.16 0.15 -1 -1 -1 -1
Evo 948.00 -999999.84 0.90 -817.40 0.25 0.25 0.25 28594.78 817.66 0.01 0.47 0.50 -1 -1
Result 0 -12.0 1222 0.43 0.17 0.17 0.16 0.16 0.18 0.16 -1 -1 -1 -1
Evo 934.09 -999999.32 0.65 -1200.87 0.25 0.25 0.25 32603.55 1057.24 0.01 0.15 0.19 -1 -1
Result 0 -8.0 950 0.44 0.15 0.19 0.17 0.17 0.15 0.17 -1 -1 -1 -1
Evo 964.78 0.16 0.90 0.26 0.25 0.25 0.25 0.05 0.00 0.01 0.23 0.28 -1 -1
Result 0 -10.0 1045 0.42 0.16 0.19 0.16 0.18 0.16 0.15 -1 -1 -1 -1
Evo 956.19 -999999.49 0.65 -1012.30 0.25 0.25 0.25 30996.09 959.76 0.01 0.34 0.40 -1 -1
Result 0 -12.0 1042 0.43 0.17 0.17 0.16 0.15 0.16 0.18 -1 -1 -1 -1
Evo 915.54 0.16 0.95 0.26 0.25 0.25 0.25 0.06 0.00 0.01 0.22 0.31 -1 -1
Result 0 -13.0 1089 0.43 0.15 0.17 0.17 0.17 0.18 0.16 -1 -1 -1 -1
Evo 917.61 0.16 0.94 0.27 0.25 0.25 0.25 0.07 0.00 0.01 0.33 0.36 -1 -1
Result 0 -9.0 1123 0.44 0.16 0.17 0.17 0.16 0.17 0.17 -1 -1 -1 -1
Evo 944.07 -1000000.00 0.90 -796.55 0.25 0.25 0.25 28227.88 796.81 0.01 0.34 0.47 -1 -1
Result 0 -11.0 1254 0.40 0.17 0.16 0.14 0.17 0.18 0.18 -1 -1 -1 -1
Evo 950.02 -999999.71 0.65 -954.85 0.25 0.25 0.25 30904.85 955.11 0.01 0.34 0.39 -1 -1
Result 0 -11.0 1046 0.43 0.16 0.16 0.17 0.17 0.16 0.17 -1 -1 -1 -1
Evo 935.10 0.16 0.90 0.26 0.25 0.25 0.25 0.06 0.00 0.01 0.40 0.48 -1 -1
Result 0 -11.0 1149 0.42 0.18 0.17 0.16 0.17 0.18 0.14 -1 -1 -1 -1
Evo 945.54 0.16 0.90 0.26 0.25 0.25 0.25 0.07 0.00 0.01 0.35 0.44 -1 -1
Result 0 0.0 1741 0.42 0.17 0.17 0.16 0.16 0.17 0.17 -1 -1 -1 -1
Evo 944.09 -1000000.15 0.67 -919.70 0.25 0.25 0.25 30330.91 919.96 0.01 0.37 0.43 -1 -1
Result 0 -14.0 1086 0.43 0.16 0.16 0.17 0.16 0.17 0.18 -1 -1 -1 -1
Evo 942.30 -999999.72 0.65 -850.80 0.25 0.25 0.25 29173.00 851.06 0.01 0.26 0.28 -1 -1
Result 0 -11.0 1174 0.43 0.17 0.17 0.17 0.16 0.17 0.17 -1 -1 -1 -1
Evo 954.47 0.16 0.97 0.26 0.25 0.25 0.25 0.06 0.00 0.01 0.20 0.22 -1 -1
Result 0 -11.0 1069 0.43 0.15 0.16 0.17 0.19 0.16 0.17 -1 -1 -1 -1
Evo 953.62 0.16 0.90 0.26 0.25 0.25 0.25 0.05 0.00 0.01 0.36 0.40 -1 -1
Result 0 -14.0 1105 0.42 0.18 0.16 0.16 0.15 0.16 0.18 -1 -1 -1 -1
Evo 938.83 0.16 0.96 0.26 0.25 0.25 0.25 0.08 0.00 0.01 0.38 0.45 -1 -1
Result 0 -4.0 1673 0.45 0.16 0.17 0.18 0.15 0.17 0.17 -1 -1 -1 -1
Evo 926.49 0.16 0.90 0.27 0.25 0.25 0.25 0.07 0.00 0.01 0.32 0.40 -1 -1
Result 0 -16.0 885 0.42 0.16 0.18 0.16 0.17 0.17 0.16 -1 -1 -1 -1
Evo 948.61 -999999.52 0.65 -738.84 0.25 0.25 0.25 27186.36 739.10 0.01 0.41 0.48 -1 -1
Result 0 -3.0 1352 0.43 0.16 0.16 0.17 0.18 0.18 0.16 -1 -1 -1 -1
Evo 947.61 -1000000.13 0.65 -890.22 0.25 0.25 0.25 29840.79 890.47 0.01 0.35 0.39 -1 -1
Result 0 -8.0 1122 0.44 0.14 0.18 0.18 0.18 0.17 0.14 -1 -1 -1 -1
Evo 936.39 0.16 0.90 0.26 0.25 0.25 0.25 0.07 0.00 0.01 0.43 0.49 -1 -1
Result 0 -5.0 1405 0.41 0.15 0.18 0.15 0.19 0.18 0.15 -1 -1 -1 -1
Evo 934.28 -1000000.11 0.65 -965.92 0.25 0.25 0.25 31083.51 966.18 0.01 0.37 0.43 -1 -1
Result 0 -12.0 1034 0.44 0.16 0.18 0.18 0.14 0.18 0.16 -1 -1 -1 -1
Evo 946.83 -999999.83 0.90 -1008.82 0.25 0.25 0.25 31766.05 1009.08 0.01 0.27 0.30 -1 -1
Result 0 -14.0 990 0.42 0.18 0.19 0.16 0.17 0.17 0.14 -1 -1 -1 -1
Evo 959.98 -999999.76 0.65 -1153.15 0.25 0.25 0.25 33961.78 1153.40 0.01 0.34 0.38 -1 -1
Result 0 -17.0 866 0.42 0.16 0.17 0.16 0.18 0.16 0.18 -1 -1 -1 -1
Evo 940.56 -999999.46 0.69 -1019.11 0.25 0.25 0.25 31927.53 1019.37 0.01 0.34 0.41 -1 -1
Result 0 -13.0 980 0.43 0.17 0.17 0.16 0.15 0.18 0.18 -1 -1 -1 -1
Evo 929.15 0.16 0.90 0.26 0.25 0.25 0.25 0.05 0.00 0.01 0.40 0.47 -1 -1
Result 0 -13.0 1027 0.43 0.14 0.17 0.17 0.17 0.16 0.18 -1 -1 -1 -1
Evo 919.81 -999999.71 0.65 -1004.76 0.25 0.25 0.25 31702.13 1005.03 0.01 0.17 0.20 -1 -1
Result 0 -10.0 994 0.46 0.15 0.18 0.20 0.15 0.16 0.17 -1 -1 -1 -1
Evo 952.25 -999999.37 0.65 -1137.40 0.25 0.25 0.25 33729.15 1137.66 0.01 0.20 0.23 -1 -1
Result 0 -15.0 878 0.44 0.18 0.17 0.18 0.16 0.18 0.14 -1 -1 -1 -1
Evo 953.09 0.16 0.90 0.26 0.25 0.25 0.25 0.05 0.00 0.01 0.40 0.45 -1 -1
Result 0 -10.0 1187 0.42 0.17 0.16 0.15 0.18 0.16 0.18 -1 -1 -1 -1
Evo 948.09 0.16 0.96 0.26 0.25 0.25 0.25 0.06 0.00 0.01 0.30 0.38 -1 -1
Result 0 -11.0 1187 0.42 0.18 0.15 0.16 0.15 0.16 0.19 -1 -1 -1 -1
Evo 960.72 -999999.75 0.65 -764.86 0.25 0.25 0.25 27660.64 765.11 0.01 0.41 0.49 -1 -1
Result 0 -8.0 1306 0.42 0.17 0.19 0.16 0.16 0.17 0.15 -1 -1 -1 -1
Evo 930.73 -999999.67 0.90 -967.79 0.25 0.25 0.25 31113.57 968.05 0.01 0.33 0.39 -1 -1
Result 0 -13.0 1032 0.44 0.18 0.15 0.17 0.17 0.17 0.16 -1 -1 -1 -1
Evo 947.52 -999999.47 0.90 -805.54 0.25 0.25 0.25 28386.64 805.80 0.01 0.43 0.49 -1 -1
Result 0 -3.0 1240 0.42 0.18 0.17 0.16 0.17 0.16 0.15 -1 -1 -1 -1
Evo 954.20 -999999.54 0.65 -1036.01 0.25 0.25 0.25 32191.13 1036.27 0.01 0.30 0.34 -1 -1
Result 0 -12.0 964 0.42 0.17 0.16 0.16 0.18 0.17 0.17 -1 -1 -1 -1
Evo 945.34 0.12 0.90 0.26 0.25 0.25 0.25 0.06 0.00 0.01 0.21 0.24 -1 -1
Result 0 -14.0 903 0.44 0.16 0.17 0.17 0.16 0.16 0.18 -1 -1 -1 -1
Evo 924.68 -999999.66 0.65 -1163.88 0.25 0.25 0.25 34119.56 1164.14 0.01 0.15 0.18 -1 -1
Result 0 -14.0 858 0.44 0.16 0.16 0.17 0.15 0.15 0.20 -1 -1 -1 -1
Evo 954.66 -999999.76 0.90 -914.66 0.25 0.25 0.25 30247.53 914.91 0.01 0.20 0.23 -1 -1
Result 0 -10.0 1092 0.44 0.16 0.16 0.17 0.18 0.16 0.16 -1 -1 -1 -1
Evo 929.17 -999999.59 0.90 -1232.78 0.25 0.25 0.25 35114.74 1233.05 0.01 0.18 0.22 -1 -1
Result 0 -17.0 810 0.44 0.16 0.16 0.18 0.17 0.16 0.18 -1 -1 -1 -1
Evo 950.71 -999999.92 0.65 -861.07 0.25 0.25 0.25 29348.37 861.33 0.01 0.40 0.44 -1 -1
Result 0 -14.0 1160 0.43 0.16 0.17 0.17 0.15 0.17 0.19 -1 -1 -1 -1
Evo 909.70 -999999.77 0.96 -1127.13 0.25 0.25 0.25 33576.71 1127.40 0.01 0.15 0.17 -1 -1
Result 0 -18.0 886 0.44 0.19 0.17 0.17 0.15 0.14 0.18 -1 -1 -1 -1
Evo 921.45 -999999.39 0.90 -1036.01 0.25 0.25 0.25 32191.13 1036.27 0.01 0.28 0.32 -1 -1
Result 0 -10.0 964 0.44 0.15 0.17 0.17 0.19 0.17 0.16 -1 -1 -1 -1
Evo 949.20 0.16 0.90 0.26 0.25 0.25 0.25 0.06 0.00 0.01 0.38 0.47 -1 -1
Result 0 -13.0 1149 0.41 0.17 0.18 0.15 0.16 0.17 0.17 -1 -1 -1 -1
Evo 943.68 0.16 0.90 0.26 0.25 0.25 0.25 0.05 0.00 0.01 0.33 0.38 -1 -1
Result 0 -16.0 1047 0.44 0.18 0.17 0.18 0.15 0.18 0.15 -1 -1 -1 -1
Evo 946.63 -999999.71 0.90 -1166.60 0.25 0.25 0.25 34159.35 1166.86 0.01 0.34 0.41 -1 -1
Result 0 -17.0 856 0.42 0.15 0.17 0.16 0.16 0.17 0.18 -1 -1 -1 -1
Evo 938.77 -1000000.20 0.90 -1055.71 0.25 0.25 0.25 32495.65 1055.97 0.01 0.35 0.45 -1 -1
Result 0 -9.0 946 0.41 0.18 0.15 0.15 0.17 0.16 0.19 -1 -1 -1 -1
Evo 944.15 0.16 0.96 0.26 0.25 0.25 0.25 0.08 0.00 0.01 0.40 0.45 -1 -1
Result 0 -13.0 1137 0.43 0.17 0.16 0.17 0.15 0.18 0.18 -1 -1 -1 -1
Evo 952.32 -999999.35 0.96 -801.67 0.25 0.25 0.25 28318.26 801.92 0.01 0.38 0.46 -1 -1
Result 0 -9.0 1246 0.43 0.17 0.15 0.16 0.18 0.16 0.17 -1 -1 -1 -1
