Result 0 0.0 2000 423878184
Result 0 0.0 2000 1289098165
Result 0 0.0 2000 -551022691
Result 0 -1.0 693 -796389711
Result 0 0.0 2000 -510553978
Result 0 -1.0 2000 -107482978
Result 0 0.0 2000 -599775905
Result 1 5.0 1021 1071267902
Result 0 -1.0 234 743996803
Result 0 0.0 2000 1924183549
Result 1 5.0 772 -2041473570
Result 0 0.0 2000 185755032
Result 0 0.0 2000 814809736
Result 0 0.0 2000 -147334722
Result 0 -1.0 780 -2093582837
Result 0 -1.0 852 1668595852
Result 0 0.0 2000 -902334049
Result 0 0.0 2000 -1279880799
Result 0 -1.0 408 1104925259
Result 0 0.0 2000 1037205342
Result 0 -1.0 456 -793079015
Result 0 0.0 2000 -891365627
Result 1 5.0 1506 -833454368
Result 1 5.0 1888 1743754781
Result 0 0.0 2000 1535177511
Result 0 -1.0 1461 1922506776
Result 0 -1.0 363 2116587080
Result 0 0.0 2000 -2029165522
Result 0 0.0 2000 490873144
Result 0 -1.0 1830 274617361
Result 0 -1.0 537 -506892665
Result 0 -1.0 597 -865201607
Result 0 0.0 2000 1548226869
Result 0 0.0 2000 771137757
Result 0 0.0 2000 1399063372
Result 0 -1.0 1113 -2088356249
Result 0 0.0 2000 -727335652
Result 0 0.0 2000 -1706323128
Result 1 5.0 352 1109845512
Result 0 -1.0 1383 1474468937
Result 1 5.0 1942 401988573
Result 0 -1.0 1413 91770161
Result 0 -1.0 1347 1135899528
Result 0 -1.0 543 -1745129983
Result 0 -1.0 537 -1001930208
Result 1 5.0 857 1280760864
Result 0 0.0 2000 -328297641
Result 0 -1.0 1788 -1006492607
Result 0 -1.0 711 1616025011
Result 0 0.0 2000 533293258
Result 0 0.0 2000 381993114
Result 0 0.0 2000 -287742261
Result 0 -1.0 96 932992530
Result 0 -1.0 222 -1693144237
Result 0 -1.0 540 -369116986
Result 0 0.0 2000 1266882306
Result 0 0.0 2000 -2000591531
Result 0 0.0 2000 -1557492280
Result 0 0.0 2000 -2025727428
Result 0 0.0 2000 2082573585
Result 0 -1.0 1296 -952291674
Result 0 -1.0 282 -213476010
Result 0 -1.0 138 -2143849183
Result 0 0.0 2000 -537118505
Result 0 -1.0 126 1957484117
Result 0 -1.0 396 546106435
Result 0 -1.0 1116 307726330
Result 0 0.0 2000 -2066400203
Result 0 0.0 2000 395860274
Result 0 0.0 2000 1106610864
Result 0 -1.0 273 -1449277826
Result 0 0.0 2000 52434048
Result 0 -1.0 1878 2049041401
Result 0 0.0 2000 2005410884
Result 0 -1.0 771 -1337094995
Result 0 0.0 2000 501190954
Result 0 -1.0 603 -1891100375
Result 0 0.0 2000 1585493930
Result 0 -1.0 201 -68362304
Result 0 -1.0 804 -1345291017
Result 0 0.0 2000 1378951652
Result 0 0.0 2000 -48904936
Result 0 0.0 2000 2095175709
Result 0 0.0 2000 -802493151
Result 0 -1.0 1911 -1076906224
Result 0 0.0 2000 1998079099
Result 0 -1.0 540 224642679
Result 0 -1.0 1410 -1535122728
Result 0 -1.0 1218 898931670
Result 0 -1.0 1998 2064639694
Result 0 0.0 2000 -785632805
Result 0 -1.0 513 496105415
Result 0 -1.0 645 532222093
Result 0 0.0 2000 -754607752
Result 0 0.0 2000 -1408707592
Result 0 -1.0 810 927869025
Result 0 0.0 2000 -1481666526
Result 0 0.0 2000 1203115016
Result 0 0.0 2000 2041033303
Result 0 0.0 2000 628542132
