Result 1 70.0 470 978527976
Result 1 71.0 603 1874421923
Result 1 71.0 586 -1386944410
Result 1 80.0 540 -1836818140
Result 1 74.0 607 867099948
Result 1 70.0 535 -43020154
Result 1 66.0 603 -432893187
Result 1 77.0 535 -322682400
Result 1 71.0 582 1300055756
Result 1 77.0 814 624081360
Result 1 79.0 674 1275351452
Result 1 71.0 630 1644149124
Result 1 72.0 548 68642779
Result 1 81.0 643 -2056499223
Result 1 79.0 518 -246593934
Result 1 76.0 564 -1843684631
Result 1 80.0 629 -2045684241
Result 1 68.0 665 1784496160
Result 1 71.0 642 -266645203
Result 1 70.0 632 -322295957
Result 1 70.0 554 -1510057684
Result 1 68.0 482 1741464110
Result 1 79.0 479 914143791
Result 0 77.0 851 412899120
Result 1 63.0 730 -725068354
Result 1 67.0 464 -772599454
Result 0 3.0 56 1500277632
Result 1 78.0 440 -1543463949
Result 1 76.0 661 1429660761
Result 1 60.0 708 -577312403
Result 1 77.0 590 -117732011
Result 1 71.0 452 1304107980
Result 1 71.0 572 -1135361875
Result 1 71.0 587 -2014524445
Result 1 65.0 482 -1150877233
Result 1 75.0 678 -866823235
Result 1 79.0 441 623695491
Result 1 80.0 473 -628450376
Result 1 74.0 447 975174770
Result 1 81.0 774 1184829841
Result 1 78.0 620 1230913828
Result 1 73.0 606 -1198911789
Result 1 82.0 672 470625329
Result 1 77.0 506 1935892047
Result 1 63.0 522 1314402626
Result 1 71.0 524 -817409479
Result 1 70.0 511 232128677
Result 1 76.0 651 -1811473143
Result 1 75.0 563 -357397452
Result 1 74.0 503 -1764537178
Result 1 75.0 711 919533622
Result 1 79.0 548 -9024830
Result 1 68.0 631 314190559
Result 1 65.0 502 58183463
Result 1 68.0 587 1905825278
Result 1 81.0 552 -1904734244
Result 1 67.0 630 -1903897660
Result 1 65.0 539 762081483
Result 1 76.0 570 298477136
Result 1 69.0 691 602388342
Result 1 40.0 432 1817280606
Result 1 40.0 409 -2071254892
Result 1 40.0 344 -1840070331
Result 1 40.0 478 1969950090
Result 1 40.0 386 -1830114494
Result 1 40.0 566 1615164305
Result 1 40.0 494 1083136211
Result 1 40.0 465 459873212
Result 1 40.0 535 1551363966
Result 1 40.0 380 -1795582909
Result 1 40.0 404 1134768766
Result 1 40.0 506 630184854
Result 1 40.0 453 -783539789
Result 1 40.0 409 1229188483
Result 1 40.0 508 905235757
Result 1 40.0 391 873067466
Result 1 40.0 534 -1116503325
Result 1 46.0 530 -1922156600
Result 1 43.0 518 1147394532
Result 1 40.0 435 -1849633052
Result 1 69.0 436 786133096
Result 1 64.0 491 -1658680192
Result 1 63.0 527 1518836178
Result 0 55.0 920 -198233206
Result 1 69.0 447 -893726926
Result 1 67.0 457 277316600
Result 1 66.0 444 1038145192
Result 1 68.0 460 1938242288
Result 1 69.0 455 1069812667
Result 1 66.0 467 -1765248241
Result 1 68.0 482 -239842324
Result 1 56.0 473 -46491824
Result 1 70.0 455 420101086
Result 1 62.0 599 1104600990
Result 1 69.0 416 -1684093510
Result 1 68.0 597 2106963643
Result 1 70.0 470 378547358
Result 1 66.0 456 1821430821
Result 1 67.0 481 -1993541179
Result 1 66.0 678 1880962390
