Result 1 5.0 23 656306536
Result 0 0.0 2000 1818487018
Result 0 0.0 2000 -1319792557
Result 0 0.0 2000 -1282158467
Result 1 5.0 16 1159942889
Result 0 0.0 2000 316326769
Result 0 0.0 2000 1464912833
Result 1 5.0 35 1837351779
Result 0 0.0 2000 1703032103
Result 0 0.0 2000 1215536071
Result 1 5.0 45 -1557611425
Result 1 5.0 21 -1144748590
Result 1 5.0 19 -351498238
Result 0 0.0 2000 -1112786901
Result 0 0.0 2000 433117148
Result 0 0.0 2000 297128606
Result 1 5.0 26 -1972428580
Result 0 0.0 2000 1554173990
Result 1 5.0 64 -152880088
Result 0 0.0 2000 97273455
Result 0 0.0 2000 1881001678
Result 0 0.0 2000 -1084392625
Result 0 0.0 2000 932081030
Result 0 0.0 2000 1085686019
Result 0 0.0 2000 -1733008043
Result 0 0.0 2000 7404091
Result 0 1.0 2000 -1584185427
Result 0 0.0 2000 -1270029991
Result 0 0.0 2000 1179877446
Result 0 0.0 2000 -1261384663
Result 0 0.0 2000 1002186634
Result 0 1.0 1991 1943412507
Result 0 0.0 2000 -1127024156
Result 0 0.0 2000 1434218532
Result 0 0.0 2000 1343184262
Result 0 0.0 2000 1693463589
Result 0 1.0 2000 550547033
Result 1 7.0 260 1325547041
Result 0 1.0 2000 -1007781719
Result 0 0.0 2000 884219971
Result 0 1.0 2000 -693487330
Result 0 1.0 2000 -1882805732
Result 0 1.0 2000 1252115184
Result 0 1.0 2000 793084814
Result 0 1.0 2000 315051097
Result 0 1.0 2000 -1567197435
Result 0 1.0 2000 1406587559
Result 0 2.0 2000 211437697
Result 0 1.0 2000 -152051259
Result 0 1.0 2000 -561762752
Result 0 1.0 2000 -1992836722
Result 0 1.0 2000 427728104
Result 0 1.0 2000 -1734040538
Result 0 2.0 2000 1478420446
Result 0 2.0 2000 -1492832409
Result 0 2.0 2000 845871440
Result 0 1.0 2000 -571201918
Result 0 1.0 2000 326067267
Result 0 1.0 2000 1731474406
Result 0 1.0 2000 1695671535
Result 0 2.0 16 -1360619034
Result 0 25.0 2000 -443398957
Result 0 26.0 2000 1878759028
Result 0 2.0 27 1310840087
Result 0 2.0 19 -190528825
Result 0 4.0 2000 1158329547
Result 0 23.0 2000 1744623961
Result 0 23.0 2000 -383112923
Result 0 24.0 2000 1007859025
Result 0 22.0 2000 -2140073799
Result 0 22.0 2000 -592593313
Result 0 2.0 19 -443761620
Result 0 2.0 15 1254779371
Result 0 24.0 2000 -1379342132
Result 0 24.0 2000 2090810554
Result 0 23.0 2000 -1344647703
Result 0 19.0 2000 1157475236
Result 0 23.0 2000 248340690
Result 0 24.0 2000 110957742
Result 0 2.0 32 -754866224
Result 0 6.0 2000 322109364
Result 0 6.0 2000 398842296
Result 0 3.0 58 618565567
Result 0 6.0 2000 225514067
Result 0 6.0 2000 -1156567655
Result 0 5.0 2000 -737816217
Result 0 4.0 2000 917203264
Result 0 5.0 2000 -1512934236
Result 0 2.0 16 423383410
Result 0 4.0 2000 1706297937
Result 0 6.0 2000 -181380594
Result 0 6.0 2000 -1024507172
Result 0 5.0 2000 -2061033938
Result 0 5.0 2000 -2041088171
Result 0 2.0 18 -335114802
Result 0 5.0 2000 1072266618
Result 0 5.0 2000 1025251044
Result 0 6.0 1995 1358468468
Result 1 12.0 136 771630053
Result 0 5.0 2000 1899126893
