Result 1 5.0 110 -198146262
Result 1 5.0 128 -1487684630
Result 1 5.0 110 -1329074331
Result 1 5.0 110 -643416378
Result 0 -1.0 209 -42061575
Result 1 5.0 110 -22543292
Result 1 5.0 110 -2082337550
Result 1 5.0 110 1805101053
Result 1 5.0 187 1321745153
Result 1 2.0 209 -877260969
Result 1 2.0 131 -2146648317
Result 1 2.0 209 -897426175
Result 1 5.0 129 1132356412
Result 1 2.0 209 -1637002592
Result 0 -1.0 209 -634742287
Result 1 5.0 110 -1309303916
Result 1 2.0 209 -484102564
Result 1 5.0 110 1740225131
Result 0 -1.0 209 -1299272019
Result 1 5.0 110 1454491127
Result 1 16.0 108 -1302841448
Result 0 13.0 99 -1543461154
Result 0 9.0 143 -1698939237
Result 0 9.0 143 1978359831
Result 1 16.0 61 -272316656
Result 1 16.0 87 -1203752247
Result 1 16.0 141 -1090114520
Result 0 11.0 176 -429782345
Result 0 11.0 176 41406041
Result 1 16.0 142 1948168454
Result 1 16.0 109 -233384925
Result 0 9.0 99 391466392
Result 0 13.0 176 1767925406
Result 1 16.0 67 1015290748
Result 1 16.0 62 231887418
Result 0 13.0 198 1376885749
Result 1 16.0 119 1685475348
Result 0 13.0 194 1982288434
Result 1 16.0 35 -2020650434
Result 0 7.0 132 673055236
Result 1 2.0 179 -1613229708
Result 1 2.0 198 -593157254
Result 1 2.0 105 36214055
Result 1 2.0 113 -1595076326
Result 1 2.0 112 -785057186
Result 1 2.0 79 935000625
Result 1 2.0 93 -592851769
Result 1 5.0 145 -2062327074
Result 1 5.0 103 -714738274
Result 1 5.0 87 -201792907
Result 1 2.0 133 -1639201484
Result 1 2.0 192 582140469
Result 1 2.0 145 -751248069
Result 1 2.0 190 1602195210
Result 1 2.0 193 -1531424042
Result 1 5.0 111 -185824243
Result 1 2.0 106 183795026
Result 1 2.0 189 -2033745929
Result 1 2.0 98 1972267233
Result 1 2.0 195 1083361434
Result 1 5.0 110 2009055736
Result 0 2.0 285 667465892
Result 0 2.0 275 -1025337844
Result 0 2.0 110 358692800
Result 0 2.0 297 1878268187
Result 0 2.0 275 -430982010
Result 0 0.0 110 -797898718
Result 1 5.0 160 639903365
Result 0 2.0 297 -793699035
Result 0 2.0 275 -912432902
Result 1 5.0 242 211081431
Result 1 5.0 140 -1527261912
Result 1 5.0 266 1474200249
Result 0 2.0 275 530059080
Result 1 5.0 234 269478432
Result 0 2.0 297 -1000321912
Result 0 2.0 297 -526977953
Result 1 5.0 141 -915372225
Result 0 2.0 275 713736602
Result 0 0.0 110 -340156654
Result 1 8.0 110 788182546
Result 1 8.0 110 -2140380905
Result 1 11.0 110 -1872783086
Result 1 8.0 174 108343947
Result 1 8.0 131 500911771
Result 1 1.0 183 1424851026
Result 1 8.0 110 949511456
Result 1 8.0 110 784348913
Result 1 2.0 209 -1260624627
Result 1 1.0 209 -1245635048
Result 1 8.0 110 157121315
Result 1 8.0 110 1828219433
Result 1 8.0 110 515716557
Result 1 2.0 209 -1758501087
Result 1 5.0 187 179274111
Result 1 5.0 187 -1963157219
Result 1 5.0 110 -1033803363
Result 1 8.0 110 2002137662
Result 1 11.0 110 360916053
Result 1 5.0 187 -2077790105
