Result 0 22.0 2000 -1314038583
Result 0 20.0 2000 1991406224
Result 0 19.0 1996 762290538
Result 0 13.0 2000 -1223534556
Result 0 23.0 2000 -2124644186
Result 0 19.0 2000 -1749817614
Result 0 23.0 2000 -138139325
Result 0 22.0 2000 746662057
Result 0 26.0 2000 -941040888
Result 0 21.0 2000 89453402
Result 0 20.0 2000 540648676
Result 0 16.0 2000 2138321984
Result 0 16.0 2000 -683296220
Result 0 22.0 2000 -247574070
Result 0 12.0 2000 516014526
Result 0 19.0 2000 1012403415
Result 0 26.0 2000 -94647538
Result 0 22.0 2000 -2085112168
Result 0 19.0 2000 -497112944
Result 0 18.0 2000 -1544235708
Result 0 14.0 2000 -179378589
Result 0 12.0 2000 248113620
Result 0 28.0 2000 430839068
Result 0 33.0 2000 -868420516
Result 0 27.0 2000 664171404
Result 0 11.0 1147 -429088964
Result 0 25.0 2000 1503147257
Result 0 13.0 2000 -2031690173
Result 0 12.0 2000 -793773372
Result 0 12.0 2000 -236604406
Result 0 40.0 2000 -1465468803
Result 0 22.0 2000 691614248
Result 0 19.0 2000 -1251262025
Result 0 33.0 2000 -864179237
Result 0 25.0 1643 -2130379076
Result 0 34.0 2000 -1983809894
Result 0 22.0 2000 1072920910
Result 0 13.0 2000 -1770981574
Result 0 14.0 2000 530480416
Result 0 15.0 2000 102043576
Result 0 29.0 2000 1804581477
Result 0 42.0 2000 -858617536
Result 0 34.0 2000 -699443606
Result 0 36.0 2000 -1119067213
Result 0 28.0 2000 755858298
Result 0 23.0 2000 -1959093307
Result 0 34.0 2000 1218698250
Result 0 35.0 2000 -1915819915
Result 0 32.0 2000 -1997504240
Result 0 27.0 2000 1417274050
Result 0 41.0 2000 273030235
Result 0 35.0 2000 1048247506
Result 0 28.0 2000 -1600499369
Result 0 22.0 2000 -1164396070
Result 0 31.0 2000 -349030934
Result 0 25.0 2000 -1344512451
Result 0 36.0 2000 -34608595
Result 0 32.0 2000 1193744945
Result 0 34.0 2000 -953820807
Result 0 43.0 2000 -627688415
Result 0 5.0 2000 -649909240
Result 0 4.0 2000 -1487386669
Result 0 4.0 2000 -1202020764
Result 0 3.0 2000 1488324366
Result 0 6.0 2000 1591482783
Result 0 4.0 2000 1476709441
Result 0 3.0 2000 -2136832894
Result 0 10.0 2000 861972562
Result 0 6.0 2000 -1255749034
Result 0 5.0 2000 1970539502
Result 0 1.0 2000 183370230
Result 0 5.0 2000 -155506204
Result 0 6.0 2000 -18533970
Result 0 4.0 2000 -1129619223
Result 0 14.0 2000 -2046348506
Result 0 4.0 2000 -1334675057
Result 0 1.0 2000 1715589538
Result 0 6.0 2000 -2143430700
Result 0 4.0 2000 -827302211
Result 0 3.0 2000 1181713520
Result 0 33.0 2000 1875334245
Result 0 50.0 2000 -126006904
Result 0 27.0 2000 88542182
Result 0 41.0 2000 591056536
Result 0 2.0 2000 1210199110
Result 0 25.0 2000 271190008
Result 0 4.0 2000 61006576
Result 0 33.0 2000 -5693830
Result 0 10.0 2000 -1112006526
Result 0 21.0 1995 -1313270582
Result 0 25.0 2000 -1518105452
Result 0 27.0 2000 798251564
Result 0 10.0 2000 2384748392
Result 0 3.0 2000 923747399
Result 0 6.0 2000 283473920
Result 0 21.0 2000 -238472020
Result 0 25.0 1995 -4473792048
Result 0 4.0 2000 8736262940
Result 0 3.0 2000 -4848393044
Result 0 33.0 2000 6237293933
