Evo 1.06 0.00 1.00 0.99 1.00 1.00 1.00 0.08 0.00 0.02 0.21 0.37 -1 1
Result 0 0.0 2000 0.43 0.22 0.21 0.17 0.18 0.22 -1 -1 -1 -1 -1
Evo 1.09 0.80 1.00 1.00 1.00 1.00 1.00 0.01 0.00 0.03 0.17 0.33 -1 2
Result 0 0.0 657 0.41 0.21 0.21 0.15 0.21 0.23 -1 -1 -1 -1 -1
Evo 1.05 0.00 1.00 0.99 1.00 1.00 1.00 0.08 0.00 0.01 0.20 0.38 -1 0
Result 0 0.0 2000 0.44 0.21 0.20 0.17 0.19 0.23 -1 -1 -1 -1 -1
Evo 1.10 0.60 1.00 1.00 1.00 1.00 1.00 0.02 0.00 0.01 0.17 0.33 -1 2
Result 0 0.0 647 0.42 0.22 0.23 0.16 0.20 0.19 -1 -1 -1 -1 -1
Evo 1.09 0.00 1.00 0.99 1.00 1.00 1.00 0.08 0.00 0.02 0.18 0.33 -1 0
Result 0 0.0 2000 0.42 0.23 0.19 0.16 0.20 0.22 -1 -1 -1 -1 -1
Evo 1.04 1.00 1.00 1.00 1.00 1.00 1.00 0.00 0.00 0.00 0.18 0.34 -1 0
Result 0 0.0 667 0.44 0.22 0.20 0.18 0.17 0.22 -1 -1 -1 -1 -1
Evo 1.10 0.00 1.00 0.99 1.00 1.00 1.00 0.08 0.00 0.01 0.22 0.37 -1 0
Result 0 0.0 2000 0.43 0.23 0.20 0.16 0.19 0.22 -1 -1 -1 -1 -1
Evo 1.06 0.80 1.00 1.00 1.00 1.00 1.00 0.01 0.00 0.01 0.25 0.40 -1 1
Result 0 0.0 1637 0.41 0.23 0.18 0.15 0.21 0.23 -1 -1 -1 -1 -1
Evo 1.07 0.00 1.00 0.99 1.00 1.00 1.00 0.08 0.00 0.01 0.22 0.36 -1 1
Result 0 0.0 2000 0.43 0.22 0.20 0.16 0.20 0.22 -1 -1 -1 -1 -1
Evo 1.05 0.00 1.00 0.99 1.00 1.00 1.00 0.08 0.00 0.05 0.17 0.33 -1 0
Result 0 0.0 2000 0.42 0.23 0.22 0.16 0.17 0.23 -1 -1 -1 -1 -1
Evo 1.10 0.00 1.00 0.99 1.00 1.00 1.00 0.08 0.00 0.01 0.26 0.40 -1 0
Result 0 0.0 2000 0.44 0.21 0.19 0.18 0.20 0.22 -1 -1 -1 -1 -1
Evo 1.10 0.00 1.00 0.99 1.00 1.00 1.00 0.08 0.00 0.01 0.23 0.38 -1 1
Result 0 0.0 2000 0.44 0.22 0.19 0.18 0.19 0.21 -1 -1 -1 -1 -1
Evo 1.08 0.00 1.00 0.99 1.00 1.00 1.00 0.08 0.00 0.01 0.21 0.36 -1 0
Result 0 0.0 2000 0.43 0.22 0.19 0.17 0.18 0.24 -1 -1 -1 -1 -1
Evo 1.40 0.60 1.00 0.99 1.00 1.00 1.00 0.04 0.00 0.17 0.37 0.53 1287 0
Result 1 1.0 1302 0.44 0.24 0.20 0.18 0.19 0.19 -1 -1 -1 -1 -1
Evo 1.06 0.00 0.50 0.50 0.50 0.50 0.50 0.04 0.00 0.03 0.22 0.36 -1 0
Result 0 0.0 2000 0.43 0.21 0.20 0.17 0.19 0.23 -1 -1 -1 -1 -1
Evo 1.12 0.00 0.50 0.50 0.50 0.50 0.50 0.04 0.00 0.04 0.28 0.45 -1 0
Result 0 0.0 2000 0.43 0.22 0.19 0.17 0.20 0.21 -1 -1 -1 -1 -1
Evo 1.09 0.00 0.50 0.50 0.50 0.50 0.50 0.01 0.00 0.01 0.23 0.38 -1 2
Result 0 0.0 1974 0.43 0.22 0.20 0.17 0.19 0.22 -1 -1 -1 -1 -1
Evo 1.08 0.00 0.50 0.50 0.50 0.50 0.50 0.04 0.00 0.01 0.23 0.37 -1 0
Result 0 0.0 2000 0.43 0.20 0.21 0.17 0.19 0.23 -1 -1 -1 -1 -1
Evo 1.09 0.00 0.50 0.50 0.50 0.50 0.50 0.04 0.00 0.02 0.21 0.35 -1 7
Result 0 0.0 2000 0.42 0.22 0.19 0.16 0.21 0.22 -1 -1 -1 -1 -1
Evo 1.07 0.00 0.50 0.50 0.50 0.50 0.50 0.04 0.00 0.05 0.21 0.36 -1 7
Result 0 0.0 2000 0.42 0.22 0.20 0.16 0.18 0.24 -1 -1 -1 -1 -1
Evo 1.60 0.40 1.00 0.58 0.50 0.50 0.50 0.18 0.03 0.19 0.10 0.40 38 0
Result 1 1.0 47 0.41 0.31 0.19 0.15 0.13 0.23 -1 -1 -1 -1 -1
Evo 1.71 0.00 0.50 0.48 0.50 0.50 0.50 0.07 0.00 0.28 0.10 0.37 -1 0
Result 0 0.0 506 0.47 0.25 0.17 0.21 0.22 0.15 -1 -1 -1 -1 -1
Evo 1.30 0.20 1.00 0.50 0.50 0.50 0.50 0.07 0.00 0.02 0.26 0.51 393 0
Result 1 1.0 400 0.46 0.26 0.20 0.19 0.20 0.15 -1 -1 -1 -1 -1
Evo 1.32 0.30 1.00 0.50 0.50 0.50 0.50 0.06 0.00 0.12 0.23 0.54 590 0
Result 1 1.0 599 0.45 0.24 0.15 0.19 0.23 0.20 -1 -1 -1 -1 -1
Evo 1.12 0.40 1.00 0.51 0.50 0.50 0.50 0.08 0.00 0.02 0.20 0.53 385 0
Result 1 1.0 397 0.49 0.25 0.20 0.24 0.15 0.16 -1 -1 -1 -1 -1
Evo 1.22 0.00 0.50 0.48 0.50 0.50 0.50 0.08 0.00 0.16 0.16 0.50 -1 0
Result 0 0.0 597 0.46 0.27 0.17 0.19 0.19 0.17 -1 -1 -1 -1 -1
Evo 1.57 0.00 0.50 0.49 0.50 0.50 0.50 0.05 0.00 0.04 0.20 0.53 -1 0
Result 0 0.0 987 0.48 0.25 0.14 0.22 0.23 0.16 -1 -1 -1 -1 -1
Evo 1.45 0.40 1.00 0.54 0.50 0.50 0.50 0.13 0.01 0.06 0.14 0.48 105 1
Result 1 1.0 115 0.41 0.22 0.24 0.15 0.21 0.18 -1 -1 -1 -1 -1
Evo 1.02 0.50 1.00 0.55 0.50 0.50 0.50 0.14 0.02 0.07 0.12 0.46 81 0
Result 1 1.0 91 0.43 0.25 0.21 0.16 0.15 0.23 -1 -1 -1 -1 -1
Evo 1.19 0.40 1.00 0.53 0.50 0.50 0.50 0.12 0.01 0.05 0.11 0.45 128 0
Result 1 1.0 138 0.46 0.25 0.22 0.19 0.12 0.22 -1 -1 -1 -1 -1
Evo 1.12 0.50 1.00 0.56 0.50 0.50 0.50 0.16 0.02 0.07 0.10 0.45 73 0
Result 1 1.0 86 0.39 0.23 0.25 0.14 0.18 0.20 -1 -1 -1 -1 -1
Evo 1.04 0.50 1.00 0.66 0.50 0.50 1.00 0.23 0.05 0.52 0.09 0.37 17 0
Result 1 1.0 25 0.42 0.12 0.27 0.15 0.04 0.42 -1 -1 -1 -1 -1
Evo 1.09 0.40 1.00 0.51 0.50 0.50 0.50 0.07 0.00 0.09 0.17 0.50 401 0
Result 1 1.0 412 0.49 0.21 0.18 0.23 0.17 0.20 -1 -1 -1 -1 -1
Evo 1.22 0.20 1.00 0.50 0.50 0.50 0.50 0.05 0.00 0.02 0.31 0.57 970 0
Result 1 1.0 982 0.47 0.23 0.19 0.21 0.19 0.18 -1 -1 -1 -1 -1
Evo 1.26 0.40 1.00 0.51 0.50 0.50 0.50 0.08 0.00 0.03 0.18 0.48 251 0
Result 1 1.0 259 0.42 0.21 0.23 0.16 0.23 0.17 -1 -1 -1 -1 -1
Evo 1.26 0.40 1.00 0.52 0.50 0.50 0.50 0.11 0.01 0.04 0.12 0.46 171 0
Result 1 1.0 181 0.47 0.23 0.19 0.21 0.20 0.18 -1 -1 -1 -1 -1
Evo 1.07 0.40 1.00 0.51 0.50 0.50 0.50 0.08 0.00 0.03 0.16 0.44 272 0
Result 1 1.0 283 0.49 0.18 0.22 0.24 0.20 0.15 -1 -1 -1 -1 -1
Evo 1.03 0.00 0.50 0.47 0.50 0.50 0.50 0.11 0.01 0.07 0.09 0.40 -1 0
Result 0 0.0 199 0.48 0.17 0.24 0.23 0.18 0.19 -1 -1 -1 -1 -1
Evo 1.60 0.00 0.50 0.49 0.50 0.50 0.50 0.05 0.00 0.04 0.14 0.47 -1 0
Result 0 0.0 331 0.47 0.22 0.20 0.20 0.18 0.20 -1 -1 -1 -1 -1
Evo 1.49 0.00 0.50 0.49 0.50 0.50 0.50 0.07 0.00 0.02 0.14 0.50 -1 0
Result 0 0.0 727 0.48 0.25 0.18 0.23 0.20 0.15 -1 -1 -1 -1 -1
Evo 1.17 0.10 1.00 0.50 0.50 0.50 0.50 0.05 0.00 0.01 0.23 0.45 916 0
Result 1 1.0 929 0.45 0.18 0.19 0.18 0.21 0.24 -1 -1 -1 -1 -1
Evo 1.17 0.30 1.00 0.50 0.50 0.50 0.50 0.04 0.00 0.09 0.30 0.56 1438 1
Result 1 1.0 1456 0.43 0.21 0.19 0.16 0.21 0.22 -1 -1 -1 -1 -1
Evo 1.01 0.00 0.50 0.50 0.50 0.50 0.50 0.04 0.00 0.05 0.07 0.14 -1 5
Result 0 0.0 2000 0.41 0.22 0.19 0.15 0.22 0.23 -1 -1 -1 -1 -1
Evo 1.01 0.00 0.50 0.50 0.50 0.50 0.50 0.04 0.00 0.05 0.07 0.14 -1 0
Result 0 0.0 2000 0.41 0.22 0.21 0.15 0.21 0.22 -1 -1 -1 -1 -1
Evo 1.01 0.00 0.50 0.50 0.50 0.50 0.50 0.04 0.00 0.05 0.07 0.14 -1 0
Result 0 0.0 2000 0.40 0.22 0.20 0.15 0.22 0.22 -1 -1 -1 -1 -1
Evo 1.01 0.00 0.50 0.50 0.50 0.50 0.50 0.04 0.00 0.01 0.07 0.14 -1 0
Result 0 0.0 2000 0.40 0.23 0.21 0.14 0.21 0.21 -1 -1 -1 -1 -1
Evo 1.01 0.00 0.50 0.50 0.50 0.50 0.50 0.04 0.00 0.05 0.07 0.13 -1 3
Result 0 0.0 2000 0.41 0.21 0.21 0.15 0.19 0.24 -1 -1 -1 -1 -1
Evo 1.01 0.00 0.50 0.50 0.50 0.50 0.50 0.04 0.00 0.05 0.07 0.15 -1 1
Result 0 0.0 2000 0.39 0.22 0.22 0.14 0.20 0.23 -1 -1 -1 -1 -1
Evo 1.17 0.40 1.00 0.51 0.50 0.50 0.50 0.06 0.00 0.03 0.17 0.44 466 0
Result 1 1.0 510 0.41 0.24 0.22 0.15 0.21 0.19 -1 -1 -1 -1 -1
Evo 1.01 0.00 0.50 0.50 0.50 0.50 0.50 0.04 0.00 0.05 0.06 0.14 -1 3
Result 0 0.0 2000 0.42 0.20 0.21 0.16 0.20 0.24 -1 -1 -1 -1 -1
Evo 1.01 0.00 0.50 0.50 0.50 0.50 0.50 0.04 0.00 0.05 0.07 0.14 -1 1
Result 0 0.0 2000 0.42 0.21 0.20 0.15 0.21 0.23 -1 -1 -1 -1 -1
Evo 1.01 0.00 0.50 0.50 0.50 0.50 0.50 0.04 0.00 0.05 0.07 0.13 -1 20
Result 0 0.0 2000 0.41 0.22 0.20 0.15 0.20 0.23 -1 -1 -1 -1 -1
Evo 1.02 0.00 0.50 0.50 0.50 0.50 0.50 0.04 0.00 0.05 0.07 0.13 -1 3
Result 0 0.0 2000 0.41 0.24 0.19 0.15 0.19 0.23 -1 -1 -1 -1 -1
Evo 1.01 0.00 0.50 0.50 0.50 0.50 0.50 0.04 0.00 0.05 0.07 0.13 -1 0
Result 0 0.0 2000 0.41 0.22 0.18 0.15 0.22 0.23 -1 -1 -1 -1 -1
Evo 1.01 0.00 0.50 0.50 0.50 0.50 0.50 0.04 0.00 0.05 0.07 0.13 -1 1
Result 0 0.0 2000 0.41 0.21 0.22 0.15 0.20 0.22 -1 -1 -1 -1 -1
Evo 1.01 0.00 0.50 0.50 0.50 0.50 0.50 0.04 0.00 0.05 0.07 0.13 -1 0
Result 0 0.0 2000 0.40 0.22 0.21 0.14 0.22 0.21 -1 -1 -1 -1 -1
Evo 1.01 0.00 0.50 0.50 0.50 0.50 0.50 0.04 0.00 0.05 0.07 0.15 -1 2
Result 0 0.0 2000 0.43 0.21 0.21 0.16 0.20 0.22 -1 -1 -1 -1 -1
Evo 1.02 0.00 0.50 0.50 0.50 0.50 0.50 0.04 0.00 0.05 0.07 0.14 -1 0
Result 0 0.0 2000 0.42 0.21 0.20 0.15 0.21 0.22 -1 -1 -1 -1 -1
Evo 1.11 0.40 0.50 0.50 0.50 0.50 0.50 0.01 0.00 0.08 0.27 0.54 1775 0
Result 0 0.0 1831 0.42 0.22 0.20 0.16 0.21 0.21 -1 -1 -1 -1 -1
Evo 1.02 0.00 0.50 0.50 0.50 0.50 0.50 0.04 0.00 0.05 0.06 0.13 -1 0
Result 0 0.0 2000 0.41 0.21 0.22 0.15 0.20 0.22 -1 -1 -1 -1 -1
Evo 1.10 0.00 0.50 0.50 0.50 0.50 0.50 0.04 0.00 0.03 0.41 0.55 -1 0
Result 0 0.0 2000 0.44 0.23 0.20 0.18 0.18 0.21 -1 -1 -1 -1 -1
Evo 1.11 0.00 0.50 0.50 0.50 0.50 0.50 0.04 0.00 0.01 0.34 0.49 -1 0
Result 0 0.0 2000 0.43 0.23 0.19 0.17 0.19 0.23 -1 -1 -1 -1 -1
Evo 1.16 0.00 0.50 0.50 0.50 0.50 0.50 0.04 0.00 0.02 0.39 0.56 -1 0
Result 0 0.0 2000 0.45 0.23 0.20 0.19 0.18 0.21 -1 -1 -1 -1 -1
Evo 1.07 0.00 0.50 0.50 0.50 0.50 0.50 0.04 0.00 0.01 0.42 0.57 -1 0
Result 0 0.0 2000 0.44 0.23 0.21 0.17 0.18 0.21 -1 -1 -1 -1 -1
Evo 1.12 0.00 0.50 0.50 0.50 0.50 0.50 0.03 0.00 0.03 0.43 0.59 -1 0
Result 0 0.0 1995 0.46 0.22 0.18 0.19 0.20 0.21 -1 -1 -1 -1 -1
Evo 1.13 0.00 0.50 0.50 0.50 0.50 0.50 0.04 0.00 0.02 0.41 0.56 -1 0
Result 0 0.0 2000 0.43 0.25 0.20 0.16 0.18 0.21 -1 -1 -1 -1 -1
Evo 1.15 0.00 0.50 0.50 0.50 0.50 0.50 0.04 0.00 0.04 0.42 0.56 -1 0
Result 0 0.0 2000 0.46 0.21 0.18 0.19 0.19 0.22 -1 -1 -1 -1 -1
Evo 1.09 0.00 0.50 0.50 0.50 0.50 0.50 0.01 0.00 0.01 0.33 0.51 -1 0
Result 0 0.0 1290 0.42 0.23 0.18 0.16 0.19 0.23 -1 -1 -1 -1 -1
Evo 1.17 0.30 0.50 0.50 0.50 0.50 0.50 0.01 0.00 0.03 0.41 0.56 -1 0
Result 0 0.0 1489 0.45 0.23 0.21 0.19 0.18 0.19 -1 -1 -1 -1 -1
Evo 1.10 0.00 0.50 0.50 0.50 0.50 0.50 0.04 0.00 0.03 0.39 0.55 -1 0
Result 0 0.0 2000 0.44 0.21 0.22 0.17 0.19 0.20 -1 -1 -1 -1 -1
Evo 1.11 0.00 0.50 0.50 0.50 0.50 0.50 0.02 0.00 0.02 0.39 0.57 -1 0
Result 0 0.0 1684 0.43 0.23 0.18 0.17 0.21 0.21 -1 -1 -1 -1 -1
Evo 1.09 0.00 0.50 0.50 0.50 0.50 0.50 0.04 0.00 0.01 0.40 0.53 -1 0
Result 0 0.0 2000 0.44 0.24 0.20 0.17 0.16 0.22 -1 -1 -1 -1 -1
Evo 1.12 0.40 1.00 0.50 0.50 0.50 0.50 0.03 0.00 0.01 0.53 0.66 1883 0
Result 1 1.0 1892 0.44 0.22 0.21 0.18 0.18 0.21 -1 -1 -1 -1 -1
Evo 1.15 0.40 1.00 0.50 0.50 0.50 0.50 0.03 0.00 0.03 0.56 0.66 1896 0
Result 1 1.0 1904 0.45 0.22 0.20 0.19 0.19 0.20 -1 -1 -1 -1 -1
Evo 1.13 0.00 0.50 0.50 0.50 0.50 0.50 0.04 0.00 0.01 0.42 0.56 -1 0
Result 0 0.0 2000 0.44 0.24 0.20 0.18 0.18 0.20 -1 -1 -1 -1 -1
Evo 1.12 0.00 0.50 0.50 0.50 0.50 0.50 0.04 0.00 0.01 0.38 0.53 -1 0
Result 0 0.0 2000 0.43 0.22 0.20 0.16 0.18 0.23 -1 -1 -1 -1 -1
Evo 1.09 0.00 0.50 0.50 0.50 0.50 0.50 0.04 0.00 0.02 0.38 0.51 -1 0
Result 0 0.0 2000 0.45 0.21 0.20 0.18 0.19 0.21 -1 -1 -1 -1 -1
Evo 1.13 0.00 0.50 0.50 0.50 0.50 0.50 0.04 0.00 0.03 0.41 0.54 -1 0
Result 0 0.0 2000 0.44 0.23 0.19 0.17 0.20 0.21 -1 -1 -1 -1 -1
Evo 1.14 0.00 0.50 0.50 0.50 0.50 0.50 0.01 0.00 0.01 0.36 0.54 -1 0
Result 0 0.0 1540 0.45 0.24 0.17 0.18 0.19 0.22 -1 -1 -1 -1 -1
Evo 1.11 0.00 0.50 0.50 0.50 0.50 0.50 0.04 0.00 0.01 0.39 0.58 -1 0
Result 0 0.0 2000 0.43 0.23 0.22 0.16 0.18 0.21 -1 -1 -1 -1 -1
Evo 2.24 0.00 0.50 0.42 0.40 0.50 0.50 0.13 0.02 0.53 0.05 0.22 -1 0
Result 0 0.0 29 0.43 0.30 0.30 0.17 0.07 0.17 -1 -1 -1 -1 -1
Evo 1.93 0.00 0.50 0.31 0.20 0.30 0.40 0.14 0.03 0.25 0.02 0.14 -1 0
Result 0 0.0 15 0.25 0.31 0.13 0.06 0.38 0.13 -1 -1 -1 -1 -1
Evo 4.20 0.10 0.50 0.32 0.30 0.30 0.40 0.10 0.03 0.25 0.02 0.14 -1 0
Result 0 0.0 15 0.45 0.31 0.06 0.19 0.19 0.25 -1 -1 -1 -1 -1
Evo 2.80 0.00 0.50 0.31 0.20 0.30 0.40 0.16 0.04 0.50 0.02 0.13 -1 0
Result 0 0.0 15 0.45 0.13 0.19 0.19 0.38 0.13 -1 -1 -1 -1 -1
Evo 5.87 0.00 0.50 0.28 0.10 0.30 0.40 0.18 0.05 0.25 0.02 0.13 -1 0
Result 0 0.0 15 0.45 0.19 0.06 0.19 0.31 0.25 -1 -1 -1 -1 -1
Evo 5.87 0.10 0.50 0.31 0.20 0.30 0.40 0.12 0.03 0.25 0.01 0.11 -1 0
Result 0 0.0 15 0.25 0.44 -1 0.06 0.38 0.13 -1 -1 -1 -1 -1
Evo 4.20 0.00 0.50 0.28 0.10 0.20 0.40 0.18 0.04 0.50 0.02 0.15 -1 0
Result 0 0.0 15 0.50 0.19 -1 0.25 0.31 0.25 -1 -1 -1 -1 -1
Evo 3.00 0.00 0.50 0.38 0.30 0.40 0.50 0.15 0.03 0.52 0.05 0.24 -1 0
Result 0 0.0 27 0.40 0.18 0.39 0.14 0.14 0.14 -1 -1 -1 -1 -1
Evo 4.50 0.00 0.50 0.34 0.20 0.30 0.50 0.16 0.04 0.49 0.01 0.12 -1 0
Result 0 0.0 12 0.42 0.31 -1 0.15 0.15 0.38 -1 -1 -1 -1 -1
Evo 3.79 0.00 0.50 0.25 0.10 0.20 0.40 0.16 0.04 0.39 0.02 0.15 -1 0
Result 0 0.0 14 0.26 0.47 0.07 0.07 0.13 0.27 -1 -1 -1 -1 -1
Evo 1.27 0.20 0.50 0.34 0.20 0.30 0.40 0.12 0.03 0.52 0.02 0.12 -1 0
Result 0 0.0 15 0.38 0.38 0.13 0.13 0.25 0.13 -1 -1 -1 -1 -1
Evo 3.07 0.10 0.50 0.32 0.20 0.30 0.40 0.11 0.03 0.25 0.02 0.15 -1 0
Result 0 0.0 15 0.38 0.25 0.19 0.13 0.31 0.13 -1 -1 -1 -1 -1
Evo 1.88 0.00 0.40 0.28 0.20 0.30 0.30 0.13 0.04 0.48 0.01 0.12 -1 0
Result 0 0.0 8 0.35 0.11 0.22 0.11 0.44 0.11 -1 -1 -1 -1 -1
Evo 1.33 0.20 0.50 0.33 0.20 0.30 0.40 0.11 0.03 0.52 0.02 0.15 -1 0
Result 0 0.0 15 0.52 0.13 -1 0.31 0.19 0.38 -1 -1 -1 -1 -1
Evo 1.33 0.00 0.00 0.00 0.00 0.00 0.00 0.00 0.00 0.00 0.02 0.05 -1 0
Result 0 0.0 3 0.00 -1 -1 -1 -1 1.00 -1 -1 -1 -1 -1
Evo 2.27 0.10 0.50 0.31 0.20 0.30 0.40 0.11 0.03 0.25 0.02 0.11 -1 0
Result 0 0.0 15 0.52 0.13 0.06 0.31 0.31 0.19 -1 -1 -1 -1 -1
Evo 5.00 0.00 0.50 0.38 0.40 0.40 0.50 0.22 0.10 0.46 0.02 0.10 -1 0
Result 0 0.0 4 0.46 0.20 0.40 0.20 -1 0.20 -1 -1 -1 -1 -1
Evo 1.33 0.40 0.50 0.43 0.40 0.40 0.50 0.05 0.02 0.31 0.01 0.10 -1 0
Result 0 0.0 3 0.50 -1 0.25 0.50 0.25 -1 -1 -1 -1 -1 -1
Evo 3.53 0.10 0.50 0.31 0.20 0.30 0.40 0.14 0.03 0.50 0.02 0.14 -1 0
Result 0 0.0 15 0.45 0.44 0.06 0.19 0.19 0.13 -1 -1 -1 -1 -1
Evo 6.07 0.10 0.50 0.32 0.20 0.30 0.40 0.15 0.04 0.38 0.01 0.13 -1 0
Result 0 0.0 15 0.45 0.50 -1 0.19 0.19 0.13 -1 -1 -1 -1 -1
