Evo 1.01 0.00 1.00 0.99 1.00 1.00 1.00 0.09 0.00 0.02 0.34 0.57 988 9
Result 1 96.0 1000 0.46 0.19 0.20 0.21 0.21 0.19 -1 -1 -1 -1 -1
Evo 1.02 0.50 1.00 0.51 0.50 0.50 0.50 0.06 0.00 0.01 0.31 0.54 988 5
Result 1 90.0 1000 0.46 0.20 0.21 0.21 0.19 0.19 -1 -1 -1 -1 -1
Evo 1.04 0.50 1.00 0.51 0.50 0.50 0.50 0.06 0.00 0.01 0.23 0.48 988 1
Result 1 192.0 1000 0.45 0.21 0.24 0.19 0.17 0.19 -1 -1 -1 -1 -1
Evo 1.03 0.50 1.00 0.51 0.50 0.50 0.50 0.06 0.00 0.02 0.27 0.54 988 23
Result 1 234.0 1000 0.46 0.21 0.23 0.22 0.16 0.19 -1 -1 -1 -1 -1
Evo 1.03 0.50 1.00 0.51 0.50 0.50 0.50 0.06 0.00 0.03 0.33 0.54 988 5
Result 1 81.0 1000 0.48 0.21 0.19 0.18 0.20 0.21 -1 -1 -1 -1 -1
Evo 1.05 0.50 1.00 0.51 0.50 0.50 0.50 0.06 0.00 0.53 0.30 0.57 988 7
Result 1 144.0 1000 0.46 0.22 0.20 0.19 0.20 0.19 -1 -1 -1 -1 -1
Evo 1.02 0.50 1.00 0.51 0.50 0.50 0.50 0.06 0.00 0.11 0.33 0.58 988 9
Result 1 93.0 1000 0.47 0.20 0.19 0.21 0.19 0.20 -1 -1 -1 -1 -1
Evo 1.01 0.50 1.00 0.51 0.50 0.50 0.50 0.06 0.00 0.53 0.38 0.57 988 15
Result 1 96.0 1000 0.47 0.18 0.19 0.21 0.20 0.21 -1 -1 -1 -1 -1
Evo 1.00 0.50 1.00 0.51 0.50 0.50 0.50 0.06 0.00 0.51 0.29 0.54 988 1
Result 1 96.0 1000 0.46 0.18 0.23 0.21 0.19 0.19 -1 -1 -1 -1 -1
Evo 1.01 0.50 1.00 0.51 0.50 0.50 0.50 0.06 0.00 0.20 0.33 0.54 988 27
Result 1 45.0 1000 0.46 0.19 0.17 0.23 0.21 0.20 -1 -1 -1 -1 -1
Evo 1.01 0.50 1.00 0.51 0.50 0.50 0.50 0.06 0.00 0.08 0.25 0.53 988 3
Result 1 1.0 1000 0.45 0.22 0.20 0.19 0.21 0.18 -1 -1 -1 -1 -1
Evo 1.01 0.50 1.00 0.51 0.50 0.50 0.50 0.06 0.00 0.08 0.21 0.43 988 89
Result 1 1.0 1000 0.45 0.21 0.17 0.20 0.23 0.18 -1 -1 -1 -1 -1
Evo 1.00 0.50 1.00 0.51 0.50 0.50 0.50 0.06 0.00 0.08 0.25 0.48 988 18
Result 1 1.0 1000 0.46 0.19 0.19 0.20 0.22 0.20 -1 -1 -1 -1 -1
Evo 1.05 0.50 1.00 0.51 0.50 0.50 0.50 0.06 0.00 0.02 0.32 0.55 988 18
Result 1 165.0 1000 0.46 0.20 0.21 0.20 0.19 0.19 -1 -1 -1 -1 -1
Evo 1.00 0.50 1.00 0.51 0.50 0.50 0.50 0.06 0.00 0.08 0.27 0.52 988 8
Result 1 1.0 1000 0.44 0.20 0.18 0.23 0.21 0.18 -1 -1 -1 -1 -1
Evo 1.03 0.50 1.00 0.51 0.50 0.50 0.50 0.06 0.00 0.40 0.30 0.57 988 102
Result 1 96.0 1000 0.47 0.21 0.18 0.18 0.22 0.20 -1 -1 -1 -1 -1
Evo 1.01 0.50 1.00 0.51 0.50 0.50 0.50 0.06 0.00 0.01 0.36 0.58 988 0
Result 1 48.0 1000 0.47 0.18 0.18 0.20 0.22 0.21 -1 -1 -1 -1 -1
Evo 1.03 0.50 1.00 0.51 0.50 0.50 0.50 0.06 0.00 0.45 0.38 0.58 988 50
Result 1 93.0 1000 0.45 0.21 0.20 0.21 0.20 0.19 -1 -1 -1 -1 -1
Evo 1.02 0.50 1.00 0.51 0.50 0.50 0.50 0.06 0.00 0.01 0.30 0.57 988 17
Result 1 48.0 1000 0.47 0.20 0.20 0.19 0.21 0.20 -1 -1 -1 -1 -1
Evo 1.01 0.50 1.00 0.51 0.50 0.50 0.50 0.06 0.00 0.02 0.29 0.56 988 0
Result 1 48.0 1000 0.46 0.19 0.21 0.18 0.22 0.19 -1 -1 -1 -1 -1
Evo 1.00 0.50 1.00 0.51 0.50 0.50 0.50 0.06 0.00 0.08 0.13 0.28 988 0
Result 1 1.0 1000 0.47 0.20 0.18 0.21 0.21 0.20 -1 -1 -1 -1 -1
Evo 1.02 0.50 1.00 0.51 0.50 0.50 0.50 0.06 0.00 0.08 0.25 0.50 988 0
Result 1 1.0 1000 0.46 0.20 0.20 0.20 0.20 0.20 -1 -1 -1 -1 -1
Evo 1.00 0.50 1.00 0.51 0.50 0.50 0.50 0.06 0.00 0.08 0.18 0.48 988 0
Result 1 1.0 1000 0.47 0.20 0.21 0.20 0.18 0.20 -1 -1 -1 -1 -1
Evo 1.01 0.50 1.00 0.51 0.50 0.50 0.50 0.06 0.00 0.08 0.18 0.34 988 0
Result 1 1.0 1000 0.44 0.22 0.18 0.19 0.23 0.18 -1 -1 -1 -1 -1
Evo 1.01 0.50 1.00 0.51 0.50 0.50 0.50 0.06 0.00 0.08 0.33 0.53 988 0
Result 1 1.0 1000 0.47 0.22 0.19 0.19 0.19 0.20 -1 -1 -1 -1 -1
Evo 1.03 0.50 1.00 0.51 0.50 0.50 0.50 0.06 0.00 0.44 0.27 0.50 988 0
Result 1 96.0 1000 0.47 0.21 0.20 0.20 0.19 0.20 -1 -1 -1 -1 -1
Evo 1.01 0.50 1.00 0.51 0.50 0.50 0.50 0.06 0.00 0.08 0.24 0.48 988 0
Result 1 1.0 1000 0.46 0.21 0.21 0.17 0.22 0.19 -1 -1 -1 -1 -1
Evo 1.00 0.50 1.00 0.51 0.50 0.50 0.50 0.06 0.00 0.08 0.30 0.49 988 0
Result 1 1.0 1000 0.47 0.23 0.19 0.17 0.21 0.20 -1 -1 -1 -1 -1
Evo 1.02 0.50 1.00 0.51 0.50 0.50 0.50 0.06 0.00 0.08 0.22 0.43 988 0
Result 1 1.0 1000 0.49 0.22 0.21 0.16 0.18 0.23 -1 -1 -1 -1 -1
Evo 1.00 0.50 1.00 0.51 0.50 0.50 0.50 0.06 0.00 0.01 0.20 0.39 988 0
Result 1 48.0 1000 0.45 0.22 0.22 0.20 0.18 0.18 -1 -1 -1 -1 -1
Evo 1.04 0.50 1.00 0.51 0.50 0.50 0.50 0.06 0.00 0.01 0.25 0.47 988 2
Result 1 48.0 1000 0.46 0.21 0.22 0.19 0.19 0.19 -1 -1 -1 -1 -1
Evo 1.01 0.50 1.00 0.51 0.50 0.50 0.50 0.06 0.00 0.08 0.18 0.41 988 0
Result 1 1.0 1000 0.46 0.21 0.16 0.19 0.25 0.19 -1 -1 -1 -1 -1
Evo 1.03 0.50 1.00 0.51 0.50 0.50 0.50 0.06 0.00 0.03 0.30 0.51 988 0
Result 1 48.0 1000 0.46 0.21 0.22 0.17 0.19 0.20 -1 -1 -1 -1 -1
Evo 1.01 0.50 1.00 0.51 0.50 0.50 0.50 0.06 0.00 0.02 0.29 0.53 988 0
Result 1 48.0 1000 0.46 0.22 0.18 0.19 0.21 0.20 -1 -1 -1 -1 -1
Evo 1.01 0.50 1.00 0.51 0.50 0.50 0.50 0.06 0.00 0.08 0.20 0.48 988 0
Result 1 1.0 1000 0.46 0.22 0.16 0.20 0.23 0.19 -1 -1 -1 -1 -1
Evo 1.01 0.50 1.00 0.51 0.50 0.50 0.50 0.06 0.00 0.08 0.14 0.30 988 0
Result 1 1.0 1000 0.47 0.19 0.17 0.22 0.22 0.20 -1 -1 -1 -1 -1
Evo 1.01 0.50 1.00 0.51 0.50 0.50 0.50 0.06 0.00 0.08 0.14 0.30 988 0
Result 1 1.0 1000 0.44 0.22 0.18 0.19 0.23 0.18 -1 -1 -1 -1 -1
Evo 1.00 0.50 1.00 0.51 0.50 0.50 0.50 0.06 0.00 0.16 0.30 0.50 988 10
Result 1 96.0 1000 0.47 0.20 0.21 0.19 0.19 0.21 -1 -1 -1 -1 -1
Evo 1.00 0.50 1.00 0.51 0.50 0.50 0.50 0.06 0.00 0.08 0.14 0.30 988 0
Result 1 1.0 1000 0.45 0.20 0.20 0.23 0.20 0.18 -1 -1 -1 -1 -1
Evo 1.01 0.40 1.00 0.51 0.50 0.50 0.50 0.06 0.00 0.01 0.31 0.56 988 0
Result 1 48.0 1000 0.46 0.23 0.18 0.20 0.20 0.19 -1 -1 -1 -1 -1
Evo 1.00 0.50 1.00 0.51 0.50 0.50 0.50 0.06 0.00 0.08 0.25 0.52 988 39
Result 1 1.0 1000 0.47 0.21 0.20 0.18 0.20 0.21 -1 -1 -1 -1 -1
Evo 1.00 0.50 1.00 0.51 0.50 0.50 0.50 0.06 0.00 0.08 0.12 0.29 988 69
Result 1 1.0 1000 0.44 0.21 0.21 0.22 0.19 0.17 -1 -1 -1 -1 -1
Evo 1.00 0.50 1.00 0.51 0.50 0.50 0.50 0.06 0.00 0.08 0.16 0.34 988 33
Result 1 1.0 1000 0.45 0.21 0.19 0.23 0.19 0.18 -1 -1 -1 -1 -1
Evo 1.02 0.50 1.00 0.51 0.50 0.50 0.50 0.06 0.00 0.01 0.25 0.54 988 15
Result 1 48.0 1000 0.46 0.22 0.21 0.19 0.19 0.19 -1 -1 -1 -1 -1
Evo 1.02 0.50 1.00 0.51 0.50 0.50 0.50 0.06 0.00 0.08 0.17 0.34 988 95
Result 1 1.0 1000 0.45 0.23 0.15 0.21 0.21 0.19 -1 -1 -1 -1 -1
Evo 1.01 0.50 1.00 0.51 0.50 0.50 0.50 0.06 0.00 0.08 0.17 0.33 988 44
Result 1 1.0 1000 0.45 0.21 0.19 0.21 0.20 0.18 -1 -1 -1 -1 -1
Evo 1.06 0.40 1.00 0.51 0.50 0.50 0.50 0.06 0.00 0.04 0.25 0.53 988 14
Result 1 18.0 1000 0.48 0.22 0.19 0.18 0.19 0.21 -1 -1 -1 -1 -1
Evo 1.03 0.50 1.00 0.51 0.50 0.50 0.50 0.06 0.00 0.02 0.25 0.53 988 147
Result 1 48.0 1000 0.46 0.21 0.19 0.19 0.21 0.20 -1 -1 -1 -1 -1
Evo 1.02 0.50 1.00 0.51 0.50 0.50 0.50 0.06 0.00 0.08 0.20 0.40 988 11
Result 1 1.0 1000 0.45 0.20 0.20 0.22 0.19 0.19 -1 -1 -1 -1 -1
Evo 1.01 0.50 1.00 0.51 0.50 0.50 0.50 0.06 0.00 0.08 0.17 0.33 988 79
Result 1 1.0 1000 0.43 0.22 0.21 0.19 0.21 0.17 -1 -1 -1 -1 -1
Evo 1.01 0.50 1.00 0.51 0.50 0.50 0.50 0.06 0.00 0.08 0.20 0.40 988 27
Result 1 1.0 1000 0.45 0.20 0.19 0.22 0.20 0.19 -1 -1 -1 -1 -1
Evo 1.05 0.50 1.00 0.51 0.50 0.50 0.50 0.06 0.00 0.03 0.24 0.46 988 50
Result 1 48.0 1000 0.48 0.22 0.20 0.20 0.16 0.22 -1 -1 -1 -1 -1
Evo 1.00 0.50 1.00 0.51 0.50 0.50 0.50 0.06 0.00 0.08 0.16 0.40 988 47
Result 1 1.0 1000 0.44 0.22 0.20 0.19 0.20 0.18 -1 -1 -1 -1 -1
Evo 1.00 0.50 1.00 0.51 0.50 0.50 0.50 0.06 0.00 0.08 0.13 0.39 988 2
Result 1 1.0 1000 0.46 0.20 0.21 0.22 0.18 0.20 -1 -1 -1 -1 -1
Evo 1.02 0.50 1.00 0.51 0.50 0.50 0.50 0.06 0.00 0.08 0.13 0.29 988 61
Result 1 1.0 1000 0.45 0.21 0.20 0.22 0.19 0.19 -1 -1 -1 -1 -1
Evo 1.01 0.50 1.00 0.51 0.50 0.50 0.50 0.06 0.00 0.08 0.14 0.28 988 12
Result 1 1.0 1000 0.45 0.22 0.17 0.23 0.20 0.18 -1 -1 -1 -1 -1
Evo 1.01 0.50 1.00 0.51 0.50 0.50 0.50 0.06 0.00 0.08 0.13 0.35 988 91
Result 1 1.0 1000 0.44 0.20 0.20 0.21 0.20 0.18 -1 -1 -1 -1 -1
Evo 1.04 0.50 1.00 0.51 0.50 0.50 0.50 0.06 0.00 0.01 0.31 0.52 988 31
Result 1 45.0 1000 0.45 0.23 0.19 0.20 0.20 0.18 -1 -1 -1 -1 -1
Evo 1.01 0.50 1.00 0.51 0.50 0.50 0.50 0.06 0.00 0.08 0.17 0.37 988 35
Result 1 1.0 1000 0.44 0.20 0.20 0.22 0.20 0.18 -1 -1 -1 -1 -1
Evo 1.02 0.50 1.00 0.51 0.50 0.50 0.50 0.06 0.00 0.08 0.21 0.46 988 51
Result 1 1.0 1000 0.46 0.21 0.22 0.20 0.17 0.20 -1 -1 -1 -1 -1
Evo 1.01 0.50 1.00 0.51 0.50 0.50 0.50 0.06 0.00 0.08 0.18 0.37 988 0
Result 1 1.0 1000 0.49 0.21 0.18 0.17 0.21 0.23 -1 -1 -1 -1 -1
Evo 1.02 0.50 1.00 0.51 0.50 0.50 0.50 0.06 0.00 0.08 0.20 0.42 988 0
Result 1 1.0 1000 0.49 0.21 0.17 0.18 0.21 0.23 -1 -1 -1 -1 -1
Evo 1.05 0.50 1.00 0.51 0.50 0.50 0.50 0.06 0.00 0.08 0.17 0.36 988 0
Result 1 1.0 1000 0.48 0.21 0.21 0.17 0.19 0.22 -1 -1 -1 -1 -1
Evo 1.01 0.50 1.00 0.51 0.50 0.50 0.50 0.06 0.00 0.08 0.13 0.38 988 0
Result 1 1.0 1000 0.50 0.19 0.16 0.17 0.23 0.24 -1 -1 -1 -1 -1
Evo 1.02 0.50 1.00 0.51 0.50 0.50 0.50 0.06 0.00 0.08 0.15 0.39 988 0
Result 1 1.0 1000 0.48 0.20 0.20 0.17 0.22 0.22 -1 -1 -1 -1 -1
Evo 1.02 0.50 1.00 0.51 0.50 0.50 0.50 0.06 0.00 0.08 0.16 0.38 988 0
Result 1 1.0 1000 0.47 0.21 0.19 0.16 0.23 0.21 -1 -1 -1 -1 -1
Evo 1.02 0.50 1.00 0.51 0.50 0.50 0.50 0.06 0.00 0.08 0.16 0.39 988 0
Result 1 1.0 1000 0.47 0.23 0.18 0.16 0.22 0.21 -1 -1 -1 -1 -1
Evo 1.03 0.50 1.00 0.51 0.50 0.50 0.50 0.06 0.00 0.08 0.15 0.38 988 0
Result 1 1.0 1000 0.48 0.23 0.17 0.15 0.23 0.22 -1 -1 -1 -1 -1
Evo 1.01 0.50 1.00 0.51 0.50 0.50 0.50 0.06 0.00 0.08 0.15 0.39 988 0
Result 1 1.0 1000 0.49 0.21 0.17 0.16 0.23 0.23 -1 -1 -1 -1 -1
Evo 1.01 0.50 1.00 0.51 0.50 0.50 0.50 0.06 0.00 0.08 0.13 0.41 988 1
Result 1 1.0 1000 0.49 0.22 0.16 0.15 0.22 0.24 -1 -1 -1 -1 -1
Evo 1.03 0.50 1.00 0.51 0.50 0.50 0.50 0.06 0.00 0.08 0.21 0.38 988 0
Result 1 1.0 1000 0.48 0.20 0.22 0.15 0.20 0.23 -1 -1 -1 -1 -1
Evo 1.01 0.50 1.00 0.51 0.50 0.50 0.50 0.06 0.00 0.08 0.19 0.38 988 0
Result 1 1.0 1000 0.50 0.21 0.17 0.17 0.21 0.25 -1 -1 -1 -1 -1
Evo 1.02 0.50 1.00 0.51 0.50 0.50 0.50 0.06 0.00 0.08 0.18 0.40 988 0
Result 1 1.0 1000 0.48 0.20 0.18 0.17 0.23 0.21 -1 -1 -1 -1 -1
Evo 1.06 0.50 1.00 0.51 0.50 0.50 0.50 0.06 0.00 0.08 0.20 0.48 988 0
Result 1 1.0 1000 0.48 0.19 0.18 0.16 0.24 0.22 -1 -1 -1 -1 -1
Evo 1.05 0.50 1.00 0.51 0.50 0.50 0.50 0.06 0.00 0.08 0.19 0.41 988 0
Result 1 1.0 1000 0.47 0.23 0.21 0.17 0.18 0.20 -1 -1 -1 -1 -1
Evo 1.05 0.50 1.00 0.51 0.50 0.50 0.50 0.06 0.00 0.08 0.28 0.54 988 0
Result 1 1.0 1000 0.44 0.22 0.23 0.20 0.17 0.18 -1 -1 -1 -1 -1
Evo 1.02 0.50 1.00 0.51 0.50 0.50 0.50 0.06 0.00 0.08 0.17 0.36 988 0
Result 1 1.0 1000 0.49 0.21 0.24 0.15 0.17 0.23 -1 -1 -1 -1 -1
Evo 1.04 0.50 1.00 0.51 0.50 0.50 0.50 0.06 0.00 0.08 0.18 0.40 988 0
Result 1 1.0 1000 0.47 0.23 0.18 0.17 0.22 0.21 -1 -1 -1 -1 -1
Evo 1.01 0.50 1.00 0.51 0.50 0.50 0.50 0.06 0.00 0.08 0.13 0.35 988 0
Result 1 1.0 1000 0.49 0.22 0.18 0.16 0.22 0.23 -1 -1 -1 -1 -1
Evo 1.02 0.50 1.00 0.51 0.50 0.50 0.50 0.06 0.00 0.08 0.11 0.33 988 0
Result 1 1.0 1000 0.49 0.23 0.15 0.17 0.22 0.23 -1 -1 -1 -1 -1
Evo 1.01 0.50 1.00 0.51 0.50 0.50 0.50 0.06 0.00 0.08 0.09 0.22 988 0
Result 1 1.0 1000 0.49 0.21 0.16 0.19 0.21 0.23 -1 -1 -1 -1 -1
Evo 1.01 0.50 1.00 0.51 0.50 0.50 0.50 0.06 0.00 0.08 0.09 0.23 988 2
Result 1 1.0 1000 0.47 0.21 0.18 0.18 0.22 0.21 -1 -1 -1 -1 -1
Evo 1.01 0.50 1.00 0.51 0.50 0.50 0.50 0.06 0.00 0.08 0.11 0.25 988 0
Result 1 1.0 1000 0.48 0.22 0.19 0.16 0.21 0.22 -1 -1 -1 -1 -1
Evo 1.02 0.50 1.00 0.51 0.50 0.50 0.50 0.06 0.00 0.08 0.10 0.25 988 0
Result 1 1.0 1000 0.47 0.21 0.17 0.19 0.22 0.21 -1 -1 -1 -1 -1
Evo 1.02 0.50 1.00 0.51 0.50 0.50 0.50 0.06 0.00 0.01 0.21 0.48 988 0
Result 1 48.0 1000 0.48 0.22 0.18 0.17 0.20 0.22 -1 -1 -1 -1 -1
Evo 1.03 0.50 1.00 0.51 0.50 0.50 0.50 0.06 0.00 0.08 0.10 0.23 988 0
Result 1 1.0 1000 0.49 0.21 0.18 0.17 0.22 0.23 -1 -1 -1 -1 -1
Evo 1.05 0.50 1.00 0.51 0.50 0.50 0.50 0.06 0.00 0.40 0.21 0.48 988 2
Result 1 96.0 1000 0.46 0.22 0.20 0.20 0.18 0.20 -1 -1 -1 -1 -1
Evo 1.03 0.50 1.00 0.51 0.50 0.50 0.50 0.06 0.00 0.08 0.11 0.26 988 1
Result 1 1.0 1000 0.46 0.21 0.18 0.18 0.24 0.20 -1 -1 -1 -1 -1
Evo 1.01 0.50 1.00 0.51 0.50 0.50 0.50 0.06 0.00 0.08 0.09 0.21 988 0
Result 1 1.0 1000 0.47 0.21 0.15 0.18 0.25 0.21 -1 -1 -1 -1 -1
Evo 1.02 0.50 1.00 0.51 0.50 0.50 0.50 0.06 0.00 0.08 0.10 0.25 988 0
Result 1 1.0 1000 0.47 0.20 0.19 0.20 0.21 0.21 -1 -1 -1 -1 -1
Evo 1.00 0.50 1.00 0.51 0.50 0.50 0.50 0.06 0.00 0.08 0.08 0.23 988 0
Result 1 1.0 1000 0.47 0.22 0.16 0.20 0.21 0.20 -1 -1 -1 -1 -1
Evo 1.02 0.50 1.00 0.51 0.50 0.50 0.50 0.06 0.00 0.08 0.15 0.31 988 1
Result 1 1.0 1000 0.45 0.21 0.19 0.21 0.21 0.18 -1 -1 -1 -1 -1
Evo 1.01 0.50 1.00 0.51 0.50 0.50 0.50 0.06 0.00 0.08 0.14 0.30 988 0
Result 1 1.0 1000 0.44 0.22 0.20 0.21 0.20 0.17 -1 -1 -1 -1 -1
Evo 1.00 0.50 1.00 0.51 0.50 0.50 0.50 0.06 0.00 0.08 0.08 0.23 988 1
Result 1 1.0 1000 0.48 0.20 0.17 0.21 0.20 0.22 -1 -1 -1 -1 -1
Evo 1.04 0.50 1.00 0.51 0.50 0.50 0.50 0.06 0.00 0.08 0.15 0.31 988 0
Result 1 1.0 1000 0.43 0.21 0.19 0.21 0.21 0.17 -1 -1 -1 -1 -1
Evo 1.03 0.50 1.00 0.51 0.50 0.50 0.50 0.06 0.00 0.08 0.12 0.28 988 2
Result 1 1.0 1000 0.47 0.19 0.17 0.21 0.23 0.20 -1 -1 -1 -1 -1
Evo 1.01 0.50 1.00 0.51 0.50 0.50 0.50 0.06 0.00 0.08 0.10 0.23 988 0
Result 1 1.0 1000 0.47 0.22 0.19 0.17 0.21 0.20 -1 -1 -1 -1 -1
Evo 1.01 0.50 1.00 0.51 0.50 0.50 0.50 0.06 0.00 0.08 0.10 0.23 988 0
Result 1 1.0 1000 0.48 0.22 0.17 0.19 0.21 0.21 -1 -1 -1 -1 -1
Evo 1.01 0.50 1.00 0.51 0.50 0.50 0.50 0.06 0.00 0.08 0.11 0.27 988 0
Result 1 1.0 1000 0.43 0.21 0.22 0.20 0.20 0.16 -1 -1 -1 -1 -1
Evo 1.02 0.50 1.00 0.51 0.50 0.50 0.50 0.06 0.00 0.08 0.09 0.23 988 0
Result 1 1.0 1000 0.47 0.20 0.17 0.18 0.24 0.20 -1 -1 -1 -1 -1
