Evo 1.29 0.00 1.00 0.98 1.00 1.00 1.00 0.14 0.01 0.04 0.75 1.74 488 8
Result 1 1.0 500 0.45 0.21 0.20 0.19 0.21 0.19 -1 -1 -1 -1 -1
Evo 1.21 0.40 1.00 0.51 0.50 0.50 0.50 0.08 0.00 0.04 0.76 1.67 488 8
Result 1 1.0 500 0.46 0.23 0.19 0.20 0.20 0.19 -1 -1 -1 -1 -1
Evo 1.26 0.10 1.00 0.50 0.50 0.50 0.50 0.10 0.00 0.04 0.73 1.54 488 8
Result 1 1.0 500 0.44 0.22 0.22 0.17 0.22 0.18 -1 -1 -1 -1 -1
Evo 1.08 0.00 0.50 0.43 0.50 0.50 0.50 0.18 0.02 0.40 0.22 0.82 -1 8
Result 0 0.0 90 0.51 0.16 0.18 0.26 0.19 0.21 -1 -1 -1 -1 -1
Evo 1.04 0.00 0.50 0.43 0.50 0.50 0.50 0.18 0.02 0.40 0.20 0.89 -1 8
Result 0 0.0 90 0.50 0.14 0.24 0.25 0.16 0.20 -1 -1 -1 -1 -1
Evo 1.14 0.30 1.00 0.51 0.50 0.50 0.50 0.08 0.00 0.04 0.62 1.63 488 9
Result 1 1.0 500 0.44 0.22 0.20 0.18 0.23 0.17 -1 -1 -1 -1 -1
Evo 1.08 0.40 1.00 0.51 0.50 0.50 0.50 0.08 0.00 0.06 0.56 1.49 488 9
Result 1 1.0 500 0.45 0.23 0.19 0.19 0.20 0.19 -1 -1 -1 -1 -1
Evo 1.13 0.20 1.00 0.51 0.50 0.50 0.50 0.09 0.00 0.06 0.56 1.35 488 6
Result 1 1.0 500 0.46 0.21 0.18 0.19 0.23 0.19 -1 -1 -1 -1 -1
Evo 1.27 0.10 1.00 0.51 0.50 0.50 0.50 0.09 0.00 0.02 0.32 0.92 488 8
Result 1 1.0 500 0.44 0.25 0.17 0.18 0.22 0.19 -1 -1 -1 -1 -1
Evo 1.25 0.30 1.00 0.51 0.50 0.50 0.50 0.08 0.00 0.06 0.61 1.66 488 2
Result 1 1.0 500 0.45 0.23 0.19 0.18 0.21 0.19 -1 -1 -1 -1 -1
Evo 1.20 0.10 1.00 0.51 0.50 0.50 0.50 0.09 0.00 0.04 0.42 1.03 488 3
Result 1 1.0 500 0.44 0.23 0.19 0.17 0.23 0.18 -1 -1 -1 -1 -1
Evo 1.13 0.40 1.00 0.51 0.50 0.50 0.50 0.08 0.00 0.04 0.72 1.81 488 1
Result 1 1.0 500 0.47 0.20 0.17 0.20 0.23 0.21 -1 -1 -1 -1 -1
Evo 1.28 0.10 1.00 0.50 0.50 0.50 0.50 0.10 0.00 0.03 0.54 1.29 488 0
Result 1 1.0 500 0.45 0.22 0.18 0.19 0.22 0.19 -1 -1 -1 -1 -1
Evo 1.08 0.40 1.00 0.51 0.50 0.50 0.50 0.08 0.00 0.08 0.44 1.27 488 7
Result 1 1.0 500 0.45 0.23 0.18 0.19 0.21 0.19 -1 -1 -1 -1 -1
Evo 1.15 0.20 1.00 0.51 0.50 0.50 0.50 0.08 0.00 0.02 0.49 1.28 488 8
Result 1 1.0 500 0.46 0.21 0.18 0.20 0.22 0.19 -1 -1 -1 -1 -1
Evo 1.17 0.40 1.00 0.51 0.50 0.50 0.50 0.08 0.00 0.13 0.57 1.50 488 8
Result 1 1.0 500 0.46 0.22 0.18 0.19 0.21 0.20 -1 -1 -1 -1 -1
Evo 1.24 0.00 1.00 0.50 0.50 0.50 0.50 0.10 0.00 0.06 0.83 1.91 488 5
Result 1 1.0 500 0.44 0.24 0.20 0.18 0.21 0.19 -1 -1 -1 -1 -1
Evo 1.12 0.10 1.00 0.51 0.50 0.50 0.50 0.09 0.00 0.04 0.61 1.40 488 9
Result 1 1.0 500 0.46 0.19 0.21 0.20 0.21 0.20 -1 -1 -1 -1 -1
Evo 1.05 0.30 1.00 0.51 0.50 0.50 0.50 0.08 0.00 0.06 0.56 1.43 488 8
Result 1 1.0 500 0.47 0.21 0.19 0.20 0.20 0.21 -1 -1 -1 -1 -1
Evo 1.26 0.00 0.50 0.48 0.50 0.50 0.50 0.10 0.01 0.04 0.73 2.03 -1 6
Result 0 0.0 390 0.46 0.20 0.19 0.19 0.23 0.19 -1 -1 -1 -1 -1
Evo 1.55 0.00 1.00 0.47 0.50 0.50 0.50 0.13 0.01 0.03 0.59 1.36 488 9
Result 1 1.0 500 0.45 0.23 0.17 0.18 0.22 0.19 -1 -1 -1 -1 -1
Evo 1.38 0.00 0.50 0.43 0.50 0.50 0.50 0.16 0.02 0.12 0.23 0.74 -1 4
Result 0 0.0 96 0.45 0.22 0.19 0.19 0.25 0.16 -1 -1 -1 -1 -1
Evo 1.61 0.00 1.00 0.46 0.50 0.50 0.50 0.14 0.01 0.12 0.41 1.01 488 4
Result 1 1.0 500 0.46 0.21 0.16 0.20 0.25 0.19 -1 -1 -1 -1 -1
Evo 1.55 0.00 0.50 0.44 0.50 0.50 0.50 0.14 0.01 0.13 0.33 1.11 -1 1
Result 0 0.0 198 0.47 0.22 0.17 0.20 0.21 0.20 -1 -1 -1 -1 -1
Evo 1.60 0.00 1.00 0.47 0.50 0.50 0.50 0.13 0.01 0.10 0.40 0.99 488 11
Result 1 1.0 500 0.48 0.23 0.13 0.22 0.22 0.20 -1 -1 -1 -1 -1
Evo 1.46 0.00 1.00 0.48 0.50 0.50 0.50 0.12 0.01 0.03 0.61 1.25 488 8
Result 1 1.0 500 0.44 0.21 0.20 0.17 0.24 0.18 -1 -1 -1 -1 -1
Evo 1.40 0.00 0.50 0.44 0.50 0.50 0.50 0.13 0.01 0.17 0.42 1.11 -1 7
Result 0 0.0 295 0.45 0.20 0.20 0.18 0.24 0.18 -1 -1 -1 -1 -1
Evo 1.54 0.00 0.50 0.45 0.50 0.50 0.50 0.11 0.01 0.07 0.41 0.93 -1 7
Result 0 0.0 495 0.46 0.22 0.16 0.20 0.23 0.20 -1 -1 -1 -1 -1
Evo 1.48 0.00 0.50 0.39 0.50 0.50 0.50 0.21 0.03 0.12 0.11 0.65 -1 8
Result 0 0.0 46 0.43 0.15 0.23 0.17 0.28 0.17 -1 -1 -1 -1 -1
Evo 1.50 0.00 0.50 0.44 0.50 0.50 0.50 0.14 0.01 0.17 0.35 0.92 -1 4
Result 0 0.0 147 0.46 0.20 0.18 0.20 0.23 0.19 -1 -1 -1 -1 -1
Evo 1.75 0.00 0.50 0.44 0.50 0.50 0.50 0.13 0.01 0.12 0.39 1.06 -1 11
Result 0 0.0 290 0.45 0.23 0.16 0.19 0.23 0.20 -1 -1 -1 -1 -1
Evo 1.78 0.00 0.50 0.44 0.50 0.50 0.50 0.15 0.01 0.07 0.37 1.04 -1 6
Result 0 0.0 190 0.43 0.28 0.18 0.17 0.19 0.18 -1 -1 -1 -1 -1
Evo 1.29 0.00 0.50 0.42 0.50 0.50 0.50 0.16 0.02 0.07 0.17 0.75 -1 9
Result 0 0.0 96 0.48 0.25 0.16 0.22 0.19 0.19 -1 -1 -1 -1 -1
Evo 1.68 0.00 0.50 0.44 0.50 0.50 0.50 0.14 0.01 0.11 0.29 0.89 -1 8
Result 0 0.0 199 0.43 0.24 0.18 0.17 0.25 0.17 -1 -1 -1 -1 -1
Evo 1.23 0.00 0.50 0.38 0.30 0.50 0.50 0.21 0.03 0.49 0.11 0.66 -1 3
Result 0 0.0 47 0.45 0.27 0.17 0.19 0.21 0.17 -1 -1 -1 -1 -1
Evo 1.47 0.00 0.50 0.41 0.40 0.50 0.50 0.17 0.02 0.07 0.29 0.84 -1 0
Result 0 0.0 99 0.48 0.13 0.17 0.22 0.24 0.24 -1 -1 -1 -1 -1
Evo 1.41 0.00 0.50 0.45 0.50 0.50 0.50 0.13 0.01 0.10 0.49 1.18 -1 11
Result 0 0.0 347 0.47 0.22 0.17 0.20 0.21 0.20 -1 -1 -1 -1 -1
Evo 1.58 0.00 0.50 0.44 0.50 0.50 0.50 0.13 0.01 0.15 0.51 1.37 -1 3
Result 0 0.0 297 0.45 0.22 0.18 0.18 0.23 0.18 -1 -1 -1 -1 -1
Evo 1.61 0.10 1.00 0.47 0.50 0.50 0.50 0.12 0.01 0.11 0.53 1.29 488 0
Result 1 1.0 500 0.44 0.26 0.18 0.17 0.21 0.18 -1 -1 -1 -1 -1
Evo 1.71 0.00 0.50 0.44 0.50 0.50 0.50 0.12 0.01 0.23 0.44 1.07 -1 10
Result 0 0.0 397 0.45 0.26 0.16 0.19 0.22 0.18 -1 -1 -1 -1 -1
Evo 1.55 0.10 1.00 0.49 0.50 0.50 0.50 0.11 0.00 0.02 0.53 1.15 488 0
Result 1 1.0 500 0.46 0.20 0.18 0.19 0.24 0.19 -1 -1 -1 -1 -1
Evo 1.68 0.10 1.00 0.49 0.50 0.50 0.50 0.11 0.01 0.19 0.50 1.27 488 6
Result 1 1.0 500 0.41 0.24 0.20 0.15 0.26 0.16 -1 -1 -1 -1 -1
Evo 1.57 0.10 1.00 0.48 0.50 0.50 0.50 0.12 0.01 0.09 0.47 1.13 488 5
Result 1 1.0 500 0.44 0.22 0.19 0.18 0.22 0.19 -1 -1 -1 -1 -1
Evo 1.29 0.00 0.50 0.45 0.50 0.50 0.50 0.12 0.01 0.07 0.36 0.99 -1 1
Result 0 0.0 290 0.47 0.23 0.17 0.20 0.21 0.19 -1 -1 -1 -1 -1
Evo 1.44 0.00 1.00 0.48 0.50 0.50 0.50 0.12 0.01 0.06 0.61 1.39 488 9
Result 1 1.0 500 0.45 0.23 0.18 0.18 0.22 0.19 -1 -1 -1 -1 -1
Evo 1.51 0.00 1.00 0.48 0.50 0.50 0.50 0.12 0.01 0.04 0.47 1.11 488 9
Result 1 1.0 500 0.45 0.23 0.17 0.19 0.22 0.20 -1 -1 -1 -1 -1
Evo 1.48 0.00 1.00 0.48 0.50 0.50 0.50 0.12 0.01 0.02 0.40 1.01 488 2
Result 1 1.0 500 0.46 0.21 0.16 0.19 0.24 0.20 -1 -1 -1 -1 -1
Evo 1.47 0.10 1.00 0.48 0.50 0.50 0.50 0.12 0.01 0.06 0.49 1.27 488 6
Result 1 1.0 500 0.43 0.18 0.21 0.17 0.27 0.17 -1 -1 -1 -1 -1
Evo 1.52 0.00 1.00 0.48 0.50 0.50 0.50 0.12 0.01 0.03 0.61 1.29 488 1
Result 1 1.0 500 0.45 0.21 0.19 0.19 0.23 0.19 -1 -1 -1 -1 -1
Evo 1.38 0.00 1.00 0.49 0.50 0.50 0.50 0.11 0.00 0.06 0.47 1.27 488 7
Result 1 1.0 500 0.47 0.20 0.18 0.21 0.22 0.20 -1 -1 -1 -1 -1
Evo 1.28 0.10 1.00 0.49 0.50 0.50 0.50 0.11 0.00 0.04 0.45 1.13 488 11
Result 1 1.0 500 0.46 0.22 0.17 0.20 0.23 0.19 -1 -1 -1 -1 -1
Evo 1.45 0.10 1.00 0.49 0.50 0.50 0.50 0.11 0.00 0.02 0.52 1.41 488 5
Result 1 1.0 500 0.45 0.22 0.18 0.19 0.23 0.18 -1 -1 -1 -1 -1
Evo 1.41 0.00 1.00 0.49 0.50 0.50 0.50 0.11 0.01 0.17 0.53 1.19 488 0
Result 1 1.0 500 0.47 0.22 0.17 0.20 0.21 0.19 -1 -1 -1 -1 -1
Evo 1.43 0.10 1.00 0.49 0.50 0.50 0.50 0.11 0.01 0.04 0.45 1.21 488 4
Result 1 1.0 500 0.46 0.17 0.20 0.19 0.24 0.20 -1 -1 -1 -1 -1
Evo 1.53 0.00 1.00 0.48 0.50 0.50 0.50 0.12 0.01 0.08 0.49 1.17 488 11
Result 1 1.0 500 0.46 0.25 0.14 0.19 0.22 0.20 -1 -1 -1 -1 -1
Evo 1.73 0.10 1.00 0.49 0.50 0.50 0.50 0.12 0.01 0.22 0.49 1.21 488 13
Result 1 1.0 500 0.45 0.26 0.16 0.19 0.21 0.19 -1 -1 -1 -1 -1
Evo 1.42 0.00 1.00 0.49 0.50 0.50 0.50 0.11 0.01 0.19 0.51 1.14 488 0
Result 1 1.0 500 0.45 0.24 0.17 0.19 0.21 0.19 -1 -1 -1 -1 -1
Evo 1.73 0.00 1.00 0.48 0.50 0.50 0.50 0.12 0.01 0.09 0.38 1.08 488 5
Result 1 1.0 500 0.46 0.24 0.17 0.19 0.23 0.18 -1 -1 -1 -1 -1
Evo 1.38 0.00 1.00 0.49 0.50 0.50 0.50 0.11 0.00 0.02 0.45 1.19 488 10
Result 1 1.0 500 0.44 0.23 0.18 0.18 0.23 0.18 -1 -1 -1 -1 -1
Evo 1.57 0.00 1.00 0.49 0.50 0.50 0.50 0.11 0.01 0.04 0.49 1.20 488 9
Result 1 1.0 500 0.44 0.23 0.19 0.17 0.24 0.16 -1 -1 -1 -1 -1
Evo 1.48 0.00 0.50 0.45 0.50 0.50 0.50 0.12 0.01 0.03 0.40 1.17 -1 10
Result 0 0.0 248 0.45 0.21 0.20 0.19 0.22 0.18 -1 -1 -1 -1 -1
Evo 1.50 0.10 1.00 0.48 0.50 0.50 0.50 0.11 0.00 0.02 0.49 1.19 488 9
Result 1 1.0 500 0.46 0.21 0.19 0.20 0.22 0.19 -1 -1 -1 -1 -1
Evo 1.35 0.10 1.00 0.49 0.50 0.50 0.50 0.11 0.00 0.02 0.55 1.41 488 7
Result 1 1.0 500 0.46 0.23 0.16 0.20 0.21 0.20 -1 -1 -1 -1 -1
Evo 1.69 0.10 1.00 0.48 0.50 0.50 0.50 0.11 0.01 0.03 0.48 1.13 488 2
Result 1 1.0 500 0.44 0.21 0.19 0.17 0.25 0.18 -1 -1 -1 -1 -1
Evo 1.72 0.10 1.00 0.48 0.50 0.50 0.50 0.12 0.01 0.03 0.47 1.26 488 11
Result 1 1.0 500 0.46 0.20 0.18 0.19 0.23 0.20 -1 -1 -1 -1 -1
Evo 1.42 0.10 1.00 0.48 0.50 0.50 0.50 0.11 0.00 0.03 0.53 1.39 488 10
Result 1 1.0 500 0.45 0.23 0.18 0.19 0.21 0.19 -1 -1 -1 -1 -1
Evo 1.36 0.00 1.00 0.48 0.50 0.50 0.50 0.12 0.01 0.03 0.49 1.35 488 9
Result 1 1.0 500 0.46 0.23 0.17 0.19 0.21 0.20 -1 -1 -1 -1 -1
Evo 1.49 0.10 1.00 0.48 0.50 0.50 0.50 0.12 0.01 0.12 0.47 1.31 488 5
Result 1 1.0 500 0.46 0.24 0.17 0.20 0.21 0.18 -1 -1 -1 -1 -1
Evo 1.64 0.00 1.00 0.48 0.50 0.50 0.50 0.11 0.00 0.02 0.51 1.22 488 10
Result 1 1.0 500 0.47 0.20 0.17 0.20 0.23 0.19 -1 -1 -1 -1 -1
Evo 1.52 0.00 1.00 0.49 0.50 0.50 0.50 0.11 0.00 0.03 0.44 1.19 488 9
Result 1 1.0 500 0.44 0.23 0.19 0.17 0.23 0.18 -1 -1 -1 -1 -1
Evo 1.57 0.00 0.50 0.46 0.50 0.50 0.50 0.11 0.01 0.02 0.38 1.05 -1 11
Result 0 0.0 389 0.46 0.24 0.16 0.20 0.22 0.18 -1 -1 -1 -1 -1
Evo 1.47 0.10 1.00 0.48 0.50 0.50 0.50 0.11 0.01 0.03 0.45 1.15 488 10
Result 1 1.0 500 0.46 0.20 0.17 0.20 0.23 0.20 -1 -1 -1 -1 -1
Evo 1.51 0.00 1.00 0.48 0.50 0.50 0.50 0.11 0.01 0.02 0.41 1.15 488 1
Result 1 1.0 500 0.44 0.21 0.18 0.17 0.26 0.18 -1 -1 -1 -1 -1
Evo 1.36 0.10 1.00 0.48 0.50 0.50 0.50 0.12 0.01 0.02 0.47 1.19 488 11
Result 1 1.0 500 0.44 0.24 0.17 0.17 0.26 0.16 -1 -1 -1 -1 -1
Evo 1.53 0.00 1.00 0.49 0.50 0.50 0.50 0.11 0.00 0.03 0.54 1.31 488 1
Result 1 1.0 500 0.46 0.21 0.18 0.20 0.23 0.19 -1 -1 -1 -1 -1
Evo 1.36 0.00 0.50 0.46 0.50 0.50 0.50 0.11 0.01 0.08 0.47 1.31 -1 9
Result 0 0.0 422 0.46 0.23 0.18 0.19 0.20 0.20 -1 -1 -1 -1 -1
Evo 1.40 0.00 1.00 0.48 0.50 0.50 0.50 0.12 0.01 0.03 0.55 1.19 488 11
Result 1 1.0 500 0.44 0.22 0.18 0.18 0.26 0.17 -1 -1 -1 -1 -1
Evo 1.42 0.10 1.00 0.49 0.50 0.50 0.50 0.11 0.00 0.03 0.56 1.41 488 11
Result 1 1.0 500 0.44 0.23 0.19 0.18 0.23 0.17 -1 -1 -1 -1 -1
Evo 1.47 0.10 1.00 0.48 0.50 0.50 0.50 0.11 0.00 0.04 0.37 1.01 488 0
Result 1 1.0 500 0.44 0.20 0.19 0.18 0.26 0.18 -1 -1 -1 -1 -1
Evo 1.42 0.00 0.50 0.44 0.50 0.50 0.50 0.14 0.01 0.12 0.39 1.18 -1 2
Result 0 0.0 190 0.49 0.14 0.18 0.23 0.26 0.19 -1 -1 -1 -1 -1
Evo 1.04 0.00 0.50 0.27 0.00 0.40 0.50 0.25 0.05 0.28 0.07 0.45 -1 7
Result 0 0.0 26 0.52 0.33 0.11 0.30 0.15 0.11 -1 -1 -1 -1 -1
Evo 1.04 0.00 0.50 0.27 0.00 0.50 0.50 0.25 0.05 0.52 0.09 0.53 -1 8
Result 0 0.0 26 0.50 0.30 0.22 0.26 0.19 0.04 -1 -1 -1 -1 -1
Evo 1.42 0.00 0.50 0.45 0.50 0.50 0.50 0.15 0.01 0.06 0.25 0.83 -1 8
Result 0 0.0 125 0.46 0.21 0.21 0.19 0.23 0.16 -1 -1 -1 -1 -1
Evo 1.24 0.00 0.50 0.41 0.50 0.50 0.50 0.18 0.02 0.07 0.21 0.77 -1 1
Result 0 0.0 90 0.48 0.21 0.19 0.22 0.20 0.19 -1 -1 -1 -1 -1
Evo 1.17 0.00 0.50 0.43 0.50 0.50 0.50 0.16 0.01 0.06 0.25 0.81 -1 0
Result 0 0.0 126 0.51 0.24 0.12 0.26 0.18 0.20 -1 -1 -1 -1 -1
Evo 1.12 0.00 0.50 0.27 0.00 0.30 0.50 0.23 0.05 0.18 0.06 0.44 -1 7
Result 0 0.0 25 0.46 0.19 0.19 0.19 0.19 0.23 -1 -1 -1 -1 -1
Evo 1.13 0.00 0.50 0.43 0.50 0.50 0.50 0.16 0.01 0.09 0.31 1.01 -1 9
Result 0 0.0 127 0.48 0.19 0.20 0.22 0.22 0.17 -1 -1 -1 -1 -1
Evo 1.88 0.00 0.50 0.42 0.50 0.50 0.50 0.18 0.02 0.07 0.23 0.84 -1 7
Result 0 0.0 90 0.49 0.26 0.15 0.23 0.19 0.16 -1 -1 -1 -1 -1
Evo 1.74 0.00 0.50 0.42 0.50 0.50 0.50 0.17 0.01 0.09 0.27 0.87 -1 9
Result 0 0.0 127 0.49 0.21 0.17 0.23 0.20 0.19 -1 -1 -1 -1 -1
Evo 1.26 0.00 0.50 0.26 0.00 0.40 0.50 0.25 0.05 0.17 0.09 0.37 -1 9
Result 0 0.0 27 0.53 0.07 0.14 0.36 0.25 0.18 -1 -1 -1 -1 -1
Evo 1.16 0.00 0.50 0.29 0.00 0.50 0.50 0.25 0.05 0.53 0.05 0.39 -1 8
Result 0 0.0 25 0.51 0.15 0.08 0.27 0.31 0.19 -1 -1 -1 -1 -1
Evo 1.04 0.00 0.50 0.26 0.00 0.30 0.50 0.25 0.05 0.52 0.07 0.42 -1 7
Result 0 0.0 26 0.50 0.30 0.11 0.26 0.19 0.15 -1 -1 -1 -1 -1
Evo 1.23 0.00 0.50 0.27 0.00 0.40 0.50 0.25 0.05 0.28 0.07 0.55 -1 7
Result 0 0.0 26 0.52 0.33 0.15 0.30 0.15 0.07 -1 -1 -1 -1 -1
Evo 1.22 0.00 0.50 0.40 0.40 0.50 0.50 0.19 0.02 0.07 0.22 1.00 -1 8
Result 0 0.0 90 0.46 0.24 0.23 0.20 0.16 0.16 -1 -1 -1 -1 -1
Evo 2.04 0.00 0.50 0.43 0.50 0.50 0.50 0.15 0.01 0.13 0.22 0.83 -1 8
Result 0 0.0 126 0.47 0.26 0.16 0.20 0.20 0.17 -1 -1 -1 -1 -1
Evo 1.15 0.00 0.50 0.26 0.00 0.40 0.50 0.25 0.05 0.17 0.08 0.39 -1 9
Result 0 0.0 27 0.52 0.11 0.07 0.43 0.21 0.18 -1 -1 -1 -1 -1
Evo 1.23 0.00 0.50 0.42 0.50 0.50 0.50 0.18 0.02 0.12 0.19 0.78 -1 9
Result 0 0.0 90 0.48 0.20 0.18 0.22 0.24 0.16 -1 -1 -1 -1 -1
Evo 1.23 0.00 0.50 0.45 0.50 0.50 0.50 0.14 0.01 0.06 0.44 1.42 -1 4
Result 0 0.0 124 0.46 0.21 0.23 0.20 0.21 0.15 -1 -1 -1 -1 -1
Evo 1.17 0.00 0.50 0.40 0.40 0.50 0.50 0.18 0.02 0.20 0.17 0.65 -1 8
Result 0 0.0 90 0.49 0.19 0.13 0.23 0.23 0.22 -1 -1 -1 -1 -1
Evo 1.04 0.00 0.50 0.27 0.00 0.50 0.50 0.25 0.05 0.18 0.09 0.50 -1 7
Result 0 0.0 26 0.50 0.37 0.15 0.26 0.15 0.07 -1 -1 -1 -1 -1
