Evo 1.06 0.00 1.00 0.93 1.00 1.00 1.00 0.25 0.01 0.02 0.14 0.27 -1 28
Result 0 7.0 488 0.49 0.23 0.21 0.19 0.18 0.19 -1 -1 -1 -1 -1
Evo 1.23 0.00 1.00 0.95 1.00 1.00 1.00 0.22 0.01 0.03 0.08 0.22 -1 46
Result 0 6.0 266 0.48 0.21 0.19 0.22 0.18 0.20 -1 -1 -1 -1 -1
Evo 1.11 0.00 1.00 0.98 1.00 1.00 1.00 0.14 0.01 0.02 0.17 0.26 -1 42
Result 0 7.0 616 0.47 0.21 0.21 0.18 0.20 0.20 -1 -1 -1 -1 -1
Evo 1.13 0.00 1.00 0.98 1.00 1.00 1.00 0.15 0.01 0.04 0.08 0.18 -1 36
Result 0 6.0 506 0.46 0.20 0.19 0.21 0.18 0.22 -1 -1 -1 -1 -1
Evo 1.02 0.00 1.00 0.99 1.00 1.00 1.00 0.08 0.00 0.02 0.21 0.30 -1 19
Result 0 7.0 2000 0.47 0.21 0.20 0.19 0.20 0.20 -1 -1 -1 -1 -1
Evo 1.06 0.00 1.00 0.97 1.00 1.00 1.00 0.16 0.01 0.02 0.12 0.26 -1 34
Result 0 7.0 430 0.46 0.19 0.19 0.20 0.22 0.20 -1 -1 -1 -1 -1
Evo 1.03 0.00 1.00 0.99 1.00 1.00 1.00 0.07 0.00 0.01 0.12 0.24 -1 17
Result 0 2.0 994 0.48 0.22 0.20 0.20 0.19 0.20 -1 -1 -1 -1 -1
Evo 1.41 0.00 1.00 0.85 1.00 1.00 1.00 0.36 0.04 0.19 0.06 0.22 -1 6
Result 0 6.0 74 0.44 0.17 0.16 0.27 0.13 0.27 -1 -1 -1 -1 -1
Evo 1.07 0.00 1.00 0.99 1.00 1.00 1.00 0.08 0.00 0.30 0.19 0.32 -1 7
Result 0 7.0 2000 0.46 0.20 0.21 0.20 0.19 0.20 -1 -1 -1 -1 -1
Evo 1.05 0.00 1.00 0.99 1.00 1.00 1.00 0.08 0.00 0.51 0.20 0.26 -1 26
Result 0 7.0 2000 0.47 0.21 0.20 0.21 0.19 0.18 -1 -1 -1 -1 -1
Evo 1.03 0.00 1.00 0.99 1.00 1.00 1.00 0.08 0.00 0.53 0.16 0.27 -1 10
Result 0 7.0 2000 0.46 0.20 0.19 0.21 0.21 0.19 -1 -1 -1 -1 -1
Evo 1.13 0.00 1.00 0.98 1.00 1.00 1.00 0.14 0.01 0.01 0.12 0.25 -1 13
Result 0 6.0 692 0.49 0.23 0.19 0.22 0.20 0.16 -1 -1 -1 -1 -1
Evo 1.06 0.00 1.00 0.99 1.00 1.00 1.00 0.09 0.00 0.46 0.18 0.26 -1 0
Result 0 8.0 1034 0.47 0.20 0.21 0.20 0.18 0.20 -1 -1 -1 -1 -1
Evo 1.04 0.00 1.00 0.99 1.00 1.00 1.00 0.07 0.00 0.01 0.15 0.24 -1 27
Result 0 7.0 1992 0.47 0.21 0.20 0.19 0.21 0.20 -1 -1 -1 -1 -1
Evo 1.15 0.00 1.00 0.97 1.00 1.00 1.00 0.17 0.01 0.05 0.06 0.26 -1 19
Result 0 6.0 448 0.45 0.19 0.18 0.21 0.20 0.22 -1 -1 -1 -1 -1
Evo 1.24 0.00 1.00 0.92 1.00 1.00 1.00 0.28 0.02 0.09 0.06 0.21 -1 12
Result 0 6.0 132 0.49 0.23 0.23 0.14 0.21 0.19 -1 -1 -1 -1 -1
Evo 1.08 0.00 1.00 0.99 1.00 1.00 1.00 0.12 0.00 0.02 0.17 0.31 -1 14
Result 0 7.0 900 0.48 0.22 0.19 0.20 0.19 0.21 -1 -1 -1 -1 -1
Evo 1.19 0.00 1.00 0.95 1.00 1.00 1.00 0.22 0.01 0.06 0.11 0.25 -1 14
Result 0 6.0 207 0.45 0.18 0.16 0.20 0.22 0.24 -1 -1 -1 -1 -1
Evo 1.02 0.00 1.00 0.89 1.00 1.00 1.00 0.31 0.04 0.15 0.02 0.05 -1 15
Result 0 0.0 54 0.48 0.22 0.24 0.20 0.15 0.20 -1 -1 -1 -1 -1
Evo 1.03 0.00 1.00 0.99 1.00 1.00 1.00 0.08 0.00 0.01 0.20 0.27 -1 8
Result 0 8.0 2000 0.46 0.20 0.17 0.22 0.19 0.22 -1 -1 -1 -1 -1
Evo 1.04 0.00 1.00 0.99 1.00 1.00 1.00 0.08 0.00 0.01 0.26 0.35 -1 5
Result 0 10.0 2000 0.47 0.21 0.20 0.20 0.21 0.18 -1 -1 -1 -1 -1
Evo 1.01 0.00 1.00 0.99 1.00 1.00 1.00 0.08 0.00 0.01 0.22 0.26 -1 48
Result 0 9.0 2000 0.46 0.19 0.20 0.21 0.21 0.19 -1 -1 -1 -1 -1
Evo 1.03 0.00 1.00 0.99 1.00 1.00 1.00 0.08 0.00 0.01 0.20 0.26 -1 1
Result 0 9.0 2000 0.46 0.20 0.20 0.21 0.20 0.19 -1 -1 -1 -1 -1
Evo 1.06 0.00 1.00 0.99 1.00 1.00 1.00 0.08 0.00 0.01 0.08 0.18 -1 6
Result 0 6.0 2000 0.47 0.20 0.21 0.22 0.18 0.19 -1 -1 -1 -1 -1
Evo 1.08 0.00 1.00 0.99 1.00 1.00 1.00 0.08 0.00 0.01 0.25 0.30 -1 10
Result 0 9.0 2000 0.47 0.21 0.19 0.19 0.20 0.21 -1 -1 -1 -1 -1
Evo 1.05 0.00 1.00 0.99 1.00 1.00 1.00 0.08 0.00 0.01 0.21 0.32 -1 63
Result 0 9.0 2000 0.47 0.21 0.18 0.18 0.21 0.21 -1 -1 -1 -1 -1
Evo 1.20 0.00 1.00 0.99 1.00 1.00 1.00 0.08 0.00 0.07 0.13 0.21 -1 66
Result 0 3.0 2000 0.47 0.21 0.18 0.18 0.21 0.22 -1 -1 -1 -1 -1
Evo 1.04 0.00 1.00 0.99 1.00 1.00 1.00 0.08 0.00 0.01 0.25 0.30 -1 2
Result 0 9.0 2000 0.48 0.22 0.19 0.19 0.19 0.20 -1 -1 -1 -1 -1
Evo 1.04 0.00 1.00 0.99 1.00 1.00 1.00 0.08 0.00 0.01 0.18 0.25 -1 2
Result 0 9.0 2000 0.46 0.19 0.21 0.22 0.18 0.20 -1 -1 -1 -1 -1
Evo 1.03 0.00 1.00 0.99 1.00 1.00 1.00 0.08 0.00 0.01 0.12 0.22 -1 27
Result 0 3.0 2000 0.47 0.21 0.17 0.20 0.22 0.20 -1 -1 -1 -1 -1
Evo 1.02 0.00 1.00 0.99 1.00 1.00 1.00 0.08 0.00 0.02 0.21 0.29 -1 5
Result 0 9.0 2000 0.47 0.20 0.18 0.20 0.21 0.20 -1 -1 -1 -1 -1
Evo 1.08 0.00 1.00 0.99 1.00 1.00 1.00 0.08 0.00 0.01 0.25 0.31 -1 4
Result 0 9.0 2000 0.48 0.22 0.20 0.19 0.20 0.19 -1 -1 -1 -1 -1
Evo 1.07 0.00 1.00 0.99 1.00 1.00 1.00 0.08 0.00 0.01 0.10 0.21 -1 15
Result 0 6.0 2000 0.49 0.23 0.21 0.20 0.16 0.20 -1 -1 -1 -1 -1
Evo 1.05 0.00 1.00 0.99 1.00 1.00 1.00 0.08 0.00 0.02 0.13 0.23 -1 10
Result 0 7.0 2000 0.46 0.20 0.17 0.21 0.21 0.21 -1 -1 -1 -1 -1
Evo 1.05 0.00 1.00 0.99 1.00 1.00 1.00 0.08 0.00 0.02 0.11 0.22 -1 2
Result 0 3.0 2000 0.48 0.22 0.18 0.19 0.22 0.20 -1 -1 -1 -1 -1
Evo 1.04 0.00 1.00 0.99 1.00 1.00 1.00 0.08 0.00 0.01 0.23 0.28 -1 5
Result 0 9.0 2000 0.48 0.22 0.20 0.20 0.17 0.21 -1 -1 -1 -1 -1
Evo 1.17 0.00 1.00 1.00 1.00 1.00 1.00 0.07 0.00 0.02 0.16 0.25 -1 5
Result 0 9.0 426 0.48 0.22 0.22 0.18 0.19 0.20 -1 -1 -1 -1 -1
Evo 1.13 0.00 1.00 0.99 1.00 1.00 1.00 0.08 0.00 0.01 0.15 0.24 -1 12
Result 0 7.0 2000 0.48 0.23 0.21 0.19 0.15 0.21 -1 -1 -1 -1 -1
Evo 1.06 0.00 1.00 0.99 1.00 1.00 1.00 0.08 0.00 0.01 0.22 0.29 -1 3
Result 0 9.0 2000 0.47 0.20 0.20 0.19 0.19 0.22 -1 -1 -1 -1 -1
Evo 1.07 0.00 1.00 0.99 1.00 1.00 1.00 0.08 0.00 0.01 0.10 0.19 -1 4
Result 0 6.0 2000 0.47 0.21 0.22 0.22 0.17 0.18 -1 -1 -1 -1 -1
Evo 1.07 0.00 1.00 0.99 1.00 1.00 1.00 0.08 0.00 0.15 0.15 0.16 -1 109
Result 0 3.0 2000 0.47 0.20 0.19 0.21 0.20 0.20 -1 -1 -1 -1 -1
Evo 1.02 0.00 1.00 0.99 1.00 1.00 1.00 0.08 0.00 0.31 0.14 0.16 -1 366
Result 0 3.0 2000 0.47 0.20 0.22 0.19 0.19 0.20 -1 -1 -1 -1 -1
Evo 1.04 0.00 1.00 0.99 1.00 1.00 1.00 0.08 0.00 0.42 0.15 0.16 -1 36
Result 0 3.0 2000 0.46 0.20 0.20 0.20 0.21 0.20 -1 -1 -1 -1 -1
Evo 1.01 0.00 1.00 0.99 1.00 1.00 1.00 0.08 0.00 0.01 0.07 0.12 -1 188
Result 0 1.0 2000 0.45 0.19 0.20 0.22 0.18 0.21 -1 -1 -1 -1 -1
Evo 1.01 0.00 1.00 0.99 1.00 1.00 1.00 0.08 0.00 0.01 0.15 0.16 -1 95
Result 0 3.0 2000 0.46 0.20 0.19 0.20 0.20 0.22 -1 -1 -1 -1 -1
Evo 1.04 0.00 1.00 0.99 1.00 1.00 1.00 0.08 0.00 0.01 0.15 0.15 -1 467
Result 0 3.0 2000 0.47 0.21 0.19 0.19 0.21 0.21 -1 -1 -1 -1 -1
Evo 1.01 0.00 1.00 0.99 1.00 1.00 1.00 0.08 0.00 0.20 0.14 0.15 -1 189
Result 0 3.0 2000 0.47 0.20 0.21 0.20 0.20 0.20 -1 -1 -1 -1 -1
Evo 1.03 0.00 1.00 0.99 1.00 1.00 1.00 0.08 0.00 0.09 0.14 0.15 -1 117
Result 0 3.0 2000 0.46 0.20 0.20 0.20 0.20 0.20 -1 -1 -1 -1 -1
Evo 1.02 0.00 1.00 0.99 1.00 1.00 1.00 0.08 0.00 0.01 0.14 0.15 -1 245
Result 0 3.0 2000 0.47 0.21 0.18 0.21 0.19 0.21 -1 -1 -1 -1 -1
Evo 1.00 0.00 1.00 0.99 1.00 1.00 1.00 0.08 0.00 0.01 0.11 0.14 -1 41
Result 0 1.0 2000 0.47 0.20 0.18 0.20 0.21 0.21 -1 -1 -1 -1 -1
Evo 1.00 0.00 1.00 0.99 1.00 1.00 1.00 0.08 0.00 0.01 0.06 0.10 -1 90
Result 0 1.0 2000 0.46 0.19 0.21 0.18 0.20 0.22 -1 -1 -1 -1 -1
Evo 1.03 0.00 1.00 1.00 1.00 1.00 1.00 0.04 0.00 0.01 0.15 0.16 -1 37
Result 0 3.0 1381 0.47 0.20 0.20 0.21 0.20 0.19 -1 -1 -1 -1 -1
Evo 1.02 0.00 1.00 0.99 1.00 1.00 1.00 0.08 0.00 0.27 0.15 0.16 -1 94
Result 0 3.0 2000 0.47 0.21 0.19 0.21 0.20 0.20 -1 -1 -1 -1 -1
Evo 1.01 0.00 1.00 0.99 1.00 1.00 1.00 0.08 0.00 0.01 0.07 0.12 -1 95
Result 0 1.0 2000 0.46 0.20 0.20 0.18 0.19 0.23 -1 -1 -1 -1 -1
Evo 1.02 0.00 1.00 0.99 1.00 1.00 1.00 0.08 0.00 0.01 0.14 0.15 -1 184
Result 0 3.0 2000 0.47 0.21 0.19 0.19 0.21 0.21 -1 -1 -1 -1 -1
Evo 1.01 0.00 1.00 0.99 1.00 1.00 1.00 0.08 0.00 0.01 0.09 0.13 -1 93
Result 0 1.0 2000 0.46 0.20 0.18 0.19 0.21 0.22 -1 -1 -1 -1 -1
Evo 1.05 0.00 1.00 0.99 1.00 1.00 1.00 0.08 0.00 0.01 0.15 0.16 -1 94
Result 0 3.0 2000 0.48 0.22 0.19 0.19 0.20 0.20 -1 -1 -1 -1 -1
Evo 1.03 0.00 1.00 1.00 1.00 1.00 1.00 0.04 0.00 0.01 0.08 0.12 -1 36
Result 0 1.0 1035 0.46 0.20 0.19 0.18 0.20 0.22 -1 -1 -1 -1 -1
Evo 1.02 0.00 1.00 0.99 1.00 1.00 1.00 0.08 0.00 0.01 0.15 0.16 -1 92
Result 0 3.0 2000 0.48 0.22 0.19 0.20 0.20 0.19 -1 -1 -1 -1 -1
Evo 1.04 0.00 1.00 0.99 1.00 1.00 1.00 0.08 0.00 0.01 0.15 0.16 -1 494
Result 0 3.0 2000 0.46 0.20 0.19 0.21 0.20 0.21 -1 -1 -1 -1 -1
Evo 1.08 0.00 1.00 0.99 1.00 1.00 1.00 0.08 0.00 0.01 0.19 0.26 -1 14
Result 0 5.0 2000 0.46 0.20 0.18 0.19 0.22 0.21 -1 -1 -1 -1 -1
Evo 1.03 0.00 1.00 1.00 1.00 1.00 1.00 0.04 0.00 0.02 0.12 0.22 -1 9
Result 0 5.0 991 0.47 0.21 0.21 0.21 0.18 0.19 -1 -1 -1 -1 -1
Evo 1.04 0.00 1.00 0.99 1.00 1.00 1.00 0.08 0.00 0.02 0.18 0.26 -1 12
Result 0 3.0 2000 0.46 0.19 0.18 0.21 0.21 0.21 -1 -1 -1 -1 -1
Evo 1.05 0.00 1.00 0.99 1.00 1.00 1.00 0.08 0.00 0.01 0.19 0.24 -1 52
Result 0 5.0 2000 0.48 0.22 0.18 0.20 0.20 0.20 -1 -1 -1 -1 -1
Evo 1.03 0.00 1.00 0.99 1.00 1.00 1.00 0.08 0.00 0.01 0.16 0.26 -1 16
Result 0 3.0 2000 0.46 0.19 0.20 0.21 0.20 0.19 -1 -1 -1 -1 -1
Evo 1.08 0.00 1.00 0.99 1.00 1.00 1.00 0.08 0.00 0.01 0.15 0.24 -1 122
Result 0 3.0 2000 0.45 0.19 0.19 0.20 0.22 0.21 -1 -1 -1 -1 -1
Evo 1.03 0.00 1.00 0.99 1.00 1.00 1.00 0.08 0.00 0.01 0.22 0.27 -1 17
Result 0 5.0 2000 0.46 0.20 0.19 0.20 0.20 0.21 -1 -1 -1 -1 -1
Evo 1.07 0.00 1.00 0.99 1.00 1.00 1.00 0.08 0.00 0.01 0.22 0.24 -1 14
Result 0 5.0 2000 0.47 0.20 0.18 0.20 0.21 0.20 -1 -1 -1 -1 -1
Evo 1.06 0.00 1.00 0.99 1.00 1.00 1.00 0.08 0.00 0.01 0.21 0.23 -1 110
Result 0 5.0 2000 0.46 0.20 0.18 0.20 0.21 0.20 -1 -1 -1 -1 -1
Evo 1.03 0.00 1.00 0.99 1.00 1.00 1.00 0.08 0.00 0.01 0.18 0.27 -1 12
Result 0 5.0 2000 0.47 0.20 0.18 0.22 0.20 0.20 -1 -1 -1 -1 -1
Evo 1.05 0.00 1.00 0.99 1.00 1.00 1.00 0.08 0.00 0.01 0.23 0.27 -1 10
Result 0 5.0 2000 0.47 0.21 0.18 0.20 0.21 0.19 -1 -1 -1 -1 -1
Evo 1.02 0.00 1.00 0.99 1.00 1.00 1.00 0.08 0.00 0.01 0.18 0.26 -1 94
Result 0 5.0 2000 0.47 0.21 0.19 0.20 0.19 0.22 -1 -1 -1 -1 -1
Evo 1.06 0.00 1.00 0.99 1.00 1.00 1.00 0.08 0.00 0.01 0.19 0.23 -1 14
Result 0 5.0 2000 0.45 0.19 0.20 0.19 0.21 0.21 -1 -1 -1 -1 -1
Evo 1.07 0.00 1.00 0.99 1.00 1.00 1.00 0.08 0.00 0.01 0.17 0.22 -1 17
Result 0 5.0 2000 0.46 0.19 0.18 0.19 0.22 0.21 -1 -1 -1 -1 -1
Evo 1.03 0.00 1.00 0.99 1.00 1.00 1.00 0.08 0.00 0.01 0.16 0.22 -1 10
Result 0 3.0 2000 0.47 0.20 0.19 0.21 0.20 0.19 -1 -1 -1 -1 -1
Evo 1.06 0.00 1.00 1.00 1.00 1.00 1.00 0.06 0.00 0.02 0.16 0.23 -1 42
Result 0 5.0 763 0.46 0.20 0.20 0.23 0.19 0.18 -1 -1 -1 -1 -1
Evo 1.11 0.00 1.00 1.00 1.00 1.00 1.00 0.05 0.00 0.01 0.19 0.23 -1 6
Result 0 3.0 1346 0.48 0.22 0.18 0.18 0.21 0.21 -1 -1 -1 -1 -1
Evo 1.05 0.00 1.00 0.99 1.00 1.00 1.00 0.08 0.00 0.01 0.20 0.28 -1 20
Result 0 5.0 2000 0.47 0.21 0.20 0.21 0.20 0.18 -1 -1 -1 -1 -1
Evo 1.03 0.00 1.00 0.99 1.00 1.00 1.00 0.08 0.00 0.01 0.18 0.23 -1 69
Result 0 5.0 2000 0.46 0.20 0.19 0.20 0.21 0.20 -1 -1 -1 -1 -1
Evo 1.03 0.00 1.00 1.00 1.00 1.00 1.00 0.04 0.00 0.01 0.16 0.23 -1 71
Result 0 5.0 1166 0.48 0.23 0.19 0.22 0.17 0.19 -1 -1 -1 -1 -1
Evo 1.01 0.00 1.00 0.99 1.00 1.00 1.00 0.08 0.00 0.01 0.13 0.20 -1 62
Result 0 5.0 2000 0.48 0.22 0.20 0.19 0.18 0.21 -1 -1 -1 -1 -1
Evo 1.04 0.00 1.00 0.99 1.00 1.00 1.00 0.08 0.00 0.01 0.14 0.22 -1 3
Result 0 7.0 2000 0.47 0.21 0.19 0.18 0.20 0.21 -1 -1 -1 -1 -1
Evo 1.06 0.00 1.00 1.00 1.00 1.00 1.00 0.06 0.00 0.02 0.09 0.16 -1 7
Result 0 5.0 532 0.47 0.20 0.19 0.20 0.22 0.18 -1 -1 -1 -1 -1
Evo 1.01 0.00 1.00 0.99 1.00 1.00 1.00 0.08 0.00 0.01 0.16 0.24 -1 82
Result 0 7.0 2000 0.47 0.20 0.20 0.20 0.21 0.18 -1 -1 -1 -1 -1
Evo 1.02 0.00 1.00 0.99 1.00 1.00 1.00 0.08 0.00 0.01 0.12 0.20 -1 57
Result 0 5.0 2000 0.45 0.19 0.20 0.21 0.20 0.21 -1 -1 -1 -1 -1
Evo 1.02 0.00 1.00 1.00 1.00 1.00 1.00 0.04 0.00 0.01 0.17 0.22 -1 19
Result 0 7.0 1450 0.47 0.21 0.21 0.20 0.19 0.20 -1 -1 -1 -1 -1
Evo 1.02 0.00 1.00 0.99 1.00 1.00 1.00 0.08 0.00 0.01 0.14 0.22 -1 59
Result 0 5.0 2000 0.48 0.21 0.21 0.19 0.20 0.19 -1 -1 -1 -1 -1
Evo 1.02 0.00 1.00 0.99 1.00 1.00 1.00 0.08 0.00 0.01 0.14 0.22 -1 9
Result 0 5.0 2000 0.47 0.21 0.18 0.19 0.21 0.21 -1 -1 -1 -1 -1
Evo 1.06 0.00 1.00 1.00 1.00 1.00 1.00 0.05 0.00 0.01 0.17 0.21 -1 26
Result 0 7.0 940 0.48 0.21 0.21 0.20 0.19 0.18 -1 -1 -1 -1 -1
Evo 1.03 0.00 1.00 0.99 1.00 1.00 1.00 0.08 0.00 0.01 0.12 0.21 -1 28
Result 0 7.0 2000 0.47 0.21 0.18 0.23 0.21 0.17 -1 -1 -1 -1 -1
Evo 1.01 0.00 1.00 0.99 1.00 1.00 1.00 0.08 0.00 0.01 0.12 0.18 -1 8
Result 0 5.0 2000 0.45 0.18 0.22 0.21 0.20 0.19 -1 -1 -1 -1 -1
Evo 1.02 0.00 1.00 0.99 1.00 1.00 1.00 0.08 0.00 0.01 0.11 0.19 -1 71
Result 0 5.0 2000 0.47 0.20 0.19 0.19 0.19 0.22 -1 -1 -1 -1 -1
Evo 1.04 0.00 1.00 0.99 1.00 1.00 1.00 0.08 0.00 0.01 0.19 0.24 -1 55
Result 0 7.0 2000 0.47 0.21 0.22 0.19 0.18 0.20 -1 -1 -1 -1 -1
Evo 1.03 0.00 1.00 1.00 1.00 1.00 1.00 0.04 0.00 0.01 0.13 0.18 -1 6
Result 0 5.0 1648 0.47 0.20 0.20 0.22 0.20 0.18 -1 -1 -1 -1 -1
Evo 1.01 0.00 1.00 0.99 1.00 1.00 1.00 0.08 0.00 0.01 0.16 0.25 -1 38
Result 0 5.0 2000 0.47 0.20 0.22 0.19 0.19 0.20 -1 -1 -1 -1 -1
Evo 1.03 0.00 1.00 0.99 1.00 1.00 1.00 0.08 0.00 0.01 0.07 0.16 -1 9
Result 0 5.0 2000 0.46 0.19 0.20 0.23 0.19 0.19 -1 -1 -1 -1 -1
Evo 1.01 0.00 1.00 0.99 1.00 1.00 1.00 0.08 0.00 0.01 0.15 0.19 -1 49
Result 0 5.0 2000 0.46 0.20 0.20 0.22 0.20 0.19 -1 -1 -1 -1 -1
Evo 1.02 0.00 1.00 0.99 1.00 1.00 1.00 0.08 0.00 0.01 0.06 0.10 -1 56
Result 0 2.0 2000 0.48 0.22 0.22 0.23 0.20 0.13 -1 -1 -1 -1 -1
Evo 1.01 0.00 1.00 0.99 1.00 1.00 1.00 0.07 0.00 0.01 0.10 0.19 -1 34
Result 0 5.0 1997 0.46 0.20 0.19 0.19 0.20 0.21 -1 -1 -1 -1 -1
Evo 1.05 0.00 1.00 0.99 1.00 1.00 1.00 0.09 0.00 0.01 0.17 0.23 -1 65
Result 0 7.0 2000 0.46 0.20 0.20 0.21 0.19 0.20 -1 -1 -1 -1 -1
