Evo 3.48 1.00 1.00 1.00 1.00 1.00 1.00 0.00 0.00 0.04 0.79 1.01 488 0
Result 1 42.0 500 0.45 0.22 0.21 0.16 0.22 0.19 -1 -1 -1 -1 -1
Evo 2.72 0.50 0.50 0.50 0.50 0.50 0.50 0.00 0.00 0.04 0.50 0.93 -1 0
Result 0 7.0 221 0.45 0.23 0.17 0.25 0.16 0.19 -1 -1 -1 -1 -1
Evo 3.38 0.50 0.50 0.50 0.50 0.50 0.50 0.00 0.00 0.13 0.60 1.00 -1 0
Result 0 6.0 239 0.44 0.25 0.17 0.21 0.20 0.17 -1 -1 -1 -1 -1
Evo 3.11 0.50 1.00 0.51 0.50 0.50 0.50 0.08 0.00 0.03 0.96 1.01 488 0
Result 1 30.0 500 0.47 0.21 0.20 0.19 0.20 0.21 -1 -1 -1 -1 -1
Evo 3.28 0.00 0.50 0.50 0.50 0.50 0.50 0.03 0.00 0.08 0.81 1.01 -1 0
Result 0 16.0 294 0.46 0.24 0.19 0.20 0.18 0.19 -1 -1 -1 -1 -1
Evo 3.40 0.50 1.00 0.51 0.50 0.50 0.50 0.08 0.00 0.06 0.96 1.01 488 0
Result 1 39.0 500 0.46 0.23 0.19 0.19 0.19 0.20 -1 -1 -1 -1 -1
Evo 3.76 0.50 0.50 0.50 0.50 0.50 0.50 0.00 0.00 0.08 0.71 1.01 -1 0
Result 0 19.0 332 0.43 0.25 0.19 0.19 0.21 0.17 -1 -1 -1 -1 -1
Evo 3.79 0.00 1.00 0.51 0.50 0.50 0.50 0.08 0.00 0.03 0.99 1.01 488 1
Result 1 30.0 500 0.44 0.27 0.18 0.19 0.18 0.18 -1 -1 -1 -1 -1
Evo 3.70 0.50 1.00 0.51 0.50 0.50 0.50 0.08 0.00 0.09 0.83 1.01 488 0
Result 1 39.0 500 0.47 0.22 0.17 0.21 0.19 0.21 -1 -1 -1 -1 -1
Evo 3.49 0.30 1.00 0.51 0.50 0.50 0.50 0.08 0.00 0.06 0.96 1.01 488 0
Result 1 39.0 500 0.47 0.22 0.17 0.20 0.20 0.21 -1 -1 -1 -1 -1
Evo 3.70 0.50 0.50 0.50 0.50 0.50 0.50 0.00 0.00 0.07 0.67 0.99 -1 0
Result 0 21.0 455 0.44 0.23 0.19 0.21 0.20 0.17 -1 -1 -1 -1 -1
Evo 4.12 0.50 1.00 0.51 0.50 0.50 0.50 0.08 0.00 0.06 0.97 1.01 488 0
Result 1 36.0 500 0.48 0.23 0.16 0.20 0.20 0.21 -1 -1 -1 -1 -1
Evo 4.09 0.50 0.50 0.50 0.50 0.50 0.50 0.00 0.00 0.08 0.71 1.01 -1 0
Result 0 22.0 383 0.46 0.26 0.22 0.18 0.15 0.20 -1 -1 -1 -1 -1
Evo 3.55 0.00 0.50 0.50 0.50 0.50 0.50 0.04 0.00 0.04 0.44 1.01 -1 0
Result 0 4.0 177 0.42 0.26 0.19 0.20 0.19 0.16 -1 -1 -1 -1 -1
Evo 3.66 0.50 1.00 0.51 0.50 0.50 0.50 0.08 0.00 0.10 0.97 1.01 488 0
Result 1 31.0 500 0.46 0.22 0.19 0.19 0.20 0.20 -1 -1 -1 -1 -1
Evo 3.86 0.50 0.50 0.50 0.50 0.50 0.50 0.00 0.00 0.03 0.86 1.01 -1 0
Result 0 19.0 281 0.49 0.23 0.17 0.18 0.18 0.24 -1 -1 -1 -1 -1
Evo 3.78 0.50 0.50 0.50 0.50 0.50 0.50 0.00 0.00 0.06 0.44 0.84 -1 0
Result 0 12.0 239 0.40 0.26 0.21 0.18 0.21 0.14 -1 -1 -1 -1 -1
Evo 3.46 0.40 1.00 0.51 0.50 0.50 0.50 0.08 0.00 0.02 0.86 1.01 488 0
Result 1 36.0 500 0.46 0.26 0.18 0.16 0.21 0.19 -1 -1 -1 -1 -1
Evo 3.73 0.50 1.00 0.51 0.50 0.50 0.50 0.08 0.00 0.02 0.96 1.01 488 0
Result 1 30.0 500 0.45 0.24 0.20 0.17 0.21 0.18 -1 -1 -1 -1 -1
Evo 4.64 0.50 0.50 0.50 0.50 0.50 0.50 0.00 0.00 0.04 0.46 0.90 -1 0
Result 0 5.0 215 0.45 0.22 0.18 0.24 0.18 0.19 -1 -1 -1 -1 -1
Evo 3.81 0.50 0.50 0.50 0.50 0.50 0.50 0.00 0.00 0.12 0.53 1.01 -1 1
Result 0 13.0 230 0.45 0.28 0.18 0.18 0.18 0.18 -1 -1 -1 -1 -1
Evo 3.69 0.50 0.50 0.50 0.50 0.50 0.50 0.00 0.00 0.11 0.44 1.01 -1 0
Result 0 0.0 107 0.49 0.21 0.25 0.15 0.15 0.24 -1 -1 -1 -1 -1
Evo 3.37 0.50 0.50 0.50 0.50 0.50 0.50 0.00 0.00 0.05 0.40 0.94 -1 0
Result 0 3.0 137 0.45 0.30 0.18 0.16 0.18 0.18 -1 -1 -1 -1 -1
Evo 4.46 0.50 0.50 0.50 0.50 0.50 0.50 0.00 0.00 0.29 0.24 0.96 -1 0
Result 0 3.0 50 0.48 0.22 0.22 0.12 0.24 0.22 -1 -1 -1 -1 -1
Evo 3.96 0.50 0.50 0.50 0.50 0.50 0.50 0.00 0.00 0.03 0.54 0.97 -1 0
Result 0 13.0 242 0.41 0.23 0.23 0.19 0.20 0.15 -1 -1 -1 -1 -1
Evo 3.46 0.50 1.00 0.51 0.50 0.50 0.50 0.08 0.00 0.08 0.67 1.01 488 1
Result 1 39.0 500 0.45 0.24 0.20 0.20 0.18 0.18 -1 -1 -1 -1 -1
Evo 3.21 0.50 1.00 0.51 0.50 0.50 0.50 0.08 0.00 0.03 0.89 1.01 488 1
Result 1 42.0 500 0.46 0.23 0.18 0.20 0.21 0.19 -1 -1 -1 -1 -1
Evo 3.68 0.50 0.50 0.50 0.50 0.50 0.50 0.00 0.00 0.06 0.37 0.83 -1 0
Result 0 9.0 215 0.38 0.22 0.22 0.23 0.20 0.13 -1 -1 -1 -1 -1
Evo 3.46 0.50 1.00 0.51 0.50 0.50 0.50 0.08 0.00 0.03 0.96 1.01 488 2
Result 1 52.0 500 0.46 0.19 0.19 0.20 0.23 0.20 -1 -1 -1 -1 -1
Evo 3.25 0.50 1.00 0.51 0.50 0.50 0.50 0.08 0.00 0.11 0.56 0.97 488 1
Result 1 37.0 500 0.44 0.24 0.17 0.22 0.19 0.17 -1 -1 -1 -1 -1
Evo 2.91 0.50 1.00 0.51 0.50 0.50 0.50 0.08 0.00 0.04 0.77 1.01 488 1
Result 1 40.0 500 0.43 0.24 0.20 0.19 0.21 0.16 -1 -1 -1 -1 -1
Evo 3.64 0.50 0.50 0.50 0.50 0.50 0.50 0.00 0.00 0.03 0.46 0.93 -1 3
Result 0 12.0 242 0.37 0.28 0.20 0.18 0.22 0.12 -1 -1 -1 -1 -1
Evo 4.37 0.50 0.50 0.50 0.50 0.50 0.50 0.00 0.00 0.07 0.69 1.01 -1 0
Result 0 10.0 173 0.48 0.24 0.22 0.16 0.16 0.22 -1 -1 -1 -1 -1
Evo 4.00 0.50 0.50 0.50 0.50 0.50 0.50 0.00 0.00 0.13 0.79 1.01 -1 0
Result 0 23.0 329 0.47 0.22 0.19 0.23 0.16 0.20 -1 -1 -1 -1 -1
Evo 3.60 0.50 1.00 0.51 0.50 0.50 0.50 0.08 0.00 0.07 0.61 1.00 488 0
Result 1 44.0 500 0.43 0.25 0.19 0.19 0.21 0.16 -1 -1 -1 -1 -1
Evo 3.62 0.50 0.50 0.50 0.50 0.50 0.50 0.00 0.00 0.04 0.46 0.84 -1 0
Result 0 8.0 191 0.43 0.22 0.22 0.20 0.19 0.17 -1 -1 -1 -1 -1
Evo 3.73 0.50 1.00 0.51 0.50 0.50 0.50 0.08 0.00 0.03 0.60 0.97 488 0
Result 1 34.0 500 0.42 0.25 0.19 0.20 0.21 0.16 -1 -1 -1 -1 -1
Evo 3.61 0.50 0.50 0.50 0.50 0.50 0.50 0.00 0.00 0.04 0.69 1.01 -1 0
Result 0 15.0 212 0.43 0.18 0.24 0.20 0.21 0.17 -1 -1 -1 -1 -1
Evo 3.81 0.50 0.50 0.50 0.50 0.50 0.50 0.00 0.00 0.04 0.37 0.91 -1 0
Result 0 8.0 206 0.42 0.21 0.19 0.21 0.23 0.16 -1 -1 -1 -1 -1
Evo 3.95 0.50 0.50 0.50 0.50 0.50 0.50 0.00 0.00 0.04 0.47 0.86 -1 0
Result 0 11.0 206 0.41 0.25 0.20 0.20 0.20 0.15 -1 -1 -1 -1 -1
Evo 3.65 0.50 1.00 0.51 0.50 0.50 0.50 0.08 0.00 0.03 0.87 1.01 488 2
Result 1 41.0 500 0.46 0.23 0.19 0.20 0.19 0.19 -1 -1 -1 -1 -1
Evo 3.43 0.50 1.00 0.51 0.50 0.50 0.50 0.08 0.00 0.02 0.86 1.01 488 1
Result 1 45.0 500 0.47 0.21 0.19 0.20 0.20 0.21 -1 -1 -1 -1 -1
Evo 3.42 0.50 1.00 0.51 0.50 0.50 0.50 0.08 0.00 0.09 0.94 1.01 488 1
Result 1 47.0 500 0.47 0.23 0.19 0.20 0.18 0.20 -1 -1 -1 -1 -1
Evo 3.49 0.50 1.00 0.51 0.50 0.50 0.50 0.08 0.00 0.02 0.96 1.01 488 3
Result 1 42.0 500 0.47 0.21 0.19 0.21 0.18 0.21 -1 -1 -1 -1 -1
Evo 3.50 0.50 0.50 0.50 0.50 0.50 0.50 0.00 0.00 0.03 0.67 1.01 -1 3
Result 0 30.0 320 0.48 0.22 0.20 0.21 0.16 0.21 -1 -1 -1 -1 -1
Evo 2.91 0.50 0.50 0.50 0.50 0.50 0.50 0.00 0.00 0.08 0.41 1.01 -1 2
Result 0 2.0 80 0.50 0.21 0.17 0.16 0.20 0.26 -1 -1 -1 -1 -1
Evo 3.42 0.50 0.50 0.50 0.50 0.50 0.50 0.00 0.00 0.06 0.70 1.01 -1 5
Result 0 16.0 245 0.47 0.22 0.20 0.18 0.19 0.21 -1 -1 -1 -1 -1
Evo 3.52 0.50 1.00 0.51 0.50 0.50 0.50 0.08 0.00 0.02 0.94 1.01 488 0
Result 1 40.0 500 0.47 0.20 0.20 0.20 0.20 0.20 -1 -1 -1 -1 -1
Evo 4.21 0.50 0.50 0.50 0.50 0.50 0.50 0.00 0.00 0.12 0.46 1.01 -1 3
Result 0 7.0 143 0.47 0.17 0.26 0.18 0.19 0.20 -1 -1 -1 -1 -1
Evo 3.73 0.50 1.00 0.51 0.50 0.50 0.50 0.08 0.00 0.07 0.90 1.01 488 3
Result 1 40.0 500 0.45 0.24 0.21 0.18 0.18 0.19 -1 -1 -1 -1 -1
Evo 3.67 0.50 0.50 0.50 0.50 0.50 0.50 0.00 0.00 0.06 0.61 1.01 -1 3
Result 0 17.0 242 0.46 0.21 0.20 0.18 0.21 0.19 -1 -1 -1 -1 -1
Evo 3.75 0.50 0.50 0.50 0.50 0.50 0.50 0.00 0.00 0.06 0.46 0.99 -1 4
Result 0 14.0 215 0.44 0.22 0.20 0.19 0.20 0.18 -1 -1 -1 -1 -1
Evo 3.71 0.50 0.50 0.50 0.50 0.50 0.50 0.00 0.00 0.06 0.80 1.01 -1 4
Result 0 31.0 371 0.46 0.22 0.22 0.17 0.20 0.19 -1 -1 -1 -1 -1
Evo 3.65 0.50 0.50 0.50 0.50 0.50 0.50 0.00 0.00 0.05 0.46 0.83 -1 5
Result 0 14.0 254 0.44 0.22 0.18 0.18 0.24 0.18 -1 -1 -1 -1 -1
Evo 3.61 0.50 0.50 0.50 0.50 0.50 0.50 0.00 0.00 0.06 0.41 0.80 -1 0
Result 0 12.0 224 0.46 0.26 0.17 0.20 0.18 0.19 -1 -1 -1 -1 -1
Evo 3.30 0.50 1.00 0.51 0.50 0.50 0.50 0.08 0.00 0.03 0.80 1.01 488 0
Result 1 48.0 500 0.46 0.24 0.18 0.20 0.18 0.20 -1 -1 -1 -1 -1
Evo 3.36 0.50 0.50 0.50 0.50 0.50 0.50 0.00 0.00 0.03 0.66 1.01 -1 5
Result 0 23.0 329 0.46 0.28 0.18 0.19 0.16 0.19 -1 -1 -1 -1 -1
Evo 3.69 0.50 0.50 0.50 0.50 0.50 0.50 0.00 0.00 0.10 0.46 1.01 -1 3
Result 0 4.0 122 0.47 0.25 0.20 0.14 0.20 0.20 -1 -1 -1 -1 -1
Evo 3.64 0.50 1.00 0.51 0.50 0.50 0.50 0.08 0.00 0.02 0.83 1.01 488 2
Result 1 42.0 500 0.46 0.23 0.20 0.19 0.20 0.19 -1 -1 -1 -1 -1
Evo 3.60 0.50 1.00 0.51 0.50 0.50 0.50 0.08 0.00 0.02 0.81 1.01 488 0
Result 1 43.0 500 0.47 0.21 0.17 0.20 0.21 0.20 -1 -1 -1 -1 -1
Evo 2.89 0.50 1.00 0.51 0.50 0.50 0.50 0.08 0.00 0.03 0.66 1.01 488 -1
Result 1 28.0 500 0.47 0.23 0.19 0.20 0.18 0.20 -1 -1 -1 -1 -1
Evo 2.86 0.50 1.00 0.51 0.50 0.50 0.50 0.08 0.00 0.19 0.70 1.01 488 -1
Result 1 26.0 500 0.46 0.26 0.18 0.18 0.19 0.19 -1 -1 -1 -1 -1
Evo 3.16 0.50 1.00 0.51 0.50 0.50 0.50 0.08 0.00 0.06 0.66 1.01 488 -1
Result 1 27.0 500 0.47 0.25 0.18 0.19 0.18 0.21 -1 -1 -1 -1 -1
Evo 2.79 0.50 1.00 0.51 0.50 0.50 0.50 0.08 0.00 0.02 0.73 1.01 488 -1
Result 1 27.0 500 0.47 0.24 0.17 0.20 0.19 0.21 -1 -1 -1 -1 -1
Evo 3.01 0.50 1.00 0.51 0.50 0.50 0.50 0.08 0.00 0.20 0.74 1.01 488 -1
Result 1 27.0 500 0.45 0.25 0.18 0.19 0.19 0.19 -1 -1 -1 -1 -1
Evo 3.21 0.50 1.00 0.51 0.50 0.50 0.50 0.08 0.00 0.04 0.66 1.01 488 -1
Result 1 28.0 500 0.45 0.22 0.20 0.19 0.21 0.19 -1 -1 -1 -1 -1
Evo 3.05 0.50 1.00 0.51 0.50 0.50 0.50 0.08 0.00 0.03 0.76 1.01 488 -1
Result 1 28.0 500 0.47 0.20 0.21 0.19 0.20 0.20 -1 -1 -1 -1 -1
Evo 2.93 0.50 1.00 0.51 0.50 0.50 0.50 0.08 0.00 0.04 0.71 1.01 488 -1
Result 1 26.0 500 0.47 0.22 0.18 0.20 0.18 0.21 -1 -1 -1 -1 -1
Evo 3.18 0.50 1.00 0.51 0.50 0.50 0.50 0.08 0.00 0.08 0.63 1.01 488 -1
Result 1 29.0 500 0.46 0.24 0.17 0.19 0.21 0.20 -1 -1 -1 -1 -1
Evo 2.99 0.50 1.00 0.51 0.50 0.50 0.50 0.08 0.00 0.03 0.87 1.01 488 -1
Result 1 25.0 500 0.47 0.24 0.19 0.20 0.17 0.21 -1 -1 -1 -1 -1
Evo 3.45 0.50 1.00 0.51 0.50 0.50 0.50 0.08 0.00 0.04 0.71 1.01 488 -1
Result 1 25.0 500 0.44 0.24 0.19 0.18 0.22 0.18 -1 -1 -1 -1 -1
Evo 2.91 0.50 1.00 0.51 0.50 0.50 0.50 0.08 0.00 0.06 0.80 1.01 488 -1
Result 1 26.0 500 0.46 0.25 0.18 0.19 0.19 0.20 -1 -1 -1 -1 -1
Evo 3.15 0.50 1.00 0.51 0.50 0.50 0.50 0.08 0.00 0.02 0.73 1.01 488 -1
Result 1 26.0 500 0.46 0.26 0.18 0.19 0.18 0.20 -1 -1 -1 -1 -1
Evo 2.95 0.50 1.00 0.51 0.50 0.50 0.50 0.08 0.00 0.17 0.80 1.01 488 -1
Result 1 29.0 500 0.46 0.25 0.18 0.19 0.19 0.20 -1 -1 -1 -1 -1
Evo 2.67 0.50 1.00 0.51 0.50 0.50 0.50 0.08 0.00 0.02 0.70 1.01 488 -1
Result 1 30.0 500 0.47 0.26 0.17 0.19 0.18 0.20 -1 -1 -1 -1 -1
Evo 2.58 0.50 1.00 0.51 0.50 0.50 0.50 0.08 0.00 0.04 0.74 1.01 488 -1
Result 1 27.0 500 0.47 0.25 0.17 0.19 0.19 0.20 -1 -1 -1 -1 -1
Evo 3.24 0.50 1.00 0.51 0.50 0.50 0.50 0.08 0.00 0.07 0.71 1.01 488 -1
Result 1 29.0 500 0.46 0.20 0.20 0.20 0.21 0.20 -1 -1 -1 -1 -1
Evo 2.90 0.50 1.00 0.51 0.50 0.50 0.50 0.08 0.00 0.06 0.67 1.01 488 -1
Result 1 25.0 500 0.47 0.22 0.20 0.19 0.18 0.20 -1 -1 -1 -1 -1
Evo 3.07 0.50 1.00 0.51 0.50 0.50 0.50 0.08 0.00 0.20 0.76 1.01 488 -1
Result 1 29.0 500 0.46 0.28 0.17 0.19 0.18 0.19 -1 -1 -1 -1 -1
Evo 2.76 0.50 1.00 0.51 0.50 0.50 0.50 0.08 0.00 0.04 0.69 1.01 488 -1
Result 1 29.0 500 0.46 0.24 0.19 0.19 0.19 0.20 -1 -1 -1 -1 -1
Evo 1.97 0.50 0.50 0.50 0.50 0.50 0.50 0.00 0.00 0.14 0.17 0.99 -1 0
Result 0 -5.0 38 0.52 0.26 0.23 0.13 0.10 0.28 -1 -1 -1 -1 -1
Evo 3.33 0.50 1.00 0.51 0.50 0.50 0.50 0.07 0.00 0.12 0.81 1.01 488 0
Result 0 3.0 497 0.45 0.25 0.19 0.19 0.19 0.19 -1 -1 -1 -1 -1
Evo 3.99 0.50 0.50 0.50 0.50 0.50 0.50 0.00 0.00 0.18 0.49 1.00 -1 0
Result 0 -2.0 152 0.44 0.27 0.22 0.18 0.16 0.18 -1 -1 -1 -1 -1
Evo 3.94 0.50 0.50 0.50 0.50 0.50 0.50 0.00 0.00 0.48 0.10 0.64 -1 0
Result 0 -5.0 17 0.43 0.06 0.44 0.17 0.17 0.17 -1 -1 -1 -1 -1
Evo 3.47 0.50 0.50 0.50 0.50 0.50 0.50 0.00 0.00 0.15 0.20 0.87 -1 0
Result 0 -5.0 32 0.50 0.27 0.09 0.21 0.18 0.24 -1 -1 -1 -1 -1
Evo 3.59 0.50 0.50 0.50 0.50 0.50 0.50 0.00 0.00 0.20 0.47 1.01 -1 0
Result 0 -3.0 110 0.48 0.23 0.17 0.18 0.21 0.22 -1 -1 -1 -1 -1
Evo 4.95 0.00 0.50 0.48 0.50 0.50 0.50 0.11 0.02 0.31 0.13 0.54 -1 0
Result 0 -5.0 21 0.20 0.27 0.18 0.32 0.18 0.05 -1 -1 -1 -1 -1
Evo 4.31 0.50 0.50 0.50 0.50 0.50 0.50 0.00 0.00 0.12 0.46 0.86 -1 0
Result 0 -1.0 176 0.43 0.22 0.22 0.18 0.21 0.16 -1 -1 -1 -1 -1
Evo 2.53 0.50 0.50 0.50 0.50 0.50 0.50 0.00 0.00 0.23 0.24 1.01 -1 0
Result 0 -5.0 53 0.51 0.24 0.19 0.17 0.13 0.28 -1 -1 -1 -1 -1
Evo 5.26 0.50 0.50 0.50 0.50 0.50 0.50 0.00 0.00 0.23 0.23 0.99 -1 0
Result 0 -5.0 35 0.46 0.33 0.17 0.08 0.22 0.19 -1 -1 -1 -1 -1
Evo 3.44 0.50 0.50 0.50 0.50 0.50 0.50 0.00 0.00 0.08 0.36 0.86 -1 0
Result 0 -1.0 152 0.44 0.25 0.23 0.18 0.16 0.18 -1 -1 -1 -1 -1
Evo 3.15 0.50 0.50 0.50 0.50 0.50 0.50 0.00 0.00 0.11 0.70 1.01 -1 0
Result 0 -2.0 341 0.49 0.25 0.16 0.18 0.17 0.24 -1 -1 -1 -1 -1
Evo 3.36 0.50 0.50 0.50 0.50 0.50 0.50 0.00 0.00 0.07 0.79 1.01 -1 0
Result 0 0.0 347 0.45 0.26 0.18 0.20 0.17 0.19 -1 -1 -1 -1 -1
Evo 3.70 0.50 0.50 0.50 0.50 0.50 0.50 0.00 0.00 0.35 0.19 0.60 -1 0
Result 0 -5.0 53 0.41 0.20 0.20 0.24 0.20 0.15 -1 -1 -1 -1 -1
Evo 3.77 0.50 0.50 0.50 0.50 0.50 0.50 0.00 0.00 0.05 0.34 0.79 -1 0
Result 0 -1.0 149 0.46 0.19 0.18 0.21 0.21 0.20 -1 -1 -1 -1 -1
Evo 3.27 0.50 0.50 0.50 0.50 0.50 0.50 0.00 0.00 0.05 0.29 0.80 -1 0
Result 0 -2.0 143 0.38 0.24 0.20 0.25 0.18 0.13 -1 -1 -1 -1 -1
Evo 3.87 0.50 0.50 0.50 0.50 0.50 0.50 0.00 0.00 0.32 0.26 0.70 -1 0
Result 0 -5.0 53 0.41 0.28 0.20 0.15 0.22 0.15 -1 -1 -1 -1 -1
Evo 3.48 0.50 0.50 0.50 0.50 0.50 0.50 0.00 0.00 0.31 0.44 1.01 -1 0
Result 0 -4.0 98 0.48 0.23 0.19 0.19 0.16 0.22 -1 -1 -1 -1 -1
Evo 2.65 0.50 0.50 0.50 0.50 0.50 0.50 0.00 0.00 0.43 0.13 0.54 -1 0
Result 0 -5.0 23 0.30 0.25 0.21 0.29 0.17 0.08 -1 -1 -1 -1 -1
Evo 3.92 0.50 0.50 0.50 0.50 0.50 0.50 0.00 0.00 0.31 0.29 0.73 -1 0
Result 0 -4.0 65 0.46 0.26 0.18 0.23 0.14 0.20 -1 -1 -1 -1 -1
