Evo 1.43 0.00 1.00 0.97 1.00 1.00 1.00 0.17 0.01 0.05 1.68 9.04 -1 63
Result 0 6.0 305 0.41 0.21 0.19 0.15 0.25 0.21 -1 -1 -1 -1 -1
Evo 1.50 0.00 1.00 0.87 1.00 1.00 1.00 0.34 0.03 0.07 0.77 7.63 -1 34
Result 0 6.0 101 0.48 0.26 0.16 0.23 0.26 0.09 -1 -1 -1 -1 -1
Evo 1.56 0.00 1.00 0.84 1.00 1.00 1.00 0.34 0.03 0.06 0.86 8.08 -1 66
Result 0 6.0 106 0.50 0.28 0.12 0.24 0.25 0.10 -1 -1 -1 -1 -1
Evo 1.46 0.00 1.00 0.97 1.00 1.00 1.00 0.15 0.01 0.14 1.25 6.60 -1 32
Result 0 3.0 287 0.44 0.23 0.24 0.17 0.17 0.19 -1 -1 -1 -1 -1
Evo 1.53 0.00 1.00 0.87 1.00 1.00 1.00 0.34 0.03 0.07 0.73 8.51 -1 49
Result 0 9.0 101 0.43 0.35 0.16 0.17 0.26 0.06 -1 -1 -1 -1 -1
Evo 1.37 0.00 1.00 0.97 1.00 1.00 1.00 0.15 0.01 0.12 1.36 8.25 -1 17
Result 0 7.0 287 0.46 0.24 0.22 0.20 0.16 0.19 -1 -1 -1 -1 -1
Evo 2.09 0.00 1.00 0.84 1.00 1.00 1.00 0.33 0.03 0.27 0.92 8.60 -1 62
Result 0 8.0 111 0.47 0.34 0.10 0.21 0.29 0.07 -1 -1 -1 -1 -1
Evo 1.40 0.00 1.00 0.89 1.00 1.00 1.00 0.31 0.03 0.23 0.53 4.39 -1 65
Result 0 1.0 91 0.48 0.20 0.17 0.22 0.29 0.12 -1 -1 -1 -1 -1
Evo 1.71 0.00 1.00 0.89 1.00 1.00 1.00 0.32 0.03 0.29 0.78 7.93 -1 18
Result 0 8.0 99 0.51 0.30 0.08 0.28 0.18 0.16 -1 -1 -1 -1 -1
Evo 1.40 0.00 1.00 0.98 1.00 1.00 1.00 0.14 0.01 0.17 1.80 14.10 -1 54
Result 0 17.0 286 0.44 0.26 0.23 0.17 0.16 0.17 -1 -1 -1 -1 -1
Evo 1.59 0.00 1.00 0.92 1.00 1.00 1.00 0.27 0.02 0.05 1.23 12.18 -1 120
Result 0 -6.0 153 0.43 0.37 0.21 0.16 0.13 0.13 -1 -1 -1 -1 -1
Evo 1.40 0.00 1.00 0.94 1.00 1.00 1.00 0.22 0.02 0.04 1.39 10.77 -1 59
Result 0 11.0 205 0.47 0.29 0.15 0.21 0.20 0.15 -1 -1 -1 -1 -1
Evo 1.21 0.80 1.00 1.00 1.00 1.00 1.00 0.01 0.00 0.05 4.21 20.83 759 39
Result 1 32.0 770 0.45 0.23 0.20 0.19 0.19 0.19 -1 -1 -1 -1 -1
Evo 1.40 0.40 1.00 0.51 0.50 0.50 0.50 0.06 0.00 0.02 2.79 16.42 486 26
Result 1 32.0 495 0.44 0.24 0.22 0.17 0.20 0.17 -1 -1 -1 -1 -1
Evo 2.19 0.00 0.50 0.44 0.50 0.50 0.50 0.15 0.02 0.18 0.83 7.39 -1 48
Result 0 5.0 101 0.47 0.34 0.11 0.21 0.25 0.10 -1 -1 -1 -1 -1
Evo 1.28 0.00 0.50 0.49 0.50 0.50 0.50 0.07 0.00 0.17 2.63 13.76 -1 42
Result 0 1.0 476 0.48 0.21 0.20 0.22 0.19 0.18 -1 -1 -1 -1 -1
Evo 1.66 0.00 0.50 0.49 0.50 0.50 0.50 0.07 0.00 0.03 1.59 7.64 -1 38
Result 0 6.0 287 0.47 0.22 0.23 0.20 0.18 0.18 -1 -1 -1 -1 -1
Evo 1.47 0.20 1.00 0.51 0.50 0.50 0.50 0.07 0.00 0.02 3.19 19.95 560 29
Result 1 32.0 570 0.44 0.28 0.17 0.18 0.19 0.19 -1 -1 -1 -1 -1
Evo 2.09 0.00 0.50 0.44 0.50 0.50 0.50 0.15 0.01 0.11 0.82 7.68 -1 34
Result 0 8.0 104 0.52 0.28 0.10 0.29 0.21 0.13 -1 -1 -1 -1 -1
Evo 1.83 0.00 0.50 0.44 0.50 0.50 0.50 0.16 0.02 0.35 0.73 7.58 -1 66
Result 0 7.0 99 0.51 0.24 0.12 0.27 0.25 0.12 -1 -1 -1 -1 -1
Evo 1.44 0.00 0.50 0.48 0.50 0.50 0.50 0.09 0.00 0.02 2.50 15.75 -1 33
Result 0 9.0 390 0.41 0.25 0.20 0.15 0.21 0.19 -1 -1 -1 -1 -1
Evo 1.23 0.00 0.50 0.49 0.50 0.50 0.50 0.07 0.00 0.01 3.44 15.64 -1 40
Result 0 8.0 695 0.47 0.26 0.18 0.20 0.18 0.18 -1 -1 -1 -1 -1
Evo 1.52 0.00 0.50 0.49 0.50 0.50 0.50 0.07 0.00 0.07 1.80 12.79 -1 57
Result 0 14.0 287 0.46 0.27 0.22 0.19 0.15 0.17 -1 -1 -1 -1 -1
Evo 1.54 0.00 0.50 0.47 0.50 0.50 0.50 0.10 0.00 0.02 2.80 15.76 -1 72
Result 0 13.0 479 0.45 0.26 0.20 0.18 0.18 0.18 -1 -1 -1 -1 -1
Evo 1.24 0.00 0.50 0.48 0.50 0.50 0.50 0.09 0.00 0.02 2.73 13.65 -1 39
Result 0 7.0 471 0.44 0.27 0.21 0.18 0.17 0.17 -1 -1 -1 -1 -1
Evo 1.15 0.00 0.50 0.48 0.50 0.50 0.50 0.09 0.00 0.04 1.64 8.31 -1 53
Result 0 3.0 390 0.44 0.21 0.18 0.17 0.21 0.22 -1 -1 -1 -1 -1
Evo 1.18 0.00 0.50 0.48 0.50 0.50 0.50 0.08 0.00 0.03 2.67 14.27 -1 67
Result 0 10.0 477 0.45 0.27 0.21 0.18 0.16 0.17 -1 -1 -1 -1 -1
Evo 1.24 0.00 0.50 0.49 0.50 0.50 0.50 0.07 0.00 0.12 3.65 19.02 -1 35
Result 0 16.0 719 0.47 0.23 0.18 0.21 0.20 0.19 -1 -1 -1 -1 -1
Evo 1.26 0.00 0.50 0.49 0.50 0.50 0.50 0.07 0.00 0.01 3.29 16.08 -1 30
Result 0 14.0 694 0.44 0.24 0.20 0.18 0.21 0.18 -1 -1 -1 -1 -1
Evo 1.17 0.00 0.50 0.48 0.50 0.50 0.50 0.09 0.00 0.02 2.23 11.93 -1 45
Result 0 8.0 391 0.44 0.21 0.19 0.17 0.23 0.19 -1 -1 -1 -1 -1
Evo 1.13 0.00 0.50 0.49 0.50 0.50 0.50 0.06 0.00 0.02 4.48 20.38 -1 66
Result 0 6.0 912 0.45 0.22 0.21 0.19 0.19 0.19 -1 -1 -1 -1 -1
Evo 1.73 0.00 0.50 0.44 0.50 0.50 0.50 0.16 0.02 0.07 0.74 6.93 -1 30
Result 0 6.0 100 0.45 0.29 0.16 0.19 0.27 0.10 -1 -1 -1 -1 -1
Evo 1.23 0.00 0.50 0.49 0.50 0.50 0.50 0.08 0.00 0.05 2.35 10.01 -1 41
Result 0 7.0 478 0.47 0.21 0.23 0.21 0.18 0.18 -1 -1 -1 -1 -1
Evo 1.28 0.00 0.50 0.44 0.50 0.50 0.50 0.14 0.01 0.04 1.40 12.12 -1 42
Result 0 7.0 198 0.43 0.35 0.15 0.17 0.22 0.12 -1 -1 -1 -1 -1
Evo 1.27 0.00 0.50 0.49 0.50 0.50 0.50 0.07 0.00 0.08 3.43 18.87 -1 33
Result 0 18.0 667 0.45 0.24 0.19 0.18 0.21 0.18 -1 -1 -1 -1 -1
Evo 1.24 0.00 0.50 0.49 0.50 0.50 0.50 0.07 0.00 0.03 3.02 12.33 -1 84
Result 0 6.0 611 0.46 0.23 0.20 0.20 0.18 0.19 -1 -1 -1 -1 -1
Evo 1.36 0.00 0.50 0.49 0.50 0.50 0.50 0.08 0.00 0.03 1.25 8.11 -1 59
Result 0 7.0 288 0.45 0.22 0.23 0.18 0.17 0.19 -1 -1 -1 -1 -1
Evo 1.22 0.00 0.50 0.48 0.50 0.50 0.50 0.09 0.00 0.02 1.90 10.04 -1 57
Result 0 6.0 390 0.46 0.23 0.15 0.20 0.19 0.23 -1 -1 -1 -1 -1
Evo 1.46 0.00 0.50 0.48 0.50 0.50 0.50 0.09 0.00 0.02 2.31 14.67 -1 40
Result 0 12.0 389 0.43 0.26 0.16 0.17 0.20 0.22 -1 -1 -1 -1 -1
Evo 1.26 0.00 0.50 0.49 0.50 0.50 0.50 0.08 0.00 0.02 2.45 11.53 -1 38
Result 0 -3.0 480 0.49 0.21 0.20 0.23 0.16 0.21 -1 -1 -1 -1 -1
Evo 2.41 0.00 0.50 0.47 0.50 0.50 0.50 0.11 0.01 0.04 1.70 17.44 -1 24
Result 0 18.0 209 0.44 0.33 0.14 0.18 0.19 0.16 -1 -1 -1 -1 -1
Evo 1.18 0.00 0.50 0.49 0.50 0.50 0.50 0.06 0.00 0.02 1.95 11.17 -1 18
Result 0 8.0 349 0.43 0.27 0.21 0.17 0.15 0.19 -1 -1 -1 -1 -1
Evo 1.54 0.00 0.50 0.47 0.50 0.50 0.50 0.11 0.01 0.07 2.31 13.80 -1 20
Result 0 7.0 402 0.44 0.30 0.17 0.18 0.16 0.19 -1 -1 -1 -1 -1
Evo 1.26 0.00 0.50 0.49 0.50 0.50 0.50 0.06 0.00 0.10 2.01 9.41 -1 37
Result 0 7.0 374 0.42 0.26 0.17 0.16 0.23 0.18 -1 -1 -1 -1 -1
Evo 1.52 0.00 0.50 0.47 0.50 0.50 0.50 0.11 0.01 0.03 1.73 10.13 -1 60
Result 0 10.0 274 0.44 0.29 0.19 0.17 0.19 0.16 -1 -1 -1 -1 -1
Evo 1.40 0.00 0.50 0.49 0.50 0.50 0.50 0.07 0.00 0.02 3.25 17.82 -1 37
Result 0 21.0 551 0.43 0.27 0.20 0.17 0.19 0.18 -1 -1 -1 -1 -1
Evo 1.32 0.00 0.50 0.49 0.50 0.50 0.50 0.08 0.00 0.16 1.62 10.37 -1 21
Result 0 11.0 288 0.46 0.24 0.16 0.20 0.22 0.18 -1 -1 -1 -1 -1
Evo 1.63 0.00 0.50 0.47 0.50 0.50 0.50 0.10 0.01 0.05 2.21 12.75 -1 67
Result 0 13.0 287 0.41 0.32 0.23 0.15 0.16 0.15 -1 -1 -1 -1 -1
Evo 1.45 0.50 1.00 0.51 0.50 0.50 0.50 0.07 0.00 0.05 2.76 19.28 419 33
Result 1 34.0 431 0.46 0.23 0.19 0.19 0.22 0.17 -1 -1 -1 -1 -1
Evo 1.52 0.00 0.50 0.48 0.50 0.50 0.50 0.08 0.00 0.01 4.29 22.66 -1 19
Result 0 22.0 717 0.47 0.27 0.16 0.21 0.19 0.17 -1 -1 -1 -1 -1
Evo 1.70 0.00 0.50 0.44 0.50 0.50 0.50 0.16 0.02 0.06 0.78 6.53 -1 69
Result 0 7.0 105 0.42 0.27 0.08 0.16 0.30 0.18 -1 -1 -1 -1 -1
Evo 1.76 0.00 0.50 0.45 0.50 0.50 0.50 0.15 0.02 0.27 0.75 6.54 -1 75
Result 0 2.0 97 0.51 0.28 0.09 0.28 0.22 0.13 -1 -1 -1 -1 -1
Evo 1.44 0.00 0.50 0.49 0.50 0.50 0.50 0.06 0.00 0.07 2.83 17.40 -1 41
Result 0 8.0 615 0.45 0.24 0.22 0.18 0.18 0.17 -1 -1 -1 -1 -1
Evo 1.35 0.00 0.50 0.49 0.50 0.50 0.50 0.06 0.00 0.02 4.83 20.08 -1 18
Result 0 23.0 910 0.46 0.24 0.20 0.19 0.19 0.18 -1 -1 -1 -1 -1
Evo 1.33 0.00 0.50 0.49 0.50 0.50 0.50 0.06 0.00 0.01 3.46 16.25 -1 42
Result 0 19.0 697 0.47 0.25 0.18 0.21 0.19 0.17 -1 -1 -1 -1 -1
Evo 1.33 0.00 0.50 0.49 0.50 0.50 0.50 0.07 0.00 0.02 4.81 23.32 -1 52
Result 0 23.0 912 0.44 0.26 0.20 0.18 0.20 0.16 -1 -1 -1 -1 -1
Evo 1.24 0.00 0.50 0.48 0.50 0.50 0.50 0.08 0.00 0.01 3.51 17.06 -1 40
Result 0 13.0 719 0.45 0.25 0.20 0.18 0.21 0.15 -1 -1 -1 -1 -1
Evo 1.41 0.00 0.50 0.49 0.50 0.50 0.50 0.06 0.00 0.01 4.07 21.16 -1 62
Result 0 20.0 691 0.42 0.28 0.20 0.16 0.18 0.18 -1 -1 -1 -1 -1
Evo 1.59 0.00 0.50 0.44 0.50 0.50 0.50 0.15 0.02 0.18 0.77 8.51 -1 46
Result 0 6.0 100 0.49 0.36 0.11 0.23 0.21 0.10 -1 -1 -1 -1 -1
Evo 1.24 0.00 0.50 0.49 0.50 0.50 0.50 0.07 0.00 0.01 4.75 21.98 -1 19
Result 0 23.0 831 0.46 0.23 0.22 0.20 0.18 0.18 -1 -1 -1 -1 -1
Evo 1.43 0.10 1.00 0.51 0.50 0.50 0.50 0.06 0.00 0.20 4.67 25.53 867 58
Result 1 70.0 879 0.45 0.25 0.19 0.19 0.18 0.18 -1 -1 -1 -1 -1
Evo 1.58 0.00 0.50 0.47 0.50 0.50 0.50 0.10 0.00 0.02 3.08 16.26 -1 21
Result 0 40.0 527 0.46 0.25 0.22 0.19 0.18 0.16 -1 -1 -1 -1 -1
Evo 1.50 0.00 0.50 0.49 0.50 0.50 0.50 0.06 0.00 0.02 3.06 21.78 -1 22
Result 0 52.0 447 0.43 0.33 0.19 0.17 0.16 0.15 -1 -1 -1 -1 -1
Evo 1.52 0.00 0.50 0.47 0.50 0.50 0.50 0.12 0.01 0.04 1.48 10.85 -1 36
Result 0 25.0 205 0.49 0.25 0.23 0.24 0.12 0.16 -1 -1 -1 -1 -1
Evo 1.22 0.00 0.50 0.50 0.50 0.50 0.50 0.04 0.00 0.01 3.18 13.24 -1 41
Result 0 28.0 709 0.45 0.21 0.18 0.19 0.20 0.22 -1 -1 -1 -1 -1
Evo 1.45 0.00 0.50 0.48 0.50 0.50 0.50 0.09 0.00 0.02 2.85 21.85 -1 67
Result 0 51.0 423 0.41 0.32 0.18 0.15 0.17 0.19 -1 -1 -1 -1 -1
Evo 1.41 0.00 0.50 0.49 0.50 0.50 0.50 0.07 0.00 0.01 4.64 23.38 -1 69
Result 0 56.0 809 0.44 0.27 0.22 0.17 0.19 0.16 -1 -1 -1 -1 -1
Evo 1.71 0.00 0.50 0.48 0.50 0.50 0.50 0.09 0.01 0.03 1.58 11.45 -1 46
Result 0 32.0 257 0.43 0.29 0.22 0.16 0.19 0.14 -1 -1 -1 -1 -1
Evo 1.54 0.00 0.50 0.47 0.50 0.50 0.50 0.11 0.00 0.07 3.04 16.33 -1 37
Result 0 44.0 528 0.41 0.29 0.18 0.15 0.20 0.19 -1 -1 -1 -1 -1
Evo 1.91 0.00 0.50 0.45 0.50 0.50 0.50 0.13 0.01 0.03 1.63 13.58 -1 24
Result 0 36.0 222 0.47 0.34 0.13 0.20 0.18 0.15 -1 -1 -1 -1 -1
Evo 2.33 0.00 0.50 0.45 0.50 0.50 0.50 0.14 0.01 0.37 1.27 11.44 -1 19
Result 0 30.0 164 0.48 0.33 0.10 0.22 0.22 0.13 -1 -1 -1 -1 -1
Evo 1.73 0.00 0.50 0.46 0.50 0.50 0.50 0.12 0.01 0.04 1.13 8.72 -1 41
Result 0 21.0 181 0.44 0.25 0.18 0.18 0.26 0.14 -1 -1 -1 -1 -1
Evo 1.17 0.00 0.50 0.49 0.50 0.50 0.50 0.06 0.00 0.04 3.44 13.75 -1 45
Result 0 29.0 841 0.46 0.21 0.21 0.20 0.20 0.19 -1 -1 -1 -1 -1
Evo 1.53 0.00 0.50 0.45 0.50 0.50 0.50 0.15 0.01 0.04 0.90 7.11 -1 22
Result 0 24.0 166 0.43 0.30 0.19 0.16 0.16 0.19 -1 -1 -1 -1 -1
Evo 1.66 0.00 0.50 0.46 0.50 0.50 0.50 0.12 0.01 0.04 1.33 10.56 -1 59
Result 0 22.0 176 0.46 0.31 0.15 0.19 0.25 0.10 -1 -1 -1 -1 -1
Evo 1.72 0.00 0.50 0.46 0.50 0.50 0.50 0.12 0.01 0.06 1.63 12.91 -1 56
Result 0 33.0 236 0.44 0.30 0.20 0.18 0.11 0.21 -1 -1 -1 -1 -1
Evo 1.29 0.00 0.50 0.49 0.50 0.50 0.50 0.07 0.00 0.10 3.47 24.80 -1 25
Result 0 58.0 613 0.43 0.25 0.21 0.17 0.18 0.19 -1 -1 -1 -1 -1
Evo 1.65 0.00 0.50 0.48 0.50 0.50 0.50 0.10 0.01 0.03 1.95 19.03 -1 44
Result 0 47.0 271 0.42 0.36 0.20 0.15 0.13 0.15 -1 -1 -1 -1 -1
Evo 1.36 0.00 0.50 0.50 0.50 0.50 0.50 0.04 0.00 0.01 4.59 22.91 -1 56
Result 0 54.0 1021 0.46 0.26 0.20 0.19 0.17 0.17 -1 -1 -1 -1 -1
Evo 1.71 0.00 0.50 0.48 0.50 0.50 0.50 0.09 0.01 0.03 1.75 10.31 -1 66
Result 0 26.0 288 0.42 0.28 0.18 0.16 0.23 0.15 -1 -1 -1 -1 -1
Evo 1.45 0.00 0.50 0.46 0.50 0.50 0.50 0.12 0.01 0.07 0.93 6.33 -1 46
Result 0 8.0 172 0.41 0.26 0.18 0.15 0.20 0.21 -1 -1 -1 -1 -1
Evo 1.29 0.00 0.50 0.47 0.50 0.50 0.50 0.11 0.01 0.07 1.34 6.44 -1 73
Result 0 8.0 260 0.47 0.25 0.16 0.20 0.20 0.18 -1 -1 -1 -1 -1
Evo 1.24 0.00 0.50 0.49 0.50 0.50 0.50 0.06 0.00 0.02 2.06 15.60 -1 88
Result 0 26.0 359 0.42 0.26 0.21 0.16 0.15 0.22 -1 -1 -1 -1 -1
Evo 1.21 0.00 0.50 0.48 0.50 0.50 0.50 0.10 0.01 0.04 1.30 8.33 -1 22
Result 0 4.0 214 0.45 0.30 0.22 0.18 0.13 0.17 -1 -1 -1 -1 -1
Evo 1.25 0.00 0.50 0.48 0.50 0.50 0.50 0.08 0.00 0.06 1.58 9.50 -1 82
Result 0 18.0 334 0.44 0.24 0.16 0.18 0.21 0.21 -1 -1 -1 -1 -1
Evo 1.63 0.00 0.50 0.42 0.50 0.50 0.50 0.19 0.02 0.08 0.52 5.25 -1 34
Result 0 8.0 79 0.41 0.23 0.15 0.15 0.28 0.20 -1 -1 -1 -1 -1
Evo 1.23 0.00 0.50 0.48 0.50 0.50 0.50 0.08 0.00 0.02 3.75 15.29 -1 84
Result 0 26.0 854 0.46 0.24 0.18 0.19 0.19 0.20 -1 -1 -1 -1 -1
Evo 1.41 0.00 0.50 0.48 0.50 0.50 0.50 0.08 0.00 0.02 3.52 24.32 -1 65
Result 0 40.0 585 0.42 0.26 0.22 0.16 0.18 0.18 -1 -1 -1 -1 -1
Evo 1.47 0.00 0.50 0.47 0.50 0.50 0.50 0.12 0.01 0.04 1.20 7.48 -1 38
Result 0 10.0 190 0.48 0.19 0.13 0.23 0.24 0.22 -1 -1 -1 -1 -1
Evo 1.66 0.00 0.50 0.44 0.50 0.50 0.50 0.14 0.01 0.05 1.10 7.91 -1 30
Result 0 16.0 147 0.43 0.35 0.16 0.16 0.15 0.18 -1 -1 -1 -1 -1
Evo 1.33 0.00 0.50 0.49 0.50 0.50 0.50 0.06 0.00 0.01 4.15 21.38 -1 48
Result 0 40.0 841 0.46 0.21 0.19 0.20 0.21 0.20 -1 -1 -1 -1 -1
Evo 1.78 0.00 0.50 0.43 0.50 0.50 0.50 0.17 0.02 0.07 0.67 6.60 -1 64
Result 0 -10.0 100 0.46 0.35 0.24 0.20 0.13 0.09 -1 -1 -1 -1 -1
Evo 1.52 0.00 0.50 0.44 0.50 0.50 0.50 0.15 0.01 0.44 0.85 6.08 -1 54
Result 0 -4.0 130 0.43 0.23 0.14 0.17 0.32 0.15 -1 -1 -1 -1 -1
Evo 1.52 0.00 0.50 0.45 0.50 0.50 0.50 0.14 0.01 0.13 0.84 6.14 -1 80
Result 0 4.0 128 0.45 0.23 0.27 0.19 0.14 0.17 -1 -1 -1 -1 -1
Evo 1.40 0.00 0.50 0.47 0.50 0.50 0.50 0.10 0.00 0.06 2.35 13.27 -1 31
Result 0 26.0 435 0.40 0.32 0.20 0.14 0.18 0.16 -1 -1 -1 -1 -1
Evo 1.70 0.00 0.50 0.44 0.50 0.50 0.50 0.16 0.02 0.11 0.65 7.30 -1 36
Result 0 15.0 97 0.34 0.31 0.09 0.10 0.27 0.23 -1 -1 -1 -1 -1
Evo 1.71 0.00 0.50 0.47 0.50 0.50 0.50 0.11 0.01 0.06 1.41 9.13 -1 56
Result 0 6.0 217 0.41 0.26 0.26 0.15 0.14 0.18 -1 -1 -1 -1 -1
Evo 1.67 0.00 0.50 0.45 0.50 0.50 0.50 0.14 0.01 0.05 0.72 5.91 -1 49
Result 0 4.0 130 0.44 0.26 0.26 0.18 0.14 0.17 -1 -1 -1 -1 -1
Evo 1.57 0.00 0.50 0.45 0.50 0.50 0.50 0.13 0.01 0.14 1.30 9.20 -1 29
Result 0 12.0 183 0.46 0.24 0.26 0.19 0.17 0.14 -1 -1 -1 -1 -1
Evo 2.04 0.00 0.50 0.46 0.50 0.50 0.50 0.13 0.01 0.04 1.28 9.25 -1 35
Result 0 16.0 182 0.42 0.29 0.14 0.16 0.20 0.22 -1 -1 -1 -1 -1
