Evo 1.01 0.00 1.00 1.00 1.00 1.00 1.00 0.04 0.00 0.01 0.17 0.32 805 -1
Result 1 8.0 817 0.40 0.16 0.20 0.18 0.16 0.17 0.14 -1 -1 -1 -1
Evo 1.00 0.00 0.00 0.00 0.00 0.00 0.00 0.00 0.00 0.01 0.26 0.47 -1 1988
Result 0 0.0 2000 0.42 0.15 0.16 0.19 0.18 0.17 0.16 -1 -1 -1 -1
Evo 1.03 0.00 0.50 0.50 0.50 0.50 0.50 0.04 0.00 0.01 0.32 0.52 -1 1988
Result 0 10.0 2000 0.43 0.17 0.16 0.18 0.16 0.17 0.17 -1 -1 -1 -1
Evo 1.01 0.00 0.50 0.50 0.50 0.50 0.50 0.04 0.00 0.04 0.32 0.51 -1 1988
Result 0 0.0 2000 0.43 0.16 0.17 0.17 0.17 0.17 0.16 -1 -1 -1 -1
Evo 1.03 0.00 0.50 0.50 0.50 0.50 0.50 0.04 0.00 0.01 0.31 0.54 -1 1988
Result 0 5.0 2000 0.43 0.17 0.16 0.17 0.17 0.17 0.16 -1 -1 -1 -1
Evo 1.01 0.00 0.50 0.50 0.50 0.50 0.50 0.04 0.00 0.01 0.38 0.55 -1 1988
Result 0 0.0 2000 0.45 0.16 0.16 0.16 0.16 0.17 0.18 -1 -1 -1 -1
Evo 1.03 0.50 1.00 0.51 0.50 0.50 0.50 0.06 0.00 0.25 0.21 0.33 792 -1
Result 1 4.0 804 0.44 0.16 0.17 0.16 0.18 0.16 0.17 -1 -1 -1 -1
Evo 1.05 0.50 1.00 0.51 0.50 0.50 0.50 0.08 0.00 0.49 0.13 0.29 509 -1
Result 1 8.0 521 0.45 0.17 0.17 0.18 0.14 0.16 0.19 -1 -1 -1 -1
Evo 1.01 0.00 0.50 0.50 0.50 0.50 0.50 0.04 0.00 0.01 0.38 0.57 -1 1988
Result 0 10.0 2000 0.44 0.15 0.16 0.18 0.17 0.17 0.18 -1 -1 -1 -1
Evo 1.02 0.00 0.50 0.50 0.50 0.50 0.50 0.04 0.00 0.01 0.39 0.51 -1 1988
Result 0 5.0 2000 0.44 0.17 0.16 0.16 0.16 0.17 0.17 -1 -1 -1 -1
Evo 1.02 0.00 0.50 0.50 0.50 0.50 0.50 0.04 0.00 0.01 0.34 0.50 -1 1988
Result 0 10.0 2000 0.42 0.16 0.17 0.17 0.15 0.18 0.16 -1 -1 -1 -1
Evo 1.02 0.00 0.50 0.50 0.50 0.50 0.50 0.04 0.00 0.01 0.25 0.44 -1 1988
Result 0 0.0 2000 0.43 0.18 0.18 0.15 0.16 0.16 0.17 -1 -1 -1 -1
Evo 1.00 0.50 1.00 0.51 0.50 0.50 0.50 0.07 0.00 0.31 0.15 0.32 601 -1
Result 1 4.0 613 0.40 0.16 0.17 0.19 0.17 0.17 0.14 -1 -1 -1 -1
Evo 1.01 0.50 1.00 0.50 0.50 0.50 0.50 0.05 0.00 0.53 0.20 0.31 1362 -1
Result 1 4.0 1374 0.45 0.16 0.17 0.16 0.17 0.15 0.18 -1 -1 -1 -1
Evo 1.00 0.00 0.50 0.50 0.50 0.50 0.50 0.04 0.00 0.01 0.20 0.45 -1 1988
Result 0 0.0 2000 0.43 0.18 0.16 0.16 0.15 0.18 0.16 -1 -1 -1 -1
Evo 1.04 0.50 1.00 0.51 0.50 0.50 0.50 0.05 0.00 0.01 0.20 0.33 1112 -1
Result 1 8.0 1124 0.45 0.18 0.17 0.16 0.16 0.15 0.19 -1 -1 -1 -1
Evo 1.02 0.00 0.50 0.50 0.50 0.50 0.50 0.04 0.00 0.01 0.26 0.42 -1 1988
Result 0 10.0 2000 0.42 0.17 0.18 0.17 0.16 0.18 0.16 -1 -1 -1 -1
Evo 1.01 0.00 0.50 0.50 0.50 0.50 0.50 0.04 0.00 0.01 0.37 0.52 -1 1988
Result 0 0.0 2000 0.44 0.16 0.16 0.16 0.17 0.18 0.18 -1 -1 -1 -1
Evo 1.02 0.00 0.50 0.50 0.50 0.50 0.50 0.04 0.00 0.01 0.36 0.56 -1 1988
Result 0 0.0 2000 0.43 0.18 0.17 0.17 0.16 0.16 0.17 -1 -1 -1 -1
Evo 1.03 0.50 1.00 0.51 0.50 0.50 0.50 0.07 0.00 0.02 0.18 0.35 556 -1
Result 1 12.0 568 0.41 0.17 0.19 0.16 0.17 0.15 0.15 -1 -1 -1 -1
Evo 1.02 0.00 0.50 0.50 0.50 0.50 0.50 0.04 0.00 0.01 0.24 0.34 -1 1988
Result 0 5.0 2000 0.42 0.17 0.16 0.18 0.17 0.17 0.16 -1 -1 -1 -1
Evo 1.00 0.00 0.50 0.50 0.50 0.50 0.50 0.04 0.00 0.01 0.41 0.54 -1 1988
Result 0 5.0 2000 0.42 0.15 0.17 0.17 0.17 0.17 0.16 -1 -1 -1 -1
Evo 1.01 0.00 0.50 0.50 0.50 0.50 0.50 0.04 0.00 0.02 0.36 0.51 -1 1988
Result 0 0.0 2000 0.44 0.16 0.18 0.16 0.16 0.16 0.17 -1 -1 -1 -1
Evo 1.01 0.00 0.50 0.50 0.50 0.50 0.50 0.04 0.00 0.01 0.31 0.45 -1 1988
Result 0 5.0 2000 0.43 0.16 0.16 0.16 0.18 0.16 0.17 -1 -1 -1 -1
Evo 1.00 0.00 0.50 0.50 0.50 0.50 0.50 0.04 0.00 0.01 0.32 0.49 -1 1988
Result 0 0.0 2000 0.44 0.17 0.16 0.16 0.18 0.16 0.18 -1 -1 -1 -1
Evo 1.01 0.00 0.50 0.50 0.50 0.50 0.50 0.04 0.00 0.01 0.14 0.26 -1 1988
Result 0 5.0 2000 0.43 0.18 0.15 0.17 0.16 0.17 0.17 -1 -1 -1 -1
Evo 1.01 0.00 0.50 0.50 0.50 0.50 0.50 0.04 0.00 0.01 0.31 0.51 -1 1988
Result 0 0.0 2000 0.43 0.18 0.17 0.15 0.17 0.16 0.17 -1 -1 -1 -1
Evo 1.00 0.00 0.50 0.50 0.50 0.50 0.50 0.04 0.00 0.01 0.27 0.43 -1 1988
Result 0 5.0 2000 0.45 0.16 0.17 0.16 0.16 0.17 0.18 -1 -1 -1 -1
Evo 1.00 0.00 0.50 0.50 0.50 0.50 0.50 0.04 0.00 0.05 0.31 0.45 -1 1988
Result 0 0.0 2000 0.41 0.17 0.17 0.17 0.18 0.16 0.15 -1 -1 -1 -1
Evo 1.02 0.00 0.50 0.50 0.50 0.50 0.50 0.04 0.00 0.03 0.25 0.34 -1 1988
Result 0 0.0 2000 0.44 0.15 0.16 0.17 0.17 0.17 0.18 -1 -1 -1 -1
Evo 1.03 0.00 0.50 0.50 0.50 0.50 0.50 0.04 0.00 0.01 0.15 0.24 -1 1988
Result 0 0.0 2000 0.45 0.15 0.16 0.18 0.17 0.16 0.18 -1 -1 -1 -1
Evo 1.00 0.00 0.50 0.50 0.50 0.50 0.50 0.04 0.00 0.01 0.21 0.35 -1 1988
Result 0 0.0 2000 0.42 0.18 0.16 0.17 0.16 0.16 0.16 -1 -1 -1 -1
Evo 1.01 0.00 0.50 0.50 0.50 0.50 0.50 0.04 0.00 0.01 0.25 0.35 -1 1988
Result 0 0.0 2000 0.42 0.17 0.18 0.16 0.17 0.17 0.16 -1 -1 -1 -1
Evo 1.01 0.00 0.50 0.50 0.50 0.50 0.50 0.04 0.00 0.01 0.37 0.57 -1 1988
Result 0 5.0 2000 0.44 0.16 0.16 0.17 0.16 0.18 0.17 -1 -1 -1 -1
Evo 1.02 0.00 0.50 0.50 0.50 0.50 0.50 0.04 0.00 0.01 0.24 0.34 -1 1988
Result 0 0.0 2000 0.45 0.16 0.16 0.15 0.19 0.16 0.18 -1 -1 -1 -1
Evo 1.01 0.00 0.50 0.50 0.50 0.50 0.50 0.04 0.00 0.01 0.36 0.57 -1 1988
Result 0 0.0 2000 0.43 0.16 0.17 0.17 0.16 0.18 0.16 -1 -1 -1 -1
Evo 1.00 0.50 1.00 0.50 0.50 0.50 0.50 0.05 0.00 0.23 0.30 0.55 1424 -1
Result 1 4.0 1436 0.44 0.16 0.17 0.16 0.16 0.18 0.17 -1 -1 -1 -1
Evo 1.01 0.00 0.50 0.50 0.50 0.50 0.50 0.04 0.00 0.01 0.31 0.56 -1 1988
Result 0 0.0 2000 0.42 0.17 0.17 0.16 0.17 0.17 0.16 -1 -1 -1 -1
Evo 1.00 0.00 0.50 0.50 0.50 0.50 0.50 0.04 0.00 0.01 0.38 0.56 -1 1988
Result 0 5.0 2000 0.44 0.15 0.17 0.16 0.16 0.17 0.17 -1 -1 -1 -1
Evo 1.02 0.00 0.50 0.50 0.50 0.50 0.50 0.04 0.00 0.01 0.34 0.52 -1 1988
Result 0 5.0 2000 0.43 0.15 0.16 0.17 0.19 0.17 0.16 -1 -1 -1 -1
Evo 1.03 0.00 0.50 0.50 0.50 0.50 0.50 0.04 0.00 0.01 0.32 0.55 -1 1988
Result 0 10.0 2000 0.44 0.16 0.17 0.16 0.17 0.17 0.17 -1 -1 -1 -1
Evo 1.01 0.50 1.00 0.50 0.50 0.50 0.50 0.04 0.00 0.01 0.35 0.49 1531 -1
Result 1 12.0 1763 0.44 0.18 0.16 0.16 0.15 0.18 0.17 -1 -1 -1 -1
Evo 1.00 0.00 0.50 0.50 0.50 0.50 0.50 0.04 0.00 0.01 0.12 0.22 -1 1988
Result 0 0.0 2000 0.44 0.17 0.17 0.17 0.16 0.16 0.17 -1 -1 -1 -1
Evo 1.00 0.00 0.50 0.50 0.50 0.50 0.50 0.04 0.00 0.01 0.14 0.24 -1 1988
Result 0 5.0 2000 0.44 0.17 0.16 0.17 0.15 0.17 0.17 -1 -1 -1 -1
Evo 1.00 0.00 0.50 0.50 0.50 0.50 0.50 0.04 0.00 0.01 0.26 0.40 -1 1988
Result 0 0.0 2000 0.44 0.17 0.17 0.16 0.17 0.15 0.18 -1 -1 -1 -1
Evo 1.00 0.00 0.50 0.50 0.50 0.50 0.50 0.04 0.00 0.01 0.17 0.25 -1 1988
Result 0 5.0 2000 0.44 0.16 0.17 0.17 0.17 0.16 0.17 -1 -1 -1 -1
Evo 1.00 0.00 0.50 0.50 0.50 0.50 0.50 0.04 0.00 0.05 0.29 0.41 -1 1988
Result 0 0.0 2000 0.42 0.18 0.16 0.18 0.16 0.16 0.16 -1 -1 -1 -1
Evo 1.00 0.00 0.50 0.50 0.50 0.50 0.50 0.04 0.00 0.05 0.25 0.41 -1 1988
Result 0 0.0 2000 0.43 0.16 0.17 0.16 0.16 0.18 0.16 -1 -1 -1 -1
Evo 1.02 0.00 0.50 0.50 0.50 0.50 0.50 0.04 0.00 0.01 0.12 0.20 -1 1988
Result 0 5.0 2000 0.42 0.18 0.17 0.16 0.18 0.17 0.15 -1 -1 -1 -1
Evo 1.00 0.00 0.50 0.50 0.50 0.50 0.50 0.04 0.00 0.01 0.13 0.20 -1 1988
Result 0 5.0 2000 0.43 0.16 0.16 0.17 0.17 0.16 0.17 -1 -1 -1 -1
Evo 1.01 0.00 0.50 0.50 0.50 0.50 0.50 0.04 0.00 0.01 0.26 0.41 -1 1988
Result 0 0.0 2000 0.44 0.16 0.17 0.16 0.16 0.18 0.17 -1 -1 -1 -1
Evo 1.00 0.00 0.50 0.50 0.50 0.50 0.50 0.04 0.00 0.01 0.29 0.43 -1 1988
Result 0 5.0 2000 0.44 0.16 0.17 0.16 0.17 0.17 0.17 -1 -1 -1 -1
Evo 1.00 0.00 0.50 0.50 0.50 0.50 0.50 0.04 0.00 0.05 0.30 0.47 -1 1988
Result 0 0.0 2000 0.44 0.17 0.17 0.17 0.17 0.16 0.17 -1 -1 -1 -1
Evo 1.00 0.00 0.50 0.50 0.50 0.50 0.50 0.04 0.00 0.05 0.26 0.42 -1 1988
Result 0 0.0 2000 0.43 0.17 0.15 0.18 0.17 0.17 0.16 -1 -1 -1 -1
Evo 1.00 0.00 0.50 0.50 0.50 0.50 0.50 0.04 0.00 0.01 0.17 0.25 -1 1988
Result 0 0.0 2000 0.44 0.16 0.17 0.17 0.17 0.15 0.18 -1 -1 -1 -1
Evo 1.01 0.00 0.50 0.50 0.50 0.50 0.50 0.04 0.00 0.01 0.33 0.57 -1 1988
Result 0 10.0 2000 0.44 0.17 0.17 0.16 0.15 0.17 0.18 -1 -1 -1 -1
Evo 1.00 0.00 0.50 0.50 0.50 0.50 0.50 0.04 0.00 0.05 0.20 0.33 -1 1988
Result 0 0.0 2000 0.42 0.17 0.16 0.18 0.16 0.18 0.15 -1 -1 -1 -1
Evo 1.01 0.00 0.50 0.50 0.50 0.50 0.50 0.04 0.00 0.01 0.25 0.42 -1 1988
Result 0 5.0 2000 0.43 0.17 0.18 0.16 0.18 0.15 0.16 -1 -1 -1 -1
Evo 1.01 0.00 0.50 0.50 0.50 0.50 0.50 0.04 0.00 0.01 0.33 0.53 -1 1988
Result 0 7.0 2000 0.43 0.17 0.16 0.15 0.17 0.17 0.17 -1 -1 -1 -1
Evo 1.01 0.00 1.00 0.50 0.50 0.50 0.50 0.05 0.00 0.38 0.39 0.59 1774 1988
Result 0 3.0 2000 0.44 0.17 0.15 0.16 0.17 0.18 0.18 -1 -1 -1 -1
Evo 1.01 0.00 0.50 0.50 0.50 0.50 0.50 0.04 0.00 0.01 0.20 0.31 -1 1988
Result 0 5.0 2000 0.44 0.17 0.17 0.16 0.17 0.17 0.17 -1 -1 -1 -1
Evo 1.00 0.00 0.50 0.50 0.50 0.50 0.50 0.04 0.00 0.01 0.28 0.50 -1 1988
Result 0 5.0 2000 0.42 0.15 0.19 0.17 0.17 0.16 0.16 -1 -1 -1 -1
Evo 1.00 0.00 0.50 0.50 0.50 0.50 0.50 0.04 0.00 0.01 0.13 0.23 -1 1988
Result 0 5.0 2000 0.42 0.16 0.17 0.16 0.17 0.18 0.16 -1 -1 -1 -1
Evo 1.05 0.00 0.50 0.50 0.50 0.50 0.50 0.04 0.00 0.02 0.19 0.27 -1 1988
Result 0 10.0 2000 0.42 0.17 0.17 0.16 0.17 0.17 0.16 -1 -1 -1 -1
Evo 1.02 0.00 0.50 0.50 0.50 0.50 0.50 0.04 0.00 0.01 0.19 0.25 -1 1988
Result 0 10.0 2000 0.42 0.16 0.17 0.18 0.18 0.16 0.15 -1 -1 -1 -1
Evo 1.00 0.00 0.50 0.50 0.50 0.50 0.50 0.04 0.00 0.03 0.17 0.29 -1 1988
Result 0 0.0 2000 0.43 0.16 0.17 0.17 0.18 0.15 0.17 -1 -1 -1 -1
Evo 1.00 0.00 0.50 0.50 0.50 0.50 0.50 0.04 0.00 0.01 0.19 0.29 -1 1988
Result 0 5.0 2000 0.44 0.17 0.16 0.15 0.17 0.17 0.18 -1 -1 -1 -1
Evo 1.00 0.00 0.50 0.50 0.50 0.50 0.50 0.04 0.00 0.01 0.13 0.20 -1 1988
Result 0 5.0 2000 0.42 0.17 0.17 0.16 0.17 0.16 0.16 -1 -1 -1 -1
Evo 1.01 0.00 0.50 0.50 0.50 0.50 0.50 0.04 0.00 0.02 0.21 0.24 -1 1988
Result 0 10.0 2000 0.44 0.17 0.17 0.16 0.17 0.16 0.17 -1 -1 -1 -1
Evo 1.01 0.00 0.50 0.50 0.50 0.50 0.50 0.04 0.00 0.01 0.21 0.34 -1 1988
Result 0 5.0 2000 0.42 0.17 0.18 0.17 0.16 0.17 0.16 -1 -1 -1 -1
Evo 1.04 0.00 0.50 0.50 0.50 0.50 0.50 0.04 0.00 0.01 0.14 0.23 -1 1988
Result 0 5.0 2000 0.44 0.16 0.18 0.16 0.16 0.17 0.17 -1 -1 -1 -1
Evo 1.00 0.00 0.50 0.50 0.50 0.50 0.50 0.04 0.00 0.01 0.18 0.26 -1 1988
Result 0 5.0 2000 0.43 0.15 0.18 0.16 0.17 0.18 0.16 -1 -1 -1 -1
Evo 1.00 0.00 0.50 0.50 0.50 0.50 0.50 0.04 0.00 0.01 0.21 0.25 -1 1988
Result 0 5.0 2000 0.45 0.17 0.17 0.15 0.16 0.17 0.18 -1 -1 -1 -1
Evo 1.02 0.00 0.50 0.50 0.50 0.50 0.50 0.04 0.00 0.01 0.21 0.33 -1 1988
Result 0 5.0 2000 0.43 0.16 0.17 0.17 0.16 0.17 0.17 -1 -1 -1 -1
Evo 1.00 0.00 0.50 0.50 0.50 0.50 0.50 0.04 0.00 0.01 0.16 0.30 -1 1988
Result 0 5.0 2000 0.44 0.17 0.16 0.16 0.16 0.17 0.18 -1 -1 -1 -1
Evo 1.00 0.00 0.50 0.50 0.50 0.50 0.50 0.04 0.00 0.03 0.22 0.38 -1 1988
Result 0 0.0 2000 0.43 0.18 0.18 0.17 0.16 0.15 0.16 -1 -1 -1 -1
Evo 1.02 0.00 0.50 0.50 0.50 0.50 0.50 0.04 0.00 0.01 0.27 0.40 -1 1988
Result 0 10.0 2000 0.43 0.17 0.16 0.18 0.16 0.16 0.17 -1 -1 -1 -1
Evo 1.03 0.00 0.50 0.50 0.50 0.50 0.50 0.04 0.00 0.01 0.24 0.38 -1 1988
Result 0 10.0 2000 0.42 0.20 0.16 0.17 0.15 0.16 0.16 -1 -1 -1 -1
Evo 1.03 0.50 1.00 0.50 0.50 0.50 0.50 0.05 0.00 0.12 0.28 0.41 1304 -1
Result 1 8.0 1316 0.41 0.16 0.18 0.17 0.17 0.16 0.15 -1 -1 -1 -1
Evo 1.03 0.00 0.50 0.50 0.50 0.50 0.50 0.04 0.00 0.02 0.36 0.48 -1 1988
Result 0 5.0 2000 0.42 0.19 0.17 0.17 0.15 0.16 0.16 -1 -1 -1 -1
Evo 1.03 0.00 0.50 0.50 0.50 0.50 0.50 0.04 0.00 0.02 0.11 0.12 -1 1988
Result 0 10.0 2000 0.43 0.15 0.18 0.17 0.16 0.17 0.17 -1 -1 -1 -1
Evo 1.03 0.00 0.50 0.50 0.50 0.50 0.50 0.04 0.00 0.01 0.13 0.18 -1 1988
Result 0 5.0 2000 0.43 0.19 0.15 0.17 0.16 0.16 0.17 -1 -1 -1 -1
Evo 1.04 0.00 0.50 0.50 0.50 0.50 0.50 0.04 0.00 0.01 0.13 0.18 -1 1988
Result 0 0.0 2000 0.44 0.17 0.17 0.18 0.15 0.16 0.17 -1 -1 -1 -1
Evo 1.01 0.00 0.50 0.50 0.50 0.50 0.50 0.04 0.00 0.03 0.13 0.19 -1 1988
Result 0 5.0 2000 0.44 0.18 0.16 0.16 0.16 0.17 0.17 -1 -1 -1 -1
Evo 1.01 0.00 0.50 0.50 0.50 0.50 0.50 0.04 0.00 0.01 0.12 0.13 -1 1988
Result 0 5.0 2000 0.43 0.16 0.17 0.17 0.18 0.15 0.17 -1 -1 -1 -1
Evo 1.03 0.00 0.50 0.50 0.50 0.50 0.50 0.04 0.00 0.03 0.14 0.19 -1 1988
Result 0 5.0 2000 0.45 0.16 0.16 0.17 0.17 0.15 0.18 -1 -1 -1 -1
Evo 1.05 0.00 0.50 0.50 0.50 0.50 0.50 0.04 0.00 0.01 0.10 0.12 -1 1988
Result 0 10.0 2000 0.44 0.16 0.17 0.17 0.16 0.17 0.17 -1 -1 -1 -1
Evo 1.00 0.00 0.50 0.50 0.50 0.50 0.50 0.04 0.00 0.02 0.12 0.15 -1 1988
Result 0 10.0 2000 0.45 0.17 0.16 0.18 0.15 0.15 0.19 -1 -1 -1 -1
Evo 1.03 0.00 0.50 0.50 0.50 0.50 0.50 0.04 0.00 0.01 0.10 0.13 -1 1988
Result 0 10.0 2000 0.42 0.16 0.16 0.18 0.18 0.16 0.16 -1 -1 -1 -1
Evo 1.03 0.00 0.50 0.50 0.50 0.50 0.50 0.04 0.00 0.01 0.18 0.24 -1 1988
Result 0 10.0 2000 0.42 0.17 0.17 0.17 0.17 0.16 0.16 -1 -1 -1 -1
Evo 1.01 0.00 0.50 0.50 0.50 0.50 0.50 0.04 0.00 0.01 0.11 0.13 -1 1988
Result 0 5.0 2000 0.44 0.17 0.16 0.16 0.16 0.18 0.18 -1 -1 -1 -1
Evo 1.01 0.00 0.50 0.50 0.50 0.50 0.50 0.04 0.00 0.02 0.27 0.46 -1 1988
Result 0 5.0 2000 0.42 0.17 0.18 0.15 0.16 0.19 0.16 -1 -1 -1 -1
Evo 1.02 0.00 0.50 0.50 0.50 0.50 0.50 0.04 0.00 0.01 0.12 0.15 -1 1988
Result 0 10.0 2000 0.43 0.17 0.15 0.17 0.16 0.17 0.17 -1 -1 -1 -1
Evo 1.03 0.00 0.50 0.50 0.50 0.50 0.50 0.04 0.00 0.01 0.13 0.18 -1 1988
Result 0 5.0 2000 0.41 0.17 0.17 0.18 0.16 0.17 0.15 -1 -1 -1 -1
Evo 1.04 0.00 0.50 0.50 0.50 0.50 0.50 0.04 0.00 0.01 0.17 0.24 -1 1988
Result 0 10.0 2000 0.43 0.16 0.18 0.17 0.16 0.17 0.16 -1 -1 -1 -1
Evo 1.01 0.00 0.50 0.50 0.50 0.50 0.50 0.04 0.00 0.01 0.10 0.13 -1 1988
Result 0 5.0 2000 0.44 0.16 0.19 0.16 0.15 0.17 0.17 -1 -1 -1 -1
Evo 1.00 0.00 0.50 0.50 0.50 0.50 0.50 0.04 0.00 0.01 0.22 0.31 -1 1988
Result 0 5.0 2000 0.44 0.16 0.16 0.16 0.18 0.16 0.18 -1 -1 -1 -1
Evo 1.02 0.00 0.50 0.50 0.50 0.50 0.50 0.04 0.00 0.01 0.11 0.13 -1 1988
Result 0 10.0 2000 0.42 0.16 0.18 0.17 0.18 0.15 0.16 -1 -1 -1 -1
Evo 1.01 0.00 0.50 0.50 0.50 0.50 0.50 0.04 0.00 0.03 0.24 0.36 -1 1988
Result 0 0.0 2000 0.43 0.16 0.16 0.18 0.16 0.17 0.17 -1 -1 -1 -1
Evo 1.01 0.00 0.50 0.50 0.50 0.50 0.50 0.04 0.00 0.01 0.25 0.36 -1 1988
Result 0 5.0 2000 0.44 0.16 0.18 0.15 0.17 0.17 0.18 -1 -1 -1 -1
