Evo 1.62 0.00 1.00 0.64 0.00 1.00 1.00 0.47 0.02 0.03 0.38 0.75 -1 176
Result 0 17.0 454 0.45 0.17 0.14 0.18 0.16 0.18 0.17 -1 -1 -1 -1
Evo 1.85 0.00 1.00 0.98 1.00 1.00 1.00 0.12 0.01 0.03 0.21 0.59 -1 156
Result 0 16.0 319 0.42 0.16 0.13 0.19 0.15 0.16 0.22 -1 -1 -1 -1
Evo 1.09 0.20 1.00 1.00 1.00 1.00 1.00 0.05 0.00 0.03 0.19 0.46 -1 63
Result 0 1.0 275 0.41 0.18 0.14 0.18 0.19 0.15 0.16 -1 -1 -1 -1
Evo 1.89 0.20 1.00 0.99 1.00 1.00 1.00 0.07 0.00 0.03 0.31 0.75 -1 17
Result 0 19.0 325 0.44 0.17 0.16 0.12 0.20 0.17 0.19 -1 -1 -1 -1
Evo 1.79 0.40 1.00 0.99 1.00 1.00 1.00 0.06 0.00 0.03 0.32 0.64 -1 18
Result 0 2.0 257 0.39 0.19 0.16 0.19 0.16 0.14 0.17 -1 -1 -1 -1
Evo 2.22 0.00 1.00 0.98 1.00 1.00 1.00 0.12 0.01 0.02 0.38 0.72 -1 17
Result 0 21.0 412 0.42 0.17 0.15 0.17 0.15 0.15 0.20 -1 -1 -1 -1
Evo 2.35 0.00 1.00 0.99 1.00 1.00 1.00 0.08 0.00 0.03 0.41 0.75 -1 42
Result 0 22.0 510 0.45 0.16 0.15 0.15 0.16 0.19 0.19 -1 -1 -1 -1
Evo 2.29 0.00 1.00 0.99 1.00 1.00 1.00 0.07 0.00 0.15 0.34 0.75 -1 4
Result 0 15.0 266 0.42 0.19 0.13 0.16 0.15 0.15 0.21 -1 -1 -1 -1
Evo 2.11 0.00 1.00 0.99 1.00 1.00 1.00 0.07 0.00 0.04 0.33 0.75 -1 22
Result 0 41.0 352 0.45 0.20 0.14 0.15 0.13 0.18 0.19 -1 -1 -1 -1
Evo 2.10 0.00 1.00 1.00 1.00 1.00 1.00 0.05 0.00 0.01 0.48 0.75 -1 31
Result 0 59.0 680 0.43 0.18 0.15 0.17 0.16 0.17 0.18 -1 -1 -1 -1
Evo 1.69 0.00 1.00 0.99 1.00 1.00 1.00 0.08 0.00 0.11 0.43 0.75 -1 179
Result 0 4.0 406 0.44 0.17 0.16 0.15 0.19 0.18 0.15 -1 -1 -1 -1
Evo 2.15 0.20 1.00 0.99 1.00 1.00 1.00 0.07 0.00 0.02 0.48 0.75 -1 46
Result 0 73.0 479 0.43 0.16 0.13 0.16 0.14 0.16 0.25 -1 -1 -1 -1
Evo 1.62 0.60 1.00 1.00 1.00 1.00 1.00 0.03 0.00 0.05 0.42 0.75 -1 216
Result 0 27.0 518 0.43 0.18 0.14 0.17 0.16 0.17 0.18 -1 -1 -1 -1
Evo 2.09 0.00 1.00 0.98 1.00 1.00 1.00 0.12 0.01 0.02 0.34 0.63 -1 10
Result 0 26.0 547 0.36 0.18 0.16 0.16 0.15 0.12 0.23 -1 -1 -1 -1
Evo 1.66 0.00 1.00 0.99 1.00 1.00 1.00 0.08 0.00 0.01 0.60 0.75 -1 156
Result 0 25.0 899 0.46 0.16 0.16 0.15 0.17 0.19 0.18 -1 -1 -1 -1
Evo 2.32 0.00 1.00 0.99 1.00 1.00 1.00 0.07 0.00 0.10 0.39 0.74 -1 11
Result 0 25.0 399 0.43 0.19 0.15 0.15 0.16 0.16 0.19 -1 -1 -1 -1
Evo 2.05 0.00 1.00 0.99 1.00 1.00 1.00 0.07 0.00 0.07 0.43 0.74 -1 35
Result 0 15.0 438 0.40 0.18 0.15 0.15 0.19 0.14 0.19 -1 -1 -1 -1
Evo 1.49 0.00 1.00 0.98 1.00 1.00 1.00 0.11 0.01 0.03 0.26 0.44 -1 199
Result 0 2.0 319 0.38 0.19 0.18 0.17 0.17 0.13 0.17 -1 -1 -1 -1
Evo 2.48 0.20 1.00 1.00 1.00 1.00 1.00 0.05 0.00 0.05 0.36 0.64 -1 14
Result 0 19.0 393 0.41 0.19 0.14 0.17 0.15 0.15 0.20 -1 -1 -1 -1
Evo 2.57 1.00 1.00 1.00 1.00 1.00 1.00 0.00 0.00 0.05 0.36 0.72 -1 26
Result 0 41.0 322 0.43 0.18 0.15 0.15 0.13 0.16 0.24 -1 -1 -1 -1
Evo 1.87 0.60 1.00 1.00 1.00 1.00 1.00 0.02 0.00 0.03 0.59 0.71 988 66
Result 1 59.0 1000 0.43 0.17 0.14 0.16 0.15 0.16 0.20 -1 -1 -1 -1
Evo 1.99 0.50 0.50 0.50 0.50 0.50 0.50 0.00 0.00 0.07 0.38 0.71 -1 22
Result 0 36.0 372 0.40 0.19 0.15 0.16 0.16 0.14 0.20 -1 -1 -1 -1
Evo 1.99 0.30 0.50 0.50 0.50 0.50 0.50 0.02 0.00 0.33 0.08 0.42 -1 10
Result 0 6.0 142 0.41 0.19 0.15 0.16 0.13 0.15 0.22 -1 -1 -1 -1
Evo 1.85 0.00 0.50 0.49 0.50 0.50 0.50 0.06 0.00 0.05 0.31 0.70 -1 39
Result 0 15.0 296 0.43 0.17 0.12 0.20 0.16 0.17 0.18 -1 -1 -1 -1
Evo 3.00 0.00 0.50 0.49 0.50 0.50 0.50 0.07 0.01 0.10 0.20 0.48 -1 4
Result 0 9.0 173 0.40 0.15 0.17 0.21 0.14 0.14 0.20 -1 -1 -1 -1
Evo 1.94 0.00 0.50 0.50 0.50 0.50 0.50 0.02 0.00 0.02 0.42 0.71 -1 9
Result 0 50.0 613 0.42 0.19 0.16 0.14 0.18 0.16 0.17 -1 -1 -1 -1
Evo 2.55 0.00 0.50 0.49 0.50 0.50 0.50 0.04 0.00 0.12 0.34 0.66 -1 20
Result 0 9.0 437 0.41 0.18 0.16 0.17 0.16 0.15 0.19 -1 -1 -1 -1
Evo 2.03 0.20 0.50 0.50 0.50 0.50 0.50 0.02 0.00 0.12 0.47 0.71 -1 47
Result 0 47.0 591 0.41 0.14 0.16 0.17 0.16 0.15 0.22 -1 -1 -1 -1
Evo 2.50 0.30 0.50 0.50 0.50 0.50 0.50 0.02 0.00 0.14 0.30 0.48 -1 7
Result 0 14.0 309 0.46 0.16 0.17 0.13 0.17 0.19 0.17 -1 -1 -1 -1
Evo 1.88 0.40 0.50 0.50 0.50 0.50 0.50 0.01 0.00 0.16 0.33 0.67 -1 19
Result 0 8.0 343 0.42 0.18 0.19 0.12 0.17 0.16 0.17 -1 -1 -1 -1
Evo 2.13 0.00 0.50 0.50 0.50 0.50 0.50 0.03 0.00 0.04 0.39 0.71 -1 12
Result 0 35.0 422 0.43 0.17 0.16 0.17 0.14 0.17 0.19 -1 -1 -1 -1
Evo 2.51 0.40 0.50 0.50 0.50 0.50 0.50 0.01 0.00 0.09 0.24 0.63 -1 25
Result 0 36.0 317 0.44 0.17 0.16 0.14 0.13 0.18 0.23 -1 -1 -1 -1
Evo 1.99 0.40 0.50 0.50 0.50 0.50 0.50 0.01 0.00 0.05 0.15 0.42 -1 34
Result 0 0.0 162 0.38 0.21 0.16 0.20 0.12 0.13 0.18 -1 -1 -1 -1
Evo 1.76 0.30 0.50 0.50 0.50 0.50 0.50 0.01 0.00 0.01 0.50 0.69 -1 21
Result 0 67.0 771 0.43 0.19 0.16 0.15 0.15 0.17 0.19 -1 -1 -1 -1
Evo 1.82 0.20 0.50 0.50 0.50 0.50 0.50 0.03 0.00 0.08 0.22 0.45 -1 34
Result 0 16.0 291 0.37 0.15 0.17 0.16 0.15 0.12 0.25 -1 -1 -1 -1
Evo 2.08 0.40 0.50 0.50 0.50 0.50 0.50 0.01 0.00 0.03 0.30 0.70 -1 8
Result 0 12.0 307 0.44 0.15 0.15 0.15 0.16 0.18 0.21 -1 -1 -1 -1
Evo 2.39 0.00 0.50 0.50 0.50 0.50 0.50 0.03 0.00 0.01 0.45 0.71 -1 16
Result 0 59.0 622 0.43 0.16 0.16 0.16 0.15 0.16 0.21 -1 -1 -1 -1
Evo 2.10 0.00 0.50 0.50 0.50 0.50 0.50 0.03 0.00 0.08 0.52 0.71 -1 31
Result 0 39.0 593 0.42 0.18 0.17 0.14 0.16 0.15 0.19 -1 -1 -1 -1
Evo 1.84 0.50 0.50 0.50 0.50 0.50 0.50 0.00 0.00 0.04 0.19 0.50 -1 2
Result 0 21.0 180 0.42 0.12 0.19 0.16 0.18 0.16 0.19 -1 -1 -1 -1
Evo 1.48 0.00 0.50 0.48 0.50 0.50 0.50 0.08 0.01 0.05 0.15 0.43 -1 21
Result 0 -1.0 158 0.34 0.16 0.19 0.18 0.16 0.11 0.21 -1 -1 -1 -1
Evo 1.54 0.30 0.50 0.50 0.50 0.50 0.50 0.02 0.00 0.07 0.13 0.31 -1 131
Result 0 19.0 185 0.47 0.15 0.15 0.13 0.17 0.21 0.19 -1 -1 -1 -1
Evo 1.84 0.00 0.50 0.49 0.50 0.50 0.50 0.05 0.00 0.10 0.13 0.33 -1 121
Result 0 1.0 237 0.44 0.17 0.16 0.15 0.18 0.17 0.17 -1 -1 -1 -1
Evo 1.73 0.20 0.50 0.50 0.50 0.50 0.50 0.02 0.00 0.07 0.26 0.70 -1 125
Result 0 6.0 343 0.38 0.19 0.17 0.17 0.13 0.13 0.20 -1 -1 -1 -1
Evo 1.11 0.00 0.50 0.49 0.50 0.50 0.50 0.06 0.00 0.07 0.10 0.26 -1 131
Result 0 0.0 204 0.44 0.18 0.16 0.13 0.19 0.18 0.18 -1 -1 -1 -1
Evo 1.39 0.30 0.50 0.50 0.50 0.50 0.50 0.02 0.00 0.09 0.20 0.59 -1 80
Result 0 10.0 256 0.41 0.18 0.14 0.17 0.16 0.15 0.21 -1 -1 -1 -1
Evo 2.10 0.00 0.50 0.49 0.50 0.50 0.50 0.07 0.01 0.04 0.14 0.39 -1 94
Result 0 5.0 172 0.44 0.17 0.16 0.17 0.14 0.17 0.18 -1 -1 -1 -1
Evo 1.52 0.00 0.50 0.50 0.50 0.50 0.50 0.04 0.00 0.07 0.19 0.51 -1 120
Result 0 10.0 186 0.42 0.14 0.17 0.20 0.22 0.16 0.12 -1 -1 -1 -1
Evo 1.48 0.00 0.50 0.49 0.50 0.50 0.50 0.05 0.00 0.13 0.20 0.42 -1 121
Result 0 2.0 212 0.40 0.16 0.16 0.15 0.19 0.14 0.19 -1 -1 -1 -1
Evo 1.87 0.00 0.50 0.49 0.50 0.50 0.50 0.04 0.00 0.34 0.30 0.48 -1 63
Result 0 12.0 352 0.43 0.19 0.14 0.17 0.16 0.17 0.17 -1 -1 -1 -1
Evo 1.36 0.00 0.50 0.47 0.50 0.50 0.50 0.09 0.01 0.04 0.14 0.34 -1 118
Result 0 2.0 192 0.44 0.13 0.14 0.18 0.18 0.17 0.20 -1 -1 -1 -1
Evo 1.27 0.00 0.50 0.49 0.50 0.50 0.50 0.06 0.00 0.17 0.13 0.35 -1 131
Result 0 1.0 205 0.44 0.16 0.16 0.19 0.15 0.17 0.17 -1 -1 -1 -1
Evo 1.53 0.10 0.50 0.50 0.50 0.50 0.50 0.03 0.00 0.13 0.23 0.65 -1 94
Result 0 3.0 277 0.38 0.19 0.19 0.19 0.15 0.13 0.15 -1 -1 -1 -1
Evo 2.03 0.00 0.50 0.50 0.50 0.50 0.50 0.04 0.00 0.06 0.44 0.71 -1 80
Result 0 21.0 438 0.40 0.20 0.17 0.15 0.18 0.14 0.16 -1 -1 -1 -1
Evo 1.04 0.50 0.50 0.50 0.50 0.50 0.50 0.00 0.00 0.06 0.12 0.44 -1 79
Result 0 -1.0 114 0.37 0.20 0.15 0.21 0.15 0.12 0.17 -1 -1 -1 -1
Evo 1.58 0.10 0.50 0.49 0.50 0.50 0.50 0.05 0.00 0.04 0.18 0.39 -1 76
Result 0 8.0 201 0.44 0.17 0.12 0.18 0.18 0.18 0.17 -1 -1 -1 -1
Evo 1.50 0.10 0.50 0.50 0.50 0.50 0.50 0.03 0.00 0.06 0.20 0.52 -1 125
Result 0 2.0 252 0.43 0.15 0.15 0.18 0.15 0.17 0.19 -1 -1 -1 -1
Evo 1.52 0.00 0.50 0.49 0.50 0.50 0.50 0.07 0.01 0.20 0.14 0.33 -1 114
Result 0 1.0 161 0.41 0.16 0.17 0.15 0.20 0.15 0.17 -1 -1 -1 -1
Evo 1.45 0.00 0.50 0.49 0.50 0.50 0.50 0.08 0.01 0.03 0.17 0.40 -1 119
Result 0 0.0 233 0.39 0.17 0.20 0.14 0.18 0.14 0.18 -1 -1 -1 -1
Evo 1.99 0.00 0.50 0.49 0.50 0.50 0.50 0.04 0.00 0.05 0.36 0.71 -1 58
Result 0 32.0 423 0.39 0.19 0.15 0.19 0.15 0.14 0.19 -1 -1 -1 -1
Evo 1.81 0.00 0.50 0.49 0.50 0.50 0.50 0.05 0.00 0.03 0.15 0.37 -1 97
Result 0 6.0 225 0.42 0.21 0.15 0.16 0.14 0.15 0.19 -1 -1 -1 -1
Evo 1.76 0.00 0.50 0.48 0.50 0.50 0.50 0.08 0.01 0.13 0.18 0.36 -1 10
Result 0 0.0 249 0.45 0.20 0.16 0.16 0.12 0.18 0.17 -1 -1 -1 -1
Evo 1.64 0.50 0.50 0.50 0.50 0.50 0.50 0.00 0.00 0.05 0.14 0.33 -1 61
Result 0 13.0 152 0.43 0.14 0.15 0.18 0.19 0.17 0.17 -1 -1 -1 -1
Evo 2.21 0.40 0.50 0.50 0.50 0.50 0.50 0.01 0.00 0.06 0.30 0.69 -1 39
Result 0 24.0 378 0.38 0.22 0.11 0.20 0.16 0.13 0.18 -1 -1 -1 -1
Evo 1.64 0.00 0.50 0.50 0.50 0.50 0.50 0.03 0.00 0.02 0.37 0.69 -1 53
Result 0 14.0 405 0.45 0.15 0.15 0.17 0.18 0.18 0.17 -1 -1 -1 -1
Evo 1.69 0.30 0.50 0.50 0.50 0.50 0.50 0.02 0.00 0.06 0.33 0.58 -1 8
Result 0 30.0 425 0.43 0.19 0.13 0.19 0.13 0.17 0.19 -1 -1 -1 -1
Evo 2.41 0.00 0.50 0.49 0.50 0.50 0.50 0.06 0.00 0.02 0.25 0.48 -1 43
Result 0 29.0 335 0.43 0.21 0.14 0.13 0.14 0.17 0.21 -1 -1 -1 -1
Evo 2.29 0.40 0.50 0.50 0.50 0.50 0.50 0.00 0.00 0.03 0.38 0.72 -1 43
Result 0 48.0 524 0.43 0.16 0.19 0.17 0.13 0.17 0.18 -1 -1 -1 -1
Evo 2.46 0.20 1.00 0.51 0.50 0.50 0.50 0.05 0.00 0.03 0.59 0.72 988 58
Result 1 75.0 1000 0.43 0.16 0.14 0.18 0.15 0.16 0.21 -1 -1 -1 -1
Evo 2.17 0.00 0.50 0.49 0.50 0.50 0.50 0.06 0.00 0.05 0.41 0.72 -1 29
Result 0 40.0 466 0.44 0.18 0.15 0.15 0.15 0.17 0.20 -1 -1 -1 -1
Evo 1.78 0.40 0.50 0.50 0.50 0.50 0.50 0.01 0.00 0.02 0.48 0.72 -1 20
Result 0 20.0 460 0.40 0.15 0.16 0.20 0.16 0.14 0.19 -1 -1 -1 -1
Evo 2.16 0.00 0.50 0.50 0.50 0.50 0.50 0.03 0.00 0.02 0.43 0.72 -1 38
Result 0 11.0 438 0.43 0.16 0.15 0.17 0.16 0.17 0.20 -1 -1 -1 -1
Evo 1.80 0.50 0.50 0.50 0.50 0.50 0.50 0.00 0.00 0.16 0.23 0.62 -1 37
Result 0 3.0 245 0.42 0.18 0.15 0.18 0.17 0.16 0.16 -1 -1 -1 -1
Evo 1.91 0.00 0.50 0.50 0.50 0.50 0.50 0.04 0.00 0.03 0.33 0.63 -1 7
Result 0 35.0 467 0.41 0.20 0.16 0.15 0.17 0.15 0.17 -1 -1 -1 -1
Evo 2.29 0.40 0.50 0.50 0.50 0.50 0.50 0.00 0.00 0.02 0.47 0.72 -1 41
Result 0 33.0 586 0.41 0.19 0.14 0.17 0.16 0.15 0.19 -1 -1 -1 -1
Evo 2.21 0.00 0.50 0.49 0.50 0.50 0.50 0.05 0.00 0.10 0.40 0.72 -1 55
Result 0 13.0 440 0.40 0.17 0.15 0.17 0.18 0.15 0.18 -1 -1 -1 -1
Evo 2.06 0.00 0.50 0.50 0.50 0.50 0.50 0.03 0.00 0.02 0.42 0.71 -1 34
Result 0 32.0 461 0.43 0.16 0.17 0.15 0.17 0.16 0.18 -1 -1 -1 -1
Evo 1.96 0.00 0.50 0.49 0.50 0.50 0.50 0.07 0.00 0.06 0.42 0.72 -1 42
Result 0 16.0 446 0.38 0.20 0.17 0.18 0.15 0.13 0.18 -1 -1 -1 -1
Evo 2.14 0.00 0.50 0.49 0.50 0.50 0.50 0.05 0.00 0.06 0.43 0.72 -1 43
Result 0 6.0 450 0.39 0.18 0.15 0.14 0.18 0.14 0.21 -1 -1 -1 -1
Evo 2.27 0.20 0.50 0.50 0.50 0.50 0.50 0.01 0.00 0.06 0.46 0.72 -1 62
Result 0 41.0 553 0.42 0.17 0.18 0.17 0.16 0.16 0.17 -1 -1 -1 -1
Evo 2.37 0.20 1.00 0.50 0.50 0.50 0.50 0.06 0.00 0.05 0.63 0.72 988 41
Result 1 55.0 1000 0.41 0.18 0.16 0.16 0.14 0.15 0.20 -1 -1 -1 -1
Evo 1.96 0.50 0.50 0.50 0.50 0.50 0.50 0.00 0.00 0.05 0.13 0.42 -1 57
Result 0 9.0 154 0.38 0.20 0.15 0.15 0.17 0.13 0.19 -1 -1 -1 -1
Evo 2.64 0.10 0.50 0.50 0.50 0.50 0.50 0.02 0.00 0.03 0.48 0.70 -1 14
Result 0 74.0 869 0.41 0.16 0.16 0.16 0.16 0.15 0.21 -1 -1 -1 -1
Evo 2.06 0.00 0.50 0.49 0.50 0.50 0.50 0.07 0.00 0.06 0.43 0.72 -1 63
Result 0 18.0 439 0.42 0.19 0.14 0.15 0.17 0.15 0.20 -1 -1 -1 -1
Evo 1.69 0.00 0.50 0.48 0.50 0.50 0.50 0.08 0.01 0.13 0.08 0.27 -1 89
Result 0 -1.0 128 0.41 0.12 0.28 0.22 0.12 0.15 0.11 -1 -1 -1 -1
Evo 2.59 0.40 0.50 0.50 0.50 0.50 0.50 0.01 0.00 0.06 0.21 0.58 -1 23
Result 0 11.0 223 0.39 0.18 0.17 0.13 0.15 0.14 0.24 -1 -1 -1 -1
Evo 2.45 0.00 0.50 0.49 0.50 0.50 0.50 0.05 0.00 0.01 0.47 0.71 -1 67
Result 0 64.0 774 0.43 0.18 0.15 0.17 0.16 0.16 0.18 -1 -1 -1 -1
Evo 2.02 0.00 0.50 0.49 0.50 0.50 0.50 0.07 0.00 0.03 0.24 0.61 -1 20
Result 0 5.0 286 0.41 0.17 0.12 0.13 0.20 0.15 0.24 -1 -1 -1 -1
Evo 2.30 0.00 0.50 0.49 0.50 0.50 0.50 0.05 0.00 0.21 0.20 0.52 -1 15
Result 0 21.0 185 0.38 0.18 0.18 0.16 0.19 0.13 0.16 -1 -1 -1 -1
Evo 1.97 0.00 0.50 0.48 0.50 0.50 0.50 0.07 0.00 0.04 0.34 0.72 -1 90
Result 0 16.0 387 0.44 0.14 0.18 0.12 0.19 0.18 0.19 -1 -1 -1 -1
Evo 2.36 0.10 0.50 0.50 0.50 0.50 0.50 0.03 0.00 0.05 0.43 0.68 -1 52
Result 0 67.0 605 0.44 0.16 0.15 0.18 0.15 0.17 0.19 -1 -1 -1 -1
Evo 2.11 0.00 0.50 0.49 0.50 0.50 0.50 0.05 0.00 0.02 0.45 0.70 -1 25
Result 0 9.0 459 0.43 0.20 0.15 0.13 0.16 0.17 0.19 -1 -1 -1 -1
Evo 2.27 0.00 0.50 0.48 0.50 0.50 0.50 0.09 0.01 0.22 0.12 0.44 -1 23
Result 0 0.0 155 0.36 0.18 0.18 0.14 0.14 0.12 0.24 -1 -1 -1 -1
Evo 1.94 0.00 0.50 0.50 0.50 0.50 0.50 0.03 0.00 0.03 0.40 0.69 -1 36
Result 0 35.0 530 0.41 0.18 0.16 0.17 0.16 0.15 0.18 -1 -1 -1 -1
Evo 2.40 0.20 0.50 0.50 0.50 0.50 0.50 0.02 0.00 0.02 0.58 0.72 -1 71
Result 0 48.0 748 0.44 0.17 0.16 0.16 0.16 0.17 0.18 -1 -1 -1 -1
Evo 1.56 0.50 0.50 0.50 0.50 0.50 0.50 0.00 0.00 0.06 0.11 0.36 -1 49
Result 0 7.0 102 0.42 0.17 0.17 0.20 0.12 0.16 0.18 -1 -1 -1 -1
Evo 2.05 0.00 0.50 0.49 0.50 0.50 0.50 0.05 0.00 0.13 0.50 0.69 -1 62
Result 0 46.0 788 0.40 0.18 0.16 0.17 0.16 0.14 0.20 -1 -1 -1 -1
Evo 2.53 0.30 0.50 0.50 0.50 0.50 0.50 0.01 0.00 0.29 0.37 0.59 -1 20
Result 0 23.0 491 0.41 0.21 0.14 0.12 0.16 0.15 0.21 -1 -1 -1 -1
Evo 2.26 0.00 0.50 0.49 0.50 0.50 0.50 0.07 0.00 0.07 0.38 0.72 -1 68
Result 0 15.0 369 0.44 0.17 0.14 0.16 0.16 0.18 0.20 -1 -1 -1 -1
Evo 2.20 0.00 0.50 0.49 0.50 0.50 0.50 0.06 0.00 0.02 0.41 0.72 -1 96
Result 0 45.0 487 0.47 0.14 0.15 0.18 0.14 0.20 0.19 -1 -1 -1 -1
Evo 1.97 0.20 0.50 0.50 0.50 0.50 0.50 0.03 0.00 0.02 0.34 0.70 -1 30
Result 0 34.0 337 0.46 0.20 0.14 0.15 0.15 0.19 0.17 -1 -1 -1 -1
