Evo 1.51 0.00 1.00 0.97 1.00 1.00 1.00 0.15 0.01 0.01 0.35 0.53 606 -1
Result 1 62.0 639 0.46 0.20 0.20 0.20 0.20 0.20 -1 -1 -1 -1 -1
Evo 1.40 0.00 1.00 0.07 0.00 0.00 0.00 0.25 0.01 0.02 0.34 0.66 394 -1
Result 1 38.0 426 0.48 0.22 0.19 0.21 0.20 0.18 -1 -1 -1 -1 -1
Evo 1.52 0.00 1.00 0.03 0.00 0.00 0.00 0.15 0.01 0.03 0.32 0.67 296 -1
Result 1 36.0 319 0.47 0.21 0.16 0.23 0.18 0.22 -1 -1 -1 -1 -1
Evo 2.40 0.00 1.00 0.13 0.00 0.00 0.00 0.33 0.03 0.35 0.17 0.50 119 -1
Result 1 14.0 136 0.47 0.21 0.20 0.25 0.18 0.16 -1 -1 -1 -1 -1
Evo 1.38 0.00 1.00 0.03 0.00 0.00 0.00 0.16 0.01 0.04 0.27 0.60 329 -1
Result 1 22.0 338 0.44 0.18 0.18 0.25 0.20 0.19 -1 -1 -1 -1 -1
Evo 1.61 0.00 1.00 0.04 0.00 0.00 0.00 0.20 0.01 0.12 0.27 0.61 276 -1
Result 1 22.0 289 0.48 0.22 0.21 0.22 0.19 0.17 -1 -1 -1 -1 -1
Evo 2.19 0.00 1.00 0.09 0.00 0.00 0.17 0.18 0.01 0.08 0.33 0.67 328 211
Result 1 64.0 339 0.47 0.20 0.18 0.19 0.21 0.21 -1 -1 -1 -1 -1
Evo 1.48 0.17 1.00 0.19 0.17 0.17 0.17 0.12 0.01 0.03 0.16 0.54 285 -1
Result 1 26.0 304 0.43 0.16 0.19 0.26 0.18 0.20 -1 -1 -1 -1 -1
Evo 1.72 0.17 1.00 0.25 0.17 0.17 0.17 0.24 0.02 0.04 0.22 0.55 147 -1
Result 1 14.0 164 0.47 0.21 0.18 0.26 0.19 0.17 -1 -1 -1 -1 -1
Evo 2.23 0.17 1.00 0.22 0.17 0.17 0.17 0.19 0.01 0.04 0.22 0.59 202 -1
Result 1 32.0 219 0.45 0.19 0.20 0.22 0.20 0.20 -1 -1 -1 -1 -1
Evo 1.46 0.17 1.00 0.18 0.17 0.17 0.17 0.10 0.00 0.02 0.38 0.67 513 -1
Result 1 46.0 522 0.49 0.24 0.17 0.21 0.18 0.20 -1 -1 -1 -1 -1
Evo 1.83 0.17 1.00 0.26 0.17 0.17 0.17 0.25 0.02 0.13 0.22 0.52 164 -1
Result 1 20.0 207 0.50 0.25 0.16 0.21 0.19 0.19 -1 -1 -1 -1 -1
Evo 1.96 0.17 1.00 0.25 0.17 0.17 0.29 0.18 0.01 0.02 0.38 0.67 336 226
Result 1 68.0 365 0.46 0.19 0.21 0.21 0.19 0.20 -1 -1 -1 -1 -1
Evo 1.56 0.50 1.00 0.52 0.50 0.50 0.50 0.09 0.00 0.07 0.23 0.57 366 -1
Result 1 38.0 386 0.48 0.22 0.16 0.25 0.18 0.20 -1 -1 -1 -1 -1
Evo 1.61 0.50 1.00 0.51 0.50 0.50 0.50 0.08 0.00 0.03 0.24 0.54 323 -1
Result 1 24.0 332 0.47 0.21 0.18 0.22 0.21 0.17 -1 -1 -1 -1 -1
Evo 1.93 0.50 1.00 0.53 0.50 0.50 0.50 0.11 0.01 0.07 0.17 0.43 172 -1
Result 1 16.0 192 0.47 0.21 0.16 0.24 0.21 0.18 -1 -1 -1 -1 -1
Evo 1.29 0.50 1.00 0.54 0.50 0.50 0.50 0.13 0.01 0.02 0.30 0.54 389 -1
Result 1 16.0 431 0.48 0.22 0.17 0.24 0.17 0.20 -1 -1 -1 -1 -1
Evo 1.74 0.50 1.00 0.54 0.50 0.50 0.50 0.14 0.01 0.02 0.39 0.67 383 335
Result 1 66.0 435 0.45 0.18 0.18 0.22 0.19 0.22 -1 -1 -1 -1 -1
Evo 2.17 0.50 1.00 0.54 0.50 0.50 0.50 0.12 0.01 0.06 0.24 0.52 216 -1
Result 1 20.0 236 0.44 0.18 0.16 0.24 0.24 0.19 -1 -1 -1 -1 -1
Evo 1.46 0.00 0.50 0.50 0.50 0.50 0.50 0.02 0.00 0.04 0.51 0.67 -1 706
Result 0 58.0 834 0.47 0.21 0.21 0.21 0.17 0.20 -1 -1 -1 -1 -1
Evo 2.15 0.50 1.00 0.54 0.50 0.50 0.50 0.12 0.01 0.07 0.30 0.70 176 -1
Result 1 34.0 201 0.44 0.18 0.20 0.24 0.18 0.20 -1 -1 -1 -1 -1
Evo 2.20 0.50 1.00 0.54 0.50 0.50 0.50 0.13 0.01 0.17 0.28 0.69 194 -1
Result 1 32.0 232 0.45 0.18 0.18 0.21 0.21 0.23 -1 -1 -1 -1 -1
Evo 2.61 0.50 1.00 0.52 0.50 0.50 0.50 0.09 0.01 0.18 0.32 0.70 184 -1
Result 1 34.0 215 0.50 0.25 0.17 0.18 0.18 0.22 -1 -1 -1 -1 -1
Evo 1.18 0.50 1.00 0.51 0.50 0.50 0.50 0.06 0.00 0.02 0.50 0.70 963 -1
Result 1 34.0 1012 0.47 0.21 0.18 0.19 0.21 0.21 -1 -1 -1 -1 -1
Evo 1.70 0.50 1.00 0.55 0.50 0.50 0.50 0.14 0.01 0.08 0.31 0.70 211 -1
Result 1 32.0 240 0.45 0.19 0.21 0.22 0.20 0.19 -1 -1 -1 -1 -1
Evo 2.03 0.50 1.00 0.55 0.50 0.50 0.50 0.15 0.01 0.03 0.29 0.70 214 -1
Result 1 34.0 244 0.49 0.23 0.20 0.19 0.17 0.21 -1 -1 -1 -1 -1
Evo 1.93 0.50 1.00 0.54 0.50 0.50 0.50 0.13 0.01 0.04 0.35 0.70 302 -1
Result 1 34.0 338 0.45 0.19 0.20 0.24 0.16 0.21 -1 -1 -1 -1 -1
Evo 1.65 0.50 1.00 0.54 0.50 0.50 0.50 0.14 0.01 0.03 0.37 0.70 267 -1
Result 1 32.0 297 0.45 0.18 0.17 0.21 0.19 0.24 -1 -1 -1 -1 -1
Evo 2.38 0.50 1.00 0.52 0.50 0.50 0.50 0.10 0.01 0.03 0.31 0.69 252 -1
Result 1 34.0 272 0.46 0.19 0.21 0.20 0.18 0.22 -1 -1 -1 -1 -1
Evo 1.98 0.50 1.00 0.53 0.50 0.50 0.50 0.12 0.01 0.04 0.26 0.70 188 -1
Result 1 34.0 203 0.42 0.16 0.19 0.23 0.20 0.23 -1 -1 -1 -1 -1
Evo 2.91 0.50 1.00 0.55 0.50 0.50 0.50 0.14 0.01 0.09 0.22 0.68 117 -1
Result 1 34.0 133 0.47 0.21 0.20 0.17 0.16 0.26 -1 -1 -1 -1 -1
Evo 1.95 0.50 1.00 0.52 0.50 0.50 0.50 0.09 0.01 0.03 0.34 0.70 268 -1
Result 1 34.0 308 0.47 0.21 0.20 0.19 0.21 0.19 -1 -1 -1 -1 -1
Evo 2.35 0.50 1.00 0.55 0.50 0.50 0.50 0.14 0.01 0.04 0.31 0.70 142 -1
Result 1 36.0 189 0.44 0.18 0.18 0.25 0.16 0.23 -1 -1 -1 -1 -1
Evo 1.80 0.50 1.00 0.53 0.50 0.50 0.50 0.12 0.01 0.10 0.34 0.69 313 -1
Result 1 32.0 365 0.45 0.18 0.19 0.20 0.20 0.22 -1 -1 -1 -1 -1
Evo 2.26 0.50 1.00 0.56 0.50 0.50 0.50 0.16 0.01 0.15 0.24 0.70 120 -1
Result 1 32.0 136 0.46 0.20 0.21 0.16 0.19 0.24 -1 -1 -1 -1 -1
Evo 3.25 0.50 1.00 0.55 0.50 0.50 0.50 0.14 0.01 0.04 0.25 0.69 153 -1
Result 1 34.0 177 0.45 0.18 0.19 0.20 0.15 0.28 -1 -1 -1 -1 -1
Evo 1.64 0.50 1.00 0.54 0.50 0.50 0.50 0.13 0.01 0.03 0.32 0.70 268 -1
Result 1 32.0 293 0.48 0.22 0.17 0.21 0.17 0.23 -1 -1 -1 -1 -1
Evo 2.53 0.50 1.00 0.59 0.50 0.50 0.50 0.19 0.02 0.06 0.21 0.70 96 -1
Result 1 32.0 116 0.50 0.25 0.19 0.17 0.11 0.28 -1 -1 -1 -1 -1
Evo 2.86 0.50 1.00 0.55 0.50 0.50 0.50 0.14 0.02 0.08 0.17 0.69 71 -1
Result 1 30.0 81 0.46 0.20 0.23 0.15 0.15 0.28 -1 -1 -1 -1 -1
Evo 2.19 0.50 1.00 0.54 0.50 0.50 0.50 0.13 0.01 0.05 0.25 0.70 125 -1
Result 1 34.0 144 0.48 0.21 0.21 0.16 0.16 0.26 -1 -1 -1 -1 -1
Evo 1.80 0.50 1.00 0.53 0.50 0.50 0.50 0.11 0.01 0.02 0.39 0.71 392 -1
Result 1 54.0 422 0.44 0.18 0.20 0.21 0.20 0.21 -1 -1 -1 -1 -1
Evo 2.61 0.00 0.50 0.50 0.50 0.50 0.50 0.03 0.00 0.07 0.35 0.71 -1 232
Result 0 58.0 288 0.46 0.20 0.19 0.22 0.19 0.19 -1 -1 -1 -1 -1
Evo 1.72 0.50 1.00 0.54 0.50 0.50 0.50 0.13 0.01 0.04 0.28 0.71 189 -1
Result 1 56.0 204 0.48 0.21 0.18 0.25 0.18 0.18 -1 -1 -1 -1 -1
Evo 2.14 0.00 0.50 0.50 0.50 0.50 0.50 0.03 0.00 0.02 0.32 0.66 -1 144
Result 0 54.0 359 0.46 0.19 0.19 0.21 0.21 0.20 -1 -1 -1 -1 -1
Evo 2.46 0.50 1.00 0.56 0.50 0.50 0.50 0.16 0.01 0.04 0.31 0.71 168 -1
Result 1 60.0 195 0.50 0.24 0.17 0.24 0.16 0.18 -1 -1 -1 -1 -1
Evo 2.61 0.50 1.00 0.67 0.50 0.50 1.00 0.23 0.02 0.06 0.19 0.54 68 -1
Result 1 32.0 113 0.42 0.16 0.22 0.30 0.19 0.13 -1 -1 -1 -1 -1
Evo 2.97 0.50 1.00 0.53 0.50 0.50 0.50 0.11 0.01 0.05 0.31 0.71 142 -1
Result 1 52.0 154 0.40 0.14 0.17 0.32 0.19 0.19 -1 -1 -1 -1 -1
Evo 2.16 0.50 1.00 0.52 0.50 0.50 0.50 0.09 0.01 0.08 0.39 0.71 245 172
Result 1 64.0 255 0.47 0.21 0.17 0.23 0.15 0.25 -1 -1 -1 -1 -1
Evo 3.11 0.50 0.50 0.50 0.50 0.50 0.50 0.00 0.00 0.05 0.21 0.68 -1 112
Result 0 46.0 131 0.49 0.23 0.17 0.30 0.13 0.16 -1 -1 -1 -1 -1
Evo 1.26 0.50 1.00 0.51 0.50 0.50 0.50 0.06 0.00 0.01 0.43 0.71 100 -1
Result 1 52.0 814 0.48 0.21 0.21 0.19 0.18 0.20 -1 -1 -1 -1 -1
Evo 2.49 0.50 1.00 0.53 0.50 0.50 0.50 0.12 0.01 0.08 0.26 0.66 154 -1
Result 1 64.0 164 0.46 0.20 0.19 0.24 0.18 0.19 -1 -1 -1 -1 -1
Evo 1.60 0.50 1.00 0.54 0.50 0.50 0.50 0.13 0.01 0.02 0.38 0.70 341 -1
Result 1 54.0 375 0.50 0.26 0.20 0.21 0.15 0.18 -1 -1 -1 -1 -1
Evo 1.99 0.00 0.70 0.50 0.50 0.50 0.50 0.03 0.00 0.03 0.30 0.69 165 198
Result 0 60.0 278 0.48 0.22 0.19 0.22 0.16 0.21 -1 -1 -1 -1 -1
Evo 1.60 0.50 1.00 0.52 0.50 0.50 0.50 0.08 0.00 0.05 0.30 0.70 259 135
Result 0 62.0 272 0.49 0.24 0.18 0.20 0.18 0.21 -1 -1 -1 -1 -1
Evo 2.03 0.50 1.00 0.52 0.50 0.50 0.50 0.09 0.00 0.02 0.47 0.71 380 190
Result 1 62.0 421 0.45 0.18 0.18 0.23 0.19 0.21 -1 -1 -1 -1 -1
Evo 2.52 0.50 1.00 0.53 0.50 0.50 0.50 0.11 0.01 0.06 0.34 0.71 180 183
Result 1 64.0 237 0.45 0.18 0.20 0.21 0.19 0.21 -1 -1 -1 -1 -1
Evo 2.74 0.50 1.00 0.53 0.50 0.50 0.50 0.11 0.01 0.04 0.31 0.67 180 -1
Result 1 62.0 205 0.46 0.20 0.19 0.27 0.18 0.16 -1 -1 -1 -1 -1
Evo 2.35 0.50 1.00 0.55 0.50 0.50 0.50 0.14 0.01 0.04 0.26 0.69 155 -1
Result 1 58.0 184 0.41 0.15 0.19 0.26 0.19 0.20 -1 -1 -1 -1 -1
Evo 2.18 0.50 1.00 0.56 0.50 0.50 0.50 0.16 0.01 0.03 0.35 0.70 214 -1
Result 1 60.0 271 0.51 0.26 0.14 0.22 0.18 0.19 -1 -1 -1 -1 -1
Evo 2.95 0.50 1.00 0.60 0.50 0.50 0.50 0.19 0.02 0.09 0.25 0.70 106 129
Result 1 58.0 140 0.48 0.22 0.13 0.25 0.14 0.26 -1 -1 -1 -1 -1
Evo 2.77 0.50 1.00 0.57 0.50 0.50 0.50 0.16 0.02 0.08 0.15 0.66 65 -1
Result 1 22.0 78 0.47 0.20 0.24 0.14 0.15 0.27 -1 -1 -1 -1 -1
Evo 2.03 0.50 1.00 0.57 0.50 0.50 0.50 0.17 0.01 0.04 0.19 0.61 147 -1
Result 1 22.0 178 0.48 0.22 0.20 0.15 0.27 0.17 -1 -1 -1 -1 -1
Evo 2.84 0.50 1.00 0.55 0.50 0.50 0.50 0.15 0.01 0.11 0.15 0.57 75 -1
Result 1 22.0 103 0.50 0.25 0.19 0.14 0.13 0.28 -1 -1 -1 -1 -1
Evo 2.84 0.50 1.00 0.56 0.50 0.50 0.50 0.16 0.02 0.07 0.16 0.67 75 -1
Result 1 22.0 90 0.47 0.21 0.16 0.21 0.11 0.31 -1 -1 -1 -1 -1
Evo 1.79 0.50 1.00 0.55 0.50 0.50 0.50 0.14 0.01 0.03 0.28 0.69 57 -1
Result 1 24.0 284 0.46 0.20 0.21 0.15 0.24 0.20 -1 -1 -1 -1 -1
Evo 2.59 0.50 1.00 0.54 0.50 0.50 0.50 0.14 0.01 0.06 0.18 0.69 94 -1
Result 1 20.0 109 0.52 0.30 0.20 0.17 0.12 0.21 -1 -1 -1 -1 -1
Evo 3.07 0.50 1.00 0.57 0.50 0.50 0.50 0.16 0.01 0.04 0.23 0.69 92 -1
Result 1 22.0 163 0.49 0.24 0.18 0.16 0.15 0.27 -1 -1 -1 -1 -1
Evo 2.97 0.50 1.00 0.56 0.50 0.50 0.50 0.16 0.02 0.11 0.20 0.64 79 -1
Result 1 22.0 104 0.46 0.19 0.24 0.19 0.16 0.22 -1 -1 -1 -1 -1
Evo 2.76 0.50 1.00 0.58 0.50 0.50 0.50 0.18 0.02 0.06 0.17 0.67 65 -1
Result 1 20.0 106 0.52 0.30 0.18 0.13 0.10 0.29 -1 -1 -1 -1 -1
Evo 2.17 0.50 1.00 0.69 0.50 0.50 1.00 0.24 0.02 0.11 0.18 0.69 65 -1
Result 1 22.0 109 0.50 0.25 0.23 0.15 0.12 0.25 -1 -1 -1 -1 -1
Evo 2.83 0.50 1.00 0.61 0.50 0.50 0.50 0.20 0.03 0.09 0.13 0.67 49 -1
Result 1 20.0 66 0.44 0.18 0.24 0.10 0.16 0.31 -1 -1 -1 -1 -1
Evo 3.76 0.50 1.00 0.57 0.50 0.50 0.50 0.17 0.02 0.22 0.18 0.62 81 -1
Result 1 22.0 97 0.37 0.12 0.23 0.21 0.17 0.26 -1 -1 -1 -1 -1
Evo 4.28 0.50 1.00 0.57 0.50 0.50 0.50 0.17 0.02 0.30 0.09 0.58 40 -1
Result 1 20.0 46 0.46 0.19 0.23 0.09 0.13 0.36 -1 -1 -1 -1 -1
Evo 2.28 0.50 1.00 0.60 0.50 0.50 0.50 0.20 0.02 0.05 0.21 0.64 101 -1
Result 1 24.0 131 0.47 0.20 0.18 0.23 0.16 0.23 -1 -1 -1 -1 -1
Evo 2.84 0.50 1.00 0.56 0.50 0.50 0.50 0.14 0.01 0.07 0.14 0.61 48 -1
Result 1 20.0 95 0.50 0.25 0.15 0.19 0.13 0.29 -1 -1 -1 -1 -1
Evo 3.44 0.50 1.00 0.58 0.50 0.50 0.50 0.18 0.01 0.05 0.21 0.68 122 -1
Result 1 20.0 156 0.48 0.22 0.18 0.17 0.18 0.25 -1 -1 -1 -1 -1
Evo 3.21 0.50 1.00 0.56 0.50 0.50 0.50 0.16 0.02 0.06 0.19 0.70 99 -1
Result 1 22.0 115 0.49 0.24 0.20 0.11 0.18 0.27 -1 -1 -1 -1 -1
Evo 2.43 0.50 1.00 0.56 0.50 0.50 0.50 0.14 0.01 0.09 0.21 0.69 108 -1
Result 1 22.0 137 0.46 0.20 0.20 0.20 0.19 0.22 -1 -1 -1 -1 -1
Evo 1.30 0.50 1.00 0.52 0.50 0.50 0.50 0.09 0.00 0.04 0.26 0.67 48 -1
Result 1 22.0 371 0.50 0.24 0.23 0.15 0.19 0.19 -1 -1 -1 -1 -1
Evo 1.77 0.50 1.00 0.52 0.50 0.50 0.50 0.09 0.01 0.03 0.25 0.64 133 -1
Result 1 20.0 231 0.50 0.25 0.22 0.16 0.14 0.23 -1 -1 -1 -1 -1
Evo 2.95 0.50 1.00 0.65 0.50 0.50 1.00 0.22 0.03 0.13 0.07 0.39 23 -1
Result 1 14.0 42 0.45 0.19 0.14 0.26 0.28 0.14 -1 -1 -1 -1 -1
Evo 1.41 0.50 1.00 0.54 0.50 0.50 0.50 0.13 0.01 0.02 0.25 0.49 295 -1
Result 1 14.0 336 0.50 0.25 0.17 0.20 0.18 0.20 -1 -1 -1 -1 -1
Evo 1.94 0.50 1.00 0.59 0.50 0.50 0.60 0.18 0.02 0.13 0.16 0.48 88 -1
Result 1 14.0 121 0.45 0.18 0.18 0.24 0.21 0.19 -1 -1 -1 -1 -1
Evo 1.94 0.50 1.00 0.61 0.50 0.50 0.60 0.19 0.03 0.11 0.09 0.37 31 -1
Result 1 14.0 54 0.48 0.22 0.09 0.29 0.20 0.20 -1 -1 -1 -1 -1
Evo 1.64 0.50 1.00 0.55 0.50 0.50 0.50 0.15 0.01 0.03 0.24 0.52 197 -1
Result 1 14.0 235 0.46 0.19 0.19 0.23 0.19 0.19 -1 -1 -1 -1 -1
Evo 1.54 0.50 1.00 0.61 0.50 0.50 0.60 0.20 0.01 0.04 0.17 0.43 123 -1
Result 1 14.0 190 0.44 0.17 0.16 0.25 0.21 0.20 -1 -1 -1 -1 -1
Evo 2.12 0.50 1.00 0.59 0.50 0.50 0.50 0.18 0.02 0.08 0.14 0.44 58 -1
Result 1 14.0 84 0.46 0.20 0.12 0.26 0.24 0.19 -1 -1 -1 -1 -1
Evo 2.48 0.50 1.00 0.62 0.50 0.50 0.70 0.19 0.02 0.15 0.11 0.41 37 -1
Result 1 14.0 69 0.45 0.19 0.14 0.27 0.24 0.16 -1 -1 -1 -1 -1
Evo 1.45 0.50 1.00 0.53 0.50 0.50 0.50 0.12 0.01 0.06 0.21 0.43 321 -1
Result 1 14.0 348 0.46 0.19 0.19 0.20 0.22 0.19 -1 -1 -1 -1 -1
Evo 1.35 0.50 1.00 0.54 0.50 0.50 0.50 0.13 0.01 0.03 0.25 0.53 235 -1
Result 1 14.0 265 0.44 0.18 0.17 0.23 0.21 0.22 -1 -1 -1 -1 -1
Evo 1.33 0.50 1.00 0.52 0.50 0.50 0.50 0.10 0.01 0.08 0.22 0.50 271 -1
Result 1 14.0 294 0.49 0.23 0.16 0.19 0.21 0.20 -1 -1 -1 -1 -1
Evo 1.18 0.50 1.00 0.51 0.50 0.50 0.50 0.08 0.00 0.05 0.27 0.48 458 -1
Result 1 14.0 473 0.47 0.20 0.20 0.19 0.24 0.17 -1 -1 -1 -1 -1
Evo 1.23 0.50 1.00 0.51 0.50 0.50 0.50 0.07 0.00 0.02 0.22 0.49 348 -1
Result 1 14.0 358 0.46 0.20 0.19 0.23 0.18 0.20 -1 -1 -1 -1 -1
Evo 1.63 0.50 1.00 0.52 0.50 0.50 0.50 0.09 0.01 0.03 0.20 0.46 222 -1
Result 1 14.0 241 0.42 0.16 0.20 0.19 0.26 0.19 -1 -1 -1 -1 -1
Evo 1.30 0.50 1.00 0.52 0.50 0.50 0.50 0.09 0.01 0.14 0.25 0.52 236 -1
Result 1 14.0 254 0.44 0.18 0.18 0.22 0.19 0.24 -1 -1 -1 -1 -1
Evo 1.98 0.50 1.00 0.55 0.50 0.50 0.50 0.14 0.01 0.11 0.11 0.43 95 -1
Result 1 14.0 109 0.50 0.25 0.19 0.17 0.20 0.18 -1 -1 -1 -1 -1
Evo 1.41 0.50 1.00 0.55 0.50 0.50 0.50 0.14 0.01 0.05 0.16 0.42 75 -1
Result 1 14.0 160 0.43 0.17 0.17 0.25 0.20 0.20 -1 -1 -1 -1 -1
Evo 1.59 0.50 1.00 0.57 0.50 0.50 0.50 0.17 0.02 0.11 0.13 0.43 84 -1
Result 1 14.0 99 0.48 0.22 0.14 0.21 0.21 0.22 -1 -1 -1 -1 -1
Evo 1.11 0.50 1.00 0.52 0.50 0.50 0.50 0.09 0.00 0.01 0.22 0.46 644 -1
Result 1 14.0 699 0.44 0.18 0.20 0.24 0.20 0.18 -1 -1 -1 -1 -1
Evo 1.23 0.50 1.00 0.51 0.50 0.50 0.50 0.07 0.00 0.02 0.24 0.44 369 -1
Result 1 14.0 386 0.45 0.18 0.21 0.20 0.20 0.20 -1 -1 -1 -1 -1
