Evo 1.68 0.00 1.00 0.31 0.00 0.00 1.00 0.47 0.09 0.52 0.29 0.46 18 -1
Result 1 1.0 25 0.49 0.15 0.23 0.23 0.23 0.15 -1 -1 -1 -1 -1
Evo 1.10 0.20 1.00 0.85 0.20 1.00 1.00 0.32 0.10 0.45 0.17 0.46 0 -1
Result 1 1.0 10 0.31 0.18 0.09 0.45 0.27 -1 -1 -1 -1 -1 -1
Evo 2.41 0.00 1.00 0.54 0.00 0.80 1.00 0.46 0.11 0.23 0.23 0.46 0 -1
Result 1 1.0 17 0.35 0.28 0.11 0.39 0.17 0.06 -1 -1 -1 -1 -1
Evo 1.45 0.00 1.00 0.77 1.00 1.00 1.00 0.42 0.12 0.30 0.23 0.46 2 -1
Result 1 1.0 11 0.50 0.08 0.25 0.33 0.25 0.08 -1 -1 -1 -1 -1
Evo 3.36 0.20 1.00 0.80 1.00 1.00 1.00 0.36 0.10 0.50 0.17 0.46 0 -1
Result 1 1.0 11 0.30 0.25 0.08 0.42 0.17 0.08 -1 -1 -1 -1 -1
Evo 1.13 0.00 1.00 0.78 0.00 1.00 1.00 0.44 0.15 0.28 0.23 0.46 2 -1
Result 1 1.0 8 0.48 0.11 0.22 0.44 0.22 -1 -1 -1 -1 -1 -1
Evo 1.19 0.00 1.00 0.60 0.20 0.40 1.00 0.41 0.10 0.53 0.29 0.46 1 -1
Result 1 1.0 16 0.44 0.12 0.18 0.35 0.18 0.18 -1 -1 -1 -1 -1
Evo 1.85 0.00 1.00 0.71 0.20 1.00 1.00 0.41 0.11 0.40 0.20 0.46 1 -1
Result 1 1.0 13 0.48 0.14 0.21 0.36 0.14 0.14 -1 -1 -1 -1 -1
Evo 1.13 0.20 1.00 0.91 1.00 1.00 1.00 0.27 0.09 0.35 0.17 0.46 0 -1
Result 1 1.0 8 0.35 -1 0.11 0.67 0.22 -1 -1 -1 -1 -1 -1
Evo 1.10 0.20 1.00 0.84 0.20 1.00 1.00 0.32 0.10 0.31 0.17 0.46 0 -1
Result 1 1.0 10 0.31 0.45 0.09 0.36 0.09 -1 -1 -1 -1 -1 -1
Evo 1.50 0.00 1.00 0.66 0.20 0.80 1.00 0.43 0.12 0.28 0.23 0.46 2 -1
Result 1 1.0 12 0.52 0.15 0.31 0.31 0.15 0.08 -1 -1 -1 -1 -1
Evo 1.11 0.00 1.00 0.86 0.60 1.00 1.00 0.33 0.10 0.26 0.20 0.46 1 -1
Result 1 1.0 9 0.46 -1 0.20 0.50 0.30 -1 -1 -1 -1 -1 -1
Evo 1.07 0.00 1.00 0.53 0.00 0.40 1.00 0.50 0.13 0.25 0.23 0.46 7 -1
Result 1 1.0 15 0.38 0.13 0.13 0.25 0.31 0.19 -1 -1 -1 -1 -1
Evo 1.13 0.20 1.00 0.91 1.00 1.00 1.00 0.27 0.09 0.35 0.17 0.46 0 -1
Result 1 1.0 8 0.35 0.11 0.11 0.56 0.11 0.11 -1 -1 -1 -1 -1
Evo 1.83 0.00 1.00 0.45 0.00 0.20 1.00 0.49 0.11 0.22 0.26 0.46 9 -1
Result 1 1.0 18 0.53 0.05 0.32 0.26 0.32 0.05 -1 -1 -1 -1 -1
Evo 2.67 0.00 1.00 0.61 0.20 0.80 1.00 0.44 0.11 0.25 0.26 0.46 3 -1
Result 1 1.0 15 0.45 0.25 0.19 0.25 0.31 -1 -1 -1 -1 -1 -1
Evo 2.80 0.00 1.00 0.51 0.00 0.20 1.00 0.51 0.13 0.25 0.23 0.46 7 -1
Result 1 1.0 15 0.45 0.19 0.19 0.25 0.25 0.13 -1 -1 -1 -1 -1
Evo 1.93 0.20 1.00 0.59 0.20 0.40 1.00 0.39 0.10 0.25 0.26 0.46 0 -1
Result 1 1.0 15 0.45 0.19 0.19 0.38 0.13 0.13 -1 -1 -1 -1 -1
Evo 1.26 0.00 1.00 0.19 0.00 0.00 0.00 0.40 0.07 0.46 0.23 0.46 29 -1
Result 1 1.0 35 0.53 0.11 0.33 0.17 0.11 0.28 -1 -1 -1 -1 -1
Evo 5.78 0.00 1.00 0.44 0.00 0.40 1.00 0.41 0.13 0.46 0.23 0.46 1 -1
Result 1 1.0 9 0.46 0.10 0.20 0.40 0.30 -1 -1 -1 -1 -1 -1
Evo 1.00 0.00 0.00 0.00 0.00 0.00 0.00 0.00 0.00 0.00 0.47 0.53 -1 1988
Result 0 0.0 2000 0.46 0.20 0.19 0.20 0.21 0.20 -1 -1 -1 -1 -1
Evo 1.00 0.00 0.50 0.50 0.50 0.50 0.50 0.04 0.00 0.05 0.51 0.53 -1 1988
Result 0 0.0 2000 0.46 0.19 0.19 0.20 0.20 0.21 -1 -1 -1 -1 -1
Evo 1.00 0.00 0.50 0.50 0.50 0.50 0.50 0.04 0.00 0.05 0.51 0.53 -1 1988
Result 0 0.0 2000 0.46 0.20 0.20 0.20 0.20 0.20 -1 -1 -1 -1 -1
Evo 1.00 0.00 0.50 0.50 0.50 0.50 0.50 0.04 0.00 0.05 0.51 0.53 -1 1988
Result 0 0.0 2000 0.46 0.20 0.20 0.19 0.21 0.20 -1 -1 -1 -1 -1
Evo 1.00 0.00 0.50 0.50 0.50 0.50 0.50 0.04 0.00 0.05 0.47 0.53 -1 1988
Result 0 0.0 2000 0.47 0.20 0.21 0.19 0.22 0.18 -1 -1 -1 -1 -1
Evo 1.00 0.00 0.50 0.50 0.50 0.50 0.50 0.04 0.00 0.05 0.51 0.53 -1 1988
Result 0 0.0 2000 0.46 0.20 0.19 0.19 0.20 0.21 -1 -1 -1 -1 -1
Evo 1.00 0.00 0.50 0.50 0.50 0.50 0.50 0.04 0.00 0.05 0.49 0.53 -1 1988
Result 0 0.0 2000 0.48 0.19 0.21 0.21 0.19 0.19 -1 -1 -1 -1 -1
Evo 1.00 0.00 0.50 0.50 0.50 0.50 0.50 0.04 0.00 0.05 0.51 0.53 -1 1988
Result 0 0.0 2000 0.46 0.18 0.20 0.21 0.21 0.21 -1 -1 -1 -1 -1
Evo 1.00 0.00 0.50 0.50 0.50 0.50 0.50 0.04 0.00 0.05 0.51 0.53 -1 1988
Result 0 0.0 2000 0.45 0.21 0.19 0.20 0.20 0.19 -1 -1 -1 -1 -1
Evo 1.00 0.00 0.50 0.50 0.50 0.50 0.50 0.04 0.00 0.05 0.51 0.53 -1 1988
Result 0 0.0 2000 0.46 0.21 0.20 0.21 0.20 0.19 -1 -1 -1 -1 -1
Evo 1.00 0.00 0.50 0.50 0.50 0.50 0.50 0.04 0.00 0.05 0.45 0.53 -1 1988
Result 0 0.0 2000 0.47 0.22 0.20 0.20 0.20 0.19 -1 -1 -1 -1 -1
Evo 1.00 0.00 0.50 0.50 0.50 0.50 0.50 0.04 0.00 0.05 0.51 0.53 -1 1988
Result 0 0.0 2000 0.47 0.20 0.20 0.21 0.19 0.20 -1 -1 -1 -1 -1
Evo 1.00 0.00 0.50 0.50 0.50 0.50 0.50 0.04 0.00 0.05 0.51 0.53 -1 1988
Result 0 0.0 2000 0.47 0.20 0.20 0.19 0.20 0.20 -1 -1 -1 -1 -1
Evo 1.00 0.00 0.50 0.50 0.50 0.50 0.50 0.04 0.00 0.05 0.51 0.53 -1 1988
Result 0 0.0 2000 0.46 0.20 0.20 0.21 0.18 0.20 -1 -1 -1 -1 -1
Evo 1.00 0.50 1.00 0.51 0.50 0.50 0.50 0.05 0.00 0.01 0.51 0.53 824 -1
Result 1 1.0 833 0.47 0.18 0.21 0.21 0.19 0.21 -1 -1 -1 -1 -1
Evo 1.00 0.00 0.50 0.50 0.50 0.50 0.50 0.04 0.00 0.05 0.51 0.53 -1 1988
Result 0 0.0 2000 0.47 0.18 0.20 0.20 0.20 0.21 -1 -1 -1 -1 -1
Evo 1.00 0.00 0.50 0.50 0.50 0.50 0.50 0.04 0.00 0.05 0.51 0.53 -1 1988
Result 0 0.0 2000 0.46 0.20 0.20 0.22 0.18 0.19 -1 -1 -1 -1 -1
Evo 1.00 0.00 0.50 0.50 0.50 0.50 0.50 0.04 0.00 0.05 0.51 0.53 -1 1988
Result 0 0.0 2000 0.47 0.19 0.21 0.21 0.19 0.20 -1 -1 -1 -1 -1
Evo 1.00 0.50 1.00 0.51 0.50 0.50 0.50 0.06 0.00 0.02 0.51 0.53 468 -1
Result 1 1.0 478 0.44 0.19 0.17 0.23 0.21 0.20 -1 -1 -1 -1 -1
Evo 1.00 0.50 1.00 0.50 0.50 0.50 0.50 0.03 0.00 0.01 0.51 0.53 1467 -1
Result 1 1.0 1479 0.46 0.20 0.19 0.20 0.19 0.22 -1 -1 -1 -1 -1
Evo 1.00 0.00 0.50 0.50 0.50 0.50 0.50 0.04 0.00 0.05 0.53 0.58 -1 1988
Result 0 0.0 2000 0.47 0.19 0.21 0.21 0.20 0.20 -1 -1 -1 -1 -1
Evo 1.00 0.00 0.50 0.50 0.50 0.50 0.50 0.04 0.00 0.05 0.56 0.58 -1 1988
Result 0 0.0 2000 0.47 0.19 0.21 0.19 0.19 0.22 -1 -1 -1 -1 -1
Evo 1.00 0.00 0.50 0.50 0.50 0.50 0.50 0.04 0.00 0.05 0.56 0.58 -1 1988
Result 0 0.0 2000 0.47 0.21 0.21 0.19 0.18 0.21 -1 -1 -1 -1 -1
Evo 1.00 0.00 0.50 0.50 0.50 0.50 0.50 0.04 0.00 0.05 0.41 0.50 -1 1988
Result 0 0.0 2000 0.46 0.21 0.20 0.19 0.21 0.19 -1 -1 -1 -1 -1
Evo 1.00 0.00 0.50 0.50 0.50 0.50 0.50 0.04 0.00 0.05 0.39 0.48 -1 1988
Result 0 0.0 2000 0.47 0.21 0.20 0.18 0.20 0.20 -1 -1 -1 -1 -1
Evo 1.00 0.00 0.50 0.50 0.50 0.50 0.50 0.04 0.00 0.05 0.45 0.56 -1 1988
Result 0 0.0 2000 0.46 0.21 0.19 0.21 0.20 0.19 -1 -1 -1 -1 -1
Evo 1.00 0.00 0.50 0.50 0.50 0.50 0.50 0.04 0.00 0.05 0.41 0.55 -1 1988
Result 0 0.0 2000 0.46 0.19 0.19 0.21 0.21 0.20 -1 -1 -1 -1 -1
Evo 1.00 0.00 0.50 0.50 0.50 0.50 0.50 0.04 0.00 0.05 0.55 0.58 -1 1988
Result 0 0.0 2000 0.46 0.21 0.20 0.20 0.19 0.20 -1 -1 -1 -1 -1
Evo 1.00 0.00 0.50 0.50 0.50 0.50 0.50 0.04 0.00 0.05 0.44 0.53 -1 1988
Result 0 0.0 2000 0.46 0.19 0.20 0.21 0.20 0.20 -1 -1 -1 -1 -1
Evo 1.00 0.00 0.50 0.50 0.50 0.50 0.50 0.04 0.00 0.05 0.56 0.58 -1 1988
Result 0 0.0 2000 0.45 0.20 0.18 0.22 0.19 0.20 -1 -1 -1 -1 -1
Evo 1.00 0.00 0.50 0.50 0.50 0.50 0.50 0.04 0.00 0.05 0.52 0.53 -1 1988
Result 0 0.0 2000 0.47 0.20 0.20 0.19 0.20 0.21 -1 -1 -1 -1 -1
Evo 1.00 0.00 0.50 0.50 0.50 0.50 0.50 0.04 0.00 0.05 0.52 0.53 -1 1988
Result 0 0.0 2000 0.46 0.18 0.20 0.21 0.21 0.20 -1 -1 -1 -1 -1
Evo 1.00 0.00 0.50 0.50 0.50 0.50 0.50 0.04 0.00 0.05 0.56 0.58 -1 1988
Result 0 0.0 2000 0.47 0.21 0.21 0.21 0.19 0.18 -1 -1 -1 -1 -1
Evo 1.00 0.00 0.50 0.50 0.50 0.50 0.50 0.04 0.00 0.05 0.47 0.56 -1 1988
Result 0 0.0 2000 0.46 0.21 0.20 0.21 0.19 0.19 -1 -1 -1 -1 -1
Evo 1.00 0.00 0.50 0.50 0.50 0.50 0.50 0.04 0.00 0.05 0.55 0.58 -1 1988
Result 0 0.0 2000 0.48 0.18 0.22 0.20 0.20 0.20 -1 -1 -1 -1 -1
Evo 1.00 0.00 0.50 0.50 0.50 0.50 0.50 0.04 0.00 0.05 0.56 0.58 -1 1988
Result 0 0.0 2000 0.47 0.19 0.20 0.19 0.20 0.21 -1 -1 -1 -1 -1
Evo 1.00 0.00 0.50 0.50 0.50 0.50 0.50 0.04 0.00 0.05 0.56 0.58 -1 1988
Result 0 0.0 2000 0.46 0.20 0.19 0.19 0.20 0.21 -1 -1 -1 -1 -1
Evo 1.00 0.00 0.50 0.50 0.50 0.50 0.50 0.04 0.00 0.05 0.56 0.58 -1 1988
Result 0 0.0 2000 0.47 0.20 0.21 0.20 0.20 0.20 -1 -1 -1 -1 -1
Evo 1.00 0.00 0.50 0.50 0.50 0.50 0.50 0.04 0.00 0.05 0.56 0.58 -1 1988
Result 0 0.0 2000 0.47 0.19 0.21 0.22 0.20 0.18 -1 -1 -1 -1 -1
Evo 1.00 0.00 0.50 0.50 0.50 0.50 0.50 0.04 0.00 0.05 0.56 0.58 -1 1988
Result 0 0.0 2000 0.47 0.22 0.21 0.19 0.19 0.20 -1 -1 -1 -1 -1
Evo 1.00 0.00 0.50 0.50 0.50 0.50 0.50 0.04 0.00 0.05 0.35 0.50 -1 1988
Result 0 0.0 2000 0.46 0.20 0.20 0.21 0.21 0.19 -1 -1 -1 -1 -1
Evo 1.00 0.00 0.50 0.50 0.50 0.50 0.50 0.04 0.00 0.05 0.45 0.52 -1 1988
Result 0 0.0 2000 0.46 0.20 0.20 0.20 0.20 0.21 -1 -1 -1 -1 -1
Evo 1.00 0.00 0.50 0.50 0.50 0.50 0.50 0.04 0.00 0.05 0.47 0.54 -1 1988
Result 0 0.0 2000 0.47 0.20 0.20 0.19 0.20 0.19 -1 -1 -1 -1 -1
Evo 1.00 0.00 0.50 0.50 0.50 0.50 0.50 0.04 0.00 0.05 0.42 0.59 -1 1988
Result 0 0.0 2000 0.46 0.19 0.20 0.22 0.19 0.20 -1 -1 -1 -1 -1
Evo 1.00 0.00 0.50 0.50 0.50 0.50 0.50 0.04 0.00 0.05 0.24 0.46 -1 1988
Result 0 0.0 2000 0.47 0.20 0.20 0.19 0.21 0.20 -1 -1 -1 -1 -1
Evo 1.00 0.00 0.50 0.50 0.50 0.50 0.50 0.04 0.00 0.05 0.36 0.50 -1 1988
Result 0 0.0 2000 0.46 0.18 0.20 0.21 0.21 0.20 -1 -1 -1 -1 -1
Evo 1.00 0.00 0.50 0.50 0.50 0.50 0.50 0.04 0.00 0.05 0.37 0.55 -1 1988
Result 0 0.0 2000 0.45 0.20 0.19 0.22 0.19 0.20 -1 -1 -1 -1 -1
Evo 1.00 0.00 0.50 0.50 0.50 0.50 0.50 0.04 0.00 0.05 0.46 0.55 -1 1988
Result 0 0.0 2000 0.47 0.20 0.20 0.20 0.20 0.20 -1 -1 -1 -1 -1
Evo 1.00 0.00 0.50 0.50 0.50 0.50 0.50 0.04 0.00 0.05 0.52 0.67 -1 1988
Result 0 0.0 2000 0.46 0.19 0.20 0.21 0.20 0.20 -1 -1 -1 -1 -1
Evo 1.00 0.00 0.50 0.50 0.50 0.50 0.50 0.04 0.00 0.05 0.46 0.55 -1 1988
Result 0 0.0 2000 0.45 0.21 0.19 0.21 0.20 0.20 -1 -1 -1 -1 -1
Evo 1.00 0.00 0.50 0.50 0.50 0.50 0.50 0.04 0.00 0.05 0.57 0.67 -1 1988
Result 0 0.0 2000 0.46 0.21 0.20 0.19 0.20 0.20 -1 -1 -1 -1 -1
Evo 1.00 0.00 0.50 0.50 0.50 0.50 0.50 0.04 0.00 0.05 0.42 0.52 -1 1988
Result 0 0.0 2000 0.46 0.21 0.19 0.20 0.20 0.21 -1 -1 -1 -1 -1
Evo 1.00 0.00 0.50 0.50 0.50 0.50 0.50 0.04 0.00 0.05 0.50 0.67 -1 1988
Result 0 0.0 2000 0.46 0.20 0.19 0.20 0.20 0.21 -1 -1 -1 -1 -1
Evo 1.00 0.00 0.50 0.50 0.50 0.50 0.50 0.04 0.00 0.05 0.30 0.49 -1 1988
Result 0 0.0 2000 0.47 0.19 0.20 0.21 0.19 0.21 -1 -1 -1 -1 -1
Evo 1.00 0.00 0.50 0.50 0.50 0.50 0.50 0.04 0.00 0.05 0.42 0.57 -1 1988
Result 0 0.0 2000 0.46 0.20 0.19 0.22 0.20 0.20 -1 -1 -1 -1 -1
Evo 1.00 0.00 0.50 0.50 0.50 0.50 0.50 0.04 0.00 0.05 0.48 0.52 -1 1988
Result 0 0.0 2000 0.47 0.20 0.21 0.20 0.19 0.20 -1 -1 -1 -1 -1
Evo 1.00 0.00 0.50 0.50 0.50 0.50 0.50 0.04 0.00 0.05 0.49 0.62 -1 1988
Result 0 0.0 2000 0.47 0.20 0.20 0.20 0.19 0.21 -1 -1 -1 -1 -1
Evo 1.00 0.00 0.50 0.50 0.50 0.50 0.50 0.04 0.00 0.05 0.40 0.60 -1 1988
Result 0 0.0 2000 0.45 0.21 0.19 0.20 0.20 0.20 -1 -1 -1 -1 -1
Evo 1.00 0.00 0.50 0.50 0.50 0.50 0.50 0.04 0.00 0.05 0.59 0.67 -1 1988
Result 0 0.0 2000 0.47 0.20 0.21 0.21 0.20 0.18 -1 -1 -1 -1 -1
Evo 1.00 0.00 0.50 0.50 0.50 0.50 0.50 0.04 0.00 0.05 0.37 0.55 -1 1988
Result 0 0.0 2000 0.47 0.20 0.20 0.20 0.20 0.20 -1 -1 -1 -1 -1
Evo 1.00 0.00 0.50 0.50 0.50 0.50 0.50 0.04 0.00 0.05 0.43 0.45 -1 1988
Result 0 0.0 2000 0.48 0.21 0.21 0.19 0.20 0.18 -1 -1 -1 -1 -1
Evo 1.00 0.00 0.50 0.50 0.50 0.50 0.50 0.04 0.00 0.05 0.29 0.40 -1 1988
Result 0 0.0 2000 0.47 0.20 0.21 0.20 0.20 0.19 -1 -1 -1 -1 -1
Evo 1.00 0.00 0.50 0.50 0.50 0.50 0.50 0.04 0.00 0.05 0.43 0.45 -1 1988
Result 0 0.0 2000 0.46 0.18 0.19 0.22 0.21 0.20 -1 -1 -1 -1 -1
Evo 1.00 0.00 0.50 0.50 0.50 0.50 0.50 0.04 0.00 0.05 0.38 0.45 -1 1988
Result 0 0.0 2000 0.47 0.19 0.20 0.19 0.21 0.20 -1 -1 -1 -1 -1
Evo 1.00 0.00 0.50 0.50 0.50 0.50 0.50 0.04 0.00 0.05 0.43 0.45 -1 1988
Result 0 0.0 2000 0.47 0.21 0.20 0.20 0.20 0.19 -1 -1 -1 -1 -1
Evo 1.00 0.50 1.00 0.51 0.50 0.50 0.50 0.05 0.00 0.01 0.43 0.45 1085 -1
Result 1 1.0 1099 0.46 0.21 0.19 0.21 0.17 0.22 -1 -1 -1 -1 -1
Evo 1.00 0.00 0.50 0.50 0.50 0.50 0.50 0.04 0.00 0.05 0.29 0.38 -1 1988
Result 0 0.0 2000 0.47 0.20 0.21 0.18 0.20 0.21 -1 -1 -1 -1 -1
Evo 1.00 0.00 0.50 0.50 0.50 0.50 0.50 0.04 0.00 0.05 0.43 0.45 -1 1988
Result 0 0.0 2000 0.46 0.22 0.20 0.20 0.20 0.19 -1 -1 -1 -1 -1
Evo 1.00 0.00 0.50 0.50 0.50 0.50 0.50 0.04 0.00 0.05 0.38 0.45 -1 1988
Result 0 0.0 2000 0.46 0.21 0.20 0.18 0.21 0.20 -1 -1 -1 -1 -1
Evo 1.00 0.00 0.50 0.50 0.50 0.50 0.50 0.04 0.00 0.05 0.43 0.45 -1 1988
Result 0 0.0 2000 0.47 0.20 0.21 0.18 0.20 0.20 -1 -1 -1 -1 -1
Evo 1.00 0.00 0.50 0.50 0.50 0.50 0.50 0.04 0.00 0.05 0.38 0.45 -1 1988
Result 0 0.0 2000 0.47 0.21 0.21 0.20 0.20 0.19 -1 -1 -1 -1 -1
Evo 1.00 0.00 0.50 0.50 0.50 0.50 0.50 0.04 0.00 0.05 0.43 0.45 -1 1988
Result 0 0.0 2000 0.47 0.20 0.20 0.21 0.20 0.19 -1 -1 -1 -1 -1
Evo 1.00 0.00 0.50 0.50 0.50 0.50 0.50 0.04 0.00 0.05 0.38 0.45 -1 1988
Result 0 0.0 2000 0.47 0.20 0.20 0.19 0.20 0.20 -1 -1 -1 -1 -1
Evo 1.00 0.00 0.50 0.50 0.50 0.50 0.50 0.04 0.00 0.05 0.29 0.36 -1 1988
Result 0 0.0 2000 0.46 0.22 0.19 0.20 0.19 0.20 -1 -1 -1 -1 -1
Evo 1.00 0.00 0.50 0.50 0.50 0.50 0.50 0.04 0.00 0.05 0.29 0.38 -1 1988
Result 0 0.0 2000 0.46 0.23 0.19 0.19 0.20 0.19 -1 -1 -1 -1 -1
Evo 1.00 0.00 0.50 0.50 0.50 0.50 0.50 0.04 0.00 0.05 0.29 0.33 -1 1988
Result 0 0.0 2000 0.46 0.19 0.20 0.21 0.21 0.19 -1 -1 -1 -1 -1
Evo 1.00 0.00 0.50 0.50 0.50 0.50 0.50 0.04 0.00 0.05 0.38 0.45 -1 1988
Result 0 0.0 2000 0.48 0.20 0.21 0.20 0.21 0.18 -1 -1 -1 -1 -1
Evo 1.00 0.00 0.50 0.50 0.50 0.50 0.50 0.04 0.00 0.05 0.38 0.45 -1 1988
Result 0 0.0 2000 0.46 0.19 0.19 0.21 0.19 0.21 -1 -1 -1 -1 -1
Evo 1.00 0.00 0.50 0.50 0.50 0.50 0.50 0.04 0.00 0.05 0.29 0.43 -1 1988
Result 0 0.0 2000 0.47 0.21 0.20 0.20 0.19 0.20 -1 -1 -1 -1 -1
Evo 1.00 0.00 0.50 0.50 0.50 0.50 0.50 0.04 0.00 0.05 0.43 0.45 -1 1988
Result 0 0.0 2000 0.47 0.20 0.21 0.20 0.18 0.20 -1 -1 -1 -1 -1
