Evo 1.14 0.00 1.00 0.32 0.00 0.00 1.00 0.46 0.01 0.01 0.47 0.52 -1 1092
Result 0 3.0 1599 0.46 0.19 0.19 0.20 0.20 0.22 -1 -1 -1 -1 -1
Evo 1.05 0.00 1.00 0.99 1.00 1.00 1.00 0.08 0.00 0.03 0.27 0.38 -1 1988
Result 0 3.0 2000 0.48 0.20 0.20 0.20 0.22 0.18 -1 -1 -1 -1 -1
Evo 1.16 0.20 1.00 0.99 1.00 1.00 1.00 0.06 0.00 0.11 0.30 0.48 -1 469
Result 0 2.0 584 0.47 0.19 0.19 0.20 0.21 0.21 -1 -1 -1 -1 -1
Evo 1.11 0.40 1.00 1.00 1.00 1.00 1.00 0.02 0.00 0.01 0.39 0.52 -1 1295
Result 0 1.0 1322 0.48 0.20 0.18 0.20 0.22 0.20 -1 -1 -1 -1 -1
Evo 1.13 0.00 1.00 0.99 1.00 1.00 1.00 0.07 0.00 0.01 0.42 0.52 1128 341
Result 0 4.0 1154 0.46 0.20 0.20 0.20 0.20 0.20 -1 -1 -1 -1 -1
Evo 1.04 0.00 0.50 0.50 0.50 0.50 0.50 0.04 0.00 0.09 0.37 0.50 -1 1988
Result 0 3.0 2000 0.46 0.20 0.19 0.21 0.20 0.20 -1 -1 -1 -1 -1
Evo 1.11 0.00 0.50 0.50 0.50 0.50 0.50 0.04 0.00 0.04 0.26 0.40 -1 688
Result 0 1.0 706 0.46 0.18 0.21 0.20 0.20 0.21 -1 -1 -1 -1 -1
Evo 1.11 0.40 0.50 0.50 0.50 0.50 0.50 0.00 0.00 0.05 0.41 0.52 -1 694
Result 0 4.0 961 0.48 0.19 0.22 0.19 0.22 0.18 -1 -1 -1 -1 -1
Evo 1.15 0.50 1.00 0.51 0.50 0.50 0.50 0.06 0.00 0.03 0.47 0.52 1110 80
Result 1 6.0 1323 0.46 0.20 0.18 0.20 0.19 0.22 -1 -1 -1 -1 -1
Evo 1.05 0.50 1.00 0.51 0.50 0.50 0.50 0.06 0.00 0.01 0.44 0.52 932 881
Result 1 6.0 1946 0.47 0.21 0.21 0.20 0.20 0.18 -1 -1 -1 -1 -1
Evo 1.10 0.00 0.50 0.50 0.50 0.50 0.50 0.04 0.00 0.04 0.27 0.49 -1 381
Result 0 2.0 390 0.47 0.20 0.18 0.23 0.20 0.19 -1 -1 -1 -1 -1
Evo 1.14 0.00 0.50 0.50 0.50 0.50 0.50 0.03 0.00 0.04 0.23 0.41 -1 60
Result 0 1.0 762 0.42 0.18 0.23 0.21 0.16 0.22 -1 -1 -1 -1 -1
Evo 1.12 0.00 0.50 0.50 0.50 0.50 0.50 0.03 0.00 0.02 0.36 0.52 -1 86
Result 0 2.0 1138 0.47 0.20 0.20 0.19 0.21 0.20 -1 -1 -1 -1 -1
Evo 1.17 0.00 0.60 0.50 0.50 0.50 0.50 0.02 0.00 0.01 0.42 0.52 1005 116
Result 0 3.0 1053 0.46 0.22 0.19 0.20 0.19 0.20 -1 -1 -1 -1 -1
Evo 1.06 0.00 0.50 0.50 0.50 0.50 0.50 0.04 0.00 0.43 0.38 0.51 -1 116
Result 0 3.0 2000 0.46 0.21 0.20 0.19 0.19 0.21 -1 -1 -1 -1 -1
Evo 1.08 0.00 0.50 0.50 0.50 0.50 0.50 0.04 0.00 0.01 0.45 0.52 -1 144
Result 0 3.0 2000 0.48 0.20 0.17 0.22 0.21 0.20 -1 -1 -1 -1 -1
Evo 1.13 0.00 0.50 0.50 0.50 0.50 0.50 0.04 0.00 0.02 0.20 0.47 -1 323
Result 0 2.0 337 0.43 0.20 0.20 0.22 0.17 0.21 -1 -1 -1 -1 -1
Evo 1.57 0.00 0.50 0.48 0.50 0.50 0.50 0.10 0.01 0.17 0.20 0.40 -1 64
Result 0 1.0 191 0.44 0.21 0.17 0.26 0.18 0.19 -1 -1 -1 -1 -1
Evo 1.08 0.00 0.50 0.50 0.50 0.50 0.50 0.04 0.00 0.03 0.30 0.46 -1 544
Result 0 2.0 2000 0.49 0.21 0.16 0.21 0.23 0.18 -1 -1 -1 -1 -1
Evo 1.31 0.00 0.50 0.49 0.50 0.50 0.50 0.06 0.00 0.20 0.21 0.37 -1 111
Result 0 0.0 476 0.45 0.21 0.19 0.20 0.19 0.21 -1 -1 -1 -1 -1
Evo 1.04 0.00 0.50 0.50 0.50 0.50 0.50 0.02 0.00 0.01 0.23 0.42 -1 944
Result 0 1.0 956 0.48 0.18 0.19 0.19 0.22 0.22 -1 -1 -1 -1 -1
Evo 1.10 0.00 0.50 0.50 0.50 0.50 0.50 0.02 0.00 0.05 0.36 0.57 -1 953
Result 0 2.0 973 0.46 0.21 0.20 0.19 0.19 0.21 -1 -1 -1 -1 -1
Evo 1.07 0.00 0.50 0.50 0.50 0.50 0.50 0.04 0.00 0.02 0.36 0.57 -1 414
Result 0 3.0 609 0.44 0.21 0.21 0.20 0.17 0.20 -1 -1 -1 -1 -1
Evo 1.03 0.00 0.50 0.50 0.50 0.50 0.50 0.04 0.00 0.01 0.49 0.58 -1 1988
Result 0 0.0 2000 0.45 0.20 0.21 0.19 0.18 0.22 -1 -1 -1 -1 -1
Evo 1.00 0.00 0.50 0.50 0.50 0.50 0.50 0.04 0.00 0.03 0.53 0.58 -1 1310
Result 0 2.0 2000 0.45 0.20 0.19 0.21 0.19 0.21 -1 -1 -1 -1 -1
Evo 1.04 0.00 0.50 0.50 0.50 0.50 0.50 0.03 0.00 0.02 0.50 0.58 -1 722
Result 0 4.0 1531 0.45 0.19 0.19 0.21 0.19 0.21 -1 -1 -1 -1 -1
Evo 1.16 0.00 0.50 0.50 0.50 0.50 0.50 0.03 0.00 0.09 0.23 0.50 -1 239
Result 0 1.0 261 0.46 0.21 0.20 0.17 0.19 0.23 -1 -1 -1 -1 -1
Evo 1.14 0.00 0.50 0.50 0.50 0.50 0.50 0.02 0.00 0.07 0.33 0.57 -1 435
Result 0 1.0 472 0.47 0.20 0.19 0.18 0.21 0.22 -1 -1 -1 -1 -1
Evo 1.03 0.00 0.50 0.50 0.50 0.50 0.50 0.01 0.00 0.02 0.40 0.58 -1 1180
Result 0 0.0 1203 0.46 0.19 0.21 0.19 0.20 0.21 -1 -1 -1 -1 -1
Evo 1.25 0.00 0.50 0.50 0.50 0.50 0.50 0.03 0.00 0.03 0.23 0.53 -1 257
Result 0 1.0 275 0.48 0.17 0.20 0.17 0.22 0.24 -1 -1 -1 -1 -1
Evo 1.00 0.00 0.50 0.50 0.50 0.50 0.50 0.04 0.00 0.05 0.26 0.45 -1 1988
Result 0 0.0 2000 0.47 0.21 0.21 0.20 0.20 0.18 -1 -1 -1 -1 -1
Evo 1.06 0.00 0.50 0.50 0.50 0.50 0.50 0.04 0.00 0.02 0.38 0.58 -1 1094
Result 0 2.0 1208 0.47 0.20 0.19 0.20 0.21 0.20 -1 -1 -1 -1 -1
Evo 1.40 0.00 0.50 0.50 0.50 0.50 0.50 0.03 0.00 0.06 0.20 0.48 -1 200
Result 0 1.0 237 0.50 0.23 0.16 0.13 0.24 0.24 -1 -1 -1 -1 -1
Evo 1.02 0.00 1.00 0.50 0.50 0.50 0.50 0.02 0.00 0.01 0.52 0.58 1753 1753
Result 0 4.0 1765 0.47 0.19 0.21 0.20 0.21 0.19 -1 -1 -1 -1 -1
Evo 1.15 0.00 0.50 0.50 0.50 0.50 0.50 0.03 0.00 0.03 0.22 0.51 -1 290
Result 0 1.0 304 0.47 0.23 0.18 0.19 0.20 0.20 -1 -1 -1 -1 -1
Evo 1.15 0.10 0.50 0.50 0.50 0.50 0.50 0.04 0.00 0.02 0.29 0.50 -1 469
Result 0 3.0 505 0.47 0.20 0.19 0.21 0.20 0.19 -1 -1 -1 -1 -1
Evo 1.00 0.00 0.50 0.50 0.50 0.50 0.50 0.04 0.00 0.05 0.31 0.46 -1 1988
Result 0 0.0 2000 0.46 0.21 0.18 0.21 0.20 0.19 -1 -1 -1 -1 -1
Evo 1.03 0.00 0.50 0.50 0.50 0.50 0.50 0.01 0.00 0.01 0.50 0.58 -1 1320
Result 0 3.0 1950 0.46 0.21 0.20 0.19 0.20 0.20 -1 -1 -1 -1 -1
Evo 1.02 0.00 0.50 0.50 0.50 0.50 0.50 0.01 0.00 0.01 0.35 0.54 -1 1370
Result 0 0.0 1380 0.46 0.19 0.20 0.20 0.19 0.21 -1 -1 -1 -1 -1
Evo 1.02 0.00 0.50 0.50 0.50 0.50 0.50 0.03 0.00 0.04 0.30 0.54 -1 823
Result 0 1.0 837 0.45 0.20 0.19 0.21 0.18 0.21 -1 -1 -1 -1 -1
Evo 1.18 0.00 0.50 0.50 0.50 0.50 0.50 0.02 0.00 0.53 0.38 0.51 -1 57
Result 0 7.0 640 0.47 0.16 0.21 0.19 0.20 0.23 -1 -1 -1 -1 -1
Evo 1.05 0.00 0.50 0.50 0.50 0.50 0.50 0.04 0.00 0.01 0.39 0.50 -1 5
Result 0 10.0 2000 0.46 0.22 0.20 0.19 0.19 0.20 -1 -1 -1 -1 -1
Evo 1.17 0.00 0.50 0.49 0.50 0.50 0.50 0.06 0.00 0.02 0.16 0.32 -1 24
Result 0 2.0 364 0.48 0.16 0.23 0.20 0.22 0.19 -1 -1 -1 -1 -1
Evo 1.02 0.00 0.50 0.50 0.50 0.50 0.50 0.02 0.00 0.01 0.20 0.30 -1 21
Result 0 2.0 1582 0.48 0.21 0.19 0.19 0.22 0.19 -1 -1 -1 -1 -1
Evo 1.58 0.00 0.50 0.47 0.50 0.50 0.50 0.11 0.01 0.19 0.19 0.38 -1 124
Result 0 1.0 221 0.45 0.18 0.21 0.18 0.19 0.24 -1 -1 -1 -1 -1
Evo 1.21 0.00 0.50 0.50 0.50 0.50 0.50 0.01 0.00 0.01 0.42 0.50 -1 11
Result 0 7.0 1529 0.47 0.19 0.21 0.18 0.20 0.22 -1 -1 -1 -1 -1
Evo 1.05 0.00 0.50 0.50 0.50 0.50 0.50 0.03 0.00 0.06 0.21 0.32 -1 85
Result 0 1.0 1143 0.47 0.19 0.21 0.19 0.21 0.20 -1 -1 -1 -1 -1
Evo 1.18 0.00 0.50 0.49 0.50 0.50 0.50 0.06 0.00 0.01 0.31 0.43 -1 20
Result 0 4.0 792 0.45 0.18 0.20 0.22 0.18 0.23 -1 -1 -1 -1 -1
Evo 1.07 0.00 0.50 0.50 0.50 0.50 0.50 0.04 0.00 0.01 0.20 0.31 -1 24
Result 0 2.0 2000 0.46 0.19 0.21 0.20 0.19 0.20 -1 -1 -1 -1 -1
Evo 1.13 0.00 0.50 0.50 0.50 0.50 0.50 0.03 0.00 0.02 0.34 0.50 -1 160
Result 0 8.0 714 0.45 0.19 0.21 0.20 0.18 0.21 -1 -1 -1 -1 -1
Evo 1.11 0.00 0.50 0.50 0.50 0.50 0.50 0.02 0.00 0.02 0.27 0.44 -1 424
Result 0 2.0 504 0.47 0.19 0.20 0.19 0.21 0.22 -1 -1 -1 -1 -1
Evo 1.05 0.00 0.50 0.50 0.50 0.50 0.50 0.04 0.00 0.36 0.23 0.31 -1 26
Result 0 3.0 2000 0.46 0.21 0.20 0.20 0.20 0.19 -1 -1 -1 -1 -1
Evo 1.19 0.00 0.50 0.50 0.50 0.50 0.50 0.02 0.00 0.02 0.29 0.42 -1 42
Result 0 3.0 1047 0.47 0.21 0.19 0.19 0.21 0.20 -1 -1 -1 -1 -1
Evo 1.13 0.00 0.50 0.50 0.50 0.50 0.50 0.05 0.00 0.03 0.18 0.39 -1 76
Result 0 2.0 231 0.46 0.22 0.17 0.17 0.19 0.25 -1 -1 -1 -1 -1
Evo 1.09 0.00 0.50 0.50 0.50 0.50 0.50 0.02 0.00 0.05 0.35 0.46 -1 194
Result 0 5.0 1163 0.45 0.21 0.19 0.20 0.19 0.21 -1 -1 -1 -1 -1
Evo 1.10 0.00 0.50 0.50 0.50 0.50 0.50 0.01 0.00 0.01 0.38 0.50 -1 69
Result 0 5.0 1849 0.48 0.20 0.19 0.20 0.22 0.19 -1 -1 -1 -1 -1
Evo 1.11 0.00 0.50 0.50 0.50 0.50 0.50 0.02 0.00 0.02 0.30 0.43 -1 14
Result 0 3.0 1421 0.44 0.21 0.20 0.20 0.18 0.22 -1 -1 -1 -1 -1
Evo 1.21 0.00 0.50 0.50 0.50 0.50 0.50 0.02 0.00 0.03 0.20 0.31 -1 43
Result 0 2.0 489 0.47 0.18 0.19 0.19 0.20 0.23 -1 -1 -1 -1 -1
Evo 1.03 0.00 0.50 0.50 0.50 0.50 0.50 0.04 0.00 0.02 0.28 0.40 -1 10
Result 0 5.0 2000 0.46 0.20 0.19 0.21 0.20 0.20 -1 -1 -1 -1 -1
Evo 1.12 0.00 0.50 0.50 0.50 0.50 0.50 0.02 0.00 0.05 0.25 0.35 -1 3
Result 0 2.0 519 0.45 0.20 0.23 0.18 0.19 0.20 -1 -1 -1 -1 -1
Evo 1.00 0.00 0.50 0.50 0.50 0.50 0.50 0.04 0.00 0.01 0.45 0.59 -1 1988
Result 0 0.0 2000 0.47 0.20 0.18 0.19 0.21 0.21 -1 -1 -1 -1 -1
Evo 1.01 0.00 0.50 0.50 0.50 0.50 0.50 0.04 0.00 0.02 0.55 0.69 -1 41
Result 0 5.0 2000 0.45 0.19 0.20 0.22 0.18 0.21 -1 -1 -1 -1 -1
Evo 1.16 0.00 0.50 0.50 0.50 0.50 0.50 0.04 0.00 0.10 0.25 0.57 -1 284
Result 0 0.0 309 0.47 0.20 0.23 0.21 0.20 0.16 -1 -1 -1 -1 -1
Evo 1.01 0.00 0.50 0.50 0.50 0.50 0.50 0.04 0.00 0.01 0.64 0.69 -1 1039
Result 0 2.0 2000 0.47 0.20 0.19 0.21 0.21 0.19 -1 -1 -1 -1 -1
Evo 1.11 0.00 0.50 0.49 0.50 0.50 0.50 0.05 0.00 0.01 0.61 0.69 -1 650
Result 0 1.0 1728 0.46 0.20 0.21 0.20 0.20 0.20 -1 -1 -1 -1 -1
Evo 1.03 0.00 0.50 0.50 0.50 0.50 0.50 0.04 0.00 0.02 0.48 0.65 -1 414
Result 0 2.0 2000 0.47 0.18 0.21 0.20 0.21 0.19 -1 -1 -1 -1 -1
Evo 1.04 0.00 0.50 0.50 0.50 0.50 0.50 0.04 0.00 0.02 0.56 0.69 -1 70
Result 0 1.0 2000 0.46 0.20 0.20 0.22 0.19 0.19 -1 -1 -1 -1 -1
Evo 1.00 0.00 0.50 0.50 0.50 0.50 0.50 0.04 0.00 0.05 0.42 0.57 -1 1988
Result 0 0.0 2000 0.46 0.21 0.19 0.20 0.20 0.20 -1 -1 -1 -1 -1
Evo 1.06 0.20 0.50 0.50 0.50 0.50 0.50 0.03 0.00 0.01 0.53 0.69 -1 185
Result 0 0.0 1512 0.48 0.19 0.21 0.19 0.22 0.19 -1 -1 -1 -1 -1
Evo 1.07 0.00 0.50 0.50 0.50 0.50 0.50 0.03 0.00 0.09 0.32 0.67 -1 41
Result 0 1.0 355 0.49 0.15 0.24 0.20 0.23 0.18 -1 -1 -1 -1 -1
Evo 1.04 0.00 0.50 0.50 0.50 0.50 0.50 0.04 0.00 0.01 0.56 0.69 -1 602
Result 0 1.0 2000 0.46 0.19 0.20 0.20 0.20 0.21 -1 -1 -1 -1 -1
Evo 1.02 0.00 0.50 0.50 0.50 0.50 0.50 0.04 0.00 0.01 0.64 0.69 -1 106
Result 0 1.0 2000 0.45 0.20 0.19 0.21 0.19 0.22 -1 -1 -1 -1 -1
Evo 1.10 0.00 0.50 0.49 0.50 0.50 0.50 0.05 0.00 0.02 0.59 0.69 -1 210
Result 0 2.0 1686 0.46 0.21 0.22 0.20 0.19 0.18 -1 -1 -1 -1 -1
Evo 1.03 0.00 0.50 0.50 0.50 0.50 0.50 0.04 0.00 0.01 0.40 0.58 -1 115
Result 0 0.0 2000 0.45 0.19 0.20 0.22 0.19 0.20 -1 -1 -1 -1 -1
Evo 1.14 0.00 0.50 0.50 0.50 0.50 0.50 0.04 0.00 0.01 0.64 0.69 -1 407
Result 0 3.0 1270 0.44 0.21 0.20 0.21 0.18 0.21 -1 -1 -1 -1 -1
Evo 1.19 0.10 0.50 0.50 0.50 0.50 0.50 0.03 0.00 0.04 0.51 0.69 -1 217
Result 0 1.0 658 0.46 0.22 0.19 0.20 0.20 0.19 -1 -1 -1 -1 -1
Evo 1.04 0.00 0.50 0.50 0.50 0.50 0.50 0.03 0.00 0.03 0.50 0.69 -1 106
Result 0 1.0 1239 0.46 0.20 0.20 0.21 0.19 0.20 -1 -1 -1 -1 -1
Evo 1.02 0.00 0.50 0.50 0.50 0.50 0.50 0.04 0.00 0.01 0.63 0.69 -1 311
Result 0 0.0 2000 0.47 0.20 0.21 0.21 0.20 0.19 -1 -1 -1 -1 -1
Evo 1.37 0.10 0.50 0.48 0.50 0.50 0.50 0.07 0.00 0.05 0.25 0.60 -1 272
Result 0 0.0 312 0.45 0.21 0.19 0.22 0.19 0.19 -1 -1 -1 -1 -1
Evo 1.11 0.00 0.50 0.50 0.50 0.50 0.50 0.04 0.00 0.03 0.40 0.66 -1 517
Result 0 0.0 542 0.48 0.18 0.19 0.21 0.22 0.20 -1 -1 -1 -1 -1
Evo 1.03 0.00 0.50 0.50 0.50 0.50 0.50 0.01 0.00 0.01 0.53 0.62 -1 1514
Result 0 4.0 1892 0.47 0.20 0.19 0.20 0.21 0.19 -1 -1 -1 -1 -1
Evo 1.07 0.00 0.50 0.50 0.50 0.50 0.50 0.04 0.00 0.02 0.50 0.63 -1 825
Result 0 3.0 1060 0.45 0.22 0.20 0.21 0.18 0.19 -1 -1 -1 -1 -1
Evo 1.05 0.00 0.50 0.50 0.50 0.50 0.50 0.02 0.00 0.01 0.51 0.62 -1 1673
Result 0 5.0 1785 0.47 0.21 0.18 0.21 0.20 0.19 -1 -1 -1 -1 -1
Evo 1.11 0.00 0.50 0.50 0.50 0.50 0.50 0.04 0.00 0.11 0.24 0.58 -1 147
Result 0 1.0 157 0.49 0.16 0.20 0.15 0.23 0.26 -1 -1 -1 -1 -1
Evo 1.05 0.00 0.50 0.50 0.50 0.50 0.50 0.01 0.00 0.01 0.48 0.63 -1 1296
Result 0 3.0 1472 0.47 0.20 0.18 0.21 0.21 0.20 -1 -1 -1 -1 -1
Evo 1.02 0.00 0.50 0.50 0.50 0.50 0.50 0.02 0.00 0.01 0.37 0.61 -1 1292
Result 0 2.0 1308 0.46 0.22 0.19 0.19 0.19 0.20 -1 -1 -1 -1 -1
Evo 1.10 0.00 0.50 0.49 0.50 0.50 0.50 0.06 0.00 0.02 0.32 0.58 -1 179
Result 0 3.0 545 0.47 0.18 0.20 0.20 0.21 0.21 -1 -1 -1 -1 -1
Evo 1.23 0.00 0.50 0.49 0.50 0.50 0.50 0.05 0.00 0.02 0.44 0.61 -1 428
Result 0 4.0 676 0.48 0.20 0.19 0.19 0.22 0.20 -1 -1 -1 -1 -1
Evo 1.10 0.00 1.00 0.50 0.50 0.50 0.50 0.02 0.00 0.01 0.52 0.63 1751 1624
Result 0 7.0 1763 0.48 0.19 0.20 0.19 0.21 0.20 -1 -1 -1 -1 -1
Evo 1.04 0.00 0.50 0.50 0.50 0.50 0.50 0.03 0.00 0.01 0.55 0.62 -1 329
Result 0 2.0 1730 0.46 0.20 0.20 0.21 0.19 0.20 -1 -1 -1 -1 -1
Evo 1.04 0.00 0.50 0.50 0.50 0.50 0.50 0.02 0.00 0.02 0.31 0.60 -1 393
Result 0 2.0 403 0.46 0.22 0.22 0.18 0.19 0.19 -1 -1 -1 -1 -1
Evo 1.12 0.00 0.50 0.50 0.50 0.50 0.50 0.03 0.00 0.03 0.25 0.57 -1 233
Result 0 0.0 243 0.47 0.18 0.20 0.18 0.21 0.23 -1 -1 -1 -1 -1
Evo 1.38 0.00 0.50 0.47 0.50 0.50 0.50 0.09 0.00 0.01 0.51 0.63 -1 588
Result 0 2.0 801 0.47 0.18 0.20 0.20 0.21 0.21 -1 -1 -1 -1 -1
Evo 1.06 0.00 0.50 0.50 0.50 0.50 0.50 0.02 0.00 0.01 0.45 0.62 -1 1173
Result 0 1.0 1194 0.46 0.20 0.21 0.21 0.19 0.20 -1 -1 -1 -1 -1
Evo 1.10 0.00 0.50 0.50 0.50 0.50 0.50 0.03 0.00 0.02 0.45 0.63 -1 325
Result 0 6.0 844 0.48 0.19 0.22 0.18 0.22 0.19 -1 -1 -1 -1 -1
Evo 1.04 0.00 0.50 0.50 0.50 0.50 0.50 0.04 0.00 0.01 0.55 0.63 -1 1950
Result 0 4.0 2000 0.45 0.20 0.20 0.21 0.18 0.21 -1 -1 -1 -1 -1
Evo 1.04 0.00 0.50 0.50 0.50 0.50 0.50 0.01 0.00 0.01 0.52 0.63 -1 1087
Result 0 8.0 1270 0.45 0.19 0.21 0.20 0.19 0.20 -1 -1 -1 -1 -1
Evo 1.05 0.00 0.50 0.50 0.50 0.50 0.50 0.02 0.00 0.02 0.49 0.63 -1 1358
Result 0 3.0 1525 0.46 0.19 0.21 0.21 0.20 0.19 -1 -1 -1 -1 -1
Evo 1.06 0.00 0.50 0.50 0.50 0.50 0.50 0.03 0.00 0.01 0.49 0.62 -1 1411
Result 0 6.0 1905 0.47 0.21 0.19 0.19 0.21 0.20 -1 -1 -1 -1 -1
Evo 1.08 0.00 0.50 0.49 0.50 0.50 0.50 0.05 0.00 0.01 0.41 0.63 -1 308
Result 0 7.0 640 0.44 0.20 0.18 0.23 0.18 0.22 -1 -1 -1 -1 -1
