Result 0 -1.0 79 1626137841
Result 0 -1.0 79 1484777703
Result 0 -1.0 79 998212529
Result 0 -1.0 79 -887459173
Result 0 -1.0 79 1578337506
Result 0 -1.0 79 -1335867211
Result 0 -1.0 79 1040328796
Result 0 -1.0 79 -1861753752
Result 0 -1.0 79 -1899760275
Result 0 -1.0 79 -574389753
Result 0 -1.0 79 -792279762
Result 0 -1.0 79 -111910724
Result 0 -1.0 79 -826974425
Result 0 -1.0 79 -770238002
Result 0 -1.0 79 -898884482
Result 0 -1.0 79 -663280225
Result 0 -1.0 79 53074992
Result 0 -1.0 79 2114455622
Result 0 -1.0 79 -973615887
Result 0 -1.0 79 -1005649195
Result 0 -1.0 79 802792359
Result 0 -1.0 79 1712992970
Result 0 -1.0 79 1508636240
Result 0 -1.0 79 -1698622897
Result 0 -1.0 79 1363137918
Result 0 -1.0 79 -557698652
Result 0 -1.0 79 -992875783
Result 0 -1.0 79 1159329618
Result 0 -1.0 79 239629102
Result 0 -1.0 79 460639749
Result 0 -1.0 79 1339229040
Result 0 -1.0 79 -1526368025
Result 0 -1.0 79 277548324
Result 0 -1.0 79 383178856
Result 0 -1.0 79 1283983956
Result 0 -1.0 79 748913783
Result 0 -1.0 79 -325254423
Result 0 -1.0 79 -1277484748
Result 0 -1.0 79 -817968909
Result 0 -1.0 79 -1384867915
Result 0 -1.0 79 -1021328094
Result 0 -1.0 79 -1921505150
Result 0 -1.0 79 -297564085
Result 0 -1.0 79 461148662
Result 0 -1.0 79 -1076192083
Result 0 -1.0 79 1618050499
Result 0 -1.0 79 664420340
Result 0 -1.0 79 -575703709
Result 0 -1.0 79 -1014652992
Result 0 -1.0 79 1341780316
Result 0 -1.0 79 1168916377
Result 0 -1.0 79 -730986527
Result 0 -1.0 79 1766263242
Result 0 -1.0 79 1323109570
Result 0 -1.0 79 -1025727547
Result 0 -1.0 79 -774575904
Result 0 -1.0 79 753275117
Result 0 -1.0 79 776666258
Result 0 -1.0 79 1076878131
Result 0 -1.0 79 459750788
Result 0 0.0 2000 -1648882192
Result 0 0.0 2000 1712119747
Result 0 0.0 2000 1881039585
Result 1 1.0 1359 -506873354
Result 1 1.0 995 2115069083
Result 0 0.0 2000 2143665229
Result 0 0.0 2000 1487996689
Result 0 0.0 2000 -158240800
Result 0 0.0 2000 440148855
Result 0 0.0 2000 947844246
Result 0 0.0 2000 -1432787735
Result 0 0.0 2000 -12059011
Result 0 0.0 2000 1305171386
Result 0 0.0 2000 1992967883
Result 0 0.0 2000 -895873675
Result 0 0.0 2000 1732205272
Result 1 1.0 1238 -606201851
Result 0 0.0 2000 -461367413
Result 0 0.0 2000 -118249906
Result 0 0.0 2000 262242976
Result 0 -1.0 177 1591250736
Result 0 -1.0 177 -432957044
Result 0 -1.0 177 -571973003
Result 0 -1.0 177 -462846154
Result 0 -1.0 177 -612052767
Result 0 -1.0 177 -836398181
Result 0 -1.0 177 -1095019788
Result 0 -1.0 177 -1329737621
Result 0 -1.0 177 251214079
Result 0 -1.0 177 -1559400464
Result 0 -1.0 177 -1026266798
Result 0 -1.0 177 588745956
Result 0 -1.0 177 -1264975938
Result 0 -1.0 177 -2031323786
Result 0 -1.0 177 865395033
Result 0 -1.0 177 950114163
Result 0 -1.0 177 1036686489
Result 0 -1.0 177 1561312556
Result 0 -1.0 177 66843636
Result 0 -1.0 177 -1363398325
