Result 0 0.0 1000 -234927570
Result 1 1.0 742 2022267662
Result 1 1.0 591 -149430432
Result 1 1.0 162 -1616933773
Result 1 1.0 205 -1488657844
Result 1 1.0 157 2127668452
Result 0 0.0 1000 458180216
Result 0 -1.0 108 2127532342
Result 1 1.0 48 140068167
Result 0 0.0 1000 -1866366336
Result 1 1.0 720 1873016292
Result 1 1.0 432 2065183961
Result 1 1.0 844 -495873377
Result 1 1.0 426 911355525
Result 0 -1.0 881 -88774073
Result 1 1.0 279 -337151353
Result 1 1.0 284 937860563
Result 1 1.0 743 775034415
Result 1 1.0 508 139019808
Result 1 1.0 110 -1254289942
Result 0 0.0 1000 -963237592
Result 0 0.0 1000 761127592
Result 1 1.0 728 204294665
Result 1 1.0 73 -2032725308
Result 1 1.0 180 1357484943
Result 0 0.0 1000 -1119749774
Result 0 -1.0 469 -958427171
Result 1 1.0 442 1218244629
Result 1 1.0 819 -770690579
Result 1 1.0 263 317460307
Result 0 0.0 1000 742301996
Result 1 1.0 273 -908124595
Result 1 1.0 332 1313484967
Result 1 1.0 370 -2115614691
Result 0 -1.0 207 459614021
Result 1 1.0 447 2121606581
Result 1 1.0 84 -859492288
Result 0 0.0 1000 1642831431
Result 0 0.0 1000 4434758
Result 0 -1.0 259 -2102147890
Result 1 1.0 385 -1950846693
Result 0 0.0 1000 1397417851
Result 0 -1.0 1000 -107979677
Result 0 0.0 1000 -717192035
Result 0 0.0 1000 1161133298
Result 0 0.0 1000 1332483531
Result 1 1.0 669 1038139606
Result 0 0.0 1000 -776350026
Result 0 0.0 1000 948627173
Result 1 1.0 627 332967941
Result 1 1.0 579 1081114159
Result 0 0.0 1000 -1310365802
Result 1 1.0 90 2107848208
Result 0 0.0 1000 -716794804
Result 0 0.0 1000 -2076646254
Result 0 0.0 1000 -1773436079
Result 0 0.0 1000 674872304
Result 0 0.0 1000 -1495783678
Result 1 1.0 438 110343356
Result 0 0.0 1000 -1630368291
Result 0 0.0 1000 719439544
Result 0 0.0 1000 1901440469
Result 0 0.0 1000 619961174
Result 0 0.0 1000 -844414533
Result 0 0.0 1000 303221959
Result 0 0.0 1000 1159226247
Result 1 1.0 325 1492852917
Result 0 0.0 1000 -1051007995
Result 0 0.0 1000 -449724474
Result 0 0.0 1000 2002306904
Result 0 0.0 1000 404714898
Result 0 0.0 1000 -1015066724
Result 0 0.0 1000 1026364226
Result 0 0.0 1000 -730910785
Result 0 0.0 1000 -664932873
Result 0 0.0 1000 -1331803094
Result 0 0.0 1000 -158051864
Result 0 0.0 1000 682099290
Result 0 0.0 1000 -470269380
Result 1 1.0 553 1662229515
Result 0 0.0 1000 -343831866
Result 0 0.0 1000 671580762
Result 0 0.0 1000 214736648
Result 0 0.0 1000 -639619418
Result 0 0.0 1000 -38605997
Result 0 0.0 1000 1647646578
Result 0 0.0 1000 1734797350
Result 0 0.0 1000 2089860855
Result 0 0.0 1000 -1408903956
Result 0 0.0 1000 -422785302
Result 0 0.0 1000 -946027289
Result 0 0.0 1000 -700574558
Result 0 0.0 1000 -2139711038
Result 0 0.0 1000 2009096419
Result 0 0.0 1000 -990222159
Result 0 0.0 1000 345161595
Result 0 0.0 1000 370503045
Result 0 0.0 1000 -1186088523
Result 0 0.0 1000 -1104588914
Result 1 1.0 484 1381990037
