Evo 56.39 -671049.80 1000000.84 -230195.97 -442854.54 -369221.68 -283330.10 409437.24 12941.07 0.01 0.20 0.53 -1 -1
Result 1 20.0 1000 0.40 0.18 0.18 0.17 0.14 0.16 0.16 -1 -1 -1 -1
Evo 49.99 -999999.76 1000000.63 -339457.91 -559267.69 -446148.82 -319994.18 463591.06 14652.71 0.01 0.28 0.59 -1 -1
Result 1 1012.0 1000 0.41 0.19 0.18 0.16 0.15 0.16 0.16 -1 -1 -1 -1
Evo 55.99 -970558.34 1000000.88 -254239.00 -462683.14 -370787.44 -277769.79 447554.95 14145.86 0.01 0.40 0.80 -1 -1
Result 1 1022.0 1000 0.39 0.16 0.16 0.18 0.13 0.18 0.18 -1 -1 -1 -1
Evo 46.60 -999999.02 1000000.77 -325767.88 -552887.48 -441171.24 -333328.79 430295.93 13600.35 0.01 0.18 0.47 -1 -1
Result 1 11.0 1000 0.39 0.17 0.17 0.16 0.13 0.18 0.18 -1 -1 -1 -1
Evo 48.26 -766353.07 1000000.76 -302819.44 -519996.67 -409089.11 -299998.15 387940.56 12261.63 0.01 0.14 0.37 -1 -1
Result 1 10.0 1000 0.38 0.18 0.22 0.16 0.13 0.16 0.16 -1 -1 -1 -1
Evo 52.19 -967741.07 1000000.76 -277477.08 -492058.56 -396546.77 -290283.65 408783.83 12920.42 0.01 0.28 0.57 -1 -1
Result 1 1013.0 1000 0.38 0.17 0.21 0.15 0.13 0.16 0.17 -1 -1 -1 -1
Evo 50.48 -662635.16 1000000.71 -227336.36 -428567.77 -357135.62 -272582.93 387203.06 12238.32 0.01 0.21 0.48 -1 -1
Result 1 13.0 1000 0.37 0.15 0.19 0.17 0.12 0.18 0.18 -1 -1 -1 -1
Evo 48.16 -717170.32 1000000.63 -223299.13 -428565.83 -343746.38 -249993.07 377156.98 11920.79 0.01 0.25 0.51 -1 -1
Result 1 1010.0 1000 0.38 0.14 0.19 0.20 0.13 0.17 0.17 -1 -1 -1 -1
Evo 51.61 -893899.01 1000000.78 -293895.78 -526530.86 -405801.04 -303569.36 420639.51 13295.14 0.01 0.19 0.40 -1 -1
Result 1 1023.0 1000 0.37 0.18 0.17 0.17 0.12 0.18 0.18 -1 -1 -1 -1
Evo 53.33 -999998.99 1000000.64 -324116.86 -546658.44 -433254.17 -313716.39 438427.16 13857.36 0.01 0.41 0.86 -1 -1
Result 1 19.0 1000 0.41 0.16 0.19 0.17 0.15 0.16 0.17 -1 -1 -1 -1
Evo 50.36 -857133.09 1000000.70 -276351.37 -474574.20 -363634.07 -254894.65 353469.01 11172.09 0.01 0.26 0.67 -1 -1
Result 1 19.0 1000 0.41 0.15 0.16 0.18 0.15 0.17 0.18 -1 -1 -1 -1
Evo 55.16 -962686.32 1000000.84 -241518.61 -449980.51 -359997.26 -272723.73 431225.06 13629.72 0.01 0.29 0.62 -1 -1
Result 1 1015.0 1000 0.40 0.17 0.17 0.18 0.14 0.17 0.16 -1 -1 -1 -1
Evo 51.07 -704076.44 1000000.86 -212314.40 -446146.56 -338223.42 -243897.21 426928.22 13493.91 0.01 0.20 0.46 -1 -1
Result 1 20.0 1000 0.42 0.19 0.16 0.15 0.16 0.16 0.17 -1 -1 -1 -1
Evo 49.78 -835448.36 1000000.63 -275606.31 -507442.68 -399980.70 -292678.89 442174.00 13975.78 0.01 0.44 0.67 -1 -1
Result 1 1019.0 1000 0.41 0.19 0.16 0.19 0.15 0.15 0.17 -1 -1 -1 -1
Evo 44.66 -839948.33 1000000.68 -253238.79 -442614.08 -366660.62 -282046.31 391383.38 12370.45 0.01 0.20 0.44 -1 -1
Result 1 23.0 1000 0.40 0.16 0.19 0.17 0.14 0.18 0.16 -1 -1 -1 -1
Evo 53.64 -785233.76 1000000.80 -237638.15 -454543.98 -358481.94 -260860.10 415550.79 13134.30 0.01 0.18 0.50 -1 -1
Result 1 20.0 1000 0.36 0.16 0.18 0.19 0.11 0.17 0.18 -1 -1 -1 -1
Evo 45.13 -999999.67 1000000.68 -351950.94 -607592.66 -439392.77 -307690.30 470525.90 14871.90 0.01 0.36 0.79 -1 -1
Result 1 13.0 1000 0.42 0.16 0.17 0.18 0.16 0.15 0.18 -1 -1 -1 -1
Evo 46.97 -999999.69 1000000.07 -307442.48 -486479.86 -411760.35 -324310.46 406865.39 12859.79 0.01 0.26 0.57 -1 -1
Result 1 18.0 1000 0.40 0.16 0.18 0.17 0.14 0.18 0.17 -1 -1 -1 -1
Evo 53.37 -693547.12 1000000.74 -264754.32 -478258.74 -393318.99 -285709.13 388087.93 12266.29 0.01 0.23 0.47 -1 -1
Result 1 1016.0 1000 0.36 0.19 0.18 0.18 0.12 0.15 0.19 -1 -1 -1 -1
Evo 53.07 -691586.85 1000000.78 -224014.69 -432410.56 -346935.49 -255310.89 389637.09 12315.25 0.01 0.19 0.48 -1 -1
Result 1 1019.0 1000 0.40 0.17 0.20 0.17 0.14 0.16 0.16 -1 -1 -1 -1
Evo 47.53 -895080.95 1000000.73 -312655.87 -524998.15 -298241.40 -185122.67 357337.78 11294.37 0.01 0.24 0.47 -1 -1
Result 1 1020.0 1000 0.41 0.17 0.17 0.16 0.15 0.17 0.17 -1 -1 -1 -1
Evo 89.34 -1000000.19 -49997.21 -651533.48 -970999.10 -581079.02 -467739.46 258286.43 12271.56 0.02 0.11 0.40 -1 -1
Result 0 5.0 442 0.47 0.18 0.10 0.16 0.21 0.17 0.18 -1 -1 -1 -1
Evo 56.37 -951312.20 1000000.88 -308078.41 -694425.20 -399380.27 -245610.18 512520.89 16199.24 0.01 0.19 0.51 -1 -1
Result 1 1036.0 1000 0.38 0.18 0.18 0.17 0.13 0.16 0.18 -1 -1 -1 -1
Evo 53.98 -802079.98 1000000.86 -210683.85 -448976.13 -338031.13 -222214.62 421170.26 13311.92 0.01 0.31 0.61 -1 -1
Result 1 1024.0 1000 0.39 0.16 0.15 0.17 0.14 0.19 0.19 -1 -1 -1 -1
Evo 45.81 -828568.06 1000000.66 -241570.41 -517236.76 -327582.44 -224128.56 438435.12 13857.61 0.01 0.21 0.48 -1 -1
Result 1 25.0 1000 0.37 0.16 0.19 0.18 0.12 0.16 0.19 -1 -1 -1 -1
Evo 53.69 -847808.57 1000000.83 -261434.33 -507040.50 -428567.63 -294963.06 468049.49 14793.63 0.01 0.18 0.44 -1 -1
Result 1 1018.0 1000 0.38 0.17 0.18 0.19 0.13 0.15 0.17 -1 -1 -1 -1
Evo 52.50 -999999.71 1000000.70 -369661.19 -597184.36 -462961.51 -314808.14 438092.83 13846.79 0.01 0.26 0.53 -1 -1
Result 1 23.0 1000 0.40 0.17 0.19 0.16 0.14 0.19 0.14 -1 -1 -1 -1
Evo 53.44 -851783.83 1000000.84 -262066.76 -499993.34 -386359.57 -277773.40 471919.83 14915.96 0.01 0.26 0.48 -1 -1
Result 1 1033.0 1000 0.39 0.16 0.19 0.16 0.13 0.16 0.19 -1 -1 -1 -1
Evo 54.75 -999999.03 1000000.96 -314281.61 -607121.99 -449996.40 -211533.53 496342.05 15687.87 0.01 0.29 0.49 -1 -1
Result 1 1024.0 1000 0.39 0.20 0.17 0.17 0.14 0.19 0.14 -1 -1 -1 -1
Evo 43.08 -885928.08 1000000.70 -376033.90 -715870.13 -425924.32 -259258.87 432985.10 13685.35 0.01 0.19 0.34 -1 -1
Result 1 1021.0 1000 0.38 0.18 0.19 0.16 0.13 0.18 0.16 -1 -1 -1 -1
Evo 52.07 -948717.46 1000000.70 -252730.42 -477609.42 -365376.96 -259258.99 420381.75 13287.00 0.01 0.28 0.66 -1 -1
Result 1 24.0 1000 0.39 0.17 0.17 0.19 0.13 0.17 0.18 -1 -1 -1 -1
Evo 51.37 -650792.55 1000000.72 -221012.99 -424237.63 -346145.98 -239990.62 380953.55 12040.79 0.01 0.14 0.33 -1 -1
Result 1 1027.0 1000 0.39 0.17 0.17 0.16 0.14 0.17 0.19 -1 -1 -1 -1
Evo 53.60 -836055.86 1000000.74 -259306.90 -532254.26 -376773.52 -257132.13 455897.51 14409.54 0.01 0.29 0.59 -1 -1
Result 1 16.0 1000 0.39 0.16 0.16 0.19 0.13 0.16 0.19 -1 -1 -1 -1
Evo 48.08 -911501.54 1000000.70 -367217.68 -549284.14 -383320.89 -259255.45 368788.53 11656.29 0.01 0.21 0.44 -1 -1
Result 1 25.0 1000 0.39 0.16 0.20 0.17 0.14 0.18 0.15 -1 -1 -1 -1
Evo 56.50 -912782.61 1000000.97 -346306.66 -658528.39 -527773.57 -230757.03 506283.06 16002.08 0.01 0.19 0.37 -1 -1
Result 1 26.0 1000 0.39 0.17 0.17 0.18 0.14 0.17 0.17 -1 -1 -1 -1
Evo 49.67 -919067.36 1000000.72 -259003.06 -557004.07 -387750.71 -199992.96 473782.45 14974.83 0.01 0.23 0.58 -1 -1
Result 1 1026.0 1000 0.38 0.15 0.21 0.17 0.13 0.15 0.19 -1 -1 -1 -1
Evo 53.46 -705879.23 1000000.76 -184288.67 -378743.09 -299954.36 -190474.59 384801.45 12162.41 0.01 0.34 0.78 -1 -1
Result 1 29.0 1000 0.41 0.19 0.17 0.17 0.15 0.15 0.17 -1 -1 -1 -1
Evo 44.85 -999999.87 1000000.71 -512239.31 -757571.90 -588228.97 -399992.84 401779.71 12699.04 0.01 0.27 0.55 -1 -1
Result 1 28.0 1000 0.42 0.16 0.17 0.16 0.16 0.17 0.17 -1 -1 -1 -1
Evo 54.73 -876286.88 1000000.84 -274744.71 -549013.01 -405788.00 -236362.04 455198.44 14387.45 0.01 0.25 0.53 -1 -1
Result 1 18.0 1000 0.37 0.17 0.17 0.17 0.12 0.17 0.19 -1 -1 -1 -1
Evo 55.19 -798243.77 1000000.82 -269098.02 -517238.70 -411760.20 -283013.61 446422.62 14110.07 0.01 0.20 0.52 -1 -1
Result 1 28.0 1000 0.38 0.18 0.17 0.18 0.13 0.18 0.16 -1 -1 -1 -1
Evo 62.43 -469481.70 1000000.89 -4901.80 -207950.27 -140295.02 -81843.40 401748.28 12698.05 0.01 0.20 0.41 -1 -1
Result 1 1014.0 1000 0.36 0.16 0.20 0.17 0.11 0.18 0.18 -1 -1 -1 -1
Evo 61.15 -413566.03 1000000.98 12791.62 -178660.66 -121089.37 -62477.66 385001.97 12168.75 0.01 0.14 0.37 -1 -1
Result 1 2007.0 1000 0.37 0.17 0.17 0.18 0.12 0.18 0.17 -1 -1 -1 -1
Evo 58.33 -514283.48 1000001.01 -10210.92 -207070.35 -133329.73 -62497.03 386068.82 12202.47 0.01 0.23 0.49 -1 -1
Result 1 1008.0 1000 0.38 0.18 0.18 0.18 0.13 0.17 0.16 -1 -1 -1 -1
Evo 65.68 -407274.59 1000000.97 27866.45 -166162.75 -119877.26 -67234.22 394830.56 12479.40 0.01 0.20 0.41 -1 -1
Result 1 2011.0 1000 0.41 0.16 0.18 0.19 0.15 0.16 0.17 -1 -1 -1 -1
Evo 64.01 -363139.23 1000000.93 34446.75 -157889.57 -105260.72 -54050.40 388135.24 12267.78 0.01 0.16 0.42 -1 -1
Result 1 1009.0 1000 0.39 0.16 0.19 0.16 0.13 0.17 0.18 -1 -1 -1 -1
Evo 62.30 -435430.89 1000000.89 28831.94 -151510.83 -102561.43 -44766.39 367963.13 11630.20 0.01 0.19 0.40 -1 -1
Result 1 1007.0 1000 0.37 0.15 0.21 0.18 0.12 0.17 0.17 -1 -1 -1 -1
Evo 57.20 -395929.25 1000000.89 5308.26 -181496.96 -128706.02 -75630.60 377307.20 11925.54 0.01 0.17 0.41 -1 -1
Result 1 1009.0 1000 0.39 0.14 0.19 0.18 0.14 0.16 0.19 -1 -1 -1 -1
Evo 62.36 -364276.13 1000000.93 10891.53 -170185.39 -121207.30 -62430.16 373717.82 11812.09 0.01 0.20 0.44 -1 -1
Result 1 1013.0 1000 0.37 0.17 0.17 0.17 0.12 0.20 0.16 -1 -1 -1 -1
Evo 57.73 -447366.95 1000000.86 -14821.73 -209739.72 -146110.11 -81627.55 386264.21 12208.64 0.01 0.20 0.45 -1 -1
Result 1 3014.0 1000 0.37 0.16 0.18 0.19 0.12 0.16 0.18 -1 -1 -1 -1
Evo 59.56 -447871.43 1000000.89 -6305.50 -187285.18 -119013.33 -54436.91 356718.54 11274.79 0.01 0.24 0.49 -1 -1
Result 1 2011.0 1000 0.39 0.17 0.20 0.15 0.13 0.17 0.18 -1 -1 -1 -1
Evo 61.15 -382976.44 1000000.92 15380.57 -184304.85 -128201.43 -71186.18 397905.20 12576.58 0.01 0.15 0.34 -1 -1
Result 1 2012.0 1000 0.39 0.17 0.19 0.17 0.13 0.19 0.15 -1 -1 -1 -1
Evo 61.93 -423882.36 1000000.97 10793.93 -179432.55 -124433.67 -66664.35 382649.86 12094.41 0.01 0.23 0.53 -1 -1
Result 1 2013.0 1000 0.40 0.17 0.16 0.19 0.14 0.18 0.17 -1 -1 -1 -1
Evo 64.43 -479366.54 1000000.94 25025.54 -163261.54 -114649.55 -60083.26 386296.06 12209.65 0.01 0.19 0.41 -1 -1
Result 1 2007.0 1000 0.37 0.16 0.19 0.18 0.12 0.17 0.19 -1 -1 -1 -1
Evo 61.40 -368419.96 1000000.97 34159.44 -156090.38 -110082.04 -55552.79 389651.06 12315.69 0.01 0.20 0.37 -1 -1
Result 1 2008.0 1000 0.39 0.18 0.19 0.16 0.13 0.17 0.17 -1 -1 -1 -1
Evo 61.73 -306120.25 1000000.92 31054.34 -152957.37 -108195.40 -52628.15 376175.33 11889.76 0.01 0.17 0.34 -1 -1
Result 1 2005.0 1000 0.39 0.16 0.19 0.18 0.14 0.16 0.17 -1 -1 -1 -1
Evo 63.33 -327867.42 1000000.84 24316.60 -159762.81 -111108.68 -58761.29 367698.03 11621.82 0.01 0.20 0.44 -1 -1
Result 1 2007.0 1000 0.35 0.16 0.19 0.18 0.11 0.18 0.18 -1 -1 -1 -1
Evo 60.13 -399395.47 1000000.85 21563.82 -155170.16 -99998.03 -48778.07 356817.48 11277.92 0.01 0.21 0.47 -1 -1
Result 1 1005.0 1000 0.38 0.17 0.17 0.18 0.13 0.18 0.17 -1 -1 -1 -1
Evo 55.88 -428354.40 1000000.90 5007.16 -185831.27 -127099.62 -60391.45 377269.11 11924.34 0.01 0.24 0.56 -1 -1
Result 1 2008.0 1000 0.38 0.16 0.20 0.17 0.13 0.18 0.17 -1 -1 -1 -1
Evo 58.94 -485260.64 1000000.89 10156.03 -171576.45 -119995.15 -60255.56 371030.75 11727.16 0.01 0.16 0.38 -1 -1
Result 1 1018.0 1000 0.40 0.17 0.18 0.17 0.14 0.17 0.17 -1 -1 -1 -1
Evo 54.28 -377012.44 1000000.88 13122.62 -181700.49 -124996.72 -64514.65 386168.64 12205.62 0.01 0.13 0.28 -1 -1
Result 1 1007.0 1000 0.36 0.17 0.19 0.18 0.11 0.19 0.16 -1 -1 -1 -1
Evo 49.35 -999999.97 1000000.50 -464129.75 -683559.41 -570906.90 -462520.19 444401.76 14046.20 0.01 0.29 0.75 -1 -1
Result 1 2026.0 1000 0.41 0.16 0.18 0.16 0.15 0.18 0.18 -1 -1 -1 -1
Evo 51.66 -999999.94 1000000.73 -434472.08 -673906.90 -563348.87 -458331.02 462778.95 14627.04 0.01 0.34 0.60 -1 -1
Result 1 2030.0 1000 0.43 0.16 0.17 0.17 0.17 0.17 0.16 -1 -1 -1 -1
Evo 39.28 -870192.91 1000000.56 -443585.07 -632651.13 -563181.60 -473915.67 365322.37 11546.74 0.01 0.28 0.62 -1 -1
Result 1 3027.0 1000 0.39 0.17 0.19 0.16 0.14 0.17 0.17 -1 -1 -1 -1
Evo 54.08 -999999.85 1000000.82 -508915.84 -756975.16 -650945.99 -521736.60 489243.55 15463.51 0.01 0.24 0.62 -1 -1
Result 1 4032.0 1000 0.40 0.19 0.18 0.16 0.14 0.17 0.17 -1 -1 -1 -1
Evo 40.04 -860646.62 1000000.77 -411223.44 -627892.41 -546152.22 -450500.75 414943.41 13115.11 0.01 0.22 0.54 -1 -1
Result 1 4025.0 1000 0.41 0.17 0.19 0.18 0.15 0.16 0.16 -1 -1 -1 -1
Evo 50.81 -1000000.03 -342100.65 -697711.97 -986999.70 -621947.18 -539678.81 209133.26 10204.66 0.02 0.15 0.38 -1 -1
Result 0 11.0 419 0.45 0.15 0.14 0.15 0.19 0.21 0.16 -1 -1 -1 -1
Evo 59.03 -999999.97 1000000.61 -504626.51 -722889.50 -592452.85 -479162.31 435212.46 13755.75 0.01 0.32 0.78 -1 -1
Result 1 2028.0 1000 0.41 0.16 0.17 0.17 0.15 0.16 0.19 -1 -1 -1 -1
Evo 49.96 -1000000.07 1000000.73 -473561.55 -684686.03 -574035.45 -473721.24 451380.34 14266.77 0.01 0.26 0.65 -1 -1
Result 1 3028.0 1000 0.43 0.17 0.17 0.16 0.17 0.16 0.18 -1 -1 -1 -1
Evo 34.76 -925046.41 1000000.59 -523670.03 -703625.85 -619091.35 -521123.89 352993.17 11157.05 0.01 0.19 0.50 -1 -1
Result 1 4020.0 1000 0.37 0.20 0.18 0.17 0.12 0.17 0.16 -1 -1 -1 -1
Evo 48.96 -999999.74 1000000.70 -487498.04 -735272.86 -609340.71 -483332.48 445549.86 14082.48 0.01 0.33 0.77 -1 -1
Result 1 2032.0 1000 0.39 0.18 0.18 0.16 0.14 0.17 0.17 -1 -1 -1 -1
Evo 50.24 -999999.69 1000000.78 -461928.13 -716854.60 -608092.21 -470749.16 481720.36 15225.72 0.01 0.27 0.69 -1 -1
Result 1 4024.0 1000 0.42 0.17 0.17 0.15 0.16 0.17 0.18 -1 -1 -1 -1
Evo 47.46 -905318.73 1000000.67 -424415.15 -632157.34 -543613.71 -440226.54 416397.07 13161.05 0.01 0.20 0.53 -1 -1
Result 1 4020.0 1000 0.39 0.19 0.18 0.16 0.14 0.15 0.17 -1 -1 -1 -1
Evo 55.63 -1000000.01 1000000.60 -470723.65 -699447.27 -584118.22 -472782.63 455019.28 14381.78 0.01 0.30 0.53 -1 -1
Result 1 4023.0 1000 0.43 0.16 0.15 0.18 0.17 0.17 0.17 -1 -1 -1 -1
Evo 43.98 -880951.17 1000000.50 -455889.59 -632483.12 -532127.16 -442611.04 350309.79 11072.23 0.01 0.26 0.66 -1 -1
Result 1 5023.0 1000 0.38 0.18 0.18 0.17 0.13 0.18 0.16 -1 -1 -1 -1
Evo 45.29 -828517.52 1000000.68 -380535.35 -585979.64 -518066.86 -428567.41 411022.24 12991.17 0.01 0.20 0.46 -1 -1
Result 1 4022.0 1000 0.38 0.17 0.17 0.18 0.13 0.17 0.18 -1 -1 -1 -1
Evo 31.35 -1000000.05 -412693.92 -701519.66 -788124.36 -662776.03 -577461.52 167700.53 8602.86 0.02 0.21 0.43 -1 -1
Result 0 10.0 379 0.45 0.16 0.18 0.19 0.19 0.16 0.13 -1 -1 -1 -1
Evo 39.62 -853209.80 1000000.60 -424774.91 -613083.37 -542855.46 -449064.23 376614.14 11903.63 0.01 0.18 0.47 -1 -1
Result 1 2020.0 1000 0.39 0.16 0.19 0.17 0.13 0.19 0.16 -1 -1 -1 -1
Evo 40.80 -914642.46 1000000.56 -503143.19 -740853.27 -585192.15 -462959.92 385281.72 12177.59 0.01 0.19 0.55 -1 -1
Result 1 1016.0 1000 0.39 0.16 0.19 0.15 0.13 0.20 0.17 -1 -1 -1 -1
Evo 113.35 -1000000.19 -333310.68 -723056.44 -977588.63 -662645.91 -554210.94 204957.53 9737.83 0.02 0.15 0.54 -1 -1
Result 0 8.0 442 0.40 0.17 0.15 0.16 0.14 0.19 0.18 -1 -1 -1 -1
Evo 43.75 -989119.25 1000000.67 -413632.87 -603962.71 -530299.59 -447428.32 416746.64 13172.10 0.01 0.20 0.46 -1 -1
Result 1 4024.0 1000 0.40 0.19 0.18 0.18 0.14 0.16 0.15 -1 -1 -1 -1
Evo 56.34 -808444.36 1000000.90 -226983.63 -457109.03 -372860.63 -274507.50 440950.25 13937.10 0.01 0.25 0.50 -1 -1
Result 1 5013.0 1000 0.39 0.16 0.19 0.17 0.13 0.17 0.18 -1 -1 -1 -1
Evo 54.50 -984833.26 1000000.84 -246125.15 -471412.66 -363540.10 -260756.59 466355.53 14740.09 0.01 0.31 0.53 -1 -1
Result 1 2011.0 1000 0.43 0.17 0.17 0.17 0.16 0.16 0.17 -1 -1 -1 -1
Evo 52.96 -987166.42 1000000.69 -270431.37 -482668.85 -382391.50 -261588.00 460128.83 14543.28 0.01 0.23 0.62 -1 -1
Result 1 3012.0 1000 0.40 0.16 0.18 0.19 0.14 0.15 0.17 -1 -1 -1 -1
Evo 48.66 -630951.23 1000000.78 -207158.69 -410124.10 -332897.77 -248366.07 384658.48 12157.89 0.01 0.26 0.60 -1 -1
Result 1 4020.0 1000 0.40 0.18 0.18 0.15 0.14 0.16 0.17 -1 -1 -1 -1
Evo 50.34 -822109.77 1000000.62 -264911.61 -467092.74 -386514.50 -297592.41 402336.00 12716.62 0.01 0.29 0.69 -1 -1
Result 1 4011.0 1000 0.37 0.18 0.17 0.17 0.12 0.17 0.18 -1 -1 -1 -1
Evo 53.94 -988999.56 1000000.83 -269747.43 -466541.87 -383312.76 -293285.83 435176.85 13754.62 0.01 0.26 0.52 -1 -1
Result 1 5014.0 1000 0.42 0.16 0.17 0.17 0.16 0.17 0.18 -1 -1 -1 -1
Evo 48.33 -670210.59 1000000.60 -254070.47 -466904.94 -388848.95 -288458.70 395507.63 12500.80 0.01 0.14 0.34 -1 -1
Result 1 3008.0 1000 0.41 0.18 0.19 0.17 0.15 0.16 0.16 -1 -1 -1 -1
Evo 53.81 -959555.04 1000000.79 -296297.40 -518366.59 -414763.53 -265893.54 436771.89 13805.04 0.01 0.30 0.69 -1 -1
Result 1 3016.0 1000 0.40 0.16 0.17 0.19 0.14 0.16 0.17 -1 -1 -1 -1
Evo 44.64 -715154.11 1000000.70 -221856.07 -449634.52 -350118.44 -234347.91 400072.08 12645.07 0.01 0.27 0.60 -1 -1
Result 1 3017.0 1000 0.38 0.16 0.17 0.18 0.13 0.19 0.17 -1 -1 -1 -1
Evo 51.87 -630950.91 1000000.84 -212421.00 -411043.48 -342798.30 -249996.81 381971.17 12072.95 0.01 0.27 0.60 -1 -1
Result 1 4011.0 1000 0.38 0.17 0.18 0.18 0.13 0.18 0.16 -1 -1 -1 -1
Evo 50.06 -656523.87 1000000.60 -216456.85 -403535.44 -331797.34 -243238.36 371348.92 11737.22 0.01 0.25 0.54 -1 -1
Result 1 5017.0 1000 0.37 0.17 0.19 0.17 0.12 0.20 0.15 -1 -1 -1 -1
Evo 45.20 -735214.14 1000000.74 -258179.78 -472943.48 -398980.61 -311682.89 415770.91 13141.26 0.01 0.29 0.62 -1 -1
Result 1 4009.0 1000 0.40 0.18 0.18 0.17 0.14 0.16 0.16 -1 -1 -1 -1
Evo 46.83 -731047.70 1000000.63 -227959.69 -442060.93 -351774.13 -249243.66 395994.24 12516.18 0.01 0.30 0.73 -1 -1
Result 1 4015.0 1000 0.39 0.17 0.20 0.16 0.14 0.17 0.17 -1 -1 -1 -1
Evo 48.71 -893832.26 1000000.68 -282715.91 -499953.16 -385943.53 -276250.51 397829.03 12574.17 0.01 0.29 0.65 -1 -1
Result 1 3014.0 1000 0.43 0.16 0.19 0.15 0.17 0.16 0.16 -1 -1 -1 -1
Evo 51.50 -761813.88 1000000.78 -227654.36 -419336.64 -345645.36 -258714.04 377827.11 11941.97 0.01 0.24 0.56 -1 -1
Result 1 3014.0 1000 0.39 0.18 0.18 0.16 0.14 0.17 0.18 -1 -1 -1 -1
Evo 53.91 -708736.01 1000000.90 -234416.35 -459770.63 -368556.11 -255449.10 433671.05 13707.03 0.01 0.26 0.50 -1 -1
Result 1 4015.0 1000 0.40 0.17 0.19 0.17 0.14 0.16 0.16 -1 -1 -1 -1
Evo 50.13 -728559.57 1000000.70 -250403.76 -458293.15 -384613.08 -294114.54 405579.20 12819.13 0.01 0.23 0.59 -1 -1
Result 1 4010.0 1000 0.37 0.16 0.20 0.17 0.12 0.18 0.17 -1 -1 -1 -1
Evo 52.61 -608814.36 1000000.77 -201354.94 -395830.97 -333331.41 -259779.33 391923.23 12387.51 0.01 0.19 0.42 -1 -1
Result 1 5006.0 1000 0.39 0.17 0.19 0.16 0.14 0.17 0.17 -1 -1 -1 -1
Evo 53.12 -999999.69 1000000.69 -393458.40 -602377.65 -492389.02 -359765.08 429748.73 13583.06 0.01 0.21 0.54 -1 -1
Result 1 1012.0 1000 0.44 0.17 0.17 0.15 0.17 0.17 0.17 -1 -1 -1 -1
Evo 53.92 -666665.05 1000000.87 -198470.33 -423432.87 -331657.79 -220523.12 413513.33 13069.91 0.01 0.23 0.55 -1 -1
Result 1 5013.0 1000 0.38 0.18 0.16 0.17 0.13 0.17 0.18 -1 -1 -1 -1
