Result 0 19.0 436 1836643722
Result 0 32.0 442 -633260891
Result 0 74.0 962 -2049040941
Result 0 10.0 442 1764003729
Result 0 2.0 151 1057953791
Result 0 36.0 676 797598460
Result 1 2072.0 1000 855733899
Result 0 27.0 442 1995266371
Result 1 2044.0 1000 -216136952
Result 0 12.0 442 -1769876795
Result 0 19.0 442 -768387926
Result 0 2.0 169 722562816
Result 0 13.0 668 -207796887
Result 0 3.0 77 144994791
Result 0 6.0 169 -1559688617
Result 1 1052.0 1000 -1063473946
Result 0 19.0 442 -170138992
Result 1 1068.0 1000 1721568370
Result 0 13.0 405 -1325827034
Result 0 6.0 235 -794480826
Result 0 1051.0 788 2129852181
Result 0 36.0 442 -316949588
Result 0 44.0 442 -1258755304
Result 1 1111.0 1000 -205897632
Result 0 29.0 442 1796737649
Result 0 16.0 546 -1835260334
Result 0 4.0 258 554177267
Result 0 28.0 598 -953797347
Result 1 1101.0 1000 -1680888863
Result 0 5.0 142 -1797643015
Result 0 10.0 305 -774791199
Result 0 23.0 442 -1251335171
Result 0 15.0 705 1941147942
Result 1 49.0 1000 1778441960
Result 1 1057.0 1000 1707533527
Result 0 6.0 274 -1666430124
Result 0 20.0 442 -1232480608
Result 0 1.0 129 1279697056
Result 0 27.0 442 954696164
Result 0 23.0 442 -849677353
Result 0 5.0 316 -1853846702
Result 0 11.0 676 -1670438204
Result 0 4.0 147 -1278967147
Result 0 8.0 336 -1150292410
Result 1 1051.0 1000 875675823
Result 0 17.0 612 -699921177
Result 0 31.0 702 -1140475478
Result 1 3024.0 1000 667719310
Result 1 2011.0 1000 1640174224
Result 0 1052.0 806 -1586390063
Result 1 2048.0 1000 1211612108
Result 0 2.0 356 222262943
Result 0 2.0 342 728153824
Result 0 20.0 665 -1624416599
Result 1 5045.0 1000 1472701415
Result 0 20.0 728 -140182915
Result 0 12.0 442 -1178279143
Result 0 1024.0 965 1534969265
Result 0 9.0 442 -7470078
Result 1 4022.0 1000 1079180356
Result 0 22.0 173 -40697570
Result 1 4107.0 1000 -48494561
Result 0 9.0 261 1803877248
Result 0 6.0 195 1839063980
Result 0 6.0 106 435528542
Result 0 7.0 221 42793481
Result 1 5128.0 1000 -1603974564
Result 0 20.0 282 -1137163745
Result 0 1.0 97 -668157329
Result 1 4077.0 1000 1263541404
Result 1 2100.0 1000 -1800282336
Result 1 6076.0 1000 -1956073043
Result 0 43.0 442 -2054173904
Result 0 50.0 442 -1443036993
Result 0 10.0 280 -2091329912
Result 0 1046.0 647 111151290
Result 0 22.0 332 -600562901
Result 0 10.0 435 1948162021
Result 1 2113.0 1000 -237593655
Result 0 5095.0 991 1163075638
Result 0 6.0 442 490262659
Result 0 1033.0 517 -1222953926
Result 1 8050.0 1000 1000318512
Result 0 10.0 442 442588203
Result 1 5041.0 1000 2007449593
Result 1 2040.0 1000 381105845
Result 0 2064.0 957 -1726848165
Result 0 6.0 265 240743612
Result 1 4049.0 1000 794102062
Result 0 4.0 216 2086646872
Result 1 3028.0 1000 -760798617
Result 0 2.0 47 -1831033122
Result 0 1016.0 308 -1030128007
Result 0 8.0 134 -455176230
Result 1 3045.0 1000 1244975071
Result 0 0.0 95 405386752
Result 0 27.0 442 -1067604357
Result 0 10.0 369 502530584
Result 0 12.0 297 1454458630
Result 0 0.0 58 -2135875563
