Result 1 11.0 1616 1244899914
Result 0 7.0 2000 1080325501
Result 1 13.0 837 -532408289
Result 1 18.0 725 -974372818
Result 1 30.0 586 469075720
Result 1 18.0 130 932850416
Result 1 7.0 1052 1664496578
Result 1 10.0 1963 1728270637
Result 1 15.0 1332 -666181855
Result 1 18.0 1973 -1183429974
Result 1 11.0 376 -284796917
Result 1 22.0 331 2128001089
Result 1 8.0 848 444507287
Result 1 24.0 1351 141099374
Result 1 30.0 805 -1284136963
Result 1 20.0 1382 1644842738
Result 1 1.0 1609 -10356746
Result 1 18.0 734 390811155
Result 1 12.0 1242 981807206
Result 1 13.0 1259 -270360479
Result 1 17.0 1603 1467462653
Result 1 7.0 843 -981362829
Result 1 4.0 397 -872177934
Result 1 2.0 591 -287373003
Result 1 1.0 1057 -893215490
Result 1 1.0 308 1306164951
Result 1 14.0 672 1497662636
Result 1 12.0 486 -684151573
Result 1 14.0 948 -73576189
Result 0 16.0 2000 -1677734144
Result 1 13.0 687 -813012008
Result 1 17.0 586 697046137
Result 1 12.0 1231 1181903420
Result 1 12.0 442 11667752
Result 1 6.0 470 1220774022
Result 1 10.0 522 -1479044810
Result 1 9.0 1003 -1102888927
Result 1 12.0 741 -106949497
Result 1 22.0 1123 1393522057
Result 1 12.0 742 -606515598
Result 1 16.0 1944 -1699501799
Result 1 20.0 1652 -562623126
Result 1 30.0 650 1714364030
Result 1 16.0 446 1746509691
Result 1 16.0 1365 1075897791
Result 1 17.0 1136 586294457
Result 1 14.0 1631 1370424537
Result 1 27.0 610 -181802146
Result 1 14.0 622 627491109
Result 1 33.0 688 371644438
Result 1 28.0 1389 -42958200
Result 1 8.0 1207 -1361687875
Result 1 8.0 725 -1388878879
Result 1 16.0 1046 -691549680
Result 1 34.0 1385 -1015846443
Result 1 12.0 647 -1278075244
Result 1 30.0 625 1026884054
Result 0 20.0 2000 2077563663
Result 1 38.0 1263 -1432677137
Result 1 15.0 1342 -728078820
Result 1 1.0 247 -762148990
Result 1 8.0 309 -1574455801
Result 1 4.0 149 -575103895
Result 1 5.0 422 452192598
Result 1 8.0 156 -1609393790
Result 1 14.0 589 -1715148140
Result 1 4.0 138 -2047747324
Result 1 4.0 168 1155000401
Result 1 10.0 203 -1740024689
Result 1 4.0 114 -745728724
Result 1 2.0 150 1762657101
Result 1 13.0 620 2001948550
Result 1 8.0 356 1687660402
Result 1 4.0 181 -1781452034
Result 1 2.0 171 -383841068
Result 1 9.0 718 602467645
Result 1 2.0 113 454533532
Result 1 8.0 143 617215934
Result 1 7.0 259 1187608850
Result 1 7.0 199 -2026348135
Result 1 16.0 881 -1510267851
Result 1 5.0 206 -2100333223
Result 1 10.0 727 874165421
Result 1 12.0 489 1906298864
Result 1 10.0 353 -1925299324
Result 1 9.0 385 -584233956
Result 1 9.0 512 -920543980
Result 1 2.0 69 -388056968
Result 1 17.0 493 -1661093349
Result 1 13.0 699 -284022984
Result 1 6.0 158 563871795
Result 1 4.0 370 -327852200
Result 1 6.0 305 -903575087
Result 1 5.0 516 -378744413
Result 1 11.0 567 -1711611727
Result 1 11.0 716 1485595978
Result 1 13.0 808 -363538800
Result 1 8.0 817 -530252676
Result 1 3.0 142 -938165210
Result 1 8.0 561 -2002897309
