Result 0 -1.0 79 1656790745
Result 0 -1.0 79 -1728478810
Result 0 -1.0 79 569191326
Result 0 -1.0 79 -1812617415
Result 0 -1.0 79 -493881943
Result 0 -1.0 79 -497702068
Result 0 -1.0 79 -1408833623
Result 0 -1.0 79 -1181044922
Result 0 -1.0 79 1559537072
Result 0 -1.0 79 1435756289
Result 0 -1.0 79 -765208042
Result 0 -1.0 79 -1061607668
Result 0 -1.0 79 -2019139732
Result 0 -1.0 79 -671651661
Result 0 -1.0 79 -1407084087
Result 0 -1.0 79 -2015823079
Result 0 -1.0 79 1765659230
Result 0 -1.0 79 -116549048
Result 0 -1.0 79 -1728830608
Result 0 -1.0 79 -640837683
Result 0 -1.0 79 917271989
Result 0 -1.0 79 552791394
Result 0 -1.0 79 1058996121
Result 0 -1.0 79 144046298
Result 0 -1.0 79 385956517
Result 0 -1.0 79 603686604
Result 0 -1.0 79 1329818220
Result 0 -1.0 79 -751703023
Result 0 -1.0 79 1538884451
Result 0 -1.0 79 -540044054
Result 0 -1.0 79 -59614627
Result 0 -1.0 79 -79218048
Result 0 -1.0 79 -723085485
Result 0 -1.0 79 1111149945
Result 0 -1.0 79 -1838348086
Result 0 -1.0 79 -1284588861
Result 0 -1.0 79 -1178563891
Result 0 -1.0 79 2004795113
Result 0 -1.0 79 -1248958909
Result 0 -1.0 79 -1600027091
Result 0 -1.0 79 -1683338742
Result 0 -1.0 79 -1683943135
Result 0 -1.0 79 26949115
Result 0 -1.0 79 1217268416
Result 0 -1.0 79 92236838
Result 0 -1.0 79 221854989
Result 0 -1.0 79 -382993796
Result 0 -1.0 79 -54151454
Result 0 -1.0 79 2101570427
Result 0 -1.0 79 568202043
Result 0 -1.0 79 -730796283
Result 0 -1.0 79 1547129967
Result 0 -1.0 79 -1295755401
Result 0 -1.0 79 613678224
Result 0 -1.0 79 564997249
Result 0 -1.0 79 1778438174
Result 0 -1.0 79 -1923999813
Result 0 -1.0 79 1156043713
Result 0 -1.0 79 321807781
Result 0 -1.0 79 -500651659
Result 0 0.0 2000 741640173
Result 0 0.0 2000 1760748865
Result 1 1.0 1533 1135174014
Result 1 1.0 1915 1637390125
Result 0 0.0 2000 -125972622
Result 0 0.0 2000 -1388936653
Result 0 0.0 2000 -1321415930
Result 1 1.0 1678 -865828739
Result 0 0.0 2000 239630500
Result 1 1.0 541 339670693
Result 0 0.0 2000 -1307033097
Result 1 1.0 607 1584396582
Result 0 0.0 2000 1593854176
Result 0 0.0 2000 -560468270
Result 0 0.0 2000 1898656365
Result 0 0.0 2000 1694079122
Result 0 0.0 2000 1679245415
Result 0 0.0 2000 155435575
Result 1 1.0 1343 1147953922
Result 0 0.0 2000 -1702439741
Result 0 -1.0 177 1180627619
Result 0 -1.0 177 -1528877090
Result 0 -1.0 177 37410349
Result 0 -1.0 177 -829774635
Result 0 -1.0 177 -1511844891
Result 0 -1.0 177 -1689458106
Result 0 -1.0 177 302199284
Result 0 -1.0 177 1151895641
Result 0 -1.0 177 -1863310565
Result 0 -1.0 177 331998752
Result 0 -1.0 177 563946740
Result 0 -1.0 177 2043879130
Result 0 -1.0 177 -1178829938
Result 0 -1.0 177 767782026
Result 0 -1.0 177 -364478929
Result 0 -1.0 177 -882913302
Result 0 -1.0 177 176784748
Result 0 -1.0 177 1801241762
Result 0 -1.0 177 1251291865
Result 0 -1.0 177 -1345698345
