Result 1 40.0 404 2096029002
Result 1 16.0 60 -1205729223
Result 1 24.0 838 -1472057856
Result 1 30.0 305 -437499234
Result 1 30.0 175 45469482
Result 1 64.0 214 1207364875
Result 1 58.0 280 -1529728744
Result 1 14.0 78 674958852
Result 1 26.0 96 -1659715516
Result 1 22.0 229 -2119904762
Result 1 22.0 447 -569390058
Result 1 68.0 566 2028253259
Result 1 60.0 1051 457777913
Result 1 20.0 172 1219399919
Result 0 22.0 369 1171642873
Result 1 44.0 319 1085162555
Result 1 34.0 273 590490298
Result 1 36.0 299 1390165151
Result 0 22.0 307 1935663322
Result 1 42.0 306 -1847614673
Result 1 34.0 460 851145104
Result 1 30.0 125 -1409120366
Result 1 34.0 276 -347458703
Result 1 34.0 287 -122862222
Result 1 32.0 234 1422315517
Result 1 38.0 1233 1028040867
Result 1 36.0 579 1806001992
Result 1 34.0 397 521449935
Result 1 32.0 430 -2063562372
Result 1 34.0 807 -1813102670
Result 1 32.0 139 -1683366893
Result 1 30.0 207 1630603158
Result 1 28.0 176 59602534
Result 1 32.0 380 482090555
Result 1 32.0 491 -343587120
Result 1 34.0 183 931472197
Result 1 30.0 80 -1179486659
Result 1 32.0 152 2107888859
Result 1 32.0 121 840409475
Result 1 34.0 244 772315172
Result 1 54.0 185 631243094
Result 1 58.0 556 -1979553854
Result 1 52.0 176 -1294998110
Result 1 24.0 98 1515793607
Result 1 54.0 133 -825146337
Result 1 52.0 192 992522613
Result 1 44.0 274 1184815745
Result 1 52.0 290 -179064712
Result 1 54.0 133 1316308411
Result 1 56.0 464 -874566460
Result 1 54.0 366 -1648893361
Result 1 36.0 83 -2144962435
Result 1 54.0 163 -94402068
Result 1 52.0 465 -2140754914
Result 1 54.0 587 1708811448
Result 0 62.0 875 81644327
Result 1 52.0 132 -247153291
Result 1 52.0 632 1039233791
Result 1 48.0 630 -421035450
Result 1 48.0 125 -1882303390
Result 1 22.0 95 -150373722
Result 1 24.0 123 1354578471
Result 1 26.0 169 862388951
Result 1 22.0 150 -1201668268
Result 1 22.0 67 -1087823250
Result 1 28.0 273 1571764577
Result 1 24.0 205 779790118
Result 1 22.0 152 1631717058
Result 1 20.0 56 -1825025055
Result 1 20.0 73 96801865
Result 1 24.0 90 854774438
Result 1 24.0 126 -155622692
Result 1 24.0 769 1759646329
Result 1 22.0 294 1531442665
Result 1 24.0 265 -1235312032
Result 1 24.0 119 1841301367
Result 1 22.0 153 463885964
Result 1 24.0 88 1045319543
Result 1 22.0 99 -1947265915
Result 1 24.0 167 1261067185
Result 1 14.0 45 -258685964
Result 1 14.0 459 1514389743
Result 1 14.0 624 -2052610741
Result 1 14.0 118 -1761771911
Result 1 14.0 30 -527901923
Result 1 14.0 58 -934594733
Result 1 14.0 606 -792688748
Result 1 14.0 307 1721263820
Result 1 14.0 124 1420423709
Result 1 14.0 140 1105320383
Result 1 14.0 26 519418236
Result 1 14.0 78 913112026
Result 1 14.0 157 -1319138045
Result 1 14.0 188 1828632667
Result 1 14.0 42 -1319145171
Result 1 14.0 291 1997493159
Result 1 14.0 342 -948001263
Result 1 14.0 987 413176540
Result 1 14.0 65 1699661834
Result 1 14.0 353 -1121507587
