Result 0 25.0 2000 -1835101777
Result 0 21.0 2000 2027154781
Result 0 22.0 2000 1487935690
Result 0 33.0 2000 1745676878
Result 0 10.0 2000 -273253820
Result 0 11.0 2000 -1723552982
Result 0 15.0 1623 578417686
Result 0 11.0 1259 -1855457509
Result 0 14.0 2000 -544578209
Result 0 17.0 2000 -1436771088
Result 0 20.0 2000 1269901269
Result 0 15.0 2000 -458318453
Result 0 18.0 2000 1809925129
Result 0 21.0 2000 1214049366
Result 0 19.0 1967 1232654612
Result 0 28.0 2000 390711494
Result 0 16.0 2000 179026085
Result 0 21.0 2000 -1363324038
Result 0 23.0 2000 -1161037636
Result 0 28.0 2000 207753316
Result 0 22.0 2000 350081266
Result 0 12.0 2000 537983325
Result 0 15.0 2000 435760347
Result 0 37.0 2000 -1423338795
Result 0 12.0 2000 -587179955
Result 0 11.0 2000 -653746193
Result 0 27.0 2000 1056400646
Result 0 15.0 2000 -1813415139
Result 0 19.0 2000 -1768221310
Result 0 34.0 2000 1538665650
Result 0 20.0 2000 1502749242
Result 0 13.0 2000 -454398633
Result 0 11.0 2000 981001474
Result 0 16.0 2000 1936520089
Result 0 14.0 2000 600207219
Result 0 25.0 2000 1625980964
Result 0 14.0 2000 -859991178
Result 0 35.0 2000 1412445786
Result 0 11.0 2000 2142536549
Result 0 18.0 2000 866910774
Result 0 26.0 2000 -1646060915
Result 0 28.0 2000 -453323747
Result 0 21.0 1079 -1750330213
Result 0 31.0 2000 1020835851
Result 0 33.0 2000 1194807134
Result 0 53.0 2000 2123574755
Result 0 34.0 2000 1448085529
Result 0 23.0 1627 -1271502492
Result 0 21.0 2000 -1305657452
Result 0 26.0 2000 1119100056
Result 0 25.0 2000 -895604211
Result 0 8.0 147 -1588433389
Result 0 17.0 2000 1919862724
Result 0 37.0 2000 1164626632
Result 0 31.0 2000 297615664
Result 0 26.0 2000 -747063403
Result 0 29.0 2000 -708297101
Result 0 29.0 2000 -1846466068
Result 0 23.0 2000 1171360444
Result 0 30.0 2000 -1797963560
Result 0 11.0 2000 1222927111
Result 0 5.0 2000 1301229758
Result 0 3.0 2000 914076651
Result 0 7.0 2000 -358203596
Result 0 12.0 2000 -432568796
Result 0 3.0 2000 -125422436
Result 0 2.0 2000 2013948052
Result 0 7.0 2000 -1597480444
Result 0 7.0 2000 1132166023
Result 0 5.0 2000 413408459
Result 0 2.0 2000 924563787
Result 0 2.0 2000 134685853
Result 0 1.0 2000 -95156324
Result 0 2.0 2000 -288175089
Result 0 5.0 2000 925568547
Result 0 6.0 2000 -1094493162
Result 0 3.0 1999 -151557504
Result 0 3.0 2000 1603915775
Result 0 4.0 2000 -1070219070
Result 0 4.0 2000 1216384504
Result 0 4.0 2000 1542894584
Result 0 26.0 2000 398828702
Result 0 0.0 2000 -2073755244
Result 0 24.0 1471 -1840108900
Result 0 0.0 2000 543651841
Result 0 13.0 2000 1032573704
Result 0 50.0 2000 372246164
Result 0 0.0 2000 30865821
Result 0 0.0 2000 -21463266
Result 0 0.0 2000 -1906974663
Result 0 25.0 2000 1236314411
Result 0 0.0 2000 873597448
Result 0 0.0 2000 -2050901393
Result 0 -1.0 543 762877556
Result 0 0.0 2000 476243780
Result 0 2.0 2000 267535848
Result 0 9.0 2000 137619588
Result 0 4.0 2000 1969718509
Result 0 0.0 2000 1977330860
Result 0 2.0 2000 2044732905
