Result 1 1.0 458 208289350
Result 0 -1.0 543 -775099718
Result 1 1.0 335 35861470
Result 1 1.0 330 2112875951
Result 0 0.0 1000 -1095698076
Result 1 1.0 292 -1304149297
Result 1 1.0 505 -1212165956
Result 1 1.0 78 -2063726251
Result 0 0.0 1000 -1760723265
Result 1 1.0 325 1392607544
Result 1 1.0 660 876494735
Result 1 1.0 226 -1564436746
Result 1 1.0 537 -1060811498
Result 1 1.0 378 -341884422
Result 1 1.0 394 -2018911691
Result 1 1.0 329 -929612173
Result 1 1.0 474 1688365651
Result 1 1.0 205 1616574598
Result 1 1.0 234 1332098371
Result 1 1.0 236 2059526792
Result 0 0.0 1000 -980676541
Result 0 0.0 1000 544619019
Result 0 0.0 1000 -384521757
Result 1 1.0 444 1067209482
Result 0 0.0 1000 -644362792
Result 1 1.0 878 -1300936071
Result 1 1.0 496 -1806638669
Result 0 0.0 1000 1087510022
Result 1 1.0 168 -2138236204
Result 0 0.0 1000 -303685892
Result 1 1.0 135 1330670002
Result 0 0.0 1000 -463891694
Result 0 0.0 1000 705184180
Result 1 1.0 665 1044968280
Result 1 1.0 450 -655203229
Result 0 0.0 1000 501167120
Result 1 1.0 555 -503787898
Result 0 0.0 1000 -583753968
Result 1 1.0 463 -1467671710
Result 0 -1.0 649 1353793519
Result 0 -1.0 1 70748049
Result 0 0.0 1000 -962039588
Result 0 0.0 1000 -1118781147
Result 0 0.0 1000 -697672637
Result 1 1.0 969 -742845806
Result 0 0.0 1000 1459769694
Result 0 -1.0 932 -1316057313
Result 0 0.0 1000 478908176
Result 0 0.0 1000 1721250061
Result 0 0.0 1000 -1930589551
Result 0 0.0 1000 840364769
Result 0 0.0 1000 -1416513633
Result 0 0.0 1000 -1484168028
Result 0 0.0 1000 1179362883
Result 0 0.0 1000 -979026742
Result 0 0.0 1000 -1585750642
Result 0 0.0 1000 481199420
Result 0 0.0 1000 907315235
Result 0 0.0 1000 941704746
Result 0 0.0 1000 -1910641802
Result 0 0.0 1000 -276118079
Result 0 0.0 1000 -471994533
Result 0 0.0 1000 -154701568
Result 0 -1.0 1000 404357759
Result 0 0.0 1000 -677687531
Result 0 0.0 1000 69683804
Result 0 0.0 1000 -454335815
Result 0 0.0 1000 1942441857
Result 0 0.0 1000 959812876
Result 0 0.0 1000 -13636472
Result 0 0.0 1000 532433516
Result 0 0.0 1000 -1362667614
Result 1 1.0 356 1907116881
Result 1 1.0 660 311566483
Result 0 0.0 1000 -1005620168
Result 0 0.0 1000 1497286704
Result 0 0.0 1000 -941086634
Result 0 0.0 1000 -561540101
Result 0 0.0 1000 -1977972669
Result 0 0.0 1000 897301280
Result 0 0.0 1000 550296428
Result 0 0.0 1000 512228495
Result 0 0.0 1000 -1615610229
Result 0 0.0 1000 672854049
Result 0 0.0 1000 -313731349
Result 0 0.0 1000 456371127
Result 0 0.0 1000 886673898
Result 0 0.0 1000 -47803525
Result 0 0.0 1000 1579212852
Result 0 0.0 1000 1233761995
Result 1 1.0 795 -997889186
Result 0 0.0 1000 -1556628596
Result 0 0.0 1000 368274948
Result 0 0.0 1000 -1707156382
Result 0 0.0 1000 -2111711127
Result 0 0.0 1000 121885412
Result 0 0.0 1000 1337344843
Result 0 0.0 1000 1363147580
Result 0 0.0 1000 -1964775856
Result 0 0.0 1000 1745862853
