Result 1 1.0 122 2061336535
Result 1 1.0 85 -1790769959
Result 1 1.0 24 -1527574762
Result 1 1.0 226 -1475368662
Result 1 1.0 41 598889840
Result 1 1.0 44 1721733658
Result 1 1.0 33 -1358090778
Result 1 1.0 178 1657111508
Result 1 1.0 53 -852148981
Result 1 1.0 652 2113458302
Result 0 0.0 1500 -1364105765
Result 1 1.0 33 1851746781
Result 1 1.0 67 788421209
Result 1 1.0 37 -226820030
Result 1 1.0 40 296040428
Result 1 1.0 155 2002392929
Result 1 1.0 66 555926101
Result 1 1.0 56 -1193469161
Result 1 1.0 19 666846508
Result 1 1.0 56 1172304411
Result 0 0.0 1500 1210967835
Result 1 1.0 210 1213190879
Result 1 1.0 1072 1196213045
Result 1 1.0 290 -1474311388
Result 1 1.0 1116 -965135641
Result 1 1.0 993 -2030717349
Result 1 1.0 981 737856479
Result 1 1.0 390 896376953
Result 1 1.0 370 -2101081820
Result 1 1.0 366 -248004390
Result 1 1.0 1433 1472526049
Result 0 0.0 1500 -811819041
Result 1 1.0 535 -1685402780
Result 1 1.0 153 1968148022
Result 0 0.0 1500 1923398668
Result 1 1.0 206 1043083932
Result 1 1.0 243 -1866918255
Result 1 1.0 350 2088490338
Result 1 1.0 799 1221368494
Result 1 1.0 1473 -351299949
Result 1 1.0 674 729353990
Result 1 1.0 232 -210684496
Result 1 1.0 164 1765105365
Result 1 1.0 374 -79083494
Result 1 1.0 701 520308451
Result 1 1.0 1032 -10687741
Result 0 0.0 1500 1194574377
Result 1 1.0 925 -1135790986
Result 0 0.0 1500 853246522
Result 0 0.0 1500 -1624904806
Result 0 0.0 1500 1168291717
Result 1 1.0 419 -79799929
Result 1 1.0 1314 -2088752247
Result 1 1.0 828 -1764519796
Result 1 1.0 604 32079882
Result 0 0.0 1500 1761202012
Result 1 1.0 183 -1315576382
Result 1 1.0 251 -1722505487
Result 1 1.0 726 133783011
Result 0 0.0 1500 1776458356
Result 1 1.0 905 -478245867
Result 0 0.0 1500 1434811861
Result 1 1.0 1131 -1569383613
Result 0 0.0 1500 75142379
Result 0 0.0 1500 -433370776
Result 0 0.0 1500 1891650084
Result 0 0.0 1500 1097808917
Result 1 1.0 831 1616468183
Result 0 0.0 1500 1796861352
Result 0 0.0 1500 820744159
Result 0 0.0 1500 -2130190559
Result 0 0.0 1500 -1900552017
Result 0 0.0 1500 -1184620092
Result 0 0.0 1500 1866056865
Result 1 1.0 865 2103628099
Result 1 1.0 1084 973381302
Result 0 0.0 1500 -874149888
Result 0 0.0 1500 -1181142858
Result 0 0.0 1500 -729386645
Result 1 1.0 361 910064341
Result 0 0.0 1500 -949376940
Result 1 1.0 86 1073437585
Result 0 0.0 1500 -469387743
Result 0 0.0 1500 481940590
Result 0 0.0 1500 1573941255
Result 1 1.0 92 1205562722
Result 0 0.0 1500 1766264707
Result 0 0.0 1500 917783684
Result 1 1.0 74 980739754
Result 0 0.0 1500 1344474424
Result 0 0.0 1500 269666938
Result 0 0.0 1500 1462115876
Result 0 0.0 1500 1416878924
Result 1 1.0 545 -605828127
Result 1 1.0 308 -1186296988
Result 0 0.0 1500 -890228737
Result 1 1.0 180 1540276989
Result 1 1.0 101 408541632
Result 0 0.0 1500 -147096455
Result 0 0.0 1500 151036730
