Evo 1.00 0.00 1.00 0.89 1.00 1.00 1.00 0.31 0.01 0.15 0.26 0.55 -1 210
Result 0 0.0 1980 0.51 0.02 0.30 0.48 0.06 0.13 -1 -1 -1 -1 -1
Evo 1.02 0.00 1.00 0.99 1.00 1.00 1.00 0.10 0.00 0.07 0.16 0.56 -1 411
Result 0 0.0 2000 0.49 0.02 0.43 0.52 0.03 0.01 -1 -1 -1 -1 -1
Evo 1.01 0.00 1.00 0.99 1.00 1.00 1.00 0.10 0.00 0.07 0.28 0.54 -1 398
Result 0 0.0 2000 0.15 0.73 0.17 0.03 0.01 0.07 -1 -1 -1 -1 -1
Evo 1.02 0.00 1.00 0.99 1.00 1.00 1.00 0.10 0.00 0.07 0.23 0.53 -1 405
Result 0 0.0 2000 0.53 0.19 0.39 0.36 0.01 0.06 -1 -1 -1 -1 -1
Evo 1.00 0.00 1.00 0.99 1.00 1.00 1.00 0.10 0.00 0.07 0.21 0.56 -1 248
Result 0 0.0 2000 0.53 0.10 0.03 0.34 0.01 0.51 -1 -1 -1 -1 -1
Evo 1.02 0.00 1.00 1.00 1.00 1.00 1.00 0.03 0.00 0.01 0.31 0.54 -1 438
Result 0 0.0 1830 0.50 0.12 0.20 0.25 0.36 0.08 -1 -1 -1 -1 -1
Evo 1.00 0.00 1.00 0.99 1.00 1.00 1.00 0.10 0.00 0.07 0.24 0.56 -1 218
Result 0 0.0 2000 0.47 0.14 0.08 0.21 0.00 0.57 -1 -1 -1 -1 -1
Evo 1.00 0.00 1.00 0.99 1.00 1.00 1.00 0.10 0.00 0.07 0.20 0.54 -1 431
Result 0 0.0 2000 0.17 0.01 0.91 0.04 0.02 0.02 -1 -1 -1 -1 -1
Evo 1.00 0.00 1.00 0.99 1.00 1.00 1.00 0.10 0.00 0.07 0.27 0.56 -1 229
Result 0 0.0 2000 0.52 0.10 0.17 0.31 0.40 0.02 -1 -1 -1 -1 -1
Evo 1.00 0.00 1.00 0.99 1.00 1.00 1.00 0.10 0.00 0.07 0.15 0.53 -1 272
Result 0 0.0 2000 0.28 0.04 0.25 0.07 0.00 0.64 -1 -1 -1 -1 -1
Evo 1.00 1.00 1.00 1.00 1.00 1.00 1.00 0.00 0.00 0.00 0.23 0.51 -1 565
Result 0 0.0 1908 0.47 0.05 0.47 0.21 0.00 0.27 -1 -1 -1 -1 -1
Evo 1.00 0.00 1.00 0.99 1.00 1.00 1.00 0.10 0.00 0.07 0.09 0.56 -1 113
Result 0 0.0 2000 0.50 0.37 0.12 0.49 0.02 0.00 -1 -1 -1 -1 -1
Evo 1.00 0.00 1.00 0.99 1.00 1.00 1.00 0.10 0.00 0.07 0.10 0.52 -1 325
Result 0 0.0 2000 0.52 0.46 0.06 0.46 0.00 0.03 -1 -1 -1 -1 -1
Evo 1.00 0.00 1.00 0.99 1.00 1.00 1.00 0.10 0.00 0.07 0.11 0.50 -1 372
Result 0 0.0 2000 0.19 0.13 0.29 0.04 -1 0.54 -1 -1 -1 -1 -1
Evo 1.00 0.00 1.00 0.99 1.00 1.00 1.00 0.10 0.00 0.07 0.07 0.52 -1 478
Result 0 0.0 2000 0.52 0.07 0.46 0.46 0.01 -1 -1 -1 -1 -1 -1
Evo 1.00 0.00 1.00 0.99 1.00 1.00 1.00 0.10 0.00 0.07 0.10 0.56 -1 216
Result 0 0.0 2000 0.12 0.39 0.54 0.02 0.00 0.04 -1 -1 -1 -1 -1
Evo 1.01 0.00 1.00 0.99 1.00 1.00 1.00 0.10 0.00 0.07 0.25 0.54 -1 379
Result 0 0.0 2000 0.05 0.09 0.29 0.01 0.50 0.11 -1 -1 -1 -1 -1
Evo 1.00 0.00 1.00 0.99 1.00 1.00 1.00 0.10 0.00 0.07 0.07 0.53 -1 541
Result 0 0.0 2000 0.41 0.10 0.22 0.64 0.03 -1 -1 -1 -1 -1 -1
Evo 1.00 0.00 1.00 0.99 1.00 1.00 1.00 0.10 0.00 0.07 0.09 0.55 -1 282
Result 0 0.0 2000 0.27 0.18 0.01 0.79 -1 0.02 -1 -1 -1 -1 -1
Evo 1.00 0.00 1.00 0.99 1.00 1.00 1.00 0.10 0.00 0.07 0.21 0.51 -1 526
Result 0 0.0 2000 0.53 0.26 0.16 0.39 0.00 0.19 -1 -1 -1 -1 -1
