Evo 2.78 0.83 1.00 1.00 1.00 1.00 1.00 0.02 0.00 0.01 0.05 0.07 622 199
Result 1 71.0 630 0.51 0.27 -1 0.22 -1 0.23 0.28 -1 -1 -1 -1
Evo 3.21 0.50 1.00 0.51 0.50 0.50 0.50 0.06 0.00 0.08 0.09 0.09 582 307
Result 1 74.0 589 0.50 0.27 -1 0.23 -1 0.24 0.26 -1 -1 -1 -1
Evo 2.77 0.50 1.00 0.51 0.50 0.50 0.50 0.06 0.00 0.06 0.07 0.08 609 180
Result 1 62.0 617 0.51 0.24 -1 0.25 -1 0.25 0.27 -1 -1 -1 -1
Evo 2.56 0.50 1.00 0.51 0.50 0.50 0.50 0.06 0.00 0.03 0.06 0.08 615 580
Result 1 69.0 622 0.51 0.24 -1 0.24 -1 0.26 0.26 -1 -1 -1 -1
Evo 2.53 0.50 1.00 0.51 0.50 0.50 0.50 0.06 0.00 0.06 0.06 0.08 604 142
Result 1 69.0 612 0.51 0.24 -1 0.23 -1 0.25 0.28 -1 -1 -1 -1
Evo 2.92 0.50 1.00 0.51 0.50 0.50 0.50 0.06 0.00 0.03 0.06 0.07 485 249
Result 1 67.0 492 0.51 0.27 -1 0.25 -1 0.23 0.26 -1 -1 -1 -1
Evo 2.41 0.50 1.00 0.51 0.50 0.50 0.50 0.06 0.00 0.11 0.05 0.07 607 163
Result 1 71.0 615 0.52 0.24 -1 0.21 -1 0.27 0.28 -1 -1 -1 -1
Evo 2.85 0.50 1.00 0.51 0.50 0.50 0.50 0.07 0.00 0.06 0.06 0.08 457 225
Result 1 70.0 464 0.50 0.24 -1 0.24 -1 0.26 0.26 -1 -1 -1 -1
Evo 3.70 0.50 1.00 0.51 0.50 0.50 0.50 0.07 0.00 0.20 0.08 0.09 411 87
Result 1 73.0 418 0.52 0.25 -1 0.20 -1 0.26 0.30 -1 -1 -1 -1
Evo 2.75 0.50 1.00 0.51 0.50 0.50 0.50 0.06 0.00 0.04 0.05 0.07 613 167
Result 1 67.0 620 0.52 0.25 -1 0.21 -1 0.26 0.28 -1 -1 -1 -1
Evo 2.53 0.50 1.00 0.51 0.50 0.50 0.50 0.05 0.00 0.18 0.09 0.09 660 131
Result 1 76.0 667 0.51 0.24 -1 0.24 -1 0.25 0.27 -1 -1 -1 -1
Evo 2.79 0.50 1.00 0.51 0.50 0.50 0.50 0.06 0.00 0.02 0.08 0.09 594 329
Result 1 75.0 601 0.50 0.24 -1 0.25 -1 0.26 0.25 -1 -1 -1 -1
Evo 1.89 0.50 1.00 0.51 0.50 0.50 0.50 0.06 0.00 0.12 0.06 0.07 636 210
Result 1 67.0 644 0.50 0.26 -1 0.26 -1 0.23 0.25 -1 -1 -1 -1
Evo 2.58 0.50 1.00 0.51 0.50 0.50 0.50 0.06 0.00 0.05 0.06 0.08 502 212
Result 1 68.0 509 0.51 0.24 -1 0.29 -1 0.20 0.27 -1 -1 -1 -1
Evo 2.42 0.50 1.00 0.51 0.50 0.50 0.50 0.06 0.00 0.03 0.05 0.07 542 98
Result 1 63.0 549 0.51 0.22 -1 0.25 -1 0.25 0.28 -1 -1 -1 -1
Evo 1.61 0.50 1.00 0.51 0.50 0.50 0.50 0.06 0.00 0.03 0.06 0.07 567 98
Result 1 63.0 575 0.51 0.23 -1 0.27 -1 0.23 0.27 -1 -1 -1 -1
Evo 2.60 0.50 1.00 0.51 0.50 0.50 0.50 0.06 0.00 0.04 0.05 0.07 638 163
Result 1 70.0 645 0.52 0.25 -1 0.20 -1 0.25 0.30 -1 -1 -1 -1
Evo 1.97 0.50 1.00 0.51 0.50 0.50 0.50 0.06 0.00 0.04 0.05 0.07 530 345
Result 1 69.0 537 0.51 0.22 -1 0.22 -1 0.30 0.26 -1 -1 -1 -1
Evo 2.92 0.50 1.00 0.51 0.50 0.50 0.50 0.06 0.00 0.31 0.06 0.08 636 154
Result 1 71.0 643 0.50 0.26 -1 0.22 -1 0.27 0.25 -1 -1 -1 -1
Evo 6.05 0.00 0.50 0.49 0.50 0.50 0.50 0.06 0.00 0.13 0.05 0.06 -1 202
Result 0 30.0 209 0.52 0.19 -1 0.20 -1 0.29 0.31 -1 -1 -1 -1
Evo 2.54 0.50 1.00 0.51 0.50 0.50 0.50 0.06 0.00 0.03 0.06 0.08 501 230
Result 1 68.0 693 0.52 0.22 -1 0.22 -1 0.27 0.29 -1 -1 -1 -1
Evo 2.47 0.00 1.00 0.51 0.50 0.50 0.50 0.08 0.00 0.13 0.06 0.07 506 122
Result 1 71.0 515 0.52 0.24 -1 0.22 -1 0.24 0.30 -1 -1 -1 -1
Evo 3.14 0.50 1.00 0.51 0.50 0.50 0.50 0.06 0.00 0.06 0.06 0.07 516 177
Result 1 68.0 523 0.51 0.24 -1 0.23 -1 0.25 0.27 -1 -1 -1 -1
Evo 2.15 0.50 1.00 0.51 0.50 0.50 0.50 0.07 0.00 0.07 0.05 0.08 538 123
Result 1 70.0 549 0.52 0.24 -1 0.22 -1 0.23 0.31 -1 -1 -1 -1
Evo 2.76 0.50 1.00 0.51 0.50 0.50 0.50 0.06 0.00 0.21 0.09 0.09 533 251
Result 1 78.0 540 0.51 0.22 -1 0.26 -1 0.26 0.27 -1 -1 -1 -1
Evo 3.01 0.50 1.00 0.51 0.50 0.50 0.50 0.07 0.00 0.09 0.05 0.07 403 117
Result 1 69.0 410 0.52 0.24 -1 0.23 -1 0.23 0.30 -1 -1 -1 -1
Evo 3.10 0.50 1.00 0.51 0.50 0.50 0.50 0.06 0.00 0.04 0.05 0.07 667 162
Result 1 68.0 677 0.51 0.27 -1 0.22 -1 0.23 0.28 -1 -1 -1 -1
Evo 3.32 0.50 1.00 0.51 0.50 0.50 0.50 0.07 0.00 0.07 0.05 0.07 439 78
Result 1 71.0 447 0.53 0.23 -1 0.22 -1 0.23 0.32 -1 -1 -1 -1
Evo 3.76 0.50 1.00 0.51 0.50 0.50 0.50 0.06 0.00 0.03 0.09 0.09 552 117
Result 1 71.0 560 0.50 0.25 -1 0.26 -1 0.23 0.25 -1 -1 -1 -1
Evo 3.15 0.00 0.50 0.50 0.50 0.50 0.50 0.04 0.00 0.19 0.05 0.07 -1 163
Result 0 52.0 324 0.52 0.21 -1 0.21 -1 0.28 0.30 -1 -1 -1 -1
Evo 3.19 0.50 1.00 0.51 0.50 0.50 0.50 0.07 0.00 0.06 0.06 0.07 518 78
Result 1 69.0 527 0.51 0.26 -1 0.24 -1 0.22 0.27 -1 -1 -1 -1
Evo 2.40 0.50 1.00 0.51 0.50 0.50 0.50 0.06 0.00 0.03 0.05 0.07 574 78
Result 1 71.0 582 0.51 0.25 -1 0.23 -1 0.24 0.28 -1 -1 -1 -1
Evo 2.23 0.50 1.00 0.51 0.50 0.50 0.50 0.06 0.00 0.04 0.06 0.07 517 204
Result 1 68.0 524 0.52 0.23 -1 0.23 -1 0.26 0.29 -1 -1 -1 -1
Evo 2.29 0.50 1.00 0.51 0.50 0.50 0.50 0.06 0.00 0.02 0.06 0.07 587 236
Result 1 65.0 594 0.52 0.29 -1 0.23 -1 0.20 0.29 -1 -1 -1 -1
Evo 1.92 0.50 1.00 0.51 0.50 0.50 0.50 0.06 0.00 0.04 0.06 0.07 588 87
Result 1 64.0 596 0.51 0.25 -1 0.25 -1 0.23 0.27 -1 -1 -1 -1
Evo 2.94 0.50 1.00 0.51 0.50 0.50 0.50 0.06 0.00 0.02 0.05 0.07 520 78
Result 1 69.0 528 0.51 0.24 -1 0.22 -1 0.26 0.28 -1 -1 -1 -1
Evo 2.93 0.50 1.00 0.51 0.50 0.50 0.50 0.07 0.00 0.06 0.08 0.09 514 78
Result 1 71.0 522 0.51 0.24 -1 0.24 -1 0.24 0.28 -1 -1 -1 -1
Evo 2.89 0.50 1.00 0.51 0.50 0.50 0.50 0.07 0.00 0.07 0.06 0.07 438 123
Result 1 64.0 447 0.52 0.25 -1 0.24 -1 0.21 0.30 -1 -1 -1 -1
Evo 3.00 0.50 1.00 0.51 0.50 0.50 0.50 0.07 0.00 0.23 0.09 0.09 430 78
Result 1 71.0 437 0.52 0.24 -1 0.25 -1 0.21 0.31 -1 -1 -1 -1
Evo 2.43 0.50 1.00 0.51 0.50 0.50 0.50 0.06 0.00 0.12 0.06 0.07 645 125
Result 1 61.0 652 0.52 0.20 -1 0.27 -1 0.22 0.30 -1 -1 -1 -1
Evo 1.81 0.50 1.00 0.51 0.50 0.50 0.50 0.05 0.00 0.05 0.06 0.08 725 242
Result 1 66.0 732 0.51 0.24 -1 0.26 -1 0.23 0.28 -1 -1 -1 -1
Evo 2.10 0.50 1.00 0.51 0.50 0.50 0.50 0.06 0.00 0.11 0.06 0.07 605 184
Result 1 68.0 612 0.51 0.23 -1 0.24 -1 0.27 0.27 -1 -1 -1 -1
Evo 2.01 0.50 1.00 0.51 0.50 0.50 0.50 0.06 0.00 0.12 0.05 0.06 492 289
Result 1 61.0 499 0.51 0.21 -1 0.30 -1 0.21 0.27 -1 -1 -1 -1
Evo 3.30 0.50 1.00 0.51 0.50 0.50 0.50 0.06 0.00 0.12 0.08 0.09 476 141
Result 1 75.0 483 0.51 0.28 -1 0.23 -1 0.23 0.27 -1 -1 -1 -1
Evo 2.91 0.50 1.00 0.51 0.50 0.50 0.50 0.06 0.00 0.06 0.09 0.09 597 167
Result 1 71.0 606 0.51 0.26 -1 0.24 -1 0.23 0.28 -1 -1 -1 -1
Evo 2.85 0.50 1.00 0.51 0.50 0.50 0.50 0.06 0.00 0.05 0.09 0.09 543 156
Result 1 73.0 550 0.51 0.22 -1 0.25 -1 0.26 0.26 -1 -1 -1 -1
Evo 2.22 0.50 1.00 0.51 0.50 0.50 0.50 0.06 0.00 0.09 0.09 0.09 560 484
Result 1 71.0 567 0.51 0.28 -1 0.23 -1 0.22 0.27 -1 -1 -1 -1
Evo 2.58 0.50 1.00 0.51 0.50 0.50 0.50 0.06 0.00 0.12 0.06 0.07 607 171
Result 1 65.0 615 0.49 0.27 -1 0.22 -1 0.27 0.23 -1 -1 -1 -1
Evo 2.74 0.50 1.00 0.51 0.50 0.50 0.50 0.06 0.00 0.09 0.09 0.09 626 130
Result 1 76.0 634 0.52 0.24 -1 0.23 -1 0.25 0.29 -1 -1 -1 -1
Evo 2.21 0.50 1.00 0.51 0.50 0.50 0.50 0.06 0.00 0.27 0.06 0.07 478 256
Result 1 65.0 485 0.50 0.22 -1 0.28 -1 0.26 0.24 -1 -1 -1 -1
Evo 2.72 0.50 1.00 0.51 0.50 0.50 0.50 0.06 0.00 0.04 0.06 0.07 632 118
Result 1 67.0 640 0.51 0.25 -1 0.22 -1 0.26 0.27 -1 -1 -1 -1
Evo 2.72 0.50 1.00 0.51 0.50 0.50 0.50 0.05 0.00 0.16 0.08 0.09 594 175
Result 1 75.0 600 0.51 0.27 -1 0.23 -1 0.24 0.26 -1 -1 -1 -1
Evo 2.77 0.50 1.00 0.51 0.50 0.50 0.50 0.06 0.00 0.25 0.06 0.08 626 346
Result 1 69.0 633 0.51 0.23 -1 0.23 -1 0.26 0.28 -1 -1 -1 -1
Evo 2.34 0.50 1.00 0.51 0.50 0.50 0.50 0.06 0.00 0.12 0.06 0.07 717 111
Result 1 67.0 726 0.51 0.24 -1 0.25 -1 0.24 0.27 -1 -1 -1 -1
Evo 2.99 0.00 0.50 0.50 0.50 0.50 0.50 0.02 0.00 0.12 0.09 0.09 -1 303
Result 0 61.0 448 0.51 0.25 -1 0.23 -1 0.24 0.28 -1 -1 -1 -1
Evo 3.40 0.50 1.00 0.51 0.50 0.50 0.50 0.06 0.00 0.20 0.07 0.09 600 98
Result 1 66.0 607 0.51 0.24 -1 0.24 -1 0.25 0.28 -1 -1 -1 -1
Evo 3.73 0.50 1.00 0.51 0.50 0.50 0.50 0.06 0.00 0.10 0.08 0.09 512 210
Result 1 72.0 519 0.51 0.25 -1 0.26 -1 0.22 0.27 -1 -1 -1 -1
Evo 3.28 0.50 1.00 0.51 0.50 0.50 0.50 0.06 0.00 0.08 0.09 0.09 538 98
Result 1 76.0 546 0.51 0.24 -1 0.24 -1 0.24 0.27 -1 -1 -1 -1
Evo 2.48 0.50 1.00 0.51 0.50 0.50 0.50 0.06 0.00 0.06 0.07 0.08 596 252
Result 1 68.0 603 0.50 0.27 -1 0.23 -1 0.24 0.26 -1 -1 -1 -1
Evo 2.67 0.00 1.00 0.51 0.50 0.50 0.50 0.07 0.00 0.17 0.07 0.08 630 98
Result 1 66.0 639 0.50 0.27 -1 0.24 -1 0.24 0.25 -1 -1 -1 -1
Evo 1.07 0.50 1.00 0.51 0.50 0.50 0.50 0.06 0.00 0.11 0.04 0.06 517 125
Result 1 40.0 524 0.51 0.26 -1 0.24 -1 0.23 0.26 -1 -1 -1 -1
Evo 1.18 0.50 1.00 0.51 0.50 0.50 0.50 0.07 0.00 0.14 0.07 0.08 436 120
Result 1 40.0 443 0.51 0.23 -1 0.25 -1 0.24 0.27 -1 -1 -1 -1
Evo 1.18 0.50 1.00 0.51 0.50 0.50 0.50 0.06 0.00 0.13 0.08 0.09 588 118
Result 1 40.0 597 0.50 0.26 -1 0.25 -1 0.25 0.24 -1 -1 -1 -1
Evo 1.25 0.50 1.00 0.51 0.50 0.50 0.50 0.06 0.00 0.17 0.05 0.06 531 117
Result 1 40.0 538 0.50 0.25 -1 0.24 -1 0.26 0.25 -1 -1 -1 -1
Evo 1.45 0.50 1.00 0.51 0.50 0.50 0.50 0.06 0.00 0.17 0.03 0.05 478 118
Result 1 40.0 485 0.51 0.20 -1 0.24 -1 0.28 0.27 -1 -1 -1 -1
Evo 1.23 0.50 1.00 0.51 0.50 0.50 0.50 0.06 0.00 0.03 0.04 0.05 464 117
Result 1 40.0 471 0.51 0.26 -1 0.24 -1 0.23 0.28 -1 -1 -1 -1
Evo 1.01 0.00 0.50 0.50 0.50 0.50 0.50 0.04 0.00 0.37 0.03 0.05 -1 121
Result 0 7.0 198 0.45 0.30 -1 0.24 -1 0.28 0.18 -1 -1 -1 -1
Evo 1.24 0.50 1.00 0.51 0.50 0.50 0.50 0.06 0.00 0.13 0.09 0.09 652 117
Result 1 40.0 662 0.50 0.27 -1 0.25 -1 0.23 0.25 -1 -1 -1 -1
Evo 1.18 0.50 1.00 0.51 0.50 0.50 0.50 0.06 0.00 0.14 0.08 0.09 479 117
Result 1 40.0 486 0.52 0.22 -1 0.26 -1 0.23 0.29 -1 -1 -1 -1
Evo 1.38 0.50 1.00 0.51 0.50 0.50 0.50 0.06 0.00 0.15 0.09 0.09 482 117
Result 1 40.0 489 0.52 0.24 -1 0.26 -1 0.21 0.29 -1 -1 -1 -1
Evo 1.24 0.50 1.00 0.51 0.50 0.50 0.50 0.07 0.00 0.26 0.08 0.09 436 78
Result 1 40.0 443 0.50 0.26 -1 0.27 -1 0.22 0.25 -1 -1 -1 -1
Evo 1.72 0.50 1.00 0.51 0.50 0.50 0.50 0.07 0.00 0.03 0.08 0.09 449 117
Result 1 40.0 456 0.51 0.22 -1 0.28 -1 0.24 0.26 -1 -1 -1 -1
Evo 1.24 0.50 1.00 0.51 0.50 0.50 0.50 0.07 0.00 0.19 0.08 0.09 416 200
Result 1 40.0 423 0.51 0.24 -1 0.26 -1 0.23 0.27 -1 -1 -1 -1
Evo 1.37 0.50 1.00 0.51 0.50 0.50 0.50 0.07 0.00 0.15 0.08 0.09 457 117
Result 1 40.0 464 0.51 0.26 -1 0.26 -1 0.22 0.27 -1 -1 -1 -1
Evo 1.10 0.50 1.00 0.51 0.50 0.50 0.50 0.06 0.00 0.15 0.07 0.08 476 186
Result 1 40.0 483 0.51 0.23 -1 0.26 -1 0.24 0.27 -1 -1 -1 -1
Evo 1.68 0.50 1.00 0.51 0.50 0.50 0.50 0.07 0.00 0.21 0.09 0.09 505 117
Result 1 40.0 515 0.50 0.25 -1 0.27 -1 0.23 0.25 -1 -1 -1 -1
Evo 1.26 0.50 1.00 0.51 0.50 0.50 0.50 0.06 0.00 0.11 0.05 0.06 559 117
Result 1 40.0 566 0.50 0.25 -1 0.23 -1 0.27 0.25 -1 -1 -1 -1
Evo 1.11 0.50 1.00 0.51 0.50 0.50 0.50 0.06 0.00 0.22 0.03 0.05 536 117
Result 1 40.0 543 0.52 0.21 -1 0.24 -1 0.26 0.28 -1 -1 -1 -1
Evo 1.21 0.50 1.00 0.51 0.50 0.50 0.50 0.06 0.00 0.15 0.04 0.05 487 117
Result 1 40.0 494 0.49 0.28 -1 0.23 -1 0.26 0.23 -1 -1 -1 -1
Evo 1.19 0.50 1.00 0.51 0.50 0.50 0.50 0.06 0.00 0.03 0.05 0.06 510 78
Result 1 40.0 517 0.50 0.25 -1 0.26 -1 0.25 0.25 -1 -1 -1 -1
Evo 2.25 0.50 1.00 0.51 0.50 0.50 0.50 0.07 0.00 0.05 0.06 0.08 426 93
Result 1 54.0 433 0.50 0.26 -1 0.23 -1 0.25 0.26 -1 -1 -1 -1
Evo 2.69 0.50 1.00 0.51 0.50 0.50 0.50 0.05 0.00 0.06 0.06 0.08 584 78
Result 1 62.0 590 0.51 0.25 -1 0.23 -1 0.25 0.28 -1 -1 -1 -1
Evo 2.65 0.50 1.00 0.51 0.50 0.50 0.50 0.06 0.00 0.08 0.07 0.08 576 78
Result 1 62.0 584 0.52 0.21 -1 0.27 -1 0.23 0.29 -1 -1 -1 -1
Evo 2.96 0.50 1.00 0.51 0.50 0.50 0.50 0.06 0.00 0.05 0.08 0.09 571 121
Result 1 62.0 578 0.51 0.24 -1 0.23 -1 0.26 0.28 -1 -1 -1 -1
Evo 2.55 0.50 1.00 0.51 0.50 0.50 0.50 0.07 0.00 0.15 0.05 0.06 437 126
Result 1 57.0 444 0.52 0.21 -1 0.27 -1 0.24 0.28 -1 -1 -1 -1
Evo 2.26 0.50 1.00 0.51 0.50 0.50 0.50 0.06 0.00 0.04 0.09 0.09 536 231
Result 1 66.0 544 0.51 0.26 -1 0.21 -1 0.26 0.27 -1 -1 -1 -1
Evo 2.95 0.50 1.00 0.51 0.50 0.50 0.50 0.06 0.00 0.10 0.05 0.07 504 180
Result 1 56.0 511 0.50 0.21 -1 0.28 -1 0.26 0.25 -1 -1 -1 -1
Evo 4.22 0.50 1.00 0.51 0.50 0.50 0.50 0.07 0.00 0.19 0.09 0.09 412 158
Result 1 66.0 419 0.50 0.23 -1 0.25 -1 0.26 0.25 -1 -1 -1 -1
Evo 2.22 0.50 1.00 0.51 0.50 0.50 0.50 0.07 0.00 0.05 0.07 0.09 459 97
Result 1 60.0 468 0.50 0.25 -1 0.24 -1 0.26 0.25 -1 -1 -1 -1
Evo 2.81 0.50 1.00 0.51 0.50 0.50 0.50 0.08 0.00 0.19 0.09 0.09 549 93
Result 1 63.0 561 0.50 0.26 -1 0.21 -1 0.29 0.25 -1 -1 -1 -1
Evo 2.51 0.50 1.00 0.51 0.50 0.50 0.50 0.07 0.00 0.06 0.09 0.09 485 180
Result 1 64.0 493 0.52 0.25 -1 0.21 -1 0.25 0.29 -1 -1 -1 -1
Evo 2.48 0.50 1.00 0.51 0.50 0.50 0.50 0.07 0.00 0.23 0.09 0.09 467 188
Result 1 61.0 475 0.51 0.26 -1 0.20 -1 0.27 0.27 -1 -1 -1 -1
Evo 2.00 0.50 1.00 0.51 0.50 0.50 0.50 0.07 0.00 0.05 0.06 0.07 474 262
Result 1 58.0 482 0.51 0.25 -1 0.23 -1 0.26 0.26 -1 -1 -1 -1
Evo 2.66 0.50 1.00 0.51 0.50 0.50 0.50 0.07 0.00 0.07 0.08 0.09 434 168
Result 1 64.0 441 0.51 0.29 -1 0.21 -1 0.23 0.27 -1 -1 -1 -1
Evo 1.76 0.50 1.00 0.51 0.50 0.50 0.50 0.06 0.00 0.09 0.06 0.07 626 246
Result 1 57.0 635 0.50 0.25 -1 0.26 -1 0.25 0.24 -1 -1 -1 -1
Evo 2.56 0.50 1.00 0.51 0.50 0.50 0.50 0.06 0.00 0.05 0.05 0.06 645 204
Result 1 56.0 654 0.52 0.23 -1 0.26 -1 0.23 0.29 -1 -1 -1 -1
Evo 2.93 0.50 1.00 0.51 0.50 0.50 0.50 0.07 0.00 0.06 0.09 0.09 458 93
Result 1 66.0 465 0.51 0.23 -1 0.22 -1 0.27 0.28 -1 -1 -1 -1
Evo 2.52 0.50 1.00 0.51 0.50 0.50 0.50 0.06 0.00 0.23 0.09 0.09 535 94
Result 1 65.0 542 0.52 0.25 -1 0.21 -1 0.25 0.29 -1 -1 -1 -1
Evo 2.93 0.50 1.00 0.51 0.50 0.50 0.50 0.06 0.00 0.03 0.09 0.09 562 193
Result 1 65.0 570 0.52 0.25 -1 0.20 -1 0.27 0.29 -1 -1 -1 -1
Evo 2.62 0.50 1.00 0.51 0.50 0.50 0.50 0.06 0.00 0.05 0.09 0.09 586 93
Result 1 64.0 593 0.50 0.27 -1 0.23 -1 0.26 0.24 -1 -1 -1 -1
