Evo 1.01 0.00 1.00 0.02 0.00 0.00 0.00 0.15 0.01 0.13 0.30 5.08 -1 116
Result 0 0.0 126 0.41 0.24 0.22 0.16 0.11 0.12 0.15 -1 -1 -1 -1
Evo 1.31 0.00 1.00 0.94 1.00 1.00 1.00 0.24 0.03 0.25 0.14 2.30 -1 55
Result 0 0.0 65 0.47 0.14 0.20 0.27 0.05 0.14 0.21 -1 -1 -1 -1
Evo 1.47 0.00 1.00 0.99 1.00 1.00 1.00 0.12 0.01 0.09 0.93 10.00 -1 247
Result 0 0.0 410 0.44 0.19 0.19 0.15 0.16 0.14 0.18 -1 -1 -1 -1
Evo 2.62 0.00 1.00 0.96 1.00 1.00 1.00 0.20 0.02 0.18 0.33 6.68 -1 94
Result 0 0.0 150 0.39 0.17 0.20 0.11 0.17 0.22 0.13 -1 -1 -1 -1
Evo 1.11 0.00 1.00 0.95 1.00 1.00 1.00 0.23 0.03 0.23 0.15 3.56 -1 62
Result 0 0.0 72 0.39 0.16 0.22 0.14 0.12 0.19 0.16 -1 -1 -1 -1
Evo 1.02 0.00 1.00 0.99 1.00 1.00 1.00 0.08 0.00 0.05 0.59 10.91 -1 235
Result 0 0.0 282 0.43 0.16 0.17 0.17 0.15 0.17 0.18 -1 -1 -1 -1
Evo 1.61 0.00 1.00 0.95 1.00 1.00 1.00 0.22 0.02 0.22 0.21 4.01 -1 75
Result 0 0.0 98 0.38 0.13 0.21 0.13 0.26 0.11 0.15 -1 -1 -1 -1
Evo 4.37 0.00 1.00 0.97 1.00 1.00 1.00 0.17 0.01 0.15 0.39 4.65 -1 74
Result 0 0.0 175 0.41 0.18 0.22 0.16 0.18 0.10 0.15 -1 -1 -1 -1
Evo 2.82 0.00 1.00 0.99 1.00 1.00 1.00 0.10 0.00 0.06 0.91 11.30 -1 121
Result 0 0.0 415 0.42 0.17 0.20 0.14 0.17 0.16 0.16 -1 -1 -1 -1
Evo 1.54 0.00 1.00 0.98 1.00 1.00 1.00 0.14 0.01 0.11 0.85 9.07 -1 308
Result 0 0.0 421 0.45 0.15 0.15 0.18 0.17 0.17 0.18 -1 -1 -1 -1
Evo 3.38 0.00 1.00 1.00 1.00 1.00 1.00 0.07 0.00 0.03 1.06 13.23 -1 347
Result 0 0.0 458 0.39 0.19 0.18 0.15 0.17 0.18 0.14 -1 -1 -1 -1
Evo 1.81 0.00 1.00 0.98 1.00 1.00 1.00 0.15 0.01 0.13 0.58 6.88 -1 134
Result 0 0.0 247 0.45 0.15 0.16 0.19 0.18 0.14 0.19 -1 -1 -1 -1
Evo 1.55 0.00 1.00 0.99 1.00 1.00 1.00 0.09 0.01 0.06 0.54 7.37 -1 171
Result 0 0.0 245 0.38 0.15 0.16 0.13 0.18 0.17 0.22 -1 -1 -1 -1
Evo 2.20 0.00 1.00 0.97 1.00 1.00 1.00 0.17 0.01 0.15 0.39 5.82 -1 61
Result 0 0.0 172 0.42 0.18 0.20 0.18 0.13 0.16 0.16 -1 -1 -1 -1
Evo 1.07 0.00 1.00 0.97 1.00 1.00 1.00 0.18 0.01 0.16 0.39 6.69 -1 114
Result 0 0.0 157 0.45 0.18 0.13 0.18 0.18 0.17 0.16 -1 -1 -1 -1
Evo 1.16 0.00 1.00 1.00 1.00 1.00 1.00 0.05 0.00 0.02 0.76 10.97 -1 265
Result 0 0.0 356 0.44 0.15 0.17 0.17 0.17 0.17 0.17 -1 -1 -1 -1
Evo 2.58 0.00 1.00 0.97 1.00 1.00 1.00 0.18 0.01 0.17 0.46 9.00 -1 65
Result 0 0.0 204 0.48 0.17 0.16 0.15 0.15 0.14 0.22 -1 -1 -1 -1
Evo 2.95 0.00 1.00 0.98 1.00 1.00 1.00 0.12 0.01 0.09 0.58 7.70 -1 183
Result 0 0.0 264 0.41 0.17 0.18 0.15 0.16 0.15 0.18 -1 -1 -1 -1
Evo 1.01 0.00 1.00 0.97 1.00 1.00 1.00 0.16 0.02 0.14 0.25 3.67 -1 104
Result 0 0.0 111 0.38 0.22 0.10 0.18 0.21 0.16 0.13 -1 -1 -1 -1
Evo 1.19 0.00 1.00 0.98 1.00 1.00 1.00 0.14 0.01 0.11 0.60 8.92 -1 129
Result 0 0.0 247 0.39 0.20 0.17 0.13 0.19 0.16 0.15 -1 -1 -1 -1
Evo 1.78 0.00 1.00 0.93 1.00 1.00 1.00 0.25 0.02 0.26 0.27 4.96 -1 66
Result 0 0.0 103 0.44 0.17 0.13 0.17 0.20 0.16 0.15 -1 -1 -1 -1
Evo 1.14 0.00 1.00 0.93 1.00 1.00 1.00 0.26 0.03 0.28 0.12 2.99 -1 45
Result 0 0.0 66 0.43 0.22 0.10 0.16 0.15 0.12 0.24 -1 -1 -1 -1
Evo 1.49 0.00 1.00 0.98 1.00 1.00 1.00 0.12 0.01 0.09 0.62 10.57 -1 210
Result 0 0.0 263 0.43 0.14 0.17 0.19 0.14 0.18 0.17 -1 -1 -1 -1
Evo 1.02 0.00 1.00 0.90 1.00 1.00 1.00 0.30 0.04 0.33 0.12 2.43 -1 52
Result 0 0.0 61 0.40 0.11 0.11 0.24 0.26 0.13 0.15 -1 -1 -1 -1
Evo 5.49 0.00 1.00 0.96 1.00 1.00 1.00 0.20 0.02 0.19 0.28 4.64 -1 60
Result 0 0.0 117 0.36 0.22 0.19 0.17 0.18 0.13 0.12 -1 -1 -1 -1
Evo 1.09 0.00 1.00 0.99 1.00 1.00 1.00 0.10 0.01 0.07 0.46 8.53 -1 76
Result 0 0.0 202 0.46 0.13 0.18 0.20 0.15 0.14 0.20 -1 -1 -1 -1
Evo 1.44 0.00 1.00 0.97 1.00 1.00 1.00 0.17 0.01 0.15 0.44 7.72 -1 181
Result 0 0.0 203 0.47 0.16 0.17 0.21 0.14 0.16 0.17 -1 -1 -1 -1
Evo 1.43 0.00 1.00 0.95 1.00 1.00 1.00 0.22 0.02 0.22 0.23 3.81 -1 49
Result 0 0.0 99 0.35 0.16 0.12 0.27 0.19 0.15 0.11 -1 -1 -1 -1
Evo 1.85 0.00 1.00 0.98 1.00 1.00 1.00 0.15 0.01 0.13 0.35 6.60 -1 155
Result 0 0.0 164 0.43 0.15 0.21 0.17 0.14 0.17 0.16 -1 -1 -1 -1
Evo 1.06 0.00 1.00 0.99 1.00 1.00 1.00 0.10 0.01 0.07 0.44 6.75 -1 142
Result 0 0.0 191 0.43 0.15 0.17 0.17 0.18 0.18 0.16 -1 -1 -1 -1
Evo 1.10 0.00 1.00 0.97 1.00 1.00 1.00 0.16 0.01 0.13 0.38 8.54 -1 83
Result 0 0.0 157 0.38 0.19 0.11 0.13 0.18 0.17 0.22 -1 -1 -1 -1
Evo 2.52 0.00 1.00 0.98 1.00 1.00 1.00 0.15 0.01 0.12 0.91 15.30 -1 191
Result 0 0.0 414 0.41 0.16 0.16 0.15 0.17 0.17 0.20 -1 -1 -1 -1
Evo 1.08 0.00 1.00 0.98 1.00 1.00 1.00 0.14 0.01 0.12 0.56 8.76 -1 163
Result 0 0.0 238 0.45 0.18 0.18 0.16 0.15 0.15 0.18 -1 -1 -1 -1
Evo 1.66 0.00 1.00 0.98 1.00 1.00 1.00 0.14 0.01 0.11 0.93 13.09 -1 231
Result 0 0.0 410 0.44 0.14 0.18 0.17 0.16 0.19 0.17 -1 -1 -1 -1
Evo 3.72 0.00 1.00 0.94 1.00 1.00 1.00 0.23 0.02 0.23 0.18 3.14 -1 77
Result 0 0.0 89 0.42 0.19 0.14 0.13 0.23 0.14 0.16 -1 -1 -1 -1
Evo 1.11 0.00 1.00 0.98 1.00 1.00 1.00 0.14 0.01 0.11 0.79 13.65 -1 249
Result 0 0.0 315 0.47 0.17 0.15 0.21 0.13 0.17 0.16 -1 -1 -1 -1
Evo 1.66 0.00 1.00 0.96 1.00 1.00 1.00 0.20 0.02 0.19 0.28 4.96 -1 103
Result 0 0.0 123 0.40 0.19 0.15 0.17 0.17 0.19 0.15 -1 -1 -1 -1
Evo 2.50 0.00 1.00 0.98 1.00 1.00 1.00 0.15 0.01 0.13 0.42 6.48 -1 135
Result 0 0.0 167 0.41 0.12 0.22 0.18 0.15 0.18 0.15 -1 -1 -1 -1
Evo 2.11 0.00 1.00 0.97 1.00 1.00 1.00 0.16 0.01 0.14 0.52 9.28 -1 159
Result 0 0.0 232 0.41 0.18 0.19 0.15 0.15 0.18 0.15 -1 -1 -1 -1
Evo 1.20 0.00 1.00 0.96 1.00 1.00 1.00 0.20 0.02 0.20 0.27 5.25 -1 65
Result 0 0.0 114 0.34 0.19 0.21 0.11 0.22 0.17 0.10 -1 -1 -1 -1
Evo 1.03 0.00 1.00 0.97 1.00 1.00 1.00 0.16 0.01 0.14 0.35 6.92 -1 143
Result 0 0.0 153 0.44 0.15 0.14 0.21 0.18 0.16 0.18 -1 -1 -1 -1
Evo 1.18 0.00 1.00 0.94 1.00 1.00 1.00 0.23 0.02 0.23 0.41 7.03 -1 129
Result 0 0.0 179 0.45 0.18 0.17 0.19 0.16 0.14 0.16 -1 -1 -1 -1
Evo 1.02 0.00 1.00 0.97 1.00 1.00 1.00 0.17 0.01 0.15 0.31 5.62 -1 89
Result 0 0.0 132 0.46 0.13 0.17 0.15 0.14 0.22 0.20 -1 -1 -1 -1
Evo 1.14 0.00 1.00 0.99 1.00 1.00 1.00 0.08 0.01 0.05 0.48 6.14 -1 196
Result 0 0.0 278 0.48 0.16 0.18 0.22 0.16 0.14 0.14 -1 -1 -1 -1
Evo 1.04 0.00 1.00 0.93 1.00 1.00 1.00 0.26 0.03 0.28 0.14 2.80 -1 71
Result 0 0.0 81 0.33 0.17 0.32 0.12 0.12 0.17 0.10 -1 -1 -1 -1
Evo 1.02 0.00 1.00 0.96 1.00 1.00 1.00 0.19 0.02 0.18 0.31 5.06 -1 76
Result 0 0.0 130 0.45 0.21 0.15 0.18 0.13 0.17 0.16 -1 -1 -1 -1
Evo 2.08 0.00 1.00 0.94 1.00 1.00 1.00 0.24 0.02 0.25 0.29 4.95 -1 101
Result 0 0.0 130 0.36 0.18 0.15 0.24 0.13 0.18 0.11 -1 -1 -1 -1
Evo 1.01 0.00 1.00 0.93 1.00 1.00 1.00 0.25 0.03 0.26 0.14 2.84 -1 65
Result 0 0.0 74 0.42 0.19 0.07 0.16 0.19 0.17 0.23 -1 -1 -1 -1
Evo 1.12 0.00 1.00 0.98 1.00 1.00 1.00 0.13 0.01 0.10 0.56 9.37 -1 197
Result 0 0.0 249 0.42 0.23 0.16 0.16 0.16 0.13 0.16 -1 -1 -1 -1
Evo 1.68 0.00 1.00 0.96 1.00 1.00 1.00 0.20 0.02 0.19 0.28 5.47 -1 66
Result 0 0.0 117 0.46 0.19 0.14 0.19 0.14 0.20 0.14 -1 -1 -1 -1
Evo 1.13 0.00 1.00 0.99 1.00 1.00 1.00 0.08 0.00 0.05 0.64 8.00 -1 259
Result 0 0.0 287 0.41 0.19 0.15 0.16 0.19 0.16 0.15 -1 -1 -1 -1
Evo 4.63 0.00 1.00 0.95 1.00 1.00 1.00 0.22 0.02 0.22 0.30 5.57 -1 85
Result 0 0.0 139 0.49 0.19 0.15 0.16 0.13 0.14 0.23 -1 -1 -1 -1
Evo 1.06 0.00 1.00 0.96 1.00 1.00 1.00 0.19 0.02 0.17 0.26 6.13 -1 58
Result 0 0.0 111 0.36 0.21 0.17 0.12 0.13 0.25 0.13 -1 -1 -1 -1
Evo 1.64 0.00 1.00 0.96 1.00 1.00 1.00 0.19 0.01 0.18 0.42 9.44 -1 107
Result 0 0.0 179 0.46 0.14 0.15 0.19 0.14 0.21 0.16 -1 -1 -1 -1
Evo 4.08 0.00 1.00 0.96 1.00 1.00 1.00 0.20 0.02 0.19 0.16 2.77 -1 50
Result 0 0.0 74 0.41 0.19 0.15 0.15 0.20 0.19 0.13 -1 -1 -1 -1
Evo 1.44 0.00 1.00 0.97 1.00 1.00 1.00 0.18 0.01 0.17 0.41 7.66 -1 136
Result 0 0.0 172 0.47 0.21 0.17 0.13 0.14 0.13 0.21 -1 -1 -1 -1
Evo 2.83 0.00 1.00 0.94 1.00 1.00 1.00 0.24 0.02 0.24 0.33 5.83 -1 93
Result 0 0.0 134 0.42 0.19 0.17 0.16 0.26 0.13 0.10 -1 -1 -1 -1
Evo 10.12 0.00 1.00 0.96 1.00 1.00 1.00 0.19 0.02 0.17 0.29 4.99 -1 111
Result 0 0.0 140 0.46 0.12 0.16 0.19 0.18 0.15 0.20 -1 -1 -1 -1
Evo 1.97 0.00 1.00 0.98 1.00 1.00 1.00 0.13 0.01 0.10 0.84 9.31 -1 232
Result 0 0.0 385 0.44 0.14 0.18 0.14 0.20 0.17 0.17 -1 -1 -1 -1
Evo 1.08 0.00 1.00 0.96 1.00 1.00 1.00 0.19 0.02 0.18 0.38 7.26 -1 124
Result 0 0.0 152 0.46 0.19 0.12 0.19 0.15 0.15 0.20 -1 -1 -1 -1
Evo 2.84 0.00 1.00 0.95 1.00 1.00 1.00 0.21 0.02 0.20 0.32 6.62 -1 138
Result 0 0.0 152 0.39 0.16 0.16 0.16 0.19 0.18 0.14 -1 -1 -1 -1
Evo 1.75 0.00 1.00 0.97 1.00 1.00 1.00 0.16 0.01 0.14 0.46 7.12 -1 180
Result 0 0.0 261 0.47 0.21 0.12 0.21 0.14 0.19 0.13 -1 -1 -1 -1
Evo 4.09 0.00 1.00 0.99 1.00 1.00 1.00 0.12 0.01 0.09 0.27 5.33 -1 108
Result 0 0.0 140 0.43 0.18 0.15 0.16 0.18 0.16 0.16 -1 -1 -1 -1
Evo 1.17 0.00 1.00 0.99 1.00 1.00 1.00 0.12 0.01 0.09 0.47 7.33 -1 221
Result 0 0.0 269 0.39 0.18 0.17 0.19 0.18 0.15 0.14 -1 -1 -1 -1
Evo 2.81 0.00 1.00 0.97 1.00 1.00 1.00 0.16 0.01 0.14 0.65 10.31 -1 251
Result 0 0.0 348 0.40 0.16 0.16 0.17 0.19 0.17 0.14 -1 -1 -1 -1
Evo 1.53 0.00 1.00 0.98 1.00 1.00 1.00 0.14 0.01 0.11 0.50 8.31 -1 103
Result 0 0.0 266 0.37 0.23 0.15 0.16 0.18 0.15 0.12 -1 -1 -1 -1
Evo 4.95 0.00 1.00 1.00 1.00 1.00 1.00 0.06 0.00 0.03 0.63 11.41 -1 254
Result 0 0.0 323 0.41 0.19 0.15 0.15 0.17 0.18 0.15 -1 -1 -1 -1
Evo 1.62 0.00 1.00 0.98 1.00 1.00 1.00 0.15 0.01 0.13 0.59 9.53 -1 222
Result 0 0.0 299 0.42 0.17 0.16 0.16 0.16 0.17 0.19 -1 -1 -1 -1
Evo 1.06 0.00 1.00 0.98 1.00 1.00 1.00 0.14 0.01 0.11 0.47 8.95 -1 225
Result 0 0.0 264 0.43 0.15 0.15 0.18 0.19 0.16 0.17 -1 -1 -1 -1
Evo 1.01 0.00 1.00 0.98 1.00 1.00 1.00 0.13 0.01 0.10 0.55 9.64 -1 262
Result 0 0.0 297 0.41 0.18 0.19 0.17 0.21 0.10 0.15 -1 -1 -1 -1
Evo 1.01 0.00 1.00 0.96 1.00 1.00 1.00 0.20 0.02 0.19 0.28 6.36 -1 137
Result 0 0.0 147 0.43 0.11 0.18 0.16 0.18 0.14 0.22 -1 -1 -1 -1
Evo 1.33 0.00 1.00 0.97 1.00 1.00 1.00 0.17 0.01 0.14 0.33 5.74 -1 127
Result 0 0.0 177 0.45 0.21 0.16 0.19 0.11 0.17 0.17 -1 -1 -1 -1
Evo 2.10 0.00 1.00 0.98 1.00 1.00 1.00 0.13 0.01 0.10 0.62 10.00 -1 251
Result 0 0.0 334 0.43 0.15 0.16 0.18 0.18 0.16 0.16 -1 -1 -1 -1
Evo 1.98 0.00 1.00 0.97 1.00 1.00 1.00 0.16 0.01 0.14 0.52 9.21 -1 178
Result 0 0.0 263 0.47 0.17 0.13 0.20 0.16 0.14 0.19 -1 -1 -1 -1
Evo 1.36 0.00 1.00 0.99 1.00 1.00 1.00 0.11 0.01 0.08 0.57 7.65 -1 252
Result 0 0.0 300 0.42 0.15 0.12 0.16 0.20 0.17 0.20 -1 -1 -1 -1
Evo 4.96 0.00 1.00 0.96 1.00 1.00 1.00 0.21 0.02 0.20 0.32 5.57 -1 139
Result 0 0.0 159 0.41 0.13 0.16 0.21 0.23 0.13 0.15 -1 -1 -1 -1
Evo 1.76 0.00 1.00 0.98 1.00 1.00 1.00 0.15 0.01 0.13 0.45 8.33 -1 186
Result 0 0.0 254 0.42 0.19 0.16 0.16 0.16 0.15 0.18 -1 -1 -1 -1
Evo 1.38 0.00 1.00 0.98 1.00 1.00 1.00 0.15 0.01 0.12 0.65 8.98 -1 256
Result 0 0.0 371 0.41 0.17 0.17 0.18 0.18 0.16 0.15 -1 -1 -1 -1
Evo 1.88 0.00 1.00 0.97 1.00 1.00 1.00 0.17 0.01 0.15 0.53 8.52 -1 227
Result 0 0.0 268 0.43 0.18 0.15 0.17 0.13 0.16 0.22 -1 -1 -1 -1
Evo 1.01 0.00 1.00 0.97 1.00 1.00 1.00 0.17 0.01 0.15 0.25 5.65 -1 133
Result 0 0.0 140 0.44 0.11 0.16 0.21 0.19 0.15 0.18 -1 -1 -1 -1
Evo 2.90 0.00 1.00 0.99 1.00 1.00 1.00 0.09 0.00 0.06 0.69 10.51 -1 294
Result 0 0.0 479 0.44 0.21 0.15 0.17 0.16 0.15 0.15 -1 -1 -1 -1
Evo 1.85 0.00 1.00 0.99 1.00 1.00 1.00 0.09 0.01 0.06 0.36 7.04 -1 227
Result 0 0.0 234 0.42 0.21 0.18 0.12 0.14 0.19 0.16 -1 -1 -1 -1
Evo 2.67 0.00 1.00 0.99 1.00 1.00 1.00 0.10 0.00 0.07 0.66 9.91 -1 278
Result 0 0.0 450 0.43 0.17 0.17 0.17 0.15 0.18 0.17 -1 -1 -1 -1
Evo 1.01 0.00 1.00 0.99 1.00 1.00 1.00 0.11 0.01 0.08 0.37 5.70 -1 240
Result 0 0.0 251 0.42 0.17 0.18 0.18 0.15 0.16 0.15 -1 -1 -1 -1
Evo 2.40 0.00 1.00 0.99 1.00 1.00 1.00 0.10 0.01 0.06 0.43 7.20 -1 211
Result 0 0.0 312 0.41 0.14 0.19 0.15 0.17 0.18 0.17 -1 -1 -1 -1
Evo 1.08 0.00 1.00 0.96 1.00 1.00 1.00 0.19 0.01 0.18 0.32 6.84 -1 195
Result 0 0.0 239 0.42 0.23 0.17 0.16 0.18 0.13 0.13 -1 -1 -1 -1
Evo 1.20 0.00 1.00 0.98 1.00 1.00 1.00 0.15 0.01 0.13 0.41 6.23 -1 173
Result 0 0.0 287 0.44 0.18 0.16 0.18 0.16 0.15 0.17 -1 -1 -1 -1
Evo 1.64 0.00 1.00 0.99 1.00 1.00 1.00 0.11 0.01 0.08 0.22 4.25 -1 107
Result 0 0.0 153 0.44 0.18 0.16 0.18 0.16 0.18 0.16 -1 -1 -1 -1
Evo 2.63 0.00 1.00 0.98 1.00 1.00 1.00 0.15 0.01 0.13 0.31 6.59 -1 152
Result 0 0.0 216 0.40 0.18 0.14 0.14 0.17 0.17 0.19 -1 -1 -1 -1
Evo 1.08 0.00 1.00 0.97 1.00 1.00 1.00 0.18 0.02 0.16 0.20 4.03 -1 114
Result 0 0.0 121 0.44 0.16 0.14 0.17 0.24 0.12 0.17 -1 -1 -1 -1
Evo 1.13 0.00 1.00 0.99 1.00 1.00 1.00 0.11 0.01 0.08 0.61 10.12 -1 349
Result 0 0.0 415 0.45 0.15 0.14 0.19 0.16 0.18 0.18 -1 -1 -1 -1
Evo 1.01 0.00 1.00 0.96 1.00 1.00 1.00 0.20 0.02 0.19 0.13 2.99 -1 88
Result 0 0.0 96 0.47 0.15 0.22 0.21 0.11 0.16 0.14 -1 -1 -1 -1
Evo 2.05 0.00 1.00 0.98 1.00 1.00 1.00 0.13 0.01 0.11 0.51 8.00 -1 268
Result 0 0.0 379 0.42 0.13 0.17 0.18 0.17 0.18 0.16 -1 -1 -1 -1
Evo 2.99 0.00 1.00 0.99 1.00 1.00 1.00 0.11 0.01 0.08 0.46 6.40 -1 111
Result 0 0.0 300 0.41 0.16 0.16 0.15 0.14 0.21 0.18 -1 -1 -1 -1
Evo 1.00 0.00 1.00 0.99 1.00 1.00 1.00 0.12 0.01 0.09 0.43 7.25 -1 255
Result 0 0.0 285 0.45 0.20 0.14 0.18 0.17 0.13 0.19 -1 -1 -1 -1
Evo 3.14 0.00 1.00 0.98 1.00 1.00 1.00 0.15 0.01 0.13 0.31 6.26 -1 188
Result 0 0.0 209 0.45 0.20 0.14 0.18 0.17 0.14 0.16 -1 -1 -1 -1
Evo 2.07 0.00 1.00 0.98 1.00 1.00 1.00 0.13 0.01 0.11 0.54 9.15 -1 262
Result 0 0.0 379 0.37 0.18 0.17 0.12 0.17 0.17 0.18 -1 -1 -1 -1
Evo 1.44 0.00 1.00 0.96 1.00 1.00 1.00 0.19 0.02 0.18 0.18 4.37 -1 95
Result 0 0.0 129 0.41 0.15 0.18 0.15 0.18 0.12 0.22 -1 -1 -1 -1
Evo 1.96 0.00 1.00 0.97 1.00 1.00 1.00 0.18 0.01 0.16 0.35 6.24 -1 111
Result 0 0.0 248 0.47 0.17 0.16 0.21 0.16 0.15 0.14 -1 -1 -1 -1
Evo 1.28 0.00 1.00 0.98 1.00 1.00 1.00 0.13 0.01 0.10 0.36 6.86 -1 249
Result 0 0.0 279 0.45 0.15 0.18 0.19 0.16 0.16 0.16 -1 -1 -1 -1
