Evo 1.01 0.00 1.00 0.25 0.00 0.00 0.00 0.43 0.01 0.50 0.31 0.47 -1 694
Result 0 0.0 919 0.46 0.19 0.19 0.20 0.21 0.21 -1 -1 -1 -1 -1
Evo 1.16 0.50 1.00 0.60 0.50 0.50 0.50 0.20 0.01 0.27 0.41 0.47 148 697
Result 1 5.0 786 0.47 0.18 0.19 0.20 0.20 0.22 -1 -1 -1 -1 -1
Evo 1.00 0.50 0.50 0.50 0.50 0.50 0.50 0.00 0.00 0.00 0.41 0.48 -1 431
Result 0 0.0 641 0.47 0.20 0.21 0.21 0.20 0.18 -1 -1 -1 -1 -1
Evo 1.00 0.50 0.50 0.50 0.50 0.50 0.50 0.00 0.00 0.00 0.36 0.47 -1 647
Result 0 0.0 735 0.48 0.20 0.18 0.22 0.21 0.20 -1 -1 -1 -1 -1
Evo 1.01 0.50 0.50 0.50 0.50 0.50 0.50 0.00 0.00 0.00 0.40 0.45 -1 483
Result 0 0.0 877 0.48 0.21 0.18 0.22 0.18 0.20 -1 -1 -1 -1 -1
Evo 1.00 0.50 0.50 0.50 0.50 0.50 0.50 0.00 0.00 0.00 0.37 0.47 -1 505
Result 0 0.0 795 0.46 0.21 0.18 0.20 0.19 0.22 -1 -1 -1 -1 -1
Evo 1.00 0.50 0.50 0.50 0.50 0.50 0.50 0.00 0.00 0.00 0.39 0.47 -1 439
Result 0 0.0 725 0.47 0.21 0.20 0.21 0.20 0.19 -1 -1 -1 -1 -1
Evo 1.01 0.50 0.50 0.50 0.50 0.50 0.50 0.00 0.00 0.00 0.34 0.47 -1 551
Result 0 0.0 685 0.46 0.17 0.24 0.19 0.18 0.22 -1 -1 -1 -1 -1
Evo 1.06 0.50 0.50 0.50 0.50 0.50 0.50 0.00 0.00 0.00 0.34 0.47 -1 493
Result 0 0.0 521 0.46 0.22 0.22 0.19 0.16 0.20 -1 -1 -1 -1 -1
Evo 1.04 0.50 0.50 0.50 0.50 0.50 0.50 0.00 0.00 0.00 0.44 0.48 -1 837
Result 0 0.0 1201 0.47 0.21 0.18 0.21 0.20 0.21 -1 -1 -1 -1 -1
Evo 1.01 0.50 0.50 0.50 0.50 0.50 0.50 0.00 0.00 0.00 0.39 0.47 -1 937
Result 0 0.0 1021 0.46 0.21 0.19 0.20 0.20 0.21 -1 -1 -1 -1 -1
Evo 1.20 0.50 0.50 0.50 0.50 0.50 0.50 0.00 0.00 0.00 0.42 0.49 -1 427
Result 0 0.0 829 0.46 0.19 0.22 0.20 0.19 0.20 -1 -1 -1 -1 -1
Evo 1.07 0.50 0.50 0.50 0.50 0.50 0.50 0.00 0.00 0.00 0.39 0.46 -1 347
Result 0 0.0 513 0.45 0.21 0.20 0.19 0.20 0.20 -1 -1 -1 -1 -1
Evo 1.02 0.50 0.50 0.50 0.50 0.50 0.50 0.00 0.00 0.00 0.36 0.46 -1 528
Result 0 0.0 741 0.47 0.19 0.18 0.20 0.21 0.22 -1 -1 -1 -1 -1
Evo 1.01 0.50 0.50 0.50 0.50 0.50 0.50 0.00 0.00 0.00 0.40 0.48 -1 935
Result 0 0.0 1397 0.45 0.19 0.22 0.19 0.19 0.21 -1 -1 -1 -1 -1
Evo 1.00 0.50 0.50 0.50 0.50 0.50 0.50 0.00 0.00 0.00 0.41 0.48 -1 1224
Result 0 0.0 1249 0.48 0.19 0.19 0.22 0.20 0.20 -1 -1 -1 -1 -1
Evo 1.00 0.50 0.50 0.50 0.50 0.50 0.50 0.00 0.00 0.00 0.40 0.48 -1 1121
Result 0 0.0 1553 0.47 0.20 0.18 0.20 0.20 0.21 -1 -1 -1 -1 -1
Evo 1.00 0.50 0.50 0.50 0.50 0.50 0.50 0.00 0.00 0.00 0.35 0.46 -1 362
Result 0 0.0 391 0.44 0.23 0.19 0.18 0.19 0.21 -1 -1 -1 -1 -1
Evo 1.00 0.50 0.50 0.50 0.50 0.50 0.50 0.00 0.00 0.00 0.40 0.47 -1 576
Result 0 0.0 751 0.46 0.22 0.20 0.19 0.18 0.21 -1 -1 -1 -1 -1
Evo 1.02 0.50 0.50 0.50 0.50 0.50 0.50 0.00 0.00 0.00 0.44 0.48 -1 643
Result 0 0.0 1247 0.47 0.18 0.22 0.21 0.19 0.20 -1 -1 -1 -1 -1
Evo 1.17 0.50 0.50 0.50 0.50 0.50 0.50 0.00 0.00 0.08 0.33 0.37 -1 810
Result 0 1.0 997 0.48 0.20 0.20 0.22 0.22 0.16 -1 -1 -1 -1 -1
Evo 1.10 0.50 0.50 0.50 0.50 0.50 0.50 0.00 0.00 0.26 0.32 0.37 -1 891
Result 0 2.0 927 0.47 0.19 0.22 0.20 0.20 0.20 -1 -1 -1 -1 -1
Evo 1.42 0.50 0.50 0.50 0.50 0.50 0.50 0.00 0.00 0.47 0.32 0.40 -1 674
Result 0 2.0 701 0.46 0.19 0.20 0.20 0.21 0.20 -1 -1 -1 -1 -1
Evo 1.07 0.50 0.50 0.50 0.50 0.50 0.50 0.00 0.00 0.02 0.36 0.43 -1 1175
Result 0 2.0 1963 0.48 0.18 0.20 0.21 0.21 0.19 -1 -1 -1 -1 -1
Evo 1.15 0.00 0.50 0.50 0.50 0.50 0.50 0.03 0.00 0.01 0.33 0.36 -1 1993
Result 0 1.0 2000 0.45 0.19 0.19 0.18 0.22 0.21 -1 -1 -1 -1 -1
Evo 1.17 0.50 0.50 0.50 0.50 0.50 0.50 0.00 0.00 0.01 0.33 0.44 -1 388
Result 0 2.0 1317 0.45 0.21 0.21 0.19 0.20 0.20 -1 -1 -1 -1 -1
Evo 1.01 0.00 0.50 0.50 0.50 0.50 0.50 0.03 0.00 0.52 0.35 0.39 -1 1823
Result 0 2.0 2000 0.46 0.20 0.20 0.20 0.19 0.22 -1 -1 -1 -1 -1
Evo 1.19 0.50 0.50 0.50 0.50 0.50 0.50 0.00 0.00 0.02 0.26 0.36 -1 836
Result 0 1.0 955 0.47 0.19 0.20 0.21 0.19 0.21 -1 -1 -1 -1 -1
Evo 1.17 0.00 0.50 0.50 0.50 0.50 0.50 0.03 0.00 0.07 0.36 0.42 -1 1993
Result 0 1.0 2000 0.47 0.21 0.18 0.21 0.19 0.20 -1 -1 -1 -1 -1
Evo 1.06 0.00 0.50 0.50 0.50 0.50 0.50 0.03 0.00 0.36 0.36 0.38 -1 1993
Result 0 2.0 2000 0.46 0.19 0.20 0.20 0.21 0.20 -1 -1 -1 -1 -1
Evo 1.42 0.50 0.50 0.50 0.50 0.50 0.50 0.00 0.00 0.04 0.19 0.33 -1 200
Result 0 1.0 251 0.48 0.19 0.21 0.22 0.18 0.19 -1 -1 -1 -1 -1
Evo 1.12 0.00 0.50 0.50 0.50 0.50 0.50 0.03 0.00 0.01 0.34 0.38 -1 1926
Result 0 1.0 2000 0.47 0.21 0.19 0.20 0.19 0.20 -1 -1 -1 -1 -1
Evo 1.03 0.50 0.50 0.50 0.50 0.50 0.50 0.00 0.00 0.02 0.31 0.38 -1 1202
Result 0 1.0 1383 0.47 0.18 0.20 0.20 0.20 0.21 -1 -1 -1 -1 -1
Evo 1.03 0.00 0.50 0.50 0.50 0.50 0.50 0.03 0.00 0.21 0.36 0.39 -1 1888
Result 0 2.0 2000 0.46 0.22 0.20 0.19 0.20 0.20 -1 -1 -1 -1 -1
Evo 1.45 0.50 0.50 0.50 0.50 0.50 0.50 0.00 0.00 0.04 0.38 0.43 -1 1458
Result 0 6.0 1525 0.45 0.19 0.20 0.18 0.23 0.19 -1 -1 -1 -1 -1
Evo 1.00 0.50 0.50 0.50 0.50 0.50 0.50 0.00 0.00 0.01 0.26 0.39 -1 574
Result 0 1.0 711 0.46 0.18 0.20 0.20 0.22 0.19 -1 -1 -1 -1 -1
Evo 1.13 0.00 0.50 0.50 0.50 0.50 0.50 0.03 0.00 0.06 0.31 0.36 -1 1993
Result 0 1.0 2000 0.46 0.20 0.20 0.19 0.20 0.21 -1 -1 -1 -1 -1
Evo 1.38 0.50 0.50 0.50 0.50 0.50 0.50 0.00 0.00 0.03 0.39 0.46 -1 1502
Result 0 6.0 1951 0.44 0.20 0.21 0.18 0.21 0.21 -1 -1 -1 -1 -1
Evo 1.13 0.00 0.50 0.50 0.50 0.50 0.50 0.03 0.00 0.51 0.34 0.39 -1 1079
Result 0 2.0 2000 0.47 0.19 0.22 0.20 0.21 0.18 -1 -1 -1 -1 -1
Evo 1.25 0.00 0.50 0.50 0.50 0.50 0.50 0.03 0.00 0.30 0.33 0.39 -1 1859
Result 0 3.0 2000 0.46 0.19 0.19 0.20 0.21 0.22 -1 -1 -1 -1 -1
Evo 1.00 0.00 0.50 0.50 0.50 0.50 0.50 0.03 0.00 0.03 0.12 0.14 -1 1993
Result 0 0.0 2000 0.47 0.18 0.20 0.20 0.21 0.20 -1 -1 -1 -1 -1
Evo 1.00 0.00 0.50 0.50 0.50 0.50 0.50 0.03 0.00 0.03 0.12 0.14 -1 1993
Result 0 0.0 2000 0.46 0.20 0.20 0.20 0.20 0.20 -1 -1 -1 -1 -1
Evo 1.00 0.00 0.50 0.50 0.50 0.50 0.50 0.03 0.00 0.01 0.12 0.14 -1 1993
Result 0 0.0 2000 0.46 0.20 0.19 0.20 0.21 0.20 -1 -1 -1 -1 -1
Evo 1.00 0.00 0.50 0.50 0.50 0.50 0.50 0.03 0.00 0.03 0.13 0.14 -1 1993
Result 0 0.0 2000 0.46 0.19 0.20 0.19 0.20 0.21 -1 -1 -1 -1 -1
Evo 1.00 0.00 0.50 0.50 0.50 0.50 0.50 0.03 0.00 0.03 0.12 0.14 -1 1993
Result 0 0.0 2000 0.46 0.19 0.21 0.19 0.21 0.20 -1 -1 -1 -1 -1
Evo 1.15 0.00 0.50 0.50 0.50 0.50 0.50 0.03 0.00 0.09 0.22 0.28 -1 1993
Result 0 1.0 2000 0.47 0.19 0.20 0.20 0.19 0.22 -1 -1 -1 -1 -1
Evo 1.00 0.00 0.50 0.50 0.50 0.50 0.50 0.03 0.00 0.03 0.12 0.13 -1 1993
Result 0 0.0 2000 0.46 0.21 0.21 0.20 0.18 0.20 -1 -1 -1 -1 -1
Evo 1.02 0.00 0.50 0.50 0.50 0.50 0.50 0.03 0.00 0.50 0.21 0.27 -1 1993
Result 0 1.0 2000 0.47 0.19 0.21 0.21 0.20 0.19 -1 -1 -1 -1 -1
Evo 1.00 0.00 0.50 0.50 0.50 0.50 0.50 0.03 0.00 0.03 0.13 0.14 -1 1993
Result 0 0.0 2000 0.46 0.21 0.19 0.19 0.20 0.21 -1 -1 -1 -1 -1
Evo 1.00 0.00 0.50 0.50 0.50 0.50 0.50 0.03 0.00 0.03 0.12 0.14 -1 1993
Result 0 0.0 2000 0.47 0.21 0.19 0.20 0.19 0.21 -1 -1 -1 -1 -1
Evo 1.03 0.00 0.50 0.50 0.50 0.50 0.50 0.03 0.00 0.26 0.23 0.27 -1 1993
Result 0 1.0 2000 0.45 0.20 0.20 0.18 0.20 0.21 -1 -1 -1 -1 -1
Evo 1.00 0.00 0.50 0.50 0.50 0.50 0.50 0.03 0.00 0.03 0.13 0.14 -1 1993
Result 0 0.0 2000 0.46 0.20 0.20 0.19 0.20 0.21 -1 -1 -1 -1 -1
Evo 1.02 0.00 0.50 0.50 0.50 0.50 0.50 0.03 0.00 0.05 0.12 0.15 -1 1993
Result 0 0.0 2000 0.47 0.20 0.19 0.20 0.20 0.20 -1 -1 -1 -1 -1
Evo 1.00 0.00 0.50 0.50 0.50 0.50 0.50 0.03 0.00 0.03 0.13 0.13 -1 1993
Result 0 0.0 2000 0.45 0.19 0.20 0.18 0.21 0.21 -1 -1 -1 -1 -1
Evo 1.00 0.00 0.50 0.50 0.50 0.50 0.50 0.03 0.00 0.03 0.12 0.14 -1 1993
Result 0 0.0 2000 0.47 0.20 0.20 0.20 0.19 0.20 -1 -1 -1 -1 -1
Evo 1.00 0.00 0.50 0.50 0.50 0.50 0.50 0.03 0.00 0.03 0.13 0.14 -1 1993
Result 0 0.0 2000 0.47 0.20 0.20 0.20 0.20 0.20 -1 -1 -1 -1 -1
Evo 1.02 0.00 0.50 0.50 0.50 0.50 0.50 0.03 0.00 0.01 0.12 0.13 -1 1993
Result 0 0.0 2000 0.46 0.20 0.20 0.20 0.20 0.19 -1 -1 -1 -1 -1
Evo 1.30 0.50 0.50 0.50 0.50 0.50 0.50 0.00 0.00 0.36 0.23 0.28 -1 552
Result 0 1.0 565 0.47 0.20 0.19 0.21 0.22 0.18 -1 -1 -1 -1 -1
Evo 1.00 0.00 0.50 0.50 0.50 0.50 0.50 0.03 0.00 0.03 0.13 0.14 -1 1993
Result 0 0.0 2000 0.46 0.20 0.20 0.20 0.21 0.19 -1 -1 -1 -1 -1
Evo 1.00 0.00 0.50 0.50 0.50 0.50 0.50 0.03 0.00 0.03 0.12 0.14 -1 1993
Result 0 0.0 2000 0.46 0.21 0.19 0.20 0.21 0.19 -1 -1 -1 -1 -1
Evo 1.06 0.50 0.50 0.50 0.50 0.50 0.50 0.00 0.00 0.47 0.28 0.28 -1 1033
Result 0 2.0 1829 0.47 0.21 0.19 0.20 0.20 0.20 -1 -1 -1 -1 -1
Evo 1.13 0.00 0.50 0.50 0.50 0.50 0.50 0.03 0.00 0.22 0.26 0.28 -1 1993
Result 0 2.0 2000 0.46 0.20 0.22 0.20 0.19 0.19 -1 -1 -1 -1 -1
Evo 1.00 0.00 0.50 0.50 0.50 0.50 0.50 0.03 0.00 0.03 0.20 0.21 -1 1993
Result 0 0.0 2000 0.47 0.20 0.20 0.20 0.20 0.19 -1 -1 -1 -1 -1
Evo 1.01 0.00 0.50 0.50 0.50 0.50 0.50 0.03 0.00 0.04 0.24 0.25 -1 1993
Result 0 1.0 2000 0.47 0.19 0.21 0.20 0.21 0.19 -1 -1 -1 -1 -1
Evo 1.00 0.00 0.50 0.50 0.50 0.50 0.50 0.03 0.00 0.03 0.21 0.21 -1 1993
Result 0 0.0 2000 0.47 0.19 0.20 0.20 0.19 0.21 -1 -1 -1 -1 -1
Evo 1.00 0.00 0.50 0.50 0.50 0.50 0.50 0.03 0.00 0.03 0.21 0.21 -1 1993
Result 0 0.0 2000 0.47 0.19 0.19 0.21 0.21 0.20 -1 -1 -1 -1 -1
Evo 1.00 0.00 0.50 0.50 0.50 0.50 0.50 0.03 0.00 0.20 0.25 0.26 -1 1993
Result 0 1.0 2000 0.45 0.20 0.20 0.19 0.21 0.20 -1 -1 -1 -1 -1
Evo 1.00 0.00 0.50 0.50 0.50 0.50 0.50 0.03 0.00 0.03 0.21 0.21 -1 1993
Result 0 0.0 2000 0.46 0.20 0.21 0.19 0.19 0.20 -1 -1 -1 -1 -1
Evo 1.00 0.00 0.50 0.50 0.50 0.50 0.50 0.03 0.00 0.03 0.20 0.21 -1 1993
Result 0 0.0 2000 0.47 0.20 0.19 0.20 0.20 0.20 -1 -1 -1 -1 -1
Evo 1.04 0.00 0.50 0.50 0.50 0.50 0.50 0.03 0.00 0.09 0.25 0.26 -1 1993
Result 0 1.0 2000 0.46 0.21 0.21 0.20 0.19 0.19 -1 -1 -1 -1 -1
Evo 1.09 0.00 0.50 0.50 0.50 0.50 0.50 0.03 0.00 0.06 0.25 0.25 -1 1993
Result 0 1.0 2000 0.45 0.20 0.20 0.19 0.20 0.21 -1 -1 -1 -1 -1
Evo 1.00 0.00 0.50 0.50 0.50 0.50 0.50 0.03 0.00 0.01 0.21 0.21 -1 1993
Result 0 0.0 2000 0.46 0.22 0.20 0.20 0.18 0.21 -1 -1 -1 -1 -1
Evo 1.00 0.00 0.50 0.50 0.50 0.50 0.50 0.03 0.00 0.01 0.21 0.21 -1 1993
Result 0 0.0 2000 0.46 0.20 0.20 0.20 0.21 0.19 -1 -1 -1 -1 -1
Evo 1.08 0.00 0.50 0.50 0.50 0.50 0.50 0.03 0.00 0.05 0.25 0.26 -1 1993
Result 0 1.0 2000 0.46 0.20 0.19 0.20 0.21 0.21 -1 -1 -1 -1 -1
Evo 1.00 0.00 0.50 0.50 0.50 0.50 0.50 0.03 0.00 0.03 0.21 0.21 -1 1993
Result 0 0.0 2000 0.46 0.21 0.20 0.20 0.19 0.20 -1 -1 -1 -1 -1
Evo 1.00 0.00 0.50 0.50 0.50 0.50 0.50 0.03 0.00 0.03 0.21 0.21 -1 1993
Result 0 0.0 2000 0.46 0.20 0.20 0.19 0.19 0.21 -1 -1 -1 -1 -1
Evo 1.00 0.00 0.50 0.50 0.50 0.50 0.50 0.03 0.00 0.03 0.21 0.21 -1 1993
Result 0 0.0 2000 0.47 0.19 0.18 0.21 0.21 0.21 -1 -1 -1 -1 -1
Evo 1.00 0.00 0.50 0.50 0.50 0.50 0.50 0.03 0.00 0.03 0.21 0.21 -1 1993
Result 0 0.0 2000 0.46 0.21 0.20 0.20 0.19 0.20 -1 -1 -1 -1 -1
Evo 1.00 0.00 0.50 0.50 0.50 0.50 0.50 0.03 0.00 0.03 0.20 0.21 -1 1993
Result 0 0.0 2000 0.45 0.21 0.18 0.18 0.22 0.20 -1 -1 -1 -1 -1
Evo 1.00 0.00 0.50 0.50 0.50 0.50 0.50 0.03 0.00 0.03 0.21 0.21 -1 1993
Result 0 0.0 2000 0.47 0.19 0.20 0.21 0.20 0.19 -1 -1 -1 -1 -1
Evo 1.48 0.50 0.50 0.50 0.50 0.50 0.50 0.00 0.00 0.02 0.35 0.40 -1 645
Result 0 1.0 1063 0.45 0.20 0.22 0.18 0.21 0.19 -1 -1 -1 -1 -1
Evo 1.06 0.50 0.50 0.50 0.50 0.50 0.50 0.00 0.00 0.43 0.35 0.38 -1 1102
Result 0 1.0 1831 0.47 0.19 0.21 0.20 0.19 0.21 -1 -1 -1 -1 -1
Evo 1.17 0.50 0.50 0.50 0.50 0.50 0.50 0.00 0.00 0.42 0.33 0.40 -1 845
Result 0 2.0 1377 0.47 0.19 0.20 0.20 0.20 0.21 -1 -1 -1 -1 -1
Evo 1.06 0.50 0.50 0.50 0.50 0.50 0.50 0.00 0.00 0.10 0.23 0.36 -1 231
Result 0 0.0 355 0.46 0.21 0.21 0.20 0.20 0.19 -1 -1 -1 -1 -1
Evo 1.15 0.50 0.50 0.50 0.50 0.50 0.50 0.00 0.00 0.52 0.39 0.40 -1 499
Result 0 2.0 559 0.42 0.20 0.24 0.16 0.20 0.20 -1 -1 -1 -1 -1
Evo 1.27 0.50 0.50 0.50 0.50 0.50 0.50 0.00 0.00 0.46 0.39 0.41 -1 891
Result 0 3.0 1273 0.45 0.19 0.20 0.19 0.20 0.22 -1 -1 -1 -1 -1
Evo 1.41 0.50 0.50 0.50 0.50 0.50 0.50 0.00 0.00 0.53 0.33 0.40 -1 856
Result 0 3.0 875 0.46 0.21 0.20 0.20 0.19 0.20 -1 -1 -1 -1 -1
Evo 1.37 0.50 0.50 0.50 0.50 0.50 0.50 0.00 0.00 0.49 0.31 0.41 -1 705
Result 0 3.0 815 0.46 0.18 0.20 0.19 0.21 0.21 -1 -1 -1 -1 -1
Evo 1.09 0.00 0.50 0.50 0.50 0.50 0.50 0.03 0.00 0.02 0.36 0.40 -1 1993
Result 0 2.0 2000 0.47 0.20 0.19 0.21 0.19 0.21 -1 -1 -1 -1 -1
Evo 1.20 0.50 0.50 0.50 0.50 0.50 0.50 0.00 0.00 0.28 0.22 0.34 -1 426
Result 0 1.0 465 0.47 0.17 0.19 0.20 0.19 0.24 -1 -1 -1 -1 -1
Evo 1.12 0.50 0.50 0.50 0.50 0.50 0.50 0.00 0.00 0.38 0.40 0.40 -1 1055
Result 0 3.0 1065 0.43 0.18 0.21 0.17 0.22 0.22 -1 -1 -1 -1 -1
Evo 1.29 0.50 0.50 0.50 0.50 0.50 0.50 0.00 0.00 0.46 0.40 0.40 -1 594
Result 0 2.0 725 0.48 0.18 0.22 0.22 0.17 0.20 -1 -1 -1 -1 -1
Evo 1.28 0.50 0.50 0.50 0.50 0.50 0.50 0.00 0.00 0.51 0.36 0.40 -1 289
Result 0 2.0 777 0.48 0.20 0.20 0.22 0.17 0.21 -1 -1 -1 -1 -1
Evo 1.34 0.50 0.50 0.50 0.50 0.50 0.50 0.00 0.00 0.32 0.40 0.41 -1 1189
Result 0 3.0 1207 0.47 0.20 0.20 0.20 0.21 0.19 -1 -1 -1 -1 -1
Evo 1.24 0.50 0.50 0.50 0.50 0.50 0.50 0.00 0.00 0.35 0.37 0.40 -1 1037
Result 0 3.0 1231 0.45 0.20 0.23 0.19 0.20 0.19 -1 -1 -1 -1 -1
Evo 1.67 0.50 0.50 0.50 0.50 0.50 0.50 0.00 0.00 0.05 0.36 0.41 -1 480
Result 0 2.0 635 0.48 0.21 0.16 0.22 0.19 0.22 -1 -1 -1 -1 -1
Evo 1.47 0.50 0.50 0.50 0.50 0.50 0.50 0.00 0.00 0.40 0.39 0.40 -1 417
Result 0 2.0 621 0.47 0.20 0.20 0.21 0.20 0.19 -1 -1 -1 -1 -1
Evo 1.78 0.50 0.50 0.50 0.50 0.50 0.50 0.00 0.00 0.12 0.37 0.41 -1 276
Result 0 3.0 709 0.46 0.20 0.19 0.20 0.24 0.17 -1 -1 -1 -1 -1
Evo 1.29 0.50 0.50 0.50 0.50 0.50 0.50 0.00 0.00 0.10 0.31 0.38 -1 430
Result 0 1.0 507 0.47 0.16 0.23 0.20 0.22 0.19 -1 -1 -1 -1 -1
Evo 1.43 0.50 0.50 0.50 0.50 0.50 0.50 0.00 0.00 0.27 0.35 0.38 -1 171
Result 0 1.0 351 0.49 0.20 0.20 0.23 0.19 0.18 -1 -1 -1 -1 -1
