Evo 1.00 0.00 1.00 0.65 0.00 1.00 1.00 0.48 0.01 0.41 0.69 0.70 -1 697
Result 0 0.0 2000 0.45 0.21 0.20 0.18 0.20 0.21 -1 -1 -1 -1 -1
Evo 1.00 0.00 1.00 1.00 1.00 1.00 1.00 0.06 0.00 0.03 0.70 0.70 -1 84
Result 0 0.0 2000 0.47 0.20 0.19 0.21 0.20 0.21 -1 -1 -1 -1 -1
Evo 1.00 0.00 1.00 1.00 1.00 1.00 1.00 0.06 0.00 0.03 0.70 0.70 -1 1993
Result 0 0.0 2000 0.46 0.21 0.21 0.20 0.19 0.20 -1 -1 -1 -1 -1
Evo 1.00 0.00 1.00 1.00 1.00 1.00 1.00 0.06 0.00 0.03 0.69 0.70 -1 114
Result 0 0.0 2000 0.46 0.20 0.20 0.20 0.19 0.21 -1 -1 -1 -1 -1
Evo 1.00 0.00 1.00 1.00 1.00 1.00 1.00 0.06 0.00 0.03 0.68 0.70 -1 105
Result 0 0.0 2000 0.46 0.20 0.20 0.19 0.21 0.21 -1 -1 -1 -1 -1
Evo 1.00 0.00 1.00 1.00 1.00 1.00 1.00 0.06 0.00 0.03 0.70 0.70 -1 1451
Result 0 0.0 2000 0.46 0.20 0.19 0.20 0.21 0.20 -1 -1 -1 -1 -1
Evo 1.00 0.00 1.00 1.00 1.00 1.00 1.00 0.06 0.00 0.03 0.68 0.70 -1 1458
Result 0 0.0 2000 0.46 0.19 0.19 0.20 0.21 0.21 -1 -1 -1 -1 -1
Evo 1.00 0.00 1.00 1.00 1.00 1.00 1.00 0.06 0.00 0.03 0.69 0.70 -1 1551
Result 0 0.0 2000 0.47 0.21 0.18 0.20 0.20 0.20 -1 -1 -1 -1 -1
Evo 1.00 0.00 1.00 1.00 1.00 1.00 1.00 0.06 0.00 0.03 0.70 0.70 -1 742
Result 0 0.0 2000 0.46 0.21 0.20 0.20 0.20 0.19 -1 -1 -1 -1 -1
Evo 1.00 0.00 1.00 1.00 1.00 1.00 1.00 0.06 0.00 0.03 0.66 0.70 -1 260
Result 0 0.0 2000 0.46 0.21 0.20 0.19 0.19 0.21 -1 -1 -1 -1 -1
Evo 1.00 0.00 1.00 1.00 1.00 1.00 1.00 0.06 0.00 0.03 0.68 0.70 -1 1993
Result 0 0.0 2000 0.46 0.20 0.19 0.19 0.20 0.21 -1 -1 -1 -1 -1
Evo 1.00 0.00 1.00 1.00 1.00 1.00 1.00 0.06 0.00 0.03 0.69 0.70 -1 1069
Result 0 0.0 2000 0.47 0.20 0.19 0.21 0.21 0.20 -1 -1 -1 -1 -1
Evo 1.00 0.00 1.00 1.00 1.00 1.00 1.00 0.06 0.00 0.03 0.68 0.70 -1 1035
Result 0 0.0 2000 0.47 0.19 0.21 0.20 0.20 0.20 -1 -1 -1 -1 -1
Evo 1.00 0.00 1.00 1.00 1.00 1.00 1.00 0.06 0.00 0.03 0.69 0.70 -1 236
Result 0 0.0 2000 0.47 0.21 0.20 0.20 0.21 0.18 -1 -1 -1 -1 -1
Evo 1.00 0.00 1.00 1.00 1.00 1.00 1.00 0.06 0.00 0.03 0.63 0.70 -1 496
Result 0 0.0 2000 0.45 0.20 0.19 0.19 0.20 0.22 -1 -1 -1 -1 -1
Evo 1.00 0.00 1.00 1.00 1.00 1.00 1.00 0.06 0.00 0.03 0.69 0.70 -1 1993
Result 0 0.0 2000 0.47 0.21 0.21 0.20 0.20 0.18 -1 -1 -1 -1 -1
Evo 1.00 0.00 1.00 1.00 1.00 1.00 1.00 0.06 0.00 0.03 0.68 0.70 -1 964
Result 0 0.0 2000 0.47 0.20 0.21 0.21 0.19 0.20 -1 -1 -1 -1 -1
Evo 1.00 0.00 1.00 1.00 1.00 1.00 1.00 0.06 0.00 0.03 0.66 0.70 -1 557
Result 0 0.0 2000 0.47 0.22 0.18 0.21 0.20 0.19 -1 -1 -1 -1 -1
Evo 1.00 0.00 1.00 1.00 1.00 1.00 1.00 0.06 0.00 0.03 0.69 0.70 -1 35
Result 0 0.0 2000 0.45 0.20 0.20 0.19 0.21 0.21 -1 -1 -1 -1 -1
Evo 1.00 0.00 1.00 1.00 1.00 1.00 1.00 0.06 0.00 0.03 0.68 0.70 -1 1408
Result 0 0.0 2000 0.47 0.21 0.19 0.20 0.20 0.20 -1 -1 -1 -1 -1
Evo 1.00 0.00 1.00 1.00 1.00 1.00 1.00 0.06 0.00 0.05 0.55 0.55 -1 69
Result 0 1.0 2000 0.47 0.20 0.20 0.20 0.18 0.22 -1 -1 -1 -1 -1
Evo 1.01 0.00 1.00 1.00 1.00 1.00 1.00 0.06 0.00 0.29 0.40 0.51 -1 2
Result 0 1.0 2000 0.47 0.20 0.19 0.20 0.22 0.19 -1 -1 -1 -1 -1
Evo 1.01 0.00 1.00 1.00 1.00 1.00 1.00 0.06 0.00 0.27 0.53 0.55 -1 1463
Result 0 1.0 2000 0.46 0.19 0.21 0.20 0.21 0.19 -1 -1 -1 -1 -1
Evo 1.09 0.00 1.00 1.00 1.00 1.00 1.00 0.06 0.00 0.18 0.41 0.52 -1 1993
Result 0 1.0 2000 0.46 0.19 0.20 0.19 0.21 0.21 -1 -1 -1 -1 -1
Evo 1.03 0.00 1.00 1.00 1.00 1.00 1.00 0.06 0.00 0.17 0.45 0.55 -1 1993
Result 0 1.0 2000 0.46 0.20 0.19 0.20 0.21 0.20 -1 -1 -1 -1 -1
Evo 1.02 0.00 1.00 1.00 1.00 1.00 1.00 0.06 0.00 0.18 0.54 0.55 -1 29
Result 0 1.0 2000 0.46 0.19 0.21 0.19 0.20 0.20 -1 -1 -1 -1 -1
Evo 1.00 0.00 1.00 1.00 1.00 1.00 1.00 0.06 0.00 0.25 0.53 0.55 -1 1993
Result 0 1.0 2000 0.47 0.19 0.20 0.21 0.21 0.20 -1 -1 -1 -1 -1
Evo 1.08 0.00 1.00 1.00 1.00 1.00 1.00 0.06 0.00 0.49 0.55 0.55 -1 62
Result 0 1.0 2000 0.46 0.19 0.20 0.20 0.20 0.21 -1 -1 -1 -1 -1
Evo 1.00 0.00 1.00 1.00 1.00 1.00 1.00 0.06 0.00 0.24 0.53 0.55 -1 11
Result 0 1.0 2000 0.47 0.20 0.19 0.21 0.20 0.20 -1 -1 -1 -1 -1
Evo 1.01 0.00 1.00 1.00 1.00 1.00 1.00 0.06 0.00 0.50 0.53 0.55 -1 1993
Result 0 1.0 2000 0.46 0.20 0.21 0.20 0.20 0.20 -1 -1 -1 -1 -1
Evo 1.04 0.00 1.00 1.00 1.00 1.00 1.00 0.06 0.00 0.51 0.27 0.34 -1 554
Result 0 1.0 2000 0.47 0.19 0.20 0.20 0.22 0.19 -1 -1 -1 -1 -1
Evo 1.07 0.00 1.00 1.00 1.00 1.00 1.00 0.06 0.00 0.50 0.48 0.55 -1 66
Result 0 1.0 2000 0.47 0.20 0.19 0.21 0.20 0.19 -1 -1 -1 -1 -1
Evo 1.07 0.00 1.00 1.00 1.00 1.00 1.00 0.06 0.00 0.29 0.35 0.42 -1 27
Result 0 1.0 2000 0.46 0.22 0.20 0.19 0.18 0.21 -1 -1 -1 -1 -1
Evo 1.01 0.00 1.00 1.00 1.00 1.00 1.00 0.06 0.00 0.26 0.40 0.48 -1 1993
Result 0 1.0 2000 0.47 0.19 0.21 0.20 0.21 0.19 -1 -1 -1 -1 -1
Evo 1.03 0.00 1.00 1.00 1.00 1.00 1.00 0.06 0.00 0.32 0.51 0.55 -1 99
Result 0 1.0 2000 0.47 0.19 0.19 0.20 0.22 0.20 -1 -1 -1 -1 -1
Evo 1.02 0.00 1.00 1.00 1.00 1.00 1.00 0.06 0.00 0.53 0.40 0.53 -1 78
Result 0 1.0 2000 0.47 0.21 0.19 0.20 0.20 0.20 -1 -1 -1 -1 -1
Evo 1.04 0.00 1.00 1.00 1.00 1.00 1.00 0.06 0.00 0.37 0.53 0.55 -1 1993
Result 0 1.0 2000 0.46 0.20 0.18 0.20 0.21 0.21 -1 -1 -1 -1 -1
Evo 1.06 0.00 1.00 1.00 1.00 1.00 1.00 0.06 0.00 0.33 0.38 0.47 -1 1993
Result 0 1.0 2000 0.47 0.17 0.20 0.21 0.20 0.21 -1 -1 -1 -1 -1
Evo 1.00 0.00 1.00 1.00 1.00 1.00 1.00 0.06 0.00 0.07 0.43 0.55 -1 1993
Result 0 1.0 2000 0.47 0.20 0.21 0.20 0.20 0.19 -1 -1 -1 -1 -1
Evo 1.03 0.00 1.00 1.00 1.00 1.00 1.00 0.06 0.00 0.50 0.40 0.48 -1 746
Result 0 1.0 2000 0.47 0.19 0.19 0.20 0.21 0.21 -1 -1 -1 -1 -1
Evo 1.09 0.00 1.00 1.00 1.00 1.00 1.00 0.06 0.00 0.52 0.40 0.51 -1 1993
Result 0 1.0 2000 0.47 0.20 0.19 0.21 0.20 0.20 -1 -1 -1 -1 -1
Evo 1.00 0.00 1.00 1.00 1.00 1.00 1.00 0.06 0.00 0.26 0.47 0.57 -1 1993
Result 0 1.0 2000 0.46 0.20 0.19 0.20 0.20 0.21 -1 -1 -1 -1 -1
Evo 1.04 0.00 1.00 1.00 1.00 1.00 1.00 0.06 0.00 0.10 0.45 0.57 -1 1993
Result 0 1.0 2000 0.47 0.18 0.21 0.21 0.20 0.20 -1 -1 -1 -1 -1
Evo 1.01 0.00 1.00 1.00 1.00 1.00 1.00 0.06 0.00 0.08 0.45 0.57 -1 1993
Result 0 1.0 2000 0.44 0.21 0.19 0.18 0.21 0.21 -1 -1 -1 -1 -1
Evo 1.00 0.00 1.00 1.00 1.00 1.00 1.00 0.06 0.00 0.43 0.56 0.57 -1 1993
Result 0 1.0 2000 0.47 0.20 0.20 0.21 0.20 0.20 -1 -1 -1 -1 -1
Evo 1.12 0.00 1.00 1.00 1.00 1.00 1.00 0.06 0.00 0.49 0.47 0.53 -1 1993
Result 0 1.0 2000 0.44 0.20 0.21 0.18 0.20 0.20 -1 -1 -1 -1 -1
Evo 1.05 0.00 1.00 1.00 1.00 1.00 1.00 0.06 0.00 0.15 0.49 0.53 -1 668
Result 0 1.0 2000 0.46 0.19 0.20 0.20 0.20 0.22 -1 -1 -1 -1 -1
Evo 1.00 0.00 1.00 1.00 1.00 1.00 1.00 0.06 0.00 0.44 0.56 0.57 -1 1061
Result 0 1.0 2000 0.47 0.19 0.20 0.20 0.20 0.20 -1 -1 -1 -1 -1
Evo 1.01 0.00 1.00 1.00 1.00 1.00 1.00 0.06 0.00 0.36 0.55 0.57 -1 1993
Result 0 1.0 2000 0.49 0.17 0.19 0.23 0.22 0.20 -1 -1 -1 -1 -1
Evo 1.07 0.00 1.00 1.00 1.00 1.00 1.00 0.06 0.00 0.53 0.48 0.57 -1 1993
Result 0 1.0 2000 0.48 0.20 0.19 0.22 0.19 0.20 -1 -1 -1 -1 -1
Evo 1.03 0.00 1.00 1.00 1.00 1.00 1.00 0.06 0.00 0.42 0.48 0.57 -1 1993
Result 0 1.0 2000 0.44 0.19 0.20 0.18 0.21 0.22 -1 -1 -1 -1 -1
Evo 1.00 0.00 1.00 1.00 1.00 1.00 1.00 0.06 0.00 0.05 0.37 0.55 -1 1993
Result 0 1.0 2000 0.45 0.22 0.19 0.18 0.20 0.21 -1 -1 -1 -1 -1
Evo 1.08 0.00 1.00 1.00 1.00 1.00 1.00 0.06 0.00 0.20 0.54 0.57 -1 1993
Result 0 1.0 2000 0.46 0.21 0.19 0.20 0.20 0.20 -1 -1 -1 -1 -1
Evo 1.19 0.00 1.00 1.00 1.00 1.00 1.00 0.06 0.00 0.14 0.48 0.53 -1 1993
Result 0 1.0 2000 0.45 0.21 0.20 0.19 0.20 0.20 -1 -1 -1 -1 -1
Evo 1.03 0.00 1.00 1.00 1.00 1.00 1.00 0.06 0.00 0.52 0.49 0.55 -1 1993
Result 0 1.0 2000 0.45 0.19 0.22 0.19 0.20 0.20 -1 -1 -1 -1 -1
Evo 1.00 0.00 1.00 1.00 1.00 1.00 1.00 0.06 0.00 0.43 0.55 0.57 -1 1993
Result 0 1.0 2000 0.48 0.19 0.19 0.22 0.21 0.20 -1 -1 -1 -1 -1
Evo 1.01 0.00 1.00 1.00 1.00 1.00 1.00 0.06 0.00 0.11 0.45 0.57 -1 1993
Result 0 1.0 2000 0.47 0.21 0.19 0.20 0.18 0.22 -1 -1 -1 -1 -1
Evo 1.08 0.00 1.00 1.00 1.00 1.00 1.00 0.06 0.00 0.46 0.51 0.57 -1 1993
Result 0 1.0 2000 0.45 0.20 0.21 0.19 0.20 0.20 -1 -1 -1 -1 -1
Evo 1.01 0.00 1.00 1.00 1.00 1.00 1.00 0.06 0.00 0.48 0.50 0.52 -1 1993
Result 0 1.0 2000 0.46 0.20 0.21 0.20 0.19 0.20 -1 -1 -1 -1 -1
Evo 1.01 0.00 1.00 1.00 1.00 1.00 1.00 0.06 0.00 0.52 0.54 0.57 -1 1993
Result 0 1.0 2000 0.47 0.21 0.18 0.21 0.20 0.20 -1 -1 -1 -1 -1
Evo 1.09 0.00 1.00 1.00 1.00 1.00 1.00 0.06 0.00 0.26 0.56 0.58 -1 1993
Result 0 1.0 2000 0.46 0.20 0.19 0.19 0.20 0.22 -1 -1 -1 -1 -1
Evo 1.09 0.00 1.00 1.00 1.00 1.00 1.00 0.06 0.00 0.52 0.54 0.58 -1 1993
Result 0 1.0 2000 0.46 0.20 0.21 0.19 0.20 0.20 -1 -1 -1 -1 -1
Evo 1.09 0.00 1.00 1.00 1.00 1.00 1.00 0.06 0.00 0.53 0.53 0.58 -1 1993
Result 0 1.0 2000 0.45 0.21 0.21 0.19 0.18 0.21 -1 -1 -1 -1 -1
Evo 1.07 0.00 1.00 1.00 1.00 1.00 1.00 0.06 0.00 0.28 0.56 0.58 -1 1993
Result 0 1.0 2000 0.47 0.20 0.18 0.21 0.21 0.21 -1 -1 -1 -1 -1
Evo 1.00 0.00 1.00 1.00 1.00 1.00 1.00 0.06 0.00 0.42 0.52 0.58 -1 1993
Result 0 1.0 2000 0.47 0.20 0.18 0.20 0.21 0.20 -1 -1 -1 -1 -1
Evo 1.03 0.00 1.00 1.00 1.00 1.00 1.00 0.06 0.00 0.49 0.47 0.56 -1 1993
Result 0 1.0 2000 0.47 0.21 0.20 0.20 0.21 0.18 -1 -1 -1 -1 -1
Evo 1.07 0.00 1.00 1.00 1.00 1.00 1.00 0.06 0.00 0.01 0.52 0.58 -1 1993
Result 0 0.0 2000 0.46 0.22 0.20 0.20 0.18 0.20 -1 -1 -1 -1 -1
Evo 1.07 0.00 1.00 1.00 1.00 1.00 1.00 0.06 0.00 0.42 0.44 0.58 -1 1993
Result 0 1.0 2000 0.47 0.19 0.20 0.21 0.19 0.21 -1 -1 -1 -1 -1
Evo 1.08 0.00 1.00 1.00 1.00 1.00 1.00 0.06 0.00 0.53 0.45 0.56 -1 1993
Result 0 1.0 2000 0.48 0.18 0.19 0.22 0.19 0.21 -1 -1 -1 -1 -1
Evo 1.02 0.00 1.00 1.00 1.00 1.00 1.00 0.06 0.00 0.52 0.53 0.56 -1 1647
Result 0 1.0 2000 0.46 0.20 0.21 0.20 0.19 0.20 -1 -1 -1 -1 -1
Evo 1.00 0.00 1.00 1.00 1.00 1.00 1.00 0.06 0.00 0.18 0.51 0.58 -1 1993
Result 0 1.0 2000 0.47 0.20 0.21 0.20 0.19 0.20 -1 -1 -1 -1 -1
Evo 1.03 0.00 1.00 1.00 1.00 1.00 1.00 0.06 0.00 0.28 0.56 0.58 -1 1993
Result 0 1.0 2000 0.48 0.19 0.18 0.22 0.21 0.20 -1 -1 -1 -1 -1
Evo 1.01 0.00 1.00 1.00 1.00 1.00 1.00 0.06 0.00 0.16 0.53 0.57 -1 1993
Result 0 1.0 2000 0.47 0.18 0.21 0.21 0.19 0.20 -1 -1 -1 -1 -1
Evo 1.00 0.00 1.00 1.00 1.00 1.00 1.00 0.06 0.00 0.01 0.45 0.57 -1 1993
Result 0 0.0 2000 0.46 0.19 0.21 0.19 0.21 0.20 -1 -1 -1 -1 -1
Evo 1.05 0.00 1.00 1.00 1.00 1.00 1.00 0.06 0.00 0.23 0.52 0.58 -1 1993
Result 0 1.0 2000 0.47 0.19 0.20 0.20 0.19 0.21 -1 -1 -1 -1 -1
Evo 1.11 0.00 1.00 1.00 1.00 1.00 1.00 0.06 0.00 0.43 0.53 0.58 -1 1993
Result 0 1.0 2000 0.47 0.21 0.20 0.20 0.20 0.19 -1 -1 -1 -1 -1
Evo 1.05 0.00 1.00 1.00 1.00 1.00 1.00 0.06 0.00 0.44 0.58 0.58 -1 1993
Result 0 1.0 2000 0.46 0.20 0.19 0.19 0.20 0.21 -1 -1 -1 -1 -1
Evo 1.07 0.00 1.00 1.00 1.00 1.00 1.00 0.06 0.00 0.34 0.57 0.58 -1 1993
Result 0 1.0 2000 0.47 0.20 0.18 0.21 0.20 0.21 -1 -1 -1 -1 -1
Evo 1.05 0.00 1.00 1.00 1.00 1.00 1.00 0.06 0.00 0.15 0.57 0.58 -1 1993
Result 0 1.0 2000 0.47 0.20 0.20 0.20 0.20 0.20 -1 -1 -1 -1 -1
Evo 1.00 0.00 1.00 1.00 1.00 1.00 1.00 0.06 0.00 0.01 0.32 0.45 -1 1993
Result 0 0.0 2000 0.46 0.21 0.22 0.20 0.20 0.18 -1 -1 -1 -1 -1
Evo 1.02 0.00 1.00 1.00 1.00 1.00 1.00 0.06 0.00 0.53 0.40 0.44 -1 1993
Result 0 1.0 2000 0.47 0.19 0.20 0.21 0.21 0.20 -1 -1 -1 -1 -1
Evo 1.06 0.00 1.00 1.00 1.00 1.00 1.00 0.06 0.00 0.16 0.44 0.45 -1 1730
Result 0 1.0 2000 0.46 0.20 0.21 0.20 0.20 0.19 -1 -1 -1 -1 -1
Evo 1.03 0.00 1.00 1.00 1.00 1.00 1.00 0.06 0.00 0.50 0.38 0.43 -1 321
Result 0 1.0 2000 0.46 0.21 0.19 0.19 0.21 0.20 -1 -1 -1 -1 -1
Evo 1.04 0.00 1.00 1.00 1.00 1.00 1.00 0.06 0.00 0.42 0.40 0.43 -1 251
Result 0 1.0 2000 0.47 0.20 0.20 0.21 0.18 0.20 -1 -1 -1 -1 -1
Evo 1.00 0.00 1.00 1.00 1.00 1.00 1.00 0.06 0.00 0.01 0.36 0.46 -1 660
Result 0 0.0 2000 0.46 0.20 0.20 0.20 0.19 0.20 -1 -1 -1 -1 -1
Evo 1.10 0.00 1.00 1.00 1.00 1.00 1.00 0.06 0.00 0.52 0.39 0.47 -1 581
Result 0 1.0 2000 0.45 0.21 0.21 0.19 0.20 0.20 -1 -1 -1 -1 -1
Evo 1.00 0.00 1.00 1.00 1.00 1.00 1.00 0.06 0.00 0.01 0.27 0.33 -1 1993
Result 0 0.0 2000 0.47 0.18 0.22 0.21 0.19 0.20 -1 -1 -1 -1 -1
Evo 1.00 0.00 1.00 1.00 1.00 1.00 1.00 0.06 0.00 0.43 0.40 0.44 -1 291
Result 0 1.0 2000 0.47 0.21 0.20 0.20 0.18 0.21 -1 -1 -1 -1 -1
Evo 1.01 0.00 1.00 1.00 1.00 1.00 1.00 0.06 0.00 0.01 0.36 0.51 -1 386
Result 0 0.0 2000 0.47 0.21 0.21 0.21 0.18 0.19 -1 -1 -1 -1 -1
Evo 1.09 0.00 1.00 1.00 1.00 1.00 1.00 0.06 0.00 0.52 0.48 0.51 -1 860
Result 0 1.0 2000 0.47 0.20 0.19 0.21 0.19 0.21 -1 -1 -1 -1 -1
Evo 1.03 0.00 1.00 1.00 1.00 1.00 1.00 0.06 0.00 0.51 0.45 0.49 -1 847
Result 0 1.0 2000 0.47 0.18 0.20 0.20 0.20 0.21 -1 -1 -1 -1 -1
Evo 1.00 0.00 1.00 1.00 1.00 1.00 1.00 0.06 0.00 0.01 0.33 0.40 -1 1993
Result 0 0.0 2000 0.46 0.19 0.22 0.20 0.20 0.19 -1 -1 -1 -1 -1
Evo 1.11 0.00 1.00 1.00 1.00 1.00 1.00 0.06 0.00 0.07 0.43 0.47 -1 1813
Result 0 1.0 2000 0.46 0.20 0.20 0.19 0.21 0.19 -1 -1 -1 -1 -1
Evo 1.07 0.00 1.00 1.00 1.00 1.00 1.00 0.06 0.00 0.52 0.40 0.44 -1 1993
Result 0 1.0 2000 0.47 0.21 0.20 0.20 0.19 0.20 -1 -1 -1 -1 -1
Evo 1.00 0.00 1.00 1.00 1.00 1.00 1.00 0.06 0.00 0.01 0.31 0.36 -1 1993
Result 0 0.0 2000 0.48 0.19 0.20 0.22 0.18 0.21 -1 -1 -1 -1 -1
Evo 1.00 0.00 1.00 1.00 1.00 1.00 1.00 0.06 0.00 0.36 0.51 0.51 -1 225
Result 0 1.0 2000 0.47 0.20 0.19 0.20 0.21 0.20 -1 -1 -1 -1 -1
Evo 1.04 0.00 1.00 1.00 1.00 1.00 1.00 0.06 0.00 0.36 0.43 0.45 -1 1993
Result 0 1.0 2000 0.46 0.20 0.19 0.20 0.20 0.21 -1 -1 -1 -1 -1
Evo 1.00 0.00 1.00 1.00 1.00 1.00 1.00 0.06 0.00 0.39 0.40 0.45 -1 1264
Result 0 1.0 2000 0.45 0.20 0.21 0.19 0.21 0.20 -1 -1 -1 -1 -1
Evo 1.10 0.00 1.00 1.00 1.00 1.00 1.00 0.06 0.00 0.53 0.48 0.51 -1 681
Result 0 1.0 2000 0.46 0.19 0.21 0.20 0.21 0.19 -1 -1 -1 -1 -1
Evo 1.04 0.00 1.00 1.00 1.00 1.00 1.00 0.06 0.00 0.32 0.48 0.50 -1 519
Result 0 1.0 2000 0.47 0.20 0.20 0.21 0.20 0.19 -1 -1 -1 -1 -1
