Evo 1.63 0.00 1.00 1.00 1.00 1.00 1.00 0.03 0.00 0.01 0.32 0.54 -1 15
Result 0 2.0 1094 0.46 0.20 0.18 0.22 0.21 0.19 -1 -1 -1 -1 -1
Evo 1.30 1.00 1.00 1.00 1.00 1.00 1.00 0.00 0.00 0.00 0.23 0.38 -1 3
Result 0 1.0 676 0.46 0.23 0.19 0.18 0.20 0.19 -1 -1 -1 -1 -1
Evo 1.35 1.00 1.00 1.00 1.00 1.00 1.00 0.00 0.00 0.00 0.25 0.45 -1 4
Result 0 1.0 541 0.46 0.20 0.18 0.24 0.19 0.19 -1 -1 -1 -1 -1
Evo 1.54 1.00 1.00 1.00 1.00 1.00 1.00 0.00 0.00 0.00 0.24 0.45 -1 1
Result 0 1.0 556 0.45 0.21 0.17 0.21 0.22 0.19 -1 -1 -1 -1 -1
Evo 1.12 1.00 1.00 1.00 1.00 1.00 1.00 0.00 0.00 0.32 0.29 0.48 -1 1
Result 0 3.0 924 0.45 0.21 0.20 0.20 0.20 0.19 -1 -1 -1 -1 -1
Evo 1.74 1.00 1.00 1.00 1.00 1.00 1.00 0.00 0.00 0.43 0.23 0.37 -1 2
Result 0 2.0 1108 0.44 0.19 0.21 0.22 0.20 0.17 -1 -1 -1 -1 -1
Evo 1.11 1.00 1.00 1.00 1.00 1.00 1.00 0.00 0.00 0.00 0.12 0.30 -1 0
Result 0 1.0 205 0.45 0.22 0.17 0.18 0.24 0.19 -1 -1 -1 -1 -1
Evo 2.01 0.00 1.00 1.00 1.00 1.00 1.00 0.03 0.00 0.42 0.22 0.37 -1 5
Result 0 2.0 938 0.44 0.22 0.20 0.22 0.19 0.17 -1 -1 -1 -1 -1
Evo 1.38 1.00 1.00 1.00 1.00 1.00 1.00 0.00 0.00 0.01 0.17 0.39 -1 5
Result 0 1.0 317 0.43 0.21 0.20 0.20 0.22 0.16 -1 -1 -1 -1 -1
Evo 1.12 0.00 1.00 1.00 1.00 1.00 1.00 0.03 0.00 0.00 0.37 0.53 -1 5
Result 0 1.0 1447 0.47 0.20 0.20 0.19 0.21 0.20 -1 -1 -1 -1 -1
Evo 1.14 0.00 1.00 1.00 1.00 1.00 1.00 0.03 0.00 0.00 0.31 0.46 -1 3
Result 0 1.0 1401 0.49 0.20 0.21 0.19 0.18 0.23 -1 -1 -1 -1 -1
Evo 1.01 1.00 1.00 1.00 1.00 1.00 1.00 0.00 0.00 0.00 0.33 0.54 -1 3
Result 0 1.0 1107 0.45 0.19 0.20 0.20 0.22 0.19 -1 -1 -1 -1 -1
Evo 1.06 1.00 1.00 1.00 1.00 1.00 1.00 0.00 0.00 0.00 0.15 0.34 -1 4
Result 0 1.0 255 0.48 0.16 0.21 0.18 0.23 0.22 -1 -1 -1 -1 -1
Evo 1.17 0.00 1.00 0.99 1.00 1.00 1.00 0.07 0.00 0.01 0.49 0.60 -1 5
Result 0 2.0 1500 0.46 0.19 0.20 0.20 0.21 0.20 -1 -1 -1 -1 -1
Evo 1.60 0.00 1.00 1.00 1.00 1.00 1.00 0.04 0.00 0.49 0.30 0.43 -1 5
Result 0 2.0 1301 0.45 0.21 0.19 0.20 0.22 0.19 -1 -1 -1 -1 -1
Evo 1.64 1.00 1.00 1.00 1.00 1.00 1.00 0.00 0.00 0.00 0.11 0.35 -1 1
Result 0 1.0 185 0.47 0.20 0.17 0.21 0.21 0.21 -1 -1 -1 -1 -1
Evo 1.21 1.00 1.00 1.00 1.00 1.00 1.00 0.00 0.00 0.19 0.22 0.47 -1 2
Result 0 2.0 546 0.45 0.21 0.22 0.19 0.19 0.18 -1 -1 -1 -1 -1
Evo 1.30 0.00 1.00 0.99 1.00 1.00 1.00 0.07 0.00 0.01 0.22 0.43 -1 7
Result 0 2.0 1500 0.48 0.20 0.18 0.19 0.21 0.22 -1 -1 -1 -1 -1
Evo 1.55 0.00 1.00 0.99 1.00 1.00 1.00 0.07 0.00 0.01 0.42 0.54 -1 1
Result 0 2.0 1500 0.46 0.20 0.20 0.19 0.22 0.19 -1 -1 -1 -1 -1
Evo 1.32 1.00 1.00 1.00 1.00 1.00 1.00 0.00 0.00 0.00 0.12 0.35 -1 4
Result 0 1.0 330 0.49 0.24 0.19 0.19 0.15 0.23 -1 -1 -1 -1 -1
Evo 1.84 0.00 1.00 0.99 1.00 1.00 1.00 0.07 0.00 0.53 0.48 0.64 -1 1
Result 0 2.0 1500 0.47 0.19 0.20 0.21 0.19 0.21 -1 -1 -1 -1 -1
Evo 1.85 1.00 1.00 1.00 1.00 1.00 1.00 0.00 0.00 0.00 0.18 0.34 -1 3
Result 0 -1.0 611 0.46 0.20 0.23 0.19 0.19 0.19 -1 -1 -1 -1 -1
Evo 3.54 1.00 1.00 1.00 1.00 1.00 1.00 0.00 0.00 0.00 0.08 0.28 -1 0
Result 0 -1.0 174 0.47 0.21 0.19 0.17 0.22 0.21 -1 -1 -1 -1 -1
Evo 3.55 0.00 1.00 0.99 1.00 1.00 1.00 0.11 0.01 0.02 0.08 0.25 -1 1
Result 0 -1.0 264 0.46 0.22 0.14 0.25 0.19 0.20 -1 -1 -1 -1 -1
Evo 2.27 0.00 1.00 1.00 1.00 1.00 1.00 0.06 0.00 0.01 0.27 0.43 -1 0
Result 0 -1.0 1415 0.47 0.20 0.20 0.19 0.20 0.21 -1 -1 -1 -1 -1
Evo 1.45 1.00 1.00 1.00 1.00 1.00 1.00 0.00 0.00 0.00 0.24 0.42 -1 0
Result 0 -1.0 660 0.47 0.19 0.20 0.20 0.20 0.20 -1 -1 -1 -1 -1
Evo 2.24 1.00 1.00 1.00 1.00 1.00 1.00 0.00 0.00 0.00 0.05 0.17 -1 0
Result 0 -1.0 80 0.45 0.17 0.20 0.20 0.25 0.19 -1 -1 -1 -1 -1
Evo 1.89 1.00 1.00 1.00 1.00 1.00 1.00 0.00 0.00 0.49 0.40 0.56 -1 1
Result 0 0.0 1218 0.47 0.21 0.20 0.18 0.21 0.21 -1 -1 -1 -1 -1
Evo 1.29 1.00 1.00 1.00 1.00 1.00 1.00 0.00 0.00 0.00 0.25 0.40 -1 0
Result 0 -1.0 652 0.48 0.20 0.21 0.18 0.19 0.22 -1 -1 -1 -1 -1
Evo 1.14 1.00 1.00 1.00 1.00 1.00 1.00 0.00 0.00 0.00 0.10 0.24 -1 0
Result 0 -1.0 267 0.45 0.21 0.23 0.18 0.19 0.18 -1 -1 -1 -1 -1
Evo 1.46 0.00 1.00 1.00 1.00 1.00 1.00 0.03 0.00 0.00 0.33 0.47 -1 0
Result 0 -1.0 1335 0.46 0.21 0.20 0.20 0.20 0.20 -1 -1 -1 -1 -1
Evo 2.58 1.00 1.00 1.00 1.00 1.00 1.00 0.00 0.00 0.00 0.07 0.20 -1 0
Result 0 -1.0 90 0.48 0.20 0.29 0.11 0.19 0.22 -1 -1 -1 -1 -1
Evo 1.27 1.00 1.00 1.00 1.00 1.00 1.00 0.00 0.00 0.00 0.15 0.34 -1 0
Result 0 -1.0 383 0.44 0.21 0.21 0.17 0.24 0.17 -1 -1 -1 -1 -1
Evo 1.04 1.00 1.00 1.00 1.00 1.00 1.00 0.00 0.00 0.00 0.18 0.35 -1 0
Result 0 -1.0 369 0.48 0.24 0.18 0.17 0.20 0.21 -1 -1 -1 -1 -1
Evo 6.83 0.00 1.00 0.99 1.00 1.00 1.00 0.10 0.01 0.01 0.08 0.20 -1 0
Result 0 -1.0 199 0.46 0.21 0.13 0.22 0.26 0.19 -1 -1 -1 -1 -1
Evo 1.26 0.00 1.00 1.00 1.00 1.00 1.00 0.05 0.00 0.00 0.19 0.36 -1 3
Result 0 -1.0 725 0.47 0.22 0.20 0.19 0.18 0.21 -1 -1 -1 -1 -1
Evo 1.21 1.00 1.00 1.00 1.00 1.00 1.00 0.00 0.00 0.00 0.22 0.40 -1 0
Result 0 -1.0 880 0.47 0.21 0.21 0.19 0.18 0.21 -1 -1 -1 -1 -1
Evo 1.33 1.00 1.00 1.00 1.00 1.00 1.00 0.00 0.00 0.00 0.32 0.48 -1 1
Result 0 -1.0 1102 0.48 0.19 0.22 0.17 0.19 0.22 -1 -1 -1 -1 -1
Evo 1.01 1.00 1.00 1.00 1.00 1.00 1.00 0.00 0.00 0.00 0.22 0.40 -1 3
Result 0 -1.0 613 0.46 0.21 0.20 0.18 0.21 0.19 -1 -1 -1 -1 -1
Evo 2.41 0.00 1.00 1.00 1.00 1.00 1.00 0.04 0.00 0.00 0.22 0.36 -1 0
Result 0 -1.0 661 0.44 0.23 0.19 0.20 0.20 0.18 -1 -1 -1 -1 -1
Evo 4.81 0.00 1.00 0.98 1.00 1.00 1.00 0.14 0.01 0.03 0.08 0.21 -1 2
Result 0 -1.0 257 0.49 0.24 0.19 0.18 0.15 0.24 -1 -1 -1 -1 -1
Evo 2.51 0.00 1.00 0.99 1.00 1.00 1.00 0.08 0.01 0.01 0.05 0.15 -1 0
Result 0 -1.0 160 0.45 0.24 0.27 0.14 0.17 0.18 -1 -1 -1 -1 -1
Evo 1.33 1.00 1.00 1.00 1.00 1.00 1.00 0.00 0.00 0.17 0.18 0.43 -1 1
Result 0 0.0 665 0.48 0.21 0.17 0.20 0.19 0.22 -1 -1 -1 -1 -1
Evo 7.17 0.00 1.00 0.97 1.00 1.00 1.00 0.18 0.02 0.04 0.04 0.14 -1 1
Result 0 -1.0 94 0.51 0.23 0.19 0.12 0.19 0.27 -1 -1 -1 -1 -1
Evo 1.38 1.00 1.00 1.00 1.00 1.00 1.00 0.00 0.00 0.00 0.04 0.16 -1 0
Result 0 -1.0 88 0.46 0.16 0.21 0.24 0.20 0.19 -1 -1 -1 -1 -1
Evo 2.54 0.00 1.00 1.00 1.00 1.00 1.00 0.04 0.00 0.48 0.21 0.31 -1 0
Result 0 1.0 723 0.46 0.18 0.19 0.24 0.19 0.19 -1 -1 -1 -1 -1
Evo 2.50 1.00 1.00 1.00 1.00 1.00 1.00 0.00 0.00 0.00 0.08 0.24 -1 1
Result 0 -1.0 406 0.48 0.18 0.20 0.19 0.22 0.21 -1 -1 -1 -1 -1
Evo 1.43 0.00 1.00 0.99 1.00 1.00 1.00 0.09 0.01 0.01 0.05 0.19 -1 0
Result 0 -1.0 135 0.46 0.17 0.22 0.18 0.24 0.19 -1 -1 -1 -1 -1
Evo 1.38 0.00 1.00 1.00 1.00 1.00 1.00 0.03 0.00 0.00 0.23 0.37 -1 2
Result 0 -1.0 1493 0.47 0.20 0.20 0.18 0.21 0.21 -1 -1 -1 -1 -1
Evo 8.15 0.00 1.00 0.99 1.00 1.00 1.00 0.08 0.01 0.01 0.06 0.19 -1 0
Result 0 -1.0 143 0.48 0.14 0.21 0.19 0.24 0.22 -1 -1 -1 -1 -1
Evo 4.43 0.00 1.00 0.99 1.00 1.00 1.00 0.10 0.01 0.02 0.03 0.13 -1 0
Result 0 -1.0 94 0.53 0.22 0.17 0.09 0.19 0.33 -1 -1 -1 -1 -1
Evo 2.54 1.00 1.00 1.00 1.00 1.00 1.00 0.00 0.00 0.00 0.09 0.28 -1 1
Result 0 -1.0 254 0.48 0.24 0.19 0.18 0.17 0.22 -1 -1 -1 -1 -1
Evo 1.71 1.00 1.00 1.00 1.00 1.00 1.00 0.00 0.00 0.00 0.08 0.22 -1 0
Result 0 -1.0 236 0.47 0.16 0.21 0.19 0.24 0.20 -1 -1 -1 -1 -1
Evo 1.90 0.00 1.00 0.96 1.00 1.00 1.00 0.20 0.02 0.06 0.03 0.10 -1 2
Result 0 -1.0 69 0.52 0.14 0.20 0.09 0.29 0.29 -1 -1 -1 -1 -1
Evo 2.33 0.00 1.00 0.99 1.00 1.00 1.00 0.08 0.00 0.01 0.17 0.31 -1 0
Result 0 -1.0 445 0.48 0.22 0.18 0.20 0.18 0.22 -1 -1 -1 -1 -1
Evo 3.39 0.00 1.00 0.99 1.00 1.00 1.00 0.08 0.00 0.52 0.21 0.39 -1 0
Result 0 0.0 639 0.43 0.19 0.22 0.21 0.21 0.17 -1 -1 -1 -1 -1
Evo 1.18 1.00 1.00 1.00 1.00 1.00 1.00 0.00 0.00 0.07 0.27 0.44 -1 0
Result 0 0.0 591 0.44 0.22 0.21 0.19 0.20 0.18 -1 -1 -1 -1 -1
Evo 1.02 0.00 1.00 0.98 1.00 1.00 1.00 0.12 0.02 0.02 0.02 0.11 -1 1
Result 0 -1.0 63 0.45 0.22 0.13 0.28 0.19 0.19 -1 -1 -1 -1 -1
Evo 3.00 1.00 1.00 1.00 1.00 1.00 1.00 0.00 0.00 0.00 0.12 0.27 -1 0
Result 0 -1.0 274 0.48 0.21 0.19 0.18 0.20 0.22 -1 -1 -1 -1 -1
Evo 1.01 0.00 1.00 0.99 1.00 1.00 1.00 0.09 0.01 0.01 0.06 0.18 -1 1
Result 0 -1.0 135 0.48 0.18 0.23 0.19 0.19 0.21 -1 -1 -1 -1 -1
Evo 1.66 0.00 1.00 0.99 1.00 1.00 1.00 0.07 0.00 0.01 0.29 0.48 -1 5
Result 0 0.0 1500 0.46 0.21 0.21 0.20 0.20 0.20 -1 -1 -1 -1 -1
Evo 1.81 1.00 1.00 1.00 1.00 1.00 1.00 0.00 0.00 0.00 0.13 0.22 -1 3
Result 0 -1.0 295 0.43 0.16 0.23 0.21 0.24 0.17 -1 -1 -1 -1 -1
Evo 1.24 1.00 1.00 1.00 1.00 1.00 1.00 0.00 0.00 0.07 0.15 0.31 -1 18
Result 0 0.0 516 0.44 0.21 0.21 0.19 0.23 0.17 -1 -1 -1 -1 -1
Evo 1.46 1.00 1.00 1.00 1.00 1.00 1.00 0.00 0.00 0.02 0.14 0.32 -1 7
Result 0 -1.0 191 0.44 0.21 0.19 0.23 0.19 0.17 -1 -1 -1 -1 -1
Evo 4.23 1.00 1.00 1.00 1.00 1.00 1.00 0.00 0.00 0.48 0.29 0.40 -1 20
Result 0 0.0 713 0.46 0.19 0.18 0.22 0.22 0.19 -1 -1 -1 -1 -1
Evo 1.31 0.00 1.00 0.99 1.00 1.00 1.00 0.08 0.00 0.53 0.27 0.39 -1 0
Result 0 1.0 1500 0.46 0.20 0.20 0.21 0.19 0.20 -1 -1 -1 -1 -1
Evo 1.04 1.00 1.00 1.00 1.00 1.00 1.00 0.00 0.00 0.00 0.14 0.25 -1 0
Result 0 -1.0 361 0.45 0.21 0.19 0.20 0.21 0.19 -1 -1 -1 -1 -1
Evo 1.91 1.00 1.00 1.00 1.00 1.00 1.00 0.00 0.00 0.09 0.17 0.35 -1 5
Result 0 0.0 398 0.42 0.21 0.17 0.25 0.22 0.16 -1 -1 -1 -1 -1
Evo 1.36 0.00 1.00 1.00 1.00 1.00 1.00 0.07 0.00 0.02 0.25 0.45 -1 29
Result 0 -1.0 696 0.48 0.21 0.19 0.20 0.18 0.22 -1 -1 -1 -1 -1
Evo 1.51 0.00 1.00 1.00 1.00 1.00 1.00 0.05 0.00 0.00 0.15 0.24 -1 3
Result 0 -1.0 405 0.47 0.19 0.24 0.17 0.19 0.20 -1 -1 -1 -1 -1
Evo 1.58 1.00 1.00 1.00 1.00 1.00 1.00 0.00 0.00 0.48 0.26 0.41 -1 6
Result 0 1.0 820 0.44 0.22 0.18 0.21 0.21 0.18 -1 -1 -1 -1 -1
Evo 2.07 1.00 1.00 1.00 1.00 1.00 1.00 0.00 0.00 0.00 0.12 0.24 -1 31
Result 0 -1.0 349 0.43 0.20 0.20 0.23 0.21 0.17 -1 -1 -1 -1 -1
Evo 2.50 0.00 1.00 1.00 1.00 1.00 1.00 0.04 0.00 0.00 0.17 0.32 -1 40
Result 0 -1.0 1285 0.46 0.20 0.23 0.18 0.20 0.19 -1 -1 -1 -1 -1
Evo 1.09 1.00 1.00 1.00 1.00 1.00 1.00 0.00 0.00 0.00 0.16 0.28 -1 34
Result 0 -1.0 564 0.46 0.23 0.19 0.20 0.18 0.20 -1 -1 -1 -1 -1
Evo 2.17 0.00 1.00 1.00 1.00 1.00 1.00 0.04 0.00 0.00 0.18 0.33 -1 11
Result 0 -1.0 743 0.47 0.23 0.20 0.15 0.22 0.21 -1 -1 -1 -1 -1
Evo 1.50 1.00 1.00 1.00 1.00 1.00 1.00 0.00 0.00 0.00 0.15 0.26 -1 55
Result 0 -1.0 510 0.47 0.19 0.20 0.20 0.20 0.21 -1 -1 -1 -1 -1
Evo 1.12 1.00 1.00 1.00 1.00 1.00 1.00 0.00 0.00 0.00 0.31 0.42 -1 7
Result 0 -1.0 1173 0.46 0.20 0.20 0.19 0.21 0.20 -1 -1 -1 -1 -1
Evo 1.62 1.00 1.00 1.00 1.00 1.00 1.00 0.00 0.00 0.31 0.15 0.32 -1 24
Result 0 0.0 280 0.44 0.19 0.21 0.22 0.21 0.17 -1 -1 -1 -1 -1
Evo 1.52 1.00 1.00 1.00 1.00 1.00 1.00 0.00 0.00 0.17 0.36 0.50 -1 66
Result 0 0.0 1460 0.45 0.21 0.20 0.20 0.19 0.19 -1 -1 -1 -1 -1
Evo 1.86 1.00 1.00 1.00 1.00 1.00 1.00 0.00 0.00 0.00 0.13 0.25 -1 6
Result 0 -1.0 425 0.44 0.24 0.17 0.20 0.20 0.18 -1 -1 -1 -1 -1
Evo 2.16 0.00 1.00 0.99 1.00 1.00 1.00 0.07 0.00 0.01 0.42 0.55 -1 7
Result 0 0.0 1500 0.46 0.20 0.21 0.19 0.20 0.19 -1 -1 -1 -1 -1
Evo 2.88 1.00 1.00 1.00 1.00 1.00 1.00 0.00 0.00 0.00 0.11 0.22 -1 15
Result 0 -1.0 368 0.42 0.21 0.19 0.22 0.23 0.16 -1 -1 -1 -1 -1
Evo 1.80 0.00 1.00 1.00 1.00 1.00 1.00 0.04 0.00 0.00 0.21 0.33 -1 20
Result 0 -1.0 600 0.46 0.20 0.20 0.20 0.20 0.20 -1 -1 -1 -1 -1
Evo 1.39 1.00 1.00 1.00 1.00 1.00 1.00 0.00 0.00 0.00 0.05 0.13 -1 1
Result 0 -1.0 71 0.49 0.18 0.21 0.11 0.26 0.24 -1 -1 -1 -1 -1
Evo 1.19 1.00 1.00 1.00 1.00 1.00 1.00 0.00 0.00 0.00 0.04 0.12 -1 1
Result 0 -1.0 135 0.45 0.18 0.17 0.25 0.21 0.18 -1 -1 -1 -1 -1
Evo 1.39 0.00 1.00 0.99 1.00 1.00 1.00 0.07 0.00 0.51 0.30 0.41 -1 7
Result 0 2.0 1500 0.45 0.21 0.21 0.20 0.19 0.19 -1 -1 -1 -1 -1
Evo 2.54 0.00 1.00 0.99 1.00 1.00 1.00 0.08 0.00 0.01 0.31 0.47 -1 8
Result 0 -1.0 1498 0.47 0.18 0.21 0.18 0.22 0.21 -1 -1 -1 -1 -1
Evo 1.84 0.00 1.00 1.00 1.00 1.00 1.00 0.03 0.00 0.00 0.17 0.25 -1 12
Result 0 -1.0 895 0.44 0.20 0.22 0.20 0.19 0.18 -1 -1 -1 -1 -1
Evo 3.27 1.00 1.00 1.00 1.00 1.00 1.00 0.00 0.00 0.00 0.09 0.20 -1 16
Result 0 -1.0 227 0.47 0.20 0.19 0.23 0.18 0.21 -1 -1 -1 -1 -1
Evo 1.16 1.00 1.00 1.00 1.00 1.00 1.00 0.00 0.00 0.00 0.21 0.35 -1 2
Result 0 -1.0 551 0.48 0.18 0.19 0.20 0.20 0.22 -1 -1 -1 -1 -1
Evo 1.27 1.00 1.00 1.00 1.00 1.00 1.00 0.00 0.00 0.00 0.06 0.13 -1 3
Result 0 -1.0 92 0.42 0.27 0.20 0.24 0.13 0.16 -1 -1 -1 -1 -1
Evo 1.29 1.00 1.00 1.00 1.00 1.00 1.00 0.00 0.00 0.00 0.12 0.20 -1 7
Result 0 -1.0 425 0.43 0.22 0.20 0.18 0.23 0.16 -1 -1 -1 -1 -1
Evo 1.30 1.00 1.00 1.00 1.00 1.00 1.00 0.00 0.00 0.00 0.20 0.36 -1 1
Result 0 -1.0 562 0.46 0.22 0.19 0.21 0.18 0.20 -1 -1 -1 -1 -1
Evo 1.23 0.00 1.00 0.99 1.00 1.00 1.00 0.07 0.00 0.34 0.28 0.40 -1 0
Result 0 2.0 1500 0.46 0.19 0.20 0.21 0.21 0.20 -1 -1 -1 -1 -1
Evo 1.46 1.00 1.00 1.00 1.00 1.00 1.00 0.00 0.00 0.01 0.20 0.36 -1 5
Result 0 -1.0 480 0.47 0.20 0.18 0.24 0.17 0.21 -1 -1 -1 -1 -1
Evo 1.34 1.00 1.00 1.00 1.00 1.00 1.00 0.00 0.00 0.30 0.24 0.42 -1 6
Result 0 0.0 958 0.47 0.18 0.21 0.21 0.18 0.21 -1 -1 -1 -1 -1
Evo 1.75 0.00 1.00 1.00 1.00 1.00 1.00 0.04 0.00 0.00 0.13 0.21 -1 14
Result 0 -1.0 526 0.43 0.20 0.22 0.20 0.22 0.16 -1 -1 -1 -1 -1
Evo 1.54 1.00 1.00 1.00 1.00 1.00 1.00 0.00 0.00 0.48 0.33 0.49 -1 0
Result 0 0.0 1133 0.47 0.20 0.19 0.19 0.21 0.20 -1 -1 -1 -1 -1
Evo 1.33 1.00 1.00 1.00 1.00 1.00 1.00 0.00 0.00 0.00 0.11 0.27 -1 20
Result 0 -1.0 349 0.45 0.21 0.21 0.22 0.17 0.19 -1 -1 -1 -1 -1
Evo 1.83 1.00 1.00 1.00 1.00 1.00 1.00 0.00 0.00 0.00 0.21 0.34 -1 13
Result 0 -1.0 458 0.45 0.20 0.21 0.20 0.21 0.18 -1 -1 -1 -1 -1
