Evo 2.13 0.00 1.00 0.63 0.00 1.00 1.00 0.48 0.04 0.42 0.08 0.27 -1 49
Result 0 0.0 137 0.52 0.25 0.28 0.16 0.17 0.14 -1 -1 -1 -1 -1
Evo 2.04 0.00 1.00 1.00 1.00 1.00 1.00 0.04 0.00 0.26 0.35 0.62 1893 67
Result 1 10.0 1900 0.40 0.21 0.15 0.21 0.22 0.22 -1 -1 -1 -1 -1
Evo 2.41 0.50 1.00 0.50 0.50 0.50 0.50 0.03 0.00 0.03 0.31 0.49 1893 64
Result 1 1.0 1900 0.40 0.21 0.14 0.21 0.22 0.22 -1 -1 -1 -1 -1
Evo 4.24 0.00 1.00 0.50 0.50 0.50 0.50 0.04 0.00 0.22 0.50 0.70 1893 71
Result 1 10.0 1900 0.45 0.21 0.19 0.23 0.19 0.19 -1 -1 -1 -1 -1
Evo 3.71 0.00 0.50 0.50 0.50 0.50 0.50 0.03 0.00 0.02 0.24 0.46 -1 78
Result 0 0.0 1014 0.41 0.25 0.15 0.18 0.21 0.21 -1 -1 -1 -1 -1
Evo 3.18 0.00 0.50 0.50 0.50 0.50 0.50 0.03 0.00 0.03 0.10 0.30 -1 60
Result 0 0.0 250 0.42 0.20 0.16 0.22 0.22 0.21 -1 -1 -1 -1 -1
Evo 4.95 0.00 0.50 0.50 0.50 0.50 0.50 0.02 0.00 0.02 0.24 0.59 -1 61
Result 0 0.0 507 0.42 0.22 0.16 0.22 0.19 0.20 -1 -1 -1 -1 -1
Evo 1.46 0.00 0.50 0.50 0.50 0.50 0.50 0.04 0.00 0.05 0.09 0.28 -1 42
Result 0 0.0 133 0.40 0.24 0.14 0.22 0.23 0.16 -1 -1 -1 -1 -1
Evo 2.15 0.00 0.50 0.50 0.50 0.50 0.50 0.02 0.00 0.02 0.20 0.41 -1 84
Result 0 0.0 519 0.44 0.20 0.18 0.18 0.22 0.22 -1 -1 -1 -1 -1
Evo 2.48 0.00 0.50 0.50 0.50 0.50 0.50 0.02 0.00 0.01 0.33 0.55 -1 113
Result 0 0.0 941 0.41 0.22 0.15 0.21 0.19 0.23 -1 -1 -1 -1 -1
Evo 1.86 0.00 0.50 0.50 0.50 0.50 0.50 0.03 0.00 0.03 0.16 0.40 -1 48
Result 0 0.0 272 0.42 0.22 0.16 0.22 0.19 0.22 -1 -1 -1 -1 -1
Evo 2.72 0.00 0.50 0.50 0.50 0.50 0.50 0.02 0.00 0.41 0.37 0.63 -1 51
Result 0 10.0 1222 0.45 0.21 0.18 0.20 0.21 0.20 -1 -1 -1 -1 -1
Evo 3.71 0.00 1.00 0.50 0.50 0.50 0.50 0.03 0.00 0.01 0.53 0.69 1893 47
Result 1 10.0 1900 0.45 0.21 0.18 0.20 0.21 0.20 -1 -1 -1 -1 -1
Evo 3.08 0.00 1.00 0.50 0.50 0.50 0.50 0.04 0.00 0.01 0.40 0.65 1893 97
Result 1 1.0 1900 0.43 0.22 0.16 0.21 0.22 0.20 -1 -1 -1 -1 -1
Evo 2.14 0.00 0.50 0.50 0.50 0.50 0.50 0.04 0.00 0.05 0.09 0.29 -1 46
Result 0 0.0 270 0.41 0.22 0.15 0.18 0.20 0.25 -1 -1 -1 -1 -1
Evo 3.33 0.00 0.50 0.50 0.50 0.50 0.50 0.03 0.00 0.51 0.30 0.50 -1 123
Result 0 10.0 1202 0.46 0.21 0.20 0.20 0.16 0.24 -1 -1 -1 -1 -1
Evo 2.60 0.50 1.00 0.50 0.50 0.50 0.50 0.03 0.00 0.29 0.40 0.65 1893 62
Result 1 40.0 1900 0.44 0.22 0.18 0.20 0.19 0.21 -1 -1 -1 -1 -1
Evo 2.62 0.50 1.00 0.50 0.50 0.50 0.50 0.03 0.00 0.23 0.40 0.59 1893 48
Result 1 10.0 1900 0.42 0.21 0.16 0.21 0.21 0.22 -1 -1 -1 -1 -1
Evo 2.36 0.00 0.50 0.50 0.50 0.50 0.50 0.02 0.00 0.53 0.22 0.48 -1 87
Result 0 10.0 567 0.45 0.18 0.19 0.20 0.21 0.22 -1 -1 -1 -1 -1
Evo 1.97 0.50 1.00 0.50 0.50 0.50 0.50 0.03 0.00 0.03 0.39 0.62 1893 117
Result 1 1.0 1900 0.41 0.21 0.15 0.22 0.22 0.20 -1 -1 -1 -1 -1
Evo 2.15 0.00 0.50 0.50 0.50 0.50 0.50 0.03 0.00 0.46 0.30 0.53 -1 95
Result 0 10.0 920 0.41 0.22 0.15 0.21 0.20 0.22 -1 -1 -1 -1 -1
Evo 2.56 0.00 0.50 0.50 0.50 0.50 0.50 0.02 0.00 0.11 0.26 0.49 -1 52
Result 0 0.0 789 0.47 0.19 0.21 0.21 0.18 0.20 -1 -1 -1 -1 -1
Evo 4.31 0.00 0.50 0.50 0.50 0.50 0.50 0.02 0.00 0.32 0.25 0.51 -1 44
Result 0 10.0 469 0.47 0.16 0.21 0.22 0.22 0.20 -1 -1 -1 -1 -1
Evo 2.38 0.00 0.50 0.50 0.50 0.50 0.50 0.02 0.00 0.01 0.15 0.32 -1 56
Result 0 0.0 772 0.42 0.21 0.16 0.18 0.23 0.22 -1 -1 -1 -1 -1
Evo 4.13 0.00 0.50 0.50 0.50 0.50 0.50 0.02 0.00 0.01 0.36 0.49 -1 39
Result 0 0.0 1719 0.41 0.21 0.15 0.20 0.21 0.23 -1 -1 -1 -1 -1
Evo 2.86 0.00 1.00 0.50 0.50 0.50 0.50 0.04 0.00 0.03 0.36 0.58 1893 58
Result 1 1.0 1900 0.42 0.20 0.16 0.20 0.22 0.22 -1 -1 -1 -1 -1
Evo 2.76 0.00 0.50 0.50 0.50 0.50 0.50 0.02 0.00 0.01 0.34 0.53 -1 58
Result 0 0.0 1351 0.42 0.22 0.16 0.20 0.21 0.21 -1 -1 -1 -1 -1
Evo 3.89 0.00 0.50 0.50 0.50 0.50 0.50 0.02 0.00 0.02 0.19 0.39 -1 88
Result 0 0.0 427 0.45 0.21 0.18 0.21 0.20 0.20 -1 -1 -1 -1 -1
Evo 1.98 0.00 0.50 0.50 0.50 0.50 0.50 0.02 0.00 0.01 0.28 0.50 -1 97
Result 0 0.0 956 0.41 0.20 0.15 0.22 0.24 0.19 -1 -1 -1 -1 -1
Evo 1.04 0.00 0.50 0.49 0.50 0.50 0.50 0.06 0.01 0.09 0.05 0.18 -1 42
Result 0 0.0 69 0.49 0.20 0.23 0.24 0.10 0.23 -1 -1 -1 -1 -1
Evo 1.71 0.00 0.50 0.50 0.50 0.50 0.50 0.03 0.00 0.03 0.15 0.38 -1 34
Result 0 0.0 294 0.46 0.20 0.19 0.18 0.24 0.19 -1 -1 -1 -1 -1
Evo 2.87 0.00 0.50 0.50 0.50 0.50 0.50 0.02 0.00 0.01 0.37 0.55 -1 48
Result 0 0.0 1880 0.39 0.23 0.14 0.21 0.21 0.22 -1 -1 -1 -1 -1
Evo 2.30 0.00 0.50 0.50 0.50 0.50 0.50 0.02 0.00 0.36 0.30 0.46 -1 94
Result 0 10.0 1062 0.42 0.19 0.16 0.22 0.20 0.23 -1 -1 -1 -1 -1
Evo 2.62 0.00 0.50 0.50 0.50 0.50 0.50 0.02 0.00 0.01 0.19 0.35 -1 61
Result 0 0.0 724 0.43 0.19 0.17 0.19 0.23 0.22 -1 -1 -1 -1 -1
Evo 1.87 0.00 0.50 0.50 0.50 0.50 0.50 0.02 0.00 0.02 0.16 0.32 -1 102
Result 0 0.0 577 0.41 0.19 0.15 0.21 0.22 0.23 -1 -1 -1 -1 -1
Evo 3.08 0.00 1.00 0.50 0.50 0.50 0.50 0.04 0.00 0.01 0.41 0.64 1893 57
Result 1 20.0 1900 0.43 0.24 0.16 0.20 0.19 0.21 -1 -1 -1 -1 -1
Evo 3.43 0.00 0.50 0.50 0.50 0.50 0.50 0.03 0.00 0.03 0.17 0.37 -1 51
Result 0 0.0 565 0.46 0.21 0.19 0.20 0.20 0.20 -1 -1 -1 -1 -1
Evo 2.94 0.50 1.00 0.50 0.50 0.50 0.50 0.03 0.00 0.37 0.48 0.68 1893 59
Result 1 20.0 1900 0.41 0.22 0.15 0.22 0.20 0.20 -1 -1 -1 -1 -1
Evo 3.23 0.00 0.50 0.50 0.50 0.50 0.50 0.03 0.00 0.48 0.34 0.47 -1 72
Result 0 10.0 1676 0.43 0.21 0.17 0.19 0.19 0.23 -1 -1 -1 -1 -1
Evo 1.83 0.00 0.50 0.50 0.50 0.50 0.50 0.04 0.00 0.05 0.08 0.24 -1 93
Result 0 0.0 259 0.42 0.24 0.16 0.18 0.20 0.21 -1 -1 -1 -1 -1
Evo 3.64 0.00 0.50 0.50 0.50 0.50 0.50 0.01 0.00 0.13 0.51 0.70 -1 45
Result 0 30.0 1844 0.46 0.22 0.19 0.20 0.20 0.19 -1 -1 -1 -1 -1
Evo 3.94 0.00 0.50 0.50 0.50 0.50 0.50 0.02 0.00 0.02 0.19 0.37 -1 77
Result 0 0.0 452 0.44 0.25 0.17 0.17 0.19 0.22 -1 -1 -1 -1 -1
Evo 4.18 0.00 1.00 0.50 0.50 0.50 0.50 0.03 0.00 0.26 0.30 0.55 1893 80
Result 1 10.0 1900 0.40 0.21 0.14 0.21 0.21 0.23 -1 -1 -1 -1 -1
Evo 2.58 0.00 0.50 0.50 0.50 0.50 0.50 0.02 0.00 0.53 0.35 0.60 -1 48
Result 0 20.0 1890 0.40 0.21 0.14 0.21 0.21 0.22 -1 -1 -1 -1 -1
Evo 2.55 0.00 0.50 0.50 0.50 0.50 0.50 0.02 0.00 0.02 0.18 0.35 -1 69
Result 0 0.0 449 0.43 0.23 0.17 0.22 0.18 0.20 -1 -1 -1 -1 -1
Evo 4.61 0.00 0.50 0.50 0.50 0.50 0.50 0.03 0.00 0.02 0.12 0.30 -1 57
Result 0 0.0 352 0.44 0.15 0.17 0.21 0.24 0.22 -1 -1 -1 -1 -1
Evo 3.27 0.00 0.50 0.50 0.50 0.50 0.50 0.03 0.00 0.53 0.42 0.67 -1 59
Result 0 30.0 1640 0.43 0.22 0.17 0.20 0.23 0.19 -1 -1 -1 -1 -1
Evo 3.07 0.00 1.00 0.50 0.50 0.50 0.50 0.03 0.00 0.28 0.38 0.67 1893 84
Result 1 40.0 1900 0.44 0.21 0.17 0.20 0.19 0.23 -1 -1 -1 -1 -1
Evo 4.00 0.50 1.00 0.50 0.50 0.50 0.50 0.03 0.00 0.42 0.42 0.62 1893 50
Result 1 50.0 1900 0.43 0.23 0.16 0.21 0.19 0.20 -1 -1 -1 -1 -1
Evo 2.47 0.00 0.50 0.50 0.50 0.50 0.50 0.03 0.00 0.43 0.22 0.48 -1 53
Result 0 10.0 632 0.44 0.20 0.17 0.22 0.20 0.21 -1 -1 -1 -1 -1
Evo 5.51 0.00 0.50 0.50 0.50 0.50 0.50 0.02 0.00 0.42 0.23 0.45 -1 88
Result 0 10.0 749 0.41 0.20 0.15 0.22 0.19 0.24 -1 -1 -1 -1 -1
Evo 2.37 0.00 0.50 0.50 0.50 0.50 0.50 0.03 0.00 0.03 0.08 0.28 -1 46
Result 0 0.0 256 0.46 0.21 0.20 0.22 0.18 0.19 -1 -1 -1 -1 -1
Evo 2.67 0.00 0.50 0.50 0.50 0.50 0.50 0.02 0.00 0.02 0.16 0.35 -1 46
Result 0 0.0 530 0.44 0.18 0.18 0.18 0.21 0.24 -1 -1 -1 -1 -1
Evo 3.12 0.00 0.50 0.50 0.50 0.50 0.50 0.03 0.00 0.28 0.26 0.56 -1 80
Result 0 10.0 753 0.43 0.23 0.17 0.19 0.21 0.21 -1 -1 -1 -1 -1
Evo 3.62 0.00 0.50 0.50 0.50 0.50 0.50 0.02 0.00 0.49 0.42 0.64 -1 43
Result 0 30.0 1566 0.45 0.20 0.19 0.20 0.20 0.22 -1 -1 -1 -1 -1
Evo 2.81 0.50 1.00 0.50 0.50 0.50 0.50 0.03 0.00 0.03 0.47 0.65 1893 78
Result 1 10.0 1900 0.43 0.20 0.17 0.21 0.21 0.22 -1 -1 -1 -1 -1
Evo 3.86 0.00 1.00 0.50 0.50 0.50 0.50 0.03 0.00 0.47 0.44 0.60 1893 57
Result 1 10.0 1900 0.42 0.22 0.16 0.20 0.21 0.22 -1 -1 -1 -1 -1
Evo 2.60 0.00 0.50 0.50 0.50 0.50 0.50 0.04 0.00 0.04 0.09 0.32 -1 47
Result 0 0.0 166 0.47 0.22 0.21 0.19 0.16 0.23 -1 -1 -1 -1 -1
Evo 1.59 0.00 0.50 0.50 0.50 0.50 0.50 0.03 0.00 0.02 0.08 0.24 -1 178
Result 0 0.0 350 0.43 0.21 0.17 0.20 0.23 0.20 -1 -1 -1 -1 -1
Evo 1.87 0.00 0.50 0.50 0.50 0.50 0.50 0.02 0.00 0.02 0.15 0.33 -1 46
Result 0 0.0 432 0.43 0.19 0.17 0.23 0.21 0.20 -1 -1 -1 -1 -1
Evo 2.75 0.00 1.00 0.50 0.50 0.50 0.50 0.03 0.00 0.48 0.48 0.67 1893 44
Result 1 20.0 1900 0.43 0.20 0.17 0.22 0.21 0.21 -1 -1 -1 -1 -1
Evo 3.21 0.00 0.50 0.50 0.50 0.50 0.50 0.02 0.00 0.02 0.18 0.35 -1 70
Result 0 0.0 960 0.41 0.22 0.15 0.18 0.22 0.23 -1 -1 -1 -1 -1
Evo 3.65 0.00 0.50 0.50 0.50 0.50 0.50 0.04 0.00 0.25 0.24 0.48 -1 87
Result 0 20.0 623 0.45 0.20 0.19 0.21 0.18 0.22 -1 -1 -1 -1 -1
Evo 5.20 0.00 0.50 0.50 0.50 0.50 0.50 0.04 0.00 0.06 0.08 0.22 -1 39
Result 0 0.0 126 0.43 0.18 0.17 0.19 0.17 0.30 -1 -1 -1 -1 -1
Evo 8.40 0.00 0.50 0.49 0.50 0.50 0.50 0.06 0.00 0.08 0.12 0.28 -1 114
Result 0 0.0 302 0.46 0.19 0.19 0.24 0.23 0.14 -1 -1 -1 -1 -1
Evo 2.96 0.00 0.50 0.50 0.50 0.50 0.50 0.02 0.00 0.50 0.29 0.48 -1 112
Result 0 10.0 1048 0.44 0.21 0.17 0.21 0.21 0.19 -1 -1 -1 -1 -1
Evo 2.95 0.00 1.00 0.50 0.50 0.50 0.50 0.03 0.00 0.01 0.37 0.59 1893 58
Result 1 10.0 1900 0.40 0.23 0.14 0.22 0.22 0.20 -1 -1 -1 -1 -1
Evo 2.63 0.50 1.00 0.50 0.50 0.50 0.50 0.03 0.00 0.26 0.34 0.63 1893 87
Result 1 10.0 1900 0.41 0.23 0.15 0.20 0.21 0.21 -1 -1 -1 -1 -1
Evo 2.37 0.00 0.50 0.50 0.50 0.50 0.50 0.02 0.00 0.01 0.22 0.48 -1 100
Result 0 0.0 829 0.43 0.20 0.17 0.20 0.23 0.20 -1 -1 -1 -1 -1
Evo 3.62 0.00 1.00 0.50 0.50 0.50 0.50 0.03 0.00 0.38 0.41 0.57 1893 58
Result 1 20.0 1900 0.42 0.20 0.16 0.21 0.21 0.22 -1 -1 -1 -1 -1
Evo 4.55 0.00 0.50 0.50 0.50 0.50 0.50 0.01 0.00 0.39 0.41 0.64 -1 73
Result 0 20.0 1617 0.43 0.22 0.16 0.21 0.20 0.21 -1 -1 -1 -1 -1
Evo 3.60 0.00 0.50 0.50 0.50 0.50 0.50 0.02 0.00 0.02 0.27 0.56 -1 87
Result 0 0.0 1045 0.43 0.22 0.16 0.20 0.20 0.21 -1 -1 -1 -1 -1
Evo 2.05 0.00 0.50 0.50 0.50 0.50 0.50 0.03 0.00 0.03 0.13 0.36 -1 52
Result 0 0.0 278 0.43 0.21 0.16 0.23 0.21 0.19 -1 -1 -1 -1 -1
Evo 2.72 0.00 0.50 0.50 0.50 0.50 0.50 0.02 0.00 0.27 0.29 0.54 -1 77
Result 0 10.0 1006 0.42 0.23 0.16 0.21 0.21 0.20 -1 -1 -1 -1 -1
Evo 3.05 0.00 0.50 0.50 0.50 0.50 0.50 0.02 0.00 0.01 0.22 0.40 -1 94
Result 0 0.0 1450 0.42 0.23 0.16 0.22 0.22 0.17 -1 -1 -1 -1 -1
Evo 3.24 0.00 0.50 0.50 0.50 0.50 0.50 0.02 0.00 0.02 0.31 0.48 -1 48
Result 0 0.0 1771 0.42 0.22 0.16 0.19 0.22 0.21 -1 -1 -1 -1 -1
Evo 3.60 0.50 1.00 0.50 0.50 0.50 0.50 0.03 0.00 0.40 0.41 0.66 1893 80
Result 1 20.0 1900 0.42 0.21 0.16 0.21 0.22 0.21 -1 -1 -1 -1 -1
Evo 2.63 0.00 0.50 0.50 0.50 0.50 0.50 0.03 0.00 0.02 0.15 0.34 -1 49
Result 0 0.0 358 0.45 0.19 0.19 0.23 0.19 0.19 -1 -1 -1 -1 -1
Evo 1.05 0.00 0.50 0.50 0.50 0.50 0.50 0.05 0.00 0.06 0.06 0.19 -1 71
Result 0 0.0 109 0.46 0.15 0.20 0.19 0.20 0.25 -1 -1 -1 -1 -1
Evo 3.15 0.00 0.50 0.50 0.50 0.50 0.50 0.02 0.00 0.02 0.25 0.50 -1 56
Result 0 0.0 809 0.40 0.20 0.14 0.23 0.21 0.22 -1 -1 -1 -1 -1
Evo 2.49 0.00 0.50 0.50 0.50 0.50 0.50 0.01 0.00 0.01 0.27 0.48 -1 60
Result 0 0.0 1193 0.42 0.19 0.16 0.20 0.21 0.24 -1 -1 -1 -1 -1
Evo 2.89 0.00 0.50 0.50 0.50 0.50 0.50 0.03 0.00 0.03 0.15 0.32 -1 55
Result 0 0.0 291 0.45 0.16 0.19 0.22 0.18 0.25 -1 -1 -1 -1 -1
Evo 3.66 0.00 0.50 0.50 0.50 0.50 0.50 0.02 0.00 0.02 0.40 0.57 -1 75
Result 0 10.0 1496 0.43 0.22 0.17 0.20 0.19 0.22 -1 -1 -1 -1 -1
Evo 2.65 0.00 0.50 0.50 0.50 0.50 0.50 0.01 0.00 0.52 0.36 0.64 -1 98
Result 0 10.0 1516 0.42 0.21 0.16 0.21 0.21 0.22 -1 -1 -1 -1 -1
Evo 4.09 0.00 0.50 0.50 0.50 0.50 0.50 0.01 0.00 0.44 0.45 0.68 -1 106
Result 0 20.0 1863 0.46 0.22 0.19 0.20 0.19 0.20 -1 -1 -1 -1 -1
Evo 3.81 0.00 0.50 0.50 0.50 0.50 0.50 0.02 0.00 0.05 0.27 0.56 -1 37
Result 0 0.0 680 0.46 0.21 0.19 0.20 0.18 0.22 -1 -1 -1 -1 -1
Evo 3.00 0.50 1.00 0.50 0.50 0.50 0.50 0.03 0.00 0.25 0.49 0.69 1893 61
Result 1 30.0 1900 0.43 0.22 0.17 0.21 0.19 0.21 -1 -1 -1 -1 -1
Evo 3.17 0.00 1.00 0.50 0.50 0.50 0.50 0.03 0.00 0.09 0.55 0.70 1893 64
Result 1 30.0 1900 0.45 0.21 0.18 0.20 0.20 0.21 -1 -1 -1 -1 -1
Evo 5.80 0.00 0.50 0.50 0.50 0.50 0.50 0.04 0.00 0.05 0.07 0.22 -1 52
Result 0 0.0 136 0.50 0.12 0.25 0.26 0.15 0.22 -1 -1 -1 -1 -1
Evo 3.71 0.00 1.00 0.50 0.50 0.50 0.50 0.04 0.00 0.25 0.43 0.70 1893 82
Result 1 20.0 1900 0.42 0.22 0.16 0.20 0.21 0.21 -1 -1 -1 -1 -1
Evo 3.93 0.00 1.00 0.50 0.50 0.50 0.50 0.03 0.00 0.01 0.36 0.54 1893 128
Result 1 10.0 1900 0.43 0.19 0.16 0.22 0.21 0.21 -1 -1 -1 -1 -1
Evo 2.64 0.00 0.50 0.50 0.50 0.50 0.50 0.03 0.00 0.44 0.42 0.64 -1 47
Result 0 10.0 1072 0.44 0.21 0.18 0.20 0.20 0.22 -1 -1 -1 -1 -1
Evo 2.78 0.00 0.50 0.49 0.50 0.50 0.50 0.06 0.00 0.09 0.09 0.31 -1 52
Result 0 0.0 141 0.47 0.19 0.20 0.18 0.18 0.24 -1 -1 -1 -1 -1
Evo 3.02 0.00 1.00 0.50 0.50 0.50 0.50 0.04 0.00 0.21 0.38 0.58 1893 86
Result 1 10.0 1900 0.43 0.21 0.16 0.20 0.20 0.22 -1 -1 -1 -1 -1
Evo 2.72 0.00 1.00 0.50 0.50 0.50 0.50 0.03 0.00 0.44 0.48 0.71 1893 128
Result 1 10.0 1900 0.41 0.21 0.15 0.22 0.20 0.22 -1 -1 -1 -1 -1
Evo 2.19 0.00 0.50 0.50 0.50 0.50 0.50 0.02 0.00 0.01 0.18 0.40 -1 90
Result 0 0.0 636 0.44 0.19 0.17 0.21 0.20 0.22 -1 -1 -1 -1 -1
Evo 3.19 0.00 0.50 0.50 0.50 0.50 0.50 0.03 0.00 0.09 0.19 0.53 -1 39
Result 0 0.0 383 0.47 0.20 0.20 0.21 0.18 0.21 -1 -1 -1 -1 -1
Evo 2.55 0.00 1.00 0.50 0.50 0.50 0.50 0.03 0.00 0.03 0.35 0.53 1893 53
Result 1 1.0 1900 0.42 0.22 0.15 0.20 0.23 0.21 -1 -1 -1 -1 -1
Evo 4.58 0.00 0.50 0.50 0.50 0.50 0.50 0.01 0.00 0.07 0.38 0.61 -1 51
Result 0 0.0 1240 0.45 0.23 0.19 0.20 0.17 0.21 -1 -1 -1 -1 -1
Evo 2.63 0.00 0.50 0.50 0.50 0.50 0.50 0.01 0.00 0.20 0.52 0.69 -1 65
Result 0 20.0 1494 0.44 0.21 0.18 0.21 0.20 0.20 -1 -1 -1 -1 -1
