Evo 1.97 0.00 1.00 0.97 1.00 1.00 1.00 0.18 0.01 0.04 0.10 0.31 572 19
Result 1 8.0 579 0.44 0.17 0.19 0.16 0.17 0.13 0.18 -1 -1 -1 -1
Evo 1.59 0.50 1.00 0.51 0.50 0.50 0.50 0.06 0.00 0.34 0.09 0.31 530 20
Result 1 8.0 537 0.41 0.17 0.17 0.15 0.18 0.19 0.15 -1 -1 -1 -1
Evo 1.95 0.50 1.00 0.51 0.50 0.50 0.50 0.07 0.00 0.39 0.09 0.26 454 19
Result 1 8.0 462 0.41 0.15 0.15 0.18 0.14 0.19 0.18 -1 -1 -1 -1
Evo 1.80 0.50 1.00 0.51 0.50 0.50 0.50 0.05 0.00 0.42 0.10 0.27 977 18
Result 1 8.0 988 0.46 0.19 0.15 0.16 0.17 0.17 0.16 -1 -1 -1 -1
Evo 1.40 0.50 1.00 0.51 0.50 0.50 0.50 0.06 0.00 0.15 0.10 0.29 520 19
Result 1 8.0 528 0.43 0.17 0.15 0.15 0.19 0.15 0.19 -1 -1 -1 -1
Evo 1.37 0.50 1.00 0.50 0.50 0.50 0.50 0.05 0.00 0.29 0.14 0.34 909 19
Result 1 8.0 916 0.40 0.14 0.18 0.16 0.16 0.16 0.19 -1 -1 -1 -1
Evo 1.27 0.50 1.00 0.51 0.50 0.50 0.50 0.08 0.00 0.31 0.08 0.29 479 17
Result 1 8.0 493 0.42 0.16 0.18 0.13 0.16 0.17 0.20 -1 -1 -1 -1
Evo 1.33 0.50 1.00 0.51 0.50 0.50 0.50 0.05 0.00 0.13 0.13 0.32 633 20
Result 1 8.0 845 0.43 0.16 0.18 0.15 0.18 0.17 0.16 -1 -1 -1 -1
Evo 1.56 0.50 1.00 0.50 0.50 0.50 0.50 0.04 0.00 0.49 0.15 0.38 993 24
Result 1 7.0 1000 0.43 0.15 0.16 0.17 0.17 0.19 0.17 -1 -1 -1 -1
Evo 1.49 0.50 1.00 0.51 0.50 0.50 0.50 0.05 0.00 0.10 0.15 0.38 815 14
Result 1 8.0 825 0.46 0.19 0.16 0.17 0.15 0.16 0.16 -1 -1 -1 -1
Evo 2.28 0.50 1.00 0.51 0.50 0.50 0.50 0.07 0.00 0.22 0.15 0.33 575 21
Result 1 7.0 1000 0.46 0.15 0.17 0.17 0.15 0.17 0.19 -1 -1 -1 -1
Evo 1.73 0.50 1.00 0.50 0.50 0.50 0.50 0.05 0.00 0.48 0.15 0.35 910 21
Result 1 8.0 917 0.42 0.18 0.18 0.16 0.16 0.17 0.16 -1 -1 -1 -1
Evo 1.60 0.50 1.00 0.50 0.50 0.50 0.50 0.05 0.00 0.23 0.12 0.31 703 18
Result 1 8.0 711 0.44 0.16 0.17 0.18 0.15 0.18 0.17 -1 -1 -1 -1
Evo 1.44 0.50 1.00 0.50 0.50 0.50 0.50 0.04 0.00 0.20 0.19 0.46 993 20
Result 1 7.0 1000 0.43 0.17 0.18 0.14 0.18 0.15 0.18 -1 -1 -1 -1
Evo 1.72 0.50 1.00 0.52 0.50 0.50 0.50 0.09 0.00 0.26 0.10 0.34 554 19
Result 1 8.0 580 0.42 0.16 0.18 0.17 0.16 0.15 0.18 -1 -1 -1 -1
Evo 1.94 0.50 1.00 0.51 0.50 0.50 0.50 0.06 0.00 0.16 0.10 0.24 717 17
Result 1 8.0 729 0.43 0.17 0.17 0.16 0.16 0.18 0.16 -1 -1 -1 -1
Evo 1.28 0.50 1.00 0.51 0.50 0.50 0.50 0.06 0.00 0.12 0.14 0.33 904 10
Result 1 7.0 1000 0.43 0.17 0.19 0.17 0.16 0.15 0.16 -1 -1 -1 -1
Evo 1.36 0.50 1.00 0.50 0.50 0.50 0.50 0.05 0.00 0.26 0.11 0.33 914 24
Result 1 8.0 921 0.41 0.17 0.18 0.15 0.16 0.18 0.15 -1 -1 -1 -1
Evo 1.67 0.50 1.00 0.51 0.50 0.50 0.50 0.06 0.00 0.15 0.14 0.38 507 16
Result 1 8.0 914 0.43 0.17 0.16 0.17 0.17 0.16 0.17 -1 -1 -1 -1
Evo 1.37 0.50 1.00 0.51 0.50 0.50 0.50 0.06 0.00 0.33 0.06 0.19 515 61
Result 1 8.0 528 0.44 0.18 0.17 0.16 0.14 0.16 0.18 -1 -1 -1 -1
Evo 1.32 0.50 1.00 0.50 0.50 0.50 0.50 0.04 0.00 0.41 0.14 0.34 993 6
Result 1 8.0 1000 0.41 0.15 0.17 0.16 0.17 0.16 0.17 -1 -1 -1 -1
Evo 1.63 0.50 1.00 0.50 0.50 0.50 0.50 0.04 0.00 0.25 0.15 0.33 826 1
Result 1 9.0 830 0.42 0.15 0.16 0.17 0.19 0.17 0.16 -1 -1 -1 -1
Evo 2.29 0.50 1.00 0.51 0.50 0.50 0.50 0.06 0.00 0.17 0.08 0.29 554 12
Result 1 9.0 561 0.44 0.14 0.15 0.19 0.17 0.17 0.17 -1 -1 -1 -1
Evo 1.37 0.50 1.00 0.50 0.50 0.50 0.50 0.04 0.00 0.32 0.13 0.32 993 1
Result 1 8.0 1000 0.42 0.16 0.15 0.16 0.20 0.17 0.16 -1 -1 -1 -1
Evo 4.08 0.00 0.50 0.46 0.50 0.50 0.50 0.13 0.02 0.44 0.01 0.08 -1 19
Result 0 1.0 39 0.33 0.25 0.30 0.13 0.08 0.15 0.10 -1 -1 -1 -1
Evo 1.40 0.50 1.00 0.51 0.50 0.50 0.50 0.07 0.00 0.04 0.14 0.31 813 6
Result 1 8.0 1000 0.46 0.14 0.18 0.17 0.16 0.16 0.19 -1 -1 -1 -1
Evo 1.66 0.50 1.00 0.51 0.50 0.50 0.50 0.07 0.00 0.10 0.08 0.27 494 24
Result 1 9.0 505 0.43 0.16 0.14 0.18 0.20 0.14 0.18 -1 -1 -1 -1
Evo 1.61 0.50 1.00 0.50 0.50 0.50 0.50 0.04 0.00 0.23 0.15 0.35 993 5
Result 1 8.0 1000 0.44 0.18 0.14 0.19 0.17 0.15 0.18 -1 -1 -1 -1
Evo 1.77 0.50 1.00 0.51 0.50 0.50 0.50 0.05 0.00 0.44 0.13 0.32 712 4
Result 1 9.0 721 0.45 0.18 0.16 0.15 0.15 0.16 0.19 -1 -1 -1 -1
Evo 1.90 0.00 1.00 0.50 0.50 0.50 0.50 0.05 0.00 0.33 0.15 0.33 993 2
Result 1 8.0 1000 0.46 0.19 0.16 0.16 0.17 0.15 0.16 -1 -1 -1 -1
Evo 1.63 0.50 1.00 0.50 0.50 0.50 0.50 0.05 0.00 0.39 0.16 0.37 949 2
Result 1 9.0 956 0.43 0.15 0.15 0.18 0.15 0.19 0.17 -1 -1 -1 -1
Evo 2.07 0.50 1.00 0.51 0.50 0.50 0.50 0.06 0.00 0.13 0.13 0.35 724 2
Result 1 9.0 734 0.42 0.15 0.16 0.15 0.16 0.19 0.19 -1 -1 -1 -1
Evo 1.24 0.50 1.00 0.50 0.50 0.50 0.50 0.05 0.00 0.06 0.14 0.34 983 1
Result 1 8.0 1000 0.43 0.17 0.17 0.17 0.15 0.16 0.17 -1 -1 -1 -1
Evo 2.18 0.50 1.00 0.51 0.50 0.50 0.50 0.06 0.00 0.20 0.11 0.33 650 2
Result 1 9.0 658 0.41 0.15 0.16 0.17 0.17 0.19 0.15 -1 -1 -1 -1
Evo 1.61 0.50 1.00 0.51 0.50 0.50 0.50 0.05 0.00 0.16 0.10 0.26 659 3
Result 1 9.0 669 0.44 0.18 0.16 0.16 0.14 0.17 0.19 -1 -1 -1 -1
Evo 1.83 0.00 1.00 0.50 0.50 0.50 0.50 0.06 0.00 0.36 0.12 0.29 720 78
Result 1 9.0 728 0.45 0.16 0.16 0.18 0.16 0.15 0.19 -1 -1 -1 -1
Evo 1.38 0.50 1.00 0.50 0.50 0.50 0.50 0.04 0.00 0.06 0.12 0.31 993 8
Result 1 8.0 1000 0.44 0.17 0.16 0.17 0.15 0.16 0.18 -1 -1 -1 -1
Evo 3.26 0.00 0.50 0.49 0.50 0.50 0.50 0.07 0.01 0.33 0.03 0.18 -1 3
Result 0 2.0 92 0.47 0.20 0.18 0.12 0.09 0.25 0.16 -1 -1 -1 -1
Evo 1.96 0.50 1.00 0.51 0.50 0.50 0.50 0.06 0.00 0.36 0.08 0.30 477 2
Result 1 9.0 484 0.49 0.17 0.15 0.14 0.15 0.16 0.23 -1 -1 -1 -1
Evo 1.42 0.00 0.50 0.50 0.50 0.50 0.50 0.04 0.00 0.40 0.04 0.18 -1 5
Result 0 1.0 278 0.42 0.15 0.16 0.20 0.17 0.16 0.15 -1 -1 -1 -1
Evo 1.84 0.00 0.50 0.50 0.50 0.50 0.50 0.03 0.00 0.18 0.04 0.16 -1 30
Result 0 2.0 213 0.43 0.17 0.15 0.14 0.21 0.15 0.17 -1 -1 -1 -1
Evo 1.24 0.50 1.00 0.50 0.50 0.50 0.50 0.05 0.00 0.22 0.15 0.37 841 12
Result 1 8.0 848 0.44 0.17 0.14 0.18 0.16 0.16 0.18 -1 -1 -1 -1
Evo 1.50 0.50 1.00 0.50 0.50 0.50 0.50 0.04 0.00 0.29 0.17 0.37 960 20
Result 1 8.0 966 0.39 0.16 0.18 0.18 0.18 0.17 0.14 -1 -1 -1 -1
Evo 1.60 0.00 0.50 0.50 0.50 0.50 0.50 0.04 0.00 0.34 0.08 0.23 -1 67
Result 0 6.0 790 0.44 0.17 0.18 0.17 0.14 0.17 0.17 -1 -1 -1 -1
Evo 2.01 0.00 0.50 0.49 0.50 0.50 0.50 0.06 0.00 0.16 0.04 0.17 -1 19
Result 0 1.0 152 0.43 0.15 0.27 0.11 0.13 0.17 0.17 -1 -1 -1 -1
Evo 1.33 0.50 1.00 0.51 0.50 0.50 0.50 0.05 0.00 0.35 0.11 0.30 782 22
Result 1 8.0 790 0.46 0.15 0.15 0.19 0.15 0.17 0.19 -1 -1 -1 -1
Evo 1.53 0.00 1.00 0.51 0.50 0.50 0.50 0.06 0.00 0.48 0.19 0.48 949 22
Result 1 8.0 969 0.42 0.16 0.17 0.15 0.15 0.18 0.19 -1 -1 -1 -1
Evo 2.53 0.50 1.00 0.51 0.50 0.50 0.50 0.05 0.00 0.46 0.11 0.30 588 19
Result 1 8.0 594 0.41 0.15 0.14 0.17 0.17 0.21 0.16 -1 -1 -1 -1
Evo 1.90 0.00 1.00 0.51 0.50 0.50 0.50 0.06 0.00 0.50 0.13 0.34 952 20
Result 1 8.0 972 0.42 0.16 0.16 0.17 0.17 0.18 0.17 -1 -1 -1 -1
Evo 1.50 0.50 1.00 0.51 0.50 0.50 0.50 0.07 0.00 0.32 0.11 0.29 566 18
Result 1 8.0 636 0.47 0.16 0.14 0.18 0.17 0.15 0.20 -1 -1 -1 -1
Evo 1.68 0.50 1.00 0.51 0.50 0.50 0.50 0.05 0.00 0.48 0.13 0.34 968 17
Result 1 8.0 980 0.43 0.16 0.17 0.18 0.18 0.15 0.16 -1 -1 -1 -1
Evo 1.57 0.50 1.00 0.51 0.50 0.50 0.50 0.05 0.00 0.33 0.09 0.24 942 0
Result 1 8.0 952 0.45 0.17 0.15 0.16 0.18 0.16 0.18 -1 -1 -1 -1
Evo 2.10 0.50 1.00 0.50 0.50 0.50 0.50 0.05 0.00 0.14 0.10 0.26 807 0
Result 1 8.0 814 0.43 0.18 0.17 0.16 0.15 0.18 0.16 -1 -1 -1 -1
Evo 1.85 0.50 1.00 0.51 0.50 0.50 0.50 0.05 0.00 0.31 0.11 0.27 547 71
Result 1 8.0 553 0.45 0.16 0.16 0.19 0.16 0.15 0.18 -1 -1 -1 -1
Evo 1.42 0.00 1.00 0.50 0.50 0.50 0.50 0.05 0.00 0.52 0.16 0.38 993 85
Result 1 7.0 1000 0.45 0.16 0.16 0.19 0.16 0.15 0.18 -1 -1 -1 -1
Evo 1.82 0.50 1.00 0.50 0.50 0.50 0.50 0.04 0.00 0.27 0.09 0.24 809 19
Result 1 8.0 815 0.43 0.17 0.20 0.15 0.16 0.15 0.17 -1 -1 -1 -1
Evo 1.52 0.50 1.00 0.50 0.50 0.50 0.50 0.04 0.00 0.24 0.15 0.35 993 0
Result 1 7.0 1000 0.43 0.14 0.18 0.17 0.18 0.15 0.16 -1 -1 -1 -1
Evo 1.97 0.50 1.00 0.51 0.50 0.50 0.50 0.05 0.00 0.06 0.13 0.31 930 18
Result 1 7.0 1000 0.42 0.18 0.17 0.18 0.15 0.16 0.16 -1 -1 -1 -1
Evo 1.71 0.50 1.00 0.50 0.50 0.50 0.50 0.05 0.00 0.21 0.17 0.37 836 19
Result 1 8.0 843 0.47 0.17 0.17 0.15 0.14 0.17 0.20 -1 -1 -1 -1
Evo 1.50 0.50 1.00 0.50 0.50 0.50 0.50 0.04 0.00 0.18 0.21 0.42 993 0
Result 1 6.0 1000 0.42 0.16 0.16 0.16 0.17 0.16 0.19 -1 -1 -1 -1
Evo 2.31 0.50 1.00 0.51 0.50 0.50 0.50 0.05 0.00 0.33 0.12 0.36 778 24
Result 1 11.0 785 0.41 0.15 0.17 0.19 0.16 0.15 0.17 -1 -1 -1 -1
Evo 2.03 0.50 1.00 0.50 0.50 0.50 0.50 0.04 0.00 0.04 0.18 0.39 993 55
Result 1 9.0 1000 0.43 0.16 0.17 0.17 0.16 0.17 0.17 -1 -1 -1 -1
Evo 2.50 0.50 1.00 0.51 0.50 0.50 0.50 0.07 0.00 0.22 0.06 0.19 448 29
Result 1 11.0 456 0.45 0.16 0.18 0.15 0.16 0.16 0.18 -1 -1 -1 -1
Evo 1.32 0.50 1.00 0.51 0.50 0.50 0.50 0.05 0.00 0.16 0.14 0.32 976 57
Result 1 11.0 988 0.43 0.17 0.16 0.16 0.18 0.16 0.17 -1 -1 -1 -1
Evo 3.15 0.00 0.50 0.50 0.50 0.50 0.50 0.04 0.00 0.28 0.05 0.19 -1 23
Result 0 2.0 170 0.39 0.15 0.18 0.15 0.14 0.25 0.13 -1 -1 -1 -1
Evo 1.93 0.50 1.00 0.51 0.50 0.50 0.50 0.07 0.00 0.34 0.09 0.31 432 38
Result 1 11.0 444 0.43 0.18 0.16 0.15 0.18 0.17 0.17 -1 -1 -1 -1
Evo 1.50 0.50 1.00 0.50 0.50 0.50 0.50 0.05 0.00 0.19 0.18 0.40 890 18
Result 1 11.0 897 0.46 0.18 0.15 0.16 0.17 0.13 0.20 -1 -1 -1 -1
Evo 1.46 0.50 1.00 0.50 0.50 0.50 0.50 0.04 0.00 0.13 0.16 0.39 993 18
Result 1 10.0 1000 0.45 0.16 0.17 0.16 0.15 0.17 0.19 -1 -1 -1 -1
Evo 1.62 0.50 1.00 0.50 0.50 0.50 0.50 0.04 0.00 0.06 0.11 0.25 993 28
Result 1 9.0 1000 0.43 0.17 0.18 0.17 0.15 0.17 0.17 -1 -1 -1 -1
Evo 1.75 0.50 1.00 0.50 0.50 0.50 0.50 0.04 0.00 0.42 0.16 0.31 993 92
Result 1 9.0 1000 0.44 0.18 0.17 0.14 0.17 0.17 0.17 -1 -1 -1 -1
Evo 1.91 0.50 1.00 0.50 0.50 0.50 0.50 0.05 0.00 0.39 0.16 0.36 898 16
Result 1 11.0 907 0.42 0.16 0.17 0.18 0.17 0.16 0.16 -1 -1 -1 -1
Evo 2.05 0.50 1.00 0.51 0.50 0.50 0.50 0.06 0.00 0.09 0.10 0.26 856 21
Result 1 11.0 868 0.46 0.17 0.18 0.17 0.13 0.15 0.20 -1 -1 -1 -1
Evo 1.59 0.50 1.00 0.50 0.50 0.50 0.50 0.04 0.00 0.29 0.13 0.31 993 19
Result 1 10.0 1000 0.43 0.16 0.17 0.17 0.17 0.15 0.18 -1 -1 -1 -1
Evo 2.69 0.50 1.00 0.51 0.50 0.50 0.50 0.05 0.00 0.31 0.13 0.33 606 22
Result 1 11.0 829 0.45 0.17 0.16 0.16 0.16 0.17 0.19 -1 -1 -1 -1
Evo 1.73 0.50 1.00 0.51 0.50 0.50 0.50 0.06 0.00 0.34 0.13 0.31 682 27
Result 1 10.0 1000 0.42 0.16 0.19 0.16 0.16 0.16 0.17 -1 -1 -1 -1
Evo 2.24 0.50 1.00 0.50 0.50 0.50 0.50 0.04 0.00 0.14 0.13 0.33 993 26
Result 1 9.0 1000 0.43 0.16 0.16 0.17 0.19 0.16 0.16 -1 -1 -1 -1
Evo 1.61 0.50 1.00 0.50 0.50 0.50 0.50 0.04 0.00 0.07 0.14 0.35 993 16
Result 1 9.0 1000 0.43 0.16 0.19 0.17 0.15 0.17 0.15 -1 -1 -1 -1
Evo 1.91 0.50 1.00 0.51 0.50 0.50 0.50 0.06 0.00 0.31 0.08 0.27 541 107
Result 1 11.0 551 0.46 0.17 0.16 0.15 0.16 0.15 0.19 -1 -1 -1 -1
Evo 2.79 0.00 0.50 0.49 0.50 0.50 0.50 0.06 0.01 0.18 0.03 0.10 -1 22
Result 0 1.0 134 0.41 0.16 0.21 0.19 0.08 0.21 0.15 -1 -1 -1 -1
Evo 1.42 0.50 1.00 0.51 0.50 0.50 0.50 0.05 0.00 0.34 0.13 0.30 731 24
Result 1 11.0 738 0.43 0.17 0.20 0.14 0.17 0.15 0.17 -1 -1 -1 -1
Evo 1.68 0.50 1.00 0.50 0.50 0.50 0.50 0.04 0.00 0.36 0.15 0.33 993 11
Result 1 10.0 1000 0.43 0.16 0.16 0.17 0.18 0.16 0.17 -1 -1 -1 -1
Evo 1.64 0.50 1.00 0.50 0.50 0.50 0.50 0.04 0.00 0.27 0.16 0.34 993 18
Result 1 8.0 1000 0.44 0.17 0.16 0.16 0.17 0.16 0.19 -1 -1 -1 -1
Evo 1.62 0.50 1.00 0.51 0.50 0.50 0.50 0.06 0.00 0.20 0.12 0.30 540 16
Result 1 10.0 1000 0.43 0.16 0.19 0.19 0.14 0.15 0.17 -1 -1 -1 -1
Evo 1.60 0.50 1.00 0.51 0.50 0.50 0.50 0.05 0.00 0.13 0.14 0.36 716 16
Result 1 11.0 723 0.45 0.16 0.16 0.18 0.15 0.17 0.18 -1 -1 -1 -1
Evo 2.24 0.50 1.00 0.51 0.50 0.50 0.50 0.07 0.00 0.31 0.08 0.27 567 11
Result 1 11.0 579 0.44 0.18 0.16 0.16 0.14 0.18 0.18 -1 -1 -1 -1
Evo 1.36 0.50 1.00 0.50 0.50 0.50 0.50 0.05 0.00 0.28 0.16 0.38 630 16
Result 1 10.0 1000 0.45 0.18 0.17 0.16 0.16 0.16 0.17 -1 -1 -1 -1
Evo 2.30 0.50 1.00 0.51 0.50 0.50 0.50 0.07 0.00 0.19 0.07 0.22 473 0
Result 1 11.0 494 0.41 0.15 0.20 0.14 0.17 0.15 0.18 -1 -1 -1 -1
Evo 1.96 0.00 0.50 0.50 0.50 0.50 0.50 0.04 0.00 0.44 0.04 0.17 -1 0
Result 0 5.0 356 0.44 0.15 0.16 0.17 0.18 0.17 0.17 -1 -1 -1 -1
Evo 1.96 0.50 1.00 0.50 0.50 0.50 0.50 0.05 0.00 0.38 0.12 0.28 973 18
Result 1 10.0 1000 0.41 0.15 0.16 0.16 0.21 0.14 0.17 -1 -1 -1 -1
Evo 1.67 0.50 1.00 0.50 0.50 0.50 0.50 0.04 0.00 0.09 0.14 0.34 993 14
Result 1 9.0 1000 0.41 0.19 0.20 0.16 0.17 0.14 0.15 -1 -1 -1 -1
Evo 2.10 0.50 1.00 0.51 0.50 0.50 0.50 0.07 0.00 0.28 0.14 0.38 686 22
Result 1 11.0 703 0.40 0.14 0.15 0.18 0.19 0.16 0.17 -1 -1 -1 -1
Evo 1.95 0.50 1.00 0.50 0.50 0.50 0.50 0.05 0.00 0.08 0.13 0.33 949 0
Result 1 11.0 956 0.45 0.16 0.18 0.17 0.16 0.15 0.18 -1 -1 -1 -1
Evo 1.66 0.50 1.00 0.50 0.50 0.50 0.50 0.05 0.00 0.32 0.15 0.35 856 14
Result 1 10.0 1000 0.43 0.17 0.17 0.17 0.17 0.16 0.16 -1 -1 -1 -1
Evo 1.86 0.50 1.00 0.50 0.50 0.50 0.50 0.04 0.00 0.09 0.11 0.28 993 21
Result 1 8.0 1000 0.45 0.17 0.16 0.16 0.15 0.16 0.18 -1 -1 -1 -1
Evo 2.73 0.50 1.00 0.51 0.50 0.50 0.50 0.06 0.00 0.13 0.12 0.38 551 16
Result 1 11.0 559 0.43 0.17 0.21 0.13 0.15 0.17 0.16 -1 -1 -1 -1
Evo 1.71 0.50 1.00 0.50 0.50 0.50 0.50 0.04 0.00 0.24 0.14 0.39 993 0
Result 1 10.0 1000 0.42 0.16 0.17 0.18 0.17 0.17 0.15 -1 -1 -1 -1
Evo 1.96 0.50 1.00 0.50 0.50 0.50 0.50 0.05 0.00 0.20 0.11 0.34 642 13
Result 1 11.0 647 0.44 0.17 0.15 0.16 0.16 0.18 0.18 -1 -1 -1 -1
Evo 1.80 0.50 1.00 0.50 0.50 0.50 0.50 0.05 0.00 0.22 0.13 0.31 961 13
Result 1 10.0 1000 0.43 0.18 0.14 0.18 0.17 0.17 0.16 -1 -1 -1 -1
Evo 2.20 0.00 0.50 0.49 0.50 0.50 0.50 0.05 0.00 0.52 0.04 0.17 -1 18
Result 0 3.0 194 0.47 0.17 0.19 0.17 0.11 0.14 0.21 -1 -1 -1 -1
Evo 1.82 0.50 1.00 0.51 0.50 0.50 0.50 0.07 0.00 0.11 0.10 0.24 775 16
Result 1 10.0 1000 0.44 0.19 0.17 0.17 0.14 0.16 0.17 -1 -1 -1 -1
