Evo 1.01 0.00 0.00 0.00 0.00 0.00 0.00 0.00 0.00 0.00 0.04 0.05 -1 128
Result 0 0.0 135 0.46 0.19 -1 0.21 -1 0.28 0.32 -1 -1 -1 -1
Evo 1.01 0.00 1.00 0.95 1.00 1.00 1.00 0.22 0.02 0.22 0.03 0.04 -1 128
Result 0 0.0 135 0.51 0.26 -1 0.24 -1 0.25 0.24 -1 -1 -1 -1
Evo 1.08 0.00 1.00 0.98 1.00 1.00 1.00 0.13 0.01 0.50 0.05 0.06 -1 128
Result 0 6.0 501 0.50 0.26 -1 0.23 -1 0.27 0.25 -1 -1 -1 -1
Evo 1.01 0.00 1.00 0.94 1.00 1.00 1.00 0.24 0.02 0.08 0.04 0.05 -1 128
Result 0 0.0 135 0.51 0.27 -1 0.26 -1 0.20 0.27 -1 -1 -1 -1
Evo 1.20 0.00 1.00 0.98 1.00 1.00 1.00 0.13 0.01 0.30 0.04 0.05 -1 128
Result 0 6.0 501 0.49 0.24 -1 0.23 -1 0.27 0.25 -1 -1 -1 -1
Evo 1.60 0.00 1.00 0.98 1.00 1.00 1.00 0.14 0.01 0.33 0.06 0.06 -1 128
Result 0 5.0 411 0.49 0.24 -1 0.23 -1 0.29 0.25 -1 -1 -1 -1
Evo 1.07 0.00 1.00 0.95 1.00 1.00 1.00 0.22 0.02 0.12 0.04 0.05 -1 128
Result 0 0.0 135 0.48 0.22 -1 0.20 -1 0.29 0.29 -1 -1 -1 -1
Evo 1.01 0.00 1.00 0.94 1.00 1.00 1.00 0.24 0.02 0.08 0.02 0.04 -1 128
Result 0 0.0 135 0.50 0.24 -1 0.26 -1 0.25 0.24 -1 -1 -1 -1
Evo 1.01 0.00 1.00 0.94 1.00 1.00 1.00 0.24 0.02 0.08 0.03 0.04 -1 128
Result 0 0.0 135 0.52 0.30 -1 0.31 -1 0.20 0.19 -1 -1 -1 -1
Evo 1.01 0.00 1.00 0.97 1.00 1.00 1.00 0.17 0.01 0.51 0.05 0.06 -1 128
Result 0 2.0 279 0.50 0.26 -1 0.26 -1 0.22 0.27 -1 -1 -1 -1
Evo 1.01 0.00 1.00 0.94 1.00 1.00 1.00 0.24 0.02 0.08 0.04 0.05 -1 128
Result 0 0.0 135 0.52 0.31 -1 0.17 -1 0.29 0.24 -1 -1 -1 -1
Evo 1.67 0.00 1.00 0.94 1.00 1.00 1.00 0.24 0.02 0.12 0.02 0.04 -1 128
Result 0 0.0 135 0.51 0.28 -1 0.24 -1 0.23 0.25 -1 -1 -1 -1
Evo 1.01 0.00 1.00 0.94 1.00 1.00 1.00 0.24 0.02 0.08 0.02 0.03 -1 128
Result 0 0.0 135 0.50 0.26 -1 0.22 -1 0.21 0.32 -1 -1 -1 -1
Evo 1.47 0.00 1.00 0.98 1.00 1.00 1.00 0.14 0.01 0.30 0.05 0.06 -1 128
Result 0 6.0 501 0.49 0.23 -1 0.24 -1 0.27 0.26 -1 -1 -1 -1
Evo 1.01 0.00 1.00 0.94 1.00 1.00 1.00 0.24 0.02 0.08 0.02 0.04 -1 128
Result 0 0.0 135 0.46 0.20 -1 0.26 -1 0.26 0.28 -1 -1 -1 -1
Evo 1.01 0.00 1.00 0.94 1.00 1.00 1.00 0.24 0.02 0.08 0.02 0.03 -1 128
Result 0 0.0 135 0.50 0.25 -1 0.24 -1 0.24 0.26 -1 -1 -1 -1
Evo 1.01 0.00 1.00 0.94 1.00 1.00 1.00 0.24 0.02 0.08 0.04 0.05 -1 128
Result 0 0.0 135 0.49 0.24 -1 0.32 -1 0.22 0.23 -1 -1 -1 -1
Evo 1.03 0.00 1.00 0.97 1.00 1.00 1.00 0.17 0.01 0.52 0.04 0.06 -1 128
Result 0 2.0 279 0.50 0.25 -1 0.28 -1 0.24 0.23 -1 -1 -1 -1
Evo 1.01 0.00 1.00 0.94 1.00 1.00 1.00 0.24 0.02 0.08 0.04 0.05 -1 128
Result 0 0.0 135 0.46 0.20 -1 0.21 -1 0.31 0.29 -1 -1 -1 -1
Evo 1.10 0.00 1.00 0.97 1.00 1.00 1.00 0.17 0.01 0.03 0.03 0.05 -1 128
Result 0 2.0 279 0.52 0.30 -1 0.21 -1 0.24 0.26 -1 -1 -1 -1
Evo 2.18 0.00 1.00 0.96 1.00 1.00 1.00 0.18 0.02 0.23 0.03 0.04 -1 54
Result 0 6.0 141 0.48 0.22 -1 0.25 -1 0.28 0.25 -1 -1 -1 -1
Evo 2.11 0.00 1.00 0.90 1.00 1.00 1.00 0.30 0.04 0.25 0.02 0.04 -1 54
Result 0 0.0 61 0.50 0.24 -1 0.27 -1 0.23 0.26 -1 -1 -1 -1
Evo 1.02 0.00 1.00 0.89 1.00 1.00 1.00 0.32 0.04 0.17 0.02 0.04 -1 54
Result 0 0.0 61 0.48 0.23 -1 0.23 -1 0.32 0.23 -1 -1 -1 -1
Evo 4.13 0.00 1.00 0.94 1.00 1.00 1.00 0.24 0.02 0.09 0.04 0.05 -1 54
Result 0 6.0 141 0.47 0.21 -1 0.20 -1 0.31 0.28 -1 -1 -1 -1
Evo 3.03 0.00 1.00 0.94 1.00 1.00 1.00 0.25 0.03 0.25 0.01 0.03 -1 54
Result 0 0.0 61 0.50 0.24 -1 0.18 -1 0.24 0.34 -1 -1 -1 -1
Evo 1.70 0.00 1.00 0.94 1.00 1.00 1.00 0.23 0.02 0.15 0.03 0.05 -1 54
Result 0 6.0 141 0.47 0.21 -1 0.25 -1 0.27 0.26 -1 -1 -1 -1
Evo 3.08 0.00 1.00 0.95 1.00 1.00 1.00 0.22 0.02 0.15 0.03 0.05 -1 54
Result 0 6.0 141 0.50 0.25 -1 0.25 -1 0.27 0.23 -1 -1 -1 -1
Evo 1.27 0.00 1.00 0.94 1.00 1.00 1.00 0.23 0.02 0.15 0.05 0.06 -1 54
Result 0 6.0 141 0.52 0.30 -1 0.15 -1 0.27 0.27 -1 -1 -1 -1
Evo 1.21 0.00 1.00 0.89 1.00 1.00 1.00 0.31 0.04 0.14 0.02 0.04 -1 54
Result 0 1.0 73 0.43 0.16 -1 0.31 -1 0.31 0.22 -1 -1 -1 -1
Evo 1.32 0.00 1.00 0.92 1.00 1.00 1.00 0.27 0.03 0.08 0.02 0.04 -1 54
Result 0 1.0 73 0.50 0.26 -1 0.22 -1 0.23 0.30 -1 -1 -1 -1
Evo 1.85 0.00 1.00 0.93 1.00 1.00 1.00 0.25 0.03 0.29 0.02 0.04 -1 54
Result 0 4.0 89 0.47 0.21 -1 0.26 -1 0.28 0.26 -1 -1 -1 -1
Evo 1.46 0.00 1.00 0.94 1.00 1.00 1.00 0.25 0.03 0.25 0.02 0.04 -1 54
Result 0 0.0 61 0.51 0.27 -1 0.21 -1 0.27 0.24 -1 -1 -1 -1
Evo 1.02 0.00 1.00 0.87 1.00 1.00 1.00 0.34 0.04 0.17 0.02 0.04 -1 54
Result 0 0.0 61 0.53 0.34 -1 0.29 -1 0.13 0.24 -1 -1 -1 -1
Evo 1.02 0.00 1.00 0.87 1.00 1.00 1.00 0.34 0.04 0.17 0.02 0.04 -1 54
Result 0 0.0 61 0.50 0.26 -1 0.18 -1 0.29 0.27 -1 -1 -1 -1
Evo 3.11 0.00 1.00 0.96 1.00 1.00 1.00 0.21 0.01 0.09 0.05 0.06 -1 54
Result 0 9.0 201 0.50 0.25 -1 0.29 -1 0.23 0.23 -1 -1 -1 -1
Evo 1.02 0.00 1.00 0.87 1.00 1.00 1.00 0.34 0.04 0.19 0.02 0.04 -1 54
Result 0 0.0 61 0.51 0.27 -1 0.19 -1 0.32 0.21 -1 -1 -1 -1
Evo 2.15 0.00 1.00 0.92 1.00 1.00 1.00 0.27 0.03 0.51 0.02 0.04 -1 54
Result 0 5.0 101 0.48 0.23 -1 0.25 -1 0.25 0.26 -1 -1 -1 -1
Evo 1.02 0.00 1.00 0.87 1.00 1.00 1.00 0.34 0.04 0.19 0.02 0.04 -1 54
Result 0 0.0 61 0.48 0.23 -1 0.29 -1 0.24 0.24 -1 -1 -1 -1
Evo 1.02 0.00 1.00 0.87 1.00 1.00 1.00 0.34 0.04 0.17 0.03 0.04 -1 54
Result 0 0.0 61 0.51 0.27 -1 0.35 -1 0.11 0.26 -1 -1 -1 -1
Evo 1.02 0.00 1.00 0.87 1.00 1.00 1.00 0.34 0.04 0.17 0.02 0.05 -1 54
Result 0 0.0 61 0.53 0.32 -1 0.29 -1 0.21 0.18 -1 -1 -1 -1
Evo 2.12 0.00 1.00 0.95 1.00 1.00 1.00 0.23 0.02 0.53 0.03 0.05 84 34
Result 1 106.0 91 0.49 0.23 -1 0.23 -1 0.32 0.23 -1 -1 -1 -1
Evo 1.87 0.00 0.50 0.48 0.50 0.50 0.50 0.10 0.01 0.20 0.03 0.04 -1 34
Result 0 9.0 181 0.53 0.34 -1 0.18 -1 0.28 0.20 -1 -1 -1 -1
Evo 3.17 0.00 0.50 0.46 0.50 0.50 0.50 0.13 0.02 0.35 0.01 0.04 -1 34
Result 0 1.0 53 0.50 0.26 -1 0.26 -1 0.22 0.26 -1 -1 -1 -1
Evo 2.27 0.00 0.50 0.46 0.50 0.50 0.50 0.13 0.01 0.24 0.02 0.04 -1 34
Result 0 6.0 121 0.49 0.23 -1 0.26 -1 0.31 0.20 -1 -1 -1 -1
Evo 4.46 0.00 0.50 0.47 0.50 0.50 0.50 0.12 0.01 0.35 0.02 0.04 -1 34
Result 0 5.0 81 0.45 0.18 -1 0.23 -1 0.30 0.28 -1 -1 -1 -1
Evo 1.07 0.00 0.50 0.42 0.50 0.50 0.50 0.19 0.03 0.32 0.01 0.03 -1 34
Result 0 0.0 41 0.49 0.24 -1 0.17 -1 0.26 0.33 -1 -1 -1 -1
Evo 4.75 0.00 0.50 0.47 0.50 0.50 0.50 0.12 0.01 0.27 0.02 0.04 -1 34
Result 0 4.0 69 0.50 0.24 -1 0.23 -1 0.29 0.24 -1 -1 -1 -1
Evo 1.02 0.00 0.50 0.40 0.50 0.50 0.50 0.20 0.03 0.46 0.03 0.04 -1 34
Result 0 0.0 41 0.48 0.21 -1 0.10 -1 0.50 0.19 -1 -1 -1 -1
Evo 1.17 0.00 0.50 0.44 0.50 0.50 0.50 0.17 0.02 0.11 0.02 0.04 -1 34
Result 0 1.0 53 0.52 0.31 -1 0.20 -1 0.20 0.28 -1 -1 -1 -1
Evo 1.70 0.00 0.50 0.48 0.50 0.50 0.50 0.10 0.01 0.20 0.04 0.05 -1 34
Result 0 9.0 181 0.51 0.28 -1 0.20 -1 0.26 0.26 -1 -1 -1 -1
Evo 1.02 0.00 0.50 0.40 0.50 0.50 0.50 0.20 0.03 0.46 0.02 0.03 -1 34
Result 0 0.0 41 0.51 0.26 -1 0.33 -1 0.17 0.24 -1 -1 -1 -1
Evo 3.27 0.00 0.50 0.48 0.50 0.50 0.50 0.10 0.01 0.26 0.03 0.05 -1 34
Result 0 6.0 121 0.46 0.20 -1 0.22 -1 0.30 0.28 -1 -1 -1 -1
Evo 1.02 0.00 0.50 0.42 0.50 0.50 0.50 0.19 0.03 0.13 0.02 0.04 -1 34
Result 0 0.0 41 0.52 0.29 -1 0.24 -1 0.33 0.14 -1 -1 -1 -1
Evo 1.02 0.00 0.50 0.40 0.50 0.50 0.50 0.20 0.03 0.46 0.02 0.04 -1 34
Result 0 0.0 41 0.51 0.26 -1 0.17 -1 0.26 0.31 -1 -1 -1 -1
Evo 1.11 0.00 0.50 0.42 0.50 0.50 0.50 0.19 0.03 0.18 0.02 0.04 -1 34
Result 0 1.0 53 0.50 0.26 -1 0.30 -1 0.24 0.20 -1 -1 -1 -1
Evo 5.05 0.00 0.50 0.45 0.50 0.50 0.50 0.15 0.02 0.46 0.02 0.04 -1 34
Result 0 0.0 41 0.48 0.21 -1 0.31 -1 0.21 0.26 -1 -1 -1 -1
Evo 2.74 0.00 0.50 0.46 0.50 0.50 0.50 0.13 0.02 0.32 0.01 0.03 -1 34
Result 0 1.0 53 0.48 0.22 -1 0.20 -1 0.20 0.37 -1 -1 -1 -1
Evo 3.10 0.00 0.50 0.42 0.50 0.50 0.50 0.19 0.03 0.27 0.02 0.04 -1 34
Result 0 0.0 41 0.40 0.14 -1 0.40 -1 0.24 0.21 -1 -1 -1 -1
Evo 3.82 0.00 0.50 0.46 0.50 0.50 0.50 0.13 0.01 0.20 0.04 0.04 -1 34
Result 0 9.0 181 0.51 0.26 -1 0.20 -1 0.32 0.21 -1 -1 -1 -1
Evo 1.69 0.00 0.50 0.48 0.50 0.50 0.50 0.11 0.01 0.18 0.03 0.05 -1 34
Result 0 9.0 181 0.49 0.23 -1 0.25 -1 0.28 0.24 -1 -1 -1 -1
Evo 1.05 0.00 0.50 0.49 0.50 0.50 0.50 0.08 0.01 0.51 0.03 0.04 -1 118
Result 0 2.0 269 0.48 0.23 -1 0.26 -1 0.25 0.26 -1 -1 -1 -1
Evo 1.04 0.00 0.50 0.47 0.50 0.50 0.50 0.11 0.01 0.13 0.02 0.02 -1 118
Result 0 1.0 125 0.49 0.23 -1 0.28 -1 0.32 0.17 -1 -1 -1 -1
Evo 1.01 0.00 0.50 0.47 0.50 0.50 0.50 0.12 0.01 0.25 0.01 0.02 -1 118
Result 0 0.0 125 0.51 0.27 -1 0.29 -1 0.20 0.25 -1 -1 -1 -1
Evo 1.01 0.00 0.50 0.47 0.50 0.50 0.50 0.12 0.01 0.25 0.04 0.05 -1 118
Result 0 0.0 125 0.49 0.24 -1 0.21 -1 0.36 0.19 -1 -1 -1 -1
Evo 1.01 0.00 0.50 0.47 0.50 0.50 0.50 0.12 0.01 0.25 0.02 0.02 -1 118
Result 0 0.0 125 0.48 0.21 -1 0.26 -1 0.27 0.25 -1 -1 -1 -1
Evo 1.11 0.00 0.50 0.49 0.50 0.50 0.50 0.08 0.00 0.29 0.04 0.05 -1 118
Result 0 3.0 287 0.50 0.24 -1 0.22 -1 0.25 0.28 -1 -1 -1 -1
Evo 2.36 0.00 0.50 0.48 0.50 0.50 0.50 0.10 0.01 0.21 0.03 0.04 -1 118
Result 0 1.0 143 0.51 0.26 -1 0.24 -1 0.26 0.24 -1 -1 -1 -1
Evo 1.03 0.00 0.50 0.49 0.50 0.50 0.50 0.08 0.01 0.51 0.03 0.04 -1 118
Result 0 2.0 269 0.51 0.27 -1 0.24 -1 0.22 0.27 -1 -1 -1 -1
Evo 2.24 0.00 0.50 0.49 0.50 0.50 0.50 0.08 0.01 0.29 0.02 0.03 -1 118
Result 0 0.0 125 0.52 0.31 -1 0.22 -1 0.24 0.23 -1 -1 -1 -1
Evo 1.01 0.00 0.50 0.47 0.50 0.50 0.50 0.12 0.01 0.25 0.02 0.02 -1 118
Result 0 0.0 125 0.48 0.21 -1 0.25 -1 0.21 0.32 -1 -1 -1 -1
Evo 1.01 0.00 0.50 0.47 0.50 0.50 0.50 0.12 0.01 0.25 0.04 0.05 -1 118
Result 0 0.0 125 0.51 0.27 -1 0.28 -1 0.25 0.20 -1 -1 -1 -1
Evo 1.07 0.00 0.50 0.49 0.50 0.50 0.50 0.08 0.01 0.51 0.04 0.04 -1 118
Result 0 2.0 269 0.48 0.22 -1 0.24 -1 0.28 0.26 -1 -1 -1 -1
Evo 1.01 0.00 0.50 0.47 0.50 0.50 0.50 0.12 0.01 0.25 0.01 0.02 -1 118
Result 0 0.0 125 0.50 0.25 -1 0.32 -1 0.25 0.18 -1 -1 -1 -1
Evo 1.02 0.00 0.50 0.47 0.50 0.50 0.50 0.11 0.01 0.16 0.04 0.05 -1 118
Result 0 0.0 125 0.51 0.27 -1 0.23 -1 0.26 0.24 -1 -1 -1 -1
Evo 1.23 0.00 0.50 0.48 0.50 0.50 0.50 0.10 0.01 0.16 0.02 0.02 -1 118
Result 0 0.0 125 0.49 0.24 -1 0.33 -1 0.21 0.22 -1 -1 -1 -1
Evo 1.01 0.00 0.50 0.47 0.50 0.50 0.50 0.12 0.01 0.06 0.01 0.02 -1 118
Result 0 0.0 125 0.48 0.22 -1 0.27 -1 0.22 0.29 -1 -1 -1 -1
Evo 1.11 0.00 0.50 0.47 0.50 0.50 0.50 0.11 0.01 0.16 0.02 0.03 -1 118
Result 0 0.0 125 0.52 0.29 -1 0.23 -1 0.23 0.25 -1 -1 -1 -1
Evo 1.16 0.00 0.50 0.48 0.50 0.50 0.50 0.10 0.01 0.51 0.02 0.04 -1 118
Result 0 2.0 269 0.50 0.25 -1 0.28 -1 0.21 0.25 -1 -1 -1 -1
Evo 1.01 0.00 0.50 0.47 0.50 0.50 0.50 0.12 0.01 0.06 0.04 0.04 -1 118
Result 0 0.0 125 0.49 0.23 -1 0.23 -1 0.35 0.19 -1 -1 -1 -1
Evo 1.00 0.00 0.50 0.49 0.50 0.50 0.50 0.08 0.01 0.51 0.02 0.03 -1 118
Result 0 2.0 269 0.50 0.26 -1 0.27 -1 0.23 0.25 -1 -1 -1 -1
Evo 1.01 0.00 0.50 0.46 0.50 0.50 0.50 0.14 0.01 0.30 0.04 0.05 -1 90
Result 0 0.0 97 0.48 0.21 -1 0.16 -1 0.36 0.27 -1 -1 -1 -1
Evo 1.01 0.00 0.50 0.46 0.50 0.50 0.50 0.14 0.01 0.30 0.01 0.02 -1 90
Result 0 0.0 97 0.52 0.29 -1 0.32 -1 0.16 0.23 -1 -1 -1 -1
Evo 1.01 0.00 0.50 0.46 0.50 0.50 0.50 0.14 0.01 0.30 0.01 0.02 -1 90
Result 0 0.0 97 0.43 0.16 -1 0.35 -1 0.27 0.22 -1 -1 -1 -1
Evo 1.01 0.00 0.50 0.46 0.50 0.50 0.50 0.14 0.01 0.30 0.02 0.03 -1 90
Result 0 0.0 97 0.45 0.18 -1 0.24 -1 0.27 0.31 -1 -1 -1 -1
Evo 1.01 0.00 0.50 0.46 0.50 0.50 0.50 0.14 0.01 0.30 0.01 0.02 -1 90
Result 0 0.0 97 0.51 0.27 -1 0.33 -1 0.20 0.20 -1 -1 -1 -1
Evo 1.01 0.00 0.50 0.46 0.50 0.50 0.50 0.14 0.01 0.30 0.01 0.02 -1 90
Result 0 0.0 97 0.51 0.27 -1 0.26 -1 0.20 0.28 -1 -1 -1 -1
Evo 1.01 0.00 0.50 0.46 0.50 0.50 0.50 0.14 0.01 0.30 0.02 0.03 -1 90
Result 0 0.0 97 0.46 0.19 -1 0.24 -1 0.24 0.32 -1 -1 -1 -1
Evo 1.01 0.00 0.50 0.46 0.50 0.50 0.50 0.14 0.01 0.30 0.02 0.02 -1 90
Result 0 0.0 97 0.48 0.21 -1 0.26 -1 0.18 0.35 -1 -1 -1 -1
Evo 1.01 0.00 0.50 0.46 0.50 0.50 0.50 0.14 0.01 0.30 0.02 0.03 -1 90
Result 0 0.0 97 0.48 0.21 -1 0.30 -1 0.23 0.26 -1 -1 -1 -1
Evo 1.01 0.00 0.50 0.46 0.50 0.50 0.50 0.14 0.01 0.30 0.02 0.02 -1 90
Result 0 0.0 97 0.51 0.27 -1 0.27 -1 0.23 0.23 -1 -1 -1 -1
Evo 1.01 0.00 0.50 0.46 0.50 0.50 0.50 0.14 0.01 0.30 0.02 0.03 -1 90
Result 0 0.0 97 0.53 0.35 -1 0.21 -1 0.27 0.17 -1 -1 -1 -1
Evo 1.01 0.00 0.50 0.46 0.50 0.50 0.50 0.14 0.01 0.30 0.02 0.03 -1 90
Result 0 0.0 97 0.53 0.32 -1 0.22 -1 0.23 0.22 -1 -1 -1 -1
Evo 1.01 0.00 0.50 0.46 0.50 0.50 0.50 0.14 0.01 0.30 0.01 0.02 -1 90
Result 0 0.0 97 0.49 0.23 -1 0.30 -1 0.24 0.22 -1 -1 -1 -1
Evo 1.01 0.00 0.50 0.46 0.50 0.50 0.50 0.14 0.01 0.30 0.04 0.05 -1 90
Result 0 0.0 97 0.50 0.26 -1 0.17 -1 0.30 0.28 -1 -1 -1 -1
Evo 1.01 0.00 0.50 0.46 0.50 0.50 0.50 0.14 0.01 0.30 0.01 0.02 -1 90
Result 0 0.0 97 0.53 0.36 -1 0.20 -1 0.18 0.26 -1 -1 -1 -1
Evo 1.01 0.00 0.50 0.46 0.50 0.50 0.50 0.14 0.01 0.30 0.02 0.04 -1 90
Result 0 0.0 97 0.52 0.30 -1 0.24 -1 0.31 0.15 -1 -1 -1 -1
Evo 1.01 0.00 0.50 0.46 0.50 0.50 0.50 0.14 0.01 0.30 0.03 0.04 -1 90
Result 0 0.0 97 0.49 0.23 -1 0.23 -1 0.36 0.17 -1 -1 -1 -1
Evo 1.01 0.00 0.50 0.46 0.50 0.50 0.50 0.14 0.01 0.30 0.02 0.02 -1 90
Result 0 0.0 97 0.50 0.24 -1 0.22 -1 0.24 0.29 -1 -1 -1 -1
Evo 1.01 0.00 0.50 0.46 0.50 0.50 0.50 0.14 0.01 0.30 0.02 0.03 -1 90
Result 0 0.0 97 0.48 0.21 -1 0.23 -1 0.28 0.28 -1 -1 -1 -1
Evo 1.01 0.00 0.50 0.46 0.50 0.50 0.50 0.14 0.01 0.30 0.02 0.03 -1 90
Result 0 0.0 97 0.51 0.28 -1 0.26 -1 0.22 0.24 -1 -1 -1 -1
