Evo 9.36 0.00 1.00 0.92 1.00 1.00 1.00 0.25 0.03 0.12 0.03 0.09 -1 29
Result 0 6.0 90 0.33 0.10 0.14 0.24 0.25 0.18 0.09 -1 -1 -1 -1
Evo 5.32 1.00 1.00 1.00 1.00 1.00 1.00 0.00 0.00 0.30 0.03 0.11 -1 52
Result 0 4.0 73 0.29 0.22 0.08 0.16 0.16 0.18 0.20 -1 -1 -1 -1
Evo 1.81 0.00 1.00 0.97 1.00 1.00 1.00 0.18 0.02 0.38 0.02 0.10 -1 59
Result 0 5.0 125 0.40 0.14 0.12 0.13 0.20 0.22 0.18 -1 -1 -1 -1
Evo 2.57 1.00 1.00 1.00 1.00 1.00 1.00 0.00 0.00 0.44 0.06 0.20 -1 75
Result 0 7.0 208 0.37 0.21 0.16 0.18 0.12 0.17 0.16 -1 -1 -1 -1
Evo 1.63 0.00 1.00 1.00 1.00 1.00 1.00 0.05 0.00 0.11 0.19 0.36 -1 37
Result 0 21.0 1788 0.44 0.16 0.16 0.16 0.18 0.18 0.16 -1 -1 -1 -1
Evo 2.22 1.00 1.00 1.00 1.00 1.00 1.00 0.00 0.00 0.06 0.14 0.30 -1 157
Result 0 19.0 367 0.44 0.15 0.17 0.15 0.18 0.17 0.18 -1 -1 -1 -1
Evo 5.36 0.00 1.00 0.98 1.00 1.00 1.00 0.15 0.01 0.10 0.05 0.13 -1 82
Result 0 7.0 182 0.45 0.17 0.18 0.10 0.16 0.20 0.18 -1 -1 -1 -1
Evo 4.67 1.00 1.00 1.00 1.00 1.00 1.00 0.00 0.00 0.12 0.04 0.20 -1 30
Result 0 5.0 135 0.40 0.14 0.16 0.15 0.19 0.21 0.15 -1 -1 -1 -1
Evo 7.04 0.00 1.00 0.99 1.00 1.00 1.00 0.10 0.01 0.10 0.05 0.14 -1 69
Result 0 7.0 183 0.42 0.11 0.16 0.15 0.20 0.17 0.21 -1 -1 -1 -1
Evo 3.96 1.00 1.00 1.00 1.00 1.00 1.00 0.00 0.00 0.12 0.05 0.16 -1 94
Result 0 7.0 143 0.43 0.13 0.17 0.22 0.17 0.17 0.15 -1 -1 -1 -1
Evo 6.03 1.00 1.00 1.00 1.00 1.00 1.00 0.00 0.00 0.16 0.04 0.13 -1 29
Result 0 7.0 92 0.41 0.15 0.17 0.13 0.12 0.13 0.30 -1 -1 -1 -1
Evo 3.49 0.00 1.00 0.97 1.00 1.00 1.00 0.16 0.02 0.18 0.02 0.10 -1 17
Result 0 4.0 77 0.31 0.09 0.17 0.22 0.17 0.17 0.19 -1 -1 -1 -1
Evo 1.53 0.00 1.00 0.99 1.00 1.00 1.00 0.09 0.01 0.07 0.08 0.21 -1 157
Result 0 5.0 257 0.41 0.15 0.19 0.17 0.16 0.21 0.13 -1 -1 -1 -1
Evo 1.87 1.00 1.00 1.00 1.00 1.00 1.00 0.00 0.00 0.06 0.08 0.20 -1 180
Result 0 7.0 309 0.47 0.17 0.21 0.14 0.15 0.17 0.16 -1 -1 -1 -1
Evo 2.49 0.00 1.00 0.99 1.00 1.00 1.00 0.08 0.01 0.11 0.03 0.11 -1 16
Result 0 7.0 154 0.45 0.15 0.13 0.19 0.19 0.19 0.15 -1 -1 -1 -1
Evo 2.31 0.00 1.00 1.00 1.00 1.00 1.00 0.06 0.00 0.01 0.05 0.16 -1 130
Result 0 10.0 2000 0.44 0.17 0.14 0.19 0.17 0.18 0.15 -1 -1 -1 -1
Evo 4.78 0.00 1.00 0.99 1.00 1.00 1.00 0.10 0.01 0.05 0.07 0.20 152 21
Result 0 27.0 158 0.46 0.19 0.19 0.20 0.18 0.13 0.11 -1 -1 -1 -1
Evo 5.69 0.00 0.50 0.49 0.50 0.50 0.50 0.06 0.00 0.52 0.09 0.23 -1 92
Result 0 25.0 278 0.44 0.18 0.17 0.21 0.17 0.15 0.12 -1 -1 -1 -1
Evo 3.30 0.50 0.50 0.50 0.50 0.50 0.50 0.00 0.00 0.12 0.02 0.10 -1 25
Result 0 6.0 44 0.44 0.11 0.13 0.22 0.18 0.13 0.22 -1 -1 -1 -1
Evo 2.13 0.50 0.50 0.50 0.50 0.50 0.50 0.00 0.00 0.20 0.09 0.22 -1 141
Result 0 5.0 356 0.48 0.22 0.16 0.13 0.17 0.17 0.16 -1 -1 -1 -1
Evo 2.79 0.00 0.50 0.49 0.50 0.50 0.50 0.09 0.01 0.37 0.02 0.08 -1 1
Result 0 1.0 67 0.41 0.15 0.19 0.19 0.19 0.15 0.13 -1 -1 -1 -1
Evo 1.76 0.00 0.50 0.49 0.50 0.50 0.50 0.07 0.01 0.30 0.01 0.07 -1 1
Result 0 -1.0 46 0.30 0.06 0.09 0.15 0.26 0.23 0.21 -1 -1 -1 -1
Evo 1.60 0.00 0.50 0.49 0.50 0.50 0.50 0.05 0.01 0.38 0.02 0.07 -1 3
Result 0 1.0 85 0.44 0.19 0.13 0.12 0.17 0.22 0.17 -1 -1 -1 -1
Evo 6.88 0.50 0.50 0.50 0.50 0.50 0.50 0.00 0.00 0.45 0.02 0.09 -1 1
Result 0 3.0 26 0.28 0.22 0.26 0.07 0.07 0.26 0.11 -1 -1 -1 -1
Evo 3.58 0.50 0.50 0.50 0.50 0.50 0.50 0.00 0.00 0.22 0.02 0.07 -1 7
Result 0 1.0 69 0.44 0.17 0.16 0.21 0.16 0.13 0.17 -1 -1 -1 -1
Evo 5.05 0.50 0.50 0.50 0.50 0.50 0.50 0.00 0.00 0.32 0.04 0.12 -1 12
Result 0 4.0 97 0.39 0.16 0.13 0.20 0.17 0.15 0.17 -1 -1 -1 -1
Evo 1.70 0.50 1.00 0.50 0.50 0.50 0.50 0.02 0.00 0.03 0.19 0.32 1683 2
Result 1 22.0 1685 0.44 0.18 0.19 0.15 0.15 0.16 0.17 -1 -1 -1 -1
Evo 7.66 0.00 0.50 0.49 0.50 0.50 0.50 0.08 0.01 0.38 0.05 0.16 -1 0
Result 0 7.0 136 0.42 0.17 0.19 0.14 0.16 0.19 0.15 -1 -1 -1 -1
Evo 2.82 0.50 0.50 0.50 0.50 0.50 0.50 0.00 0.00 0.27 0.04 0.15 -1 1
Result 0 14.0 152 0.45 0.24 0.16 0.13 0.18 0.18 0.10 -1 -1 -1 -1
Evo 2.01 0.00 0.50 0.49 0.50 0.50 0.50 0.08 0.01 0.40 0.01 0.05 -1 30
Result 0 1.0 80 0.41 0.17 0.15 0.15 0.22 0.14 0.17 -1 -1 -1 -1
Evo 4.26 0.00 0.50 0.50 0.50 0.50 0.50 0.05 0.00 0.28 0.10 0.20 -1 6
Result 0 34.0 327 0.46 0.13 0.15 0.18 0.20 0.18 0.16 -1 -1 -1 -1
Evo 4.33 0.00 0.50 0.48 0.50 0.50 0.50 0.09 0.01 0.10 0.02 0.05 -1 2
Result 0 1.0 83 0.43 0.10 0.17 0.17 0.19 0.18 0.20 -1 -1 -1 -1
Evo 9.59 0.50 0.50 0.50 0.50 0.50 0.50 0.00 0.00 0.23 0.01 0.10 -1 5
Result 0 3.0 54 0.40 0.20 0.15 0.13 0.11 0.24 0.18 -1 -1 -1 -1
Evo 1.63 0.00 0.50 0.49 0.50 0.50 0.50 0.07 0.01 0.52 0.02 0.05 -1 4
Result 0 1.0 97 0.48 0.22 0.11 0.15 0.21 0.12 0.17 -1 -1 -1 -1
Evo 3.27 0.50 0.50 0.50 0.50 0.50 0.50 0.00 0.00 0.14 0.03 0.09 -1 3
Result 0 3.0 37 0.38 0.13 0.21 0.16 0.13 0.24 0.13 -1 -1 -1 -1
Evo 13.48 0.50 0.50 0.50 0.50 0.50 0.50 0.00 0.00 0.13 0.02 0.08 -1 0
Result 0 3.0 40 0.33 0.20 0.10 0.17 0.10 0.17 0.27 -1 -1 -1 -1
Evo 3.72 0.50 0.50 0.50 0.50 0.50 0.50 0.00 0.00 0.26 0.01 0.07 -1 1
Result 0 -1.0 29 0.39 0.13 0.13 0.10 0.10 0.20 0.33 -1 -1 -1 -1
Evo 1.15 0.50 0.50 0.50 0.50 0.50 0.50 0.00 0.00 0.27 0.01 0.06 -1 9
Result 0 -1.0 13 0.27 0.21 0.21 0.07 0.07 -1 0.43 -1 -1 -1 -1
Evo 8.34 0.50 0.50 0.50 0.50 0.50 0.50 0.00 0.00 0.40 0.04 0.15 -1 7
Result 0 5.0 56 0.40 0.11 0.14 0.26 0.12 0.16 0.21 -1 -1 -1 -1
Evo 10.25 0.00 0.50 0.48 0.50 0.50 0.50 0.10 0.01 0.48 0.02 0.08 -1 4
Result 0 1.0 95 0.47 0.21 0.07 0.19 0.22 0.18 0.14 -1 -1 -1 -1
Evo 5.20 0.00 0.50 0.50 0.50 0.50 0.50 0.04 0.00 0.35 0.03 0.09 -1 106
Result 0 12.0 150 0.37 0.15 0.12 0.19 0.17 0.16 0.22 -1 -1 -1 -1
Evo 1.39 0.50 0.50 0.50 0.50 0.50 0.50 0.00 0.00 0.35 0.03 0.06 -1 224
Result 0 6.0 257 0.47 0.21 0.12 0.16 0.19 0.17 0.16 -1 -1 -1 -1
Evo 1.59 0.00 0.50 0.50 0.50 0.50 0.50 0.02 0.00 0.52 0.09 0.16 -1 257
Result 0 9.0 540 0.41 0.17 0.19 0.18 0.15 0.15 0.16 -1 -1 -1 -1
Evo 2.72 0.00 0.50 0.50 0.50 0.50 0.50 0.04 0.00 0.08 0.03 0.06 -1 66
Result 0 8.0 147 0.43 0.18 0.17 0.11 0.18 0.18 0.18 -1 -1 -1 -1
Evo 1.87 0.00 0.50 0.48 0.50 0.50 0.50 0.09 0.01 0.14 0.03 0.05 -1 154
Result 0 1.0 185 0.45 0.19 0.15 0.15 0.19 0.16 0.17 -1 -1 -1 -1
Evo 1.83 0.00 0.50 0.50 0.50 0.50 0.50 0.04 0.00 0.53 0.21 0.38 -1 61
Result 0 31.0 2000 0.42 0.16 0.17 0.17 0.16 0.17 0.16 -1 -1 -1 -1
Evo 2.22 0.50 1.00 0.50 0.50 0.50 0.50 0.05 0.00 0.07 0.14 0.26 419 15
Result 1 26.0 435 0.45 0.16 0.13 0.19 0.19 0.16 0.18 -1 -1 -1 -1
Evo 2.77 0.00 0.50 0.49 0.50 0.50 0.50 0.06 0.01 0.46 0.03 0.08 -1 101
Result 0 6.0 126 0.45 0.19 0.13 0.17 0.24 0.15 0.13 -1 -1 -1 -1
Evo 3.12 0.00 1.00 0.50 0.50 0.50 0.50 0.06 0.00 0.18 0.16 0.36 731 166
Result 1 26.0 738 0.41 0.15 0.17 0.18 0.17 0.18 0.16 -1 -1 -1 -1
Evo 2.86 0.00 0.50 0.49 0.50 0.50 0.50 0.08 0.01 0.41 0.04 0.12 -1 54
Result 0 10.0 80 0.28 0.07 0.19 0.09 0.15 0.22 0.28 -1 -1 -1 -1
Evo 1.74 0.50 0.50 0.50 0.50 0.50 0.50 0.00 0.00 0.02 0.06 0.14 -1 62
Result 0 25.0 705 0.44 0.15 0.18 0.16 0.17 0.20 0.15 -1 -1 -1 -1
Evo 2.16 0.00 0.50 0.50 0.50 0.50 0.50 0.03 0.00 0.51 0.07 0.14 -1 88
Result 0 8.0 275 0.43 0.17 0.18 0.16 0.17 0.13 0.19 -1 -1 -1 -1
Evo 1.49 0.50 0.50 0.50 0.50 0.50 0.50 0.00 0.00 0.51 0.03 0.06 -1 100
Result 0 6.0 175 0.42 0.18 0.16 0.18 0.15 0.14 0.19 -1 -1 -1 -1
Evo 3.07 0.00 0.50 0.50 0.50 0.50 0.50 0.03 0.00 0.52 0.10 0.18 -1 213
Result 0 10.0 412 0.45 0.19 0.16 0.19 0.14 0.15 0.17 -1 -1 -1 -1
Evo 3.60 0.00 0.50 0.49 0.50 0.50 0.50 0.05 0.00 0.45 0.03 0.07 -1 84
Result 0 6.0 342 0.42 0.17 0.17 0.17 0.16 0.17 0.16 -1 -1 -1 -1
Evo 2.63 0.50 1.00 0.51 0.50 0.50 0.50 0.07 0.00 0.25 0.12 0.31 829 375
Result 1 26.0 851 0.43 0.17 0.15 0.20 0.17 0.17 0.15 -1 -1 -1 -1
Evo 1.60 0.00 0.50 0.48 0.50 0.50 0.50 0.09 0.01 0.05 0.01 0.05 -1 57
Result 0 4.0 136 0.45 0.20 0.13 0.17 0.18 0.17 0.15 -1 -1 -1 -1
Evo 2.41 0.50 0.50 0.50 0.50 0.50 0.50 0.00 0.00 0.07 0.11 0.26 -1 134
Result 0 17.0 773 0.43 0.18 0.17 0.16 0.16 0.14 0.18 -1 -1 -1 -1
Evo 1.87 0.50 0.50 0.50 0.50 0.50 0.50 0.00 0.00 0.42 0.03 0.05 -1 105
Result 0 6.0 245 0.38 0.13 0.23 0.17 0.17 0.17 0.13 -1 -1 -1 -1
Evo 1.52 0.50 0.50 0.50 0.50 0.50 0.50 0.00 0.00 0.44 0.04 0.07 -1 234
Result 0 6.0 339 0.44 0.18 0.14 0.16 0.17 0.16 0.18 -1 -1 -1 -1
Evo 3.27 0.00 0.50 0.50 0.50 0.50 0.50 0.04 0.00 0.28 0.04 0.18 -1 7
Result 0 2.0 182 0.44 0.17 0.17 0.17 0.14 0.20 0.14 -1 -1 -1 -1
Evo 2.69 0.00 0.50 0.50 0.50 0.50 0.50 0.05 0.00 0.13 0.04 0.13 -1 54
Result 0 11.0 118 0.44 0.18 0.20 0.16 0.14 0.16 0.16 -1 -1 -1 -1
Evo 3.91 0.50 0.50 0.50 0.50 0.50 0.50 0.00 0.00 0.36 0.04 0.09 -1 28
Result 0 7.0 103 0.42 0.19 0.15 0.20 0.14 0.15 0.15 -1 -1 -1 -1
Evo 2.11 0.50 0.50 0.50 0.50 0.50 0.50 0.00 0.00 0.50 0.02 0.08 -1 2
Result 0 7.0 119 0.43 0.17 0.18 0.16 0.15 0.18 0.17 -1 -1 -1 -1
Evo 3.31 0.00 0.50 0.49 0.50 0.50 0.50 0.06 0.01 0.14 0.02 0.07 -1 21
Result 0 -1.0 72 0.39 0.14 0.23 0.16 0.15 0.19 0.12 -1 -1 -1 -1
Evo 2.11 0.00 0.50 0.45 0.50 0.50 0.50 0.15 0.02 0.19 0.01 0.05 -1 3
Result 0 5.0 93 0.47 0.18 0.20 0.14 0.20 0.16 0.12 -1 -1 -1 -1
Evo 4.43 0.00 0.50 0.49 0.50 0.50 0.50 0.06 0.00 0.53 0.06 0.15 -1 8
Result 0 21.0 256 0.46 0.18 0.15 0.17 0.19 0.16 0.15 -1 -1 -1 -1
Evo 3.81 0.50 1.00 0.52 0.50 0.50 0.50 0.11 0.01 0.09 0.10 0.23 323 2
Result 1 26.0 346 0.43 0.17 0.18 0.19 0.17 0.16 0.14 -1 -1 -1 -1
Evo 4.30 0.00 0.50 0.49 0.50 0.50 0.50 0.05 0.00 0.48 0.03 0.08 -1 5
Result 0 5.0 168 0.39 0.20 0.20 0.15 0.14 0.18 0.15 -1 -1 -1 -1
Evo 2.28 0.00 0.50 0.50 0.50 0.50 0.50 0.02 0.00 0.34 0.15 0.36 -1 135
Result 0 13.0 805 0.42 0.17 0.17 0.15 0.16 0.17 0.19 -1 -1 -1 -1
Evo 1.76 0.00 0.50 0.49 0.50 0.50 0.50 0.05 0.00 0.29 0.05 0.10 -1 5
Result 0 11.0 298 0.44 0.17 0.12 0.19 0.20 0.17 0.14 -1 -1 -1 -1
Evo 1.47 0.50 1.00 0.51 0.50 0.50 0.50 0.07 0.00 0.18 0.17 0.29 1292 9
Result 1 31.0 1361 0.43 0.17 0.17 0.17 0.17 0.16 0.16 -1 -1 -1 -1
Evo 3.85 0.50 0.50 0.50 0.50 0.50 0.50 0.00 0.00 0.50 0.04 0.13 -1 3
Result 0 15.0 219 0.45 0.18 0.16 0.18 0.15 0.17 0.16 -1 -1 -1 -1
Evo 1.87 0.00 0.50 0.50 0.50 0.50 0.50 0.03 0.00 0.13 0.23 0.37 -1 5
Result 0 31.0 2000 0.44 0.17 0.16 0.15 0.17 0.18 0.17 -1 -1 -1 -1
Evo 7.16 0.50 0.50 0.50 0.50 0.50 0.50 0.00 0.00 0.20 0.05 0.12 -1 17
Result 0 19.0 154 0.45 0.15 0.15 0.18 0.19 0.12 0.21 -1 -1 -1 -1
Evo 4.32 0.00 0.50 0.50 0.50 0.50 0.50 0.04 0.00 0.11 0.04 0.13 -1 16
Result 0 11.0 146 0.40 0.14 0.17 0.20 0.18 0.14 0.17 -1 -1 -1 -1
Evo 1.16 0.50 0.50 0.50 0.50 0.50 0.50 0.00 0.00 0.10 0.04 0.11 -1 54
Result 0 11.0 117 0.41 0.15 0.22 0.27 0.16 0.10 0.09 -1 -1 -1 -1
Evo 1.30 0.00 0.50 0.50 0.50 0.50 0.50 0.04 0.00 0.51 0.01 0.06 -1 2
Result 0 5.0 151 0.41 0.20 0.17 0.18 0.15 0.19 0.10 -1 -1 -1 -1
Evo 2.47 0.00 0.50 0.49 0.50 0.50 0.50 0.06 0.00 0.11 0.02 0.07 -1 17
Result 0 0.0 147 0.45 0.18 0.14 0.14 0.18 0.20 0.17 -1 -1 -1 -1
Evo 2.86 0.00 0.50 0.50 0.50 0.50 0.50 0.04 0.00 0.15 0.03 0.09 -1 8
Result 0 0.0 140 0.44 0.23 0.18 0.16 0.18 0.10 0.16 -1 -1 -1 -1
Evo 7.63 0.50 1.00 0.53 0.50 0.50 0.50 0.12 0.01 0.26 0.06 0.18 149 63
Result 1 28.0 162 0.36 0.15 0.12 0.18 0.17 0.15 0.23 -1 -1 -1 -1
Evo 2.95 0.00 0.50 0.50 0.50 0.50 0.50 0.04 0.00 0.12 0.09 0.32 -1 20
Result 0 19.0 360 0.41 0.17 0.17 0.14 0.15 0.21 0.16 -1 -1 -1 -1
Evo 2.58 0.50 0.50 0.50 0.50 0.50 0.50 0.00 0.00 0.36 0.04 0.17 -1 27
Result 0 15.0 146 0.31 0.20 0.13 0.19 0.09 0.18 0.20 -1 -1 -1 -1
Evo 6.67 0.50 0.50 0.50 0.50 0.50 0.50 0.00 0.00 0.53 0.04 0.14 -1 63
Result 0 15.0 135 0.43 0.20 0.16 0.16 0.21 0.15 0.13 -1 -1 -1 -1
Evo 5.43 0.50 0.50 0.50 0.50 0.50 0.50 0.00 0.00 0.21 0.04 0.14 -1 10
Result 0 9.0 104 0.46 0.20 0.17 0.15 0.12 0.20 0.15 -1 -1 -1 -1
Evo 3.26 0.50 0.50 0.50 0.50 0.50 0.50 0.00 0.00 0.38 0.03 0.10 -1 95
Result 0 11.0 115 0.41 0.20 0.16 0.12 0.15 0.18 0.19 -1 -1 -1 -1
Evo 12.14 0.50 0.50 0.50 0.50 0.50 0.50 0.00 0.00 0.34 0.06 0.18 -1 14
Result 0 24.0 105 0.48 0.13 0.14 0.21 0.22 0.15 0.15 -1 -1 -1 -1
Evo 4.50 0.50 1.00 0.52 0.50 0.50 0.50 0.09 0.01 0.22 0.07 0.19 229 28
Result 1 24.0 236 0.44 0.18 0.17 0.15 0.20 0.14 0.16 -1 -1 -1 -1
Evo 5.19 0.50 0.50 0.50 0.50 0.50 0.50 0.00 0.00 0.28 0.09 0.24 -1 52
Result 0 17.0 308 0.44 0.17 0.15 0.16 0.16 0.21 0.16 -1 -1 -1 -1
Evo 1.84 0.00 0.50 0.50 0.50 0.50 0.50 0.04 0.00 0.27 0.01 0.06 -1 113
Result 0 16.0 161 0.44 0.20 0.22 0.15 0.18 0.12 0.13 -1 -1 -1 -1
Evo 8.09 0.50 0.50 0.50 0.50 0.50 0.50 0.00 0.00 0.27 0.02 0.11 -1 22
Result 0 9.0 139 0.46 0.18 0.13 0.16 0.19 0.16 0.19 -1 -1 -1 -1
Evo 3.36 0.00 1.00 0.51 0.50 0.50 0.50 0.09 0.01 0.31 0.09 0.24 179 51
Result 1 31.0 191 0.44 0.12 0.17 0.18 0.20 0.17 0.16 -1 -1 -1 -1
Evo 4.51 0.50 0.50 0.50 0.50 0.50 0.50 0.00 0.00 0.52 0.05 0.16 -1 153
Result 0 9.0 306 0.43 0.19 0.13 0.16 0.17 0.18 0.18 -1 -1 -1 -1
Evo 5.45 0.50 0.50 0.50 0.50 0.50 0.50 0.00 0.00 0.29 0.04 0.11 -1 18
Result 0 16.0 180 0.45 0.19 0.18 0.20 0.17 0.15 0.11 -1 -1 -1 -1
Evo 3.23 0.00 0.50 0.49 0.50 0.50 0.50 0.06 0.01 0.17 0.01 0.09 -1 92
Result 0 5.0 139 0.39 0.21 0.19 0.14 0.14 0.19 0.15 -1 -1 -1 -1
Evo 3.50 0.50 1.00 0.50 0.50 0.50 0.50 0.03 0.00 0.09 0.12 0.29 270 124
Result 0 25.0 345 0.39 0.17 0.13 0.22 0.17 0.18 0.13 -1 -1 -1 -1
Evo 6.58 0.50 0.50 0.50 0.50 0.50 0.50 0.00 0.00 0.43 0.07 0.22 -1 60
Result 0 25.0 230 0.43 0.16 0.16 0.17 0.16 0.17 0.17 -1 -1 -1 -1
Evo 6.85 0.50 0.50 0.50 0.50 0.50 0.50 0.00 0.00 0.53 0.03 0.11 -1 51
Result 0 6.0 66 0.43 0.16 0.18 0.13 0.25 0.12 0.15 -1 -1 -1 -1
Evo 5.18 0.50 0.50 0.50 0.50 0.50 0.50 0.00 0.00 0.25 0.06 0.18 -1 27
Result 0 17.0 201 0.37 0.17 0.12 0.22 0.18 0.16 0.16 -1 -1 -1 -1
Evo 6.94 0.00 0.50 0.49 0.50 0.50 0.50 0.07 0.01 0.20 0.07 0.21 -1 27
Result 0 25.0 185 0.42 0.19 0.16 0.20 0.20 0.10 0.16 -1 -1 -1 -1
