Evo 4.36 0.00 1.00 0.80 1.00 1.00 1.00 0.40 0.05 0.26 0.03 0.08 -1 8
Result 0 10.0 59 0.49 0.12 0.23 0.20 0.18 0.13 0.13 -1 -1 -1 -1
Evo 4.89 0.00 1.00 0.93 1.00 1.00 1.00 0.26 0.03 0.43 0.03 0.11 -1 6
Result 0 10.0 71 0.43 0.15 0.17 0.14 0.19 0.18 0.17 -1 -1 -1 -1
Evo 2.10 0.00 1.00 0.94 1.00 1.00 1.00 0.24 0.02 0.52 0.06 0.16 -1 17
Result 0 12.0 237 0.38 0.16 0.13 0.17 0.16 0.17 0.22 -1 -1 -1 -1
Evo 3.84 0.00 1.00 0.97 1.00 1.00 1.00 0.16 0.01 0.08 0.08 0.16 -1 30
Result 0 17.0 294 0.44 0.18 0.17 0.19 0.16 0.17 0.13 -1 -1 -1 -1
Evo 5.52 0.00 1.00 0.86 1.00 1.00 1.00 0.35 0.05 0.49 0.03 0.08 -1 11
Result 0 6.0 56 0.42 0.16 0.16 0.14 0.16 0.18 0.21 -1 -1 -1 -1
Evo 1.23 0.00 1.00 0.94 1.00 1.00 1.00 0.24 0.04 0.22 0.01 0.06 -1 40
Result 0 1.0 47 0.34 0.19 0.10 0.19 0.21 0.17 0.15 -1 -1 -1 -1
Evo 4.17 0.00 1.00 0.97 1.00 1.00 1.00 0.17 0.02 0.06 0.04 0.14 -1 22
Result 0 12.0 104 0.46 0.13 0.19 0.17 0.19 0.12 0.19 -1 -1 -1 -1
Evo 4.52 0.00 1.00 0.97 1.00 1.00 1.00 0.17 0.01 0.12 0.08 0.19 -1 29
Result 0 17.0 236 0.37 0.17 0.12 0.14 0.20 0.22 0.16 -1 -1 -1 -1
Evo 1.04 0.00 1.00 0.75 0.00 1.00 1.00 0.44 0.09 0.35 0.01 0.04 -1 16
Result 0 0.0 23 0.38 0.08 0.13 0.08 0.13 0.42 0.17 -1 -1 -1 -1
Evo 10.22 0.00 1.00 0.97 1.00 1.00 1.00 0.18 0.01 0.04 0.14 0.30 -1 7
Result 0 29.0 519 0.44 0.18 0.17 0.17 0.17 0.16 0.15 -1 -1 -1 -1
Evo 2.96 0.00 1.00 0.94 1.00 1.00 1.00 0.24 0.02 0.53 0.07 0.13 -1 12
Result 0 7.0 142 0.47 0.11 0.21 0.15 0.22 0.17 0.14 -1 -1 -1 -1
Evo 2.53 0.00 1.00 0.95 1.00 1.00 1.00 0.22 0.02 0.27 0.10 0.18 -1 14
Result 0 14.0 183 0.44 0.17 0.17 0.19 0.18 0.14 0.15 -1 -1 -1 -1
Evo 1.58 0.00 1.00 0.96 1.00 1.00 1.00 0.19 0.02 0.52 0.06 0.12 -1 31
Result 0 12.0 111 0.46 0.19 0.20 0.15 0.21 0.17 0.09 -1 -1 -1 -1
Evo 2.86 0.00 1.00 0.91 1.00 1.00 1.00 0.29 0.03 0.16 0.04 0.09 -1 5
Result 0 12.0 96 0.48 0.16 0.22 0.18 0.11 0.18 0.15 -1 -1 -1 -1
Evo 1.65 0.00 1.00 0.93 1.00 1.00 1.00 0.25 0.02 0.09 0.07 0.23 -1 11
Result 0 24.0 130 0.41 0.14 0.15 0.20 0.20 0.15 0.17 -1 -1 -1 -1
Evo 1.87 0.00 1.00 0.94 1.00 1.00 1.00 0.24 0.03 0.25 0.03 0.11 -1 8
Result 0 11.0 63 0.42 0.11 0.16 0.13 0.22 0.19 0.20 -1 -1 -1 -1
Evo 2.78 0.00 1.00 0.94 1.00 1.00 1.00 0.24 0.02 0.30 0.06 0.11 -1 23
Result 0 5.0 128 0.41 0.18 0.15 0.14 0.27 0.15 0.12 -1 -1 -1 -1
Evo 1.29 0.00 1.00 0.90 1.00 1.00 1.00 0.31 0.04 0.11 0.03 0.07 -1 22
Result 0 3.0 48 0.52 0.14 0.29 0.10 0.18 0.14 0.14 -1 -1 -1 -1
Evo 3.50 0.00 1.00 0.92 1.00 1.00 1.00 0.28 0.05 0.29 0.02 0.06 -1 9
Result 0 3.0 36 0.43 0.24 0.16 0.19 0.19 0.08 0.14 -1 -1 -1 -1
Evo 3.71 0.00 1.00 0.94 1.00 1.00 1.00 0.23 0.02 0.09 0.06 0.23 -1 6
Result 0 12.0 210 0.42 0.15 0.16 0.16 0.17 0.18 0.19 -1 -1 -1 -1
Evo 1.15 0.00 1.00 0.90 1.00 1.00 1.00 0.30 0.03 0.14 0.02 0.04 -1 60
Result 0 0.0 79 0.48 0.19 0.23 0.11 0.14 0.13 0.21 -1 -1 -1 -1
Evo 2.94 0.00 1.00 0.84 1.00 1.00 1.00 0.37 0.07 0.21 0.01 0.04 -1 16
Result 0 0.0 31 0.51 0.09 0.28 0.13 0.25 0.16 0.09 -1 -1 -1 -1
Evo 1.03 0.00 1.00 0.78 1.00 1.00 1.00 0.42 0.07 0.28 0.01 0.03 -1 29
Result 0 0.0 36 0.48 0.05 0.22 0.22 0.19 0.16 0.16 -1 -1 -1 -1
Evo 1.04 0.00 1.00 0.69 0.00 1.00 1.00 0.47 0.09 0.37 0.01 0.03 -1 3
Result 0 0.0 25 0.42 0.15 0.15 0.04 0.27 0.15 0.23 -1 -1 -1 -1
Evo 3.85 0.00 1.00 0.93 1.00 1.00 1.00 0.25 0.03 0.19 0.04 0.14 -1 4
Result 0 14.0 73 0.44 0.14 0.18 0.16 0.18 0.16 0.19 -1 -1 -1 -1
Evo 1.02 0.00 1.00 0.84 1.00 1.00 1.00 0.37 0.05 0.21 0.01 0.03 -1 38
Result 0 0.0 44 0.42 0.13 0.16 0.20 0.22 0.18 0.11 -1 -1 -1 -1
Evo 1.08 0.00 1.00 0.43 0.00 0.00 1.00 0.51 0.14 0.52 0.01 0.03 -1 5
Result 0 0.0 13 0.48 0.14 -1 0.36 0.14 0.14 0.21 -1 -1 -1 -1
Evo 6.37 0.00 1.00 0.75 1.00 1.00 1.00 0.44 0.10 0.31 0.02 0.06 -1 4
Result 0 0.0 19 0.53 0.05 0.35 -1 0.30 0.15 0.15 -1 -1 -1 -1
Evo 1.23 0.00 1.00 0.82 1.00 1.00 1.00 0.39 0.06 0.23 0.02 0.04 -1 7
Result 0 0.0 44 0.48 0.11 0.22 0.11 0.22 0.20 0.13 -1 -1 -1 -1
Evo 1.09 0.00 1.00 0.74 0.00 1.00 1.00 0.45 0.09 0.32 0.01 0.04 -1 13
Result 0 0.0 22 0.51 0.13 0.26 0.26 0.04 0.17 0.13 -1 -1 -1 -1
Evo 3.11 0.00 1.00 0.95 1.00 1.00 1.00 0.23 0.02 0.25 0.02 0.05 -1 4
Result 0 5.0 109 0.46 0.20 0.20 0.19 0.17 0.06 0.17 -1 -1 -1 -1
Evo 1.03 0.00 1.00 0.74 0.00 1.00 1.00 0.44 0.08 0.32 0.01 0.03 -1 23
Result 0 0.0 30 0.33 0.16 0.10 0.19 0.16 0.19 0.19 -1 -1 -1 -1
Evo 1.05 0.00 1.00 0.65 0.00 1.00 1.00 0.49 0.10 0.40 0.01 0.03 -1 15
Result 0 0.0 22 0.44 0.04 0.17 0.17 0.09 0.22 0.30 -1 -1 -1 -1
Evo 7.29 0.00 1.00 0.85 1.00 1.00 1.00 0.36 0.05 0.20 0.02 0.06 -1 5
Result 0 0.0 59 0.48 0.22 0.22 0.15 0.15 0.08 0.18 -1 -1 -1 -1
Evo 1.01 0.00 1.00 0.93 1.00 1.00 1.00 0.26 0.02 0.10 0.01 0.03 -1 102
Result 0 0.0 110 0.40 0.14 0.14 0.15 0.18 0.24 0.14 -1 -1 -1 -1
Evo 1.25 0.00 1.00 0.73 0.00 1.00 1.00 0.45 0.08 0.53 0.02 0.06 -1 7
Result 0 5.0 32 0.47 0.09 0.21 0.12 0.12 0.30 0.15 -1 -1 -1 -1
Evo 1.25 0.00 1.00 0.84 1.00 1.00 1.00 0.37 0.05 0.45 0.01 0.03 -1 8
Result 0 5.0 48 0.50 0.12 0.24 0.14 0.16 0.08 0.24 -1 -1 -1 -1
Evo 1.04 0.00 1.00 0.88 1.00 1.00 1.00 0.33 0.07 0.16 0.01 0.04 -1 16
Result 0 0.0 24 0.42 0.20 0.16 0.24 0.16 0.12 0.12 -1 -1 -1 -1
Evo 3.17 0.00 1.00 0.96 1.00 1.00 1.00 0.21 0.02 0.06 0.03 0.08 -1 6
Result 0 0.0 112 0.45 0.18 0.19 0.21 0.19 0.14 0.09 -1 -1 -1 -1
Evo 2.40 0.00 1.00 0.92 1.00 1.00 1.00 0.28 0.03 0.14 0.04 0.09 -1 6
Result 0 1.0 95 0.42 0.17 0.16 0.14 0.18 0.16 0.21 -1 -1 -1 -1
Evo 5.99 1.00 1.00 1.00 1.00 1.00 1.00 0.00 0.00 0.47 0.06 0.20 -1 2
Result 0 13.0 90 0.40 0.15 0.14 0.20 0.18 0.15 0.18 -1 -1 -1 -1
Evo 9.11 1.00 1.00 1.00 1.00 1.00 1.00 0.00 0.00 0.42 0.03 0.16 -1 0
Result 0 1.0 44 0.42 0.18 0.16 0.22 0.20 0.13 0.11 -1 -1 -1 -1
Evo 1.26 0.00 1.00 0.86 1.00 1.00 1.00 0.36 0.06 0.30 0.02 0.11 -1 1
Result 0 3.0 34 0.49 0.09 0.23 0.09 0.17 0.31 0.11 -1 -1 -1 -1
Evo 4.50 0.00 1.00 0.95 1.00 1.00 1.00 0.22 0.02 0.37 0.07 0.22 -1 0
Result 0 14.0 199 0.40 0.11 0.14 0.18 0.21 0.22 0.16 -1 -1 -1 -1
Evo 5.47 0.00 1.00 0.97 1.00 1.00 1.00 0.16 0.01 0.12 0.11 0.27 -1 0
Result 0 12.0 239 0.43 0.16 0.17 0.17 0.17 0.15 0.19 -1 -1 -1 -1
Evo 2.33 0.00 1.00 0.94 1.00 1.00 1.00 0.24 0.02 0.44 0.07 0.21 -1 0
Result 0 13.0 157 0.44 0.15 0.17 0.22 0.20 0.13 0.14 -1 -1 -1 -1
Evo 7.55 0.00 1.00 0.88 1.00 1.00 1.00 0.32 0.04 0.25 0.03 0.13 -1 0
Result 0 2.0 77 0.36 0.26 0.12 0.14 0.15 0.14 0.19 -1 -1 -1 -1
Evo 7.98 0.00 1.00 0.95 1.00 1.00 1.00 0.21 0.03 0.20 0.03 0.13 -1 0
Result 0 7.0 43 0.45 0.18 0.18 0.18 0.09 0.14 0.23 -1 -1 -1 -1
Evo 3.33 0.00 1.00 0.87 1.00 1.00 1.00 0.34 0.04 0.52 0.04 0.12 -1 9
Result 0 3.0 75 0.42 0.13 0.16 0.16 0.14 0.18 0.22 -1 -1 -1 -1
Evo 4.10 0.00 1.00 0.56 0.50 0.50 0.50 0.20 0.01 0.15 0.09 0.24 30 0
Result 0 19.0 259 0.45 0.14 0.18 0.20 0.13 0.20 0.15 -1 -1 -1 -1
Evo 1.59 0.00 1.00 0.49 0.50 0.50 0.50 0.10 0.01 0.45 0.06 0.14 71 3
Result 0 15.0 229 0.47 0.16 0.20 0.16 0.19 0.17 0.13 -1 -1 -1 -1
Evo 3.52 0.00 0.50 0.49 0.50 0.50 0.50 0.08 0.00 0.14 0.16 0.32 -1 2
Result 0 27.0 630 0.42 0.18 0.16 0.16 0.19 0.16 0.15 -1 -1 -1 -1
Evo 4.50 0.00 0.50 0.47 0.50 0.50 0.50 0.11 0.01 0.41 0.12 0.29 -1 0
Result 0 13.0 254 0.44 0.14 0.18 0.18 0.20 0.14 0.17 -1 -1 -1 -1
Evo 7.28 0.00 0.50 0.48 0.50 0.50 0.50 0.09 0.01 0.52 0.06 0.22 -1 0
Result 0 19.0 161 0.43 0.15 0.17 0.20 0.11 0.18 0.19 -1 -1 -1 -1
Evo 1.04 0.00 0.50 0.44 0.50 0.50 0.50 0.16 0.03 0.36 0.02 0.11 -1 1
Result 0 0.0 25 0.46 0.08 0.19 0.31 0.08 0.12 0.23 -1 -1 -1 -1
Evo 1.02 0.00 0.50 0.42 0.50 0.50 0.50 0.19 0.03 0.50 0.03 0.12 -1 5
Result 0 1.0 48 0.45 0.16 0.18 0.10 0.16 0.22 0.16 -1 -1 -1 -1
Evo 1.46 0.00 0.50 0.49 0.50 0.50 0.50 0.07 0.01 0.53 0.07 0.17 -1 1
Result 0 12.0 145 0.44 0.15 0.18 0.15 0.16 0.20 0.16 -1 -1 -1 -1
Evo 1.72 0.00 0.50 0.49 0.50 0.50 0.50 0.07 0.01 0.49 0.06 0.19 -1 6
Result 0 12.0 137 0.44 0.14 0.17 0.15 0.20 0.22 0.12 -1 -1 -1 -1
Evo 9.50 0.00 0.50 0.44 0.50 0.50 0.50 0.16 0.02 0.33 0.04 0.16 -1 2
Result 0 6.0 52 0.49 0.09 0.23 0.30 0.13 0.19 0.06 -1 -1 -1 -1
Evo 3.90 0.00 0.50 0.49 0.50 0.50 0.50 0.08 0.01 0.18 0.08 0.22 -1 1
Result 0 12.0 104 0.46 0.17 0.20 0.17 0.16 0.14 0.15 -1 -1 -1 -1
Evo 1.03 0.00 0.50 0.42 0.50 0.50 0.50 0.19 0.03 0.33 0.02 0.05 -1 22
Result 0 2.0 30 0.46 0.13 0.19 0.23 0.26 0.10 0.10 -1 -1 -1 -1
Evo 3.07 0.00 0.50 0.49 0.50 0.50 0.50 0.07 0.00 0.43 0.04 0.11 -1 16
Result 0 13.0 263 0.38 0.19 0.13 0.21 0.16 0.18 0.13 -1 -1 -1 -1
Evo 1.46 0.00 0.50 0.44 0.50 0.50 0.50 0.16 0.03 0.53 0.02 0.05 -1 10
Result 0 2.0 41 0.46 0.12 0.19 0.21 0.19 0.10 0.19 -1 -1 -1 -1
Evo 1.07 0.00 0.50 0.37 0.00 0.50 0.50 0.23 0.06 0.26 0.01 0.03 -1 7
Result 0 1.0 14 0.39 0.20 0.13 -1 0.20 0.27 0.20 -1 -1 -1 -1
Evo 2.06 0.00 0.50 0.48 0.50 0.50 0.50 0.10 0.01 0.23 0.05 0.14 -1 9
Result 0 3.0 362 0.45 0.16 0.18 0.20 0.18 0.16 0.10 -1 -1 -1 -1
Evo 4.04 0.00 0.50 0.47 0.50 0.50 0.50 0.11 0.01 0.26 0.01 0.05 -1 29
Result 0 2.0 72 0.44 0.26 0.18 0.14 0.18 0.10 0.15 -1 -1 -1 -1
Evo 3.13 0.00 0.50 0.48 0.50 0.50 0.50 0.11 0.01 0.24 0.03 0.06 -1 15
Result 0 3.0 104 0.41 0.20 0.15 0.18 0.12 0.18 0.16 -1 -1 -1 -1
Evo 8.15 0.00 0.50 0.46 0.50 0.50 0.50 0.14 0.01 0.53 0.03 0.09 -1 29
Result 0 3.0 84 0.38 0.21 0.13 0.16 0.24 0.15 0.11 -1 -1 -1 -1
Evo 1.04 0.00 0.50 0.46 0.50 0.50 0.50 0.14 0.03 0.30 0.01 0.05 -1 15
Result 0 1.0 23 0.50 0.04 0.25 0.04 0.08 0.25 0.33 -1 -1 -1 -1
Evo 3.26 0.00 0.50 0.45 0.50 0.50 0.50 0.15 0.02 0.53 0.02 0.06 -1 10
Result 0 3.0 42 0.50 0.09 0.26 0.19 0.16 0.05 0.26 -1 -1 -1 -1
Evo 1.23 0.00 0.50 0.49 0.50 0.50 0.50 0.08 0.01 0.51 0.02 0.06 -1 32
Result 0 2.0 103 0.47 0.18 0.21 0.13 0.16 0.20 0.12 -1 -1 -1 -1
Evo 10.48 0.00 0.50 0.46 0.50 0.50 0.50 0.13 0.01 0.07 0.03 0.06 -1 16
Result 0 2.0 95 0.43 0.14 0.17 0.18 0.14 0.19 0.20 -1 -1 -1 -1
Evo 7.00 0.00 0.50 0.49 0.50 0.50 0.50 0.08 0.00 0.31 0.15 0.31 -1 12
Result 0 29.0 450 0.44 0.16 0.18 0.17 0.18 0.17 0.15 -1 -1 -1 -1
Evo 1.96 0.00 0.50 0.43 0.50 0.50 0.50 0.18 0.03 0.39 0.01 0.06 -1 10
Result 0 3.0 28 0.44 0.10 0.17 0.17 0.21 0.21 0.14 -1 -1 -1 -1
Evo 3.35 0.00 0.50 0.49 0.50 0.50 0.50 0.08 0.00 0.33 0.11 0.25 -1 9
Result 0 4.0 244 0.40 0.18 0.14 0.21 0.14 0.14 0.18 -1 -1 -1 -1
Evo 2.67 0.00 0.50 0.49 0.50 0.50 0.50 0.06 0.00 0.13 0.06 0.19 -1 13
Result 0 9.0 163 0.42 0.16 0.16 0.23 0.17 0.16 0.12 -1 -1 -1 -1
Evo 1.37 0.00 0.50 0.38 0.50 0.50 0.50 0.22 0.04 0.52 0.02 0.04 -1 13
Result 0 2.0 27 0.52 0.14 0.29 0.18 0.18 0.07 0.14 -1 -1 -1 -1
Evo 4.31 0.00 0.50 0.48 0.50 0.50 0.50 0.11 0.01 0.48 0.03 0.09 -1 13
Result 0 3.0 80 0.48 0.06 0.22 0.16 0.12 0.25 0.19 -1 -1 -1 -1
Evo 3.17 0.00 0.50 0.49 0.50 0.50 0.50 0.09 0.01 0.46 0.03 0.09 -1 7
Result 0 3.0 66 0.41 0.24 0.15 0.21 0.12 0.16 0.12 -1 -1 -1 -1
Evo 2.93 0.00 0.50 0.49 0.50 0.50 0.50 0.07 0.01 0.47 0.07 0.19 -1 15
Result 0 3.0 104 0.46 0.07 0.19 0.25 0.14 0.16 0.19 -1 -1 -1 -1
Evo 2.12 0.00 0.50 0.46 0.50 0.50 0.50 0.14 0.02 0.29 0.03 0.09 -1 6
Result 0 3.0 50 0.49 0.14 0.24 0.12 0.18 0.16 0.18 -1 -1 -1 -1
Evo 10.15 0.00 0.50 0.47 0.50 0.50 0.50 0.12 0.01 0.12 0.09 0.20 -1 9
Result 0 16.0 142 0.40 0.15 0.14 0.13 0.17 0.27 0.14 -1 -1 -1 -1
Evo 3.47 0.00 0.50 0.49 0.50 0.50 0.50 0.08 0.00 0.05 0.11 0.23 -1 14
Result 0 17.0 270 0.46 0.21 0.20 0.14 0.14 0.17 0.13 -1 -1 -1 -1
Evo 6.45 0.00 0.50 0.47 0.50 0.50 0.50 0.12 0.02 0.53 0.02 0.09 -1 3
Result 0 13.0 33 0.44 0.18 0.18 0.12 0.18 0.12 0.24 -1 -1 -1 -1
Evo 6.79 0.00 0.50 0.44 0.50 0.50 0.50 0.16 0.02 0.23 0.04 0.14 -1 11
Result 0 8.0 92 0.46 0.17 0.19 0.19 0.10 0.16 0.18 -1 -1 -1 -1
Evo 2.69 0.00 0.50 0.48 0.50 0.50 0.50 0.10 0.01 0.15 0.07 0.20 -1 5
Result 0 27.0 207 0.43 0.15 0.16 0.18 0.19 0.15 0.17 -1 -1 -1 -1
Evo 7.52 0.00 0.50 0.47 0.50 0.50 0.50 0.12 0.02 0.35 0.04 0.14 -1 5
Result 0 10.0 64 0.43 0.18 0.17 0.12 0.17 0.15 0.20 -1 -1 -1 -1
Evo 5.51 0.00 0.50 0.46 0.50 0.50 0.50 0.14 0.02 0.51 0.05 0.15 -1 9
Result 0 14.0 75 0.38 0.17 0.13 0.25 0.13 0.24 0.08 -1 -1 -1 -1
Evo 4.32 0.00 0.50 0.48 0.50 0.50 0.50 0.11 0.01 0.51 0.03 0.11 -1 7
Result 0 7.0 85 0.45 0.15 0.19 0.13 0.15 0.15 0.23 -1 -1 -1 -1
Evo 3.23 0.00 0.50 0.43 0.50 0.50 0.50 0.17 0.02 0.20 0.03 0.11 -1 6
Result 0 6.0 65 0.43 0.12 0.17 0.17 0.15 0.15 0.24 -1 -1 -1 -1
Evo 1.06 0.00 0.50 0.43 0.50 0.50 0.50 0.18 0.03 0.51 0.01 0.09 -1 2
Result 0 1.0 34 0.46 0.11 0.20 0.20 0.23 0.14 0.11 -1 -1 -1 -1
Evo 5.05 0.00 0.50 0.49 0.50 0.50 0.50 0.07 0.01 0.07 0.09 0.22 -1 5
Result 0 17.0 196 0.43 0.19 0.16 0.17 0.23 0.15 0.10 -1 -1 -1 -1
Evo 4.48 0.50 0.50 0.50 0.50 0.50 0.50 0.00 0.00 0.12 0.02 0.10 -1 6
Result 0 2.0 44 0.39 0.20 0.13 0.09 0.24 0.13 0.20 -1 -1 -1 -1
Evo 1.58 0.00 0.50 0.49 0.50 0.50 0.50 0.07 0.01 0.12 0.03 0.10 -1 4
Result 0 8.0 45 0.38 0.20 0.13 0.13 0.20 0.17 0.17 -1 -1 -1 -1
Evo 3.89 0.00 0.50 0.47 0.50 0.50 0.50 0.12 0.01 0.07 0.09 0.23 -1 6
Result 0 16.0 197 0.38 0.18 0.13 0.20 0.17 0.17 0.16 -1 -1 -1 -1
Evo 3.26 0.00 0.50 0.44 0.50 0.50 0.50 0.16 0.02 0.28 0.03 0.11 -1 4
Result 0 5.0 77 0.47 0.08 0.21 0.10 0.19 0.19 0.23 -1 -1 -1 -1
Evo 5.56 0.00 0.50 0.49 0.50 0.50 0.50 0.07 0.01 0.20 0.04 0.20 -1 5
Result 0 9.0 108 0.37 0.22 0.12 0.20 0.19 0.10 0.17 -1 -1 -1 -1
Evo 3.75 0.00 0.50 0.46 0.50 0.50 0.50 0.13 0.02 0.27 0.02 0.12 -1 5
Result 0 7.0 56 0.47 0.12 0.21 0.12 0.28 0.12 0.14 -1 -1 -1 -1
Evo 1.74 0.00 0.50 0.48 0.50 0.50 0.50 0.10 0.02 0.39 0.01 0.07 -1 5
Result 0 1.0 23 0.47 0.17 0.21 0.21 0.13 0.04 0.25 -1 -1 -1 -1
Evo 6.04 0.00 0.50 0.44 0.50 0.50 0.50 0.17 0.03 0.42 0.02 0.09 -1 5
Result 0 6.0 24 0.42 0.12 0.16 0.08 0.16 0.24 0.24 -1 -1 -1 -1
