Evo 1.20 0.00 1.00 0.44 0.00 0.00 1.00 0.49 0.01 0.13 0.29 0.38 -1 1893
Result 0 4.0 1900 0.46 0.20 0.20 0.20 0.20 0.20 -1 -1 -1 -1 -1
Evo 1.03 0.00 1.00 1.00 1.00 1.00 1.00 0.06 0.00 0.47 0.39 0.39 -1 1893
Result 0 4.0 1900 0.48 0.20 0.22 0.19 0.21 0.18 -1 -1 -1 -1 -1
Evo 1.00 0.00 1.00 1.00 1.00 1.00 1.00 0.06 0.00 0.04 0.27 0.39 -1 1893
Result 0 4.0 1900 0.46 0.21 0.20 0.21 0.19 0.20 -1 -1 -1 -1 -1
Evo 1.00 0.00 1.00 1.00 1.00 1.00 1.00 0.06 0.00 0.01 0.25 0.30 -1 1893
Result 0 0.0 1900 0.46 0.19 0.19 0.21 0.19 0.21 -1 -1 -1 -1 -1
Evo 1.00 0.00 1.00 1.00 1.00 1.00 1.00 0.06 0.00 0.01 0.21 0.27 -1 1893
Result 0 0.0 1900 0.47 0.19 0.20 0.20 0.20 0.20 -1 -1 -1 -1 -1
Evo 1.06 0.00 1.00 1.00 1.00 1.00 1.00 0.06 0.00 0.51 0.37 0.39 -1 1893
Result 0 4.0 1900 0.44 0.21 0.18 0.21 0.20 0.21 -1 -1 -1 -1 -1
Evo 1.09 0.00 1.00 1.00 1.00 1.00 1.00 0.06 0.00 0.42 0.38 0.39 -1 1893
Result 0 4.0 1900 0.44 0.19 0.18 0.19 0.23 0.21 -1 -1 -1 -1 -1
Evo 1.06 0.00 1.00 1.00 1.00 1.00 1.00 0.06 0.00 0.35 0.24 0.33 -1 1893
Result 0 4.0 1900 0.45 0.21 0.18 0.20 0.21 0.20 -1 -1 -1 -1 -1
Evo 1.02 0.00 1.00 1.00 1.00 1.00 1.00 0.06 0.00 0.49 0.20 0.25 -1 1893
Result 0 2.0 1900 0.47 0.20 0.21 0.22 0.20 0.18 -1 -1 -1 -1 -1
Evo 1.00 0.00 1.00 1.00 1.00 1.00 1.00 0.06 0.00 0.01 0.38 0.39 -1 1893
Result 0 0.0 1900 0.45 0.21 0.18 0.22 0.18 0.21 -1 -1 -1 -1 -1
Evo 1.10 0.00 1.00 1.00 1.00 1.00 1.00 0.06 0.00 0.24 0.39 0.39 -1 1893
Result 0 14.0 1900 0.46 0.22 0.20 0.19 0.20 0.19 -1 -1 -1 -1 -1
Evo 1.04 0.00 1.00 1.00 1.00 1.00 1.00 0.06 0.00 0.33 0.34 0.39 -1 1893
Result 0 2.0 1900 0.47 0.20 0.20 0.19 0.21 0.19 -1 -1 -1 -1 -1
Evo 1.07 0.00 1.00 1.00 1.00 1.00 1.00 0.06 0.00 0.53 0.25 0.38 -1 1893
Result 0 2.0 1900 0.47 0.21 0.20 0.19 0.20 0.20 -1 -1 -1 -1 -1
Evo 1.02 0.00 1.00 1.00 1.00 1.00 1.00 0.06 0.00 0.20 0.38 0.39 -1 1893
Result 0 14.0 1900 0.46 0.21 0.20 0.19 0.19 0.21 -1 -1 -1 -1 -1
Evo 1.02 0.00 1.00 1.00 1.00 1.00 1.00 0.06 0.00 0.51 0.25 0.33 -1 1893
Result 0 2.0 1900 0.47 0.20 0.21 0.21 0.20 0.19 -1 -1 -1 -1 -1
Evo 1.04 0.00 1.00 1.00 1.00 1.00 1.00 0.06 0.00 0.24 0.32 0.39 -1 1893
Result 0 4.0 1900 0.44 0.22 0.18 0.20 0.19 0.21 -1 -1 -1 -1 -1
Evo 1.00 0.00 1.00 1.00 1.00 1.00 1.00 0.06 0.00 0.37 0.24 0.26 -1 1893
Result 0 4.0 1900 0.46 0.20 0.20 0.19 0.22 0.19 -1 -1 -1 -1 -1
Evo 1.06 0.00 1.00 1.00 1.00 1.00 1.00 0.06 0.00 0.28 0.24 0.34 -1 1893
Result 0 4.0 1900 0.47 0.19 0.20 0.20 0.21 0.20 -1 -1 -1 -1 -1
Evo 1.03 0.00 1.00 1.00 1.00 1.00 1.00 0.06 0.00 0.51 0.36 0.39 -1 1893
Result 0 2.0 1900 0.47 0.21 0.20 0.20 0.19 0.20 -1 -1 -1 -1 -1
Evo 1.03 0.00 1.00 1.00 1.00 1.00 1.00 0.06 0.00 0.46 0.27 0.39 -1 1893
Result 0 2.0 1900 0.46 0.18 0.20 0.21 0.21 0.20 -1 -1 -1 -1 -1
Evo 1.03 0.00 1.00 1.00 1.00 1.00 1.00 0.06 0.00 0.24 0.33 0.39 -1 1893
Result 0 2.0 1900 0.47 0.21 0.20 0.20 0.18 0.21 -1 -1 -1 -1 -1
Evo 1.09 0.00 1.00 1.00 1.00 1.00 1.00 0.06 0.00 0.05 0.21 0.23 -1 1893
Result 0 14.0 1900 0.46 0.20 0.20 0.21 0.20 0.20 -1 -1 -1 -1 -1
Evo 1.02 0.00 1.00 1.00 1.00 1.00 1.00 0.06 0.00 0.44 0.18 0.20 -1 1893
Result 0 4.0 1900 0.45 0.20 0.19 0.20 0.22 0.21 -1 -1 -1 -1 -1
Evo 1.01 0.00 1.00 1.00 1.00 1.00 1.00 0.06 0.00 0.01 0.13 0.18 -1 1893
Result 0 4.0 1900 0.46 0.19 0.20 0.21 0.20 0.20 -1 -1 -1 -1 -1
Evo 1.07 0.00 1.00 1.00 1.00 1.00 1.00 0.06 0.00 0.33 0.21 0.23 -1 1893
Result 0 14.0 1900 0.47 0.20 0.20 0.21 0.19 0.20 -1 -1 -1 -1 -1
Evo 1.12 0.00 1.00 1.00 1.00 1.00 1.00 0.06 0.00 0.47 0.20 0.20 -1 1893
Result 0 14.0 1900 0.46 0.20 0.20 0.21 0.19 0.21 -1 -1 -1 -1 -1
Evo 1.11 0.00 1.00 1.00 1.00 1.00 1.00 0.06 0.00 0.40 0.20 0.20 -1 1893
Result 0 4.0 1900 0.46 0.20 0.19 0.21 0.20 0.20 -1 -1 -1 -1 -1
Evo 1.00 0.00 1.00 1.00 1.00 1.00 1.00 0.06 0.00 0.35 0.33 0.39 -1 1893
Result 0 4.0 1900 0.46 0.20 0.20 0.19 0.21 0.20 -1 -1 -1 -1 -1
Evo 1.08 0.00 1.00 1.00 1.00 1.00 1.00 0.06 0.00 0.53 0.20 0.20 -1 1893
Result 0 14.0 1900 0.46 0.21 0.19 0.20 0.21 0.19 -1 -1 -1 -1 -1
Evo 1.08 0.00 1.00 1.00 1.00 1.00 1.00 0.06 0.00 0.52 0.15 0.19 -1 1893
Result 0 4.0 1900 0.45 0.20 0.18 0.20 0.21 0.21 -1 -1 -1 -1 -1
Evo 1.00 0.00 1.00 1.00 1.00 1.00 1.00 0.06 0.00 0.52 0.24 0.27 -1 1893
Result 0 14.0 1900 0.47 0.20 0.20 0.21 0.19 0.21 -1 -1 -1 -1 -1
Evo 1.02 0.00 1.00 1.00 1.00 1.00 1.00 0.06 0.00 0.01 0.19 0.20 -1 1893
Result 0 14.0 1900 0.46 0.21 0.20 0.20 0.21 0.19 -1 -1 -1 -1 -1
Evo 1.02 0.00 1.00 1.00 1.00 1.00 1.00 0.06 0.00 0.50 0.22 0.23 -1 1893
Result 0 4.0 1900 0.46 0.20 0.20 0.20 0.20 0.20 -1 -1 -1 -1 -1
Evo 1.08 0.00 1.00 1.00 1.00 1.00 1.00 0.06 0.00 0.01 0.25 0.38 -1 1893
Result 0 12.0 1900 0.46 0.21 0.20 0.20 0.20 0.20 -1 -1 -1 -1 -1
Evo 1.07 0.00 1.00 1.00 1.00 1.00 1.00 0.06 0.00 0.01 0.19 0.20 -1 1893
Result 0 14.0 1900 0.46 0.21 0.19 0.19 0.22 0.19 -1 -1 -1 -1 -1
Evo 1.11 0.00 1.00 1.00 1.00 1.00 1.00 0.06 0.00 0.01 0.20 0.21 -1 1893
Result 0 14.0 1900 0.47 0.19 0.20 0.21 0.19 0.21 -1 -1 -1 -1 -1
Evo 1.05 0.00 1.00 1.00 1.00 1.00 1.00 0.06 0.00 0.49 0.21 0.23 -1 1893
Result 0 4.0 1900 0.45 0.21 0.18 0.19 0.20 0.21 -1 -1 -1 -1 -1
Evo 1.03 0.00 1.00 1.00 1.00 1.00 1.00 0.06 0.00 0.01 0.20 0.20 -1 1893
Result 0 0.0 1900 0.45 0.20 0.18 0.20 0.20 0.22 -1 -1 -1 -1 -1
Evo 1.00 0.00 1.00 1.00 1.00 1.00 1.00 0.06 0.00 0.47 0.23 0.24 -1 1893
Result 0 4.0 1900 0.48 0.21 0.22 0.20 0.20 0.18 -1 -1 -1 -1 -1
Evo 1.09 0.00 1.00 1.00 1.00 1.00 1.00 0.06 0.00 0.53 0.19 0.22 -1 1893
Result 0 4.0 1900 0.45 0.21 0.18 0.20 0.21 0.20 -1 -1 -1 -1 -1
Evo 1.00 0.00 1.00 1.00 1.00 1.00 1.00 0.06 0.00 0.01 0.13 0.13 -1 1893
Result 0 0.0 1900 0.47 0.20 0.20 0.19 0.19 0.22 -1 -1 -1 -1 -1
Evo 1.00 0.00 1.00 1.00 1.00 1.00 1.00 0.06 0.00 0.01 0.13 0.20 -1 1893
Result 0 0.0 1900 0.46 0.18 0.20 0.22 0.19 0.21 -1 -1 -1 -1 -1
Evo 1.10 0.00 1.00 1.00 1.00 1.00 1.00 0.06 0.00 0.26 0.26 0.30 -1 1893
Result 0 4.0 1900 0.47 0.20 0.21 0.20 0.19 0.19 -1 -1 -1 -1 -1
Evo 1.00 0.00 1.00 1.00 1.00 1.00 1.00 0.06 0.00 0.01 0.28 0.30 -1 1893
Result 0 0.0 1900 0.46 0.21 0.20 0.21 0.18 0.21 -1 -1 -1 -1 -1
Evo 1.00 0.00 1.00 1.00 1.00 1.00 1.00 0.06 0.00 0.01 0.36 0.39 -1 1893
Result 0 0.0 1900 0.46 0.22 0.20 0.20 0.20 0.19 -1 -1 -1 -1 -1
Evo 1.00 0.00 1.00 1.00 1.00 1.00 1.00 0.06 0.00 0.01 0.25 0.28 -1 1893
Result 0 0.0 1900 0.46 0.20 0.19 0.21 0.20 0.19 -1 -1 -1 -1 -1
Evo 1.00 0.00 1.00 1.00 1.00 1.00 1.00 0.06 0.00 0.01 0.25 0.30 -1 1893
Result 0 0.0 1900 0.47 0.20 0.20 0.21 0.20 0.18 -1 -1 -1 -1 -1
Evo 1.33 0.00 1.00 1.00 1.00 1.00 1.00 0.06 0.00 0.01 0.28 0.30 -1 1893
Result 0 2.0 1900 0.45 0.21 0.19 0.20 0.20 0.21 -1 -1 -1 -1 -1
Evo 1.06 0.00 1.00 1.00 1.00 1.00 1.00 0.06 0.00 0.53 0.25 0.29 -1 1893
Result 0 4.0 1900 0.46 0.20 0.20 0.19 0.21 0.20 -1 -1 -1 -1 -1
Evo 1.01 0.00 1.00 1.00 1.00 1.00 1.00 0.06 0.00 0.01 0.28 0.30 -1 1893
Result 0 0.0 1900 0.48 0.21 0.21 0.18 0.20 0.20 -1 -1 -1 -1 -1
Evo 1.05 0.00 1.00 1.00 1.00 1.00 1.00 0.06 0.00 0.52 0.28 0.30 -1 1893
Result 0 4.0 1900 0.48 0.19 0.21 0.19 0.19 0.21 -1 -1 -1 -1 -1
Evo 1.00 0.00 1.00 1.00 1.00 1.00 1.00 0.06 0.00 0.01 0.32 0.33 -1 1893
Result 0 0.0 1900 0.47 0.19 0.21 0.20 0.20 0.20 -1 -1 -1 -1 -1
Evo 1.05 0.00 1.00 1.00 1.00 1.00 1.00 0.06 0.00 0.41 0.25 0.30 -1 1893
Result 0 2.0 1900 0.46 0.21 0.19 0.21 0.19 0.20 -1 -1 -1 -1 -1
Evo 1.00 0.00 1.00 1.00 1.00 1.00 1.00 0.06 0.00 0.01 0.30 0.32 -1 1893
Result 0 0.0 1900 0.46 0.20 0.19 0.19 0.20 0.21 -1 -1 -1 -1 -1
Evo 1.00 0.00 1.00 1.00 1.00 1.00 1.00 0.06 0.00 0.01 0.18 0.27 -1 1893
Result 0 0.0 1900 0.46 0.20 0.19 0.20 0.21 0.20 -1 -1 -1 -1 -1
Evo 1.00 0.00 1.00 1.00 1.00 1.00 1.00 0.06 0.00 0.01 0.27 0.29 -1 1893
Result 0 0.0 1900 0.46 0.21 0.20 0.21 0.20 0.19 -1 -1 -1 -1 -1
Evo 1.08 0.00 1.00 1.00 1.00 1.00 1.00 0.06 0.00 0.52 0.30 0.31 -1 1893
Result 0 2.0 1900 0.46 0.19 0.20 0.20 0.20 0.21 -1 -1 -1 -1 -1
Evo 1.00 0.00 1.00 1.00 1.00 1.00 1.00 0.06 0.00 0.01 0.13 0.20 -1 1893
Result 0 0.0 1900 0.45 0.20 0.19 0.20 0.20 0.21 -1 -1 -1 -1 -1
Evo 1.00 0.00 1.00 1.00 1.00 1.00 1.00 0.06 0.00 0.01 0.28 0.30 -1 1893
Result 0 0.0 1900 0.49 0.19 0.23 0.19 0.20 0.20 -1 -1 -1 -1 -1
Evo 1.06 0.00 1.00 1.00 1.00 1.00 1.00 0.06 0.00 0.01 0.28 0.30 -1 1893
Result 0 0.0 1900 0.47 0.21 0.21 0.19 0.19 0.19 -1 -1 -1 -1 -1
Evo 1.00 0.00 1.00 1.00 1.00 1.00 1.00 0.06 0.00 0.01 0.20 0.20 -1 1893
Result 0 0.0 1900 0.45 0.19 0.19 0.20 0.21 0.20 -1 -1 -1 -1 -1
Evo 1.00 0.00 1.00 1.00 1.00 1.00 1.00 0.06 0.00 0.01 0.20 0.20 -1 1893
Result 0 0.0 1900 0.48 0.20 0.21 0.20 0.21 0.18 -1 -1 -1 -1 -1
Evo 1.00 0.00 1.00 1.00 1.00 1.00 1.00 0.06 0.00 0.01 0.11 0.19 -1 1893
Result 0 0.0 1900 0.46 0.20 0.20 0.19 0.21 0.20 -1 -1 -1 -1 -1
Evo 1.00 0.00 1.00 1.00 1.00 1.00 1.00 0.06 0.00 0.01 0.30 0.32 -1 1893
Result 0 0.0 1900 0.47 0.20 0.21 0.19 0.20 0.20 -1 -1 -1 -1 -1
Evo 1.00 0.00 1.00 1.00 1.00 1.00 1.00 0.06 0.00 0.01 0.20 0.20 -1 1893
Result 0 0.0 1900 0.46 0.19 0.19 0.21 0.20 0.21 -1 -1 -1 -1 -1
Evo 1.03 0.00 1.00 1.00 1.00 1.00 1.00 0.06 0.00 0.08 0.20 0.20 -1 1893
Result 0 4.0 1900 0.45 0.21 0.18 0.19 0.20 0.21 -1 -1 -1 -1 -1
Evo 1.00 0.00 1.00 1.00 1.00 1.00 1.00 0.06 0.00 0.01 0.12 0.19 -1 1893
Result 0 0.0 1900 0.45 0.21 0.18 0.20 0.20 0.20 -1 -1 -1 -1 -1
Evo 1.00 0.00 1.00 1.00 1.00 1.00 1.00 0.06 0.00 0.01 0.20 0.20 -1 1893
Result 0 0.0 1900 0.46 0.22 0.20 0.18 0.21 0.19 -1 -1 -1 -1 -1
Evo 1.00 0.00 1.00 1.00 1.00 1.00 1.00 0.06 0.00 0.01 0.20 0.20 -1 1893
Result 0 0.0 1900 0.46 0.19 0.19 0.20 0.21 0.20 -1 -1 -1 -1 -1
Evo 1.00 0.00 1.00 1.00 1.00 1.00 1.00 0.06 0.00 0.01 0.20 0.20 -1 1893
Result 0 0.0 1900 0.47 0.20 0.21 0.20 0.19 0.20 -1 -1 -1 -1 -1
Evo 1.03 0.00 1.00 1.00 1.00 1.00 1.00 0.06 0.00 0.23 0.20 0.20 -1 1893
Result 0 4.0 1900 0.46 0.19 0.19 0.20 0.21 0.20 -1 -1 -1 -1 -1
Evo 1.01 0.00 1.00 1.00 1.00 1.00 1.00 0.06 0.00 0.28 0.19 0.20 -1 1893
Result 0 4.0 1900 0.46 0.21 0.19 0.21 0.19 0.20 -1 -1 -1 -1 -1
Evo 1.00 0.00 1.00 1.00 1.00 1.00 1.00 0.06 0.00 0.01 0.18 0.21 -1 1893
Result 0 0.0 1900 0.46 0.20 0.19 0.20 0.20 0.20 -1 -1 -1 -1 -1
Evo 1.06 0.00 1.00 1.00 1.00 1.00 1.00 0.06 0.00 0.01 0.19 0.20 -1 1893
Result 0 4.0 1900 0.46 0.21 0.20 0.21 0.19 0.19 -1 -1 -1 -1 -1
Evo 1.00 0.00 1.00 1.00 1.00 1.00 1.00 0.06 0.00 0.01 0.20 0.26 -1 1893
Result 0 0.0 1900 0.45 0.21 0.18 0.20 0.21 0.20 -1 -1 -1 -1 -1
Evo 1.01 0.00 1.00 1.00 1.00 1.00 1.00 0.06 0.00 0.51 0.20 0.22 -1 1893
Result 0 4.0 1900 0.45 0.21 0.19 0.19 0.20 0.21 -1 -1 -1 -1 -1
Evo 1.08 0.00 1.00 1.00 1.00 1.00 1.00 0.06 0.00 0.02 0.19 0.20 -1 1893
Result 0 0.0 1900 0.45 0.20 0.19 0.20 0.21 0.20 -1 -1 -1 -1 -1
Evo 1.00 0.00 1.00 1.00 1.00 1.00 1.00 0.06 0.00 0.01 0.20 0.20 -1 1893
Result 0 0.0 1900 0.47 0.20 0.21 0.19 0.21 0.19 -1 -1 -1 -1 -1
Evo 1.00 0.00 1.00 1.00 1.00 1.00 1.00 0.06 0.00 0.01 0.32 0.32 -1 1893
Result 0 0.0 1900 0.47 0.20 0.21 0.20 0.18 0.22 -1 -1 -1 -1 -1
Evo 1.00 0.00 1.00 1.00 1.00 1.00 1.00 0.06 0.00 0.01 0.18 0.22 -1 1893
Result 0 0.0 1900 0.47 0.21 0.20 0.19 0.20 0.20 -1 -1 -1 -1 -1
Evo 1.02 0.00 1.00 1.00 1.00 1.00 1.00 0.06 0.00 0.34 0.36 0.38 -1 1893
Result 0 2.0 1900 0.48 0.19 0.22 0.19 0.21 0.19 -1 -1 -1 -1 -1
Evo 1.05 0.00 1.00 1.00 1.00 1.00 1.00 0.06 0.00 0.47 0.26 0.27 -1 1893
Result 0 2.0 1900 0.46 0.19 0.19 0.20 0.21 0.21 -1 -1 -1 -1 -1
Evo 1.00 0.00 1.00 1.00 1.00 1.00 1.00 0.06 0.00 0.52 0.27 0.30 -1 1893
Result 0 4.0 1900 0.47 0.19 0.21 0.20 0.19 0.21 -1 -1 -1 -1 -1
Evo 1.01 0.00 1.00 1.00 1.00 1.00 1.00 0.06 0.00 0.01 0.25 0.26 -1 1893
Result 0 4.0 1900 0.46 0.19 0.20 0.21 0.20 0.21 -1 -1 -1 -1 -1
Evo 1.08 0.00 1.00 1.00 1.00 1.00 1.00 0.06 0.00 0.01 0.25 0.25 -1 1893
Result 0 0.0 1900 0.47 0.21 0.21 0.19 0.19 0.21 -1 -1 -1 -1 -1
Evo 1.13 0.00 1.00 1.00 1.00 1.00 1.00 0.06 0.00 0.52 0.37 0.41 -1 1893
Result 0 14.0 1900 0.46 0.20 0.20 0.20 0.20 0.19 -1 -1 -1 -1 -1
Evo 1.00 0.00 1.00 1.00 1.00 1.00 1.00 0.06 0.00 0.01 0.35 0.38 -1 1893
Result 0 0.0 1900 0.46 0.21 0.20 0.20 0.19 0.20 -1 -1 -1 -1 -1
Evo 1.03 0.00 1.00 1.00 1.00 1.00 1.00 0.06 0.00 0.38 0.25 0.27 -1 1893
Result 0 4.0 1900 0.45 0.21 0.19 0.21 0.21 0.19 -1 -1 -1 -1 -1
Evo 1.04 0.00 1.00 1.00 1.00 1.00 1.00 0.06 0.00 0.51 0.38 0.41 -1 1893
Result 0 2.0 1900 0.46 0.21 0.20 0.18 0.19 0.22 -1 -1 -1 -1 -1
Evo 1.05 0.00 1.00 1.00 1.00 1.00 1.00 0.06 0.00 0.11 0.25 0.27 -1 1893
Result 0 4.0 1900 0.46 0.18 0.19 0.19 0.21 0.23 -1 -1 -1 -1 -1
Evo 1.00 0.00 1.00 1.00 1.00 1.00 1.00 0.06 0.00 0.01 0.38 0.38 -1 1893
Result 0 0.0 1900 0.46 0.19 0.20 0.20 0.21 0.21 -1 -1 -1 -1 -1
Evo 1.00 0.00 1.00 1.00 1.00 1.00 1.00 0.06 0.00 0.01 0.10 0.16 -1 1893
Result 0 0.0 1900 0.46 0.21 0.20 0.19 0.21 0.20 -1 -1 -1 -1 -1
Evo 1.00 0.00 1.00 1.00 1.00 1.00 1.00 0.06 0.00 0.01 0.38 0.38 -1 1893
Result 0 0.0 1900 0.46 0.20 0.20 0.19 0.22 0.19 -1 -1 -1 -1 -1
Evo 1.11 0.00 1.00 1.00 1.00 1.00 1.00 0.06 0.00 0.52 0.25 0.26 -1 1893
Result 0 4.0 1900 0.45 0.20 0.19 0.20 0.20 0.21 -1 -1 -1 -1 -1
Evo 1.08 0.00 1.00 1.00 1.00 1.00 1.00 0.06 0.00 0.40 0.24 0.26 -1 1893
Result 0 2.0 1900 0.45 0.20 0.18 0.21 0.22 0.19 -1 -1 -1 -1 -1
Evo 1.03 0.00 1.00 1.00 1.00 1.00 1.00 0.06 0.00 0.30 0.26 0.28 -1 1893
Result 0 4.0 1900 0.46 0.20 0.20 0.20 0.19 0.21 -1 -1 -1 -1 -1
Evo 1.00 0.00 1.00 1.00 1.00 1.00 1.00 0.06 0.00 0.01 0.18 0.25 -1 1893
Result 0 0.0 1900 0.46 0.20 0.19 0.20 0.20 0.21 -1 -1 -1 -1 -1
Evo 1.03 0.00 1.00 1.00 1.00 1.00 1.00 0.06 0.00 0.50 0.22 0.26 -1 1893
Result 0 2.0 1900 0.46 0.19 0.20 0.20 0.20 0.21 -1 -1 -1 -1 -1
Evo 1.06 0.00 1.00 1.00 1.00 1.00 1.00 0.06 0.00 0.01 0.25 0.25 -1 1893
Result 0 4.0 1900 0.47 0.19 0.21 0.20 0.20 0.20 -1 -1 -1 -1 -1
Evo 1.00 0.00 1.00 1.00 1.00 1.00 1.00 0.06 0.00 0.01 0.26 0.29 -1 1893
Result 0 0.0 1900 0.46 0.21 0.20 0.19 0.21 0.19 -1 -1 -1 -1 -1
