Evo 1.96 0.00 1.00 0.99 1.00 1.00 1.00 0.09 0.00 0.01 0.27 0.44 -1 3
Result 0 0.0 361 0.46 0.23 0.16 0.20 0.22 0.19 -1 -1 -1 -1 -1
Evo 2.25 1.00 1.00 1.00 1.00 1.00 1.00 0.00 0.00 0.00 0.14 0.32 -1 2
Result 0 0.0 383 0.44 0.21 0.20 0.17 0.22 0.20 -1 -1 -1 -1 -1
Evo 1.37 1.00 1.00 1.00 1.00 1.00 1.00 0.00 0.00 0.00 0.24 0.37 -1 5
Result 0 0.0 899 0.48 0.23 0.17 0.21 0.18 0.20 -1 -1 -1 -1 -1
Evo 1.87 0.00 1.00 1.00 1.00 1.00 1.00 0.03 0.00 0.01 0.31 0.42 -1 2
Result 0 0.0 1113 0.45 0.21 0.19 0.19 0.21 0.20 -1 -1 -1 -1 -1
Evo 2.11 0.00 1.00 0.99 1.00 1.00 1.00 0.08 0.01 0.04 0.28 0.51 171 2
Result 1 1.0 181 0.48 0.18 0.19 0.21 0.24 0.18 -1 -1 -1 -1 -1
Evo 1.43 0.50 0.50 0.50 0.50 0.50 0.50 0.00 0.00 0.00 0.23 0.34 -1 3
Result 0 0.0 1259 0.44 0.21 0.19 0.18 0.20 0.22 -1 -1 -1 -1 -1
Evo 1.81 0.50 1.00 0.51 0.50 0.50 0.50 0.05 0.00 0.07 0.30 0.53 693 5
Result 1 1.0 720 0.46 0.20 0.18 0.19 0.22 0.21 -1 -1 -1 -1 -1
Evo 2.02 0.50 0.50 0.50 0.50 0.50 0.50 0.00 0.00 0.00 0.09 0.25 -1 3
Result 0 0.0 49 0.49 0.18 0.16 0.24 0.16 0.26 -1 -1 -1 -1 -1
Evo 2.11 0.00 0.50 0.50 0.50 0.50 0.50 0.03 0.00 0.02 0.36 0.50 -1 5
Result 0 0.0 1036 0.48 0.22 0.17 0.22 0.19 0.21 -1 -1 -1 -1 -1
Evo 1.31 0.50 1.00 0.50 0.50 0.50 0.50 0.04 0.00 0.04 0.43 0.53 1330 2
Result 1 1.0 1343 0.46 0.22 0.19 0.19 0.21 0.19 -1 -1 -1 -1 -1
Evo 1.29 0.50 0.50 0.50 0.50 0.50 0.50 0.00 0.00 0.00 0.19 0.36 -1 3
Result 0 0.0 265 0.46 0.22 0.20 0.19 0.19 0.20 -1 -1 -1 -1 -1
Evo 1.12 0.00 0.50 0.50 0.50 0.50 0.50 0.02 0.00 0.02 0.20 0.32 -1 3
Result 0 0.0 477 0.47 0.21 0.17 0.21 0.19 0.22 -1 -1 -1 -1 -1
Evo 1.40 0.00 0.50 0.50 0.50 0.50 0.50 0.03 0.00 0.03 0.30 0.41 -1 4
Result 0 0.0 2000 0.44 0.22 0.18 0.18 0.21 0.21 -1 -1 -1 -1 -1
Evo 5.64 0.50 0.50 0.50 0.50 0.50 0.50 0.00 0.00 0.00 0.09 0.26 -1 1
Result 0 0.0 55 0.51 0.21 0.16 0.27 0.14 0.21 -1 -1 -1 -1 -1
Evo 1.13 0.50 0.50 0.50 0.50 0.50 0.50 0.00 0.00 0.00 0.16 0.29 -1 0
Result 0 0.0 565 0.43 0.20 0.19 0.17 0.25 0.20 -1 -1 -1 -1 -1
Evo 1.40 0.00 0.50 0.50 0.50 0.50 0.50 0.02 0.00 0.02 0.25 0.38 -1 0
Result 0 0.0 1199 0.43 0.21 0.19 0.17 0.21 0.22 -1 -1 -1 -1 -1
Evo 1.63 0.50 0.50 0.50 0.50 0.50 0.50 0.00 0.00 0.00 0.07 0.22 -1 2
Result 0 0.0 73 0.47 0.11 0.20 0.20 0.22 0.27 -1 -1 -1 -1 -1
Evo 2.03 0.50 1.00 0.51 0.50 0.50 0.50 0.08 0.00 0.15 0.24 0.49 296 2
Result 1 1.0 310 0.48 0.21 0.17 0.22 0.22 0.18 -1 -1 -1 -1 -1
Evo 1.02 0.50 0.50 0.50 0.50 0.50 0.50 0.00 0.00 0.00 0.04 0.17 -1 0
Result 0 0.0 47 0.47 0.25 0.13 0.21 0.23 0.19 -1 -1 -1 -1 -1
Evo 1.17 0.50 0.50 0.50 0.50 0.50 0.50 0.00 0.00 0.00 0.29 0.45 -1 4
Result 0 0.0 861 0.45 0.20 0.21 0.19 0.20 0.20 -1 -1 -1 -1 -1
Evo 3.32 0.00 0.50 0.49 0.50 0.50 0.50 0.06 0.01 0.09 0.10 0.41 -1 0
Result 0 0.0 71 0.51 0.24 0.14 0.28 0.14 0.21 -1 -1 -1 -1 -1
Evo 2.44 0.50 0.50 0.50 0.50 0.50 0.50 0.00 0.00 0.00 0.08 0.28 -1 0
Result 0 0.0 147 0.50 0.14 0.17 0.25 0.25 0.20 -1 -1 -1 -1 -1
Evo 1.88 0.50 1.00 0.58 0.50 0.50 0.50 0.18 0.02 0.41 0.14 0.36 88 1
Result 1 1.0 112 0.41 0.13 0.20 0.15 0.26 0.26 -1 -1 -1 -1 -1
Evo 9.51 0.00 0.50 0.49 0.50 0.50 0.50 0.06 0.01 0.08 0.09 0.29 -1 0
Result 0 0.0 79 0.45 0.25 0.13 0.19 0.28 0.16 -1 -1 -1 -1 -1
Evo 4.92 0.50 0.50 0.50 0.50 0.50 0.50 0.00 0.00 0.00 0.06 0.23 -1 1
Result 0 0.0 71 0.45 0.21 0.15 0.18 0.26 0.19 -1 -1 -1 -1 -1
Evo 2.59 0.50 1.00 0.55 0.50 0.50 0.50 0.14 0.01 0.32 0.23 0.46 195 0
Result 1 1.0 216 0.45 0.21 0.18 0.19 0.22 0.20 -1 -1 -1 -1 -1
Evo 4.46 0.00 0.50 0.50 0.50 0.50 0.50 0.03 0.00 0.03 0.24 0.45 -1 0
Result 0 0.0 850 0.48 0.22 0.19 0.21 0.18 0.19 -1 -1 -1 -1 -1
Evo 2.69 0.50 1.00 0.51 0.50 0.50 0.50 0.07 0.00 0.12 0.29 0.51 394 1
Result 1 1.0 437 0.49 0.22 0.18 0.23 0.22 0.16 -1 -1 -1 -1 -1
Evo 1.28 0.50 0.50 0.50 0.50 0.50 0.50 0.00 0.00 0.00 0.07 0.31 -1 2
Result 0 0.0 95 0.42 0.31 0.15 0.16 0.19 0.20 -1 -1 -1 -1 -1
Evo 1.77 0.50 0.50 0.50 0.50 0.50 0.50 0.00 0.00 0.00 0.07 0.32 -1 0
Result 0 0.0 81 0.47 0.27 0.12 0.21 0.15 0.26 -1 -1 -1 -1 -1
Evo 1.37 0.50 1.00 0.53 0.50 0.50 0.50 0.13 0.01 0.27 0.11 0.38 174 0
Result 1 1.0 187 0.46 0.20 0.24 0.20 0.16 0.19 -1 -1 -1 -1 -1
Evo 3.59 0.00 0.50 0.50 0.50 0.50 0.50 0.04 0.00 0.05 0.09 0.28 -1 0
Result 0 0.0 323 0.47 0.22 0.20 0.21 0.21 0.16 -1 -1 -1 -1 -1
Evo 2.91 0.00 0.50 0.50 0.50 0.50 0.50 0.03 0.00 0.03 0.22 0.49 -1 0
Result 0 0.0 247 0.46 0.22 0.15 0.19 0.26 0.18 -1 -1 -1 -1 -1
Evo 1.30 0.50 1.00 0.57 0.50 0.50 0.50 0.18 0.02 0.40 0.11 0.35 66 0
Result 1 1.0 76 0.45 0.22 0.23 0.18 0.12 0.25 -1 -1 -1 -1 -1
Evo 2.22 0.50 1.00 0.51 0.50 0.50 0.50 0.07 0.00 0.11 0.18 0.45 289 1
Result 1 1.0 294 0.44 0.20 0.22 0.18 0.21 0.20 -1 -1 -1 -1 -1
Evo 2.14 0.50 0.50 0.50 0.50 0.50 0.50 0.00 0.00 0.00 0.08 0.31 -1 0
Result 0 0.0 91 0.43 0.28 0.17 0.16 0.27 0.11 -1 -1 -1 -1 -1
Evo 3.55 0.50 0.50 0.50 0.50 0.50 0.50 0.00 0.00 0.00 0.07 0.25 -1 0
Result 0 0.0 407 0.48 0.21 0.20 0.22 0.23 0.15 -1 -1 -1 -1 -1
Evo 3.51 0.00 0.50 0.50 0.50 0.50 0.50 0.04 0.00 0.05 0.06 0.25 -1 0
Result 0 0.0 129 0.49 0.18 0.18 0.24 0.20 0.20 -1 -1 -1 -1 -1
Evo 2.90 0.50 0.50 0.50 0.50 0.50 0.50 0.00 0.00 0.00 0.22 0.52 -1 4
Result 0 0.0 239 0.45 0.18 0.23 0.19 0.23 0.18 -1 -1 -1 -1 -1
Evo 2.93 0.00 0.50 0.49 0.50 0.50 0.50 0.05 0.00 0.07 0.21 0.40 -1 1
Result 0 0.0 391 0.47 0.23 0.17 0.21 0.22 0.16 -1 -1 -1 -1 -1
Evo 2.52 0.00 0.50 0.50 0.50 0.50 0.50 0.01 0.00 0.01 0.33 0.48 -1 4
Result 0 0.0 1245 0.47 0.20 0.19 0.20 0.20 0.21 -1 -1 -1 -1 -1
Evo 3.57 0.50 0.50 0.50 0.50 0.50 0.50 0.00 0.00 0.00 0.28 0.43 -1 2
Result 0 0.0 1153 0.46 0.20 0.21 0.20 0.21 0.18 -1 -1 -1 -1 -1
Evo 2.98 0.50 1.00 0.51 0.50 0.50 0.50 0.05 0.00 0.07 0.33 0.50 898 7
Result 1 1.0 909 0.47 0.20 0.18 0.20 0.19 0.22 -1 -1 -1 -1 -1
Evo 2.28 0.00 0.50 0.50 0.50 0.50 0.50 0.04 0.00 0.05 0.15 0.35 -1 10
Result 0 0.0 284 0.45 0.21 0.23 0.18 0.19 0.19 -1 -1 -1 -1 -1
Evo 1.68 0.00 0.50 0.50 0.50 0.50 0.50 0.04 0.00 0.04 0.33 0.48 -1 5
Result 0 0.0 2000 0.45 0.21 0.20 0.19 0.21 0.19 -1 -1 -1 -1 -1
Evo 1.51 0.50 0.50 0.50 0.50 0.50 0.50 0.00 0.00 0.00 0.23 0.39 -1 3
Result 0 0.0 1307 0.45 0.19 0.21 0.18 0.20 0.22 -1 -1 -1 -1 -1
Evo 1.59 0.00 0.50 0.50 0.50 0.50 0.50 0.01 0.00 0.01 0.25 0.45 -1 10
Result 0 0.0 1295 0.46 0.23 0.17 0.20 0.21 0.19 -1 -1 -1 -1 -1
Evo 2.77 0.50 1.00 0.52 0.50 0.50 0.50 0.11 0.01 0.21 0.26 0.57 246 2
Result 1 1.0 270 0.45 0.24 0.22 0.19 0.19 0.17 -1 -1 -1 -1 -1
Evo 1.58 0.50 0.50 0.50 0.50 0.50 0.50 0.00 0.00 0.00 0.32 0.45 -1 3
Result 0 0.0 1437 0.46 0.21 0.20 0.19 0.21 0.19 -1 -1 -1 -1 -1
Evo 1.21 0.50 0.50 0.50 0.50 0.50 0.50 0.00 0.00 0.00 0.13 0.29 -1 4
Result 0 0.0 137 0.49 0.19 0.22 0.24 0.12 0.23 -1 -1 -1 -1 -1
Evo 1.79 0.50 1.00 0.52 0.50 0.50 0.50 0.09 0.00 0.17 0.21 0.36 568 10
Result 1 1.0 599 0.46 0.18 0.20 0.19 0.18 0.24 -1 -1 -1 -1 -1
Evo 1.60 0.50 1.00 0.51 0.50 0.50 0.50 0.05 0.00 0.07 0.24 0.38 607 4
Result 1 1.0 617 0.44 0.22 0.20 0.18 0.21 0.19 -1 -1 -1 -1 -1
Evo 1.29 0.50 1.00 0.50 0.50 0.50 0.50 0.05 0.00 0.07 0.28 0.44 697 2
Result 1 1.0 706 0.45 0.18 0.21 0.18 0.20 0.22 -1 -1 -1 -1 -1
Evo 1.43 0.00 0.50 0.50 0.50 0.50 0.50 0.03 0.00 0.02 0.13 0.24 -1 7
Result 0 0.0 399 0.47 0.21 0.19 0.21 0.19 0.20 -1 -1 -1 -1 -1
Evo 1.74 0.50 1.00 0.51 0.50 0.50 0.50 0.06 0.00 0.09 0.30 0.44 1084 16
Result 1 1.0 1208 0.44 0.23 0.20 0.18 0.19 0.20 -1 -1 -1 -1 -1
Evo 1.72 0.50 0.50 0.50 0.50 0.50 0.50 0.00 0.00 0.00 0.20 0.33 -1 1
Result 0 0.0 493 0.44 0.21 0.22 0.17 0.21 0.19 -1 -1 -1 -1 -1
Evo 1.82 0.50 1.00 0.51 0.50 0.50 0.50 0.08 0.00 0.15 0.26 0.43 611 6
Result 1 1.0 737 0.45 0.19 0.19 0.19 0.24 0.19 -1 -1 -1 -1 -1
Evo 2.77 0.50 0.50 0.50 0.50 0.50 0.50 0.00 0.00 0.00 0.28 0.45 -1 2
Result 0 0.0 319 0.46 0.23 0.18 0.20 0.21 0.18 -1 -1 -1 -1 -1
Evo 1.19 0.50 1.00 0.50 0.50 0.50 0.50 0.04 0.00 0.06 0.22 0.38 1551 6
Result 1 1.0 1596 0.44 0.20 0.21 0.18 0.20 0.21 -1 -1 -1 -1 -1
Evo 1.67 0.50 0.50 0.50 0.50 0.50 0.50 0.00 0.00 0.00 0.25 0.39 -1 4
Result 0 0.0 639 0.48 0.20 0.20 0.22 0.19 0.19 -1 -1 -1 -1 -1
Evo 1.48 0.00 0.50 0.50 0.50 0.50 0.50 0.01 0.00 0.01 0.42 0.58 -1 0
Result 0 0.0 1266 0.46 0.21 0.19 0.19 0.21 0.20 -1 -1 -1 -1 -1
Evo 1.36 0.50 0.50 0.50 0.50 0.50 0.50 0.00 0.00 0.00 0.37 0.50 -1 0
Result 0 0.0 973 0.45 0.22 0.19 0.18 0.18 0.23 -1 -1 -1 -1 -1
Evo 1.39 0.50 0.50 0.50 0.50 0.50 0.50 0.00 0.00 0.00 0.45 0.58 -1 0
Result 0 0.0 947 0.45 0.20 0.22 0.18 0.19 0.21 -1 -1 -1 -1 -1
Evo 1.24 0.50 0.50 0.50 0.50 0.50 0.50 0.00 0.00 0.00 0.50 0.64 -1 0
Result 0 0.0 1013 0.45 0.24 0.20 0.18 0.17 0.22 -1 -1 -1 -1 -1
Evo 1.84 0.50 1.00 0.51 0.50 0.50 0.50 0.05 0.00 0.07 0.58 0.66 938 0
Result 1 1.0 947 0.48 0.22 0.18 0.22 0.21 0.18 -1 -1 -1 -1 -1
Evo 1.24 0.50 0.50 0.50 0.50 0.50 0.50 0.00 0.00 0.00 0.42 0.54 -1 0
Result 0 0.0 1861 0.44 0.20 0.21 0.18 0.20 0.21 -1 -1 -1 -1 -1
Evo 1.43 0.50 0.50 0.50 0.50 0.50 0.50 0.00 0.00 0.00 0.41 0.55 -1 0
Result 0 0.0 899 0.45 0.19 0.20 0.18 0.21 0.21 -1 -1 -1 -1 -1
Evo 1.45 0.50 0.50 0.50 0.50 0.50 0.50 0.00 0.00 0.00 0.36 0.48 -1 0
Result 0 0.0 1015 0.44 0.19 0.24 0.17 0.18 0.22 -1 -1 -1 -1 -1
Evo 1.25 0.50 1.00 0.51 0.50 0.50 0.50 0.06 0.00 0.10 0.58 0.66 1043 0
Result 1 1.0 1063 0.47 0.23 0.17 0.20 0.20 0.19 -1 -1 -1 -1 -1
Evo 1.53 0.50 0.50 0.50 0.50 0.50 0.50 0.00 0.00 0.00 0.48 0.65 -1 0
Result 0 0.0 801 0.45 0.22 0.21 0.19 0.18 0.21 -1 -1 -1 -1 -1
Evo 1.42 0.50 1.00 0.50 0.50 0.50 0.50 0.02 0.00 0.01 0.56 0.66 707 0
Result 0 0.0 1629 0.45 0.20 0.22 0.19 0.20 0.19 -1 -1 -1 -1 -1
Evo 1.43 0.50 1.00 0.50 0.50 0.50 0.50 0.04 0.00 0.04 0.51 0.65 1108 0
Result 1 1.0 1113 0.46 0.19 0.21 0.20 0.21 0.19 -1 -1 -1 -1 -1
Evo 1.19 0.50 1.00 0.50 0.50 0.50 0.50 0.03 0.00 0.02 0.45 0.66 739 0
Result 0 0.0 781 0.45 0.20 0.23 0.18 0.20 0.19 -1 -1 -1 -1 -1
Evo 1.22 0.00 0.50 0.50 0.50 0.50 0.50 0.03 0.00 0.03 0.42 0.57 -1 0
Result 0 0.0 2000 0.45 0.20 0.19 0.18 0.21 0.22 -1 -1 -1 -1 -1
Evo 1.50 0.50 1.00 0.51 0.50 0.50 0.50 0.07 0.00 0.11 0.44 0.66 394 0
Result 1 1.0 401 0.47 0.22 0.20 0.21 0.20 0.17 -1 -1 -1 -1 -1
Evo 1.24 0.50 0.50 0.50 0.50 0.50 0.50 0.00 0.00 0.00 0.34 0.50 -1 0
Result 0 0.0 949 0.45 0.21 0.19 0.18 0.22 0.20 -1 -1 -1 -1 -1
Evo 1.56 0.50 0.50 0.50 0.50 0.50 0.50 0.00 0.00 0.00 0.37 0.49 -1 0
Result 0 0.0 683 0.45 0.18 0.21 0.18 0.20 0.23 -1 -1 -1 -1 -1
Evo 1.63 0.50 0.50 0.50 0.50 0.50 0.50 0.00 0.00 0.00 0.46 0.62 -1 0
Result 0 0.0 983 0.46 0.21 0.19 0.19 0.21 0.20 -1 -1 -1 -1 -1
Evo 1.20 0.50 0.50 0.50 0.50 0.50 0.50 0.00 0.00 0.00 0.42 0.58 -1 0
Result 0 0.0 655 0.44 0.20 0.22 0.18 0.21 0.20 -1 -1 -1 -1 -1
Evo 2.08 0.50 1.00 0.50 0.50 0.50 0.50 0.02 0.00 0.02 0.56 0.66 530 0
Result 0 0.0 993 0.46 0.19 0.21 0.19 0.21 0.20 -1 -1 -1 -1 -1
Evo 2.29 0.50 0.50 0.50 0.50 0.50 0.50 0.00 0.00 0.00 0.03 0.15 -1 0
Result 0 0.0 17 0.43 0.28 0.17 0.17 0.17 0.22 -1 -1 -1 -1 -1
Evo 9.46 0.50 0.50 0.50 0.50 0.50 0.50 0.00 0.00 0.00 0.05 0.19 -1 0
Result 0 0.0 35 0.48 0.14 0.19 0.22 0.22 0.22 -1 -1 -1 -1 -1
Evo 1.45 0.50 0.50 0.50 0.50 0.50 0.50 0.00 0.00 0.00 0.03 0.15 -1 0
Result 0 0.0 11 0.50 0.25 0.17 0.25 0.17 0.17 -1 -1 -1 -1 -1
Evo 2.15 0.00 0.50 0.46 0.50 0.50 0.50 0.13 0.02 0.27 0.04 0.21 -1 0
Result 0 0.0 27 0.53 0.21 0.07 0.32 0.21 0.18 -1 -1 -1 -1 -1
Evo 1.36 0.50 0.50 0.50 0.50 0.50 0.50 0.00 0.00 0.00 0.08 0.26 -1 0
Result 0 0.0 67 0.31 0.28 0.18 0.09 0.19 0.26 -1 -1 -1 -1 -1
Evo 5.90 0.00 0.50 0.49 0.50 0.50 0.50 0.08 0.01 0.13 0.06 0.25 -1 0
Result 0 0.0 42 0.52 0.30 0.07 0.30 0.14 0.19 -1 -1 -1 -1 -1
Evo 1.47 0.50 0.50 0.50 0.50 0.50 0.50 0.00 0.00 0.00 0.02 0.16 -1 0
Result 0 0.0 15 0.50 0.19 0.19 0.25 0.19 0.19 -1 -1 -1 -1 -1
Evo 3.76 0.50 0.50 0.50 0.50 0.50 0.50 0.00 0.00 0.00 0.03 0.16 -1 0
Result 0 0.0 17 0.35 0.44 0.17 0.11 0.11 0.17 -1 -1 -1 -1 -1
Evo 5.14 0.00 0.50 0.49 0.50 0.50 0.50 0.08 0.01 0.14 0.03 0.19 -1 0
Result 0 0.0 35 0.50 0.25 0.08 0.25 0.17 0.25 -1 -1 -1 -1 -1
Evo 8.70 0.50 0.50 0.50 0.50 0.50 0.50 0.00 0.00 0.00 0.06 0.19 -1 0
Result 0 0.0 33 0.47 0.21 0.29 0.21 0.12 0.18 -1 -1 -1 -1 -1
Evo 28.91 0.50 0.50 0.50 0.50 0.50 0.50 0.00 0.00 0.00 0.02 0.13 -1 0
Result 0 0.0 11 0.50 0.25 0.17 0.25 0.17 0.17 -1 -1 -1 -1 -1
Evo 6.60 0.50 0.50 0.50 0.50 0.50 0.50 0.00 0.00 0.00 0.09 0.23 -1 0
Result 0 0.0 97 0.48 0.22 0.14 0.21 0.21 0.20 -1 -1 -1 -1 -1
Evo 1.09 0.50 0.50 0.50 0.50 0.50 0.50 0.00 0.00 0.00 0.02 0.13 -1 0
Result 0 0.0 11 0.43 0.50 0.17 0.17 0.17 -1 -1 -1 -1 -1 -1
Evo 10.06 0.50 0.50 0.50 0.50 0.50 0.50 0.00 0.00 0.00 0.03 0.19 -1 0
Result 0 0.0 17 0.43 0.17 0.11 0.17 0.17 0.39 -1 -1 -1 -1 -1
Evo 1.33 0.50 0.50 0.50 0.50 0.50 0.50 0.00 0.00 0.00 0.01 0.11 -1 0
Result 0 0.0 3 0.50 0.25 0.50 -1 0.25 -1 -1 -1 -1 -1 -1
Evo 2.33 0.50 0.50 0.50 0.50 0.50 0.50 0.00 0.00 0.00 0.02 0.14 -1 0
Result 0 0.0 15 0.45 0.38 0.19 0.19 0.13 0.13 -1 -1 -1 -1 -1
Evo 6.41 0.50 0.50 0.50 0.50 0.50 0.50 0.00 0.00 0.00 0.06 0.23 -1 0
Result 0 0.0 111 0.44 0.25 0.04 0.18 0.25 0.28 -1 -1 -1 -1 -1
Evo 1.33 0.50 0.50 0.50 0.50 0.50 0.50 0.00 0.00 0.00 0.04 0.22 -1 0
Result 0 0.0 51 0.46 0.25 0.08 0.19 0.23 0.25 -1 -1 -1 -1 -1
Evo 4.27 0.50 0.50 0.50 0.50 0.50 0.50 0.00 0.00 0.00 0.03 0.12 -1 0
Result 0 0.0 11 0.53 -1 0.17 0.42 0.08 0.33 -1 -1 -1 -1 -1
Evo 2.42 0.50 0.50 0.50 0.50 0.50 0.50 0.00 0.00 0.00 0.07 0.23 -1 0
Result 0 0.0 69 0.40 0.23 0.11 0.14 0.21 0.30 -1 -1 -1 -1 -1
