Evo 1.11 0.00 1.00 1.00 1.00 1.00 1.00 0.06 0.00 0.03 0.31 0.48 -1 0
Result 0 0.0 2000 0.43 0.17 0.18 0.15 0.16 0.16 0.17 -1 -1 -1 -1
Evo 1.00 0.00 1.00 1.00 1.00 1.00 1.00 0.05 0.00 0.02 0.11 0.20 -1 0
Result 0 0.0 820 0.43 0.17 0.17 0.19 0.15 0.14 0.19 -1 -1 -1 -1
Evo 1.10 0.00 1.00 1.00 1.00 1.00 1.00 0.04 0.00 0.02 0.25 0.42 -1 5
Result 0 0.0 1996 0.43 0.17 0.16 0.16 0.17 0.17 0.17 -1 -1 -1 -1
Evo 1.06 0.00 1.00 1.00 1.00 1.00 1.00 0.06 0.00 0.03 0.26 0.47 -1 0
Result 0 0.0 2000 0.42 0.17 0.17 0.17 0.15 0.16 0.17 -1 -1 -1 -1
Evo 1.00 0.00 1.00 1.00 1.00 1.00 1.00 0.06 0.00 0.03 0.13 0.24 -1 0
Result 0 0.0 576 0.45 0.17 0.19 0.19 0.16 0.15 0.16 -1 -1 -1 -1
Evo 1.04 0.00 1.00 1.00 1.00 1.00 1.00 0.06 0.00 0.03 0.35 0.53 -1 1
Result 0 0.0 2000 0.42 0.16 0.16 0.18 0.17 0.18 0.15 -1 -1 -1 -1
Evo 1.05 0.00 1.00 1.00 1.00 1.00 1.00 0.06 0.00 0.03 0.38 0.55 -1 0
Result 0 0.0 2000 0.44 0.18 0.17 0.16 0.16 0.17 0.16 -1 -1 -1 -1
Evo 1.11 0.00 1.00 1.00 1.00 1.00 1.00 0.06 0.00 0.03 0.34 0.54 -1 0
Result 0 0.0 2000 0.42 0.18 0.15 0.17 0.16 0.17 0.17 -1 -1 -1 -1
Evo 1.05 0.00 1.00 1.00 1.00 1.00 1.00 0.06 0.00 0.03 0.13 0.21 -1 0
Result 0 0.0 2000 0.42 0.15 0.17 0.18 0.15 0.17 0.17 -1 -1 -1 -1
Evo 1.39 0.00 1.00 1.00 1.00 1.00 1.00 0.04 0.00 0.01 0.16 0.26 -1 0
Result 0 0.0 1995 0.42 0.17 0.16 0.19 0.15 0.16 0.16 -1 -1 -1 -1
Evo 1.17 0.00 1.00 1.00 1.00 1.00 1.00 0.06 0.00 0.03 0.18 0.31 -1 0
Result 0 0.0 2000 0.43 0.17 0.17 0.17 0.16 0.16 0.17 -1 -1 -1 -1
Evo 1.02 0.00 1.00 1.00 1.00 1.00 1.00 0.06 0.00 0.03 0.31 0.47 -1 0
Result 0 0.0 2000 0.42 0.16 0.16 0.18 0.16 0.16 0.17 -1 -1 -1 -1
Evo 1.38 0.00 1.00 1.00 1.00 1.00 1.00 0.06 0.00 0.03 0.30 0.45 -1 0
Result 0 0.0 2000 0.43 0.16 0.16 0.17 0.17 0.17 0.16 -1 -1 -1 -1
Evo 1.10 0.00 1.00 1.00 1.00 1.00 1.00 0.06 0.00 0.03 0.28 0.43 -1 0
Result 0 0.0 2000 0.44 0.18 0.16 0.17 0.16 0.18 0.15 -1 -1 -1 -1
Evo 1.16 0.00 1.00 1.00 1.00 1.00 1.00 0.04 0.00 0.02 0.15 0.23 -1 0
Result 0 0.0 1996 0.42 0.18 0.16 0.17 0.16 0.16 0.16 -1 -1 -1 -1
Evo 1.17 0.00 1.00 1.00 1.00 1.00 1.00 0.02 0.00 0.01 0.20 0.34 -1 0
Result 0 0.0 1993 0.42 0.17 0.17 0.17 0.16 0.16 0.18 -1 -1 -1 -1
Evo 1.36 0.00 1.00 1.00 1.00 1.00 1.00 0.06 0.00 0.03 0.35 0.53 -1 0
Result 0 0.0 2000 0.43 0.17 0.16 0.18 0.15 0.17 0.17 -1 -1 -1 -1
Evo 1.15 0.00 1.00 1.00 1.00 1.00 1.00 0.06 0.00 0.03 0.22 0.31 -1 0
Result 0 0.0 2000 0.43 0.17 0.16 0.17 0.16 0.16 0.17 -1 -1 -1 -1
Evo 1.04 0.00 1.00 1.00 1.00 1.00 1.00 0.06 0.00 0.03 0.28 0.43 -1 1
Result 0 0.0 2000 0.43 0.17 0.17 0.18 0.15 0.16 0.18 -1 -1 -1 -1
Evo 1.23 0.00 1.00 1.00 1.00 1.00 1.00 0.06 0.00 0.03 0.28 0.50 -1 0
Result 0 0.0 2000 0.42 0.17 0.16 0.17 0.17 0.18 0.16 -1 -1 -1 -1
Evo 1.22 0.00 1.00 1.00 1.00 1.00 1.00 0.06 0.00 0.03 0.19 0.32 -1 46
Result 0 0.0 2000 0.44 0.16 0.15 0.18 0.17 0.18 0.16 -1 -1 -1 -1
Evo 1.01 0.00 1.00 1.00 1.00 1.00 1.00 0.06 0.00 0.03 0.03 0.05 -1 193
Result 0 0.0 261 0.41 0.15 0.18 0.17 0.16 0.13 0.21 -1 -1 -1 -1
Evo 1.40 0.00 1.00 1.00 1.00 1.00 1.00 0.06 0.00 0.03 0.19 0.29 -1 72
Result 0 0.0 2000 0.42 0.17 0.15 0.16 0.16 0.17 0.18 -1 -1 -1 -1
Evo 1.19 0.00 1.00 1.00 1.00 1.00 1.00 0.06 0.00 0.03 0.10 0.17 -1 35
Result 0 0.0 2000 0.43 0.17 0.16 0.13 0.21 0.16 0.17 -1 -1 -1 -1
Evo 1.03 0.00 1.00 1.00 1.00 1.00 1.00 0.06 0.00 0.03 0.16 0.20 -1 150
Result 0 0.0 2000 0.44 0.18 0.17 0.16 0.16 0.16 0.17 -1 -1 -1 -1
Evo 1.13 0.00 1.00 1.00 1.00 1.00 1.00 0.06 0.00 0.03 0.12 0.22 -1 178
Result 0 0.0 2000 0.43 0.16 0.14 0.19 0.15 0.17 0.17 -1 -1 -1 -1
Evo 1.01 0.00 1.00 1.00 1.00 1.00 1.00 0.06 0.00 0.03 0.23 0.28 -1 156
Result 0 0.0 2000 0.43 0.17 0.16 0.17 0.18 0.15 0.16 -1 -1 -1 -1
Evo 1.24 0.00 1.00 1.00 1.00 1.00 1.00 0.07 0.00 0.04 0.20 0.28 -1 160
Result 0 0.0 2000 0.42 0.17 0.18 0.17 0.16 0.16 0.17 -1 -1 -1 -1
Evo 1.14 0.00 1.00 1.00 1.00 1.00 1.00 0.04 0.00 0.01 0.06 0.12 -1 53
Result 0 0.0 761 0.43 0.18 0.16 0.17 0.17 0.16 0.16 -1 -1 -1 -1
Evo 1.07 0.00 1.00 1.00 1.00 1.00 1.00 0.05 0.00 0.03 0.19 0.28 -1 304
Result 0 0.0 1998 0.45 0.18 0.16 0.16 0.17 0.16 0.17 -1 -1 -1 -1
Evo 1.16 0.00 1.00 1.00 1.00 1.00 1.00 0.06 0.00 0.03 0.10 0.18 -1 198
Result 0 0.0 2000 0.45 0.17 0.15 0.14 0.18 0.17 0.18 -1 -1 -1 -1
Evo 1.07 0.00 1.00 1.00 1.00 1.00 1.00 0.06 0.00 0.03 0.21 0.42 -1 97
Result 0 0.0 2000 0.41 0.19 0.15 0.16 0.16 0.16 0.18 -1 -1 -1 -1
Evo 1.04 0.00 1.00 1.00 1.00 1.00 1.00 0.06 0.00 0.03 0.11 0.18 -1 81
Result 0 0.0 2000 0.42 0.17 0.17 0.16 0.15 0.17 0.18 -1 -1 -1 -1
Evo 1.20 0.00 1.00 1.00 1.00 1.00 1.00 0.06 0.00 0.03 0.19 0.31 -1 279
Result 0 0.0 2000 0.44 0.18 0.15 0.18 0.16 0.16 0.17 -1 -1 -1 -1
Evo 1.16 0.00 1.00 1.00 1.00 1.00 1.00 0.06 0.00 0.03 0.23 0.31 -1 90
Result 0 0.0 2000 0.41 0.15 0.18 0.17 0.17 0.16 0.17 -1 -1 -1 -1
Evo 1.44 0.00 1.00 1.00 1.00 1.00 1.00 0.06 0.00 0.03 0.23 0.40 -1 157
Result 0 0.0 2000 0.43 0.17 0.15 0.17 0.17 0.17 0.17 -1 -1 -1 -1
Evo 1.43 0.00 1.00 1.00 1.00 1.00 1.00 0.07 0.00 0.04 0.18 0.27 -1 267
Result 0 0.0 2000 0.45 0.17 0.17 0.15 0.18 0.18 0.16 -1 -1 -1 -1
Evo 1.00 0.00 1.00 1.00 1.00 1.00 1.00 0.06 0.00 0.03 0.21 0.27 -1 91
Result 0 0.0 2000 0.44 0.17 0.16 0.16 0.18 0.17 0.17 -1 -1 -1 -1
Evo 1.36 0.00 1.00 1.00 1.00 1.00 1.00 0.06 0.00 0.03 0.28 0.38 -1 63
Result 0 0.0 2000 0.42 0.15 0.17 0.16 0.16 0.18 0.17 -1 -1 -1 -1
Evo 1.00 0.00 1.00 1.00 1.00 1.00 1.00 0.06 0.00 0.03 0.17 0.25 -1 65
Result 0 0.0 2000 0.43 0.17 0.16 0.16 0.17 0.17 0.17 -1 -1 -1 -1
Evo 1.07 0.00 1.00 1.00 1.00 1.00 1.00 0.06 0.00 0.03 0.24 0.40 -1 10
Result 0 0.0 2000 0.43 0.16 0.17 0.16 0.18 0.17 0.16 -1 -1 -1 -1
Evo 1.18 0.00 1.00 1.00 1.00 1.00 1.00 0.06 0.00 0.03 0.19 0.30 -1 5
Result 0 0.0 2000 0.44 0.19 0.17 0.17 0.15 0.15 0.17 -1 -1 -1 -1
Evo 1.13 0.00 1.00 1.00 1.00 1.00 1.00 0.06 0.00 0.03 0.24 0.31 -1 11
Result 0 0.0 2000 0.42 0.17 0.16 0.19 0.16 0.17 0.15 -1 -1 -1 -1
Evo 1.03 0.00 1.00 1.00 1.00 1.00 1.00 0.07 0.00 0.04 0.25 0.41 -1 5
Result 0 0.0 2000 0.44 0.17 0.16 0.18 0.15 0.18 0.16 -1 -1 -1 -1
Evo 1.12 0.00 1.00 1.00 1.00 1.00 1.00 0.06 0.00 0.03 0.36 0.47 -1 5
Result 0 0.0 2000 0.42 0.18 0.16 0.17 0.16 0.18 0.15 -1 -1 -1 -1
Evo 1.03 0.00 1.00 1.00 1.00 1.00 1.00 0.06 0.00 0.03 0.23 0.35 -1 15
Result 0 0.0 2000 0.42 0.17 0.15 0.16 0.16 0.17 0.18 -1 -1 -1 -1
Evo 1.03 0.00 1.00 1.00 1.00 1.00 1.00 0.05 0.00 0.02 0.13 0.29 -1 6
Result 0 0.0 845 0.44 0.19 0.16 0.16 0.17 0.16 0.16 -1 -1 -1 -1
Evo 1.18 0.00 1.00 1.00 1.00 1.00 1.00 0.06 0.00 0.03 0.23 0.35 -1 17
Result 0 0.0 2000 0.41 0.17 0.15 0.17 0.15 0.18 0.17 -1 -1 -1 -1
Evo 1.67 0.00 1.00 1.00 1.00 1.00 1.00 0.02 0.00 0.01 0.20 0.30 -1 10
Result 0 0.0 1993 0.40 0.17 0.14 0.17 0.14 0.19 0.18 -1 -1 -1 -1
Evo 1.04 0.00 1.00 1.00 1.00 1.00 1.00 0.06 0.00 0.03 0.23 0.35 -1 10
Result 0 0.0 2000 0.43 0.17 0.17 0.18 0.16 0.16 0.15 -1 -1 -1 -1
Evo 1.15 0.00 1.00 1.00 1.00 1.00 1.00 0.06 0.00 0.03 0.21 0.33 -1 8
Result 0 0.0 2000 0.44 0.18 0.15 0.17 0.16 0.16 0.17 -1 -1 -1 -1
Evo 1.07 0.00 1.00 1.00 1.00 1.00 1.00 0.06 0.00 0.03 0.13 0.24 -1 14
Result 0 0.0 783 0.45 0.19 0.15 0.17 0.16 0.16 0.16 -1 -1 -1 -1
Evo 1.06 0.00 1.00 1.00 1.00 1.00 1.00 0.06 0.00 0.03 0.19 0.32 -1 7
Result 0 0.0 1999 0.42 0.19 0.16 0.16 0.16 0.18 0.16 -1 -1 -1 -1
Evo 1.22 0.00 1.00 1.00 1.00 1.00 1.00 0.06 0.00 0.03 0.18 0.37 -1 5
Result 0 0.0 1184 0.42 0.15 0.16 0.17 0.16 0.19 0.18 -1 -1 -1 -1
Evo 1.02 0.00 1.00 1.00 1.00 1.00 1.00 0.06 0.00 0.03 0.23 0.33 -1 5
Result 0 0.0 2000 0.43 0.18 0.17 0.16 0.17 0.15 0.17 -1 -1 -1 -1
Evo 1.12 0.00 1.00 1.00 1.00 1.00 1.00 0.06 0.00 0.03 0.29 0.46 -1 17
Result 0 0.0 1998 0.41 0.16 0.16 0.17 0.15 0.18 0.18 -1 -1 -1 -1
Evo 1.15 0.00 1.00 1.00 1.00 1.00 1.00 0.06 0.00 0.03 0.27 0.42 -1 14
Result 0 0.0 2000 0.44 0.17 0.16 0.16 0.17 0.16 0.17 -1 -1 -1 -1
Evo 1.13 0.00 1.00 1.00 1.00 1.00 1.00 0.06 0.00 0.03 0.21 0.34 -1 14
Result 0 0.0 2000 0.43 0.17 0.16 0.18 0.17 0.17 0.16 -1 -1 -1 -1
Evo 1.31 0.00 1.00 1.00 1.00 1.00 1.00 0.06 0.00 0.03 0.23 0.29 -1 7
Result 0 0.0 2000 0.43 0.16 0.17 0.17 0.16 0.18 0.15 -1 -1 -1 -1
Evo 1.06 0.00 1.00 1.00 1.00 1.00 1.00 0.06 0.00 0.03 0.22 0.28 -1 5
Result 0 0.0 2000 0.45 0.19 0.16 0.17 0.16 0.17 0.15 -1 -1 -1 -1
Evo 1.06 0.00 1.00 1.00 1.00 1.00 1.00 0.02 0.00 0.01 0.16 0.32 -1 1378
Result 0 0.0 1993 0.43 0.16 0.17 0.16 0.18 0.16 0.16 -1 -1 -1 -1
Evo 1.08 0.00 1.00 1.00 1.00 1.00 1.00 0.06 0.00 0.03 0.19 0.26 -1 679
Result 0 0.0 2000 0.44 0.18 0.16 0.18 0.15 0.16 0.17 -1 -1 -1 -1
Evo 1.01 0.00 1.00 1.00 1.00 1.00 1.00 0.06 0.00 0.03 0.25 0.36 -1 254
Result 0 0.0 2000 0.42 0.18 0.17 0.18 0.16 0.16 0.16 -1 -1 -1 -1
Evo 1.00 0.00 1.00 1.00 1.00 1.00 1.00 0.06 0.00 0.03 0.14 0.27 -1 1643
Result 0 0.0 2000 0.43 0.17 0.17 0.17 0.16 0.15 0.17 -1 -1 -1 -1
Evo 1.00 0.00 1.00 1.00 1.00 1.00 1.00 0.06 0.00 0.03 0.17 0.34 -1 1139
Result 0 0.0 2000 0.44 0.18 0.17 0.15 0.18 0.17 0.15 -1 -1 -1 -1
Evo 1.00 0.00 1.00 1.00 1.00 1.00 1.00 0.06 0.00 0.03 0.29 0.42 -1 1388
Result 0 0.0 2000 0.43 0.16 0.17 0.15 0.17 0.16 0.18 -1 -1 -1 -1
Evo 1.00 0.00 1.00 1.00 1.00 1.00 1.00 0.06 0.00 0.03 0.22 0.38 -1 1397
Result 0 0.0 2000 0.44 0.15 0.17 0.18 0.17 0.17 0.16 -1 -1 -1 -1
Evo 1.00 0.00 1.00 1.00 1.00 1.00 1.00 0.06 0.00 0.03 0.13 0.29 -1 1993
Result 0 0.0 2000 0.43 0.17 0.17 0.17 0.17 0.15 0.17 -1 -1 -1 -1
Evo 1.00 0.00 1.00 1.00 1.00 1.00 1.00 0.06 0.00 0.03 0.23 0.43 -1 1993
Result 0 0.0 2000 0.43 0.18 0.16 0.16 0.17 0.16 0.17 -1 -1 -1 -1
Evo 1.00 0.00 1.00 1.00 1.00 1.00 1.00 0.06 0.00 0.03 0.20 0.32 -1 1573
Result 0 0.0 2000 0.42 0.18 0.16 0.16 0.16 0.16 0.17 -1 -1 -1 -1
Evo 1.00 0.00 1.00 1.00 1.00 1.00 1.00 0.06 0.00 0.03 0.25 0.41 -1 201
Result 0 0.0 2000 0.44 0.17 0.17 0.15 0.18 0.16 0.17 -1 -1 -1 -1
Evo 1.00 0.00 1.00 1.00 1.00 1.00 1.00 0.06 0.00 0.03 0.13 0.26 -1 1993
Result 0 0.0 2000 0.43 0.17 0.17 0.16 0.16 0.16 0.18 -1 -1 -1 -1
Evo 1.03 0.00 1.00 1.00 1.00 1.00 1.00 0.06 0.00 0.03 0.22 0.33 -1 1293
Result 0 0.0 2000 0.43 0.16 0.17 0.18 0.17 0.17 0.16 -1 -1 -1 -1
Evo 1.07 0.00 1.00 1.00 1.00 1.00 1.00 0.05 0.00 0.02 0.17 0.24 -1 617
Result 0 0.0 1997 0.43 0.17 0.16 0.18 0.17 0.16 0.16 -1 -1 -1 -1
Evo 1.00 0.00 1.00 1.00 1.00 1.00 1.00 0.06 0.00 0.03 0.14 0.28 -1 1993
Result 0 0.0 2000 0.44 0.18 0.17 0.17 0.17 0.14 0.18 -1 -1 -1 -1
Evo 1.00 0.00 1.00 1.00 1.00 1.00 1.00 0.06 0.00 0.03 0.25 0.44 -1 1641
Result 0 0.0 2000 0.44 0.15 0.17 0.17 0.16 0.19 0.16 -1 -1 -1 -1
Evo 1.03 0.00 1.00 1.00 1.00 1.00 1.00 0.06 0.00 0.03 0.25 0.39 -1 773
Result 0 0.0 2000 0.41 0.15 0.17 0.17 0.17 0.16 0.17 -1 -1 -1 -1
Evo 1.10 0.00 1.00 1.00 1.00 1.00 1.00 0.06 0.00 0.03 0.19 0.29 -1 1375
Result 0 0.0 2000 0.44 0.18 0.16 0.17 0.17 0.16 0.17 -1 -1 -1 -1
Evo 1.08 0.00 1.00 1.00 1.00 1.00 1.00 0.06 0.00 0.03 0.11 0.20 -1 874
Result 0 0.0 2000 0.44 0.16 0.17 0.14 0.17 0.16 0.19 -1 -1 -1 -1
Evo 1.00 0.00 1.00 1.00 1.00 1.00 1.00 0.06 0.00 0.03 0.14 0.32 -1 1158
Result 0 0.0 2000 0.43 0.17 0.17 0.17 0.17 0.15 0.17 -1 -1 -1 -1
Evo 1.00 0.00 1.00 1.00 1.00 1.00 1.00 0.06 0.00 0.03 0.26 0.32 -1 15
Result 0 0.0 2000 0.44 0.16 0.18 0.16 0.17 0.17 0.17 -1 -1 -1 -1
Evo 1.06 0.00 1.00 1.00 1.00 1.00 1.00 0.06 0.00 0.03 0.18 0.31 -1 47
Result 0 0.0 2000 0.42 0.16 0.17 0.17 0.17 0.16 0.17 -1 -1 -1 -1
Evo 1.02 0.00 1.00 1.00 1.00 1.00 1.00 0.06 0.00 0.03 0.29 0.37 -1 72
Result 0 0.0 2000 0.43 0.16 0.16 0.15 0.18 0.17 0.17 -1 -1 -1 -1
Evo 1.02 0.00 1.00 1.00 1.00 1.00 1.00 0.06 0.00 0.03 0.19 0.34 -1 71
Result 0 0.0 981 0.42 0.17 0.16 0.19 0.19 0.15 0.15 -1 -1 -1 -1
Evo 1.00 0.00 1.00 1.00 1.00 1.00 1.00 0.06 0.00 0.03 0.31 0.39 -1 93
Result 0 0.0 2000 0.42 0.16 0.17 0.17 0.17 0.18 0.16 -1 -1 -1 -1
Evo 1.00 0.00 1.00 1.00 1.00 1.00 1.00 0.06 0.00 0.03 0.25 0.40 -1 86
Result 0 0.0 2000 0.44 0.17 0.15 0.16 0.17 0.19 0.17 -1 -1 -1 -1
Evo 1.06 0.00 1.00 1.00 1.00 1.00 1.00 0.06 0.00 0.03 0.26 0.38 -1 31
Result 0 0.0 2000 0.43 0.17 0.17 0.15 0.17 0.17 0.17 -1 -1 -1 -1
Evo 1.00 0.00 1.00 1.00 1.00 1.00 1.00 0.06 0.00 0.03 0.25 0.40 -1 288
Result 0 0.0 2000 0.44 0.17 0.17 0.16 0.16 0.16 0.17 -1 -1 -1 -1
Evo 1.00 0.00 1.00 1.00 1.00 1.00 1.00 0.06 0.00 0.03 0.34 0.40 -1 17
Result 0 0.0 2000 0.44 0.15 0.17 0.17 0.16 0.17 0.17 -1 -1 -1 -1
Evo 1.06 0.00 1.00 1.00 1.00 1.00 1.00 0.06 0.00 0.03 0.31 0.41 -1 9
Result 0 0.0 2000 0.43 0.16 0.17 0.17 0.16 0.17 0.17 -1 -1 -1 -1
Evo 1.04 0.00 1.00 1.00 1.00 1.00 1.00 0.06 0.00 0.03 0.29 0.40 -1 23
Result 0 0.0 2000 0.43 0.16 0.16 0.18 0.16 0.17 0.17 -1 -1 -1 -1
Evo 1.01 0.00 1.00 1.00 1.00 1.00 1.00 0.06 0.00 0.03 0.23 0.32 -1 335
Result 0 0.0 2000 0.43 0.17 0.17 0.16 0.16 0.16 0.17 -1 -1 -1 -1
Evo 1.00 0.00 1.00 1.00 1.00 1.00 1.00 0.06 0.00 0.03 0.25 0.32 -1 709
Result 0 0.0 2000 0.44 0.17 0.17 0.16 0.18 0.17 0.16 -1 -1 -1 -1
Evo 1.09 0.00 1.00 1.00 1.00 1.00 1.00 0.06 0.00 0.03 0.30 0.40 -1 24
Result 0 0.0 2000 0.41 0.15 0.17 0.16 0.16 0.17 0.18 -1 -1 -1 -1
Evo 1.00 0.00 1.00 1.00 1.00 1.00 1.00 0.06 0.00 0.03 0.22 0.31 -1 34
Result 0 0.0 2000 0.44 0.17 0.19 0.16 0.17 0.17 0.15 -1 -1 -1 -1
Evo 1.00 0.00 1.00 1.00 1.00 1.00 1.00 0.06 0.00 0.03 0.27 0.40 -1 93
Result 0 0.0 2000 0.43 0.17 0.16 0.16 0.17 0.17 0.17 -1 -1 -1 -1
Evo 1.02 0.00 1.00 1.00 1.00 1.00 1.00 0.06 0.00 0.03 0.28 0.41 -1 484
Result 0 0.0 2000 0.43 0.17 0.18 0.16 0.15 0.16 0.18 -1 -1 -1 -1
Evo 1.00 0.00 1.00 1.00 1.00 1.00 1.00 0.06 0.00 0.03 0.21 0.34 -1 28
Result 0 0.0 2000 0.43 0.16 0.17 0.16 0.18 0.17 0.17 -1 -1 -1 -1
Evo 1.10 0.00 1.00 1.00 1.00 1.00 1.00 0.07 0.00 0.04 0.33 0.40 -1 329
Result 0 0.0 2000 0.42 0.16 0.18 0.17 0.16 0.16 0.17 -1 -1 -1 -1
Evo 1.02 0.00 1.00 1.00 1.00 1.00 1.00 0.06 0.00 0.03 0.32 0.40 -1 17
Result 0 0.0 2000 0.43 0.16 0.17 0.17 0.17 0.17 0.17 -1 -1 -1 -1
