Evo 1.72 0.14 1.00 0.44 0.21 0.40 0.50 0.28 0.01 0.37 0.08 0.19 -1 360
Result 0 -14.0 416 0.43 0.17 0.13 0.14 0.18 0.18 0.19 -1 -1 -1 -1
Evo 1.74 0.00 1.00 0.99 1.00 1.00 1.00 0.07 0.00 0.13 0.11 0.23 -1 123
Result 0 -26.0 1500 0.44 0.18 0.16 0.15 0.17 0.17 0.18 -1 -1 -1 -1
Evo 1.27 1.00 1.00 1.00 1.00 1.00 1.00 0.00 0.00 0.23 0.09 0.20 -1 420
Result 0 -23.0 671 0.43 0.16 0.19 0.16 0.14 0.16 0.18 -1 -1 -1 -1
Evo 1.84 0.00 1.00 0.99 1.00 1.00 1.00 0.07 0.00 0.17 0.15 0.22 -1 378
Result 0 -7.0 1500 0.40 0.18 0.14 0.17 0.17 0.16 0.17 -1 -1 -1 -1
Evo 1.05 0.00 1.00 0.99 1.00 1.00 1.00 0.07 0.00 0.13 0.06 0.10 -1 1493
Result 0 -26.0 1500 0.42 0.18 0.16 0.16 0.17 0.18 0.16 -1 -1 -1 -1
Evo 1.13 0.00 1.00 0.99 1.00 1.00 1.00 0.07 0.00 0.13 0.11 0.21 -1 1343
Result 0 -26.0 1500 0.43 0.17 0.16 0.16 0.17 0.16 0.18 -1 -1 -1 -1
Evo 1.62 0.00 1.00 0.99 1.00 1.00 1.00 0.07 0.00 0.14 0.13 0.19 -1 614
Result 0 -8.0 1500 0.40 0.14 0.17 0.18 0.16 0.16 0.19 -1 -1 -1 -1
Evo 1.02 0.00 1.00 0.99 1.00 1.00 1.00 0.07 0.00 0.13 0.10 0.21 -1 1008
Result 0 -26.0 1500 0.43 0.17 0.17 0.17 0.16 0.17 0.17 -1 -1 -1 -1
Evo 1.04 0.00 1.00 0.99 1.00 1.00 1.00 0.07 0.00 0.13 0.08 0.13 -1 1493
Result 0 -26.0 1500 0.43 0.17 0.18 0.14 0.17 0.17 0.17 -1 -1 -1 -1
Evo 1.60 1.00 1.00 1.00 1.00 1.00 1.00 0.00 0.00 0.24 0.05 0.18 -1 144
Result 0 -13.0 189 0.44 0.20 0.18 0.16 0.16 0.11 0.19 -1 -1 -1 -1
Evo 1.30 1.00 1.00 1.00 1.00 1.00 1.00 0.00 0.00 0.17 0.15 0.30 -1 586
Result 0 -26.0 1111 0.41 0.18 0.15 0.18 0.15 0.19 0.15 -1 -1 -1 -1
Evo 1.24 1.00 1.00 1.00 1.00 1.00 1.00 0.00 0.00 0.17 0.13 0.23 -1 36
Result 0 -26.0 1113 0.45 0.18 0.15 0.16 0.18 0.17 0.16 -1 -1 -1 -1
Evo 1.02 0.00 1.00 0.99 1.00 1.00 1.00 0.07 0.00 0.13 0.08 0.10 -1 1493
Result 0 -26.0 1500 0.43 0.18 0.16 0.16 0.17 0.16 0.17 -1 -1 -1 -1
Evo 1.08 0.00 1.00 0.99 1.00 1.00 1.00 0.07 0.00 0.13 0.11 0.21 -1 231
Result 0 -24.0 1500 0.42 0.16 0.18 0.17 0.18 0.15 0.16 -1 -1 -1 -1
Evo 1.97 0.00 1.00 0.99 1.00 1.00 1.00 0.07 0.00 0.28 0.18 0.31 -1 356
Result 0 1.0 1500 0.42 0.17 0.16 0.18 0.16 0.17 0.16 -1 -1 -1 -1
Evo 1.57 0.00 1.00 0.99 1.00 1.00 1.00 0.07 0.00 0.10 0.11 0.20 -1 99
Result 0 -2.0 1500 0.43 0.17 0.16 0.17 0.17 0.16 0.18 -1 -1 -1 -1
Evo 1.08 1.00 1.00 1.00 1.00 1.00 1.00 0.00 0.00 0.32 0.07 0.14 -1 546
Result 0 -24.0 737 0.45 0.18 0.16 0.18 0.14 0.17 0.16 -1 -1 -1 -1
Evo 1.07 0.00 1.00 0.99 1.00 1.00 1.00 0.07 0.00 0.21 0.08 0.09 -1 1493
Result 0 -26.0 1500 0.43 0.17 0.17 0.17 0.16 0.17 0.17 -1 -1 -1 -1
Evo 1.30 1.00 1.00 1.00 1.00 1.00 1.00 0.00 0.00 0.29 0.14 0.31 -1 267
Result 0 -24.0 877 0.42 0.19 0.16 0.16 0.17 0.16 0.17 -1 -1 -1 -1
Evo 1.37 0.00 1.00 0.99 1.00 1.00 1.00 0.07 0.00 0.52 0.18 0.30 -1 64
Result 0 -22.0 1500 0.44 0.18 0.16 0.14 0.18 0.17 0.17 -1 -1 -1 -1
Evo 1.29 0.00 1.00 0.99 1.00 1.00 1.00 0.07 0.00 0.05 0.10 0.18 -1 355
Result 0 -9.0 1500 0.43 0.17 0.17 0.17 0.17 0.16 0.16 -1 -1 -1 -1
Evo 1.01 0.00 1.00 0.99 1.00 1.00 1.00 0.07 0.00 0.05 0.03 0.06 -1 1493
Result 0 -17.0 1500 0.41 0.17 0.15 0.18 0.17 0.17 0.16 -1 -1 -1 -1
Evo 1.03 0.00 1.00 0.99 1.00 1.00 1.00 0.07 0.00 0.05 0.06 0.11 -1 379
Result 0 -17.0 1500 0.43 0.17 0.16 0.18 0.16 0.15 0.17 -1 -1 -1 -1
Evo 1.19 0.00 1.00 0.99 1.00 1.00 1.00 0.07 0.00 0.05 0.10 0.14 -1 928
Result 0 -17.0 1500 0.43 0.16 0.17 0.17 0.16 0.18 0.16 -1 -1 -1 -1
Evo 1.07 0.00 1.00 0.99 1.00 1.00 1.00 0.07 0.00 0.05 0.14 0.19 -1 402
Result 0 -17.0 1500 0.43 0.16 0.17 0.15 0.18 0.17 0.16 -1 -1 -1 -1
Evo 1.01 0.00 1.00 0.99 1.00 1.00 1.00 0.07 0.00 0.05 0.06 0.10 -1 933
Result 0 -17.0 1500 0.43 0.16 0.17 0.16 0.17 0.15 0.18 -1 -1 -1 -1
Evo 1.01 0.00 1.00 0.99 1.00 1.00 1.00 0.07 0.00 0.05 0.08 0.13 -1 924
Result 0 -17.0 1500 0.43 0.17 0.19 0.17 0.17 0.15 0.17 -1 -1 -1 -1
Evo 1.44 0.00 1.00 1.00 1.00 1.00 1.00 0.03 0.00 0.06 0.07 0.12 -1 1030
Result 0 -17.0 1213 0.44 0.19 0.17 0.15 0.17 0.14 0.17 -1 -1 -1 -1
Evo 1.05 0.00 1.00 0.99 1.00 1.00 1.00 0.07 0.00 0.05 0.07 0.11 -1 967
Result 0 -17.0 1500 0.42 0.16 0.16 0.18 0.18 0.17 0.16 -1 -1 -1 -1
Evo 1.01 0.00 1.00 0.99 1.00 1.00 1.00 0.07 0.00 0.05 0.03 0.06 -1 1493
Result 0 -17.0 1500 0.44 0.17 0.16 0.18 0.15 0.17 0.16 -1 -1 -1 -1
Evo 1.02 0.00 1.00 0.99 1.00 1.00 1.00 0.07 0.00 0.05 0.04 0.08 -1 1396
Result 0 -17.0 1500 0.43 0.17 0.18 0.15 0.17 0.17 0.17 -1 -1 -1 -1
Evo 1.56 1.00 1.00 1.00 1.00 1.00 1.00 0.00 0.00 0.06 0.10 0.15 -1 703
Result 0 -17.0 1178 0.43 0.17 0.17 0.16 0.17 0.17 0.17 -1 -1 -1 -1
Evo 1.01 0.00 1.00 0.99 1.00 1.00 1.00 0.07 0.00 0.05 0.07 0.13 -1 386
Result 0 -17.0 1500 0.44 0.16 0.18 0.16 0.17 0.16 0.17 -1 -1 -1 -1
Evo 1.02 0.00 1.00 0.99 1.00 1.00 1.00 0.07 0.00 0.05 0.03 0.05 -1 1493
Result 0 -17.0 1500 0.42 0.17 0.16 0.17 0.17 0.16 0.16 -1 -1 -1 -1
Evo 1.10 0.00 1.00 0.99 1.00 1.00 1.00 0.07 0.00 0.05 0.14 0.20 -1 350
Result 0 -17.0 1500 0.43 0.16 0.16 0.17 0.15 0.18 0.17 -1 -1 -1 -1
Evo 1.50 1.00 1.00 1.00 1.00 1.00 1.00 0.00 0.00 0.05 0.10 0.15 -1 653
Result 0 -17.0 1465 0.45 0.16 0.18 0.16 0.15 0.15 0.18 -1 -1 -1 -1
Evo 1.02 0.00 1.00 0.99 1.00 1.00 1.00 0.07 0.00 0.05 0.06 0.09 -1 1011
Result 0 -17.0 1500 0.43 0.16 0.17 0.18 0.17 0.16 0.15 -1 -1 -1 -1
Evo 1.09 0.00 1.00 0.99 1.00 1.00 1.00 0.07 0.00 0.05 0.08 0.14 -1 728
Result 0 -17.0 1500 0.44 0.17 0.16 0.18 0.16 0.16 0.17 -1 -1 -1 -1
Evo 1.06 0.00 1.00 1.00 1.00 1.00 1.00 0.06 0.00 0.05 0.08 0.13 -1 680
Result 0 -14.0 772 0.46 0.19 0.15 0.14 0.18 0.16 0.17 -1 -1 -1 -1
Evo 1.01 0.00 1.00 0.99 1.00 1.00 1.00 0.07 0.00 0.05 0.04 0.06 -1 1493
Result 0 -17.0 1500 0.43 0.16 0.16 0.18 0.17 0.16 0.17 -1 -1 -1 -1
Evo 1.11 0.00 1.00 0.99 1.00 1.00 1.00 0.07 0.00 0.14 0.12 0.21 -1 818
Result 0 -20.0 1500 0.43 0.16 0.17 0.17 0.17 0.16 0.17 -1 -1 -1 -1
Evo 1.65 0.00 1.00 0.99 1.00 1.00 1.00 0.07 0.00 0.14 0.15 0.26 -1 775
Result 0 -20.0 1500 0.42 0.16 0.16 0.17 0.19 0.16 0.17 -1 -1 -1 -1
Evo 1.02 0.00 1.00 0.99 1.00 1.00 1.00 0.07 0.00 0.14 0.08 0.16 -1 1370
Result 0 -20.0 1500 0.44 0.17 0.17 0.17 0.16 0.17 0.17 -1 -1 -1 -1
Evo 1.03 1.00 1.00 1.00 1.00 1.00 1.00 0.00 0.00 0.15 0.09 0.18 -1 1032
Result 0 -16.0 1392 0.43 0.17 0.18 0.16 0.19 0.15 0.16 -1 -1 -1 -1
Evo 1.03 0.00 1.00 0.99 1.00 1.00 1.00 0.07 0.00 0.14 0.07 0.15 -1 1486
Result 0 -20.0 1500 0.43 0.18 0.16 0.17 0.16 0.16 0.16 -1 -1 -1 -1
Evo 1.02 0.00 1.00 0.99 1.00 1.00 1.00 0.07 0.00 0.14 0.08 0.12 -1 1493
Result 0 -20.0 1500 0.43 0.15 0.16 0.17 0.17 0.16 0.19 -1 -1 -1 -1
Evo 1.01 0.00 1.00 0.99 1.00 1.00 1.00 0.07 0.00 0.14 0.09 0.15 -1 1235
Result 0 -20.0 1500 0.42 0.17 0.16 0.17 0.16 0.17 0.17 -1 -1 -1 -1
Evo 1.03 0.00 1.00 0.99 1.00 1.00 1.00 0.07 0.00 0.14 0.13 0.22 -1 1259
Result 0 -20.0 1500 0.45 0.18 0.17 0.16 0.17 0.16 0.17 -1 -1 -1 -1
Evo 1.03 0.00 1.00 0.99 1.00 1.00 1.00 0.07 0.00 0.14 0.09 0.13 -1 1493
Result 0 -20.0 1500 0.42 0.16 0.16 0.16 0.17 0.18 0.18 -1 -1 -1 -1
Evo 1.09 0.00 1.00 0.99 1.00 1.00 1.00 0.07 0.00 0.14 0.12 0.18 -1 1258
Result 0 -20.0 1500 0.41 0.15 0.15 0.18 0.18 0.16 0.17 -1 -1 -1 -1
Evo 1.02 0.00 1.00 0.99 1.00 1.00 1.00 0.07 0.00 0.14 0.09 0.18 -1 723
Result 0 -20.0 1500 0.43 0.16 0.17 0.17 0.16 0.17 0.17 -1 -1 -1 -1
Evo 1.31 0.00 1.00 0.99 1.00 1.00 1.00 0.07 0.00 0.14 0.10 0.18 -1 1269
Result 0 -20.0 1500 0.43 0.17 0.17 0.16 0.16 0.16 0.17 -1 -1 -1 -1
Evo 1.05 0.00 1.00 1.00 1.00 1.00 1.00 0.04 0.00 0.14 0.12 0.25 -1 1018
Result 0 -20.0 1495 0.42 0.16 0.17 0.18 0.17 0.15 0.17 -1 -1 -1 -1
Evo 1.09 0.00 1.00 0.99 1.00 1.00 1.00 0.07 0.00 0.14 0.11 0.22 -1 1225
Result 0 -20.0 1500 0.42 0.19 0.16 0.17 0.16 0.16 0.16 -1 -1 -1 -1
Evo 1.05 0.00 1.00 0.99 1.00 1.00 1.00 0.07 0.00 0.14 0.12 0.19 -1 471
Result 0 -20.0 1500 0.43 0.18 0.17 0.16 0.17 0.15 0.17 -1 -1 -1 -1
Evo 1.01 0.00 1.00 0.99 1.00 1.00 1.00 0.07 0.00 0.14 0.05 0.07 -1 1493
Result 0 -20.0 1500 0.42 0.16 0.15 0.16 0.16 0.19 0.18 -1 -1 -1 -1
Evo 1.03 1.00 1.00 1.00 1.00 1.00 1.00 0.00 0.00 0.32 0.11 0.22 -1 477
Result 0 -13.0 1128 0.44 0.16 0.18 0.18 0.15 0.17 0.17 -1 -1 -1 -1
Evo 1.01 0.00 1.00 0.99 1.00 1.00 1.00 0.07 0.00 0.14 0.04 0.07 -1 1493
Result 0 -20.0 1500 0.42 0.17 0.15 0.16 0.17 0.19 0.16 -1 -1 -1 -1
Evo 1.01 0.00 1.00 0.99 1.00 1.00 1.00 0.07 0.00 0.14 0.09 0.14 -1 1493
Result 0 -20.0 1500 0.42 0.16 0.18 0.19 0.14 0.17 0.16 -1 -1 -1 -1
Evo 1.05 1.00 1.00 1.00 1.00 1.00 1.00 0.00 0.00 0.32 0.08 0.16 -1 1029
Result 0 -13.0 1095 0.41 0.15 0.14 0.16 0.18 0.16 0.20 -1 -1 -1 -1
Evo 1.74 1.00 1.00 1.00 1.00 1.00 1.00 0.00 0.00 0.44 0.04 0.08 -1 21
Result 0 -8.0 221 0.35 0.20 0.11 0.14 0.17 0.22 0.17 -1 -1 -1 -1
Evo 2.04 1.00 1.00 1.00 1.00 1.00 1.00 0.00 0.00 0.53 0.03 0.06 -1 16
Result 0 -8.0 267 0.46 0.18 0.19 0.16 0.12 0.19 0.16 -1 -1 -1 -1
Evo 1.15 1.00 1.00 1.00 1.00 1.00 1.00 0.00 0.00 0.09 0.03 0.07 -1 5
Result 0 -10.0 284 0.40 0.14 0.20 0.15 0.18 0.16 0.16 -1 -1 -1 -1
Evo 1.06 0.00 1.00 0.99 1.00 1.00 1.00 0.07 0.00 0.46 0.04 0.08 -1 19
Result 0 -16.0 1500 0.41 0.17 0.15 0.17 0.17 0.15 0.18 -1 -1 -1 -1
Evo 1.09 1.00 1.00 1.00 1.00 1.00 1.00 0.00 0.00 0.15 0.06 0.09 -1 42
Result 0 -13.0 779 0.42 0.18 0.16 0.18 0.18 0.17 0.14 -1 -1 -1 -1
Evo 1.05 0.00 1.00 0.99 1.00 1.00 1.00 0.07 0.00 0.46 0.09 0.14 -1 46
Result 0 -16.0 1500 0.43 0.17 0.17 0.17 0.17 0.15 0.18 -1 -1 -1 -1
Evo 1.29 1.00 1.00 1.00 1.00 1.00 1.00 0.00 0.00 0.13 0.04 0.07 -1 60
Result 0 -14.0 946 0.42 0.18 0.16 0.14 0.17 0.16 0.19 -1 -1 -1 -1
Evo 1.12 1.00 1.00 1.00 1.00 1.00 1.00 0.00 0.00 0.14 0.05 0.08 -1 15
Result 0 -13.0 844 0.42 0.17 0.16 0.16 0.17 0.16 0.17 -1 -1 -1 -1
Evo 1.06 1.00 1.00 1.00 1.00 1.00 1.00 0.00 0.00 0.47 0.05 0.08 -1 35
Result 0 -16.0 1404 0.42 0.16 0.18 0.16 0.18 0.15 0.17 -1 -1 -1 -1
Evo 1.18 1.00 1.00 1.00 1.00 1.00 1.00 0.00 0.00 0.39 0.02 0.05 -1 1
Result 0 -6.0 159 0.43 0.16 0.09 0.09 0.14 0.28 0.24 -1 -1 -1 -1
Evo 1.15 0.00 1.00 0.99 1.00 1.00 1.00 0.07 0.00 0.46 0.07 0.12 -1 35
Result 0 -16.0 1500 0.44 0.15 0.18 0.17 0.17 0.16 0.16 -1 -1 -1 -1
Evo 1.07 1.00 1.00 1.00 1.00 1.00 1.00 0.00 0.00 0.14 0.05 0.09 -1 4
Result 0 -13.0 841 0.40 0.14 0.16 0.17 0.21 0.15 0.17 -1 -1 -1 -1
Evo 1.11 1.00 1.00 1.00 1.00 1.00 1.00 0.00 0.00 0.16 0.07 0.11 -1 24
Result 0 -12.0 666 0.43 0.16 0.16 0.16 0.19 0.15 0.17 -1 -1 -1 -1
Evo 2.27 1.00 1.00 1.00 1.00 1.00 1.00 0.00 0.00 0.18 0.05 0.08 -1 7
Result 0 -12.0 568 0.41 0.18 0.15 0.16 0.18 0.15 0.19 -1 -1 -1 -1
Evo 1.20 1.00 1.00 1.00 1.00 1.00 1.00 0.00 0.00 0.38 0.04 0.07 -1 33
Result 0 -7.0 174 0.39 0.16 0.14 0.16 0.20 0.14 0.20 -1 -1 -1 -1
Evo 1.36 0.00 1.00 0.99 1.00 1.00 1.00 0.07 0.00 0.45 0.13 0.20 -1 9
Result 0 7.0 1500 0.41 0.15 0.16 0.18 0.17 0.17 0.17 -1 -1 -1 -1
Evo 1.08 1.00 1.00 1.00 1.00 1.00 1.00 0.00 0.00 0.26 0.04 0.09 -1 24
Result 0 -11.0 316 0.40 0.14 0.15 0.18 0.18 0.15 0.20 -1 -1 -1 -1
Evo 1.12 1.00 1.00 1.00 1.00 1.00 1.00 0.00 0.00 0.10 0.06 0.09 -1 36
Result 0 -15.0 1080 0.43 0.17 0.18 0.16 0.17 0.16 0.16 -1 -1 -1 -1
Evo 1.87 0.00 1.00 0.99 1.00 1.00 1.00 0.07 0.00 0.03 0.09 0.14 -1 10
Result 0 20.0 1500 0.42 0.18 0.16 0.17 0.16 0.15 0.18 -1 -1 -1 -1
Evo 1.71 1.00 1.00 1.00 1.00 1.00 1.00 0.00 0.00 0.09 0.08 0.13 -1 1
Result 0 13.0 1111 0.46 0.17 0.19 0.17 0.17 0.15 0.15 -1 -1 -1 -1
Evo 1.10 0.00 1.00 1.00 1.00 1.00 1.00 0.07 0.00 0.15 0.08 0.13 -1 1178
Result 0 -18.0 1499 0.42 0.16 0.17 0.16 0.16 0.17 0.17 -1 -1 -1 -1
Evo 1.06 0.00 1.00 1.00 1.00 1.00 1.00 0.05 0.00 0.21 0.07 0.12 -1 723
Result 0 -17.0 964 0.43 0.18 0.16 0.16 0.18 0.15 0.16 -1 -1 -1 -1
Evo 1.03 0.00 1.00 0.99 1.00 1.00 1.00 0.07 0.00 0.15 0.03 0.04 -1 1493
Result 0 -18.0 1500 0.44 0.18 0.18 0.16 0.16 0.15 0.17 -1 -1 -1 -1
Evo 1.07 0.00 1.00 0.99 1.00 1.00 1.00 0.07 0.00 0.15 0.04 0.06 -1 627
Result 0 -18.0 1500 0.42 0.16 0.16 0.17 0.16 0.19 0.16 -1 -1 -1 -1
Evo 1.02 0.00 1.00 0.99 1.00 1.00 1.00 0.07 0.00 0.15 0.03 0.04 -1 1493
Result 0 -18.0 1500 0.42 0.16 0.16 0.18 0.16 0.17 0.18 -1 -1 -1 -1
Evo 1.01 0.00 1.00 0.99 1.00 1.00 1.00 0.07 0.00 0.15 0.05 0.07 -1 942
Result 0 -18.0 1500 0.41 0.17 0.15 0.17 0.18 0.16 0.17 -1 -1 -1 -1
Evo 2.17 0.00 1.00 1.00 1.00 1.00 1.00 0.04 0.00 0.25 0.07 0.12 -1 559
Result 0 -12.0 739 0.46 0.16 0.20 0.16 0.16 0.14 0.18 -1 -1 -1 -1
Evo 1.03 0.00 1.00 1.00 1.00 1.00 1.00 0.04 0.00 0.16 0.05 0.07 -1 1249
Result 0 -18.0 1433 0.43 0.16 0.17 0.17 0.15 0.17 0.18 -1 -1 -1 -1
Evo 1.02 0.00 1.00 0.99 1.00 1.00 1.00 0.07 0.00 0.15 0.04 0.06 -1 1493
Result 0 -18.0 1500 0.43 0.17 0.17 0.17 0.18 0.17 0.15 -1 -1 -1 -1
Evo 1.02 0.00 1.00 0.99 1.00 1.00 1.00 0.07 0.00 0.15 0.03 0.04 -1 1493
Result 0 -18.0 1500 0.44 0.17 0.18 0.14 0.17 0.17 0.18 -1 -1 -1 -1
Evo 1.33 0.00 1.00 0.99 1.00 1.00 1.00 0.07 0.00 0.26 0.18 0.29 -1 795
Result 0 -6.0 1500 0.44 0.17 0.17 0.17 0.15 0.16 0.17 -1 -1 -1 -1
Evo 1.31 0.00 1.00 0.99 1.00 1.00 1.00 0.07 0.00 0.15 0.08 0.10 -1 653
Result 0 -18.0 1500 0.43 0.16 0.16 0.18 0.17 0.17 0.17 -1 -1 -1 -1
Evo 1.32 0.00 1.00 0.99 1.00 1.00 1.00 0.08 0.00 0.15 0.08 0.11 -1 801
Result 0 -18.0 1500 0.41 0.16 0.15 0.18 0.18 0.16 0.17 -1 -1 -1 -1
Evo 1.02 0.00 1.00 0.99 1.00 1.00 1.00 0.07 0.00 0.15 0.03 0.04 -1 1493
Result 0 -18.0 1500 0.43 0.17 0.17 0.15 0.17 0.17 0.18 -1 -1 -1 -1
Evo 1.18 0.00 1.00 0.99 1.00 1.00 1.00 0.07 0.00 0.15 0.13 0.17 -1 362
Result 0 -18.0 1500 0.42 0.15 0.16 0.17 0.18 0.16 0.17 -1 -1 -1 -1
Evo 1.03 0.00 1.00 0.99 1.00 1.00 1.00 0.07 0.00 0.15 0.04 0.05 -1 1493
Result 0 -18.0 1500 0.43 0.17 0.17 0.17 0.16 0.17 0.16 -1 -1 -1 -1
Evo 1.03 0.00 1.00 0.99 1.00 1.00 1.00 0.07 0.00 0.15 0.05 0.07 -1 1108
Result 0 -18.0 1500 0.43 0.17 0.16 0.17 0.17 0.17 0.16 -1 -1 -1 -1
Evo 1.01 0.00 1.00 0.99 1.00 1.00 1.00 0.07 0.00 0.15 0.03 0.04 -1 1493
Result 0 -18.0 1500 0.42 0.18 0.16 0.15 0.17 0.17 0.18 -1 -1 -1 -1
Evo 1.07 0.00 1.00 0.99 1.00 1.00 1.00 0.07 0.00 0.15 0.03 0.04 -1 1493
Result 0 -18.0 1500 0.42 0.16 0.18 0.16 0.16 0.17 0.17 -1 -1 -1 -1
Evo 1.01 0.00 1.00 0.99 1.00 1.00 1.00 0.07 0.00 0.15 0.03 0.04 -1 1493
Result 0 -18.0 1500 0.44 0.18 0.18 0.17 0.15 0.15 0.17 -1 -1 -1 -1
