Evo 4.53 0.00 1.00 0.61 0.00 1.00 1.00 0.49 0.02 0.02 0.26 0.68 -1 157
Result 0 31.0 407 0.46 0.15 0.15 0.17 0.16 0.19 0.17 -1 -1 -1 -1
Evo 6.80 1.00 1.00 1.00 1.00 1.00 1.00 0.00 0.00 0.07 0.21 0.56 -1 15
Result 0 1.0 171 0.45 0.17 0.15 0.13 0.19 0.18 0.17 -1 -1 -1 -1
Evo 8.69 1.00 1.00 1.00 1.00 1.00 1.00 0.00 0.00 0.12 0.13 0.45 -1 36
Result 0 9.0 132 0.43 0.16 0.21 0.14 0.14 0.17 0.18 -1 -1 -1 -1
Evo 8.43 1.00 1.00 1.00 1.00 1.00 1.00 0.00 0.00 0.08 0.24 0.48 -1 74
Result 0 7.0 251 0.40 0.18 0.16 0.18 0.18 0.14 0.15 -1 -1 -1 -1
Evo 9.11 0.00 1.00 1.00 1.00 1.00 1.00 0.04 0.00 0.10 0.41 0.64 -1 11
Result 0 39.0 615 0.46 0.20 0.14 0.14 0.17 0.19 0.16 -1 -1 -1 -1
Evo 1.00 0.00 1.00 1.00 1.00 1.00 1.00 0.07 0.00 0.04 0.19 0.41 -1 170
Result 0 0.0 221 0.41 0.16 0.13 0.19 0.20 0.15 0.17 -1 -1 -1 -1
Evo 4.53 1.00 1.00 1.00 1.00 1.00 1.00 0.00 0.00 0.06 0.13 0.50 -1 7
Result 0 -1.0 114 0.38 0.21 0.17 0.14 0.17 0.13 0.19 -1 -1 -1 -1
Evo 3.41 1.00 1.00 1.00 1.00 1.00 1.00 0.00 0.00 0.04 0.21 0.48 -1 98
Result 0 6.0 186 0.41 0.19 0.16 0.19 0.13 0.15 0.18 -1 -1 -1 -1
Evo 6.44 1.00 1.00 1.00 1.00 1.00 1.00 0.00 0.00 0.22 0.12 0.51 -1 13
Result 0 19.0 97 0.50 0.19 0.09 0.15 0.12 0.26 0.18 -1 -1 -1 -1
Evo 8.35 1.00 1.00 1.00 1.00 1.00 1.00 0.00 0.00 0.09 0.22 0.59 -1 73
Result 0 29.0 214 0.44 0.18 0.17 0.14 0.15 0.18 0.19 -1 -1 -1 -1
Evo 6.74 1.00 1.00 1.00 1.00 1.00 1.00 0.00 0.00 0.07 0.23 0.66 -1 92
Result 0 13.0 274 0.44 0.19 0.13 0.18 0.17 0.17 0.15 -1 -1 -1 -1
Evo 7.75 1.00 1.00 1.00 1.00 1.00 1.00 0.00 0.00 0.10 0.15 0.48 -1 56
Result 0 13.0 177 0.39 0.16 0.20 0.15 0.15 0.13 0.21 -1 -1 -1 -1
Evo 1.39 1.00 1.00 1.00 1.00 1.00 1.00 0.00 0.00 0.04 0.13 0.39 -1 70
Result 0 -1.0 194 0.44 0.19 0.12 0.18 0.18 0.18 0.14 -1 -1 -1 -1
Evo 2.52 1.00 1.00 1.00 1.00 1.00 1.00 0.00 0.00 0.07 0.18 0.46 -1 88
Result 0 0.0 180 0.42 0.20 0.16 0.21 0.14 0.16 0.13 -1 -1 -1 -1
Evo 5.78 1.00 1.00 1.00 1.00 1.00 1.00 0.00 0.00 0.53 0.18 0.61 -1 62
Result 0 2.0 262 0.43 0.18 0.13 0.15 0.17 0.16 0.21 -1 -1 -1 -1
Evo 5.29 1.00 1.00 1.00 1.00 1.00 1.00 0.00 0.00 0.12 0.13 0.42 -1 83
Result 0 -1.0 143 0.46 0.18 0.15 0.19 0.09 0.19 0.20 -1 -1 -1 -1
Evo 2.46 0.00 1.00 0.99 1.00 1.00 1.00 0.12 0.01 0.06 0.17 0.40 -1 183
Result 0 2.0 223 0.42 0.15 0.18 0.21 0.16 0.16 0.15 -1 -1 -1 -1
Evo 2.66 1.00 1.00 1.00 1.00 1.00 1.00 0.00 0.00 0.06 0.14 0.38 -1 185
Result 0 0.0 221 0.42 0.18 0.12 0.20 0.20 0.16 0.14 -1 -1 -1 -1
Evo 7.59 1.00 1.00 1.00 1.00 1.00 1.00 0.00 0.00 0.20 0.18 0.56 -1 33
Result 0 29.0 153 0.48 0.15 0.14 0.17 0.12 0.21 0.21 -1 -1 -1 -1
Evo 1.61 1.00 1.00 1.00 1.00 1.00 1.00 0.00 0.00 0.04 0.22 0.42 -1 137
Result 0 -1.0 218 0.39 0.16 0.16 0.18 0.19 0.14 0.18 -1 -1 -1 -1
Evo 9.92 1.00 1.00 1.00 1.00 1.00 1.00 0.00 0.00 0.18 0.10 0.31 -1 61
Result 0 0.0 132 0.44 0.17 0.15 0.19 0.17 0.17 0.14 -1 -1 -1 -1
Evo 7.46 1.00 1.00 1.00 1.00 1.00 1.00 0.00 0.00 0.03 0.30 0.59 -1 35
Result 0 19.0 269 0.40 0.16 0.16 0.19 0.16 0.14 0.19 -1 -1 -1 -1
Evo 3.23 1.00 1.00 1.00 1.00 1.00 1.00 0.00 0.00 0.09 0.10 0.36 -1 86
Result 0 20.0 143 0.45 0.14 0.19 0.15 0.14 0.18 0.19 -1 -1 -1 -1
Evo 7.19 1.00 1.00 1.00 1.00 1.00 1.00 0.00 0.00 0.10 0.31 0.64 -1 8
Result 0 23.0 305 0.44 0.20 0.15 0.11 0.19 0.17 0.17 -1 -1 -1 -1
Evo 1.88 1.00 1.00 1.00 1.00 1.00 1.00 0.00 0.00 0.24 0.05 0.21 -1 9
Result 0 -1.0 34 0.49 0.26 0.11 0.11 0.20 0.23 0.09 -1 -1 -1 -1
Evo 6.18 1.00 1.00 1.00 1.00 1.00 1.00 0.00 0.00 0.13 0.14 0.41 -1 103
Result 0 32.0 159 0.46 0.16 0.16 0.18 0.11 0.19 0.20 -1 -1 -1 -1
Evo 6.42 1.00 1.00 1.00 1.00 1.00 1.00 0.00 0.00 0.04 0.33 0.68 -1 112
Result 0 7.0 356 0.44 0.17 0.15 0.15 0.20 0.18 0.15 -1 -1 -1 -1
Evo 9.14 1.00 1.00 1.00 1.00 1.00 1.00 0.00 0.00 0.07 0.14 0.47 -1 23
Result 0 -1.0 99 0.48 0.15 0.17 0.18 0.14 0.22 0.14 -1 -1 -1 -1
Evo 4.04 1.00 1.00 1.00 1.00 1.00 1.00 0.00 0.00 0.18 0.18 0.40 -1 56
Result 0 -1.0 159 0.40 0.11 0.23 0.17 0.18 0.14 0.17 -1 -1 -1 -1
Evo 4.35 1.00 1.00 1.00 1.00 1.00 1.00 0.00 0.00 0.06 0.17 0.33 -1 128
Result 0 21.0 220 0.37 0.17 0.22 0.19 0.16 0.12 0.14 -1 -1 -1 -1
Evo 2.61 1.00 1.00 1.00 1.00 1.00 1.00 0.00 0.00 0.04 0.16 0.43 -1 86
Result 0 -1.0 168 0.45 0.15 0.16 0.21 0.20 0.18 0.10 -1 -1 -1 -1
Evo 3.16 1.00 1.00 1.00 1.00 1.00 1.00 0.00 0.00 0.14 0.09 0.36 -1 38
Result 0 10.0 107 0.45 0.21 0.15 0.14 0.10 0.19 0.21 -1 -1 -1 -1
Evo 3.69 1.00 1.00 1.00 1.00 1.00 1.00 0.00 0.00 0.06 0.11 0.32 -1 65
Result 0 6.0 120 0.45 0.16 0.18 0.17 0.18 0.18 0.12 -1 -1 -1 -1
Evo 13.13 0.00 1.00 1.00 1.00 1.00 1.00 0.05 0.00 0.03 0.22 0.50 -1 61
Result 0 56.0 330 0.44 0.17 0.14 0.15 0.15 0.17 0.21 -1 -1 -1 -1
Evo 9.14 1.00 1.00 1.00 1.00 1.00 1.00 0.00 0.00 0.04 0.41 0.70 -1 11
Result 0 47.0 531 0.42 0.19 0.15 0.14 0.15 0.16 0.21 -1 -1 -1 -1
Evo 5.46 1.00 1.00 1.00 1.00 1.00 1.00 0.00 0.00 0.17 0.16 0.45 -1 29
Result 0 -1.0 170 0.41 0.19 0.19 0.16 0.16 0.15 0.15 -1 -1 -1 -1
Evo 3.55 1.00 1.00 1.00 1.00 1.00 1.00 0.00 0.00 0.10 0.08 0.30 -1 51
Result 0 -1.0 56 0.51 0.14 0.18 0.12 0.14 0.26 0.16 -1 -1 -1 -1
Evo 5.61 1.00 1.00 1.00 1.00 1.00 1.00 0.00 0.00 0.08 0.16 0.45 -1 64
Result 0 -1.0 155 0.47 0.16 0.15 0.14 0.20 0.21 0.14 -1 -1 -1 -1
Evo 5.98 1.00 1.00 1.00 1.00 1.00 1.00 0.00 0.00 0.07 0.16 0.40 -1 77
Result 0 4.0 179 0.43 0.14 0.19 0.16 0.17 0.17 0.18 -1 -1 -1 -1
Evo 5.44 1.00 1.00 1.00 1.00 1.00 1.00 0.00 0.00 0.09 0.31 0.69 -1 113
Result 0 6.0 324 0.43 0.15 0.17 0.16 0.18 0.17 0.18 -1 -1 -1 -1
Evo 4.04 1.00 1.00 1.00 1.00 1.00 1.00 0.00 0.00 0.04 0.11 0.32 -1 112
Result 0 20.0 175 0.41 0.22 0.16 0.17 0.13 0.15 0.16 -1 -1 -1 -1
Evo 1.47 1.00 1.00 1.00 1.00 1.00 1.00 0.00 0.00 0.04 0.05 0.17 -1 145
Result 0 0.0 163 0.44 0.19 0.21 0.18 0.10 0.17 0.15 -1 -1 -1 -1
Evo 9.60 1.00 1.00 1.00 1.00 1.00 1.00 0.00 0.00 0.02 0.35 0.69 -1 93
Result 0 3.0 356 0.41 0.14 0.16 0.21 0.16 0.15 0.19 -1 -1 -1 -1
Evo 6.31 1.00 1.00 1.00 1.00 1.00 1.00 0.00 0.00 0.47 0.24 0.68 -1 89
Result 0 9.0 292 0.41 0.17 0.16 0.18 0.16 0.15 0.17 -1 -1 -1 -1
Evo 1.80 1.00 1.00 1.00 1.00 1.00 1.00 0.00 0.00 0.04 0.10 0.32 -1 80
Result 0 0.0 163 0.47 0.18 0.16 0.12 0.16 0.20 0.18 -1 -1 -1 -1
Evo 2.62 1.00 1.00 1.00 1.00 1.00 1.00 0.00 0.00 0.04 0.08 0.19 -1 145
Result 0 0.0 163 0.48 0.18 0.18 0.15 0.11 0.22 0.17 -1 -1 -1 -1
Evo 2.61 1.00 1.00 1.00 1.00 1.00 1.00 0.00 0.00 0.04 0.07 0.20 -1 155
Result 0 0.0 163 0.42 0.21 0.16 0.15 0.14 0.16 0.17 -1 -1 -1 -1
Evo 2.31 1.00 1.00 1.00 1.00 1.00 1.00 0.00 0.00 0.09 0.09 0.33 -1 119
Result 0 -1.0 142 0.40 0.19 0.20 0.19 0.15 0.14 0.14 -1 -1 -1 -1
Evo 2.36 1.00 1.00 1.00 1.00 1.00 1.00 0.00 0.00 0.04 0.07 0.23 -1 148
Result 0 0.0 163 0.44 0.16 0.15 0.13 0.16 0.18 0.22 -1 -1 -1 -1
Evo 1.48 1.00 1.00 1.00 1.00 1.00 1.00 0.00 0.00 0.04 0.08 0.27 -1 153
Result 0 0.0 163 0.42 0.20 0.21 0.13 0.14 0.16 0.17 -1 -1 -1 -1
Evo 4.40 1.00 1.00 1.00 1.00 1.00 1.00 0.00 0.00 0.04 0.13 0.33 -1 152
Result 0 0.0 163 0.43 0.19 0.19 0.20 0.14 0.16 0.12 -1 -1 -1 -1
Evo 5.76 1.00 1.00 1.00 1.00 1.00 1.00 0.00 0.00 0.16 0.11 0.33 -1 125
Result 0 8.0 157 0.43 0.20 0.14 0.17 0.16 0.16 0.17 -1 -1 -1 -1
Evo 3.71 1.00 1.00 1.00 1.00 1.00 1.00 0.00 0.00 0.04 0.30 0.69 -1 101
Result 0 20.0 347 0.44 0.16 0.14 0.18 0.17 0.17 0.18 -1 -1 -1 -1
Evo 2.16 1.00 1.00 1.00 1.00 1.00 1.00 0.00 0.00 0.09 0.16 0.29 -1 125
Result 0 -1.0 205 0.45 0.17 0.18 0.14 0.17 0.18 0.16 -1 -1 -1 -1
Evo 1.92 1.00 1.00 1.00 1.00 1.00 1.00 0.00 0.00 0.08 0.14 0.28 -1 152
Result 0 0.0 163 0.41 0.17 0.18 0.15 0.19 0.15 0.16 -1 -1 -1 -1
Evo 1.01 1.00 1.00 1.00 1.00 1.00 1.00 0.00 0.00 0.04 0.09 0.23 -1 152
Result 0 0.0 163 0.43 0.20 0.18 0.17 0.14 0.16 0.15 -1 -1 -1 -1
Evo 3.88 0.00 1.00 0.95 1.00 1.00 1.00 0.21 0.02 0.04 0.13 0.31 -1 131
Result 0 14.0 173 0.45 0.16 0.20 0.13 0.18 0.19 0.13 -1 -1 -1 -1
Evo 1.01 1.00 1.00 1.00 1.00 1.00 1.00 0.00 0.00 0.00 0.08 0.22 -1 153
Result 0 0.0 163 0.47 0.18 0.15 0.15 0.16 0.20 0.16 -1 -1 -1 -1
Evo 5.64 1.00 1.00 1.00 1.00 1.00 1.00 0.00 0.00 0.04 0.21 0.46 -1 88
Result 0 24.0 213 0.45 0.16 0.16 0.20 0.17 0.18 0.12 -1 -1 -1 -1
Evo 1.02 0.00 1.00 0.99 1.00 1.00 1.00 0.08 0.01 0.04 0.10 0.23 -1 124
Result 0 0.0 170 0.42 0.18 0.12 0.12 0.23 0.16 0.19 -1 -1 -1 -1
Evo 11.56 1.00 1.00 1.00 1.00 1.00 1.00 0.00 0.00 0.04 0.45 0.72 -1 34
Result 0 145.0 633 0.44 0.17 0.15 0.17 0.16 0.17 0.18 -1 -1 -1 -1
Evo 9.82 1.00 1.00 1.00 1.00 1.00 1.00 0.00 0.00 0.37 0.17 0.33 -1 11
Result 0 16.0 159 0.45 0.18 0.15 0.18 0.16 0.18 0.16 -1 -1 -1 -1
Evo 8.75 1.00 1.00 1.00 1.00 1.00 1.00 0.00 0.00 0.18 0.07 0.19 -1 29
Result 0 -1.0 79 0.46 0.15 0.18 0.13 0.15 0.20 0.20 -1 -1 -1 -1
Evo 5.22 1.00 1.00 1.00 1.00 1.00 1.00 0.00 0.00 0.23 0.05 0.18 -1 34
Result 0 -1.0 54 0.48 0.11 0.18 0.18 0.16 0.22 0.15 -1 -1 -1 -1
Evo 8.15 1.00 1.00 1.00 1.00 1.00 1.00 0.00 0.00 0.22 0.08 0.20 -1 44
Result 0 25.0 98 0.45 0.16 0.13 0.14 0.15 0.18 0.23 -1 -1 -1 -1
Evo 9.68 1.00 1.00 1.00 1.00 1.00 1.00 0.00 0.00 0.26 0.10 0.30 -1 17
Result 0 -1.0 90 0.50 0.11 0.11 0.15 0.19 0.25 0.19 -1 -1 -1 -1
Evo 5.21 1.00 1.00 1.00 1.00 1.00 1.00 0.00 0.00 0.16 0.10 0.24 -1 35
Result 0 -1.0 90 0.46 0.16 0.13 0.10 0.19 0.20 0.22 -1 -1 -1 -1
Evo 10.62 1.00 1.00 1.00 1.00 1.00 1.00 0.00 0.00 0.03 0.31 0.47 -1 34
Result 0 76.0 458 0.42 0.17 0.15 0.17 0.17 0.16 0.17 -1 -1 -1 -1
Evo 3.75 1.00 1.00 1.00 1.00 1.00 1.00 0.00 0.00 0.05 0.23 0.67 -1 21
Result 0 2.0 158 0.37 0.13 0.20 0.20 0.21 0.12 0.13 -1 -1 -1 -1
Evo 6.60 1.00 1.00 1.00 1.00 1.00 1.00 0.00 0.00 0.08 0.10 0.22 -1 29
Result 0 5.0 81 0.41 0.18 0.16 0.13 0.21 0.15 0.17 -1 -1 -1 -1
Evo 7.64 1.00 1.00 1.00 1.00 1.00 1.00 0.00 0.00 0.06 0.24 0.52 -1 48
Result 0 24.0 227 0.43 0.14 0.18 0.18 0.16 0.17 0.17 -1 -1 -1 -1
Evo 3.93 1.00 1.00 1.00 1.00 1.00 1.00 0.00 0.00 0.13 0.08 0.26 -1 11
Result 0 -1.0 81 0.47 0.15 0.13 0.16 0.17 0.21 0.18 -1 -1 -1 -1
Evo 9.04 1.00 1.00 1.00 1.00 1.00 1.00 0.00 0.00 0.08 0.09 0.28 -1 47
Result 0 11.0 81 0.35 0.17 0.15 0.15 0.26 0.11 0.17 -1 -1 -1 -1
Evo 3.02 1.00 1.00 1.00 1.00 1.00 1.00 0.00 0.00 0.06 0.25 0.67 -1 14
Result 0 7.0 224 0.41 0.12 0.11 0.27 0.15 0.15 0.19 -1 -1 -1 -1
Evo 7.49 1.00 1.00 1.00 1.00 1.00 1.00 0.00 0.00 0.41 0.28 0.65 -1 23
Result 0 10.0 241 0.40 0.14 0.17 0.22 0.14 0.14 0.19 -1 -1 -1 -1
Evo 7.30 1.00 1.00 1.00 1.00 1.00 1.00 0.00 0.00 0.15 0.08 0.25 -1 28
Result 0 -1.0 66 0.43 0.25 0.09 0.15 0.16 0.16 0.18 -1 -1 -1 -1
Evo 6.40 1.00 1.00 1.00 1.00 1.00 1.00 0.00 0.00 0.30 0.10 0.23 -1 29
Result 0 0.0 81 0.37 0.20 0.12 0.10 0.23 0.12 0.23 -1 -1 -1 -1
Evo 6.54 1.00 1.00 1.00 1.00 1.00 1.00 0.00 0.00 0.46 0.17 0.48 -1 29
Result 0 18.0 150 0.41 0.21 0.17 0.17 0.18 0.15 0.12 -1 -1 -1 -1
Evo 3.85 1.00 1.00 1.00 1.00 1.00 1.00 0.00 0.00 0.05 0.30 0.61 -1 28
Result 0 11.0 448 0.41 0.15 0.15 0.20 0.15 0.15 0.20 -1 -1 -1 -1
Evo 14.00 1.00 1.00 1.00 1.00 1.00 1.00 0.00 0.00 0.07 0.10 0.27 -1 26
Result 0 11.0 92 0.45 0.22 0.06 0.20 0.20 0.18 0.13 -1 -1 -1 -1
Evo 6.21 1.00 1.00 1.00 1.00 1.00 1.00 0.00 0.00 0.10 0.08 0.28 -1 13
Result 0 -1.0 58 0.48 0.05 0.22 0.17 0.17 0.22 0.17 -1 -1 -1 -1
Evo 6.00 1.00 1.00 1.00 1.00 1.00 1.00 0.00 0.00 0.05 0.13 0.41 -1 70
Result 0 11.0 136 0.41 0.19 0.13 0.15 0.15 0.15 0.23 -1 -1 -1 -1
Evo 6.42 1.00 1.00 1.00 1.00 1.00 1.00 0.00 0.00 0.12 0.25 0.57 -1 63
Result 0 23.0 281 0.39 0.20 0.14 0.15 0.17 0.14 0.20 -1 -1 -1 -1
Evo 7.72 1.00 1.00 1.00 1.00 1.00 1.00 0.00 0.00 0.05 0.06 0.27 -1 40
Result 0 9.0 131 0.45 0.19 0.19 0.14 0.13 0.18 0.17 -1 -1 -1 -1
Evo 9.98 1.00 1.00 1.00 1.00 1.00 1.00 0.00 0.00 0.08 0.10 0.36 -1 36
Result 0 20.0 163 0.40 0.18 0.26 0.16 0.11 0.14 0.15 -1 -1 -1 -1
Evo 9.71 1.00 1.00 1.00 1.00 1.00 1.00 0.00 0.00 0.14 0.15 0.47 -1 27
Result 0 30.0 150 0.41 0.16 0.19 0.13 0.19 0.15 0.19 -1 -1 -1 -1
Evo 12.90 1.00 1.00 1.00 1.00 1.00 1.00 0.00 0.00 0.03 0.33 0.56 -1 63
Result 0 104.0 534 0.43 0.16 0.18 0.15 0.16 0.16 0.20 -1 -1 -1 -1
Evo 4.04 1.00 1.00 1.00 1.00 1.00 1.00 0.00 0.00 0.10 0.12 0.31 -1 107
Result 0 16.0 169 0.35 0.21 0.16 0.22 0.14 0.11 0.15 -1 -1 -1 -1
Evo 6.94 0.00 1.00 0.99 1.00 1.00 1.00 0.08 0.01 0.05 0.13 0.43 -1 21
Result 0 18.0 142 0.44 0.17 0.08 0.18 0.19 0.17 0.20 -1 -1 -1 -1
Evo 9.74 1.00 1.00 1.00 1.00 1.00 1.00 0.00 0.00 0.21 0.07 0.33 -1 35
Result 0 -1.0 61 0.38 0.21 0.13 0.08 0.16 0.13 0.29 -1 -1 -1 -1
Evo 5.77 1.00 1.00 1.00 1.00 1.00 1.00 0.00 0.00 0.07 0.11 0.36 -1 57
Result 0 0.0 87 0.42 0.15 0.16 0.17 0.17 0.16 0.19 -1 -1 -1 -1
Evo 5.30 1.00 1.00 1.00 1.00 1.00 1.00 0.00 0.00 0.17 0.11 0.33 -1 51
Result 0 -1.0 86 0.44 0.17 0.17 0.16 0.17 0.17 0.15 -1 -1 -1 -1
Evo 9.67 1.00 1.00 1.00 1.00 1.00 1.00 0.00 0.00 0.23 0.04 0.19 -1 24
Result 0 -1.0 36 0.50 0.19 0.19 0.08 0.11 0.24 0.19 -1 -1 -1 -1
Evo 6.35 1.00 1.00 1.00 1.00 1.00 1.00 0.00 0.00 0.08 0.09 0.39 -1 45
Result 0 0.0 75 0.47 0.12 0.16 0.16 0.22 0.21 0.13 -1 -1 -1 -1
Evo 5.55 0.00 1.00 1.00 1.00 1.00 1.00 0.05 0.00 0.02 0.38 0.70 -1 66
Result 0 31.0 411 0.42 0.16 0.17 0.17 0.18 0.16 0.16 -1 -1 -1 -1
Evo 7.79 1.00 1.00 1.00 1.00 1.00 1.00 0.00 0.00 0.09 0.06 0.22 -1 45
Result 0 7.0 66 0.39 0.12 0.24 0.10 0.19 0.13 0.21 -1 -1 -1 -1
Evo 11.02 1.00 1.00 1.00 1.00 1.00 1.00 0.00 0.00 0.06 0.11 0.37 -1 27
Result 0 20.0 111 0.41 0.19 0.13 0.15 0.15 0.15 0.22 -1 -1 -1 -1
Evo 15.97 1.00 1.00 1.00 1.00 1.00 1.00 0.00 0.00 0.15 0.05 0.24 -1 15
Result 0 -1.0 33 0.53 0.06 0.09 0.15 0.21 0.32 0.18 -1 -1 -1 -1
Evo 6.03 1.00 1.00 1.00 1.00 1.00 1.00 0.00 0.00 0.12 0.09 0.28 -1 73
Result 0 0.0 130 0.43 0.09 0.22 0.20 0.15 0.17 0.18 -1 -1 -1 -1
Evo 2.34 1.00 1.00 1.00 1.00 1.00 1.00 0.00 0.00 0.07 0.11 0.35 -1 78
Result 0 -1.0 96 0.42 0.18 0.16 0.16 0.16 0.15 0.18 -1 -1 -1 -1
