Result 0 4.0 2000 -890288248
Result 0 2.0 872 -1286270912
Result 0 4.0 652 1947694674
Result 0 3.0 579 601801634
Result 1 5.0 1668 350211029
Result 0 0.0 517 -1775243866
Result 0 2.0 1031 1479973100
Result 0 3.0 2000 -51110362
Result 0 2.0 175 2093325314
Result 0 2.0 2000 261831260
Result 0 1.0 1254 790747712
Result 1 5.0 1579 -1319508111
Result 0 2.0 1295 -283057685
Result 0 4.0 2000 240019371
Result 0 2.0 586 -1410425439
Result 0 4.0 2000 -2038013980
Result 0 2.0 2000 -866230564
Result 0 3.0 532 1758853358
Result 0 3.0 226 863570660
Result 1 6.0 681 1105576272
Result 0 2.0 497 817395775
Result 0 4.0 1098 2121326005
Result 0 4.0 2000 761620333
Result 1 6.0 1444 332695710
Result 0 5.0 2000 -70037053
Result 0 2.0 1901 -398690795
Result 0 2.0 457 416635546
Result 0 0.0 2000 1370105158
Result 0 1.0 404 -626686317
Result 0 4.0 730 -1139462948
Result 0 2.0 1055 -1915297595
Result 0 5.0 2000 909424638
Result 0 2.0 1208 286048505
Result 0 0.0 690 1746559422
Result 0 5.0 1086 384973023
Result 0 7.0 2000 -624481022
Result 0 0.0 664 -1694215915
Result 0 2.0 1420 458573396
Result 0 4.0 2000 1034193699
Result 0 0.0 2000 1214905705
Result 0 0.0 172 268839209
Result 0 3.0 1867 -425757652
Result 0 3.0 2000 -338620071
Result 0 1.0 353 1135962490
Result 0 6.0 1064 1129823055
Result 0 7.0 1500 2110089106
Result 0 3.0 2000 -657534441
Result 0 4.0 2000 1723426074
Result 0 7.0 1111 95651457
Result 0 9.0 2000 404045178
Result 0 4.0 478 1401270013
Result 0 7.0 1323 -152199729
Result 0 0.0 237 363618856
Result 0 7.0 1507 -1752219487
Result 0 9.0 1127 -1369295932
Result 0 0.0 53 2002362456
Result 0 1.0 804 -1845820060
Result 0 7.0 2000 -1593100054
Result 0 3.0 328 -1677840161
Result 0 0.0 302 976812214
Result 0 0.0 2000 1405008529
Result 0 3.0 1934 -511936950
Result 1 5.0 1501 -1462430426
Result 0 3.0 2000 712206464
Result 0 3.0 1498 -1143851216
Result 0 1.0 2000 65523159
Result 0 3.0 1557 -186680945
Result 0 4.0 920 -470362186
Result 0 4.0 893 -449397953
Result 0 2.0 537 1948396042
Result 0 1.0 482 -471085328
Result 0 1.0 306 -1401165744
Result 0 2.0 1492 2071581107
Result 0 1.0 1396 1597653186
Result 0 0.0 397 302413636
Result 0 1.0 736 -2122639180
Result 0 2.0 1637 1798291262
Result 0 2.0 237 -1535717427
Result 0 1.0 1565 842467534
Result 0 0.0 162 2070739937
Result 0 1.0 1111 1535340616
Result 0 5.0 258 516658669
Result 0 3.0 2000 -1947503971
Result 0 3.0 1510 -1227996466
Result 0 1.0 2000 1366662209
Result 0 3.0 1819 -624987960
Result 0 4.0 167 -1899795550
Result 0 2.0 476 -1038104810
Result 0 1.0 950 -1072428583
Result 1 10.0 1196 1967558183
Result 0 3.0 215 -765629796
Result 0 7.0 859 -596053000
Result 0 3.0 664 -1590485412
Result 0 0.0 2000 -1663219668
Result 0 3.0 1225 -1613534946
Result 0 3.0 339 2011993196
Result 0 7.0 375 -716009798
Result 0 5.0 1140 113113104
Result 0 5.0 479 -478802663
Result 0 5.0 390 -1965489957
