Result 0 0.0 2000 -448399227
Result 0 0.0 2000 2004644141
Result 0 0.0 2000 2097214512
Result 0 0.0 2000 -540550474
Result 0 0.0 2000 -1675719630
Result 1 5.0 19 -1421452577
Result 0 0.0 2000 -572762776
Result 0 0.0 2000 -1873194680
Result 1 5.0 30 -244022827
Result 0 0.0 2000 1469404804
Result 0 0.0 2000 -474074440
Result 1 5.0 17 -713137236
Result 0 0.0 2000 -893346475
Result 0 0.0 2000 -1774457524
Result 1 5.0 32 688990002
Result 1 5.0 22 -68750767
Result 1 5.0 27 2085123119
Result 1 5.0 30 2090564693
Result 0 0.0 2000 2116051605
Result 0 0.0 2000 -1749559280
Result 0 0.0 2000 1837119988
Result 0 0.0 2000 -1387395861
Result 0 0.0 2000 861567587
Result 0 1.0 2000 1062002944
Result 0 0.0 2000 596976722
Result 0 0.0 2000 -1425207891
Result 0 1.0 2000 1281111229
Result 0 0.0 2000 1764201010
Result 0 0.0 2000 1018428894
Result 0 0.0 2000 -1994720697
Result 0 0.0 2000 -1479767551
Result 0 0.0 2000 1701057634
Result 0 0.0 2000 1826793967
Result 0 0.0 2000 98470177
Result 0 0.0 2000 355937679
Result 0 0.0 2000 1797280921
Result 0 1.0 2000 -260289951
Result 0 0.0 2000 1336866960
Result 0 0.0 2000 -1579420458
Result 0 0.0 2000 708231982
Result 0 2.0 2000 2145359047
Result 0 1.0 2000 -1574493640
Result 0 1.0 2000 737652207
Result 0 1.0 2000 -1514307100
Result 0 2.0 2000 43471114
Result 0 1.0 2000 1673395735
Result 0 4.0 2000 -1080588855
Result 0 4.0 2000 -1385850281
Result 0 2.0 2000 1973225891
Result 0 1.0 2000 -1545312414
Result 0 2.0 2000 1449847079
Result 0 2.0 2000 -358669196
Result 0 2.0 2000 -1361544476
Result 0 2.0 2000 471464420
Result 0 1.0 2000 -1427507780
Result 0 2.0 2000 74668377
Result 0 1.0 1997 1888369835
Result 0 1.0 2000 710865909
Result 0 2.0 2000 523049433
Result 0 1.0 2000 -665763429
Result 0 19.0 2000 -223967962
Result 0 4.0 2000 -1244506086
Result 0 3.0 2000 1552341803
Result 0 25.0 2000 2036362632
Result 0 21.0 2000 34150466
Result 0 2.0 2000 -116553877
Result 0 18.0 2000 420170197
Result 0 27.0 2000 -213023609
Result 0 20.0 2000 -2056093042
Result 0 19.0 2000 63792947
Result 0 23.0 2000 -1594491529
Result 0 24.0 2000 1864307246
Result 0 2.0 12 -1055989283
Result 0 23.0 2000 1164422899
Result 0 22.0 2000 -2047913300
Result 0 23.0 2000 -357673024
Result 0 4.0 2000 717514412
Result 0 2.0 2000 838906898
Result 0 19.0 2000 -1739721455
Result 0 3.0 2000 -995750233
Result 0 3.0 19 1678456188
Result 0 6.0 2000 -604759193
Result 0 6.0 2000 -1119738690
Result 0 7.0 2000 -1533148641
Result 0 6.0 2000 1063957149
Result 0 6.0 2000 -2042219356
Result 0 6.0 2000 1731935467
Result 0 7.0 2000 2091399051
Result 0 6.0 2000 -971647006
Result 0 6.0 2000 -1441678863
Result 0 5.0 2000 1872550767
Result 0 5.0 2000 -1380301565
Result 0 6.0 2000 -946766659
Result 0 6.0 2000 444125264
Result 0 6.0 2000 -1053438566
Result 0 6.0 1996 -306679135
Result 0 6.0 2000 -1807932088
Result 0 6.0 2000 -337354812
Result 0 7.0 2000 -1039268315
Result 0 5.0 2000 1064127722
