Result 0 0.0 285 539443098
Result 0 0.0 285 -1980502873
Result 0 0.0 285 1822562894
Result 0 0.0 285 569055430
Result 0 0.0 285 -505479217
Result 0 0.0 285 1501202959
Result 0 0.0 285 1413937537
Result 0 0.0 285 -1710203535
Result 0 0.0 735 994717732
Result 0 0.0 285 -696680480
Result 0 0.0 510 -933163468
Result 0 0.0 285 -1155113960
Result 0 0.0 285 -356345491
Result 0 0.0 285 493709875
Result 0 0.0 285 -674114933
Result 0 0.0 285 1909422658
Result 0 0.0 285 835303725
Result 0 0.0 285 -981332445
Result 0 0.0 285 1036081395
Result 0 0.0 510 356803772
Result 0 0.0 285 -2042819253
Result 0 0.0 285 -265557439
Result 0 0.0 285 -888865548
Result 0 0.0 285 82471240
Result 0 0.0 735 960311830
Result 0 0.0 285 1073889317
Result 0 0.0 285 -164893182
Result 0 0.0 285 -1894687517
Result 0 0.0 285 548289157
Result 0 0.0 285 -1737016962
Result 0 0.0 285 68539159
Result 1 100.0 214 -1561189503
Result 0 0.0 285 -1182423596
Result 0 0.0 285 673673822
Result 0 0.0 60 -594789696
Result 0 0.0 285 1338005790
Result 0 0.0 285 562795676
Result 0 0.0 285 -1508726634
Result 0 0.0 285 -572958263
Result 0 0.0 285 660806391
Result 0 0.0 285 1911214046
Result 0 0.0 285 -164058282
Result 0 0.0 285 -1879304332
Result 0 0.0 60 -1616657650
Result 0 0.0 285 154791798
Result 0 0.0 285 1049682549
Result 0 0.0 285 -1705759970
Result 0 0.0 285 1222690383
Result 0 0.0 285 86732037
Result 0 0.0 285 2035935927
Result 0 0.0 285 1787404682
Result 0 0.0 285 1454942079
Result 0 0.0 60 -1910597260
Result 0 0.0 285 -13126270
Result 0 0.0 285 999711423
Result 0 0.0 285 -553838091
Result 0 0.0 285 -866282425
Result 0 0.0 285 1097731302
Result 0 0.0 285 224580074
Result 0 0.0 285 -1358561447
Result 0 0.0 285 -1343693056
Result 0 0.0 285 -781368708
Result 0 0.0 285 223228587
Result 0 0.0 285 905504488
Result 0 0.0 285 27142877
Result 0 0.0 285 -1461366019
Result 0 0.0 285 1484791021
Result 0 0.0 510 679598914
Result 0 0.0 60 -12934938
Result 0 0.0 285 96752997
Result 0 0.0 510 1232433145
Result 0 0.0 285 339531922
Result 0 40.0 1185 1101056116
Result 0 0.0 285 -1967379066
Result 0 0.0 60 -720463641
Result 0 0.0 285 -1550880962
Result 0 0.0 510 1561460769
Result 0 0.0 285 1582676796
Result 0 0.0 510 964045816
Result 0 0.0 510 -1902644440
Result 0 0.0 285 1993468752
Result 0 0.0 285 1095268395
Result 0 0.0 285 -1627841045
Result 0 0.0 285 -1872653729
Result 0 0.0 285 366694601
Result 0 0.0 285 1220130793
Result 0 0.0 285 -477467640
Result 0 0.0 285 -2067390973
Result 0 0.0 285 945769232
Result 0 0.0 285 1664235307
Result 0 0.0 285 -1709200244
Result 0 0.0 285 -1643647114
Result 0 0.0 285 -1732998448
Result 0 0.0 60 -1290725181
Result 0 0.0 285 -1939192457
Result 0 0.0 285 1213845393
Result 0 0.0 285 1709153797
Result 0 0.0 285 868896014
Result 0 0.0 285 1293086217
Result 0 0.0 285 1567865472
