Evo 40.33 0.62 999999.70 479265.59 76923.59 466667.06 829457.86 403342.85 111867.18 0.28 0.23 0.40 -1 -1
Result 1 1.0 12 0.49 0.15 0.31 0.31 0.23 -1 -1 -1 -1 -1 -1
Evo 28.67 0.61 1000000.42 674687.00 0.62 904762.43 990610.64 462599.24 174846.08 0.40 0.17 0.40 -1 -1
Result 1 1.0 6 0.40 0.14 0.14 0.57 0.14 -1 -1 -1 -1 -1 -1
Evo 53.18 0.61 1000000.41 205928.21 0.61 0.62 190476.55 357090.46 66310.03 0.17 0.26 0.40 -1 -1
Result 1 1.0 28 0.49 0.17 0.24 0.14 0.28 0.17 -1 -1 -1 -1 -1
Evo 14.60 0.62 1000000.42 738351.73 369863.30 861111.52 932642.50 314963.99 94965.22 0.31 0.17 0.37 -1 -1
Result 1 1.0 10 0.31 0.09 0.18 0.36 0.27 0.09 -1 -1 -1 -1 -1
Evo 46.89 0.61 1000000.26 243229.11 0.62 33333.80 272727.59 367984.74 84421.49 0.22 0.23 0.46 -1 -1
Result 1 1.0 18 0.42 0.16 0.21 0.32 0.16 0.16 -1 -1 -1 -1 -1
Evo 41.06 0.61 999999.94 340708.08 0.62 200000.42 831168.89 404071.12 92700.27 0.22 0.23 0.40 -1 -1
Result 1 1.0 18 0.34 0.26 0.21 0.26 0.11 0.16 -1 -1 -1 -1 -1
Evo 29.50 0.61 999999.93 493192.44 81081.50 540000.32 725275.16 351966.80 70393.36 0.19 0.29 0.43 -1 -1
Result 1 1.0 24 0.51 0.16 0.28 0.28 0.20 0.08 -1 -1 -1 -1 -1
Evo 14.80 546667.16 999999.74 863649.72 830882.88 964444.57 964444.57 171286.09 69927.25 0.43 0.17 0.43 -1 -1
Result 1 1.0 5 0.43 -1 0.17 0.67 0.17 -1 -1 -1 -1 -1 -1
Evo 48.38 0.62 1000000.12 271855.37 0.62 55556.15 600000.35 385588.49 82207.74 0.20 0.29 0.43 -1 -1
Result 1 1.0 21 0.49 0.09 0.32 0.23 0.14 0.23 -1 -1 -1 -1 -1
Evo 25.50 0.62 999999.78 572128.18 416667.01 594937.28 845637.99 319160.15 82406.80 0.26 0.23 0.43 -1 -1
Result 1 1.0 14 0.39 0.13 0.13 0.40 0.13 0.20 -1 -1 -1 -1 -1
Evo 36.28 0.62 999999.87 375755.77 0.62 102041.25 809917.42 423931.76 97256.62 0.22 0.23 0.40 -1 -1
Result 1 1.0 18 0.42 0.05 0.16 0.32 0.37 0.11 -1 -1 -1 -1 -1
Evo 32.38 0.62 1000000.27 423334.01 44776.48 96774.68 627907.37 400324.81 97093.03 0.24 0.23 0.40 -1 -1
Result 1 1.0 16 0.36 0.24 0.12 0.35 0.18 0.12 -1 -1 -1 -1 -1
Evo 20.67 0.62 999999.82 595777.84 105263.64 682243.00 913513.75 381637.43 95409.36 0.25 0.20 0.43 -1 -1
Result 1 1.0 15 0.38 0.25 0.13 0.38 0.13 0.13 -1 -1 -1 -1 -1
Evo 27.70 0.61 1000000.10 542032.53 0.62 676768.22 811321.09 418944.05 126316.38 0.31 0.23 0.40 -1 -1
Result 1 1.0 10 0.31 0.18 0.18 0.36 0.18 0.09 -1 -1 -1 -1 -1
Evo 31.70 0.62 1000000.54 562836.97 32258.54 754386.08 869047.77 407569.81 122886.92 0.31 0.23 0.40 -1 -1
Result 1 1.0 10 0.45 0.09 0.18 0.36 0.18 0.18 -1 -1 -1 -1 -1
Evo 39.73 0.61 1000000.52 503864.49 0.62 521127.26 970370.90 458578.15 132380.11 0.30 0.20 0.43 -1 -1
Result 1 1.0 11 0.43 0.17 0.17 0.42 0.17 0.08 -1 -1 -1 -1 -1
Evo 39.20 0.61 999999.79 525540.21 0.62 772727.94 834951.39 433591.48 130732.75 0.31 0.26 0.40 -1 -1
Result 1 1.0 10 0.51 0.09 0.27 0.36 0.27 -1 -1 -1 -1 -1 -1
Evo 44.71 0.61 999999.89 315539.62 0.62 73171.13 747663.94 412222.74 97161.83 0.23 0.23 0.43 -1 -1
Result 1 1.0 17 0.23 0.17 0.28 0.22 0.28 0.06 -1 -1 -1 -1 -1
Evo 22.67 25641.46 999999.66 749141.65 71429.07 936507.77 963470.90 375779.66 118831.96 0.33 0.17 0.43 -1 -1
Result 1 1.0 9 0.33 0.30 0.10 0.40 0.20 -1 -1 -1 -1 -1 -1
Evo 29.40 0.62 1000000.13 633643.95 0.62 795918.72 919354.78 419659.07 126531.97 0.31 0.20 0.43 -1 -1
Result 1 1.0 10 0.45 0.18 0.18 0.45 0.18 -1 -1 -1 -1 -1 -1
Evo 71.73 -1000000.00 0.62 -6995.88 0.62 0.62 0.62 83372.82 1863.81 0.01 0.51 0.53 -1 -1
Result 0 0.0 2000 0.44 0.21 0.21 0.20 0.18 0.20 -1 -1 -1 -1 -1
Evo 71.76 -1000000.01 0.62 -6995.88 0.62 0.62 0.62 83372.81 1863.81 0.01 0.51 0.53 -1 -1
Result 0 0.0 2000 0.47 0.20 0.20 0.19 0.20 0.19 -1 -1 -1 -1 -1
Evo 71.75 -999999.87 0.62 -6995.88 0.62 0.62 0.62 83372.81 1863.81 0.01 0.49 0.53 -1 -1
Result 0 0.0 2000 0.47 0.20 0.20 0.20 0.20 0.20 -1 -1 -1 -1 -1
Evo 71.70 -999999.91 0.62 -6995.88 0.62 0.62 0.62 83372.82 1863.81 0.01 0.51 0.53 -1 -1
Result 0 0.0 2000 0.46 0.19 0.19 0.22 0.20 0.20 -1 -1 -1 -1 -1
Evo 70.00 0.61 1000000.23 7637.26 0.62 0.62 0.62 74218.36 1771.12 0.01 0.51 0.53 -1 -1
Result 1 1.0 1755 0.47 0.21 0.20 0.19 0.21 0.19 -1 -1 -1 -1 -1
Evo 71.76 -999999.90 0.62 -6995.88 0.62 0.62 0.62 83372.81 1863.81 0.01 0.49 0.53 -1 -1
Result 0 0.0 2000 0.46 0.20 0.19 0.21 0.19 0.20 -1 -1 -1 -1 -1
Evo 71.63 -1000000.15 0.62 -6995.88 0.62 0.62 0.62 83372.81 1863.81 0.01 0.51 0.53 -1 -1
Result 0 0.0 2000 0.46 0.19 0.23 0.19 0.19 0.20 -1 -1 -1 -1 -1
Evo 68.38 0.61 1000000.06 30247.20 0.62 0.62 0.62 155874.60 7552.15 0.02 0.49 0.53 -1 -1
Result 1 1.0 425 0.47 0.21 0.21 0.20 0.19 0.19 -1 -1 -1 -1 -1
Evo 71.79 -1000000.07 0.62 -6995.88 0.62 0.62 0.62 83372.80 1863.81 0.01 0.51 0.53 -1 -1
Result 0 0.0 2000 0.48 0.18 0.19 0.20 0.21 0.22 -1 -1 -1 -1 -1
Evo 71.71 -1000000.16 0.62 -6995.88 0.62 0.62 0.62 83372.82 1863.81 0.01 0.47 0.53 -1 -1
Result 0 0.0 2000 0.48 0.19 0.21 0.19 0.19 0.21 -1 -1 -1 -1 -1
Evo 71.55 -999999.89 0.62 -6995.88 0.62 0.62 0.62 83372.81 1863.81 0.01 0.51 0.53 -1 -1
Result 0 0.0 2000 0.47 0.19 0.21 0.20 0.21 0.20 -1 -1 -1 -1 -1
Evo 71.60 -1000000.11 0.62 -6995.88 0.62 0.62 0.62 83372.81 1863.81 0.01 0.51 0.53 -1 -1
Result 0 0.0 2000 0.46 0.18 0.21 0.20 0.20 0.22 -1 -1 -1 -1 -1
Evo 71.79 -1000000.06 0.62 -6995.88 0.62 0.62 0.62 83372.81 1863.81 0.01 0.51 0.53 -1 -1
Result 0 0.0 2000 0.45 0.21 0.19 0.21 0.19 0.20 -1 -1 -1 -1 -1
Evo 71.67 -1000000.04 0.62 -6995.88 0.62 0.62 0.62 83372.81 1863.81 0.01 0.51 0.53 -1 -1
Result 0 0.0 2000 0.47 0.19 0.21 0.21 0.18 0.21 -1 -1 -1 -1 -1
Evo 71.71 -999999.92 0.62 -6995.88 0.62 0.62 0.62 83372.81 1863.81 0.01 0.51 0.53 -1 -1
Result 0 0.0 2000 0.47 0.18 0.21 0.20 0.20 0.21 -1 -1 -1 -1 -1
Evo 71.81 -1000000.00 0.62 -6995.88 0.62 0.62 0.62 83372.80 1863.81 0.01 0.51 0.53 -1 -1
Result 0 0.0 2000 0.47 0.19 0.20 0.20 0.20 0.21 -1 -1 -1 -1 -1
Evo 71.71 -1000000.12 0.62 -6995.88 0.62 0.62 0.62 83372.82 1863.81 0.01 0.51 0.53 -1 -1
Result 0 0.0 2000 0.46 0.19 0.19 0.20 0.21 0.21 -1 -1 -1 -1 -1
Evo 70.23 0.61 1000000.47 7789.15 0.62 0.62 0.62 83330.46 3273.53 0.01 0.51 0.53 -1 -1
Result 1 1.0 647 0.45 0.23 0.19 0.21 0.19 0.18 -1 -1 -1 -1 -1
Evo 71.49 -1000000.08 0.62 -6995.88 0.62 0.62 0.62 83372.80 1863.81 0.01 0.51 0.53 -1 -1
Result 0 0.0 2000 0.46 0.21 0.20 0.21 0.19 0.19 -1 -1 -1 -1 -1
Evo 71.45 -1000000.05 0.62 -6995.88 0.62 0.62 0.62 83372.81 1863.81 0.01 0.51 0.53 -1 -1
Result 0 0.0 2000 0.46 0.21 0.20 0.18 0.21 0.20 -1 -1 -1 -1 -1
Evo 71.83 -1000000.01 0.62 -6995.88 0.62 0.62 0.62 83372.81 1863.81 0.01 0.50 0.56 -1 -1
Result 0 0.0 2000 0.48 0.20 0.20 0.19 0.19 0.21 -1 -1 -1 -1 -1
Evo 71.60 -1000000.09 0.62 -6995.88 0.62 0.62 0.62 83372.82 1863.81 0.01 0.56 0.58 -1 -1
Result 0 0.0 2000 0.46 0.20 0.20 0.20 0.20 0.21 -1 -1 -1 -1 -1
Evo 71.58 -1000000.05 0.62 -6995.88 0.62 0.62 0.62 83372.80 1863.81 0.01 0.52 0.53 -1 -1
Result 0 0.0 2000 0.46 0.21 0.20 0.19 0.20 0.20 -1 -1 -1 -1 -1
Evo 71.77 -1000000.00 0.62 -6995.88 0.62 0.62 0.62 83372.80 1863.81 0.01 0.55 0.58 -1 -1
Result 0 0.0 2000 0.46 0.20 0.20 0.21 0.19 0.19 -1 -1 -1 -1 -1
Evo 71.41 -999999.92 0.62 -6995.88 0.62 0.62 0.62 83372.81 1863.81 0.01 0.48 0.55 -1 -1
Result 0 0.0 2000 0.45 0.19 0.21 0.22 0.19 0.20 -1 -1 -1 -1 -1
Evo 71.33 -999999.99 0.62 -6995.88 0.62 0.62 0.62 83372.81 1863.81 0.01 0.27 0.33 -1 -1
Result 0 0.0 2000 0.47 0.21 0.21 0.19 0.19 0.19 -1 -1 -1 -1 -1
Evo 71.56 -1000000.05 0.62 -6995.88 0.62 0.62 0.62 83372.80 1863.81 0.01 0.52 0.53 -1 -1
Result 0 0.0 2000 0.48 0.18 0.19 0.20 0.22 0.21 -1 -1 -1 -1 -1
Evo 71.59 -1000000.16 0.62 -6995.88 0.62 0.62 0.62 83372.82 1863.81 0.01 0.56 0.58 -1 -1
Result 0 0.0 2000 0.47 0.20 0.20 0.20 0.20 0.20 -1 -1 -1 -1 -1
Evo 71.59 -999999.92 0.62 -6995.88 0.62 0.62 0.62 83372.81 1863.81 0.01 0.56 0.58 -1 -1
Result 0 0.0 2000 0.45 0.20 0.19 0.19 0.20 0.22 -1 -1 -1 -1 -1
Evo 71.69 -1000000.09 0.62 -6995.88 0.62 0.62 0.62 83372.81 1863.81 0.01 0.44 0.55 -1 -1
Result 0 0.0 2000 0.46 0.19 0.20 0.21 0.19 0.21 -1 -1 -1 -1 -1
Evo 71.66 -999999.80 0.62 -6995.88 0.62 0.62 0.62 83372.81 1863.81 0.01 0.56 0.58 -1 -1
Result 0 0.0 2000 0.46 0.19 0.20 0.20 0.21 0.19 -1 -1 -1 -1 -1
Evo 71.68 -1000000.18 0.62 -6995.88 0.62 0.62 0.62 83372.81 1863.81 0.01 0.44 0.48 -1 -1
Result 0 0.0 2000 0.46 0.20 0.18 0.20 0.21 0.20 -1 -1 -1 -1 -1
Evo 71.83 -1000000.12 0.62 -6995.88 0.62 0.62 0.62 83372.82 1863.81 0.01 0.56 0.58 -1 -1
Result 0 0.0 2000 0.45 0.20 0.21 0.19 0.21 0.19 -1 -1 -1 -1 -1
Evo 71.71 -999999.97 0.62 -6995.88 0.62 0.62 0.62 83372.82 1863.81 0.01 0.52 0.53 -1 -1
Result 0 0.0 2000 0.46 0.20 0.19 0.20 0.20 0.21 -1 -1 -1 -1 -1
Evo 71.57 -1000000.05 0.62 -6995.88 0.62 0.62 0.62 83372.82 1863.81 0.01 0.48 0.55 -1 -1
Result 0 0.0 2000 0.46 0.20 0.19 0.20 0.21 0.20 -1 -1 -1 -1 -1
Evo 71.77 -1000000.16 0.62 -6995.88 0.62 0.62 0.62 83372.83 1863.81 0.01 0.56 0.58 -1 -1
Result 0 0.0 2000 0.45 0.20 0.22 0.19 0.20 0.19 -1 -1 -1 -1 -1
Evo 71.81 -999999.97 0.62 -6995.88 0.62 0.62 0.62 83372.81 1863.81 0.01 0.41 0.47 -1 -1
Result 0 0.0 2000 0.48 0.20 0.22 0.19 0.19 0.20 -1 -1 -1 -1 -1
Evo 71.67 -1000000.26 0.62 -6995.88 0.62 0.62 0.62 83372.82 1863.81 0.01 0.56 0.58 -1 -1
Result 0 0.0 2000 0.47 0.20 0.21 0.21 0.19 0.18 -1 -1 -1 -1 -1
Evo 71.76 -999999.82 0.62 -6995.88 0.62 0.62 0.62 83372.81 1863.81 0.01 0.55 0.58 -1 -1
Result 0 0.0 2000 0.47 0.20 0.21 0.20 0.20 0.19 -1 -1 -1 -1 -1
Evo 71.67 -1000000.04 0.62 -6995.88 0.62 0.62 0.62 83372.82 1863.81 0.01 0.52 0.53 -1 -1
Result 0 0.0 2000 0.47 0.21 0.19 0.19 0.20 0.20 -1 -1 -1 -1 -1
Evo 71.73 -1000000.14 0.62 -6995.88 0.62 0.62 0.62 83372.83 1863.81 0.01 0.41 0.45 -1 -1
Result 0 0.0 2000 0.47 0.19 0.20 0.21 0.20 0.20 -1 -1 -1 -1 -1
Evo 71.65 -1000000.10 0.62 -6995.88 0.62 0.62 0.62 83372.82 1863.81 0.01 0.52 0.54 -1 -1
Result 0 0.0 2000 0.47 0.20 0.19 0.19 0.21 0.21 -1 -1 -1 -1 -1
Evo 71.65 -999999.94 0.62 -6995.88 0.62 0.62 0.62 83372.82 1863.81 0.01 0.31 0.37 -1 -1
Result 0 0.0 2000 0.47 0.20 0.20 0.19 0.21 0.19 -1 -1 -1 -1 -1
Evo 71.61 -999999.92 0.62 -6995.88 0.62 0.62 0.62 83372.83 1863.81 0.01 0.39 0.49 -1 -1
Result 0 0.0 2000 0.46 0.20 0.20 0.20 0.20 0.20 -1 -1 -1 -1 -1
Evo 71.74 -1000000.00 0.62 -6995.88 0.62 0.62 0.62 83372.81 1863.81 0.01 0.36 0.43 -1 -1
Result 0 0.0 2000 0.47 0.19 0.21 0.19 0.20 0.20 -1 -1 -1 -1 -1
Evo 71.73 -999999.78 0.62 -6995.88 0.62 0.62 0.62 83372.80 1863.81 0.01 0.44 0.58 -1 -1
Result 0 0.0 2000 0.46 0.19 0.21 0.21 0.19 0.20 -1 -1 -1 -1 -1
Evo 71.46 -1000000.00 0.62 -6995.88 0.62 0.62 0.62 83372.80 1863.81 0.01 0.57 0.64 -1 -1
Result 0 0.0 2000 0.47 0.20 0.18 0.20 0.20 0.21 -1 -1 -1 -1 -1
Evo 71.73 -999999.96 0.62 -6995.88 0.62 0.62 0.62 83372.81 1863.81 0.01 0.44 0.57 -1 -1
Result 0 0.0 2000 0.47 0.18 0.21 0.21 0.20 0.20 -1 -1 -1 -1 -1
Evo 71.50 -999999.90 0.62 -6995.88 0.62 0.62 0.62 83372.81 1863.81 0.01 0.41 0.50 -1 -1
Result 0 0.0 2000 0.46 0.21 0.20 0.20 0.19 0.20 -1 -1 -1 -1 -1
Evo 71.81 -1000000.05 0.62 -6995.88 0.62 0.62 0.62 83372.82 1863.81 0.01 0.46 0.50 -1 -1
Result 0 0.0 2000 0.47 0.21 0.20 0.20 0.20 0.19 -1 -1 -1 -1 -1
Evo 71.62 -1000000.24 0.62 -6995.88 0.62 0.62 0.62 83372.83 1863.81 0.01 0.61 0.67 -1 -1
Result 0 0.0 2000 0.46 0.22 0.19 0.20 0.20 0.20 -1 -1 -1 -1 -1
Evo 71.72 -999999.73 0.62 -6995.88 0.62 0.62 0.62 83372.80 1863.81 0.01 0.48 0.50 -1 -1
Result 0 0.0 2000 0.45 0.20 0.19 0.20 0.20 0.21 -1 -1 -1 -1 -1
Evo 71.78 -1000000.25 0.62 -6995.88 0.62 0.62 0.62 83372.81 1863.81 0.01 0.41 0.48 -1 -1
Result 0 0.0 2000 0.47 0.20 0.20 0.20 0.20 0.20 -1 -1 -1 -1 -1
Evo 71.63 -1000000.12 0.62 -6995.88 0.62 0.62 0.62 83372.82 1863.81 0.01 0.34 0.43 -1 -1
Result 0 0.0 2000 0.46 0.21 0.19 0.21 0.18 0.20 -1 -1 -1 -1 -1
Evo 71.71 -1000000.05 0.62 -6995.88 0.62 0.62 0.62 83372.81 1863.81 0.01 0.27 0.37 -1 -1
Result 0 0.0 2000 0.47 0.20 0.20 0.20 0.20 0.21 -1 -1 -1 -1 -1
Evo 71.82 -999999.79 0.62 -6995.88 0.62 0.62 0.62 83372.80 1863.81 0.01 0.58 0.66 -1 -1
Result 0 0.0 2000 0.47 0.19 0.19 0.21 0.20 0.21 -1 -1 -1 -1 -1
Evo 71.63 -1000000.08 0.62 -6995.88 0.62 0.62 0.62 83372.81 1863.81 0.01 0.54 0.58 -1 -1
Result 0 0.0 2000 0.46 0.19 0.22 0.19 0.19 0.20 -1 -1 -1 -1 -1
Evo 71.60 -1000000.12 0.62 -6995.88 0.62 0.62 0.62 83372.81 1863.81 0.01 0.47 0.52 -1 -1
Result 0 0.0 2000 0.46 0.22 0.19 0.20 0.20 0.19 -1 -1 -1 -1 -1
Evo 71.71 -1000000.08 0.62 -6995.88 0.62 0.62 0.62 83372.82 1863.81 0.01 0.64 0.67 -1 -1
Result 0 0.0 2000 0.46 0.19 0.20 0.22 0.20 0.19 -1 -1 -1 -1 -1
Evo 71.71 -1000000.21 0.62 -6995.88 0.62 0.62 0.62 83372.82 1863.81 0.01 0.38 0.45 -1 -1
Result 0 0.0 2000 0.47 0.19 0.21 0.21 0.20 0.19 -1 -1 -1 -1 -1
Evo 71.75 -999999.94 0.62 -6995.88 0.62 0.62 0.62 83372.82 1863.81 0.01 0.29 0.31 -1 -1
Result 0 0.0 2000 0.47 0.20 0.20 0.19 0.18 0.22 -1 -1 -1 -1 -1
Evo 71.73 -1000000.06 0.62 -6995.88 0.62 0.62 0.62 83372.81 1863.81 0.01 0.29 0.33 -1 -1
Result 0 0.0 2000 0.47 0.20 0.19 0.20 0.20 0.21 -1 -1 -1 -1 -1
Evo 69.87 0.61 999999.75 10193.99 0.62 0.62 0.62 88300.99 3543.40 0.01 0.40 0.45 -1 -1
Result 1 1.0 620 0.46 0.21 0.22 0.18 0.19 0.20 -1 -1 -1 -1 -1
Evo 71.76 -1000000.21 0.62 -6995.88 0.62 0.62 0.62 83372.80 1863.81 0.01 0.29 0.33 -1 -1
Result 0 0.0 2000 0.48 0.20 0.21 0.20 0.20 0.18 -1 -1 -1 -1 -1
Evo 71.68 -999999.82 0.62 -6995.88 0.62 0.62 0.62 83372.82 1863.81 0.01 0.38 0.45 -1 -1
Result 0 0.0 2000 0.46 0.21 0.19 0.20 0.19 0.21 -1 -1 -1 -1 -1
Evo 71.76 -1000000.03 0.62 -6995.88 0.62 0.62 0.62 83372.82 1863.81 0.01 0.43 0.45 -1 -1
Result 0 0.0 2000 0.47 0.19 0.20 0.21 0.20 0.20 -1 -1 -1 -1 -1
Evo 71.74 -1000000.09 0.62 -6995.88 0.62 0.62 0.62 83372.82 1863.81 0.01 0.38 0.45 -1 -1
Result 0 0.0 2000 0.45 0.20 0.18 0.20 0.20 0.21 -1 -1 -1 -1 -1
Evo 71.69 -999999.94 0.62 -6995.88 0.62 0.62 0.62 83372.81 1863.81 0.01 0.43 0.45 -1 -1
Result 0 0.0 2000 0.47 0.20 0.20 0.21 0.21 0.18 -1 -1 -1 -1 -1
Evo 71.71 -1000000.13 0.62 -6995.88 0.62 0.62 0.62 83372.81 1863.81 0.01 0.29 0.33 -1 -1
Result 0 0.0 2000 0.44 0.21 0.21 0.20 0.20 0.18 -1 -1 -1 -1 -1
Evo 71.78 -999999.93 0.62 -6995.88 0.62 0.62 0.62 83372.82 1863.81 0.01 0.29 0.31 -1 -1
Result 0 0.0 2000 0.46 0.19 0.21 0.20 0.19 0.21 -1 -1 -1 -1 -1
Evo 71.78 -999999.87 0.62 -6995.88 0.62 0.62 0.62 83372.81 1863.81 0.01 0.29 0.33 -1 -1
Result 0 0.0 2000 0.46 0.21 0.20 0.19 0.20 0.20 -1 -1 -1 -1 -1
Evo 71.70 -1000000.03 0.62 -6995.88 0.62 0.62 0.62 83372.80 1863.81 0.01 0.38 0.45 -1 -1
Result 0 0.0 2000 0.45 0.20 0.21 0.20 0.20 0.18 -1 -1 -1 -1 -1
Evo 71.80 -999999.94 0.62 -6995.88 0.62 0.62 0.62 83372.82 1863.81 0.01 0.29 0.31 -1 -1
Result 0 0.0 2000 0.46 0.20 0.20 0.20 0.20 0.20 -1 -1 -1 -1 -1
Evo 71.83 -999999.91 0.62 -6995.88 0.62 0.62 0.62 83372.82 1863.81 0.01 0.38 0.43 -1 -1
Result 0 0.0 2000 0.47 0.20 0.20 0.19 0.21 0.20 -1 -1 -1 -1 -1
Evo 71.40 -1000000.10 0.62 -6995.88 0.62 0.62 0.62 83372.80 1863.81 0.01 0.29 0.33 -1 -1
Result 0 0.0 2000 0.48 0.19 0.21 0.19 0.21 0.19 -1 -1 -1 -1 -1
Evo 71.75 -1000000.08 0.62 -6995.88 0.62 0.62 0.62 83372.81 1863.81 0.01 0.29 0.33 -1 -1
Result 0 0.0 2000 0.46 0.20 0.20 0.21 0.20 0.20 -1 -1 -1 -1 -1
Evo 70.36 0.61 1000000.31 5081.09 0.62 0.62 0.62 65596.69 2071.25 0.01 0.43 0.45 -1 -1
Result 1 1.0 1002 0.46 0.21 0.20 0.19 0.20 0.20 -1 -1 -1 -1 -1
Evo 71.63 -1000000.08 0.62 -6995.88 0.62 0.62 0.62 83372.81 1863.81 0.01 0.38 0.43 -1 -1
Result 0 0.0 2000 0.47 0.20 0.19 0.19 0.21 0.21 -1 -1 -1 -1 -1
Evo 69.11 0.61 1000000.27 15741.32 0.62 0.62 0.62 108672.50 5228.51 0.02 0.43 0.45 -1 -1
Result 1 1.0 431 0.46 0.21 0.20 0.21 0.19 0.19 -1 -1 -1 -1 -1
Evo 71.52 -999999.85 0.62 -6995.88 0.62 0.62 0.62 83372.81 1863.81 0.01 0.29 0.33 -1 -1
Result 0 0.0 2000 0.46 0.22 0.19 0.19 0.20 0.19 -1 -1 -1 -1 -1
