Result 1 5.0 16 745588539
Result 0 0.0 2000 895471595
Result 0 0.0 2000 -1294756024
Result 0 0.0 2000 -771880267
Result 1 5.0 40 614536579
Result 1 5.0 26 -1324749944
Result 0 0.0 2000 -1018984992
Result 1 5.0 28 -476601252
Result 1 5.0 27 -1925311907
Result 1 5.0 35 1192615400
Result 0 0.0 2000 615738177
Result 0 0.0 2000 154729797
Result 0 0.0 2000 1731310085
Result 1 5.0 36 47724691
Result 1 5.0 32 -2101842508
Result 0 0.0 2000 614171305
Result 1 5.0 23 250784014
Result 0 0.0 2000 -1572631162
Result 0 0.0 2000 -762606013
Result 0 0.0 2000 1651106749
Result 0 1.0 2000 285952181
Result 0 0.0 2000 -1640993909
Result 0 0.0 2000 -170367617
Result 0 0.0 2000 -1511555925
Result 0 1.0 2000 -765731697
Result 0 0.0 2000 1719109977
Result 0 0.0 2000 -1802411245
Result 0 0.0 2000 1648198937
Result 0 1.0 2000 569412471
Result 0 0.0 2000 -477755091
Result 0 0.0 2000 1489707426
Result 0 1.0 2000 22239185
Result 0 0.0 2000 -1639272851
Result 0 0.0 2000 -563673996
Result 0 0.0 2000 -1244337659
Result 0 0.0 2000 -1079047918
Result 0 0.0 2000 -531487160
Result 0 0.0 2000 -2068952989
Result 0 0.0 2000 -413069873
Result 0 0.0 2000 1906702536
Result 0 1.0 2000 1988617075
Result 0 1.0 2000 1700444317
Result 0 1.0 2000 1298958817
Result 0 2.0 2000 426327999
Result 0 1.0 2000 -368952882
Result 0 2.0 2000 449800377
Result 0 1.0 2000 -731177322
Result 0 1.0 2000 178494044
Result 0 1.0 2000 -1566025842
Result 0 1.0 2000 321232856
Result 0 1.0 2000 827888854
Result 0 2.0 2000 -1750364401
Result 0 1.0 2000 -1473154710
Result 0 1.0 2000 -1859405731
Result 0 0.0 2000 443992390
Result 0 1.0 2000 222126041
Result 0 2.0 2000 -161093187
Result 0 1.0 2000 48636471
Result 0 1.0 2000 1789906646
Result 0 1.0 2000 1789119931
Result 0 2.0 35 -1564645988
Result 0 17.0 2000 593439047
Result 0 22.0 2000 402492910
Result 0 21.0 2000 -815447814
Result 0 24.0 2000 -1941754095
Result 0 25.0 2000 -2141289833
Result 0 25.0 2000 -1093928338
Result 0 22.0 2000 -2070465722
Result 0 20.0 2000 426353168
Result 0 16.0 2000 -732381244
Result 0 22.0 2000 -835571049
Result 0 23.0 2000 1632825636
Result 0 22.0 2000 -1362777901
Result 0 10.0 2000 -797807549
Result 0 20.0 2000 279183734
Result 0 22.0 2000 -612964490
Result 0 27.0 2000 -1583707342
Result 0 18.0 2000 1920757921
Result 0 22.0 2000 -1290694173
Result 0 24.0 2000 2004492534
Result 0 5.0 1998 -700210560
Result 0 7.0 2000 -1550986487
Result 0 1.0 2000 250281242
Result 0 6.0 2000 10513161
Result 0 6.0 2000 -195487701
Result 0 5.0 2000 -60149396
Result 0 4.0 2000 1186770948
Result 0 6.0 2000 921988268
Result 0 6.0 2000 1762867352
Result 0 5.0 2000 1913353538
Result 0 6.0 2000 -1971022160
Result 0 6.0 2000 1313841226
Result 0 3.0 51 -579887669
Result 0 6.0 2000 1477040864
Result 0 1.0 2000 -1333522811
Result 0 4.0 48 -924262626
Result 0 6.0 2000 856088943
Result 0 6.0 2000 -872747294
Result 0 5.0 2000 -1433158609
Result 0 6.0 2000 -1028861609
