Result 1 30.0 423 1705114757
Result 1 35.0 519 1383067080
Result 1 40.0 584 384915286
Result 1 46.0 501 -941619509
Result 1 30.0 857 -1991333355
Result 1 50.0 656 -1944939219
Result 1 45.0 363 -2075078326
Result 1 45.0 461 238359929
Result 1 45.0 438 758773222
Result 1 30.0 732 1123734970
Result 1 35.0 626 247665844
Result 1 40.0 535 -268718833
Result 1 40.0 528 -1434553718
Result 0 19.0 516 -1338629060
Result 1 35.0 369 1731219196
Result 1 38.0 663 1516672028
Result 1 30.0 535 -849333921
Result 1 40.0 362 535707803
Result 1 40.0 472 -12844949
Result 1 40.0 606 1817730501
Result 1 45.0 832 390421997
Result 1 27.0 522 1135077138
Result 1 27.0 944 -1320909974
Result 1 45.0 480 -1345161907
Result 1 38.0 872 1901331534
Result 1 27.0 969 -1417303240
Result 1 35.0 660 863013492
Result 1 45.0 655 151411630
Result 1 26.0 1675 -1493622154
Result 1 45.0 636 1636812072
Result 1 45.0 528 -2117269954
Result 1 45.0 651 1674647781
Result 1 45.0 875 -1505749325
Result 1 45.0 574 -2132337560
Result 1 40.0 682 -1118939695
Result 0 -5.0 444 334532126
Result 0 1.0 495 1818666530
Result 1 45.0 504 98684017
Result 1 50.0 510 138224551
Result 1 45.0 589 -1742320321
Result 1 45.0 627 330303781
Result 1 45.0 471 -1573361412
Result 1 45.0 694 -443347804
Result 1 40.0 669 -1231836224
Result 1 35.0 543 575610396
Result 1 45.0 461 703178890
Result 0 21.0 496 1103016596
Result 1 30.0 629 238675225
Result 1 35.0 669 1138964038
Result 1 35.0 568 -100883415
Result 1 30.0 652 1292959648
Result 1 40.0 448 980402776
Result 0 21.0 590 -1359788678
Result 1 30.0 540 -1469381552
Result 1 45.0 420 -1625217635
Result 0 25.0 712 1155935747
Result 1 45.0 354 421803700
Result 1 50.0 362 -1021359099
Result 0 23.0 490 235044694
Result 1 45.0 468 715180411
Result 1 60.0 649 564465764
Result 0 17.0 538 -1275946917
Result 1 41.0 624 1415112839
Result 1 55.0 631 1092725201
Result 1 60.0 533 1492609353
Result 1 66.0 612 -861188982
Result 1 59.0 697 2068436853
Result 1 70.0 455 1860831648
Result 1 32.0 751 584593366
Result 1 60.0 559 1011580221
Result 1 51.0 736 2146973470
Result 1 40.0 687 869706147
Result 1 70.0 454 729806409
Result 1 66.0 661 346671597
Result 1 65.0 466 -1606107107
Result 1 55.0 608 2122585005
Result 1 50.0 788 1864328120
Result 1 55.0 476 522392230
Result 1 62.0 490 -97253133
Result 1 60.0 646 513834748
Result 1 79.0 546 -738469249
Result 1 90.0 606 -1032270170
Result 1 90.0 833 -60927963
Result 1 74.0 737 490148059
Result 1 76.0 606 -132793263
Result 1 59.0 414 -731453480
Result 1 63.0 496 231155255
Result 1 80.0 583 -873959118
Result 1 82.0 484 1605291917
Result 1 73.0 538 -254667759
Result 1 80.0 590 -1162400203
Result 1 50.0 974 -1102635479
Result 1 76.0 668 -783116977
Result 1 46.0 632 1916447319
Result 1 77.0 574 -1457752538
Result 1 79.0 637 -1243591033
Result 1 53.0 867 -559606938
Result 1 85.0 463 -674696749
Result 1 87.0 559 -888811456
Result 1 62.0 593 -1446526172
