Result 1 1.0 1000 -1910974603
Result 1 1.0 1000 1051759647
Result 1 10.0 1000 -773574011
Result 1 1.0 1000 -1376260340
Result 1 10.0 1000 -1376935999
Result 1 1.0 1000 -410478810
Result 1 1.0 1000 1456365422
Result 1 1.0 1000 664767202
Result 1 1.0 1000 -282384837
Result 1 1.0 1000 -1216585085
Result 1 1.0 1000 187756724
Result 1 1.0 1000 -1679832434
Result 1 1.0 1000 -242048790
Result 1 1.0 1000 844315383
Result 1 1.0 1000 1199676569
Result 1 10.0 1000 1605821682
Result 1 1.0 1000 -706253012
Result 1 1.0 1000 -901930950
Result 1 1.0 1000 648298713
Result 1 1.0 1000 763803661
Result 1 1.0 1000 1053689687
Result 1 1.0 1000 -2070191994
Result 1 1.0 1000 -1181360784
Result 1 1.0 1000 -1119477504
Result 1 1.0 1000 1221582894
Result 1 10.0 1000 593701877
Result 1 1.0 1000 -1983176974
Result 1 1.0 1000 1741563303
Result 1 1.0 1000 928760360
Result 1 1.0 1000 634470963
Result 1 10.0 1000 1695414831
Result 1 1.0 1000 -526352116
Result 1 1.0 1000 -979139239
Result 1 1.0 1000 -1657209863
Result 1 1.0 1000 -1788951407
Result 1 1.0 1000 -927071683
Result 1 1.0 1000 -639576511
Result 1 1.0 1000 1596780054
Result 1 10.0 1000 1281779728
Result 1 1.0 1000 -1090787297
Result 1 1.0 1000 -591889588
Result 1 1.0 1000 1570057578
Result 1 1.0 1000 -627462994
Result 1 1.0 1000 -1030224711
Result 1 1.0 1000 -1794286721
Result 1 1.0 1000 1706379205
Result 1 1.0 1000 -1180461485
Result 1 10.0 1000 2135367483
Result 1 1.0 1000 1826937963
Result 1 10.0 1000 1625114874
Result 1 1.0 1000 -223826891
Result 1 1.0 1000 -584571141
Result 1 1.0 1000 1378030900
Result 1 5.0 1000 114419440
Result 1 1.0 1000 1141967231
Result 1 1.0 1000 2050314771
Result 1 1.0 1000 -236003301
Result 1 1.0 1000 -540446340
Result 1 1.0 1000 -1516642265
Result 1 1.0 1000 1965411435
Result 1 1.0 1000 -749468024
Result 1 1.0 1000 1827870472
Result 1 1.0 1000 1194494750
Result 1 1.0 1000 38496108
Result 1 1.0 1000 -1855245979
Result 1 1.0 1000 -204841519
Result 1 1.0 1000 1571344064
Result 1 1.0 1000 1666643159
Result 1 1.0 1000 1171944609
Result 1 1.0 1000 1967642038
Result 1 1.0 1000 -270203082
Result 1 1.0 1000 201187326
Result 1 1.0 1000 693689224
Result 1 1.0 1000 -916789539
Result 1 1.0 1000 -1835074246
Result 1 1.0 1000 -1511308803
Result 1 1.0 1000 -2112484077
Result 1 1.0 1000 -2066672896
Result 1 1.0 1000 508696995
Result 1 1.0 1000 -96207581
Result 1 1.0 1000 130241257
Result 1 1.0 1000 686825044
Result 1 10.0 1000 -575542410
Result 1 1.0 1000 71622195
Result 1 10.0 1000 695224279
Result 1 1.0 1000 -1400084453
Result 1 1.0 1000 753837617
Result 1 10.0 1000 -2052122145
Result 1 1.0 1000 -1098693854
Result 1 1.0 1000 605221870
Result 1 10.0 1000 -1948329406
Result 1 1.0 1000 -1530438962
Result 1 1.0 1000 -243250314
Result 1 1.0 1000 1470707889
Result 1 1.0 1000 1912276901
Result 1 10.0 1000 1295605855
Result 1 1.0 1000 -1938131596
Result 1 1.0 1000 -742371969
Result 1 20.0 1000 236832566
Result 1 1.0 1000 247508578
