Evo 1.02 0.00 1.00 0.94 1.00 1.00 1.00 0.23 0.01 0.08 0.11 0.57 -1 6
Result 0 0.0 2000 0.45 0.24 0.50 0.19 0.00 0.07 -1 -1 -1 -1 -1
Evo 1.10 0.00 1.00 1.00 1.00 1.00 1.00 0.05 0.00 0.02 0.16 0.56 -1 120
Result 0 0.0 1812 0.04 0.42 0.06 0.01 0.10 0.42 -1 -1 -1 -1 -1
Evo 1.01 0.00 1.00 0.94 1.00 1.00 1.00 0.23 0.01 0.23 0.19 0.57 -1 11
Result 0 0.0 2000 0.50 0.30 0.15 0.25 0.23 0.08 -1 -1 -1 -1 -1
Evo 1.11 0.00 1.00 0.88 1.00 1.00 1.00 0.33 0.01 0.37 0.17 0.57 -1 60
Result 0 0.0 1148 0.04 0.69 0.02 0.01 0.00 0.29 -1 -1 -1 -1 -1
Evo 1.02 0.00 1.00 0.95 1.00 1.00 1.00 0.23 0.01 0.23 0.20 0.57 -1 0
Result 0 0.0 2000 0.04 0.59 0.11 0.01 0.12 0.18 -1 -1 -1 -1 -1
Evo 1.01 0.00 1.00 0.43 0.00 0.00 1.00 0.50 0.01 0.46 0.11 0.55 -1 251
Result 0 0.0 2000 0.30 0.07 0.57 0.08 0.27 0.00 -1 -1 -1 -1 -1
Evo 1.02 0.00 1.00 0.53 0.00 1.00 1.00 0.50 0.01 0.51 0.20 0.56 -1 0
Result 0 0.0 2000 0.53 0.05 0.55 0.34 0.03 0.04 -1 -1 -1 -1 -1
Evo 1.01 0.00 1.00 0.95 1.00 1.00 1.00 0.23 0.01 0.23 0.16 0.57 -1 12
Result 0 0.0 2000 0.30 0.04 0.69 0.09 0.00 0.18 -1 -1 -1 -1 -1
Evo 1.00 0.00 1.00 0.95 1.00 1.00 1.00 0.23 0.01 0.23 0.09 0.57 -1 24
Result 0 0.0 2000 0.01 0.43 0.45 0.00 0.00 0.12 -1 -1 -1 -1 -1
Evo 1.01 0.00 1.00 0.73 0.00 1.00 1.00 0.45 0.01 0.51 0.13 0.57 -1 0
Result 0 0.0 2000 0.52 0.10 0.00 0.45 0.43 0.01 -1 -1 -1 -1 -1
Evo 1.01 0.00 1.00 0.70 0.00 1.00 1.00 0.46 0.01 0.52 0.07 0.57 -1 0
Result 0 0.0 2000 0.01 0.57 0.40 -1 0.02 0.00 -1 -1 -1 -1 -1
Evo 1.09 0.00 1.00 0.96 1.00 1.00 1.00 0.19 0.00 0.18 0.20 0.57 -1 1
Result 0 0.0 1665 0.48 0.12 0.00 0.22 0.13 0.53 -1 -1 -1 -1 -1
Evo 1.01 0.00 1.00 0.59 0.00 1.00 1.00 0.49 0.01 0.53 0.20 0.57 -1 239
Result 0 0.0 2000 0.13 0.45 0.08 0.02 0.05 0.40 -1 -1 -1 -1 -1
Evo 1.02 0.00 1.00 0.60 0.00 1.00 1.00 0.49 0.01 0.53 0.17 0.57 -1 1
Result 0 0.0 2000 0.33 0.40 0.14 0.10 0.35 0.01 -1 -1 -1 -1 -1
Evo 1.05 0.00 1.00 0.85 1.00 1.00 1.00 0.36 0.01 0.41 0.14 0.57 -1 1
Result 0 0.0 1648 0.53 0.18 0.00 0.35 0.44 0.02 -1 -1 -1 -1 -1
Evo 1.01 0.00 1.00 0.93 1.00 1.00 1.00 0.26 0.01 0.27 0.15 0.57 -1 1
Result 0 0.0 1598 0.03 0.35 -1 0.00 0.54 0.11 -1 -1 -1 -1 -1
Evo 1.02 0.00 1.00 0.94 1.00 1.00 1.00 0.23 0.01 0.23 0.15 0.57 -1 18
Result 0 0.0 2000 0.07 0.09 0.50 0.01 0.09 0.30 -1 -1 -1 -1 -1
Evo 1.00 0.00 1.00 0.95 1.00 1.00 1.00 0.23 0.01 0.23 0.17 0.57 -1 242
Result 0 0.0 2000 0.01 0.11 0.08 0.00 0.32 0.48 -1 -1 -1 -1 -1
Evo 1.08 0.00 1.00 0.95 1.00 1.00 1.00 0.23 0.01 0.23 0.15 0.57 -1 256
Result 0 0.0 2000 0.02 0.23 0.34 0.00 0.18 0.24 -1 -1 -1 -1 -1
Evo 1.15 0.00 1.00 0.95 1.00 1.00 1.00 0.23 0.01 0.23 0.18 0.57 -1 0
Result 0 0.0 2000 0.50 0.37 0.11 0.26 0.06 0.20 -1 -1 -1 -1 -1
