Evo 1.00 1.00 1.00 1.00 1.00 1.00 1.00 0.00 0.00 0.00 0.06 0.60 0 303
Result 1 1.0 1500 0.00 -1 -1 -1 1.00 -1 -1 -1 -1 -1 -1
Evo 1.00 1.00 1.00 1.00 1.00 1.00 1.00 0.00 0.00 0.00 0.01 0.60 0 0
Result 1 1.0 1500 0.00 1.00 -1 -1 -1 -1 -1 -1 -1 -1 -1
Evo 1.00 1.00 1.00 1.00 1.00 1.00 1.00 0.00 0.00 0.00 0.06 0.60 0 8
Result 1 1.0 1500 0.00 -1 -1 -1 1.00 -1 -1 -1 -1 -1 -1
Evo 1.00 1.00 1.00 1.00 1.00 1.00 1.00 0.00 0.00 0.00 0.06 0.60 0 43
Result 1 1.0 1500 0.00 -1 -1 -1 1.00 -1 -1 -1 -1 -1 -1
Evo 1.00 1.00 1.00 1.00 1.00 1.00 1.00 0.00 0.00 0.00 0.01 0.60 0 17
Result 1 1.0 1500 0.00 1.00 -1 -1 -1 -1 -1 -1 -1 -1 -1
Evo 1.00 1.00 1.00 1.00 1.00 1.00 1.00 0.00 0.00 0.00 0.03 0.60 0 1
Result 1 1.0 1500 0.00 -1 -1 1.00 -1 -1 -1 -1 -1 -1 -1
Evo 1.00 1.00 1.00 1.00 1.00 1.00 1.00 0.00 0.00 0.00 0.09 0.60 0 111
Result 1 1.0 1500 0.00 -1 -1 -1 -1 1.00 -1 -1 -1 -1 -1
Evo 1.00 1.00 1.00 1.00 1.00 1.00 1.00 0.00 0.00 0.00 0.03 0.60 0 -1
Result 1 1.0 1500 0.00 -1 -1 1.00 -1 -1 -1 -1 -1 -1 -1
Evo 1.00 1.00 1.00 1.00 1.00 1.00 1.00 0.00 0.00 0.00 0.04 0.60 0 11
Result 1 1.0 1500 0.00 -1 -1 1.00 0.00 -1 -1 -1 -1 -1 -1
Evo 1.00 1.00 1.00 1.00 1.00 1.00 1.00 0.00 0.00 0.00 0.06 0.60 0 83
Result 1 1.0 1500 0.00 -1 -1 -1 1.00 -1 -1 -1 -1 -1 -1
Evo 1.00 1.00 1.00 1.00 1.00 1.00 1.00 0.00 0.00 0.00 0.03 0.60 0 54
Result 1 1.0 1500 0.00 -1 -1 1.00 -1 -1 -1 -1 -1 -1 -1
Evo 1.00 1.00 1.00 1.00 1.00 1.00 1.00 0.00 0.00 0.00 0.01 0.60 0 4
Result 1 1.0 1500 0.00 1.00 -1 -1 -1 -1 -1 -1 -1 -1 -1
Evo 1.00 1.00 1.00 1.00 1.00 1.00 1.00 0.00 0.00 0.00 0.01 0.60 0 -1
Result 1 1.0 1500 0.00 1.00 -1 -1 -1 -1 -1 -1 -1 -1 -1
Evo 1.00 1.00 1.00 1.00 1.00 1.00 1.00 0.00 0.00 0.00 0.01 0.60 0 261
Result 1 1.0 1500 0.00 1.00 -1 -1 -1 -1 -1 -1 -1 -1 -1
Evo 1.00 1.00 1.00 1.00 1.00 1.00 1.00 0.00 0.00 0.00 0.10 0.60 0 80
Result 1 1.0 1500 0.00 -1 -1 -1 0.00 1.00 -1 -1 -1 -1 -1
Evo 1.00 1.00 1.00 1.00 1.00 1.00 1.00 0.00 0.00 0.00 0.03 0.60 0 1087
Result 1 1.0 1500 0.00 -1 1.00 -1 -1 -1 -1 -1 -1 -1 -1
Evo 1.00 1.00 1.00 1.00 1.00 1.00 1.00 0.00 0.00 0.00 0.03 0.60 0 8
Result 1 1.0 1500 0.00 -1 1.00 -1 -1 -1 -1 -1 -1 -1 -1
Evo 1.00 1.00 1.00 1.00 1.00 1.00 1.00 0.00 0.00 0.00 0.03 0.60 0 32
Result 1 1.0 1500 0.00 -1 1.00 -1 -1 -1 -1 -1 -1 -1 -1
Evo 1.00 1.00 1.00 1.00 1.00 1.00 1.00 0.00 0.00 0.00 0.03 0.60 0 31
Result 1 1.0 1500 0.00 -1 -1 1.00 -1 -1 -1 -1 -1 -1 -1
Evo 1.00 1.00 1.00 1.00 1.00 1.00 1.00 0.00 0.00 0.00 0.09 0.60 0 -1
Result 1 1.0 1500 0.00 -1 -1 -1 -1 1.00 -1 -1 -1 -1 -1
