Evo 8.07 -999999.95 1000000.63 -233620.48 -199999.51 1.18 1.18 454827.76 11739.69 0.01 2.73 3.78 -1 -1
Result 0 0.0 1500 0.47 0.20 0.20 0.19 0.20 0.21 -1 -1 -1 -1 -1
Evo 6.55 -999998.31 1000000.67 61857.65 1.05 1.18 1.18 401729.46 11553.69 0.01 1.95 2.86 -1 -1
Result 1 1.0 1208 0.48 0.20 0.20 0.21 0.18 0.22 -1 -1 -1 -1 -1
Evo 20.78 -619047.19 1000000.45 -27244.02 -52631.03 0.77 0.85 238306.34 19722.37 0.05 0.49 1.07 -1 -1
Result 1 1.0 145 0.44 0.23 0.16 0.24 0.19 0.17 -1 -1 -1 -1 -1
Evo 12.90 -799999.21 1000000.61 -108104.63 -277777.31 0.77 0.96 250230.54 11997.64 0.02 0.59 1.17 -1 -1
Result 1 1.0 434 0.42 0.21 0.22 0.22 0.19 0.16 -1 -1 -1 -1 -1
Evo 10.23 -749998.67 1000000.67 30364.15 0.96 1.18 1.18 193680.84 7213.05 0.01 1.20 2.18 -1 -1
Result 1 1.0 720 0.45 0.22 0.19 0.20 0.21 0.19 -1 -1 -1 -1 -1
Evo 7.59 -999999.86 1000000.64 -184353.96 -49999.46 1.18 1.18 482425.31 12452.02 0.01 2.77 3.38 -1 -1
Result 0 0.0 1500 0.46 0.21 0.21 0.19 0.19 0.20 -1 -1 -1 -1 -1
Evo 6.59 -999998.92 1000000.67 -38740.99 0.77 1.18 1.18 542107.59 14295.72 0.01 2.03 2.86 -1 -1
Result 1 1.0 1437 0.47 0.21 0.20 0.20 0.19 0.21 -1 -1 -1 -1 -1
Evo 7.69 -999999.94 1000000.67 -202569.44 -499998.94 1.18 1.18 506943.70 13084.87 0.01 2.73 3.59 -1 -1
Result 0 0.0 1500 0.48 0.20 0.19 0.20 0.20 0.22 -1 -1 -1 -1 -1
Evo 7.69 -1000000.04 1000000.64 -174018.48 0.81 1.18 1.18 480086.25 12391.64 0.01 2.55 3.78 -1 -1
Result 0 0.0 1500 0.47 0.19 0.22 0.18 0.20 0.21 -1 -1 -1 -1 -1
Evo 6.32 -999998.82 1000000.97 -177174.53 0.65 1.18 1.18 470487.33 12287.99 0.01 2.36 3.31 -1 -1
Result 1 1.0 1465 0.47 0.19 0.22 0.21 0.17 0.21 -1 -1 -1 -1 -1
Evo 8.76 -999998.05 1000000.94 92249.24 1.05 1.18 1.18 290177.09 9566.86 0.01 1.93 3.00 -1 -1
Result 1 1.0 919 0.45 0.20 0.22 0.19 0.21 0.18 -1 -1 -1 -1 -1
Evo 7.45 -999999.92 1000000.68 -204491.35 -226414.75 1.18 1.18 487759.44 12589.70 0.01 2.85 3.97 -1 -1
Result 0 0.0 1500 0.47 0.20 0.20 0.20 0.19 0.21 -1 -1 -1 -1 -1
Evo 7.64 -999999.85 1000000.65 -220146.14 -999997.33 1.18 1.18 484422.38 12503.56 0.01 1.66 2.34 -1 -1
Result 0 0.0 1500 0.48 0.19 0.19 0.19 0.21 0.21 -1 -1 -1 -1 -1
Evo 7.52 -999999.84 1000000.67 -140624.36 -258063.95 1.18 1.18 525372.53 13560.54 0.01 2.83 3.93 -1 -1
Result 0 0.0 1500 0.47 0.18 0.22 0.20 0.19 0.21 -1 -1 -1 -1 -1
Evo 10.93 -956520.95 1000000.65 -66434.42 -124999.25 0.90 1.05 298365.82 11684.91 0.01 1.36 2.06 -1 -1
Result 1 1.0 651 0.48 0.18 0.20 0.20 0.20 0.22 -1 -1 -1 -1 -1
Evo 10.04 -999998.14 999999.85 -166068.69 -333332.43 0.72 0.96 297585.42 11990.06 0.02 0.58 1.08 -1 -1
Result 1 1.0 615 0.41 0.22 0.19 0.23 0.21 0.15 -1 -1 -1 -1 -1
Evo 7.28 -999999.92 1000000.68 -202258.90 -319999.70 1.18 1.18 480456.39 12401.20 0.01 2.52 4.05 -1 -1
Result 0 0.0 1500 0.47 0.20 0.21 0.18 0.20 0.21 -1 -1 -1 -1 -1
Evo 7.24 -1000000.02 1000000.53 -241113.01 -999997.34 1.18 1.18 460316.17 11881.35 0.01 2.31 3.08 -1 -1
Result 0 0.0 1500 0.48 0.20 0.20 0.18 0.20 0.22 -1 -1 -1 -1 -1
Evo 6.39 -999998.82 1000000.65 -168717.24 0.81 1.18 1.18 445559.04 11717.13 0.01 1.82 2.56 -1 -1
Result 1 1.0 1445 0.47 0.19 0.21 0.19 0.20 0.21 -1 -1 -1 -1 -1
Evo 7.43 -1000000.16 1000000.67 -234565.17 -999997.38 1.18 1.18 472501.14 12195.86 0.01 2.86 4.02 -1 -1
Result 0 0.0 1500 0.48 0.20 0.21 0.18 0.20 0.22 -1 -1 -1 -1 -1
Evo 8.11 -999999.88 1000000.63 -141066.11 -333332.13 1.05 1.18 543863.14 14037.81 0.01 2.95 4.10 -1 -1
Result 0 0.0 1500 0.47 0.20 0.20 0.20 0.19 0.21 -1 -1 -1 -1 -1
Evo 8.11 -1000000.14 1000000.67 -163791.48 -108107.68 1.18 1.18 537839.75 13882.34 0.01 2.74 3.86 -1 -1
Result 0 0.0 1500 0.48 0.19 0.21 0.20 0.18 0.22 -1 -1 -1 -1 -1
Evo 7.07 -999999.30 1000000.66 -144158.94 -249999.28 1.05 1.18 525695.75 13664.81 0.01 3.10 4.11 -1 -1
Result 1 1.0 1479 0.47 0.18 0.21 0.18 0.21 0.21 -1 -1 -1 -1 -1
Evo 6.74 -999998.75 1000000.67 -112002.00 0.85 1.18 1.18 475892.40 12597.86 0.01 2.63 4.01 -1 -1
Result 1 1.0 1426 0.47 0.20 0.21 0.19 0.20 0.21 -1 -1 -1 -1 -1
Evo 6.73 -999998.98 1000000.86 -134438.48 0.77 1.18 1.18 504443.22 13125.69 0.01 2.41 3.92 -1 -1
Result 1 1.0 1476 0.49 0.19 0.20 0.19 0.19 0.23 -1 -1 -1 -1 -1
Evo 7.52 -999998.36 1000000.67 8118.71 0.96 1.18 1.18 373552.96 10629.64 0.01 2.45 3.78 -1 -1
Result 1 1.0 1234 0.47 0.20 0.21 0.19 0.19 0.20 -1 -1 -1 -1 -1
Evo 6.72 -999999.34 1000000.67 -117539.94 -249999.08 1.05 1.18 497247.43 12960.41 0.01 2.38 3.03 -1 -1
Result 1 1.0 1471 0.46 0.20 0.19 0.20 0.22 0.20 -1 -1 -1 -1 -1
Evo 8.30 -999999.79 1000000.89 -191479.74 -499998.74 1.05 1.18 503017.67 12983.53 0.01 2.95 3.33 -1 -1
Result 0 0.0 1500 0.47 0.20 0.19 0.20 0.20 0.21 -1 -1 -1 -1 -1
Evo 12.38 -769229.70 1000000.42 -5828.97 0.85 0.96 1.05 161030.82 7102.77 0.02 1.26 2.14 -1 -1
Result 1 1.0 513 0.47 0.20 0.19 0.18 0.22 0.21 -1 -1 -1 -1 -1
Evo 7.41 -999998.31 1000000.68 33369.32 1.05 1.18 1.18 360456.29 10302.96 0.01 2.15 3.01 -1 -1
Result 1 1.0 1223 0.48 0.20 0.21 0.19 0.17 0.22 -1 -1 -1 -1 -1
Evo 9.73 -999997.51 1000000.63 32598.29 0.90 1.05 1.18 241378.41 8604.21 0.01 2.74 4.45 -1 -1
Result 1 1.0 786 0.48 0.19 0.19 0.20 0.21 0.22 -1 -1 -1 -1 -1
Evo 6.94 -999998.95 1000000.67 -76885.30 0.81 1.18 1.18 528066.50 13829.61 0.01 3.19 4.28 -1 -1
Result 1 1.0 1457 0.46 0.21 0.21 0.18 0.20 0.19 -1 -1 -1 -1 -1
Evo 12.71 -555554.57 1000000.77 14400.51 0.81 1.05 1.18 168353.05 7551.67 0.02 1.50 2.44 -1 -1
Result 1 1.0 496 0.47 0.19 0.19 0.20 0.22 0.21 -1 -1 -1 -1 -1
Evo 8.18 -999999.96 1000000.64 -206021.61 -333332.35 1.05 1.18 480795.43 12409.95 0.01 2.06 2.59 -1 -1
Result 0 0.0 1500 0.47 0.20 0.21 0.20 0.19 0.20 -1 -1 -1 -1 -1
Evo 9.97 -999998.14 1000000.99 40518.77 0.96 1.05 1.18 247864.53 8807.48 0.01 1.86 2.92 -1 -1
Result 1 1.0 791 0.47 0.21 0.20 0.18 0.19 0.21 -1 -1 -1 -1 -1
Evo 8.75 -999998.28 1000000.92 76250.37 0.96 1.18 1.18 336927.36 10891.31 0.01 1.65 3.02 -1 -1
Result 1 1.0 956 0.46 0.20 0.19 0.19 0.23 0.20 -1 -1 -1 -1 -1
Evo 11.81 -833332.46 1000000.55 15973.54 0.96 1.05 1.18 171000.72 6867.55 0.01 1.56 2.75 -1 -1
Result 1 1.0 619 0.47 0.21 0.20 0.18 0.21 0.21 -1 -1 -1 -1 -1
Evo 8.42 -999998.28 1000000.91 66794.92 0.96 1.18 1.18 297353.21 9412.55 0.01 2.55 3.93 -1 -1
Result 1 1.0 997 0.46 0.23 0.20 0.18 0.20 0.19 -1 -1 -1 -1 -1
Evo 8.14 -999998.44 1000000.62 17083.92 0.96 1.18 1.18 268031.33 8137.12 0.01 2.44 3.34 -1 -1
Result 1 1.0 1084 0.48 0.19 0.20 0.19 0.20 0.21 -1 -1 -1 -1 -1
Evo 8.04 -999999.99 1000001.01 -137536.04 -181817.78 1.05 1.18 550208.47 14201.59 0.01 2.86 3.98 -1 -1
Result 0 0.0 1500 0.47 0.20 0.21 0.19 0.19 0.21 -1 -1 -1 -1 -1
Evo 7.34 -999999.12 1000000.97 -72605.12 0.96 1.18 1.18 442677.59 12156.70 0.01 2.20 2.61 -1 -1
Result 0 0.0 1325 0.48 0.19 0.19 0.20 0.20 0.22 -1 -1 -1 -1 -1
Evo 6.90 -999998.78 1000000.75 -67601.92 0.85 1.18 1.18 499415.27 13395.36 0.01 2.44 3.22 -1 -1
Result 1 1.0 1389 0.45 0.19 0.20 0.21 0.21 0.19 -1 -1 -1 -1 -1
Evo 7.77 -999999.88 1000000.67 -202537.52 -137254.52 1.18 1.18 497815.37 12849.26 0.01 3.00 4.05 -1 -1
Result 0 0.0 1500 0.45 0.20 0.20 0.22 0.21 0.18 -1 -1 -1 -1 -1
Evo 6.73 -999998.32 1000000.64 -83299.64 0.96 1.18 1.18 397115.71 10926.11 0.01 2.72 3.59 -1 -1
Result 1 1.0 1320 0.46 0.18 0.21 0.20 0.21 0.20 -1 -1 -1 -1 -1
Evo 12.71 -499998.65 1000000.58 15792.14 0.90 1.05 1.18 124066.60 5389.11 0.02 1.61 2.44 -1 -1
Result 1 1.0 529 0.46 0.20 0.20 0.22 0.19 0.19 -1 -1 -1 -1 -1
Evo 11.46 -777777.36 1000000.54 2727.49 0.85 1.05 1.18 217442.86 8951.98 0.02 1.26 2.02 -1 -1
Result 1 1.0 589 0.48 0.19 0.20 0.22 0.17 0.22 -1 -1 -1 -1 -1
Evo 7.47 -999998.57 1000000.66 45528.22 0.96 1.18 1.18 428163.62 12120.00 0.01 2.18 3.07 -1 -1
Result 1 1.0 1247 0.47 0.20 0.21 0.20 0.18 0.20 -1 -1 -1 -1 -1
Evo 7.40 -999999.77 1000000.67 -194240.59 -38461.03 1.05 1.18 494333.02 12759.37 0.01 2.22 2.91 -1 -1
Result 1 1.0 1500 0.44 0.21 0.20 0.21 0.21 0.18 -1 -1 -1 -1 -1
Evo 7.17 -999998.72 1000000.68 -20499.58 0.96 1.18 1.18 446129.70 12274.67 0.01 2.55 3.32 -1 -1
Result 1 1.0 1320 0.46 0.20 0.20 0.20 0.19 0.20 -1 -1 -1 -1 -1
Evo 7.91 -999999.92 1000000.67 -179811.42 0.74 1.18 1.18 490714.99 12665.99 0.01 2.28 2.86 -1 -1
Result 0 0.0 1500 0.45 0.21 0.19 0.21 0.20 0.19 -1 -1 -1 -1 -1
Evo 7.84 -999999.96 1000000.66 -198628.51 -333332.33 1.05 1.18 502414.39 12967.96 0.01 3.20 4.39 -1 -1
Result 0 0.0 1500 0.47 0.20 0.19 0.22 0.19 0.20 -1 -1 -1 -1 -1
Evo 8.26 -1000000.09 1000000.65 -193056.58 -333332.11 1.05 1.18 479970.35 12388.65 0.01 2.09 2.80 -1 -1
Result 0 0.0 1500 0.47 0.21 0.17 0.20 0.22 0.20 -1 -1 -1 -1 -1
Evo 6.98 -999999.10 1000000.67 -72030.95 0.77 1.18 1.18 545046.06 14177.38 0.01 2.86 4.14 -1 -1
Result 1 1.0 1477 0.47 0.20 0.20 0.21 0.19 0.20 -1 -1 -1 -1 -1
Evo 7.81 -999999.65 1000000.67 -163878.53 0.54 1.18 1.18 529201.55 13659.37 0.01 2.74 3.69 -1 -1
Result 0 0.0 1500 0.44 0.19 0.23 0.19 0.21 0.18 -1 -1 -1 -1 -1
Evo 12.24 -777777.23 1000000.33 26965.38 0.90 1.05 1.18 188199.40 7889.73 0.02 1.80 2.82 -1 -1
Result 1 1.0 568 0.46 0.21 0.19 0.23 0.17 0.20 -1 -1 -1 -1 -1
Evo 7.76 -999999.84 1000000.85 -195895.84 -499998.86 1.05 1.18 508845.91 13133.97 0.01 3.08 4.19 -1 -1
Result 0 0.0 1500 0.44 0.19 0.22 0.21 0.20 0.18 -1 -1 -1 -1 -1
Evo 7.00 -999999.32 1000000.66 -185845.37 0.64 1.18 1.18 484680.42 12706.44 0.01 2.01 2.52 -1 -1
Result 0 0.0 1454 0.46 0.19 0.19 0.20 0.22 0.20 -1 -1 -1 -1 -1
Evo 7.83 -999999.82 1000000.84 -180485.06 0.61 1.18 1.18 474888.06 12257.47 0.01 3.28 4.81 -1 -1
Result 0 0.0 1500 0.46 0.19 0.20 0.21 0.21 0.20 -1 -1 -1 -1 -1
Evo 7.26 -999999.22 1000000.67 -116281.33 0.90 1.18 1.18 438311.05 11902.89 0.01 2.16 2.69 -1 -1
Result 0 0.0 1355 0.47 0.19 0.19 0.20 0.21 0.20 -1 -1 -1 -1 -1
Evo 7.71 -999997.84 1000000.66 48685.38 1.05 1.18 1.18 207517.22 6248.36 0.01 2.70 3.75 -1 -1
Result 1 1.0 1102 0.45 0.20 0.21 0.20 0.21 0.18 -1 -1 -1 -1 -1
Evo 7.95 -999999.87 1000000.67 -241807.55 -999997.35 1.18 1.18 460175.17 11877.71 0.01 2.14 2.63 -1 -1
Result 0 0.0 1500 0.46 0.20 0.20 0.20 0.21 0.20 -1 -1 -1 -1 -1
Evo 6.60 -999998.85 1000000.67 -23802.80 0.90 1.18 1.18 510088.30 13512.57 0.01 2.73 3.70 -1 -1
Result 1 1.0 1424 0.48 0.21 0.20 0.18 0.19 0.22 -1 -1 -1 -1 -1
Evo 13.63 -666666.08 1000000.45 24885.93 0.90 1.05 1.18 143151.17 6408.33 0.02 1.72 2.82 -1 -1
Result 1 1.0 498 0.49 0.15 0.26 0.15 0.21 0.23 -1 -1 -1 -1 -1
Evo 8.00 -999999.72 1000000.65 -253694.67 -999997.35 1.05 1.18 449464.69 11601.26 0.01 2.26 2.81 -1 -1
Result 0 0.0 1500 0.46 0.21 0.18 0.20 0.20 0.20 -1 -1 -1 -1 -1
Evo 7.90 -999999.72 1000000.63 -250845.42 -999997.34 1.05 1.18 447945.82 11562.06 0.01 2.05 2.40 -1 -1
Result 0 0.0 1500 0.46 0.22 0.19 0.20 0.19 0.20 -1 -1 -1 -1 -1
Evo 8.79 -999997.48 1000000.67 122833.33 0.96 1.18 1.18 343092.22 11280.80 0.01 1.98 2.82 -1 -1
Result 1 1.0 924 0.49 0.21 0.19 0.18 0.19 0.23 -1 -1 -1 -1 -1
Evo 7.79 -999999.76 1000000.57 -255790.41 -999997.36 1.18 1.18 442336.45 11417.27 0.01 1.68 2.25 -1 -1
Result 0 0.0 1500 0.46 0.19 0.21 0.21 0.19 0.19 -1 -1 -1 -1 -1
Evo 7.58 -999999.60 1000000.67 -211047.76 -166666.24 1.18 1.18 483401.37 12477.21 0.01 2.01 3.26 -1 -1
Result 0 0.0 1500 0.47 0.21 0.20 0.18 0.21 0.21 -1 -1 -1 -1 -1
Evo 8.02 -999999.92 1000000.61 -241360.25 -124999.20 1.18 1.18 442523.26 11422.09 0.01 2.10 2.55 -1 -1
Result 0 0.0 1500 0.47 0.18 0.19 0.20 0.22 0.21 -1 -1 -1 -1 -1
Evo 8.02 -999999.93 1000000.55 -249535.15 -999997.33 1.18 1.18 443757.73 11453.96 0.01 2.13 2.55 -1 -1
Result 0 0.0 1500 0.47 0.19 0.19 0.19 0.21 0.21 -1 -1 -1 -1 -1
Evo 8.26 -999999.94 1000000.66 -253693.15 -999997.34 1.05 1.18 439335.33 11339.81 0.01 2.10 2.35 -1 -1
Result 0 0.0 1500 0.46 0.19 0.20 0.21 0.20 0.20 -1 -1 -1 -1 -1
Evo 8.14 -999999.85 1000000.66 -260937.66 -999997.37 1.05 1.18 446455.14 11523.58 0.01 2.16 2.35 -1 -1
Result 0 0.0 1500 0.46 0.19 0.21 0.20 0.20 0.20 -1 -1 -1 -1 -1
Evo 7.75 -1000000.15 1000000.65 -244241.45 -999997.33 1.18 1.18 449540.73 11603.22 0.01 2.05 2.43 -1 -1
Result 0 0.0 1500 0.47 0.20 0.20 0.20 0.20 0.20 -1 -1 -1 -1 -1
Evo 7.92 -999999.87 1000000.58 -235985.81 -399999.21 1.18 1.18 458881.09 11844.31 0.01 2.25 2.61 -1 -1
Result 0 0.0 1500 0.48 0.18 0.21 0.21 0.19 0.21 -1 -1 -1 -1 -1
Evo 6.72 -999999.15 1000000.65 -221641.50 0.55 1.18 1.18 452100.82 11708.37 0.01 1.75 2.44 -1 -1
Result 1 1.0 1490 0.47 0.19 0.22 0.19 0.19 0.21 -1 -1 -1 -1 -1
Evo 8.09 -999999.93 1000000.13 -267932.85 -999997.35 1.05 1.18 438989.92 11330.89 0.01 1.59 2.16 -1 -1
Result 0 0.0 1500 0.45 0.21 0.22 0.20 0.18 0.18 -1 -1 -1 -1 -1
Evo 7.83 -1000000.04 1000000.59 -224482.93 0.58 1.18 1.18 446675.06 11529.26 0.01 2.57 3.13 -1 -1
Result 0 0.0 1500 0.47 0.19 0.22 0.19 0.20 0.20 -1 -1 -1 -1 -1
Evo 8.24 -1000000.18 1000000.52 -251653.28 -999997.33 1.05 1.18 439590.00 11346.38 0.01 1.31 1.53 -1 -1
Result 0 0.0 1500 0.46 0.20 0.22 0.21 0.18 0.19 -1 -1 -1 -1 -1
Evo 7.97 -1000000.17 1000000.60 -254955.52 -846153.01 1.05 1.18 442653.41 11425.45 0.01 2.53 2.66 -1 -1
Result 0 0.0 1500 0.47 0.20 0.20 0.20 0.20 0.21 -1 -1 -1 -1 -1
Evo 7.99 -1000000.06 1000000.65 -230882.59 -285713.54 1.05 1.18 444633.34 11476.56 0.01 2.08 2.58 -1 -1
Result 0 0.0 1500 0.48 0.19 0.20 0.20 0.19 0.22 -1 -1 -1 -1 -1
Evo 7.76 -999999.87 333334.07 -266415.83 -999997.37 1.05 1.18 434563.87 11216.65 0.01 2.25 2.51 -1 -1
Result 0 0.0 1500 0.46 0.20 0.20 0.22 0.20 0.19 -1 -1 -1 -1 -1
Evo 7.88 -1000000.07 1000000.56 -267820.76 -999997.37 1.05 1.18 440706.97 11375.21 0.01 2.06 2.33 -1 -1
Result 0 0.0 1500 0.46 0.20 0.19 0.22 0.20 0.19 -1 -1 -1 -1 -1
Evo 7.15 -999999.27 1000000.65 -193407.26 -166665.77 1.18 1.18 387181.98 10502.81 0.01 1.32 1.52 -1 -1
Result 0 0.0 1358 0.46 0.20 0.21 0.20 0.19 0.19 -1 -1 -1 -1 -1
Evo 7.70 -999999.98 1000000.24 -268863.14 -999997.35 1.05 1.18 438865.98 11327.70 0.01 2.69 3.25 -1 -1
Result 0 0.0 1500 0.46 0.18 0.19 0.21 0.22 0.20 -1 -1 -1 -1 -1
Evo 7.80 -999999.91 1.18 -259820.45 -999997.36 1.18 1.18 438041.49 11306.41 0.01 2.27 2.78 -1 -1
Result 0 0.0 1500 0.45 0.21 0.17 0.22 0.22 0.18 -1 -1 -1 -1 -1
Evo 7.82 -999999.52 1000000.59 -258902.82 -999997.36 1.18 1.18 439306.27 11339.06 0.01 2.25 2.74 -1 -1
Result 0 0.0 1500 0.44 0.20 0.20 0.22 0.21 0.18 -1 -1 -1 -1 -1
Evo 7.70 -999999.90 1000000.47 -251805.68 -999997.34 1.18 1.18 438173.51 11309.82 0.01 1.43 1.73 -1 -1
Result 0 0.0 1500 0.45 0.21 0.20 0.20 0.21 0.18 -1 -1 -1 -1 -1
Evo 6.80 -999998.32 1000000.67 6682.68 1.05 1.18 1.18 399936.67 11320.98 0.01 0.59 0.94 -1 -1
Result 1 1.0 1247 0.46 0.21 0.19 0.21 0.20 0.19 -1 -1 -1 -1 -1
Evo 7.71 -999999.83 1000000.60 -254923.08 -999997.35 1.18 1.18 444109.43 11463.04 0.01 1.73 2.11 -1 -1
Result 0 0.0 1500 0.46 0.21 0.20 0.20 0.20 0.19 -1 -1 -1 -1 -1
Evo 7.67 -999999.75 1.18 -261213.80 -999997.36 1.18 1.18 437614.73 11295.40 0.01 2.00 2.45 -1 -1
Result 0 0.0 1500 0.46 0.21 0.18 0.21 0.20 0.20 -1 -1 -1 -1 -1
Evo 7.17 -999998.66 1000000.51 -109889.29 0.96 1.18 1.18 323782.97 9081.99 0.01 1.51 1.68 -1 -1
Result 0 0.0 1270 0.45 0.20 0.21 0.19 0.21 0.19 -1 -1 -1 -1 -1
Evo 7.35 -999999.88 1000000.64 -259971.46 -999997.34 1.18 1.18 436781.23 11273.89 0.01 2.68 3.14 -1 -1
Result 0 0.0 1500 0.45 0.19 0.19 0.22 0.21 0.19 -1 -1 -1 -1 -1
Evo 14.76 -909090.34 999999.79 -23588.98 0.81 0.96 1.05 157517.61 7492.35 0.02 0.97 1.36 -1 -1
Result 1 1.0 441 0.49 0.17 0.18 0.24 0.18 0.23 -1 -1 -1 -1 -1
Evo 6.76 -999998.32 1000000.55 -231734.99 -333332.17 1.05 1.18 421937.02 11146.14 0.01 1.90 2.01 -1 -1
Result 1 1.0 1432 0.46 0.20 0.18 0.20 0.21 0.20 -1 -1 -1 -1 -1
Evo 7.20 -999999.16 1000000.55 -104884.73 0.96 1.18 1.18 323838.25 9123.11 0.01 1.08 1.27 -1 -1
Result 0 0.0 1259 0.47 0.19 0.19 0.21 0.20 0.21 -1 -1 -1 -1 -1
Evo 8.04 -1000000.17 1000000.65 -263201.51 -999997.37 1.05 1.18 440499.65 11369.86 0.01 1.40 1.72 -1 -1
Result 0 0.0 1500 0.46 0.21 0.20 0.21 0.20 0.19 -1 -1 -1 -1 -1
Evo 7.76 -1000000.04 1000000.10 -258866.73 -999997.36 1.18 1.18 439320.64 11339.43 0.01 2.18 2.48 -1 -1
Result 0 0.0 1500 0.46 0.21 0.18 0.20 0.21 0.19 -1 -1 -1 -1 -1
Evo 7.60 -999999.85 1.18 -260542.47 -999997.36 1.18 1.18 437835.77 11301.10 0.01 2.45 2.89 -1 -1
Result 0 0.0 1500 0.45 0.20 0.19 0.22 0.21 0.18 -1 -1 -1 -1 -1
Evo 6.98 -999999.33 1000000.47 -237092.78 0.58 1.18 1.18 435910.18 11396.59 0.01 1.36 1.57 -1 -1
Result 0 0.0 1462 0.47 0.19 0.21 0.21 0.19 0.21 -1 -1 -1 -1 -1
Evo 7.89 -1000000.18 999999.75 -258117.46 -999997.38 1.18 1.18 439962.82 11356.01 0.01 2.35 2.90 -1 -1
Result 0 0.0 1500 0.46 0.19 0.19 0.21 0.21 0.20 -1 -1 -1 -1 -1
