Evo 226.16 -1000000.17 0.48 -1998.61 0.39 0.40 0.41 44676.64 998.75 0.01 0.02 0.09 -1 -1
Result 0 0.0 2000 0.41 0.26 0.18 0.01 0.15 0.15 0.24 -1 -1 -1 -1
Evo 220.13 -1000000.06 0.64 -1998.61 0.39 0.40 0.41 44676.64 998.75 0.01 0.02 0.09 -1 -1
Result 0 0.0 2000 0.43 0.24 0.18 0.02 0.16 0.16 0.23 -1 -1 -1 -1
Evo 224.22 -1000000.00 0.48 -2016.15 0.39 0.40 0.41 44682.75 998.89 0.01 0.03 0.11 -1 -1
Result 0 0.0 2000 0.42 0.26 0.18 0.01 0.16 0.15 0.25 -1 -1 -1 -1
Evo 231.55 -999999.84 0.49 -2046.77 0.39 0.40 0.41 44701.05 999.30 0.01 0.06 0.17 -1 -1
Result 0 0.0 2000 0.42 0.23 0.18 0.02 0.15 0.17 0.24 -1 -1 -1 -1
Evo 222.50 -1000000.11 0.47 -1998.61 0.39 0.40 0.41 44676.64 998.75 0.01 0.03 0.10 -1 -1
Result 0 0.0 2000 0.41 0.25 0.18 0.02 0.15 0.15 0.24 -1 -1 -1 -1
Evo 227.69 -999999.51 0.65 -1998.61 0.39 0.40 0.41 44676.63 998.75 0.01 0.02 0.09 -1 -1
Result 0 0.0 2000 0.43 0.25 0.19 0.01 0.16 0.15 0.25 -1 -1 -1 -1
Evo 227.19 -1000000.22 0.65 -1998.61 0.39 0.40 0.41 44676.64 998.75 0.01 0.03 0.10 -1 -1
Result 0 0.0 2000 0.43 0.24 0.19 0.01 0.16 0.15 0.25 -1 -1 -1 -1
Evo 228.64 -1000000.00 0.46 -1998.61 0.39 0.40 0.41 44676.64 998.75 0.01 0.02 0.09 -1 -1
Result 0 0.0 2000 0.41 0.25 0.19 0.01 0.15 0.15 0.24 -1 -1 -1 -1
Evo 227.88 -999999.85 0.47 -2045.46 0.39 0.40 0.41 44723.68 999.80 0.01 0.03 0.10 -1 -1
Result 0 0.0 2000 0.42 0.25 0.18 0.01 0.16 0.16 0.24 -1 -1 -1 -1
Evo 216.72 -1000000.12 0.48 -1998.61 0.39 0.40 0.41 44676.64 998.75 0.01 0.03 0.10 -1 -1
Result 0 0.0 2000 0.42 0.26 0.19 0.02 0.16 0.15 0.23 -1 -1 -1 -1
Evo 216.59 -1000000.01 0.49 -2012.13 0.36 0.39 0.40 44680.12 998.83 0.01 0.03 0.11 -1 -1
Result 0 0.0 2000 0.35 0.24 0.17 0.06 0.11 0.15 0.26 -1 -1 -1 -1
Evo 221.01 -999999.97 0.48 -1998.61 0.39 0.40 0.41 44676.64 998.75 0.01 0.05 0.16 -1 -1
Result 0 0.0 2000 0.40 0.24 0.17 0.03 0.14 0.16 0.26 -1 -1 -1 -1
Evo 224.62 -999999.78 0.65 -1998.61 0.39 0.40 0.41 44676.64 998.75 0.01 0.02 0.10 -1 -1
Result 0 0.0 2000 0.42 0.25 0.18 0.02 0.15 0.15 0.25 -1 -1 -1 -1
Evo 202.96 -999999.94 0.59 -1998.61 0.39 0.40 0.41 44676.64 998.75 0.01 0.04 0.13 -1 -1
Result 0 -1.0 2000 0.42 0.24 0.17 0.03 0.16 0.17 0.24 -1 -1 -1 -1
Evo 227.15 -999999.65 0.47 -1998.61 0.39 0.40 0.41 44676.63 998.75 0.01 0.03 0.11 -1 -1
Result 0 0.0 2000 0.41 0.25 0.18 0.02 0.15 0.15 0.25 -1 -1 -1 -1
Evo 222.41 -1000000.23 0.59 -2062.08 0.39 0.40 0.41 44719.10 999.70 0.01 0.06 0.18 -1 -1
Result 0 0.0 2000 0.35 0.27 0.13 0.07 0.11 0.17 0.25 -1 -1 -1 -1
Evo 226.55 -999999.78 0.63 -1998.61 0.39 0.40 0.41 44676.63 998.75 0.01 0.03 0.10 -1 -1
Result 0 0.0 2000 0.42 0.26 0.19 0.01 0.15 0.15 0.24 -1 -1 -1 -1
Evo 223.22 -999999.96 0.49 -1998.61 0.39 0.40 0.41 44676.64 998.75 0.01 0.02 0.10 -1 -1
Result 0 0.0 2000 0.43 0.26 0.18 0.01 0.17 0.15 0.24 -1 -1 -1 -1
Evo 227.20 -1000000.12 0.42 -1998.61 0.39 0.40 0.41 44676.64 998.75 0.01 0.03 0.11 -1 -1
Result 0 0.0 2000 0.42 0.24 0.18 0.01 0.16 0.15 0.27 -1 -1 -1 -1
Evo 217.94 -999999.61 0.42 -2138.41 0.36 0.39 0.41 44786.37 1001.20 0.01 0.05 0.16 -1 -1
Result 0 0.0 2000 0.36 0.23 0.16 0.07 0.12 0.16 0.27 -1 -1 -1 -1
Evo 134.28 -999999.80 0.56 -2005.31 0.41 0.45 0.48 44677.36 998.77 0.01 0.05 0.14 -1 -1
Result 0 0.0 2000 0.44 0.21 0.19 0.09 0.17 0.12 0.21 -1 -1 -1 -1
Evo 164.91 -1000000.24 0.58 -1998.57 0.41 0.42 0.47 44676.65 998.75 0.01 0.05 0.15 -1 -1
Result 0 0.0 2000 0.44 0.21 0.20 0.10 0.18 0.12 0.20 -1 -1 -1 -1
Evo 193.83 -1000000.03 0.57 -2019.76 0.41 0.41 0.44 44681.47 998.86 0.01 0.05 0.13 -1 -1
Result 0 0.0 2000 0.45 0.21 0.20 0.11 0.18 0.08 0.22 -1 -1 -1 -1
Evo 164.63 -1000000.09 0.58 -2014.43 0.41 0.42 0.47 44681.58 998.86 0.01 0.05 0.11 -1 -1
Result 0 0.0 2000 0.45 0.21 0.19 0.11 0.18 0.09 0.23 -1 -1 -1 -1
Evo 90.59 -999999.95 0.58 -4510.44 0.44 0.47 0.49 66932.72 1496.29 0.01 0.04 0.13 -1 -1
Result 0 0.0 2000 0.44 0.20 0.18 0.12 0.18 0.12 0.19 -1 -1 -1 -1
Evo 98.04 -1000000.07 0.60 -1998.54 0.44 0.47 0.49 44676.65 998.75 0.01 0.04 0.12 -1 -1
Result 0 0.0 2000 0.43 0.19 0.19 0.13 0.17 0.12 0.20 -1 -1 -1 -1
Evo 162.93 -1000000.07 0.58 -2011.06 0.41 0.42 0.47 44679.58 998.82 0.01 0.04 0.13 -1 -1
Result 0 0.0 2000 0.45 0.22 0.20 0.10 0.18 0.09 0.21 -1 -1 -1 -1
Evo 194.44 -1000000.10 0.58 -2010.77 0.41 0.41 0.42 44679.42 998.81 0.01 0.04 0.12 -1 -1
Result 0 0.0 2000 0.45 0.21 0.20 0.05 0.18 0.14 0.22 -1 -1 -1 -1
Evo 234.21 -999999.72 0.58 -1998.59 0.41 0.41 0.42 44676.64 998.75 0.01 0.03 0.10 -1 -1
Result 0 0.0 2000 0.45 0.23 0.19 0.14 0.19 0.01 0.24 -1 -1 -1 -1
Evo 90.80 -999999.99 0.60 -4497.29 0.44 0.47 0.49 66931.02 1496.25 0.01 0.05 0.13 -1 -1
Result 0 0.0 2000 0.43 0.19 0.18 0.13 0.16 0.13 0.21 -1 -1 -1 -1
Evo 193.84 -1000000.01 0.58 -2018.30 0.41 0.41 0.43 44684.47 998.93 0.01 0.05 0.14 -1 -1
Result 0 0.0 2000 0.46 0.21 0.20 0.14 0.19 0.04 0.21 -1 -1 -1 -1
Evo 90.84 -999999.91 0.62 -4497.28 0.45 0.47 0.50 66931.02 1496.25 0.01 0.04 0.12 -1 -1
Result 0 0.0 2000 0.43 0.20 0.20 0.13 0.17 0.11 0.19 -1 -1 -1 -1
Evo 217.13 -999999.96 0.61 -2014.20 0.41 0.41 0.42 44681.40 998.86 0.01 0.03 0.12 -1 -1
Result 0 0.0 2000 0.46 0.23 0.19 0.10 0.20 0.06 0.22 -1 -1 -1 -1
Evo 217.21 -1000000.03 0.63 -1998.59 0.41 0.41 0.42 44676.64 998.75 0.01 0.04 0.13 -1 -1
Result 0 0.0 2000 0.44 0.23 0.18 0.08 0.18 0.10 0.23 -1 -1 -1 -1
Evo 133.15 -999999.72 0.65 -2007.17 0.41 0.45 0.48 44677.91 998.78 0.01 0.05 0.15 -1 -1
Result 0 0.0 2000 0.43 0.22 0.18 0.14 0.17 0.08 0.21 -1 -1 -1 -1
Evo 90.58 -1000000.10 0.58 -4539.24 0.44 0.47 0.49 66937.02 1496.38 0.01 0.05 0.14 -1 -1
Result 0 0.0 2000 0.43 0.21 0.18 0.13 0.16 0.12 0.19 -1 -1 -1 -1
Evo 212.82 -1000000.10 0.56 -1998.58 0.41 0.41 0.42 44676.65 998.75 0.01 0.04 0.11 -1 -1
Result 0 0.0 2000 0.46 0.22 0.20 0.03 0.20 0.15 0.21 -1 -1 -1 -1
Evo 89.07 -999999.97 0.59 -4497.29 0.44 0.47 0.49 66931.01 1496.25 0.01 0.05 0.13 -1 -1
Result 0 0.0 2000 0.44 0.20 0.18 0.13 0.17 0.12 0.20 -1 -1 -1 -1
Evo 183.13 -999999.96 0.58 -1998.57 0.41 0.42 0.46 44676.64 998.75 0.01 0.05 0.13 -1 -1
Result 0 0.0 2000 0.46 0.20 0.19 0.14 0.19 0.05 0.23 -1 -1 -1 -1
Evo 135.60 -1000000.06 0.60 -2014.85 0.41 0.45 0.48 44679.21 998.81 0.01 0.04 0.13 -1 -1
Result 0 0.0 2000 0.46 0.21 0.18 0.11 0.19 0.09 0.21 -1 -1 -1 -1
Evo 178.64 -999999.96 0.54 -1998.58 0.40 0.41 0.43 44676.65 998.75 0.01 0.02 0.08 -1 -1
Result 0 0.0 2000 0.21 0.23 0.14 0.19 0.05 0.18 0.21 -1 -1 -1 -1
Evo 86.39 -999999.50 0.54 -4497.31 0.42 0.45 0.48 66930.99 1496.25 0.01 0.03 0.09 -1 -1
Result 0 0.0 2000 0.31 0.22 0.14 0.17 0.09 0.18 0.20 -1 -1 -1 -1
Evo 157.03 -1000000.05 0.58 -1998.58 0.40 0.41 0.45 44676.64 998.75 0.01 0.02 0.08 -1 -1
Result 0 0.0 2000 0.20 0.22 0.15 0.19 0.05 0.18 0.22 -1 -1 -1 -1
Evo 216.43 -999999.79 0.56 -1998.59 0.40 0.41 0.42 44676.64 998.75 0.01 0.03 0.08 -1 -1
Result 0 0.0 2000 0.11 0.23 0.14 0.20 0.02 0.18 0.23 -1 -1 -1 -1
Evo 125.52 -1000000.21 0.63 -1998.57 0.41 0.43 0.47 44676.65 998.75 0.01 0.03 0.10 -1 -1
Result 0 0.0 2000 0.28 0.22 0.14 0.18 0.07 0.18 0.20 -1 -1 -1 -1
Evo 156.60 -999999.82 0.54 -1998.58 0.40 0.41 0.45 44676.63 998.75 0.01 0.02 0.09 -1 -1
Result 0 0.0 2000 0.24 0.24 0.14 0.17 0.06 0.18 0.21 -1 -1 -1 -1
Evo 158.78 -1000000.15 0.57 -1998.58 0.40 0.41 0.45 44676.64 998.75 0.01 0.02 0.09 -1 -1
Result 0 0.0 2000 0.23 0.21 0.15 0.19 0.06 0.19 0.21 -1 -1 -1 -1
Evo 222.98 -999999.98 0.53 -1998.59 0.40 0.41 0.42 44676.64 998.75 0.01 0.02 0.08 -1 -1
Result 0 0.0 2000 0.09 0.23 0.14 0.19 0.01 0.19 0.22 -1 -1 -1 -1
Evo 88.01 -1000000.15 0.65 -4565.51 0.40 0.45 0.48 66938.66 1496.42 0.01 0.07 0.20 -1 -1
Result 0 0.0 2000 0.38 0.19 0.14 0.17 0.13 0.17 0.20 -1 -1 -1 -1
Evo 185.06 -999999.56 0.58 -1998.58 0.40 0.41 0.42 44676.63 998.75 0.01 0.02 0.08 -1 -1
Result 0 0.0 2000 0.17 0.21 0.15 0.20 0.04 0.19 0.21 -1 -1 -1 -1
Evo 171.90 -1000000.16 0.54 -1998.58 0.40 0.41 0.44 44676.65 998.75 0.01 0.03 0.09 -1 -1
Result 0 0.0 2000 0.25 0.23 0.14 0.17 0.06 0.17 0.23 -1 -1 -1 -1
Evo 221.93 -999999.95 0.64 -1998.59 0.40 0.41 0.42 44676.63 998.75 0.01 0.02 0.08 -1 -1
Result 0 0.0 2000 0.08 0.25 0.13 0.20 0.01 0.18 0.23 -1 -1 -1 -1
Evo 201.04 -999999.82 0.55 -1998.59 0.40 0.41 0.42 44676.64 998.75 0.01 0.02 0.08 -1 -1
Result 0 0.0 2000 0.13 0.23 0.14 0.19 0.02 0.19 0.22 -1 -1 -1 -1
Evo 236.49 -1000000.10 0.56 -1998.60 0.40 0.41 0.41 44676.64 998.75 0.01 0.02 0.08 -1 -1
Result 0 -1.0 2000 0.05 0.24 0.14 0.20 0.01 0.19 0.22 -1 -1 -1 -1
Evo 176.82 -999999.61 0.54 -1998.58 0.40 0.41 0.43 44676.63 998.75 0.01 0.03 0.08 -1 -1
Result 0 0.0 2000 0.18 0.23 0.14 0.19 0.04 0.19 0.22 -1 -1 -1 -1
Evo 122.07 -999999.85 0.56 -1998.57 0.40 0.42 0.47 44676.65 998.75 0.01 0.03 0.09 -1 -1
Result 0 0.0 2000 0.29 0.21 0.14 0.18 0.08 0.18 0.20 -1 -1 -1 -1
Evo 88.44 -999999.86 0.55 -4497.31 0.41 0.45 0.47 66931.00 1496.25 0.01 0.03 0.10 -1 -1
Result 0 0.0 2000 0.33 0.21 0.15 0.18 0.10 0.18 0.18 -1 -1 -1 -1
Evo 221.04 -999999.74 0.58 -1998.59 0.40 0.41 0.42 44676.64 998.75 0.01 0.02 0.08 -1 -1
Result 0 0.0 2000 0.10 0.23 0.14 0.20 0.02 0.20 0.22 -1 -1 -1 -1
Evo 153.10 -1000000.16 0.55 -1998.58 0.40 0.41 0.45 44676.65 998.75 0.01 0.03 0.09 -1 -1
Result 0 0.0 2000 0.29 0.22 0.13 0.17 0.08 0.16 0.24 -1 -1 -1 -1
Evo 86.52 -1000000.08 0.56 -4497.31 0.42 0.45 0.48 66931.02 1496.25 0.01 0.03 0.09 -1 -1
Result 0 0.0 2000 0.31 0.19 0.14 0.19 0.09 0.18 0.21 -1 -1 -1 -1
Evo 192.44 -1000000.06 0.39 -1998.66 0.33 0.35 0.36 44676.64 998.75 0.01 0.08 0.17 -1 -1
Result 0 0.0 2000 0.05 0.21 0.04 0.23 0.01 0.23 0.29 -1 -1 -1 -1
Evo 183.91 -999999.97 0.38 -1998.68 0.30 0.33 0.35 44676.64 998.75 0.01 0.06 0.16 -1 -1
Result 0 0.0 2000 0.30 0.25 0.02 0.20 0.08 0.18 0.27 -1 -1 -1 -1
Evo 202.56 -1000000.11 0.41 -1998.63 0.36 0.39 0.40 44676.64 998.75 0.01 0.13 0.22 -1 -1
Result 0 0.0 2000 0.17 0.28 0.13 0.08 0.03 0.18 0.29 -1 -1 -1 -1
Evo 186.27 -1000000.00 0.45 -2018.66 0.31 0.34 0.35 44684.69 998.93 0.01 0.10 0.23 -1 -1
Result 0 0.0 2000 0.27 0.24 0.03 0.19 0.07 0.18 0.29 -1 -1 -1 -1
Evo 190.86 -999999.97 0.63 -1998.66 0.33 0.34 0.36 44676.64 998.75 0.01 0.08 0.18 -1 -1
Result 0 0.0 2000 0.04 0.22 0.04 0.23 0.00 0.23 0.28 -1 -1 -1 -1
Evo 203.91 -999999.92 0.49 -2014.76 0.35 0.37 0.40 44681.73 998.86 0.01 0.17 0.39 -1 -1
Result 0 0.0 2000 0.32 0.26 0.05 0.12 0.09 0.19 0.29 -1 -1 -1 -1
Evo 202.22 -999999.96 0.49 -2023.62 0.35 0.37 0.40 44689.50 999.04 0.01 0.14 0.32 -1 -1
Result 0 0.0 2000 0.34 0.26 0.06 0.10 0.10 0.18 0.30 -1 -1 -1 -1
Evo 190.44 -1000000.03 0.41 -2035.23 0.33 0.34 0.36 44704.94 999.38 0.01 0.13 0.20 -1 -1
Result 0 0.0 2000 0.15 0.22 0.04 0.21 0.03 0.22 0.28 -1 -1 -1 -1
Evo 200.76 -999999.82 0.65 -1998.64 0.34 0.37 0.40 44676.63 998.75 0.01 0.13 0.27 -1 -1
Result 0 0.0 2000 0.24 0.26 0.09 0.11 0.06 0.18 0.29 -1 -1 -1 -1
Evo 202.34 -999999.99 0.49 -1998.64 0.34 0.37 0.39 44676.64 998.75 0.01 0.10 0.21 -1 -1
Result 0 0.0 2000 0.10 0.25 0.10 0.13 0.02 0.19 0.31 -1 -1 -1 -1
Evo 193.42 -999999.99 0.65 -1998.66 0.32 0.34 0.36 44676.63 998.75 0.01 0.13 0.19 -1 -1
Result 0 0.0 2000 0.12 0.23 0.04 0.21 0.02 0.21 0.29 -1 -1 -1 -1
Evo 200.82 -999999.82 0.41 -1998.64 0.34 0.37 0.40 44676.64 998.75 0.01 0.17 0.27 -1 -1
Result 0 0.0 2000 0.27 0.25 0.08 0.12 0.07 0.19 0.29 -1 -1 -1 -1
Evo 199.68 -999999.94 0.41 -1998.64 0.35 0.37 0.40 44676.64 998.75 0.01 0.11 0.20 -1 -1
Result 0 0.0 2000 0.09 0.27 0.11 0.12 0.02 0.20 0.28 -1 -1 -1 -1
Evo 200.48 -999999.62 0.41 -2071.17 0.34 0.36 0.39 44715.41 999.62 0.01 0.10 0.21 -1 -1
Result 0 0.0 2000 0.11 0.25 0.10 0.14 0.02 0.19 0.30 -1 -1 -1 -1
Evo 197.18 -1000000.04 0.49 -1998.66 0.33 0.35 0.37 44676.64 998.75 0.01 0.15 0.21 -1 -1
Result 0 0.0 2000 0.11 0.25 0.06 0.18 0.02 0.22 0.27 -1 -1 -1 -1
Evo 199.94 -999999.98 0.64 -2023.63 0.34 0.36 0.39 44689.50 999.04 0.01 0.11 0.22 -1 -1
Result 0 0.0 2000 0.13 0.25 0.10 0.13 0.02 0.19 0.30 -1 -1 -1 -1
Evo 192.75 -999999.72 0.65 -2010.85 0.33 0.34 0.36 44679.41 998.81 0.01 0.07 0.17 -1 -1
Result 0 0.0 2000 0.08 0.23 0.04 0.23 0.01 0.22 0.27 -1 -1 -1 -1
Evo 207.76 -999999.97 0.65 -1998.63 0.36 0.39 0.40 44676.64 998.75 0.01 0.15 0.29 -1 -1
Result 0 0.0 2000 0.40 0.26 0.04 0.07 0.14 0.18 0.30 -1 -1 -1 -1
Evo 205.45 -999999.78 0.65 -2087.83 0.36 0.39 0.40 44734.88 1000.05 0.01 0.15 0.26 -1 -1
Result 0 0.0 2000 0.25 0.27 0.12 0.08 0.06 0.17 0.30 -1 -1 -1 -1
Evo 195.66 -999999.83 0.49 -1998.65 0.33 0.35 0.37 44676.63 998.75 0.01 0.11 0.23 -1 -1
Result 0 0.0 2000 0.16 0.25 0.07 0.18 0.03 0.20 0.27 -1 -1 -1 -1
Evo 233.69 -999999.65 0.47 -1998.60 0.40 0.41 0.41 44676.63 998.75 0.01 0.02 0.10 -1 -1
Result 0 0.0 2000 0.43 0.24 0.17 0.02 0.16 0.17 0.24 -1 -1 -1 -1
Evo 218.04 -1000000.06 0.53 -1998.60 0.40 0.41 0.41 44676.64 998.75 0.01 0.03 0.09 -1 -1
Result 0 0.0 2000 0.43 0.24 0.17 0.02 0.17 0.17 0.24 -1 -1 -1 -1
Evo 196.76 -999999.94 0.52 -1998.60 0.40 0.41 0.41 44676.64 998.75 0.01 0.02 0.09 -1 -1
Result 0 0.0 2000 0.42 0.23 0.17 0.03 0.16 0.17 0.24 -1 -1 -1 -1
Evo 220.34 -1000000.22 0.51 -1998.60 0.39 0.40 0.41 44676.65 998.75 0.01 0.05 0.15 -1 -1
Result 0 0.0 2000 0.44 0.27 0.13 0.02 0.17 0.17 0.24 -1 -1 -1 -1
Evo 229.70 -999999.98 0.48 -1998.61 0.39 0.41 0.41 44676.64 998.75 0.01 0.06 0.12 -1 -1
Result 0 0.0 2000 0.43 0.25 0.17 0.01 0.16 0.16 0.24 -1 -1 -1 -1
Evo 232.89 -999999.67 0.50 -1998.60 0.40 0.41 0.41 44676.63 998.75 0.01 0.02 0.09 -1 -1
Result 0 0.0 2000 0.44 0.25 0.17 0.01 0.17 0.17 0.23 -1 -1 -1 -1
Evo 227.53 -999999.98 0.52 -1998.60 0.40 0.41 0.41 44676.64 998.75 0.01 0.03 0.10 -1 -1
Result 0 0.0 2000 0.42 0.26 0.16 0.02 0.16 0.15 0.25 -1 -1 -1 -1
Evo 206.42 -999999.90 0.63 -1998.60 0.40 0.41 0.41 44676.64 998.75 0.01 0.03 0.10 -1 -1
Result 0 0.0 2000 0.42 0.24 0.17 0.03 0.16 0.16 0.24 -1 -1 -1 -1
Evo 158.99 -999999.76 0.63 -1998.59 0.39 0.41 0.42 44676.64 998.75 0.01 0.03 0.09 -1 -1
Result 0 0.0 2000 0.40 0.23 0.15 0.06 0.14 0.15 0.26 -1 -1 -1 -1
Evo 233.33 -999999.96 0.65 -1998.60 0.40 0.41 0.41 44676.63 998.75 0.01 0.03 0.10 -1 -1
Result 0 0.0 2000 0.42 0.26 0.16 0.01 0.16 0.16 0.24 -1 -1 -1 -1
Evo 222.25 -1000000.00 0.52 -1998.60 0.40 0.41 0.41 44676.64 998.75 0.01 0.02 0.09 -1 -1
Result 0 0.0 2000 0.43 0.24 0.16 0.02 0.16 0.16 0.25 -1 -1 -1 -1
Evo 223.00 -999999.94 0.50 -1998.60 0.40 0.41 0.41 44676.65 998.75 0.01 0.02 0.10 -1 -1
Result 0 0.0 2000 0.44 0.23 0.17 0.01 0.17 0.17 0.25 -1 -1 -1 -1
Evo 228.21 -999999.77 0.50 -1998.60 0.40 0.41 0.41 44676.63 998.75 0.01 0.02 0.10 -1 -1
Result 0 0.0 2000 0.44 0.23 0.17 0.01 0.18 0.17 0.24 -1 -1 -1 -1
Evo 232.87 -1000000.00 0.64 -1998.60 0.40 0.41 0.41 44676.64 998.75 0.01 0.03 0.10 -1 -1
Result 0 -1.0 2000 0.43 0.25 0.16 0.01 0.17 0.17 0.24 -1 -1 -1 -1
Evo 231.92 -999999.95 0.47 -1998.60 0.40 0.41 0.41 44676.63 998.75 0.01 0.03 0.10 -1 -1
Result 0 0.0 2000 0.42 0.25 0.17 0.02 0.16 0.16 0.25 -1 -1 -1 -1
Evo 229.42 -1000000.03 0.51 -1998.60 0.40 0.41 0.41 44676.64 998.75 0.01 0.02 0.10 -1 -1
Result 0 0.0 2000 0.44 0.24 0.17 0.01 0.17 0.17 0.25 -1 -1 -1 -1
Evo 213.14 -1000000.11 0.64 -1998.60 0.40 0.41 0.41 44676.64 998.75 0.01 0.02 0.10 -1 -1
Result 0 0.0 2000 0.43 0.25 0.16 0.02 0.16 0.16 0.24 -1 -1 -1 -1
Evo 205.19 -999999.88 0.53 -1998.61 0.38 0.39 0.40 44676.64 998.75 0.01 0.04 0.14 -1 -1
Result 0 0.0 2000 0.44 0.31 0.04 0.03 0.17 0.17 0.28 -1 -1 -1 -1
Evo 233.23 -999999.78 0.51 -1998.60 0.40 0.41 0.41 44676.64 998.75 0.01 0.02 0.10 -1 -1
Result 0 0.0 2000 0.43 0.24 0.17 0.01 0.17 0.17 0.25 -1 -1 -1 -1
Evo 206.40 -1000000.15 0.53 -1998.60 0.40 0.41 0.41 44676.64 998.75 0.01 0.02 0.09 -1 -1
Result 0 0.0 2000 0.44 0.23 0.16 0.03 0.17 0.17 0.23 -1 -1 -1 -1
