Evo 42.18 0.74 934663.12 22885.47 10.62 14.69 44.06 120774.00 9027.07 0.04 0.27 0.58 -1 -1
Result 1 54.0 178 0.47 0.14 0.22 0.21 0.21 0.22 -1 -1 -1 -1 -1
Evo 24.61 1.24 1000000.55 15120.94 10.94 24.77 26.85 104729.33 4736.02 0.02 0.35 0.58 -1 -1
Result 1 36.0 488 0.46 0.22 0.17 0.21 0.19 0.21 -1 -1 -1 -1 -1
Evo 27.24 -377348.27 15.90 -28137.85 8.90 10.77 10.82 73628.26 5180.47 0.04 0.14 0.28 -1 -1
Result 0 14.0 201 0.49 0.23 0.17 0.21 0.15 0.23 -1 -1 -1 -1 -1
Evo 20.92 1.31 1000000.23 31553.98 10.77 12.19 49.57 146039.90 11233.84 0.04 0.28 0.57 -1 -1
Result 1 62.0 168 0.45 0.15 0.18 0.25 0.19 0.22 -1 -1 -1 -1 -1
Evo 23.79 0.98 1000000.01 25406.56 10.77 10.90 17.22 134931.11 8416.77 0.03 0.24 0.50 -1 -1
Result 1 38.0 256 0.43 0.19 0.17 0.26 0.19 0.20 -1 -1 -1 -1 -1
Evo 25.18 0.81 993266.03 27208.45 14.67 14.85 21.01 106730.71 6471.50 0.03 0.26 0.49 -1 -1
Result 1 26.0 271 0.47 0.18 0.19 0.21 0.21 0.22 -1 -1 -1 -1 -1
Evo 26.19 -124990.50 999999.70 14185.98 10.85 33.40 55.65 84557.93 3972.88 0.02 0.42 0.64 -1 -1
Result 1 58.0 452 0.44 0.20 0.19 0.21 0.18 0.23 -1 -1 -1 -1 -1
Evo 12.32 0.83 1000001.02 236263.52 61.86 65.05 250048.82 416538.41 11896.24 0.01 0.54 0.66 -1 -1
Result 1 66.0 1225 0.46 0.19 0.19 0.21 0.20 0.21 -1 -1 -1 -1 -1
Evo 33.11 0.83 1000000.56 31060.25 10.69 10.79 13.56 147713.06 12439.68 0.05 0.18 0.41 -1 -1
Result 1 20.0 140 0.45 0.19 0.16 0.25 0.18 0.22 -1 -1 -1 -1 -1
Evo 29.40 0.83 999999.63 50980.29 10.62 11.04 13.65 189543.38 17910.17 0.06 0.17 0.40 -1 -1
Result 1 22.0 111 0.38 0.13 0.22 0.19 0.21 0.26 -1 -1 -1 -1 -1
Evo 27.12 1.13 1000000.62 46528.36 10.69 10.77 13.12 177837.89 14667.82 0.05 0.19 0.42 -1 -1
Result 1 22.0 146 0.44 0.18 0.20 0.18 0.18 0.26 -1 -1 -1 -1 -1
Evo 24.46 -999999.30 12.85 -69644.35 3.78 10.81 10.90 170249.52 10229.30 0.03 0.14 0.23 -1 -1
Result 0 12.0 276 0.48 0.17 0.22 0.21 0.20 0.21 -1 -1 -1 -1 -1
Evo 30.11 1.15 1000000.57 48540.43 10.62 11.04 28.58 152924.79 14198.71 0.06 0.19 0.41 -1 -1
Result 1 34.0 115 0.45 0.16 0.12 0.28 0.18 0.26 -1 -1 -1 -1 -1
Evo 36.14 0.99 999999.70 25201.71 15.95 58.62 60.16 104799.42 5362.00 0.02 0.42 0.66 -1 -1
Result 1 68.0 381 0.43 0.17 0.19 0.23 0.21 0.21 -1 -1 -1 -1 -1
Evo 22.79 1.08 999999.87 12185.60 10.77 14.85 15.38 96923.26 5844.69 0.03 0.31 0.56 -1 -1
Result 1 36.0 274 0.42 0.16 0.21 0.18 0.23 0.22 -1 -1 -1 -1 -1
Evo 22.34 0.94 1000000.54 111169.39 10.67 12.67 148158.80 192491.12 16040.93 0.05 0.20 0.46 -1 -1
Result 1 20.0 143 0.47 0.19 0.18 0.18 0.21 0.24 -1 -1 -1 -1 -1
Evo 49.09 0.83 999999.85 16500.03 12.40 12.79 18.62 98848.93 5384.64 0.02 0.33 0.58 -1 -1
Result 1 30.0 336 0.45 0.18 0.18 0.24 0.20 0.20 -1 -1 -1 -1 -1
Evo 25.96 0.99 999999.78 36418.50 10.69 10.94 17.05 161123.22 12620.14 0.05 0.20 0.44 -1 -1
Result 1 30.0 162 0.44 0.14 0.17 0.24 0.17 0.28 -1 -1 -1 -1 -1
Evo 61.51 0.79 1000000.37 54274.58 2.67 12.53 12.74 168524.70 13080.05 0.04 0.19 0.36 -1 -1
Result 1 14.0 165 0.46 0.19 0.20 0.23 0.17 0.20 -1 -1 -1 -1 -1
Evo 25.66 0.89 999999.94 16885.15 10.77 13.91 53.59 98085.88 5958.29 0.03 0.28 0.51 -1 -1
Result 1 58.0 270 0.45 0.19 0.17 0.20 0.22 0.22 -1 -1 -1 -1 -1
Evo 35.22 1.74 1000000.37 44387.78 12.53 12.75 20.34 144731.69 11817.29 0.05 0.21 0.57 -1 -1
Result 1 32.0 149 0.42 0.16 0.22 0.19 0.18 0.25 -1 -1 -1 -1 -1
Evo 30.44 3.91 1000000.22 30143.79 22.62 22.81 25.02 133511.71 8672.52 0.03 0.29 0.62 -1 -1
Result 1 32.0 236 0.47 0.21 0.18 0.22 0.22 0.18 -1 -1 -1 -1 -1
Evo 37.08 2.74 1000000.60 46783.78 15.45 16.67 17.40 176920.89 15577.02 0.05 0.20 0.57 -1 -1
Result 1 26.0 128 0.48 0.15 0.19 0.26 0.22 0.19 -1 -1 -1 -1 -1
Evo 38.61 3.87 895164.63 60173.65 16.53 16.69 24.05 179063.33 15242.88 0.05 0.25 0.63 -1 -1
Result 1 30.0 137 0.41 0.18 0.21 0.20 0.15 0.25 -1 -1 -1 -1 -1
Evo 43.93 2.74 1000000.61 46077.43 18.40 23.06 30.81 153095.13 9005.60 0.03 0.34 0.68 -1 -1
Result 1 32.0 288 0.44 0.15 0.22 0.22 0.18 0.24 -1 -1 -1 -1 -1
Evo 60.53 2.28 994460.41 34591.43 14.03 14.67 19.06 159184.29 11488.14 0.04 0.29 0.66 -1 -1
Result 1 34.0 191 0.47 0.14 0.21 0.22 0.21 0.22 -1 -1 -1 -1 -1
Evo 40.96 2.13 1000000.06 28729.65 15.16 21.84 22.74 149632.51 12018.77 0.05 0.24 0.62 -1 -1
Result 1 30.0 154 0.42 0.16 0.22 0.24 0.19 0.19 -1 -1 -1 -1 -1
Evo 32.08 2.07 999999.65 15844.41 16.62 16.90 19.05 102054.41 5494.42 0.02 0.28 0.58 -1 -1
Result 1 32.0 344 0.44 0.24 0.17 0.19 0.19 0.21 -1 -1 -1 -1 -1
Evo 38.51 1.99 1000000.02 29504.16 16.53 22.62 22.82 132275.71 10056.74 0.04 0.25 0.63 -1 -1
Result 1 34.0 172 0.46 0.17 0.20 0.23 0.20 0.20 -1 -1 -1 -1 -1
Evo 18.82 3.24 999999.78 7324.84 20.85 20.96 21.34 59430.67 2588.84 0.02 0.34 0.61 -1 -1
Result 1 30.0 526 0.46 0.20 0.19 0.20 0.19 0.22 -1 -1 -1 -1 -1
Evo 24.14 3.85 1000000.57 37279.84 16.77 16.94 21.06 148094.71 8963.10 0.03 0.28 0.60 -1 -1
Result 1 32.0 272 0.44 0.21 0.17 0.20 0.18 0.25 -1 -1 -1 -1 -1
Evo 24.72 3.99 1000000.50 10203.26 20.72 20.90 20.99 77211.60 3668.43 0.02 0.25 0.43 -1 -1
Result 1 30.0 442 0.45 0.17 0.21 0.19 0.19 0.25 -1 -1 -1 -1 -1
Evo 29.59 3.42 1000000.64 40010.00 20.30 20.77 21.65 138104.31 9047.51 0.03 0.29 0.63 -1 -1
Result 1 28.0 232 0.47 0.18 0.20 0.22 0.21 0.20 -1 -1 -1 -1 -1
Evo 74.94 2.19 1000000.20 12214.69 18.40 22.61 23.35 85016.67 5825.25 0.04 0.26 0.59 -1 -1
Result 1 34.0 212 0.45 0.14 0.23 0.23 0.18 0.21 -1 -1 -1 -1 -1
Evo 24.90 3.26 999999.70 22529.87 20.67 20.85 20.99 114704.24 7006.68 0.03 0.27 0.59 -1 -1
Result 1 32.0 267 0.45 0.19 0.18 0.21 0.21 0.22 -1 -1 -1 -1 -1
Evo 24.21 3.81 990610.87 20935.33 16.74 18.82 26.77 111270.13 6413.50 0.03 0.35 0.68 -1 -1
Result 1 30.0 300 0.45 0.19 0.23 0.21 0.17 0.20 -1 -1 -1 -1 -1
Evo 38.99 2.50 799013.54 28241.54 22.53 22.74 23.43 131287.45 10129.05 0.04 0.24 0.63 -1 -1
Result 1 32.0 167 0.49 0.18 0.17 0.22 0.23 0.20 -1 -1 -1 -1 -1
Evo 27.49 3.20 1000000.75 69065.17 20.81 24.29 52662.47 164535.78 6965.36 0.02 0.45 0.64 -1 -1
Result 1 34.0 557 0.45 0.19 0.18 0.21 0.20 0.22 -1 -1 -1 -1 -1
Evo 52.49 2.58 999999.82 71514.32 15.65 20.53 20.72 197813.94 16778.36 0.05 0.24 0.64 -1 -1
Result 1 30.0 138 0.33 0.10 0.24 0.25 0.22 0.19 -1 -1 -1 -1 -1
Evo 33.18 2.76 994839.20 45414.61 12.61 13.08 21.68 183765.16 20545.57 0.08 0.17 0.56 -1 -1
Result 1 30.0 79 0.39 0.19 0.20 0.15 0.14 0.33 -1 -1 -1 -1 -1
Evo 43.25 0.67 999999.95 19272.92 20.53 20.77 38.45 112563.12 6282.66 0.03 0.37 0.67 -1 -1
Result 1 52.0 320 0.39 0.13 0.18 0.26 0.18 0.24 -1 -1 -1 -1 -1
Evo 84.49 0.67 737048.82 11006.09 19.35 34.40 34.53 82848.88 7626.86 0.06 0.18 0.56 -1 -1
Result 1 46.0 117 0.45 0.18 0.14 0.27 0.19 0.22 -1 -1 -1 -1 -1
Evo 70.87 0.69 1000000.26 39989.19 8.55 40.07 42.53 165148.64 11887.66 0.04 0.31 0.63 -1 -1
Result 1 52.0 192 0.48 0.14 0.22 0.24 0.18 0.22 -1 -1 -1 -1 -1
Evo 24.42 0.72 1000000.23 49437.25 6.60 18.04 32.40 200631.79 20693.59 0.07 0.21 0.56 -1 -1
Result 1 44.0 93 0.23 0.05 0.19 0.31 0.18 0.27 -1 -1 -1 -1 -1
Evo 54.05 0.67 1000000.27 19103.97 45.76 48.62 48.85 83121.72 4759.54 0.03 0.35 0.65 -1 -1
Result 1 54.0 304 0.39 0.14 0.24 0.21 0.21 0.21 -1 -1 -1 -1 -1
Evo 60.08 0.75 999999.96 29404.01 15.01 38.10 44.53 134614.57 11761.33 0.05 0.25 0.61 -1 -1
Result 1 48.0 130 0.34 0.11 0.23 0.29 0.23 0.15 -1 -1 -1 -1 -1
Evo 44.37 0.67 981609.89 64666.65 10.32 42.02 50.53 186426.69 16350.70 0.05 0.26 0.63 -1 -1
Result 1 54.0 129 0.47 0.14 0.21 0.26 0.17 0.22 -1 -1 -1 -1 -1
Evo 42.94 -999999.31 36.48 -85026.43 -29376.57 8.83 26.06 186098.31 18517.47 0.07 0.19 0.59 -1 -1
Result 0 36.0 100 0.40 0.14 0.22 0.27 0.16 0.22 -1 -1 -1 -1 -1
Evo 56.14 0.67 999999.96 33081.08 6.56 36.64 38.53 151214.15 13861.78 0.06 0.25 0.63 -1 -1
Result 1 48.0 118 0.33 0.10 0.21 0.29 0.18 0.22 -1 -1 -1 -1 -1
Evo 67.42 0.67 999999.90 26107.34 27.94 48.07 50.62 133801.28 10202.25 0.04 0.27 0.59 -1 -1
Result 1 52.0 171 0.47 0.17 0.17 0.26 0.20 0.20 -1 -1 -1 -1 -1
Evo 25.41 0.72 994798.77 29397.81 9.72 22.69 42.06 149532.24 14388.75 0.06 0.23 0.58 -1 -1
Result 1 52.0 107 0.30 0.08 0.23 0.27 0.24 0.18 -1 -1 -1 -1 -1
Evo 87.62 0.69 1000000.01 27982.48 23.33 38.53 42.40 153545.38 13624.95 0.06 0.22 0.55 -1 -1
Result 1 48.0 126 0.46 0.12 0.18 0.24 0.20 0.26 -1 -1 -1 -1 -1
Evo 57.78 0.67 990588.96 49407.05 6.43 38.76 50.62 170278.41 14391.15 0.05 0.24 0.66 -1 -1
Result 1 52.0 139 0.40 0.14 0.17 0.29 0.18 0.22 -1 -1 -1 -1 -1
Evo 28.66 0.67 999999.82 45889.73 42.67 43.60 66706.46 103583.42 5078.59 0.02 0.33 0.65 -1 -1
Result 1 52.0 415 0.43 0.17 0.20 0.24 0.22 0.18 -1 -1 -1 -1 -1
Evo 38.47 -712752.70 45.66 -39115.56 1.28 17.36 37.07 115653.23 11623.59 0.07 0.20 0.56 -1 -1
Result 0 44.0 98 0.45 0.13 0.18 0.34 0.21 0.13 -1 -1 -1 -1 -1
Evo 42.03 0.75 1000000.33 20219.11 6.79 23.76 36.40 126442.33 14798.96 0.08 0.17 0.56 -1 -1
Result 1 48.0 72 0.35 0.12 0.15 0.36 0.11 0.26 -1 -1 -1 -1 -1
Evo 51.34 0.67 999999.67 51342.57 18.28 50.53 50.74 142442.12 10416.40 0.04 0.30 0.64 -1 -1
Result 1 52.0 186 0.45 0.16 0.18 0.24 0.19 0.24 -1 -1 -1 -1 -1
Evo 37.80 0.75 999999.73 30307.28 6.55 19.82 38.40 133953.56 13072.53 0.06 0.21 0.61 -1 -1
Result 1 52.0 104 0.46 0.16 0.20 0.30 0.10 0.23 -1 -1 -1 -1 -1
Evo 58.48 0.67 1000000.38 55782.53 15.62 46.57 50.67 177764.74 11850.98 0.03 0.31 0.66 -1 -1
Result 1 52.0 224 0.45 0.18 0.19 0.23 0.18 0.22 -1 -1 -1 -1 -1
Evo 59.75 0.82 1000000.27 30565.56 23.16 45.26 48.57 136764.31 11280.13 0.05 0.29 0.66 -1 -1
Result 1 58.0 146 0.30 0.08 0.20 0.22 0.23 0.26 -1 -1 -1 -1 -1
Evo 18.54 0.88 993651.24 55177.40 4.03 9.69 17.67 197919.97 25135.86 0.10 0.14 0.50 -1 -1
Result 1 22.0 61 0.44 0.13 0.21 0.11 0.18 0.37 -1 -1 -1 -1 -1
Evo 38.28 0.79 994811.85 27751.99 3.67 7.72 11.63 151515.70 18650.29 0.09 0.17 0.51 -1 -1
Result 1 22.0 65 0.46 0.06 0.24 0.11 0.20 0.39 -1 -1 -1 -1 -1
Evo 18.64 0.83 1000000.24 33624.68 8.19 11.13 14.21 160005.85 21193.29 0.10 0.13 0.49 -1 -1
Result 1 22.0 56 0.31 0.09 0.32 0.05 0.18 0.37 -1 -1 -1 -1 -1
Evo 57.67 0.94 994730.05 71772.98 6.58 14.01 18.61 210285.15 22943.99 0.08 0.18 0.54 -1 -1
Result 1 22.0 83 0.43 0.12 0.15 0.21 0.17 0.35 -1 -1 -1 -1 -1
Evo 17.98 1.17 1000000.31 68326.04 7.44 12.48 18708.56 208066.03 28853.57 0.11 0.14 0.48 -1 -1
Result 1 22.0 51 0.32 0.10 0.29 0.08 0.15 0.38 -1 -1 -1 -1 -1
Evo 70.38 0.72 1000000.01 27872.31 5.42 15.70 16.53 120858.48 12810.97 0.07 0.19 0.56 -1 -1
Result 1 22.0 88 0.45 0.18 0.21 0.12 0.17 0.31 -1 -1 -1 -1 -1
Evo 24.21 0.90 999999.63 55405.51 5.47 9.04 14.51 175446.82 25063.83 0.11 0.13 0.47 -1 -1
Result 1 22.0 48 0.48 0.06 0.22 0.14 0.14 0.43 -1 -1 -1 -1 -1
Evo 59.18 0.95 994269.68 55207.09 5.97 14.22 18.29 178874.13 18854.99 0.07 0.18 0.54 -1 -1
Result 1 22.0 89 0.43 0.17 0.19 0.17 0.17 0.31 -1 -1 -1 -1 -1
Evo 33.23 0.94 1000000.31 45560.29 4.47 9.94 9824.02 137075.31 16267.85 0.09 0.16 0.51 -1 -1
Result 1 22.0 70 0.46 0.11 0.20 0.11 0.27 0.31 -1 -1 -1 -1 -1
Evo 32.91 0.84 999999.68 41814.87 9.88 18.55 18.72 136725.06 12862.01 0.06 0.19 0.49 -1 -1
Result 1 22.0 112 0.40 0.16 0.19 0.18 0.14 0.34 -1 -1 -1 -1 -1
Evo 16.71 0.95 999999.73 57739.99 4.34 8.91 16.68 184042.87 31108.92 0.15 0.11 0.48 -1 -1
Result 1 22.0 34 0.15 0.03 0.29 -1 0.14 0.54 -1 -1 -1 -1 -1
Evo 29.04 1.09 1000000.61 33311.03 4.44 7.11 12.57 155754.22 21394.49 0.11 0.11 0.44 -1 -1
Result 1 22.0 52 0.50 0.23 0.25 0.02 0.17 0.34 -1 -1 -1 -1 -1
Evo 22.26 0.79 1000000.05 99823.73 6.44 13.07 20427.98 236890.77 29845.43 0.09 0.15 0.49 -1 -1
Result 1 22.0 62 0.46 0.14 0.27 0.05 0.19 0.35 -1 -1 -1 -1 -1
Evo 74.09 1.14 1000000.39 48870.93 6.57 16.58 20.40 171750.51 19323.44 0.08 0.17 0.49 -1 -1
Result 1 22.0 78 0.40 0.14 0.22 0.14 0.14 0.37 -1 -1 -1 -1 -1
Evo 59.29 0.94 999999.90 25343.34 16.55 18.62 18.79 116603.70 8969.52 0.04 0.23 0.60 -1 -1
Result 1 24.0 168 0.42 0.15 0.27 0.20 0.17 0.21 -1 -1 -1 -1 -1
Evo 61.87 0.89 999999.76 47971.90 5.58 12.63 20.40 191038.01 22998.27 0.09 0.15 0.52 -1 -1
Result 1 22.0 68 0.45 0.17 0.19 0.12 0.14 0.38 -1 -1 -1 -1 -1
Evo 19.06 0.88 1000000.02 26979.21 3.23 7.62 15.73 140610.07 19314.28 0.11 0.13 0.51 -1 -1
Result 1 22.0 52 0.28 0.08 0.28 0.04 0.23 0.38 -1 -1 -1 -1 -1
Evo 47.66 0.77 999999.67 55367.46 20.21 20.67 20.82 171310.95 12267.83 0.04 0.28 0.62 -1 -1
Result 1 24.0 194 0.43 0.19 0.21 0.23 0.17 0.21 -1 -1 -1 -1 -1
Evo 22.57 0.76 1000000.44 25383.50 3.84 8.05 13.98 135521.21 17643.36 0.10 0.13 0.49 -1 -1
Result 1 22.0 58 0.30 0.08 0.27 0.05 0.24 0.36 -1 -1 -1 -1 -1
Evo 22.18 0.79 999999.95 46687.58 1.79 7.08 13.87 164467.41 21784.24 0.10 0.12 0.47 -1 -1
Result 1 22.0 56 0.34 0.11 0.26 0.04 0.23 0.37 -1 -1 -1 -1 -1
Evo 28.75 0.67 999999.72 69305.11 0.74 3.97 11.05 194566.92 20624.05 0.07 0.13 0.35 -1 -1
Result 1 14.0 88 0.45 0.16 0.16 0.21 0.18 0.29 -1 -1 -1 -1 -1
Evo 21.13 0.67 1000000.39 142148.68 0.74 11.00 230778.81 238215.13 27147.13 0.08 0.13 0.33 -1 -1
Result 1 14.0 76 0.50 0.16 0.22 0.13 0.25 0.25 -1 -1 -1 -1 -1
Evo 41.18 0.62 1000000.15 48030.64 7.02 12.62 12.74 163966.87 15158.74 0.06 0.15 0.36 -1 -1
Result 1 14.0 116 0.47 0.21 0.13 0.19 0.25 0.23 -1 -1 -1 -1 -1
Evo 34.16 0.62 820002.32 83676.22 10.55 12.72 111122.48 160527.47 13020.50 0.05 0.17 0.29 -1 -1
Result 1 14.0 151 0.44 0.14 0.18 0.24 0.20 0.23 -1 -1 -1 -1 -1
Evo 23.39 0.67 850748.71 42932.08 0.82 8.79 33345.40 105538.36 8734.42 0.05 0.15 0.33 -1 -1
Result 1 14.0 145 0.47 0.19 0.21 0.17 0.21 0.22 -1 -1 -1 -1 -1
Evo 24.18 0.67 993496.55 47080.07 0.77 1.17 9.70 171989.46 15445.11 0.06 0.15 0.38 -1 -1
Result 1 14.0 123 0.38 0.23 0.13 0.21 0.18 0.26 -1 -1 -1 -1 -1
Evo 29.10 0.67 948498.86 73263.88 0.74 7.97 22739.42 179514.59 20070.34 0.08 0.10 0.29 -1 -1
Result 1 14.0 79 0.44 0.24 0.13 0.20 0.18 0.26 -1 -1 -1 -1 -1
Evo 75.73 0.67 994791.58 38647.16 5.74 10.55 12.40 151413.47 17368.32 0.08 0.13 0.38 -1 -1
Result 1 14.0 75 0.32 0.21 0.09 0.20 0.18 0.32 -1 -1 -1 -1 -1
Evo 47.50 0.67 1000000.47 57475.83 5.33 12.53 12.62 171631.69 19559.25 0.08 0.13 0.29 -1 -1
Result 1 14.0 76 0.51 0.18 0.13 0.22 0.26 0.21 -1 -1 -1 -1 -1
Evo 48.62 0.67 783786.77 30117.40 10.30 12.61 12.69 112969.85 11777.92 0.07 0.15 0.36 -1 -1
Result 1 14.0 91 0.44 0.17 0.21 0.21 0.21 0.21 -1 -1 -1 -1 -1
Evo 27.21 0.67 1000000.60 184811.14 0.75 12.69 314294.50 296319.02 32525.24 0.08 0.14 0.35 -1 -1
Result 1 14.0 82 0.30 0.18 0.08 0.17 0.27 0.30 -1 -1 -1 -1 -1
Evo 21.90 0.67 999999.75 34222.17 0.81 1.05 9.06 148296.54 10307.32 0.04 0.23 0.47 -1 -1
Result 1 14.0 206 0.45 0.14 0.24 0.19 0.18 0.24 -1 -1 -1 -1 -1
Evo 13.99 0.67 1000000.62 28584.96 0.96 1.05 2.05 113454.02 5183.85 0.02 0.26 0.35 -1 -1
Result 1 14.0 478 0.48 0.18 0.20 0.22 0.22 0.18 -1 -1 -1 -1 -1
Evo 46.40 0.67 1000000.20 36951.35 6.89 12.53 12.67 153978.98 16901.39 0.08 0.09 0.24 -1 -1
Result 1 14.0 82 0.39 0.19 0.13 0.25 0.22 0.20 -1 -1 -1 -1 -1
Evo 39.16 0.67 999999.94 100927.66 9.08 12.61 42565.11 242650.72 25161.71 0.07 0.14 0.38 -1 -1
Result 1 14.0 92 0.42 0.16 0.18 0.17 0.23 0.26 -1 -1 -1 -1 -1
Evo 31.66 0.67 999999.74 92430.10 1.72 10.62 10.75 216601.31 30330.25 0.11 0.07 0.26 -1 -1
Result 1 14.0 50 0.42 0.16 0.16 0.18 0.27 0.24 -1 -1 -1 -1 -1
Evo 62.14 0.67 999999.69 111682.76 8.21 10.65 48398.87 245635.01 24203.14 0.06 0.15 0.35 -1 -1
Result 1 14.0 102 0.42 0.24 0.16 0.16 0.24 0.20 -1 -1 -1 -1 -1
Evo 25.44 0.67 1000000.17 37112.38 0.77 0.85 10.81 151187.72 11915.26 0.05 0.18 0.40 -1 -1
Result 1 14.0 160 0.40 0.21 0.14 0.20 0.17 0.27 -1 -1 -1 -1 -1
Evo 43.91 0.67 991011.67 80340.18 10.53 12.53 105274.33 161280.59 13630.70 0.05 0.13 0.31 -1 -1
Result 1 14.0 139 0.42 0.26 0.16 0.19 0.16 0.24 -1 -1 -1 -1 -1
Evo 28.92 0.67 1000000.31 52922.45 9.47 12.67 12.85 140886.49 9392.43 0.03 0.21 0.32 -1 -1
Result 1 14.0 224 0.48 0.16 0.19 0.21 0.22 0.21 -1 -1 -1 -1 -1
