Result 1 1.0 32 -445150777
Result 1 1.0 77 937745563
Result 1 1.0 17 -583500637
Result 1 1.0 6 881650741
Result 1 1.0 15 731114172
Result 1 1.0 10 1957948520
Result 1 1.0 21 -43643991
Result 1 1.0 7 163473469
Result 1 1.0 16 -918793058
Result 1 1.0 11 2099312451
Result 1 1.0 44 346632578
Result 1 1.0 10 -840159960
Result 1 1.0 33 -509913185
Result 1 1.0 16 -1670912652
Result 1 1.0 8 543615500
Result 1 1.0 32 -1767693751
Result 1 1.0 26 2045494069
Result 1 1.0 18 446975052
Result 1 1.0 16 170498299
Result 1 1.0 6 -2130011268
Result 0 0.0 2000 -1212030696
Result 0 0.0 2000 566664117
Result 0 0.0 2000 1295273179
Result 0 0.0 2000 500450263
Result 0 0.0 2000 1438252957
Result 0 0.0 2000 -1444749584
Result 1 1.0 856 -665878115
Result 1 1.0 894 -1781123194
Result 0 0.0 2000 -1544441054
Result 0 0.0 2000 794708977
Result 0 0.0 2000 344021726
Result 0 0.0 2000 1447949522
Result 0 0.0 2000 621916352
Result 0 0.0 2000 1783144768
Result 0 0.0 2000 1975585795
Result 0 0.0 2000 1457618992
Result 0 0.0 2000 -1399994034
Result 0 0.0 2000 -1539144429
Result 0 0.0 2000 -111588952
Result 0 0.0 2000 234443803
Result 0 0.0 2000 540401730
Result 0 0.0 2000 -1596975386
Result 0 0.0 2000 1869940786
Result 0 0.0 2000 -269102773
Result 0 0.0 2000 -1547123859
Result 0 0.0 2000 -971166549
Result 0 0.0 2000 121501495
Result 0 0.0 2000 1312789441
Result 0 0.0 2000 302072083
Result 0 0.0 2000 -567668328
Result 0 0.0 2000 -1346480438
Result 0 0.0 2000 455791730
Result 0 0.0 2000 -395887312
Result 0 0.0 2000 350455598
Result 0 0.0 2000 1346910057
Result 0 0.0 2000 -1733283162
Result 0 0.0 2000 -509643764
Result 0 0.0 2000 -1887676603
Result 0 0.0 2000 -1498602574
Result 0 0.0 2000 480839625
Result 0 0.0 2000 -202665120
Result 0 0.0 2000 -19764623
Result 0 0.0 2000 -953270543
Result 0 0.0 2000 -207012956
Result 0 0.0 2000 -966371895
Result 0 0.0 2000 -1307116541
Result 0 0.0 2000 -1155063924
Result 0 0.0 2000 -444985850
Result 0 0.0 2000 -1083825541
Result 0 0.0 2000 122820114
Result 0 0.0 2000 981508826
Result 0 0.0 2000 -1615964463
Result 0 0.0 2000 1483964920
Result 0 0.0 2000 1226446588
Result 0 0.0 2000 -836836582
Result 0 0.0 2000 1783862307
Result 0 0.0 2000 436394599
Result 0 0.0 2000 1502064594
Result 0 0.0 2000 -279591280
Result 0 0.0 2000 1031696273
Result 0 0.0 2000 1689930287
Result 0 0.0 2000 -1865338434
Result 0 0.0 2000 722222788
Result 0 0.0 2000 -1889762467
Result 0 0.0 2000 -717770871
Result 0 0.0 2000 -2117798173
Result 0 0.0 2000 448838799
Result 0 0.0 2000 2039263956
Result 0 0.0 2000 893528571
Result 0 0.0 2000 723295274
Result 0 0.0 2000 901808874
Result 0 0.0 2000 1560666790
Result 0 0.0 2000 1378913566
Result 0 0.0 2000 185679491
Result 0 0.0 2000 1934851964
Result 0 0.0 2000 -123874879
Result 1 1.0 634 1862427250
Result 0 0.0 2000 643422100
Result 0 0.0 2000 -858350289
Result 0 0.0 2000 -908137742
