Result 0 -1.0 882 2079433355
Result 0 -1.0 501 484497578
Result 0 -1.0 165 -427644998
Result 0 -1.0 1833 -436139793
Result 0 -1.0 744 190024278
Result 0 0.0 2000 1872756868
Result 0 0.0 2000 85466959
Result 0 -1.0 1455 1939366150
Result 0 -1.0 1341 -641556894
Result 1 5.0 584 -924696351
Result 0 -1.0 369 -574633929
Result 0 -1.0 645 -1590546769
Result 0 -1.0 746 1161833265
Result 0 -1.0 1863 -320239592
Result 0 -1.0 1074 -698414763
Result 0 -1.0 1019 1555627984
Result 1 5.0 1176 -325479425
Result 0 -1.0 972 1981618799
Result 0 -1.0 597 -499494240
Result 0 -1.0 624 -2014996487
Result 0 -1.0 1207 432656901
Result 0 0.0 2000 -1187134721
Result 0 -1.0 297 -1898224773
Result 0 0.0 2000 1980180359
Result 0 -1.0 1998 1780586229
Result 0 0.0 2000 -2037525387
Result 0 -1.0 1689 -1254256492
Result 0 0.0 2000 -1255307853
Result 0 -1.0 511 336294853
Result 0 -1.0 1716 1024863004
Result 0 -1.0 846 -557127824
Result 0 -1.0 836 399320388
Result 0 -1.0 459 -1381731639
Result 0 -1.0 135 910794327
Result 0 -1.0 534 1164312566
Result 0 0.0 2000 -1150837837
Result 0 -1.0 222 -124928717
Result 1 5.0 330 -1546103061
Result 0 -1.0 998 -615147532
Result 0 -1.0 1299 -851355643
Result 1 5.0 1526 1059153907
Result 0 0.0 2000 -2129384684
Result 0 0.0 2000 1979025131
Result 0 0.0 2000 482855207
Result 0 -2.0 611 1104267178
Result 0 -1.0 1251 -985634051
Result 0 -1.0 317 507388129
Result 0 -1.0 634 -1840741199
Result 0 -1.0 579 -1594338966
Result 0 -1.0 486 46387691
Result 0 -1.0 239 -145461480
Result 0 -1.0 471 557661521
Result 0 -1.0 921 1737394429
Result 1 5.0 394 358908338
Result 0 -1.0 368 1001647492
Result 0 -1.0 569 -798307885
Result 1 5.0 1108 1772202678
Result 0 -1.0 1997 -419755040
Result 1 5.0 1185 -502806092
Result 0 0.0 2000 -1428283528
Result 0 0.0 2000 -1928264401
Result 0 0.0 2000 786836818
Result 0 0.0 2000 -1214849912
Result 0 -1.0 243 -310847814
Result 0 -1.0 390 -2067596041
Result 0 0.0 2000 -1880661758
Result 0 0.0 2000 207845564
Result 0 -1.0 1448 1221469703
Result 0 0.0 2000 89050120
Result 0 0.0 2000 530837068
Result 0 0.0 2000 -266514804
Result 0 -1.0 1419 -591541886
Result 0 -1.0 807 407254152
Result 0 0.0 2000 -673254878
Result 0 -1.0 393 1035300876
Result 0 -1.0 741 1045302656
Result 0 0.0 2000 -344124121
Result 0 0.0 2000 354450823
Result 0 0.0 2000 -1839208618
Result 0 -1.0 84 -266553406
Result 0 0.0 2000 696841335
Result 0 0.0 2000 -1587126806
Result 0 -1.0 903 -1854989196
Result 0 0.0 2000 1404683868
Result 0 0.0 2000 1651564643
Result 0 -1.0 456 1789766100
Result 0 0.0 2000 1493924585
Result 0 -1.0 1863 -1582308518
Result 0 0.0 2000 -1672316604
Result 0 0.0 2000 175709536
Result 0 0.0 2000 -716821109
Result 0 0.0 2000 -1486388415
Result 0 0.0 2000 611838833
Result 0 0.0 2000 -2060026533
Result 0 -1.0 1995 -2110000976
Result 0 -1.0 510 -1776520352
Result 0 0.0 2000 1894144718
Result 0 -1.0 540 1306386901
Result 0 -1.0 350 -634245636
Result 0 0.0 2000 1542943322
