Result 0 11.0 2000 -1687476409
Result 0 9.0 1239 717568431
Result 0 6.0 311 1664881579
Result 0 13.0 2000 1231958238
Result 0 8.0 507 1380663465
Result 0 20.0 2000 -411445356
Result 0 20.0 2000 -289097204
Result 0 26.0 2000 1247176045
Result 0 7.0 531 -959145594
Result 0 15.0 1799 1502391981
Result 0 23.0 2000 750824888
Result 0 13.0 2000 -1153357132
Result 0 0.0 507 -209530902
Result 0 31.0 2000 -625469556
Result 0 12.0 1775 1579362825
Result 0 4.0 927 372079193
Result 0 0.0 75 -105318955
Result 0 12.0 1011 -1832096479
Result 0 17.0 2000 1572098078
Result 0 26.0 2000 1540931357
Result 0 22.0 2000 -4262047
Result 0 1.0 1259 829632711
Result 0 33.0 2000 1794748932
Result 0 12.0 2000 543467143
Result 0 21.0 2000 281960990
Result 0 6.0 2000 1430487692
Result 0 13.0 2000 -1345759098
Result 0 14.0 2000 1644328900
Result 0 20.0 2000 -1467684986
Result 0 1.0 543 -760424302
Result 0 21.0 2000 -1499161438
Result 0 12.0 2000 -1725406539
Result 0 12.0 2000 -1087281088
Result 0 16.0 2000 -1911431548
Result 0 -1.0 63 -281315021
Result 0 1.0 463 -1535932789
Result 0 11.0 415 -2014140576
Result 0 29.0 2000 -1130241048
Result 0 14.0 2000 -1681177846
Result 0 18.0 2000 1002905202
Result 0 6.0 475 -1835388732
Result 0 29.0 2000 -1938428407
Result 0 6.0 512 -1334348049
Result 0 17.0 2000 675369226
Result 0 25.0 2000 -1577308664
Result 0 22.0 2000 1684989581
Result 0 32.0 2000 1536103992
Result 0 26.0 2000 464366659
Result 0 4.0 329 -896970031
Result 0 29.0 2000 1279788815
Result 0 3.0 114 -376303888
Result 0 21.0 1665 -1920495557
Result 0 4.0 603 1810360188
Result 0 2.0 967 1664660735
Result 0 0.0 179 2085787303
Result 0 1.0 235 120660506
Result 0 1.0 194 505580894
Result 0 22.0 1995 -1762194362
Result 0 2.0 351 -600463033
Result 0 29.0 2000 591323403
Result 0 -1.0 175 -153820306
Result 0 -1.0 911 -953135802
Result 0 2.0 2000 1904910901
Result 0 6.0 2000 -1195611782
Result 0 -1.0 127 264711923
Result 0 4.0 2000 1732642292
Result 0 1.0 531 -159526236
Result 0 4.0 2000 -887132477
Result 0 2.0 2000 1982042618
Result 0 3.0 2000 -1302457428
Result 0 0.0 743 735662399
Result 0 3.0 495 835013193
Result 0 2.0 939 -1851360784
Result 0 1.0 2000 -1778721521
Result 0 -1.0 165 -1270579013
Result 0 14.0 2000 -1213004449
Result 0 -1.0 95 -451251902
Result 0 0.0 798 -1596566777
Result 0 -1.0 107 1311651601
Result 0 1.0 2000 1020209061
Result 0 -1.0 268 -564178401
Result 0 0.0 2000 -685780722
Result 0 1.0 403 1219818575
Result 0 1.0 580 1105796900
Result 0 0.0 2000 481329777
Result 0 1.0 719 -1977620780
Result 0 2.0 1272 -355309690
Result 0 -1.0 271 1995066804
Result 0 39.0 2000 2089630011
Result 0 -1.0 931 -441110774
Result 0 0.0 2000 -13939700
Result 0 0.0 2000 -1886660179
Result 0 0.0 345 -1241470904
Result 0 -1.0 120 -1566152781
Result 0 -1.0 1379 -1981591197
Result 0 3.0 115 -714158888
Result 0 -1.0 559 2019556726
Result 0 -1.0 171 -209435618
Result 0 2.0 2000 -761483698
Result 0 -1.0 1211 -2038609679
