Result 1 32.0 222 138046973
Result 0 34.0 432 -1201077892
Result 1 66.0 554 497071988
Result 1 54.0 257 1245223159
Result 0 52.0 727 294490920
Result 1 30.0 182 1974855031
Result 1 64.0 763 -1560520995
Result 1 20.0 185 -2137387980
Result 1 58.0 777 1009727180
Result 1 20.0 977 -1792296017
Result 0 44.0 402 1584628398
Result 0 34.0 1064 275082543
Result 0 20.0 231 2093018155
Result 1 38.0 522 1288468183
Result 1 40.0 418 798803709
Result 1 62.0 360 -1368874825
Result 0 26.0 1540 1071144817
Result 0 10.0 221 830112244
Result 1 28.0 279 -1914124677
Result 1 32.0 411 -1858387701
Result 1 30.0 284 298748908
Result 1 30.0 122 -1095376472
Result 1 34.0 486 605452485
Result 1 34.0 296 567495189
Result 1 30.0 354 -1477216929
Result 1 34.0 260 -415971447
Result 1 30.0 540 259059264
Result 1 32.0 374 -2044534603
Result 1 32.0 238 1589536469
Result 1 36.0 746 -2115586660
Result 1 32.0 237 -746645299
Result 1 32.0 127 -1577674610
Result 1 32.0 334 283980652
Result 1 34.0 430 2096998434
Result 1 32.0 399 -135446180
Result 1 36.0 614 -1910416355
Result 1 30.0 344 1488274790
Result 1 32.0 412 549771813
Result 1 34.0 275 428937888
Result 1 32.0 404 169985585
Result 1 60.0 433 1495358939
Result 1 48.0 180 -1307243263
Result 1 60.0 636 2028313368
Result 1 48.0 417 1355232245
Result 1 52.0 195 -1113235460
Result 1 56.0 163 120932482
Result 0 48.0 157 -508148057
Result 1 52.0 288 31008969
Result 1 54.0 176 -1469172737
Result 1 48.0 147 -2022006314
Result 0 44.0 219 -2110472492
Result 1 58.0 366 -568399611
Result 1 54.0 203 -2142468695
Result 0 52.0 253 1233728845
Result 1 54.0 267 -1995255733
Result 1 52.0 445 -772971607
Result 1 54.0 476 -1559123083
Result 1 50.0 154 174365346
Result 1 62.0 479 -877324408
Result 0 4.0 104 -589322757
Result 1 24.0 370 -28694103
Result 1 22.0 124 2116089768
Result 1 24.0 249 1980149416
Result 1 24.0 271 45814291
Result 1 22.0 164 -1760505548
Result 1 24.0 356 -445875450
Result 1 24.0 214 1032114368
Result 1 24.0 191 -1395687016
Result 1 20.0 163 1758627101
Result 1 22.0 110 -1923855054
Result 1 28.0 318 761786496
Result 1 24.0 283 1666607133
Result 1 24.0 536 429356575
Result 1 22.0 146 331080842
Result 1 24.0 388 324028004
Result 1 24.0 433 -1608647076
Result 1 22.0 128 107061645
Result 1 24.0 404 -1641542300
Result 1 24.0 494 1893088483
Result 1 24.0 649 1700396120
Result 1 14.0 78 131346975
Result 1 14.0 422 -1174374706
Result 1 14.0 321 -1087382293
Result 1 14.0 170 1852978223
Result 1 14.0 63 -925507653
Result 1 14.0 129 1793946845
Result 1 14.0 97 1110183275
Result 1 14.0 62 1151927756
Result 1 14.0 589 -1049828231
Result 1 14.0 131 705969091
Result 1 14.0 510 831910597
Result 1 14.0 179 -898290155
Result 1 14.0 187 -1841907405
Result 1 14.0 107 442501029
Result 1 14.0 198 1840981493
Result 1 14.0 56 1530648479
Result 1 14.0 271 -602989537
Result 1 14.0 123 -2129415796
Result 1 14.0 178 -318591634
Result 1 14.0 622 2094658478
