Evo 1.01 0.00 1.00 0.47 0.00 0.00 1.00 0.50 0.05 0.51 0.01 0.02 -1 35
Result 0 -1.0 101 0.48 0.16 0.17 0.28 0.18 0.22 -1 -1 -1 -1 -1
Evo 1.01 0.00 1.00 0.80 1.00 1.00 1.00 0.40 0.04 0.46 0.01 0.02 -1 33
Result 0 -1.0 94 0.51 0.15 0.25 0.19 0.15 0.26 -1 -1 -1 -1 -1
Evo 1.02 0.00 1.00 0.72 0.00 1.00 1.00 0.45 0.05 0.12 0.01 0.02 -1 32
Result 0 -1.0 91 0.52 0.18 0.12 0.23 0.16 0.30 -1 -1 -1 -1 -1
Evo 1.00 0.00 1.00 0.92 1.00 1.00 1.00 0.27 0.02 0.29 0.01 0.02 -1 32
Result 0 -1.0 244 0.45 0.20 0.16 0.24 0.21 0.19 -1 -1 -1 -1 -1
Evo 1.00 0.00 1.00 0.96 1.00 1.00 1.00 0.20 0.01 0.19 0.01 0.02 -1 32
Result 0 -1.0 466 0.45 0.20 0.22 0.21 0.19 0.18 -1 -1 -1 -1 -1
Evo 1.00 0.00 1.00 0.93 1.00 1.00 1.00 0.26 0.02 0.28 0.01 0.02 -1 40
Result 0 -1.0 253 0.44 0.18 0.24 0.19 0.21 0.18 -1 -1 -1 -1 -1
Evo 1.01 0.00 1.00 0.79 1.00 1.00 1.00 0.41 0.04 0.47 0.01 0.02 -1 32
Result 0 -1.0 91 0.48 0.18 0.22 0.29 0.09 0.22 -1 -1 -1 -1 -1
Evo 1.01 0.00 1.00 0.87 1.00 1.00 1.00 0.34 0.03 0.39 0.01 0.02 -1 32
Result 0 -1.0 142 0.47 0.18 0.18 0.18 0.25 0.20 -1 -1 -1 -1 -1
Evo 1.01 0.00 1.00 0.88 1.00 1.00 1.00 0.32 0.02 0.10 0.01 0.02 -1 32
Result 0 -1.0 178 0.44 0.18 0.24 0.19 0.21 0.18 -1 -1 -1 -1 -1
Evo 1.01 0.00 1.00 0.90 1.00 1.00 1.00 0.30 0.02 0.34 0.01 0.02 -1 32
Result 0 -1.0 185 0.47 0.22 0.17 0.23 0.17 0.21 -1 -1 -1 -1 -1
Evo 1.00 0.00 1.00 0.98 1.00 1.00 1.00 0.13 0.00 0.01 0.01 0.02 -1 32
Result 0 -1.0 1133 0.46 0.19 0.21 0.22 0.18 0.20 -1 -1 -1 -1 -1
Evo 1.00 1.00 1.00 1.00 1.00 1.00 1.00 0.00 0.00 0.00 0.01 0.02 767 32
Result 1 1.0 785 0.48 0.20 0.19 0.20 0.20 0.22 -1 -1 -1 -1 -1
Evo 1.01 0.00 0.50 0.40 0.50 0.50 0.50 0.20 0.02 0.46 0.01 0.02 -1 32
Result 0 -1.0 95 0.41 0.25 0.26 0.16 0.19 0.15 -1 -1 -1 -1 -1
Evo 1.01 0.00 0.50 0.39 0.50 0.50 0.50 0.21 0.02 0.49 0.01 0.02 -1 32
Result 0 -1.0 91 0.45 0.21 0.16 0.21 0.24 0.18 -1 -1 -1 -1 -1
Evo 1.02 0.50 1.00 0.55 0.50 0.50 0.50 0.15 0.01 0.34 0.01 0.02 161 32
Result 1 1.0 179 0.49 0.20 0.16 0.18 0.22 0.23 -1 -1 -1 -1 -1
Evo 1.01 0.00 0.50 0.40 0.50 0.50 0.50 0.20 0.02 0.47 0.01 0.02 -1 32
Result 0 -1.0 93 0.45 0.20 0.15 0.21 0.26 0.18 -1 -1 -1 -1 -1
Evo 1.01 0.00 0.50 0.43 0.50 0.50 0.50 0.17 0.01 0.39 0.01 0.02 -1 32
Result 0 -1.0 137 0.47 0.20 0.22 0.19 0.19 0.20 -1 -1 -1 -1 -1
Evo 1.00 0.00 0.50 0.48 0.50 0.50 0.50 0.10 0.00 0.02 0.01 0.02 -1 32
Result 0 -1.0 498 0.44 0.19 0.23 0.20 0.20 0.18 -1 -1 -1 -1 -1
Evo 1.01 0.00 0.50 0.42 0.50 0.50 0.50 0.18 0.02 0.41 0.01 0.02 -1 32
Result 0 -1.0 123 0.46 0.22 0.24 0.18 0.17 0.19 -1 -1 -1 -1 -1
Evo 1.01 0.00 0.50 0.40 0.50 0.50 0.50 0.20 0.02 0.47 0.01 0.02 -1 32
Result 0 -1.0 91 0.41 0.20 0.21 0.24 0.21 0.15 -1 -1 -1 -1 -1
Evo 1.02 0.00 0.50 0.41 0.50 0.50 0.50 0.19 0.02 0.10 0.01 0.02 -1 41
Result 0 -1.0 117 0.45 0.17 0.23 0.23 0.19 0.19 -1 -1 -1 -1 -1
Evo 1.00 0.00 0.50 0.49 0.50 0.50 0.50 0.08 0.00 0.01 0.01 0.02 -1 41
Result 0 -1.0 835 0.46 0.20 0.21 0.18 0.22 0.20 -1 -1 -1 -1 -1
Evo 1.01 0.00 0.50 0.42 0.50 0.50 0.50 0.18 0.02 0.06 0.01 0.02 -1 41
Result 0 -1.0 122 0.49 0.21 0.16 0.19 0.20 0.24 -1 -1 -1 -1 -1
Evo 1.01 0.00 0.50 0.42 0.50 0.50 0.50 0.18 0.02 0.06 0.01 0.02 -1 41
Result 0 -1.0 117 0.47 0.18 0.21 0.21 0.19 0.20 -1 -1 -1 -1 -1
Evo 1.01 0.00 0.50 0.45 0.50 0.50 0.50 0.15 0.01 0.09 0.01 0.02 -1 41
Result 0 -1.0 194 0.42 0.23 0.18 0.19 0.25 0.15 -1 -1 -1 -1 -1
Evo 1.01 0.00 0.50 0.41 0.50 0.50 0.50 0.19 0.02 0.06 0.01 0.02 -1 41
Result 0 -1.0 117 0.41 0.20 0.18 0.19 0.28 0.15 -1 -1 -1 -1 -1
Evo 1.02 0.00 0.50 0.42 0.50 0.50 0.50 0.18 0.02 0.17 0.01 0.02 -1 41
Result 0 -1.0 117 0.45 0.15 0.26 0.15 0.25 0.19 -1 -1 -1 -1 -1
Evo 1.01 0.00 0.50 0.42 0.50 0.50 0.50 0.18 0.02 0.06 0.01 0.02 -1 41
Result 0 -1.0 117 0.41 0.15 0.22 0.19 0.29 0.15 -1 -1 -1 -1 -1
Evo 1.02 0.00 0.50 0.39 0.50 0.50 0.50 0.20 0.02 0.06 0.01 0.02 -1 41
Result 0 -1.0 117 0.47 0.16 0.15 0.30 0.18 0.21 -1 -1 -1 -1 -1
Evo 1.00 0.00 0.50 0.49 0.50 0.50 0.50 0.06 0.00 0.02 0.01 0.02 -1 41
Result 0 -1.0 1488 0.45 0.20 0.20 0.19 0.21 0.19 -1 -1 -1 -1 -1
Evo 1.01 0.00 0.50 0.42 0.50 0.50 0.50 0.18 0.02 0.06 0.01 0.02 -1 41
Result 0 -1.0 117 0.45 0.13 0.21 0.30 0.18 0.19 -1 -1 -1 -1 -1
Evo 1.02 0.00 0.50 0.42 0.50 0.50 0.50 0.18 0.02 0.10 0.01 0.02 -1 41
Result 0 -1.0 120 0.46 0.20 0.17 0.17 0.26 0.20 -1 -1 -1 -1 -1
Evo 1.00 0.30 1.00 0.51 0.50 0.50 0.50 0.05 0.00 0.01 0.01 0.02 1662 41
Result 1 1.0 1680 0.47 0.21 0.19 0.19 0.20 0.21 -1 -1 -1 -1 -1
Evo 1.01 0.00 0.50 0.42 0.50 0.50 0.50 0.18 0.02 0.10 0.01 0.02 -1 41
Result 0 -1.0 117 0.49 0.14 0.23 0.25 0.15 0.23 -1 -1 -1 -1 -1
Evo 1.01 0.00 0.50 0.41 0.50 0.50 0.50 0.19 0.02 0.10 0.01 0.02 -1 41
Result 0 -1.0 117 0.41 0.23 0.20 0.23 0.19 0.15 -1 -1 -1 -1 -1
Evo 1.02 0.00 0.50 0.41 0.50 0.50 0.50 0.19 0.02 0.10 0.01 0.02 -1 41
Result 0 -1.0 121 0.48 0.19 0.16 0.22 0.20 0.22 -1 -1 -1 -1 -1
Evo 1.01 0.00 0.50 0.42 0.50 0.50 0.50 0.19 0.02 0.06 0.01 0.02 -1 41
Result 0 -1.0 117 0.45 0.25 0.19 0.21 0.16 0.19 -1 -1 -1 -1 -1
Evo 1.02 0.00 0.50 0.41 0.50 0.50 0.50 0.19 0.02 0.06 0.01 0.02 -1 41
Result 0 -1.0 117 0.48 0.16 0.21 0.22 0.19 0.22 -1 -1 -1 -1 -1
Evo 1.00 0.10 1.00 0.51 0.50 0.50 0.50 0.09 0.00 0.06 0.01 0.02 546 41
Result 1 1.0 564 0.47 0.21 0.22 0.18 0.19 0.20 -1 -1 -1 -1 -1
Evo 1.02 0.00 0.50 0.41 0.50 0.50 0.50 0.19 0.02 0.06 0.01 0.02 -1 41
Result 0 -1.0 121 0.47 0.22 0.15 0.19 0.24 0.20 -1 -1 -1 -1 -1
Evo 1.02 0.00 0.50 0.35 0.00 0.50 0.50 0.23 0.03 0.52 0.01 0.02 -1 43
Result 0 -1.0 61 0.36 0.32 0.18 0.15 0.24 0.11 -1 -1 -1 -1 -1
Evo 1.03 0.00 0.50 0.25 0.00 0.50 0.50 0.25 0.04 0.50 0.01 0.02 -1 19
Result 0 -1.0 37 0.42 0.24 0.18 0.26 0.16 0.16 -1 -1 -1 -1 -1
Evo 1.00 0.00 0.50 0.45 0.50 0.50 0.50 0.15 0.01 0.32 0.01 0.02 -1 33
Result 0 -1.0 225 0.47 0.19 0.21 0.19 0.19 0.21 -1 -1 -1 -1 -1
Evo 1.01 0.00 0.50 0.39 0.50 0.50 0.50 0.21 0.02 0.48 0.01 0.02 -1 31
Result 0 -1.0 93 0.50 0.10 0.18 0.29 0.19 0.24 -1 -1 -1 -1 -1
Evo 1.02 0.00 0.50 0.31 0.00 0.50 0.50 0.25 0.03 0.53 0.01 0.02 -1 31
Result 0 -1.0 49 0.51 0.20 0.14 0.22 0.18 0.26 -1 -1 -1 -1 -1
Evo 1.02 0.00 0.50 0.29 0.00 0.50 0.50 0.25 0.04 0.53 0.01 0.02 -1 26
Result 0 -1.0 44 0.39 0.13 0.16 0.24 0.33 0.13 -1 -1 -1 -1 -1
Evo 1.03 0.00 0.50 0.26 0.00 0.50 0.50 0.25 0.04 0.51 0.01 0.02 -1 21
Result 0 -1.0 39 0.48 0.20 0.15 0.23 0.20 0.23 -1 -1 -1 -1 -1
Evo 1.01 0.00 0.50 0.40 0.50 0.50 0.50 0.20 0.02 0.47 0.01 0.02 -1 74
Result 0 -1.0 92 0.45 0.25 0.13 0.19 0.25 0.18 -1 -1 -1 -1 -1
Evo 1.03 0.00 0.50 0.26 0.00 0.50 0.50 0.25 0.04 0.51 0.01 0.02 -1 21
Result 0 -1.0 39 0.52 0.33 0.03 0.20 0.15 0.30 -1 -1 -1 -1 -1
Evo 1.03 0.00 0.50 0.25 0.00 0.50 0.50 0.25 0.04 0.50 0.01 0.02 -1 19
Result 0 -1.0 37 0.38 0.34 0.21 0.16 0.16 0.13 -1 -1 -1 -1 -1
Evo 1.03 0.00 0.50 0.25 0.00 0.50 0.50 0.25 0.04 0.50 0.01 0.02 -1 19
Result 0 -1.0 37 0.47 0.18 0.16 0.24 0.21 0.21 -1 -1 -1 -1 -1
Evo 1.02 0.00 0.50 0.30 0.00 0.50 0.50 0.25 0.04 0.53 0.01 0.02 -1 29
Result 0 -1.0 47 0.49 0.17 0.25 0.19 0.17 0.23 -1 -1 -1 -1 -1
Evo 1.02 0.00 0.50 0.32 0.00 0.50 0.50 0.24 0.03 0.53 0.01 0.02 -1 35
Result 0 -1.0 53 0.43 0.24 0.20 0.17 0.22 0.17 -1 -1 -1 -1 -1
Evo 1.02 0.00 0.50 0.39 0.50 0.50 0.50 0.21 0.02 0.48 0.01 0.02 -1 28
Result 0 -1.0 109 0.43 0.19 0.20 0.21 0.24 0.16 -1 -1 -1 -1 -1
Evo 1.02 0.00 0.50 0.35 0.00 0.50 0.50 0.23 0.03 0.52 0.01 0.02 -1 45
Result 0 -1.0 63 0.49 0.13 0.16 0.23 0.25 0.23 -1 -1 -1 -1 -1
Evo 1.02 0.00 0.50 0.32 0.00 0.50 0.50 0.24 0.03 0.53 0.01 0.02 -1 35
Result 0 -1.0 53 0.45 0.28 0.15 0.19 0.20 0.19 -1 -1 -1 -1 -1
Evo 1.02 0.00 0.50 0.28 0.00 0.50 0.50 0.25 0.04 0.52 0.01 0.02 -1 24
Result 0 -1.0 42 0.49 0.19 0.19 0.26 0.14 0.23 -1 -1 -1 -1 -1
Evo 1.02 0.00 0.50 0.27 0.00 0.50 0.50 0.25 0.04 0.52 0.01 0.02 -1 23
Result 0 -1.0 41 0.46 0.26 0.19 0.19 0.17 0.19 -1 -1 -1 -1 -1
Evo 1.02 0.00 0.50 0.33 0.00 0.50 0.50 0.24 0.03 0.53 0.01 0.02 -1 36
Result 0 -1.0 54 0.38 0.24 0.24 0.20 0.20 0.13 -1 -1 -1 -1 -1
Evo 1.03 0.00 0.50 0.25 0.00 0.50 0.50 0.25 0.04 0.50 0.01 0.02 -1 19
Result 0 -1.0 37 0.45 0.11 0.16 0.32 0.24 0.18 -1 -1 -1 -1 -1
Evo 1.00 0.00 0.50 0.46 0.50 0.50 0.50 0.14 0.01 0.08 0.01 0.02 -1 107
Result 0 -1.0 249 0.37 0.18 0.24 0.24 0.22 0.12 -1 -1 -1 -1 -1
Evo 1.01 0.00 0.50 0.46 0.50 0.50 0.50 0.14 0.01 0.08 0.01 0.02 -1 107
Result 0 -1.0 249 0.45 0.22 0.23 0.18 0.19 0.18 -1 -1 -1 -1 -1
Evo 1.01 0.00 0.50 0.46 0.50 0.50 0.50 0.13 0.01 0.03 0.01 0.02 -1 107
Result 0 -1.0 249 0.47 0.22 0.20 0.19 0.18 0.21 -1 -1 -1 -1 -1
Evo 1.00 0.00 0.50 0.46 0.50 0.50 0.50 0.14 0.01 0.06 0.01 0.02 -1 107
Result 0 -1.0 253 0.47 0.18 0.18 0.21 0.22 0.21 -1 -1 -1 -1 -1
Evo 1.00 0.00 0.50 0.46 0.50 0.50 0.50 0.14 0.01 0.06 0.01 0.02 -1 107
Result 0 -1.0 249 0.46 0.16 0.25 0.18 0.22 0.20 -1 -1 -1 -1 -1
Evo 1.01 0.00 0.50 0.46 0.50 0.50 0.50 0.14 0.01 0.03 0.01 0.02 -1 107
Result 0 -1.0 249 0.44 0.15 0.20 0.24 0.23 0.18 -1 -1 -1 -1 -1
Evo 1.00 0.00 0.50 0.46 0.50 0.50 0.50 0.14 0.01 0.30 0.01 0.02 -1 107
Result 0 -1.0 249 0.49 0.19 0.22 0.18 0.17 0.23 -1 -1 -1 -1 -1
Evo 1.00 0.00 0.50 0.46 0.50 0.50 0.50 0.13 0.01 0.03 0.01 0.02 -1 107
Result 0 -1.0 249 0.48 0.19 0.22 0.20 0.17 0.22 -1 -1 -1 -1 -1
Evo 1.00 0.00 0.50 0.46 0.50 0.50 0.50 0.13 0.01 0.03 0.01 0.02 -1 107
Result 0 -1.0 249 0.46 0.22 0.16 0.19 0.23 0.19 -1 -1 -1 -1 -1
Evo 1.00 0.00 0.50 0.46 0.50 0.50 0.50 0.14 0.01 0.06 0.01 0.02 -1 107
Result 0 -1.0 249 0.49 0.17 0.19 0.23 0.18 0.23 -1 -1 -1 -1 -1
Evo 1.00 0.00 0.50 0.46 0.50 0.50 0.50 0.13 0.01 0.03 0.01 0.02 -1 107
Result 0 -1.0 256 0.46 0.19 0.21 0.21 0.19 0.19 -1 -1 -1 -1 -1
Evo 1.00 0.00 0.50 0.46 0.50 0.50 0.50 0.13 0.01 0.06 0.01 0.02 -1 107
Result 0 -1.0 249 0.44 0.19 0.20 0.22 0.22 0.18 -1 -1 -1 -1 -1
Evo 1.01 0.00 0.50 0.46 0.50 0.50 0.50 0.13 0.01 0.03 0.01 0.02 -1 107
Result 0 -1.0 249 0.47 0.19 0.18 0.21 0.21 0.20 -1 -1 -1 -1 -1
Evo 1.00 0.00 0.50 0.46 0.50 0.50 0.50 0.14 0.01 0.03 0.01 0.02 -1 107
Result 0 -1.0 249 0.45 0.20 0.18 0.24 0.20 0.19 -1 -1 -1 -1 -1
Evo 1.00 0.00 0.50 0.46 0.50 0.50 0.50 0.13 0.01 0.28 0.01 0.02 -1 107
Result 0 -1.0 249 0.45 0.21 0.18 0.18 0.25 0.18 -1 -1 -1 -1 -1
Evo 1.00 0.00 0.50 0.46 0.50 0.50 0.50 0.13 0.01 0.08 0.01 0.02 -1 107
Result 0 -1.0 249 0.45 0.20 0.18 0.21 0.23 0.18 -1 -1 -1 -1 -1
Evo 1.00 0.00 0.50 0.45 0.50 0.50 0.50 0.15 0.01 0.03 0.01 0.02 -1 107
Result 0 -1.0 249 0.45 0.20 0.20 0.23 0.18 0.18 -1 -1 -1 -1 -1
Evo 1.01 0.00 0.50 0.45 0.50 0.50 0.50 0.14 0.01 0.03 0.01 0.02 -1 107
Result 0 -1.0 249 0.45 0.22 0.17 0.26 0.17 0.18 -1 -1 -1 -1 -1
Evo 1.01 0.00 0.50 0.46 0.50 0.50 0.50 0.14 0.01 0.03 0.01 0.02 -1 107
Result 0 -1.0 249 0.44 0.19 0.25 0.17 0.21 0.18 -1 -1 -1 -1 -1
Evo 1.00 0.00 0.50 0.46 0.50 0.50 0.50 0.14 0.01 0.06 0.01 0.02 -1 107
Result 0 -1.0 249 0.49 0.20 0.18 0.18 0.22 0.24 -1 -1 -1 -1 -1
Evo 1.01 0.00 0.50 0.40 0.50 0.50 0.50 0.20 0.02 0.07 0.01 0.02 -1 28
Result 0 -1.0 97 0.49 0.15 0.19 0.22 0.19 0.23 -1 -1 -1 -1 -1
Evo 1.00 0.00 1.00 0.51 0.50 0.50 0.50 0.06 0.00 0.01 0.01 0.02 1356 28
Result 1 1.0 1374 0.44 0.22 0.19 0.19 0.21 0.17 -1 -1 -1 -1 -1
Evo 1.01 0.00 0.50 0.40 0.50 0.50 0.50 0.20 0.02 0.47 0.01 0.02 -1 28
Result 0 -1.0 91 0.43 0.21 0.14 0.33 0.16 0.16 -1 -1 -1 -1 -1
Evo 1.01 0.00 0.50 0.40 0.50 0.50 0.50 0.20 0.02 0.07 0.01 0.02 -1 28
Result 0 -1.0 94 0.48 0.14 0.19 0.20 0.25 0.22 -1 -1 -1 -1 -1
Evo 1.01 0.00 0.50 0.39 0.50 0.50 0.50 0.20 0.02 0.12 0.01 0.02 -1 28
Result 0 -1.0 91 0.45 0.27 0.22 0.15 0.17 0.18 -1 -1 -1 -1 -1
Evo 1.01 0.00 0.50 0.39 0.50 0.50 0.50 0.20 0.02 0.12 0.01 0.02 -1 28
Result 0 -1.0 91 0.35 0.17 0.18 0.26 0.27 0.11 -1 -1 -1 -1 -1
Evo 1.02 0.00 0.50 0.38 0.40 0.50 0.50 0.21 0.02 0.07 0.01 0.02 -1 28
Result 0 -1.0 91 0.51 0.16 0.13 0.23 0.21 0.27 -1 -1 -1 -1 -1
Evo 1.00 0.30 1.00 0.51 0.50 0.50 0.50 0.05 0.00 0.01 0.01 0.02 1585 28
Result 1 1.0 1603 0.45 0.19 0.21 0.21 0.21 0.19 -1 -1 -1 -1 -1
Evo 1.02 0.00 0.50 0.39 0.50 0.50 0.50 0.20 0.02 0.16 0.01 0.02 -1 28
Result 0 -1.0 91 0.45 0.16 0.17 0.18 0.29 0.18 -1 -1 -1 -1 -1
Evo 1.02 0.00 0.50 0.38 0.40 0.50 0.50 0.21 0.02 0.12 0.01 0.02 -1 28
Result 0 -1.0 91 0.49 0.27 0.12 0.18 0.18 0.24 -1 -1 -1 -1 -1
Evo 1.00 0.00 1.00 0.51 0.50 0.50 0.50 0.07 0.00 0.01 0.01 0.02 1072 28
Result 1 1.0 1090 0.46 0.19 0.22 0.21 0.19 0.19 -1 -1 -1 -1 -1
Evo 1.00 0.40 1.00 0.51 0.50 0.50 0.50 0.06 0.00 0.01 0.01 0.02 1103 28
Result 1 1.0 1121 0.46 0.20 0.21 0.20 0.20 0.20 -1 -1 -1 -1 -1
Evo 1.01 0.00 0.50 0.39 0.50 0.50 0.50 0.20 0.02 0.47 0.01 0.02 -1 28
Result 0 -1.0 91 0.43 0.23 0.23 0.23 0.15 0.16 -1 -1 -1 -1 -1
Evo 1.00 0.40 1.00 0.51 0.50 0.50 0.50 0.05 0.00 0.01 0.01 0.02 1556 28
Result 1 1.0 1574 0.47 0.19 0.21 0.20 0.19 0.21 -1 -1 -1 -1 -1
Evo 1.00 0.40 1.00 0.51 0.50 0.50 0.50 0.08 0.00 0.02 0.01 0.02 780 28
Result 1 1.0 798 0.47 0.19 0.20 0.21 0.19 0.21 -1 -1 -1 -1 -1
Evo 1.01 0.00 0.50 0.40 0.50 0.50 0.50 0.19 0.02 0.11 0.01 0.02 -1 28
Result 0 -1.0 103 0.49 0.16 0.20 0.25 0.14 0.24 -1 -1 -1 -1 -1
Evo 1.01 0.00 0.50 0.37 0.30 0.50 0.50 0.21 0.02 0.49 0.01 0.02 -1 28
Result 0 -1.0 91 0.48 0.27 0.13 0.23 0.15 0.22 -1 -1 -1 -1 -1
Evo 1.01 0.00 0.50 0.39 0.50 0.50 0.50 0.20 0.02 0.47 0.01 0.02 -1 28
Result 0 -1.0 91 0.45 0.24 0.18 0.17 0.22 0.18 -1 -1 -1 -1 -1
Evo 1.00 0.00 1.00 0.52 0.50 0.50 0.50 0.10 0.00 0.02 0.01 0.02 535 28
Result 1 1.0 553 0.44 0.18 0.23 0.18 0.23 0.18 -1 -1 -1 -1 -1
Evo 1.01 0.00 0.50 0.40 0.50 0.50 0.50 0.20 0.02 0.07 0.01 0.02 -1 28
Result 0 -1.0 91 0.41 0.20 0.16 0.21 0.28 0.15 -1 -1 -1 -1 -1
