Evo 1.08 0.00 1.00 0.79 0.80 1.00 1.00 0.32 0.02 0.02 0.21 0.89 -1 0
Result 0 5.0 355 0.47 0.26 0.20 0.20 0.16 0.19 -1 -1 -1 -1 -1
Evo 1.10 0.00 1.00 0.76 0.60 1.00 1.00 0.32 0.02 0.15 0.20 0.86 -1 0
Result 0 3.0 341 0.48 0.25 0.21 0.18 0.17 0.18 -1 -1 -1 -1 -1
Evo 1.09 0.00 1.00 0.74 0.60 1.00 1.00 0.37 0.03 0.21 0.10 0.58 -1 0
Result 0 1.0 181 0.46 0.25 0.20 0.19 0.19 0.16 -1 -1 -1 -1 -1
Evo 1.08 0.00 1.00 0.75 0.60 1.00 1.00 0.34 0.02 0.09 0.15 0.79 -1 0
Result 0 7.0 264 0.47 0.22 0.21 0.18 0.14 0.25 -1 -1 -1 -1 -1
Evo 1.10 0.00 1.00 0.77 0.60 1.00 1.00 0.33 0.02 0.07 0.24 0.89 -1 0
Result 0 5.0 407 0.46 0.23 0.19 0.20 0.19 0.20 -1 -1 -1 -1 -1
Evo 1.08 0.00 1.00 0.69 0.40 0.80 1.00 0.38 0.03 0.04 0.12 0.56 -1 0
Result 0 5.0 212 0.48 0.22 0.22 0.20 0.19 0.17 -1 -1 -1 -1 -1
Evo 1.10 0.00 1.00 0.76 0.60 1.00 1.00 0.32 0.02 0.02 0.26 0.89 -1 0
Result 0 9.0 440 0.38 0.27 0.13 0.23 0.16 0.21 -1 -1 -1 -1 -1
Evo 1.08 0.00 1.00 0.76 0.60 1.00 1.00 0.34 0.02 0.04 0.20 0.89 -1 0
Result 0 3.0 349 0.40 0.25 0.14 0.23 0.14 0.24 -1 -1 -1 -1 -1
Evo 1.10 0.00 1.00 0.81 0.80 1.00 1.00 0.33 0.02 0.10 0.13 0.87 -1 0
Result 0 7.0 220 0.43 0.32 0.17 0.17 0.16 0.19 -1 -1 -1 -1 -1
Evo 1.11 0.00 1.00 0.87 0.80 1.00 1.00 0.26 0.01 0.02 0.20 0.89 -1 0
Result 0 9.0 349 0.42 0.28 0.15 0.19 0.15 0.22 -1 -1 -1 -1 -1
Evo 1.09 0.00 1.00 0.82 0.80 1.00 1.00 0.31 0.02 0.07 0.12 0.73 -1 0
Result 0 3.0 202 0.47 0.25 0.21 0.14 0.18 0.23 -1 -1 -1 -1 -1
Evo 1.07 0.00 1.00 0.83 0.80 1.00 1.00 0.29 0.02 0.16 0.17 0.86 -1 0
Result 0 15.0 301 0.39 0.25 0.14 0.22 0.18 0.22 -1 -1 -1 -1 -1
Evo 1.08 0.00 1.00 0.82 0.80 1.00 1.00 0.30 0.02 0.31 0.14 0.87 -1 0
Result 0 9.0 238 0.45 0.21 0.18 0.24 0.15 0.22 -1 -1 -1 -1 -1
Evo 1.07 0.00 1.00 0.81 0.80 1.00 1.00 0.32 0.02 0.03 0.17 0.89 -1 0
Result 0 11.0 296 0.45 0.26 0.19 0.23 0.13 0.20 -1 -1 -1 -1 -1
Evo 1.06 0.00 1.00 0.74 0.60 1.00 1.00 0.38 0.02 0.22 0.18 0.88 -1 0
Result 0 5.0 307 0.45 0.25 0.18 0.17 0.18 0.21 -1 -1 -1 -1 -1
Evo 1.10 0.00 1.00 0.78 0.80 1.00 1.00 0.36 0.02 0.10 0.13 0.75 -1 0
Result 0 5.0 223 0.45 0.26 0.18 0.16 0.21 0.18 -1 -1 -1 -1 -1
Evo 1.10 0.00 1.00 0.81 0.80 1.00 1.00 0.31 0.02 0.03 0.14 0.75 -1 0
Result 0 3.0 237 0.42 0.23 0.16 0.21 0.19 0.22 -1 -1 -1 -1 -1
Evo 1.10 0.00 1.00 0.80 0.60 1.00 1.00 0.28 0.01 0.08 0.22 0.89 -1 0
Result 0 11.0 379 0.46 0.19 0.20 0.21 0.19 0.22 -1 -1 -1 -1 -1
Evo 1.10 0.00 1.00 0.78 0.80 1.00 1.00 0.34 0.02 0.29 0.14 0.89 -1 0
Result 0 9.0 235 0.44 0.26 0.18 0.20 0.17 0.19 -1 -1 -1 -1 -1
Evo 1.11 0.00 1.00 0.79 0.60 1.00 1.00 0.34 0.03 0.12 0.08 0.50 -1 0
Result 0 3.0 138 0.43 0.26 0.17 0.22 0.17 0.19 -1 -1 -1 -1 -1
Evo 1.09 0.00 1.00 0.82 0.80 1.00 1.00 0.29 0.02 0.05 0.17 0.81 -1 0
Result 0 5.0 293 0.41 0.26 0.15 0.18 0.17 0.23 -1 -1 -1 -1 -1
Evo 1.50 0.00 0.00 0.00 0.00 0.00 0.00 0.00 0.00 0.00 0.00 0.01 -1 0
Result 0 -1.0 2 0.39 -1 0.67 -1 0.33 -1 -1 -1 -1 -1 -1
Evo 1.10 0.00 1.00 0.78 0.60 1.00 1.00 0.32 0.02 0.11 0.13 0.70 -1 0
Result 0 3.0 219 0.45 0.25 0.18 0.15 0.21 0.20 -1 -1 -1 -1 -1
Evo 1.12 0.00 1.00 0.73 0.60 1.00 1.00 0.36 0.03 0.11 0.10 0.51 -1 0
Result 0 3.0 164 0.43 0.26 0.16 0.22 0.14 0.21 -1 -1 -1 -1 -1
Evo 1.11 0.00 1.00 0.63 0.20 0.80 1.00 0.40 0.04 0.11 0.06 0.37 -1 0
Result 0 -1.0 105 0.47 0.16 0.21 0.15 0.29 0.19 -1 -1 -1 -1 -1
Evo 1.08 0.00 1.00 0.79 0.60 1.00 1.00 0.29 0.02 0.03 0.16 0.77 -1 0
Result 0 7.0 284 0.47 0.20 0.20 0.16 0.21 0.22 -1 -1 -1 -1 -1
Evo 1.14 0.00 1.00 0.69 0.40 0.80 1.00 0.37 0.04 0.24 0.06 0.33 -1 0
Result 0 3.0 101 0.45 0.25 0.19 0.22 0.17 0.18 -1 -1 -1 -1 -1
Evo 1.09 0.00 1.00 0.77 0.60 1.00 1.00 0.33 0.02 0.03 0.19 0.85 -1 0
Result 0 5.0 321 0.42 0.27 0.16 0.22 0.17 0.19 -1 -1 -1 -1 -1
Evo 1.04 0.00 1.00 0.66 0.40 0.80 1.00 0.40 0.03 0.05 0.08 0.42 -1 0
Result 0 1.0 132 0.41 0.32 0.15 0.21 0.17 0.16 -1 -1 -1 -1 -1
Evo 1.09 0.00 1.00 0.77 0.60 1.00 1.00 0.31 0.02 0.03 0.17 0.86 -1 0
Result 0 5.0 297 0.41 0.27 0.15 0.22 0.17 0.19 -1 -1 -1 -1 -1
Evo 1.20 0.00 0.00 0.00 0.00 0.00 0.00 0.00 0.00 0.00 0.00 0.02 -1 0
Result 0 -1.0 5 0.53 0.50 0.33 -1 -1 0.17 -1 -1 -1 -1 -1
Evo 1.13 0.00 1.00 0.57 0.00 0.60 1.00 0.41 0.03 0.05 0.08 0.35 -1 0
Result 0 1.0 135 0.46 0.29 0.20 0.15 0.22 0.14 -1 -1 -1 -1 -1
Evo 1.09 0.00 1.00 0.78 0.80 1.00 1.00 0.33 0.02 0.31 0.12 0.79 -1 0
Result 0 11.0 215 0.49 0.21 0.24 0.14 0.16 0.25 -1 -1 -1 -1 -1
Evo 1.10 0.00 1.00 0.70 0.40 0.80 1.00 0.35 0.02 0.28 0.20 0.85 -1 0
Result 0 9.0 346 0.42 0.21 0.16 0.25 0.16 0.21 -1 -1 -1 -1 -1
Evo 1.08 0.00 1.00 0.70 0.40 0.80 1.00 0.38 0.02 0.03 0.16 0.79 -1 0
Result 0 9.0 277 0.42 0.31 0.16 0.18 0.14 0.21 -1 -1 -1 -1 -1
Evo 1.10 0.00 1.00 0.74 0.60 1.00 1.00 0.35 0.03 0.12 0.08 0.37 -1 0
Result 0 3.0 131 0.49 0.24 0.23 0.21 0.19 0.13 -1 -1 -1 -1 -1
Evo 1.10 0.00 1.00 0.61 0.20 0.80 1.00 0.39 0.04 0.06 0.06 0.34 -1 0
Result 0 1.0 104 0.43 0.24 0.16 0.15 0.27 0.18 -1 -1 -1 -1 -1
Evo 1.08 0.00 1.00 0.68 0.40 0.80 1.00 0.36 0.02 0.11 0.17 0.77 -1 0
Result 0 13.0 295 0.42 0.26 0.16 0.21 0.18 0.20 -1 -1 -1 -1 -1
Evo 1.20 0.00 0.00 0.00 0.00 0.00 0.00 0.00 0.00 0.00 0.00 0.01 -1 0
Result 0 -1.0 5 0.53 0.17 0.33 -1 -1 0.50 -1 -1 -1 -1 -1
Evo 1.06 0.00 1.00 0.67 0.40 0.80 1.00 0.40 0.04 0.24 0.06 0.38 -1 0
Result 0 5.0 102 0.47 0.22 0.20 0.16 0.23 0.18 -1 -1 -1 -1 -1
Evo 1.08 0.00 1.00 0.71 0.60 0.80 1.00 0.33 0.02 0.21 0.19 0.86 -1 0
Result 0 5.0 322 0.48 0.25 0.22 0.17 0.18 0.19 -1 -1 -1 -1 -1
Evo 1.08 0.00 1.00 0.78 0.80 0.80 1.00 0.32 0.02 0.04 0.10 0.59 -1 0
Result 0 1.0 167 0.43 0.22 0.17 0.16 0.18 0.27 -1 -1 -1 -1 -1
Evo 1.08 0.00 1.00 0.74 0.60 0.80 1.00 0.34 0.02 0.03 0.14 0.67 -1 0
Result 0 3.0 246 0.43 0.23 0.17 0.23 0.15 0.21 -1 -1 -1 -1 -1
Evo 1.12 0.00 1.00 0.77 0.60 0.80 1.00 0.30 0.02 0.08 0.14 0.69 -1 0
Result 0 1.0 249 0.44 0.26 0.18 0.20 0.21 0.16 -1 -1 -1 -1 -1
Evo 1.09 0.00 1.00 0.82 0.80 1.00 1.00 0.28 0.02 0.07 0.17 0.86 -1 0
Result 0 5.0 289 0.44 0.24 0.18 0.19 0.18 0.22 -1 -1 -1 -1 -1
Evo 1.11 0.00 1.00 0.75 0.60 0.80 1.00 0.31 0.02 0.07 0.17 0.69 -1 0
Result 0 5.0 296 0.45 0.26 0.19 0.17 0.18 0.21 -1 -1 -1 -1 -1
Evo 1.07 0.00 1.00 0.72 0.60 0.80 1.00 0.34 0.02 0.29 0.17 0.70 -1 0
Result 0 5.0 295 0.44 0.24 0.18 0.22 0.18 0.19 -1 -1 -1 -1 -1
Evo 1.08 0.00 1.00 0.78 0.60 1.00 1.00 0.33 0.02 0.03 0.14 0.67 -1 0
Result 0 5.0 250 0.45 0.24 0.18 0.20 0.16 0.23 -1 -1 -1 -1 -1
Evo 1.09 0.00 1.00 0.70 0.60 0.80 1.00 0.35 0.02 0.07 0.12 0.65 -1 0
Result 0 -1.0 199 0.39 0.24 0.14 0.23 0.14 0.27 -1 -1 -1 -1 -1
Evo 1.13 0.00 1.00 0.74 0.60 0.80 1.00 0.33 0.02 0.06 0.13 0.67 -1 0
Result 0 1.0 223 0.48 0.23 0.21 0.20 0.13 0.22 -1 -1 -1 -1 -1
Evo 1.11 0.00 1.00 0.63 0.20 0.80 1.00 0.39 0.04 0.07 0.06 0.30 -1 0
Result 0 -1.0 96 0.44 0.22 0.18 0.23 0.19 0.20 -1 -1 -1 -1 -1
Evo 1.08 0.00 1.00 0.70 0.60 0.80 1.00 0.33 0.02 0.12 0.16 0.69 -1 0
Result 0 5.0 279 0.42 0.25 0.16 0.20 0.14 0.25 -1 -1 -1 -1 -1
Evo 1.08 0.00 1.00 0.65 0.40 0.80 1.00 0.39 0.03 0.04 0.11 0.46 -1 0
Result 0 1.0 190 0.39 0.26 0.14 0.23 0.12 0.26 -1 -1 -1 -1 -1
Evo 1.11 0.00 1.00 0.81 0.80 1.00 1.00 0.31 0.02 0.04 0.12 0.68 -1 0
Result 0 5.0 206 0.44 0.22 0.17 0.24 0.16 0.21 -1 -1 -1 -1 -1
Evo 1.11 0.00 1.00 0.75 0.60 1.00 1.00 0.34 0.03 0.04 0.10 0.62 -1 0
Result 0 1.0 177 0.41 0.20 0.15 0.29 0.17 0.18 -1 -1 -1 -1 -1
Evo 1.09 0.00 1.00 0.75 0.60 0.80 1.00 0.32 0.02 0.06 0.13 0.68 -1 0
Result 0 5.0 232 0.46 0.23 0.20 0.21 0.15 0.21 -1 -1 -1 -1 -1
Evo 1.11 0.00 1.00 0.73 0.60 0.80 1.00 0.32 0.03 0.05 0.08 0.46 -1 0
Result 0 -1.0 141 0.46 0.25 0.20 0.19 0.17 0.20 -1 -1 -1 -1 -1
Evo 1.09 0.00 1.00 0.71 0.60 0.80 1.00 0.33 0.02 0.13 0.12 0.64 -1 0
Result 0 5.0 211 0.44 0.24 0.18 0.17 0.19 0.22 -1 -1 -1 -1 -1
Evo 1.10 0.00 1.00 0.70 0.60 0.80 1.00 0.38 0.03 0.12 0.13 0.69 -1 0
Result 0 3.0 229 0.42 0.28 0.16 0.21 0.15 0.20 -1 -1 -1 -1 -1
Evo 1.12 0.00 1.00 0.72 0.60 0.80 1.00 0.35 0.03 0.06 0.06 0.34 -1 0
Result 0 1.0 105 0.49 0.25 0.23 0.22 0.16 0.14 -1 -1 -1 -1 -1
Evo 1.08 0.00 1.00 0.85 0.80 1.00 1.00 0.31 0.02 0.04 0.12 0.86 -1 0
Result 0 5.0 210 0.45 0.25 0.18 0.16 0.20 0.21 -1 -1 -1 -1 -1
Evo 1.05 0.00 1.00 0.81 0.80 1.00 1.00 0.32 0.02 0.27 0.12 0.73 -1 0
Result 0 9.0 209 0.40 0.26 0.14 0.21 0.14 0.25 -1 -1 -1 -1 -1
Evo 1.12 0.00 1.00 0.73 0.40 1.00 1.00 0.37 0.03 0.22 0.08 0.58 -1 0
Result 0 3.0 139 0.46 0.24 0.19 0.16 0.18 0.22 -1 -1 -1 -1 -1
Evo 1.09 0.00 1.00 0.76 0.60 1.00 1.00 0.36 0.02 0.06 0.14 0.79 -1 0
Result 0 9.0 235 0.43 0.20 0.17 0.18 0.24 0.21 -1 -1 -1 -1 -1
Evo 1.10 0.00 1.00 0.83 0.80 1.00 1.00 0.31 0.02 0.10 0.11 0.81 -1 0
Result 0 7.0 186 0.44 0.20 0.18 0.22 0.17 0.22 -1 -1 -1 -1 -1
Evo 1.12 0.00 1.00 0.83 0.80 1.00 1.00 0.31 0.02 0.11 0.15 0.89 -1 0
Result 0 3.0 262 0.39 0.34 0.14 0.20 0.10 0.22 -1 -1 -1 -1 -1
Evo 1.09 0.00 1.00 0.82 0.80 1.00 1.00 0.31 0.02 0.29 0.13 0.87 -1 0
Result 0 9.0 231 0.44 0.28 0.17 0.15 0.21 0.19 -1 -1 -1 -1 -1
Evo 1.10 0.00 1.00 0.79 0.60 1.00 1.00 0.30 0.02 0.23 0.19 0.89 -1 0
Result 0 9.0 322 0.46 0.20 0.19 0.23 0.17 0.20 -1 -1 -1 -1 -1
Evo 1.09 0.00 1.00 0.66 0.40 0.80 1.00 0.40 0.03 0.37 0.10 0.44 -1 0
Result 0 -1.0 175 0.44 0.22 0.17 0.18 0.23 0.19 -1 -1 -1 -1 -1
Evo 1.08 0.00 1.00 0.77 0.60 1.00 1.00 0.32 0.02 0.02 0.22 0.88 -1 0
Result 0 7.0 377 0.48 0.24 0.22 0.19 0.16 0.19 -1 -1 -1 -1 -1
Evo 1.11 0.00 1.00 0.83 0.80 1.00 1.00 0.31 0.02 0.07 0.10 0.82 -1 0
Result 0 9.0 178 0.44 0.23 0.18 0.17 0.19 0.23 -1 -1 -1 -1 -1
Evo 1.10 0.00 1.00 0.80 0.60 1.00 1.00 0.32 0.03 0.05 0.09 0.49 -1 0
Result 0 1.0 161 0.42 0.24 0.16 0.20 0.22 0.18 -1 -1 -1 -1 -1
Evo 1.05 0.00 1.00 0.79 0.80 1.00 1.00 0.34 0.02 0.21 0.13 0.81 -1 0
Result 0 3.0 227 0.46 0.23 0.19 0.18 0.20 0.19 -1 -1 -1 -1 -1
Evo 1.09 0.00 1.00 0.75 0.60 0.80 1.00 0.32 0.02 0.39 0.24 0.89 -1 0
Result 0 13.0 415 0.45 0.24 0.19 0.19 0.17 0.22 -1 -1 -1 -1 -1
Evo 1.05 0.00 1.00 0.72 0.40 1.00 1.00 0.39 0.03 0.15 0.08 0.44 -1 0
Result 0 1.0 132 0.41 0.26 0.15 0.20 0.19 0.21 -1 -1 -1 -1 -1
Evo 1.06 0.00 1.00 0.82 0.80 1.00 1.00 0.34 0.02 0.11 0.12 0.80 -1 0
Result 0 3.0 201 0.41 0.25 0.15 0.14 0.23 0.23 -1 -1 -1 -1 -1
Evo 1.12 0.00 1.00 0.81 0.80 1.00 1.00 0.30 0.02 0.10 0.14 0.77 -1 0
Result 0 11.0 243 0.45 0.25 0.18 0.16 0.19 0.23 -1 -1 -1 -1 -1
Evo 1.08 0.00 1.00 0.81 0.80 1.00 1.00 0.30 0.02 0.02 0.21 0.88 -1 0
Result 0 9.0 364 0.44 0.25 0.18 0.18 0.17 0.23 -1 -1 -1 -1 -1
Evo 1.08 0.00 1.00 0.84 0.80 1.00 1.00 0.31 0.02 0.04 0.13 0.88 -1 0
Result 0 1.0 221 0.44 0.29 0.18 0.19 0.15 0.19 -1 -1 -1 -1 -1
Evo 1.09 0.00 1.00 0.82 0.80 1.00 1.00 0.31 0.02 0.03 0.14 0.87 -1 0
Result 0 7.0 248 0.41 0.22 0.15 0.23 0.21 0.19 -1 -1 -1 -1 -1
Evo 1.10 0.00 1.00 0.80 0.80 1.00 1.00 0.29 0.02 0.18 0.20 0.86 -1 0
Result 0 11.0 346 0.44 0.25 0.18 0.17 0.22 0.19 -1 -1 -1 -1 -1
Evo 1.09 0.00 1.00 0.81 0.80 1.00 1.00 0.29 0.02 0.03 0.16 0.82 -1 0
Result 0 5.0 273 0.44 0.26 0.18 0.17 0.21 0.19 -1 -1 -1 -1 -1
Evo 1.09 0.00 1.00 0.79 0.60 1.00 1.00 0.30 0.02 0.04 0.10 0.60 -1 0
Result 0 3.0 175 0.47 0.28 0.20 0.18 0.16 0.18 -1 -1 -1 -1 -1
Evo 1.10 0.00 1.00 0.63 0.20 0.80 1.00 0.40 0.02 0.05 0.15 0.63 -1 0
Result 0 3.0 265 0.45 0.24 0.18 0.18 0.19 0.21 -1 -1 -1 -1 -1
Evo 1.12 0.00 1.00 0.78 0.60 1.00 1.00 0.31 0.02 0.04 0.12 0.69 -1 0
Result 0 3.0 207 0.45 0.21 0.18 0.22 0.18 0.21 -1 -1 -1 -1 -1
Evo 1.09 0.00 1.00 0.72 0.60 1.00 1.00 0.36 0.02 0.23 0.18 0.87 -1 0
Result 0 7.0 317 0.43 0.30 0.17 0.16 0.15 0.21 -1 -1 -1 -1 -1
Evo 1.09 0.00 1.00 0.63 0.20 0.80 1.00 0.40 0.04 0.29 0.07 0.37 -1 0
Result 0 1.0 115 0.45 0.26 0.19 0.15 0.20 0.21 -1 -1 -1 -1 -1
Evo 1.07 0.00 1.00 0.78 0.60 1.00 1.00 0.31 0.02 0.24 0.18 0.82 -1 0
Result 0 11.0 316 0.44 0.26 0.17 0.21 0.16 0.19 -1 -1 -1 -1 -1
Evo 1.07 0.00 1.00 0.67 0.40 0.80 1.00 0.35 0.02 0.20 0.12 0.60 -1 0
Result 0 3.0 203 0.40 0.26 0.14 0.21 0.20 0.19 -1 -1 -1 -1 -1
Evo 1.05 0.00 1.00 0.52 0.00 0.60 0.80 0.37 0.04 0.39 0.05 0.18 -1 0
Result 0 -1.0 80 0.46 0.23 0.20 0.20 0.22 0.15 -1 -1 -1 -1 -1
Evo 1.11 0.00 1.00 0.81 0.80 1.00 1.00 0.30 0.02 0.03 0.14 0.81 -1 0
Result 0 7.0 233 0.40 0.27 0.15 0.18 0.16 0.24 -1 -1 -1 -1 -1
Evo 1.12 0.00 1.00 0.77 0.60 0.80 1.00 0.30 0.02 0.07 0.11 0.62 -1 0
Result 0 3.0 195 0.47 0.23 0.21 0.18 0.17 0.20 -1 -1 -1 -1 -1
Evo 1.14 0.00 1.00 0.78 0.60 1.00 1.00 0.32 0.02 0.08 0.14 0.80 -1 0
Result 0 3.0 242 0.46 0.25 0.19 0.16 0.17 0.23 -1 -1 -1 -1 -1
Evo 1.10 0.00 1.00 0.67 0.40 0.80 1.00 0.35 0.02 0.15 0.22 0.87 -1 0
Result 0 11.0 388 0.45 0.24 0.19 0.22 0.17 0.18 -1 -1 -1 -1 -1
Evo 1.10 0.00 1.00 0.68 0.40 0.80 1.00 0.34 0.02 0.04 0.21 0.86 -1 0
Result 0 7.0 365 0.44 0.27 0.17 0.22 0.14 0.19 -1 -1 -1 -1 -1
Evo 1.10 0.00 1.00 0.73 0.60 0.80 1.00 0.33 0.02 0.14 0.13 0.70 -1 0
Result 0 3.0 231 0.44 0.25 0.17 0.18 0.16 0.23 -1 -1 -1 -1 -1
Evo 1.08 0.00 1.00 0.76 0.60 0.80 1.00 0.31 0.02 0.03 0.15 0.85 -1 0
Result 0 5.0 261 0.44 0.23 0.18 0.21 0.16 0.22 -1 -1 -1 -1 -1
Evo 1.06 0.00 1.00 0.34 0.00 0.40 0.60 0.34 0.06 0.48 0.02 0.14 -1 0
Result 0 -1.0 36 0.52 0.27 0.30 0.16 -1 0.27 -1 -1 -1 -1 -1
Evo 1.09 0.00 1.00 0.47 0.20 0.40 0.80 0.35 0.04 0.45 0.04 0.16 -1 0
Result 0 -1.0 64 0.42 0.32 0.15 0.14 0.23 0.15 -1 -1 -1 -1 -1
Evo 1.10 0.00 1.00 0.42 0.00 0.40 0.80 0.42 0.07 0.33 0.02 0.15 -1 0
Result 0 -1.0 40 0.33 0.12 0.10 0.24 0.24 0.29 -1 -1 -1 -1 -1
