Evo 1.00 0.00 1.00 0.99 1.00 1.00 1.00 0.11 0.00 0.01 0.61 0.66 -1 0
Result 0 4.0 1500 0.45 0.20 0.24 0.18 0.19 0.19 -1 -1 -1 -1 -1
Evo 1.00 0.00 1.00 0.99 1.00 1.00 1.00 0.11 0.00 0.03 0.52 0.66 -1 1
Result 0 4.0 1500 0.48 0.20 0.19 0.22 0.21 0.18 -1 -1 -1 -1 -1
Evo 1.00 0.00 1.00 0.99 1.00 1.00 1.00 0.11 0.00 0.02 0.55 0.66 -1 0
Result 0 5.0 1500 0.48 0.18 0.22 0.22 0.17 0.20 -1 -1 -1 -1 -1
Evo 1.00 0.00 1.00 0.99 1.00 1.00 1.00 0.11 0.00 0.01 0.55 0.66 -1 1
Result 0 6.0 1500 0.48 0.19 0.21 0.21 0.20 0.19 -1 -1 -1 -1 -1
Evo 1.00 0.00 1.00 0.99 1.00 1.00 1.00 0.11 0.00 0.35 0.56 0.66 -1 0
Result 0 4.0 1500 0.47 0.19 0.20 0.21 0.22 0.18 -1 -1 -1 -1 -1
Evo 1.00 0.00 1.00 0.99 1.00 1.00 1.00 0.11 0.00 0.08 0.52 0.66 -1 0
Result 0 5.0 1500 0.44 0.19 0.22 0.18 0.20 0.22 -1 -1 -1 -1 -1
Evo 1.00 0.00 1.00 0.99 1.00 1.00 1.00 0.11 0.00 0.04 0.53 0.66 -1 0
Result 0 6.0 1500 0.48 0.19 0.19 0.22 0.19 0.21 -1 -1 -1 -1 -1
Evo 1.00 0.00 1.00 0.99 1.00 1.00 1.00 0.11 0.00 0.06 0.61 0.66 -1 1
Result 0 7.0 1500 0.48 0.21 0.19 0.22 0.20 0.18 -1 -1 -1 -1 -1
Evo 1.00 0.00 1.00 0.99 1.00 1.00 1.00 0.11 0.00 0.01 0.58 0.66 -1 1
Result 0 4.0 1500 0.48 0.19 0.21 0.21 0.19 0.20 -1 -1 -1 -1 -1
Evo 1.00 0.00 1.00 0.99 1.00 1.00 1.00 0.11 0.00 0.03 0.58 0.66 -1 0
Result 0 7.0 1500 0.46 0.20 0.20 0.20 0.21 0.18 -1 -1 -1 -1 -1
Evo 1.00 0.00 1.00 0.98 1.00 1.00 1.00 0.12 0.00 0.01 0.56 0.66 -1 1
Result 0 6.0 1500 0.45 0.21 0.20 0.18 0.21 0.20 -1 -1 -1 -1 -1
Evo 1.00 0.00 1.00 0.99 1.00 1.00 1.00 0.11 0.00 0.01 0.53 0.66 -1 0
Result 0 5.0 1500 0.46 0.21 0.22 0.20 0.20 0.17 -1 -1 -1 -1 -1
Evo 1.00 0.00 1.00 0.99 1.00 1.00 1.00 0.11 0.00 0.02 0.58 0.66 -1 0
Result 0 7.0 1500 0.46 0.21 0.19 0.20 0.22 0.19 -1 -1 -1 -1 -1
Evo 1.00 0.00 1.00 0.99 1.00 1.00 1.00 0.11 0.00 0.02 0.59 0.66 -1 0
Result 0 6.0 1500 0.47 0.21 0.22 0.21 0.17 0.20 -1 -1 -1 -1 -1
Evo 1.00 0.00 1.00 0.99 1.00 1.00 1.00 0.11 0.00 0.37 0.53 0.66 -1 1
Result 0 5.0 1500 0.45 0.19 0.23 0.19 0.19 0.20 -1 -1 -1 -1 -1
Evo 1.00 0.00 1.00 0.99 1.00 1.00 1.00 0.11 0.00 0.12 0.55 0.66 -1 0
Result 0 5.0 1500 0.46 0.19 0.23 0.19 0.17 0.22 -1 -1 -1 -1 -1
Evo 1.00 0.00 1.00 0.99 1.00 1.00 1.00 0.11 0.00 0.01 0.52 0.66 -1 1
Result 0 3.0 1500 0.49 0.21 0.20 0.23 0.18 0.18 -1 -1 -1 -1 -1
Evo 1.00 0.00 1.00 0.99 1.00 1.00 1.00 0.11 0.00 0.01 0.57 0.66 -1 2
Result 0 7.0 1500 0.47 0.21 0.19 0.20 0.20 0.19 -1 -1 -1 -1 -1
Evo 1.00 0.00 1.00 0.99 1.00 1.00 1.00 0.11 0.00 0.01 0.56 0.66 -1 0
Result 0 6.0 1500 0.46 0.20 0.21 0.19 0.21 0.19 -1 -1 -1 -1 -1
Evo 1.00 0.00 1.00 0.99 1.00 1.00 1.00 0.11 0.00 0.01 0.58 0.66 -1 0
Result 0 7.0 1500 0.48 0.20 0.19 0.22 0.19 0.20 -1 -1 -1 -1 -1
Evo 1.00 0.00 1.00 0.99 1.00 1.00 1.00 0.11 0.00 0.01 0.38 0.62 -1 0
Result 0 2.0 1500 0.49 0.21 0.25 0.23 0.15 0.16 -1 -1 -1 -1 -1
Evo 1.00 0.00 1.00 0.99 1.00 1.00 1.00 0.11 0.00 0.01 0.38 0.62 -1 0
Result 0 2.0 1500 0.48 0.21 0.24 0.22 0.17 0.16 -1 -1 -1 -1 -1
Evo 1.00 0.00 1.00 0.99 1.00 1.00 1.00 0.11 0.00 0.01 0.22 0.62 -1 0
Result 0 2.0 1500 0.40 0.22 0.16 0.14 0.26 0.22 -1 -1 -1 -1 -1
Evo 1.00 0.00 1.00 0.99 1.00 1.00 1.00 0.11 0.00 0.01 0.22 0.61 -1 0
Result 0 2.0 1500 0.43 0.22 0.22 0.17 0.17 0.22 -1 -1 -1 -1 -1
Evo 1.00 0.00 1.00 0.99 1.00 1.00 1.00 0.11 0.00 0.01 0.20 0.62 -1 0
Result 0 3.0 1500 0.41 0.21 0.17 0.15 0.25 0.22 -1 -1 -1 -1 -1
Evo 1.00 0.00 1.00 0.99 1.00 1.00 1.00 0.11 0.00 0.01 0.20 0.55 -1 0
Result 0 2.0 1500 0.41 0.21 0.15 0.15 0.25 0.24 -1 -1 -1 -1 -1
Evo 1.00 0.00 1.00 0.99 1.00 1.00 1.00 0.12 0.00 0.01 0.20 0.59 -1 0
Result 0 2.0 1500 0.41 0.23 0.16 0.15 0.23 0.23 -1 -1 -1 -1 -1
Evo 1.00 0.00 1.00 0.99 1.00 1.00 1.00 0.11 0.00 0.01 0.22 0.62 -1 6
Result 0 3.0 1500 0.42 0.24 0.17 0.16 0.19 0.24 -1 -1 -1 -1 -1
Evo 1.00 0.00 1.00 0.99 1.00 1.00 1.00 0.11 0.00 0.01 0.26 0.62 -1 0
Result 0 2.0 1500 0.42 0.21 0.17 0.16 0.22 0.24 -1 -1 -1 -1 -1
Evo 1.00 0.00 1.00 0.99 1.00 1.00 1.00 0.11 0.00 0.03 0.25 0.62 -1 0
Result 0 2.0 1500 0.43 0.21 0.22 0.17 0.18 0.23 -1 -1 -1 -1 -1
Evo 1.00 0.00 1.00 0.99 1.00 1.00 1.00 0.11 0.00 0.01 0.24 0.62 -1 0
Result 0 1.0 1500 0.42 0.20 0.22 0.16 0.17 0.25 -1 -1 -1 -1 -1
Evo 1.00 0.00 1.00 0.99 1.00 1.00 1.00 0.11 0.00 0.12 0.21 0.59 -1 0
Result 0 3.0 1500 0.41 0.21 0.18 0.15 0.23 0.24 -1 -1 -1 -1 -1
Evo 1.00 0.00 1.00 0.99 1.00 1.00 1.00 0.11 0.00 0.04 0.17 0.55 -1 1
Result 0 2.0 1500 0.41 0.21 0.17 0.15 0.25 0.22 -1 -1 -1 -1 -1
Evo 1.00 0.00 1.00 0.99 1.00 1.00 1.00 0.11 0.00 0.01 0.25 0.62 -1 0
Result 0 1.0 1500 0.43 0.20 0.20 0.17 0.20 0.23 -1 -1 -1 -1 -1
Evo 1.00 0.00 1.00 0.99 1.00 1.00 1.00 0.11 0.00 0.01 0.26 0.62 -1 0
Result 0 1.0 1500 0.44 0.21 0.19 0.17 0.19 0.24 -1 -1 -1 -1 -1
Evo 1.00 0.00 1.00 0.99 1.00 1.00 1.00 0.12 0.00 0.01 0.43 0.62 -1 0
Result 0 1.0 1499 0.45 0.22 0.24 0.19 0.16 0.20 -1 -1 -1 -1 -1
Evo 1.00 0.00 1.00 0.99 1.00 1.00 1.00 0.11 0.00 0.02 0.22 0.61 -1 0
Result 0 3.0 1500 0.41 0.21 0.20 0.15 0.20 0.23 -1 -1 -1 -1 -1
Evo 1.00 0.00 1.00 0.99 1.00 1.00 1.00 0.11 0.00 0.01 0.26 0.62 -1 0
Result 0 1.0 1500 0.43 0.21 0.23 0.17 0.16 0.24 -1 -1 -1 -1 -1
Evo 1.00 0.00 1.00 0.99 1.00 1.00 1.00 0.12 0.00 0.01 0.23 0.60 -1 1
Result 0 2.0 1500 0.43 0.20 0.22 0.17 0.17 0.25 -1 -1 -1 -1 -1
Evo 1.00 0.00 1.00 0.99 1.00 1.00 1.00 0.11 0.00 0.01 0.38 0.62 -1 0
Result 0 3.0 1500 0.49 0.22 0.22 0.24 0.17 0.15 -1 -1 -1 -1 -1
Evo 1.00 0.00 1.00 0.99 1.00 1.00 1.00 0.11 0.00 0.01 0.23 0.34 -1 0
Result 0 0.0 1500 0.46 0.23 0.12 0.19 0.25 0.22 -1 -1 -1 -1 -1
Evo 1.01 0.00 1.00 0.99 1.00 1.00 1.00 0.12 0.00 0.02 0.25 0.42 -1 0
Result 0 0.0 1500 0.45 0.24 0.12 0.18 0.26 0.20 -1 -1 -1 -1 -1
Evo 1.00 0.00 1.00 0.99 1.00 1.00 1.00 0.12 0.00 0.03 0.23 0.45 -1 0
Result 0 0.0 1500 0.39 0.22 0.16 0.14 0.22 0.26 -1 -1 -1 -1 -1
Evo 1.00 0.00 1.00 0.99 1.00 1.00 1.00 0.11 0.00 0.03 0.22 0.40 -1 0
Result 0 0.0 1500 0.47 0.25 0.12 0.21 0.26 0.16 -1 -1 -1 -1 -1
Evo 1.01 0.00 1.00 0.98 1.00 1.00 1.00 0.12 0.00 0.01 0.24 0.39 -1 1
Result 0 0.0 1500 0.44 0.23 0.12 0.17 0.27 0.22 -1 -1 -1 -1 -1
Evo 1.00 0.00 1.00 0.99 1.00 1.00 1.00 0.11 0.00 0.03 0.25 0.39 -1 0
Result 0 0.0 1500 0.46 0.22 0.13 0.20 0.26 0.19 -1 -1 -1 -1 -1
Evo 1.00 0.00 1.00 0.99 1.00 1.00 1.00 0.11 0.00 0.03 0.22 0.38 -1 0
Result 0 0.0 1500 0.42 0.24 0.12 0.16 0.23 0.25 -1 -1 -1 -1 -1
Evo 1.00 0.00 1.00 0.99 1.00 1.00 1.00 0.12 0.00 0.03 0.26 0.38 -1 0
Result 0 0.0 1500 0.48 0.25 0.12 0.22 0.23 0.18 -1 -1 -1 -1 -1
Evo 1.00 0.00 1.00 0.99 1.00 1.00 1.00 0.11 0.00 0.03 0.22 0.44 -1 0
Result 0 0.0 1500 0.49 0.22 0.13 0.24 0.25 0.17 -1 -1 -1 -1 -1
Evo 1.00 0.00 1.00 0.99 1.00 1.00 1.00 0.11 0.00 0.03 0.22 0.35 -1 0
Result 0 0.0 1500 0.49 0.22 0.12 0.24 0.26 0.17 -1 -1 -1 -1 -1
Evo 1.01 0.00 1.00 0.99 1.00 1.00 1.00 0.11 0.00 0.02 0.24 0.36 -1 0
Result 0 0.0 1500 0.42 0.24 0.12 0.16 0.26 0.23 -1 -1 -1 -1 -1
Evo 1.00 0.00 1.00 0.99 1.00 1.00 1.00 0.11 0.00 0.01 0.24 0.38 -1 0
Result 0 0.0 1500 0.47 0.22 0.13 0.20 0.26 0.18 -1 -1 -1 -1 -1
Evo 1.01 0.00 1.00 0.98 1.00 1.00 1.00 0.12 0.00 0.05 0.23 0.39 -1 0
Result 0 0.0 1500 0.46 0.23 0.12 0.19 0.25 0.22 -1 -1 -1 -1 -1
Evo 1.00 0.00 1.00 0.99 1.00 1.00 1.00 0.11 0.00 0.01 0.22 0.38 -1 0
Result 0 0.0 1500 0.47 0.23 0.13 0.21 0.26 0.17 -1 -1 -1 -1 -1
Evo 1.00 0.00 1.00 0.99 1.00 1.00 1.00 0.12 0.00 0.01 0.25 0.44 -1 0
Result 0 0.0 1500 0.45 0.24 0.15 0.19 0.24 0.19 -1 -1 -1 -1 -1
Evo 1.00 0.00 1.00 0.99 1.00 1.00 1.00 0.11 0.00 0.01 0.24 0.35 -1 0
Result 0 0.0 1500 0.45 0.22 0.13 0.19 0.24 0.21 -1 -1 -1 -1 -1
Evo 1.00 0.00 1.00 0.99 1.00 1.00 1.00 0.11 0.00 0.03 0.25 0.36 -1 0
Result 0 0.0 1500 0.44 0.23 0.11 0.18 0.25 0.23 -1 -1 -1 -1 -1
Evo 1.00 0.00 1.00 0.99 1.00 1.00 1.00 0.12 0.00 0.03 0.14 0.35 -1 0
Result 0 0.0 1500 0.38 0.23 0.16 0.13 0.21 0.27 -1 -1 -1 -1 -1
Evo 1.00 0.00 1.00 0.99 1.00 1.00 1.00 0.11 0.00 0.01 0.21 0.37 -1 0
Result 0 0.0 1500 0.49 0.24 0.14 0.24 0.23 0.14 -1 -1 -1 -1 -1
Evo 1.00 0.00 1.00 0.99 1.00 1.00 1.00 0.11 0.00 0.01 0.21 0.38 -1 0
Result 0 0.0 1500 0.44 0.23 0.12 0.17 0.25 0.23 -1 -1 -1 -1 -1
Evo 1.00 0.00 1.00 0.99 1.00 1.00 1.00 0.11 0.00 0.01 0.52 0.64 -1 3
Result 0 3.0 1500 0.49 0.20 0.19 0.23 0.19 0.19 -1 -1 -1 -1 -1
Evo 1.01 0.00 1.00 0.99 1.00 1.00 1.00 0.11 0.00 0.09 0.35 0.64 -1 0
Result 0 1.0 1500 0.48 0.21 0.19 0.22 0.22 0.16 -1 -1 -1 -1 -1
Evo 1.00 0.00 1.00 0.99 1.00 1.00 1.00 0.11 0.00 0.01 0.30 0.64 -1 2
Result 0 2.0 1500 0.49 0.20 0.20 0.24 0.20 0.16 -1 -1 -1 -1 -1
Evo 1.00 0.00 1.00 0.99 1.00 1.00 1.00 0.11 0.00 0.01 0.48 0.64 -1 0
Result 0 3.0 1500 0.48 0.20 0.17 0.22 0.23 0.19 -1 -1 -1 -1 -1
Evo 1.00 0.00 1.00 0.99 1.00 1.00 1.00 0.11 0.00 0.01 0.27 0.64 -1 1
Result 0 2.0 1500 0.48 0.19 0.22 0.22 0.19 0.17 -1 -1 -1 -1 -1
Evo 1.00 0.00 1.00 0.99 1.00 1.00 1.00 0.11 0.00 0.04 0.25 0.64 -1 1
Result 0 1.0 1500 0.50 0.21 0.21 0.24 0.20 0.14 -1 -1 -1 -1 -1
Evo 1.00 0.00 1.00 0.99 1.00 1.00 1.00 0.11 0.00 0.01 0.28 0.63 -1 0
Result 0 1.0 1500 0.49 0.21 0.20 0.23 0.22 0.14 -1 -1 -1 -1 -1
Evo 1.00 0.00 1.00 0.99 1.00 1.00 1.00 0.11 0.00 0.01 0.39 0.64 -1 0
Result 0 2.0 1500 0.46 0.22 0.15 0.19 0.24 0.20 -1 -1 -1 -1 -1
Evo 1.00 0.00 1.00 0.99 1.00 1.00 1.00 0.11 0.00 0.01 0.36 0.64 -1 3
Result 0 2.0 1500 0.50 0.20 0.18 0.25 0.21 0.16 -1 -1 -1 -1 -1
Evo 1.00 0.00 1.00 0.99 1.00 1.00 1.00 0.11 0.00 0.03 0.49 0.64 -1 0
Result 0 2.0 1500 0.47 0.20 0.20 0.21 0.21 0.19 -1 -1 -1 -1 -1
Evo 1.00 0.00 1.00 0.99 1.00 1.00 1.00 0.11 0.00 0.01 0.35 0.64 -1 0
Result 0 2.0 1500 0.50 0.20 0.19 0.25 0.20 0.16 -1 -1 -1 -1 -1
Evo 1.00 0.00 1.00 0.99 1.00 1.00 1.00 0.11 0.00 0.01 0.33 0.64 -1 0
Result 0 2.0 1500 0.49 0.20 0.21 0.23 0.19 0.17 -1 -1 -1 -1 -1
Evo 1.00 0.00 1.00 0.99 1.00 1.00 1.00 0.11 0.00 0.30 0.49 0.64 -1 0
Result 0 3.0 1500 0.48 0.19 0.21 0.21 0.21 0.17 -1 -1 -1 -1 -1
Evo 1.00 0.00 1.00 0.99 1.00 1.00 1.00 0.11 0.00 0.01 0.40 0.64 -1 0
Result 0 3.0 1500 0.49 0.21 0.20 0.23 0.18 0.18 -1 -1 -1 -1 -1
Evo 1.00 0.00 1.00 0.99 1.00 1.00 1.00 0.11 0.00 0.01 0.48 0.64 -1 0
Result 0 3.0 1500 0.47 0.21 0.20 0.20 0.20 0.19 -1 -1 -1 -1 -1
Evo 1.00 0.00 1.00 0.99 1.00 1.00 1.00 0.12 0.00 0.01 0.50 0.64 -1 0
Result 0 3.0 1500 0.48 0.22 0.20 0.22 0.19 0.18 -1 -1 -1 -1 -1
Evo 1.00 0.00 1.00 0.99 1.00 1.00 1.00 0.11 0.00 0.04 0.40 0.64 -1 0
Result 0 2.0 1500 0.47 0.22 0.19 0.21 0.23 0.15 -1 -1 -1 -1 -1
Evo 1.00 0.00 1.00 0.99 1.00 1.00 1.00 0.11 0.00 0.01 0.42 0.64 -1 0
Result 0 2.0 1500 0.48 0.19 0.22 0.22 0.19 0.18 -1 -1 -1 -1 -1
Evo 1.00 0.00 1.00 0.99 1.00 1.00 1.00 0.11 0.00 0.01 0.34 0.64 -1 0
Result 0 1.0 1500 0.49 0.21 0.20 0.24 0.18 0.18 -1 -1 -1 -1 -1
Evo 1.00 0.00 1.00 0.99 1.00 1.00 1.00 0.12 0.00 0.01 0.38 0.64 -1 0
Result 0 1.0 1500 0.47 0.21 0.20 0.21 0.21 0.18 -1 -1 -1 -1 -1
Evo 1.00 0.00 1.00 0.99 1.00 1.00 1.00 0.11 0.00 0.02 0.29 0.64 -1 1
Result 0 0.0 1500 0.45 0.21 0.14 0.18 0.24 0.22 -1 -1 -1 -1 -1
Evo 1.00 0.00 1.00 0.99 1.00 1.00 1.00 0.11 0.00 0.02 0.29 0.64 -1 0
Result 0 0.0 1500 0.43 0.21 0.16 0.16 0.25 0.22 -1 -1 -1 -1 -1
Evo 1.00 0.00 1.00 0.99 1.00 1.00 1.00 0.11 0.00 0.01 0.34 0.64 -1 0
Result 0 0.0 1500 0.47 0.20 0.15 0.20 0.24 0.21 -1 -1 -1 -1 -1
Evo 1.00 0.00 1.00 0.99 1.00 1.00 1.00 0.11 0.00 0.01 0.15 0.61 -1 0
Result 0 0.0 1500 0.40 0.22 0.14 0.14 0.25 0.25 -1 -1 -1 -1 -1
Evo 1.00 0.00 1.00 0.99 1.00 1.00 1.00 0.11 0.00 0.01 0.29 0.64 -1 2
Result 0 -1.0 1497 0.48 0.22 0.15 0.22 0.23 0.18 -1 -1 -1 -1 -1
Evo 1.00 0.00 1.00 0.99 1.00 1.00 1.00 0.11 0.00 0.01 0.48 0.64 -1 1
Result 0 0.0 1500 0.47 0.19 0.17 0.21 0.23 0.19 -1 -1 -1 -1 -1
Evo 1.00 0.00 1.00 0.99 1.00 1.00 1.00 0.11 0.00 0.01 0.27 0.64 -1 0
Result 0 0.0 1500 0.41 0.22 0.15 0.15 0.25 0.23 -1 -1 -1 -1 -1
Evo 1.00 0.00 1.00 0.99 1.00 1.00 1.00 0.11 0.00 0.04 0.33 0.64 -1 0
Result 0 0.0 1500 0.46 0.22 0.15 0.20 0.24 0.20 -1 -1 -1 -1 -1
Evo 1.00 0.00 1.00 0.99 1.00 1.00 1.00 0.11 0.00 0.01 0.19 0.61 -1 0
Result 0 0.0 1500 0.43 0.19 0.15 0.16 0.24 0.26 -1 -1 -1 -1 -1
Evo 1.00 0.00 1.00 0.99 1.00 1.00 1.00 0.11 0.00 0.01 0.41 0.64 -1 0
Result 0 0.0 1500 0.46 0.22 0.15 0.20 0.26 0.17 -1 -1 -1 -1 -1
Evo 1.00 0.00 1.00 0.99 1.00 1.00 1.00 0.11 0.00 0.03 0.20 0.60 -1 0
Result 0 0.0 1500 0.41 0.19 0.16 0.15 0.25 0.25 -1 -1 -1 -1 -1
Evo 1.00 0.00 1.00 0.99 1.00 1.00 1.00 0.11 0.00 0.02 0.18 0.59 -1 0
Result 0 0.0 1500 0.41 0.22 0.15 0.15 0.24 0.25 -1 -1 -1 -1 -1
Evo 1.00 0.00 1.00 0.99 1.00 1.00 1.00 0.11 0.00 0.01 0.13 0.62 -1 2
Result 0 0.0 1500 0.40 0.21 0.16 0.14 0.24 0.25 -1 -1 -1 -1 -1
Evo 2.00 0.00 0.00 0.00 0.00 0.00 0.00 0.00 0.00 0.00 0.02 0.06 -1 0
Result 0 -1.0 1 0.00 -1 1.00 -1 -1 -1 -1 -1 -1 -1 -1
Evo 1.00 0.00 1.00 0.99 1.00 1.00 1.00 0.11 0.00 0.01 0.49 0.64 -1 0
Result 0 0.0 1500 0.46 0.21 0.15 0.19 0.24 0.21 -1 -1 -1 -1 -1
Evo 1.00 0.00 1.00 0.99 1.00 1.00 1.00 0.11 0.00 0.01 0.16 0.62 -1 0
Result 0 0.0 1500 0.42 0.22 0.16 0.16 0.23 0.24 -1 -1 -1 -1 -1
Evo 1.00 0.00 1.00 0.99 1.00 1.00 1.00 0.11 0.00 0.02 0.42 0.64 -1 0
Result 0 0.0 1500 0.50 0.23 0.15 0.24 0.22 0.15 -1 -1 -1 -1 -1
Evo 1.00 0.00 1.00 0.99 1.00 1.00 1.00 0.11 0.00 0.01 0.29 0.64 -1 0
Result 0 1.0 1500 0.49 0.19 0.16 0.23 0.24 0.18 -1 -1 -1 -1 -1
Evo 1.00 0.00 1.00 0.99 1.00 1.00 1.00 0.11 0.00 0.01 0.25 0.64 -1 0
Result 0 0.0 1500 0.43 0.19 0.16 0.16 0.25 0.24 -1 -1 -1 -1 -1
Evo 1.00 0.00 1.00 0.99 1.00 1.00 1.00 0.11 0.00 0.01 0.28 0.64 -1 0
Result 0 1.0 1500 0.49 0.20 0.14 0.23 0.25 0.18 -1 -1 -1 -1 -1
