Evo 1.00 0.00 1.00 0.99 1.00 1.00 1.00 0.10 0.00 0.01 0.19 0.33 -1 1
Result 0 14.0 2000 0.44 0.17 0.16 0.18 0.16 0.16 0.16 -1 -1 -1 -1
Evo 1.00 0.00 1.00 0.98 1.00 1.00 1.00 0.14 0.01 0.21 0.06 0.20 -1 0
Result 0 8.0 257 0.44 0.17 0.17 0.16 0.18 0.16 0.16 -1 -1 -1 -1
Evo 1.00 0.00 1.00 0.99 1.00 1.00 1.00 0.10 0.00 0.01 0.32 0.47 -1 1
Result 0 14.0 2000 0.43 0.16 0.17 0.17 0.17 0.16 0.16 -1 -1 -1 -1
Evo 1.04 0.00 1.00 0.75 0.00 1.00 1.00 0.44 0.09 0.19 0.01 0.14 -1 3
Result 0 0.0 23 0.50 0.17 0.25 0.21 0.13 0.08 0.17 -1 -1 -1 -1
Evo 1.00 0.00 1.00 0.99 1.00 1.00 1.00 0.10 0.00 0.02 0.31 0.67 -1 2
Result 0 14.0 2000 0.41 0.15 0.16 0.16 0.18 0.19 0.16 -1 -1 -1 -1
Evo 1.00 0.00 1.00 0.99 1.00 1.00 1.00 0.10 0.00 0.01 0.26 0.39 -1 0
Result 0 14.0 2000 0.45 0.17 0.18 0.16 0.16 0.16 0.16 -1 -1 -1 -1
Evo 1.01 0.00 1.00 0.97 1.00 1.00 1.00 0.16 0.01 0.06 0.06 0.27 -1 1
Result 0 4.0 233 0.43 0.16 0.20 0.13 0.11 0.20 0.20 -1 -1 -1 -1
Evo 1.00 0.00 1.00 0.99 1.00 1.00 1.00 0.10 0.00 0.01 0.15 0.25 -1 3
Result 0 14.0 2000 0.43 0.15 0.17 0.17 0.17 0.15 0.18 -1 -1 -1 -1
Evo 1.02 0.00 1.00 0.98 1.00 1.00 1.00 0.14 0.01 0.03 0.06 0.18 -1 0
Result 0 7.0 257 0.44 0.18 0.21 0.14 0.16 0.14 0.18 -1 -1 -1 -1
Evo 1.00 0.71 1.00 1.00 1.00 1.00 1.00 0.03 0.00 0.01 0.35 0.71 1905 0
Result 1 14.0 1957 0.42 0.18 0.16 0.15 0.18 0.17 0.17 -1 -1 -1 -1
Evo 1.00 0.00 0.50 0.50 0.50 0.50 0.50 0.05 0.00 0.03 0.18 0.30 -1 0
Result 0 14.0 2000 0.45 0.19 0.16 0.17 0.16 0.16 0.17 -1 -1 -1 -1
Evo 1.00 0.00 0.50 0.50 0.50 0.50 0.50 0.05 0.00 0.07 0.30 0.46 -1 0
Result 0 14.0 2000 0.42 0.16 0.16 0.17 0.16 0.18 0.18 -1 -1 -1 -1
Evo 1.00 0.00 0.50 0.50 0.50 0.50 0.50 0.05 0.00 0.01 0.35 0.60 -1 2
Result 0 14.0 2000 0.42 0.16 0.17 0.16 0.17 0.17 0.16 -1 -1 -1 -1
Evo 1.00 0.50 1.00 0.51 0.50 0.50 0.50 0.05 0.00 0.08 0.30 0.70 1505 2
Result 1 14.0 1532 0.44 0.18 0.17 0.15 0.16 0.18 0.16 -1 -1 -1 -1
Evo 1.00 0.00 0.50 0.50 0.50 0.50 0.50 0.05 0.00 0.02 0.18 0.30 -1 0
Result 0 14.0 2000 0.43 0.17 0.17 0.16 0.16 0.17 0.17 -1 -1 -1 -1
Evo 1.00 0.00 0.50 0.49 0.50 0.50 0.50 0.05 0.00 0.13 0.18 0.33 -1 0
Result 0 14.0 2000 0.44 0.17 0.18 0.16 0.17 0.14 0.19 -1 -1 -1 -1
Evo 1.00 0.00 1.00 0.50 0.50 0.50 0.50 0.05 0.00 0.04 0.30 0.73 1542 0
Result 1 14.0 1557 0.42 0.16 0.17 0.16 0.16 0.18 0.17 -1 -1 -1 -1
Evo 1.00 0.00 0.50 0.50 0.50 0.50 0.50 0.05 0.00 0.01 0.26 0.38 -1 2
Result 0 14.0 2000 0.42 0.18 0.16 0.17 0.17 0.16 0.16 -1 -1 -1 -1
Evo 1.03 0.00 0.50 0.47 0.50 0.50 0.50 0.12 0.01 0.06 0.03 0.22 -1 0
Result 0 1.0 107 0.48 0.21 0.11 0.13 0.25 0.17 0.13 -1 -1 -1 -1
Evo 1.00 0.00 0.50 0.50 0.50 0.50 0.50 0.05 0.00 0.01 0.33 0.51 -1 0
Result 0 14.0 2000 0.42 0.16 0.18 0.17 0.16 0.17 0.17 -1 -1 -1 -1
Evo 1.04 0.00 0.50 0.47 0.50 0.50 0.50 0.12 0.01 0.41 0.03 0.14 -1 42
Result 0 3.0 114 0.46 0.19 0.16 0.14 0.19 0.14 0.18 -1 -1 -1 -1
Evo 1.00 0.00 0.50 0.50 0.50 0.50 0.50 0.05 0.00 0.11 0.32 0.50 -1 43
Result 0 14.0 2000 0.42 0.16 0.16 0.18 0.16 0.17 0.17 -1 -1 -1 -1
Evo 1.00 0.00 0.50 0.50 0.50 0.50 0.50 0.05 0.00 0.06 0.25 0.37 -1 42
Result 0 14.0 2000 0.43 0.17 0.18 0.17 0.16 0.17 0.15 -1 -1 -1 -1
Evo 1.00 0.00 1.00 0.51 0.50 0.50 0.50 0.06 0.00 0.01 0.22 0.71 710 41
Result 1 14.0 735 0.42 0.17 0.16 0.21 0.15 0.13 0.18 -1 -1 -1 -1
Evo 1.01 0.00 0.50 0.49 0.50 0.50 0.50 0.08 0.01 0.12 0.06 0.27 -1 41
Result 0 6.0 191 0.42 0.16 0.16 0.20 0.15 0.15 0.18 -1 -1 -1 -1
Evo 1.04 0.00 0.50 0.47 0.50 0.50 0.50 0.12 0.01 0.12 0.03 0.19 -1 42
Result 0 2.0 89 0.37 0.12 0.18 0.17 0.19 0.18 0.17 -1 -1 -1 -1
Evo 1.01 0.00 0.50 0.47 0.50 0.50 0.50 0.13 0.01 0.07 0.02 0.14 -1 41
Result 0 2.0 89 0.42 0.16 0.16 0.20 0.20 0.11 0.18 -1 -1 -1 -1
Evo 1.00 0.00 1.00 0.50 0.50 0.50 0.50 0.04 0.00 0.01 0.31 0.69 1537 41
Result 1 14.0 1575 0.43 0.16 0.17 0.18 0.18 0.15 0.15 -1 -1 -1 -1
Evo 1.03 0.00 0.50 0.46 0.50 0.50 0.50 0.14 0.01 0.16 0.05 0.19 -1 43
Result 0 4.0 95 0.38 0.15 0.13 0.21 0.21 0.17 0.15 -1 -1 -1 -1
Evo 1.00 0.50 1.00 0.50 0.50 0.50 0.50 0.04 0.00 0.01 0.33 0.70 1817 43
Result 1 14.0 1836 0.44 0.16 0.17 0.17 0.16 0.16 0.17 -1 -1 -1 -1
Evo 1.02 0.00 0.50 0.46 0.50 0.50 0.50 0.14 0.02 0.44 0.03 0.19 -1 41
Result 0 3.0 89 0.43 0.17 0.17 0.18 0.13 0.14 0.21 -1 -1 -1 -1
Evo 1.00 0.00 0.50 0.49 0.50 0.50 0.50 0.05 0.00 0.16 0.32 0.56 -1 41
Result 0 14.0 2000 0.42 0.16 0.18 0.18 0.16 0.16 0.17 -1 -1 -1 -1
Evo 1.00 0.00 0.50 0.50 0.50 0.50 0.50 0.05 0.00 0.01 0.27 0.44 -1 41
Result 0 14.0 2000 0.42 0.16 0.19 0.17 0.16 0.17 0.16 -1 -1 -1 -1
Evo 1.01 0.00 0.50 0.47 0.50 0.50 0.50 0.12 0.01 0.07 0.02 0.18 -1 14
Result 0 2.0 89 0.47 0.13 0.21 0.16 0.19 0.16 0.16 -1 -1 -1 -1
Evo 1.02 0.00 0.50 0.49 0.50 0.50 0.50 0.08 0.01 0.20 0.04 0.17 -1 17
Result 0 5.0 197 0.46 0.12 0.19 0.15 0.20 0.17 0.17 -1 -1 -1 -1
Evo 1.01 0.00 0.50 0.49 0.50 0.50 0.50 0.09 0.01 0.17 0.05 0.24 -1 41
Result 0 5.0 167 0.40 0.14 0.17 0.19 0.16 0.15 0.18 -1 -1 -1 -1
Evo 1.00 0.00 0.50 0.50 0.50 0.50 0.50 0.05 0.00 0.10 0.26 0.44 -1 42
Result 0 14.0 2000 0.43 0.17 0.17 0.17 0.16 0.16 0.16 -1 -1 -1 -1
Evo 1.00 0.00 0.50 0.50 0.50 0.50 0.50 0.05 0.00 0.02 0.35 0.57 -1 41
Result 0 14.0 2000 0.42 0.16 0.16 0.17 0.17 0.16 0.17 -1 -1 -1 -1
Evo 1.02 0.00 0.50 0.47 0.50 0.50 0.50 0.12 0.01 0.20 0.03 0.11 -1 41
Result 0 4.0 89 0.39 0.20 0.13 0.10 0.22 0.17 0.18 -1 -1 -1 -1
Evo 1.02 0.00 0.50 0.49 0.50 0.50 0.50 0.07 0.00 0.09 0.05 0.15 -1 41
Result 0 7.0 264 0.47 0.18 0.20 0.14 0.15 0.18 0.14 -1 -1 -1 -1
Evo 1.01 0.00 0.50 0.49 0.50 0.50 0.50 0.07 0.00 0.03 0.08 0.22 -1 11
Result 0 5.0 264 0.45 0.18 0.18 0.15 0.17 0.14 0.17 -1 -1 -1 -1
Evo 1.00 0.00 0.50 0.50 0.50 0.50 0.50 0.05 0.00 0.01 0.23 0.51 -1 11
Result 0 16.0 2000 0.44 0.18 0.18 0.16 0.16 0.15 0.18 -1 -1 -1 -1
Evo 1.01 0.00 0.50 0.49 0.50 0.50 0.50 0.07 0.00 0.19 0.03 0.14 -1 12
Result 0 6.0 221 0.38 0.13 0.12 0.17 0.19 0.14 0.25 -1 -1 -1 -1
Evo 1.02 0.00 0.50 0.48 0.50 0.50 0.50 0.10 0.01 0.38 0.04 0.18 -1 11
Result 0 4.0 119 0.40 0.14 0.21 0.18 0.15 0.15 0.17 -1 -1 -1 -1
Evo 1.00 0.00 0.50 0.49 0.50 0.50 0.50 0.05 0.00 0.05 0.31 0.53 -1 11
Result 0 16.0 2000 0.43 0.17 0.18 0.16 0.17 0.16 0.17 -1 -1 -1 -1
Evo 1.00 0.50 1.00 0.51 0.50 0.50 0.50 0.05 0.00 0.01 0.25 0.70 1170 12
Result 1 16.0 1195 0.42 0.18 0.16 0.18 0.17 0.15 0.16 -1 -1 -1 -1
Evo 1.00 0.50 1.00 0.51 0.50 0.50 0.50 0.05 0.00 0.02 0.22 0.68 989 11
Result 1 16.0 1021 0.43 0.17 0.17 0.18 0.17 0.15 0.17 -1 -1 -1 -1
Evo 1.01 0.00 0.50 0.49 0.50 0.50 0.50 0.08 0.01 0.10 0.06 0.25 -1 12
Result 0 6.0 221 0.40 0.18 0.14 0.19 0.20 0.11 0.18 -1 -1 -1 -1
Evo 1.00 0.00 0.50 0.50 0.50 0.50 0.50 0.05 0.00 0.03 0.17 0.28 -1 11
Result 0 16.0 2000 0.44 0.16 0.18 0.16 0.17 0.17 0.17 -1 -1 -1 -1
Evo 1.00 0.50 1.00 0.50 0.50 0.50 0.50 0.03 0.00 0.02 0.33 0.68 1670 12
Result 1 16.0 1685 0.42 0.16 0.16 0.17 0.18 0.16 0.17 -1 -1 -1 -1
Evo 1.01 0.00 0.50 0.48 0.50 0.50 0.50 0.09 0.01 0.08 0.08 0.22 -1 12
Result 0 9.0 221 0.45 0.13 0.18 0.20 0.15 0.14 0.20 -1 -1 -1 -1
Evo 1.01 0.00 0.50 0.46 0.50 0.50 0.50 0.13 0.01 0.50 0.02 0.13 -1 13
Result 0 3.0 89 0.40 0.11 0.14 0.18 0.16 0.20 0.21 -1 -1 -1 -1
Evo 1.00 0.00 0.50 0.50 0.50 0.50 0.50 0.05 0.00 0.01 0.30 0.51 -1 11
Result 0 16.0 2000 0.44 0.16 0.18 0.17 0.16 0.15 0.18 -1 -1 -1 -1
Evo 1.01 0.00 0.50 0.48 0.50 0.50 0.50 0.10 0.01 0.18 0.04 0.13 -1 11
Result 0 5.0 155 0.28 0.16 0.08 0.20 0.21 0.21 0.15 -1 -1 -1 -1
Evo 1.00 0.00 1.00 0.51 0.50 0.50 0.50 0.06 0.00 0.11 0.23 0.70 974 12
Result 1 16.0 998 0.41 0.17 0.15 0.20 0.17 0.15 0.16 -1 -1 -1 -1
Evo 1.00 0.00 0.50 0.50 0.50 0.50 0.50 0.05 0.00 0.02 0.21 0.36 -1 13
Result 0 16.0 2000 0.42 0.17 0.16 0.16 0.18 0.16 0.17 -1 -1 -1 -1
Evo 1.00 0.00 0.50 0.50 0.50 0.50 0.50 0.05 0.00 0.01 0.24 0.38 -1 12
Result 0 16.0 2000 0.44 0.16 0.17 0.16 0.17 0.17 0.16 -1 -1 -1 -1
Evo 1.01 0.00 0.50 0.48 0.50 0.50 0.50 0.09 0.01 0.13 0.06 0.25 -1 11
Result 0 7.0 197 0.43 0.17 0.16 0.18 0.16 0.13 0.21 -1 -1 -1 -1
Evo 1.02 0.00 0.50 0.47 0.50 0.50 0.50 0.12 0.01 0.40 0.04 0.15 -1 14
Result 0 3.0 114 0.41 0.16 0.15 0.23 0.10 0.15 0.22 -1 -1 -1 -1
Evo 1.02 0.00 0.50 0.49 0.50 0.50 0.50 0.08 0.01 0.04 0.06 0.30 -1 11
Result 0 7.0 197 0.42 0.15 0.16 0.20 0.19 0.11 0.19 -1 -1 -1 -1
Evo 1.04 0.00 0.50 0.40 0.50 0.50 0.50 0.21 0.04 0.47 0.01 0.11 -1 9
Result 0 0.0 23 0.19 0.33 0.04 -1 0.25 0.17 0.21 -1 -1 -1 -1
Evo 1.04 0.00 0.50 0.38 0.00 0.50 0.50 0.22 0.05 0.30 0.02 0.06 -1 7
Result 0 0.0 23 0.19 0.25 0.04 0.25 0.21 0.08 0.17 -1 -1 -1 -1
Evo 1.04 0.00 0.50 0.35 0.00 0.50 0.50 0.23 0.05 0.30 0.01 0.08 -1 6
Result 0 0.0 23 0.43 0.17 0.08 0.21 0.25 0.13 0.17 -1 -1 -1 -1
Evo 1.00 0.00 0.50 0.49 0.50 0.50 0.50 0.07 0.00 0.18 0.04 0.19 -1 31
Result 0 5.0 257 0.48 0.12 0.21 0.13 0.16 0.17 0.20 -1 -1 -1 -1
Evo 1.00 0.00 0.50 0.49 0.50 0.50 0.50 0.05 0.00 0.01 0.31 0.54 -1 5
Result 0 14.0 2000 0.44 0.17 0.16 0.17 0.15 0.17 0.17 -1 -1 -1 -1
Evo 1.00 0.00 0.50 0.50 0.50 0.50 0.50 0.05 0.00 0.01 0.27 0.48 -1 5
Result 0 14.0 2000 0.44 0.18 0.18 0.16 0.17 0.17 0.15 -1 -1 -1 -1
Evo 1.00 0.00 0.50 0.50 0.50 0.50 0.50 0.05 0.00 0.01 0.18 0.29 -1 5
Result 0 14.0 2000 0.43 0.17 0.16 0.17 0.16 0.18 0.17 -1 -1 -1 -1
Evo 1.00 0.00 0.50 0.50 0.50 0.50 0.50 0.05 0.00 0.03 0.27 0.39 -1 5
Result 0 14.0 2000 0.43 0.17 0.17 0.16 0.17 0.16 0.17 -1 -1 -1 -1
Evo 1.09 0.00 0.50 0.38 0.00 0.50 0.50 0.22 0.05 0.38 0.01 0.12 -1 7
Result 0 0.0 23 0.47 0.21 0.21 0.33 0.21 -1 0.04 -1 -1 -1 -1
Evo 1.04 0.00 0.50 0.43 0.50 0.50 0.50 0.18 0.03 0.34 0.03 0.14 -1 5
Result 0 1.0 47 0.38 0.13 0.25 0.19 0.15 0.08 0.21 -1 -1 -1 -1
Evo 1.00 0.50 1.00 0.50 0.50 0.50 0.50 0.04 0.00 0.03 0.20 0.68 714 30
Result 1 14.0 729 0.43 0.16 0.17 0.13 0.17 0.18 0.20 -1 -1 -1 -1
Evo 1.04 0.00 0.50 0.40 0.50 0.50 0.50 0.21 0.04 0.47 0.01 0.11 -1 6
Result 0 0.0 23 0.19 0.17 0.04 0.08 0.21 0.29 0.21 -1 -1 -1 -1
Evo 1.04 0.00 0.50 0.40 0.50 0.50 0.50 0.21 0.04 0.19 0.01 0.11 -1 6
Result 0 0.0 23 0.19 0.33 0.04 0.17 0.08 0.21 0.17 -1 -1 -1 -1
Evo 1.09 0.00 0.50 0.38 0.00 0.50 0.50 0.22 0.05 0.19 0.02 0.13 -1 5
Result 0 0.0 23 0.38 0.13 -1 0.13 0.29 0.29 0.17 -1 -1 -1 -1
Evo 1.04 0.00 0.50 0.40 0.50 0.50 0.50 0.21 0.04 0.30 0.01 0.13 -1 5
Result 0 0.0 23 0.50 0.25 0.17 0.08 0.17 0.17 0.17 -1 -1 -1 -1
Evo 1.00 0.00 0.50 0.50 0.50 0.50 0.50 0.05 0.00 0.01 0.26 0.40 -1 6
Result 0 14.0 2000 0.43 0.17 0.16 0.17 0.16 0.16 0.17 -1 -1 -1 -1
Evo 1.00 0.00 0.50 0.50 0.50 0.50 0.50 0.05 0.00 0.01 0.25 0.47 -1 6
Result 0 14.0 2000 0.41 0.17 0.15 0.16 0.19 0.17 0.16 -1 -1 -1 -1
Evo 1.09 0.00 0.50 0.40 0.50 0.50 0.50 0.21 0.04 0.30 0.02 0.13 -1 5
Result 0 0.0 23 0.19 0.04 0.21 0.17 0.21 0.21 0.17 -1 -1 -1 -1
Evo 1.02 0.00 0.50 0.49 0.50 0.50 0.50 0.07 0.00 0.11 0.06 0.24 -1 1
Result 0 7.0 257 0.43 0.17 0.20 0.15 0.15 0.16 0.17 -1 -1 -1 -1
Evo 1.00 0.00 0.50 0.50 0.50 0.50 0.50 0.05 0.00 0.02 0.20 0.31 -1 11
Result 0 14.0 2000 0.43 0.17 0.16 0.18 0.17 0.16 0.17 -1 -1 -1 -1
Evo 1.00 0.00 0.50 0.50 0.50 0.50 0.50 0.05 0.00 0.08 0.27 0.38 -1 1
Result 0 19.0 2000 0.44 0.17 0.18 0.15 0.17 0.15 0.18 -1 -1 -1 -1
Evo 1.00 0.00 0.50 0.50 0.50 0.50 0.50 0.05 0.00 0.01 0.28 0.44 -1 5
Result 0 19.0 2000 0.43 0.16 0.17 0.16 0.17 0.16 0.17 -1 -1 -1 -1
Evo 1.00 0.00 0.50 0.50 0.50 0.50 0.50 0.05 0.00 0.04 0.27 0.51 -1 5
Result 0 19.0 2000 0.43 0.17 0.18 0.15 0.15 0.16 0.18 -1 -1 -1 -1
Evo 1.01 0.00 0.50 0.49 0.50 0.50 0.50 0.08 0.01 0.04 0.06 0.25 -1 12
Result 0 7.0 215 0.43 0.17 0.16 0.13 0.17 0.18 0.19 -1 -1 -1 -1
Evo 1.00 0.00 1.00 0.51 0.50 0.50 0.50 0.06 0.00 0.06 0.24 0.72 985 5
Result 1 19.0 1007 0.40 0.14 0.17 0.15 0.17 0.19 0.18 -1 -1 -1 -1
Evo 1.01 0.00 0.50 0.49 0.50 0.50 0.50 0.08 0.01 0.11 0.06 0.18 -1 5
Result 0 8.0 215 0.45 0.19 0.16 0.16 0.15 0.16 0.19 -1 -1 -1 -1
Evo 1.00 0.00 0.50 0.50 0.50 0.50 0.50 0.05 0.00 0.01 0.27 0.39 -1 5
Result 0 19.0 2000 0.43 0.18 0.17 0.17 0.16 0.17 0.16 -1 -1 -1 -1
Evo 1.00 0.50 1.00 0.51 0.50 0.50 0.50 0.05 0.00 0.03 0.25 0.70 1299 5
Result 1 19.0 1336 0.44 0.17 0.17 0.16 0.15 0.17 0.18 -1 -1 -1 -1
Evo 1.00 0.00 0.50 0.50 0.50 0.50 0.50 0.05 0.00 0.01 0.15 0.25 -1 0
Result 0 19.0 2000 0.43 0.17 0.17 0.17 0.16 0.16 0.17 -1 -1 -1 -1
Evo 1.00 0.00 0.50 0.50 0.50 0.50 0.50 0.05 0.00 0.01 0.15 0.26 -1 5
Result 0 19.0 2000 0.43 0.16 0.16 0.16 0.18 0.17 0.17 -1 -1 -1 -1
Evo 1.00 0.00 0.50 0.50 0.50 0.50 0.50 0.05 0.00 0.01 0.26 0.46 -1 0
Result 0 19.0 2000 0.44 0.17 0.16 0.16 0.16 0.17 0.19 -1 -1 -1 -1
Evo 1.00 0.00 0.50 0.50 0.50 0.50 0.50 0.05 0.00 0.04 0.19 0.32 -1 6
Result 0 19.0 2000 0.44 0.17 0.16 0.17 0.16 0.17 0.18 -1 -1 -1 -1
Evo 1.01 0.00 0.50 0.49 0.50 0.50 0.50 0.08 0.01 0.09 0.05 0.17 -1 0
Result 0 10.0 215 0.44 0.13 0.18 0.17 0.17 0.16 0.20 -1 -1 -1 -1
Evo 1.00 0.00 0.50 0.50 0.50 0.50 0.50 0.05 0.00 0.03 0.19 0.43 -1 5
Result 0 19.0 2000 0.43 0.17 0.17 0.16 0.16 0.17 0.17 -1 -1 -1 -1
Evo 1.01 0.00 0.50 0.49 0.50 0.50 0.50 0.06 0.00 0.03 0.08 0.27 -1 6
Result 0 18.0 473 0.42 0.19 0.16 0.15 0.17 0.15 0.17 -1 -1 -1 -1
Evo 1.00 0.00 0.50 0.49 0.50 0.50 0.50 0.05 0.00 0.10 0.09 0.32 -1 5
Result 0 18.0 545 0.41 0.15 0.15 0.17 0.17 0.18 0.18 -1 -1 -1 -1
Evo 1.00 0.00 0.50 0.50 0.50 0.50 0.50 0.05 0.00 0.01 0.24 0.44 -1 3
Result 0 19.0 2000 0.45 0.18 0.17 0.17 0.16 0.16 0.15 -1 -1 -1 -1
Evo 1.01 0.00 0.50 0.48 0.50 0.50 0.50 0.09 0.01 0.03 0.05 0.20 -1 6
Result 0 9.0 227 0.42 0.18 0.16 0.16 0.14 0.18 0.17 -1 -1 -1 -1
Evo 1.00 0.00 0.50 0.50 0.50 0.50 0.50 0.05 0.00 0.01 0.19 0.30 -1 8
Result 0 19.0 2000 0.43 0.17 0.16 0.17 0.17 0.17 0.16 -1 -1 -1 -1
Evo 1.00 0.00 0.50 0.50 0.50 0.50 0.50 0.05 0.00 0.01 0.30 0.55 -1 8
Result 0 19.0 2000 0.41 0.15 0.18 0.17 0.15 0.17 0.18 -1 -1 -1 -1
