Evo 1.01 0.00 1.00 0.98 1.00 1.00 1.00 0.10 0.00 0.02 0.17 0.33 762 0
Result 1 36.0 778 0.46 0.19 0.19 0.15 0.16 0.20 0.12 -1 -1 -1 -1
Evo 1.01 0.00 0.50 0.49 0.50 0.50 0.50 0.06 0.00 0.01 0.23 0.32 -1 0
Result 0 34.0 2000 0.44 0.19 0.17 0.17 0.18 0.17 0.11 -1 -1 -1 -1
Evo 1.02 0.00 1.00 0.50 0.50 0.50 0.50 0.05 0.00 0.01 0.11 0.28 598 0
Result 1 32.0 621 0.47 0.18 0.20 0.14 0.16 0.19 0.12 -1 -1 -1 -1
Evo 1.01 0.00 1.00 0.50 0.50 0.50 0.50 0.08 0.00 0.02 0.12 0.31 489 0
Result 1 29.0 502 0.44 0.15 0.17 0.19 0.17 0.17 0.15 -1 -1 -1 -1
Evo 1.01 0.00 0.50 0.50 0.50 0.50 0.50 0.05 0.00 0.09 0.27 0.41 -1 0
Result 0 36.0 2000 0.42 0.18 0.16 0.17 0.19 0.18 0.12 -1 -1 -1 -1
Evo 1.01 0.00 1.00 0.50 0.50 0.50 0.50 0.06 0.00 0.09 0.22 0.45 1154 0
Result 1 36.0 1173 0.44 0.19 0.17 0.17 0.16 0.19 0.12 -1 -1 -1 -1
Evo 1.00 0.00 0.50 0.49 0.50 0.50 0.50 0.05 0.00 0.05 0.14 0.24 -1 0
Result 0 34.0 2000 0.43 0.18 0.16 0.19 0.19 0.16 0.12 -1 -1 -1 -1
Evo 1.01 0.00 0.50 0.49 0.50 0.50 0.50 0.06 0.00 0.05 0.23 0.35 -1 0
Result 0 31.0 2000 0.44 0.16 0.17 0.16 0.19 0.18 0.13 -1 -1 -1 -1
Evo 1.05 0.00 1.00 0.52 0.50 0.50 0.50 0.14 0.01 0.04 0.12 0.29 186 0
Result 1 36.0 196 0.46 0.18 0.19 0.16 0.16 0.17 0.14 -1 -1 -1 -1
Evo 1.02 0.00 1.00 0.51 0.50 0.50 0.50 0.09 0.00 0.01 0.18 0.29 315 3
Result 1 41.0 624 0.45 0.16 0.19 0.18 0.15 0.17 0.15 -1 -1 -1 -1
Evo 1.03 0.00 0.50 0.47 0.50 0.50 0.50 0.12 0.01 0.11 0.06 0.14 -1 0
Result 0 7.0 342 0.44 0.15 0.18 0.15 0.18 0.19 0.15 -1 -1 -1 -1
Evo 1.00 0.00 0.50 0.49 0.50 0.50 0.50 0.05 0.00 0.06 0.18 0.29 -1 0
Result 0 20.0 2000 0.44 0.18 0.18 0.15 0.17 0.19 0.12 -1 -1 -1 -1
Evo 1.00 0.00 0.50 0.49 0.50 0.50 0.50 0.05 0.00 0.40 0.14 0.21 -1 0
Result 0 14.0 2000 0.44 0.18 0.18 0.17 0.19 0.16 0.13 -1 -1 -1 -1
Evo 1.01 0.00 0.50 0.49 0.50 0.50 0.50 0.06 0.00 0.08 0.21 0.30 -1 0
Result 0 24.0 2000 0.45 0.18 0.18 0.17 0.18 0.18 0.11 -1 -1 -1 -1
Evo 1.03 0.20 1.00 0.53 0.50 0.50 0.50 0.13 0.01 0.39 0.06 0.25 147 7
Result 1 28.0 172 0.40 0.17 0.14 0.13 0.17 0.22 0.16 -1 -1 -1 -1
Evo 1.03 0.00 1.00 0.51 0.50 0.50 0.50 0.12 0.01 0.02 0.12 0.27 332 0
Result 1 35.0 353 0.45 0.20 0.18 0.16 0.12 0.19 0.14 -1 -1 -1 -1
Evo 1.00 0.10 1.00 0.50 0.50 0.50 0.50 0.05 0.00 0.12 0.16 0.33 1805 0
Result 1 45.0 1836 0.44 0.18 0.18 0.19 0.17 0.15 0.13 -1 -1 -1 -1
Evo 1.01 0.00 0.50 0.49 0.50 0.50 0.50 0.06 0.00 0.05 0.13 0.25 -1 4
Result 0 24.0 2000 0.45 0.19 0.19 0.16 0.17 0.17 0.11 -1 -1 -1 -1
Evo 1.12 0.00 0.50 0.38 0.10 0.50 0.50 0.21 0.02 0.45 0.03 0.12 -1 0
Result 0 7.0 74 0.42 0.11 0.16 0.17 0.13 0.16 0.27 -1 -1 -1 -1
Evo 1.01 0.00 0.50 0.49 0.50 0.50 0.50 0.06 0.00 0.04 0.22 0.39 813 0
Result 0 40.0 2000 0.46 0.18 0.20 0.16 0.17 0.17 0.13 -1 -1 -1 -1
Evo 1.15 0.00 0.50 0.40 0.50 0.50 0.50 0.20 0.04 0.32 0.01 0.08 -1 0
Result 0 0.0 20 0.32 0.10 0.10 0.14 0.19 0.24 0.24 -1 -1 -1 -1
Evo 1.01 0.00 0.50 0.50 0.50 0.50 0.50 0.02 0.00 0.04 0.03 0.10 -1 0
Result 0 2.0 1000 0.47 0.19 0.21 0.18 0.15 0.15 0.12 -1 -1 -1 -1
Evo 1.06 0.00 0.50 0.13 0.00 0.00 0.00 0.22 0.05 0.22 0.01 0.03 -1 0
Result 0 0.0 18 0.47 0.11 0.21 0.16 0.11 0.11 0.32 -1 -1 -1 -1
Evo 1.01 0.10 0.50 0.50 0.50 0.50 0.50 0.01 0.00 0.12 0.03 0.11 -1 1
Result 0 7.0 1016 0.44 0.19 0.18 0.19 0.15 0.15 0.15 -1 -1 -1 -1
Evo 1.01 0.00 0.50 0.49 0.50 0.50 0.50 0.05 0.00 0.09 0.28 0.42 -1 0
Result 0 31.0 2000 0.44 0.18 0.17 0.17 0.17 0.17 0.13 -1 -1 -1 -1
Evo 1.02 0.00 0.50 0.50 0.50 0.50 0.50 0.04 0.00 0.25 0.03 0.08 -1 0
Result 0 7.0 224 0.47 0.16 0.21 0.17 0.17 0.15 0.14 -1 -1 -1 -1
Evo 1.00 0.00 0.50 0.49 0.50 0.50 0.50 0.05 0.00 0.01 0.04 0.14 -1 0
Result 0 7.0 2000 0.45 0.19 0.19 0.16 0.17 0.16 0.14 -1 -1 -1 -1
Evo 1.00 0.00 0.50 0.50 0.50 0.50 0.50 0.03 0.00 0.50 0.03 0.15 -1 12
Result 0 3.0 1388 0.45 0.19 0.19 0.17 0.16 0.17 0.13 -1 -1 -1 -1
Evo 1.01 0.00 0.50 0.49 0.50 0.50 0.50 0.06 0.00 0.53 0.30 0.41 -1 0
Result 0 37.0 2000 0.46 0.18 0.19 0.17 0.19 0.15 0.12 -1 -1 -1 -1
Evo 1.01 0.00 0.50 0.49 0.50 0.50 0.50 0.05 0.00 0.01 0.24 0.43 -1 2
Result 0 21.0 2000 0.45 0.18 0.18 0.16 0.18 0.17 0.13 -1 -1 -1 -1
Evo 1.01 0.00 1.00 0.50 0.50 0.50 0.50 0.06 0.00 0.02 0.17 0.34 673 0
Result 1 30.0 941 0.44 0.20 0.18 0.17 0.15 0.17 0.13 -1 -1 -1 -1
Evo 1.00 0.00 0.50 0.49 0.50 0.50 0.50 0.05 0.00 0.01 0.07 0.26 -1 12
Result 0 16.0 2000 0.45 0.18 0.19 0.17 0.16 0.17 0.13 -1 -1 -1 -1
Evo 1.01 0.00 0.50 0.50 0.50 0.50 0.50 0.05 0.00 0.01 0.03 0.10 -1 0
Result 0 7.0 1120 0.45 0.15 0.18 0.18 0.19 0.16 0.13 -1 -1 -1 -1
Evo 1.02 0.10 1.00 0.50 0.50 0.50 0.50 0.05 0.00 0.02 0.17 0.36 567 0
Result 1 40.0 585 0.45 0.18 0.19 0.17 0.17 0.16 0.13 -1 -1 -1 -1
Evo 1.01 0.20 1.00 0.50 0.50 0.50 0.50 0.05 0.00 0.03 0.15 0.30 737 0
Result 1 26.0 742 0.45 0.18 0.19 0.17 0.16 0.16 0.15 -1 -1 -1 -1
Evo 1.09 0.00 0.00 0.00 0.00 0.00 0.00 0.00 0.00 0.00 0.01 0.02 -1 0
Result 0 0.0 11 0.50 0.08 0.25 0.08 0.08 -1 0.50 -1 -1 -1 -1
Evo 1.00 0.00 0.50 0.50 0.50 0.50 0.50 0.03 0.00 0.01 0.08 0.26 -1 3
Result 0 17.0 692 0.41 0.16 0.15 0.16 0.21 0.18 0.13 -1 -1 -1 -1
Evo 1.01 0.00 1.00 0.50 0.50 0.50 0.50 0.06 0.00 0.01 0.13 0.27 904 0
Result 1 37.0 1173 0.45 0.18 0.18 0.17 0.16 0.18 0.13 -1 -1 -1 -1
Evo 1.01 0.00 1.00 0.50 0.50 0.50 0.50 0.04 0.00 0.02 0.08 0.27 1118 0
Result 1 32.0 1187 0.43 0.19 0.17 0.17 0.18 0.16 0.14 -1 -1 -1 -1
Evo 1.03 0.00 0.50 0.24 0.00 0.00 0.50 0.25 0.04 0.49 0.01 0.04 -1 7
Result 0 0.0 34 0.40 0.11 0.14 0.31 0.17 0.09 0.17 -1 -1 -1 -1
Evo 1.05 0.00 1.00 0.52 0.50 0.50 0.50 0.14 0.01 0.31 0.10 0.27 110 0
Result 1 25.0 171 0.46 0.15 0.19 0.19 0.14 0.15 0.18 -1 -1 -1 -1
Evo 1.06 0.00 1.00 0.51 0.50 0.50 0.50 0.10 0.01 0.13 0.15 0.31 270 0
Result 1 26.0 345 0.46 0.18 0.19 0.17 0.15 0.16 0.15 -1 -1 -1 -1
Evo 1.13 0.00 0.50 0.43 0.40 0.50 0.50 0.15 0.02 0.44 0.04 0.22 -1 0
Result 0 2.0 45 0.49 0.02 0.24 0.20 0.15 0.20 0.20 -1 -1 -1 -1
Evo 1.02 0.00 1.00 0.50 0.50 0.50 0.50 0.06 0.00 0.48 0.22 0.37 691 0
Result 1 33.0 737 0.44 0.17 0.18 0.17 0.16 0.19 0.13 -1 -1 -1 -1
Evo 1.05 0.00 1.00 0.51 0.50 0.50 0.50 0.09 0.01 0.21 0.12 0.29 200 0
Result 1 31.0 211 0.47 0.15 0.20 0.17 0.17 0.17 0.14 -1 -1 -1 -1
Evo 1.03 0.00 1.00 0.51 0.50 0.50 0.50 0.09 0.00 0.02 0.20 0.39 350 0
Result 1 28.0 531 0.46 0.18 0.19 0.17 0.17 0.17 0.12 -1 -1 -1 -1
Evo 1.02 0.00 0.50 0.49 0.50 0.50 0.50 0.06 0.00 0.40 0.33 0.54 -1 0
Result 0 38.0 2000 0.43 0.19 0.16 0.18 0.19 0.16 0.11 -1 -1 -1 -1
Evo 1.01 0.00 0.50 0.49 0.50 0.50 0.50 0.06 0.00 0.05 0.20 0.42 -1 0
Result 0 28.0 2000 0.46 0.17 0.19 0.17 0.19 0.15 0.12 -1 -1 -1 -1
Evo 1.07 0.00 0.50 0.48 0.50 0.50 0.50 0.08 0.01 0.03 0.09 0.30 -1 0
Result 0 19.0 224 0.41 0.17 0.15 0.19 0.19 0.15 0.15 -1 -1 -1 -1
Evo 1.01 0.00 0.50 0.49 0.50 0.50 0.50 0.05 0.00 0.03 0.22 0.39 -1 5
Result 0 29.0 2000 0.45 0.17 0.19 0.17 0.19 0.19 0.10 -1 -1 -1 -1
Evo 1.03 0.00 0.50 0.48 0.50 0.50 0.50 0.08 0.00 0.02 0.11 0.28 -1 0
Result 0 21.0 532 0.43 0.20 0.17 0.13 0.17 0.17 0.17 -1 -1 -1 -1
Evo 1.01 0.00 1.00 0.50 0.50 0.50 0.50 0.06 0.00 0.02 0.24 0.37 1169 0
Result 1 33.0 1195 0.45 0.18 0.18 0.18 0.17 0.18 0.13 -1 -1 -1 -1
Evo 1.00 0.30 1.00 0.51 0.50 0.50 0.50 0.06 0.00 0.03 0.31 0.42 1149 0
Result 1 42.0 1163 0.43 0.19 0.17 0.18 0.19 0.16 0.11 -1 -1 -1 -1
Evo 1.03 0.00 1.00 0.51 0.50 0.50 0.50 0.11 0.01 0.12 0.11 0.32 255 0
Result 1 36.0 262 0.46 0.15 0.19 0.14 0.19 0.19 0.14 -1 -1 -1 -1
Evo 1.06 0.00 1.00 0.55 0.50 0.50 0.50 0.19 0.02 0.07 0.04 0.17 62 0
Result 1 24.0 90 0.48 0.20 0.22 0.15 0.10 0.18 0.15 -1 -1 -1 -1
Evo 1.04 0.00 1.00 0.56 0.50 0.50 0.50 0.25 0.03 0.08 0.06 0.22 53 2
Result 1 22.0 77 0.49 0.18 0.23 0.12 0.17 0.19 0.12 -1 -1 -1 -1
Evo 1.04 0.00 1.00 0.53 0.50 0.50 0.50 0.14 0.01 0.25 0.09 0.27 149 0
Result 1 30.0 163 0.48 0.16 0.23 0.15 0.17 0.15 0.15 -1 -1 -1 -1
Evo 1.02 0.00 1.00 0.50 0.50 0.50 0.50 0.07 0.00 0.01 0.24 0.46 953 0
Result 1 39.0 986 0.44 0.18 0.17 0.17 0.19 0.17 0.12 -1 -1 -1 -1
Evo 1.01 0.00 1.00 0.50 0.50 0.50 0.50 0.04 0.00 0.01 0.30 0.47 1351 0
Result 1 40.0 1374 0.45 0.18 0.18 0.17 0.18 0.17 0.12 -1 -1 -1 -1
Evo 1.04 0.00 1.00 0.53 0.50 0.50 0.50 0.20 0.02 0.14 0.06 0.20 92 0
Result 1 19.0 107 0.46 0.14 0.19 0.21 0.14 0.19 0.12 -1 -1 -1 -1
Evo 1.01 0.00 1.00 0.50 0.50 0.50 0.50 0.06 0.00 0.22 0.29 0.51 1640 2
Result 1 48.0 1660 0.44 0.18 0.18 0.18 0.17 0.19 0.10 -1 -1 -1 -1
Evo 1.01 0.00 0.50 0.49 0.50 0.50 0.50 0.06 0.00 0.01 0.17 0.32 -1 0
Result 0 22.0 2000 0.44 0.17 0.17 0.16 0.19 0.18 0.13 -1 -1 -1 -1
Evo 1.01 0.00 0.50 0.49 0.50 0.50 0.50 0.06 0.00 0.23 0.27 0.42 -1 1
Result 0 29.0 2000 0.45 0.20 0.18 0.17 0.18 0.16 0.10 -1 -1 -1 -1
Evo 1.03 0.00 0.50 0.49 0.50 0.50 0.50 0.06 0.00 0.02 0.10 0.34 -1 0
Result 0 15.0 404 0.46 0.17 0.19 0.18 0.17 0.16 0.14 -1 -1 -1 -1
Evo 1.01 0.00 1.00 0.50 0.50 0.50 0.50 0.04 0.00 0.06 0.32 0.54 1504 3
Result 1 44.0 1520 0.46 0.17 0.19 0.17 0.17 0.18 0.11 -1 -1 -1 -1
Evo 1.07 0.00 0.00 0.00 0.00 0.00 0.00 0.00 0.00 0.00 0.01 0.01 -1 0
Result 0 1.0 14 0.39 0.13 0.13 -1 0.40 0.20 0.13 -1 -1 -1 -1
Evo 1.01 0.00 1.00 0.50 0.50 0.50 0.50 0.05 0.00 0.01 0.39 0.61 1559 0
Result 1 51.0 1765 0.46 0.17 0.19 0.16 0.17 0.18 0.13 -1 -1 -1 -1
Evo 1.03 0.00 1.00 0.50 0.50 0.50 0.50 0.06 0.00 0.01 0.28 0.51 1074 0
Result 1 50.0 1093 0.45 0.18 0.18 0.17 0.18 0.16 0.12 -1 -1 -1 -1
Evo 1.01 0.00 1.00 0.50 0.50 0.50 0.50 0.05 0.00 0.05 0.27 0.56 1901 6
Result 1 48.0 1927 0.43 0.19 0.17 0.18 0.18 0.17 0.11 -1 -1 -1 -1
Evo 1.05 0.00 0.50 0.42 0.50 0.50 0.50 0.17 0.02 0.53 0.04 0.10 -1 0
Result 0 3.0 61 0.46 0.18 0.19 0.19 0.11 0.15 0.18 -1 -1 -1 -1
Evo 1.00 0.00 0.50 0.49 0.50 0.50 0.50 0.05 0.00 0.41 0.22 0.47 -1 9
Result 0 30.0 2000 0.44 0.19 0.18 0.16 0.20 0.17 0.11 -1 -1 -1 -1
Evo 1.01 0.00 0.50 0.48 0.50 0.50 0.50 0.09 0.00 0.01 0.18 0.39 -1 2
Result 0 27.0 832 0.45 0.16 0.18 0.16 0.17 0.19 0.14 -1 -1 -1 -1
Evo 1.01 0.00 0.50 0.49 0.50 0.50 0.50 0.06 0.00 0.01 0.34 0.51 -1 0
Result 0 38.0 2000 0.45 0.20 0.19 0.17 0.18 0.15 0.11 -1 -1 -1 -1
Evo 1.01 0.00 1.00 0.50 0.50 0.50 0.50 0.07 0.00 0.01 0.31 0.49 1501 0
Result 1 49.0 1515 0.44 0.20 0.18 0.17 0.18 0.16 0.12 -1 -1 -1 -1
Evo 1.03 0.00 1.00 0.50 0.50 0.50 0.50 0.11 0.01 0.22 0.20 0.42 442 0
Result 1 35.0 465 0.43 0.17 0.16 0.19 0.17 0.16 0.15 -1 -1 -1 -1
Evo 1.02 0.00 1.00 0.50 0.50 0.50 0.50 0.07 0.00 0.01 0.29 0.56 837 0
Result 1 36.0 854 0.46 0.21 0.19 0.16 0.18 0.15 0.11 -1 -1 -1 -1
Evo 1.02 0.00 0.50 0.49 0.50 0.50 0.50 0.05 0.00 0.01 0.37 0.60 -1 0
Result 0 39.0 2000 0.44 0.18 0.17 0.18 0.19 0.17 0.11 -1 -1 -1 -1
Evo 1.02 0.00 0.50 0.49 0.50 0.50 0.50 0.06 0.00 0.02 0.09 0.28 -1 1
Result 0 9.0 370 0.43 0.21 0.17 0.19 0.16 0.16 0.12 -1 -1 -1 -1
Evo 1.01 0.00 0.50 0.49 0.50 0.50 0.50 0.05 0.00 0.18 0.18 0.33 -1 0
Result 0 18.0 2000 0.43 0.18 0.17 0.17 0.19 0.20 0.10 -1 -1 -1 -1
Evo 1.01 0.00 1.00 0.50 0.50 0.50 0.50 0.07 0.00 0.09 0.30 0.56 1308 0
Result 1 50.0 1321 0.45 0.18 0.18 0.18 0.17 0.18 0.11 -1 -1 -1 -1
Evo 1.03 0.00 1.00 0.51 0.50 0.50 0.50 0.11 0.01 0.02 0.12 0.27 338 0
Result 1 37.0 366 0.46 0.19 0.20 0.16 0.17 0.16 0.13 -1 -1 -1 -1
Evo 1.05 0.00 1.00 0.51 0.50 0.50 0.50 0.10 0.00 0.02 0.13 0.33 384 0
Result 1 34.0 415 0.45 0.20 0.19 0.15 0.17 0.17 0.12 -1 -1 -1 -1
Evo 1.01 0.00 1.00 0.50 0.50 0.50 0.50 0.06 0.00 0.01 0.41 0.60 1494 0
Result 1 52.0 1519 0.44 0.18 0.17 0.18 0.18 0.18 0.12 -1 -1 -1 -1
Evo 1.02 0.10 1.00 0.54 0.50 0.50 0.50 0.14 0.01 0.28 0.11 0.26 152 0
Result 1 33.0 189 0.44 0.17 0.17 0.23 0.16 0.12 0.15 -1 -1 -1 -1
Evo 1.13 0.00 1.00 0.62 0.50 0.50 0.70 0.24 0.03 0.37 0.04 0.14 37 0
Result 1 18.0 56 0.47 0.14 0.21 0.19 0.18 0.05 0.23 -1 -1 -1 -1
Evo 1.03 0.00 1.00 0.52 0.50 0.50 0.50 0.16 0.01 0.07 0.07 0.22 157 0
Result 1 26.0 177 0.41 0.16 0.15 0.21 0.13 0.21 0.15 -1 -1 -1 -1
Evo 1.01 0.00 0.50 0.49 0.50 0.50 0.50 0.06 0.00 0.05 0.21 0.51 -1 0
Result 0 38.0 2000 0.46 0.17 0.20 0.17 0.17 0.18 0.11 -1 -1 -1 -1
Evo 1.07 0.00 0.50 0.48 0.50 0.50 0.50 0.08 0.01 0.06 0.14 0.39 -1 0
Result 0 23.0 230 0.42 0.15 0.16 0.13 0.20 0.19 0.16 -1 -1 -1 -1
Evo 1.07 0.00 1.00 0.51 0.50 0.50 0.50 0.11 0.01 0.22 0.09 0.23 196 0
Result 1 23.0 230 0.44 0.18 0.17 0.21 0.17 0.11 0.16 -1 -1 -1 -1
Evo 1.04 0.00 1.00 0.51 0.50 0.50 0.50 0.10 0.01 0.04 0.17 0.31 146 0
Result 1 28.0 384 0.39 0.19 0.14 0.17 0.18 0.16 0.16 -1 -1 -1 -1
Evo 1.09 0.00 0.50 0.47 0.50 0.50 0.50 0.12 0.01 0.53 0.04 0.19 -1 0
Result 0 3.0 64 0.43 0.17 0.17 0.11 0.18 0.17 0.20 -1 -1 -1 -1
Evo 1.03 0.00 1.00 0.52 0.50 0.50 0.50 0.12 0.01 0.03 0.13 0.30 281 0
Result 1 34.0 322 0.44 0.19 0.17 0.16 0.16 0.15 0.16 -1 -1 -1 -1
Evo 1.02 0.00 1.00 0.50 0.50 0.50 0.50 0.09 0.00 0.01 0.16 0.37 676 0
Result 1 39.0 703 0.46 0.18 0.20 0.16 0.17 0.16 0.12 -1 -1 -1 -1
Evo 1.01 0.00 0.50 0.49 0.50 0.50 0.50 0.07 0.00 0.01 0.36 0.51 -1 0
Result 0 40.0 2000 0.46 0.19 0.19 0.16 0.18 0.17 0.11 -1 -1 -1 -1
Evo 1.01 0.00 1.00 0.50 0.50 0.50 0.50 0.13 0.01 0.41 0.17 0.40 326 2
Result 1 38.0 416 0.45 0.17 0.19 0.18 0.17 0.15 0.14 -1 -1 -1 -1
Evo 1.17 0.50 0.50 0.50 0.50 0.50 0.50 0.00 0.00 0.28 0.02 0.09 -1 0
Result 0 0.0 12 0.53 0.15 0.38 0.23 0.08 0.08 0.08 -1 -1 -1 -1
Evo 1.01 0.00 1.00 0.50 0.50 0.50 0.50 0.03 0.00 0.01 0.23 0.52 1079 0
Result 1 49.0 1090 0.43 0.19 0.17 0.16 0.19 0.17 0.12 -1 -1 -1 -1
Evo 1.01 0.00 0.50 0.49 0.50 0.50 0.50 0.06 0.00 0.02 0.43 0.57 -1 2
Result 0 41.0 2000 0.45 0.17 0.18 0.18 0.17 0.19 0.11 -1 -1 -1 -1
Evo 1.03 0.00 1.00 0.50 0.50 0.50 0.50 0.06 0.00 0.05 0.26 0.54 930 0
Result 1 45.0 952 0.46 0.17 0.19 0.18 0.17 0.17 0.12 -1 -1 -1 -1
Evo 1.04 0.00 1.00 0.51 0.50 0.50 0.50 0.11 0.01 0.15 0.14 0.33 294 0
Result 1 34.0 349 0.42 0.18 0.16 0.17 0.22 0.14 0.13 -1 -1 -1 -1
