Evo 1.00 0.00 1.00 0.18 0.00 0.00 0.00 0.39 0.01 0.45 0.31 0.58 692 672
Result 1 1.0 823 0.46 0.20 0.21 0.19 0.21 0.19 -1 -1 -1 -1 -1
Evo 1.00 0.50 1.00 0.51 0.50 0.50 0.50 0.05 0.00 0.01 0.26 0.54 935 540
Result 1 1.0 1004 0.48 0.20 0.19 0.22 0.18 0.21 -1 -1 -1 -1 -1
Evo 1.00 0.50 1.00 0.51 0.50 0.50 0.50 0.06 0.00 0.01 0.20 0.43 864 857
Result 1 1.0 876 0.46 0.19 0.22 0.20 0.21 0.18 -1 -1 -1 -1 -1
Evo 1.00 0.00 0.70 0.49 0.50 0.50 0.50 0.06 0.00 0.08 0.26 0.53 448 233
Result 0 0.0 1500 0.48 0.20 0.19 0.21 0.19 0.21 -1 -1 -1 -1 -1
Evo 1.00 0.00 0.50 0.49 0.50 0.50 0.50 0.06 0.00 0.08 0.32 0.39 -1 1482
Result 0 0.0 1500 0.47 0.21 0.20 0.20 0.19 0.20 -1 -1 -1 -1 -1
Evo 1.00 0.20 1.00 0.51 0.50 0.50 0.50 0.07 0.00 0.03 0.25 0.56 367 367
Result 1 1.0 468 0.46 0.21 0.17 0.19 0.22 0.20 -1 -1 -1 -1 -1
Evo 1.00 0.50 1.00 0.51 0.50 0.50 0.50 0.08 0.00 0.01 0.23 0.51 607 442
Result 1 1.0 625 0.46 0.20 0.21 0.20 0.19 0.20 -1 -1 -1 -1 -1
Evo 1.00 0.50 1.00 0.51 0.50 0.50 0.50 0.07 0.00 0.11 0.29 0.51 683 674
Result 1 1.0 696 0.48 0.19 0.20 0.21 0.19 0.20 -1 -1 -1 -1 -1
Evo 1.00 0.00 0.50 0.49 0.50 0.50 0.50 0.06 0.00 0.08 0.25 0.43 -1 402
Result 0 0.0 1500 0.46 0.20 0.21 0.20 0.19 0.20 -1 -1 -1 -1 -1
Evo 1.00 0.20 1.00 0.51 0.50 0.50 0.50 0.06 0.00 0.02 0.25 0.53 577 354
Result 1 1.0 585 0.47 0.21 0.20 0.21 0.18 0.20 -1 -1 -1 -1 -1
Evo 1.00 0.00 0.50 0.49 0.50 0.50 0.50 0.06 0.00 0.08 0.27 0.37 -1 1482
Result 0 0.0 1500 0.45 0.21 0.19 0.18 0.20 0.21 -1 -1 -1 -1 -1
Evo 1.00 0.50 1.00 0.50 0.50 0.50 0.50 0.05 0.00 0.06 0.31 0.52 1319 592
Result 1 1.0 1345 0.46 0.19 0.21 0.20 0.20 0.20 -1 -1 -1 -1 -1
Evo 1.00 0.00 0.50 0.49 0.50 0.50 0.50 0.06 0.00 0.01 0.19 0.40 -1 413
Result 0 0.0 1500 0.46 0.21 0.20 0.20 0.20 0.19 -1 -1 -1 -1 -1
Evo 1.00 0.00 0.50 0.49 0.50 0.50 0.50 0.06 0.00 0.08 0.30 0.42 -1 1482
Result 0 0.0 1500 0.46 0.22 0.19 0.20 0.18 0.21 -1 -1 -1 -1 -1
Evo 1.00 0.40 1.00 0.51 0.50 0.50 0.50 0.07 0.00 0.03 0.28 0.54 608 404
Result 1 1.0 620 0.47 0.19 0.21 0.20 0.20 0.19 -1 -1 -1 -1 -1
Evo 1.00 0.00 1.00 0.51 0.50 0.50 0.50 0.07 0.00 0.01 0.29 0.54 748 578
Result 1 1.0 776 0.45 0.20 0.21 0.19 0.22 0.17 -1 -1 -1 -1 -1
Evo 1.00 0.00 0.50 0.49 0.50 0.50 0.50 0.06 0.00 0.08 0.30 0.49 1453 1471
Result 0 0.0 1500 0.46 0.19 0.20 0.19 0.20 0.21 -1 -1 -1 -1 -1
Evo 1.01 0.50 1.00 0.52 0.50 0.50 0.50 0.11 0.01 0.21 0.22 0.53 248 169
Result 1 1.0 272 0.46 0.20 0.22 0.19 0.18 0.21 -1 -1 -1 -1 -1
Evo 1.00 0.00 0.50 0.49 0.50 0.50 0.50 0.06 0.00 0.08 0.32 0.49 -1 1075
Result 0 0.0 1500 0.45 0.20 0.21 0.18 0.19 0.21 -1 -1 -1 -1 -1
Evo 1.00 0.50 1.00 0.52 0.50 0.50 0.50 0.09 0.00 0.15 0.18 0.48 442 442
Result 1 1.0 459 0.46 0.24 0.21 0.20 0.17 0.18 -1 -1 -1 -1 -1
Evo 1.00 0.00 0.50 0.49 0.50 0.50 0.50 0.06 0.00 0.08 0.12 0.21 -1 1482
Result 0 0.0 1500 0.46 0.21 0.19 0.19 0.21 0.19 -1 -1 -1 -1 -1
Evo 1.00 0.00 0.50 0.49 0.50 0.50 0.50 0.06 0.00 0.08 0.18 0.37 -1 100
Result 0 0.0 1500 0.46 0.20 0.20 0.19 0.20 0.21 -1 -1 -1 -1 -1
Evo 1.00 0.00 0.50 0.49 0.50 0.50 0.50 0.06 0.00 0.08 0.15 0.19 -1 1482
Result 0 0.0 1500 0.47 0.21 0.21 0.21 0.19 0.18 -1 -1 -1 -1 -1
Evo 1.00 0.00 0.50 0.49 0.50 0.50 0.50 0.06 0.00 0.08 0.12 0.19 -1 1482
Result 0 0.0 1500 0.47 0.21 0.19 0.21 0.19 0.20 -1 -1 -1 -1 -1
Evo 1.00 0.00 0.50 0.49 0.50 0.50 0.50 0.06 0.00 0.01 0.18 0.24 -1 1071
Result 0 0.0 1500 0.46 0.21 0.19 0.20 0.21 0.19 -1 -1 -1 -1 -1
Evo 1.00 0.00 0.50 0.49 0.50 0.50 0.50 0.06 0.00 0.08 0.15 0.19 -1 1482
Result 0 0.0 1500 0.48 0.19 0.20 0.22 0.20 0.20 -1 -1 -1 -1 -1
Evo 1.00 0.00 0.50 0.49 0.50 0.50 0.50 0.06 0.00 0.08 0.14 0.25 -1 1482
Result 0 0.0 1500 0.48 0.23 0.19 0.22 0.17 0.19 -1 -1 -1 -1 -1
Evo 1.00 0.00 0.50 0.49 0.50 0.50 0.50 0.06 0.00 0.08 0.15 0.20 -1 1482
Result 0 0.0 1500 0.47 0.20 0.19 0.20 0.21 0.19 -1 -1 -1 -1 -1
Evo 1.00 0.00 0.50 0.49 0.50 0.50 0.50 0.06 0.00 0.08 0.16 0.22 -1 1482
Result 0 0.0 1500 0.47 0.21 0.19 0.20 0.19 0.21 -1 -1 -1 -1 -1
Evo 1.00 0.00 0.50 0.49 0.50 0.50 0.50 0.06 0.00 0.01 0.15 0.28 -1 153
Result 0 0.0 1500 0.46 0.21 0.20 0.19 0.21 0.20 -1 -1 -1 -1 -1
Evo 1.00 0.00 0.50 0.49 0.50 0.50 0.50 0.06 0.00 0.08 0.15 0.20 -1 1482
Result 0 0.0 1500 0.45 0.20 0.21 0.19 0.21 0.20 -1 -1 -1 -1 -1
Evo 1.00 0.00 0.50 0.49 0.50 0.50 0.50 0.06 0.00 0.08 0.14 0.19 -1 1482
Result 0 0.0 1500 0.47 0.19 0.20 0.20 0.20 0.21 -1 -1 -1 -1 -1
Evo 1.00 0.00 0.50 0.49 0.50 0.50 0.50 0.06 0.00 0.08 0.15 0.23 -1 1482
Result 0 0.0 1500 0.47 0.20 0.19 0.21 0.23 0.18 -1 -1 -1 -1 -1
Evo 1.00 0.00 0.50 0.49 0.50 0.50 0.50 0.06 0.00 0.08 0.13 0.24 -1 1482
Result 0 0.0 1500 0.46 0.17 0.20 0.20 0.21 0.21 -1 -1 -1 -1 -1
Evo 1.00 0.00 0.50 0.49 0.50 0.50 0.50 0.06 0.00 0.08 0.13 0.19 -1 1482
Result 0 0.0 1500 0.47 0.20 0.18 0.20 0.20 0.21 -1 -1 -1 -1 -1
Evo 1.00 0.00 0.50 0.49 0.50 0.50 0.50 0.06 0.00 0.08 0.16 0.31 -1 1482
Result 0 0.0 1500 0.46 0.20 0.21 0.20 0.19 0.20 -1 -1 -1 -1 -1
Evo 1.00 0.00 0.50 0.49 0.50 0.50 0.50 0.06 0.00 0.01 0.19 0.36 -1 82
Result 0 0.0 1500 0.47 0.21 0.19 0.21 0.19 0.21 -1 -1 -1 -1 -1
Evo 1.00 0.00 0.50 0.49 0.50 0.50 0.50 0.06 0.00 0.08 0.15 0.19 -1 1482
Result 0 0.0 1500 0.46 0.18 0.20 0.20 0.22 0.20 -1 -1 -1 -1 -1
Evo 1.00 0.00 0.50 0.49 0.50 0.50 0.50 0.06 0.00 0.01 0.27 0.38 -1 96
Result 0 0.0 1500 0.46 0.21 0.20 0.20 0.20 0.20 -1 -1 -1 -1 -1
Evo 1.00 0.00 0.50 0.49 0.50 0.50 0.50 0.06 0.00 0.08 0.17 0.25 -1 1482
Result 0 0.0 1500 0.46 0.21 0.18 0.20 0.22 0.20 -1 -1 -1 -1 -1
Evo 1.00 0.00 0.50 0.49 0.50 0.50 0.50 0.06 0.00 0.08 0.15 0.32 -1 0
Result 0 0.0 1500 0.46 0.20 0.20 0.19 0.20 0.21 -1 -1 -1 -1 -1
Evo 1.00 0.00 0.50 0.49 0.50 0.50 0.50 0.06 0.00 0.08 0.10 0.21 -1 0
Result 0 0.0 1500 0.48 0.19 0.20 0.22 0.20 0.19 -1 -1 -1 -1 -1
Evo 1.00 0.00 0.50 0.49 0.50 0.50 0.50 0.06 0.00 0.03 0.14 0.29 -1 0
Result 0 0.0 1500 0.46 0.19 0.19 0.20 0.21 0.21 -1 -1 -1 -1 -1
Evo 1.00 0.00 0.50 0.49 0.50 0.50 0.50 0.06 0.00 0.01 0.12 0.27 -1 0
Result 0 0.0 1500 0.46 0.21 0.20 0.19 0.20 0.20 -1 -1 -1 -1 -1
Evo 1.00 0.00 0.50 0.49 0.50 0.50 0.50 0.06 0.00 0.08 0.13 0.27 -1 0
Result 0 0.0 1500 0.47 0.20 0.21 0.21 0.20 0.18 -1 -1 -1 -1 -1
Evo 1.00 0.00 0.50 0.49 0.50 0.50 0.50 0.06 0.00 0.01 0.13 0.27 -1 0
Result 0 0.0 1500 0.49 0.20 0.19 0.23 0.22 0.16 -1 -1 -1 -1 -1
Evo 1.00 0.00 0.50 0.49 0.50 0.50 0.50 0.06 0.00 0.03 0.13 0.25 -1 1
Result 0 0.0 1500 0.47 0.21 0.19 0.21 0.21 0.18 -1 -1 -1 -1 -1
Evo 1.00 0.00 0.50 0.49 0.50 0.50 0.50 0.06 0.00 0.01 0.13 0.26 -1 0
Result 0 0.0 1500 0.48 0.19 0.20 0.23 0.20 0.19 -1 -1 -1 -1 -1
Evo 1.00 0.00 0.50 0.49 0.50 0.50 0.50 0.06 0.00 0.01 0.13 0.21 -1 0
Result 0 0.0 1500 0.45 0.21 0.20 0.18 0.22 0.19 -1 -1 -1 -1 -1
Evo 1.00 0.00 0.50 0.49 0.50 0.50 0.50 0.06 0.00 0.01 0.08 0.28 -1 0
Result 0 0.0 1500 0.49 0.20 0.19 0.23 0.20 0.19 -1 -1 -1 -1 -1
Evo 1.00 0.00 0.50 0.49 0.50 0.50 0.50 0.06 0.00 0.08 0.11 0.23 -1 0
Result 0 0.0 1500 0.43 0.21 0.17 0.17 0.22 0.24 -1 -1 -1 -1 -1
Evo 1.00 0.00 0.50 0.49 0.50 0.50 0.50 0.06 0.00 0.01 0.13 0.33 -1 0
Result 0 0.0 1500 0.50 0.21 0.17 0.24 0.23 0.15 -1 -1 -1 -1 -1
Evo 1.00 0.00 0.50 0.49 0.50 0.50 0.50 0.06 0.00 0.01 0.13 0.29 -1 0
Result 0 0.0 1500 0.45 0.23 0.19 0.18 0.20 0.19 -1 -1 -1 -1 -1
Evo 1.00 0.00 0.50 0.49 0.50 0.50 0.50 0.06 0.00 0.01 0.07 0.28 -1 0
Result 0 0.0 1500 0.47 0.21 0.19 0.21 0.19 0.20 -1 -1 -1 -1 -1
Evo 1.00 0.00 0.50 0.49 0.50 0.50 0.50 0.06 0.00 0.01 0.12 0.29 -1 0
Result 0 0.0 1500 0.48 0.20 0.18 0.21 0.20 0.20 -1 -1 -1 -1 -1
Evo 1.00 0.00 0.50 0.49 0.50 0.50 0.50 0.06 0.00 0.01 0.16 0.29 -1 1
Result 0 0.0 1500 0.46 0.21 0.18 0.20 0.20 0.21 -1 -1 -1 -1 -1
Evo 1.00 0.00 0.50 0.49 0.50 0.50 0.50 0.06 0.00 0.08 0.15 0.35 -1 5
Result 0 0.0 1500 0.45 0.20 0.17 0.19 0.21 0.23 -1 -1 -1 -1 -1
Evo 1.00 0.00 0.50 0.49 0.50 0.50 0.50 0.06 0.00 0.02 0.13 0.25 -1 0
Result 0 0.0 1500 0.49 0.20 0.20 0.23 0.20 0.16 -1 -1 -1 -1 -1
Evo 1.00 0.00 0.50 0.49 0.50 0.50 0.50 0.06 0.00 0.01 0.15 0.29 -1 2
Result 0 0.0 1500 0.46 0.19 0.19 0.19 0.22 0.21 -1 -1 -1 -1 -1
Evo 1.00 0.00 0.50 0.49 0.50 0.50 0.50 0.06 0.00 0.08 0.07 0.28 -1 1
Result 0 0.0 1500 0.48 0.20 0.18 0.22 0.21 0.20 -1 -1 -1 -1 -1
Evo 1.00 0.00 0.50 0.49 0.50 0.50 0.50 0.06 0.00 0.08 0.07 0.14 -1 3
Result 0 0.0 1500 0.45 0.20 0.19 0.18 0.22 0.21 -1 -1 -1 -1 -1
Evo 1.00 0.00 0.50 0.49 0.50 0.50 0.50 0.06 0.00 0.08 0.09 0.14 -1 0
Result 0 0.0 1500 0.44 0.20 0.17 0.17 0.24 0.22 -1 -1 -1 -1 -1
Evo 1.00 0.00 0.50 0.49 0.50 0.50 0.50 0.06 0.00 0.08 0.09 0.16 -1 0
Result 0 0.0 1500 0.43 0.20 0.18 0.17 0.22 0.23 -1 -1 -1 -1 -1
Evo 1.00 0.00 0.50 0.49 0.50 0.50 0.50 0.06 0.00 0.02 0.10 0.17 -1 0
Result 0 0.0 1500 0.44 0.21 0.17 0.17 0.20 0.24 -1 -1 -1 -1 -1
Evo 1.00 0.00 0.50 0.49 0.50 0.50 0.50 0.06 0.00 0.01 0.13 0.14 -1 0
Result 0 0.0 1500 0.45 0.21 0.19 0.19 0.21 0.20 -1 -1 -1 -1 -1
Evo 1.00 0.00 0.50 0.49 0.50 0.50 0.50 0.06 0.00 0.01 0.09 0.15 -1 0
Result 0 0.0 1500 0.43 0.20 0.19 0.16 0.24 0.21 -1 -1 -1 -1 -1
Evo 1.00 0.00 0.50 0.49 0.50 0.50 0.50 0.06 0.00 0.01 0.10 0.17 -1 0
Result 0 0.0 1500 0.44 0.21 0.19 0.18 0.20 0.23 -1 -1 -1 -1 -1
Evo 1.00 0.00 0.50 0.49 0.50 0.50 0.50 0.06 0.00 0.02 0.08 0.16 -1 0
Result 0 0.0 1500 0.45 0.20 0.20 0.19 0.21 0.21 -1 -1 -1 -1 -1
Evo 1.00 0.00 0.50 0.49 0.50 0.50 0.50 0.06 0.00 0.01 0.07 0.15 -1 0
Result 0 0.0 1500 0.45 0.20 0.19 0.19 0.20 0.22 -1 -1 -1 -1 -1
Evo 1.00 0.00 0.50 0.49 0.50 0.50 0.50 0.06 0.00 0.08 0.08 0.17 -1 0
Result 0 0.0 1500 0.44 0.20 0.21 0.17 0.19 0.23 -1 -1 -1 -1 -1
Evo 1.00 0.00 0.50 0.49 0.50 0.50 0.50 0.06 0.00 0.01 0.09 0.16 -1 0
Result 0 0.0 1500 0.42 0.20 0.19 0.16 0.21 0.24 -1 -1 -1 -1 -1
Evo 1.00 0.00 0.50 0.49 0.50 0.50 0.50 0.06 0.00 0.01 0.08 0.14 -1 0
Result 0 0.0 1500 0.42 0.22 0.18 0.16 0.22 0.22 -1 -1 -1 -1 -1
Evo 1.00 0.00 0.50 0.49 0.50 0.50 0.50 0.06 0.00 0.08 0.08 0.15 -1 7
Result 0 0.0 1500 0.43 0.22 0.18 0.16 0.22 0.22 -1 -1 -1 -1 -1
Evo 1.00 0.00 0.50 0.49 0.50 0.50 0.50 0.06 0.00 0.01 0.13 0.17 -1 15
Result 0 0.0 1500 0.45 0.19 0.20 0.18 0.22 0.21 -1 -1 -1 -1 -1
Evo 1.00 0.00 0.50 0.49 0.50 0.50 0.50 0.06 0.00 0.09 0.07 0.14 -1 0
Result 0 0.0 1500 0.44 0.21 0.18 0.18 0.21 0.22 -1 -1 -1 -1 -1
Evo 1.00 0.00 0.50 0.49 0.50 0.50 0.50 0.06 0.00 0.08 0.08 0.16 -1 10
Result 0 0.0 1500 0.41 0.22 0.18 0.15 0.22 0.23 -1 -1 -1 -1 -1
Evo 1.00 0.00 0.50 0.49 0.50 0.50 0.50 0.06 0.00 0.01 0.09 0.15 -1 3
Result 0 0.0 1500 0.41 0.20 0.22 0.15 0.21 0.22 -1 -1 -1 -1 -1
Evo 1.00 0.00 0.50 0.49 0.50 0.50 0.50 0.05 0.00 0.07 0.08 0.14 -1 6
Result 0 -1.0 1498 0.43 0.21 0.19 0.16 0.21 0.22 -1 -1 -1 -1 -1
Evo 1.00 0.00 0.50 0.49 0.50 0.50 0.50 0.06 0.00 0.08 0.08 0.14 -1 0
Result 0 0.0 1500 0.43 0.21 0.21 0.16 0.20 0.22 -1 -1 -1 -1 -1
Evo 1.00 0.00 0.50 0.49 0.50 0.50 0.50 0.06 0.00 0.01 0.08 0.15 -1 10
Result 0 0.0 1500 0.44 0.22 0.20 0.18 0.20 0.19 -1 -1 -1 -1 -1
Evo 1.00 0.00 0.50 0.49 0.50 0.50 0.50 0.06 0.00 0.01 0.11 0.30 -1 0
Result 0 0.0 1500 0.49 0.23 0.15 0.23 0.22 0.16 -1 -1 -1 -1 -1
Evo 1.00 0.00 0.50 0.49 0.50 0.50 0.50 0.06 0.00 0.01 0.18 0.34 -1 0
Result 0 0.0 1500 0.48 0.23 0.18 0.21 0.21 0.17 -1 -1 -1 -1 -1
Evo 1.00 0.00 0.50 0.49 0.50 0.50 0.50 0.06 0.00 0.01 0.15 0.31 -1 0
Result 0 0.0 1500 0.48 0.22 0.16 0.22 0.23 0.17 -1 -1 -1 -1 -1
Evo 1.00 0.00 0.50 0.49 0.50 0.50 0.50 0.06 0.00 0.01 0.08 0.15 -1 0
Result 0 0.0 1500 0.40 0.22 0.18 0.14 0.24 0.22 -1 -1 -1 -1 -1
Evo 1.00 0.00 0.50 0.49 0.50 0.50 0.50 0.06 0.00 0.08 0.11 0.28 -1 0
Result 0 0.0 1500 0.50 0.20 0.16 0.26 0.24 0.14 -1 -1 -1 -1 -1
Evo 1.00 0.00 0.50 0.49 0.50 0.50 0.50 0.06 0.00 0.01 0.11 0.34 -1 0
Result 0 0.0 1500 0.47 0.21 0.18 0.20 0.20 0.20 -1 -1 -1 -1 -1
Evo 1.00 0.00 0.50 0.49 0.50 0.50 0.50 0.06 0.00 0.02 0.10 0.20 -1 0
Result 0 0.0 1500 0.42 0.21 0.18 0.16 0.21 0.24 -1 -1 -1 -1 -1
Evo 1.00 0.00 0.50 0.49 0.50 0.50 0.50 0.06 0.00 0.01 0.12 0.29 -1 0
Result 0 0.0 1500 0.50 0.22 0.18 0.24 0.22 0.13 -1 -1 -1 -1 -1
Evo 1.00 0.00 0.50 0.49 0.50 0.50 0.50 0.06 0.00 0.01 0.12 0.31 -1 0
Result 0 0.0 1500 0.49 0.21 0.16 0.23 0.23 0.18 -1 -1 -1 -1 -1
Evo 1.00 0.00 0.50 0.49 0.50 0.50 0.50 0.06 0.00 0.08 0.11 0.22 -1 0
Result 0 0.0 1500 0.43 0.21 0.17 0.17 0.22 0.23 -1 -1 -1 -1 -1
Evo 1.00 0.00 0.50 0.49 0.50 0.50 0.50 0.06 0.00 0.02 0.07 0.26 -1 0
Result 0 0.0 1500 0.49 0.22 0.11 0.24 0.25 0.17 -1 -1 -1 -1 -1
Evo 1.00 0.00 0.50 0.49 0.50 0.50 0.50 0.06 0.00 0.02 0.13 0.26 -1 0
Result 0 0.0 1500 0.46 0.20 0.16 0.20 0.23 0.20 -1 -1 -1 -1 -1
Evo 1.00 0.00 0.50 0.49 0.50 0.50 0.50 0.06 0.00 0.01 0.15 0.37 -1 0
Result 0 0.0 1500 0.46 0.24 0.17 0.20 0.21 0.19 -1 -1 -1 -1 -1
Evo 1.00 0.00 0.50 0.49 0.50 0.50 0.50 0.06 0.00 0.01 0.12 0.26 -1 0
Result 0 0.0 1500 0.49 0.22 0.15 0.23 0.23 0.18 -1 -1 -1 -1 -1
Evo 1.00 0.00 0.50 0.49 0.50 0.50 0.50 0.06 0.00 0.03 0.14 0.26 -1 0
Result 0 0.0 1500 0.45 0.22 0.17 0.19 0.23 0.19 -1 -1 -1 -1 -1
Evo 1.00 0.00 0.50 0.49 0.50 0.50 0.50 0.06 0.00 0.02 0.13 0.27 -1 0
Result 0 0.0 1500 0.47 0.21 0.15 0.20 0.23 0.20 -1 -1 -1 -1 -1
Evo 1.00 0.00 0.50 0.49 0.50 0.50 0.50 0.06 0.00 0.01 0.13 0.27 -1 0
Result 0 0.0 1500 0.48 0.20 0.17 0.22 0.24 0.17 -1 -1 -1 -1 -1
Evo 1.00 0.00 0.50 0.49 0.50 0.50 0.50 0.06 0.00 0.02 0.09 0.15 -1 0
Result 0 0.0 1500 0.39 0.21 0.19 0.14 0.20 0.26 -1 -1 -1 -1 -1
Evo 1.00 0.00 0.50 0.49 0.50 0.50 0.50 0.06 0.00 0.08 0.09 0.25 -1 0
Result 0 0.0 1500 0.49 0.21 0.16 0.23 0.22 0.18 -1 -1 -1 -1 -1
Evo 1.00 0.00 0.50 0.49 0.50 0.50 0.50 0.06 0.00 0.02 0.17 0.32 -1 0
Result 0 0.0 1500 0.48 0.23 0.18 0.23 0.20 0.17 -1 -1 -1 -1 -1
