Evo 1.00 0.00 1.00 0.98 1.00 1.00 1.00 0.14 0.00 0.04 0.19 0.71 -1 0
Result 0 100.0 1000 0.42 0.17 0.19 0.17 0.16 0.13 0.17 -1 -1 -1 -1
Evo 1.00 0.00 1.00 0.98 1.00 1.00 1.00 0.14 0.00 0.47 0.19 0.64 -1 0
Result 0 100.0 1000 0.43 0.17 0.17 0.19 0.14 0.17 0.16 -1 -1 -1 -1
Evo 1.01 0.40 1.00 0.99 1.00 1.00 1.00 0.05 0.00 0.09 0.12 0.56 252 0
Result 1 1.0 267 0.38 0.19 0.17 0.13 0.16 0.19 0.16 -1 -1 -1 -1
Evo 1.00 0.00 1.00 0.51 0.50 0.50 0.50 0.07 0.00 0.10 0.29 0.83 781 0
Result 1 1.0 795 0.42 0.17 0.18 0.15 0.19 0.16 0.15 -1 -1 -1 -1
Evo 1.00 0.50 1.00 0.51 0.50 0.50 0.50 0.06 0.00 0.09 0.31 0.88 900 0
Result 1 1.0 913 0.43 0.17 0.16 0.16 0.18 0.17 0.17 -1 -1 -1 -1
Evo 1.00 0.00 0.70 0.49 0.50 0.50 0.50 0.07 0.00 0.01 0.25 0.72 535 0
Result 0 0.0 1000 0.44 0.19 0.16 0.15 0.17 0.16 0.17 -1 -1 -1 -1
Evo 1.00 0.40 1.00 0.51 0.50 0.50 0.50 0.08 0.00 0.05 0.17 0.68 166 0
Result 1 1.0 283 0.43 0.17 0.15 0.17 0.19 0.18 0.14 -1 -1 -1 -1
Evo 1.00 0.50 1.00 0.50 0.50 0.50 0.50 0.03 0.00 0.03 0.21 0.76 561 0
Result 1 1.0 574 0.43 0.18 0.15 0.18 0.15 0.16 0.17 -1 -1 -1 -1
Evo 1.00 0.00 0.50 0.49 0.50 0.50 0.50 0.07 0.00 0.02 0.27 0.79 -1 0
Result 0 100.0 1000 0.44 0.17 0.14 0.17 0.17 0.17 0.17 -1 -1 -1 -1
Evo 1.00 0.00 1.00 0.51 0.50 0.50 0.50 0.10 0.01 0.02 0.18 0.78 397 1
Result 1 1.0 414 0.42 0.18 0.14 0.17 0.15 0.19 0.17 -1 -1 -1 -1
Evo 1.00 0.00 0.50 0.49 0.50 0.50 0.50 0.07 0.00 0.02 0.21 0.73 -1 0
Result 0 100.0 1000 0.45 0.17 0.17 0.18 0.15 0.16 0.17 -1 -1 -1 -1
Evo 1.00 0.00 0.50 0.49 0.50 0.50 0.50 0.07 0.00 0.04 0.19 0.74 -1 0
Result 0 0.0 1000 0.41 0.19 0.17 0.15 0.16 0.14 0.19 -1 -1 -1 -1
Evo 1.00 0.00 0.50 0.49 0.50 0.50 0.50 0.07 0.00 0.01 0.22 0.78 -1 0
Result 0 0.0 1000 0.42 0.17 0.15 0.16 0.17 0.15 0.18 -1 -1 -1 -1
Evo 1.00 0.00 0.50 0.49 0.50 0.50 0.50 0.07 0.00 0.01 0.24 0.69 -1 0
Result 0 100.0 1000 0.39 0.15 0.19 0.18 0.15 0.14 0.19 -1 -1 -1 -1
Evo 1.01 0.40 1.00 0.51 0.50 0.50 0.50 0.08 0.00 0.03 0.18 0.73 229 0
Result 1 1.0 314 0.42 0.15 0.17 0.16 0.22 0.14 0.17 -1 -1 -1 -1
Evo 1.00 0.50 1.00 0.51 0.50 0.50 0.50 0.06 0.00 0.10 0.23 0.74 221 0
Result 1 1.0 647 0.39 0.19 0.17 0.13 0.18 0.16 0.16 -1 -1 -1 -1
Evo 1.00 0.00 0.50 0.49 0.50 0.50 0.50 0.07 0.00 0.01 0.19 0.61 -1 0
Result 0 100.0 1000 0.40 0.19 0.17 0.17 0.14 0.14 0.18 -1 -1 -1 -1
Evo 1.00 0.00 1.00 0.51 0.50 0.50 0.50 0.08 0.00 0.04 0.26 0.83 572 0
Result 1 101.0 595 0.44 0.19 0.17 0.17 0.16 0.16 0.15 -1 -1 -1 -1
Evo 1.00 0.00 0.50 0.49 0.50 0.50 0.50 0.07 0.00 0.02 0.25 0.71 -1 0
Result 0 100.0 1000 0.41 0.16 0.17 0.18 0.17 0.15 0.17 -1 -1 -1 -1
Evo 1.00 0.00 0.50 0.49 0.50 0.50 0.50 0.07 0.00 0.49 0.36 0.86 -1 0
Result 0 100.0 1000 0.43 0.14 0.18 0.17 0.15 0.16 0.19 -1 -1 -1 -1
Evo 1.00 0.00 0.50 0.49 0.50 0.50 0.50 0.07 0.00 0.01 0.08 0.33 -1 0
Result 0 0.0 1000 0.37 0.17 0.19 0.19 0.12 0.13 0.20 -1 -1 -1 -1
Evo 1.00 0.00 0.50 0.49 0.50 0.50 0.50 0.07 0.00 0.01 0.09 0.36 -1 0
Result 0 0.0 1000 0.40 0.16 0.19 0.16 0.16 0.14 0.19 -1 -1 -1 -1
Evo 1.00 0.00 0.50 0.49 0.50 0.50 0.50 0.07 0.00 0.11 0.11 0.41 -1 0
Result 0 0.0 1000 0.40 0.18 0.17 0.16 0.14 0.19 0.17 -1 -1 -1 -1
Evo 1.00 0.00 0.50 0.49 0.50 0.50 0.50 0.07 0.00 0.03 0.12 0.41 -1 0
Result 0 0.0 1000 0.42 0.19 0.19 0.15 0.16 0.15 0.16 -1 -1 -1 -1
Evo 1.00 0.00 0.50 0.49 0.50 0.50 0.50 0.07 0.00 0.11 0.13 0.35 -1 0
Result 0 0.0 1000 0.43 0.19 0.16 0.16 0.15 0.15 0.19 -1 -1 -1 -1
Evo 1.00 0.00 0.50 0.49 0.50 0.50 0.50 0.07 0.00 0.03 0.11 0.41 -1 0
Result 0 0.0 1000 0.40 0.16 0.19 0.15 0.14 0.16 0.20 -1 -1 -1 -1
Evo 1.50 0.00 0.00 0.00 0.00 0.00 0.00 0.00 0.00 0.00 0.01 0.04 -1 0
Result 0 0.0 2 0.00 -1 -1 -1 1.00 -1 -1 -1 -1 -1 -1
Evo 1.00 0.00 0.50 0.49 0.50 0.50 0.50 0.07 0.00 0.01 0.12 0.43 -1 0
Result 0 0.0 1000 0.43 0.16 0.18 0.16 0.17 0.15 0.18 -1 -1 -1 -1
Evo 1.00 0.00 0.50 0.49 0.50 0.50 0.50 0.07 0.00 0.03 0.10 0.38 -1 0
Result 0 0.0 1000 0.40 0.17 0.19 0.17 0.14 0.16 0.17 -1 -1 -1 -1
Evo 1.00 0.00 0.50 0.49 0.50 0.50 0.50 0.07 0.00 0.03 0.11 0.36 -1 0
Result 0 0.0 1000 0.43 0.17 0.17 0.16 0.15 0.16 0.18 -1 -1 -1 -1
Evo 1.00 0.00 0.50 0.49 0.50 0.50 0.50 0.07 0.00 0.03 0.11 0.35 -1 0
Result 0 0.0 1000 0.41 0.17 0.19 0.16 0.15 0.15 0.18 -1 -1 -1 -1
Evo 1.00 0.00 0.50 0.49 0.50 0.50 0.50 0.07 0.00 0.01 0.10 0.38 -1 0
Result 0 0.0 1000 0.38 0.15 0.20 0.18 0.13 0.17 0.17 -1 -1 -1 -1
Evo 1.00 0.00 0.50 0.49 0.50 0.50 0.50 0.07 0.00 0.03 0.10 0.34 -1 0
Result 0 0.0 1000 0.43 0.17 0.16 0.17 0.15 0.16 0.17 -1 -1 -1 -1
Evo 1.50 0.00 0.00 0.00 0.00 0.00 0.00 0.00 0.00 0.00 0.01 0.02 -1 0
Result 0 0.0 2 0.00 -1 -1 -1 1.00 -1 -1 -1 -1 -1 -1
Evo 1.00 0.00 0.50 0.49 0.50 0.50 0.50 0.07 0.00 0.11 0.11 0.45 -1 0
Result 0 0.0 1000 0.42 0.17 0.16 0.16 0.18 0.15 0.17 -1 -1 -1 -1
Evo 1.00 0.00 0.50 0.49 0.50 0.50 0.50 0.07 0.00 0.11 0.11 0.38 -1 0
Result 0 0.0 1000 0.42 0.18 0.18 0.16 0.13 0.16 0.19 -1 -1 -1 -1
Evo 1.00 0.00 0.50 0.49 0.50 0.50 0.50 0.07 0.00 0.11 0.12 0.34 -1 0
Result 0 0.0 1000 0.43 0.15 0.15 0.19 0.16 0.17 0.18 -1 -1 -1 -1
Evo 1.00 0.00 0.50 0.49 0.50 0.50 0.50 0.07 0.00 0.03 0.11 0.38 -1 0
Result 0 0.0 1000 0.42 0.16 0.20 0.15 0.15 0.16 0.17 -1 -1 -1 -1
Evo 1.00 0.00 0.50 0.49 0.50 0.50 0.50 0.07 0.00 0.02 0.13 0.38 -1 0
Result 0 0.0 1000 0.43 0.18 0.16 0.17 0.15 0.17 0.17 -1 -1 -1 -1
Evo 1.00 0.00 0.50 0.49 0.50 0.50 0.50 0.07 0.00 0.02 0.11 0.38 -1 0
Result 0 0.0 1000 0.41 0.16 0.18 0.16 0.16 0.15 0.18 -1 -1 -1 -1
Evo 1.05 0.00 0.50 0.49 0.50 0.50 0.50 0.07 0.00 0.18 0.03 0.13 -1 0
Result 0 0.0 1000 0.40 0.17 0.12 0.14 0.21 0.16 0.19 -1 -1 -1 -1
Evo 2.00 0.00 0.00 0.00 0.00 0.00 0.00 0.00 0.00 0.00 0.01 0.02 -1 0
Result 0 0.0 1 0.00 -1 -1 -1 -1 1.00 -1 -1 -1 -1 -1
Evo 1.00 0.00 0.50 0.49 0.50 0.50 0.50 0.07 0.00 0.03 0.19 0.58 -1 0
Result 0 100.0 1000 0.43 0.15 0.17 0.15 0.16 0.17 0.19 -1 -1 -1 -1
Evo 1.00 0.00 0.50 0.49 0.50 0.50 0.50 0.07 0.00 0.04 0.24 0.57 -1 0
Result 0 100.0 1000 0.43 0.19 0.17 0.16 0.16 0.15 0.16 -1 -1 -1 -1
Evo 1.00 0.00 0.50 0.49 0.50 0.50 0.50 0.07 0.00 0.01 0.21 0.58 -1 0
Result 0 100.0 1000 0.42 0.17 0.16 0.16 0.17 0.19 0.15 -1 -1 -1 -1
Evo 1.25 0.00 0.00 0.00 0.00 0.00 0.00 0.00 0.00 0.00 0.01 0.01 -1 0
Result 0 0.0 4 0.53 -1 -1 0.40 -1 -1 0.60 -1 -1 -1 -1
Evo 1.00 0.00 0.50 0.49 0.50 0.50 0.50 0.07 0.00 0.04 0.31 0.92 -1 0
Result 0 100.0 1000 0.44 0.19 0.15 0.15 0.15 0.17 0.18 -1 -1 -1 -1
Evo 1.00 0.00 0.50 0.49 0.50 0.50 0.50 0.07 0.00 0.04 0.18 0.59 -1 0
Result 0 100.0 1000 0.44 0.18 0.17 0.15 0.17 0.16 0.18 -1 -1 -1 -1
Evo 2.00 0.00 0.00 0.00 0.00 0.00 0.00 0.00 0.00 0.00 0.01 0.02 -1 0
Result 0 0.0 1 0.00 -1 -1 -1 -1 1.00 -1 -1 -1 -1 -1
Evo 2.00 0.00 0.00 0.00 0.00 0.00 0.00 0.00 0.00 0.00 0.01 0.02 -1 0
Result 0 0.0 1 0.00 -1 -1 -1 -1 1.00 -1 -1 -1 -1 -1
Evo 1.00 0.00 1.00 0.51 0.50 0.50 0.50 0.06 0.00 0.01 0.24 0.84 640 0
Result 1 101.0 661 0.43 0.17 0.16 0.15 0.18 0.17 0.18 -1 -1 -1 -1
Evo 1.00 0.00 0.50 0.49 0.50 0.50 0.50 0.07 0.00 0.01 0.20 0.60 -1 0
Result 0 100.0 1000 0.43 0.17 0.19 0.17 0.15 0.17 0.15 -1 -1 -1 -1
Evo 1.00 0.00 0.50 0.49 0.50 0.50 0.50 0.07 0.00 0.03 0.18 0.59 -1 0
Result 0 100.0 1000 0.44 0.18 0.19 0.15 0.14 0.18 0.17 -1 -1 -1 -1
Evo 1.00 0.00 0.50 0.49 0.50 0.50 0.50 0.07 0.00 0.04 0.18 0.55 -1 0
Result 0 100.0 1000 0.45 0.16 0.14 0.16 0.18 0.18 0.18 -1 -1 -1 -1
Evo 1.00 0.00 0.50 0.49 0.50 0.50 0.50 0.07 0.00 0.01 0.25 0.85 -1 0
Result 0 100.0 1000 0.43 0.18 0.15 0.16 0.16 0.16 0.19 -1 -1 -1 -1
Evo 1.00 0.00 0.50 0.49 0.50 0.50 0.50 0.07 0.00 0.03 0.24 0.64 -1 0
Result 0 100.0 1000 0.42 0.17 0.16 0.16 0.18 0.17 0.16 -1 -1 -1 -1
Evo 1.00 0.00 0.50 0.49 0.50 0.50 0.50 0.07 0.00 0.03 0.31 0.89 -1 0
Result 0 100.0 1000 0.43 0.14 0.14 0.18 0.16 0.19 0.19 -1 -1 -1 -1
Evo 2.00 0.00 0.00 0.00 0.00 0.00 0.00 0.00 0.00 0.00 0.01 0.02 -1 0
Result 0 0.0 1 0.00 -1 -1 -1 -1 1.00 -1 -1 -1 -1 -1
Evo 1.00 0.00 0.50 0.49 0.50 0.50 0.50 0.07 0.00 0.01 0.15 0.57 -1 0
Result 0 100.0 1000 0.45 0.16 0.16 0.16 0.18 0.16 0.17 -1 -1 -1 -1
Evo 1.01 0.00 0.50 0.49 0.50 0.50 0.50 0.07 0.00 0.01 0.23 0.63 -1 0
Result 0 100.0 1000 0.43 0.16 0.16 0.16 0.16 0.18 0.17 -1 -1 -1 -1
Evo 1.03 0.00 0.50 0.49 0.50 0.50 0.50 0.07 0.00 0.13 0.05 0.21 -1 0
Result 0 0.0 1000 0.44 0.21 0.15 0.13 0.18 0.14 0.20 -1 -1 -1 -1
Evo 2.00 0.00 0.00 0.00 0.00 0.00 0.00 0.00 0.00 0.00 0.01 0.01 -1 0
Result 0 0.0 1 0.00 -1 1.00 -1 -1 -1 -1 -1 -1 -1 -1
Evo 1.03 0.00 0.50 0.48 0.50 0.50 0.50 0.07 0.00 0.22 0.05 0.20 -1 0
Result 0 0.0 1000 0.43 0.20 0.13 0.18 0.15 0.17 0.18 -1 -1 -1 -1
Evo 1.00 0.00 0.50 0.49 0.50 0.50 0.50 0.07 0.00 0.03 0.05 0.18 -1 0
Result 0 0.0 1000 0.47 0.19 0.14 0.13 0.16 0.20 0.17 -1 -1 -1 -1
Evo 1.02 0.00 0.50 0.49 0.50 0.50 0.50 0.07 0.00 0.09 0.05 0.19 -1 0
Result 0 0.0 1000 0.46 0.18 0.12 0.15 0.16 0.19 0.20 -1 -1 -1 -1
Evo 1.04 0.00 0.50 0.48 0.50 0.50 0.50 0.08 0.00 0.31 0.05 0.18 -1 0
Result 0 0.0 1000 0.40 0.20 0.15 0.15 0.14 0.16 0.20 -1 -1 -1 -1
Evo 1.01 0.00 0.50 0.49 0.50 0.50 0.50 0.07 0.00 0.01 0.05 0.19 -1 0
Result 0 0.0 1000 0.38 0.20 0.13 0.13 0.14 0.21 0.18 -1 -1 -1 -1
Evo 1.03 0.00 0.50 0.48 0.50 0.50 0.50 0.07 0.00 0.24 0.05 0.19 -1 0
Result 0 0.0 1000 0.42 0.21 0.14 0.15 0.16 0.16 0.19 -1 -1 -1 -1
Evo 1.04 0.00 0.50 0.49 0.50 0.50 0.50 0.07 0.00 0.20 0.05 0.23 -1 0
Result 0 0.0 1000 0.39 0.22 0.14 0.16 0.17 0.13 0.18 -1 -1 -1 -1
Evo 1.03 0.00 0.50 0.49 0.50 0.50 0.50 0.07 0.00 0.02 0.05 0.20 -1 0
Result 0 0.0 1000 0.46 0.19 0.15 0.14 0.19 0.13 0.19 -1 -1 -1 -1
Evo 1.02 0.00 0.50 0.49 0.50 0.50 0.50 0.07 0.00 0.10 0.05 0.14 -1 0
Result 0 0.0 1000 0.45 0.18 0.14 0.16 0.15 0.18 0.19 -1 -1 -1 -1
Evo 1.00 0.00 0.50 0.49 0.50 0.50 0.50 0.07 0.00 0.03 0.04 0.17 -1 0
Result 0 0.0 1000 0.48 0.19 0.13 0.14 0.23 0.14 0.17 -1 -1 -1 -1
Evo 1.01 0.00 0.50 0.49 0.50 0.50 0.50 0.07 0.00 0.04 0.05 0.18 -1 0
Result 0 0.0 1000 0.44 0.20 0.15 0.13 0.17 0.15 0.19 -1 -1 -1 -1
Evo 1.04 0.00 0.50 0.49 0.50 0.50 0.50 0.07 0.00 0.13 0.05 0.16 -1 0
Result 0 0.0 1000 0.46 0.19 0.15 0.14 0.19 0.13 0.18 -1 -1 -1 -1
Evo 1.00 0.00 0.50 0.49 0.50 0.50 0.50 0.07 0.00 0.03 0.05 0.20 -1 0
Result 0 0.0 1000 0.34 0.21 0.13 0.11 0.18 0.18 0.18 -1 -1 -1 -1
Evo 1.01 0.00 0.50 0.49 0.50 0.50 0.50 0.07 0.00 0.11 0.05 0.16 -1 0
Result 0 0.0 1000 0.39 0.19 0.14 0.16 0.13 0.20 0.18 -1 -1 -1 -1
Evo 1.02 0.00 0.50 0.49 0.50 0.50 0.50 0.07 0.00 0.11 0.05 0.21 -1 0
Result 0 0.0 999 0.43 0.17 0.14 0.16 0.16 0.18 0.20 -1 -1 -1 -1
Evo 1.03 0.00 0.50 0.48 0.50 0.50 0.50 0.07 0.00 0.22 0.05 0.18 -1 0
Result 0 0.0 1000 0.44 0.18 0.14 0.16 0.15 0.18 0.19 -1 -1 -1 -1
Evo 1.01 0.00 0.50 0.49 0.50 0.50 0.50 0.07 0.00 0.02 0.05 0.18 -1 0
Result 0 0.0 1000 0.43 0.18 0.13 0.14 0.21 0.17 0.17 -1 -1 -1 -1
Evo 1.02 0.00 0.50 0.49 0.50 0.50 0.50 0.07 0.00 0.07 0.05 0.20 -1 0
Result 0 0.0 1000 0.40 0.20 0.13 0.13 0.20 0.14 0.20 -1 -1 -1 -1
Evo 1.00 0.00 0.50 0.49 0.50 0.50 0.50 0.07 0.00 0.01 0.06 0.23 -1 0
Result 0 0.0 1000 0.43 0.16 0.13 0.15 0.16 0.16 0.23 -1 -1 -1 -1
Evo 1.00 0.00 0.50 0.49 0.50 0.50 0.50 0.07 0.00 0.03 0.06 0.24 -1 0
Result 0 0.0 1000 0.41 0.18 0.15 0.15 0.19 0.15 0.18 -1 -1 -1 -1
Evo 1.00 0.00 0.50 0.49 0.50 0.50 0.50 0.07 0.00 0.03 0.06 0.26 -1 0
Result 0 0.0 1000 0.39 0.19 0.14 0.15 0.20 0.14 0.19 -1 -1 -1 -1
Evo 1.00 0.00 0.50 0.49 0.50 0.50 0.50 0.07 0.00 0.01 0.06 0.21 -1 0
Result 0 0.0 1000 0.41 0.20 0.13 0.15 0.18 0.16 0.18 -1 -1 -1 -1
Evo 1.00 0.00 0.50 0.49 0.50 0.50 0.50 0.07 0.00 0.03 0.05 0.24 -1 0
Result 0 0.0 1000 0.47 0.17 0.13 0.16 0.21 0.17 0.17 -1 -1 -1 -1
Evo 1.00 0.00 0.50 0.49 0.50 0.50 0.50 0.07 0.00 0.01 0.05 0.24 -1 0
Result 0 0.0 1000 0.42 0.19 0.12 0.16 0.21 0.16 0.15 -1 -1 -1 -1
Evo 1.00 0.00 0.50 0.49 0.50 0.50 0.50 0.07 0.00 0.11 0.10 0.26 -1 0
Result 0 0.0 1000 0.40 0.16 0.16 0.14 0.21 0.15 0.17 -1 -1 -1 -1
Evo 1.00 0.00 0.50 0.49 0.50 0.50 0.50 0.07 0.00 0.01 0.06 0.20 -1 0
Result 0 0.0 1000 0.45 0.18 0.14 0.14 0.19 0.14 0.20 -1 -1 -1 -1
Evo 1.01 0.00 0.50 0.49 0.50 0.50 0.50 0.07 0.00 0.02 0.11 0.24 -1 0
Result 0 0.0 1000 0.43 0.19 0.17 0.17 0.16 0.15 0.17 -1 -1 -1 -1
Evo 1.00 0.00 0.50 0.49 0.50 0.50 0.50 0.07 0.00 0.11 0.06 0.23 -1 0
Result 0 0.0 1000 0.43 0.15 0.15 0.16 0.18 0.17 0.19 -1 -1 -1 -1
Evo 1.00 0.00 0.50 0.49 0.50 0.50 0.50 0.07 0.00 0.03 0.06 0.21 -1 0
Result 0 0.0 1000 0.42 0.17 0.13 0.16 0.20 0.16 0.18 -1 -1 -1 -1
Evo 1.00 0.00 0.50 0.49 0.50 0.50 0.50 0.07 0.00 0.03 0.06 0.21 -1 0
Result 0 0.0 1000 0.40 0.19 0.14 0.14 0.18 0.16 0.19 -1 -1 -1 -1
Evo 1.00 0.00 0.50 0.49 0.50 0.50 0.50 0.07 0.00 0.01 0.06 0.23 -1 0
Result 0 0.0 1000 0.47 0.20 0.14 0.15 0.21 0.15 0.15 -1 -1 -1 -1
Evo 1.01 0.00 0.50 0.49 0.50 0.50 0.50 0.07 0.00 0.02 0.12 0.23 -1 0
Result 0 0.0 1000 0.41 0.16 0.17 0.15 0.18 0.16 0.17 -1 -1 -1 -1
Evo 1.00 0.00 0.50 0.49 0.50 0.50 0.50 0.07 0.00 0.11 0.06 0.24 -1 0
Result 0 0.0 1000 0.42 0.17 0.16 0.15 0.21 0.15 0.16 -1 -1 -1 -1
Evo 1.00 0.00 0.50 0.49 0.50 0.50 0.50 0.07 0.00 0.03 0.13 0.43 -1 0
Result 0 0.0 1000 0.44 0.17 0.17 0.16 0.15 0.17 0.17 -1 -1 -1 -1
Evo 1.00 0.00 0.50 0.49 0.50 0.50 0.50 0.07 0.00 0.04 0.09 0.36 -1 0
Result 0 0.0 1000 0.40 0.14 0.18 0.14 0.18 0.16 0.20 -1 -1 -1 -1
Evo 1.00 0.00 0.50 0.49 0.50 0.50 0.50 0.07 0.00 0.03 0.04 0.28 -1 0
Result 0 0.0 1000 0.43 0.20 0.12 0.17 0.17 0.17 0.17 -1 -1 -1 -1
Evo 1.00 0.00 0.50 0.49 0.50 0.50 0.50 0.07 0.00 0.03 0.05 0.26 -1 0
Result 0 0.0 1000 0.45 0.18 0.13 0.16 0.19 0.15 0.19 -1 -1 -1 -1
Evo 1.00 0.00 0.50 0.49 0.50 0.50 0.50 0.07 0.00 0.05 0.06 0.26 -1 0
Result 0 0.0 1000 0.40 0.18 0.15 0.15 0.19 0.14 0.18 -1 -1 -1 -1
