Evo 1.00 0.00 1.00 0.98 1.00 1.00 1.00 0.14 0.00 0.03 0.06 0.13 -1 0
Result 0 0.0 1000 0.44 0.18 0.12 0.17 0.19 0.15 0.18 -1 -1 -1 -1
Evo 1.00 0.00 1.00 0.98 1.00 1.00 1.00 0.14 0.00 0.30 0.10 0.20 -1 0
Result 0 3.0 1000 0.45 0.18 0.13 0.16 0.19 0.18 0.15 -1 -1 -1 -1
Evo 1.00 0.00 1.00 0.98 1.00 1.00 1.00 0.14 0.00 0.01 0.10 0.20 -1 0
Result 0 4.0 1000 0.43 0.16 0.11 0.19 0.19 0.18 0.16 -1 -1 -1 -1
Evo 1.00 0.00 1.00 0.98 1.00 1.00 1.00 0.14 0.00 0.03 0.07 0.14 -1 0
Result 0 0.0 1000 0.47 0.15 0.13 0.17 0.20 0.17 0.17 -1 -1 -1 -1
Evo 1.00 0.00 1.00 0.98 1.00 1.00 1.00 0.14 0.00 0.03 0.07 0.18 -1 0
Result 0 3.0 1000 0.47 0.16 0.12 0.17 0.21 0.18 0.16 -1 -1 -1 -1
Evo 1.00 0.00 1.00 0.98 1.00 1.00 1.00 0.14 0.00 0.03 0.11 0.15 -1 0
Result 0 0.0 1000 0.43 0.20 0.13 0.16 0.17 0.16 0.17 -1 -1 -1 -1
Evo 1.00 0.00 1.00 0.98 1.00 1.00 1.00 0.14 0.00 0.03 0.13 0.32 -1 0
Result 0 5.0 1000 0.45 0.17 0.12 0.18 0.18 0.18 0.17 -1 -1 -1 -1
Evo 1.00 0.00 1.00 0.98 1.00 1.00 1.00 0.14 0.00 0.04 0.08 0.17 -1 0
Result 0 3.0 1000 0.45 0.16 0.12 0.17 0.19 0.17 0.18 -1 -1 -1 -1
Evo 1.00 0.00 1.00 0.98 1.00 1.00 1.00 0.14 0.00 0.03 0.08 0.14 -1 0
Result 0 0.0 1000 0.43 0.16 0.15 0.16 0.17 0.16 0.20 -1 -1 -1 -1
Evo 1.00 0.00 1.00 0.98 1.00 1.00 1.00 0.14 0.00 0.04 0.15 0.19 -1 0
Result 0 3.0 1000 0.36 0.16 0.11 0.17 0.18 0.19 0.18 -1 -1 -1 -1
Evo 1.00 0.00 1.00 0.98 1.00 1.00 1.00 0.14 0.00 0.07 0.10 0.19 -1 0
Result 0 3.0 1000 0.39 0.17 0.14 0.15 0.20 0.17 0.18 -1 -1 -1 -1
Evo 1.00 0.00 1.00 0.98 1.00 1.00 1.00 0.14 0.00 0.08 0.12 0.20 -1 0
Result 0 4.0 1000 0.38 0.16 0.13 0.16 0.20 0.16 0.19 -1 -1 -1 -1
Evo 1.00 0.00 1.00 0.98 1.00 1.00 1.00 0.14 0.00 0.03 0.10 0.15 -1 1
Result 0 0.0 1000 0.37 0.17 0.12 0.17 0.20 0.16 0.18 -1 -1 -1 -1
Evo 1.00 0.00 1.00 0.98 1.00 1.00 1.00 0.14 0.00 0.07 0.12 0.19 -1 0
Result 0 3.0 1000 0.40 0.16 0.14 0.16 0.17 0.18 0.18 -1 -1 -1 -1
Evo 1.00 0.00 1.00 0.98 1.00 1.00 1.00 0.15 0.00 0.04 0.09 0.15 -1 0
Result 0 0.0 1000 0.44 0.17 0.16 0.16 0.15 0.20 0.16 -1 -1 -1 -1
Evo 1.00 0.00 1.00 0.98 1.00 1.00 1.00 0.14 0.00 0.03 0.07 0.15 -1 0
Result 0 0.0 1000 0.44 0.17 0.15 0.14 0.20 0.15 0.18 -1 -1 -1 -1
Evo 1.00 0.00 1.00 0.98 1.00 1.00 1.00 0.14 0.00 0.03 0.08 0.14 -1 0
Result 0 0.0 1000 0.40 0.16 0.14 0.19 0.18 0.16 0.17 -1 -1 -1 -1
Evo 1.00 0.00 1.00 0.98 1.00 1.00 1.00 0.14 0.00 0.23 0.10 0.19 -1 0
Result 0 3.0 1000 0.44 0.18 0.11 0.19 0.17 0.18 0.18 -1 -1 -1 -1
Evo 1.00 0.00 1.00 0.98 1.00 1.00 1.00 0.14 0.00 0.03 0.09 0.14 -1 1
Result 0 0.0 1000 0.38 0.18 0.13 0.15 0.20 0.17 0.17 -1 -1 -1 -1
Evo 1.00 0.00 1.00 0.98 1.00 1.00 1.00 0.14 0.00 0.04 0.09 0.16 -1 0
Result 0 3.0 1000 0.45 0.18 0.13 0.17 0.19 0.16 0.17 -1 -1 -1 -1
Evo 1.00 0.80 1.00 1.00 1.00 1.00 1.00 0.02 0.00 0.03 0.13 0.48 499 0
Result 1 30.0 516 0.42 0.20 0.16 0.13 0.16 0.17 0.19 -1 -1 -1 -1
Evo 1.00 0.40 1.00 0.51 0.50 0.50 0.50 0.05 0.00 0.21 0.22 0.50 492 0
Result 1 30.0 502 0.44 0.17 0.18 0.13 0.16 0.19 0.18 -1 -1 -1 -1
Evo 1.00 0.00 0.50 0.49 0.50 0.50 0.50 0.07 0.00 0.11 0.05 0.10 -1 0
Result 0 0.0 1000 0.38 0.18 0.13 0.18 0.20 0.16 0.16 -1 -1 -1 -1
Evo 1.00 0.00 0.50 0.49 0.50 0.50 0.50 0.07 0.00 0.11 0.05 0.10 -1 4
Result 0 0.0 1000 0.35 0.16 0.11 0.20 0.17 0.17 0.18 -1 -1 -1 -1
Evo 1.00 0.00 0.50 0.49 0.50 0.50 0.50 0.07 0.00 0.04 0.06 0.10 -1 0
Result 0 0.0 1000 0.47 0.16 0.12 0.17 0.20 0.17 0.17 -1 -1 -1 -1
Evo 1.00 0.00 0.50 0.49 0.50 0.50 0.50 0.07 0.00 0.02 0.14 0.33 -1 0
Result 0 22.0 1000 0.43 0.17 0.11 0.17 0.19 0.19 0.16 -1 -1 -1 -1
Evo 1.00 0.00 0.50 0.49 0.50 0.50 0.50 0.07 0.00 0.01 0.06 0.10 -1 1
Result 0 0.0 1000 0.44 0.17 0.11 0.19 0.18 0.17 0.18 -1 -1 -1 -1
Evo 1.00 0.00 0.50 0.49 0.50 0.50 0.50 0.07 0.00 0.04 0.05 0.10 -1 0
Result 0 0.0 1000 0.37 0.18 0.12 0.19 0.17 0.17 0.17 -1 -1 -1 -1
Evo 1.00 0.00 0.50 0.49 0.50 0.50 0.50 0.07 0.00 0.09 0.06 0.21 -1 4
Result 0 23.0 1000 0.38 0.16 0.13 0.19 0.20 0.17 0.15 -1 -1 -1 -1
Evo 1.02 0.40 1.00 0.52 0.50 0.50 0.50 0.11 0.01 0.28 0.12 0.44 180 0
Result 1 30.0 198 0.38 0.17 0.15 0.13 0.13 0.21 0.22 -1 -1 -1 -1
Evo 1.00 0.00 0.50 0.49 0.50 0.50 0.50 0.07 0.00 0.09 0.18 0.36 -1 0
Result 0 23.0 1000 0.38 0.16 0.13 0.15 0.19 0.18 0.19 -1 -1 -1 -1
Evo 1.00 0.00 0.50 0.49 0.50 0.50 0.50 0.07 0.00 0.11 0.06 0.10 -1 3
Result 0 0.0 1000 0.44 0.17 0.11 0.18 0.21 0.17 0.15 -1 -1 -1 -1
Evo 1.00 0.00 0.50 0.49 0.50 0.50 0.50 0.07 0.00 0.01 0.06 0.10 -1 3
Result 0 0.0 1000 0.47 0.17 0.11 0.16 0.20 0.17 0.19 -1 -1 -1 -1
Evo 1.00 0.00 0.50 0.49 0.50 0.50 0.50 0.07 0.00 0.23 0.21 0.36 -1 0
Result 0 23.0 1000 0.42 0.15 0.15 0.17 0.16 0.19 0.18 -1 -1 -1 -1
Evo 1.00 0.00 0.50 0.49 0.50 0.50 0.50 0.07 0.00 0.01 0.06 0.10 -1 0
Result 0 0.0 1000 0.44 0.17 0.11 0.18 0.18 0.18 0.17 -1 -1 -1 -1
Evo 1.00 0.00 0.50 0.49 0.50 0.50 0.50 0.07 0.00 0.10 0.07 0.20 -1 0
Result 0 23.0 1000 0.37 0.18 0.12 0.18 0.19 0.17 0.16 -1 -1 -1 -1
Evo 1.00 0.00 0.50 0.49 0.50 0.50 0.50 0.07 0.00 0.01 0.04 0.10 -1 3
Result 0 0.0 1000 0.37 0.14 0.12 0.20 0.20 0.16 0.18 -1 -1 -1 -1
Evo 1.00 0.20 1.00 0.51 0.50 0.50 0.50 0.06 0.00 0.26 0.13 0.47 958 2
Result 1 30.0 972 0.38 0.18 0.13 0.18 0.15 0.18 0.17 -1 -1 -1 -1
Evo 1.00 0.00 0.50 0.49 0.50 0.50 0.50 0.07 0.00 0.01 0.18 0.36 -1 3
Result 0 23.0 1000 0.45 0.18 0.15 0.16 0.16 0.17 0.18 -1 -1 -1 -1
Evo 1.00 0.00 0.50 0.49 0.50 0.50 0.50 0.07 0.00 0.07 0.20 0.35 -1 0
Result 0 23.0 1000 0.40 0.17 0.14 0.16 0.17 0.17 0.19 -1 -1 -1 -1
Evo 1.00 0.00 0.50 0.49 0.50 0.50 0.50 0.07 0.00 0.04 0.08 0.14 -1 0
Result 0 7.0 1000 0.42 0.17 0.16 0.13 0.19 0.20 0.16 -1 -1 -1 -1
Evo 1.00 0.00 0.50 0.49 0.50 0.50 0.50 0.07 0.00 0.01 0.11 0.19 -1 0
Result 0 7.0 1000 0.42 0.15 0.18 0.16 0.16 0.18 0.16 -1 -1 -1 -1
Evo 1.03 0.00 1.00 0.55 0.50 0.50 0.50 0.16 0.01 0.10 0.06 0.30 105 0
Result 1 21.0 119 0.44 0.14 0.22 0.15 0.18 0.14 0.18 -1 -1 -1 -1
Evo 1.02 0.20 1.00 0.54 0.50 0.50 0.50 0.14 0.01 0.37 0.11 0.36 114 0
Result 1 20.0 123 0.46 0.10 0.19 0.20 0.12 0.19 0.19 -1 -1 -1 -1
Evo 1.01 0.50 1.00 0.53 0.50 0.50 0.50 0.11 0.01 0.05 0.14 0.40 154 1
Result 1 25.0 264 0.44 0.18 0.17 0.17 0.13 0.19 0.16 -1 -1 -1 -1
Evo 1.03 0.00 1.00 0.52 0.50 0.50 0.50 0.10 0.01 0.14 0.13 0.45 137 0
Result 1 29.0 251 0.48 0.22 0.19 0.17 0.12 0.14 0.16 -1 -1 -1 -1
Evo 1.00 0.00 0.50 0.49 0.50 0.50 0.50 0.07 0.00 0.01 0.06 0.14 -1 0
Result 0 6.0 1000 0.42 0.17 0.11 0.17 0.16 0.22 0.16 -1 -1 -1 -1
Evo 1.02 0.40 1.00 0.54 0.50 0.50 0.50 0.14 0.01 0.06 0.09 0.33 94 0
Result 1 19.0 124 0.27 0.21 0.19 0.17 0.07 0.18 0.18 -1 -1 -1 -1
Evo 1.00 0.50 1.00 0.51 0.50 0.50 0.50 0.07 0.00 0.01 0.21 0.45 631 0
Result 1 24.0 645 0.39 0.20 0.16 0.17 0.14 0.18 0.16 -1 -1 -1 -1
Evo 1.00 0.00 0.50 0.49 0.50 0.50 0.50 0.07 0.00 0.03 0.18 0.38 -1 0
Result 0 21.0 1000 0.43 0.17 0.17 0.17 0.18 0.16 0.16 -1 -1 -1 -1
Evo 1.01 0.00 0.50 0.49 0.50 0.50 0.50 0.07 0.00 0.01 0.09 0.20 -1 0
Result 0 8.0 1000 0.47 0.17 0.13 0.17 0.20 0.15 0.17 -1 -1 -1 -1
Evo 1.00 0.00 0.50 0.49 0.50 0.50 0.50 0.07 0.00 0.13 0.09 0.25 -1 0
Result 0 12.0 1000 0.45 0.19 0.15 0.15 0.19 0.17 0.15 -1 -1 -1 -1
Evo 1.00 0.00 0.50 0.49 0.50 0.50 0.50 0.07 0.00 0.10 0.06 0.14 -1 0
Result 0 6.0 1000 0.37 0.17 0.12 0.17 0.18 0.18 0.18 -1 -1 -1 -1
Evo 1.01 0.40 1.00 0.50 0.50 0.50 0.50 0.05 0.00 0.02 0.24 0.52 734 3
Result 1 28.0 742 0.42 0.15 0.18 0.17 0.15 0.17 0.16 -1 -1 -1 -1
Evo 1.02 0.50 1.00 0.54 0.50 0.50 0.50 0.13 0.01 0.04 0.12 0.39 165 0
Result 1 21.0 181 0.50 0.14 0.25 0.18 0.10 0.17 0.16 -1 -1 -1 -1
Evo 1.01 0.50 1.00 0.52 0.50 0.50 0.50 0.08 0.00 0.03 0.15 0.46 519 0
Result 1 24.0 548 0.41 0.18 0.17 0.17 0.15 0.17 0.15 -1 -1 -1 -1
Evo 1.00 0.00 0.50 0.49 0.50 0.50 0.50 0.07 0.00 0.06 0.06 0.10 -1 0
Result 0 6.0 1000 0.39 0.17 0.13 0.15 0.17 0.20 0.17 -1 -1 -1 -1
Evo 1.00 0.00 0.50 0.49 0.50 0.50 0.50 0.07 0.00 0.02 0.06 0.18 -1 0
Result 0 9.0 1000 0.45 0.18 0.14 0.18 0.19 0.16 0.15 -1 -1 -1 -1
Evo 1.04 0.00 1.00 0.55 0.50 0.50 0.50 0.18 0.02 0.10 0.08 0.34 91 0
Result 1 18.0 114 0.45 0.18 0.21 0.15 0.12 0.15 0.19 -1 -1 -1 -1
Evo 1.00 0.00 0.50 0.49 0.50 0.50 0.50 0.07 0.00 0.01 0.05 0.08 -1 0
Result 0 0.0 1000 0.44 0.15 0.17 0.15 0.20 0.15 0.17 -1 -1 -1 -1
Evo 1.00 0.00 0.50 0.49 0.50 0.50 0.50 0.07 0.00 0.11 0.07 0.12 -1 0
Result 0 0.0 1000 0.43 0.17 0.17 0.17 0.17 0.16 0.17 -1 -1 -1 -1
Evo 1.00 0.00 0.50 0.49 0.50 0.50 0.50 0.07 0.00 0.01 0.18 0.28 -1 9
Result 0 18.0 1000 0.43 0.16 0.17 0.17 0.18 0.15 0.17 -1 -1 -1 -1
Evo 1.00 0.00 0.50 0.49 0.50 0.50 0.50 0.07 0.00 0.01 0.22 0.28 -1 0
Result 0 18.0 1000 0.43 0.19 0.16 0.17 0.16 0.15 0.16 -1 -1 -1 -1
Evo 1.00 0.00 0.50 0.49 0.50 0.50 0.50 0.07 0.00 0.01 0.21 0.27 -1 0
Result 0 18.0 1000 0.43 0.16 0.16 0.18 0.16 0.16 0.17 -1 -1 -1 -1
Evo 1.00 0.00 0.50 0.49 0.50 0.50 0.50 0.07 0.00 0.01 0.07 0.12 -1 3
Result 0 0.0 1000 0.46 0.17 0.16 0.15 0.19 0.17 0.17 -1 -1 -1 -1
Evo 1.00 0.00 0.50 0.49 0.50 0.50 0.50 0.07 0.00 0.02 0.09 0.27 -1 3
Result 0 18.0 1000 0.43 0.17 0.16 0.17 0.16 0.17 0.17 -1 -1 -1 -1
Evo 1.00 0.00 0.50 0.49 0.50 0.50 0.50 0.07 0.00 0.52 0.25 0.38 -1 0
Result 0 31.0 1000 0.42 0.18 0.15 0.17 0.16 0.17 0.17 -1 -1 -1 -1
Evo 1.00 0.00 0.50 0.49 0.50 0.50 0.50 0.07 0.00 0.01 0.20 0.28 -1 0
Result 0 18.0 1000 0.45 0.16 0.16 0.17 0.19 0.16 0.16 -1 -1 -1 -1
Evo 1.00 0.00 0.50 0.49 0.50 0.50 0.50 0.07 0.00 0.04 0.18 0.27 -1 2
Result 0 18.0 1000 0.43 0.17 0.17 0.17 0.14 0.17 0.18 -1 -1 -1 -1
Evo 1.00 0.00 0.50 0.49 0.50 0.50 0.50 0.07 0.00 0.02 0.14 0.33 -1 1
Result 0 30.0 1000 0.42 0.16 0.14 0.17 0.18 0.16 0.18 -1 -1 -1 -1
Evo 1.00 0.00 0.50 0.49 0.50 0.50 0.50 0.07 0.00 0.25 0.20 0.35 -1 0
Result 0 30.0 1000 0.43 0.16 0.16 0.17 0.17 0.17 0.18 -1 -1 -1 -1
Evo 1.00 0.00 0.50 0.49 0.50 0.50 0.50 0.07 0.00 0.01 0.17 0.33 -1 0
Result 0 21.0 1000 0.44 0.20 0.15 0.15 0.18 0.17 0.16 -1 -1 -1 -1
Evo 1.00 0.00 0.50 0.49 0.50 0.50 0.50 0.07 0.00 0.01 0.16 0.27 -1 1
Result 0 18.0 1000 0.42 0.15 0.19 0.17 0.16 0.16 0.18 -1 -1 -1 -1
Evo 1.00 0.00 0.50 0.49 0.50 0.50 0.50 0.07 0.00 0.02 0.05 0.10 -1 6
Result 0 0.0 1000 0.44 0.17 0.17 0.17 0.16 0.14 0.18 -1 -1 -1 -1
Evo 1.00 0.00 0.50 0.49 0.50 0.50 0.50 0.07 0.00 0.03 0.14 0.27 -1 0
Result 0 18.0 1000 0.45 0.15 0.17 0.15 0.18 0.18 0.17 -1 -1 -1 -1
Evo 1.00 0.00 0.50 0.49 0.50 0.50 0.50 0.07 0.00 0.01 0.19 0.28 -1 0
Result 0 18.0 1000 0.43 0.18 0.15 0.16 0.17 0.16 0.18 -1 -1 -1 -1
Evo 1.00 0.00 0.50 0.49 0.50 0.50 0.50 0.07 0.00 0.01 0.05 0.19 -1 15
Result 0 18.0 1000 0.44 0.18 0.19 0.14 0.15 0.17 0.17 -1 -1 -1 -1
Evo 1.00 0.00 0.50 0.49 0.50 0.50 0.50 0.07 0.00 0.01 0.20 0.27 -1 0
Result 0 18.0 1000 0.42 0.17 0.16 0.18 0.15 0.16 0.18 -1 -1 -1 -1
Evo 1.00 0.00 0.50 0.49 0.50 0.50 0.50 0.07 0.00 0.01 0.08 0.21 -1 2
Result 0 9.0 1000 0.42 0.16 0.17 0.16 0.17 0.17 0.16 -1 -1 -1 -1
Evo 1.00 0.00 0.50 0.49 0.50 0.50 0.50 0.07 0.00 0.02 0.20 0.38 -1 0
Result 0 30.0 1000 0.43 0.15 0.16 0.20 0.17 0.16 0.16 -1 -1 -1 -1
Evo 1.00 0.00 0.50 0.49 0.50 0.50 0.50 0.07 0.00 0.11 0.05 0.05 -1 982
Result 0 0.0 1000 0.43 0.16 0.16 0.18 0.17 0.16 0.16 -1 -1 -1 -1
Evo 1.00 0.00 0.50 0.49 0.50 0.50 0.50 0.07 0.00 0.11 0.02 0.05 -1 982
Result 0 0.0 1000 0.43 0.18 0.16 0.18 0.18 0.14 0.15 -1 -1 -1 -1
Evo 1.00 0.00 0.50 0.49 0.50 0.50 0.50 0.07 0.00 0.11 0.05 0.05 -1 982
Result 0 0.0 1000 0.44 0.17 0.18 0.16 0.17 0.15 0.16 -1 -1 -1 -1
Evo 1.00 0.00 0.50 0.49 0.50 0.50 0.50 0.07 0.00 0.02 0.02 0.05 -1 982
Result 0 0.0 1000 0.42 0.17 0.20 0.17 0.15 0.14 0.16 -1 -1 -1 -1
Evo 1.00 0.00 0.50 0.49 0.50 0.50 0.50 0.07 0.00 0.11 0.03 0.05 -1 982
Result 0 0.0 1000 0.43 0.16 0.18 0.17 0.17 0.15 0.16 -1 -1 -1 -1
Evo 1.00 0.00 0.50 0.49 0.50 0.50 0.50 0.07 0.00 0.11 0.03 0.05 -1 982
Result 0 0.0 1000 0.41 0.17 0.15 0.18 0.15 0.16 0.18 -1 -1 -1 -1
Evo 1.00 0.00 0.50 0.49 0.50 0.50 0.50 0.07 0.00 0.11 0.03 0.05 -1 982
Result 0 0.0 1000 0.45 0.17 0.15 0.16 0.18 0.16 0.17 -1 -1 -1 -1
Evo 1.00 0.00 0.50 0.49 0.50 0.50 0.50 0.07 0.00 0.02 0.04 0.05 -1 982
Result 0 0.0 1000 0.44 0.18 0.18 0.17 0.15 0.16 0.16 -1 -1 -1 -1
Evo 1.00 0.00 0.50 0.49 0.50 0.50 0.50 0.07 0.00 0.11 0.04 0.05 -1 982
Result 0 0.0 1000 0.44 0.17 0.16 0.19 0.16 0.15 0.17 -1 -1 -1 -1
Evo 1.00 0.00 0.50 0.49 0.50 0.50 0.50 0.07 0.00 0.11 0.05 0.05 -1 982
Result 0 0.0 1000 0.46 0.16 0.19 0.16 0.15 0.16 0.17 -1 -1 -1 -1
Evo 1.00 0.00 0.50 0.49 0.50 0.50 0.50 0.07 0.00 0.02 0.05 0.05 -1 982
Result 0 0.0 1000 0.42 0.16 0.16 0.18 0.16 0.17 0.17 -1 -1 -1 -1
Evo 1.00 0.00 0.50 0.49 0.50 0.50 0.50 0.07 0.00 0.11 0.05 0.05 -1 982
Result 0 0.0 1000 0.45 0.19 0.17 0.16 0.17 0.17 0.14 -1 -1 -1 -1
Evo 1.00 0.00 0.50 0.49 0.50 0.50 0.50 0.07 0.00 0.02 0.05 0.08 -1 982
Result 0 7.0 1000 0.43 0.16 0.17 0.17 0.16 0.18 0.17 -1 -1 -1 -1
Evo 1.00 0.00 0.50 0.49 0.50 0.50 0.50 0.07 0.00 0.02 0.03 0.06 -1 982
Result 0 7.0 1000 0.45 0.17 0.18 0.16 0.18 0.14 0.16 -1 -1 -1 -1
Evo 1.00 0.00 0.50 0.49 0.50 0.50 0.50 0.07 0.00 0.11 0.05 0.05 -1 982
Result 0 0.0 1000 0.43 0.17 0.16 0.16 0.15 0.19 0.17 -1 -1 -1 -1
Evo 1.00 0.00 0.50 0.49 0.50 0.50 0.50 0.07 0.00 0.11 0.05 0.05 -1 982
Result 0 0.0 1000 0.43 0.16 0.17 0.17 0.18 0.17 0.15 -1 -1 -1 -1
Evo 1.00 0.00 0.50 0.49 0.50 0.50 0.50 0.07 0.00 0.11 0.05 0.05 -1 982
Result 0 0.0 1000 0.43 0.17 0.16 0.17 0.16 0.16 0.18 -1 -1 -1 -1
Evo 1.00 0.00 0.50 0.49 0.50 0.50 0.50 0.07 0.00 0.11 0.05 0.05 -1 982
Result 0 0.0 1000 0.43 0.17 0.16 0.16 0.17 0.18 0.17 -1 -1 -1 -1
Evo 1.00 0.00 0.50 0.49 0.50 0.50 0.50 0.07 0.00 0.11 0.05 0.05 -1 982
Result 0 0.0 1000 0.42 0.16 0.17 0.15 0.18 0.16 0.18 -1 -1 -1 -1
Evo 1.00 0.00 0.50 0.49 0.50 0.50 0.50 0.07 0.00 0.11 0.05 0.05 -1 982
Result 0 0.0 1000 0.43 0.16 0.16 0.18 0.17 0.17 0.16 -1 -1 -1 -1
