Evo 1.01 0.00 1.00 0.45 0.00 0.50 0.83 0.44 0.03 0.16 0.06 0.40 119 92
Result 1 2.0 182 0.45 0.14 0.13 0.16 0.18 0.19 0.21 -1 -1 -1 -1
Evo 1.01 0.00 0.50 0.41 0.50 0.50 0.50 0.19 0.02 0.06 0.06 0.42 -1 92
Result 0 -3.0 110 0.36 0.18 0.21 0.18 0.16 0.12 0.15 -1 -1 -1 -1
Evo 1.00 0.00 0.50 0.45 0.50 0.50 0.50 0.14 0.01 0.04 0.09 0.54 186 191
Result 0 -1.0 209 0.47 0.18 0.18 0.15 0.13 0.21 0.15 -1 -1 -1 -1
Evo 1.01 0.00 0.50 0.41 0.50 0.50 0.50 0.19 0.02 0.40 0.05 0.33 -1 92
Result 0 -3.0 110 0.47 0.12 0.24 0.10 0.22 0.21 0.12 -1 -1 -1 -1
Evo 1.01 0.50 1.00 0.57 0.50 0.50 0.50 0.17 0.01 0.53 0.07 0.42 99 -1
Result 1 2.0 137 0.43 0.12 0.18 0.12 0.23 0.17 0.18 -1 -1 -1 -1
Evo 1.01 0.00 0.50 0.41 0.50 0.50 0.50 0.19 0.02 0.25 0.05 0.45 -1 92
Result 0 -3.0 110 0.45 0.13 0.17 0.26 0.12 0.19 0.14 -1 -1 -1 -1
Evo 1.01 0.50 1.00 0.55 0.50 0.50 0.50 0.15 0.01 0.53 0.08 0.39 100 -1
Result 1 2.0 150 0.47 0.15 0.17 0.19 0.15 0.21 0.15 -1 -1 -1 -1
Evo 1.02 0.50 1.00 0.54 0.50 0.50 0.50 0.13 0.01 0.44 0.04 0.38 97 -1
Result 1 2.0 129 0.46 0.16 0.12 0.18 0.15 0.19 0.20 -1 -1 -1 -1
Evo 1.01 0.00 0.50 0.42 0.50 0.50 0.50 0.18 0.02 0.36 0.04 0.41 -1 92
Result 0 -3.0 110 0.50 0.13 0.16 0.15 0.16 0.24 0.15 -1 -1 -1 -1
Evo 1.01 0.00 0.50 0.41 0.50 0.50 0.50 0.19 0.02 0.10 0.06 0.41 -1 92
Result 0 -3.0 110 0.45 0.14 0.16 0.20 0.16 0.18 0.15 -1 -1 -1 -1
Evo 1.01 0.00 0.50 0.41 0.50 0.50 0.50 0.19 0.02 0.10 0.06 0.32 -1 92
Result 0 -3.0 110 0.45 0.18 0.12 0.15 0.20 0.18 0.17 -1 -1 -1 -1
Evo 1.01 0.50 1.00 0.59 0.50 0.50 0.50 0.19 0.02 0.50 0.07 0.49 92 -1
Result 1 2.0 110 0.49 0.14 0.14 0.16 0.09 0.23 0.23 -1 -1 -1 -1
Evo 1.00 0.00 1.00 0.53 0.50 0.50 0.50 0.14 0.01 0.47 0.06 0.40 182 191
Result 1 2.0 207 0.46 0.14 0.12 0.17 0.18 0.19 0.20 -1 -1 -1 -1
Evo 1.01 0.00 0.50 0.41 0.50 0.50 0.50 0.19 0.02 0.17 0.04 0.39 -1 92
Result 0 -3.0 110 0.39 0.18 0.23 0.19 0.21 0.14 0.06 -1 -1 -1 -1
Evo 1.01 0.00 0.50 0.41 0.50 0.50 0.50 0.19 0.02 0.06 0.05 0.37 -1 92
Result 0 -1.0 110 0.45 0.20 0.20 0.14 0.17 0.19 0.10 -1 -1 -1 -1
Evo 1.01 0.00 0.60 0.43 0.50 0.50 0.50 0.18 0.02 0.20 0.07 0.45 94 114
Result 0 -1.0 132 0.49 0.19 0.09 0.17 0.14 0.24 0.17 -1 -1 -1 -1
Evo 1.00 0.00 1.00 0.52 0.50 0.50 0.50 0.15 0.01 0.03 0.09 0.43 240 92
Result 1 2.0 264 0.45 0.16 0.13 0.20 0.18 0.18 0.15 -1 -1 -1 -1
Evo 1.02 0.00 1.00 0.53 0.50 0.50 0.50 0.15 0.01 0.06 0.09 0.38 116 114
Result 1 2.0 124 0.49 0.12 0.18 0.19 0.18 0.24 0.09 -1 -1 -1 -1
Evo 1.00 0.00 0.50 0.45 0.50 0.50 0.50 0.14 0.01 0.48 0.08 0.51 -1 191
Result 0 -1.0 209 0.45 0.17 0.18 0.14 0.18 0.19 0.15 -1 -1 -1 -1
Evo 1.01 0.00 0.50 0.41 0.50 0.50 0.50 0.19 0.02 0.36 0.04 0.39 -1 92
Result 0 -3.0 110 0.38 0.15 0.26 0.16 0.11 0.13 0.19 -1 -1 -1 -1
Evo 1.01 0.00 1.00 0.56 0.50 0.50 0.50 0.18 0.02 0.05 0.05 0.45 108 81
Result 1 16.0 140 0.37 0.23 0.17 0.16 0.16 0.12 0.16 -1 -1 -1 -1
Evo 1.01 0.00 1.00 0.56 0.50 0.50 0.50 0.21 0.02 0.26 0.06 0.39 120 103
Result 1 16.0 154 0.40 0.17 0.16 0.14 0.21 0.14 0.17 -1 -1 -1 -1
Evo 1.01 0.00 0.50 0.42 0.50 0.50 0.50 0.18 0.02 0.07 0.04 0.27 -1 81
Result 0 -1.0 99 0.40 0.26 0.10 0.15 0.17 0.14 0.18 -1 -1 -1 -1
Evo 1.01 0.00 1.00 0.53 0.50 0.50 0.50 0.19 0.02 0.08 0.06 0.41 129 103
Result 1 16.0 149 0.41 0.19 0.15 0.15 0.16 0.15 0.19 -1 -1 -1 -1
Evo 1.01 0.00 1.00 0.53 0.50 0.50 0.50 0.19 0.02 0.05 0.03 0.33 123 81
Result 1 16.0 143 0.45 0.11 0.16 0.18 0.15 0.18 0.22 -1 -1 -1 -1
Evo 1.01 0.00 0.50 0.41 0.50 0.50 0.50 0.20 0.02 0.11 0.05 0.37 -1 81
Result 0 3.0 99 0.42 0.17 0.19 0.17 0.15 0.16 0.16 -1 -1 -1 -1
Evo 1.01 0.00 1.00 0.55 0.50 0.50 0.50 0.17 0.01 0.14 0.03 0.35 115 81
Result 1 16.0 149 0.42 0.15 0.20 0.15 0.17 0.16 0.17 -1 -1 -1 -1
Evo 1.01 0.00 1.00 0.56 0.50 0.50 0.50 0.20 0.02 0.05 0.05 0.28 111 81
Result 1 16.0 140 0.37 0.21 0.13 0.15 0.19 0.12 0.20 -1 -1 -1 -1
Evo 1.01 0.00 1.00 0.49 0.50 0.50 0.50 0.16 0.01 0.08 0.07 0.39 131 81
Result 1 16.0 148 0.45 0.13 0.15 0.20 0.17 0.19 0.16 -1 -1 -1 -1
Evo 1.01 0.00 0.50 0.41 0.50 0.50 0.50 0.20 0.02 0.11 0.04 0.36 -1 81
Result 0 -1.0 99 0.37 0.21 0.18 0.20 0.22 0.12 0.07 -1 -1 -1 -1
Evo 1.01 0.00 0.50 0.41 0.50 0.50 0.50 0.19 0.02 0.07 0.03 0.30 -1 81
Result 0 3.0 99 0.45 0.22 0.19 0.17 0.10 0.18 0.14 -1 -1 -1 -1
Evo 1.01 0.00 0.50 0.41 0.50 0.50 0.50 0.20 0.02 0.07 0.04 0.30 -1 81
Result 0 -1.0 99 0.42 0.15 0.15 0.23 0.16 0.16 0.15 -1 -1 -1 -1
Evo 1.01 0.00 0.50 0.41 0.50 0.50 0.50 0.20 0.02 0.19 0.04 0.27 -1 81
Result 0 7.0 99 0.41 0.24 0.20 0.16 0.14 0.15 0.11 -1 -1 -1 -1
Evo 1.01 0.00 0.50 0.42 0.50 0.50 0.50 0.18 0.02 0.16 0.05 0.35 -1 103
Result 0 7.0 121 0.43 0.16 0.18 0.19 0.11 0.16 0.20 -1 -1 -1 -1
Evo 1.01 0.00 1.00 0.57 0.50 0.50 0.50 0.21 0.02 0.18 0.06 0.41 121 81
Result 1 16.0 150 0.43 0.12 0.17 0.18 0.19 0.17 0.19 -1 -1 -1 -1
Evo 1.01 0.00 0.50 0.43 0.50 0.50 0.50 0.17 0.01 0.05 0.06 0.49 -1 125
Result 0 9.0 143 0.47 0.14 0.17 0.18 0.15 0.20 0.16 -1 -1 -1 -1
Evo 1.01 0.00 0.50 0.42 0.50 0.50 0.50 0.18 0.02 0.06 0.04 0.39 -1 103
Result 0 1.0 121 0.47 0.18 0.13 0.12 0.18 0.20 0.18 -1 -1 -1 -1
Evo 1.03 0.00 1.00 0.54 0.50 0.50 0.50 0.16 0.01 0.09 0.03 0.43 112 81
Result 1 16.0 130 0.41 0.15 0.16 0.19 0.13 0.15 0.21 -1 -1 -1 -1
Evo 1.01 0.00 0.50 0.41 0.50 0.50 0.50 0.20 0.02 0.07 0.07 0.41 -1 81
Result 0 -1.0 99 0.31 0.15 0.15 0.19 0.24 0.09 0.18 -1 -1 -1 -1
Evo 1.01 0.00 1.00 0.53 0.50 0.50 0.50 0.19 0.02 0.05 0.04 0.32 118 81
Result 1 16.0 145 0.36 0.20 0.16 0.20 0.18 0.12 0.15 -1 -1 -1 -1
Evo 1.01 0.00 0.50 0.41 0.50 0.50 0.50 0.19 0.02 0.10 0.06 0.26 -1 92
Result 0 -3.0 110 0.48 0.19 0.14 0.12 0.17 0.22 0.17 -1 -1 -1 -1
Evo 1.01 0.00 0.50 0.42 0.50 0.50 0.50 0.19 0.02 0.06 0.06 0.32 -1 92
Result 0 -3.0 110 0.35 0.18 0.16 0.23 0.17 0.11 0.15 -1 -1 -1 -1
Evo 1.02 0.00 1.00 0.54 0.50 0.50 0.50 0.20 0.02 0.32 0.06 0.34 103 92
Result 1 2.0 124 0.44 0.15 0.16 0.14 0.16 0.18 0.22 -1 -1 -1 -1
Evo 1.01 0.00 0.50 0.41 0.50 0.50 0.50 0.19 0.02 0.10 0.06 0.37 -1 92
Result 0 -3.0 110 0.48 0.16 0.20 0.20 0.12 0.23 0.10 -1 -1 -1 -1
Evo 1.02 0.00 1.00 0.50 0.50 0.50 0.50 0.16 0.01 0.05 0.04 0.19 111 92
Result 1 2.0 128 0.42 0.24 0.17 0.10 0.17 0.16 0.16 -1 -1 -1 -1
Evo 1.01 0.00 1.00 0.53 0.50 0.50 0.50 0.15 0.01 0.12 0.07 0.37 146 92
Result 1 2.0 194 0.39 0.22 0.15 0.12 0.18 0.13 0.20 -1 -1 -1 -1
Evo 1.01 0.00 0.50 0.41 0.50 0.50 0.50 0.19 0.02 0.06 0.05 0.28 -1 92
Result 0 -3.0 110 0.41 0.14 0.12 0.21 0.18 0.15 0.20 -1 -1 -1 -1
Evo 1.01 0.00 0.50 0.41 0.50 0.50 0.50 0.19 0.02 0.06 0.05 0.18 -1 92
Result 0 -3.0 110 0.45 0.19 0.18 0.14 0.17 0.18 0.14 -1 -1 -1 -1
Evo 1.01 0.50 1.00 0.56 0.50 0.50 0.50 0.16 0.01 0.06 0.08 0.52 91 -1
Result 1 2.0 118 0.40 0.16 0.23 0.13 0.21 0.14 0.13 -1 -1 -1 -1
Evo 1.02 0.50 1.00 0.61 0.50 0.50 0.50 0.21 0.02 0.06 0.04 0.38 70 -1
Result 1 2.0 110 0.44 0.12 0.17 0.18 0.18 0.17 0.18 -1 -1 -1 -1
Evo 1.01 0.00 1.00 0.49 0.50 0.50 0.50 0.14 0.01 0.08 0.06 0.22 130 92
Result 1 2.0 148 0.45 0.18 0.13 0.12 0.17 0.19 0.21 -1 -1 -1 -1
Evo 1.01 0.00 0.50 0.42 0.50 0.50 0.50 0.19 0.02 0.10 0.03 0.32 -1 92
Result 0 -3.0 110 0.45 0.11 0.16 0.20 0.12 0.19 0.23 -1 -1 -1 -1
Evo 1.01 0.00 0.50 0.41 0.50 0.50 0.50 0.19 0.02 0.17 0.05 0.35 -1 92
Result 0 -3.0 110 0.49 0.23 0.14 0.17 0.14 0.23 0.09 -1 -1 -1 -1
Evo 1.01 0.00 0.50 0.41 0.50 0.50 0.50 0.19 0.02 0.06 0.05 0.33 -1 92
Result 0 -3.0 110 0.48 0.10 0.20 0.14 0.19 0.22 0.16 -1 -1 -1 -1
Evo 1.01 0.00 1.00 0.51 0.50 0.50 0.50 0.16 0.01 0.14 0.06 0.38 131 92
Result 1 2.0 142 0.42 0.17 0.13 0.16 0.16 0.15 0.23 -1 -1 -1 -1
Evo 1.01 0.50 1.00 0.55 0.50 0.50 0.50 0.14 0.01 0.12 0.04 0.41 72 -1
Result 1 2.0 95 0.44 0.15 0.15 0.17 0.16 0.18 0.21 -1 -1 -1 -1
Evo 1.01 0.00 0.50 0.41 0.50 0.50 0.50 0.19 0.02 0.06 0.05 0.32 -1 92
Result 0 -3.0 110 0.39 0.12 0.17 0.17 0.17 0.14 0.23 -1 -1 -1 -1
Evo 1.01 0.50 1.00 0.52 0.50 0.50 0.50 0.09 0.01 0.08 0.07 0.45 64 -1
Result 1 2.0 146 0.42 0.16 0.20 0.13 0.18 0.16 0.18 -1 -1 -1 -1
Evo 1.01 0.50 1.00 0.54 0.50 0.50 0.50 0.13 0.01 0.05 0.07 0.47 94 -1
Result 1 5.0 145 0.46 0.16 0.14 0.23 0.12 0.20 0.14 -1 -1 -1 -1
Evo 1.01 0.00 0.50 0.41 0.50 0.50 0.50 0.19 0.02 0.06 0.08 0.49 -1 92
Result 0 -3.0 110 0.48 0.14 0.21 0.16 0.05 0.23 0.21 -1 -1 -1 -1
Evo 1.04 0.00 0.50 0.44 0.50 0.50 0.50 0.15 0.02 0.08 0.02 0.28 -1 52
Result 0 -2.0 77 0.43 0.13 0.14 0.21 0.19 0.17 0.17 -1 -1 -1 -1
Evo 1.04 0.00 0.50 0.40 0.40 0.50 0.50 0.19 0.02 0.18 0.04 0.36 -1 50
Result 0 -2.0 77 0.42 0.19 0.15 0.13 0.15 0.15 0.22 -1 -1 -1 -1
Evo 1.04 0.00 0.50 0.42 0.50 0.50 0.50 0.16 0.02 0.14 0.04 0.31 -1 52
Result 0 -2.0 77 0.36 0.15 0.22 0.13 0.18 0.12 0.21 -1 -1 -1 -1
Evo 1.05 0.00 0.50 0.42 0.50 0.50 0.50 0.17 0.02 0.14 0.03 0.25 -1 48
Result 0 -2.0 77 0.38 0.22 0.15 0.15 0.12 0.13 0.23 -1 -1 -1 -1
Evo 1.05 0.00 0.50 0.42 0.50 0.50 0.50 0.17 0.02 0.14 0.05 0.34 -1 50
Result 0 -2.0 77 0.48 0.17 0.24 0.10 0.13 0.22 0.14 -1 -1 -1 -1
Evo 1.04 0.00 0.50 0.41 0.50 0.50 0.50 0.18 0.02 0.14 0.03 0.31 -1 52
Result 0 -2.0 77 0.42 0.17 0.18 0.10 0.17 0.15 0.23 -1 -1 -1 -1
Evo 1.08 0.00 0.50 0.42 0.50 0.50 0.50 0.17 0.02 0.14 0.03 0.34 -1 51
Result 0 -2.0 77 0.50 0.18 0.18 0.18 0.15 0.24 0.06 -1 -1 -1 -1
Evo 1.03 0.00 0.50 0.43 0.50 0.50 0.50 0.16 0.02 0.08 0.05 0.34 -1 51
Result 0 -2.0 77 0.38 0.21 0.10 0.24 0.18 0.13 0.14 -1 -1 -1 -1
Evo 1.04 0.00 0.50 0.42 0.50 0.50 0.50 0.16 0.02 0.14 0.03 0.22 -1 51
Result 0 -2.0 77 0.40 0.17 0.15 0.15 0.22 0.14 0.17 -1 -1 -1 -1
Evo 1.05 0.00 0.50 0.42 0.50 0.50 0.50 0.17 0.02 0.22 0.03 0.27 -1 52
Result 0 -2.0 77 0.38 0.18 0.15 0.05 0.22 0.13 0.27 -1 -1 -1 -1
Evo 1.04 0.00 0.50 0.43 0.50 0.50 0.50 0.15 0.02 0.08 0.04 0.44 -1 50
Result 0 -2.0 77 0.43 0.14 0.19 0.12 0.15 0.17 0.23 -1 -1 -1 -1
Evo 1.04 0.00 0.50 0.44 0.50 0.50 0.50 0.15 0.02 0.18 0.03 0.26 -1 53
Result 0 -2.0 77 0.43 0.19 0.12 0.18 0.18 0.17 0.17 -1 -1 -1 -1
Evo 1.03 0.00 0.50 0.42 0.50 0.50 0.50 0.17 0.02 0.47 0.03 0.29 -1 52
Result 0 -2.0 77 0.46 0.15 0.15 0.14 0.17 0.19 0.19 -1 -1 -1 -1
Evo 1.04 0.00 0.50 0.42 0.50 0.50 0.50 0.17 0.02 0.18 0.05 0.35 -1 52
Result 0 -2.0 77 0.47 0.12 0.10 0.19 0.19 0.21 0.19 -1 -1 -1 -1
Evo 1.04 0.00 0.50 0.43 0.50 0.50 0.50 0.16 0.02 0.14 0.03 0.29 -1 51
Result 0 -2.0 77 0.42 0.19 0.15 0.18 0.14 0.15 0.18 -1 -1 -1 -1
Evo 1.05 0.00 0.50 0.39 0.40 0.50 0.50 0.19 0.02 0.08 0.05 0.30 -1 51
Result 0 -2.0 77 0.42 0.13 0.15 0.18 0.22 0.15 0.17 -1 -1 -1 -1
Evo 1.05 0.00 0.50 0.44 0.50 0.50 0.50 0.15 0.02 0.08 0.04 0.35 -1 52
Result 0 -2.0 77 0.44 0.15 0.21 0.10 0.22 0.18 0.14 -1 -1 -1 -1
Evo 1.00 0.00 0.50 0.46 0.50 0.50 0.50 0.13 0.01 0.44 0.13 0.63 -1 51
Result 0 2.0 275 0.41 0.18 0.18 0.14 0.16 0.15 0.18 -1 -1 -1 -1
Evo 1.05 0.00 0.50 0.43 0.50 0.50 0.50 0.16 0.02 0.18 0.03 0.28 -1 51
Result 0 -2.0 77 0.49 0.13 0.14 0.19 0.09 0.23 0.22 -1 -1 -1 -1
Evo 1.05 0.00 0.50 0.43 0.50 0.50 0.50 0.17 0.02 0.08 0.03 0.27 -1 51
Result 0 -2.0 77 0.38 0.15 0.17 0.23 0.18 0.13 0.14 -1 -1 -1 -1
Evo 1.01 0.50 1.00 0.54 0.50 0.50 0.50 0.14 0.01 0.05 0.07 0.40 92 -1
Result 1 2.0 143 0.49 0.17 0.15 0.15 0.15 0.23 0.15 -1 -1 -1 -1
Evo 1.01 0.50 1.00 0.52 0.50 0.50 0.50 0.09 0.01 0.05 0.05 0.36 125 -1
Result 1 1.0 147 0.38 0.21 0.16 0.16 0.16 0.13 0.18 -1 -1 -1 -1
Evo 1.00 0.50 1.00 0.54 0.50 0.50 0.50 0.14 0.01 0.20 0.09 0.51 141 -1
Result 1 1.0 231 0.45 0.16 0.16 0.14 0.15 0.19 0.21 -1 -1 -1 -1
Evo 1.01 0.50 1.00 0.57 0.50 0.50 0.50 0.17 0.01 0.04 0.03 0.32 121 -1
Result 1 1.0 164 0.40 0.18 0.16 0.13 0.21 0.15 0.18 -1 -1 -1 -1
Evo 1.01 0.50 1.00 0.56 0.50 0.50 0.50 0.16 0.01 0.10 0.07 0.48 92 -1
Result 1 1.0 165 0.43 0.19 0.18 0.16 0.14 0.17 0.16 -1 -1 -1 -1
Evo 1.01 0.50 1.00 0.55 0.50 0.50 0.50 0.14 0.01 0.18 0.04 0.33 99 -1
Result 1 1.0 153 0.43 0.09 0.18 0.11 0.23 0.16 0.23 -1 -1 -1 -1
Evo 1.00 0.50 1.00 0.55 0.50 0.50 0.50 0.15 0.01 0.03 0.11 0.51 108 -1
Result 1 1.0 231 0.48 0.16 0.19 0.16 0.15 0.22 0.13 -1 -1 -1 -1
Evo 1.01 0.50 1.00 0.55 0.50 0.50 0.50 0.15 0.01 0.10 0.07 0.45 164 -1
Result 1 1.0 187 0.43 0.12 0.18 0.20 0.18 0.16 0.16 -1 -1 -1 -1
Evo 1.02 0.50 1.00 0.54 0.50 0.50 0.50 0.14 0.01 0.06 0.05 0.35 96 -1
Result 1 1.0 115 0.43 0.15 0.16 0.14 0.21 0.16 0.18 -1 -1 -1 -1
Evo 1.00 0.50 1.00 0.54 0.50 0.50 0.50 0.14 0.01 0.03 0.10 0.67 213 -1
Result 1 1.0 231 0.38 0.13 0.19 0.20 0.16 0.13 0.19 -1 -1 -1 -1
Evo 1.00 0.50 1.00 0.54 0.50 0.50 0.50 0.14 0.01 0.03 0.08 0.53 213 -1
Result 1 1.0 231 0.44 0.16 0.18 0.16 0.16 0.17 0.17 -1 -1 -1 -1
Evo 1.01 0.50 1.00 0.55 0.50 0.50 0.50 0.15 0.01 0.23 0.06 0.43 125 -1
Result 1 2.0 141 0.42 0.14 0.17 0.14 0.17 0.15 0.23 -1 -1 -1 -1
Evo 1.01 0.50 1.00 0.52 0.50 0.50 0.50 0.08 0.01 0.16 0.07 0.44 131 -1
Result 1 1.0 188 0.39 0.20 0.15 0.13 0.17 0.13 0.21 -1 -1 -1 -1
Evo 1.00 0.50 1.00 0.54 0.50 0.50 0.50 0.14 0.01 0.03 0.09 0.40 211 -1
Result 1 1.0 231 0.43 0.20 0.15 0.17 0.16 0.16 0.16 -1 -1 -1 -1
Evo 1.00 0.50 1.00 0.54 0.50 0.50 0.50 0.14 0.01 0.03 0.12 0.40 117 -1
Result 1 1.0 231 0.43 0.15 0.15 0.18 0.21 0.17 0.15 -1 -1 -1 -1
Evo 1.00 0.50 1.00 0.54 0.50 0.50 0.50 0.14 0.01 0.03 0.09 0.54 213 -1
Result 1 1.0 231 0.38 0.19 0.16 0.19 0.18 0.13 0.16 -1 -1 -1 -1
Evo 1.00 0.50 1.00 0.54 0.50 0.50 0.50 0.14 0.01 0.18 0.10 0.56 151 -1
Result 1 1.0 231 0.36 0.18 0.18 0.16 0.16 0.12 0.20 -1 -1 -1 -1
Evo 1.01 0.50 1.00 0.53 0.50 0.50 0.50 0.12 0.01 0.07 0.07 0.42 125 -1
Result 1 1.0 187 0.44 0.20 0.16 0.15 0.16 0.18 0.15 -1 -1 -1 -1
Evo 1.01 0.50 1.00 0.55 0.50 0.50 0.50 0.15 0.01 0.08 0.05 0.36 103 -1
Result 1 5.0 148 0.38 0.16 0.15 0.16 0.21 0.13 0.19 -1 -1 -1 -1
Evo 1.01 0.50 1.00 0.59 0.50 0.50 0.50 0.19 0.02 0.05 0.05 0.34 93 -1
Result 1 2.0 127 0.44 0.21 0.16 0.09 0.16 0.17 0.20 -1 -1 -1 -1
