Evo 1.01 0.00 1.00 0.77 0.50 1.00 1.00 0.34 0.02 0.02 0.06 0.25 352 90
Result 1 45.0 418 0.41 0.15 0.15 0.21 0.16 0.18 0.15 -1 -1 -1 -1
Evo 1.00 0.10 1.00 0.51 0.50 0.50 0.50 0.09 0.00 0.05 0.06 0.18 607 95
Result 1 56.0 625 0.43 0.15 0.19 0.17 0.18 0.15 0.16 -1 -1 -1 -1
Evo 1.02 0.50 1.00 0.51 0.50 0.50 0.50 0.07 0.00 0.37 0.06 0.23 379 99
Result 1 45.0 395 0.44 0.18 0.14 0.19 0.16 0.15 0.18 -1 -1 -1 -1
Evo 1.01 0.50 1.00 0.52 0.50 0.50 0.50 0.09 0.00 0.02 0.05 0.20 419 99
Result 1 78.0 439 0.44 0.17 0.15 0.18 0.17 0.16 0.17 -1 -1 -1 -1
Evo 1.00 0.40 1.00 0.51 0.50 0.50 0.50 0.08 0.00 0.01 0.08 0.23 951 79
Result 1 23.0 978 0.42 0.16 0.18 0.18 0.15 0.18 0.16 -1 -1 -1 -1
Evo 1.00 0.50 1.00 0.52 0.50 0.50 0.50 0.10 0.00 0.04 0.04 0.20 555 97
Result 1 77.0 577 0.46 0.19 0.16 0.15 0.15 0.15 0.20 -1 -1 -1 -1
Evo 1.01 0.30 1.00 0.52 0.50 0.50 0.50 0.11 0.01 0.09 0.07 0.23 265 102
Result 1 78.0 282 0.44 0.15 0.14 0.22 0.13 0.18 0.17 -1 -1 -1 -1
Evo 1.01 0.00 0.50 0.48 0.50 0.50 0.50 0.10 0.01 0.23 0.03 0.12 -1 85
Result 0 -78.0 376 0.44 0.15 0.17 0.15 0.19 0.16 0.17 -1 -1 -1 -1
Evo 1.01 0.40 1.00 0.52 0.50 0.50 0.50 0.10 0.01 0.08 0.04 0.12 390 77
Result 1 56.0 418 0.46 0.17 0.17 0.21 0.12 0.14 0.19 -1 -1 -1 -1
Evo 1.00 0.40 1.00 0.51 0.50 0.50 0.50 0.08 0.00 0.01 0.07 0.16 666 68
Result 1 45.0 690 0.45 0.15 0.16 0.16 0.18 0.16 0.18 -1 -1 -1 -1
Evo 1.01 0.40 1.00 0.51 0.50 0.50 0.50 0.08 0.00 0.03 0.04 0.21 480 81
Result 1 45.0 500 0.43 0.18 0.18 0.16 0.17 0.13 0.17 -1 -1 -1 -1
Evo 1.01 0.20 1.00 0.52 0.50 0.50 0.50 0.09 0.00 0.02 0.03 0.14 511 79
Result 1 77.0 561 0.44 0.15 0.19 0.15 0.19 0.15 0.18 -1 -1 -1 -1
Evo 1.03 0.50 1.00 0.53 0.50 0.50 0.50 0.11 0.01 0.11 0.04 0.22 225 72
Result 1 78.0 266 0.43 0.19 0.13 0.21 0.16 0.14 0.17 -1 -1 -1 -1
Evo 1.00 0.50 1.00 0.51 0.50 0.50 0.50 0.08 0.00 0.01 0.06 0.16 699 95
Result 1 23.0 718 0.45 0.15 0.13 0.16 0.18 0.19 0.19 -1 -1 -1 -1
Evo 1.02 0.40 1.00 0.54 0.50 0.50 0.50 0.13 0.01 0.05 0.03 0.11 271 29
Result 1 89.0 301 0.47 0.15 0.17 0.17 0.16 0.14 0.21 -1 -1 -1 -1
Evo 1.01 0.00 0.50 0.48 0.50 0.50 0.50 0.09 0.00 0.37 0.04 0.12 -1 133
Result 0 -78.0 375 0.41 0.17 0.19 0.16 0.16 0.17 0.15 -1 -1 -1 -1
Evo 1.00 0.40 1.00 0.52 0.50 0.50 0.50 0.09 0.00 0.02 0.04 0.17 439 84
Result 1 78.0 464 0.45 0.20 0.13 0.18 0.15 0.15 0.18 -1 -1 -1 -1
Evo 1.01 0.50 1.00 0.52 0.50 0.50 0.50 0.10 0.00 0.02 0.05 0.19 366 79
Result 1 89.0 397 0.42 0.13 0.19 0.18 0.20 0.14 0.16 -1 -1 -1 -1
Evo 1.00 0.00 0.50 0.48 0.50 0.50 0.50 0.10 0.00 0.20 0.06 0.20 -1 322
Result 0 -78.0 453 0.39 0.18 0.16 0.18 0.17 0.18 0.14 -1 -1 -1 -1
Evo 1.01 0.30 1.00 0.51 0.50 0.50 0.50 0.08 0.00 0.02 0.04 0.15 471 27
Result 1 78.0 489 0.44 0.20 0.17 0.15 0.19 0.12 0.17 -1 -1 -1 -1
Evo 1.00 0.20 1.00 0.52 0.50 0.50 0.50 0.10 0.00 0.02 0.04 0.13 542 116
Result 1 45.0 566 0.43 0.18 0.17 0.16 0.15 0.18 0.16 -1 -1 -1 -1
Evo 1.01 0.50 1.00 0.52 0.50 0.50 0.50 0.10 0.00 0.14 0.07 0.19 437 174
Result 1 34.0 462 0.45 0.15 0.14 0.20 0.17 0.16 0.18 -1 -1 -1 -1
Evo 1.00 0.40 1.00 0.51 0.50 0.50 0.50 0.07 0.00 0.01 0.08 0.23 773 199
Result 1 34.0 794 0.42 0.15 0.18 0.17 0.16 0.18 0.16 -1 -1 -1 -1
Evo 1.00 0.30 1.00 0.52 0.50 0.50 0.50 0.10 0.00 0.02 0.05 0.20 414 89
Result 1 34.0 433 0.44 0.19 0.16 0.19 0.16 0.13 0.17 -1 -1 -1 -1
Evo 1.01 0.00 0.50 0.47 0.50 0.50 0.50 0.12 0.01 0.03 0.07 0.19 -1 96
Result 0 -78.0 316 0.42 0.18 0.15 0.20 0.17 0.15 0.15 -1 -1 -1 -1
Evo 1.01 0.10 1.00 0.53 0.50 0.50 0.50 0.12 0.01 0.04 0.06 0.14 468 82
Result 1 45.0 497 0.43 0.16 0.15 0.21 0.14 0.16 0.17 -1 -1 -1 -1
Evo 1.01 0.40 1.00 0.53 0.50 0.50 0.50 0.12 0.01 0.07 0.06 0.26 228 66
Result 1 78.0 272 0.48 0.14 0.15 0.18 0.22 0.10 0.22 -1 -1 -1 -1
Evo 1.00 0.40 1.00 0.51 0.50 0.50 0.50 0.08 0.00 0.01 0.05 0.18 656 79
Result 1 34.0 675 0.45 0.19 0.14 0.17 0.16 0.16 0.18 -1 -1 -1 -1
Evo 1.01 0.30 1.00 0.53 0.50 0.50 0.50 0.11 0.01 0.26 0.04 0.14 338 86
Result 1 67.0 356 0.48 0.15 0.14 0.18 0.18 0.14 0.21 -1 -1 -1 -1
Evo 1.00 0.00 1.00 0.52 0.50 0.50 0.50 0.11 0.01 0.20 0.04 0.11 354 106
Result 1 67.0 371 0.47 0.18 0.17 0.19 0.11 0.14 0.21 -1 -1 -1 -1
Evo 1.00 0.50 1.00 0.52 0.50 0.50 0.50 0.09 0.00 0.02 0.04 0.14 544 103
Result 1 34.0 565 0.44 0.14 0.16 0.18 0.16 0.18 0.18 -1 -1 -1 -1
Evo 1.00 0.00 1.00 0.52 0.50 0.50 0.50 0.10 0.00 0.23 0.06 0.23 414 93
Result 1 56.0 445 0.43 0.17 0.14 0.22 0.15 0.15 0.16 -1 -1 -1 -1
Evo 1.00 0.00 0.50 0.49 0.50 0.50 0.50 0.08 0.00 0.03 0.07 0.19 -1 93
Result 0 -18.0 606 0.45 0.17 0.13 0.16 0.18 0.18 0.18 -1 -1 -1 -1
Evo 1.01 0.40 1.00 0.52 0.50 0.50 0.50 0.09 0.00 0.06 0.06 0.21 482 100
Result 1 45.0 502 0.47 0.14 0.16 0.18 0.17 0.14 0.20 -1 -1 -1 -1
Evo 1.00 0.00 0.50 0.47 0.50 0.50 0.50 0.11 0.01 0.11 0.06 0.17 -1 221
Result 0 -68.0 429 0.45 0.13 0.17 0.16 0.19 0.16 0.19 -1 -1 -1 -1
Evo 1.00 0.00 1.00 0.51 0.50 0.50 0.50 0.11 0.01 0.23 0.05 0.18 282 101
Result 1 67.0 300 0.47 0.21 0.16 0.19 0.11 0.12 0.21 -1 -1 -1 -1
Evo 1.01 0.40 1.00 0.53 0.50 0.50 0.50 0.12 0.01 0.02 0.05 0.12 411 98
Result 1 34.0 435 0.45 0.14 0.20 0.18 0.13 0.16 0.18 -1 -1 -1 -1
Evo 1.01 0.00 0.50 0.49 0.50 0.50 0.50 0.07 0.00 0.05 0.04 0.14 -1 98
Result 0 -78.0 275 0.42 0.16 0.13 0.15 0.19 0.21 0.16 -1 -1 -1 -1
Evo 1.00 0.50 1.00 0.52 0.50 0.50 0.50 0.09 0.00 0.02 0.05 0.16 489 103
Result 1 45.0 506 0.46 0.20 0.15 0.16 0.13 0.16 0.20 -1 -1 -1 -1
Evo 1.00 0.00 1.00 0.51 0.50 0.50 0.50 0.08 0.00 0.08 0.14 0.25 1025 294
Result 1 23.0 1043 0.43 0.16 0.17 0.17 0.17 0.17 0.16 -1 -1 -1 -1
Evo 1.01 0.40 1.00 0.51 0.50 0.50 0.50 0.07 0.00 0.23 0.11 0.22 718 87
Result 1 45.0 745 0.44 0.18 0.16 0.18 0.14 0.15 0.18 -1 -1 -1 -1
Evo 1.02 0.00 0.50 0.46 0.50 0.50 0.50 0.13 0.01 0.47 0.04 0.14 -1 69
Result 0 -78.0 260 0.45 0.17 0.13 0.16 0.18 0.18 0.18 -1 -1 -1 -1
Evo 1.00 0.00 1.00 0.51 0.50 0.50 0.50 0.07 0.00 0.04 0.08 0.21 793 87
Result 1 34.0 818 0.44 0.18 0.19 0.14 0.17 0.14 0.18 -1 -1 -1 -1
Evo 1.01 0.00 0.50 0.49 0.50 0.50 0.50 0.07 0.00 0.30 0.08 0.19 -1 87
Result 0 -38.0 623 0.42 0.15 0.17 0.17 0.18 0.17 0.16 -1 -1 -1 -1
Evo 1.01 0.00 1.00 0.51 0.50 0.50 0.50 0.08 0.00 0.04 0.07 0.26 588 88
Result 1 56.0 604 0.42 0.18 0.17 0.18 0.18 0.14 0.16 -1 -1 -1 -1
Evo 1.01 0.50 1.00 0.51 0.50 0.50 0.50 0.08 0.00 0.11 0.11 0.32 663 99
Result 1 34.0 681 0.44 0.18 0.17 0.16 0.16 0.15 0.18 -1 -1 -1 -1
Evo 1.00 0.10 1.00 0.53 0.50 0.50 0.50 0.12 0.01 0.02 0.08 0.31 320 59
Result 1 67.0 339 0.44 0.12 0.16 0.20 0.17 0.16 0.18 -1 -1 -1 -1
Evo 1.01 0.00 0.50 0.48 0.50 0.50 0.50 0.11 0.01 0.39 0.06 0.18 -1 83
Result 0 -68.0 368 0.40 0.13 0.16 0.17 0.22 0.18 0.14 -1 -1 -1 -1
Evo 1.00 0.00 0.50 0.49 0.50 0.50 0.50 0.06 0.00 0.04 0.08 0.23 -1 96
Result 0 -38.0 585 0.42 0.17 0.17 0.17 0.17 0.16 0.16 -1 -1 -1 -1
Evo 1.00 0.50 1.00 0.51 0.50 0.50 0.50 0.07 0.00 0.26 0.09 0.22 871 85
Result 1 23.0 892 0.43 0.18 0.17 0.17 0.15 0.17 0.17 -1 -1 -1 -1
Evo 1.01 0.40 1.00 0.52 0.50 0.50 0.50 0.10 0.01 0.10 0.07 0.26 337 73
Result 1 78.0 349 0.46 0.15 0.16 0.15 0.20 0.14 0.19 -1 -1 -1 -1
Evo 1.01 0.00 1.00 0.53 0.50 0.50 0.50 0.12 0.01 0.08 0.05 0.25 277 67
Result 1 45.0 293 0.47 0.17 0.15 0.19 0.14 0.14 0.20 -1 -1 -1 -1
Evo 1.01 0.00 0.50 0.49 0.50 0.50 0.50 0.07 0.00 0.03 0.10 0.26 -1 111
Result 0 -28.0 676 0.39 0.17 0.15 0.18 0.18 0.18 0.14 -1 -1 -1 -1
Evo 1.01 0.00 1.00 0.51 0.50 0.50 0.50 0.08 0.00 0.08 0.09 0.30 465 93
Result 1 34.0 476 0.43 0.16 0.19 0.16 0.18 0.14 0.17 -1 -1 -1 -1
Evo 1.01 0.00 0.50 0.45 0.50 0.50 0.50 0.15 0.01 0.04 0.04 0.21 -1 56
Result 0 -88.0 183 0.46 0.19 0.13 0.18 0.18 0.13 0.20 -1 -1 -1 -1
Evo 1.01 0.00 0.50 0.49 0.50 0.50 0.50 0.07 0.00 0.03 0.08 0.24 -1 83
Result 0 -48.0 609 0.43 0.16 0.17 0.15 0.21 0.15 0.17 -1 -1 -1 -1
Evo 1.00 0.00 0.50 0.47 0.50 0.50 0.50 0.12 0.01 0.12 0.03 0.15 -1 103
Result 0 -88.0 289 0.37 0.20 0.18 0.18 0.13 0.18 0.12 -1 -1 -1 -1
Evo 1.01 0.00 0.50 0.46 0.50 0.50 0.50 0.13 0.01 0.10 0.06 0.23 -1 75
Result 0 -88.0 289 0.46 0.18 0.14 0.16 0.15 0.18 0.19 -1 -1 -1 -1
Evo 1.00 0.40 1.00 0.51 0.50 0.50 0.50 0.06 0.00 0.01 0.10 0.28 766 94
Result 1 34.0 787 0.45 0.15 0.17 0.16 0.18 0.15 0.18 -1 -1 -1 -1
Evo 1.01 0.00 1.00 0.51 0.50 0.50 0.50 0.07 0.00 0.08 0.06 0.25 507 78
Result 1 34.0 516 0.43 0.17 0.15 0.17 0.16 0.18 0.17 -1 -1 -1 -1
Evo 1.00 0.40 1.00 0.51 0.50 0.50 0.50 0.09 0.00 0.30 0.06 0.21 609 62
Result 1 23.0 627 0.44 0.15 0.18 0.17 0.15 0.17 0.18 -1 -1 -1 -1
Evo 1.01 0.00 0.50 0.49 0.50 0.50 0.50 0.06 0.00 0.05 0.14 0.26 -1 85
Result 0 2.0 966 0.45 0.15 0.17 0.19 0.17 0.15 0.18 -1 -1 -1 -1
Evo 1.00 0.00 0.50 0.48 0.50 0.50 0.50 0.09 0.00 0.02 0.06 0.21 -1 92
Result 0 -58.0 443 0.43 0.18 0.18 0.16 0.16 0.16 0.16 -1 -1 -1 -1
Evo 1.00 0.50 1.00 0.52 0.50 0.50 0.50 0.09 0.00 0.02 0.05 0.20 524 80
Result 1 45.0 543 0.44 0.15 0.17 0.19 0.15 0.17 0.17 -1 -1 -1 -1
Evo 1.01 0.00 0.50 0.48 0.50 0.50 0.50 0.10 0.01 0.26 0.07 0.24 -1 74
Result 0 -58.0 396 0.45 0.15 0.16 0.18 0.16 0.16 0.18 -1 -1 -1 -1
Evo 1.00 0.30 1.00 0.52 0.50 0.50 0.50 0.09 0.00 0.06 0.07 0.22 433 76
Result 1 56.0 448 0.45 0.15 0.16 0.15 0.17 0.18 0.19 -1 -1 -1 -1
Evo 1.00 0.20 1.00 0.51 0.50 0.50 0.50 0.07 0.00 0.04 0.14 0.29 921 148
Result 1 34.0 938 0.44 0.17 0.16 0.16 0.17 0.17 0.17 -1 -1 -1 -1
Evo 1.01 0.40 1.00 0.52 0.50 0.50 0.50 0.09 0.00 0.06 0.09 0.31 358 119
Result 1 23.0 370 0.42 0.18 0.16 0.16 0.16 0.18 0.15 -1 -1 -1 -1
Evo 1.00 0.10 1.00 0.52 0.50 0.50 0.50 0.10 0.00 0.02 0.05 0.18 517 87
Result 1 45.0 539 0.45 0.17 0.16 0.17 0.13 0.18 0.18 -1 -1 -1 -1
Evo 1.01 0.00 1.00 0.51 0.50 0.50 0.50 0.10 0.01 0.11 0.05 0.20 377 64
Result 1 23.0 394 0.42 0.21 0.15 0.14 0.16 0.18 0.15 -1 -1 -1 -1
Evo 1.01 0.00 0.50 0.48 0.50 0.50 0.50 0.08 0.00 0.02 0.07 0.22 -1 87
Result 0 -58.0 456 0.43 0.16 0.18 0.19 0.14 0.17 0.17 -1 -1 -1 -1
Evo 1.01 0.00 0.50 0.50 0.50 0.50 0.50 0.04 0.00 0.18 0.11 0.26 -1 104
Result 0 -48.0 495 0.42 0.19 0.18 0.17 0.15 0.14 0.16 -1 -1 -1 -1
Evo 1.00 0.40 1.00 0.51 0.50 0.50 0.50 0.08 0.00 0.01 0.11 0.28 648 121
Result 1 45.0 666 0.44 0.16 0.15 0.16 0.17 0.17 0.17 -1 -1 -1 -1
Evo 1.00 0.00 0.50 0.49 0.50 0.50 0.50 0.06 0.00 0.05 0.16 0.25 -1 111
Result 0 -8.0 1302 0.42 0.17 0.18 0.16 0.17 0.16 0.16 -1 -1 -1 -1
Evo 1.01 0.00 0.50 0.47 0.50 0.50 0.50 0.11 0.01 0.03 0.08 0.20 -1 93
Result 0 -78.0 275 0.46 0.14 0.14 0.15 0.21 0.16 0.19 -1 -1 -1 -1
Evo 1.00 0.50 1.00 0.51 0.50 0.50 0.50 0.07 0.00 0.02 0.13 0.28 991 90
Result 1 56.0 1009 0.43 0.15 0.16 0.18 0.17 0.19 0.17 -1 -1 -1 -1
Evo 1.01 0.00 0.50 0.48 0.50 0.50 0.50 0.10 0.01 0.32 0.05 0.22 -1 62
Result 0 -78.0 260 0.45 0.14 0.16 0.18 0.16 0.18 0.18 -1 -1 -1 -1
Evo 1.01 0.00 0.50 0.48 0.50 0.50 0.50 0.10 0.01 0.38 0.05 0.24 -1 82
Result 0 -68.0 266 0.40 0.18 0.16 0.18 0.19 0.15 0.14 -1 -1 -1 -1
Evo 1.00 0.00 0.50 0.49 0.50 0.50 0.50 0.06 0.00 0.16 0.10 0.24 -1 76
Result 0 -8.0 822 0.42 0.17 0.17 0.15 0.19 0.17 0.16 -1 -1 -1 -1
Evo 1.01 0.00 0.50 0.47 0.50 0.50 0.50 0.12 0.01 0.06 0.04 0.19 -1 104
Result 0 -78.0 310 0.42 0.18 0.17 0.16 0.17 0.16 0.16 -1 -1 -1 -1
Evo 1.00 0.00 1.00 0.51 0.50 0.50 0.50 0.07 0.00 0.01 0.09 0.25 878 84
Result 1 34.0 896 0.45 0.18 0.17 0.14 0.16 0.16 0.19 -1 -1 -1 -1
Evo 1.01 0.00 0.50 0.47 0.50 0.50 0.50 0.12 0.01 0.03 0.05 0.15 -1 103
Result 0 -78.0 282 0.40 0.16 0.17 0.19 0.17 0.17 0.14 -1 -1 -1 -1
Evo 1.01 0.00 0.50 0.48 0.50 0.50 0.50 0.10 0.00 0.42 0.06 0.21 -1 86
Result 0 -58.0 464 0.44 0.15 0.19 0.17 0.17 0.15 0.17 -1 -1 -1 -1
Evo 1.00 0.50 1.00 0.51 0.50 0.50 0.50 0.08 0.00 0.04 0.09 0.30 503 74
Result 1 78.0 523 0.44 0.15 0.18 0.14 0.16 0.20 0.17 -1 -1 -1 -1
Evo 1.01 0.00 0.50 0.45 0.50 0.50 0.50 0.15 0.01 0.04 0.04 0.14 -1 155
Result 0 -88.0 184 0.36 0.22 0.21 0.18 0.12 0.16 0.11 -1 -1 -1 -1
Evo 1.00 0.00 1.00 0.51 0.50 0.50 0.50 0.07 0.00 0.01 0.08 0.23 868 70
Result 1 53.0 897 0.44 0.17 0.16 0.16 0.17 0.17 0.17 -1 -1 -1 -1
Evo 1.01 0.50 1.00 0.52 0.50 0.50 0.50 0.09 0.00 0.42 0.11 0.37 534 110
Result 1 56.0 552 0.45 0.17 0.15 0.13 0.18 0.19 0.18 -1 -1 -1 -1
Evo 1.00 0.40 1.00 0.51 0.50 0.50 0.50 0.07 0.00 0.03 0.12 0.27 827 143
Result 1 23.0 845 0.43 0.15 0.17 0.16 0.16 0.18 0.17 -1 -1 -1 -1
Evo 1.00 0.40 1.00 0.51 0.50 0.50 0.50 0.06 0.00 0.01 0.09 0.28 993 137
Result 1 76.0 1020 0.45 0.15 0.14 0.18 0.16 0.19 0.19 -1 -1 -1 -1
Evo 1.01 0.00 0.50 0.45 0.50 0.50 0.50 0.15 0.01 0.07 0.02 0.12 -1 90
Result 0 -188.0 184 0.38 0.14 0.20 0.16 0.20 0.17 0.13 -1 -1 -1 -1
Evo 1.00 0.00 0.50 0.47 0.50 0.50 0.50 0.13 0.01 0.05 0.05 0.21 -1 143
Result 0 -78.0 274 0.44 0.17 0.16 0.15 0.18 0.18 0.17 -1 -1 -1 -1
Evo 1.01 0.00 0.50 0.48 0.50 0.50 0.50 0.11 0.01 0.09 0.06 0.18 -1 143
Result 0 -68.0 395 0.42 0.20 0.17 0.14 0.16 0.17 0.16 -1 -1 -1 -1
Evo 1.00 0.50 1.00 0.51 0.50 0.50 0.50 0.05 0.00 0.01 0.09 0.25 1039 150
Result 1 23.0 1057 0.44 0.14 0.18 0.15 0.19 0.16 0.18 -1 -1 -1 -1
Evo 1.01 0.00 0.50 0.45 0.50 0.50 0.50 0.16 0.01 0.07 0.05 0.17 -1 148
Result 0 -78.0 184 0.47 0.16 0.16 0.16 0.13 0.18 0.21 -1 -1 -1 -1
Evo 1.01 0.50 1.00 0.51 0.50 0.50 0.50 0.06 0.00 0.05 0.10 0.25 900 100
Result 1 56.0 923 0.45 0.15 0.17 0.15 0.16 0.18 0.18 -1 -1 -1 -1
Evo 1.01 0.40 1.00 0.51 0.50 0.50 0.50 0.07 0.00 0.01 0.09 0.26 827 104
Result 1 34.0 844 0.44 0.17 0.16 0.14 0.18 0.18 0.17 -1 -1 -1 -1
Evo 1.00 0.00 0.50 0.48 0.50 0.50 0.50 0.11 0.01 0.11 0.05 0.20 -1 126
Result 0 -68.0 402 0.43 0.14 0.18 0.20 0.16 0.16 0.16 -1 -1 -1 -1
Evo 1.01 0.30 1.00 0.51 0.50 0.50 0.50 0.07 0.00 0.06 0.12 0.28 906 93
Result 1 34.0 928 0.45 0.18 0.17 0.14 0.16 0.16 0.19 -1 -1 -1 -1
Evo 1.00 0.40 1.00 0.51 0.50 0.50 0.50 0.06 0.00 0.01 0.11 0.29 1116 102
Result 1 34.0 1142 0.46 0.16 0.16 0.16 0.17 0.16 0.19 -1 -1 -1 -1
Evo 1.01 0.00 0.50 0.45 0.50 0.50 0.50 0.15 0.01 0.04 0.03 0.12 -1 158
Result 0 -88.0 184 0.44 0.23 0.18 0.16 0.11 0.14 0.18 -1 -1 -1 -1
