Evo 1.10 0.80 1.00 1.00 1.00 1.00 1.00 0.02 0.00 0.03 0.91 1.01 482 0
Result 1 29.0 500 0.46 0.19 0.22 0.21 0.20 0.19 -1 -1 -1 -1 -1
Evo 1.09 0.30 1.00 0.52 0.50 0.50 0.50 0.10 0.00 0.03 0.93 1.01 482 1
Result 1 31.0 500 0.45 0.21 0.23 0.21 0.18 0.18 -1 -1 -1 -1 -1
Evo 1.06 0.30 1.00 0.52 0.50 0.50 0.50 0.10 0.00 0.02 0.91 1.01 482 0
Result 1 33.0 500 0.46 0.22 0.21 0.19 0.19 0.19 -1 -1 -1 -1 -1
Evo 1.05 0.00 1.00 0.52 0.50 0.50 0.50 0.10 0.00 0.02 0.53 1.01 482 1
Result 1 26.0 500 0.47 0.21 0.18 0.23 0.18 0.20 -1 -1 -1 -1 -1
Evo 1.07 0.30 1.00 0.52 0.50 0.50 0.50 0.10 0.00 0.02 0.89 1.01 482 1
Result 1 31.0 500 0.46 0.23 0.19 0.20 0.19 0.19 -1 -1 -1 -1 -1
Evo 1.07 0.40 1.00 0.52 0.50 0.50 0.50 0.10 0.00 0.09 0.77 1.01 482 1
Result 1 29.0 500 0.47 0.21 0.20 0.20 0.19 0.21 -1 -1 -1 -1 -1
Evo 1.07 0.40 1.00 0.52 0.50 0.50 0.50 0.10 0.00 0.04 0.97 1.01 482 0
Result 1 38.0 500 0.47 0.22 0.18 0.21 0.18 0.21 -1 -1 -1 -1 -1
Evo 1.05 0.30 0.50 0.50 0.50 0.50 0.50 0.01 0.00 0.03 0.60 1.01 -1 0
Result 0 12.0 314 0.48 0.20 0.19 0.22 0.17 0.22 -1 -1 -1 -1 -1
Evo 1.06 0.50 0.50 0.50 0.50 0.50 0.50 0.00 0.00 0.02 0.84 1.01 -1 3
Result 0 23.0 470 0.47 0.20 0.20 0.21 0.17 0.21 -1 -1 -1 -1 -1
Evo 1.08 0.50 1.00 0.52 0.50 0.50 0.50 0.10 0.00 0.03 0.94 1.01 482 0
Result 1 35.0 500 0.48 0.20 0.20 0.19 0.19 0.22 -1 -1 -1 -1 -1
Evo 1.09 0.30 1.00 0.52 0.50 0.50 0.50 0.10 0.00 0.03 0.91 1.01 482 0
Result 1 28.0 500 0.47 0.20 0.24 0.18 0.18 0.21 -1 -1 -1 -1 -1
Evo 1.07 0.30 1.00 0.52 0.50 0.50 0.50 0.10 0.00 0.14 0.83 1.01 482 0
Result 1 26.0 500 0.46 0.23 0.18 0.19 0.20 0.20 -1 -1 -1 -1 -1
Evo 1.06 0.30 1.00 0.52 0.50 0.50 0.50 0.10 0.00 0.02 0.91 1.01 482 0
Result 1 28.0 500 0.47 0.22 0.17 0.21 0.19 0.21 -1 -1 -1 -1 -1
Evo 1.04 0.30 0.50 0.50 0.50 0.50 0.50 0.01 0.00 0.02 0.46 0.91 -1 1
Result 0 12.0 338 0.45 0.22 0.19 0.22 0.20 0.18 -1 -1 -1 -1 -1
Evo 1.06 0.30 0.50 0.50 0.50 0.50 0.50 0.01 0.00 0.05 0.90 1.01 -1 0
Result 0 20.0 458 0.46 0.21 0.20 0.19 0.20 0.20 -1 -1 -1 -1 -1
Evo 1.09 0.40 1.00 0.52 0.50 0.50 0.50 0.10 0.00 0.02 0.83 1.01 482 0
Result 1 32.0 500 0.46 0.24 0.20 0.19 0.17 0.20 -1 -1 -1 -1 -1
Evo 1.09 0.40 1.00 0.52 0.50 0.50 0.50 0.10 0.00 0.06 0.71 1.01 482 7
Result 1 29.0 500 0.47 0.19 0.21 0.23 0.17 0.21 -1 -1 -1 -1 -1
Evo 1.09 0.50 1.00 0.52 0.50 0.50 0.50 0.10 0.00 0.12 0.87 1.01 482 0
Result 1 29.0 500 0.45 0.21 0.21 0.21 0.18 0.19 -1 -1 -1 -1 -1
Evo 1.04 0.00 1.00 0.52 0.50 0.50 0.50 0.10 0.00 0.02 0.59 1.01 482 0
Result 1 30.0 500 0.47 0.19 0.21 0.22 0.18 0.21 -1 -1 -1 -1 -1
Evo 1.11 0.50 1.00 0.52 0.50 0.50 0.50 0.10 0.00 0.02 0.91 1.01 482 0
Result 1 32.0 500 0.47 0.20 0.23 0.18 0.19 0.21 -1 -1 -1 -1 -1
Evo 1.12 0.50 0.50 0.50 0.50 0.50 0.50 0.00 0.00 0.06 0.97 1.01 -1 1
Result 0 20.0 362 0.45 0.22 0.18 0.21 0.20 0.18 -1 -1 -1 -1 -1
Evo 1.09 0.40 1.00 0.52 0.50 0.50 0.50 0.10 0.00 0.07 0.96 1.01 482 0
Result 1 36.0 500 0.47 0.23 0.20 0.18 0.18 0.21 -1 -1 -1 -1 -1
Evo 1.05 0.50 0.50 0.50 0.50 0.50 0.50 0.00 0.00 0.04 0.56 1.00 -1 9
Result 0 21.0 335 0.46 0.21 0.21 0.21 0.18 0.20 -1 -1 -1 -1 -1
Evo 1.06 0.50 1.00 0.52 0.50 0.50 0.50 0.10 0.00 0.03 0.50 1.00 482 0
Result 1 35.0 500 0.46 0.19 0.20 0.23 0.18 0.19 -1 -1 -1 -1 -1
Evo 1.11 0.30 0.50 0.50 0.50 0.50 0.50 0.01 0.00 0.04 0.70 1.01 -1 1
Result 0 22.0 332 0.46 0.24 0.20 0.18 0.18 0.20 -1 -1 -1 -1 -1
Evo 1.06 0.00 0.50 0.50 0.50 0.50 0.50 0.03 0.00 0.04 0.54 1.00 -1 3
Result 0 19.0 365 0.45 0.18 0.21 0.20 0.22 0.19 -1 -1 -1 -1 -1
Evo 1.06 0.50 1.00 0.52 0.50 0.50 0.50 0.10 0.00 0.08 0.89 1.01 482 0
Result 1 38.0 500 0.42 0.22 0.20 0.19 0.23 0.16 -1 -1 -1 -1 -1
Evo 1.09 0.50 1.00 0.52 0.50 0.50 0.50 0.10 0.00 0.06 0.97 1.01 482 0
Result 1 39.0 500 0.48 0.21 0.18 0.23 0.17 0.22 -1 -1 -1 -1 -1
Evo 1.07 0.10 1.00 0.52 0.50 0.50 0.50 0.10 0.00 0.07 0.79 1.01 482 11
Result 1 33.0 500 0.46 0.19 0.18 0.23 0.20 0.20 -1 -1 -1 -1 -1
Evo 1.07 0.00 0.50 0.50 0.50 0.50 0.50 0.03 0.00 0.16 0.59 1.01 -1 0
Result 0 16.0 368 0.44 0.22 0.20 0.21 0.19 0.17 -1 -1 -1 -1 -1
Evo 1.09 0.50 0.50 0.50 0.50 0.50 0.50 0.00 0.00 0.02 0.91 1.01 -1 0
Result 0 27.0 452 0.46 0.22 0.18 0.21 0.19 0.19 -1 -1 -1 -1 -1
Evo 1.06 0.00 1.00 0.52 0.50 0.50 0.50 0.10 0.00 0.03 0.84 1.01 482 2
Result 1 38.0 500 0.46 0.23 0.19 0.22 0.17 0.19 -1 -1 -1 -1 -1
Evo 1.07 0.00 1.00 0.52 0.50 0.50 0.50 0.10 0.00 0.03 0.96 1.01 482 0
Result 1 33.0 500 0.47 0.21 0.17 0.21 0.21 0.20 -1 -1 -1 -1 -1
Evo 1.06 0.50 1.00 0.52 0.50 0.50 0.50 0.10 0.00 0.03 0.64 1.01 482 0
Result 1 34.0 500 0.45 0.21 0.19 0.21 0.21 0.19 -1 -1 -1 -1 -1
Evo 1.12 0.00 0.50 0.50 0.50 0.50 0.50 0.03 0.00 0.05 0.84 1.01 -1 0
Result 0 14.0 288 0.48 0.19 0.18 0.19 0.21 0.22 -1 -1 -1 -1 -1
Evo 1.08 0.50 1.00 0.52 0.50 0.50 0.50 0.10 0.00 0.04 0.94 1.01 482 2
Result 1 36.0 500 0.47 0.21 0.19 0.19 0.21 0.20 -1 -1 -1 -1 -1
Evo 1.08 0.40 0.50 0.50 0.50 0.50 0.50 0.01 0.00 0.12 0.57 1.01 -1 0
Result 0 10.0 179 0.47 0.21 0.19 0.17 0.22 0.21 -1 -1 -1 -1 -1
Evo 1.10 0.40 0.50 0.50 0.50 0.50 0.50 0.01 0.00 0.04 0.64 1.01 -1 0
Result 0 22.0 353 0.45 0.22 0.21 0.19 0.20 0.18 -1 -1 -1 -1 -1
Evo 1.06 0.30 0.50 0.50 0.50 0.50 0.50 0.01 0.00 0.04 0.57 1.01 -1 1
Result 0 20.0 341 0.45 0.24 0.17 0.20 0.20 0.19 -1 -1 -1 -1 -1
Evo 1.08 0.30 1.00 0.52 0.50 0.50 0.50 0.10 0.00 0.08 0.79 1.01 482 7
Result 1 37.0 500 0.45 0.23 0.21 0.19 0.19 0.19 -1 -1 -1 -1 -1
Evo 1.15 0.40 0.50 0.50 0.50 0.50 0.50 0.01 0.00 0.07 0.94 1.01 -1 1
Result 0 18.0 383 0.46 0.26 0.20 0.18 0.17 0.20 -1 -1 -1 -1 -1
Evo 1.07 0.00 0.50 0.50 0.50 0.50 0.50 0.02 0.00 0.05 0.87 1.01 -1 1
Result 0 21.0 402 0.47 0.21 0.21 0.17 0.21 0.20 -1 -1 -1 -1 -1
Evo 1.03 0.00 0.50 0.50 0.50 0.50 0.50 0.03 0.00 0.03 0.47 1.01 -1 1
Result 0 14.0 299 0.46 0.23 0.16 0.23 0.18 0.19 -1 -1 -1 -1 -1
Evo 1.06 0.00 1.00 0.52 0.50 0.50 0.50 0.10 0.00 0.02 0.86 1.01 482 1
Result 1 35.0 500 0.47 0.23 0.18 0.21 0.17 0.21 -1 -1 -1 -1 -1
Evo 1.08 0.10 0.50 0.50 0.50 0.50 0.50 0.03 0.00 0.04 0.61 1.01 -1 0
Result 0 14.0 200 0.48 0.22 0.18 0.17 0.21 0.21 -1 -1 -1 -1 -1
Evo 1.08 0.40 1.00 0.52 0.50 0.50 0.50 0.10 0.00 0.07 0.79 1.01 482 14
Result 1 35.0 500 0.43 0.21 0.21 0.20 0.21 0.17 -1 -1 -1 -1 -1
Evo 1.10 0.50 1.00 0.52 0.50 0.50 0.50 0.10 0.00 0.03 0.84 1.01 482 2
Result 1 39.0 500 0.46 0.23 0.20 0.19 0.18 0.20 -1 -1 -1 -1 -1
Evo 1.06 0.00 1.00 0.52 0.50 0.50 0.50 0.10 0.00 0.03 0.74 1.01 482 1
Result 1 37.0 500 0.46 0.20 0.18 0.20 0.22 0.20 -1 -1 -1 -1 -1
Evo 1.05 0.00 1.00 0.52 0.50 0.50 0.50 0.10 0.00 0.02 0.96 1.01 482 3
Result 1 32.0 500 0.47 0.19 0.18 0.22 0.20 0.21 -1 -1 -1 -1 -1
Evo 1.14 0.20 0.50 0.49 0.50 0.50 0.50 0.05 0.01 0.18 0.34 1.01 -1 1
Result 0 -1.0 50 0.49 0.22 0.24 0.12 0.20 0.24 -1 -1 -1 -1 -1
Evo 1.08 0.20 0.50 0.50 0.50 0.50 0.50 0.02 0.00 0.06 0.74 1.01 -1 8
Result 0 26.0 443 0.41 0.28 0.19 0.17 0.22 0.15 -1 -1 -1 -1 -1
Evo 1.10 0.50 0.50 0.50 0.50 0.50 0.50 0.00 0.00 0.29 0.29 0.96 -1 0
Result 0 -1.0 50 0.51 0.18 0.18 0.16 0.22 0.27 -1 -1 -1 -1 -1
Evo 1.07 0.20 0.50 0.50 0.50 0.50 0.50 0.01 0.00 0.05 0.94 1.01 -1 3
Result 0 26.0 443 0.48 0.20 0.18 0.20 0.20 0.23 -1 -1 -1 -1 -1
Evo 1.07 0.50 1.00 0.52 0.50 0.50 0.50 0.10 0.00 0.02 0.81 1.01 482 8
Result 1 36.0 500 0.47 0.21 0.17 0.21 0.21 0.20 -1 -1 -1 -1 -1
Evo 1.09 0.30 1.00 0.52 0.50 0.50 0.50 0.10 0.00 0.07 0.70 1.01 482 0
Result 1 35.0 500 0.47 0.19 0.20 0.21 0.20 0.21 -1 -1 -1 -1 -1
Evo 1.07 0.50 1.00 0.52 0.50 0.50 0.50 0.10 0.00 0.10 0.66 1.01 482 6
Result 1 36.0 500 0.47 0.19 0.20 0.22 0.19 0.20 -1 -1 -1 -1 -1
Evo 1.12 0.40 0.50 0.50 0.50 0.50 0.50 0.01 0.00 0.05 0.56 1.01 -1 4
Result 0 3.0 128 0.48 0.20 0.16 0.14 0.28 0.22 -1 -1 -1 -1 -1
Evo 1.14 0.40 0.50 0.50 0.50 0.50 0.50 0.01 0.00 0.22 0.37 1.01 -1 1
Result 0 0.0 56 0.52 0.26 0.18 0.12 0.14 0.30 -1 -1 -1 -1 -1
Evo 1.07 0.00 0.50 0.50 0.50 0.50 0.50 0.03 0.00 0.03 0.64 1.01 -1 0
Result 0 24.0 317 0.47 0.19 0.20 0.19 0.21 0.21 -1 -1 -1 -1 -1
Evo 1.09 0.50 0.50 0.50 0.50 0.50 0.50 0.00 0.00 0.04 0.83 1.01 -1 9
Result 0 8.0 212 0.51 0.22 0.15 0.22 0.15 0.26 -1 -1 -1 -1 -1
Evo 1.00 0.50 1.00 0.52 0.50 0.50 0.50 0.10 0.00 0.12 0.79 1.01 482 -1
Result 1 6.0 500 0.48 0.20 0.19 0.20 0.19 0.22 -1 -1 -1 -1 -1
Evo 1.00 0.50 1.00 0.52 0.50 0.50 0.50 0.10 0.00 0.04 0.97 1.01 482 -1
Result 1 6.0 500 0.49 0.19 0.19 0.22 0.16 0.23 -1 -1 -1 -1 -1
Evo 1.00 0.50 1.00 0.52 0.50 0.50 0.50 0.10 0.00 0.11 0.93 1.01 482 -1
Result 1 5.0 500 0.50 0.20 0.20 0.18 0.18 0.24 -1 -1 -1 -1 -1
Evo 1.00 0.50 1.00 0.52 0.50 0.50 0.50 0.10 0.00 0.03 0.84 1.01 482 -1
Result 1 3.0 500 0.47 0.20 0.20 0.20 0.20 0.20 -1 -1 -1 -1 -1
Evo 1.00 0.50 1.00 0.52 0.50 0.50 0.50 0.10 0.00 0.02 0.81 1.01 482 -1
Result 1 2.0 500 0.46 0.20 0.19 0.24 0.17 0.20 -1 -1 -1 -1 -1
Evo 1.00 0.50 1.00 0.52 0.50 0.50 0.50 0.10 0.00 0.10 0.96 1.01 482 -1
Result 1 4.0 500 0.45 0.20 0.20 0.21 0.21 0.19 -1 -1 -1 -1 -1
Evo 1.00 0.50 1.00 0.52 0.50 0.50 0.50 0.10 0.00 0.03 0.94 1.01 482 -1
Result 1 10.0 500 0.47 0.20 0.19 0.20 0.21 0.21 -1 -1 -1 -1 -1
Evo 1.00 0.50 1.00 0.52 0.50 0.50 0.50 0.10 0.00 0.03 0.76 1.01 482 -1
Result 1 6.0 500 0.48 0.21 0.21 0.21 0.16 0.22 -1 -1 -1 -1 -1
Evo 1.00 0.50 1.00 0.52 0.50 0.50 0.50 0.10 0.00 0.26 0.86 1.01 482 -1
Result 1 2.0 500 0.45 0.23 0.20 0.20 0.19 0.19 -1 -1 -1 -1 -1
Evo 1.00 0.50 1.00 0.52 0.50 0.50 0.50 0.10 0.00 0.03 0.89 1.01 482 -1
Result 1 3.0 500 0.47 0.20 0.18 0.21 0.21 0.21 -1 -1 -1 -1 -1
Evo 1.00 0.50 1.00 0.52 0.50 0.50 0.50 0.10 0.00 0.03 0.77 1.01 482 -1
Result 1 4.0 500 0.48 0.21 0.22 0.16 0.19 0.22 -1 -1 -1 -1 -1
Evo 1.00 0.50 1.00 0.52 0.50 0.50 0.50 0.10 0.00 0.02 0.74 1.01 482 -1
Result 1 6.0 500 0.45 0.21 0.22 0.20 0.19 0.19 -1 -1 -1 -1 -1
Evo 1.00 0.50 1.00 0.52 0.50 0.50 0.50 0.10 0.00 0.14 0.77 1.01 482 -1
Result 1 3.0 500 0.46 0.19 0.22 0.21 0.18 0.20 -1 -1 -1 -1 -1
Evo 1.00 0.50 1.00 0.52 0.50 0.50 0.50 0.10 0.00 0.13 0.50 0.99 482 -1
Result 1 2.0 500 0.44 0.21 0.21 0.21 0.20 0.17 -1 -1 -1 -1 -1
Evo 1.00 0.50 1.00 0.52 0.50 0.50 0.50 0.10 0.00 0.03 0.89 1.01 482 -1
Result 1 5.0 500 0.48 0.20 0.21 0.20 0.18 0.22 -1 -1 -1 -1 -1
Evo 1.00 0.50 1.00 0.52 0.50 0.50 0.50 0.10 0.00 0.02 0.91 1.01 482 -1
Result 1 6.0 500 0.45 0.20 0.20 0.19 0.22 0.19 -1 -1 -1 -1 -1
Evo 1.00 0.50 1.00 0.52 0.50 0.50 0.50 0.10 0.00 0.09 0.77 1.01 482 -1
Result 1 4.0 500 0.44 0.20 0.19 0.21 0.24 0.17 -1 -1 -1 -1 -1
Evo 1.00 0.50 1.00 0.52 0.50 0.50 0.50 0.10 0.00 0.02 0.96 1.01 482 -1
Result 1 2.0 500 0.48 0.19 0.22 0.19 0.17 0.23 -1 -1 -1 -1 -1
Evo 1.00 0.50 1.00 0.52 0.50 0.50 0.50 0.10 0.00 0.03 0.61 1.00 482 -1
Result 1 5.0 500 0.49 0.17 0.20 0.19 0.21 0.23 -1 -1 -1 -1 -1
Evo 1.00 0.50 1.00 0.52 0.50 0.50 0.50 0.10 0.00 0.04 0.94 1.01 482 -1
Result 1 6.0 500 0.46 0.19 0.21 0.20 0.21 0.20 -1 -1 -1 -1 -1
Evo 1.11 0.00 0.50 0.50 0.50 0.50 0.50 0.03 0.00 0.05 0.69 1.01 -1 0
Result 0 0.0 296 0.47 0.24 0.20 0.19 0.18 0.20 -1 -1 -1 -1 -1
Evo 1.12 0.00 0.50 0.49 0.50 0.50 0.50 0.05 0.01 0.39 0.41 1.00 -1 0
Result 0 -4.0 93 0.47 0.16 0.28 0.19 0.17 0.20 -1 -1 -1 -1 -1
Evo 1.10 0.40 1.00 0.52 0.50 0.50 0.50 0.10 0.00 0.06 0.77 1.01 482 0
Result 1 9.0 500 0.46 0.22 0.20 0.21 0.18 0.19 -1 -1 -1 -1 -1
Evo 1.07 0.50 1.00 0.52 0.50 0.50 0.50 0.10 0.00 0.09 0.60 1.01 482 0
Result 1 9.0 500 0.44 0.23 0.21 0.21 0.18 0.17 -1 -1 -1 -1 -1
Evo 1.15 0.50 0.50 0.50 0.50 0.50 0.50 0.00 0.00 0.36 0.33 0.97 -1 0
Result 0 -3.0 92 0.48 0.18 0.15 0.22 0.23 0.23 -1 -1 -1 -1 -1
Evo 1.16 0.50 0.50 0.50 0.50 0.50 0.50 0.00 0.00 0.08 0.33 0.93 -1 0
Result 0 -3.0 77 0.44 0.24 0.19 0.22 0.17 0.18 -1 -1 -1 -1 -1
Evo 1.15 0.50 0.50 0.50 0.50 0.50 0.50 0.00 0.00 0.28 0.37 1.01 -1 0
Result 0 -3.0 104 0.47 0.16 0.23 0.17 0.23 0.21 -1 -1 -1 -1 -1
Evo 1.08 0.40 1.00 0.52 0.50 0.50 0.50 0.10 0.00 0.17 0.70 1.01 482 0
Result 1 7.0 500 0.46 0.22 0.19 0.20 0.19 0.20 -1 -1 -1 -1 -1
Evo 1.11 0.00 0.50 0.49 0.50 0.50 0.50 0.08 0.01 0.34 0.19 0.73 -1 0
Result 0 -5.0 38 0.53 0.31 0.15 0.10 0.08 0.36 -1 -1 -1 -1 -1
Evo 1.09 0.50 1.00 0.52 0.50 0.50 0.50 0.10 0.00 0.10 0.74 1.01 482 0
Result 1 8.0 500 0.46 0.21 0.20 0.19 0.21 0.19 -1 -1 -1 -1 -1
Evo 1.13 0.30 1.00 0.52 0.50 0.50 0.50 0.10 0.00 0.02 0.90 1.01 482 0
Result 1 10.0 500 0.47 0.25 0.17 0.19 0.18 0.21 -1 -1 -1 -1 -1
Evo 1.15 0.40 0.50 0.50 0.50 0.50 0.50 0.02 0.00 0.28 0.16 0.93 -1 0
Result 0 -5.0 26 0.45 0.37 0.22 0.07 0.15 0.19 -1 -1 -1 -1 -1
Evo 1.14 0.00 1.00 0.52 0.50 0.50 0.50 0.10 0.00 0.08 0.80 1.01 482 0
Result 1 3.0 500 0.42 0.25 0.22 0.21 0.16 0.16 -1 -1 -1 -1 -1
Evo 1.13 0.00 0.50 0.50 0.50 0.50 0.50 0.04 0.00 0.13 0.57 1.01 -1 0
Result 0 -2.0 164 0.47 0.28 0.15 0.17 0.18 0.21 -1 -1 -1 -1 -1
Evo 1.11 0.00 0.50 0.49 0.50 0.50 0.50 0.07 0.01 0.11 0.34 0.94 -1 0
Result 0 -4.0 53 0.51 0.20 0.13 0.17 0.22 0.28 -1 -1 -1 -1 -1
Evo 1.08 0.00 1.00 0.52 0.50 0.50 0.50 0.10 0.00 0.20 0.59 1.01 482 0
Result 1 8.0 500 0.43 0.20 0.21 0.21 0.21 0.17 -1 -1 -1 -1 -1
Evo 1.16 0.50 0.50 0.50 0.50 0.50 0.50 0.00 0.00 0.36 0.33 1.01 -1 0
Result 0 -3.0 92 0.48 0.19 0.19 0.22 0.17 0.23 -1 -1 -1 -1 -1
Evo 1.17 0.40 0.50 0.50 0.50 0.50 0.50 0.02 0.00 0.46 0.34 1.01 -1 0
Result 0 -4.0 41 0.53 0.14 0.17 0.12 0.21 0.36 -1 -1 -1 -1 -1
Evo 1.13 0.40 0.50 0.48 0.40 0.50 0.50 0.04 0.01 0.35 0.06 0.49 -1 0
Result 0 -5.0 8 0.35 0.22 0.11 0.56 -1 0.11 -1 -1 -1 -1 -1
Evo 1.08 0.40 0.50 0.50 0.50 0.50 0.50 0.01 0.00 0.04 0.74 1.01 -1 0
Result 0 0.0 191 0.49 0.18 0.17 0.24 0.17 0.24 -1 -1 -1 -1 -1
