Evo 1.00 0.00 1.00 0.99 1.00 1.00 1.00 0.10 0.00 0.06 0.04 0.23 -1 0
Result 0 0.0 2000 0.45 0.19 0.22 0.22 0.18 0.19 -1 -1 -1 -1 -1
Evo 1.00 0.00 1.00 0.99 1.00 1.00 1.00 0.10 0.00 0.06 0.05 0.22 -1 1
Result 0 0.0 2000 0.45 0.22 0.22 0.20 0.17 0.19 -1 -1 -1 -1 -1
Evo 1.00 0.00 1.00 0.99 1.00 1.00 1.00 0.10 0.00 0.06 0.13 0.41 -1 1
Result 0 0.0 2000 0.46 0.21 0.20 0.22 0.18 0.20 -1 -1 -1 -1 -1
Evo 1.00 0.00 1.00 0.99 1.00 1.00 1.00 0.10 0.00 0.06 0.04 0.23 -1 1
Result 0 0.0 2000 0.46 0.21 0.20 0.21 0.18 0.19 -1 -1 -1 -1 -1
Evo 1.00 0.00 1.00 0.99 1.00 1.00 1.00 0.10 0.00 0.01 0.04 0.24 -1 2
Result 0 0.0 2000 0.46 0.20 0.22 0.21 0.18 0.19 -1 -1 -1 -1 -1
Evo 1.00 0.00 1.00 0.99 1.00 1.00 1.00 0.10 0.00 0.01 0.04 0.23 -1 0
Result 0 0.0 2000 0.45 0.20 0.22 0.21 0.18 0.19 -1 -1 -1 -1 -1
Evo 1.00 0.00 1.00 0.99 1.00 1.00 1.00 0.10 0.00 0.01 0.04 0.24 -1 1
Result 0 0.0 2000 0.45 0.19 0.23 0.21 0.19 0.18 -1 -1 -1 -1 -1
Evo 1.00 0.00 1.00 0.99 1.00 1.00 1.00 0.10 0.00 0.06 0.04 0.23 -1 1
Result 0 0.0 2000 0.46 0.20 0.22 0.20 0.18 0.20 -1 -1 -1 -1 -1
Evo 1.00 0.00 1.00 0.99 1.00 1.00 1.00 0.10 0.00 0.06 0.05 0.24 -1 5
Result 0 0.0 2000 0.45 0.22 0.21 0.21 0.18 0.18 -1 -1 -1 -1 -1
Evo 1.00 0.00 1.00 0.99 1.00 1.00 1.00 0.10 0.00 0.01 0.04 0.23 -1 2
Result 0 0.0 2000 0.45 0.21 0.23 0.21 0.17 0.18 -1 -1 -1 -1 -1
Evo 1.00 0.00 1.00 0.99 1.00 1.00 1.00 0.10 0.00 0.01 0.04 0.24 -1 0
Result 0 0.0 2000 0.44 0.21 0.21 0.22 0.18 0.18 -1 -1 -1 -1 -1
Evo 1.00 0.00 1.00 0.99 1.00 1.00 1.00 0.10 0.00 0.01 0.05 0.23 -1 0
Result 0 0.0 2000 0.45 0.20 0.23 0.21 0.18 0.18 -1 -1 -1 -1 -1
Evo 1.00 0.00 1.00 0.99 1.00 1.00 1.00 0.10 0.00 0.06 0.04 0.24 -1 6
Result 0 0.0 2000 0.46 0.20 0.22 0.21 0.18 0.19 -1 -1 -1 -1 -1
Evo 1.00 0.00 1.00 0.99 1.00 1.00 1.00 0.10 0.00 0.06 0.05 0.23 -1 4
Result 0 0.0 2000 0.46 0.21 0.21 0.21 0.18 0.19 -1 -1 -1 -1 -1
Evo 1.00 0.00 1.00 0.99 1.00 1.00 1.00 0.10 0.00 0.01 0.04 0.24 -1 0
Result 0 0.0 2000 0.46 0.21 0.21 0.19 0.19 0.19 -1 -1 -1 -1 -1
Evo 1.00 0.00 1.00 0.99 1.00 1.00 1.00 0.10 0.00 0.06 0.05 0.23 -1 1
Result 0 0.0 2000 0.47 0.19 0.22 0.21 0.18 0.20 -1 -1 -1 -1 -1
Evo 1.00 0.00 1.00 0.99 1.00 1.00 1.00 0.10 0.00 0.06 0.04 0.23 -1 0
Result 0 0.0 2000 0.45 0.21 0.22 0.19 0.18 0.19 -1 -1 -1 -1 -1
Evo 1.00 0.00 1.00 0.99 1.00 1.00 1.00 0.10 0.00 0.01 0.04 0.23 -1 0
Result 0 0.0 2000 0.46 0.20 0.22 0.22 0.17 0.19 -1 -1 -1 -1 -1
Evo 1.00 0.00 1.00 0.99 1.00 1.00 1.00 0.10 0.00 0.01 0.04 0.22 -1 6
Result 0 0.0 2000 0.44 0.21 0.23 0.20 0.18 0.18 -1 -1 -1 -1 -1
Evo 1.00 0.00 1.00 0.99 1.00 1.00 1.00 0.10 0.00 0.06 0.04 0.22 -1 0
Result 0 0.0 2000 0.44 0.22 0.21 0.20 0.19 0.18 -1 -1 -1 -1 -1
Evo 1.00 0.00 1.00 0.99 1.00 1.00 1.00 0.10 0.00 0.02 0.04 0.24 -1 0
Result 0 0.0 2000 0.46 0.19 0.20 0.20 0.21 0.20 -1 -1 -1 -1 -1
Evo 1.00 0.00 1.00 0.99 1.00 1.00 1.00 0.10 0.00 0.01 0.11 0.34 -1 1
Result 0 0.0 2000 0.46 0.21 0.22 0.20 0.18 0.20 -1 -1 -1 -1 -1
Evo 1.00 0.00 1.00 0.99 1.00 1.00 1.00 0.10 0.00 0.02 0.05 0.22 -1 94
Result 0 0.0 2000 0.45 0.21 0.21 0.20 0.20 0.18 -1 -1 -1 -1 -1
Evo 1.00 0.00 1.00 0.99 1.00 1.00 1.00 0.10 0.00 0.06 0.06 0.32 -1 98
Result 0 0.0 2000 0.46 0.21 0.20 0.20 0.20 0.20 -1 -1 -1 -1 -1
Evo 1.00 0.00 1.00 0.99 1.00 1.00 1.00 0.10 0.00 0.06 0.05 0.28 -1 55
Result 0 0.0 2000 0.47 0.20 0.20 0.20 0.20 0.20 -1 -1 -1 -1 -1
Evo 1.00 0.00 1.00 0.99 1.00 1.00 1.00 0.10 0.00 0.06 0.05 0.26 -1 10
Result 0 0.0 2000 0.47 0.19 0.21 0.20 0.19 0.20 -1 -1 -1 -1 -1
Evo 1.00 0.00 1.00 0.99 1.00 1.00 1.00 0.10 0.00 0.06 0.06 0.31 -1 32
Result 0 0.0 2000 0.46 0.22 0.22 0.20 0.16 0.20 -1 -1 -1 -1 -1
Evo 1.00 0.00 1.00 0.99 1.00 1.00 1.00 0.10 0.00 0.06 0.07 0.33 -1 158
Result 0 0.0 2000 0.46 0.21 0.20 0.20 0.19 0.20 -1 -1 -1 -1 -1
Evo 1.00 0.00 1.00 0.99 1.00 1.00 1.00 0.10 0.00 0.06 0.06 0.28 -1 79
Result 0 0.0 2000 0.46 0.20 0.20 0.20 0.20 0.20 -1 -1 -1 -1 -1
Evo 1.00 0.00 1.00 0.99 1.00 1.00 1.00 0.10 0.00 0.01 0.06 0.29 -1 58
Result 0 0.0 2000 0.46 0.19 0.21 0.20 0.20 0.20 -1 -1 -1 -1 -1
Evo 1.00 0.00 1.00 0.99 1.00 1.00 1.00 0.10 0.00 0.06 0.06 0.31 -1 8
Result 0 0.0 2000 0.46 0.20 0.20 0.20 0.21 0.19 -1 -1 -1 -1 -1
Evo 1.00 0.00 1.00 0.99 1.00 1.00 1.00 0.10 0.00 0.06 0.06 0.28 -1 16
Result 0 0.0 2000 0.46 0.21 0.19 0.20 0.20 0.20 -1 -1 -1 -1 -1
Evo 1.00 0.00 1.00 0.99 1.00 1.00 1.00 0.10 0.00 0.01 0.06 0.31 -1 8
Result 0 0.0 2000 0.47 0.21 0.20 0.21 0.18 0.20 -1 -1 -1 -1 -1
Evo 1.00 0.00 1.00 0.99 1.00 1.00 1.00 0.10 0.00 0.07 0.06 0.28 -1 33
Result 0 0.0 2000 0.45 0.19 0.21 0.19 0.21 0.19 -1 -1 -1 -1 -1
Evo 1.00 0.00 1.00 0.99 1.00 1.00 1.00 0.10 0.00 0.06 0.06 0.34 -1 37
Result 0 0.0 2000 0.46 0.21 0.20 0.20 0.19 0.20 -1 -1 -1 -1 -1
Evo 1.00 0.00 1.00 0.99 1.00 1.00 1.00 0.10 0.00 0.06 0.08 0.32 -1 5
Result 0 0.0 2000 0.46 0.20 0.20 0.20 0.21 0.20 -1 -1 -1 -1 -1
Evo 1.00 0.00 1.00 0.99 1.00 1.00 1.00 0.10 0.00 0.06 0.06 0.31 -1 17
Result 0 0.0 2000 0.46 0.21 0.19 0.20 0.20 0.20 -1 -1 -1 -1 -1
Evo 1.00 0.00 1.00 0.99 1.00 1.00 1.00 0.10 0.00 0.01 0.06 0.30 -1 79
Result 0 0.0 2000 0.46 0.19 0.21 0.20 0.19 0.20 -1 -1 -1 -1 -1
Evo 1.00 0.00 1.00 0.99 1.00 1.00 1.00 0.10 0.00 0.01 0.06 0.31 -1 46
Result 0 0.0 2000 0.46 0.20 0.20 0.20 0.20 0.20 -1 -1 -1 -1 -1
Evo 1.00 0.00 1.00 0.99 1.00 1.00 1.00 0.10 0.00 0.01 0.06 0.31 -1 25
Result 0 0.0 2000 0.47 0.20 0.20 0.20 0.19 0.20 -1 -1 -1 -1 -1
Evo 1.00 0.00 1.00 0.98 1.00 1.00 1.00 0.12 0.00 0.01 0.08 0.26 -1 0
Result 0 0.0 2000 0.45 0.23 0.19 0.20 0.19 0.19 -1 -1 -1 -1 -1
Evo 1.00 0.00 1.00 0.99 1.00 1.00 1.00 0.10 0.00 0.03 0.08 0.27 -1 0
Result 0 0.0 2000 0.46 0.24 0.20 0.17 0.19 0.19 -1 -1 -1 -1 -1
Evo 1.00 0.00 1.00 0.99 1.00 1.00 1.00 0.10 0.00 0.01 0.08 0.27 -1 0
Result 0 0.0 2000 0.48 0.21 0.19 0.20 0.18 0.22 -1 -1 -1 -1 -1
Evo 1.01 0.00 1.00 0.98 1.00 1.00 1.00 0.12 0.01 0.02 0.06 0.23 -1 1
Result 0 -1.0 389 0.42 0.21 0.25 0.20 0.18 0.16 -1 -1 -1 -1 -1
Evo 1.13 0.00 1.00 0.35 0.00 0.00 1.00 0.48 0.12 0.42 0.02 0.05 -1 0
Result 0 -1.0 15 0.50 0.19 0.19 0.06 0.31 0.25 -1 -1 -1 -1 -1
Evo 1.00 0.00 1.00 0.99 1.00 1.00 1.00 0.10 0.00 0.03 0.08 0.28 -1 0
Result 0 0.0 2000 0.45 0.21 0.22 0.19 0.19 0.19 -1 -1 -1 -1 -1
Evo 1.00 0.00 1.00 0.99 1.00 1.00 1.00 0.10 0.00 0.01 0.08 0.26 -1 0
Result 0 0.0 2000 0.45 0.22 0.22 0.19 0.19 0.19 -1 -1 -1 -1 -1
Evo 1.00 0.00 1.00 0.99 1.00 1.00 1.00 0.10 0.00 0.06 0.09 0.27 -1 0
Result 0 0.0 2000 0.45 0.22 0.20 0.20 0.20 0.19 -1 -1 -1 -1 -1
Evo 1.01 0.00 1.00 0.96 1.00 1.00 1.00 0.18 0.01 0.17 0.06 0.18 -1 0
Result 0 -1.0 283 0.48 0.23 0.16 0.17 0.22 0.23 -1 -1 -1 -1 -1
Evo 1.01 0.00 1.00 0.99 1.00 1.00 1.00 0.09 0.00 0.04 0.12 0.28 -1 0
Result 0 -1.0 1132 0.44 0.23 0.20 0.20 0.20 0.18 -1 -1 -1 -1 -1
Evo 1.00 0.00 1.00 0.99 1.00 1.00 1.00 0.10 0.00 0.02 0.15 0.52 -1 0
Result 0 0.0 2000 0.46 0.22 0.22 0.17 0.18 0.19 -1 -1 -1 -1 -1
Evo 1.00 0.00 1.00 0.99 1.00 1.00 1.00 0.10 0.00 0.03 0.08 0.24 -1 1
Result 0 0.0 2000 0.44 0.21 0.22 0.21 0.18 0.18 -1 -1 -1 -1 -1
Evo 1.00 0.00 1.00 0.99 1.00 1.00 1.00 0.07 0.00 0.04 0.10 0.27 -1 1
Result 0 -1.0 1206 0.45 0.22 0.20 0.23 0.16 0.19 -1 -1 -1 -1 -1
Evo 1.01 0.00 1.00 0.95 1.00 1.00 1.00 0.23 0.02 0.23 0.04 0.19 -1 0
Result 0 -1.0 146 0.41 0.22 0.24 0.20 0.18 0.15 -1 -1 -1 -1 -1
Evo 1.00 0.00 1.00 0.99 1.00 1.00 1.00 0.10 0.00 0.04 0.15 0.48 -1 0
Result 0 0.0 2000 0.48 0.23 0.21 0.18 0.16 0.22 -1 -1 -1 -1 -1
Evo 1.00 0.00 1.00 0.99 1.00 1.00 1.00 0.10 0.00 0.02 0.09 0.28 -1 0
Result 0 0.0 2000 0.44 0.22 0.21 0.20 0.19 0.17 -1 -1 -1 -1 -1
Evo 1.00 0.00 1.00 0.99 1.00 1.00 1.00 0.10 0.00 0.03 0.09 0.27 -1 0
Result 0 0.0 2000 0.43 0.24 0.20 0.21 0.18 0.17 -1 -1 -1 -1 -1
Evo 1.01 0.00 1.00 0.98 1.00 1.00 1.00 0.14 0.01 0.04 0.05 0.18 -1 0
Result 0 -1.0 208 0.43 0.23 0.21 0.18 0.21 0.17 -1 -1 -1 -1 -1
Evo 1.00 0.00 1.00 0.99 1.00 1.00 1.00 0.10 0.00 0.01 0.08 0.26 -1 0
Result 0 0.0 2000 0.45 0.21 0.21 0.20 0.19 0.18 -1 -1 -1 -1 -1
Evo 1.00 0.00 1.00 0.99 1.00 1.00 1.00 0.10 0.00 0.02 0.08 0.27 -1 0
Result 0 0.0 2000 0.47 0.22 0.22 0.17 0.18 0.21 -1 -1 -1 -1 -1
Evo 1.00 0.00 1.00 0.99 1.00 1.00 1.00 0.10 0.00 0.01 0.06 0.20 -1 6
Result 0 0.0 2000 0.50 0.23 0.20 0.15 0.18 0.25 -1 -1 -1 -1 -1
Evo 1.00 0.00 1.00 0.99 1.00 1.00 1.00 0.10 0.00 0.06 0.05 0.18 -1 0
Result 0 0.0 2000 0.49 0.22 0.22 0.13 0.20 0.23 -1 -1 -1 -1 -1
Evo 1.00 0.00 1.00 0.99 1.00 1.00 1.00 0.10 0.00 0.01 0.21 0.39 -1 6
Result 0 0.0 2000 0.47 0.22 0.18 0.20 0.19 0.21 -1 -1 -1 -1 -1
Evo 1.00 0.00 1.00 0.99 1.00 1.00 1.00 0.10 0.00 0.01 0.25 0.45 -1 3
Result 0 0.0 2000 0.48 0.20 0.19 0.18 0.21 0.22 -1 -1 -1 -1 -1
Evo 1.00 0.00 1.00 0.99 1.00 1.00 1.00 0.10 0.00 0.06 0.06 0.22 -1 0
Result 0 0.0 2000 0.49 0.21 0.23 0.12 0.19 0.24 -1 -1 -1 -1 -1
Evo 1.00 0.00 1.00 0.99 1.00 1.00 1.00 0.10 0.00 0.01 0.16 0.33 -1 0
Result 0 0.0 2000 0.46 0.22 0.19 0.19 0.21 0.19 -1 -1 -1 -1 -1
Evo 1.00 0.00 1.00 0.99 1.00 1.00 1.00 0.10 0.00 0.01 0.08 0.21 -1 2
Result 0 0.0 2000 0.50 0.21 0.21 0.13 0.21 0.25 -1 -1 -1 -1 -1
Evo 1.00 0.00 1.00 0.99 1.00 1.00 1.00 0.10 0.00 0.06 0.21 0.42 -1 6
Result 0 0.0 2000 0.47 0.20 0.19 0.18 0.23 0.20 -1 -1 -1 -1 -1
Evo 1.00 0.00 1.00 0.99 1.00 1.00 1.00 0.10 0.00 0.01 0.08 0.28 -1 5
Result 0 0.0 2000 0.49 0.21 0.21 0.14 0.20 0.24 -1 -1 -1 -1 -1
Evo 1.00 0.00 1.00 0.99 1.00 1.00 1.00 0.10 0.00 0.06 0.05 0.20 -1 14
Result 0 0.0 2000 0.49 0.22 0.20 0.13 0.21 0.24 -1 -1 -1 -1 -1
Evo 1.00 0.00 1.00 0.99 1.00 1.00 1.00 0.10 0.00 0.01 0.06 0.18 -1 0
Result 0 0.0 2000 0.50 0.20 0.21 0.14 0.20 0.25 -1 -1 -1 -1 -1
Evo 1.00 0.00 1.00 0.99 1.00 1.00 1.00 0.10 0.00 0.01 0.18 0.34 -1 4
Result 0 0.0 2000 0.46 0.20 0.17 0.21 0.22 0.20 -1 -1 -1 -1 -1
Evo 1.00 0.00 1.00 0.99 1.00 1.00 1.00 0.10 0.00 0.01 0.06 0.20 -1 0
Result 0 0.0 2000 0.50 0.21 0.21 0.13 0.20 0.24 -1 -1 -1 -1 -1
Evo 1.00 0.00 1.00 0.99 1.00 1.00 1.00 0.10 0.00 0.06 0.06 0.21 -1 0
Result 0 0.0 2000 0.49 0.23 0.20 0.13 0.19 0.24 -1 -1 -1 -1 -1
Evo 1.00 0.00 1.00 0.99 1.00 1.00 1.00 0.10 0.00 0.01 0.20 0.35 -1 0
Result 0 0.0 2000 0.46 0.21 0.18 0.20 0.21 0.19 -1 -1 -1 -1 -1
Evo 1.00 0.00 1.00 1.00 1.00 1.00 1.00 0.06 0.00 0.01 0.06 0.20 -1 4
Result 0 -1.0 1548 0.50 0.21 0.22 0.16 0.17 0.24 -1 -1 -1 -1 -1
Evo 1.00 0.00 1.00 0.99 1.00 1.00 1.00 0.10 0.00 0.06 0.09 0.27 -1 0
Result 0 0.0 2000 0.48 0.21 0.20 0.16 0.21 0.21 -1 -1 -1 -1 -1
Evo 1.00 0.00 1.00 0.99 1.00 1.00 1.00 0.10 0.00 0.01 0.06 0.19 -1 1
Result 0 0.0 2000 0.49 0.22 0.21 0.13 0.21 0.23 -1 -1 -1 -1 -1
Evo 1.00 0.00 1.00 0.99 1.00 1.00 1.00 0.10 0.00 0.01 0.04 0.17 -1 0
Result 0 0.0 2000 0.48 0.23 0.23 0.16 0.16 0.21 -1 -1 -1 -1 -1
Evo 1.00 0.00 1.00 0.99 1.00 1.00 1.00 0.10 0.00 0.07 0.07 0.23 -1 2
Result 0 0.0 2000 0.49 0.23 0.19 0.13 0.21 0.24 -1 -1 -1 -1 -1
Evo 1.00 0.00 1.00 0.99 1.00 1.00 1.00 0.10 0.00 0.01 0.07 0.21 -1 382
Result 0 0.0 2000 0.44 0.20 0.20 0.21 0.21 0.17 -1 -1 -1 -1 -1
Evo 1.00 0.00 1.00 0.99 1.00 1.00 1.00 0.10 0.00 0.01 0.06 0.17 -1 75
Result 0 0.0 2000 0.43 0.20 0.21 0.22 0.21 0.17 -1 -1 -1 -1 -1
Evo 1.00 0.00 1.00 0.99 1.00 1.00 1.00 0.10 0.00 0.01 0.04 0.13 -1 28
Result 0 0.0 2000 0.44 0.20 0.22 0.21 0.19 0.18 -1 -1 -1 -1 -1
Evo 1.00 0.00 1.00 0.99 1.00 1.00 1.00 0.10 0.00 0.01 0.07 0.20 -1 67
Result 0 0.0 2000 0.46 0.19 0.19 0.23 0.20 0.19 -1 -1 -1 -1 -1
Evo 1.00 0.00 1.00 0.99 1.00 1.00 1.00 0.10 0.00 0.01 0.07 0.18 -1 18
Result 0 0.0 2000 0.43 0.18 0.23 0.20 0.22 0.17 -1 -1 -1 -1 -1
Evo 1.00 0.00 1.00 0.99 1.00 1.00 1.00 0.10 0.00 0.06 0.04 0.16 -1 270
Result 0 0.0 2000 0.43 0.21 0.19 0.21 0.21 0.17 -1 -1 -1 -1 -1
Evo 1.00 0.00 1.00 0.99 1.00 1.00 1.00 0.10 0.00 0.02 0.08 0.20 -1 216
Result 0 0.0 2000 0.44 0.21 0.20 0.21 0.21 0.18 -1 -1 -1 -1 -1
Evo 1.00 0.00 1.00 0.99 1.00 1.00 1.00 0.10 0.00 0.01 0.05 0.16 -1 39
Result 0 0.0 2000 0.45 0.20 0.19 0.22 0.20 0.19 -1 -1 -1 -1 -1
Evo 1.00 0.00 1.00 0.99 1.00 1.00 1.00 0.10 0.00 0.01 0.06 0.16 -1 144
Result 0 0.0 2000 0.46 0.20 0.23 0.20 0.17 0.19 -1 -1 -1 -1 -1
Evo 1.00 0.00 1.00 0.99 1.00 1.00 1.00 0.10 0.00 0.06 0.06 0.18 -1 69
Result 0 0.0 2000 0.45 0.20 0.20 0.22 0.20 0.18 -1 -1 -1 -1 -1
Evo 1.00 0.00 1.00 0.99 1.00 1.00 1.00 0.10 0.00 0.06 0.06 0.15 -1 176
Result 0 0.0 2000 0.44 0.21 0.19 0.23 0.20 0.18 -1 -1 -1 -1 -1
Evo 1.00 0.00 1.00 0.99 1.00 1.00 1.00 0.10 0.00 0.01 0.04 0.13 -1 21
Result 0 0.0 2000 0.45 0.20 0.20 0.22 0.20 0.18 -1 -1 -1 -1 -1
Evo 1.00 0.00 1.00 0.99 1.00 1.00 1.00 0.10 0.00 0.06 0.06 0.14 -1 68
Result 0 0.0 2000 0.44 0.20 0.20 0.21 0.21 0.17 -1 -1 -1 -1 -1
Evo 1.00 0.00 1.00 1.00 1.00 1.00 1.00 0.05 0.00 0.01 0.08 0.24 -1 94
Result 0 -1.0 756 0.46 0.21 0.19 0.20 0.20 0.20 -1 -1 -1 -1 -1
Evo 1.00 0.00 1.00 0.99 1.00 1.00 1.00 0.10 0.00 0.01 0.05 0.15 -1 12
Result 0 0.0 2000 0.45 0.21 0.19 0.22 0.20 0.18 -1 -1 -1 -1 -1
Evo 1.00 0.00 1.00 0.99 1.00 1.00 1.00 0.10 0.00 0.01 0.06 0.16 -1 83
Result 0 0.0 2000 0.43 0.21 0.20 0.22 0.20 0.17 -1 -1 -1 -1 -1
Evo 1.00 0.00 1.00 0.99 1.00 1.00 1.00 0.10 0.00 0.01 0.08 0.23 -1 75
Result 0 0.0 2000 0.45 0.20 0.22 0.21 0.19 0.18 -1 -1 -1 -1 -1
Evo 1.00 0.00 1.00 0.99 1.00 1.00 1.00 0.10 0.00 0.06 0.07 0.20 -1 381
Result 0 0.0 2000 0.44 0.21 0.20 0.21 0.21 0.18 -1 -1 -1 -1 -1
Evo 1.00 0.00 1.00 0.99 1.00 1.00 1.00 0.10 0.00 0.06 0.07 0.22 -1 119
Result 0 0.0 2000 0.45 0.20 0.20 0.21 0.20 0.19 -1 -1 -1 -1 -1
Evo 1.00 0.00 1.00 0.99 1.00 1.00 1.00 0.10 0.00 0.01 0.08 0.22 -1 13
Result 0 0.0 2000 0.45 0.21 0.18 0.22 0.20 0.19 -1 -1 -1 -1 -1
