Evo 1.00 0.00 1.00 0.02 0.00 0.00 0.00 0.14 0.00 0.11 0.16 0.44 982 -1
Result 1 1.0 1000 0.42 0.16 0.17 0.17 0.18 0.16 0.16 -1 -1 -1 -1
Evo 1.00 0.00 1.00 0.02 0.00 0.00 0.00 0.14 0.00 0.11 0.15 0.34 982 -1
Result 1 1.0 1000 0.43 0.17 0.17 0.17 0.17 0.15 0.17 -1 -1 -1 -1
Evo 1.00 0.00 1.00 0.02 0.00 0.00 0.00 0.14 0.00 0.11 0.17 0.39 982 -1
Result 1 1.0 1000 0.43 0.16 0.16 0.16 0.16 0.19 0.16 -1 -1 -1 -1
Evo 1.00 0.00 1.00 0.02 0.00 0.00 0.00 0.14 0.00 0.11 0.19 0.51 982 -1
Result 1 1.0 1000 0.43 0.16 0.17 0.18 0.18 0.16 0.15 -1 -1 -1 -1
Evo 1.00 0.00 1.00 0.02 0.00 0.00 0.00 0.14 0.00 0.11 0.15 0.40 982 -1
Result 1 1.0 1000 0.43 0.17 0.16 0.17 0.17 0.16 0.18 -1 -1 -1 -1
Evo 1.00 0.00 1.00 0.02 0.00 0.00 0.00 0.14 0.00 0.11 0.19 0.51 982 -1
Result 1 1.0 1000 0.42 0.16 0.17 0.17 0.18 0.16 0.16 -1 -1 -1 -1
Evo 1.00 0.00 1.00 0.02 0.00 0.00 0.00 0.14 0.00 0.24 0.14 0.37 982 -1
Result 1 1.0 1000 0.42 0.16 0.19 0.18 0.16 0.15 0.16 -1 -1 -1 -1
Evo 1.00 0.00 1.00 0.02 0.00 0.00 0.00 0.14 0.00 0.11 0.15 0.42 982 -1
Result 1 1.0 1000 0.42 0.16 0.17 0.18 0.18 0.13 0.18 -1 -1 -1 -1
Evo 1.00 0.00 1.00 0.02 0.00 0.00 0.00 0.14 0.00 0.08 0.25 0.63 982 -1
Result 1 1.0 1000 0.45 0.19 0.17 0.16 0.16 0.15 0.17 -1 -1 -1 -1
Evo 1.00 0.00 1.00 0.02 0.00 0.00 0.00 0.14 0.00 0.11 0.18 0.40 982 -1
Result 1 1.0 1000 0.42 0.16 0.16 0.17 0.18 0.17 0.17 -1 -1 -1 -1
Evo 1.00 0.00 1.00 0.02 0.00 0.00 0.00 0.14 0.00 0.09 0.16 0.39 982 -1
Result 1 1.0 1000 0.42 0.15 0.16 0.18 0.16 0.18 0.16 -1 -1 -1 -1
Evo 1.00 0.00 1.00 0.02 0.00 0.00 0.00 0.14 0.00 0.11 0.12 0.37 982 -1
Result 1 1.0 1000 0.43 0.16 0.18 0.17 0.16 0.16 0.17 -1 -1 -1 -1
Evo 1.00 0.00 1.00 0.02 0.00 0.00 0.00 0.14 0.00 0.23 0.20 0.48 982 -1
Result 1 1.0 1000 0.41 0.15 0.17 0.17 0.17 0.16 0.17 -1 -1 -1 -1
Evo 1.00 0.00 1.00 0.02 0.00 0.00 0.00 0.14 0.00 0.03 0.24 0.71 982 -1
Result 1 1.0 1000 0.44 0.18 0.17 0.15 0.16 0.17 0.17 -1 -1 -1 -1
Evo 1.00 0.00 1.00 0.02 0.00 0.00 0.00 0.14 0.00 0.11 0.21 0.69 982 -1
Result 1 1.0 1000 0.42 0.16 0.17 0.16 0.16 0.18 0.16 -1 -1 -1 -1
Evo 1.00 0.00 1.00 0.02 0.00 0.00 0.00 0.14 0.00 0.06 0.17 0.45 982 -1
Result 1 1.0 1000 0.42 0.15 0.15 0.17 0.19 0.16 0.17 -1 -1 -1 -1
Evo 1.00 0.00 1.00 0.02 0.00 0.00 0.00 0.14 0.00 0.11 0.11 0.33 982 -1
Result 1 1.0 1000 0.44 0.18 0.18 0.20 0.15 0.16 0.13 -1 -1 -1 -1
Evo 1.00 0.00 1.00 0.02 0.00 0.00 0.00 0.14 0.00 0.11 0.17 0.49 982 -1
Result 1 1.0 1000 0.42 0.15 0.17 0.18 0.15 0.17 0.17 -1 -1 -1 -1
Evo 1.00 0.00 1.00 0.02 0.00 0.00 0.00 0.14 0.00 0.11 0.17 0.41 982 -1
Result 1 1.0 1000 0.42 0.15 0.18 0.17 0.16 0.16 0.16 -1 -1 -1 -1
Evo 1.00 0.00 1.00 0.02 0.00 0.00 0.00 0.14 0.00 0.11 0.18 0.50 982 -1
Result 1 1.0 1000 0.43 0.16 0.18 0.18 0.16 0.17 0.14 -1 -1 -1 -1
Evo 1.00 0.00 1.00 0.02 0.00 0.00 0.00 0.14 0.00 0.11 0.17 0.50 982 -1
Result 1 1.0 1000 0.43 0.17 0.15 0.16 0.17 0.17 0.19 -1 -1 -1 -1
Evo 1.00 0.00 1.00 0.02 0.00 0.00 0.00 0.14 0.00 0.11 0.19 0.57 982 -1
Result 1 1.0 1000 0.43 0.16 0.15 0.18 0.17 0.18 0.16 -1 -1 -1 -1
Evo 1.00 0.00 1.00 0.02 0.00 0.00 0.00 0.14 0.00 0.11 0.19 0.61 982 -1
Result 1 1.0 1000 0.43 0.17 0.19 0.14 0.17 0.16 0.17 -1 -1 -1 -1
Evo 1.00 0.00 1.00 0.02 0.00 0.00 0.00 0.14 0.00 0.11 0.21 0.55 982 -1
Result 1 1.0 1000 0.42 0.16 0.17 0.15 0.19 0.18 0.15 -1 -1 -1 -1
Evo 1.00 0.00 1.00 0.02 0.00 0.00 0.00 0.14 0.00 0.11 0.21 0.55 982 -1
Result 1 1.0 1000 0.44 0.17 0.17 0.17 0.14 0.20 0.15 -1 -1 -1 -1
Evo 1.00 0.00 1.00 0.02 0.00 0.00 0.00 0.14 0.00 0.08 0.16 0.45 982 -1
Result 1 1.0 1000 0.43 0.17 0.18 0.15 0.15 0.16 0.19 -1 -1 -1 -1
Evo 1.00 0.00 1.00 0.02 0.00 0.00 0.00 0.14 0.00 0.10 0.20 0.55 982 -1
Result 1 1.0 1000 0.44 0.17 0.16 0.16 0.18 0.16 0.17 -1 -1 -1 -1
Evo 1.00 0.00 1.00 0.02 0.00 0.00 0.00 0.14 0.00 0.11 0.25 0.62 982 -1
Result 1 1.0 1000 0.44 0.18 0.17 0.17 0.17 0.16 0.16 -1 -1 -1 -1
Evo 1.00 0.00 1.00 0.02 0.00 0.00 0.00 0.14 0.00 0.11 0.21 0.57 982 -1
Result 1 1.0 1000 0.41 0.15 0.18 0.15 0.17 0.16 0.19 -1 -1 -1 -1
Evo 1.00 0.00 1.00 0.02 0.00 0.00 0.00 0.14 0.00 0.11 0.25 0.72 982 -1
Result 1 1.0 1000 0.42 0.16 0.16 0.18 0.17 0.17 0.17 -1 -1 -1 -1
Evo 1.00 0.00 1.00 0.02 0.00 0.00 0.00 0.14 0.00 0.04 0.17 0.85 982 -1
Result 1 1.0 1000 0.42 0.16 0.19 0.16 0.17 0.16 0.16 -1 -1 -1 -1
Evo 1.00 0.00 1.00 0.02 0.00 0.00 0.00 0.14 0.00 0.10 0.24 0.63 982 -1
Result 1 1.0 1000 0.42 0.16 0.17 0.17 0.16 0.15 0.19 -1 -1 -1 -1
Evo 1.00 0.00 1.00 0.02 0.00 0.00 0.00 0.14 0.00 0.11 0.23 0.65 982 -1
Result 1 1.0 1000 0.41 0.15 0.15 0.17 0.17 0.18 0.18 -1 -1 -1 -1
Evo 1.00 0.00 1.00 0.02 0.00 0.00 0.00 0.14 0.00 0.08 0.23 0.64 982 -1
Result 1 1.0 1000 0.46 0.19 0.16 0.15 0.16 0.17 0.17 -1 -1 -1 -1
Evo 1.00 0.00 1.00 0.02 0.00 0.00 0.00 0.14 0.00 0.12 0.19 0.56 982 -1
Result 1 1.0 1000 0.43 0.17 0.18 0.16 0.14 0.17 0.17 -1 -1 -1 -1
Evo 1.00 0.00 1.00 0.02 0.00 0.00 0.00 0.14 0.00 0.16 0.20 0.60 982 -1
Result 1 1.0 1000 0.44 0.17 0.17 0.17 0.17 0.16 0.15 -1 -1 -1 -1
Evo 1.00 0.00 1.00 0.02 0.00 0.00 0.00 0.14 0.00 0.01 0.20 0.59 982 -1
Result 1 1.0 1000 0.42 0.15 0.15 0.19 0.16 0.19 0.16 -1 -1 -1 -1
Evo 1.00 0.00 1.00 0.02 0.00 0.00 0.00 0.14 0.00 0.11 0.21 0.63 982 -1
Result 1 1.0 1000 0.43 0.17 0.17 0.17 0.16 0.16 0.18 -1 -1 -1 -1
Evo 1.00 0.00 1.00 0.02 0.00 0.00 0.00 0.14 0.00 0.24 0.17 0.57 982 -1
Result 1 1.0 1000 0.43 0.17 0.16 0.16 0.16 0.17 0.18 -1 -1 -1 -1
Evo 1.00 0.00 1.00 0.02 0.00 0.00 0.00 0.14 0.00 0.06 0.18 0.51 982 -1
Result 1 3.0 1000 0.44 0.18 0.15 0.20 0.17 0.14 0.16 -1 -1 -1 -1
Evo 1.00 0.00 1.00 0.02 0.00 0.00 0.00 0.14 0.00 0.11 0.20 0.61 982 -1
Result 1 1.0 1000 0.45 0.19 0.16 0.17 0.15 0.15 0.18 -1 -1 -1 -1
Evo 1.00 0.00 0.00 0.00 0.00 0.00 0.00 0.00 0.00 0.08 0.11 0.45 -1 618
Result 0 -20.0 636 0.44 0.17 0.18 0.16 0.15 0.15 0.19 -1 -1 -1 -1
Evo 1.00 0.50 1.00 0.51 0.50 0.50 0.50 0.07 0.00 0.10 0.20 0.58 982 -1
Result 1 1.0 1000 0.43 0.17 0.14 0.17 0.15 0.20 0.17 -1 -1 -1 -1
Evo 1.00 0.00 0.50 0.48 0.50 0.50 0.50 0.10 0.01 0.52 0.15 0.50 -1 398
Result 0 -12.0 416 0.40 0.14 0.17 0.17 0.17 0.18 0.17 -1 -1 -1 -1
Evo 1.00 0.50 1.00 0.51 0.50 0.50 0.50 0.07 0.00 0.11 0.23 0.60 982 -1
Result 1 1.0 1000 0.42 0.16 0.18 0.15 0.17 0.18 0.16 -1 -1 -1 -1
Evo 1.00 0.00 0.50 0.47 0.50 0.50 0.50 0.12 0.01 0.50 0.08 0.41 -1 278
Result 0 -10.0 296 0.47 0.21 0.19 0.15 0.13 0.18 0.14 -1 -1 -1 -1
Evo 1.00 0.00 0.50 0.48 0.50 0.50 0.50 0.10 0.00 0.02 0.08 0.36 -1 458
Result 0 -20.0 476 0.44 0.18 0.18 0.19 0.14 0.13 0.19 -1 -1 -1 -1
Evo 1.00 0.00 0.50 0.49 0.50 0.50 0.50 0.08 0.00 0.31 0.17 0.52 -1 798
Result 0 -37.0 816 0.43 0.16 0.18 0.15 0.16 0.17 0.18 -1 -1 -1 -1
Evo 1.00 0.00 1.00 0.51 0.50 0.50 0.50 0.08 0.00 0.01 0.26 0.65 982 438
Result 1 1.0 1000 0.41 0.15 0.16 0.17 0.17 0.17 0.17 -1 -1 -1 -1
Evo 1.00 0.50 1.00 0.51 0.50 0.50 0.50 0.07 0.00 0.31 0.22 0.64 982 -1
Result 1 1.0 1000 0.45 0.18 0.16 0.17 0.16 0.16 0.15 -1 -1 -1 -1
Evo 1.00 0.00 0.50 0.49 0.50 0.50 0.50 0.07 0.00 0.42 0.18 0.51 -1 858
Result 0 -40.0 876 0.44 0.17 0.19 0.15 0.18 0.14 0.17 -1 -1 -1 -1
Evo 1.00 0.00 0.50 0.49 0.50 0.50 0.50 0.08 0.00 0.36 0.17 0.46 -1 678
Result 0 -31.0 696 0.43 0.17 0.19 0.17 0.15 0.16 0.16 -1 -1 -1 -1
Evo 1.00 0.50 1.00 0.51 0.50 0.50 0.50 0.07 0.00 0.11 0.19 0.62 982 -1
Result 1 1.0 1000 0.44 0.18 0.16 0.15 0.19 0.15 0.17 -1 -1 -1 -1
Evo 1.00 0.00 0.50 0.48 0.50 0.50 0.50 0.09 0.00 0.39 0.15 0.50 -1 518
Result 0 -23.0 536 0.46 0.20 0.16 0.16 0.17 0.16 0.16 -1 -1 -1 -1
Evo 1.00 0.50 1.00 0.51 0.50 0.50 0.50 0.07 0.00 0.11 0.22 0.66 982 -1
Result 1 1.0 1000 0.41 0.15 0.17 0.17 0.17 0.17 0.16 -1 -1 -1 -1
Evo 1.00 0.00 0.50 0.48 0.50 0.50 0.50 0.09 0.00 0.53 0.12 0.45 -1 498
Result 0 -22.0 516 0.45 0.19 0.17 0.16 0.15 0.17 0.17 -1 -1 -1 -1
Evo 1.00 0.50 1.00 0.51 0.50 0.50 0.50 0.07 0.00 0.11 0.25 0.64 982 -1
Result 1 1.0 1000 0.41 0.15 0.16 0.18 0.16 0.16 0.19 -1 -1 -1 -1
Evo 1.00 0.00 0.50 0.49 0.50 0.50 0.50 0.08 0.00 0.28 0.19 0.59 -1 698
Result 0 -7.0 716 0.43 0.16 0.18 0.16 0.18 0.17 0.15 -1 -1 -1 -1
Evo 1.00 0.50 1.00 0.51 0.50 0.50 0.50 0.07 0.00 0.14 0.23 0.59 982 -1
Result 1 1.0 1000 0.43 0.16 0.18 0.16 0.18 0.16 0.16 -1 -1 -1 -1
Evo 1.00 0.50 1.00 0.51 0.50 0.50 0.50 0.07 0.00 0.53 0.15 0.44 982 -1
Result 1 1.0 1000 0.41 0.15 0.13 0.15 0.20 0.18 0.18 -1 -1 -1 -1
Evo 1.00 0.50 1.00 0.51 0.50 0.50 0.50 0.07 0.00 0.11 0.17 0.47 982 -1
Result 1 1.0 1000 0.45 0.19 0.16 0.18 0.15 0.15 0.17 -1 -1 -1 -1
Evo 1.00 0.00 0.50 0.48 0.50 0.50 0.50 0.09 0.00 0.17 0.09 0.49 -1 573
Result 0 -19.0 591 0.45 0.19 0.15 0.16 0.16 0.16 0.18 -1 -1 -1 -1
Evo 1.00 0.50 1.00 0.51 0.50 0.50 0.50 0.07 0.00 0.08 0.14 0.46 982 -1
Result 1 1.0 1000 0.42 0.16 0.17 0.18 0.18 0.15 0.16 -1 -1 -1 -1
Evo 1.00 0.50 1.00 0.51 0.50 0.50 0.50 0.07 0.00 0.11 0.19 0.53 982 -1
Result 1 1.0 1000 0.44 0.18 0.17 0.18 0.17 0.17 0.14 -1 -1 -1 -1
Evo 1.00 0.50 1.00 0.51 0.50 0.50 0.50 0.07 0.00 0.10 0.17 0.53 982 -1
Result 1 1.0 1000 0.43 0.17 0.16 0.16 0.17 0.14 0.19 -1 -1 -1 -1
Evo 1.00 0.50 1.00 0.51 0.50 0.50 0.50 0.07 0.00 0.11 0.19 0.48 982 -1
Result 1 1.0 1000 0.44 0.17 0.17 0.18 0.18 0.14 0.16 -1 -1 -1 -1
Evo 1.00 0.50 1.00 0.51 0.50 0.50 0.50 0.07 0.00 0.11 0.20 0.60 982 -1
Result 1 1.0 1000 0.42 0.16 0.17 0.16 0.16 0.16 0.19 -1 -1 -1 -1
Evo 1.00 0.50 1.00 0.51 0.50 0.50 0.50 0.07 0.00 0.33 0.22 0.70 982 -1
Result 1 1.0 1000 0.42 0.16 0.18 0.17 0.15 0.16 0.18 -1 -1 -1 -1
Evo 1.00 0.50 1.00 0.51 0.50 0.50 0.50 0.07 0.00 0.11 0.16 0.47 982 -1
Result 1 1.0 1000 0.44 0.17 0.16 0.16 0.18 0.16 0.17 -1 -1 -1 -1
Evo 1.00 0.50 1.00 0.51 0.50 0.50 0.50 0.07 0.00 0.11 0.19 0.57 982 -1
Result 1 1.0 1000 0.41 0.15 0.17 0.17 0.16 0.17 0.17 -1 -1 -1 -1
Evo 1.00 0.50 1.00 0.51 0.50 0.50 0.50 0.07 0.00 0.11 0.22 0.57 982 -1
Result 1 1.0 1000 0.41 0.15 0.18 0.18 0.17 0.16 0.17 -1 -1 -1 -1
Evo 1.00 0.50 1.00 0.51 0.50 0.50 0.50 0.07 0.00 0.09 0.28 0.65 982 -1
Result 1 1.0 1000 0.43 0.16 0.18 0.15 0.17 0.18 0.16 -1 -1 -1 -1
Evo 1.00 0.50 1.00 0.51 0.50 0.50 0.50 0.07 0.00 0.11 0.19 0.46 982 -1
Result 1 1.0 1000 0.42 0.15 0.18 0.18 0.15 0.17 0.16 -1 -1 -1 -1
Evo 1.00 0.50 1.00 0.51 0.50 0.50 0.50 0.07 0.00 0.11 0.19 0.44 982 -1
Result 1 1.0 1000 0.42 0.16 0.17 0.16 0.17 0.18 0.17 -1 -1 -1 -1
Evo 1.00 0.50 1.00 0.51 0.50 0.50 0.50 0.07 0.00 0.01 0.17 0.41 982 -1
Result 1 1.0 1000 0.44 0.17 0.16 0.18 0.15 0.17 0.17 -1 -1 -1 -1
Evo 1.00 0.50 1.00 0.51 0.50 0.50 0.50 0.07 0.00 0.11 0.17 0.52 982 -1
Result 1 1.0 1000 0.43 0.17 0.16 0.17 0.16 0.18 0.17 -1 -1 -1 -1
Evo 1.00 0.50 1.00 0.51 0.50 0.50 0.50 0.07 0.00 0.11 0.17 0.61 982 -1
Result 1 1.0 1000 0.43 0.16 0.15 0.17 0.18 0.17 0.16 -1 -1 -1 -1
Evo 1.00 0.50 1.00 0.51 0.50 0.50 0.50 0.07 0.00 0.16 0.22 0.59 982 -1
Result 1 1.0 1000 0.43 0.16 0.16 0.17 0.14 0.17 0.19 -1 -1 -1 -1
Evo 1.00 0.50 1.00 0.51 0.50 0.50 0.50 0.07 0.00 0.11 0.16 0.45 982 -1
Result 1 1.0 1000 0.42 0.15 0.19 0.18 0.14 0.18 0.15 -1 -1 -1 -1
Evo 1.00 0.50 1.00 0.51 0.50 0.50 0.50 0.07 0.00 0.36 0.18 0.53 982 -1
Result 1 1.0 1000 0.41 0.15 0.17 0.16 0.19 0.17 0.15 -1 -1 -1 -1
Evo 1.00 0.50 1.00 0.51 0.50 0.50 0.50 0.07 0.00 0.11 0.20 0.47 982 -1
Result 1 1.0 1000 0.41 0.15 0.17 0.16 0.18 0.19 0.15 -1 -1 -1 -1
Evo 1.00 0.50 1.00 0.51 0.50 0.50 0.50 0.07 0.00 0.02 0.16 0.41 982 -1
Result 1 1.0 1000 0.42 0.16 0.18 0.16 0.17 0.16 0.17 -1 -1 -1 -1
Evo 1.00 0.50 1.00 0.51 0.50 0.50 0.50 0.07 0.00 0.11 0.20 0.39 982 -1
Result 1 1.0 1000 0.41 0.15 0.17 0.16 0.17 0.18 0.16 -1 -1 -1 -1
Evo 1.00 0.50 1.00 0.51 0.50 0.50 0.50 0.07 0.00 0.38 0.17 0.37 982 -1
Result 1 1.0 1000 0.43 0.16 0.17 0.15 0.16 0.18 0.18 -1 -1 -1 -1
Evo 1.00 0.50 1.00 0.51 0.50 0.50 0.50 0.07 0.00 0.11 0.18 0.46 982 -1
Result 1 1.0 1000 0.43 0.17 0.17 0.16 0.18 0.15 0.18 -1 -1 -1 -1
Evo 1.00 0.50 1.00 0.51 0.50 0.50 0.50 0.07 0.00 0.11 0.15 0.32 982 -1
Result 1 1.0 1000 0.44 0.17 0.17 0.16 0.16 0.15 0.18 -1 -1 -1 -1
Evo 1.00 0.50 1.00 0.51 0.50 0.50 0.50 0.07 0.00 0.15 0.14 0.34 982 -1
Result 1 1.0 1000 0.45 0.19 0.17 0.16 0.16 0.16 0.16 -1 -1 -1 -1
Evo 1.00 0.50 1.00 0.51 0.50 0.50 0.50 0.07 0.00 0.11 0.18 0.33 982 -1
Result 1 1.0 1000 0.44 0.17 0.18 0.15 0.17 0.15 0.17 -1 -1 -1 -1
Evo 1.00 0.50 1.00 0.51 0.50 0.50 0.50 0.07 0.00 0.11 0.20 0.53 982 -1
Result 1 1.0 1000 0.41 0.15 0.16 0.19 0.17 0.17 0.16 -1 -1 -1 -1
Evo 1.00 0.50 1.00 0.51 0.50 0.50 0.50 0.07 0.00 0.11 0.12 0.29 982 -1
Result 1 1.0 1000 0.43 0.16 0.16 0.15 0.17 0.18 0.17 -1 -1 -1 -1
Evo 1.00 0.50 1.00 0.51 0.50 0.50 0.50 0.07 0.00 0.09 0.18 0.40 982 -1
Result 1 1.0 1000 0.42 0.16 0.16 0.17 0.17 0.18 0.16 -1 -1 -1 -1
Evo 1.00 0.50 1.00 0.51 0.50 0.50 0.50 0.07 0.00 0.11 0.15 0.31 982 -1
Result 1 1.0 1000 0.43 0.17 0.16 0.18 0.16 0.17 0.15 -1 -1 -1 -1
Evo 1.00 0.50 1.00 0.51 0.50 0.50 0.50 0.07 0.00 0.11 0.19 0.52 982 -1
Result 1 1.0 1000 0.40 0.14 0.17 0.19 0.16 0.15 0.19 -1 -1 -1 -1
Evo 1.00 0.50 1.00 0.51 0.50 0.50 0.50 0.07 0.00 0.11 0.16 0.30 982 -1
Result 1 1.0 1000 0.43 0.17 0.16 0.17 0.17 0.17 0.16 -1 -1 -1 -1
Evo 1.00 0.50 1.00 0.51 0.50 0.50 0.50 0.07 0.00 0.10 0.15 0.36 982 -1
Result 1 1.0 1000 0.42 0.15 0.17 0.17 0.18 0.17 0.16 -1 -1 -1 -1
Evo 1.00 0.50 1.00 0.51 0.50 0.50 0.50 0.07 0.00 0.11 0.29 0.89 982 -1
Result 1 1.0 1000 0.42 0.15 0.18 0.17 0.17 0.17 0.16 -1 -1 -1 -1
Evo 1.00 0.50 1.00 0.51 0.50 0.50 0.50 0.07 0.00 0.09 0.17 0.34 982 -1
Result 1 1.0 1000 0.44 0.17 0.17 0.18 0.17 0.16 0.15 -1 -1 -1 -1
Evo 1.00 0.50 1.00 0.51 0.50 0.50 0.50 0.07 0.00 0.20 0.10 0.30 982 -1
Result 1 1.0 1000 0.44 0.17 0.17 0.15 0.18 0.16 0.17 -1 -1 -1 -1
Evo 1.00 0.50 1.00 0.51 0.50 0.50 0.50 0.07 0.00 0.11 0.17 0.41 982 -1
Result 1 1.0 1000 0.44 0.18 0.17 0.17 0.16 0.17 0.15 -1 -1 -1 -1
Evo 1.00 0.50 1.00 0.51 0.50 0.50 0.50 0.07 0.00 0.09 0.17 0.39 982 -1
Result 1 1.0 1000 0.44 0.18 0.17 0.17 0.18 0.15 0.16 -1 -1 -1 -1
