Evo 1.00 0.00 1.00 0.22 0.04 0.09 0.25 0.30 0.01 0.07 0.39 0.83 -1 766
Result 0 -68.0 809 0.41 0.15 0.16 0.15 0.18 0.17 0.19 -1 -1 -1 -1
Evo 1.00 1.00 1.00 1.00 1.00 1.00 1.00 0.00 0.00 0.14 0.29 0.58 982 -1
Result 1 1.0 1000 0.44 0.17 0.16 0.18 0.16 0.16 0.16 -1 -1 -1 -1
Evo 1.00 0.50 1.00 0.51 0.50 0.50 0.50 0.07 0.00 0.05 0.43 0.86 982 -1
Result 1 1.0 1000 0.42 0.16 0.15 0.16 0.18 0.17 0.18 -1 -1 -1 -1
Evo 1.00 0.00 0.50 0.49 0.50 0.50 0.50 0.06 0.00 0.08 0.37 0.65 -1 866
Result 0 -58.0 933 0.44 0.17 0.17 0.16 0.17 0.18 0.16 -1 -1 -1 -1
Evo 1.00 0.00 0.50 0.49 0.50 0.50 0.50 0.08 0.00 0.06 0.26 0.62 -1 785
Result 0 -56.0 811 0.43 0.16 0.17 0.17 0.15 0.17 0.17 -1 -1 -1 -1
Evo 1.00 0.00 0.50 0.49 0.50 0.50 0.50 0.07 0.00 0.07 0.24 0.43 -1 807
Result 0 -59.0 955 0.42 0.16 0.17 0.18 0.16 0.16 0.17 -1 -1 -1 -1
Evo 1.00 0.00 0.50 0.49 0.50 0.50 0.50 0.07 0.00 0.05 0.44 0.86 -1 888
Result 0 -50.0 929 0.43 0.16 0.15 0.17 0.17 0.18 0.17 -1 -1 -1 -1
Evo 1.00 0.50 1.00 0.51 0.50 0.50 0.50 0.07 0.00 0.09 0.36 0.57 982 -1
Result 1 1.0 1000 0.43 0.16 0.16 0.16 0.18 0.16 0.18 -1 -1 -1 -1
Evo 1.00 0.50 1.00 0.51 0.50 0.50 0.50 0.07 0.00 0.20 0.34 0.69 982 -1
Result 1 1.0 1000 0.42 0.16 0.17 0.16 0.17 0.18 0.16 -1 -1 -1 -1
Evo 1.00 0.50 1.00 0.51 0.50 0.50 0.50 0.07 0.00 0.08 0.28 0.54 982 -1
Result 1 1.0 1000 0.45 0.18 0.18 0.16 0.17 0.15 0.16 -1 -1 -1 -1
Evo 1.00 0.50 1.00 0.51 0.50 0.50 0.50 0.07 0.00 0.03 0.51 0.85 982 -1
Result 1 1.0 1000 0.43 0.17 0.15 0.15 0.17 0.18 0.17 -1 -1 -1 -1
Evo 1.00 0.50 1.00 0.51 0.50 0.50 0.50 0.07 0.00 0.23 0.26 0.44 982 -1
Result 1 1.0 1000 0.44 0.18 0.16 0.18 0.17 0.15 0.15 -1 -1 -1 -1
Evo 1.00 0.00 1.00 0.51 0.50 0.50 0.50 0.07 0.00 0.08 0.30 0.60 982 933
Result 1 1.0 1000 0.42 0.16 0.14 0.17 0.17 0.18 0.18 -1 -1 -1 -1
Evo 1.00 0.50 1.00 0.51 0.50 0.50 0.50 0.07 0.00 0.03 0.39 0.71 982 -1
Result 1 1.0 1000 0.45 0.18 0.18 0.15 0.18 0.15 0.16 -1 -1 -1 -1
Evo 1.00 0.50 1.00 0.51 0.50 0.50 0.50 0.07 0.00 0.06 0.41 0.76 982 -1
Result 1 1.0 1000 0.42 0.16 0.17 0.17 0.16 0.17 0.17 -1 -1 -1 -1
Evo 1.00 0.00 0.50 0.49 0.50 0.50 0.50 0.07 0.00 0.07 0.39 0.78 -1 765
Result 0 -68.0 809 0.41 0.15 0.18 0.15 0.17 0.19 0.17 -1 -1 -1 -1
Evo 1.00 0.50 1.00 0.51 0.50 0.50 0.50 0.07 0.00 0.08 0.45 0.84 982 -1
Result 1 1.0 1000 0.43 0.16 0.16 0.17 0.18 0.15 0.17 -1 -1 -1 -1
Evo 1.00 0.50 1.00 0.51 0.50 0.50 0.50 0.07 0.00 0.13 0.35 0.68 982 -1
Result 1 1.0 1000 0.42 0.16 0.15 0.18 0.17 0.17 0.17 -1 -1 -1 -1
Evo 1.00 0.00 0.50 0.49 0.50 0.50 0.50 0.07 0.00 0.22 0.43 0.81 -1 888
Result 0 -46.0 923 0.43 0.17 0.17 0.17 0.17 0.15 0.17 -1 -1 -1 -1
Evo 1.00 0.50 1.00 0.51 0.50 0.50 0.50 0.07 0.00 0.06 0.34 0.80 982 -1
Result 1 1.0 1000 0.43 0.16 0.16 0.13 0.15 0.19 0.20 -1 -1 -1 -1
Evo 1.00 0.50 1.00 0.51 0.50 0.50 0.50 0.07 0.00 0.02 0.44 0.83 982 -1
Result 1 1.0 1000 0.43 0.16 0.16 0.15 0.17 0.18 0.17 -1 -1 -1 -1
Evo 1.00 0.00 0.50 0.49 0.50 0.50 0.50 0.08 0.00 0.07 0.27 0.51 -1 745
Result 0 -60.0 763 0.42 0.16 0.18 0.16 0.17 0.16 0.18 -1 -1 -1 -1
Evo 1.00 0.50 1.00 0.51 0.50 0.50 0.50 0.07 0.00 0.12 0.43 0.83 982 -1
Result 1 1.0 1000 0.43 0.16 0.18 0.15 0.16 0.17 0.17 -1 -1 -1 -1
Evo 1.00 0.00 0.50 0.49 0.50 0.50 0.50 0.08 0.00 0.18 0.24 0.55 -1 740
Result 0 -54.0 759 0.41 0.15 0.17 0.18 0.19 0.16 0.16 -1 -1 -1 -1
Evo 1.00 0.50 1.00 0.51 0.50 0.50 0.50 0.07 0.00 0.17 0.29 0.53 982 -1
Result 1 1.0 1000 0.43 0.16 0.15 0.17 0.19 0.16 0.16 -1 -1 -1 -1
Evo 1.00 0.50 1.00 0.51 0.50 0.50 0.50 0.07 0.00 0.10 0.27 0.49 982 -1
Result 1 1.0 1000 0.44 0.18 0.18 0.17 0.16 0.16 0.15 -1 -1 -1 -1
Evo 1.00 0.50 1.00 0.51 0.50 0.50 0.50 0.07 0.00 0.08 0.35 0.84 982 -1
Result 1 1.0 1000 0.43 0.17 0.15 0.18 0.16 0.16 0.18 -1 -1 -1 -1
Evo 1.00 0.00 1.00 0.51 0.50 0.50 0.50 0.07 0.00 0.06 0.43 0.83 982 803
Result 1 1.0 1000 0.45 0.18 0.17 0.15 0.18 0.16 0.16 -1 -1 -1 -1
Evo 1.00 0.50 1.00 0.51 0.50 0.50 0.50 0.07 0.00 0.14 0.26 0.44 982 -1
Result 1 1.0 1000 0.41 0.15 0.19 0.18 0.16 0.16 0.15 -1 -1 -1 -1
Evo 1.00 0.00 1.00 0.51 0.50 0.50 0.50 0.07 0.00 0.08 0.35 0.59 982 868
Result 1 1.0 1000 0.40 0.14 0.15 0.19 0.17 0.19 0.15 -1 -1 -1 -1
Evo 1.00 0.50 1.00 0.51 0.50 0.50 0.50 0.07 0.00 0.25 0.34 0.58 982 -1
Result 1 1.0 1000 0.43 0.16 0.16 0.16 0.20 0.15 0.17 -1 -1 -1 -1
Evo 1.00 0.00 1.00 0.51 0.50 0.50 0.50 0.08 0.00 0.04 0.30 0.74 982 803
Result 1 1.0 1000 0.44 0.18 0.16 0.16 0.18 0.17 0.16 -1 -1 -1 -1
Evo 1.00 0.50 1.00 0.51 0.50 0.50 0.50 0.07 0.00 0.25 0.52 0.85 982 -1
Result 1 1.0 1000 0.41 0.15 0.17 0.16 0.18 0.18 0.17 -1 -1 -1 -1
Evo 1.00 0.50 1.00 0.51 0.50 0.50 0.50 0.07 0.00 0.04 0.37 0.80 982 918
Result 1 1.0 1000 0.43 0.16 0.18 0.16 0.16 0.16 0.18 -1 -1 -1 -1
Evo 1.00 0.00 0.50 0.49 0.50 0.50 0.50 0.06 0.00 0.04 0.22 0.47 -1 797
Result 0 -48.0 939 0.41 0.15 0.18 0.18 0.15 0.16 0.18 -1 -1 -1 -1
Evo 1.00 0.00 1.00 0.51 0.50 0.50 0.50 0.07 0.00 0.04 0.47 0.83 982 792
Result 1 1.0 1000 0.43 0.16 0.18 0.16 0.14 0.17 0.18 -1 -1 -1 -1
Evo 1.00 0.00 0.50 0.49 0.50 0.50 0.50 0.06 0.00 0.06 0.38 0.85 -1 914
Result 0 -49.0 973 0.41 0.15 0.17 0.14 0.18 0.18 0.19 -1 -1 -1 -1
Evo 1.00 0.00 0.50 0.49 0.50 0.50 0.50 0.07 0.00 0.07 0.21 0.46 -1 771
Result 0 -45.0 805 0.43 0.17 0.18 0.18 0.18 0.15 0.15 -1 -1 -1 -1
Evo 1.00 0.50 1.00 0.51 0.50 0.50 0.50 0.07 0.00 0.11 0.42 0.77 982 -1
Result 1 1.0 1000 0.43 0.17 0.16 0.17 0.17 0.15 0.18 -1 -1 -1 -1
Evo 1.00 0.50 1.00 0.51 0.50 0.50 0.50 0.07 0.00 0.20 0.33 0.62 982 -1
Result 1 1.0 1000 0.44 0.18 0.15 0.17 0.17 0.18 0.15 -1 -1 -1 -1
Evo 1.00 0.00 0.50 0.49 0.50 0.50 0.50 0.08 0.00 0.01 0.24 0.68 -1 810
Result 0 -100.0 835 0.41 0.15 0.19 0.15 0.16 0.16 0.19 -1 -1 -1 -1
Evo 1.00 0.00 0.50 0.49 0.50 0.50 0.50 0.06 0.00 0.01 0.23 0.44 -1 766
Result 0 -75.0 971 0.44 0.17 0.18 0.19 0.15 0.14 0.17 -1 -1 -1 -1
Evo 1.00 0.50 1.00 0.51 0.50 0.50 0.50 0.07 0.00 0.05 0.39 0.74 982 860
Result 1 1.0 1000 0.45 0.18 0.16 0.15 0.19 0.16 0.15 -1 -1 -1 -1
Evo 1.00 0.50 1.00 0.51 0.50 0.50 0.50 0.07 0.00 0.07 0.26 0.43 982 799
Result 1 1.0 1000 0.43 0.17 0.17 0.17 0.18 0.16 0.16 -1 -1 -1 -1
Evo 1.00 0.00 0.50 0.48 0.50 0.50 0.50 0.09 0.00 0.01 0.35 0.69 -1 743
Result 0 -94.0 779 0.43 0.17 0.17 0.16 0.17 0.17 0.17 -1 -1 -1 -1
Evo 1.00 0.00 1.00 0.51 0.50 0.50 0.50 0.07 0.00 0.01 0.31 0.60 982 883
Result 1 1.0 1000 0.45 0.18 0.16 0.18 0.17 0.16 0.15 -1 -1 -1 -1
Evo 1.00 0.00 0.50 0.49 0.50 0.50 0.50 0.08 0.00 0.02 0.32 0.67 -1 656
Result 0 -81.0 755 0.40 0.14 0.15 0.15 0.21 0.16 0.18 -1 -1 -1 -1
Evo 1.00 0.00 0.50 0.49 0.50 0.50 0.50 0.06 0.00 0.11 0.14 0.37 -1 885
Result 0 -103.0 903 0.43 0.17 0.15 0.18 0.18 0.17 0.14 -1 -1 -1 -1
Evo 1.00 0.00 0.50 0.49 0.50 0.50 0.50 0.07 0.00 0.25 0.27 0.45 -1 809
Result 0 -92.0 827 0.42 0.16 0.16 0.18 0.18 0.15 0.16 -1 -1 -1 -1
Evo 1.00 0.00 0.50 0.49 0.50 0.50 0.50 0.07 0.00 0.13 0.30 0.62 -1 714
Result 0 -95.0 867 0.42 0.16 0.17 0.17 0.19 0.16 0.16 -1 -1 -1 -1
Evo 1.00 0.00 0.50 0.49 0.50 0.50 0.50 0.07 0.00 0.03 0.34 0.69 -1 844
Result 0 -84.0 859 0.42 0.16 0.17 0.14 0.19 0.16 0.17 -1 -1 -1 -1
Evo 1.00 0.50 1.00 0.51 0.50 0.50 0.50 0.07 0.00 0.03 0.35 0.66 982 -1
Result 1 1.0 1000 0.42 0.16 0.16 0.16 0.17 0.16 0.18 -1 -1 -1 -1
Evo 1.00 0.00 1.00 0.51 0.50 0.50 0.50 0.07 0.00 0.03 0.32 0.57 982 906
Result 1 1.0 1000 0.43 0.16 0.18 0.16 0.16 0.18 0.15 -1 -1 -1 -1
Evo 1.00 0.00 0.50 0.49 0.50 0.50 0.50 0.07 0.00 0.04 0.24 0.51 -1 791
Result 0 -81.0 833 0.43 0.16 0.16 0.18 0.17 0.18 0.15 -1 -1 -1 -1
Evo 1.00 0.00 0.50 0.49 0.50 0.50 0.50 0.07 0.00 0.05 0.19 0.55 -1 713
Result 0 -79.0 733 0.44 0.17 0.17 0.16 0.15 0.16 0.19 -1 -1 -1 -1
Evo 1.00 0.00 0.50 0.49 0.50 0.50 0.50 0.07 0.00 0.04 0.21 0.41 -1 802
Result 0 -81.0 899 0.42 0.16 0.17 0.18 0.17 0.15 0.17 -1 -1 -1 -1
Evo 1.00 0.00 0.50 0.49 0.50 0.50 0.50 0.08 0.00 0.18 0.25 0.44 -1 642
Result 0 -93.0 739 0.42 0.16 0.18 0.17 0.18 0.15 0.17 -1 -1 -1 -1
Evo 1.00 0.00 0.50 0.49 0.50 0.50 0.50 0.07 0.00 0.33 0.21 0.40 -1 713
Result 0 -89.0 755 0.45 0.19 0.16 0.18 0.16 0.14 0.18 -1 -1 -1 -1
Evo 1.00 0.50 1.00 0.51 0.50 0.50 0.50 0.07 0.00 0.11 0.32 0.71 982 -1
Result 1 1.0 1000 0.44 0.17 0.16 0.16 0.17 0.18 0.16 -1 -1 -1 -1
Evo 1.00 0.00 0.50 0.49 0.50 0.50 0.50 0.08 0.00 0.02 0.22 0.42 -1 671
Result 0 -79.0 723 0.43 0.17 0.18 0.15 0.17 0.15 0.18 -1 -1 -1 -1
Evo 1.00 0.50 1.00 0.51 0.50 0.50 0.50 0.07 0.00 0.01 0.26 0.47 982 975
Result 1 1.0 1000 0.43 0.16 0.18 0.15 0.18 0.16 0.17 -1 -1 -1 -1
Evo 1.00 0.50 1.00 0.51 0.50 0.50 0.50 0.07 0.00 0.02 0.26 0.47 982 -1
Result 1 1.0 1000 0.42 0.16 0.17 0.18 0.16 0.17 0.17 -1 -1 -1 -1
Evo 1.00 0.50 1.00 0.51 0.50 0.50 0.50 0.07 0.00 0.08 0.25 0.55 982 -1
Result 1 1.0 1000 0.41 0.15 0.19 0.16 0.15 0.17 0.17 -1 -1 -1 -1
Evo 1.00 0.50 1.00 0.51 0.50 0.50 0.50 0.07 0.00 0.06 0.38 0.78 982 -1
Result 1 1.0 1000 0.42 0.16 0.17 0.18 0.14 0.18 0.16 -1 -1 -1 -1
Evo 1.00 0.50 1.00 0.51 0.50 0.50 0.50 0.07 0.00 0.07 0.52 0.85 982 -1
Result 1 1.0 1000 0.42 0.16 0.15 0.16 0.18 0.19 0.16 -1 -1 -1 -1
Evo 1.00 0.00 1.00 0.51 0.50 0.50 0.50 0.08 0.00 0.32 0.39 0.79 982 910
Result 1 1.0 1000 0.44 0.17 0.17 0.15 0.17 0.18 0.15 -1 -1 -1 -1
Evo 1.00 0.50 1.00 0.51 0.50 0.50 0.50 0.07 0.00 0.02 0.41 0.73 982 -1
Result 1 1.0 1000 0.43 0.17 0.16 0.15 0.17 0.16 0.19 -1 -1 -1 -1
Evo 1.00 0.00 1.00 0.51 0.50 0.50 0.50 0.08 0.00 0.31 0.41 0.74 982 906
Result 1 1.0 1000 0.43 0.17 0.16 0.17 0.17 0.18 0.15 -1 -1 -1 -1
Evo 1.00 0.00 1.00 0.51 0.50 0.50 0.50 0.07 0.00 0.08 0.45 0.86 982 905
Result 1 1.0 1000 0.41 0.15 0.15 0.17 0.17 0.17 0.19 -1 -1 -1 -1
Evo 1.00 0.50 1.00 0.51 0.50 0.50 0.50 0.07 0.00 0.06 0.40 0.82 982 -1
Result 1 1.0 1000 0.42 0.16 0.17 0.16 0.17 0.19 0.16 -1 -1 -1 -1
Evo 1.00 0.50 1.00 0.51 0.50 0.50 0.50 0.07 0.00 0.06 0.35 0.78 982 -1
Result 1 1.0 1000 0.43 0.17 0.18 0.15 0.18 0.17 0.16 -1 -1 -1 -1
Evo 1.00 0.00 0.50 0.49 0.50 0.50 0.50 0.07 0.00 0.08 0.18 0.37 -1 889
Result 0 -86.0 921 0.43 0.17 0.18 0.19 0.16 0.16 0.15 -1 -1 -1 -1
Evo 1.00 0.00 0.50 0.49 0.50 0.50 0.50 0.07 0.00 0.05 0.22 0.54 -1 934
Result 0 -88.0 953 0.45 0.19 0.15 0.16 0.16 0.18 0.16 -1 -1 -1 -1
Evo 1.00 0.00 0.50 0.49 0.50 0.50 0.50 0.07 0.00 0.07 0.32 0.57 -1 853
Result 0 -83.0 884 0.43 0.17 0.17 0.16 0.17 0.16 0.17 -1 -1 -1 -1
Evo 1.00 0.50 1.00 0.51 0.50 0.50 0.50 0.07 0.00 0.06 0.26 0.45 982 -1
Result 1 1.0 1000 0.42 0.16 0.17 0.19 0.15 0.17 0.15 -1 -1 -1 -1
Evo 1.00 0.50 1.00 0.51 0.50 0.50 0.50 0.07 0.00 0.06 0.32 0.67 982 -1
Result 1 1.0 1000 0.43 0.16 0.14 0.18 0.16 0.20 0.16 -1 -1 -1 -1
Evo 1.00 0.00 1.00 0.51 0.50 0.50 0.50 0.07 0.00 0.03 0.36 0.80 982 900
Result 1 1.0 1000 0.42 0.15 0.17 0.17 0.17 0.18 0.15 -1 -1 -1 -1
Evo 1.00 0.00 1.00 0.51 0.50 0.50 0.50 0.07 0.00 0.32 0.21 0.45 982 874
Result 1 1.0 1000 0.45 0.18 0.16 0.17 0.16 0.16 0.17 -1 -1 -1 -1
Evo 1.00 0.00 1.00 0.51 0.50 0.50 0.50 0.08 0.00 0.08 0.22 0.40 982 906
Result 1 1.0 1000 0.42 0.16 0.15 0.18 0.18 0.16 0.17 -1 -1 -1 -1
Evo 1.00 0.00 1.00 0.51 0.50 0.50 0.50 0.07 0.00 0.32 0.44 0.79 982 906
Result 1 1.0 1000 0.43 0.16 0.16 0.15 0.17 0.19 0.18 -1 -1 -1 -1
Evo 1.00 0.50 1.00 0.51 0.50 0.50 0.50 0.07 0.00 0.08 0.33 0.56 982 953
Result 1 1.0 1000 0.42 0.16 0.16 0.17 0.18 0.16 0.17 -1 -1 -1 -1
Evo 1.00 0.00 0.50 0.49 0.50 0.50 0.50 0.06 0.00 0.02 0.43 0.79 -1 791
Result 0 -87.0 877 0.42 0.15 0.17 0.17 0.18 0.17 0.15 -1 -1 -1 -1
Evo 1.00 0.00 1.00 0.51 0.50 0.50 0.50 0.07 0.00 0.10 0.36 0.63 982 951
Result 1 1.0 1000 0.41 0.15 0.17 0.17 0.16 0.17 0.19 -1 -1 -1 -1
Evo 1.00 0.00 0.50 0.49 0.50 0.50 0.50 0.08 0.00 0.29 0.37 0.85 -1 779
Result 0 -97.0 823 0.42 0.16 0.19 0.16 0.18 0.17 0.15 -1 -1 -1 -1
Evo 1.00 0.00 0.50 0.49 0.50 0.50 0.50 0.08 0.00 0.06 0.29 0.56 -1 701
Result 0 -96.0 903 0.44 0.18 0.18 0.16 0.16 0.16 0.16 -1 -1 -1 -1
Evo 1.00 0.50 1.00 0.51 0.50 0.50 0.50 0.07 0.00 0.03 0.20 0.37 982 796
Result 1 1.0 1000 0.41 0.15 0.17 0.19 0.16 0.16 0.17 -1 -1 -1 -1
Evo 1.00 0.00 0.50 0.49 0.50 0.50 0.50 0.08 0.00 0.13 0.30 0.72 -1 731
Result 0 -95.0 895 0.43 0.17 0.17 0.16 0.18 0.15 0.18 -1 -1 -1 -1
Evo 1.00 0.00 0.50 0.49 0.50 0.50 0.50 0.06 0.00 0.19 0.40 0.69 -1 860
Result 0 -97.0 951 0.42 0.16 0.17 0.17 0.17 0.18 0.15 -1 -1 -1 -1
Evo 1.00 0.50 1.00 0.51 0.50 0.50 0.50 0.07 0.00 0.01 0.39 0.80 982 -1
Result 1 1.0 1000 0.42 0.16 0.15 0.18 0.15 0.18 0.18 -1 -1 -1 -1
Evo 1.00 0.50 1.00 0.51 0.50 0.50 0.50 0.07 0.00 0.08 0.23 0.45 982 -1
Result 1 1.0 1000 0.41 0.15 0.17 0.17 0.17 0.14 0.20 -1 -1 -1 -1
Evo 1.00 0.00 0.50 0.49 0.50 0.50 0.50 0.07 0.00 0.02 0.26 0.54 -1 911
Result 0 -98.0 953 0.42 0.16 0.17 0.17 0.16 0.17 0.17 -1 -1 -1 -1
Evo 1.00 0.50 1.00 0.51 0.50 0.50 0.50 0.07 0.00 0.21 0.34 0.65 982 -1
Result 1 1.0 1000 0.45 0.18 0.16 0.18 0.15 0.17 0.16 -1 -1 -1 -1
Evo 1.00 0.00 0.50 0.49 0.50 0.50 0.50 0.06 0.00 0.04 0.25 0.53 -1 792
Result 0 -98.0 815 0.45 0.19 0.17 0.16 0.15 0.16 0.18 -1 -1 -1 -1
Evo 1.00 0.50 1.00 0.51 0.50 0.50 0.50 0.07 0.00 0.02 0.47 0.73 982 -1
Result 1 1.0 1000 0.42 0.16 0.16 0.19 0.16 0.17 0.16 -1 -1 -1 -1
Evo 1.00 0.00 0.50 0.49 0.50 0.50 0.50 0.08 0.00 0.03 0.24 0.54 -1 693
Result 0 -89.0 787 0.45 0.19 0.16 0.17 0.18 0.15 0.16 -1 -1 -1 -1
Evo 1.00 0.50 1.00 0.51 0.50 0.50 0.50 0.07 0.00 0.10 0.24 0.53 982 -1
Result 1 1.0 1000 0.44 0.18 0.17 0.15 0.19 0.15 0.17 -1 -1 -1 -1
Evo 1.00 0.50 1.00 0.51 0.50 0.50 0.50 0.07 0.00 0.16 0.38 0.61 982 -1
Result 1 1.0 1000 0.42 0.16 0.16 0.18 0.16 0.17 0.15 -1 -1 -1 -1
Evo 1.00 0.50 1.00 0.51 0.50 0.50 0.50 0.07 0.00 0.03 0.45 0.82 982 -1
Result 1 1.0 1000 0.42 0.16 0.17 0.15 0.19 0.16 0.16 -1 -1 -1 -1
Evo 1.00 0.50 1.00 0.51 0.50 0.50 0.50 0.07 0.00 0.06 0.35 0.66 982 -1
Result 1 1.0 1000 0.43 0.17 0.17 0.16 0.16 0.16 0.17 -1 -1 -1 -1
Evo 1.00 0.50 1.00 0.51 0.50 0.50 0.50 0.07 0.00 0.31 0.25 0.46 982 -1
Result 1 1.0 1000 0.44 0.17 0.17 0.18 0.16 0.15 0.17 -1 -1 -1 -1
