Evo 1.00 0.00 1.00 1.00 1.00 1.00 1.00 0.03 0.00 0.05 0.32 0.60 982 1
Result 1 141.0 1000 0.46 0.21 0.20 0.21 0.18 0.19 -1 -1 -1 -1 -1
Evo 1.00 0.50 1.00 0.51 0.50 0.50 0.50 0.07 0.00 0.03 0.31 0.59 982 0
Result 1 162.0 1000 0.47 0.19 0.21 0.22 0.17 0.21 -1 -1 -1 -1 -1
Evo 1.00 0.30 1.00 0.51 0.50 0.50 0.50 0.07 0.00 0.22 0.26 0.58 982 0
Result 1 186.0 1000 0.44 0.20 0.22 0.21 0.19 0.18 -1 -1 -1 -1 -1
Evo 1.00 0.50 1.00 0.51 0.50 0.50 0.50 0.07 0.00 0.11 0.23 0.56 982 15
Result 1 1.0 1000 0.45 0.22 0.17 0.21 0.23 0.18 -1 -1 -1 -1 -1
Evo 1.00 0.00 1.00 0.51 0.50 0.50 0.50 0.07 0.00 0.01 0.26 0.58 982 13
Result 1 123.0 1000 0.45 0.19 0.22 0.21 0.19 0.19 -1 -1 -1 -1 -1
Evo 1.00 0.30 1.00 0.51 0.50 0.50 0.50 0.07 0.00 0.02 0.32 0.60 982 5
Result 1 69.0 1000 0.47 0.20 0.19 0.21 0.19 0.21 -1 -1 -1 -1 -1
Evo 1.00 0.50 1.00 0.51 0.50 0.50 0.50 0.07 0.00 0.01 0.33 0.60 982 26
Result 1 48.0 1000 0.45 0.20 0.18 0.21 0.22 0.18 -1 -1 -1 -1 -1
Evo 1.00 0.50 1.00 0.51 0.50 0.50 0.50 0.07 0.00 0.02 0.28 0.60 982 18
Result 1 48.0 1000 0.45 0.23 0.18 0.19 0.22 0.19 -1 -1 -1 -1 -1
Evo 1.00 0.50 1.00 0.51 0.50 0.50 0.50 0.07 0.00 0.01 0.28 0.58 982 34
Result 1 48.0 1000 0.46 0.20 0.18 0.22 0.21 0.19 -1 -1 -1 -1 -1
Evo 1.00 0.50 1.00 0.51 0.50 0.50 0.50 0.07 0.00 0.02 0.26 0.57 982 10
Result 1 198.0 1000 0.44 0.22 0.22 0.20 0.18 0.18 -1 -1 -1 -1 -1
Evo 1.00 0.50 1.00 0.51 0.50 0.50 0.50 0.07 0.00 0.02 0.31 0.60 982 8
Result 1 141.0 1000 0.47 0.18 0.20 0.19 0.22 0.20 -1 -1 -1 -1 -1
Evo 1.00 0.00 1.00 0.51 0.50 0.50 0.50 0.07 0.00 0.11 0.18 0.46 982 0
Result 1 1.0 1000 0.42 0.22 0.21 0.20 0.21 0.16 -1 -1 -1 -1 -1
Evo 1.00 0.40 1.00 0.51 0.50 0.50 0.50 0.07 0.00 0.03 0.32 0.60 982 8
Result 1 96.0 1000 0.46 0.21 0.20 0.19 0.20 0.19 -1 -1 -1 -1 -1
Evo 1.00 0.40 1.00 0.51 0.50 0.50 0.50 0.07 0.00 0.06 0.28 0.58 982 0
Result 1 234.0 1000 0.46 0.22 0.20 0.20 0.17 0.20 -1 -1 -1 -1 -1
Evo 1.00 0.50 1.00 0.51 0.50 0.50 0.50 0.07 0.00 0.39 0.33 0.60 982 2
Result 1 93.0 1000 0.47 0.21 0.19 0.19 0.21 0.20 -1 -1 -1 -1 -1
Evo 1.00 0.50 1.00 0.51 0.50 0.50 0.50 0.07 0.00 0.01 0.28 0.57 982 3
Result 1 147.0 1000 0.46 0.19 0.21 0.20 0.19 0.20 -1 -1 -1 -1 -1
Evo 1.00 0.40 1.00 0.51 0.50 0.50 0.50 0.07 0.00 0.03 0.28 0.57 982 0
Result 1 159.0 1000 0.45 0.21 0.22 0.22 0.17 0.18 -1 -1 -1 -1 -1
Evo 1.00 0.50 1.00 0.51 0.50 0.50 0.50 0.07 0.00 0.22 0.28 0.58 982 10
Result 1 114.0 1000 0.47 0.21 0.18 0.18 0.21 0.21 -1 -1 -1 -1 -1
Evo 1.00 0.50 1.00 0.51 0.50 0.50 0.50 0.07 0.00 0.39 0.30 0.59 982 10
Result 1 141.0 1000 0.46 0.19 0.19 0.22 0.20 0.19 -1 -1 -1 -1 -1
Evo 1.00 0.40 1.00 0.51 0.50 0.50 0.50 0.07 0.00 0.01 0.20 0.48 982 79
Result 1 1.0 1000 0.46 0.21 0.16 0.21 0.21 0.20 -1 -1 -1 -1 -1
Evo 1.00 0.40 1.00 0.51 0.50 0.50 0.50 0.07 0.00 0.01 0.10 0.31 982 4
Result 1 1.0 1000 0.47 0.21 0.15 0.19 0.24 0.21 -1 -1 -1 -1 -1
Evo 1.00 0.40 1.00 0.51 0.50 0.50 0.50 0.07 0.00 0.04 0.15 0.37 982 0
Result 1 1.0 1000 0.47 0.17 0.20 0.21 0.21 0.20 -1 -1 -1 -1 -1
Evo 1.00 0.10 1.00 0.51 0.50 0.50 0.50 0.07 0.00 0.01 0.19 0.51 982 0
Result 1 1.0 1000 0.47 0.20 0.19 0.19 0.21 0.21 -1 -1 -1 -1 -1
Evo 1.00 0.50 1.00 0.51 0.50 0.50 0.50 0.07 0.00 0.11 0.25 0.54 982 0
Result 1 1.0 1000 0.46 0.20 0.20 0.18 0.22 0.19 -1 -1 -1 -1 -1
Evo 1.00 0.50 1.00 0.51 0.50 0.50 0.50 0.07 0.00 0.01 0.23 0.52 982 0
Result 1 48.0 1000 0.49 0.20 0.19 0.19 0.19 0.23 -1 -1 -1 -1 -1
Evo 1.00 0.40 1.00 0.51 0.50 0.50 0.50 0.07 0.00 0.03 0.13 0.37 982 1
Result 1 1.0 1000 0.47 0.21 0.17 0.18 0.23 0.21 -1 -1 -1 -1 -1
Evo 1.00 0.40 1.00 0.51 0.50 0.50 0.50 0.07 0.00 0.01 0.26 0.50 982 0
Result 1 48.0 1000 0.47 0.21 0.20 0.17 0.21 0.21 -1 -1 -1 -1 -1
Evo 1.00 0.10 1.00 0.51 0.50 0.50 0.50 0.07 0.00 0.01 0.21 0.49 982 4
Result 1 1.0 1000 0.47 0.20 0.18 0.20 0.20 0.21 -1 -1 -1 -1 -1
Evo 1.00 0.40 1.00 0.51 0.50 0.50 0.50 0.07 0.00 0.01 0.14 0.36 982 11
Result 1 1.0 1000 0.47 0.22 0.15 0.21 0.21 0.20 -1 -1 -1 -1 -1
Evo 1.00 0.00 1.00 0.51 0.50 0.50 0.50 0.08 0.00 0.01 0.13 0.44 982 8
Result 1 1.0 1000 0.47 0.21 0.15 0.18 0.25 0.21 -1 -1 -1 -1 -1
Evo 1.00 0.20 1.00 0.51 0.50 0.50 0.50 0.07 0.00 0.01 0.28 0.57 982 3
Result 1 48.0 1000 0.48 0.22 0.19 0.20 0.19 0.21 -1 -1 -1 -1 -1
Evo 1.00 0.40 1.00 0.51 0.50 0.50 0.50 0.07 0.00 0.02 0.11 0.36 982 2
Result 1 1.0 1000 0.46 0.23 0.15 0.18 0.25 0.19 -1 -1 -1 -1 -1
Evo 1.00 0.30 1.00 0.51 0.50 0.50 0.50 0.07 0.00 0.11 0.12 0.35 982 6
Result 1 1.0 1000 0.46 0.24 0.15 0.18 0.24 0.19 -1 -1 -1 -1 -1
Evo 1.00 0.00 1.00 0.51 0.50 0.50 0.50 0.07 0.00 0.11 0.12 0.36 982 0
Result 1 1.0 1000 0.48 0.21 0.16 0.19 0.23 0.21 -1 -1 -1 -1 -1
Evo 1.00 0.00 1.00 0.51 0.50 0.50 0.50 0.07 0.00 0.11 0.25 0.50 982 0
Result 1 1.0 1000 0.46 0.22 0.19 0.19 0.20 0.20 -1 -1 -1 -1 -1
Evo 1.00 0.00 1.00 0.51 0.50 0.50 0.50 0.07 0.00 0.03 0.11 0.38 982 3
Result 1 1.0 1000 0.47 0.19 0.13 0.20 0.27 0.20 -1 -1 -1 -1 -1
Evo 1.00 0.00 1.00 0.51 0.50 0.50 0.50 0.07 0.00 0.02 0.23 0.55 982 0
Result 1 48.0 1000 0.48 0.22 0.17 0.17 0.21 0.22 -1 -1 -1 -1 -1
Evo 1.00 0.50 1.00 0.51 0.50 0.50 0.50 0.07 0.00 0.11 0.11 0.37 982 2
Result 1 1.0 1000 0.47 0.23 0.16 0.18 0.22 0.20 -1 -1 -1 -1 -1
Evo 1.00 0.30 1.00 0.51 0.50 0.50 0.50 0.07 0.00 0.28 0.24 0.54 982 1
Result 1 48.0 1000 0.47 0.20 0.18 0.19 0.21 0.21 -1 -1 -1 -1 -1
Evo 1.00 0.40 1.00 0.51 0.50 0.50 0.50 0.07 0.00 0.03 0.23 0.50 982 0
Result 1 1.0 1000 0.48 0.20 0.15 0.20 0.22 0.22 -1 -1 -1 -1 -1
Evo 1.00 0.50 1.00 0.51 0.50 0.50 0.50 0.07 0.00 0.11 0.21 0.53 982 15
Result 1 1.0 1000 0.46 0.22 0.20 0.20 0.19 0.19 -1 -1 -1 -1 -1
Evo 1.00 0.40 1.00 0.51 0.50 0.50 0.50 0.07 0.00 0.02 0.09 0.39 982 14
Result 1 1.0 1000 0.44 0.18 0.21 0.23 0.20 0.17 -1 -1 -1 -1 -1
Evo 1.00 0.50 1.00 0.51 0.50 0.50 0.50 0.07 0.00 0.11 0.19 0.49 982 12
Result 1 1.0 1000 0.45 0.21 0.22 0.20 0.17 0.18 -1 -1 -1 -1 -1
Evo 1.00 0.50 1.00 0.51 0.50 0.50 0.50 0.07 0.00 0.11 0.13 0.33 982 10
Result 1 1.0 1000 0.44 0.20 0.18 0.22 0.22 0.18 -1 -1 -1 -1 -1
Evo 1.00 0.20 1.00 0.51 0.50 0.50 0.50 0.07 0.00 0.01 0.15 0.36 982 9
Result 1 1.0 1000 0.48 0.20 0.14 0.22 0.23 0.21 -1 -1 -1 -1 -1
Evo 1.00 0.40 1.00 0.51 0.50 0.50 0.50 0.07 0.00 0.01 0.13 0.31 982 28
Result 1 1.0 1000 0.44 0.23 0.16 0.20 0.23 0.17 -1 -1 -1 -1 -1
Evo 1.00 0.40 1.00 0.51 0.50 0.50 0.50 0.07 0.00 0.01 0.14 0.36 982 16
Result 1 1.0 1000 0.44 0.22 0.17 0.20 0.24 0.17 -1 -1 -1 -1 -1
Evo 1.00 0.40 1.00 0.51 0.50 0.50 0.50 0.07 0.00 0.02 0.07 0.34 982 4
Result 1 1.0 1000 0.43 0.21 0.20 0.22 0.20 0.17 -1 -1 -1 -1 -1
Evo 1.00 0.20 1.00 0.51 0.50 0.50 0.50 0.07 0.00 0.01 0.09 0.37 982 43
Result 1 1.0 1000 0.42 0.23 0.22 0.21 0.19 0.16 -1 -1 -1 -1 -1
Evo 1.00 0.40 1.00 0.51 0.50 0.50 0.50 0.07 0.00 0.03 0.10 0.40 982 33
Result 1 1.0 1000 0.42 0.18 0.21 0.23 0.21 0.16 -1 -1 -1 -1 -1
Evo 1.00 0.50 1.00 0.51 0.50 0.50 0.50 0.07 0.00 0.11 0.09 0.37 982 20
Result 1 1.0 1000 0.43 0.20 0.22 0.22 0.20 0.16 -1 -1 -1 -1 -1
Evo 1.00 0.30 1.00 0.51 0.50 0.50 0.50 0.07 0.00 0.02 0.10 0.36 982 9
Result 1 1.0 1000 0.43 0.18 0.23 0.23 0.21 0.16 -1 -1 -1 -1 -1
Evo 1.00 0.50 1.00 0.51 0.50 0.50 0.50 0.07 0.00 0.11 0.23 0.55 982 11
Result 1 1.0 1000 0.47 0.22 0.21 0.19 0.17 0.21 -1 -1 -1 -1 -1
Evo 1.00 0.50 1.00 0.51 0.50 0.50 0.50 0.07 0.00 0.03 0.23 0.59 982 29
Result 1 45.0 1000 0.49 0.23 0.18 0.14 0.22 0.24 -1 -1 -1 -1 -1
Evo 1.00 0.50 1.00 0.51 0.50 0.50 0.50 0.07 0.00 0.11 0.22 0.54 982 38
Result 1 1.0 1000 0.46 0.22 0.21 0.20 0.18 0.19 -1 -1 -1 -1 -1
Evo 1.00 0.00 1.00 0.51 0.50 0.50 0.50 0.07 0.00 0.02 0.22 0.52 982 13
Result 1 1.0 1000 0.47 0.20 0.21 0.18 0.19 0.21 -1 -1 -1 -1 -1
Evo 1.00 0.40 1.00 0.51 0.50 0.50 0.50 0.07 0.00 0.01 0.09 0.35 982 39
Result 1 1.0 1000 0.44 0.19 0.22 0.23 0.19 0.18 -1 -1 -1 -1 -1
Evo 1.00 0.40 1.00 0.51 0.50 0.50 0.50 0.07 0.00 0.01 0.09 0.37 982 17
Result 1 1.0 1000 0.45 0.20 0.22 0.21 0.18 0.19 -1 -1 -1 -1 -1
Evo 1.00 0.50 1.00 0.51 0.50 0.50 0.50 0.07 0.00 0.11 0.21 0.51 982 62
Result 1 1.0 1000 0.46 0.20 0.21 0.21 0.19 0.20 -1 -1 -1 -1 -1
Evo 1.00 0.50 1.00 0.51 0.50 0.50 0.50 0.07 0.00 0.02 0.23 0.52 982 25
Result 1 3.0 1000 0.47 0.19 0.21 0.19 0.20 0.20 -1 -1 -1 -1 -1
Evo 1.00 0.00 1.00 0.51 0.50 0.50 0.50 0.07 0.00 0.01 0.15 0.43 982 0
Result 1 1.0 1000 0.39 0.23 0.23 0.25 0.16 0.13 -1 -1 -1 -1 -1
Evo 1.00 0.30 1.00 0.51 0.50 0.50 0.50 0.07 0.00 0.11 0.11 0.37 982 0
Result 1 1.0 1000 0.51 0.21 0.17 0.14 0.22 0.26 -1 -1 -1 -1 -1
Evo 1.00 0.40 1.00 0.51 0.50 0.50 0.50 0.07 0.00 0.01 0.11 0.39 982 0
Result 1 1.0 1000 0.49 0.20 0.19 0.14 0.24 0.24 -1 -1 -1 -1 -1
Evo 1.00 0.50 1.00 0.51 0.50 0.50 0.50 0.07 0.00 0.11 0.16 0.39 982 0
Result 1 1.0 1000 0.50 0.17 0.19 0.14 0.25 0.25 -1 -1 -1 -1 -1
Evo 1.00 0.40 1.00 0.51 0.50 0.50 0.50 0.07 0.00 0.04 0.12 0.39 982 0
Result 1 1.0 1000 0.50 0.20 0.18 0.15 0.22 0.25 -1 -1 -1 -1 -1
Evo 1.00 0.40 1.00 0.51 0.50 0.50 0.50 0.07 0.00 0.01 0.12 0.41 982 2
Result 1 1.0 1000 0.51 0.22 0.15 0.15 0.22 0.26 -1 -1 -1 -1 -1
Evo 1.00 0.40 1.00 0.51 0.50 0.50 0.50 0.07 0.00 0.01 0.08 0.38 982 5
Result 1 1.0 1000 0.49 0.23 0.15 0.14 0.24 0.24 -1 -1 -1 -1 -1
Evo 1.00 0.50 1.00 0.51 0.50 0.50 0.50 0.07 0.00 0.11 0.14 0.39 982 0
Result 1 1.0 1000 0.50 0.21 0.18 0.14 0.22 0.25 -1 -1 -1 -1 -1
Evo 1.00 0.00 1.00 0.51 0.50 0.50 0.50 0.07 0.00 0.11 0.08 0.39 982 0
Result 1 1.0 1000 0.49 0.22 0.16 0.15 0.22 0.24 -1 -1 -1 -1 -1
Evo 1.00 0.50 1.00 0.51 0.50 0.50 0.50 0.07 0.00 0.11 0.12 0.44 982 0
Result 1 1.0 1000 0.49 0.20 0.17 0.16 0.23 0.24 -1 -1 -1 -1 -1
Evo 1.00 0.30 1.00 0.51 0.50 0.50 0.50 0.07 0.00 0.01 0.09 0.37 982 0
Result 1 1.0 1000 0.50 0.21 0.15 0.15 0.23 0.25 -1 -1 -1 -1 -1
Evo 1.00 0.50 1.00 0.51 0.50 0.50 0.50 0.07 0.00 0.11 0.08 0.35 982 0
Result 1 1.0 1000 0.50 0.21 0.14 0.16 0.23 0.24 -1 -1 -1 -1 -1
Evo 1.00 0.00 1.00 0.51 0.50 0.50 0.50 0.08 0.00 0.02 0.13 0.42 982 0
Result 1 1.0 1000 0.48 0.23 0.17 0.15 0.24 0.21 -1 -1 -1 -1 -1
Evo 1.00 0.40 1.00 0.51 0.50 0.50 0.50 0.07 0.00 0.01 0.10 0.41 982 3
Result 1 1.0 1000 0.51 0.18 0.17 0.15 0.23 0.26 -1 -1 -1 -1 -1
Evo 1.00 0.30 1.00 0.51 0.50 0.50 0.50 0.07 0.00 0.03 0.10 0.37 982 0
Result 1 1.0 1000 0.50 0.20 0.18 0.16 0.21 0.25 -1 -1 -1 -1 -1
Evo 1.00 0.50 1.00 0.51 0.50 0.50 0.50 0.07 0.00 0.11 0.11 0.40 982 2
Result 1 1.0 1000 0.50 0.20 0.17 0.14 0.23 0.25 -1 -1 -1 -1 -1
Evo 1.00 0.50 1.00 0.51 0.50 0.50 0.50 0.07 0.00 0.11 0.13 0.43 982 0
Result 1 1.0 1000 0.49 0.23 0.17 0.15 0.22 0.24 -1 -1 -1 -1 -1
Evo 1.00 0.00 1.00 0.51 0.50 0.50 0.50 0.08 0.00 0.01 0.08 0.39 982 3
Result 1 1.0 1000 0.50 0.20 0.15 0.16 0.24 0.25 -1 -1 -1 -1 -1
Evo 1.00 0.40 1.00 0.51 0.50 0.50 0.50 0.07 0.00 0.01 0.13 0.45 982 0
Result 1 1.0 1000 0.48 0.19 0.18 0.14 0.26 0.23 -1 -1 -1 -1 -1
Evo 1.00 0.50 1.00 0.51 0.50 0.50 0.50 0.07 0.00 0.11 0.10 0.40 982 0
Result 1 1.0 1000 0.50 0.21 0.17 0.15 0.22 0.25 -1 -1 -1 -1 -1
Evo 1.00 0.50 1.00 0.51 0.50 0.50 0.50 0.07 0.00 0.11 0.07 0.26 982 5
Result 1 1.0 1000 0.47 0.23 0.15 0.18 0.23 0.20 -1 -1 -1 -1 -1
Evo 1.00 0.50 1.00 0.51 0.50 0.50 0.50 0.07 0.00 0.11 0.08 0.25 982 0
Result 1 1.0 1000 0.48 0.19 0.18 0.18 0.22 0.22 -1 -1 -1 -1 -1
Evo 1.00 0.30 1.00 0.51 0.50 0.50 0.50 0.07 0.00 0.01 0.07 0.26 982 0
Result 1 1.0 1000 0.49 0.19 0.16 0.20 0.22 0.23 -1 -1 -1 -1 -1
Evo 1.00 0.00 1.00 0.51 0.50 0.50 0.50 0.07 0.00 0.11 0.08 0.26 982 7
Result 1 1.0 1000 0.48 0.22 0.14 0.19 0.22 0.22 -1 -1 -1 -1 -1
Evo 1.00 0.00 1.00 0.51 0.50 0.50 0.50 0.07 0.00 0.02 0.08 0.26 982 0
Result 1 1.0 1000 0.47 0.20 0.16 0.20 0.23 0.21 -1 -1 -1 -1 -1
Evo 1.00 0.20 1.00 0.51 0.50 0.50 0.50 0.07 0.00 0.01 0.07 0.27 982 1
Result 1 1.0 1000 0.48 0.20 0.17 0.17 0.24 0.22 -1 -1 -1 -1 -1
Evo 1.00 0.40 1.00 0.51 0.50 0.50 0.50 0.07 0.00 0.01 0.08 0.25 982 0
Result 1 1.0 1000 0.48 0.21 0.16 0.18 0.24 0.21 -1 -1 -1 -1 -1
Evo 1.00 0.50 1.00 0.51 0.50 0.50 0.50 0.07 0.00 0.11 0.08 0.25 982 0
Result 1 1.0 1000 0.50 0.20 0.14 0.18 0.23 0.24 -1 -1 -1 -1 -1
Evo 1.00 0.00 1.00 0.51 0.50 0.50 0.50 0.07 0.00 0.02 0.08 0.25 982 3
Result 1 1.0 1000 0.47 0.22 0.15 0.18 0.25 0.20 -1 -1 -1 -1 -1
Evo 1.00 0.50 1.00 0.51 0.50 0.50 0.50 0.07 0.00 0.11 0.08 0.26 982 7
Result 1 1.0 1000 0.48 0.21 0.17 0.18 0.23 0.21 -1 -1 -1 -1 -1
Evo 1.00 0.00 1.00 0.51 0.50 0.50 0.50 0.07 0.00 0.11 0.07 0.25 982 0
Result 1 1.0 1000 0.49 0.19 0.16 0.19 0.23 0.23 -1 -1 -1 -1 -1
Evo 1.00 0.50 1.00 0.51 0.50 0.50 0.50 0.07 0.00 0.11 0.07 0.27 982 0
Result 1 1.0 1000 0.47 0.21 0.16 0.18 0.24 0.21 -1 -1 -1 -1 -1
Evo 1.00 0.20 1.00 0.51 0.50 0.50 0.50 0.07 0.00 0.01 0.07 0.27 982 0
Result 1 1.0 1000 0.49 0.21 0.14 0.19 0.22 0.24 -1 -1 -1 -1 -1
Evo 1.00 0.20 1.00 0.51 0.50 0.50 0.50 0.07 0.00 0.01 0.08 0.28 982 0
Result 1 1.0 1000 0.48 0.21 0.15 0.19 0.23 0.22 -1 -1 -1 -1 -1
Evo 1.00 0.00 1.00 0.51 0.50 0.50 0.50 0.07 0.00 0.11 0.07 0.22 982 0
Result 1 1.0 1000 0.44 0.19 0.21 0.22 0.20 0.17 -1 -1 -1 -1 -1
Evo 1.00 0.50 1.00 0.51 0.50 0.50 0.50 0.07 0.00 0.11 0.07 0.25 982 1
Result 1 1.0 1000 0.49 0.20 0.14 0.18 0.25 0.23 -1 -1 -1 -1 -1
Evo 1.00 0.00 1.00 0.51 0.50 0.50 0.50 0.07 0.00 0.01 0.06 0.25 982 0
Result 1 1.0 1000 0.46 0.22 0.16 0.17 0.24 0.20 -1 -1 -1 -1 -1
Evo 1.00 0.50 1.00 0.51 0.50 0.50 0.50 0.07 0.00 0.11 0.08 0.25 982 1
Result 1 1.0 1000 0.48 0.20 0.16 0.19 0.23 0.22 -1 -1 -1 -1 -1
Evo 1.00 0.40 1.00 0.51 0.50 0.50 0.50 0.07 0.00 0.01 0.08 0.28 982 1
Result 1 1.0 1000 0.48 0.22 0.15 0.18 0.23 0.22 -1 -1 -1 -1 -1
Evo 1.00 0.30 1.00 0.51 0.50 0.50 0.50 0.07 0.00 0.02 0.07 0.25 982 3
Result 1 1.0 1000 0.49 0.20 0.15 0.15 0.26 0.24 -1 -1 -1 -1 -1
