Evo 1.03 1.00 1.00 1.00 1.00 1.00 1.00 0.00 0.00 0.02 0.23 0.34 723 0
Result 1 20.0 779 0.39 0.20 0.15 0.16 0.17 0.14 0.18 -1 -1 -1 -1
Evo 1.04 0.50 1.00 0.54 0.50 0.50 0.50 0.13 0.00 0.26 0.17 0.38 704 0
Result 1 19.0 760 0.41 0.18 0.15 0.18 0.18 0.13 0.19 -1 -1 -1 -1
Evo 1.05 0.50 1.00 0.52 0.50 0.50 0.50 0.11 0.00 0.23 0.15 0.36 771 0
Result 1 18.0 809 0.43 0.17 0.17 0.16 0.17 0.14 0.18 -1 -1 -1 -1
Evo 1.03 0.50 1.00 0.54 0.50 0.50 0.50 0.13 0.00 0.20 0.12 0.24 704 0
Result 1 19.0 765 0.41 0.17 0.15 0.19 0.18 0.13 0.18 -1 -1 -1 -1
Evo 1.01 0.50 1.00 0.54 0.50 0.50 0.50 0.13 0.00 0.28 0.11 0.23 706 0
Result 1 20.0 763 0.43 0.16 0.17 0.17 0.18 0.12 0.20 -1 -1 -1 -1
Evo 1.03 0.50 1.00 0.54 0.50 0.50 0.50 0.13 0.00 0.27 0.17 0.30 716 0
Result 1 18.0 770 0.44 0.18 0.18 0.16 0.17 0.13 0.18 -1 -1 -1 -1
Evo 1.02 0.50 1.00 0.54 0.50 0.50 0.50 0.13 0.00 0.27 0.14 0.33 707 0
Result 1 20.0 762 0.44 0.19 0.17 0.17 0.17 0.13 0.17 -1 -1 -1 -1
Evo 1.02 0.50 1.00 0.52 0.50 0.50 0.50 0.10 0.00 0.18 0.15 0.32 1000 0
Result 1 17.0 1045 0.44 0.16 0.17 0.17 0.18 0.14 0.18 -1 -1 -1 -1
Evo 1.01 0.50 1.00 0.53 0.50 0.50 0.50 0.12 0.00 0.12 0.20 0.35 896 0
Result 1 18.0 1065 0.40 0.17 0.17 0.17 0.17 0.14 0.18 -1 -1 -1 -1
Evo 1.03 0.50 1.00 0.53 0.50 0.50 0.50 0.12 0.00 0.25 0.17 0.31 729 0
Result 1 19.0 784 0.37 0.19 0.16 0.16 0.17 0.12 0.19 -1 -1 -1 -1
Evo 1.01 0.50 1.00 0.54 0.50 0.50 0.50 0.13 0.00 0.23 0.23 0.41 705 0
Result 1 20.0 766 0.44 0.16 0.18 0.16 0.17 0.13 0.19 -1 -1 -1 -1
Evo 1.02 0.50 1.00 0.55 0.50 0.50 0.50 0.15 0.01 0.29 0.25 0.42 716 0
Result 1 20.0 798 0.42 0.19 0.15 0.14 0.18 0.14 0.19 -1 -1 -1 -1
Evo 1.03 0.50 1.00 0.53 0.50 0.50 0.50 0.12 0.00 0.21 0.24 0.42 718 0
Result 1 20.0 764 0.43 0.18 0.15 0.17 0.17 0.16 0.16 -1 -1 -1 -1
Evo 1.02 0.50 1.00 0.54 0.50 0.50 0.50 0.13 0.00 0.20 0.16 0.39 708 0
Result 1 20.0 764 0.40 0.19 0.17 0.17 0.14 0.13 0.20 -1 -1 -1 -1
Evo 1.02 0.50 1.00 0.54 0.50 0.50 0.50 0.13 0.00 0.22 0.19 0.34 749 0
Result 1 19.0 815 0.37 0.18 0.18 0.16 0.19 0.12 0.18 -1 -1 -1 -1
Evo 1.02 0.50 1.00 0.53 0.50 0.50 0.50 0.12 0.00 0.13 0.25 0.46 724 0
Result 1 20.0 771 0.40 0.19 0.14 0.16 0.17 0.14 0.19 -1 -1 -1 -1
Evo 1.03 0.50 1.00 0.53 0.50 0.50 0.50 0.12 0.00 0.15 0.21 0.33 742 0
Result 1 20.0 815 0.41 0.20 0.18 0.16 0.17 0.15 0.14 -1 -1 -1 -1
Evo 1.05 0.50 1.00 0.53 0.50 0.50 0.50 0.11 0.00 0.22 0.23 0.47 911 0
Result 1 16.0 964 0.41 0.18 0.15 0.16 0.18 0.15 0.17 -1 -1 -1 -1
Evo 1.01 0.50 1.00 0.54 0.50 0.50 0.50 0.13 0.00 0.02 0.23 0.47 716 0
Result 1 20.0 769 0.42 0.19 0.16 0.18 0.18 0.13 0.17 -1 -1 -1 -1
Evo 1.01 0.50 1.00 0.52 0.50 0.50 0.50 0.11 0.00 0.15 0.22 0.39 727 0
Result 1 17.0 1094 0.45 0.18 0.17 0.16 0.18 0.14 0.17 -1 -1 -1 -1
Evo 1.01 0.50 1.00 0.52 0.50 0.50 0.50 0.10 0.00 0.24 0.29 0.45 1085 0
Result 1 19.0 1127 0.42 0.17 0.16 0.16 0.16 0.16 0.19 -1 -1 -1 -1
Evo 1.02 0.50 1.00 0.53 0.50 0.50 0.50 0.12 0.00 0.23 0.24 0.49 795 0
Result 1 19.0 849 0.42 0.18 0.15 0.15 0.17 0.16 0.18 -1 -1 -1 -1
Evo 1.04 0.50 1.00 0.53 0.50 0.50 0.50 0.12 0.00 0.17 0.20 0.37 787 0
Result 1 17.0 840 0.43 0.19 0.17 0.15 0.17 0.14 0.18 -1 -1 -1 -1
Evo 1.03 0.50 1.00 0.53 0.50 0.50 0.50 0.12 0.00 0.24 0.34 0.50 919 0
Result 1 19.0 981 0.43 0.19 0.16 0.16 0.16 0.15 0.17 -1 -1 -1 -1
Evo 1.02 0.50 1.00 0.53 0.50 0.50 0.50 0.11 0.00 0.23 0.30 0.46 802 0
Result 1 17.0 852 0.41 0.18 0.15 0.15 0.17 0.16 0.19 -1 -1 -1 -1
Evo 1.04 0.50 1.00 0.53 0.50 0.50 0.50 0.12 0.00 0.31 0.28 0.48 718 0
Result 1 17.0 779 0.40 0.19 0.17 0.16 0.14 0.16 0.18 -1 -1 -1 -1
Evo 1.01 0.50 1.00 0.53 0.50 0.50 0.50 0.12 0.00 0.04 0.26 0.45 780 0
Result 1 19.0 834 0.40 0.17 0.16 0.16 0.17 0.14 0.19 -1 -1 -1 -1
Evo 1.03 0.50 1.00 0.53 0.50 0.50 0.50 0.12 0.00 0.17 0.19 0.37 716 1
Result 1 19.0 764 0.43 0.18 0.16 0.17 0.16 0.14 0.19 -1 -1 -1 -1
Evo 1.02 0.50 1.00 0.54 0.50 0.50 0.50 0.13 0.00 0.27 0.26 0.41 739 0
Result 1 18.0 800 0.44 0.17 0.14 0.17 0.17 0.17 0.17 -1 -1 -1 -1
Evo 1.03 0.50 1.00 0.53 0.50 0.50 0.50 0.13 0.00 0.14 0.28 0.50 923 0
Result 1 18.0 993 0.43 0.19 0.16 0.15 0.16 0.15 0.19 -1 -1 -1 -1
Evo 1.02 0.50 1.00 0.53 0.50 0.50 0.50 0.13 0.00 0.23 0.19 0.36 714 0
Result 1 20.0 766 0.44 0.18 0.15 0.16 0.18 0.14 0.19 -1 -1 -1 -1
Evo 1.01 0.50 1.00 0.52 0.50 0.50 0.50 0.10 0.00 0.22 0.21 0.38 1194 0
Result 1 20.0 1257 0.40 0.19 0.14 0.18 0.16 0.15 0.18 -1 -1 -1 -1
Evo 1.01 0.50 1.00 0.53 0.50 0.50 0.50 0.13 0.00 0.22 0.28 0.44 735 0
Result 1 20.0 791 0.39 0.18 0.17 0.15 0.17 0.14 0.20 -1 -1 -1 -1
Evo 1.03 0.50 1.00 0.52 0.50 0.50 0.50 0.11 0.00 0.23 0.19 0.29 1061 0
Result 1 16.0 1121 0.45 0.18 0.16 0.16 0.19 0.13 0.18 -1 -1 -1 -1
Evo 1.01 0.50 1.00 0.53 0.50 0.50 0.50 0.12 0.00 0.15 0.23 0.38 762 0
Result 1 20.0 810 0.40 0.19 0.17 0.15 0.16 0.14 0.18 -1 -1 -1 -1
Evo 1.04 0.50 1.00 0.54 0.50 0.50 0.50 0.13 0.00 0.26 0.24 0.41 895 18
Result 1 12.0 964 0.41 0.15 0.18 0.15 0.17 0.15 0.20 -1 -1 -1 -1
Evo 1.01 0.50 1.00 0.53 0.50 0.50 0.50 0.11 0.00 0.13 0.23 0.39 713 2
Result 1 18.0 1039 0.41 0.18 0.15 0.15 0.19 0.15 0.19 -1 -1 -1 -1
Evo 1.02 0.50 1.00 0.51 0.50 0.50 0.50 0.08 0.00 0.12 0.28 0.44 757 0
Result 1 19.0 779 0.42 0.18 0.16 0.15 0.16 0.14 0.21 -1 -1 -1 -1
Evo 1.03 0.50 1.00 0.53 0.50 0.50 0.50 0.12 0.00 0.15 0.25 0.38 811 0
Result 1 20.0 865 0.43 0.19 0.16 0.15 0.16 0.16 0.18 -1 -1 -1 -1
Evo 1.02 0.50 1.00 0.55 0.50 0.50 0.50 0.15 0.00 0.24 0.26 0.42 903 0
Result 1 18.0 1001 0.43 0.18 0.16 0.15 0.16 0.15 0.19 -1 -1 -1 -1
Evo 1.02 0.50 1.00 0.53 0.50 0.50 0.50 0.12 0.00 0.33 0.19 0.36 719 1
Result 1 20.0 767 0.42 0.18 0.17 0.16 0.16 0.13 0.20 -1 -1 -1 -1
Evo 1.01 0.50 1.00 0.54 0.50 0.50 0.50 0.13 0.00 0.08 0.16 0.28 712 0
Result 1 20.0 765 0.40 0.19 0.17 0.17 0.14 0.14 0.19 -1 -1 -1 -1
Evo 1.02 0.50 1.00 0.52 0.50 0.50 0.50 0.10 0.00 0.14 0.24 0.39 1227 1
Result 1 15.0 1292 0.42 0.18 0.15 0.16 0.16 0.14 0.20 -1 -1 -1 -1
Evo 1.01 0.50 1.00 0.53 0.50 0.50 0.50 0.12 0.00 0.17 0.29 0.49 794 0
Result 1 20.0 852 0.42 0.17 0.15 0.16 0.17 0.15 0.19 -1 -1 -1 -1
Evo 1.01 0.50 1.00 0.53 0.50 0.50 0.50 0.12 0.00 0.14 0.23 0.37 1015 0
Result 1 20.0 1081 0.43 0.17 0.16 0.16 0.18 0.14 0.19 -1 -1 -1 -1
Evo 1.01 0.50 1.00 0.54 0.50 0.50 0.50 0.13 0.00 0.19 0.20 0.34 922 0
Result 1 20.0 997 0.43 0.17 0.17 0.17 0.16 0.16 0.18 -1 -1 -1 -1
Evo 1.02 0.50 1.00 0.53 0.50 0.50 0.50 0.11 0.00 0.17 0.23 0.40 970 0
Result 1 19.0 1026 0.44 0.18 0.17 0.15 0.16 0.14 0.20 -1 -1 -1 -1
Evo 1.03 0.50 1.00 0.52 0.50 0.50 0.50 0.11 0.00 0.25 0.13 0.24 915 0
Result 1 20.0 959 0.38 0.17 0.18 0.18 0.17 0.13 0.17 -1 -1 -1 -1
Evo 1.01 0.50 1.00 0.53 0.50 0.50 0.50 0.11 0.00 0.19 0.23 0.38 740 0
Result 1 19.0 1099 0.44 0.17 0.18 0.16 0.16 0.16 0.18 -1 -1 -1 -1
Evo 1.02 0.50 1.00 0.54 0.50 0.50 0.50 0.14 0.00 0.14 0.21 0.34 789 0
Result 1 20.0 856 0.41 0.17 0.15 0.16 0.19 0.14 0.19 -1 -1 -1 -1
Evo 1.01 0.50 1.00 0.52 0.50 0.50 0.50 0.11 0.00 0.22 0.27 0.49 1007 0
Result 1 20.0 1059 0.42 0.21 0.17 0.15 0.15 0.16 0.16 -1 -1 -1 -1
Evo 1.03 0.50 1.00 0.53 0.50 0.50 0.50 0.12 0.00 0.22 0.19 0.33 1121 0
Result 1 17.0 1198 0.42 0.18 0.16 0.16 0.16 0.15 0.19 -1 -1 -1 -1
Evo 1.02 0.50 1.00 0.52 0.50 0.50 0.50 0.11 0.00 0.18 0.23 0.34 1070 0
Result 1 18.0 1125 0.45 0.18 0.18 0.16 0.15 0.14 0.18 -1 -1 -1 -1
Evo 1.02 0.50 1.00 0.53 0.50 0.50 0.50 0.11 0.00 0.23 0.19 0.33 883 0
Result 1 20.0 930 0.42 0.15 0.17 0.16 0.16 0.15 0.20 -1 -1 -1 -1
Evo 1.01 0.50 1.00 0.54 0.50 0.50 0.50 0.13 0.00 0.13 0.19 0.34 706 0
Result 1 19.0 760 0.43 0.19 0.17 0.18 0.16 0.13 0.17 -1 -1 -1 -1
Evo 1.02 0.50 1.00 0.53 0.50 0.50 0.50 0.11 0.00 0.24 0.23 0.43 728 0
Result 1 18.0 1109 0.42 0.15 0.18 0.16 0.16 0.15 0.19 -1 -1 -1 -1
Evo 1.02 0.50 1.00 0.53 0.50 0.50 0.50 0.11 0.00 0.29 0.17 0.37 754 0
Result 1 20.0 797 0.44 0.16 0.17 0.17 0.17 0.15 0.18 -1 -1 -1 -1
Evo 1.02 0.50 1.00 0.54 0.50 0.50 0.50 0.13 0.00 0.12 0.20 0.36 714 2
Result 1 20.0 773 0.44 0.19 0.15 0.17 0.18 0.13 0.19 -1 -1 -1 -1
Evo 1.03 0.50 1.00 0.53 0.50 0.50 0.50 0.11 0.00 0.13 0.20 0.35 803 0
Result 1 20.0 846 0.42 0.18 0.16 0.17 0.17 0.16 0.16 -1 -1 -1 -1
Evo 1.03 0.50 1.00 0.52 0.50 0.50 0.50 0.11 0.00 0.08 0.26 0.43 945 0
Result 1 18.0 1023 0.42 0.17 0.16 0.15 0.17 0.15 0.19 -1 -1 -1 -1
Evo 1.02 0.50 1.00 0.54 0.50 0.50 0.50 0.13 0.00 0.12 0.20 0.41 705 0
Result 1 19.0 769 0.42 0.20 0.16 0.15 0.18 0.13 0.19 -1 -1 -1 -1
Evo 1.02 0.50 1.00 0.54 0.50 0.50 0.50 0.13 0.00 0.24 0.11 0.27 706 0
Result 1 20.0 764 0.44 0.18 0.15 0.18 0.17 0.13 0.20 -1 -1 -1 -1
Evo 1.01 0.50 1.00 0.53 0.50 0.50 0.50 0.13 0.00 0.25 0.16 0.32 704 0
Result 1 20.0 764 0.43 0.20 0.16 0.18 0.17 0.13 0.16 -1 -1 -1 -1
Evo 1.04 0.50 1.00 0.53 0.50 0.50 0.50 0.12 0.00 0.24 0.20 0.40 775 0
Result 1 17.0 829 0.43 0.21 0.17 0.15 0.17 0.12 0.19 -1 -1 -1 -1
Evo 1.04 0.50 1.00 0.54 0.50 0.50 0.50 0.13 0.00 0.17 0.15 0.32 737 0
Result 1 18.0 795 0.37 0.18 0.12 0.17 0.18 0.16 0.18 -1 -1 -1 -1
Evo 1.03 0.50 1.00 0.55 0.50 0.50 0.50 0.15 0.01 0.26 0.23 0.40 820 1
Result 1 16.0 930 0.39 0.20 0.16 0.16 0.18 0.13 0.17 -1 -1 -1 -1
Evo 1.03 0.50 1.00 0.53 0.50 0.50 0.50 0.12 0.00 0.17 0.20 0.40 718 0
Result 1 20.0 767 0.43 0.15 0.15 0.19 0.17 0.16 0.18 -1 -1 -1 -1
Evo 1.03 0.50 1.00 0.54 0.50 0.50 0.50 0.13 0.00 0.21 0.18 0.31 704 0
Result 1 20.0 766 0.41 0.18 0.15 0.16 0.20 0.13 0.18 -1 -1 -1 -1
Evo 1.02 0.50 1.00 0.54 0.50 0.50 0.50 0.13 0.00 0.25 0.14 0.27 709 2
Result 1 20.0 770 0.41 0.20 0.15 0.16 0.19 0.11 0.19 -1 -1 -1 -1
Evo 1.02 0.50 1.00 0.54 0.50 0.50 0.50 0.13 0.00 0.22 0.15 0.34 705 0
Result 1 19.0 761 0.41 0.20 0.15 0.16 0.17 0.10 0.21 -1 -1 -1 -1
Evo 1.01 0.50 1.00 0.53 0.50 0.50 0.50 0.11 0.00 0.11 0.30 0.48 1031 0
Result 1 20.0 1099 0.40 0.19 0.15 0.15 0.17 0.14 0.20 -1 -1 -1 -1
Evo 1.07 0.50 1.00 0.53 0.50 0.50 0.50 0.12 0.00 0.13 0.17 0.34 772 0
Result 1 20.0 826 0.41 0.19 0.15 0.17 0.16 0.16 0.18 -1 -1 -1 -1
Evo 1.05 0.50 1.00 0.53 0.50 0.50 0.50 0.13 0.00 0.21 0.17 0.35 743 1
Result 1 19.0 804 0.35 0.21 0.15 0.16 0.19 0.11 0.18 -1 -1 -1 -1
Evo 1.03 0.50 1.00 0.53 0.50 0.50 0.50 0.13 0.00 0.26 0.17 0.30 763 0
Result 1 18.0 820 0.44 0.18 0.17 0.16 0.17 0.13 0.18 -1 -1 -1 -1
Evo 1.02 0.50 1.00 0.53 0.50 0.50 0.50 0.11 0.00 0.26 0.13 0.33 986 0
Result 1 18.0 1044 0.42 0.18 0.16 0.18 0.16 0.14 0.18 -1 -1 -1 -1
Evo 1.01 0.50 1.00 0.54 0.50 0.50 0.50 0.13 0.00 0.17 0.21 0.40 715 0
Result 1 19.0 773 0.43 0.17 0.16 0.18 0.18 0.13 0.18 -1 -1 -1 -1
Evo 1.02 0.50 1.00 0.54 0.50 0.50 0.50 0.13 0.00 0.17 0.19 0.35 705 0
Result 1 20.0 763 0.45 0.17 0.15 0.17 0.18 0.13 0.19 -1 -1 -1 -1
Evo 1.01 0.50 1.00 0.53 0.50 0.50 0.50 0.12 0.00 0.35 0.21 0.38 716 16
Result 1 20.0 764 0.44 0.17 0.15 0.18 0.17 0.14 0.19 -1 -1 -1 -1
Evo 1.05 0.50 1.00 0.53 0.50 0.50 0.50 0.12 0.00 0.20 0.24 0.45 874 1
Result 1 19.0 944 0.42 0.17 0.15 0.16 0.16 0.15 0.20 -1 -1 -1 -1
Evo 1.03 0.50 1.00 0.53 0.50 0.50 0.50 0.11 0.00 0.15 0.22 0.38 875 0
Result 1 18.0 926 0.47 0.18 0.17 0.15 0.21 0.14 0.15 -1 -1 -1 -1
Evo 1.03 0.50 1.00 0.53 0.50 0.50 0.50 0.13 0.00 0.17 0.19 0.39 712 0
Result 1 20.0 764 0.40 0.13 0.17 0.17 0.19 0.14 0.20 -1 -1 -1 -1
Evo 1.01 0.50 1.00 0.53 0.50 0.50 0.50 0.13 0.00 0.11 0.25 0.43 712 1
Result 1 20.0 763 0.40 0.16 0.16 0.17 0.19 0.14 0.18 -1 -1 -1 -1
Evo 1.01 0.50 1.00 0.54 0.50 0.50 0.50 0.13 0.00 0.23 0.16 0.30 704 0
Result 1 20.0 762 0.38 0.19 0.15 0.18 0.18 0.13 0.18 -1 -1 -1 -1
Evo 1.02 0.50 1.00 0.54 0.50 0.50 0.50 0.13 0.00 0.23 0.22 0.37 704 0
Result 1 20.0 764 0.44 0.18 0.15 0.17 0.17 0.14 0.18 -1 -1 -1 -1
Evo 1.02 0.50 1.00 0.54 0.50 0.50 0.50 0.13 0.00 0.25 0.21 0.37 706 0
Result 1 20.0 766 0.42 0.19 0.16 0.16 0.19 0.14 0.17 -1 -1 -1 -1
Evo 1.02 0.50 1.00 0.54 0.50 0.50 0.50 0.13 0.00 0.37 0.20 0.32 761 0
Result 1 18.0 824 0.44 0.18 0.15 0.15 0.17 0.13 0.21 -1 -1 -1 -1
Evo 1.02 0.50 1.00 0.53 0.50 0.50 0.50 0.13 0.00 0.21 0.20 0.37 714 0
Result 1 20.0 770 0.38 0.19 0.14 0.17 0.17 0.13 0.19 -1 -1 -1 -1
Evo 1.03 0.50 1.00 0.53 0.50 0.50 0.50 0.12 0.00 0.19 0.13 0.24 723 0
Result 1 20.0 773 0.42 0.18 0.16 0.16 0.17 0.13 0.20 -1 -1 -1 -1
Evo 1.03 0.50 1.00 0.54 0.50 0.50 0.50 0.13 0.00 0.18 0.12 0.35 709 0
Result 1 18.0 764 0.42 0.18 0.16 0.17 0.19 0.13 0.17 -1 -1 -1 -1
Evo 1.01 0.50 1.00 0.54 0.50 0.50 0.50 0.13 0.00 0.14 0.22 0.41 705 0
Result 1 19.0 761 0.43 0.19 0.17 0.17 0.16 0.14 0.17 -1 -1 -1 -1
Evo 1.01 0.50 1.00 0.54 0.50 0.50 0.50 0.13 0.00 0.19 0.14 0.27 713 0
Result 1 20.0 769 0.42 0.20 0.15 0.18 0.16 0.14 0.18 -1 -1 -1 -1
Evo 1.02 0.50 1.00 0.52 0.50 0.50 0.50 0.11 0.00 0.19 0.18 0.33 1094 2
Result 1 20.0 1151 0.45 0.17 0.13 0.18 0.19 0.14 0.19 -1 -1 -1 -1
Evo 1.03 0.50 1.00 0.54 0.50 0.50 0.50 0.13 0.00 0.29 0.11 0.29 711 0
Result 1 18.0 769 0.41 0.17 0.15 0.16 0.19 0.13 0.20 -1 -1 -1 -1
Evo 1.02 0.50 1.00 0.53 0.50 0.50 0.50 0.13 0.00 0.21 0.17 0.34 716 0
Result 1 20.0 769 0.38 0.18 0.14 0.17 0.18 0.13 0.20 -1 -1 -1 -1
Evo 1.02 0.50 1.00 0.52 0.50 0.50 0.50 0.11 0.00 0.14 0.22 0.37 994 0
Result 1 20.0 1046 0.43 0.17 0.16 0.17 0.16 0.14 0.19 -1 -1 -1 -1
Evo 1.04 0.50 1.00 0.52 0.50 0.50 0.50 0.11 0.00 0.20 0.13 0.29 872 0
Result 1 14.0 922 0.42 0.17 0.16 0.17 0.16 0.14 0.20 -1 -1 -1 -1
Evo 1.02 0.50 1.00 0.54 0.50 0.50 0.50 0.13 0.00 0.16 0.14 0.31 719 0
Result 1 20.0 778 0.42 0.16 0.16 0.17 0.19 0.13 0.19 -1 -1 -1 -1
Evo 1.01 0.50 1.00 0.52 0.50 0.50 0.50 0.11 0.00 0.17 0.19 0.31 1067 1
Result 1 20.0 1124 0.42 0.18 0.15 0.18 0.16 0.14 0.18 -1 -1 -1 -1
Evo 1.01 0.50 1.00 0.53 0.50 0.50 0.50 0.12 0.00 0.11 0.22 0.33 727 0
Result 1 20.0 777 0.42 0.21 0.18 0.15 0.16 0.13 0.17 -1 -1 -1 -1
Evo 1.02 0.50 1.00 0.52 0.50 0.50 0.50 0.10 0.00 0.13 0.21 0.35 1070 0
Result 1 20.0 1114 0.40 0.16 0.17 0.18 0.17 0.15 0.18 -1 -1 -1 -1
