Evo 1.01 0.00 1.00 0.97 1.00 1.00 1.00 0.17 0.00 0.05 0.24 0.86 -1 0
Result 0 0.0 2000 0.45 0.18 0.16 0.16 0.16 0.15 0.18 -1 -1 -1 -1
Evo 1.01 0.00 1.00 0.97 1.00 1.00 1.00 0.17 0.00 0.01 0.13 0.51 -1 0
Result 0 0.0 2000 0.43 0.19 0.17 0.15 0.17 0.16 0.16 -1 -1 -1 -1
Evo 1.01 0.00 1.00 0.97 1.00 1.00 1.00 0.17 0.00 0.01 0.15 0.47 -1 1
Result 0 -1.0 2000 0.44 0.19 0.16 0.16 0.16 0.16 0.17 -1 -1 -1 -1
Evo 1.01 0.00 1.00 0.97 1.00 1.00 1.00 0.17 0.00 0.04 0.16 0.47 -1 0
Result 0 -1.0 2000 0.47 0.21 0.16 0.15 0.15 0.16 0.16 -1 -1 -1 -1
Evo 1.01 0.00 1.00 0.97 1.00 1.00 1.00 0.17 0.00 0.01 0.15 0.48 -1 0
Result 0 0.0 2000 0.47 0.21 0.17 0.16 0.15 0.16 0.16 -1 -1 -1 -1
Evo 1.00 0.00 1.00 0.97 1.00 1.00 1.00 0.17 0.00 0.03 0.17 0.57 -1 0
Result 0 -1.0 2000 0.41 0.19 0.17 0.16 0.17 0.16 0.15 -1 -1 -1 -1
Evo 1.01 0.00 1.00 0.97 1.00 1.00 1.00 0.17 0.00 0.01 0.12 0.43 -1 0
Result 0 0.0 2000 0.43 0.20 0.17 0.15 0.17 0.14 0.17 -1 -1 -1 -1
Evo 1.01 0.00 1.00 0.97 1.00 1.00 1.00 0.17 0.00 0.06 0.19 0.78 -1 0
Result 0 0.0 2000 0.47 0.21 0.15 0.15 0.16 0.17 0.17 -1 -1 -1 -1
Evo 1.01 0.00 1.00 0.97 1.00 1.00 1.00 0.17 0.00 0.03 0.19 0.64 -1 0
Result 0 0.0 2000 0.44 0.19 0.15 0.17 0.16 0.15 0.18 -1 -1 -1 -1
Evo 1.01 0.00 1.00 0.97 1.00 1.00 1.00 0.17 0.00 0.04 0.12 0.41 -1 0
Result 0 0.0 2000 0.44 0.18 0.17 0.16 0.16 0.16 0.18 -1 -1 -1 -1
Evo 1.01 0.00 1.00 0.97 1.00 1.00 1.00 0.17 0.00 0.03 0.27 0.87 -1 0
Result 0 0.0 2000 0.44 0.18 0.15 0.17 0.17 0.16 0.18 -1 -1 -1 -1
Evo 1.01 0.00 1.00 0.97 1.00 1.00 1.00 0.17 0.00 0.03 0.12 0.41 -1 0
Result 0 0.0 2000 0.46 0.19 0.15 0.17 0.15 0.15 0.18 -1 -1 -1 -1
Evo 1.02 0.00 1.00 0.97 1.00 1.00 1.00 0.17 0.00 0.37 0.16 0.62 -1 0
Result 0 -1.0 2000 0.46 0.19 0.16 0.16 0.16 0.15 0.17 -1 -1 -1 -1
Evo 1.01 0.00 1.00 0.97 1.00 1.00 1.00 0.17 0.00 0.01 0.15 0.43 -1 0
Result 0 0.0 2000 0.46 0.19 0.16 0.16 0.16 0.16 0.16 -1 -1 -1 -1
Evo 1.01 0.00 1.00 0.97 1.00 1.00 1.00 0.17 0.00 0.03 0.14 0.49 -1 0
Result 0 0.0 2000 0.45 0.20 0.15 0.16 0.16 0.14 0.18 -1 -1 -1 -1
Evo 1.01 0.00 1.00 0.97 1.00 1.00 1.00 0.17 0.00 0.02 0.11 0.40 -1 0
Result 0 0.0 2000 0.42 0.19 0.17 0.16 0.17 0.15 0.16 -1 -1 -1 -1
Evo 1.01 0.00 1.00 0.97 1.00 1.00 1.00 0.17 0.00 0.53 0.13 0.49 -1 0
Result 0 -1.0 2000 0.46 0.20 0.15 0.16 0.16 0.15 0.19 -1 -1 -1 -1
Evo 1.00 0.00 1.00 0.97 1.00 1.00 1.00 0.17 0.00 0.03 0.12 0.43 -1 0
Result 0 0.0 2000 0.46 0.20 0.17 0.16 0.16 0.16 0.15 -1 -1 -1 -1
Evo 1.01 0.00 1.00 0.97 1.00 1.00 1.00 0.17 0.00 0.02 0.18 0.61 -1 0
Result 0 0.0 2000 0.47 0.20 0.16 0.16 0.16 0.16 0.15 -1 -1 -1 -1
Evo 1.01 0.00 1.00 0.97 1.00 1.00 1.00 0.17 0.00 0.04 0.20 0.67 -1 0
Result 0 -1.0 2000 0.44 0.20 0.15 0.16 0.16 0.15 0.17 -1 -1 -1 -1
Evo 1.00 0.00 1.00 0.97 1.00 1.00 1.00 0.17 0.00 0.15 0.12 0.66 -1 0
Result 0 0.0 2000 0.44 0.18 0.15 0.16 0.15 0.17 0.17 -1 -1 -1 -1
Evo 1.00 0.00 1.00 0.97 1.00 1.00 1.00 0.17 0.00 0.15 0.11 0.57 -1 0
Result 0 0.0 2000 0.45 0.18 0.16 0.15 0.15 0.15 0.19 -1 -1 -1 -1
Evo 1.00 0.00 1.00 0.97 1.00 1.00 1.00 0.17 0.00 0.02 0.12 0.61 -1 0
Result 0 0.0 2000 0.44 0.18 0.16 0.16 0.16 0.16 0.18 -1 -1 -1 -1
Evo 1.00 0.00 1.00 0.97 1.00 1.00 1.00 0.17 0.00 0.15 0.12 0.61 -1 0
Result 0 0.0 2000 0.44 0.19 0.16 0.15 0.16 0.16 0.18 -1 -1 -1 -1
Evo 1.00 0.00 1.00 0.97 1.00 1.00 1.00 0.17 0.00 0.01 0.13 0.60 -1 0
Result 0 0.0 2000 0.44 0.19 0.16 0.14 0.16 0.15 0.18 -1 -1 -1 -1
Evo 1.00 0.00 1.00 0.97 1.00 1.00 1.00 0.17 0.00 0.15 0.12 0.55 -1 0
Result 0 0.0 2000 0.45 0.19 0.17 0.15 0.16 0.16 0.17 -1 -1 -1 -1
Evo 1.00 0.00 1.00 0.97 1.00 1.00 1.00 0.17 0.00 0.01 0.23 0.74 -1 0
Result 0 -1.0 2000 0.46 0.20 0.16 0.14 0.16 0.14 0.20 -1 -1 -1 -1
Evo 1.00 0.00 1.00 0.97 1.00 1.00 1.00 0.17 0.00 0.01 0.11 0.61 -1 0
Result 0 0.0 2000 0.45 0.18 0.16 0.15 0.16 0.16 0.20 -1 -1 -1 -1
Evo 1.00 0.00 1.00 0.97 1.00 1.00 1.00 0.17 0.00 0.01 0.11 0.56 -1 0
Result 0 0.0 2000 0.45 0.19 0.18 0.14 0.16 0.15 0.18 -1 -1 -1 -1
Evo 1.00 0.00 1.00 0.97 1.00 1.00 1.00 0.17 0.00 0.01 0.21 0.72 -1 0
Result 0 0.0 2000 0.45 0.17 0.16 0.16 0.17 0.16 0.18 -1 -1 -1 -1
Evo 1.00 0.00 1.00 0.97 1.00 1.00 1.00 0.17 0.00 0.01 0.12 0.62 -1 0
Result 0 0.0 2000 0.45 0.18 0.17 0.15 0.16 0.16 0.17 -1 -1 -1 -1
Evo 1.00 0.00 1.00 0.97 1.00 1.00 1.00 0.17 0.00 0.15 0.13 0.55 -1 0
Result 0 -2.0 2000 0.43 0.20 0.16 0.15 0.17 0.16 0.16 -1 -1 -1 -1
Evo 1.00 0.00 1.00 0.97 1.00 1.00 1.00 0.17 0.00 0.02 0.13 0.59 -1 0
Result 0 0.0 2000 0.45 0.18 0.16 0.15 0.16 0.16 0.18 -1 -1 -1 -1
Evo 1.00 0.00 1.00 0.97 1.00 1.00 1.00 0.17 0.00 0.01 0.13 0.58 -1 0
Result 0 0.0 2000 0.46 0.20 0.15 0.16 0.15 0.15 0.19 -1 -1 -1 -1
Evo 1.00 0.00 1.00 0.97 1.00 1.00 1.00 0.17 0.00 0.15 0.13 0.59 -1 0
Result 0 -1.0 2000 0.46 0.19 0.16 0.15 0.17 0.16 0.17 -1 -1 -1 -1
Evo 1.00 0.00 1.00 0.97 1.00 1.00 1.00 0.17 0.00 0.01 0.13 0.56 -1 0
Result 0 -1.0 2000 0.44 0.18 0.16 0.15 0.17 0.15 0.18 -1 -1 -1 -1
Evo 1.00 0.00 1.00 0.97 1.00 1.00 1.00 0.17 0.00 0.15 0.12 0.61 -1 0
Result 0 0.0 2000 0.44 0.19 0.16 0.16 0.16 0.16 0.18 -1 -1 -1 -1
Evo 1.00 0.00 1.00 0.97 1.00 1.00 1.00 0.17 0.00 0.01 0.11 0.58 -1 0
Result 0 -1.0 2000 0.47 0.20 0.17 0.14 0.16 0.16 0.17 -1 -1 -1 -1
Evo 1.00 0.00 1.00 0.97 1.00 1.00 1.00 0.17 0.00 0.03 0.12 0.58 -1 0
Result 0 0.0 2000 0.44 0.18 0.15 0.16 0.15 0.17 0.18 -1 -1 -1 -1
Evo 1.00 0.00 1.00 0.97 1.00 1.00 1.00 0.17 0.00 0.15 0.12 0.63 -1 0
Result 0 0.0 2000 0.45 0.19 0.16 0.16 0.16 0.16 0.18 -1 -1 -1 -1
Evo 1.00 0.00 1.00 0.97 1.00 1.00 1.00 0.17 0.00 0.01 0.13 0.50 -1 0
Result 0 0.0 2000 0.45 0.18 0.16 0.16 0.15 0.16 0.19 -1 -1 -1 -1
Evo 1.00 0.00 1.00 0.97 1.00 1.00 1.00 0.17 0.00 0.15 0.16 0.55 -1 4
Result 0 0.0 2000 0.46 0.19 0.15 0.16 0.16 0.16 0.17 -1 -1 -1 -1
Evo 1.00 0.00 1.00 0.97 1.00 1.00 1.00 0.17 0.00 0.15 0.17 0.50 -1 1
Result 0 0.0 2000 0.44 0.18 0.14 0.17 0.16 0.17 0.18 -1 -1 -1 -1
Evo 1.00 0.00 1.00 0.97 1.00 1.00 1.00 0.17 0.00 0.15 0.16 0.51 -1 34
Result 0 0.0 2000 0.48 0.21 0.15 0.16 0.15 0.16 0.18 -1 -1 -1 -1
Evo 1.00 0.00 1.00 0.97 1.00 1.00 1.00 0.17 0.00 0.02 0.13 0.51 -1 0
Result 0 0.0 2000 0.47 0.21 0.14 0.16 0.14 0.17 0.17 -1 -1 -1 -1
Evo 1.00 0.00 1.00 0.97 1.00 1.00 1.00 0.17 0.00 0.02 0.16 0.52 -1 63
Result 0 0.0 2000 0.46 0.20 0.16 0.16 0.16 0.15 0.17 -1 -1 -1 -1
Evo 1.01 0.00 1.00 0.97 1.00 1.00 1.00 0.17 0.00 0.01 0.18 0.54 -1 24
Result 0 -1.0 2000 0.46 0.19 0.15 0.16 0.17 0.16 0.17 -1 -1 -1 -1
Evo 1.00 0.00 1.00 0.97 1.00 1.00 1.00 0.17 0.00 0.01 0.13 0.49 -1 46
Result 0 0.0 2000 0.43 0.20 0.14 0.16 0.16 0.17 0.17 -1 -1 -1 -1
Evo 1.00 0.00 1.00 0.97 1.00 1.00 1.00 0.17 0.00 0.15 0.16 0.54 -1 1
Result 0 0.0 2000 0.46 0.19 0.16 0.15 0.16 0.16 0.18 -1 -1 -1 -1
Evo 1.00 0.00 1.00 0.97 1.00 1.00 1.00 0.17 0.00 0.15 0.18 0.55 -1 0
Result 0 -1.0 2000 0.45 0.19 0.16 0.16 0.17 0.15 0.18 -1 -1 -1 -1
Evo 1.01 0.00 1.00 0.97 1.00 1.00 1.00 0.17 0.00 0.01 0.15 0.52 -1 0
Result 0 0.0 2000 0.44 0.20 0.16 0.16 0.16 0.16 0.18 -1 -1 -1 -1
Evo 1.01 0.00 1.00 0.97 1.00 1.00 1.00 0.17 0.00 0.01 0.19 0.55 -1 38
Result 0 0.0 2000 0.45 0.19 0.15 0.16 0.16 0.15 0.19 -1 -1 -1 -1
Evo 1.00 0.00 1.00 0.97 1.00 1.00 1.00 0.17 0.00 0.14 0.16 0.53 -1 17
Result 0 -5.0 1999 0.42 0.20 0.15 0.17 0.16 0.16 0.16 -1 -1 -1 -1
Evo 1.01 0.00 1.00 0.97 1.00 1.00 1.00 0.17 0.00 0.01 0.11 0.43 -1 21
Result 0 0.0 2000 0.46 0.19 0.15 0.16 0.16 0.16 0.17 -1 -1 -1 -1
Evo 1.01 0.00 1.00 0.97 1.00 1.00 1.00 0.17 0.00 0.01 0.17 0.56 -1 25
Result 0 0.0 2000 0.44 0.18 0.16 0.17 0.15 0.16 0.18 -1 -1 -1 -1
Evo 1.01 0.00 1.00 0.97 1.00 1.00 1.00 0.17 0.00 0.04 0.23 0.75 -1 1
Result 0 0.0 2000 0.44 0.19 0.15 0.16 0.15 0.17 0.17 -1 -1 -1 -1
Evo 1.00 0.00 1.00 0.97 1.00 1.00 1.00 0.16 0.00 0.14 0.19 0.58 -1 0
Result 0 -5.0 1994 0.46 0.19 0.16 0.16 0.16 0.15 0.18 -1 -1 -1 -1
Evo 1.00 0.00 1.00 0.97 1.00 1.00 1.00 0.17 0.00 0.15 0.15 0.57 -1 1
Result 0 -1.0 2000 0.46 0.20 0.16 0.16 0.15 0.16 0.17 -1 -1 -1 -1
Evo 1.00 0.00 1.00 0.97 1.00 1.00 1.00 0.17 0.00 0.01 0.18 0.52 -1 15
Result 0 0.0 2000 0.43 0.20 0.16 0.16 0.16 0.16 0.17 -1 -1 -1 -1
Evo 1.00 0.00 1.00 0.97 1.00 1.00 1.00 0.17 0.00 0.15 0.20 0.54 -1 117
Result 0 0.0 2000 0.45 0.19 0.16 0.15 0.17 0.15 0.18 -1 -1 -1 -1
Evo 1.01 0.00 1.00 0.97 1.00 1.00 1.00 0.17 0.00 0.03 0.17 0.71 -1 0
Result 0 0.0 2000 0.43 0.18 0.17 0.18 0.16 0.15 0.16 -1 -1 -1 -1
Evo 1.01 0.00 1.00 0.97 1.00 1.00 1.00 0.17 0.00 0.22 0.15 0.61 -1 0
Result 0 -1.0 2000 0.44 0.19 0.14 0.17 0.16 0.16 0.18 -1 -1 -1 -1
Evo 1.01 0.00 1.00 0.97 1.00 1.00 1.00 0.17 0.00 0.04 0.11 0.51 -1 0
Result 0 0.0 2000 0.43 0.19 0.15 0.17 0.15 0.17 0.16 -1 -1 -1 -1
Evo 1.01 0.00 1.00 0.97 1.00 1.00 1.00 0.17 0.00 0.02 0.31 0.95 -1 0
Result 0 0.0 2000 0.42 0.21 0.16 0.18 0.14 0.16 0.16 -1 -1 -1 -1
Evo 1.01 0.00 1.00 0.97 1.00 1.00 1.00 0.17 0.00 0.03 0.18 0.61 -1 0
Result 0 0.0 2000 0.47 0.20 0.14 0.18 0.15 0.18 0.15 -1 -1 -1 -1
Evo 1.02 0.00 1.00 0.97 1.00 1.00 1.00 0.17 0.00 0.05 0.16 0.61 -1 0
Result 0 0.0 2000 0.43 0.21 0.13 0.18 0.15 0.17 0.16 -1 -1 -1 -1
Evo 1.01 0.00 1.00 0.97 1.00 1.00 1.00 0.17 0.00 0.04 0.32 0.96 -1 0
Result 0 0.0 2000 0.43 0.19 0.15 0.17 0.15 0.17 0.16 -1 -1 -1 -1
Evo 1.01 0.00 1.00 0.97 1.00 1.00 1.00 0.17 0.00 0.03 0.15 0.68 -1 0
Result 0 0.0 2000 0.43 0.19 0.15 0.17 0.15 0.18 0.16 -1 -1 -1 -1
Evo 1.01 0.00 1.00 0.97 1.00 1.00 1.00 0.17 0.00 0.10 0.20 0.85 -1 0
Result 0 0.0 2000 0.42 0.20 0.16 0.17 0.15 0.17 0.15 -1 -1 -1 -1
Evo 1.01 0.00 1.00 0.97 1.00 1.00 1.00 0.17 0.00 0.03 0.23 0.71 -1 0
Result 0 0.0 2000 0.43 0.20 0.15 0.17 0.16 0.16 0.16 -1 -1 -1 -1
Evo 1.01 0.00 1.00 0.97 1.00 1.00 1.00 0.17 0.00 0.04 0.23 0.72 -1 0
Result 0 0.0 2000 0.41 0.21 0.15 0.17 0.15 0.17 0.15 -1 -1 -1 -1
Evo 1.00 0.00 1.00 0.97 1.00 1.00 1.00 0.17 0.00 0.04 0.31 0.96 -1 0
Result 0 0.0 2000 0.46 0.20 0.15 0.18 0.13 0.17 0.17 -1 -1 -1 -1
Evo 1.01 0.00 1.00 0.97 1.00 1.00 1.00 0.17 0.00 0.03 0.15 0.64 -1 0
Result 0 0.0 2000 0.43 0.20 0.13 0.18 0.14 0.18 0.17 -1 -1 -1 -1
Evo 1.01 0.00 1.00 0.97 1.00 1.00 1.00 0.17 0.00 0.02 0.21 0.74 -1 0
Result 0 -1.0 2000 0.43 0.20 0.15 0.16 0.15 0.16 0.17 -1 -1 -1 -1
Evo 1.01 0.00 1.00 0.97 1.00 1.00 1.00 0.17 0.00 0.02 0.26 0.90 -1 0
Result 0 0.0 2000 0.46 0.20 0.15 0.17 0.15 0.17 0.16 -1 -1 -1 -1
Evo 1.01 0.00 1.00 0.97 1.00 1.00 1.00 0.17 0.00 0.03 0.09 0.48 -1 0
Result 0 0.0 2000 0.40 0.20 0.14 0.18 0.16 0.18 0.14 -1 -1 -1 -1
Evo 1.01 0.00 1.00 0.97 1.00 1.00 1.00 0.17 0.00 0.03 0.14 0.62 -1 0
Result 0 -1.0 2000 0.46 0.19 0.14 0.17 0.15 0.18 0.17 -1 -1 -1 -1
Evo 1.01 0.00 1.00 0.97 1.00 1.00 1.00 0.17 0.00 0.03 0.22 0.79 -1 0
Result 0 0.0 2000 0.43 0.20 0.16 0.16 0.16 0.15 0.17 -1 -1 -1 -1
Evo 1.01 0.00 1.00 0.97 1.00 1.00 1.00 0.17 0.00 0.03 0.22 0.80 -1 0
Result 0 -1.0 2000 0.42 0.20 0.16 0.16 0.16 0.16 0.16 -1 -1 -1 -1
Evo 1.01 0.00 1.00 0.97 1.00 1.00 1.00 0.17 0.00 0.03 0.14 0.56 -1 0
Result 0 0.0 2000 0.47 0.21 0.15 0.18 0.15 0.17 0.15 -1 -1 -1 -1
Evo 1.01 0.00 1.00 0.97 1.00 1.00 1.00 0.17 0.00 0.02 0.14 0.41 -1 1
Result 0 -1.0 2000 0.44 0.18 0.16 0.16 0.17 0.15 0.17 -1 -1 -1 -1
Evo 1.01 0.00 1.00 0.97 1.00 1.00 1.00 0.17 0.00 0.01 0.16 0.44 -1 1
Result 0 4.0 2000 0.44 0.19 0.17 0.15 0.17 0.15 0.17 -1 -1 -1 -1
Evo 1.01 0.00 1.00 0.97 1.00 1.00 1.00 0.17 0.00 0.05 0.13 0.45 -1 1
Result 0 0.0 2000 0.46 0.20 0.16 0.16 0.15 0.16 0.17 -1 -1 -1 -1
Evo 1.01 0.00 1.00 0.97 1.00 1.00 1.00 0.17 0.00 0.05 0.13 0.43 -1 1
Result 0 -1.0 2000 0.44 0.19 0.16 0.16 0.16 0.15 0.18 -1 -1 -1 -1
Evo 1.01 0.00 1.00 0.97 1.00 1.00 1.00 0.17 0.00 0.04 0.14 0.46 -1 62
Result 0 0.0 2000 0.46 0.19 0.16 0.17 0.15 0.17 0.17 -1 -1 -1 -1
Evo 1.01 0.00 1.00 0.97 1.00 1.00 1.00 0.17 0.00 0.01 0.16 0.44 -1 0
Result 0 4.0 2000 0.45 0.19 0.18 0.16 0.15 0.15 0.17 -1 -1 -1 -1
Evo 1.01 0.00 1.00 0.97 1.00 1.00 1.00 0.17 0.00 0.04 0.10 0.41 -1 1
Result 0 0.0 2000 0.43 0.19 0.17 0.16 0.16 0.16 0.16 -1 -1 -1 -1
Evo 1.01 0.00 1.00 0.97 1.00 1.00 1.00 0.17 0.00 0.04 0.13 0.42 -1 3
Result 0 -1.0 2000 0.42 0.20 0.18 0.15 0.17 0.16 0.16 -1 -1 -1 -1
Evo 1.01 0.00 1.00 0.97 1.00 1.00 1.00 0.17 0.00 0.26 0.16 0.54 -1 10
Result 0 4.0 2000 0.45 0.18 0.16 0.16 0.16 0.17 0.16 -1 -1 -1 -1
Evo 1.01 0.00 1.00 0.97 1.00 1.00 1.00 0.17 0.00 0.26 0.15 0.51 -1 0
Result 0 4.0 2000 0.45 0.18 0.17 0.15 0.17 0.16 0.17 -1 -1 -1 -1
Evo 1.01 0.00 1.00 0.97 1.00 1.00 1.00 0.17 0.00 0.05 0.13 0.42 -1 3
Result 0 0.0 2000 0.43 0.18 0.16 0.16 0.17 0.16 0.16 -1 -1 -1 -1
Evo 1.01 0.00 1.00 0.97 1.00 1.00 1.00 0.17 0.00 0.04 0.13 0.43 -1 12
Result 0 0.0 2000 0.42 0.20 0.18 0.16 0.16 0.15 0.16 -1 -1 -1 -1
Evo 1.01 0.00 1.00 0.97 1.00 1.00 1.00 0.17 0.00 0.04 0.13 0.42 -1 0
Result 0 0.0 2000 0.45 0.19 0.17 0.15 0.17 0.16 0.17 -1 -1 -1 -1
Evo 1.01 0.00 1.00 0.97 1.00 1.00 1.00 0.17 0.00 0.02 0.15 0.44 -1 2
Result 0 3.0 2000 0.46 0.19 0.17 0.16 0.16 0.16 0.16 -1 -1 -1 -1
Evo 1.01 0.00 1.00 0.97 1.00 1.00 1.00 0.17 0.00 0.04 0.15 0.40 -1 37
Result 0 0.0 2000 0.46 0.20 0.17 0.16 0.17 0.15 0.16 -1 -1 -1 -1
Evo 1.01 0.00 1.00 0.97 1.00 1.00 1.00 0.17 0.00 0.04 0.11 0.42 -1 27
Result 0 0.0 2000 0.44 0.18 0.16 0.17 0.16 0.16 0.17 -1 -1 -1 -1
Evo 1.01 0.00 1.00 0.97 1.00 1.00 1.00 0.17 0.00 0.04 0.15 0.44 -1 12
Result 0 6.0 2000 0.46 0.20 0.16 0.17 0.15 0.17 0.16 -1 -1 -1 -1
Evo 1.01 0.00 1.00 0.97 1.00 1.00 1.00 0.17 0.00 0.49 0.12 0.43 -1 5
Result 0 4.0 2000 0.45 0.18 0.17 0.15 0.18 0.14 0.18 -1 -1 -1 -1
Evo 1.01 0.00 1.00 0.97 1.00 1.00 1.00 0.17 0.00 0.32 0.14 0.47 -1 1
Result 0 6.0 2000 0.43 0.19 0.17 0.16 0.16 0.15 0.17 -1 -1 -1 -1
Evo 1.01 0.00 1.00 0.97 1.00 1.00 1.00 0.17 0.00 0.01 0.11 0.42 -1 0
Result 0 -1.0 2000 0.47 0.20 0.17 0.15 0.16 0.15 0.17 -1 -1 -1 -1
