Evo 665.81 -191780.49 1000000.50 -236.75 0.23 0.23 0.28 94551.90 8324.83 0.05 0.55 1.31 -1 -1
Result 1 1.0 128 0.47 0.19 0.23 0.22 0.16 0.20 -1 -1 -1 -1 -1
Evo 949.71 -999999.41 0.55 -1247.38 0.23 0.23 0.23 27387.03 706.89 0.01 1.67 2.98 -1 -1
Result 0 0.0 1500 0.47 0.19 0.22 0.19 0.21 0.20 -1 -1 -1 -1 -1
Evo 590.09 -396551.29 999999.90 -10349.55 0.21 0.23 0.28 130114.26 13715.25 0.07 0.44 0.99 -1 -1
Result 1 1.0 89 0.46 0.21 0.23 0.21 0.14 0.20 -1 -1 -1 -1 -1
Evo 831.67 -403225.32 999999.65 -312.39 0.23 0.23 0.23 63017.77 3522.80 0.03 0.84 1.39 -1 -1
Result 1 1.0 319 0.47 0.24 0.19 0.20 0.16 0.21 -1 -1 -1 -1 -1
Evo 698.76 -349999.51 1000000.30 -1449.11 0.23 0.23 0.28 92068.35 7443.28 0.05 0.65 1.47 -1 -1
Result 1 1.0 152 0.43 0.18 0.26 0.19 0.20 0.17 -1 -1 -1 -1 -1
Evo 735.06 -470587.95 1000000.17 -2295.46 0.23 0.23 0.28 93484.26 7437.21 0.05 0.61 1.15 -1 -1
Result 1 1.0 157 0.47 0.20 0.22 0.18 0.19 0.21 -1 -1 -1 -1 -1
Evo 917.23 -380952.08 1000000.03 -455.63 0.23 0.23 0.23 33853.87 986.78 0.01 2.32 3.36 -1 -1
Result 1 1.0 1176 0.46 0.19 0.22 0.20 0.19 0.19 -1 -1 -1 -1 -1
Evo 943.85 -339285.41 1000000.55 188.36 0.23 0.23 0.23 39400.90 1431.10 0.01 1.74 2.22 -1 -1
Result 1 1.0 757 0.48 0.20 0.18 0.21 0.19 0.22 -1 -1 -1 -1 -1
Evo 959.74 -999999.80 0.52 -1247.62 0.23 0.23 0.23 27956.95 721.60 0.01 1.89 3.06 -1 -1
Result 0 0.0 1500 0.48 0.21 0.21 0.19 0.18 0.21 -1 -1 -1 -1 -1
Evo 919.45 -460317.20 999999.88 -1070.62 0.23 0.23 0.23 46880.75 1848.80 0.01 1.33 1.84 -1 -1
Result 1 1.0 642 0.46 0.21 0.20 0.18 0.20 0.20 -1 -1 -1 -1 -1
Evo 907.15 -358490.12 999999.99 -1137.21 0.23 0.23 0.23 48038.08 1927.70 0.01 1.55 2.22 -1 -1
Result 1 1.0 620 0.47 0.19 0.19 0.23 0.18 0.21 -1 -1 -1 -1 -1
Evo 873.70 -280701.48 999999.64 323.64 0.23 0.23 0.23 63857.84 3789.27 0.03 0.99 1.65 -1 -1
Result 1 1.0 283 0.47 0.21 0.20 0.20 0.18 0.21 -1 -1 -1 -1 -1
Evo 796.22 -346153.55 1000000.43 -4216.80 0.21 0.23 0.23 81232.90 5427.60 0.03 0.74 1.34 -1 -1
Result 1 1.0 223 0.47 0.18 0.21 0.22 0.18 0.20 -1 -1 -1 -1 -1
Evo 792.84 -349999.71 999999.65 -1657.16 0.23 0.23 0.23 78449.08 5229.94 0.03 0.63 1.35 -1 -1
Result 1 1.0 224 0.44 0.20 0.23 0.20 0.20 0.18 -1 -1 -1 -1 -1
Evo 598.21 -333333.02 999999.81 -3538.14 0.21 0.23 0.33 112096.48 10939.50 0.06 0.47 1.31 -1 -1
Result 1 1.0 104 0.44 0.19 0.27 0.19 0.18 0.17 -1 -1 -1 -1 -1
Evo 878.94 -311474.89 999999.91 -610.60 0.23 0.23 0.23 56654.77 2883.65 0.02 1.30 1.89 -1 -1
Result 1 1.0 385 0.48 0.18 0.20 0.19 0.21 0.22 -1 -1 -1 -1 -1
Evo 820.68 -409090.62 999999.90 -63.31 0.23 0.23 0.23 65831.82 3872.46 0.03 0.78 1.38 -1 -1
Result 1 1.0 288 0.46 0.23 0.18 0.21 0.18 0.20 -1 -1 -1 -1 -1
Evo 960.78 -999999.78 0.49 -1669.63 0.23 0.23 0.23 30759.54 793.94 0.01 2.16 2.84 -1 -1
Result 0 0.0 1500 0.47 0.22 0.20 0.19 0.19 0.21 -1 -1 -1 -1 -1
Evo 960.28 -999999.60 0.53 -1205.46 0.23 0.23 0.23 27773.79 716.88 0.01 3.20 4.02 -1 -1
Result 0 0.0 1500 0.47 0.20 0.21 0.19 0.20 0.21 -1 -1 -1 -1 -1
Evo 874.30 -285713.77 1000000.24 -421.00 0.23 0.23 0.23 63401.82 3654.42 0.03 1.03 1.81 -1 -1
Result 1 1.0 300 0.47 0.19 0.21 0.21 0.19 0.20 -1 -1 -1 -1 -1
Evo 930.69 -305084.42 1000000.58 121.70 0.23 0.23 0.23 33867.54 1061.48 0.01 2.09 2.89 -1 -1
Result 1 1.0 1017 0.47 0.20 0.22 0.19 0.19 0.20 -1 -1 -1 -1 -1
Evo 871.84 -430768.86 1000000.49 144.51 0.23 0.23 0.23 59667.65 3166.83 0.02 1.25 2.18 -1 -1
Result 1 1.0 354 0.48 0.19 0.20 0.16 0.23 0.21 -1 -1 -1 -1 -1
Evo 947.29 -999999.41 0.55 -1189.73 0.23 0.23 0.23 27351.21 705.97 0.01 2.35 2.95 -1 -1
Result 0 0.0 1500 0.45 0.23 0.20 0.19 0.20 0.18 -1 -1 -1 -1 -1
Evo 847.41 -245613.64 1000000.11 1094.27 0.23 0.23 0.23 49764.43 2380.56 0.02 1.41 2.78 -1 -1
Result 1 1.0 436 0.50 0.17 0.21 0.19 0.19 0.24 -1 -1 -1 -1 -1
Evo 950.26 -305084.25 1000000.39 292.43 0.23 0.23 0.23 27277.93 705.02 0.01 2.56 3.24 -1 -1
Result 1 1.0 1496 0.46 0.20 0.20 0.19 0.22 0.19 -1 -1 -1 -1 -1
Evo 942.48 -377048.76 1000000.26 -17.24 0.23 0.23 0.23 30323.18 835.57 0.01 2.36 3.05 -1 -1
Result 1 1.0 1316 0.47 0.22 0.20 0.20 0.18 0.20 -1 -1 -1 -1 -1
Evo 946.53 -232142.43 999999.97 171.61 0.23 0.23 0.23 27618.12 719.11 0.01 3.07 3.72 -1 -1
Result 1 1.0 1474 0.47 0.19 0.21 0.19 0.20 0.20 -1 -1 -1 -1 -1
Evo 936.52 -477611.47 999999.69 -16.85 0.23 0.23 0.23 40261.83 1422.58 0.01 2.45 3.67 -1 -1
Result 1 1.0 800 0.47 0.18 0.21 0.18 0.22 0.21 -1 -1 -1 -1 -1
Evo 940.33 -406249.56 999999.67 107.75 0.23 0.23 0.23 31903.64 917.17 0.01 2.38 3.06 -1 -1
Result 1 1.0 1209 0.46 0.21 0.21 0.18 0.20 0.20 -1 -1 -1 -1 -1
Evo 779.26 -385964.62 1000000.44 266.69 0.23 0.23 0.28 71882.85 4659.47 0.03 1.11 2.02 -1 -1
Result 1 1.0 237 0.49 0.14 0.22 0.14 0.26 0.24 -1 -1 -1 -1 -1
Evo 941.22 -1000000.10 0.54 -1162.58 0.23 0.23 0.23 27484.46 709.41 0.01 2.63 3.05 -1 -1
Result 0 0.0 1500 0.46 0.20 0.19 0.21 0.20 0.20 -1 -1 -1 -1 -1
Evo 770.53 -293103.10 1000000.08 779.22 0.23 0.23 0.23 58535.14 3198.12 0.03 1.42 2.81 -1 -1
Result 1 1.0 334 0.50 0.21 0.18 0.18 0.19 0.25 -1 -1 -1 -1 -1
Evo 942.80 -999999.38 0.49 -1675.14 0.23 0.23 0.23 30495.65 787.13 0.01 2.03 2.55 -1 -1
Result 0 0.0 1500 0.45 0.20 0.20 0.20 0.23 0.18 -1 -1 -1 -1 -1
Evo 712.47 -349999.75 1000000.56 462.60 0.21 0.23 0.28 90218.29 7390.97 0.05 0.77 2.01 -1 -1
Result 1 1.0 148 0.52 0.18 0.16 0.15 0.22 0.29 -1 -1 -1 -1 -1
Evo 854.44 -374999.60 999999.66 60.99 0.23 0.23 0.23 76782.01 5311.12 0.04 1.03 2.27 -1 -1
Result 1 1.0 208 0.51 0.20 0.15 0.17 0.22 0.26 -1 -1 -1 -1 -1
Evo 877.28 -249999.69 999999.85 900.10 0.23 0.23 0.23 46590.70 2077.38 0.02 1.74 2.88 -1 -1
Result 1 1.0 502 0.48 0.18 0.21 0.18 0.22 0.22 -1 -1 -1 -1 -1
Evo 928.23 -368420.65 1000000.39 63.56 0.23 0.23 0.23 40260.77 1474.05 0.01 2.07 3.05 -1 -1
Result 1 1.0 745 0.48 0.20 0.19 0.19 0.20 0.21 -1 -1 -1 -1 -1
Evo 953.82 -263157.64 1000000.30 263.35 0.23 0.23 0.23 27078.82 699.64 0.01 2.56 3.31 -1 -1
Result 1 1.0 1497 0.46 0.22 0.20 0.19 0.19 0.20 -1 -1 -1 -1 -1
Evo 824.28 -366666.25 999999.78 -22.55 0.23 0.23 0.23 48651.41 2125.35 0.02 1.66 2.81 -1 -1
Result 1 1.0 523 0.48 0.21 0.20 0.17 0.20 0.22 -1 -1 -1 -1 -1
Evo 902.57 -232142.51 1000000.43 717.31 0.23 0.23 0.23 41762.48 1675.87 0.01 1.42 2.09 -1 -1
Result 1 1.0 620 0.45 0.21 0.22 0.17 0.21 0.18 -1 -1 -1 -1 -1
Evo 904.00 -333333.02 1000000.10 211.26 0.23 0.23 0.23 43137.47 1715.92 0.01 1.86 2.61 -1 -1
Result 1 1.0 631 0.46 0.18 0.22 0.20 0.21 0.19 -1 -1 -1 -1 -1
Evo 861.80 -196428.18 999999.87 1203.09 0.23 0.23 0.23 45894.13 2048.36 0.02 1.31 2.01 -1 -1
Result 1 1.0 501 0.47 0.22 0.22 0.17 0.20 0.20 -1 -1 -1 -1 -1
Evo 940.78 -370967.34 999999.85 209.46 0.23 0.23 0.23 31344.74 903.72 0.01 2.25 2.99 -1 -1
Result 1 1.0 1202 0.46 0.21 0.20 0.19 0.20 0.19 -1 -1 -1 -1 -1
Evo 900.22 -278688.23 1000000.14 376.18 0.23 0.23 0.23 38428.41 1383.97 0.01 1.93 2.67 -1 -1
Result 1 1.0 770 0.45 0.19 0.20 0.22 0.21 0.18 -1 -1 -1 -1 -1
Evo 857.54 -520547.44 999999.70 -1305.06 0.23 0.23 0.23 62159.23 3218.48 0.02 1.49 2.41 -1 -1
Result 1 1.0 372 0.44 0.18 0.22 0.24 0.19 0.18 -1 -1 -1 -1 -1
Evo 911.68 -452829.81 999999.97 73.23 0.23 0.23 0.23 38586.72 1315.03 0.01 1.68 2.30 -1 -1
Result 1 1.0 860 0.45 0.21 0.19 0.21 0.21 0.18 -1 -1 -1 -1 -1
Evo 942.65 -999999.97 0.56 -1537.40 0.23 0.23 0.23 29686.87 766.26 0.01 1.65 1.90 -1 -1
Result 0 0.0 1500 0.47 0.20 0.19 0.20 0.20 0.21 -1 -1 -1 -1 -1
Evo 799.13 -267856.83 1000000.49 1452.59 0.23 0.23 0.23 71261.09 4815.38 0.04 1.00 1.70 -1 -1
Result 1 1.0 218 0.42 0.20 0.24 0.22 0.19 0.16 -1 -1 -1 -1 -1
Evo 915.87 -266666.21 999999.64 399.22 0.23 0.23 0.23 36492.87 1262.89 0.01 1.85 2.65 -1 -1
Result 1 1.0 834 0.45 0.21 0.20 0.21 0.19 0.18 -1 -1 -1 -1 -1
Evo 948.17 -365078.83 1000000.35 243.60 0.23 0.23 0.23 28379.13 746.56 0.01 2.74 3.82 -1 -1
Result 1 1.0 1444 0.46 0.21 0.19 0.20 0.20 0.20 -1 -1 -1 -1 -1
Evo 927.45 -344262.04 999999.76 18.85 0.23 0.23 0.23 33545.63 1018.88 0.01 2.17 2.84 -1 -1
Result 1 1.0 1083 0.47 0.18 0.21 0.20 0.20 0.21 -1 -1 -1 -1 -1
Evo 911.53 -267856.77 999999.70 419.15 0.23 0.23 0.23 34910.85 1154.12 0.01 2.34 3.60 -1 -1
Result 1 1.0 914 0.45 0.19 0.21 0.22 0.20 0.18 -1 -1 -1 -1 -1
Evo 912.37 -220338.53 1000000.38 590.20 0.23 0.23 0.23 34868.49 1172.75 0.01 2.39 3.28 -1 -1
Result 1 1.0 883 0.45 0.21 0.20 0.22 0.19 0.19 -1 -1 -1 -1 -1
Evo 919.27 -259258.75 1000000.09 627.81 0.23 0.23 0.23 37418.24 1341.51 0.01 2.39 3.63 -1 -1
Result 1 1.0 777 0.45 0.18 0.21 0.23 0.20 0.19 -1 -1 -1 -1 -1
Evo 953.98 -1000000.00 0.50 -1417.06 0.23 0.23 0.23 29842.48 770.27 0.01 2.33 2.75 -1 -1
Result 0 0.0 1500 0.46 0.19 0.21 0.20 0.21 0.19 -1 -1 -1 -1 -1
Evo 951.20 -1000000.16 0.56 -1004.06 0.23 0.23 0.23 26724.57 689.80 0.01 3.02 3.89 -1 -1
Result 0 0.0 1500 0.45 0.21 0.21 0.21 0.19 0.18 -1 -1 -1 -1 -1
Evo 910.93 -383332.96 1000000.51 101.71 0.23 0.23 0.23 41985.96 1584.66 0.01 1.53 2.35 -1 -1
Result 1 1.0 701 0.44 0.22 0.21 0.19 0.20 0.18 -1 -1 -1 -1 -1
Evo 876.57 -218181.35 999999.66 1205.61 0.23 0.23 0.23 50979.85 2508.55 0.02 1.20 1.95 -1 -1
Result 1 1.0 412 0.48 0.19 0.21 0.23 0.15 0.22 -1 -1 -1 -1 -1
Evo 941.66 -999999.70 0.60 -1254.24 0.23 0.23 0.23 28207.13 728.06 0.01 2.57 3.01 -1 -1
Result 0 0.0 1500 0.47 0.19 0.20 0.20 0.20 0.20 -1 -1 -1 -1 -1
Evo 758.62 -379309.90 1000000.60 236.32 0.23 0.23 0.28 71230.76 4523.16 0.03 0.99 2.07 -1 -1
Result 1 1.0 247 0.44 0.20 0.22 0.24 0.17 0.17 -1 -1 -1 -1 -1
Evo 941.62 -999999.55 0.54 -1357.32 0.23 0.23 0.23 28656.35 739.66 0.01 1.30 1.56 -1 -1
Result 0 0.0 1500 0.47 0.20 0.20 0.20 0.19 0.21 -1 -1 -1 -1 -1
Evo 960.31 -1000000.12 0.52 -962.23 0.23 0.23 0.23 26667.46 688.32 0.01 1.95 2.49 -1 -1
Result 0 0.0 1500 0.47 0.19 0.21 0.21 0.19 0.20 -1 -1 -1 -1 -1
Evo 942.58 -999999.77 0.56 -1032.83 0.23 0.23 0.23 26950.31 695.62 0.01 1.51 1.69 -1 -1
Result 0 0.0 1500 0.46 0.20 0.20 0.21 0.19 0.20 -1 -1 -1 -1 -1
Evo 932.68 -333332.89 1000000.11 239.32 0.23 0.23 0.23 37951.58 1333.48 0.01 2.32 2.99 -1 -1
Result 1 1.0 809 0.48 0.22 0.20 0.19 0.18 0.21 -1 -1 -1 -1 -1
Evo 950.44 -999999.57 0.53 -1340.42 0.23 0.23 0.23 28683.34 740.35 0.01 2.76 3.36 -1 -1
Result 0 0.0 1500 0.48 0.18 0.20 0.20 0.20 0.22 -1 -1 -1 -1 -1
Evo 959.80 -999999.88 0.51 -1303.57 0.23 0.23 0.23 28781.07 742.88 0.01 2.17 2.55 -1 -1
Result 0 0.0 1500 0.47 0.21 0.18 0.20 0.20 0.21 -1 -1 -1 -1 -1
Evo 947.25 -1000000.21 0.56 -1185.84 0.23 0.23 0.23 28029.64 723.48 0.01 1.72 2.06 -1 -1
Result 0 0.0 1500 0.48 0.19 0.16 0.23 0.19 0.22 -1 -1 -1 -1 -1
Evo 950.83 -1000000.12 0.51 -1327.26 0.23 0.23 0.23 28862.65 744.98 0.01 2.88 3.50 -1 -1
Result 0 0.0 1500 0.46 0.21 0.19 0.19 0.21 0.20 -1 -1 -1 -1 -1
Evo 951.79 -1000000.20 0.53 -1085.34 0.23 0.23 0.23 27180.07 701.55 0.01 1.91 2.44 -1 -1
Result 0 0.0 1500 0.46 0.20 0.21 0.18 0.21 0.20 -1 -1 -1 -1 -1
Evo 956.74 -999999.33 0.53 -1453.48 0.23 0.23 0.23 28879.71 745.42 0.01 2.48 2.67 -1 -1
Result 0 0.0 1500 0.46 0.21 0.20 0.19 0.20 0.20 -1 -1 -1 -1 -1
Evo 952.48 -1000000.02 0.54 -1246.40 0.23 0.23 0.23 27828.50 718.29 0.01 2.48 3.16 -1 -1
Result 0 0.0 1500 0.47 0.21 0.19 0.20 0.19 0.21 -1 -1 -1 -1 -1
Evo 950.94 -999999.82 0.50 -1678.33 0.23 0.23 0.23 31505.50 813.20 0.01 2.18 2.53 -1 -1
Result 0 0.0 1500 0.47 0.18 0.21 0.21 0.19 0.21 -1 -1 -1 -1 -1
Evo 941.19 -999999.92 0.60 -1081.33 0.23 0.23 0.23 26908.80 694.55 0.01 2.33 2.61 -1 -1
Result 0 0.0 1500 0.45 0.22 0.20 0.18 0.21 0.19 -1 -1 -1 -1 -1
Evo 948.27 -999999.33 0.53 -1223.89 0.23 0.23 0.23 27563.06 711.44 0.01 1.61 1.82 -1 -1
Result 0 0.0 1500 0.46 0.22 0.19 0.21 0.19 0.20 -1 -1 -1 -1 -1
Evo 934.09 -384614.85 1000000.08 231.74 0.23 0.23 0.23 41086.90 1526.98 0.01 1.82 2.48 -1 -1
Result 1 1.0 723 0.46 0.19 0.24 0.18 0.19 0.20 -1 -1 -1 -1 -1
Evo 944.85 -999999.78 0.55 -1113.80 0.23 0.23 0.23 27150.11 700.78 0.01 2.26 2.44 -1 -1
Result 0 0.0 1500 0.47 0.19 0.19 0.21 0.20 0.20 -1 -1 -1 -1 -1
Evo 945.52 -999999.49 0.55 -1051.12 0.23 0.23 0.23 26859.65 693.28 0.01 1.19 1.83 -1 -1
Result 0 0.0 1500 0.47 0.19 0.20 0.23 0.18 0.21 -1 -1 -1 -1 -1
Evo 943.30 -999999.55 0.55 -1061.22 0.23 0.23 0.23 27391.57 707.01 0.01 1.95 2.35 -1 -1
Result 0 0.0 1500 0.46 0.21 0.20 0.20 0.20 0.20 -1 -1 -1 -1 -1
Evo 946.26 -999999.93 0.56 -1045.95 0.23 0.23 0.23 27173.88 701.39 0.01 2.25 2.63 -1 -1
Result 0 0.0 1500 0.47 0.21 0.20 0.19 0.20 0.21 -1 -1 -1 -1 -1
Evo 942.11 -1000000.08 0.54 -1346.35 0.23 0.23 0.23 28589.29 737.93 0.01 2.17 2.51 -1 -1
Result 0 0.0 1500 0.46 0.19 0.22 0.21 0.19 0.19 -1 -1 -1 -1 -1
Evo 948.42 -999999.93 0.56 -1339.21 0.23 0.23 0.23 28633.21 739.06 0.01 1.59 1.76 -1 -1
Result 0 0.0 1500 0.47 0.22 0.20 0.19 0.19 0.20 -1 -1 -1 -1 -1
Evo 894.08 -349999.75 999999.97 216.32 0.23 0.23 0.23 50495.77 2331.68 0.02 0.86 1.10 -1 -1
Result 1 1.0 468 0.45 0.21 0.19 0.20 0.22 0.18 -1 -1 -1 -1 -1
Evo 947.55 -999999.89 0.53 -1070.87 0.23 0.23 0.23 27281.00 704.16 0.01 1.78 2.15 -1 -1
Result 0 0.0 1500 0.45 0.23 0.20 0.19 0.20 0.18 -1 -1 -1 -1 -1
Evo 952.15 -999999.65 0.60 -997.67 0.23 0.23 0.23 26766.33 690.87 0.01 2.18 2.63 -1 -1
Result 0 0.0 1500 0.46 0.20 0.21 0.22 0.18 0.19 -1 -1 -1 -1 -1
Evo 927.32 -1000000.22 0.55 -1441.92 0.23 0.23 0.23 30837.17 795.95 0.01 2.43 2.82 -1 -1
Result 0 0.0 1500 0.46 0.19 0.19 0.21 0.21 0.19 -1 -1 -1 -1 -1
Evo 953.91 -999999.77 0.52 -1340.75 0.23 0.23 0.23 28769.09 742.57 0.01 1.65 1.82 -1 -1
Result 0 0.0 1500 0.46 0.20 0.21 0.21 0.19 0.20 -1 -1 -1 -1 -1
Evo 957.88 -999999.85 0.54 -1256.80 0.23 0.23 0.23 28686.29 740.43 0.01 1.74 2.26 -1 -1
Result 0 0.0 1500 0.45 0.19 0.19 0.23 0.20 0.18 -1 -1 -1 -1 -1
Evo 954.89 -999999.89 0.57 -1060.94 0.23 0.23 0.23 26603.82 686.68 0.01 1.25 1.33 -1 -1
Result 0 0.0 1500 0.47 0.21 0.19 0.21 0.20 0.20 -1 -1 -1 -1 -1
Evo 951.61 -999999.37 0.57 -1005.10 0.23 0.23 0.23 26689.03 688.88 0.01 2.42 2.81 -1 -1
Result 0 0.0 1500 0.44 0.19 0.21 0.21 0.22 0.18 -1 -1 -1 -1 -1
Evo 936.12 -999999.91 0.54 -1064.89 0.23 0.23 0.23 27299.54 704.64 0.01 1.55 1.70 -1 -1
Result 0 0.0 1500 0.47 0.20 0.19 0.22 0.18 0.21 -1 -1 -1 -1 -1
Evo 943.68 -999999.51 0.54 -1078.15 0.23 0.23 0.23 26989.34 696.63 0.01 1.26 1.35 -1 -1
Result 0 0.0 1500 0.47 0.20 0.20 0.21 0.19 0.20 -1 -1 -1 -1 -1
Evo 940.09 -999999.65 0.54 -1285.50 0.23 0.23 0.23 28457.56 734.53 0.01 1.07 1.16 -1 -1
Result 0 0.0 1500 0.46 0.21 0.21 0.19 0.20 0.19 -1 -1 -1 -1 -1
Evo 948.20 -999999.73 0.58 -1090.77 0.23 0.23 0.23 27090.77 699.25 0.01 2.63 2.91 -1 -1
Result 0 0.0 1500 0.45 0.20 0.21 0.21 0.20 0.19 -1 -1 -1 -1 -1
Evo 953.29 -999999.68 0.56 -955.84 0.23 0.23 0.23 26645.36 687.75 0.01 1.99 2.28 -1 -1
Result 0 0.0 1500 0.44 0.23 0.21 0.19 0.20 0.18 -1 -1 -1 -1 -1
Evo 861.00 -243902.03 1000000.55 563.95 0.23 0.23 0.23 50645.28 2422.69 0.02 0.86 1.05 -1 -1
Result 1 1.0 436 0.47 0.19 0.19 0.19 0.22 0.21 -1 -1 -1 -1 -1
Evo 956.26 -999999.83 0.55 -1175.24 0.23 0.23 0.23 28036.87 723.67 0.01 2.32 2.73 -1 -1
Result 0 0.0 1500 0.45 0.19 0.20 0.21 0.21 0.18 -1 -1 -1 -1 -1
Evo 938.37 -999999.98 0.61 -1297.16 0.23 0.23 0.23 28721.17 741.33 0.01 2.07 2.31 -1 -1
Result 0 0.0 1500 0.45 0.21 0.21 0.21 0.19 0.18 -1 -1 -1 -1 -1
Evo 935.02 -999999.81 0.57 -1118.18 0.23 0.23 0.23 27163.71 701.13 0.01 2.57 2.95 -1 -1
Result 0 0.0 1500 0.45 0.20 0.19 0.21 0.21 0.19 -1 -1 -1 -1 -1
Evo 945.06 -999999.68 0.60 -1017.10 0.23 0.23 0.23 27302.92 704.72 0.01 1.26 1.78 -1 -1
Result 0 0.0 1500 0.47 0.18 0.20 0.21 0.21 0.20 -1 -1 -1 -1 -1
Evo 916.82 -322033.51 999999.74 453.93 0.23 0.23 0.23 44299.85 1826.90 0.02 0.70 0.83 -1 -1
Result 1 1.0 587 0.48 0.20 0.19 0.19 0.21 0.22 -1 -1 -1 -1 -1
