Evo 969.56 -999999.33 0.34 -499.50 0.23 0.25 0.25 22355.08 499.75 0.01 0.16 0.20 -1 -1
Result 0 0.0 2000 0.41 0.18 0.18 0.17 0.15 0.17 0.15 -1 -1 -1 -1
Evo 965.06 -999999.83 0.43 -499.50 0.25 0.25 0.25 22355.09 499.75 0.01 0.17 0.18 -1 -1
Result 0 0.0 2000 0.45 0.17 0.18 0.19 0.18 0.17 0.12 -1 -1 -1 -1
Evo 955.41 -999999.86 0.41 -499.51 0.23 0.25 0.25 22355.09 499.75 0.01 0.23 0.29 -1 -1
Result 0 0.0 2000 0.42 0.20 0.18 0.17 0.16 0.17 0.12 -1 -1 -1 -1
Evo 957.53 -999999.29 0.45 -499.51 0.23 0.25 0.25 22355.08 499.75 0.01 0.19 0.23 -1 -1
Result 0 0.0 2000 0.44 0.18 0.19 0.18 0.17 0.16 0.12 -1 -1 -1 -1
Evo 950.13 -1000000.09 0.42 -499.50 0.23 0.25 0.25 22355.10 499.75 0.01 0.21 0.28 -1 -1
Result 0 0.0 2000 0.45 0.18 0.19 0.16 0.18 0.17 0.12 -1 -1 -1 -1
Evo 967.85 -1000000.03 0.42 -499.50 0.23 0.25 0.25 22355.10 499.75 0.01 0.22 0.23 -1 -1
Result 0 0.0 2000 0.44 0.17 0.18 0.17 0.18 0.16 0.14 -1 -1 -1 -1
Evo 963.02 -1000000.11 0.35 -533.54 0.23 0.25 0.25 22375.11 500.20 0.01 0.23 0.27 -1 -1
Result 0 0.0 2000 0.44 0.16 0.18 0.18 0.17 0.18 0.13 -1 -1 -1 -1
Evo 954.37 -999999.51 0.34 -499.50 0.23 0.25 0.25 22355.09 499.75 0.01 0.13 0.15 -1 -1
Result 0 0.0 2000 0.43 0.17 0.19 0.17 0.17 0.18 0.13 -1 -1 -1 -1
Evo 964.50 -999999.58 0.28 -520.90 -0.77 -0.75 -0.75 22366.10 500.00 0.01 0.20 0.23 -1 -1
Result 0 -1.0 2000 0.43 0.17 0.18 0.19 0.17 0.16 0.13 -1 -1 -1 -1
Evo 958.77 -999999.38 0.49 -535.55 0.23 0.25 0.25 22375.93 500.22 0.01 0.22 0.28 -1 -1
Result 0 0.0 2000 0.44 0.18 0.17 0.17 0.17 0.19 0.12 -1 -1 -1 -1
Evo 958.99 -1000000.18 0.41 -499.51 0.23 0.25 0.25 22355.10 499.75 0.01 0.23 0.29 -1 -1
Result 0 0.0 2000 0.43 0.18 0.18 0.18 0.16 0.19 0.11 -1 -1 -1 -1
Evo 947.76 -1000000.04 0.34 -509.11 0.23 0.25 0.25 22359.02 499.84 0.01 0.18 0.21 -1 -1
Result 0 0.0 2000 0.44 0.18 0.18 0.17 0.17 0.16 0.13 -1 -1 -1 -1
Evo 953.45 -999999.89 0.35 -499.50 0.25 0.25 0.25 22355.09 499.75 0.01 0.16 0.18 -1 -1
Result 0 0.0 2000 0.42 0.19 0.18 0.18 0.16 0.16 0.13 -1 -1 -1 -1
Evo 954.71 -999999.92 0.37 -499.51 0.23 0.25 0.25 22355.10 499.75 0.01 0.19 0.24 -1 -1
Result 0 0.0 2000 0.43 0.18 0.18 0.17 0.17 0.19 0.11 -1 -1 -1 -1
Evo 962.86 -1000000.12 0.40 -499.51 0.23 0.25 0.25 22355.10 499.75 0.01 0.13 0.15 -1 -1
Result 0 0.0 2000 0.43 0.17 0.18 0.18 0.17 0.17 0.13 -1 -1 -1 -1
Evo 959.59 -1000000.09 0.35 -499.51 0.23 0.25 0.25 22355.10 499.75 0.01 0.08 0.12 -1 -1
Result 0 0.0 2000 0.43 0.19 0.18 0.17 0.17 0.18 0.11 -1 -1 -1 -1
Evo 957.48 -999999.45 0.40 -511.13 0.23 0.25 0.25 22360.87 499.88 0.01 0.19 0.22 -1 -1
Result 0 0.0 2000 0.45 0.17 0.18 0.17 0.19 0.18 0.11 -1 -1 -1 -1
Evo 959.13 -999999.25 0.35 -499.50 0.25 0.25 0.25 22355.08 499.75 0.01 0.14 0.17 -1 -1
Result 0 0.0 2000 0.43 0.18 0.18 0.18 0.17 0.16 0.13 -1 -1 -1 -1
Evo 957.17 -1000000.14 0.38 -499.50 0.25 0.25 0.25 22355.10 499.75 0.01 0.17 0.18 -1 -1
Result 0 0.0 2000 0.44 0.18 0.18 0.16 0.17 0.16 0.14 -1 -1 -1 -1
Evo 961.91 -999999.46 0.65 -499.50 0.25 0.25 0.25 22355.09 499.75 0.01 0.16 0.17 -1 -1
Result 0 0.0 2000 0.43 0.18 0.18 0.18 0.16 0.18 0.12 -1 -1 -1 -1
Evo 960.93 -999999.57 0.51 -499.50 0.25 0.25 0.25 22355.09 499.75 0.01 0.21 0.26 -1 -1
Result 0 0.0 2000 0.43 0.18 0.19 0.17 0.16 0.17 0.13 -1 -1 -1 -1
Evo 943.57 -999999.85 0.54 -499.50 0.25 0.25 0.25 22355.09 499.75 0.01 0.20 0.27 -1 -1
Result 0 0.0 2000 0.44 0.18 0.17 0.17 0.17 0.18 0.13 -1 -1 -1 -1
Evo 960.81 -999999.46 0.53 -499.50 0.23 0.25 0.25 22355.09 499.75 0.01 0.22 0.27 -1 -1
Result 0 0.0 2000 0.45 0.16 0.18 0.19 0.19 0.17 0.12 -1 -1 -1 -1
Evo 947.49 -999999.60 0.52 -499.50 0.23 0.25 0.25 22355.09 499.75 0.01 0.42 0.49 -1 -1
Result 0 0.0 2000 0.42 0.18 0.18 0.17 0.16 0.17 0.14 -1 -1 -1 -1
Evo 963.67 -999999.27 0.50 -499.50 0.23 0.25 0.25 22355.08 499.75 0.01 0.14 0.26 -1 -1
Result 0 0.0 2000 0.44 0.18 0.17 0.18 0.18 0.16 0.13 -1 -1 -1 -1
Evo 961.68 -999999.99 0.50 -499.50 0.25 0.25 0.25 22355.10 499.75 0.01 0.23 0.29 -1 -1
Result 0 0.0 2000 0.43 0.19 0.18 0.17 0.17 0.17 0.13 -1 -1 -1 -1
Evo 958.84 -1000000.20 0.52 -499.50 0.25 0.25 0.25 22355.10 499.75 0.01 0.35 0.41 -1 -1
Result 0 0.0 2000 0.45 0.17 0.17 0.17 0.19 0.17 0.12 -1 -1 -1 -1
Evo 953.92 -999999.76 0.53 -499.50 0.25 0.25 0.25 22355.09 499.75 0.01 0.23 0.29 -1 -1
Result 0 0.0 2000 0.43 0.18 0.18 0.17 0.16 0.17 0.13 -1 -1 -1 -1
Evo 964.24 -999999.98 0.50 -499.50 0.25 0.25 0.25 22355.10 499.75 0.01 0.24 0.29 -1 -1
Result 0 0.0 2000 0.44 0.17 0.18 0.15 0.17 0.16 0.16 -1 -1 -1 -1
Evo 943.61 -999999.52 0.51 -499.50 0.25 0.25 0.25 22355.09 499.75 0.01 0.13 0.15 -1 -1
Result 0 0.0 2000 0.44 0.17 0.17 0.16 0.18 0.16 0.15 -1 -1 -1 -1
Evo 951.15 -999999.70 0.56 -499.50 0.23 0.25 0.25 22355.09 499.75 0.01 0.25 0.30 -1 -1
Result 0 0.0 2000 0.43 0.19 0.17 0.18 0.17 0.17 0.13 -1 -1 -1 -1
Evo 955.17 -999999.38 0.53 -499.50 0.25 0.25 0.25 22355.08 499.75 0.01 0.16 0.19 -1 -1
Result 0 0.0 2000 0.44 0.17 0.16 0.18 0.18 0.17 0.13 -1 -1 -1 -1
Evo 964.93 -999999.54 0.58 -499.50 0.23 0.25 0.25 22355.09 499.75 0.01 0.21 0.25 -1 -1
Result 0 0.0 2000 0.43 0.19 0.18 0.17 0.17 0.16 0.13 -1 -1 -1 -1
Evo 958.35 -999999.91 0.51 -499.50 0.25 0.25 0.25 22355.10 499.75 0.01 0.19 0.22 -1 -1
Result 0 0.0 2000 0.43 0.18 0.18 0.16 0.16 0.17 0.14 -1 -1 -1 -1
Evo 961.23 -999999.48 0.50 -499.50 0.23 0.25 0.25 22355.09 499.75 0.01 0.20 0.23 -1 -1
Result 0 0.0 2000 0.44 0.18 0.17 0.17 0.18 0.17 0.13 -1 -1 -1 -1
Evo 960.35 -1000000.10 0.53 -499.50 0.23 0.25 0.25 22355.10 499.75 0.01 0.28 0.33 -1 -1
Result 0 0.0 2000 0.45 0.17 0.17 0.19 0.19 0.16 0.12 -1 -1 -1 -1
Evo 959.37 -999999.95 0.60 -499.50 0.23 0.25 0.25 22355.10 499.75 0.01 0.15 0.19 -1 -1
Result 0 0.0 2000 0.43 0.16 0.18 0.17 0.17 0.19 0.13 -1 -1 -1 -1
Evo 955.21 -1000000.13 0.52 -499.50 0.23 0.25 0.25 22355.10 499.75 0.01 0.16 0.18 -1 -1
Result 0 0.0 2000 0.43 0.19 0.16 0.18 0.16 0.17 0.13 -1 -1 -1 -1
Evo 954.99 -1000000.09 0.54 -511.40 0.25 0.25 0.25 22361.17 499.89 0.01 0.15 0.17 -1 -1
Result 0 0.0 2000 0.43 0.17 0.18 0.17 0.17 0.18 0.13 -1 -1 -1 -1
Evo 958.48 -1000000.17 0.52 -499.50 0.23 0.25 0.25 22355.10 499.75 0.01 0.20 0.24 -1 -1
Result 0 0.0 2000 0.44 0.18 0.18 0.17 0.17 0.17 0.13 -1 -1 -1 -1
Evo 954.37 -999999.99 0.47 -499.50 0.25 0.25 0.25 22355.10 499.75 0.01 0.13 0.15 -1 -1
Result 0 0.0 2000 0.45 0.17 0.16 0.17 0.18 0.18 0.13 -1 -1 -1 -1
Evo 951.51 -1000000.18 0.48 -499.50 0.23 0.25 0.25 22355.10 499.75 0.01 0.11 0.13 -1 -1
Result 0 0.0 2000 0.43 0.17 0.16 0.19 0.17 0.17 0.14 -1 -1 -1 -1
Evo 961.62 -999999.91 0.46 -499.50 0.23 0.25 0.25 22355.10 499.75 0.01 0.10 0.11 -1 -1
Result 0 0.0 2000 0.45 0.17 0.16 0.19 0.19 0.17 0.12 -1 -1 -1 -1
Evo 952.20 -1000000.22 0.49 -499.50 0.25 0.25 0.25 22355.10 499.75 0.01 0.26 0.29 -1 -1
Result 0 0.0 2000 0.44 0.19 0.16 0.18 0.17 0.17 0.13 -1 -1 -1 -1
Evo 962.46 -999999.46 0.49 -499.50 0.23 0.25 0.25 22355.09 499.75 0.01 0.18 0.21 -1 -1
Result 0 0.0 2000 0.46 0.17 0.17 0.17 0.19 0.18 0.12 -1 -1 -1 -1
Evo 947.98 -1000000.10 0.48 -499.50 0.23 0.25 0.25 22355.10 499.75 0.01 0.14 0.16 -1 -1
Result 0 -1.0 2000 0.43 0.18 0.17 0.18 0.16 0.17 0.13 -1 -1 -1 -1
Evo 942.00 -999999.35 0.49 -499.50 0.25 0.25 0.25 22355.08 499.75 0.01 0.09 0.10 -1 -1
Result 0 0.0 2000 0.43 0.18 0.18 0.18 0.17 0.17 0.12 -1 -1 -1 -1
Evo 952.81 -999999.40 0.49 -499.50 0.25 0.25 0.25 22355.08 499.75 0.01 0.20 0.22 -1 -1
Result 0 0.0 2000 0.44 0.18 0.16 0.17 0.18 0.17 0.13 -1 -1 -1 -1
Evo 958.90 -999999.54 0.49 -499.50 0.25 0.25 0.25 22355.09 499.75 0.01 0.20 0.22 -1 -1
Result 0 0.0 2000 0.44 0.18 0.17 0.17 0.17 0.16 0.14 -1 -1 -1 -1
Evo 957.38 -999999.69 0.45 -499.50 0.25 0.25 0.25 22355.09 499.75 0.01 0.13 0.14 -1 -1
Result 0 0.0 2000 0.43 0.18 0.18 0.18 0.16 0.17 0.13 -1 -1 -1 -1
Evo 944.58 -999999.76 0.54 -499.50 0.23 0.25 0.25 22355.09 499.75 0.01 0.20 0.23 -1 -1
Result 0 0.0 2000 0.44 0.19 0.16 0.18 0.17 0.17 0.12 -1 -1 -1 -1
Evo 961.94 -999999.52 0.48 -499.50 0.25 0.25 0.25 22355.09 499.75 0.01 0.19 0.22 -1 -1
Result 0 0.0 2000 0.42 0.17 0.17 0.18 0.16 0.18 0.14 -1 -1 -1 -1
Evo 954.71 -999999.91 0.47 -499.50 0.25 0.25 0.25 22355.10 499.75 0.01 0.24 0.27 -1 -1
Result 0 0.0 2000 0.43 0.18 0.16 0.16 0.17 0.18 0.16 -1 -1 -1 -1
Evo 949.60 -1000000.21 0.47 -499.50 0.23 0.25 0.25 22355.10 499.75 0.01 0.26 0.31 -1 -1
Result 0 0.0 2000 0.45 0.17 0.17 0.17 0.19 0.17 0.13 -1 -1 -1 -1
Evo 964.46 -1000000.09 0.49 -499.50 0.25 0.25 0.25 22355.10 499.75 0.01 0.19 0.21 -1 -1
Result 0 0.0 2000 0.44 0.17 0.17 0.17 0.18 0.17 0.14 -1 -1 -1 -1
Evo 959.30 -999999.66 0.45 -499.50 0.25 0.25 0.25 22355.09 499.75 0.01 0.18 0.21 -1 -1
Result 0 0.0 2000 0.43 0.18 0.17 0.18 0.17 0.17 0.13 -1 -1 -1 -1
Evo 963.13 -999999.56 0.49 -499.50 0.25 0.25 0.25 22355.09 499.75 0.01 0.21 0.23 -1 -1
Result 0 0.0 2000 0.43 0.17 0.16 0.17 0.16 0.18 0.16 -1 -1 -1 -1
Evo 955.39 -999999.82 0.51 -499.50 0.23 0.25 0.25 22355.09 499.75 0.01 0.17 0.21 -1 -1
Result 0 0.0 2000 0.45 0.17 0.17 0.17 0.19 0.18 0.13 -1 -1 -1 -1
Evo 951.20 -999999.61 0.47 -499.50 0.25 0.25 0.25 22355.09 499.75 0.01 0.21 0.25 -1 -1
Result 0 0.0 2000 0.43 0.17 0.17 0.18 0.16 0.16 0.15 -1 -1 -1 -1
Evo 948.66 -1000000.12 0.48 -499.50 0.23 0.25 0.25 22355.10 499.75 0.01 0.26 0.29 -1 -1
Result 0 0.0 2000 0.44 0.17 0.16 0.18 0.18 0.19 0.12 -1 -1 -1 -1
Evo 954.33 -999999.81 0.64 -499.50 0.23 0.25 0.25 22355.09 499.75 0.01 0.19 0.25 -1 -1
Result 0 0.0 2000 0.42 0.18 0.18 0.18 0.16 0.18 0.13 -1 -1 -1 -1
Evo 946.90 -999999.45 0.35 -535.25 0.23 0.25 0.25 22382.88 500.37 0.01 0.13 0.17 -1 -1
Result 0 0.0 2000 0.45 0.17 0.17 0.17 0.18 0.17 0.14 -1 -1 -1 -1
Evo 961.03 -1000000.10 0.36 -499.51 0.25 0.25 0.25 22355.10 499.75 0.01 0.09 0.13 -1 -1
Result 0 0.0 2000 0.43 0.17 0.16 0.18 0.17 0.18 0.14 -1 -1 -1 -1
Evo 961.14 -1000000.01 0.36 -507.31 0.25 0.25 0.25 22357.65 499.81 0.01 0.20 0.24 -1 -1
Result 0 0.0 2000 0.44 0.16 0.18 0.17 0.18 0.17 0.14 -1 -1 -1 -1
Evo 956.67 -1000000.09 0.36 -537.17 0.23 0.25 0.25 22390.95 500.55 0.01 0.20 0.22 -1 -1
Result 0 0.0 2000 0.46 0.16 0.16 0.18 0.19 0.18 0.12 -1 -1 -1 -1
Evo 962.01 -999999.67 0.35 -530.51 0.23 0.25 0.25 22376.37 500.23 0.01 0.11 0.13 -1 -1
Result 0 -1.0 2000 0.45 0.19 0.17 0.17 0.18 0.18 0.12 -1 -1 -1 -1
Evo 955.27 -999999.98 0.34 -499.51 0.23 0.25 0.25 22355.10 499.75 0.01 0.13 0.15 -1 -1
Result 0 0.0 2000 0.44 0.19 0.17 0.17 0.18 0.17 0.13 -1 -1 -1 -1
Evo 952.52 -999999.74 0.33 -599.95 0.24 0.25 0.25 22472.59 502.38 0.01 0.16 0.19 -1 -1
Result 0 0.0 2000 0.43 0.18 0.16 0.18 0.17 0.17 0.14 -1 -1 -1 -1
Evo 955.07 -1000000.17 0.48 -499.51 0.23 0.25 0.25 22355.10 499.75 0.01 0.35 0.39 -1 -1
Result 0 0.0 2000 0.44 0.16 0.17 0.18 0.17 0.19 0.13 -1 -1 -1 -1
Evo 954.72 -1000000.07 0.33 -499.51 0.23 0.25 0.25 22355.10 499.75 0.01 0.16 0.19 -1 -1
Result 0 0.0 2000 0.44 0.18 0.17 0.18 0.17 0.16 0.14 -1 -1 -1 -1
Evo 939.69 -1000000.14 0.33 -499.50 0.23 0.25 0.25 22355.10 499.75 0.01 0.17 0.20 -1 -1
Result 0 0.0 2000 0.43 0.19 0.17 0.17 0.17 0.16 0.14 -1 -1 -1 -1
Evo 958.02 -999999.56 0.33 -499.51 0.23 0.25 0.25 22355.09 499.75 0.01 0.26 0.31 -1 -1
Result 0 0.0 2000 0.42 0.16 0.17 0.19 0.16 0.19 0.13 -1 -1 -1 -1
Evo 959.99 -1000000.07 0.40 -507.08 0.25 0.25 0.25 22357.50 499.80 0.01 0.33 0.38 -1 -1
Result 0 0.0 2000 0.43 0.18 0.17 0.17 0.16 0.17 0.13 -1 -1 -1 -1
Evo 957.25 -999999.78 0.35 -540.40 0.23 0.25 0.25 22395.41 500.65 0.01 0.21 0.26 -1 -1
Result 0 0.0 2000 0.44 0.19 0.17 0.18 0.17 0.16 0.13 -1 -1 -1 -1
Evo 944.92 -1000000.07 0.34 -499.50 0.23 0.25 0.25 22355.10 499.75 0.01 0.17 0.19 -1 -1
Result 0 -1.0 2000 0.43 0.19 0.17 0.18 0.16 0.16 0.13 -1 -1 -1 -1
Evo 949.77 -999999.90 0.63 -499.50 0.23 0.25 0.25 22355.09 499.75 0.01 0.13 0.16 -1 -1
Result 0 0.0 2000 0.43 0.17 0.17 0.17 0.16 0.18 0.14 -1 -1 -1 -1
Evo 962.67 -999999.85 0.35 -499.51 0.23 0.25 0.25 22355.09 499.75 0.01 0.23 0.26 -1 -1
Result 0 0.0 2000 0.43 0.18 0.17 0.18 0.17 0.18 0.12 -1 -1 -1 -1
Evo 960.77 -999999.58 0.34 -499.51 0.25 0.25 0.25 22355.09 499.75 0.01 0.17 0.21 -1 -1
Result 0 0.0 2000 0.44 0.17 0.18 0.18 0.18 0.17 0.13 -1 -1 -1 -1
Evo 956.79 -1000000.07 0.35 -499.51 0.23 0.25 0.25 22355.10 499.75 0.01 0.16 0.19 -1 -1
Result 0 0.0 2000 0.43 0.18 0.18 0.18 0.16 0.18 0.12 -1 -1 -1 -1
Evo 944.45 -1000000.14 0.34 -499.50 0.23 0.25 0.25 22355.10 499.75 0.01 0.25 0.28 -1 -1
Result 0 0.0 2000 0.44 0.17 0.17 0.19 0.17 0.17 0.13 -1 -1 -1 -1
Evo 950.29 -1000000.02 0.42 -499.50 0.23 0.25 0.25 22355.10 499.75 0.01 0.11 0.13 -1 -1
Result 0 0.0 2000 0.45 0.18 0.18 0.17 0.19 0.17 0.10 -1 -1 -1 -1
Evo 963.29 -999999.65 0.49 -499.50 0.25 0.25 0.25 22355.09 499.75 0.01 0.19 0.23 -1 -1
Result 0 0.0 2000 0.43 0.18 0.19 0.16 0.17 0.18 0.13 -1 -1 -1 -1
Evo 964.09 -1000000.19 0.62 -499.50 0.23 0.25 0.25 22355.10 499.75 0.01 0.16 0.17 -1 -1
Result 0 0.0 2000 0.45 0.17 0.17 0.17 0.18 0.17 0.13 -1 -1 -1 -1
Evo 959.00 -999999.85 0.63 -499.50 0.23 0.25 0.25 22355.09 499.75 0.01 0.14 0.16 -1 -1
Result 0 0.0 2000 0.42 0.19 0.18 0.18 0.16 0.16 0.13 -1 -1 -1 -1
Evo 957.56 -999999.64 0.47 -499.50 0.23 0.25 0.25 22355.09 499.75 0.01 0.16 0.17 -1 -1
Result 0 0.0 2000 0.45 0.17 0.17 0.17 0.18 0.18 0.13 -1 -1 -1 -1
Evo 954.66 -999999.72 0.65 -499.50 0.23 0.25 0.25 22355.09 499.75 0.01 0.15 0.17 -1 -1
Result 0 0.0 2000 0.45 0.18 0.17 0.17 0.19 0.16 0.13 -1 -1 -1 -1
Evo 961.04 -999999.99 0.45 -499.50 0.23 0.25 0.25 22355.10 499.75 0.01 0.16 0.16 -1 -1
Result 0 0.0 2000 0.43 0.17 0.18 0.18 0.17 0.18 0.12 -1 -1 -1 -1
Evo 952.70 -999999.37 0.63 -499.50 0.23 0.25 0.25 22355.08 499.75 0.01 0.13 0.16 -1 -1
Result 0 0.0 2000 0.43 0.17 0.19 0.18 0.17 0.17 0.12 -1 -1 -1 -1
Evo 952.98 -999999.43 0.41 -499.50 0.23 0.25 0.25 22355.08 499.75 0.01 0.17 0.18 -1 -1
Result 0 0.0 2000 0.43 0.19 0.17 0.18 0.17 0.17 0.12 -1 -1 -1 -1
Evo 961.28 -1000000.21 0.44 -499.50 0.23 0.25 0.25 22355.10 499.75 0.01 0.15 0.17 -1 -1
Result 0 0.0 2000 0.44 0.18 0.17 0.17 0.17 0.17 0.12 -1 -1 -1 -1
Evo 954.78 -1000000.17 0.39 -499.50 0.23 0.25 0.25 22355.10 499.75 0.01 0.13 0.16 -1 -1
Result 0 0.0 2000 0.43 0.17 0.19 0.17 0.17 0.18 0.12 -1 -1 -1 -1
Evo 954.27 -999999.84 0.43 -499.50 0.23 0.25 0.25 22355.09 499.75 0.01 0.16 0.18 -1 -1
Result 0 0.0 2000 0.44 0.18 0.18 0.18 0.17 0.17 0.13 -1 -1 -1 -1
Evo 960.01 -999999.73 0.37 -499.51 0.23 0.25 0.25 22355.09 499.75 0.01 0.16 0.19 -1 -1
Result 0 0.0 2000 0.44 0.18 0.18 0.19 0.18 0.17 0.10 -1 -1 -1 -1
Evo 958.72 -999999.53 0.42 -499.51 0.23 0.25 0.25 22355.09 499.75 0.01 0.19 0.23 -1 -1
Result 0 0.0 2000 0.43 0.17 0.17 0.18 0.17 0.18 0.13 -1 -1 -1 -1
Evo 950.29 -999999.65 0.46 -499.51 0.23 0.25 0.25 22355.09 499.75 0.01 0.11 0.15 -1 -1
Result 0 0.0 2000 0.44 0.21 0.18 0.17 0.17 0.17 0.10 -1 -1 -1 -1
Evo 961.95 -999999.95 0.43 -499.50 0.25 0.25 0.25 22355.10 499.75 0.01 0.14 0.16 -1 -1
Result 0 0.0 2000 0.44 0.18 0.18 0.17 0.18 0.17 0.12 -1 -1 -1 -1
Evo 958.93 -999999.39 0.49 -499.50 0.25 0.25 0.25 22355.08 499.75 0.01 0.14 0.16 -1 -1
Result 0 -1.0 2000 0.43 0.18 0.17 0.18 0.17 0.17 0.13 -1 -1 -1 -1
Evo 954.56 -1000000.16 0.50 -499.50 0.23 0.25 0.25 22355.10 499.75 0.01 0.19 0.26 -1 -1
Result 0 0.0 2000 0.44 0.19 0.19 0.17 0.17 0.18 0.10 -1 -1 -1 -1
Evo 952.86 -999999.60 0.43 -499.50 0.25 0.25 0.25 22355.09 499.75 0.01 0.11 0.14 -1 -1
Result 0 0.0 2000 0.43 0.18 0.17 0.17 0.17 0.17 0.14 -1 -1 -1 -1
Evo 959.74 -999999.88 0.45 -499.50 0.23 0.25 0.25 22355.09 499.75 0.01 0.13 0.15 -1 -1
Result 0 0.0 2000 0.44 0.16 0.18 0.18 0.17 0.18 0.12 -1 -1 -1 -1
