Evo 325.35 0.31 999258.29 17781.37 0.40 0.58 2.31 131864.23 12516.00 0.06 0.04 0.23 -1 -1
Result 1 2.0 110 0.35 0.16 0.11 0.16 0.11 0.26 0.20 -1 -1 -1 -1
Evo 570.13 0.67 1000000.28 9013.35 2.35 6.25 6.25 94915.41 9008.97 0.06 0.07 0.23 -1 -1
Result 1 5.0 110 0.45 0.19 0.18 0.08 0.20 0.19 0.16 -1 -1 -1 -1
Evo 352.66 -999999.46 0.72 -9008.60 0.31 0.36 0.50 94915.79 9009.01 0.06 0.04 0.17 -1 -1
Result 0 -3.0 110 0.46 0.18 0.15 0.15 0.20 0.18 0.14 -1 -1 -1 -1
Evo 817.09 -999999.72 2.58 -4760.66 0.25 0.71 2.25 69006.62 4761.91 0.04 0.09 0.25 -1 -1
Result 0 -1.0 209 0.45 0.17 0.17 0.18 0.19 0.12 0.17 -1 -1 -1 -1
Evo 493.47 0.63 1000000.23 9013.43 2.55 6.25 6.25 94915.40 9008.97 0.06 0.08 0.25 -1 -1
Result 1 5.0 110 0.36 0.21 0.20 0.11 0.12 0.19 0.18 -1 -1 -1 -1
Evo 778.56 -999999.92 2.46 -4760.67 0.25 0.68 2.25 69006.64 4761.91 0.04 0.05 0.17 -1 -1
Result 0 -1.0 209 0.43 0.15 0.17 0.16 0.17 0.14 0.21 -1 -1 -1 -1
Evo 621.89 0.67 1000000.47 4765.56 3.25 3.25 4.43 69006.33 4761.89 0.04 0.11 0.32 -1 -1
Result 1 2.0 209 0.47 0.16 0.20 0.19 0.14 0.12 0.19 -1 -1 -1 -1
Evo 587.15 0.72 999999.78 9014.74 6.25 6.25 6.35 94915.23 9008.95 0.06 0.09 0.27 -1 -1
Result 1 5.0 110 0.33 0.14 0.22 0.14 0.10 0.24 0.16 -1 -1 -1 -1
Evo 758.15 0.68 999999.77 4765.49 3.25 3.25 4.25 69006.29 4761.89 0.04 0.09 0.27 -1 -1
Result 1 2.0 209 0.47 0.14 0.21 0.15 0.16 0.19 0.15 -1 -1 -1 -1
Evo 762.21 0.25 2.35 1.42 0.25 2.25 2.25 0.93 0.08 0.05 0.07 0.23 -1 -1
Result 1 2.0 149 0.41 0.19 0.15 0.14 0.18 0.19 0.16 -1 -1 -1 -1
Evo 487.75 0.68 1000000.32 9014.63 6.25 6.30 6.30 94915.29 9008.96 0.06 0.07 0.24 -1 -1
Result 1 5.0 110 0.40 0.13 0.19 0.14 0.14 0.20 0.21 -1 -1 -1 -1
Evo 704.07 0.65 1000000.64 4765.33 3.25 3.25 4.25 69006.36 4761.89 0.04 0.07 0.23 -1 -1
Result 1 2.0 209 0.39 0.19 0.16 0.16 0.13 0.20 0.16 -1 -1 -1 -1
Evo 730.37 -999999.53 2.51 -4760.72 0.25 0.65 2.30 69006.61 4761.91 0.04 0.09 0.29 -1 -1
Result 0 -1.0 209 0.44 0.15 0.18 0.19 0.16 0.18 0.15 -1 -1 -1 -1
Evo 596.90 0.67 1000000.21 9014.67 6.25 6.25 6.30 94915.28 9008.96 0.06 0.06 0.20 -1 -1
Result 1 5.0 110 0.45 0.20 0.20 0.12 0.18 0.19 0.12 -1 -1 -1 -1
Evo 778.65 -1000000.03 2.51 -4760.67 0.25 0.67 2.25 69006.64 4761.91 0.04 0.13 0.27 -1 -1
Result 0 -1.0 209 0.46 0.17 0.20 0.19 0.15 0.16 0.13 -1 -1 -1 -1
Evo 713.25 0.66 1000000.13 4765.36 3.25 3.25 4.30 69006.33 4761.89 0.04 0.07 0.21 -1 -1
Result 1 2.0 209 0.43 0.16 0.15 0.17 0.16 0.14 0.21 -1 -1 -1 -1
Evo 700.88 0.68 1000000.74 9014.62 6.25 6.25 6.25 94915.33 9008.96 0.06 0.07 0.22 -1 -1
Result 1 5.0 110 0.43 0.17 0.16 0.14 0.14 0.22 0.16 -1 -1 -1 -1
Evo 403.23 0.62 1000000.53 9013.69 2.53 6.25 6.30 94915.40 9008.97 0.06 0.07 0.28 -1 -1
Result 1 5.0 110 0.25 0.15 0.18 0.16 0.06 0.26 0.18 -1 -1 -1 -1
Evo 770.80 0.25 999999.71 7409.22 1.69 2.25 2.25 86066.11 7407.39 0.05 0.06 0.19 -1 -1
Result 1 2.0 134 0.47 0.12 0.15 0.14 0.21 0.20 0.19 -1 -1 -1 -1
Evo 788.23 -999999.93 2.58 -4760.63 0.25 0.75 2.25 69006.64 4761.91 0.04 0.09 0.24 -1 -1
Result 0 -1.0 209 0.45 0.11 0.20 0.20 0.19 0.14 0.15 -1 -1 -1 -1
Evo 667.35 -1000000.22 10.49 -7509.22 10.25 10.25 10.25 86711.85 7518.87 0.05 0.08 0.20 -1 -1
Result 0 9.0 132 0.44 0.15 0.22 0.16 0.17 0.13 0.17 -1 -1 -1 -1
Evo 691.70 -1000000.15 12.34 -5638.85 12.25 12.25 12.25 75165.44 5649.78 0.04 0.10 0.29 -1 -1
Result 0 11.0 176 0.41 0.14 0.20 0.15 0.15 0.19 0.18 -1 -1 -1 -1
Evo 750.59 -999999.31 12.29 -5638.88 12.25 12.25 12.25 75165.37 5649.78 0.04 0.08 0.21 -1 -1
Result 0 11.0 176 0.43 0.11 0.15 0.23 0.17 0.16 0.18 -1 -1 -1 -1
Evo 691.30 -999999.56 12.34 -6440.78 12.24 12.25 12.25 80322.77 6451.68 0.05 0.08 0.23 -1 -1
Result 0 11.0 154 0.42 0.17 0.15 0.22 0.14 0.14 0.19 -1 -1 -1 -1
Evo 683.34 -1000000.18 10.40 -6935.51 10.25 10.25 10.25 83334.10 6944.51 0.05 0.08 0.27 -1 -1
Result 0 9.0 143 0.38 0.17 0.19 0.15 0.13 0.18 0.18 -1 -1 -1 -1
Evo 523.95 -1000000.09 12.38 -6440.83 12.24 12.25 12.29 80322.81 6451.68 0.05 0.08 0.24 -1 -1
Result 0 11.0 154 0.42 0.15 0.15 0.25 0.14 0.09 0.23 -1 -1 -1 -1
Evo 522.11 -999999.72 10.37 -7509.80 10.13 10.25 10.30 86711.76 7518.86 0.05 0.08 0.27 -1 -1
Result 0 9.0 132 0.47 0.12 0.21 0.19 0.17 0.15 0.16 -1 -1 -1 -1
Evo 723.35 -999999.91 10.38 -6935.04 10.25 10.25 10.25 83334.11 6944.51 0.05 0.07 0.19 -1 -1
Result 0 9.0 143 0.31 0.17 0.19 0.17 0.09 0.17 0.22 -1 -1 -1 -1
Evo 649.69 -999999.53 10.41 -6934.94 10.25 10.25 10.29 83334.09 6944.51 0.05 0.08 0.22 -1 -1
Result 0 9.0 143 0.39 0.15 0.21 0.16 0.13 0.15 0.20 -1 -1 -1 -1
Evo 545.80 -1000000.18 10.38 -6934.76 10.25 10.30 10.30 83334.16 6944.51 0.05 0.08 0.23 -1 -1
Result 0 9.0 143 0.44 0.17 0.17 0.11 0.20 0.17 0.17 -1 -1 -1 -1
Evo 638.24 -999999.41 10.41 -6934.90 10.25 10.25 10.30 83334.09 6944.51 0.05 0.06 0.22 -1 -1
Result 0 9.0 143 0.31 0.20 0.17 0.17 0.09 0.19 0.17 -1 -1 -1 -1
Evo 746.69 -999999.70 10.40 -6934.81 10.25 10.25 10.25 83334.12 6944.51 0.05 0.08 0.20 -1 -1
Result 0 9.0 143 0.42 0.12 0.16 0.15 0.16 0.20 0.22 -1 -1 -1 -1
Evo 714.23 -999999.37 12.35 -6440.51 12.25 12.25 12.25 80322.78 6451.68 0.05 0.08 0.23 -1 -1
Result 0 11.0 154 0.46 0.14 0.20 0.15 0.15 0.15 0.21 -1 -1 -1 -1
Evo 713.38 -1000000.17 10.34 -6935.59 10.08 10.25 10.25 83334.09 6944.51 0.05 0.08 0.23 -1 -1
Result 0 9.0 143 0.36 0.14 0.17 0.17 0.12 0.22 0.18 -1 -1 -1 -1
Evo 694.36 -1000000.10 10.30 -6935.04 10.25 10.25 10.25 83334.13 6944.51 0.05 0.08 0.21 -1 -1
Result 0 9.0 143 0.36 0.19 0.17 0.20 0.12 0.13 0.19 -1 -1 -1 -1
Evo 784.53 -999999.77 12.25 -5638.47 10.34 12.25 12.25 75165.44 5649.78 0.04 0.11 0.29 -1 -1
Result 0 11.0 176 0.41 0.12 0.21 0.18 0.15 0.20 0.14 -1 -1 -1 -1
Evo 680.57 -999999.52 10.45 -6442.77 10.25 10.25 10.25 80322.61 6451.67 0.05 0.11 0.32 -1 -1
Result 0 9.0 154 0.40 0.13 0.15 0.23 0.14 0.13 0.21 -1 -1 -1 -1
Evo 629.01 -999999.28 10.45 -6935.04 10.25 10.25 10.30 83334.06 6944.51 0.05 0.08 0.23 -1 -1
Result 0 9.0 143 0.40 0.13 0.14 0.15 0.20 0.18 0.20 -1 -1 -1 -1
Evo 665.23 -999999.58 10.38 -7509.84 10.17 10.25 10.25 86711.74 7518.86 0.05 0.06 0.19 -1 -1
Result 0 9.0 132 0.37 0.17 0.20 0.20 0.12 0.11 0.20 -1 -1 -1 -1
Evo 687.33 -1000000.08 10.34 -7509.99 10.14 10.25 10.25 86711.77 7518.86 0.05 0.05 0.17 -1 -1
Result 0 9.0 132 0.40 0.16 0.14 0.17 0.13 0.18 0.23 -1 -1 -1 -1
Evo 518.46 0.59 2.46 1.47 1.25 1.25 2.33 0.62 0.07 0.07 0.03 0.17 -1 -1
Result 1 2.0 90 0.43 0.19 0.18 0.13 0.16 0.15 0.19 -1 -1 -1 -1
Evo 580.25 0.67 4.42 3.15 3.24 3.25 3.45 0.98 0.10 0.07 0.05 0.19 -1 -1
Result 1 2.0 87 0.41 0.20 0.15 0.14 0.17 0.19 0.15 -1 -1 -1 -1
Evo 338.02 0.70 6.48 5.34 4.46 6.25 6.42 1.90 0.19 0.07 0.07 0.22 -1 -1
Result 1 5.0 95 0.44 0.20 0.11 0.06 0.18 0.20 0.25 -1 -1 -1 -1
Evo 505.12 0.75 4.54 3.42 3.25 3.25 4.35 0.90 0.10 0.07 0.07 0.21 -1 -1
Result 1 2.0 86 0.41 0.18 0.21 0.11 0.15 0.23 0.11 -1 -1 -1 -1
Evo 766.84 -999999.35 2.55 -5375.48 0.25 0.25 1.25 73323.57 5376.35 0.04 0.07 0.20 -1 -1
Result 0 -1.0 185 0.42 0.17 0.22 0.20 0.16 0.12 0.15 -1 -1 -1 -1
Evo 570.63 0.68 6.46 5.51 6.11 6.25 6.30 1.73 0.17 0.07 0.06 0.18 -1 -1
Result 1 5.0 98 0.40 0.19 0.24 0.07 0.14 0.19 0.16 -1 -1 -1 -1
Evo 397.40 0.66 6.49 5.33 5.98 6.30 6.31 1.93 0.21 0.08 0.06 0.19 -1 -1
Result 1 5.0 83 0.46 0.18 0.19 0.14 0.12 0.19 0.18 -1 -1 -1 -1
Evo 301.07 0.65 274356.13 3156.41 2.48 3.30 3.30 29413.75 3153.49 0.07 0.05 0.21 -1 -1
Result 1 2.0 86 0.39 0.14 0.22 0.11 0.14 0.21 0.18 -1 -1 -1 -1
Evo 523.55 0.69 4.46 3.22 3.25 3.25 4.12 1.07 0.12 0.08 0.04 0.18 -1 -1
Result 1 2.0 80 0.48 0.20 0.22 0.14 0.16 0.15 0.14 -1 -1 -1 -1
Evo 343.86 0.62 4.46 2.82 2.51 3.25 3.35 1.22 0.13 0.08 0.05 0.22 -1 -1
Result 1 2.0 83 0.38 0.20 0.20 0.08 0.13 0.15 0.23 -1 -1 -1 -1
Evo 751.78 -1000000.16 2.58 -5153.79 0.25 0.25 1.25 71795.89 5154.64 0.04 0.11 0.28 -1 -1
Result 0 -1.0 193 0.45 0.15 0.18 0.13 0.19 0.17 0.18 -1 -1 -1 -1
Evo 752.32 -999999.79 1.40 -4949.88 0.25 0.25 1.25 70359.78 4950.50 0.04 0.09 0.20 -1 -1
Result 0 -1.0 201 0.43 0.17 0.18 0.14 0.16 0.16 0.19 -1 -1 -1 -1
Evo 655.13 0.67 4.43 3.13 3.25 3.25 4.24 1.11 0.12 0.07 0.09 0.25 -1 -1
Result 1 2.0 86 0.49 0.16 0.23 0.09 0.13 0.21 0.18 -1 -1 -1 -1
Evo 337.60 0.64 4.46 3.02 2.54 3.30 3.38 1.18 0.12 0.07 0.05 0.22 -1 -1
Result 1 2.0 90 0.39 0.19 0.18 0.13 0.13 0.20 0.18 -1 -1 -1 -1
Evo 543.76 0.62 1000000.30 9012.17 2.50 4.14 4.25 94915.53 9008.98 0.06 0.06 0.20 -1 -1
Result 1 2.0 110 0.43 0.20 0.13 0.17 0.16 0.20 0.14 -1 -1 -1 -1
Evo 771.38 -999999.84 2.43 -5153.79 0.25 0.25 1.25 71795.87 5154.64 0.04 0.05 0.14 -1 -1
Result 0 -1.0 193 0.38 0.17 0.17 0.18 0.13 0.20 0.15 -1 -1 -1 -1
Evo 629.26 0.65 1000000.64 9012.38 3.25 4.25 4.25 94915.54 9008.98 0.06 0.06 0.18 -1 -1
Result 1 2.0 110 0.38 0.20 0.21 0.14 0.13 0.22 0.12 -1 -1 -1 -1
Evo 500.20 0.65 4.48 3.02 2.53 3.25 3.99 1.18 0.13 0.07 0.06 0.20 -1 -1
Result 1 2.0 85 0.41 0.19 0.15 0.13 0.19 0.15 0.20 -1 -1 -1 -1
Evo 338.38 0.67 4.46 3.31 3.25 3.35 4.35 1.07 0.12 0.08 0.05 0.20 -1 -1
Result 1 2.0 82 0.40 0.06 0.30 0.08 0.14 0.14 0.27 -1 -1 -1 -1
Evo 505.77 0.66 1000000.04 9012.49 3.25 4.25 4.33 94915.47 9008.98 0.06 0.08 0.25 -1 -1
Result 1 2.0 110 0.35 0.12 0.17 0.15 0.11 0.29 0.16 -1 -1 -1 -1
Evo 817.89 -999999.55 4.40 -3352.56 3.25 3.25 3.25 57928.60 3355.71 0.03 0.17 0.43 -1 -1
Result 0 2.0 297 0.41 0.13 0.20 0.18 0.15 0.20 0.14 -1 -1 -1 -1
Evo 819.82 -999999.86 4.39 -3352.59 3.25 3.25 3.25 57928.62 3355.71 0.03 0.09 0.28 -1 -1
Result 0 2.0 297 0.40 0.21 0.14 0.18 0.15 0.15 0.17 -1 -1 -1 -1
Evo 854.25 -999999.72 4.43 -3352.43 3.25 3.25 3.25 57928.62 3355.71 0.03 0.09 0.23 -1 -1
Result 0 2.0 297 0.43 0.17 0.17 0.16 0.17 0.15 0.17 -1 -1 -1 -1
Evo 802.74 0.60 999999.95 3587.40 3.25 3.25 3.25 59868.24 3584.22 0.03 0.12 0.36 -1 -1
Result 1 5.0 278 0.41 0.15 0.15 0.16 0.21 0.15 0.19 -1 -1 -1 -1
Evo 739.18 -1000000.02 4.53 -3619.90 3.25 3.25 3.30 60193.13 3623.20 0.03 0.14 0.31 -1 -1
Result 0 2.0 275 0.48 0.16 0.17 0.14 0.22 0.20 0.12 -1 -1 -1 -1
Evo 493.08 -1000000.06 2.50 -9007.47 1.25 1.25 2.31 94915.95 9009.02 0.06 0.06 0.21 -1 -1
Result 0 0.0 110 0.45 0.14 0.19 0.20 0.17 0.11 0.19 -1 -1 -1 -1
Evo 835.77 -1000000.15 4.44 -3619.97 3.25 3.25 3.25 60193.13 3623.20 0.03 0.10 0.24 -1 -1
Result 0 2.0 275 0.41 0.15 0.21 0.17 0.15 0.17 0.16 -1 -1 -1 -1
Evo 704.51 -999999.95 4.53 -3619.98 3.25 3.25 3.30 60193.12 3623.20 0.03 0.09 0.24 -1 -1
Result 0 2.0 275 0.40 0.12 0.14 0.16 0.14 0.26 0.18 -1 -1 -1 -1
Evo 551.85 -1000000.02 2.56 -9007.52 0.91 1.25 2.25 94915.94 9009.02 0.06 0.05 0.17 -1 -1
Result 0 0.0 110 0.45 0.17 0.18 0.19 0.19 0.12 0.15 -1 -1 -1 -1
Evo 717.01 -1000000.10 4.47 -3620.02 3.25 3.25 3.30 60193.12 3623.20 0.03 0.09 0.23 -1 -1
Result 0 2.0 275 0.43 0.16 0.19 0.18 0.16 0.16 0.14 -1 -1 -1 -1
Evo 521.60 -999999.43 2.46 -9007.22 1.25 2.25 2.35 94915.92 9009.02 0.06 0.06 0.22 -1 -1
Result 0 0.0 110 0.40 0.21 0.25 0.14 0.14 0.16 0.10 -1 -1 -1 -1
Evo 610.11 -999999.90 2.43 -9007.34 0.75 2.25 2.25 94915.95 9009.02 0.06 0.06 0.20 -1 -1
Result 0 0.0 110 0.44 0.17 0.17 0.23 0.21 0.11 0.12 -1 -1 -1 -1
Evo 670.44 -999999.73 2.39 -9007.47 1.25 1.25 2.25 94915.92 9009.02 0.06 0.06 0.18 -1 -1
Result 0 0.0 110 0.44 0.18 0.21 0.12 0.17 0.16 0.16 -1 -1 -1 -1
Evo 526.68 -999999.37 2.53 -9007.31 1.25 1.31 2.31 94915.90 9009.02 0.06 0.08 0.26 -1 -1
Result 0 0.0 110 0.33 0.14 0.29 0.18 0.10 0.13 0.17 -1 -1 -1 -1
Evo 850.80 -999999.97 4.48 -3375.15 3.25 3.25 3.25 58124.01 3378.39 0.03 0.15 0.36 -1 -1
Result 0 2.0 295 0.44 0.17 0.18 0.19 0.14 0.19 0.14 -1 -1 -1 -1
Evo 806.85 -1000000.09 4.42 -3620.04 3.25 3.25 3.25 60193.12 3623.20 0.03 0.09 0.24 -1 -1
Result 0 2.0 275 0.43 0.13 0.16 0.16 0.16 0.20 0.19 -1 -1 -1 -1
Evo 497.28 -999999.59 2.46 -9007.53 1.06 1.25 2.31 94915.90 9009.02 0.06 0.06 0.19 -1 -1
Result 0 0.0 110 0.35 0.21 0.19 0.21 0.11 0.16 0.13 -1 -1 -1 -1
Evo 661.82 -999999.35 2.48 -9007.38 1.25 1.25 2.25 94915.89 9009.02 0.06 0.05 0.16 -1 -1
Result 0 0.0 110 0.45 0.19 0.19 0.19 0.16 0.11 0.16 -1 -1 -1 -1
Evo 826.24 -999999.24 4.30 -3352.61 3.25 3.25 3.25 57928.58 3355.71 0.03 0.10 0.28 -1 -1
Result 0 2.0 297 0.43 0.20 0.17 0.17 0.13 0.13 0.19 -1 -1 -1 -1
Evo 753.10 -999999.41 4.35 -3352.75 3.25 3.25 3.25 57928.58 3355.71 0.03 0.09 0.26 -1 -1
Result 0 2.0 297 0.41 0.16 0.15 0.20 0.15 0.14 0.19 -1 -1 -1 -1
Evo 550.13 0.74 999999.76 9017.99 9.25 10.25 10.30 94914.92 9008.93 0.06 0.08 0.24 -1 -1
Result 1 8.0 110 0.33 0.13 0.27 0.09 0.10 0.18 0.23 -1 -1 -1 -1
Evo 472.06 0.76 1000000.11 9017.76 9.25 10.25 10.30 94914.97 9008.93 0.06 0.07 0.21 -1 -1
Result 1 8.0 110 0.27 0.15 0.21 0.14 0.07 0.22 0.21 -1 -1 -1 -1
Evo 614.62 0.67 999999.82 9017.36 9.25 10.25 10.25 94914.98 9008.93 0.06 0.06 0.22 -1 -1
Result 1 8.0 110 0.49 0.16 0.23 0.11 0.19 0.14 0.16 -1 -1 -1 -1
Evo 406.65 0.67 1000000.00 9017.67 9.25 10.25 10.30 94914.97 9008.93 0.06 0.08 0.24 -1 -1
Result 1 8.0 110 0.45 0.15 0.19 0.14 0.09 0.23 0.20 -1 -1 -1 -1
Evo 639.52 0.76 1000000.71 9018.30 9.25 10.25 10.25 94914.98 9008.93 0.06 0.10 0.24 -1 -1
Result 1 8.0 110 0.29 0.14 0.21 0.13 0.08 0.27 0.17 -1 -1 -1 -1
Evo 596.35 0.68 1000000.05 9017.51 9.25 10.25 10.25 94914.99 9008.93 0.06 0.07 0.25 -1 -1
Result 1 8.0 110 0.35 0.10 0.22 0.16 0.11 0.17 0.24 -1 -1 -1 -1
Evo 570.63 0.70 1000000.02 9017.82 9.25 10.25 10.30 94914.96 9008.93 0.06 0.07 0.22 -1 -1
Result 1 8.0 110 0.31 0.17 0.23 0.14 0.09 0.17 0.19 -1 -1 -1 -1
Evo 791.83 0.25 999999.79 5321.56 0.68 2.25 4.25 72932.30 5319.13 0.04 0.08 0.19 -1 -1
Result 1 1.0 187 0.43 0.15 0.16 0.17 0.14 0.19 0.18 -1 -1 -1 -1
Evo 492.69 0.60 999999.86 9016.45 4.29 10.11 10.25 94915.07 9008.94 0.06 0.08 0.28 -1 -1
Result 1 8.0 110 0.41 0.17 0.15 0.12 0.19 0.24 0.13 -1 -1 -1 -1
Evo 590.33 0.67 1000000.18 9017.75 9.25 10.25 10.25 94914.98 9008.93 0.06 0.08 0.25 -1 -1
Result 1 8.0 110 0.45 0.19 0.18 0.11 0.13 0.22 0.18 -1 -1 -1 -1
Evo 481.63 0.65 999999.82 9017.47 9.25 10.25 10.30 94914.97 9008.93 0.06 0.07 0.21 -1 -1
Result 1 8.0 110 0.47 0.13 0.21 0.18 0.17 0.19 0.13 -1 -1 -1 -1
Evo 736.04 0.68 8.34 6.59 6.25 7.25 8.25 2.05 0.15 0.04 0.10 0.30 -1 -1
Result 1 5.0 185 0.40 0.19 0.17 0.18 0.15 0.15 0.18 -1 -1 -1 -1
Evo 755.38 0.25 4.40 2.61 1.25 2.46 4.30 1.73 0.13 0.04 0.09 0.22 -1 -1
Result 1 1.0 179 0.47 0.15 0.21 0.13 0.18 0.17 0.17 -1 -1 -1 -1
Evo 687.32 0.25 1000000.02 5321.64 0.74 2.25 4.30 72932.31 5319.14 0.04 0.09 0.26 -1 -1
Result 1 1.0 187 0.39 0.12 0.16 0.18 0.14 0.21 0.19 -1 -1 -1 -1
Evo 786.86 0.65 8.46 6.72 6.25 7.25 8.25 2.13 0.16 0.04 0.08 0.24 -1 -1
Result 1 5.0 185 0.44 0.18 0.18 0.19 0.16 0.14 0.15 -1 -1 -1 -1
Evo 606.40 0.69 1000000.58 9017.16 7.58 10.25 10.25 94915.07 9008.94 0.06 0.07 0.23 -1 -1
Result 1 8.0 110 0.47 0.17 0.21 0.15 0.12 0.16 0.19 -1 -1 -1 -1
Evo 769.83 0.65 6.39 4.25 3.25 4.25 6.25 1.74 0.12 0.04 0.08 0.23 -1 -1
Result 1 2.0 202 0.45 0.14 0.19 0.22 0.13 0.13 0.19 -1 -1 -1 -1
Evo 630.64 0.72 1000000.40 9017.45 7.89 10.25 10.25 94915.03 9008.94 0.06 0.07 0.23 -1 -1
Result 1 8.0 110 0.33 0.18 0.16 0.13 0.10 0.23 0.21 -1 -1 -1 -1
Evo 641.26 0.68 1000000.67 9017.87 9.25 10.25 10.25 94915.02 9008.93 0.06 0.07 0.22 -1 -1
Result 1 8.0 110 0.35 0.18 0.15 0.13 0.11 0.23 0.20 -1 -1 -1 -1
Evo 742.65 0.25 1000000.53 5321.22 0.25 2.20 4.25 72932.38 5319.14 0.04 0.06 0.16 -1 -1
Result 1 1.0 187 0.48 0.13 0.22 0.14 0.14 0.17 0.19 -1 -1 -1 -1
