Evo 335.39 -999999.92 0.62 -12499.62 0.28 0.33 0.45 111803.43 12500.00 0.08 0.06 0.12 -1 -1
Result 0 -1.0 79 0.41 0.20 0.15 0.21 0.18 0.26 -1 -1 -1 -1 -1
Evo 510.59 -999999.44 0.69 -12499.62 0.23 0.33 0.50 111803.38 12500.00 0.08 0.05 0.11 -1 -1
Result 0 -1.0 79 0.48 0.21 0.28 0.16 0.23 0.13 -1 -1 -1 -1 -1
Evo 223.90 -999064.96 0.67 -22904.56 0.33 0.43 0.47 144546.65 16160.81 0.08 0.03 0.10 -1 -1
Result 0 -1.0 79 0.46 0.21 0.11 0.24 0.24 0.20 -1 -1 -1 -1 -1
Evo 338.22 -1000000.04 0.69 -12499.61 0.28 0.37 0.50 111803.45 12500.01 0.08 0.08 0.25 -1 -1
Result 0 -1.0 79 0.44 0.18 0.18 0.15 0.19 0.31 -1 -1 -1 -1 -1
Evo 135.37 -998772.80 0.69 -34723.39 0.43 0.60 0.62 177824.59 19881.39 0.08 0.09 0.25 -1 -1
Result 0 -1.0 79 0.51 0.21 0.20 0.11 0.21 0.26 -1 -1 -1 -1 -1
Evo 352.77 -1000000.02 0.69 -12499.58 0.28 0.43 0.56 111803.45 12500.01 0.08 0.06 0.16 -1 -1
Result 0 -1.0 79 0.45 0.25 0.19 0.19 0.15 0.23 -1 -1 -1 -1 -1
Evo 332.58 -1000000.06 0.69 -12499.59 0.33 0.40 0.53 111803.45 12500.01 0.08 0.07 0.20 -1 -1
Result 0 -1.0 79 0.41 0.26 0.15 0.15 0.19 0.25 -1 -1 -1 -1 -1
Evo 367.77 -1000000.05 0.69 -12499.61 0.28 0.33 0.51 111803.45 12500.01 0.08 0.05 0.10 -1 -1
Result 0 -1.0 79 0.43 0.25 0.16 0.20 0.21 0.18 -1 -1 -1 -1 -1
Evo 222.03 -1000000.00 0.67 -12499.54 0.33 0.43 0.62 111803.45 12500.01 0.08 0.06 0.13 -1 -1
Result 0 -1.0 79 0.45 0.18 0.19 0.16 0.23 0.25 -1 -1 -1 -1 -1
Evo 412.66 -999999.61 0.69 -12499.61 0.23 0.33 0.50 111803.40 12500.00 0.08 0.03 0.08 -1 -1
Result 0 -1.0 79 0.46 0.18 0.31 0.21 0.20 0.10 -1 -1 -1 -1 -1
Evo 407.00 -999999.42 0.67 -12499.59 0.23 0.37 0.56 111803.38 12500.00 0.08 0.07 0.18 -1 -1
Result 0 -1.0 79 0.48 0.20 0.26 0.14 0.18 0.23 -1 -1 -1 -1 -1
Evo 159.94 -998692.12 0.67 -34743.57 0.37 0.47 0.61 177932.24 19893.43 0.08 0.05 0.13 -1 -1
Result 0 -1.0 79 0.49 0.25 0.15 0.19 0.24 0.18 -1 -1 -1 -1 -1
Evo 352.34 -999999.55 0.69 -12499.57 0.28 0.36 0.61 111803.40 12500.00 0.08 0.04 0.10 -1 -1
Result 0 -1.0 79 0.45 0.14 0.19 0.25 0.28 0.15 -1 -1 -1 -1 -1
Evo 261.82 -999999.56 0.69 -12499.57 0.28 0.40 0.57 111803.40 12500.00 0.08 0.04 0.09 -1 -1
Result 0 -1.0 79 0.41 0.30 0.16 0.16 0.23 0.15 -1 -1 -1 -1 -1
Evo 332.27 -999999.56 0.69 -12499.56 0.28 0.43 0.60 111803.40 12500.00 0.08 0.07 0.13 -1 -1
Result 0 -1.0 79 0.48 0.23 0.14 0.19 0.23 0.23 -1 -1 -1 -1 -1
Evo 277.08 -999065.27 0.69 -22904.57 0.28 0.37 0.52 144546.67 16160.81 0.08 0.08 0.18 -1 -1
Result 0 -1.0 79 0.45 0.16 0.19 0.19 0.21 0.25 -1 -1 -1 -1 -1
Evo 473.81 -999999.89 0.67 -12499.62 0.23 0.33 0.54 111803.43 12500.00 0.08 0.06 0.13 -1 -1
Result 0 -1.0 79 0.39 0.21 0.14 0.23 0.19 0.24 -1 -1 -1 -1 -1
Evo 182.68 -999073.41 0.69 -22904.61 0.33 0.53 0.58 144547.41 16160.89 0.08 0.06 0.19 -1 -1
Result 0 -1.0 79 0.49 0.18 0.18 0.16 0.24 0.25 -1 -1 -1 -1 -1
Evo 423.46 -999999.44 0.67 -12499.60 0.23 0.37 0.51 111803.38 12500.00 0.08 0.06 0.11 -1 -1
Result 0 -1.0 79 0.49 0.14 0.24 0.19 0.24 0.20 -1 -1 -1 -1 -1
Evo 460.24 -999999.68 0.69 -12499.63 0.23 0.33 0.50 111803.40 12500.00 0.08 0.05 0.12 -1 -1
Result 0 -1.0 79 0.46 0.23 0.19 0.19 0.20 0.20 -1 -1 -1 -1 -1
Evo 349.73 -999999.49 0.67 -12499.61 0.28 0.36 0.49 111803.39 12500.00 0.08 0.05 0.16 -1 -1
Result 0 -1.0 79 0.41 0.24 0.21 0.20 0.20 0.15 -1 -1 -1 -1 -1
Evo 262.15 -999081.00 0.69 -22887.27 0.33 0.33 0.48 144448.67 16149.85 0.08 0.05 0.11 -1 -1
Result 0 -1.0 79 0.39 0.25 0.15 0.21 0.14 0.25 -1 -1 -1 -1 -1
Evo 136.28 -999082.30 0.69 -22887.18 0.37 0.54 0.62 144448.81 16149.87 0.08 0.06 0.13 -1 -1
Result 0 -1.0 79 0.49 0.20 0.15 0.24 0.18 0.24 -1 -1 -1 -1 -1
Evo 286.66 -999999.81 0.69 -12499.59 0.33 0.37 0.51 111803.42 12500.00 0.08 0.06 0.14 -1 -1
Result 0 -1.0 79 0.49 0.15 0.18 0.24 0.24 0.20 -1 -1 -1 -1 -1
Evo 290.51 -999999.37 0.69 -12499.55 0.30 0.47 0.54 111803.38 12500.00 0.08 0.06 0.12 -1 -1
Result 0 -1.0 79 0.43 0.16 0.25 0.16 0.26 0.16 -1 -1 -1 -1 -1
Evo 615.00 -999999.98 0.67 -12499.67 0.23 0.23 0.40 111803.43 12500.00 0.08 0.03 0.07 -1 -1
Result 0 -1.0 79 0.44 0.24 0.23 0.13 0.24 0.18 -1 -1 -1 -1 -1
Evo 185.92 -998049.81 0.69 -46947.28 0.37 0.40 0.52 206773.18 23117.94 0.08 0.05 0.11 -1 -1
Result 0 -1.0 79 0.47 0.19 0.20 0.16 0.21 0.24 -1 -1 -1 -1 -1
Evo 504.99 -999999.51 0.69 -12499.63 0.23 0.33 0.48 111803.39 12500.00 0.08 0.06 0.16 -1 -1
Result 0 -1.0 79 0.43 0.21 0.15 0.18 0.30 0.16 -1 -1 -1 -1 -1
Evo 174.72 -999081.67 0.69 -22887.21 0.37 0.43 0.60 144448.76 16149.86 0.08 0.05 0.14 -1 -1
Result 0 -1.0 79 0.43 0.21 0.23 0.20 0.16 0.20 -1 -1 -1 -1 -1
Evo 236.10 -999999.62 0.67 -12499.55 0.33 0.45 0.53 111803.41 12500.00 0.08 0.06 0.12 -1 -1
Result 0 -1.0 79 0.44 0.24 0.18 0.19 0.21 0.19 -1 -1 -1 -1 -1
Evo 596.59 -999999.89 0.69 -12499.66 0.23 0.28 0.45 111803.43 12500.00 0.08 0.06 0.14 -1 -1
Result 0 -1.0 79 0.35 0.30 0.20 0.21 0.11 0.18 -1 -1 -1 -1 -1
Evo 295.47 -999063.17 0.69 -22904.56 0.28 0.33 0.52 144546.50 16160.79 0.08 0.03 0.09 -1 -1
Result 0 -1.0 79 0.39 0.19 0.25 0.21 0.14 0.21 -1 -1 -1 -1 -1
Evo 318.49 -999999.98 0.69 -12499.56 0.29 0.48 0.56 111803.45 12500.01 0.08 0.06 0.13 -1 -1
Result 0 -1.0 79 0.51 0.14 0.26 0.23 0.23 0.15 -1 -1 -1 -1 -1
Evo 169.85 -998772.54 0.69 -34723.45 0.37 0.47 0.55 177824.55 19881.39 0.08 0.08 0.25 -1 -1
Result 0 -1.0 79 0.43 0.13 0.16 0.29 0.26 0.16 -1 -1 -1 -1 -1
Evo 448.01 -1000000.19 0.69 -12499.62 0.23 0.33 0.50 111803.46 12500.01 0.08 0.06 0.13 -1 -1
Result 0 -1.0 79 0.44 0.23 0.25 0.16 0.19 0.18 -1 -1 -1 -1 -1
Evo 146.16 -999065.12 0.69 -22904.50 0.40 0.45 0.56 144546.68 16160.81 0.08 0.05 0.13 -1 -1
Result 0 -1.0 79 0.43 0.25 0.14 0.20 0.16 0.25 -1 -1 -1 -1 -1
Evo 196.48 -998691.88 0.69 -34743.62 0.33 0.45 0.54 177932.25 19893.43 0.08 0.08 0.20 -1 -1
Result 0 -1.0 79 0.47 0.18 0.20 0.25 0.21 0.16 -1 -1 -1 -1 -1
Evo 300.01 -999999.82 0.67 -12499.59 0.28 0.38 0.57 111803.42 12500.00 0.08 0.03 0.08 -1 -1
Result 0 -1.0 79 0.41 0.20 0.29 0.15 0.15 0.21 -1 -1 -1 -1 -1
Evo 413.43 -999999.32 0.69 -12499.60 0.23 0.40 0.50 111803.37 12500.00 0.08 0.07 0.13 -1 -1
Result 0 -1.0 79 0.35 0.31 0.19 0.20 0.19 0.11 -1 -1 -1 -1 -1
Evo 440.92 -999999.87 0.69 -12499.63 0.28 0.33 0.47 111803.43 12500.00 0.08 0.07 0.14 -1 -1
Result 0 -1.0 79 0.46 0.25 0.23 0.19 0.20 0.14 -1 -1 -1 -1 -1
Evo 246.11 -999065.63 0.69 -22904.59 0.33 0.33 0.49 144546.74 16160.82 0.08 0.05 0.12 -1 -1
Result 0 -1.0 79 0.49 0.20 0.24 0.20 0.15 0.21 -1 -1 -1 -1 -1
Evo 188.76 -999064.36 0.69 -22657.34 0.33 0.45 0.56 143153.45 16005.04 0.08 0.06 0.14 -1 -1
Result 0 -1.0 79 0.48 0.19 0.18 0.18 0.24 0.23 -1 -1 -1 -1 -1
Evo 149.99 -999064.17 0.69 -22904.49 0.40 0.47 0.56 144546.62 16160.80 0.08 0.03 0.09 -1 -1
Result 0 -1.0 79 0.51 0.11 0.14 0.33 0.28 0.15 -1 -1 -1 -1 -1
Evo 159.57 -999072.84 0.69 -22904.58 0.41 0.53 0.61 144547.35 16160.88 0.08 0.07 0.14 -1 -1
Result 0 -1.0 79 0.50 0.10 0.20 0.26 0.19 0.25 -1 -1 -1 -1 -1
Evo 171.18 -998700.58 0.69 -34743.68 0.33 0.48 0.61 177932.82 19893.49 0.08 0.06 0.13 -1 -1
Result 0 -1.0 79 0.52 0.20 0.29 0.19 0.18 0.15 -1 -1 -1 -1 -1
Evo 272.46 -999999.36 0.69 -12499.56 0.28 0.40 0.58 111803.38 12500.00 0.08 0.06 0.12 -1 -1
Result 0 -1.0 79 0.46 0.19 0.23 0.20 0.20 0.19 -1 -1 -1 -1 -1
Evo 435.91 -1000000.22 0.69 -12499.63 0.23 0.33 0.48 111803.47 12500.01 0.08 0.05 0.11 -1 -1
Result 0 -1.0 79 0.46 0.23 0.23 0.18 0.18 0.20 -1 -1 -1 -1 -1
Evo 448.08 -999999.68 0.69 -12499.63 0.23 0.33 0.48 111803.40 12500.00 0.08 0.06 0.14 -1 -1
Result 0 -1.0 79 0.41 0.18 0.24 0.21 0.15 0.23 -1 -1 -1 -1 -1
Evo 478.71 -999999.63 0.69 -12499.63 0.23 0.33 0.50 111803.40 12500.00 0.08 0.06 0.10 -1 -1
Result 0 -1.0 79 0.46 0.18 0.23 0.24 0.16 0.20 -1 -1 -1 -1 -1
Evo 114.25 -998782.17 0.69 -34693.39 0.44 0.58 0.64 177693.33 19866.72 0.08 0.06 0.16 -1 -1
Result 0 -1.0 79 0.38 0.21 0.13 0.18 0.25 0.24 -1 -1 -1 -1 -1
Evo 413.61 -999999.62 0.67 -12499.61 0.23 0.37 0.51 111803.40 12500.00 0.08 0.06 0.15 -1 -1
Result 0 -1.0 79 0.44 0.24 0.23 0.13 0.24 0.18 -1 -1 -1 -1 -1
Evo 451.33 -999999.50 0.67 -12499.62 0.23 0.33 0.50 111803.39 12500.00 0.08 0.03 0.08 -1 -1
Result 0 -1.0 79 0.28 0.28 0.29 0.20 0.16 0.08 -1 -1 -1 -1 -1
Evo 295.16 -999999.74 0.67 -12499.60 0.33 0.40 0.45 111803.42 12500.00 0.08 0.05 0.11 -1 -1
Result 0 -1.0 79 0.45 0.18 0.21 0.21 0.19 0.21 -1 -1 -1 -1 -1
Evo 253.89 -999999.96 0.67 -12499.54 0.33 0.50 0.60 111803.45 12500.01 0.08 0.04 0.11 -1 -1
Result 0 -1.0 79 0.44 0.21 0.18 0.19 0.26 0.16 -1 -1 -1 -1 -1
Evo 159.63 -999073.60 0.69 -22904.59 0.37 0.54 0.62 144547.39 16160.89 0.08 0.04 0.10 -1 -1
Result 0 -1.0 79 0.43 0.20 0.18 0.26 0.16 0.20 -1 -1 -1 -1 -1
Evo 219.10 -999999.44 0.69 -12499.54 0.33 0.43 0.56 111803.39 12500.00 0.08 0.09 0.22 -1 -1
Result 0 -1.0 79 0.51 0.18 0.23 0.10 0.24 0.26 -1 -1 -1 -1 -1
Evo 197.51 -999081.06 0.67 -22887.24 0.33 0.45 0.54 144448.71 16149.86 0.08 0.06 0.14 -1 -1
Result 0 -1.0 79 0.48 0.24 0.14 0.25 0.23 0.15 -1 -1 -1 -1 -1
Evo 390.84 -1000000.20 0.67 -12499.62 0.30 0.33 0.48 111803.46 12500.01 0.08 0.06 0.12 -1 -1
Result 0 -1.0 79 0.45 0.20 0.20 0.23 0.19 0.19 -1 -1 -1 -1 -1
Evo 376.96 -1000000.06 0.67 -12499.60 0.23 0.40 0.50 111803.45 12500.01 0.08 0.04 0.11 -1 -1
Result 0 -1.0 79 0.51 0.14 0.13 0.30 0.28 0.16 -1 -1 -1 -1 -1
Evo 191.43 -999072.12 0.69 -22904.63 0.37 0.40 0.53 144547.26 16160.88 0.08 0.05 0.12 -1 -1
Result 0 -1.0 79 0.46 0.23 0.20 0.20 0.23 0.15 -1 -1 -1 -1 -1
Evo 948.37 -999999.87 0.69 -499.51 0.23 0.23 0.23 22355.09 499.75 0.01 0.47 0.49 -1 -1
Result 0 0.0 2000 0.46 0.20 0.20 0.19 0.20 0.21 -1 -1 -1 -1 -1
Evo 953.22 -1000000.07 0.69 -499.51 0.23 0.23 0.23 22355.10 499.75 0.01 0.38 0.45 -1 -1
Result 0 0.0 2000 0.46 0.20 0.20 0.20 0.22 0.19 -1 -1 -1 -1 -1
Evo 958.35 -999999.91 0.67 -499.51 0.23 0.23 0.23 22355.09 499.75 0.01 0.41 0.47 -1 -1
Result 0 0.0 2000 0.47 0.19 0.20 0.19 0.21 0.20 -1 -1 -1 -1 -1
Evo 951.05 -999999.42 0.69 -499.51 0.23 0.23 0.23 22355.08 499.75 0.01 0.35 0.38 -1 -1
Result 0 0.0 2000 0.47 0.18 0.21 0.22 0.19 0.20 -1 -1 -1 -1 -1
Evo 946.30 -999999.97 0.69 -499.51 0.23 0.23 0.23 22355.10 499.75 0.01 0.45 0.48 -1 -1
Result 0 0.0 2000 0.46 0.20 0.21 0.19 0.20 0.19 -1 -1 -1 -1 -1
Evo 956.72 -999999.41 0.69 -499.51 0.23 0.23 0.23 22355.08 499.75 0.01 0.43 0.49 -1 -1
Result 0 0.0 2000 0.46 0.21 0.20 0.20 0.19 0.20 -1 -1 -1 -1 -1
Evo 960.12 -999999.35 0.69 -499.51 0.23 0.23 0.23 22355.08 499.75 0.01 0.20 0.22 -1 -1
Result 0 0.0 2000 0.46 0.21 0.20 0.21 0.19 0.19 -1 -1 -1 -1 -1
Evo 950.44 -999999.68 0.69 -499.51 0.23 0.23 0.23 22355.09 499.75 0.01 0.44 0.47 -1 -1
Result 0 0.0 2000 0.46 0.21 0.20 0.20 0.20 0.20 -1 -1 -1 -1 -1
Evo 956.69 -999999.93 0.67 -499.51 0.23 0.23 0.23 22355.10 499.75 0.01 0.38 0.42 -1 -1
Result 0 0.0 2000 0.48 0.21 0.21 0.19 0.21 0.18 -1 -1 -1 -1 -1
Evo 947.94 -999999.72 0.69 -499.51 0.23 0.23 0.23 22355.09 499.75 0.01 0.23 0.25 -1 -1
Result 0 0.0 2000 0.48 0.18 0.21 0.20 0.22 0.19 -1 -1 -1 -1 -1
Evo 952.60 -999999.58 0.67 -499.51 0.23 0.23 0.23 22355.09 499.75 0.01 0.44 0.48 -1 -1
Result 0 0.0 2000 0.46 0.20 0.20 0.20 0.19 0.21 -1 -1 -1 -1 -1
Evo 950.63 -999999.62 0.69 -499.51 0.23 0.23 0.23 22355.09 499.75 0.01 0.40 0.47 -1 -1
Result 0 0.0 2000 0.48 0.19 0.21 0.20 0.18 0.21 -1 -1 -1 -1 -1
Evo 956.89 -1000000.12 0.67 -499.51 0.23 0.23 0.23 22355.10 499.75 0.01 0.26 0.29 -1 -1
Result 0 0.0 2000 0.46 0.20 0.19 0.20 0.20 0.20 -1 -1 -1 -1 -1
Evo 941.72 0.22 999999.74 914.32 0.23 0.23 0.23 30233.69 914.08 0.01 0.41 0.54 -1 -1
Result 1 1.0 1093 0.45 0.20 0.18 0.19 0.22 0.21 -1 -1 -1 -1 -1
Evo 960.50 -999999.81 0.67 -499.51 0.23 0.23 0.23 22355.09 499.75 0.01 0.32 0.37 -1 -1
Result 0 0.0 2000 0.46 0.20 0.20 0.21 0.20 0.20 -1 -1 -1 -1 -1
Evo 942.89 -999999.85 0.69 -499.51 0.23 0.23 0.23 22355.09 499.75 0.01 0.45 0.48 -1 -1
Result 0 0.0 2000 0.46 0.20 0.19 0.21 0.20 0.21 -1 -1 -1 -1 -1
Evo 959.14 -999999.68 0.69 -499.51 0.23 0.23 0.23 22355.09 499.75 0.01 0.43 0.47 -1 -1
Result 0 0.0 2000 0.46 0.21 0.19 0.21 0.19 0.19 -1 -1 -1 -1 -1
Evo 960.15 -999999.88 0.69 -499.51 0.23 0.23 0.23 22355.09 499.75 0.01 0.41 0.46 -1 -1
Result 0 0.0 2000 0.47 0.21 0.20 0.19 0.20 0.19 -1 -1 -1 -1 -1
Evo 937.96 -999999.43 0.67 -499.51 0.23 0.23 0.23 22355.08 499.75 0.01 0.49 0.53 -1 -1
Result 0 0.0 2000 0.46 0.21 0.20 0.20 0.19 0.20 -1 -1 -1 -1 -1
Evo 955.20 -999999.48 0.67 -499.51 0.23 0.23 0.23 22355.09 499.75 0.01 0.27 0.31 -1 -1
Result 0 0.0 2000 0.47 0.21 0.20 0.20 0.19 0.20 -1 -1 -1 -1 -1
Evo 627.68 -999999.96 0.67 -5617.64 0.23 0.23 0.49 74953.19 5617.98 0.04 0.10 0.15 -1 -1
Result 0 -1.0 177 0.47 0.21 0.23 0.17 0.19 0.21 -1 -1 -1 -1 -1
Evo 712.17 -999999.28 0.69 -5617.67 0.23 0.23 0.37 74953.14 5617.98 0.04 0.04 0.09 -1 -1
Result 0 -1.0 177 0.41 0.30 0.13 0.24 0.15 0.17 -1 -1 -1 -1 -1
Evo 583.70 -1000000.20 0.69 -5617.62 0.23 0.28 0.47 74953.21 5617.98 0.04 0.06 0.10 -1 -1
Result 0 -1.0 177 0.50 0.25 0.25 0.20 0.16 0.15 -1 -1 -1 -1 -1
Evo 656.94 -1000000.10 0.67 -5617.67 0.23 0.28 0.28 74953.20 5617.98 0.04 0.10 0.16 -1 -1
Result 0 -1.0 177 0.42 0.20 0.16 0.23 0.16 0.25 -1 -1 -1 -1 -1
Evo 765.92 -999999.33 0.69 -5617.68 0.23 0.23 0.28 74953.14 5617.98 0.04 0.06 0.08 -1 -1
Result 0 -1.0 177 0.50 0.20 0.20 0.17 0.24 0.20 -1 -1 -1 -1 -1
Evo 640.34 -999999.31 0.69 -5617.64 0.23 0.23 0.40 74953.14 5617.98 0.04 0.07 0.09 -1 -1
Result 0 -1.0 177 0.46 0.20 0.15 0.22 0.24 0.20 -1 -1 -1 -1 -1
Evo 529.14 -999999.79 0.69 -5617.65 0.23 0.28 0.40 74953.18 5617.98 0.04 0.12 0.19 -1 -1
Result 0 -1.0 177 0.47 0.15 0.20 0.17 0.20 0.28 -1 -1 -1 -1 -1
Evo 681.18 -1000000.01 0.69 -5617.66 0.23 0.23 0.37 74953.19 5617.98 0.04 0.07 0.12 -1 -1
Result 0 -1.0 177 0.45 0.17 0.18 0.19 0.22 0.24 -1 -1 -1 -1 -1
Evo 644.32 -999999.82 0.67 -5617.67 0.23 0.28 0.33 74953.18 5617.98 0.04 0.06 0.09 -1 -1
Result 0 -1.0 177 0.47 0.16 0.21 0.24 0.20 0.20 -1 -1 -1 -1 -1
Evo 434.40 -1000000.17 0.69 -5617.61 0.28 0.33 0.50 74953.21 5617.98 0.04 0.07 0.12 -1 -1
Result 0 -1.0 177 0.44 0.21 0.27 0.21 0.14 0.17 -1 -1 -1 -1 -1
Evo 538.62 -1000000.01 0.69 -5617.60 0.23 0.33 0.55 74953.20 5617.98 0.04 0.06 0.09 -1 -1
Result 0 -1.0 177 0.44 0.21 0.15 0.26 0.17 0.20 -1 -1 -1 -1 -1
Evo 725.34 -1000000.02 0.69 -5617.67 0.23 0.23 0.33 74953.19 5617.98 0.04 0.06 0.10 -1 -1
Result 0 -1.0 177 0.43 0.27 0.16 0.20 0.16 0.21 -1 -1 -1 -1 -1
Evo 727.36 -999999.75 0.69 -5617.67 0.23 0.23 0.29 74953.17 5617.98 0.04 0.09 0.15 -1 -1
Result 0 -1.0 177 0.47 0.17 0.21 0.18 0.20 0.24 -1 -1 -1 -1 -1
Evo 659.68 -999999.78 0.69 -5617.66 0.23 0.23 0.43 74953.18 5617.98 0.04 0.10 0.16 -1 -1
Result 0 -1.0 177 0.48 0.14 0.23 0.20 0.21 0.22 -1 -1 -1 -1 -1
Evo 702.98 -1000000.09 0.69 -5617.66 0.23 0.23 0.37 74953.20 5617.98 0.04 0.09 0.13 -1 -1
Result 0 -1.0 177 0.45 0.21 0.18 0.22 0.20 0.19 -1 -1 -1 -1 -1
Evo 710.76 -1000000.06 0.67 -5617.67 0.23 0.23 0.33 74953.20 5617.98 0.04 0.09 0.12 -1 -1
Result 0 -1.0 177 0.46 0.25 0.15 0.20 0.20 0.20 -1 -1 -1 -1 -1
Evo 686.82 -999999.50 0.67 -5617.65 0.23 0.23 0.43 74953.16 5617.98 0.04 0.07 0.11 -1 -1
Result 0 -1.0 177 0.43 0.24 0.21 0.17 0.21 0.17 -1 -1 -1 -1 -1
Evo 718.03 -999999.30 0.69 -5617.67 0.23 0.23 0.29 74953.14 5617.98 0.04 0.05 0.09 -1 -1
Result 0 -1.0 177 0.42 0.20 0.16 0.24 0.19 0.21 -1 -1 -1 -1 -1
Evo 622.21 -1000000.04 0.67 -5617.64 0.23 0.23 0.43 74953.20 5617.98 0.04 0.11 0.20 -1 -1
Result 0 -1.0 177 0.48 0.16 0.22 0.17 0.22 0.22 -1 -1 -1 -1 -1
Evo 636.73 -999999.53 0.67 -5617.65 0.23 0.23 0.40 74953.16 5617.98 0.04 0.06 0.09 -1 -1
Result 0 -1.0 177 0.47 0.19 0.20 0.17 0.23 0.20 -1 -1 -1 -1 -1
