Evo 935.43 0.19 1000000.53 999.24 0.23 0.23 0.23 31606.99 999.00 0.01 0.26 0.28 -1 -1
Result 1 1.0 1000 0.47 0.20 0.21 0.20 0.18 0.21 -1 -1 -1 -1 -1
Evo 946.02 0.16 1000000.25 999.24 0.23 0.23 0.23 31606.98 999.00 0.01 0.32 0.37 -1 -1
Result 1 1.0 1000 0.48 0.20 0.21 0.17 0.21 0.20 -1 -1 -1 -1 -1
Evo 899.93 0.02 1000000.46 999.24 0.23 0.23 0.23 31606.98 999.00 0.01 0.26 0.30 -1 -1
Result 1 1.0 1000 0.45 0.20 0.18 0.18 0.21 0.22 -1 -1 -1 -1 -1
Evo 911.58 0.19 999999.82 999.24 0.23 0.23 0.23 31606.96 999.00 0.01 0.27 0.31 -1 -1
Result 1 1.0 1000 0.47 0.22 0.20 0.19 0.19 0.20 -1 -1 -1 -1 -1
Evo 937.08 0.14 1000000.65 1001.60 0.23 0.23 0.47 31606.92 999.00 0.01 0.29 0.37 -1 -1
Result 1 10.0 1000 0.47 0.18 0.21 0.20 0.19 0.21 -1 -1 -1 -1 -1
Evo 950.60 -0.09 999999.94 999.23 0.23 0.23 0.23 31606.97 999.00 0.01 0.32 0.35 -1 -1
Result 1 1.0 1000 0.47 0.20 0.20 0.19 0.20 0.22 -1 -1 -1 -1 -1
Evo 944.38 -0.01 1000000.39 999.23 0.23 0.23 0.23 31606.98 999.00 0.01 0.22 0.27 -1 -1
Result 1 1.0 1000 0.44 0.19 0.18 0.20 0.21 0.21 -1 -1 -1 -1 -1
Evo 929.45 0.19 1000000.21 999.24 0.21 0.23 0.23 31606.98 999.00 0.01 0.23 0.26 -1 -1
Result 1 1.0 1000 0.45 0.21 0.18 0.19 0.19 0.22 -1 -1 -1 -1 -1
Evo 942.32 0.19 1000000.02 999.24 0.23 0.23 0.23 31606.97 999.00 0.01 0.26 0.29 -1 -1
Result 1 1.0 1000 0.45 0.20 0.18 0.20 0.20 0.21 -1 -1 -1 -1 -1
Evo 905.79 0.02 999999.97 999.24 0.21 0.23 0.23 31606.97 999.00 0.01 0.27 0.32 -1 -1
Result 1 1.0 1000 0.44 0.18 0.18 0.19 0.22 0.23 -1 -1 -1 -1 -1
Evo 933.41 0.12 1000000.70 999.24 0.21 0.23 0.23 31606.99 999.00 0.01 0.39 0.46 -1 -1
Result 1 1.0 1000 0.45 0.19 0.19 0.20 0.19 0.22 -1 -1 -1 -1 -1
Evo 931.60 0.10 1000000.24 999.24 0.23 0.23 0.23 31606.98 999.00 0.01 0.33 0.40 -1 -1
Result 1 1.0 1000 0.46 0.20 0.19 0.20 0.19 0.21 -1 -1 -1 -1 -1
Evo 929.16 -0.30 999999.74 999.23 0.23 0.23 0.23 31606.96 999.00 0.01 0.31 0.39 -1 -1
Result 1 1.0 1000 0.45 0.21 0.19 0.19 0.19 0.22 -1 -1 -1 -1 -1
Evo 937.11 -0.25 1000000.45 999.23 0.23 0.23 0.23 31606.98 999.00 0.01 0.23 0.27 -1 -1
Result 1 1.0 1000 0.45 0.19 0.19 0.16 0.22 0.23 -1 -1 -1 -1 -1
Evo 944.03 0.08 999999.90 999.23 0.23 0.23 0.23 31606.97 999.00 0.01 0.31 0.41 -1 -1
Result 1 1.0 1000 0.47 0.20 0.21 0.20 0.21 0.18 -1 -1 -1 -1 -1
Evo 935.53 -0.11 1000000.22 999.23 0.21 0.23 0.23 31606.98 999.00 0.01 0.34 0.40 -1 -1
Result 1 1.0 1000 0.46 0.22 0.19 0.18 0.20 0.20 -1 -1 -1 -1 -1
Evo 941.34 0.16 999999.77 999.23 0.21 0.23 0.23 31606.96 999.00 0.01 0.41 0.47 -1 -1
Result 1 1.0 1000 0.46 0.20 0.19 0.20 0.20 0.21 -1 -1 -1 -1 -1
Evo 918.05 -0.01 1000000.37 1003.25 0.23 0.23 10.21 31606.85 999.00 0.01 0.38 0.46 -1 -1
Result 1 10.0 1000 0.46 0.22 0.20 0.20 0.19 0.20 -1 -1 -1 -1 -1
Evo 932.12 0.07 1000000.52 999.23 0.23 0.23 0.23 31606.99 999.00 0.01 0.34 0.42 -1 -1
Result 1 1.0 1000 0.45 0.21 0.18 0.18 0.23 0.20 -1 -1 -1 -1 -1
Evo 949.89 -0.02 999999.73 999.23 0.23 0.23 0.23 31606.96 999.00 0.01 0.22 0.26 -1 -1
Result 1 1.0 1000 0.45 0.22 0.19 0.17 0.20 0.23 -1 -1 -1 -1 -1
Evo 935.30 -0.13 1000000.10 1000.89 0.23 0.23 0.23 31606.92 999.00 0.01 0.31 0.44 -1 -1
Result 1 20.0 1000 0.46 0.20 0.19 0.18 0.21 0.22 -1 -1 -1 -1 -1
Evo 938.47 0.11 1000000.01 999.24 0.23 0.23 0.23 31606.97 999.00 0.01 0.17 0.21 -1 -1
Result 1 1.0 1000 0.44 0.22 0.17 0.20 0.22 0.19 -1 -1 -1 -1 -1
Evo 953.05 0.07 1000000.51 999.23 0.23 0.23 0.23 31606.99 999.00 0.01 0.46 0.53 -1 -1
Result 1 1.0 1000 0.44 0.20 0.17 0.20 0.19 0.23 -1 -1 -1 -1 -1
Evo 932.62 0.06 1000000.44 1002.41 0.23 0.23 10.23 31606.88 999.00 0.01 0.49 0.59 -1 -1
Result 1 10.0 1000 0.46 0.19 0.19 0.19 0.21 0.22 -1 -1 -1 -1 -1
Evo 938.14 0.16 999999.74 999.76 0.23 0.23 0.23 31606.94 999.00 0.01 0.32 0.41 -1 -1
Result 1 5.0 1000 0.45 0.22 0.19 0.16 0.23 0.20 -1 -1 -1 -1 -1
Evo 935.97 -0.17 1000000.42 999.24 0.23 0.23 0.23 31606.98 999.00 0.01 0.40 0.52 -1 -1
Result 1 1.0 1000 0.48 0.19 0.22 0.18 0.21 0.20 -1 -1 -1 -1 -1
Evo 932.87 -0.05 1000000.46 1000.69 0.21 0.23 0.23 31606.94 999.00 0.01 0.36 0.44 -1 -1
Result 1 10.0 1000 0.47 0.18 0.20 0.20 0.21 0.20 -1 -1 -1 -1 -1
Evo 923.44 0.04 1000000.60 999.97 0.23 0.23 0.23 31606.97 999.00 0.01 0.40 0.54 -1 -1
Result 1 10.0 1000 0.45 0.20 0.18 0.20 0.19 0.23 -1 -1 -1 -1 -1
Evo 928.78 0.08 1000000.49 1000.67 0.23 0.23 0.23 31606.94 999.00 0.01 0.39 0.54 -1 -1
Result 1 10.0 1000 0.46 0.20 0.20 0.19 0.19 0.22 -1 -1 -1 -1 -1
Evo 940.54 -0.19 999999.93 1003.28 0.23 0.23 10.23 31606.84 999.00 0.01 0.48 0.59 -1 -1
Result 1 10.0 1000 0.48 0.20 0.22 0.18 0.19 0.21 -1 -1 -1 -1 -1
Evo 926.35 0.06 1000000.51 999.24 0.23 0.23 0.23 31606.99 999.00 0.01 0.43 0.56 -1 -1
Result 1 1.0 1000 0.44 0.20 0.17 0.22 0.19 0.21 -1 -1 -1 -1 -1
Evo 934.96 -0.02 999999.80 999.24 0.23 0.23 0.23 31606.96 999.00 0.01 0.41 0.52 -1 -1
Result 1 1.0 1000 0.46 0.20 0.20 0.20 0.20 0.20 -1 -1 -1 -1 -1
Evo 938.73 -0.06 1000000.06 1000.25 0.21 0.23 0.23 31606.94 999.00 0.01 0.39 0.49 -1 -1
Result 1 10.0 1000 0.48 0.20 0.21 0.20 0.18 0.21 -1 -1 -1 -1 -1
Evo 932.72 -0.14 999999.97 999.23 0.21 0.23 0.23 31606.97 999.00 0.01 0.23 0.29 -1 -1
Result 1 1.0 1000 0.45 0.20 0.18 0.19 0.23 0.19 -1 -1 -1 -1 -1
Evo 948.43 0.00 1000000.02 999.23 0.23 0.23 0.23 31606.97 999.00 0.01 0.28 0.31 -1 -1
Result 1 1.0 1000 0.45 0.20 0.18 0.22 0.20 0.19 -1 -1 -1 -1 -1
Evo 928.06 0.12 999999.85 1000.13 0.21 0.23 0.23 31606.94 999.00 0.01 0.44 0.56 -1 -1
Result 1 20.0 1000 0.45 0.21 0.18 0.19 0.19 0.23 -1 -1 -1 -1 -1
Evo 912.41 -0.02 1000000.61 1006.09 0.23 10.23 10.23 31606.77 998.99 0.01 0.45 0.54 -1 -1
Result 1 20.0 1000 0.46 0.18 0.20 0.18 0.19 0.25 -1 -1 -1 -1 -1
Evo 929.57 0.16 999999.89 1000.79 0.23 0.23 0.23 31606.92 999.00 0.01 0.39 0.49 -1 -1
Result 1 10.0 1000 0.45 0.22 0.19 0.19 0.19 0.21 -1 -1 -1 -1 -1
Evo 922.15 0.05 1000000.66 999.84 0.23 0.23 0.23 31606.97 999.00 0.01 0.42 0.52 -1 -1
Result 1 10.0 1000 0.46 0.19 0.20 0.20 0.20 0.21 -1 -1 -1 -1 -1
Evo 928.38 0.11 999999.73 999.24 0.23 0.23 0.23 31606.96 999.00 0.01 0.24 0.29 -1 -1
Result 1 1.0 1000 0.46 0.20 0.19 0.21 0.21 0.19 -1 -1 -1 -1 -1
Evo 908.92 0.12 1000000.34 999.23 0.21 0.23 0.23 31606.98 999.00 0.01 0.40 0.52 -1 -1
Result 1 1.0 1000 0.47 0.18 0.20 0.18 0.22 0.22 -1 -1 -1 -1 -1
Evo 926.30 -0.08 1000000.35 1000.38 0.23 0.23 0.23 31606.94 999.00 0.01 0.35 0.46 -1 -1
Result 1 10.0 1000 0.46 0.21 0.20 0.18 0.20 0.22 -1 -1 -1 -1 -1
Evo 913.51 0.09 999999.76 1000.59 0.23 0.23 0.23 31606.92 999.00 0.01 0.36 0.47 -1 -1
Result 1 5.0 1000 0.46 0.21 0.19 0.20 0.18 0.21 -1 -1 -1 -1 -1
Evo 925.25 -0.14 1000000.13 1000.93 0.23 0.23 0.23 31606.92 999.00 0.01 0.40 0.52 -1 -1
Result 1 10.0 1000 0.45 0.21 0.18 0.19 0.21 0.21 -1 -1 -1 -1 -1
Evo 913.96 0.12 1000000.43 999.24 0.23 0.23 0.23 31606.98 999.00 0.01 0.34 0.38 -1 -1
Result 1 1.0 1000 0.46 0.21 0.20 0.20 0.18 0.21 -1 -1 -1 -1 -1
Evo 914.46 0.12 999999.81 999.91 0.23 0.23 0.23 31606.94 999.00 0.01 0.35 0.45 -1 -1
Result 1 10.0 1000 0.46 0.20 0.19 0.21 0.18 0.22 -1 -1 -1 -1 -1
Evo 929.43 0.12 1000000.49 999.70 0.23 0.23 0.23 31606.97 999.00 0.01 0.37 0.51 -1 -1
Result 1 10.0 1000 0.46 0.20 0.19 0.17 0.22 0.22 -1 -1 -1 -1 -1
Evo 931.54 0.16 1000000.48 1003.70 0.23 0.28 10.23 31606.84 999.00 0.01 0.36 0.45 -1 -1
Result 1 10.0 1000 0.48 0.21 0.22 0.19 0.18 0.21 -1 -1 -1 -1 -1
Evo 918.34 0.12 1000000.09 999.24 0.23 0.23 0.23 31606.97 999.00 0.01 0.41 0.53 -1 -1
Result 1 1.0 1000 0.47 0.19 0.21 0.19 0.21 0.20 -1 -1 -1 -1 -1
Evo 935.85 0.12 999999.80 999.24 0.23 0.23 0.23 31606.96 999.00 0.01 0.28 0.34 -1 -1
Result 1 1.0 1000 0.48 0.20 0.22 0.17 0.21 0.20 -1 -1 -1 -1 -1
Evo 925.97 0.12 1000000.66 999.24 0.23 0.23 0.23 31606.99 999.00 0.01 0.31 0.38 -1 -1
Result 1 1.0 1000 0.47 0.21 0.20 0.20 0.19 0.20 -1 -1 -1 -1 -1
Evo 939.51 0.12 999999.73 999.23 0.23 0.23 0.23 31606.96 999.00 0.01 0.36 0.42 -1 -1
Result 1 1.0 1000 0.45 0.20 0.18 0.20 0.20 0.22 -1 -1 -1 -1 -1
Evo 937.91 0.16 1000000.37 1001.63 0.23 0.23 0.50 31606.91 999.00 0.01 0.43 0.55 -1 -1
Result 1 10.0 1000 0.47 0.20 0.20 0.20 0.18 0.21 -1 -1 -1 -1 -1
Evo 919.77 -0.08 1000000.20 999.24 0.23 0.23 0.23 31606.98 999.00 0.01 0.31 0.36 -1 -1
Result 1 1.0 1000 0.48 0.19 0.23 0.21 0.18 0.20 -1 -1 -1 -1 -1
Evo 939.93 0.16 999999.76 999.24 0.23 0.23 0.23 31606.96 999.00 0.01 0.26 0.30 -1 -1
Result 1 1.0 1000 0.47 0.20 0.20 0.21 0.20 0.18 -1 -1 -1 -1 -1
Evo 919.73 0.12 999999.81 1002.09 0.23 0.23 10.21 31606.87 999.00 0.01 0.37 0.48 -1 -1
Result 1 10.0 1000 0.45 0.19 0.18 0.19 0.20 0.23 -1 -1 -1 -1 -1
Evo 939.19 0.12 1000000.40 1012.70 0.51 20.21 20.23 31606.56 998.99 0.01 0.40 0.50 -1 -1
Result 1 15.0 1000 0.44 0.21 0.18 0.19 0.19 0.23 -1 -1 -1 -1 -1
Evo 923.06 0.12 1000000.47 999.24 0.23 0.23 0.23 31606.98 999.00 0.01 0.25 0.30 -1 -1
Result 1 1.0 1000 0.48 0.19 0.21 0.22 0.18 0.19 -1 -1 -1 -1 -1
Evo 935.54 0.12 1000000.00 999.24 0.23 0.23 0.23 31606.97 999.00 0.01 0.31 0.37 -1 -1
Result 1 1.0 1000 0.49 0.19 0.23 0.19 0.21 0.19 -1 -1 -1 -1 -1
Evo 918.07 0.05 1000000.36 999.24 0.23 0.23 0.23 31606.98 999.00 0.01 0.32 0.44 -1 -1
Result 1 1.0 1000 0.47 0.18 0.21 0.18 0.20 0.23 -1 -1 -1 -1 -1
Evo 941.27 0.16 1000000.00 999.24 0.23 0.23 0.23 31606.97 999.00 0.01 0.25 0.28 -1 -1
Result 1 1.0 1000 0.48 0.20 0.22 0.19 0.19 0.21 -1 -1 -1 -1 -1
Evo 929.11 0.05 999999.74 999.23 0.21 0.23 0.23 31606.96 999.00 0.01 0.35 0.44 -1 -1
Result 1 1.0 1000 0.45 0.20 0.18 0.21 0.21 0.20 -1 -1 -1 -1 -1
Evo 924.34 0.16 1000000.23 999.24 0.23 0.23 0.23 31606.98 999.00 0.01 0.26 0.32 -1 -1
Result 1 1.0 1000 0.46 0.20 0.19 0.19 0.19 0.23 -1 -1 -1 -1 -1
Evo 935.93 -0.00 1000000.65 999.24 0.23 0.23 0.23 31606.99 999.00 0.01 0.32 0.36 -1 -1
Result 1 1.0 1000 0.45 0.18 0.18 0.19 0.20 0.24 -1 -1 -1 -1 -1
Evo 913.45 0.14 999999.90 999.24 0.23 0.23 0.23 31606.97 999.00 0.01 0.25 0.36 -1 -1
Result 1 1.0 1000 0.47 0.21 0.21 0.21 0.18 0.18 -1 -1 -1 -1 -1
Evo 944.90 0.16 1000000.34 999.24 0.23 0.23 0.23 31606.98 999.00 0.01 0.25 0.28 -1 -1
Result 1 1.0 1000 0.46 0.22 0.19 0.19 0.19 0.21 -1 -1 -1 -1 -1
Evo 934.90 0.19 1000000.22 1002.67 0.23 0.23 10.23 31606.87 999.00 0.01 0.43 0.54 -1 -1
Result 1 10.0 1000 0.45 0.22 0.18 0.20 0.19 0.21 -1 -1 -1 -1 -1
Evo 933.25 0.19 1000000.05 999.24 0.23 0.23 0.23 31606.97 999.00 0.01 0.26 0.30 -1 -1
Result 1 1.0 1000 0.46 0.20 0.19 0.20 0.18 0.22 -1 -1 -1 -1 -1
Evo 932.78 0.16 1000000.59 999.24 0.23 0.23 0.23 31606.99 999.00 0.01 0.27 0.30 -1 -1
Result 1 1.0 1000 0.47 0.19 0.20 0.19 0.22 0.20 -1 -1 -1 -1 -1
Evo 945.87 0.13 999999.75 999.23 0.23 0.23 0.23 31606.96 999.00 0.01 0.26 0.30 -1 -1
Result 1 1.0 1000 0.46 0.21 0.19 0.20 0.18 0.21 -1 -1 -1 -1 -1
Evo 903.12 0.04 999999.79 999.24 0.23 0.23 0.23 31606.96 999.00 0.01 0.29 0.37 -1 -1
Result 1 1.0 1000 0.46 0.22 0.19 0.20 0.20 0.19 -1 -1 -1 -1 -1
Evo 928.47 0.02 1000000.21 1007.07 10.19 10.23 10.23 31606.73 998.99 0.01 0.35 0.46 -1 -1
Result 1 10.0 1000 0.48 0.19 0.23 0.21 0.19 0.19 -1 -1 -1 -1 -1
Evo 935.08 0.14 1000000.18 999.24 0.23 0.23 0.23 31606.98 999.00 0.01 0.30 0.37 -1 -1
Result 1 1.0 1000 0.46 0.21 0.20 0.19 0.20 0.20 -1 -1 -1 -1 -1
Evo 929.64 0.19 1000000.12 999.24 0.23 0.23 0.23 31606.97 999.00 0.01 0.24 0.35 -1 -1
Result 1 1.0 1000 0.45 0.21 0.19 0.21 0.20 0.19 -1 -1 -1 -1 -1
Evo 944.64 0.19 1000000.38 999.24 0.23 0.23 0.23 31606.98 999.00 0.01 0.24 0.26 -1 -1
Result 1 1.0 1000 0.47 0.19 0.20 0.19 0.20 0.22 -1 -1 -1 -1 -1
Evo 939.15 0.16 1000000.31 999.24 0.23 0.23 0.23 31606.98 999.00 0.01 0.32 0.35 -1 -1
Result 1 1.0 1000 0.47 0.23 0.21 0.18 0.19 0.19 -1 -1 -1 -1 -1
Evo 929.95 0.08 999999.87 999.24 0.23 0.23 0.23 31606.97 999.00 0.01 0.32 0.38 -1 -1
Result 1 1.0 1000 0.47 0.20 0.20 0.21 0.19 0.21 -1 -1 -1 -1 -1
Evo 938.68 -0.06 1000000.23 999.24 0.23 0.23 0.23 31606.98 999.00 0.01 0.20 0.23 -1 -1
Result 1 1.0 1000 0.48 0.20 0.22 0.18 0.19 0.21 -1 -1 -1 -1 -1
Evo 936.74 0.19 1000000.43 999.24 0.23 0.23 0.23 31606.98 999.00 0.01 0.15 0.20 -1 -1
Result 1 1.0 1000 0.48 0.18 0.22 0.21 0.18 0.21 -1 -1 -1 -1 -1
Evo 948.06 0.16 1000000.64 999.24 0.23 0.23 0.23 31606.99 999.00 0.01 0.30 0.34 -1 -1
Result 1 1.0 1000 0.46 0.20 0.19 0.17 0.23 0.21 -1 -1 -1 -1 -1
Evo 944.15 0.16 999999.98 999.24 0.23 0.23 0.23 31606.97 999.00 0.01 0.25 0.27 -1 -1
Result 1 1.0 1000 0.46 0.21 0.20 0.19 0.19 0.22 -1 -1 -1 -1 -1
Evo 945.78 0.15 1000000.07 999.24 0.23 0.23 0.23 31606.97 999.00 0.01 0.23 0.26 -1 -1
Result 1 1.0 1000 0.47 0.21 0.20 0.17 0.19 0.22 -1 -1 -1 -1 -1
Evo 929.29 0.10 1000000.67 1004.46 0.23 10.19 10.23 31606.83 999.00 0.01 0.28 0.36 -1 -1
Result 1 10.0 1000 0.50 0.18 0.25 0.19 0.18 0.20 -1 -1 -1 -1 -1
Evo 940.63 0.04 1000000.32 999.23 0.23 0.23 0.23 31606.98 999.00 0.01 0.35 0.43 -1 -1
Result 1 1.0 1000 0.46 0.21 0.19 0.20 0.21 0.20 -1 -1 -1 -1 -1
Evo 935.90 0.16 1000000.10 999.24 0.23 0.23 0.23 31606.97 999.00 0.01 0.35 0.46 -1 -1
Result 1 1.0 1000 0.47 0.20 0.21 0.21 0.21 0.17 -1 -1 -1 -1 -1
Evo 935.45 0.04 1000000.26 999.23 0.21 0.23 0.23 31606.98 999.00 0.01 0.40 0.51 -1 -1
Result 1 1.0 1000 0.46 0.20 0.20 0.20 0.20 0.21 -1 -1 -1 -1 -1
Evo 918.18 0.06 1000000.23 999.24 0.23 0.23 0.23 31606.98 999.00 0.01 0.37 0.48 -1 -1
Result 1 1.0 1000 0.46 0.19 0.19 0.20 0.21 0.21 -1 -1 -1 -1 -1
Evo 940.04 0.06 1000000.21 999.24 0.23 0.23 0.23 31606.98 999.00 0.01 0.26 0.31 -1 -1
Result 1 1.0 1000 0.43 0.20 0.17 0.20 0.21 0.22 -1 -1 -1 -1 -1
Evo 932.92 0.16 1000000.33 1001.62 0.23 0.23 0.45 31606.90 999.00 0.01 0.38 0.48 -1 -1
Result 1 10.0 1000 0.44 0.21 0.18 0.20 0.20 0.21 -1 -1 -1 -1 -1
Evo 935.87 0.12 1000000.49 999.23 0.21 0.23 0.23 31606.99 999.00 0.01 0.41 0.50 -1 -1
Result 1 1.0 1000 0.46 0.18 0.19 0.22 0.19 0.22 -1 -1 -1 -1 -1
Evo 928.51 0.18 999999.99 999.24 0.23 0.23 0.23 31606.97 999.00 0.01 0.30 0.37 -1 -1
Result 1 1.0 1000 0.46 0.22 0.20 0.20 0.19 0.19 -1 -1 -1 -1 -1
Evo 947.39 0.10 1000000.14 999.23 0.21 0.23 0.23 31606.97 999.00 0.01 0.31 0.39 -1 -1
Result 1 1.0 1000 0.49 0.19 0.23 0.20 0.19 0.20 -1 -1 -1 -1 -1
Evo 912.14 -0.12 1000000.57 999.24 0.23 0.23 0.23 31606.99 999.00 0.01 0.39 0.50 -1 -1
Result 1 1.0 1000 0.46 0.19 0.19 0.22 0.20 0.20 -1 -1 -1 -1 -1
Evo 952.03 -0.02 1000000.36 999.23 0.23 0.23 0.23 31606.98 999.00 0.01 0.25 0.28 -1 -1
Result 1 1.0 1000 0.45 0.20 0.19 0.20 0.18 0.23 -1 -1 -1 -1 -1
Evo 946.93 0.16 1000000.00 1002.51 0.23 0.23 10.23 31606.87 999.00 0.01 0.24 0.32 -1 -1
Result 1 10.0 1000 0.47 0.19 0.21 0.21 0.17 0.21 -1 -1 -1 -1 -1
Evo 930.66 -0.01 999999.90 999.24 0.23 0.23 0.23 31606.97 999.00 0.01 0.20 0.23 -1 -1
Result 1 1.0 1000 0.47 0.20 0.21 0.19 0.17 0.23 -1 -1 -1 -1 -1
Evo 935.23 0.17 999999.86 999.24 0.23 0.23 0.23 31606.97 999.00 0.01 0.22 0.26 -1 -1
Result 1 1.0 1000 0.48 0.19 0.21 0.20 0.18 0.22 -1 -1 -1 -1 -1
Evo 949.80 0.11 999999.91 999.23 0.21 0.23 0.23 31606.97 999.00 0.01 0.20 0.23 -1 -1
Result 1 1.0 1000 0.46 0.20 0.20 0.18 0.19 0.24 -1 -1 -1 -1 -1
Evo 924.67 -0.08 1000000.19 999.24 0.23 0.23 0.23 31606.98 999.00 0.01 0.25 0.29 -1 -1
Result 1 1.0 1000 0.49 0.19 0.23 0.20 0.19 0.19 -1 -1 -1 -1 -1
Evo 920.39 -0.07 1000000.57 999.24 0.23 0.23 0.23 31606.99 999.00 0.01 0.26 0.29 -1 -1
Result 1 1.0 1000 0.47 0.18 0.21 0.20 0.19 0.22 -1 -1 -1 -1 -1
