Evo 948.44 -8.84 4.25 -0.46 -2.75 0.31 1.25 3.07 0.10 0.01 0.25 0.30 -1 -1
Result 0 -10.0 1027 0.41 0.19 0.16 0.15 0.17 0.16 0.17 -1 -1 -1 -1
Evo 845.25 -9.77 0.93 -3.25 -6.75 -2.75 -0.75 3.24 0.11 0.01 0.16 0.18 -1 -1
Result 0 -10.0 949 0.45 0.17 0.17 0.18 0.16 0.15 0.17 -1 -1 -1 -1
Evo 892.97 -12.75 0.96 -3.95 -5.75 -3.75 0.25 3.93 0.13 0.01 0.18 0.21 -1 -1
Result 0 -14.0 893 0.44 0.16 0.17 0.17 0.16 0.14 0.20 -1 -1 -1 -1
Evo 913.98 -999999.29 1.25 -1009.86 -4.77 -2.75 0.25 31733.93 1007.05 0.01 0.27 0.32 -1 -1
Result 0 -9.0 992 0.45 0.17 0.16 0.19 0.16 0.15 0.17 -1 -1 -1 -1
Evo 855.76 -11.75 0.90 -4.84 -9.75 -2.75 -2.04 4.20 0.14 0.01 0.21 0.24 -1 -1
Result 0 -10.0 957 0.44 0.19 0.15 0.18 0.16 0.17 0.16 -1 -1 -1 -1
Evo 918.16 -999999.52 0.98 -972.34 -6.75 -4.75 -1.75 31113.42 968.05 0.01 0.32 0.45 -1 -1
Result 0 -9.0 1032 0.40 0.17 0.18 0.14 0.15 0.18 0.18 -1 -1 -1 -1
Evo 873.74 -11.77 1.25 -4.01 -9.75 -2.75 0.62 4.97 0.16 0.01 0.30 0.34 -1 -1
Result 0 -13.0 997 0.44 0.17 0.17 0.18 0.16 0.17 0.16 -1 -1 -1 -1
Evo 908.17 -9.84 2.25 -3.45 -7.75 -2.75 0.25 3.87 0.11 0.01 0.39 0.48 -1 -1
Result 0 -11.0 1235 0.41 0.15 0.18 0.15 0.17 0.19 0.16 -1 -1 -1 -1
Evo 929.35 -9.77 3.25 -1.70 -5.75 0.25 1.25 3.93 0.12 0.01 0.40 0.49 -1 -1
Result 0 -8.0 1117 0.42 0.17 0.17 0.16 0.16 0.18 0.17 -1 -1 -1 -1
Evo 887.27 -14.77 0.90 -5.83 -12.75 -3.75 -1.75 5.46 0.17 0.01 0.35 0.43 -1 -1
Result 0 -15.0 993 0.43 0.17 0.18 0.17 0.15 0.16 0.17 -1 -1 -1 -1
Evo 890.25 -1000000.14 0.90 -974.74 -8.75 -2.77 -1.75 31143.59 969.93 0.01 0.39 0.48 -1 -1
Result 0 -12.0 1030 0.40 0.17 0.17 0.15 0.17 0.17 0.18 -1 -1 -1 -1
Evo 917.93 -11.77 0.90 -5.27 -9.75 -3.75 -1.75 4.32 0.14 0.01 0.35 0.44 -1 -1
Result 0 -12.0 1005 0.40 0.18 0.17 0.14 0.15 0.16 0.20 -1 -1 -1 -1
Evo 897.61 -999999.89 0.90 -951.95 -11.77 -4.75 -1.75 30758.13 946.07 0.01 0.34 0.45 -1 -1
Result 0 -15.0 1056 0.41 0.15 0.17 0.15 0.18 0.16 0.20 -1 -1 -1 -1
Evo 870.76 -13.75 0.90 -4.85 -11.75 -0.77 -0.75 5.42 0.17 0.01 0.22 0.25 -1 -1
Result 0 -14.0 1061 0.45 0.19 0.17 0.18 0.15 0.17 0.15 -1 -1 -1 -1
Evo 926.12 -999999.94 4.25 -804.24 -4.75 0.25 2.25 28340.98 803.21 0.01 0.41 0.48 -1 -1
Result 0 -7.0 1244 0.41 0.20 0.16 0.15 0.15 0.16 0.17 -1 -1 -1 -1
Evo 882.40 -999999.97 0.90 -963.34 -8.75 -3.75 -1.75 30963.91 958.77 0.01 0.25 0.29 -1 -1
Result 0 -11.0 1042 0.46 0.19 0.15 0.19 0.16 0.17 0.15 -1 -1 -1 -1
Evo 870.55 -999999.72 0.90 -1022.81 -11.75 -2.75 -1.75 31894.86 1017.29 0.01 0.20 0.23 -1 -1
Result 0 -14.0 982 0.46 0.15 0.16 0.20 0.16 0.18 0.15 -1 -1 -1 -1
Evo 905.71 -7.75 0.90 -3.38 -4.75 -3.75 -1.75 2.24 0.06 0.01 0.31 0.37 -1 -1
Result 0 -9.0 1215 0.42 0.16 0.15 0.16 0.17 0.17 0.19 -1 -1 -1 -1
Evo 913.59 -14.84 1.00 -3.07 -4.75 -0.75 0.25 4.74 0.16 0.01 0.29 0.37 -1 -1
Result 0 -14.0 863 0.44 0.17 0.16 0.17 0.17 0.14 0.18 -1 -1 -1 -1
Evo 904.68 -11.84 0.90 -4.93 -8.75 -4.75 -0.75 4.20 0.14 0.01 0.27 0.31 -1 -1
Result 0 -13.0 855 0.43 0.18 0.16 0.17 0.16 0.17 0.17 -1 -1 -1 -1
Evo 930.05 -6.75 3.25 -0.96 -2.75 0.25 0.96 2.75 0.08 0.01 0.38 0.45 -1 -1
Result 0 -7.0 1305 0.43 0.18 0.15 0.17 0.17 0.17 0.15 -1 -1 -1 -1
Evo 895.32 -999999.57 0.72 -1050.15 -4.75 -3.75 0.25 32359.13 1047.12 0.01 0.26 0.35 -1 -1
Result 0 -12.0 954 0.41 0.18 0.16 0.15 0.17 0.16 0.18 -1 -1 -1 -1
Evo 897.88 -999999.64 0.85 -1118.88 -5.75 -2.75 0.25 33388.88 1114.82 0.01 0.25 0.29 -1 -1
Result 0 -15.0 896 0.44 0.20 0.14 0.17 0.14 0.16 0.19 -1 -1 -1 -1
Evo 893.34 -13.84 1.25 -4.50 -9.75 -4.75 0.25 5.06 0.16 0.01 0.27 0.31 -1 -1
Result 0 -15.0 1035 0.43 0.18 0.20 0.17 0.14 0.15 0.16 -1 -1 -1 -1
Evo 899.98 -10.88 1.25 -1.65 -3.75 0.25 1.25 3.65 0.11 0.01 0.36 0.47 -1 -1
Result 0 -9.0 1015 0.40 0.18 0.16 0.14 0.16 0.18 0.18 -1 -1 -1 -1
Evo 911.15 -1000000.07 0.75 -854.63 -9.75 -5.75 0.25 29148.06 849.61 0.01 0.28 0.30 -1 -1
Result 0 -10.0 1176 0.42 0.18 0.17 0.16 0.16 0.17 0.17 -1 -1 -1 -1
Evo 921.33 -9.77 1.25 -1.72 -2.75 0.25 0.25 3.35 0.11 0.01 0.25 0.28 -1 -1
Result 0 -11.0 983 0.45 0.17 0.17 0.18 0.15 0.17 0.16 -1 -1 -1 -1
Evo 878.52 -14.84 0.87 -4.61 -7.75 -2.75 0.25 5.45 0.19 0.01 0.22 0.25 -1 -1
Result 0 -16.0 847 0.44 0.16 0.18 0.17 0.15 0.17 0.17 -1 -1 -1 -1
Evo 882.93 -10.77 0.90 -2.74 -4.75 -1.75 0.25 3.67 0.11 0.01 0.40 0.48 -1 -1
Result 0 -12.0 1047 0.42 0.17 0.17 0.16 0.15 0.18 0.18 -1 -1 -1 -1
Evo 933.84 -999999.98 6.25 -499.53 -1.75 0.25 1.25 22355.10 499.75 0.01 0.47 0.50 -1 -1
Result 0 1.0 2000 0.44 0.15 0.16 0.17 0.17 0.18 0.17 -1 -1 -1 -1
Evo 897.08 -10.77 0.85 -4.33 -9.75 -2.75 0.25 4.39 0.13 0.01 0.24 0.28 -1 -1
Result 0 -12.0 1137 0.44 0.18 0.15 0.17 0.16 0.15 0.18 -1 -1 -1 -1
Evo 887.43 -999999.74 2.25 -947.33 -8.75 0.25 1.25 30729.15 944.28 0.01 0.31 0.38 -1 -1
Result 0 -15.0 1058 0.42 0.17 0.16 0.16 0.18 0.16 0.17 -1 -1 -1 -1
Evo 901.27 -7.77 2.25 -1.23 -1.75 0.16 1.25 2.78 0.08 0.01 0.43 0.48 -1 -1
Result 0 -9.0 1305 0.41 0.18 0.16 0.15 0.16 0.17 0.18 -1 -1 -1 -1
Evo 908.54 -15.77 0.94 -3.93 -7.75 -0.75 0.25 4.95 0.16 0.01 0.33 0.40 -1 -1
Result 0 -17.0 969 0.39 0.20 0.18 0.14 0.15 0.18 0.16 -1 -1 -1 -1
Evo 912.43 -1000000.05 2.25 -832.95 -0.75 0.25 1.25 28855.49 832.64 0.01 0.26 0.28 -1 -1
Result 0 -9.0 1200 0.43 0.17 0.17 0.17 0.16 0.16 0.17 -1 -1 -1 -1
Evo 933.62 -14.77 0.87 -6.04 -12.75 -3.75 0.25 5.67 0.16 0.01 0.27 0.33 -1 -1
Result 0 -15.0 1299 0.41 0.18 0.18 0.15 0.17 0.16 0.16 -1 -1 -1 -1
Evo 843.51 -13.75 1.25 -3.37 -4.75 -0.75 0.25 4.87 0.16 0.01 0.29 0.38 -1 -1
Result 0 -12.0 937 0.43 0.17 0.16 0.16 0.17 0.17 0.16 -1 -1 -1 -1
Evo 900.94 -13.77 0.87 -4.61 -8.75 -2.75 0.25 5.07 0.17 0.01 0.18 0.21 -1 -1
Result 0 -12.0 907 0.43 0.16 0.18 0.16 0.17 0.16 0.17 -1 -1 -1 -1
Evo 908.27 -999999.56 3.25 -748.78 -9.75 -0.75 0.25 27287.26 744.60 0.01 0.44 0.50 -1 -1
Result 0 -11.0 1342 0.42 0.19 0.15 0.16 0.15 0.18 0.16 -1 -1 -1 -1
Evo 891.44 -1000000.09 1.25 -1066.91 -2.77 0.25 1.25 32633.71 1064.96 0.01 0.35 0.44 -1 -1
Result 0 -15.0 938 0.42 0.15 0.17 0.16 0.19 0.16 0.17 -1 -1 -1 -1
Evo 900.01 -8.75 2.25 -2.10 -4.75 -0.75 0.25 3.19 0.09 0.01 0.30 0.39 -1 -1
Result 0 -8.0 1255 0.43 0.18 0.17 0.16 0.15 0.15 0.17 -1 -1 -1 -1
Evo 934.72 -999999.95 3.25 -961.80 -4.75 0.25 1.25 30993.75 960.61 0.01 0.37 0.48 -1 -1
Result 0 -14.0 1040 0.43 0.17 0.18 0.16 0.16 0.17 0.15 -1 -1 -1 -1
Evo 899.04 -999999.76 2.25 -917.29 -6.75 0.44 1.25 30247.45 914.91 0.01 0.20 0.26 -1 -1
Result 0 -15.0 1092 0.43 0.17 0.18 0.17 0.16 0.15 0.16 -1 -1 -1 -1
Evo 923.33 -10.84 1.25 -4.05 -8.75 -2.75 0.25 4.19 0.12 0.01 0.41 0.47 -1 -1
Result 0 -10.0 1177 0.43 0.17 0.18 0.16 0.15 0.17 0.17 -1 -1 -1 -1
Evo 893.74 -11.75 0.87 -2.60 -3.75 -0.75 0.25 3.72 0.11 0.01 0.30 0.35 -1 -1
Result 0 -13.0 1191 0.44 0.18 0.16 0.17 0.18 0.16 0.15 -1 -1 -1 -1
Evo 911.82 -8.77 0.90 -2.39 -4.95 -0.75 0.25 3.25 0.09 0.01 0.40 0.45 -1 -1
Result 0 -10.0 1287 0.42 0.16 0.18 0.16 0.17 0.18 0.16 -1 -1 -1 -1
Evo 904.22 -999999.35 0.90 -986.72 -1.75 -0.75 0.25 31388.17 985.22 0.01 0.33 0.42 -1 -1
Result 0 -12.0 1014 0.43 0.17 0.16 0.16 0.16 0.17 0.18 -1 -1 -1 -1
Evo 923.37 -13.75 0.87 -3.52 -8.82 0.25 0.25 4.93 0.15 0.01 0.31 0.34 -1 -1
Result 0 -13.0 1083 0.44 0.18 0.16 0.17 0.16 0.17 0.15 -1 -1 -1 -1
Evo 911.51 -1000000.04 1.25 -910.04 -7.75 -0.75 0.25 30110.00 906.62 0.01 0.15 0.17 -1 -1
Result 0 -16.0 1102 0.44 0.18 0.18 0.18 0.15 0.15 0.16 -1 -1 -1 -1
Evo 906.10 -999999.43 0.85 -984.73 -5.82 -0.75 0.25 31326.45 981.35 0.01 0.30 0.34 -1 -1
Result 0 -18.0 1018 0.42 0.16 0.18 0.16 0.17 0.16 0.17 -1 -1 -1 -1
Evo 909.93 -999999.67 1.25 -854.17 -1.75 -0.75 0.25 29197.80 852.51 0.01 0.27 0.30 -1 -1
Result 0 -11.0 1172 0.42 0.17 0.19 0.16 0.15 0.15 0.17 -1 -1 -1 -1
Evo 914.51 -999999.87 0.74 -973.54 -5.75 -0.75 0.25 31143.62 969.93 0.01 0.39 0.47 -1 -1
Result 0 -15.0 1030 0.43 0.18 0.16 0.16 0.16 0.17 0.17 -1 -1 -1 -1
Evo 947.76 -6.75 5.25 0.22 -1.75 0.25 2.25 3.37 0.09 0.01 0.35 0.41 -1 -1
Result 0 -8.0 1541 0.43 0.16 0.19 0.17 0.16 0.16 0.16 -1 -1 -1 -1
Evo 919.81 -10.75 2.25 -3.07 -7.75 0.25 0.42 4.60 0.13 0.01 0.38 0.46 -1 -1
Result 0 -11.0 1215 0.43 0.16 0.16 0.16 0.16 0.18 0.18 -1 -1 -1 -1
Evo 919.34 -999999.30 0.96 -722.88 -7.77 -0.75 0.25 26812.32 718.90 0.01 0.26 0.28 -1 -1
Result 0 -8.0 1390 0.45 0.17 0.15 0.18 0.18 0.17 0.16 -1 -1 -1 -1
Evo 917.61 -999999.43 4.25 -847.64 -0.75 0.25 1.25 29098.76 846.74 0.01 0.41 0.49 -1 -1
Result 0 -12.0 1180 0.41 0.17 0.17 0.15 0.17 0.18 0.16 -1 -1 -1 -1
Evo 912.46 -999999.62 1.25 -974.17 -10.75 0.25 0.25 31143.59 969.93 0.01 0.24 0.29 -1 -1
Result 0 -16.0 1030 0.43 0.17 0.16 0.17 0.16 0.16 0.18 -1 -1 -1 -1
Evo 895.92 -1000000.18 1.25 -973.30 -8.75 0.25 1.25 31143.63 969.93 0.01 0.25 0.30 -1 -1
Result 0 -17.0 1030 0.43 0.17 0.18 0.17 0.15 0.16 0.17 -1 -1 -1 -1
Evo 939.01 -999999.97 8.25 -499.92 -2.75 0.25 2.25 22355.09 499.75 0.01 0.23 0.26 -1 -1
Result 0 -3.0 2000 0.43 0.17 0.18 0.17 0.16 0.15 0.17 -1 -1 -1 -1
Evo 899.19 -999999.69 0.90 -984.35 -5.75 -0.75 0.25 31326.47 981.35 0.01 0.40 0.49 -1 -1
Result 0 -16.0 1018 0.43 0.17 0.16 0.16 0.17 0.15 0.18 -1 -1 -1 -1
Evo 930.89 -7.75 0.90 -4.17 -5.75 -4.75 -3.75 2.24 0.06 0.01 0.38 0.46 -1 -1
Result 0 -6.0 1401 0.42 0.17 0.15 0.16 0.16 0.18 0.18 -1 -1 -1 -1
Evo 921.66 -9.77 0.90 -4.67 -6.75 -4.75 -2.75 3.01 0.09 0.01 0.35 0.40 -1 -1
Result 0 -8.0 1215 0.42 0.16 0.17 0.16 0.17 0.17 0.17 -1 -1 -1 -1
Evo 922.87 -8.75 2.25 -1.96 -4.75 -0.75 0.25 2.81 0.07 0.01 0.27 0.30 -1 -1
Result 0 -6.0 1419 0.44 0.18 0.16 0.17 0.15 0.17 0.16 -1 -1 -1 -1
Evo 919.61 -999999.50 2.25 -688.48 -2.75 -1.75 0.25 26207.06 686.81 0.01 0.37 0.42 -1 -1
Result 0 -3.0 1455 0.43 0.17 0.16 0.17 0.16 0.16 0.18 -1 -1 -1 -1
Evo 914.75 -1000000.09 0.86 -800.96 -3.75 -2.75 -1.75 28250.31 798.08 0.01 0.40 0.48 -1 -1
Result 0 -7.0 1252 0.43 0.18 0.15 0.17 0.18 0.16 0.17 -1 -1 -1 -1
Evo 914.25 -1000000.14 0.90 -967.92 -8.75 -5.75 -2.75 31023.44 962.46 0.01 0.38 0.45 -1 -1
Result 0 -10.0 1038 0.43 0.16 0.15 0.16 0.16 0.19 0.17 -1 -1 -1 -1
Evo 879.02 -14.88 0.90 -5.42 -10.75 -3.75 -0.75 5.34 0.16 0.01 0.34 0.37 -1 -1
Result 0 -14.0 1071 0.44 0.16 0.18 0.18 0.15 0.18 0.15 -1 -1 -1 -1
Evo 898.13 -999999.93 0.90 -879.42 -7.75 -3.75 -1.77 29578.41 874.89 0.01 0.41 0.48 -1 -1
Result 0 -12.0 1142 0.41 0.20 0.18 0.15 0.15 0.17 0.15 -1 -1 -1 -1
Evo 304.31 0.24 0.74 0.43 0.31 0.31 0.55 0.14 0.01 0.07 0.06 0.15 -1 -1
Result 0 0.0 96 0.45 0.15 0.11 0.19 0.22 0.14 0.19 -1 -1 -1 -1
Evo 894.45 -999999.98 0.90 -1193.78 -7.75 -3.84 -0.75 34482.60 1189.06 0.01 0.19 0.22 -1 -1
Result 0 -16.0 840 0.44 0.16 0.19 0.17 0.14 0.16 0.18 -1 -1 -1 -1
Evo 899.05 -9.75 0.90 -4.47 -7.75 -4.75 -2.75 3.15 0.10 0.01 0.30 0.44 -1 -1
Result 0 -10.0 985 0.41 0.15 0.20 0.15 0.16 0.18 0.15 -1 -1 -1 -1
Evo 916.77 -999999.96 0.90 -702.64 -5.75 -3.75 -0.75 26434.95 698.81 0.01 0.18 0.20 -1 -1
Result 0 -8.0 1430 0.44 0.16 0.17 0.18 0.16 0.16 0.17 -1 -1 -1 -1
Evo 877.04 -13.75 0.90 -5.19 -7.75 -4.75 -0.75 4.25 0.14 0.01 0.22 0.25 -1 -1
Result 0 -13.0 861 0.43 0.15 0.17 0.17 0.18 0.16 0.17 -1 -1 -1 -1
Evo 949.30 -999999.72 5.25 -497.23 2.23 2.25 3.25 22355.14 499.75 0.01 0.46 0.49 -1 -1
Result 0 4.0 2000 0.44 0.16 0.14 0.17 0.18 0.17 0.16 -1 -1 -1 -1
Evo 876.81 -10.75 0.96 -4.11 -6.75 -3.75 -0.75 3.30 0.11 0.01 0.34 0.44 -1 -1
Result 0 -9.0 891 0.42 0.17 0.17 0.15 0.17 0.18 0.16 -1 -1 -1 -1
Evo 875.40 -9.77 1.31 -1.51 -2.75 -0.75 0.25 2.60 0.07 0.01 0.38 0.46 -1 -1
Result 0 -11.0 1373 0.42 0.16 0.18 0.16 0.16 0.17 0.17 -1 -1 -1 -1
Evo 934.83 -999999.56 6.25 -497.23 0.25 5.25 5.25 22355.14 499.75 0.01 0.33 0.42 -1 -1
Result 0 5.0 2000 0.41 0.16 0.16 0.15 0.17 0.20 0.17 -1 -1 -1 -1
Evo 918.26 -1000000.22 0.90 -830.09 -7.77 -6.75 -2.75 28712.25 824.40 0.01 0.36 0.45 -1 -1
Result 0 -8.0 1212 0.41 0.18 0.18 0.15 0.18 0.17 0.14 -1 -1 -1 -1
Evo 888.24 -999999.45 0.90 -903.98 -7.75 -5.75 -3.75 29974.35 898.47 0.01 0.42 0.48 -1 -1
Result 0 -12.0 1112 0.43 0.16 0.18 0.16 0.16 0.16 0.18 -1 -1 -1 -1
Evo 855.04 -999999.90 0.89 -1234.54 -5.75 -4.75 0.23 35071.37 1230.01 0.01 0.36 0.49 -1 -1
Result 0 -15.0 812 0.42 0.16 0.15 0.16 0.17 0.19 0.16 -1 -1 -1 -1
Evo 925.65 -1000000.00 0.95 -1045.56 -9.75 -2.75 -1.75 32257.90 1040.58 0.01 0.25 0.28 -1 -1
Result 0 -15.0 960 0.44 0.17 0.17 0.17 0.16 0.16 0.17 -1 -1 -1 -1
Evo 946.64 -3.75 5.25 1.10 -0.77 0.36 3.25 2.81 0.06 0.01 0.25 0.27 -1 -1
Result 0 -2.0 1899 0.44 0.15 0.18 0.17 0.17 0.17 0.17 -1 -1 -1 -1
Evo 897.64 -999999.43 0.91 -1177.20 -7.75 -4.75 -0.75 34239.16 1172.33 0.01 0.37 0.48 -1 -1
Result 0 -12.0 852 0.40 0.18 0.16 0.14 0.19 0.16 0.16 -1 -1 -1 -1
Evo 934.16 -999999.92 0.94 -995.85 -8.75 -2.75 -2.75 31481.27 991.08 0.01 0.34 0.41 -1 -1
Result 0 -11.0 1008 0.42 0.16 0.18 0.16 0.18 0.16 0.17 -1 -1 -1 -1
Evo 884.50 -999999.83 0.89 -1019.32 -9.75 -7.75 -2.75 31830.15 1013.16 0.01 0.34 0.37 -1 -1
Result 0 -13.0 986 0.43 0.17 0.16 0.17 0.16 0.16 0.18 -1 -1 -1 -1
Evo 893.36 -12.77 0.92 -6.65 -9.77 -7.75 -2.75 4.28 0.12 0.01 0.20 0.24 -1 -1
Result 0 -10.0 1211 0.43 0.16 0.19 0.17 0.15 0.15 0.19 -1 -1 -1 -1
Evo 911.59 -10.75 0.87 -4.62 -7.75 -4.75 -1.75 3.25 0.08 0.01 0.41 0.47 -1 -1
Result 0 -6.0 1487 0.41 0.17 0.17 0.15 0.15 0.16 0.18 -1 -1 -1 -1
Evo 910.40 -999999.79 1.25 -956.10 -6.75 -1.75 0.25 30875.28 953.29 0.01 0.22 0.24 -1 -1
Result 0 -10.0 1048 0.44 0.17 0.16 0.17 0.18 0.16 0.15 -1 -1 -1 -1
Evo 911.12 -999999.72 0.88 -812.25 -5.75 -4.75 -1.75 28432.39 808.40 0.01 0.44 0.49 -1 -1
Result 0 -9.0 1236 0.42 0.18 0.16 0.15 0.16 0.18 0.17 -1 -1 -1 -1
Evo 916.06 -999999.43 1.25 -1013.00 -7.75 -2.75 0.25 31765.90 1009.08 0.01 0.29 0.32 -1 -1
Result 0 -12.0 990 0.45 0.15 0.16 0.19 0.15 0.18 0.16 -1 -1 -1 -1
Evo 884.17 -999999.72 0.90 -917.47 -8.75 -7.75 -2.75 30192.15 911.57 0.01 0.17 0.21 -1 -1
Result 0 -10.0 1096 0.45 0.17 0.16 0.18 0.16 0.16 0.16 -1 -1 -1 -1
Evo 906.91 -7.75 3.25 -0.90 -4.75 0.25 1.25 3.32 0.10 0.01 0.32 0.36 -1 -1
Result 0 -6.0 1155 0.45 0.15 0.17 0.18 0.17 0.16 0.16 -1 -1 -1 -1
Evo 903.04 -12.75 0.91 -5.71 -9.75 -4.75 -2.75 4.43 0.14 0.01 0.24 0.27 -1 -1
Result 0 -13.0 1027 0.45 0.17 0.15 0.18 0.17 0.17 0.16 -1 -1 -1 -1
Evo 899.73 -999999.35 4.25 -1063.61 -0.75 -0.75 0.25 32599.02 1062.70 0.01 0.24 0.28 -1 -1
Result 0 -11.0 940 0.43 0.19 0.16 0.17 0.16 0.15 0.16 -1 -1 -1 -1
Evo 877.13 -14.84 0.91 -7.60 -12.82 -7.75 -2.75 5.30 0.16 0.01 0.23 0.25 -1 -1
Result 0 -15.0 1139 0.45 0.17 0.17 0.18 0.16 0.15 0.16 -1 -1 -1 -1
Evo 934.86 -11.75 4.25 -1.45 -7.75 0.61 2.25 4.90 0.15 0.01 0.34 0.41 -1 -1
Result 0 -13.0 1081 0.42 0.18 0.16 0.16 0.17 0.17 0.16 -1 -1 -1 -1
Evo 884.25 -999999.91 2.25 -963.20 -1.75 0.25 0.61 31023.58 962.46 0.01 0.36 0.46 -1 -1
Result 0 -10.0 1038 0.44 0.18 0.16 0.17 0.15 0.17 0.17 -1 -1 -1 -1
Evo 916.76 -8.77 3.23 -1.72 -4.75 0.25 1.25 3.87 0.12 0.01 0.26 0.34 -1 -1
Result 0 -10.0 1075 0.43 0.18 0.18 0.16 0.15 0.17 0.16 -1 -1 -1 -1
Evo 937.07 -6.75 3.25 -1.81 -5.75 -1.75 1.25 3.61 0.09 0.01 0.23 0.26 -1 -1
Result 0 -7.0 1673 0.44 0.17 0.17 0.18 0.17 0.16 0.16 -1 -1 -1 -1
Evo 923.40 -10.75 1.25 -4.11 -8.75 -2.75 0.25 4.14 0.12 0.01 0.36 0.44 -1 -1
Result 0 -9.0 1243 0.40 0.17 0.18 0.14 0.18 0.16 0.17 -1 -1 -1 -1
