Evo 1.02 0.00 1.00 0.40 0.00 0.00 1.00 0.49 0.03 0.45 0.26 1.78 -1 159
Result 0 -1.0 209 0.27 0.20 0.23 0.07 0.28 -1 0.21
Evo 1.02 0.00 1.00 0.87 1.00 1.00 1.00 0.29 0.02 0.46 0.17 1.00 106 139
Result 0 -1.0 209 0.28 0.03 0.17 0.08 0.26 0.08 0.39
Evo 1.04 0.00 1.00 0.59 0.50 0.50 1.00 0.27 0.03 0.51 0.12 0.75 73 65
Result 0 -3.0 110 0.35 0.03 0.12 0.11 0.34 0.16 0.24
Evo 1.03 0.00 0.50 0.29 0.00 0.50 0.50 0.25 0.02 0.45 0.24 1.36 -1 65
Result 0 -3.0 110 0.31 0.09 0.16 0.09 0.14 0.28 0.24
Evo 1.03 0.00 0.50 0.29 0.00 0.50 0.50 0.25 0.02 0.41 0.11 0.97 -1 65
Result 0 -3.0 110 0.51 0.14 0.49 -1 0.27 0.01 0.10
Evo 1.03 0.00 0.50 0.29 0.00 0.50 0.50 0.25 0.02 0.14 0.07 0.36 -1 65
Result 0 -3.0 110 0.51 0.14 0.05 0.27 0.39 0.01 0.14
Evo 1.03 0.00 0.50 0.48 0.50 0.50 0.50 0.09 0.01 0.50 0.02 0.44 -1 65
Result 0 -3.0 110 0.20 0.11 0.06 0.05 0.77 0.01 -1
Evo 1.04 0.00 0.50 0.30 0.00 0.50 0.50 0.25 0.02 0.53 0.12 0.62 -1 65
Result 0 -3.0 110 0.36 0.10 0.06 0.12 0.32 0.24 0.15
Evo 1.04 0.00 0.50 0.29 0.00 0.50 0.50 0.25 0.02 0.49 0.09 0.83 -1 65
Result 0 -3.0 110 0.33 0.48 0.19 0.10 0.06 0.05 0.13
Evo 1.05 0.00 0.50 0.29 0.00 0.50 0.50 0.25 0.02 0.41 0.19 1.27 -1 65
Result 0 -3.0 110 0.39 0.06 0.24 0.14 0.23 0.14 0.19
Evo 1.02 0.00 1.00 0.60 0.50 0.50 1.00 0.27 0.03 0.44 0.07 0.53 65 65
Result 0 -3.0 110 0.25 0.08 0.05 0.06 0.46 0.09 0.25
Evo 1.04 0.00 0.50 0.29 0.00 0.50 0.50 0.25 0.02 0.48 0.11 0.75 -1 65
Result 0 -3.0 110 0.53 0.14 0.09 0.41 0.17 0.03 0.17
Evo 1.02 0.50 1.00 0.71 0.50 0.50 1.00 0.25 0.02 0.52 0.09 0.47 65 69
Result 1 2.0 110 0.27 0.34 0.07 0.07 0.05 0.12 0.34
Evo 1.03 0.00 0.50 0.30 0.00 0.50 0.50 0.25 0.02 0.51 0.06 0.64 -1 65
Result 0 -3.0 110 0.53 0.23 0.08 0.32 0.03 -1 0.35
Evo 1.01 0.00 0.50 0.29 0.00 0.50 0.50 0.25 0.02 0.52 0.17 1.06 -1 65
Result 0 -3.0 110 0.06 0.23 0.29 0.01 0.18 0.14 0.15
Evo 1.01 0.00 0.50 0.29 0.00 0.50 0.50 0.25 0.02 0.23 0.16 1.32 -1 65
Result 0 -3.0 110 0.51 0.14 0.27 -1 0.18 0.14 0.28
Evo 1.03 0.00 0.50 0.44 0.50 0.50 0.50 0.17 0.02 0.47 0.04 0.42 -1 65
Result 0 -3.0 110 0.51 0.47 0.01 0.26 0.01 0.06 0.19
Evo 1.07 0.00 0.50 0.36 0.00 0.50 0.50 0.23 0.02 0.49 0.10 0.60 -1 65
Result 0 -3.0 110 0.49 0.05 0.03 0.52 0.06 0.14 0.20
Evo 1.01 0.00 0.50 0.29 0.00 0.50 0.50 0.25 0.02 0.35 0.15 1.12 -1 65
Result 0 -3.0 110 0.06 0.17 0.14 0.01 0.14 0.14 0.41
Evo 1.00 0.00 0.50 0.33 0.00 0.50 0.50 0.24 0.02 0.52 0.17 1.64 -1 139
Result 0 -1.0 209 0.27 0.07 0.26 0.07 0.10 0.07 0.43
Evo 1.06 0.00 0.50 0.30 0.00 0.50 0.50 0.25 0.02 0.53 0.18 0.78 -1 59
Result 0 3.0 121 0.48 0.05 0.28 0.21 0.16 0.06 0.24
Evo 1.06 0.00 0.50 0.44 0.50 0.50 0.50 0.17 0.02 0.45 0.04 0.43 -1 59
Result 0 1.0 99 0.27 0.40 0.10 0.07 0.12 0.01 0.30
Evo 1.13 0.00 0.50 0.46 0.50 0.50 0.50 0.14 0.01 0.35 0.05 0.44 -1 59
Result 0 1.0 99 0.22 0.07 0.07 0.05 0.13 0.05 0.63
Evo 1.04 0.00 0.50 0.30 0.00 0.50 0.50 0.25 0.02 0.27 0.14 1.12 -1 59
Result 0 -1.0 99 0.41 0.04 0.27 0.15 0.16 0.14 0.24
Evo 1.04 0.00 0.50 0.30 0.00 0.50 0.50 0.25 0.02 0.29 0.14 0.57 -1 59
Result 0 -1.0 99 0.52 0.10 0.29 -1 0.41 0.13 0.07
Evo 1.02 0.00 0.50 0.31 0.00 0.50 0.50 0.24 0.02 0.31 0.17 1.12 -1 82
Result 0 3.0 132 0.37 0.10 0.38 0.12 0.11 0.10 0.20
Evo 1.03 0.00 0.50 0.30 0.00 0.50 0.50 0.25 0.02 0.46 0.11 0.73 -1 59
Result 0 1.0 99 0.42 0.20 0.25 0.16 0.28 -1 0.11
Evo 1.01 0.00 0.50 0.30 0.00 0.50 0.50 0.25 0.02 0.40 0.10 0.53 -1 59
Result 0 -1.0 99 0.53 0.15 0.33 -1 0.34 0.03 0.15
Evo 1.03 0.00 1.00 0.58 0.50 0.50 1.00 0.28 0.02 0.04 0.05 0.47 110 59
Result 0 8.0 176 0.32 0.34 -1 0.10 0.03 0.26 0.27
Evo 1.06 0.00 0.50 0.30 0.00 0.50 0.50 0.25 0.02 0.42 0.08 0.73 -1 59
Result 0 -1.0 99 0.27 0.40 0.25 0.07 0.11 0.07 0.10
Evo 1.06 0.00 0.50 0.30 0.00 0.50 0.50 0.25 0.02 0.07 0.07 0.56 -1 59
Result 0 -1.0 99 0.07 0.18 0.11 0.01 0.13 0.24 0.33
Evo 1.09 0.00 0.50 0.39 0.50 0.50 0.50 0.21 0.02 0.40 0.10 0.59 -1 59
Result 0 -1.0 99 0.15 0.14 0.14 0.03 0.48 0.19 0.02
Evo 1.12 0.00 0.50 0.46 0.50 0.50 0.50 0.14 0.01 0.29 0.10 0.67 -1 59
Result 0 1.0 99 0.47 0.11 0.08 0.21 0.33 0.11 0.16
Evo 1.02 0.00 1.00 0.32 0.00 0.50 0.50 0.25 0.02 0.51 0.21 1.18 102 76
Result 0 3.0 121 0.45 0.02 0.16 0.19 0.38 0.24 0.02
Evo 1.03 0.00 0.50 0.30 0.00 0.50 0.50 0.25 0.02 0.15 0.12 0.59 -1 59
Result 0 -1.0 99 0.46 0.25 0.10 0.19 0.16 0.22 0.08
Evo 1.04 0.00 0.50 0.30 0.00 0.50 0.50 0.25 0.02 0.43 0.12 0.61 -1 59
Result 0 -1.0 99 0.46 0.29 0.19 0.20 0.30 0.01 0.01
Evo 1.04 0.00 0.50 0.33 0.00 0.50 0.50 0.24 0.02 0.11 0.08 0.50 -1 59
Result 0 -1.0 99 0.41 0.15 0.09 0.15 0.01 0.17 0.43
Evo 1.06 0.00 0.50 0.32 0.00 0.50 0.50 0.24 0.02 0.19 0.17 0.99 -1 91
Result 0 5.0 143 0.27 0.22 0.17 0.07 0.05 0.22 0.27
Evo 1.03 0.00 0.50 0.30 0.00 0.50 0.50 0.25 0.02 0.46 0.15 0.89 -1 59
Result 0 -1.0 99 0.41 0.33 0.31 0.15 0.02 -1 0.19
Evo 1.08 0.00 0.50 0.30 0.00 0.50 0.50 0.25 0.02 0.40 0.06 0.65 -1 59
Result 0 -1.0 99 0.07 0.31 0.16 0.01 0.12 0.04 0.36
Evo 1.13 0.00 1.00 0.72 0.50 0.50 1.00 0.28 0.02 0.13 0.06 0.74 68 65
Result 0 -1.0 207 0.06 0.14 0.11 0.01 0.10 -1 0.64
Evo 1.02 0.00 1.00 0.64 0.50 0.50 1.00 0.33 0.03 0.12 0.07 0.45 65 87
Result 0 -1.0 132 0.05 0.32 0.05 0.01 0.10 0.21 0.32
Evo 1.01 0.00 0.50 0.30 0.00 0.50 0.50 0.25 0.02 0.23 0.11 0.38 -1 65
Result 0 -3.0 110 0.44 0.16 0.27 0.17 0.01 0.15 0.23
Evo 1.06 0.00 1.00 0.55 0.50 0.50 0.50 0.27 0.03 0.17 0.06 0.43 56 65
Result 0 -3.0 110 0.27 0.58 0.06 0.07 0.06 0.03 0.20
Evo 1.02 0.00 0.50 0.30 0.00 0.50 0.50 0.25 0.02 0.39 0.22 1.51 -1 65
Result 0 -3.0 110 0.50 0.14 0.25 0.25 0.16 0.01 0.19
Evo 1.02 0.00 0.50 0.30 0.00 0.50 0.50 0.25 0.02 0.35 0.14 0.61 -1 65
Result 0 -3.0 110 0.51 0.27 0.06 0.28 0.14 0.24 0.01
Evo 1.01 0.00 0.50 0.29 0.00 0.50 0.50 0.25 0.02 0.33 0.13 0.66 -1 65
Result 0 -3.0 110 0.51 0.27 0.10 0.26 -1 0.26 0.11
Evo 1.01 0.00 0.50 0.35 0.00 0.50 0.50 0.23 0.02 0.06 0.29 2.34 -1 136
Result 0 -1.0 207 0.41 0.15 0.17 0.15 0.01 0.24 0.28
Evo 1.02 0.00 0.50 0.31 0.00 0.50 0.50 0.24 0.02 0.38 0.14 0.90 -1 65
Result 0 -3.0 110 0.31 0.18 0.32 0.09 0.14 0.01 0.26
Evo 1.02 0.00 0.50 0.30 0.00 0.50 0.50 0.25 0.02 0.10 0.13 0.78 -1 65
Result 0 -3.0 110 0.39 0.20 0.23 0.14 0.40 0.05 -1
Evo 1.01 0.00 0.50 0.30 0.00 0.50 0.50 0.25 0.02 0.53 0.06 0.35 -1 65
Result 0 -3.0 110 0.45 0.12 0.07 0.18 0.41 -1 0.23
Evo 1.01 0.00 0.50 0.30 0.00 0.50 0.50 0.25 0.02 0.10 0.09 0.54 -1 65
Result 0 -3.0 110 0.46 0.36 0.11 0.20 0.16 0.04 0.14
Evo 1.04 0.00 1.00 0.36 0.00 0.50 0.50 0.26 0.02 0.28 0.25 1.68 80 121
Result 0 -1.0 187 0.36 0.23 0.19 0.12 0.30 0.08 0.09
Evo 1.04 0.00 0.50 0.30 0.00 0.50 0.50 0.25 0.02 0.44 0.23 1.11 -1 65
Result 0 -3.0 110 0.33 0.15 0.47 0.10 0.05 0.10 0.13
Evo 1.01 0.00 0.50 0.43 0.50 0.50 0.50 0.17 0.02 0.48 0.06 0.32 -1 65
Result 0 -3.0 110 0.48 0.14 0.05 0.53 0.23 0.05 -1
Evo 1.01 0.00 1.00 0.63 0.50 0.50 1.00 0.39 0.03 0.17 0.05 0.47 61 149
Result 0 -1.0 194 0.07 0.13 0.01 -1 0.07 0.08 0.70
Evo 1.01 0.00 0.50 0.30 0.00 0.50 0.50 0.25 0.02 0.33 0.11 0.55 -1 65
Result 0 -3.0 110 0.47 0.19 0.27 0.21 0.14 0.15 0.04
Evo 1.00 0.00 0.50 0.34 0.00 0.50 0.50 0.23 0.01 0.03 0.10 0.56 -1 175
Result 0 -1.0 255 0.53 0.15 0.27 0.33 0.19 0.02 0.05
Evo 1.03 0.00 0.50 0.30 0.00 0.50 0.50 0.25 0.02 0.10 0.06 0.38 -1 65
Result 0 -3.0 110 0.17 0.18 0.05 0.04 0.10 0.27 0.37
Evo 1.01 0.00 0.50 0.30 0.00 0.50 0.50 0.25 0.02 0.43 0.06 0.31 -1 65
Result 0 -3.0 110 0.33 0.01 0.16 0.10 0.51 0.08 0.14
Evo 1.07 0.00 0.50 0.43 0.50 0.50 0.50 0.18 0.02 0.49 0.07 0.46 -1 33
Result 0 -2.0 81 0.50 -1 0.15 0.26 0.18 0.07 0.34
Evo 1.04 0.00 0.50 0.37 0.00 0.50 0.50 0.22 0.02 0.13 0.05 0.38 -1 31
Result 0 -2.0 81 0.28 0.02 0.07 -1 0.22 0.22 0.46
Evo 1.02 0.00 0.50 0.37 0.00 0.50 0.50 0.22 0.02 0.28 0.11 0.79 -1 31
Result 0 -2.0 81 0.53 0.11 0.17 0.34 0.37 0.01 -1
Evo 1.02 0.00 0.50 0.34 0.00 0.50 0.50 0.24 0.03 0.44 0.22 1.27 -1 32
Result 0 -2.0 81 0.44 0.05 0.60 -1 0.05 0.30 -1
Evo 1.01 0.00 0.50 0.34 0.00 0.50 0.50 0.24 0.03 0.37 0.15 1.14 -1 31
Result 0 -2.0 81 0.08 0.07 0.18 0.01 -1 0.37 0.37
Evo 1.11 0.00 0.50 0.35 0.00 0.50 0.50 0.23 0.03 0.17 0.16 0.94 -1 34
Result 0 -2.0 81 0.49 0.06 0.43 0.23 0.12 0.07 0.09
Evo 1.04 0.00 0.50 0.34 0.00 0.50 0.50 0.24 0.03 0.51 0.12 0.94 -1 31
Result 0 -2.0 81 0.33 0.30 0.33 0.10 0.11 0.12 0.04
Evo 1.12 0.00 0.50 0.34 0.00 0.50 0.50 0.24 0.03 0.25 0.17 1.17 -1 35
Result 0 -2.0 81 0.48 0.21 0.48 0.22 0.01 0.07 0.01
Evo 1.04 0.00 0.50 0.33 0.00 0.50 0.50 0.24 0.03 0.35 0.07 0.48 -1 31
Result 0 -2.0 81 0.30 0.32 0.18 0.09 -1 0.02 0.39
Evo 1.07 0.50 0.50 0.50 0.50 0.50 0.50 0.00 0.00 0.52 0.04 0.47 -1 37
Result 0 -2.0 81 0.42 0.59 0.01 0.16 0.02 0.04 0.18
Evo 1.04 0.00 0.50 0.48 0.50 0.50 0.50 0.09 0.01 0.51 0.06 0.40 -1 33
Result 0 -2.0 81 0.42 0.10 0.05 0.63 0.18 0.01 0.02
Evo 1.12 0.00 0.50 0.49 0.50 0.50 0.50 0.06 0.01 0.52 0.12 0.88 -1 33
Result 0 -2.0 81 0.42 0.06 0.17 0.16 0.38 0.05 0.18
Evo 1.05 0.00 0.50 0.35 0.00 0.50 0.50 0.23 0.03 0.50 0.10 0.77 -1 31
Result 0 -2.0 81 0.42 0.38 0.15 0.16 -1 0.24 0.07
Evo 1.17 0.00 0.50 0.48 0.50 0.50 0.50 0.09 0.01 0.50 0.06 0.45 -1 32
Result 0 -2.0 81 0.50 -1 -1 0.24 0.66 -1 0.10
Evo 1.01 0.00 0.50 0.35 0.00 0.50 0.50 0.23 0.03 0.33 0.11 1.17 -1 33
Result 0 -2.0 81 0.53 0.45 0.40 -1 0.01 0.04 0.10
Evo 1.01 0.00 0.50 0.34 0.00 0.50 0.50 0.24 0.03 0.42 0.14 1.02 -1 32
Result 0 -2.0 81 0.45 0.22 0.18 0.18 -1 0.22 0.20
Evo 1.02 0.50 1.00 0.80 0.50 1.00 1.00 0.25 0.02 0.44 0.11 0.77 70 -1
Result 1 5.0 206 0.32 0.04 0.02 0.09 0.64 0.08 0.13
Evo 1.02 0.00 1.00 0.39 0.00 0.50 0.50 0.28 0.02 0.50 0.41 2.37 65 32
Result 0 2.0 297 0.33 0.10 0.14 0.10 0.10 0.31 0.25
Evo 1.12 0.00 0.50 0.40 0.50 0.50 0.50 0.20 0.02 0.08 0.10 0.71 -1 32
Result 0 -2.0 81 0.08 0.18 0.20 0.01 0.44 0.09 0.09
Evo 1.04 0.00 0.50 0.35 0.00 0.50 0.50 0.23 0.03 0.17 0.10 0.55 -1 34
Result 0 -2.0 81 0.49 0.17 0.23 -1 0.38 0.21 0.01
Evo 1.01 0.50 1.00 0.66 0.50 0.50 1.00 0.24 0.02 0.21 0.51 3.89 156 -1
Result 1 1.0 231 0.49 0.14 0.35 0.24 0.07 0.20 0.00
Evo 1.01 0.50 1.00 0.79 0.50 1.00 1.00 0.25 0.02 0.03 0.14 0.86 65 -1
Result 1 1.0 231 0.40 0.51 0.06 0.14 0.06 0.07 0.15
Evo 1.03 0.50 1.00 0.68 0.50 0.50 1.00 0.24 0.02 0.32 0.21 1.64 118 -1
Result 1 1.0 187 0.32 0.29 0.22 0.10 0.02 0.14 0.23
Evo 1.00 0.50 1.00 0.81 0.50 1.00 1.00 0.24 0.02 0.15 0.13 0.55 78 -1
Result 1 1.0 231 0.38 0.03 0.00 0.13 0.25 0.13 0.45
Evo 1.02 0.50 1.00 0.67 0.50 0.50 1.00 0.24 0.02 0.48 0.24 1.54 121 -1
Result 1 1.0 231 0.41 0.22 0.08 0.15 0.22 0.20 0.13
Evo 1.03 0.50 1.00 0.75 0.50 0.50 1.00 0.25 0.02 0.34 0.11 0.66 74 -1
Result 1 1.0 187 0.38 0.07 0.04 0.13 0.48 0.16 0.13
Evo 1.02 0.50 1.00 0.69 0.50 0.50 1.00 0.24 0.02 0.48 0.07 0.69 76 -1
Result 1 1.0 121 0.50 0.35 0.04 0.25 -1 0.19 0.17
Evo 1.01 0.50 1.00 0.66 0.50 0.50 1.00 0.24 0.02 0.39 0.14 0.66 156 -1
Result 1 1.0 231 0.50 0.22 0.11 0.25 0.13 0.01 0.28
Evo 1.02 0.50 1.00 0.70 0.50 0.50 1.00 0.24 0.02 0.28 0.14 0.76 65 -1
Result 1 1.0 231 0.41 0.06 0.04 0.15 0.07 0.05 0.62
Evo 1.01 0.50 1.00 0.67 0.50 0.50 1.00 0.24 0.02 0.27 0.19 1.67 148 -1
Result 1 1.0 231 0.53 0.18 0.13 0.33 0.13 0.11 0.13
Evo 1.01 0.50 1.00 0.67 0.50 0.50 1.00 0.24 0.02 0.52 0.30 1.96 106 -1
Result 1 1.0 199 0.45 0.24 0.19 -1 0.08 0.30 0.20
Evo 1.01 0.50 1.00 0.67 0.50 0.50 1.00 0.24 0.02 0.13 0.21 1.13 82 -1
Result 1 1.0 201 0.28 0.15 0.10 0.07 0.16 0.16 0.35
Evo 1.01 0.50 1.00 0.81 0.50 1.00 1.00 0.24 0.02 0.03 0.18 0.93 65 -1
Result 1 1.0 231 0.41 0.06 0.13 0.15 0.38 0.15 0.13
Evo 1.02 0.50 1.00 0.75 0.50 0.50 1.00 0.25 0.02 0.09 0.08 0.60 92 -1
Result 1 1.0 199 0.09 0.21 0.04 0.02 0.49 0.10 0.16
Evo 1.01 0.50 1.00 0.66 0.50 0.50 1.00 0.24 0.02 0.27 0.17 1.65 156 -1
Result 1 1.0 231 0.50 0.18 0.09 0.26 0.06 0.20 0.20
Evo 1.03 0.50 1.00 0.67 0.50 0.50 1.00 0.24 0.02 0.15 0.24 1.22 126 -1
Result 1 1.0 231 0.27 0.34 0.10 0.07 0.06 0.23 0.19
Evo 1.02 0.50 1.00 0.67 0.50 0.50 1.00 0.24 0.02 0.35 0.15 1.32 155 -1
Result 1 1.0 231 0.32 0.28 0.13 0.09 0.16 0.04 0.30
Evo 1.02 0.50 1.00 0.66 0.50 0.50 1.00 0.24 0.02 0.36 0.39 3.26 156 -1
Result 1 1.0 231 0.49 0.22 0.17 0.23 0.16 -1 0.22
Evo 1.01 0.50 1.00 0.70 0.50 0.50 1.00 0.25 0.02 0.45 0.18 1.52 68 -1
Result 1 1.0 231 0.26 0.33 0.12 0.06 0.19 0.20 0.09
Evo 1.02 0.50 1.00 0.73 0.50 0.50 1.00 0.25 0.02 0.11 0.28 1.66 72 -1
Result 1 1.0 209 0.30 0.28 0.10 0.09 0.21 0.22 0.10