Evo 1.15 0.00 1.00 1.00 1.00 1.00 1.00 0.04 0.00 0.12 0.35 0.49 -1 2
Result 0 -4.0 1141 0.25 0.31 0.06 0.16 0.13 0.13 0.20
Evo 1.11 0.00 1.00 1.00 1.00 1.00 1.00 0.03 0.00 0.05 0.38 0.49 -1 2
Result 0 -7.0 1296 0.38 0.15 0.18 0.09 0.21 0.13 0.25
Evo 1.13 1.00 1.00 1.00 1.00 1.00 1.00 0.00 0.00 0.26 0.30 0.49 -1 131
Result 0 -9.0 1083 0.38 0.19 0.18 0.13 0.13 0.21 0.16
Evo 1.10 1.00 1.00 1.00 1.00 1.00 1.00 0.00 0.00 0.16 0.31 0.49 -1 0
Result 0 -8.0 987 0.48 0.19 0.09 0.16 0.15 0.22 0.19
Evo 1.11 0.00 1.00 1.00 1.00 1.00 1.00 0.03 0.00 0.15 0.40 0.49 -1 18
Result 0 -10.0 1165 0.45 0.20 0.16 0.09 0.18 0.15 0.22
Evo 1.10 0.00 1.00 1.00 1.00 1.00 1.00 0.03 0.00 0.01 0.34 0.49 -1 3
Result 0 -8.0 1065 0.30 0.35 0.18 0.07 0.19 0.08 0.13
Evo 1.16 1.00 1.00 1.00 1.00 1.00 1.00 0.00 0.00 0.08 0.29 0.49 -1 0
Result 0 -7.0 979 0.52 0.18 0.30 0.09 0.11 0.15 0.17
Evo 1.12 0.00 1.00 1.00 1.00 1.00 1.00 0.03 0.00 0.04 0.16 0.40 -1 2
Result 0 -11.0 854 0.22 0.22 0.36 0.08 0.08 0.05 0.20
Evo 1.16 1.00 1.00 1.00 1.00 1.00 1.00 0.00 0.00 0.45 0.30 0.49 -1 133
Result 0 -1.0 1187 0.34 0.16 0.10 0.14 0.23 0.11 0.25
Evo 1.13 1.00 1.00 1.00 1.00 1.00 1.00 0.00 0.00 0.23 0.26 0.49 -1 5
Result 0 -5.0 1663 0.45 0.21 0.17 0.06 0.19 0.19 0.19
Evo 1.12 0.00 1.00 1.00 1.00 1.00 1.00 0.03 0.00 0.14 0.37 0.49 -1 6
Result 0 -5.0 1286 0.49 0.16 0.24 0.09 0.18 0.13 0.20
Evo 1.17 0.00 1.00 0.96 1.00 1.00 1.00 0.14 0.00 0.09 0.27 0.45 1098 78
Result 0 0.0 1194 0.52 0.17 0.11 0.16 0.30 0.06 0.20
Evo 1.00 0.00 0.50 0.48 0.50 0.50 0.50 0.10 0.00 0.01 0.16 0.41 -1 3
Result 0 -14.0 806 0.28 0.27 0.08 0.17 0.05 0.03 0.40
Evo 1.02 0.00 0.50 0.48 0.50 0.50 0.50 0.09 0.00 0.16 0.21 0.49 -1 1
Result 0 -18.0 1040 0.51 0.18 0.26 0.24 0.12 0.12 0.07
Evo 1.01 0.00 0.50 0.50 0.50 0.50 0.50 0.05 0.00 0.18 0.09 0.48 -1 73
Result 0 0.0 106 0.53 0.15 -1 0.18 0.40 0.27 -1
Evo 1.00 0.00 0.50 0.48 0.50 0.50 0.50 0.09 0.00 0.31 0.19 0.49 -1 3
Result 0 -17.0 1021 0.34 0.01 0.72 0.07 0.04 0.10 0.06
Evo 1.00 0.00 0.50 0.49 0.50 0.50 0.50 0.07 0.00 0.04 0.11 0.49 -1 0
Result 0 -11.0 856 0.24 0.08 0.33 0.09 0.06 0.38 0.07
Evo 1.02 0.00 0.50 0.49 0.50 0.50 0.50 0.08 0.00 0.35 0.13 0.44 -1 0
Result 0 -17.0 1021 0.16 0.11 0.19 0.50 0.14 0.03 0.03
Evo 1.06 0.00 0.50 0.50 0.50 0.50 0.50 0.02 0.00 0.03 0.12 0.49 -1 3
Result 0 -14.0 1295 0.21 0.11 0.05 0.01 0.18 0.28 0.38
Evo 1.08 0.00 0.50 0.49 0.50 0.50 0.50 0.08 0.00 0.10 0.14 0.49 -1 0
Result 0 -11.0 1305 0.22 0.30 0.16 0.05 0.26 0.05 0.18
Evo 1.04 0.00 0.50 0.49 0.50 0.50 0.50 0.06 0.00 0.03 0.14 0.49 -1 0
Result 0 -9.0 761 0.43 0.26 0.31 0.04 0.20 0.17 0.02
Evo 1.02 0.00 0.50 0.48 0.50 0.50 0.50 0.10 0.00 0.01 0.12 0.50 -1 2
Result 0 -12.0 796 0.26 0.08 0.45 0.07 0.07 0.27 0.06
Evo 1.00 0.00 0.50 0.48 0.50 0.50 0.50 0.10 0.00 0.04 0.15 0.50 -1 137
Result 0 -12.0 801 0.53 0.14 0.34 0.06 -1 0.36 0.09
Evo 1.02 0.00 0.50 0.49 0.50 0.50 0.50 0.07 0.00 0.05 0.19 0.50 -1 2
Result 0 -12.0 801 0.44 0.29 0.02 0.23 0.16 0.17 0.14
Evo 1.02 0.00 0.50 0.50 0.50 0.50 0.50 0.02 0.00 0.19 0.22 0.50 -1 10
Result 0 -18.0 920 0.22 0.25 0.09 0.19 0.05 0.40 0.02
Evo 1.04 0.00 0.50 0.47 0.50 0.50 0.50 0.12 0.00 0.01 0.20 0.49 -1 1
Result 0 -11.0 908 0.30 0.05 0.08 0.02 0.48 0.21 0.16
Evo 1.05 0.00 0.50 0.47 0.50 0.50 0.50 0.12 0.00 0.23 0.29 0.50 -1 3
Result 0 -17.0 985 0.53 0.15 0.07 0.24 0.05 0.32 0.17
Evo 1.00 0.00 0.50 0.47 0.50 0.50 0.50 0.12 0.00 0.08 0.20 0.50 -1 3
Result 0 -6.0 561 0.42 0.05 0.16 0.22 0.04 0.45 0.08
Evo 1.00 0.00 0.50 0.49 0.50 0.50 0.50 0.08 0.00 0.03 0.09 0.49 -1 142
Result 0 -12.0 788 0.53 -1 0.21 -1 0.03 0.34 0.43
Evo 1.04 0.00 0.50 0.48 0.50 0.50 0.50 0.11 0.00 0.13 0.23 0.50 -1 2
Result 0 -18.0 920 0.10 0.11 0.21 0.09 0.02 0.07 0.50
Evo 1.01 0.00 0.50 0.50 0.50 0.50 0.50 0.03 0.00 0.10 0.19 0.50 -1 0
Result 0 -12.0 785 0.40 0.19 0.15 0.13 0.09 0.06 0.38
Evo 1.00 0.00 0.50 0.49 0.50 0.50 0.50 0.07 0.00 0.36 0.10 0.50 -1 0
Result 0 -16.0 1165 0.47 0.09 0.55 0.02 0.11 0.07 0.15
Evo 1.05 0.00 0.50 0.48 0.50 0.50 0.50 0.10 0.00 0.13 0.21 0.50 -1 0
Result 0 -15.0 987 0.52 0.21 0.31 0.19 0.12 0.11 0.05
Evo 1.00 0.00 0.50 0.48 0.50 0.50 0.50 0.11 0.00 0.11 0.08 0.48 -1 121
Result 0 -16.0 886 0.53 0.30 0.39 0.05 0.00 0.18 0.09
Evo 1.00 0.00 0.50 0.50 0.50 0.50 0.50 0.04 0.00 0.14 0.09 0.49 -1 7
Result 0 -12.0 780 0.18 0.04 0.04 -1 0.21 0.33 0.38
Evo 1.02 0.00 0.50 0.48 0.50 0.50 0.50 0.09 0.00 0.02 0.15 0.50 -1 7
Result 0 -12.0 776 0.27 0.30 0.10 0.26 0.07 0.17 0.10
Evo 1.01 0.00 0.50 0.50 0.50 0.50 0.50 0.04 0.00 0.01 0.09 0.50 -1 4
Result 0 -12.0 780 0.24 0.03 0.20 0.02 0.38 0.06 0.30
Evo 1.18 0.00 0.50 0.50 0.50 0.50 0.50 0.02 0.00 0.06 0.07 0.34 -1 1
Result 0 -1.0 425 0.18 0.17 0.46 0.06 0.21 0.04 0.06
Evo 1.00 0.00 0.50 0.47 0.50 0.50 0.50 0.12 0.00 0.07 0.08 0.48 -1 22
Result 0 -12.0 801 0.11 0.68 0.19 -1 0.02 0.06 0.04
Evo 1.04 0.00 0.50 0.49 0.50 0.50 0.50 0.08 0.00 0.14 0.14 0.50 -1 8
Result 0 -12.0 801 0.53 0.02 0.31 0.17 0.06 0.40 0.04
Evo 1.00 0.00 0.50 0.49 0.50 0.50 0.50 0.08 0.00 0.13 0.16 0.50 -1 7
Result 0 -18.0 974 0.27 0.09 0.05 0.39 0.07 0.25 0.15
Evo 1.00 0.00 0.50 0.49 0.50 0.50 0.50 0.05 0.00 0.04 0.15 0.50 -1 0
Result 0 -1.0 490 0.49 0.03 0.15 0.16 0.24 0.42 0.00
Evo 1.09 0.00 0.50 0.50 0.50 0.50 0.50 0.04 0.00 0.24 0.22 0.50 -1 28
Result 0 -17.0 1021 0.46 0.32 0.10 0.25 0.19 0.06 0.08
Evo 1.01 0.00 0.50 0.50 0.50 0.50 0.50 0.04 0.00 0.06 0.07 0.27 -1 25
Result 0 -2.0 566 0.10 0.66 0.03 0.09 0.07 0.02 0.13
Evo 1.01 0.00 0.50 0.47 0.50 0.50 0.50 0.13 0.00 0.09 0.12 0.50 -1 2
Result 0 -13.0 856 0.43 0.05 0.30 0.20 0.04 0.17 0.24
Evo 1.00 0.00 0.50 0.49 0.50 0.50 0.50 0.08 0.00 0.11 0.10 0.50 -1 7
Result 0 -17.0 966 0.44 0.08 0.60 0.07 0.02 0.05 0.18
Evo 1.00 0.00 0.50 0.50 0.50 0.50 0.50 0.03 0.00 0.01 0.16 0.50 -1 0
Result 0 -13.0 836 0.35 0.04 0.11 0.13 0.39 0.19 0.14
Evo 1.03 0.00 0.50 0.50 0.50 0.50 0.50 0.04 0.00 0.04 0.14 0.50 -1 2
Result 0 -2.0 566 0.24 0.07 0.06 0.15 0.61 0.06 0.06
Evo 1.01 0.00 0.50 0.50 0.50 0.50 0.50 0.04 0.00 0.03 0.04 0.19 -1 3
Result 0 -2.0 553 0.11 0.12 0.02 0.40 0.04 0.00 0.42
Evo 1.04 0.00 0.50 0.49 0.50 0.50 0.50 0.08 0.00 0.02 0.16 0.48 -1 0
Result 0 -17.0 1063 0.38 0.04 0.25 0.10 0.27 0.13 0.22
Evo 1.03 0.00 0.50 0.49 0.50 0.50 0.50 0.06 0.00 0.01 0.17 0.49 -1 11
Result 0 -5.0 746 0.07 0.08 0.01 0.19 0.02 0.06 0.63
Evo 1.00 0.00 0.50 0.49 0.50 0.50 0.50 0.05 0.00 0.03 0.16 0.50 -1 2
Result 0 -1.0 490 0.20 0.18 0.24 0.20 0.04 0.15 0.18
Evo 1.07 0.00 0.50 0.50 0.50 0.50 0.50 0.03 0.00 0.09 0.17 0.49 -1 1
Result 0 -2.0 580 0.17 0.17 0.06 0.04 0.62 0.04 0.07
Evo 1.00 0.00 0.50 0.49 0.50 0.50 0.50 0.08 0.00 0.15 0.25 0.50 -1 4
Result 0 -18.0 974 0.39 0.11 0.15 0.24 0.18 0.14 0.18
Evo 1.03 0.00 0.50 0.46 0.50 0.50 0.50 0.13 0.00 0.04 0.14 0.50 -1 3
Result 0 -16.0 1179 0.22 0.05 0.51 0.13 0.05 0.05 0.21
Evo 1.01 0.00 0.50 0.50 0.50 0.50 0.50 0.03 0.00 0.11 0.10 0.47 -1 0
Result 0 -15.0 891 0.45 0.02 0.70 0.03 0.18 0.06 -1
Evo 1.00 0.00 0.50 0.50 0.50 0.50 0.50 0.02 0.00 0.09 0.16 0.50 -1 4
Result 0 -1.0 490 0.52 0.03 0.16 0.15 0.11 0.45 0.10
Evo 1.00 0.00 0.50 0.48 0.50 0.50 0.50 0.09 0.00 0.09 0.11 0.49 -1 0
Result 0 -13.0 852 0.16 0.47 0.15 0.05 0.03 0.16 0.14
Evo 1.03 0.00 0.50 0.48 0.50 0.50 0.50 0.09 0.00 0.13 0.18 0.50 -1 4
Result 0 -18.0 974 0.50 0.17 0.25 0.24 0.18 0.14 0.02
Evo 1.08 0.00 0.50 0.47 0.50 0.50 0.50 0.11 0.00 0.02 0.12 0.44 -1 2
Result 0 -13.0 865 0.48 0.02 0.17 0.40 0.15 0.22 0.04
Evo 1.06 0.00 0.50 0.49 0.50 0.50 0.50 0.07 0.00 0.06 0.19 0.49 -1 15
Result 0 -4.0 515 0.39 0.01 0.33 0.17 0.29 0.14 0.07
Evo 1.01 0.00 0.50 0.50 0.50 0.50 0.50 0.03 0.00 0.03 0.10 0.40 -1 34
Result 0 -7.0 1442 0.51 0.36 0.01 0.08 0.27 0.02 0.26
Evo 1.01 0.00 0.50 0.49 0.50 0.50 0.50 0.08 0.00 0.09 0.16 0.46 -1 3
Result 0 -17.0 1074 0.53 0.12 0.33 0.35 0.05 0.02 0.13
Evo 1.01 0.00 0.50 0.47 0.50 0.50 0.50 0.13 0.00 0.08 0.19 0.49 -1 1
Result 0 -18.0 845 0.49 0.09 0.23 0.28 0.02 0.18 0.21
Evo 1.07 0.00 0.50 0.48 0.50 0.50 0.50 0.11 0.00 0.15 0.12 0.49 -1 2
Result 0 -18.0 845 0.41 0.11 0.38 0.16 0.16 0.15 0.04
Evo 1.03 0.00 0.50 0.48 0.50 0.50 0.50 0.09 0.00 0.01 0.22 0.49 -1 2
Result 0 -10.0 934 0.26 0.46 0.14 0.09 0.09 0.07 0.15
Evo 1.02 0.00 0.50 0.50 0.50 0.50 0.50 0.04 0.00 0.29 0.20 0.49 -1 45
Result 0 -2.0 461 0.19 0.00 0.23 0.07 0.04 0.18 0.47
Evo 1.05 0.00 0.50 0.50 0.50 0.50 0.50 0.05 0.00 0.08 0.17 0.49 -1 0
Result 0 -4.0 515 0.50 0.09 0.18 0.26 0.09 0.25 0.14
Evo 1.03 0.00 0.50 0.48 0.50 0.50 0.50 0.10 0.00 0.07 0.20 0.49 -1 1
Result 0 -16.0 946 0.30 0.05 0.61 0.06 0.09 0.09 0.11
Evo 1.00 0.00 0.50 0.49 0.50 0.50 0.50 0.07 0.00 0.25 0.03 0.18 -1 0
Result 0 -7.0 633 0.33 0.28 0.33 0.08 0.10 -1 0.21
Evo 1.02 0.00 0.50 0.49 0.50 0.50 0.50 0.06 0.00 0.10 0.12 0.49 -1 10
Result 0 -18.0 845 0.17 0.20 0.50 0.06 0.15 0.03 0.05
Evo 1.07 0.00 0.50 0.48 0.50 0.50 0.50 0.09 0.00 0.01 0.19 0.49 -1 11
Result 0 -7.0 650 0.38 0.11 0.09 0.13 0.13 0.10 0.44
Evo 1.00 0.00 0.50 0.48 0.50 0.50 0.50 0.09 0.00 0.21 0.03 0.22 -1 0
Result 0 -7.0 646 0.01 0.07 0.12 0.50 0.15 0.00 0.15
Evo 1.01 0.00 0.50 0.50 0.50 0.50 0.50 0.02 0.00 0.08 0.12 0.49 -1 2
Result 0 -1.0 405 0.43 0.08 0.17 0.22 0.07 0.12 0.35
Evo 1.03 0.00 0.50 0.50 0.50 0.50 0.50 0.05 0.00 0.08 0.12 0.44 -1 50
Result 0 -18.0 845 0.14 0.23 0.41 0.25 0.03 0.04 0.05
Evo 1.02 0.00 0.50 0.49 0.50 0.50 0.50 0.07 0.00 0.14 0.14 0.49 -1 13
Result 0 -18.0 845 0.49 0.05 0.18 0.22 0.01 0.23 0.31
Evo 1.02 0.00 0.50 0.49 0.50 0.50 0.50 0.09 0.00 0.07 0.19 0.49 -1 1
Result 0 -12.0 836 0.49 0.31 0.24 0.07 0.11 0.16 0.12
Evo 1.04 0.00 0.50 0.50 0.50 0.50 0.50 0.05 0.00 0.09 0.12 0.27 -1 3
Result 0 -5.0 726 0.53 0.32 0.32 0.13 0.06 0.02 0.15
Evo 1.07 0.00 0.50 0.49 0.50 0.50 0.50 0.05 0.00 0.01 0.20 0.49 -1 16
Result 0 -9.0 755 0.28 0.13 0.08 0.10 0.04 0.54 0.12
Evo 1.00 0.00 0.50 0.49 0.50 0.50 0.50 0.08 0.00 0.17 0.13 0.49 -1 3
Result 0 -13.0 1100 0.20 0.06 0.04 0.01 0.18 0.09 0.62
Evo 1.06 0.00 0.50 0.48 0.50 0.50 0.50 0.10 0.00 0.10 0.21 0.49 -1 11
Result 0 -17.0 981 0.24 0.11 0.34 0.27 0.06 0.21 0.02
Evo 1.00 0.00 0.50 0.49 0.50 0.50 0.50 0.08 0.00 0.03 0.17 0.49 -1 19
Result 0 -13.0 869 0.41 0.20 0.10 0.11 0.05 0.15 0.39
Evo 1.00 0.00 0.50 0.50 0.50 0.50 0.50 0.02 0.00 0.09 0.16 0.49 -1 0
Result 0 0.0 511 0.41 0.35 0.27 0.05 0.15 0.09 0.09
Evo 1.04 0.00 0.50 0.49 0.50 0.50 0.50 0.08 0.00 0.16 0.06 0.37 -1 4
Result 0 -16.0 895 0.52 0.11 0.44 0.24 0.11 0.02 0.07
Evo 1.01 0.00 0.50 0.49 0.50 0.50 0.50 0.06 0.00 0.01 0.17 0.49 -1 7
Result 0 -13.0 1152 0.24 0.05 0.17 0.12 0.06 0.07 0.53
Evo 1.01 0.00 0.50 0.48 0.50 0.50 0.50 0.11 0.00 0.08 0.16 0.49 -1 9
Result 0 -18.0 928 0.06 0.62 0.13 0.10 0.01 0.03 0.12
Evo 1.11 0.00 0.50 0.49 0.50 0.50 0.50 0.06 0.00 0.34 0.14 0.49 -1 3
Result 0 -6.0 835 0.41 0.06 0.15 0.05 0.33 0.26 0.15
Evo 1.01 0.00 0.50 0.46 0.50 0.50 0.50 0.13 0.00 0.15 0.14 0.49 -1 4
Result 0 -16.0 1035 0.48 0.16 0.19 0.06 0.07 0.22 0.30
Evo 1.02 0.00 0.50 0.50 0.50 0.50 0.50 0.03 0.00 0.06 0.10 0.44 -1 41
Result 0 -6.0 1445 0.53 0.00 0.08 0.13 0.41 0.01 0.36
Evo 1.02 0.00 0.50 0.49 0.50 0.50 0.50 0.06 0.00 0.11 0.19 0.49 -1 6
Result 0 -18.0 928 0.15 0.53 0.04 0.06 0.18 0.03 0.17
Evo 1.01 0.00 0.50 0.49 0.50 0.50 0.50 0.07 0.00 0.02 0.13 0.49 -1 0
Result 0 -9.0 756 0.24 0.23 0.22 0.03 0.06 0.18 0.28
Evo 1.00 0.00 0.50 0.49 0.50 0.50 0.50 0.06 0.00 0.03 0.15 0.49 -1 5
Result 0 -17.0 936 0.53 0.01 0.14 0.07 0.32 0.41 0.05
Evo 1.01 0.00 0.50 0.49 0.50 0.50 0.50 0.08 0.00 0.07 0.15 0.49 -1 5
Result 0 -18.0 928 0.15 0.15 0.31 0.15 0.03 0.28 0.09
Evo 1.02 0.00 0.50 0.48 0.50 0.50 0.50 0.09 0.00 0.01 0.24 0.49 -1 2
Result 0 -4.0 1320 0.53 0.16 0.35 0.07 0.13 0.18 0.11
Evo 1.01 0.00 0.50 0.49 0.50 0.50 0.50 0.05 0.00 0.05 0.12 0.49 -1 1
Result 0 -13.0 886 0.49 0.28 0.32 0.13 0.01 0.24 0.02
Evo 1.05 0.00 0.50 0.49 0.50 0.50 0.50 0.06 0.00 0.04 0.22 0.49 -1 6
Result 0 -15.0 1060 0.17 0.33 0.04 0.13 0.15 0.24 0.11
Evo 1.07 0.00 0.50 0.49 0.50 0.50 0.50 0.05 0.00 0.05 0.20 0.49 -1 4
Result 0 -16.0 906 0.20 0.48 0.21 0.03 0.05 0.13 0.09
Evo 1.00 0.00 0.50 0.47 0.50 0.50 0.50 0.12 0.00 0.04 0.11 0.49 -1 3
Result 0 -18.0 928 0.11 0.33 0.48 0.03 0.02 0.03 0.11
Evo 1.00 0.00 0.50 0.49 0.50 0.50 0.50 0.06 0.00 0.08 0.12 0.36 -1 2
Result 0 -16.0 913 0.31 0.06 0.75 0.07 0.05 0.04 0.02
Evo 1.01 0.00 0.50 0.50 0.50 0.50 0.50 0.02 0.00 0.02 0.18 0.49 -1 8
Result 0 -10.0 795 0.50 0.06 0.30 0.29 0.26 0.04 0.06