Evo 1.02 0.00 1.00 0.97 1.00 1.00 1.00 0.17 0.00 0.01 0.44 0.60 -1 1944
Result 0 15.0 2000 0.46 0.08 0.14 0.20 0.57 0.01 -1 -1 -1 -1 -1
Evo 1.03 0.00 1.00 0.97 1.00 1.00 1.00 0.17 0.00 0.06 0.27 0.60 -1 1944
Result 0 12.0 2000 0.38 0.39 0.11 0.13 0.35 0.01 -1 -1 -1 -1 -1
Evo 1.02 0.00 1.00 0.97 1.00 1.00 1.00 0.17 0.00 0.03 0.19 0.60 -1 1944
Result 0 2.0 2000 0.41 0.40 0.16 0.15 0.29 0.00 -1 -1 -1 -1 -1
Evo 1.01 0.00 1.00 0.97 1.00 1.00 1.00 0.17 0.00 0.19 0.21 0.60 -1 1944
Result 0 5.0 2000 0.34 0.56 0.17 0.10 0.17 0.00 -1 -1 -1 -1 -1
Evo 1.01 0.00 1.00 0.97 1.00 1.00 1.00 0.17 0.00 0.12 0.19 0.60 -1 1944
Result 0 1.0 2000 0.18 0.08 0.00 0.04 0.23 0.65 -1 -1 -1 -1 -1
Evo 1.05 0.00 1.00 0.97 1.00 1.00 1.00 0.17 0.00 0.14 0.26 0.60 -1 1944
Result 0 10.0 2000 0.46 0.16 0.25 0.20 0.16 0.23 -1 -1 -1 -1 -1
Evo 1.03 0.00 1.00 0.97 1.00 1.00 1.00 0.17 0.00 0.29 0.21 0.60 -1 1944
Result 0 0.0 2000 0.36 0.22 0.06 0.11 0.46 0.15 -1 -1 -1 -1 -1
Evo 1.02 0.00 1.00 0.97 1.00 1.00 1.00 0.17 0.00 0.05 0.19 0.60 -1 1944
Result 0 11.0 2000 0.42 0.72 0.08 0.16 0.05 0.00 -1 -1 -1 -1 -1
Evo 1.04 0.00 1.00 0.97 1.00 1.00 1.00 0.17 0.00 0.01 0.44 0.60 -1 1944
Result 0 17.0 2000 0.44 0.52 0.05 0.18 0.20 0.04 -1 -1 -1 -1 -1
Evo 1.06 0.00 1.00 0.97 1.00 1.00 1.00 0.17 0.00 0.01 0.42 0.60 -1 1944
Result 0 28.0 2000 0.52 0.44 0.16 0.30 0.05 0.04 -1 -1 -1 -1 -1
Evo 1.02 0.00 1.00 0.97 1.00 1.00 1.00 0.17 0.00 0.07 0.33 0.60 -1 1944
Result 0 21.0 2000 0.16 0.68 0.10 0.03 0.11 0.08 -1 -1 -1 -1 -1
Evo 1.04 0.00 1.00 0.97 1.00 1.00 1.00 0.17 0.00 0.08 0.34 0.60 -1 1944
Result 0 28.0 2000 0.39 0.10 0.66 0.13 0.00 0.10 -1 -1 -1 -1 -1
Evo 1.03 0.00 1.00 0.97 1.00 1.00 1.00 0.17 0.00 0.14 0.21 0.60 -1 1944
Result 0 22.0 2000 0.51 0.23 0.47 0.27 0.02 0.00 -1 -1 -1 -1 -1
Evo 1.03 0.00 1.00 0.97 1.00 1.00 1.00 0.17 0.00 0.09 0.32 0.60 -1 1944
Result 0 14.0 2000 0.32 0.36 0.20 0.09 0.20 0.13 -1 -1 -1 -1 -1
Evo 1.03 0.00 1.00 0.97 1.00 1.00 1.00 0.17 0.00 0.18 0.38 0.60 -1 1944
Result 0 18.0 2000 0.30 0.38 0.11 0.08 0.41 0.02 -1 -1 -1 -1 -1
Evo 1.02 0.00 1.00 0.97 1.00 1.00 1.00 0.17 0.00 0.09 0.31 0.60 -1 1944
Result 0 32.0 2000 0.21 0.35 0.34 0.05 0.12 0.14 -1 -1 -1 -1 -1
Evo 1.03 0.00 1.00 0.97 1.00 1.00 1.00 0.17 0.00 0.01 0.41 0.60 -1 1944
Result 0 11.0 2000 0.44 0.30 0.13 0.17 0.38 0.03 -1 -1 -1 -1 -1
Evo 1.02 0.00 1.00 0.97 1.00 1.00 1.00 0.17 0.00 0.42 0.31 0.60 -1 1944
Result 0 3.0 2000 0.38 0.33 0.00 0.13 0.24 0.30 -1 -1 -1 -1 -1
Evo 1.05 0.00 1.00 0.97 1.00 1.00 1.00 0.17 0.00 0.11 0.40 0.60 -1 1944
Result 0 15.0 2000 0.51 0.17 0.38 0.28 0.09 0.08 -1 -1 -1 -1 -1
Evo 1.02 0.00 1.00 0.97 1.00 1.00 1.00 0.17 0.00 0.16 0.25 0.60 -1 1944
Result 0 4.0 2000 0.24 0.80 0.06 0.06 0.00 0.08 -1 -1 -1 -1 -1
