Evo 1.00 1.00 1.00 1.00 1.00 1.00 1.00 0.00 0.00 0.00 0.10 0.38 944 -1
Result 1 1.0 1000 0.46 0.23 0.17 0.19 0.21 0.20 -1 -1 -1 -1 -1
Evo 1.00 0.00 1.00 0.06 0.00 0.00 0.00 0.23 0.01 0.01 0.10 0.35 944 -1
Result 1 1.0 1000 0.45 0.21 0.16 0.18 0.23 0.21 -1 -1 -1 -1 -1
Evo 1.00 0.00 1.00 0.06 0.00 0.00 0.00 0.23 0.01 0.24 0.11 0.35 944 -1
Result 1 1.0 1000 0.45 0.20 0.18 0.18 0.23 0.20 -1 -1 -1 -1 -1
Evo 1.00 0.00 1.00 0.25 0.00 0.00 0.50 0.30 0.01 0.11 0.16 0.61 944 564
Result 1 10.0 1000 0.47 0.23 0.15 0.20 0.22 0.20 -1 -1 -1 -1 -1
Evo 1.00 0.50 1.00 0.53 0.50 0.50 0.50 0.12 0.00 0.24 0.07 0.34 944 -1
Result 1 1.0 1000 0.44 0.21 0.17 0.17 0.22 0.22 -1 -1 -1 -1 -1
Evo 1.00 0.50 1.00 0.53 0.50 0.50 0.50 0.12 0.00 0.24 0.11 0.34 944 -1
Result 1 1.0 1000 0.45 0.24 0.18 0.19 0.19 0.20 -1 -1 -1 -1 -1
Evo 1.00 0.50 1.00 0.53 0.50 0.50 0.50 0.12 0.00 0.24 0.10 0.36 944 -1
Result 1 1.0 1000 0.47 0.21 0.15 0.20 0.21 0.22 -1 -1 -1 -1 -1
Evo 1.00 0.50 1.00 0.53 0.50 0.50 0.50 0.12 0.00 0.24 0.11 0.34 944 -1
Result 1 1.0 1000 0.45 0.20 0.18 0.19 0.21 0.22 -1 -1 -1 -1 -1
Evo 1.00 0.50 1.00 0.53 0.50 0.50 0.50 0.12 0.00 0.24 0.11 0.34 944 -1
Result 1 1.0 1000 0.45 0.20 0.19 0.18 0.22 0.21 -1 -1 -1 -1 -1
Evo 1.00 0.50 1.00 0.53 0.50 0.50 0.50 0.12 0.00 0.29 0.21 0.57 944 -1
Result 1 10.0 1000 0.46 0.25 0.18 0.20 0.20 0.17 -1 -1 -1 -1 -1
Evo 1.00 0.50 1.00 0.53 0.50 0.50 0.50 0.12 0.00 0.24 0.12 0.35 944 -1
Result 1 1.0 1000 0.46 0.21 0.15 0.20 0.23 0.22 -1 -1 -1 -1 -1
Evo 1.00 0.50 1.00 0.53 0.50 0.50 0.50 0.12 0.00 0.24 0.23 0.42 944 -1
Result 1 1.0 1000 0.45 0.21 0.20 0.18 0.21 0.20 -1 -1 -1 -1 -1
Evo 1.00 0.50 1.00 0.53 0.50 0.50 0.50 0.12 0.00 0.24 0.10 0.31 944 -1
Result 1 1.0 1000 0.44 0.21 0.18 0.17 0.22 0.22 -1 -1 -1 -1 -1
Evo 1.00 0.50 1.00 0.53 0.50 0.50 0.50 0.12 0.00 0.24 0.09 0.35 944 893
Result 1 1.0 1000 0.44 0.23 0.17 0.18 0.22 0.21 -1 -1 -1 -1 -1
Evo 1.00 0.50 1.00 0.53 0.50 0.50 0.50 0.12 0.00 0.24 0.12 0.42 944 933
Result 1 1.0 1000 0.45 0.24 0.18 0.18 0.22 0.19 -1 -1 -1 -1 -1
Evo 1.00 0.50 1.00 0.53 0.50 0.50 0.50 0.12 0.00 0.24 0.10 0.33 944 -1
Result 1 1.0 1000 0.43 0.22 0.16 0.16 0.24 0.21 -1 -1 -1 -1 -1
Evo 1.00 0.50 1.00 0.53 0.50 0.50 0.50 0.12 0.00 0.24 0.10 0.35 944 -1
Result 1 1.0 1000 0.46 0.23 0.15 0.20 0.22 0.20 -1 -1 -1 -1 -1
Evo 1.00 0.50 1.00 0.53 0.50 0.50 0.50 0.12 0.00 0.01 0.09 0.35 944 -1
Result 1 1.0 1000 0.43 0.22 0.19 0.16 0.20 0.23 -1 -1 -1 -1 -1
Evo 1.00 0.50 1.00 0.53 0.50 0.50 0.50 0.12 0.00 0.24 0.11 0.37 944 -1
Result 1 1.0 1000 0.47 0.23 0.15 0.21 0.21 0.21 -1 -1 -1 -1 -1
Evo 1.00 0.50 1.00 0.53 0.50 0.50 0.50 0.12 0.00 0.24 0.10 0.36 944 -1
Result 1 1.0 1000 0.45 0.23 0.17 0.19 0.23 0.18 -1 -1 -1 -1 -1
Evo 1.00 0.50 1.00 0.53 0.50 0.50 0.50 0.12 0.00 0.24 0.11 0.44 944 -1
Result 1 1.0 1000 0.47 0.21 0.19 0.20 0.20 0.19 -1 -1 -1 -1 -1
Evo 1.00 0.50 1.00 0.53 0.50 0.50 0.50 0.12 0.00 0.24 0.11 0.39 944 -1
Result 1 1.0 1000 0.48 0.23 0.16 0.22 0.21 0.19 -1 -1 -1 -1 -1
Evo 1.00 0.50 1.00 0.53 0.50 0.50 0.50 0.12 0.00 0.24 0.11 0.38 944 -1
Result 1 1.0 1000 0.48 0.22 0.18 0.22 0.21 0.17 -1 -1 -1 -1 -1
Evo 1.00 0.50 1.00 0.53 0.50 0.50 0.50 0.12 0.00 0.38 0.19 0.50 944 -1
Result 1 20.0 1000 0.45 0.25 0.16 0.18 0.23 0.19 -1 -1 -1 -1 -1
Evo 1.00 0.50 1.00 0.53 0.50 0.50 0.50 0.12 0.00 0.24 0.13 0.39 944 -1
Result 1 1.0 1000 0.46 0.20 0.17 0.20 0.22 0.21 -1 -1 -1 -1 -1
Evo 1.00 0.50 1.00 0.53 0.50 0.50 0.50 0.12 0.00 0.24 0.09 0.34 944 -1
Result 1 1.0 1000 0.48 0.21 0.15 0.22 0.23 0.20 -1 -1 -1 -1 -1
Evo 1.00 0.50 1.00 0.53 0.50 0.50 0.50 0.12 0.00 0.24 0.11 0.37 944 -1
Result 1 1.0 1000 0.47 0.23 0.16 0.21 0.21 0.19 -1 -1 -1 -1 -1
Evo 1.00 0.50 1.00 0.53 0.50 0.50 0.50 0.12 0.00 0.24 0.10 0.41 944 -1
Result 1 1.0 1000 0.46 0.21 0.17 0.19 0.22 0.21 -1 -1 -1 -1 -1
Evo 1.00 0.50 1.00 0.53 0.50 0.50 0.50 0.12 0.00 0.24 0.11 0.43 944 -1
Result 1 1.0 1000 0.47 0.22 0.17 0.20 0.21 0.19 -1 -1 -1 -1 -1
Evo 1.00 0.50 1.00 0.53 0.50 0.50 0.50 0.12 0.00 0.24 0.11 0.40 944 -1
Result 1 1.0 1000 0.45 0.22 0.17 0.18 0.23 0.19 -1 -1 -1 -1 -1
Evo 1.00 0.50 1.00 0.53 0.50 0.50 0.50 0.12 0.00 0.24 0.11 0.36 944 -1
Result 1 1.0 1000 0.48 0.21 0.15 0.22 0.24 0.19 -1 -1 -1 -1 -1
Evo 1.00 0.50 1.00 0.53 0.50 0.50 0.50 0.12 0.00 0.24 0.10 0.42 944 -1
Result 1 1.0 1000 0.46 0.21 0.17 0.19 0.22 0.20 -1 -1 -1 -1 -1
Evo 1.00 0.50 1.00 0.53 0.50 0.50 0.50 0.12 0.00 0.24 0.11 0.44 944 -1
Result 1 1.0 1000 0.45 0.23 0.17 0.19 0.21 0.20 -1 -1 -1 -1 -1
Evo 1.00 0.50 1.00 0.53 0.50 0.50 0.50 0.12 0.00 0.24 0.10 0.37 944 -1
Result 1 1.0 1000 0.47 0.22 0.18 0.21 0.23 0.17 -1 -1 -1 -1 -1
Evo 1.00 0.50 1.00 0.53 0.50 0.50 0.50 0.12 0.00 0.24 0.10 0.46 944 -1
Result 1 1.0 1000 0.47 0.20 0.16 0.20 0.22 0.20 -1 -1 -1 -1 -1
Evo 1.00 0.50 1.00 0.53 0.50 0.50 0.50 0.12 0.00 0.24 0.10 0.40 944 -1
Result 1 1.0 1000 0.46 0.23 0.17 0.19 0.21 0.20 -1 -1 -1 -1 -1
Evo 1.00 0.50 1.00 0.53 0.50 0.50 0.50 0.12 0.00 0.24 0.11 0.39 944 -1
Result 1 1.0 1000 0.46 0.21 0.16 0.19 0.25 0.19 -1 -1 -1 -1 -1
Evo 1.00 0.50 1.00 0.53 0.50 0.50 0.50 0.12 0.00 0.24 0.11 0.41 944 -1
Result 1 1.0 1000 0.46 0.23 0.17 0.20 0.21 0.18 -1 -1 -1 -1 -1
Evo 1.00 0.50 1.00 0.53 0.50 0.50 0.50 0.12 0.00 0.24 0.09 0.40 944 -1
Result 1 1.0 1000 0.48 0.22 0.16 0.21 0.23 0.17 -1 -1 -1 -1 -1
Evo 1.00 0.50 1.00 0.53 0.50 0.50 0.50 0.12 0.00 0.24 0.10 0.37 944 -1
Result 1 1.0 1000 0.47 0.21 0.19 0.20 0.21 0.18 -1 -1 -1 -1 -1
Evo 1.00 0.50 1.00 0.53 0.50 0.50 0.50 0.12 0.00 0.24 0.10 0.40 944 723
Result 1 1.0 1000 0.46 0.22 0.22 0.20 0.17 0.20 -1 -1 -1 -1 -1
Evo 1.00 0.50 1.00 0.53 0.50 0.50 0.50 0.12 0.00 0.24 0.11 0.46 944 22
Result 1 1.0 1000 0.48 0.21 0.21 0.21 0.15 0.22 -1 -1 -1 -1 -1
Evo 1.00 0.50 1.00 0.53 0.50 0.50 0.50 0.12 0.00 0.24 0.11 0.42 944 -1
Result 1 1.0 1000 0.48 0.19 0.21 0.21 0.17 0.20 -1 -1 -1 -1 -1
Evo 1.00 0.50 1.00 0.53 0.50 0.50 0.50 0.12 0.00 0.24 0.11 0.42 944 -1
Result 1 1.0 1000 0.47 0.24 0.21 0.20 0.17 0.18 -1 -1 -1 -1 -1
Evo 1.00 0.50 1.00 0.53 0.50 0.50 0.50 0.12 0.00 0.24 0.11 0.44 944 713
Result 1 1.0 1000 0.48 0.22 0.21 0.22 0.17 0.18 -1 -1 -1 -1 -1
Evo 1.00 0.50 1.00 0.53 0.50 0.50 0.50 0.12 0.00 0.24 0.11 0.44 944 65
Result 1 1.0 1000 0.45 0.22 0.20 0.19 0.18 0.20 -1 -1 -1 -1 -1
Evo 1.00 0.50 1.00 0.53 0.50 0.50 0.50 0.12 0.00 0.24 0.26 0.52 944 413
Result 1 1.0 1000 0.48 0.22 0.18 0.22 0.20 0.18 -1 -1 -1 -1 -1
Evo 1.00 0.50 1.00 0.53 0.50 0.50 0.50 0.12 0.00 0.24 0.10 0.42 944 727
Result 1 1.0 1000 0.46 0.23 0.23 0.19 0.15 0.19 -1 -1 -1 -1 -1
Evo 1.00 0.50 1.00 0.53 0.50 0.50 0.50 0.12 0.00 0.01 0.23 0.46 944 185
Result 1 1.0 1000 0.44 0.20 0.20 0.18 0.23 0.19 -1 -1 -1 -1 -1
Evo 1.00 0.50 1.00 0.53 0.50 0.50 0.50 0.12 0.00 0.24 0.10 0.44 944 32
Result 1 1.0 1000 0.46 0.21 0.22 0.19 0.17 0.21 -1 -1 -1 -1 -1
Evo 1.00 0.50 1.00 0.53 0.50 0.50 0.50 0.12 0.00 0.24 0.10 0.44 944 496
Result 1 1.0 1000 0.45 0.23 0.22 0.19 0.18 0.19 -1 -1 -1 -1 -1
Evo 1.00 0.50 1.00 0.53 0.50 0.50 0.50 0.12 0.00 0.01 0.09 0.42 944 61
Result 1 1.0 1000 0.46 0.21 0.23 0.19 0.17 0.20 -1 -1 -1 -1 -1
Evo 1.00 0.50 1.00 0.53 0.50 0.50 0.50 0.12 0.00 0.24 0.09 0.39 944 -1
Result 1 1.0 1000 0.47 0.20 0.23 0.21 0.16 0.20 -1 -1 -1 -1 -1
Evo 1.00 0.50 1.00 0.53 0.50 0.50 0.50 0.12 0.00 0.24 0.10 0.45 944 -1
Result 1 1.0 1000 0.46 0.22 0.23 0.20 0.16 0.19 -1 -1 -1 -1 -1
Evo 1.00 0.50 1.00 0.53 0.50 0.50 0.50 0.12 0.00 0.24 0.18 0.40 944 704
Result 1 1.0 1000 0.47 0.23 0.19 0.21 0.18 0.19 -1 -1 -1 -1 -1
Evo 1.00 0.50 1.00 0.53 0.50 0.50 0.50 0.12 0.00 0.24 0.21 0.45 944 709
Result 1 1.0 1000 0.45 0.22 0.22 0.18 0.18 0.20 -1 -1 -1 -1 -1
Evo 1.00 0.50 1.00 0.53 0.50 0.50 0.50 0.12 0.00 0.24 0.10 0.42 944 558
Result 1 1.0 1000 0.47 0.23 0.22 0.20 0.16 0.19 -1 -1 -1 -1 -1
Evo 1.00 0.50 1.00 0.53 0.50 0.50 0.50 0.12 0.00 0.24 0.09 0.43 944 391
Result 1 1.0 1000 0.46 0.25 0.19 0.20 0.17 0.20 -1 -1 -1 -1 -1
Evo 1.00 0.50 1.00 0.53 0.50 0.50 0.50 0.12 0.00 0.24 0.10 0.49 944 734
Result 1 1.0 1000 0.47 0.20 0.21 0.21 0.16 0.21 -1 -1 -1 -1 -1
Evo 1.00 0.50 1.00 0.53 0.50 0.50 0.50 0.12 0.00 0.24 0.10 0.43 944 755
Result 1 1.0 1000 0.46 0.23 0.20 0.19 0.17 0.21 -1 -1 -1 -1 -1
Evo 1.00 0.50 1.00 0.53 0.50 0.50 0.50 0.12 0.00 0.24 0.11 0.41 944 415
Result 1 1.0 1000 0.47 0.21 0.21 0.21 0.16 0.20 -1 -1 -1 -1 -1
Evo 1.00 0.50 1.00 0.53 0.50 0.50 0.50 0.12 0.00 0.48 0.18 0.59 944 119
Result 1 20.0 1000 0.47 0.21 0.20 0.21 0.17 0.20 -1 -1 -1 -1 -1
Evo 1.00 0.50 1.00 0.53 0.50 0.50 0.50 0.12 0.00 0.39 0.19 0.50 944 736
Result 1 20.0 1000 0.46 0.23 0.21 0.20 0.16 0.20 -1 -1 -1 -1 -1
Evo 1.00 0.50 1.00 0.53 0.50 0.50 0.50 0.12 0.00 0.02 0.10 0.39 944 873
Result 1 1.0 1000 0.45 0.22 0.23 0.19 0.16 0.20 -1 -1 -1 -1 -1
Evo 1.00 0.50 1.00 0.53 0.50 0.50 0.50 0.12 0.00 0.01 0.09 0.38 944 -1
Result 1 1.0 1000 0.46 0.21 0.24 0.19 0.14 0.21 -1 -1 -1 -1 -1
Evo 1.00 0.50 1.00 0.53 0.50 0.50 0.50 0.12 0.00 0.24 0.11 0.43 944 923
Result 1 1.0 1000 0.45 0.23 0.21 0.19 0.17 0.20 -1 -1 -1 -1 -1
Evo 1.00 0.50 1.00 0.53 0.50 0.50 0.50 0.12 0.00 0.45 0.13 0.38 944 202
Result 1 10.0 1000 0.46 0.20 0.22 0.19 0.16 0.22 -1 -1 -1 -1 -1
Evo 1.00 0.50 1.00 0.53 0.50 0.50 0.50 0.12 0.00 0.10 0.23 0.61 944 30
Result 1 10.0 1000 0.48 0.24 0.19 0.22 0.16 0.19 -1 -1 -1 -1 -1
Evo 1.00 0.50 1.00 0.53 0.50 0.50 0.50 0.12 0.00 0.01 0.20 0.41 944 347
Result 1 10.0 1000 0.44 0.22 0.20 0.17 0.19 0.21 -1 -1 -1 -1 -1
Evo 1.00 0.50 1.00 0.53 0.50 0.50 0.50 0.12 0.00 0.09 0.14 0.46 944 30
Result 1 10.0 1000 0.47 0.21 0.22 0.20 0.17 0.20 -1 -1 -1 -1 -1
Evo 1.00 0.50 1.00 0.53 0.50 0.50 0.50 0.12 0.00 0.48 0.12 0.42 944 156
Result 1 10.0 1000 0.45 0.21 0.21 0.18 0.17 0.22 -1 -1 -1 -1 -1
Evo 1.00 0.50 1.00 0.53 0.50 0.50 0.50 0.12 0.00 0.45 0.14 0.44 944 466
Result 1 10.0 1000 0.46 0.22 0.22 0.19 0.18 0.19 -1 -1 -1 -1 -1
Evo 1.00 0.50 1.00 0.53 0.50 0.50 0.50 0.12 0.00 0.01 0.15 0.39 944 -1
Result 1 10.0 1000 0.44 0.23 0.20 0.18 0.17 0.22 -1 -1 -1 -1 -1
Evo 1.00 0.50 1.00 0.53 0.50 0.50 0.50 0.12 0.00 0.09 0.15 0.44 944 2
Result 1 10.0 1000 0.46 0.22 0.22 0.20 0.17 0.19 -1 -1 -1 -1 -1
Evo 1.00 0.50 1.00 0.53 0.50 0.50 0.50 0.12 0.00 0.23 0.15 0.47 944 131
Result 1 10.0 1000 0.47 0.22 0.22 0.20 0.18 0.19 -1 -1 -1 -1 -1
Evo 1.00 0.50 1.00 0.53 0.50 0.50 0.50 0.12 0.00 0.48 0.12 0.39 944 443
Result 1 10.0 1000 0.44 0.23 0.23 0.18 0.15 0.21 -1 -1 -1 -1 -1
Evo 1.00 0.50 1.00 0.53 0.50 0.50 0.50 0.12 0.00 0.09 0.24 0.54 944 29
Result 1 10.0 1000 0.44 0.23 0.19 0.18 0.21 0.20 -1 -1 -1 -1 -1
Evo 1.00 0.50 1.00 0.53 0.50 0.50 0.50 0.12 0.00 0.38 0.15 0.43 944 482
Result 1 10.0 1000 0.46 0.22 0.23 0.20 0.16 0.19 -1 -1 -1 -1 -1
Evo 1.00 0.50 1.00 0.53 0.50 0.50 0.50 0.12 0.00 0.11 0.12 0.36 944 47
Result 1 10.0 1000 0.43 0.23 0.24 0.17 0.15 0.22 -1 -1 -1 -1 -1
Evo 1.00 0.50 1.00 0.53 0.50 0.50 0.50 0.12 0.00 0.47 0.16 0.50 944 759
Result 1 10.0 1000 0.46 0.22 0.22 0.20 0.17 0.18 -1 -1 -1 -1 -1
Evo 1.00 0.50 1.00 0.53 0.50 0.50 0.50 0.12 0.00 0.48 0.13 0.42 944 -1
Result 1 10.0 1000 0.45 0.24 0.23 0.19 0.17 0.17 -1 -1 -1 -1 -1
Evo 1.00 0.50 1.00 0.53 0.50 0.50 0.50 0.12 0.00 0.36 0.15 0.42 944 -1
Result 1 10.0 1000 0.45 0.23 0.21 0.18 0.18 0.20 -1 -1 -1 -1 -1
Evo 1.00 0.50 1.00 0.53 0.50 0.50 0.50 0.12 0.00 0.53 0.12 0.47 944 200
Result 1 10.0 1000 0.46 0.21 0.24 0.19 0.16 0.20 -1 -1 -1 -1 -1
Evo 1.00 0.50 1.00 0.53 0.50 0.50 0.50 0.12 0.00 0.01 0.17 0.52 944 -1
Result 1 20.0 1000 0.48 0.23 0.21 0.21 0.16 0.19 -1 -1 -1 -1 -1
Evo 1.00 0.50 1.00 0.53 0.50 0.50 0.50 0.12 0.00 0.47 0.13 0.39 944 -1
Result 1 10.0 1000 0.45 0.20 0.23 0.18 0.17 0.21 -1 -1 -1 -1 -1
Evo 1.00 0.50 1.00 0.53 0.50 0.50 0.50 0.12 0.00 0.33 0.27 0.60 944 -1
Result 1 20.0 1000 0.44 0.24 0.19 0.18 0.20 0.19 -1 -1 -1 -1 -1
Evo 1.01 0.50 1.00 0.53 0.50 0.50 0.50 0.12 0.00 0.01 0.28 0.69 944 -1
Result 1 20.0 1000 0.48 0.21 0.20 0.22 0.17 0.20 -1 -1 -1 -1 -1
Evo 1.00 0.50 1.00 0.53 0.50 0.50 0.50 0.12 0.00 0.53 0.12 0.43 944 -1
Result 1 10.0 1000 0.46 0.21 0.22 0.20 0.17 0.20 -1 -1 -1 -1 -1
Evo 1.00 0.50 1.00 0.53 0.50 0.50 0.50 0.12 0.00 0.12 0.15 0.44 944 -1
Result 1 10.0 1000 0.47 0.23 0.19 0.20 0.16 0.21 -1 -1 -1 -1 -1
Evo 1.00 0.50 1.00 0.53 0.50 0.50 0.50 0.12 0.00 0.17 0.14 0.44 944 -1
Result 1 10.0 1000 0.47 0.23 0.22 0.21 0.15 0.19 -1 -1 -1 -1 -1
Evo 1.00 0.50 1.00 0.53 0.50 0.50 0.50 0.12 0.00 0.10 0.14 0.44 944 -1
Result 1 10.0 1000 0.42 0.21 0.22 0.16 0.20 0.21 -1 -1 -1 -1 -1
Evo 1.00 0.50 1.00 0.53 0.50 0.50 0.50 0.12 0.00 0.21 0.13 0.40 944 -1
Result 1 10.0 1000 0.45 0.22 0.21 0.19 0.17 0.21 -1 -1 -1 -1 -1
Evo 1.00 0.50 1.00 0.53 0.50 0.50 0.50 0.12 0.00 0.01 0.15 0.50 944 -1
Result 1 20.0 1000 0.47 0.22 0.20 0.21 0.17 0.20 -1 -1 -1 -1 -1
Evo 1.00 0.50 1.00 0.53 0.50 0.50 0.50 0.12 0.00 0.08 0.12 0.39 944 -1
Result 1 10.0 1000 0.47 0.21 0.20 0.20 0.18 0.20 -1 -1 -1 -1 -1
Evo 1.00 0.50 1.00 0.53 0.50 0.50 0.50 0.12 0.00 0.45 0.15 0.55 944 69
Result 1 10.0 1000 0.46 0.22 0.22 0.20 0.16 0.19 -1 -1 -1 -1 -1
Evo 1.00 0.50 1.00 0.53 0.50 0.50 0.50 0.12 0.00 0.22 0.14 0.36 944 -1
Result 1 10.0 1000 0.45 0.21 0.23 0.18 0.18 0.19 -1 -1 -1 -1 -1
Evo 1.00 0.50 1.00 0.53 0.50 0.50 0.50 0.12 0.00 0.39 0.14 0.46 944 -1
Result 1 10.0 1000 0.47 0.24 0.21 0.20 0.15 0.20 -1 -1 -1 -1 -1
Evo 1.00 0.50 1.00 0.53 0.50 0.50 0.50 0.12 0.00 0.22 0.13 0.42 944 -1
Result 1 10.0 1000 0.44 0.23 0.23 0.17 0.18 0.19 -1 -1 -1 -1 -1
Evo 1.00 0.50 1.00 0.53 0.50 0.50 0.50 0.12 0.00 0.24 0.10 0.46 944 -1
Result 1 1.0 1000 0.47 0.21 0.21 0.20 0.18 0.19 -1 -1 -1 -1 -1
Evo 1.00 0.50 1.00 0.53 0.50 0.50 0.50 0.12 0.00 0.13 0.14 0.40 944 -1
Result 1 10.0 1000 0.46 0.24 0.20 0.19 0.17 0.21 -1 -1 -1 -1 -1
