Evo 1.16 0.50 1.00 0.93 1.00 1.00 1.00 0.18 0.01 0.36 0.38 0.67 278 17
Result 1 70.0 405 0.48 0.22 0.18 0.22 0.20 0.18 -1 -1 -1 -1 -1
Evo 1.16 0.00 0.50 0.50 0.50 0.50 0.50 0.04 0.00 0.31 0.36 0.67 -1 87
Result 0 68.0 385 0.50 0.25 0.17 0.20 0.18 0.22 -1 -1 -1 -1 -1
Evo 1.12 0.50 1.00 0.59 0.50 0.50 0.50 0.19 0.01 0.10 0.24 0.65 229 -1
Result 1 30.0 285 0.50 0.26 0.16 0.23 0.16 0.20 -1 -1 -1 -1 -1
Evo 1.14 0.50 1.00 0.50 0.50 0.50 0.50 0.04 0.00 0.04 0.34 0.67 376 95
Result 0 58.0 391 0.49 0.23 0.19 0.20 0.17 0.20 -1 -1 -1 -1 -1
Evo 1.21 0.50 1.00 0.58 0.50 0.50 0.50 0.18 0.01 0.09 0.37 0.67 343 63
Result 1 64.0 414 0.49 0.23 0.17 0.23 0.16 0.20 -1 -1 -1 -1 -1
Evo 1.15 0.50 1.00 0.57 0.50 0.50 0.50 0.17 0.01 0.14 0.45 0.67 491 137
Result 1 66.0 632 0.50 0.25 0.20 0.21 0.17 0.18 -1 -1 -1 -1 -1
Evo 1.16 0.50 1.00 0.58 0.50 0.50 0.50 0.18 0.01 0.02 0.39 0.67 213 127
Result 1 38.0 373 0.48 0.22 0.17 0.20 0.20 0.20 -1 -1 -1 -1 -1
Evo 1.23 0.00 0.50 0.50 0.50 0.50 0.50 0.04 0.00 0.26 0.22 0.62 -1 111
Result 0 24.0 262 0.50 0.24 0.16 0.22 0.20 0.17 -1 -1 -1 -1 -1
Evo 1.24 0.50 1.00 0.55 0.50 0.50 0.50 0.15 0.01 0.03 0.45 0.67 494 78
Result 1 56.0 566 0.49 0.23 0.18 0.21 0.18 0.20 -1 -1 -1 -1 -1
Evo 1.13 0.50 1.00 0.57 0.50 0.50 0.50 0.17 0.01 0.02 0.36 0.67 315 -1
Result 1 60.0 390 0.49 0.24 0.21 0.20 0.18 0.17 -1 -1 -1 -1 -1
Evo 1.15 0.50 1.00 0.55 0.50 0.50 0.50 0.15 0.01 0.07 0.46 0.67 448 348
Result 1 70.0 505 0.48 0.22 0.18 0.20 0.21 0.19 -1 -1 -1 -1 -1
Evo 1.12 0.50 1.00 0.64 0.50 0.50 1.00 0.22 0.01 0.14 0.39 0.67 304 206
Result 1 64.0 424 0.51 0.26 0.17 0.21 0.17 0.18 -1 -1 -1 -1 -1
Evo 1.13 0.50 1.00 0.54 0.50 0.50 0.50 0.14 0.01 0.15 0.34 0.66 247 384
Result 1 30.0 400 0.48 0.21 0.20 0.19 0.19 0.20 -1 -1 -1 -1 -1
Evo 1.65 0.00 0.50 0.47 0.50 0.50 0.50 0.13 0.01 0.09 0.10 0.60 -1 72
Result 0 8.0 132 0.51 0.28 0.18 0.20 0.15 0.19 -1 -1 -1 -1 -1
Evo 1.11 0.50 0.50 0.50 0.50 0.50 0.50 0.00 0.00 0.07 0.30 0.67 -1 117
Result 0 52.0 362 0.50 0.24 0.18 0.18 0.18 0.21 -1 -1 -1 -1 -1
Evo 1.13 0.50 1.00 0.61 0.50 0.50 0.50 0.21 0.01 0.05 0.42 0.67 425 138
Result 1 64.0 552 0.49 0.23 0.19 0.19 0.20 0.19 -1 -1 -1 -1 -1
Evo 1.18 0.50 1.00 0.56 0.50 0.50 0.50 0.16 0.01 0.14 0.41 0.67 391 57
Result 1 60.0 445 0.51 0.27 0.17 0.19 0.17 0.20 -1 -1 -1 -1 -1
Evo 1.12 0.50 1.00 0.61 0.50 0.50 0.50 0.21 0.01 0.02 0.35 0.67 275 235
Result 1 40.0 383 0.49 0.24 0.17 0.18 0.20 0.21 -1 -1 -1 -1 -1
Evo 1.13 0.50 1.00 0.58 0.50 0.50 0.50 0.18 0.01 0.02 0.41 0.67 397 186
Result 1 62.0 473 0.50 0.24 0.22 0.17 0.18 0.20 -1 -1 -1 -1 -1
Evo 1.13 0.50 1.00 0.66 0.50 0.50 1.00 0.23 0.01 0.17 0.24 0.67 187 -1
Result 1 32.0 291 0.50 0.25 0.21 0.20 0.18 0.16 -1 -1 -1 -1 -1
Evo 1.14 0.50 1.00 0.62 0.50 0.50 0.50 0.21 0.01 0.18 0.37 0.70 203 -1
Result 1 34.0 350 0.51 0.26 0.19 0.16 0.18 0.21 -1 -1 -1 -1 -1
Evo 1.10 0.50 1.00 0.59 0.50 0.50 0.50 0.19 0.01 0.15 0.43 0.70 217 -1
Result 1 34.0 490 0.47 0.21 0.18 0.21 0.18 0.22 -1 -1 -1 -1 -1
Evo 1.14 0.50 1.00 0.60 0.50 0.50 0.50 0.20 0.01 0.31 0.29 0.70 168 -1
Result 1 32.0 212 0.47 0.20 0.20 0.16 0.21 0.23 -1 -1 -1 -1 -1
Evo 1.10 0.50 1.00 0.67 0.50 0.50 1.00 0.24 0.01 0.09 0.34 0.70 195 -1
Result 1 36.0 323 0.49 0.24 0.22 0.19 0.18 0.18 -1 -1 -1 -1 -1
Evo 1.08 0.50 1.00 0.58 0.50 0.50 0.50 0.19 0.01 0.02 0.39 0.70 382 -1
Result 1 34.0 456 0.49 0.23 0.18 0.20 0.18 0.20 -1 -1 -1 -1 -1
Evo 1.18 0.50 1.00 0.65 0.50 0.50 1.00 0.23 0.01 0.29 0.26 0.69 163 -1
Result 1 32.0 262 0.48 0.22 0.19 0.17 0.20 0.21 -1 -1 -1 -1 -1
Evo 1.12 0.50 1.00 0.66 0.50 0.50 1.00 0.23 0.01 0.19 0.42 0.70 318 -1
Result 1 34.0 493 0.50 0.26 0.16 0.20 0.17 0.21 -1 -1 -1 -1 -1
Evo 1.07 0.50 1.00 0.65 0.50 0.50 1.00 0.23 0.01 0.06 0.48 0.70 493 -1
Result 1 34.0 738 0.49 0.24 0.18 0.19 0.20 0.19 -1 -1 -1 -1 -1
Evo 1.10 0.50 1.00 0.54 0.50 0.50 0.50 0.14 0.01 0.04 0.36 0.70 232 -1
Result 1 36.0 327 0.49 0.23 0.17 0.21 0.20 0.20 -1 -1 -1 -1 -1
Evo 1.14 0.50 1.00 0.69 0.50 0.50 1.00 0.24 0.01 0.15 0.35 0.70 137 -1
Result 1 34.0 330 0.49 0.24 0.19 0.18 0.19 0.21 -1 -1 -1 -1 -1
Evo 1.08 0.50 1.00 0.56 0.50 0.50 0.50 0.16 0.01 0.11 0.33 0.70 288 -1
Result 1 34.0 328 0.48 0.22 0.18 0.22 0.16 0.22 -1 -1 -1 -1 -1
Evo 1.07 0.50 1.00 0.58 0.50 0.50 0.50 0.18 0.01 0.22 0.25 0.70 184 -1
Result 1 36.0 219 0.50 0.25 0.14 0.21 0.20 0.20 -1 -1 -1 -1 -1
Evo 1.12 0.50 1.00 0.60 0.50 0.50 0.50 0.20 0.01 0.22 0.39 0.70 342 -1
Result 1 34.0 469 0.49 0.24 0.20 0.18 0.19 0.19 -1 -1 -1 -1 -1
Evo 1.03 0.50 1.00 0.68 0.50 0.50 1.00 0.24 0.01 0.14 0.30 0.70 209 -1
Result 1 32.0 328 0.48 0.22 0.18 0.20 0.16 0.25 -1 -1 -1 -1 -1
Evo 1.11 0.50 1.00 0.71 0.50 0.50 1.00 0.25 0.01 0.18 0.33 0.70 187 -1
Result 1 34.0 334 0.48 0.22 0.20 0.22 0.16 0.21 -1 -1 -1 -1 -1
Evo 1.17 0.50 1.00 0.59 0.50 0.50 0.50 0.19 0.01 0.02 0.33 0.70 310 -1
Result 1 34.0 431 0.50 0.25 0.16 0.21 0.18 0.20 -1 -1 -1 -1 -1
Evo 1.15 0.50 1.00 0.59 0.50 0.50 0.50 0.20 0.01 0.16 0.39 0.70 350 -1
Result 1 34.0 448 0.49 0.24 0.22 0.20 0.16 0.18 -1 -1 -1 -1 -1
Evo 1.08 0.50 1.00 0.57 0.50 0.50 0.50 0.17 0.01 0.09 0.50 0.70 719 -1
Result 1 32.0 835 0.49 0.23 0.19 0.19 0.19 0.19 -1 -1 -1 -1 -1
Evo 1.02 0.50 1.00 0.55 0.50 0.50 0.50 0.15 0.01 0.27 0.34 0.70 370 -1
Result 1 32.0 418 0.47 0.20 0.20 0.18 0.20 0.22 -1 -1 -1 -1 -1
Evo 1.14 0.50 1.00 0.62 0.50 0.50 0.50 0.22 0.01 0.10 0.39 0.70 336 -1
Result 1 34.0 496 0.49 0.23 0.21 0.20 0.18 0.18 -1 -1 -1 -1 -1
Evo 1.12 0.50 1.00 0.68 0.50 0.50 1.00 0.24 0.01 0.04 0.37 0.70 228 5
Result 1 48.0 425 0.49 0.24 0.17 0.22 0.17 0.20 -1 -1 -1 -1 -1
Evo 1.11 0.50 1.00 0.73 0.50 0.50 1.00 0.25 0.01 0.46 0.37 0.70 131 50
Result 1 48.0 389 0.51 0.28 0.19 0.19 0.18 0.15 -1 -1 -1 -1 -1
Evo 1.24 0.00 0.50 0.50 0.50 0.50 0.50 0.04 0.00 0.07 0.23 0.70 -1 44
Result 0 40.0 203 0.51 0.27 0.20 0.23 0.16 0.14 -1 -1 -1 -1 -1
Evo 1.16 0.50 1.00 0.73 0.50 0.50 1.00 0.25 0.01 0.06 0.32 0.70 136 9
Result 1 52.0 331 0.49 0.23 0.20 0.22 0.17 0.17 -1 -1 -1 -1 -1
Evo 1.23 0.50 0.50 0.50 0.50 0.50 0.50 0.00 0.00 0.10 0.25 0.70 -1 6
Result 0 46.0 244 0.47 0.21 0.22 0.21 0.22 0.14 -1 -1 -1 -1 -1
Evo 1.15 0.50 1.00 0.57 0.50 0.50 0.50 0.18 0.01 0.04 0.34 0.70 293 48
Result 1 52.0 343 0.50 0.25 0.18 0.24 0.15 0.18 -1 -1 -1 -1 -1
Evo 1.07 0.50 1.00 0.58 0.50 0.50 0.50 0.19 0.01 0.50 0.46 0.70 138 114
Result 1 56.0 484 0.47 0.20 0.17 0.24 0.18 0.21 -1 -1 -1 -1 -1
Evo 1.19 0.50 1.00 0.57 0.50 0.50 0.50 0.18 0.01 0.02 0.34 0.70 293 9
Result 1 62.0 346 0.51 0.27 0.16 0.21 0.16 0.20 -1 -1 -1 -1 -1
Evo 1.15 0.50 1.00 0.64 0.50 0.50 1.00 0.23 0.01 0.06 0.26 0.70 131 26
Result 1 56.0 248 0.48 0.22 0.20 0.23 0.15 0.19 -1 -1 -1 -1 -1
Evo 1.20 0.00 1.00 0.57 0.50 0.50 0.50 0.17 0.01 0.12 0.44 0.70 403 29
Result 0 52.0 523 0.50 0.26 0.19 0.19 0.19 0.18 -1 -1 -1 -1 -1
Evo 1.31 0.00 0.50 0.50 0.50 0.50 0.50 0.04 0.00 0.21 0.18 0.70 -1 72
Result 0 30.0 124 0.47 0.21 0.18 0.30 0.17 0.15 -1 -1 -1 -1 -1
Evo 1.13 0.50 1.00 0.60 0.50 0.50 0.50 0.20 0.01 0.10 0.31 0.70 196 25
Result 1 52.0 300 0.48 0.22 0.19 0.22 0.20 0.17 -1 -1 -1 -1 -1
Evo 1.25 0.00 0.50 0.50 0.50 0.50 0.50 0.04 0.00 0.05 0.20 0.70 -1 32
Result 0 30.0 143 0.50 0.26 0.17 0.26 0.19 0.13 -1 -1 -1 -1 -1
Evo 1.14 0.50 0.50 0.50 0.50 0.50 0.50 0.00 0.00 0.04 0.34 0.70 -1 41
Result 0 54.0 341 0.49 0.23 0.19 0.23 0.19 0.17 -1 -1 -1 -1 -1
Evo 1.16 0.50 1.00 0.61 0.50 0.50 0.50 0.21 0.01 0.03 0.33 0.70 228 1
Result 1 52.0 299 0.46 0.20 0.20 0.24 0.18 0.18 -1 -1 -1 -1 -1
Evo 1.16 0.50 1.00 0.61 0.50 0.50 0.50 0.21 0.01 0.06 0.28 0.70 128 7
Result 1 52.0 228 0.45 0.18 0.18 0.25 0.20 0.18 -1 -1 -1 -1 -1
Evo 1.13 0.50 1.00 0.63 0.50 0.50 1.00 0.22 0.01 0.30 0.35 0.70 227 175
Result 1 56.0 317 0.50 0.24 0.19 0.21 0.20 0.16 -1 -1 -1 -1 -1
Evo 1.17 0.50 1.00 0.57 0.50 0.50 0.50 0.17 0.01 0.06 0.44 0.70 419 17
Result 1 60.0 545 0.51 0.26 0.18 0.22 0.17 0.17 -1 -1 -1 -1 -1
Evo 1.18 0.50 1.00 0.60 0.50 0.50 0.50 0.20 0.01 0.03 0.26 0.70 228 0
Result 1 56.0 292 0.51 0.26 0.18 0.21 0.16 0.19 -1 -1 -1 -1 -1
Evo 1.17 0.50 1.00 0.55 0.50 0.50 0.50 0.15 0.01 0.51 0.40 0.70 275 16
Result 1 56.0 454 0.49 0.24 0.18 0.22 0.16 0.20 -1 -1 -1 -1 -1
Evo 1.11 0.50 1.00 0.61 0.50 0.50 0.50 0.21 0.01 0.02 0.31 0.71 252 -1
Result 1 24.0 341 0.48 0.23 0.19 0.18 0.20 0.21 -1 -1 -1 -1 -1
Evo 1.06 0.50 1.00 0.59 0.50 0.50 0.50 0.19 0.01 0.09 0.50 0.73 494 -1
Result 1 24.0 650 0.49 0.23 0.19 0.19 0.19 0.21 -1 -1 -1 -1 -1
Evo 1.12 0.50 1.00 0.63 0.50 0.50 1.00 0.22 0.01 0.33 0.27 0.72 193 -1
Result 1 22.0 264 0.48 0.22 0.20 0.20 0.17 0.22 -1 -1 -1 -1 -1
Evo 1.15 0.50 1.00 0.85 0.50 1.00 1.00 0.23 0.01 0.06 0.30 0.73 60 -1
Result 1 24.0 330 0.52 0.28 0.19 0.17 0.18 0.18 -1 -1 -1 -1 -1
Evo 1.08 0.50 1.00 0.72 0.50 0.50 1.00 0.25 0.01 0.05 0.45 0.73 84 -1
Result 1 22.0 465 0.51 0.27 0.19 0.15 0.18 0.20 -1 -1 -1 -1 -1
Evo 1.10 0.50 1.00 0.60 0.50 0.50 0.50 0.20 0.01 0.03 0.26 0.73 154 -1
Result 1 22.0 228 0.47 0.20 0.22 0.18 0.21 0.19 -1 -1 -1 -1 -1
Evo 1.12 0.50 1.00 0.75 0.50 1.00 1.00 0.25 0.02 0.09 0.23 0.71 56 -1
Result 1 22.0 129 0.44 0.18 0.20 0.21 0.18 0.23 -1 -1 -1 -1 -1
Evo 1.12 0.50 1.00 0.73 0.50 0.50 1.00 0.25 0.01 0.08 0.40 0.73 192 -1
Result 1 24.0 366 0.49 0.23 0.19 0.18 0.20 0.20 -1 -1 -1 -1 -1
Evo 1.09 0.50 1.00 0.73 0.50 0.50 1.00 0.25 0.01 0.02 0.43 0.71 190 -1
Result 1 24.0 365 0.50 0.26 0.20 0.18 0.18 0.18 -1 -1 -1 -1 -1
Evo 1.20 0.50 1.00 0.57 0.50 0.50 0.50 0.17 0.01 0.09 0.26 0.71 262 -1
Result 1 24.0 324 0.49 0.23 0.20 0.16 0.20 0.20 -1 -1 -1 -1 -1
Evo 1.07 0.50 1.00 0.60 0.50 0.50 0.50 0.20 0.01 0.08 0.40 0.73 236 -1
Result 1 24.0 501 0.49 0.23 0.20 0.19 0.18 0.20 -1 -1 -1 -1 -1
Evo 1.11 0.50 1.00 0.72 0.50 0.50 1.00 0.25 0.02 0.13 0.25 0.72 141 -1
Result 1 24.0 252 0.48 0.21 0.23 0.17 0.20 0.19 -1 -1 -1 -1 -1
Evo 1.09 0.50 1.00 0.65 0.50 0.50 1.00 0.23 0.01 0.15 0.35 0.73 160 -1
Result 1 24.0 404 0.50 0.25 0.20 0.16 0.19 0.21 -1 -1 -1 -1 -1
Evo 1.08 0.50 1.00 0.72 0.50 0.50 1.00 0.25 0.01 0.29 0.35 0.73 185 -1
Result 1 24.0 360 0.48 0.22 0.20 0.17 0.19 0.22 -1 -1 -1 -1 -1
Evo 1.09 0.50 1.00 0.73 0.50 0.50 1.00 0.25 0.01 0.02 0.39 0.73 73 -1
Result 1 24.0 417 0.48 0.22 0.20 0.21 0.16 0.21 -1 -1 -1 -1 -1
Evo 1.17 0.50 1.00 0.62 0.50 0.50 0.50 0.22 0.01 0.10 0.34 0.73 45 -1
Result 1 24.0 240 0.50 0.25 0.18 0.20 0.18 0.19 -1 -1 -1 -1 -1
Evo 1.16 0.50 1.00 0.62 0.50 0.50 0.50 0.21 0.01 0.04 0.36 0.73 305 -1
Result 1 22.0 409 0.49 0.23 0.20 0.17 0.19 0.21 -1 -1 -1 -1 -1
Evo 1.15 0.50 1.00 0.78 0.50 1.00 1.00 0.25 0.02 0.09 0.30 0.73 65 -1
Result 1 24.0 251 0.48 0.22 0.21 0.19 0.19 0.19 -1 -1 -1 -1 -1
Evo 1.23 0.50 1.00 0.65 0.50 0.50 1.00 0.23 0.02 0.34 0.23 0.73 133 -1
Result 1 24.0 188 0.49 0.24 0.21 0.17 0.21 0.17 -1 -1 -1 -1 -1
Evo 1.12 0.50 1.00 0.72 0.50 0.50 1.00 0.25 0.01 0.33 0.34 0.73 129 -1
Result 1 24.0 321 0.47 0.21 0.20 0.17 0.19 0.23 -1 -1 -1 -1 -1
Evo 1.20 0.50 1.00 0.70 0.50 0.50 1.00 0.25 0.02 0.16 0.10 0.59 42 -1
Result 1 14.0 120 0.49 0.23 0.17 0.21 0.22 0.17 -1 -1 -1 -1 -1
Evo 1.07 0.50 1.00 0.78 0.50 1.00 1.00 0.25 0.02 0.52 0.12 0.59 24 -1
Result 1 14.0 152 0.51 0.27 0.14 0.23 0.19 0.18 -1 -1 -1 -1 -1
Evo 1.08 0.50 1.00 0.90 1.00 1.00 1.00 0.20 0.02 0.40 0.13 0.57 4 -1
Result 1 14.0 90 0.50 0.25 0.11 0.23 0.25 0.15 -1 -1 -1 -1 -1
Evo 1.05 0.50 1.00 0.97 1.00 1.00 1.00 0.12 0.01 0.11 0.13 0.56 9 -1
Result 1 14.0 149 0.49 0.24 0.15 0.21 0.19 0.20 -1 -1 -1 -1 -1
Evo 1.12 0.50 1.00 0.91 1.00 1.00 1.00 0.19 0.02 0.11 0.13 0.56 17 -1
Result 1 14.0 162 0.48 0.21 0.20 0.22 0.18 0.18 -1 -1 -1 -1 -1
Evo 1.11 0.50 1.00 0.85 0.50 1.00 1.00 0.23 0.02 0.40 0.15 0.58 12 -1
Result 1 14.0 140 0.46 0.19 0.24 0.20 0.25 0.12 -1 -1 -1 -1 -1
Evo 1.04 0.50 1.00 0.65 0.50 0.50 1.00 0.23 0.01 0.04 0.25 0.57 246 -1
Result 1 14.0 356 0.49 0.23 0.18 0.19 0.20 0.20 -1 -1 -1 -1 -1
Evo 1.12 0.50 1.00 0.88 1.00 1.00 1.00 0.22 0.02 0.11 0.11 0.55 21 -1
Result 1 14.0 102 0.50 0.24 0.15 0.23 0.20 0.17 -1 -1 -1 -1 -1
Evo 1.07 0.50 1.00 0.91 1.00 1.00 1.00 0.19 0.02 0.20 0.15 0.58 27 -1
Result 1 14.0 162 0.49 0.23 0.15 0.23 0.20 0.19 -1 -1 -1 -1 -1
Evo 1.07 0.50 1.00 0.97 1.00 1.00 1.00 0.12 0.01 0.06 0.15 0.51 5 -1
Result 1 14.0 120 0.42 0.16 0.21 0.22 0.23 0.17 -1 -1 -1 -1 -1
Evo 1.03 0.50 1.00 0.95 1.00 1.00 1.00 0.15 0.02 0.25 0.11 0.46 4 -1
Result 1 14.0 63 0.48 0.22 0.14 0.25 0.27 0.13 -1 -1 -1 -1 -1
Evo 1.16 0.50 1.00 0.85 0.50 1.00 1.00 0.23 0.03 0.08 0.10 0.55 15 -1
Result 1 14.0 76 0.49 0.23 0.10 0.25 0.26 0.16 -1 -1 -1 -1 -1
Evo 1.16 0.50 1.00 0.88 1.00 1.00 1.00 0.22 0.03 0.48 0.09 0.50 8 -1
Result 1 14.0 68 0.49 0.23 0.13 0.20 0.26 0.17 -1 -1 -1 -1 -1
Evo 1.11 0.50 1.00 0.84 0.50 1.00 1.00 0.23 0.02 0.09 0.17 0.62 12 -1
Result 1 14.0 132 0.50 0.25 0.16 0.17 0.20 0.23 -1 -1 -1 -1 -1
Evo 1.13 0.50 1.00 0.86 0.50 1.00 1.00 0.23 0.02 0.49 0.17 0.58 6 -1
Result 1 14.0 186 0.48 0.21 0.16 0.21 0.25 0.17 -1 -1 -1 -1 -1
Evo 1.12 0.50 1.00 0.89 1.00 1.00 1.00 0.20 0.01 0.03 0.15 0.57 4 -1
Result 1 14.0 225 0.50 0.25 0.18 0.19 0.19 0.19 -1 -1 -1 -1 -1
Evo 1.12 0.50 1.00 0.80 0.50 1.00 1.00 0.25 0.02 0.15 0.18 0.62 56 -1
Result 1 14.0 163 0.47 0.20 0.14 0.23 0.24 0.19 -1 -1 -1 -1 -1
Evo 1.10 0.50 1.00 0.92 1.00 1.00 1.00 0.19 0.02 0.27 0.11 0.51 13 -1
Result 1 14.0 83 0.53 0.33 0.15 0.21 0.19 0.11 -1 -1 -1 -1 -1
Evo 1.09 0.50 1.00 0.78 0.50 1.00 1.00 0.25 0.02 0.53 0.18 0.54 7 -1
Result 1 14.0 232 0.50 0.25 0.17 0.18 0.21 0.19 -1 -1 -1 -1 -1
Evo 1.08 0.50 1.00 0.86 0.50 1.00 1.00 0.23 0.02 0.09 0.15 0.57 7 -1
Result 1 14.0 126 0.49 0.23 0.17 0.24 0.19 0.17 -1 -1 -1 -1 -1
