Evo 1.01 0.00 1.00 0.97 1.00 1.00 1.00 0.12 0.00 0.01 0.44 0.51 1470 101
Result 1 5.0 1613 0.46 0.21 0.19 0.19 0.19 0.21 -1 -1 -1 -1 -1
Evo 1.06 0.00 0.50 0.47 0.50 0.50 0.50 0.11 0.01 0.20 0.22 0.51 -1 64
Result 0 1.0 435 0.46 0.25 0.18 0.19 0.19 0.18 -1 -1 -1 -1 -1
Evo 1.21 0.50 1.00 0.54 0.50 0.50 0.50 0.13 0.00 0.08 0.38 0.51 657 49
Result 1 5.0 777 0.48 0.20 0.19 0.20 0.22 0.19 -1 -1 -1 -1 -1
Evo 1.07 0.00 1.00 0.51 0.50 0.50 0.50 0.11 0.00 0.48 0.47 0.51 736 56
Result 0 3.0 805 0.46 0.22 0.20 0.19 0.20 0.20 -1 -1 -1 -1 -1
Evo 1.12 0.00 0.50 0.50 0.50 0.50 0.50 0.04 0.00 0.37 0.38 0.51 -1 49
Result 0 1.0 511 0.46 0.22 0.18 0.21 0.19 0.20 -1 -1 -1 -1 -1
Evo 1.05 0.50 1.00 0.56 0.50 0.50 0.50 0.17 0.01 0.18 0.28 0.51 288 23
Result 0 4.0 352 0.45 0.25 0.16 0.22 0.19 0.18 -1 -1 -1 -1 -1
Evo 1.03 0.00 0.50 0.49 0.50 0.50 0.50 0.08 0.00 0.53 0.51 0.51 -1 40
Result 0 5.0 2000 0.47 0.21 0.19 0.21 0.21 0.19 -1 -1 -1 -1 -1
Evo 1.04 0.00 0.50 0.50 0.50 0.50 0.50 0.03 0.00 0.11 0.29 0.51 -1 321
Result 0 1.0 409 0.46 0.21 0.22 0.19 0.19 0.19 -1 -1 -1 -1 -1
Evo 1.04 0.50 1.00 0.51 0.50 0.50 0.50 0.06 0.00 0.06 0.33 0.51 829 178
Result 1 6.0 861 0.47 0.22 0.19 0.19 0.21 0.19 -1 -1 -1 -1 -1
Evo 1.17 0.50 1.00 0.51 0.50 0.50 0.50 0.06 0.00 0.49 0.44 0.51 709 39
Result 1 6.0 720 0.46 0.19 0.19 0.21 0.19 0.22 -1 -1 -1 -1 -1
Evo 1.02 0.00 0.50 0.49 0.50 0.50 0.50 0.08 0.00 0.46 0.49 0.51 -1 96
Result 0 5.0 2000 0.47 0.23 0.18 0.21 0.21 0.18 -1 -1 -1 -1 -1
Evo 1.03 0.00 0.50 0.49 0.50 0.50 0.50 0.05 0.00 0.50 0.40 0.51 -1 16
Result 0 3.0 751 0.46 0.23 0.21 0.17 0.19 0.19 -1 -1 -1 -1 -1
Evo 1.09 0.00 0.50 0.50 0.50 0.50 0.50 0.04 0.00 0.46 0.16 0.45 -1 33
Result 0 1.0 381 0.39 0.25 0.23 0.19 0.14 0.20 -1 -1 -1 -1 -1
Evo 1.05 0.00 1.00 0.52 0.50 0.50 0.50 0.10 0.00 0.10 0.42 0.51 740 72
Result 1 5.0 773 0.45 0.23 0.18 0.20 0.18 0.20 -1 -1 -1 -1 -1
Evo 1.08 0.00 0.50 0.49 0.50 0.50 0.50 0.05 0.00 0.53 0.33 0.51 -1 33
Result 0 2.0 345 0.46 0.25 0.18 0.18 0.19 0.19 -1 -1 -1 -1 -1
Evo 1.06 0.50 1.00 0.54 0.50 0.50 0.50 0.13 0.01 0.13 0.31 0.51 553 53
Result 1 7.0 637 0.47 0.21 0.23 0.17 0.20 0.18 -1 -1 -1 -1 -1
Evo 1.03 0.50 1.00 0.54 0.50 0.50 0.50 0.13 0.00 0.04 0.44 0.51 992 71
Result 1 5.0 1454 0.48 0.21 0.20 0.19 0.22 0.18 -1 -1 -1 -1 -1
Evo 1.04 0.50 1.00 0.63 0.50 0.50 1.00 0.22 0.01 0.08 0.24 0.51 249 192
Result 1 5.0 336 0.46 0.27 0.17 0.18 0.19 0.19 -1 -1 -1 -1 -1
Evo 1.02 0.00 0.50 0.49 0.50 0.50 0.50 0.08 0.00 0.33 0.36 0.51 -1 39
Result 0 3.0 2000 0.47 0.20 0.19 0.22 0.20 0.19 -1 -1 -1 -1 -1
Evo 1.07 0.00 1.00 0.51 0.50 0.50 0.50 0.13 0.00 0.53 0.45 0.51 1136 37
Result 0 4.0 1994 0.46 0.24 0.18 0.20 0.19 0.19 -1 -1 -1 -1 -1
Evo 1.03 0.00 0.50 0.48 0.50 0.50 0.50 0.11 0.00 0.26 0.38 0.57 -1 454
Result 0 2.0 823 0.47 0.21 0.19 0.22 0.21 0.18 -1 -1 -1 -1 -1
Evo 1.00 0.00 0.50 0.49 0.50 0.50 0.50 0.08 0.00 0.08 0.43 0.57 -1 94
Result 0 4.0 2000 0.45 0.21 0.19 0.20 0.19 0.21 -1 -1 -1 -1 -1
Evo 1.01 0.00 0.50 0.50 0.50 0.50 0.50 0.01 0.00 0.08 0.42 0.57 -1 941
Result 0 3.0 1413 0.47 0.20 0.18 0.21 0.21 0.19 -1 -1 -1 -1 -1
Evo 1.02 0.50 1.00 0.52 0.50 0.50 0.50 0.10 0.00 0.53 0.48 0.57 844 461
Result 1 8.0 912 0.47 0.20 0.19 0.22 0.20 0.19 -1 -1 -1 -1 -1
Evo 1.03 0.50 1.00 0.53 0.50 0.50 0.50 0.12 0.00 0.15 0.53 0.57 1457 423
Result 1 6.0 1579 0.47 0.21 0.19 0.20 0.20 0.19 -1 -1 -1 -1 -1
Evo 1.01 0.00 1.00 0.49 0.50 0.50 0.50 0.09 0.00 0.04 0.48 0.57 1071 280
Result 0 5.0 2000 0.43 0.21 0.22 0.22 0.17 0.18 -1 -1 -1 -1 -1
Evo 1.01 0.00 0.50 0.49 0.50 0.50 0.50 0.08 0.00 0.25 0.48 0.57 -1 274
Result 0 3.0 2000 0.47 0.20 0.20 0.19 0.21 0.20 -1 -1 -1 -1 -1
Evo 1.02 0.00 0.50 0.49 0.50 0.50 0.50 0.08 0.00 0.06 0.53 0.57 -1 213
Result 0 4.0 2000 0.47 0.19 0.21 0.20 0.21 0.19 -1 -1 -1 -1 -1
Evo 1.01 0.00 0.50 0.49 0.50 0.50 0.50 0.08 0.00 0.16 0.46 0.57 -1 419
Result 0 4.0 2000 0.47 0.21 0.18 0.18 0.21 0.21 -1 -1 -1 -1 -1
Evo 1.07 0.00 0.50 0.50 0.50 0.50 0.50 0.05 0.00 0.36 0.23 0.56 -1 169
Result 0 3.0 232 0.49 0.18 0.19 0.19 0.23 0.21 -1 -1 -1 -1 -1
Evo 1.02 0.00 1.00 0.49 0.50 0.50 0.50 0.08 0.00 0.19 0.44 0.57 1440 1044
Result 0 2.0 2000 0.46 0.20 0.21 0.20 0.19 0.19 -1 -1 -1 -1 -1
Evo 1.02 0.00 0.50 0.50 0.50 0.50 0.50 0.05 0.00 0.16 0.38 0.57 -1 898
Result 0 2.0 1120 0.47 0.22 0.20 0.19 0.20 0.18 -1 -1 -1 -1 -1
Evo 1.01 0.00 0.50 0.50 0.50 0.50 0.50 0.02 0.00 0.13 0.23 0.57 -1 837
Result 0 1.0 898 0.49 0.21 0.16 0.19 0.24 0.20 -1 -1 -1 -1 -1
Evo 1.02 0.00 1.00 0.51 0.50 0.50 0.50 0.08 0.00 0.36 0.44 0.57 1820 1529
Result 0 5.0 1869 0.45 0.20 0.20 0.21 0.18 0.21 -1 -1 -1 -1 -1
Evo 1.00 0.00 0.50 0.49 0.50 0.50 0.50 0.08 0.00 0.15 0.20 0.49 -1 1944
Result 0 0.0 2000 0.47 0.21 0.19 0.21 0.21 0.19 -1 -1 -1 -1 -1
Evo 1.02 0.00 0.50 0.49 0.50 0.50 0.50 0.08 0.00 0.08 0.41 0.57 -1 1215
Result 0 1.0 2000 0.47 0.21 0.20 0.19 0.20 0.20 -1 -1 -1 -1 -1
Evo 1.02 0.00 0.50 0.50 0.50 0.50 0.50 0.01 0.00 0.15 0.35 0.57 -1 1450
Result 0 1.0 1576 0.47 0.19 0.19 0.21 0.20 0.20 -1 -1 -1 -1 -1
Evo 1.01 0.00 0.50 0.49 0.50 0.50 0.50 0.08 0.00 0.25 0.39 0.57 -1 1639
Result 0 4.0 2000 0.47 0.20 0.19 0.20 0.21 0.19 -1 -1 -1 -1 -1
Evo 1.02 0.00 0.50 0.50 0.50 0.50 0.50 0.01 0.00 0.18 0.32 0.57 -1 1205
Result 0 0.0 1369 0.44 0.21 0.20 0.21 0.17 0.21 -1 -1 -1 -1 -1
Evo 1.02 0.00 0.50 0.50 0.50 0.50 0.50 0.04 0.00 0.16 0.23 0.57 -1 537
Result 0 1.0 607 0.46 0.22 0.19 0.17 0.20 0.22 -1 -1 -1 -1 -1
Evo 1.17 0.00 0.50 0.50 0.50 0.50 0.50 0.03 0.00 0.39 0.19 0.42 -1 4
Result 0 2.0 288 0.46 0.24 0.16 0.20 0.19 0.21 -1 -1 -1 -1 -1
Evo 1.11 0.00 0.50 0.50 0.50 0.50 0.50 0.03 0.00 0.46 0.36 0.53 -1 2
Result 0 7.0 739 0.47 0.23 0.18 0.18 0.21 0.20 -1 -1 -1 -1 -1
Evo 1.11 0.00 0.50 0.50 0.50 0.50 0.50 0.03 0.00 0.28 0.27 0.50 -1 3
Result 0 5.0 359 0.44 0.24 0.19 0.18 0.18 0.21 -1 -1 -1 -1 -1
Evo 1.18 0.00 0.50 0.49 0.50 0.50 0.50 0.07 0.01 0.39 0.14 0.35 -1 6
Result 0 0.0 159 0.46 0.18 0.20 0.20 0.20 0.22 -1 -1 -1 -1 -1
Evo 1.07 0.00 0.50 0.50 0.50 0.50 0.50 0.04 0.00 0.33 0.31 0.51 -1 4
Result 0 2.0 682 0.46 0.22 0.18 0.20 0.19 0.21 -1 -1 -1 -1 -1
Evo 1.03 0.00 0.50 0.50 0.50 0.50 0.50 0.03 0.00 0.03 0.40 0.53 -1 0
Result 0 7.0 1866 0.46 0.22 0.19 0.19 0.19 0.21 -1 -1 -1 -1 -1
Evo 1.13 0.00 0.50 0.49 0.50 0.50 0.50 0.07 0.01 0.42 0.10 0.44 -1 10
Result 0 0.0 55 0.44 0.29 0.13 0.05 0.18 0.36 -1 -1 -1 -1 -1
Evo 1.05 0.00 0.50 0.50 0.50 0.50 0.50 0.02 0.00 0.35 0.31 0.53 -1 1
Result 0 4.0 575 0.47 0.17 0.23 0.17 0.20 0.23 -1 -1 -1 -1 -1
Evo 1.21 0.00 0.50 0.48 0.50 0.50 0.50 0.11 0.02 0.36 0.05 0.20 -1 9
Result 0 0.0 39 0.41 0.23 0.28 0.20 0.15 0.15 -1 -1 -1 -1 -1
Evo 1.03 0.00 0.50 0.49 0.50 0.50 0.50 0.08 0.00 0.04 0.39 0.53 -1 7
Result 0 10.0 2000 0.47 0.22 0.17 0.18 0.21 0.21 -1 -1 -1 -1 -1
Evo 1.05 0.00 0.50 0.49 0.50 0.50 0.50 0.06 0.00 0.37 0.25 0.46 -1 14
Result 0 2.0 553 0.44 0.22 0.19 0.20 0.17 0.21 -1 -1 -1 -1 -1
Evo 1.08 0.00 0.50 0.50 0.50 0.50 0.50 0.02 0.00 0.48 0.33 0.48 -1 2
Result 0 5.0 711 0.45 0.23 0.20 0.18 0.19 0.20 -1 -1 -1 -1 -1
Evo 1.03 0.00 1.00 0.49 0.50 0.50 0.50 0.09 0.00 0.03 0.50 0.53 923 0
Result 0 11.0 2000 0.45 0.23 0.18 0.19 0.19 0.21 -1 -1 -1 -1 -1
Evo 1.03 0.00 0.50 0.50 0.50 0.50 0.50 0.04 0.00 0.07 0.36 0.50 -1 4
Result 0 7.0 1773 0.46 0.22 0.20 0.19 0.20 0.20 -1 -1 -1 -1 -1
Evo 1.09 0.00 0.50 0.50 0.50 0.50 0.50 0.02 0.00 0.53 0.36 0.53 -1 12
Result 0 6.0 710 0.47 0.22 0.20 0.19 0.20 0.20 -1 -1 -1 -1 -1
Evo 1.04 0.00 0.50 0.50 0.50 0.50 0.50 0.02 0.00 0.15 0.19 0.46 -1 2
Result 0 1.0 420 0.47 0.24 0.21 0.17 0.20 0.17 -1 -1 -1 -1 -1
Evo 1.11 0.00 0.50 0.49 0.50 0.50 0.50 0.07 0.01 0.42 0.06 0.19 -1 8
Result 0 0.0 55 0.40 0.16 0.25 0.23 0.14 0.21 -1 -1 -1 -1 -1
Evo 1.03 0.00 0.50 0.49 0.50 0.50 0.50 0.08 0.00 0.38 0.41 0.53 -1 2
Result 0 8.0 2000 0.46 0.21 0.19 0.20 0.19 0.20 -1 -1 -1 -1 -1
Evo 1.05 0.00 0.50 0.50 0.50 0.50 0.50 0.02 0.00 0.38 0.33 0.53 -1 14
Result 0 3.0 656 0.45 0.21 0.20 0.19 0.18 0.22 -1 -1 -1 -1 -1
Evo 1.04 0.00 0.50 0.49 0.50 0.50 0.50 0.08 0.00 0.49 0.41 0.53 -1 18
Result 0 6.0 2000 0.45 0.22 0.19 0.20 0.18 0.21 -1 -1 -1 -1 -1
Evo 1.01 0.00 0.50 0.49 0.50 0.50 0.50 0.08 0.00 0.08 0.64 0.69 -1 168
Result 0 4.0 2000 0.45 0.21 0.21 0.21 0.18 0.19 -1 -1 -1 -1 -1
Evo 1.05 0.00 0.50 0.43 0.50 0.50 0.50 0.17 0.02 0.06 0.17 0.61 -1 48
Result 0 0.0 113 0.41 0.25 0.22 0.19 0.15 0.19 -1 -1 -1 -1 -1
Evo 1.01 0.00 0.50 0.50 0.50 0.50 0.50 0.02 0.00 0.14 0.48 0.69 -1 6
Result 0 2.0 1330 0.43 0.21 0.20 0.21 0.17 0.21 -1 -1 -1 -1 -1
Evo 1.01 0.00 0.50 0.49 0.50 0.50 0.50 0.08 0.00 0.05 0.41 0.68 -1 136
Result 0 1.0 2000 0.47 0.20 0.20 0.20 0.20 0.19 -1 -1 -1 -1 -1
Evo 1.01 0.00 0.50 0.50 0.50 0.50 0.50 0.01 0.00 0.04 0.38 0.69 -1 34
Result 0 1.0 1111 0.44 0.18 0.20 0.23 0.17 0.21 -1 -1 -1 -1 -1
Evo 1.02 0.00 0.50 0.49 0.50 0.50 0.50 0.08 0.00 0.29 0.41 0.69 -1 152
Result 0 3.0 2000 0.47 0.21 0.18 0.19 0.21 0.20 -1 -1 -1 -1 -1
Evo 1.01 0.00 0.50 0.50 0.50 0.50 0.50 0.02 0.00 0.14 0.58 0.69 -1 56
Result 0 1.0 1371 0.46 0.20 0.21 0.20 0.19 0.19 -1 -1 -1 -1 -1
Evo 1.03 0.00 0.50 0.50 0.50 0.50 0.50 0.03 0.00 0.09 0.33 0.69 -1 55
Result 0 2.0 508 0.46 0.20 0.22 0.20 0.19 0.19 -1 -1 -1 -1 -1
Evo 1.04 0.00 0.50 0.50 0.50 0.50 0.50 0.05 0.01 0.29 0.11 0.61 -1 71
Result 0 0.0 99 0.43 0.19 0.17 0.30 0.17 0.17 -1 -1 -1 -1 -1
Evo 1.03 0.00 1.00 0.50 0.50 0.50 0.50 0.04 0.00 0.09 0.41 0.69 586 44
Result 0 2.0 601 0.46 0.21 0.19 0.20 0.20 0.19 -1 -1 -1 -1 -1
Evo 1.00 0.00 0.50 0.49 0.50 0.50 0.50 0.08 0.00 0.04 0.39 0.65 -1 41
Result 0 2.0 2000 0.46 0.20 0.22 0.21 0.19 0.17 -1 -1 -1 -1 -1
Evo 1.03 0.00 0.50 0.49 0.50 0.50 0.50 0.06 0.00 0.47 0.51 0.69 -1 29
Result 0 2.0 874 0.46 0.22 0.18 0.22 0.20 0.18 -1 -1 -1 -1 -1
Evo 1.03 0.50 1.00 0.53 0.50 0.50 0.50 0.11 0.00 0.42 0.57 0.69 1129 39
Result 1 5.0 1192 0.47 0.20 0.19 0.20 0.21 0.20 -1 -1 -1 -1 -1
Evo 1.01 0.00 0.50 0.50 0.50 0.50 0.50 0.05 0.00 0.19 0.43 0.69 -1 20
Result 0 3.0 663 0.48 0.21 0.20 0.20 0.22 0.18 -1 -1 -1 -1 -1
Evo 1.07 0.00 0.50 0.48 0.50 0.50 0.50 0.09 0.01 0.07 0.10 0.62 -1 51
Result 0 0.0 94 0.39 0.20 0.20 0.20 0.14 0.26 -1 -1 -1 -1 -1
Evo 1.13 0.00 0.50 0.44 0.50 0.50 0.50 0.16 0.02 0.08 0.12 0.62 -1 23
Result 0 0.0 75 0.40 0.24 0.24 0.17 0.14 0.21 -1 -1 -1 -1 -1
Evo 1.01 0.00 0.50 0.49 0.50 0.50 0.50 0.08 0.00 0.05 0.48 0.69 -1 559
Result 0 2.0 2000 0.48 0.21 0.19 0.19 0.22 0.20 -1 -1 -1 -1 -1
Evo 1.03 0.00 1.00 0.50 0.50 0.50 0.50 0.04 0.00 0.38 0.48 0.69 359 95
Result 0 3.0 790 0.43 0.24 0.19 0.19 0.17 0.22 -1 -1 -1 -1 -1
Evo 1.09 0.00 0.50 0.49 0.50 0.50 0.50 0.07 0.01 0.31 0.13 0.64 -1 91
Result 0 1.0 136 0.47 0.15 0.20 0.26 0.21 0.18 -1 -1 -1 -1 -1
Evo 1.01 0.00 0.50 0.49 0.50 0.50 0.50 0.08 0.00 0.16 0.65 0.69 -1 35
Result 0 1.0 2000 0.46 0.22 0.19 0.20 0.19 0.19 -1 -1 -1 -1 -1
Evo 1.11 0.00 0.50 0.50 0.50 0.50 0.50 0.04 0.00 0.37 0.31 0.62 -1 155
Result 0 4.0 309 0.43 0.26 0.19 0.17 0.16 0.22 -1 -1 -1 -1 -1
Evo 1.05 0.00 1.00 0.52 0.50 0.50 0.50 0.11 0.00 0.50 0.39 0.62 617 210
Result 0 7.0 683 0.45 0.20 0.20 0.20 0.19 0.21 -1 -1 -1 -1 -1
Evo 1.03 0.00 0.50 0.49 0.50 0.50 0.50 0.08 0.00 0.17 0.36 0.62 -1 66
Result 0 5.0 2000 0.46 0.21 0.20 0.19 0.20 0.20 -1 -1 -1 -1 -1
Evo 1.02 0.00 0.50 0.50 0.50 0.50 0.50 0.03 0.00 0.07 0.41 0.62 -1 1165
Result 0 7.0 1398 0.44 0.22 0.21 0.21 0.18 0.19 -1 -1 -1 -1 -1
Evo 1.05 0.00 0.50 0.50 0.50 0.50 0.50 0.05 0.00 0.15 0.30 0.62 -1 254
Result 0 3.0 305 0.46 0.18 0.18 0.19 0.20 0.24 -1 -1 -1 -1 -1
Evo 1.06 0.00 0.50 0.50 0.50 0.50 0.50 0.03 0.00 0.17 0.33 0.62 -1 199
Result 0 5.0 413 0.44 0.20 0.18 0.21 0.17 0.23 -1 -1 -1 -1 -1
Evo 1.00 0.00 0.50 0.49 0.50 0.50 0.50 0.08 0.00 0.15 0.40 0.59 -1 1944
Result 0 0.0 2000 0.46 0.20 0.20 0.22 0.19 0.19 -1 -1 -1 -1 -1
Evo 1.04 0.00 0.50 0.50 0.50 0.50 0.50 0.02 0.00 0.19 0.32 0.62 -1 513
Result 0 0.0 581 0.45 0.22 0.20 0.19 0.19 0.21 -1 -1 -1 -1 -1
Evo 1.03 0.00 0.50 0.50 0.50 0.50 0.50 0.03 0.00 0.26 0.28 0.62 -1 214
Result 0 0.0 295 0.47 0.20 0.20 0.18 0.20 0.22 -1 -1 -1 -1 -1
Evo 1.04 0.00 0.50 0.50 0.50 0.50 0.50 0.03 0.00 0.36 0.24 0.61 -1 164
Result 0 1.0 225 0.48 0.18 0.21 0.15 0.23 0.23 -1 -1 -1 -1 -1
Evo 1.64 0.00 0.50 0.49 0.50 0.50 0.50 0.08 0.01 0.36 0.14 0.62 -1 9
Result 0 6.0 69 0.38 0.30 0.23 0.04 0.13 0.30 -1 -1 -1 -1 -1
Evo 1.04 0.00 0.50 0.50 0.50 0.50 0.50 0.04 0.00 0.06 0.29 0.62 -1 2
Result 0 5.0 320 0.46 0.21 0.20 0.19 0.19 0.21 -1 -1 -1 -1 -1
Evo 1.02 0.00 0.50 0.50 0.50 0.50 0.50 0.01 0.00 0.21 0.56 0.62 -1 1359
Result 0 2.0 1829 0.47 0.19 0.21 0.21 0.20 0.18 -1 -1 -1 -1 -1
Evo 1.02 0.00 0.50 0.50 0.50 0.50 0.50 0.05 0.00 0.11 0.34 0.62 -1 645
Result 0 2.0 714 0.46 0.19 0.21 0.20 0.19 0.22 -1 -1 -1 -1 -1
Evo 1.05 0.00 0.50 0.50 0.50 0.50 0.50 0.04 0.00 0.41 0.44 0.62 -1 627
Result 0 2.0 912 0.45 0.23 0.19 0.20 0.19 0.19 -1 -1 -1 -1 -1
Evo 1.00 0.00 0.50 0.49 0.50 0.50 0.50 0.08 0.00 0.15 0.29 0.58 -1 1944
Result 0 0.0 2000 0.46 0.20 0.21 0.21 0.19 0.19 -1 -1 -1 -1 -1
Evo 1.04 0.00 0.50 0.50 0.50 0.50 0.50 0.02 0.00 0.15 0.51 0.62 -1 273
Result 0 2.0 1294 0.45 0.22 0.19 0.19 0.19 0.21 -1 -1 -1 -1 -1
Evo 1.07 0.00 0.50 0.50 0.50 0.50 0.50 0.04 0.00 0.25 0.24 0.62 -1 178
Result 0 0.0 256 0.46 0.24 0.14 0.19 0.20 0.23 -1 -1 -1 -1 -1
Evo 1.02 0.00 0.50 0.50 0.50 0.50 0.50 0.05 0.00 0.02 0.40 0.62 -1 722
Result 0 5.0 823 0.46 0.20 0.22 0.19 0.19 0.20 -1 -1 -1 -1 -1
Evo 1.06 0.00 0.50 0.50 0.50 0.50 0.50 0.03 0.00 0.31 0.32 0.62 -1 274
Result 0 2.0 383 0.46 0.24 0.19 0.17 0.20 0.20 -1 -1 -1 -1 -1
