Evo 1.01 0.00 1.00 0.87 1.00 1.00 1.00 0.34 0.01 0.18 0.02 0.05 -1 55
Result 0 0.0 575 0.42 0.17 0.16 0.17 0.18 0.17 0.15 -1 -1 -1 -1
Evo 1.04 1.00 1.00 1.00 1.00 1.00 1.00 0.00 0.00 0.03 0.09 0.28 -1 74
Result 0 4.0 1387 0.43 0.16 0.16 0.16 0.18 0.17 0.17 -1 -1 -1 -1
Evo 1.00 1.00 1.00 1.00 1.00 1.00 1.00 0.00 0.00 0.51 0.04 0.12 -1 79
Result 0 2.0 1391 0.44 0.18 0.16 0.16 0.17 0.18 0.16 -1 -1 -1 -1
Evo 1.00 0.00 1.00 0.97 1.00 1.00 1.00 0.18 0.01 0.05 0.02 0.05 -1 7
Result 0 0.0 431 0.41 0.15 0.15 0.17 0.18 0.17 0.18 -1 -1 -1 -1
Evo 1.01 0.00 1.00 0.97 1.00 1.00 1.00 0.17 0.00 0.37 0.03 0.16 -1 49
Result 0 2.0 1379 0.45 0.18 0.14 0.16 0.15 0.18 0.17 -1 -1 -1 -1
Evo 1.01 0.00 1.00 0.99 1.00 1.00 1.00 0.12 0.00 0.33 0.05 0.15 -1 5
Result 0 2.0 1703 0.43 0.18 0.16 0.16 0.16 0.17 0.16 -1 -1 -1 -1
Evo 1.02 0.00 1.00 0.93 1.00 1.00 1.00 0.25 0.01 0.52 0.04 0.10 -1 35
Result 0 2.0 605 0.43 0.17 0.17 0.17 0.16 0.17 0.16 -1 -1 -1 -1
Evo 1.02 0.00 1.00 0.99 1.00 1.00 1.00 0.11 0.00 0.53 0.04 0.15 -1 100
Result 0 2.0 1247 0.42 0.17 0.16 0.17 0.17 0.18 0.15 -1 -1 -1 -1
Evo 1.01 0.00 1.00 0.99 1.00 1.00 1.00 0.10 0.00 0.32 0.04 0.15 -1 1
Result 0 2.0 999 0.43 0.17 0.16 0.19 0.16 0.16 0.17 -1 -1 -1 -1
Evo 1.01 1.00 1.00 1.00 1.00 1.00 1.00 0.00 0.00 0.47 0.05 0.14 -1 40
Result 0 2.0 1447 0.44 0.18 0.17 0.15 0.16 0.17 0.17 -1 -1 -1 -1
Evo 1.00 1.00 1.00 1.00 1.00 1.00 1.00 0.00 0.00 0.34 0.03 0.14 -1 0
Result 0 2.0 1219 0.44 0.18 0.15 0.16 0.16 0.17 0.18 -1 -1 -1 -1
Evo 1.03 0.00 1.00 0.95 1.00 1.00 1.00 0.21 0.01 0.06 0.01 0.05 -1 0
Result 0 0.0 485 0.38 0.19 0.13 0.17 0.16 0.19 0.17 -1 -1 -1 -1
Evo 1.00 0.00 1.00 0.98 1.00 1.00 1.00 0.14 0.01 0.09 0.02 0.08 -1 6
Result 0 1.0 424 0.44 0.18 0.13 0.21 0.16 0.16 0.15 -1 -1 -1 -1
Evo 1.01 0.00 1.00 0.99 1.00 1.00 1.00 0.11 0.00 0.39 0.04 0.20 -1 94
Result 0 2.0 1073 0.42 0.15 0.16 0.17 0.17 0.18 0.17 -1 -1 -1 -1
Evo 1.00 1.00 1.00 1.00 1.00 1.00 1.00 0.00 0.00 0.35 0.05 0.16 -1 0
Result 0 2.0 1447 0.44 0.17 0.17 0.17 0.16 0.16 0.16 -1 -1 -1 -1
Evo 1.00 0.00 1.00 0.97 1.00 1.00 1.00 0.17 0.00 0.01 0.05 0.21 -1 184
Result 0 1.0 2000 0.44 0.18 0.17 0.15 0.16 0.17 0.17 -1 -1 -1 -1
Evo 1.00 1.00 1.00 1.00 1.00 1.00 1.00 0.00 0.00 0.08 0.02 0.08 -1 3
Result 0 0.0 1579 0.42 0.17 0.16 0.17 0.16 0.16 0.18 -1 -1 -1 -1
Evo 1.00 0.00 1.00 0.97 1.00 1.00 1.00 0.17 0.00 0.19 0.02 0.05 -1 7
Result 0 1.0 2000 0.45 0.18 0.11 0.18 0.17 0.17 0.19 -1 -1 -1 -1
Evo 1.00 1.00 1.00 1.00 1.00 1.00 1.00 0.00 0.00 0.31 0.03 0.14 -1 80
Result 0 2.0 1219 0.44 0.17 0.18 0.15 0.16 0.17 0.16 -1 -1 -1 -1
Evo 1.01 0.00 1.00 0.97 1.00 1.00 1.00 0.17 0.00 0.12 0.02 0.05 -1 6
Result 0 1.0 2000 0.36 0.20 0.12 0.16 0.17 0.17 0.17 -1 -1 -1 -1
Evo 1.01 1.00 1.00 1.00 1.00 1.00 1.00 0.00 0.00 0.00 0.02 0.04 -1 0
Result 0 0.0 135 0.46 0.20 0.15 0.22 0.18 0.13 0.12 -1 -1 -1 -1
Evo 1.12 1.00 1.00 1.00 1.00 1.00 1.00 0.00 0.00 0.46 0.06 0.24 -1 0
Result 0 8.0 191 0.44 0.18 0.14 0.17 0.14 0.16 0.21 -1 -1 -1 -1
Evo 1.05 0.00 1.00 0.96 1.00 1.00 1.00 0.21 0.01 0.06 0.02 0.07 -1 0
Result 0 0.0 432 0.45 0.19 0.18 0.17 0.17 0.11 0.18 -1 -1 -1 -1
Evo 1.04 0.00 1.00 0.97 1.00 1.00 1.00 0.17 0.00 0.28 0.25 0.35 -1 0
Result 0 18.0 2000 0.45 0.18 0.16 0.16 0.16 0.16 0.17 -1 -1 -1 -1
Evo 1.02 0.00 1.00 0.99 1.00 1.00 1.00 0.11 0.01 0.27 0.03 0.19 -1 10
Result 0 0.0 407 0.43 0.18 0.16 0.17 0.18 0.11 0.19 -1 -1 -1 -1
Evo 1.04 0.00 1.00 0.97 1.00 1.00 1.00 0.17 0.00 0.01 0.21 0.35 -1 0
Result 0 16.0 2000 0.43 0.17 0.17 0.17 0.16 0.17 0.17 -1 -1 -1 -1
Evo 1.12 1.00 1.00 1.00 1.00 1.00 1.00 0.00 0.00 0.08 0.06 0.25 -1 0
Result 0 4.0 311 0.48 0.21 0.14 0.17 0.15 0.13 0.20 -1 -1 -1 -1
Evo 1.16 1.00 1.00 1.00 1.00 1.00 1.00 0.00 0.00 0.04 0.05 0.23 -1 0
Result 0 6.0 215 0.47 0.21 0.13 0.16 0.13 0.18 0.20 -1 -1 -1 -1
Evo 1.03 0.00 1.00 0.90 1.00 1.00 1.00 0.29 0.02 0.04 0.05 0.11 -1 0
Result 0 2.0 378 0.48 0.22 0.16 0.16 0.14 0.15 0.17 -1 -1 -1 -1
Evo 1.07 0.00 1.00 0.96 1.00 1.00 1.00 0.20 0.01 0.02 0.02 0.06 -1 0
Result 0 0.0 456 0.45 0.19 0.18 0.14 0.18 0.11 0.19 -1 -1 -1 -1
Evo 1.01 0.00 1.00 0.97 1.00 1.00 1.00 0.17 0.00 0.02 0.15 0.26 -1 0
Result 0 13.0 2000 0.43 0.17 0.17 0.15 0.16 0.16 0.18 -1 -1 -1 -1
Evo 1.02 0.00 1.00 0.97 1.00 1.00 1.00 0.17 0.00 0.01 0.16 0.24 -1 0
Result 0 13.0 2000 0.42 0.17 0.15 0.18 0.16 0.17 0.16 -1 -1 -1 -1
Evo 1.06 1.00 1.00 1.00 1.00 1.00 1.00 0.00 0.00 0.10 0.02 0.10 -1 1
Result 0 0.0 123 0.39 0.14 0.21 0.14 0.19 0.15 0.19 -1 -1 -1 -1
Evo 1.06 0.00 1.00 0.99 1.00 1.00 1.00 0.07 0.01 0.04 0.05 0.18 -1 0
Result 0 4.0 191 0.48 0.22 0.16 0.12 0.17 0.18 0.15 -1 -1 -1 -1
Evo 1.01 0.00 1.00 0.97 1.00 1.00 1.00 0.17 0.00 0.01 0.16 0.29 -1 0
Result 0 13.0 2000 0.43 0.17 0.16 0.16 0.17 0.16 0.18 -1 -1 -1 -1
Evo 1.03 0.00 1.00 0.97 1.00 1.00 1.00 0.17 0.00 0.01 0.22 0.35 -1 0
Result 0 18.0 2000 0.43 0.17 0.17 0.15 0.17 0.17 0.18 -1 -1 -1 -1
Evo 1.15 0.00 1.00 0.97 1.00 1.00 1.00 0.16 0.01 0.15 0.03 0.13 -1 0
Result 0 2.0 197 0.39 0.18 0.14 0.11 0.14 0.24 0.20 -1 -1 -1 -1
Evo 1.01 1.00 1.00 1.00 1.00 1.00 1.00 0.00 0.00 0.00 0.02 0.04 -1 10
Result 0 0.0 187 0.42 0.15 0.16 0.22 0.19 0.13 0.15 -1 -1 -1 -1
Evo 1.04 0.00 1.00 1.00 1.00 1.00 1.00 0.02 0.00 0.02 0.20 0.34 -1 0
Result 0 12.0 1783 0.42 0.16 0.16 0.15 0.17 0.17 0.19 -1 -1 -1 -1
Evo 1.03 0.00 1.00 0.97 1.00 1.00 1.00 0.17 0.00 0.02 0.16 0.27 -1 0
Result 0 13.0 2000 0.44 0.18 0.17 0.18 0.16 0.16 0.15 -1 -1 -1 -1
Evo 1.06 1.00 1.00 1.00 1.00 1.00 1.00 0.00 0.00 0.12 0.05 0.14 -1 20
Result 0 6.0 287 0.39 0.13 0.18 0.15 0.16 0.18 0.20 -1 -1 -1 -1
Evo 1.14 1.00 1.00 1.00 1.00 1.00 1.00 0.00 0.00 0.14 0.06 0.15 -1 14
Result 0 4.0 223 0.41 0.18 0.15 0.19 0.13 0.16 0.18 -1 -1 -1 -1
Evo 1.10 1.00 1.00 1.00 1.00 1.00 1.00 0.00 0.00 0.04 0.05 0.13 -1 3
Result 0 3.0 175 0.41 0.15 0.15 0.19 0.16 0.15 0.20 -1 -1 -1 -1
Evo 1.17 1.00 1.00 1.00 1.00 1.00 1.00 0.00 0.00 0.49 0.06 0.14 -1 35
Result 0 3.0 267 0.41 0.20 0.15 0.21 0.12 0.12 0.20 -1 -1 -1 -1
Evo 1.13 1.00 1.00 1.00 1.00 1.00 1.00 0.00 0.00 0.53 0.05 0.13 -1 160
Result 0 3.0 291 0.42 0.15 0.17 0.17 0.17 0.16 0.17 -1 -1 -1 -1
Evo 1.06 1.00 1.00 1.00 1.00 1.00 1.00 0.00 0.00 0.03 0.04 0.11 -1 3
Result 0 3.0 231 0.45 0.16 0.19 0.18 0.17 0.16 0.14 -1 -1 -1 -1
Evo 1.29 1.00 1.00 1.00 1.00 1.00 1.00 0.00 0.00 0.27 0.11 0.15 -1 3
Result 0 19.0 743 0.45 0.19 0.15 0.17 0.16 0.14 0.20 -1 -1 -1 -1
Evo 1.08 1.00 1.00 1.00 1.00 1.00 1.00 0.00 0.00 0.51 0.03 0.09 -1 1
Result 0 3.0 351 0.45 0.18 0.12 0.21 0.14 0.18 0.17 -1 -1 -1 -1
Evo 1.04 1.00 1.00 1.00 1.00 1.00 1.00 0.00 0.00 0.53 0.03 0.10 -1 19
Result 0 5.0 291 0.41 0.15 0.15 0.16 0.14 0.18 0.21 -1 -1 -1 -1
Evo 1.11 0.00 1.00 1.00 1.00 1.00 1.00 0.04 0.00 0.07 0.07 0.15 -1 7
Result 0 9.0 692 0.45 0.18 0.15 0.18 0.16 0.14 0.18 -1 -1 -1 -1
Evo 1.06 1.00 1.00 1.00 1.00 1.00 1.00 0.00 0.00 0.37 0.04 0.12 -1 22
Result 0 7.0 363 0.44 0.17 0.15 0.19 0.16 0.20 0.14 -1 -1 -1 -1
Evo 1.06 0.00 1.00 0.99 1.00 1.00 1.00 0.08 0.01 0.51 0.04 0.14 -1 3
Result 0 2.0 168 0.48 0.21 0.14 0.19 0.16 0.12 0.17 -1 -1 -1 -1
Evo 1.08 1.00 1.00 1.00 1.00 1.00 1.00 0.00 0.00 0.44 0.04 0.12 -1 27
Result 0 3.0 283 0.42 0.15 0.15 0.21 0.13 0.21 0.15 -1 -1 -1 -1
Evo 1.13 0.00 1.00 1.00 1.00 1.00 1.00 0.05 0.00 0.31 0.09 0.15 -1 3
Result 0 17.0 444 0.41 0.19 0.15 0.18 0.14 0.14 0.18 -1 -1 -1 -1
Evo 1.19 1.00 1.00 1.00 1.00 1.00 1.00 0.00 0.00 0.10 0.07 0.15 -1 2
Result 0 8.0 455 0.44 0.13 0.17 0.20 0.16 0.13 0.20 -1 -1 -1 -1
Evo 1.13 1.00 1.00 1.00 1.00 1.00 1.00 0.00 0.00 0.20 0.06 0.14 -1 10
Result 0 9.0 487 0.45 0.19 0.14 0.18 0.14 0.17 0.19 -1 -1 -1 -1
Evo 1.12 0.00 1.00 1.00 1.00 1.00 1.00 0.05 0.00 0.38 0.07 0.15 -1 162
Result 0 14.0 416 0.41 0.18 0.15 0.18 0.14 0.15 0.21 -1 -1 -1 -1
Evo 1.07 1.00 1.00 1.00 1.00 1.00 1.00 0.00 0.00 0.47 0.04 0.12 -1 5
Result 0 5.0 403 0.41 0.16 0.15 0.19 0.19 0.15 0.16 -1 -1 -1 -1
Evo 1.10 1.00 1.00 1.00 1.00 1.00 1.00 0.00 0.00 0.02 0.06 0.14 -1 2
Result 0 5.0 523 0.40 0.15 0.18 0.18 0.16 0.15 0.18 -1 -1 -1 -1
Evo 1.10 1.00 1.00 1.00 1.00 1.00 1.00 0.00 0.00 0.15 0.05 0.15 -1 22
Result 0 6.0 271 0.43 0.16 0.18 0.19 0.13 0.17 0.17 -1 -1 -1 -1
Evo 1.04 0.00 1.00 0.97 1.00 1.00 1.00 0.17 0.00 0.09 0.14 0.22 -1 0
Result 0 14.0 2000 0.43 0.18 0.17 0.16 0.18 0.16 0.16 -1 -1 -1 -1
Evo 1.16 1.00 1.00 1.00 1.00 1.00 1.00 0.00 0.00 0.17 0.04 0.15 -1 0
Result 0 5.0 147 0.38 0.20 0.13 0.21 0.09 0.12 0.25 -1 -1 -1 -1
Evo 1.02 0.00 1.00 0.97 1.00 1.00 1.00 0.17 0.00 0.04 0.09 0.18 -1 1
Result 0 13.0 2000 0.44 0.17 0.15 0.17 0.18 0.16 0.17 -1 -1 -1 -1
Evo 1.03 0.00 1.00 0.97 1.00 1.00 1.00 0.17 0.00 0.08 0.10 0.18 -1 0
Result 0 13.0 2000 0.43 0.18 0.17 0.18 0.15 0.16 0.17 -1 -1 -1 -1
Evo 1.18 1.00 1.00 1.00 1.00 1.00 1.00 0.00 0.00 0.14 0.06 0.15 -1 0
Result 0 2.0 231 0.39 0.17 0.14 0.22 0.18 0.13 0.17 -1 -1 -1 -1
Evo 1.05 0.00 1.00 0.97 1.00 1.00 1.00 0.17 0.00 0.20 0.11 0.19 -1 1
Result 0 13.0 2000 0.44 0.18 0.17 0.15 0.17 0.16 0.17 -1 -1 -1 -1
Evo 1.19 1.00 1.00 1.00 1.00 1.00 1.00 0.00 0.00 0.15 0.03 0.14 -1 0
Result 0 1.0 67 0.43 0.13 0.16 0.28 0.16 0.15 0.12 -1 -1 -1 -1
Evo 1.13 1.00 1.00 1.00 1.00 1.00 1.00 0.00 0.00 0.04 0.03 0.13 -1 0
Result 0 0.0 387 0.43 0.19 0.17 0.13 0.16 0.19 0.15 -1 -1 -1 -1
Evo 1.02 0.00 1.00 0.97 1.00 1.00 1.00 0.17 0.00 0.07 0.13 0.24 -1 0
Result 0 16.0 2000 0.43 0.17 0.18 0.17 0.15 0.17 0.17 -1 -1 -1 -1
Evo 1.05 0.00 1.00 0.97 1.00 1.00 1.00 0.17 0.00 0.13 0.13 0.23 -1 0
Result 0 15.0 2000 0.43 0.17 0.17 0.18 0.14 0.16 0.18 -1 -1 -1 -1
Evo 1.12 0.00 1.00 0.97 1.00 1.00 1.00 0.17 0.00 0.37 0.17 0.23 -1 0
Result 0 15.0 2000 0.42 0.18 0.15 0.17 0.15 0.16 0.18 -1 -1 -1 -1
Evo 1.19 0.00 1.00 0.98 1.00 1.00 1.00 0.14 0.02 0.11 0.03 0.16 -1 0
Result 0 3.0 52 0.36 0.23 0.11 0.26 0.17 0.11 0.11 -1 -1 -1 -1
Evo 1.04 0.00 1.00 0.97 1.00 1.00 1.00 0.17 0.00 0.02 0.16 0.26 -1 3
Result 0 16.0 2000 0.42 0.18 0.16 0.17 0.17 0.15 0.18 -1 -1 -1 -1
Evo 1.12 1.00 1.00 1.00 1.00 1.00 1.00 0.00 0.00 0.09 0.02 0.13 -1 4
Result 0 0.0 127 0.45 0.19 0.13 0.23 0.13 0.22 0.11 -1 -1 -1 -1
Evo 1.27 0.00 1.00 0.99 1.00 1.00 1.00 0.07 0.01 0.04 0.05 0.15 -1 0
Result 0 5.0 196 0.43 0.16 0.16 0.15 0.20 0.13 0.20 -1 -1 -1 -1
Evo 1.13 1.00 1.00 1.00 1.00 1.00 1.00 0.00 0.00 0.29 0.05 0.15 -1 0
Result 0 3.0 127 0.42 0.16 0.23 0.21 0.11 0.16 0.13 -1 -1 -1 -1
Evo 1.13 1.00 1.00 1.00 1.00 1.00 1.00 0.00 0.00 0.25 0.08 0.18 -1 1
Result 0 8.0 655 0.45 0.19 0.15 0.15 0.14 0.19 0.18 -1 -1 -1 -1
Evo 1.08 0.00 1.00 0.98 1.00 1.00 1.00 0.13 0.01 0.25 0.03 0.09 -1 0
Result 0 0.0 431 0.42 0.17 0.16 0.13 0.19 0.17 0.19 -1 -1 -1 -1
Evo 1.04 1.00 1.00 1.00 1.00 1.00 1.00 0.00 0.00 0.05 0.03 0.12 -1 0
Result 0 0.0 263 0.44 0.17 0.14 0.20 0.18 0.15 0.16 -1 -1 -1 -1
Evo 1.04 0.00 1.00 0.97 1.00 1.00 1.00 0.17 0.00 0.04 0.17 0.27 -1 0
Result 0 16.0 2000 0.43 0.18 0.16 0.17 0.15 0.17 0.16 -1 -1 -1 -1
Evo 1.07 1.00 1.00 1.00 1.00 1.00 1.00 0.00 0.00 0.32 0.06 0.19 -1 22
Result 0 5.0 119 0.46 0.14 0.19 0.23 0.18 0.08 0.18 -1 -1 -1 -1
Evo 1.10 1.00 1.00 1.00 1.00 1.00 1.00 0.00 0.00 0.13 0.08 0.22 -1 76
Result 0 9.0 403 0.47 0.20 0.16 0.16 0.17 0.15 0.16 -1 -1 -1 -1
Evo 1.02 0.00 1.00 0.97 1.00 1.00 1.00 0.17 0.00 0.09 0.15 0.22 -1 8
Result 0 12.0 2000 0.43 0.16 0.17 0.17 0.15 0.17 0.17 -1 -1 -1 -1
Evo 1.01 0.00 1.00 0.97 1.00 1.00 1.00 0.17 0.00 0.21 0.15 0.22 -1 15
Result 0 12.0 2000 0.44 0.18 0.18 0.16 0.15 0.17 0.17 -1 -1 -1 -1
Evo 1.02 0.00 1.00 0.91 1.00 1.00 1.00 0.29 0.02 0.11 0.05 0.15 -1 22
Result 0 1.0 294 0.46 0.19 0.16 0.15 0.18 0.16 0.16 -1 -1 -1 -1
Evo 1.07 1.00 1.00 1.00 1.00 1.00 1.00 0.00 0.00 0.34 0.06 0.23 -1 28
Result 0 10.0 255 0.44 0.18 0.17 0.20 0.12 0.12 0.21 -1 -1 -1 -1
Evo 1.03 0.00 1.00 0.97 1.00 1.00 1.00 0.17 0.00 0.15 0.16 0.24 -1 11
Result 0 12.0 2000 0.43 0.16 0.16 0.16 0.17 0.17 0.18 -1 -1 -1 -1
Evo 1.06 0.00 1.00 0.99 1.00 1.00 1.00 0.07 0.01 0.29 0.05 0.20 -1 42
Result 0 8.0 180 0.42 0.15 0.16 0.19 0.16 0.15 0.19 -1 -1 -1 -1
Evo 1.01 0.00 1.00 0.97 1.00 1.00 1.00 0.17 0.00 0.06 0.14 0.22 -1 34
Result 0 12.0 2000 0.44 0.17 0.15 0.17 0.17 0.17 0.17 -1 -1 -1 -1
Evo 1.00 0.00 1.00 0.98 1.00 1.00 1.00 0.15 0.01 0.03 0.02 0.05 -1 207
Result 0 0.0 407 0.46 0.20 0.18 0.12 0.15 0.20 0.15 -1 -1 -1 -1
Evo 1.14 1.00 1.00 1.00 1.00 1.00 1.00 0.00 0.00 0.50 0.08 0.22 -1 10
Result 0 10.0 279 0.45 0.14 0.19 0.20 0.18 0.13 0.17 -1 -1 -1 -1
Evo 1.12 0.00 1.00 1.00 1.00 1.00 1.00 0.05 0.00 0.51 0.09 0.21 -1 19
Result 0 10.0 444 0.41 0.17 0.15 0.18 0.15 0.14 0.21 -1 -1 -1 -1
Evo 1.01 0.00 1.00 0.97 1.00 1.00 1.00 0.17 0.00 0.13 0.12 0.24 -1 27
Result 0 12.0 2000 0.44 0.17 0.16 0.18 0.16 0.16 0.16 -1 -1 -1 -1
Evo 1.13 0.00 1.00 0.98 1.00 1.00 1.00 0.16 0.01 0.06 0.04 0.13 -1 64
Result 0 1.0 324 0.44 0.18 0.16 0.13 0.18 0.18 0.18 -1 -1 -1 -1
Evo 1.01 0.00 1.00 0.97 1.00 1.00 1.00 0.17 0.00 0.13 0.14 0.24 -1 3
Result 0 12.0 2000 0.43 0.17 0.17 0.18 0.15 0.17 0.17 -1 -1 -1 -1
Evo 1.15 0.00 1.00 1.00 1.00 1.00 1.00 0.07 0.00 0.43 0.06 0.19 -1 33
Result 0 11.0 234 0.43 0.16 0.16 0.17 0.19 0.11 0.21 -1 -1 -1 -1
Evo 1.09 1.00 1.00 1.00 1.00 1.00 1.00 0.00 0.00 0.16 0.05 0.23 -1 21
Result 0 6.0 185 0.44 0.18 0.19 0.17 0.16 0.13 0.17 -1 -1 -1 -1
Evo 1.12 0.00 1.00 0.98 1.00 1.00 1.00 0.13 0.01 0.04 0.02 0.06 -1 112
Result 0 0.0 329 0.42 0.16 0.15 0.13 0.18 0.19 0.18 -1 -1 -1 -1
Evo 1.01 0.00 1.00 0.97 1.00 1.00 1.00 0.17 0.00 0.23 0.16 0.23 -1 8
Result 0 12.0 2000 0.42 0.19 0.16 0.16 0.15 0.16 0.18 -1 -1 -1 -1
Evo 1.04 0.00 1.00 0.96 1.00 1.00 1.00 0.20 0.00 0.10 0.15 0.25 -1 125
Result 0 13.0 2000 0.43 0.18 0.17 0.17 0.15 0.16 0.18 -1 -1 -1 -1
