0.0 0.0 0.0167682926829 0.0494382022472 0.190871369295 0.241816967268 0.291237113402 0.519134775374 0.581525108493 0.614047791455 0.67497921862 0.777020447907 0.786324786325 0.794573643411 0.8 0.750957854406 0.755102040816 0.741935483871 0.623376623377 0.581818181818
0.0685714285714 0.0680515759312 0.0759312320917 0.0896700143472 0.158878504673 0.18345323741 0.206349206349 0.371283538796 0.424552429668 0.451646090535 0.514888337469 0.641065830721 0.655172413793 0.667711598746 0.68085106383 0.619883040936 0.63358778626 0.640449438202 0.532258064516 0.510638297872
0.0 0.0 0.00236642694572 0.0041315665446 0.00819317681358 0.00933486407772 0.0103440341602 0.0129570237849 0.0144774617643 0.0160333990527 0.017428397136 0.0181044272218 0.0212604574824 0.0241675787222 0.0279605452103 0.0331776061252 0.0367125347634 0.045726054727 0.0555714044654 0.0596972155875
0.0 0.018278750952 0.0137299771167 0.125179856115 0.567523236741 0.752250118427 0.828836797877 0.896437448219 0.896551724138 0.889548693587 0.893189964158 0.887867647059 0.836415362731 0.828125 0.819407008086 0.828897338403 0.824742268041 0.784 0.684210526316 0.653846153846
0.0685714285714 0.0766475644699 0.073782234957 0.12769010043 0.431344356578 0.623741007194 0.720779220779 0.818709209572 0.818414322251 0.808641975309 0.815136476427 0.808777429467 0.735632183908 0.724137931034 0.714893617021 0.736842105263 0.740458015267 0.696629213483 0.612903225806 0.617021276596
0.0 0.00247075987983 0.00225711396453 0.00654796121786 0.0130116287714 0.0132261762528 0.0123935456466 0.0106253195784 0.0113171175343 0.0128200956686 0.0138133731334 0.0159009374152 0.021202664957 0.0245645619018 0.0285981373894 0.0326489665487 0.0375392544438 0.0450068993017 0.056655644369 0.0652475708695
0.0 0.0 0.0 0.0 0.0 0.0 0.0 0.291529875246 0.299382716049 0.293785310734 0.372807017544 0.496103896104 0.460921843687 0.440677966102 0.4609375 0.43023255814 0.594202898551 0.578313253012 0.454545454545 0.709677419355
0.0685714285714 0.0680515759312 0.0680515759312 0.0667144906743 0.0647016534867 0.0640287769784 0.0613275613276 0.217548948513 0.225916453538 0.228395061728 0.290322580645 0.391849529781 0.381609195402 0.379310344828 0.412765957447 0.426900584795 0.572519083969 0.606741573034 0.612903225806 0.808510638298
0.0 0.0 0.0 0.0 0.0 0.0 0.0 0.00989684497372 0.0108478880015 0.0117735648739 0.0143697911383 0.018131737672 0.021144139913 0.024064109663 0.028286586789 0.0320867036748 0.0410268922106 0.048202763652 0.051699004665 0.0652475708695
0.0637037037037 0.799109131403 0.918536009445 0.949771689498 0.960784313725 0.961088024178 0.967741935484 0.971058644326 0.965579710145 0.961983471074 0.958389261745 0.945017182131 0.927272727273 0.911711711712 0.898263027295 0.874125874126 0.845070422535 0.785185185185 0.666666666667 0.551724137931
0.0971428571429 0.676934097421 0.851719197708 0.905308464849 0.92523364486 0.925899280576 0.938672438672 0.94488759971 0.935208866155 0.929012345679 0.923076923077 0.899686520376 0.871264367816 0.846394984326 0.825531914894 0.789473684211 0.748091603053 0.674157303371 0.548387096774 0.446808510638
0.00476426812101 0.0125235394199 0.00843227990593 0.00572899841557 0.00448091778036 0.00469598464096 0.00510428295239 0.00522346176145 0.00677591495759 0.00789683054847 0.00910253239053 0.0109265950941 0.0151585551074 0.018541551541 0.0214551134696 0.0234686334758 0.0261219585702 0.0348865990512 0.0447374942184 0.0519316628328
