0.0 0.255639097744 0.785680640603 0.888126875268 0.910084033613 0.925879917184 0.931574608409 0.939344262295 0.948268839104 0.996480250293 1.0
0.0842857142857 0.215982721382 0.672190201729 0.810732414793 0.843795620438 0.867701404287 0.875841436051 0.887793783169 0.902905198777 0.993023255814 1.0
0.0 0.0091995833066 0.0130816952774 0.011367803815 0.0106561095396 0.00988243707639 0.00944310878602 0.00881714123142 0.00818681908477 0.00204539779178 0.0
0.299139642621 0.854377474703 0.922824302135 0.936922458819 0.9408 0.946528332003 0.953330674112 0.960063897764 0.968051118211 0.997650743931 1.0
0.243571428571 0.761699064075 0.864553314121 0.886149383611 0.89197080292 0.90096082779 0.912490650711 0.924184988628 0.938837920489 0.995348837209 1.0
0.00988562507333 0.0120576223936 0.00990998699197 0.00871693211281 0.00828601338298 0.00775802802624 0.00732488982974 0.00690685543005 0.00654769198262 0.00244185808049 0.0
0.0 0.0 0.0637813211845 0.0869565217391 0.105341246291 0.113737075332 0.112342941611 0.112342941611 0.119469026549 0.996059889677 0.996059889677
0.0842857142857 0.0827933765299 0.111671469741 0.116751269036 0.119708029197 0.113082039911 0.10172026926 0.0894617134193 0.0871559633028 0.992248062016 0.992150706436
0.0 0.0 0.00465062338194 0.00549353155807 0.00610713485361 0.00641228032975 0.00644847106288 0.00653366999076 0.00670255745212 0.00391269184806 0.00247240375763
0.0 0.0 0.0 0.00156739811912 0.00313234142522 0.00156862745098 0.00781860828772 0.009375 0.009375 0.0109289617486 0.0109289617486
0.0842857142857 0.0827933765299 0.0821325648415 0.0761421319797 0.070802919708 0.0591278640059 0.0508601346298 0.0386656557998 0.0305810397554 0.0178294573643 0.00549450549451
0.0 0.0 0.0 0.00102479162776 0.00126288566588 0.000738825116439 0.00166932156452 0.00185285227429 0.00186839846288 0.00204539779178 0.00207101471877
