0.172523961661 0.373493975904 0.448529411765 0.381502890173 0.165137614679 0.229166666667 0.0967741935484 0.210526315789 0.153846153846 0.0740740740741 0.1 0.105263157895 0.235294117647 0.0 0.181818181818 0.222222222222 0.0 0.0 0.0 0.0
0.815 0.788617886179 0.8125 0.830696202532 0.825 0.821686746988 0.847826086957 0.862804878049 0.874524714829 0.900793650794 0.921397379913 0.917874396135 0.93085106383 0.9375 0.946428571429 0.95625 0.958904109589 0.958333333333 0.971631205674 0.963235294118
0.00367557337706 0.00797444855624 0.00965973844755 0.00933864201245 0.00733983510274 0.00916227832084 0.00660173644566 0.00901998531899 0.00920679692778 0.00683218298934 0.00614857822812 0.0083065406147 0.0091392323284 0.0079895187491 0.0117621847626 0.0123427610363 0.0150509971953 0.0152562804704 0.013981752504 0.0161366094286
0.18691588785 0.547263681592 0.711956521739 0.663829787234 0.6 0.609271523179 0.558558558559 0.583333333333 0.526315789474 0.51724137931 0.382978723404 0.409090909091 0.428571428571 0.387096774194 0.4 0.47619047619 0.142857142857 0.125 0.0 0.0
0.813571428571 0.815040650407 0.8675 0.875 0.876923076923 0.857831325301 0.866847826087 0.878048780488 0.863117870722 0.888888888889 0.873362445415 0.874396135266 0.872340425532 0.892045454545 0.910714285714 0.93125 0.917808219178 0.902777777778 0.893617021277 0.911764705882
0.00417261480198 0.0110020783314 0.01417517361 0.014457912245 0.014598051073 0.0183817316843 0.0185858225135 0.0195159127928 0.022804047947 0.0215212203504 0.0219766136472 0.0237711401725 0.0259658314164 0.0249288761005 0.023862610885 0.0237170824513 0.0235704683951 0.0254563859351 0.0259658314164 0.02432165384
0.188679245283 0.493368700265 0.640243902439 0.520408163265 0.412698412698 0.486956521739 0.487179487179 0.540540540541 0.408163265306 0.4 0.181818181818 0.2 0.583333333333 0.4 0.363636363636 0.8 0.0 0.4 0.0 0.0
0.815714285714 0.805894308943 0.8525 0.851265822785 0.857692307692 0.857831325301 0.891304347826 0.896341463415 0.889733840304 0.916666666667 0.921397379913 0.92270531401 0.946808510638 0.948863636364 0.958333333333 0.9875 0.986301369863 0.979166666667 0.985815602837 0.992647058824
0.00399416484007 0.0100850014177 0.0126675489687 0.0116599858173 0.0105385263247 0.0134626266292 0.0123588386337 0.0149169275324 0.0147392316738 0.0128707558677 0.00865701223304 0.00956802929685 0.016367156205 0.0136782672282 0.0117621847626 0.0137553256732 0.00682581820656 0.0136946291275 0.00995849544314 0.00732585842818
0.0 0.0 0.0 0.0 0.0 0.0 0.0 0.0 0.0 0.0 0.0 0.0 0.0 0.0 0.0 0.0 0.0 0.0 0.0 0.0
0.795714285714 0.729674796748 0.74125 0.784810126582 0.819230769231 0.804819277108 0.847826086957 0.853658536585 0.874524714829 0.904761904762 0.921397379913 0.92270531401 0.925531914894 0.948863636364 0.958333333333 0.96875 0.993150684932 0.993055555556 1.0 1.0
0.0 0.0 0.0 0.0 0.0 0.0 0.0 0.0 0.0 0.0 0.0 0.0 0.0 0.0 0.0 0.0 0.0 0.0 0.0 0.0
