0.374771480804 0.571763327475 0.62001156738 0.663599769983 0.72819216182 0.761474793078 0.778778778779 0.781740370899 0.792828685259 0.814569536424 0.783625730994 0.682926829268 0.4375 0.37037037037 0.0 0.0 0.0 0.0 0.0 0.0
0.511428571429 0.474478792236 0.512972572276 0.53125 0.589302769819 0.618990384615 0.638888888889 0.642523364486 0.656765676568 0.687150837989 0.647619047619 0.518518518519 0.307692307692 0.260869565217 0.0625 0.125 0.125 0.125 0.3125 0.0
0.0116808881806 0.0122675620177 0.0117631451643 0.0100133286556 0.00756363245456 0.0050438651333 0.00282320321852 0.00329650807463 0.00465194212351 0.00785637282111 0.013339810542 0.0183462494857 0.0377146413727 0.0425225779932 0.0605153647845 0.0826797284708 0.0826797284708 0.0826797284708 0.115878101361 0.0
0.474576271186 0.508553654743 0.548990276739 0.628776978417 0.693098384728 0.712510356255 0.739273927393 0.76397515528 0.785087719298 0.812949640288 0.815286624204 0.736842105263 0.466666666667 0.4 0.0 0.0 0.0 0.0 0.0 0.0
0.512857142857 0.545650611071 0.55300222387 0.586538461538 0.60076408787 0.582932692308 0.612745098039 0.644859813084 0.676567656766 0.709497206704 0.72380952381 0.62962962963 0.384615384615 0.347826086957 0.125 0.125 0.125 0.125 0.125 0.1875
0.0131084287308 0.0131298249283 0.0135720194471 0.0139987884102 0.0137856650419 0.0129697640589 0.0145110226497 0.0166637804636 0.0209761976311 0.0263361837057 0.0350728490475 0.0457095882542 0.0626562680016 0.0702237263554 0.0826797284708 0.0826797284708 0.0826797284708 0.0826797284708 0.0826797284708 0.097578093725
0.00272108843537 0.0532623169108 0.142857142857 0.214569536424 0.301833568406 0.440422322775 0.505703422053 0.457765667575 0.546712802768 0.634920634921 0.75 0.84 0.545454545455 0.888888888889 0.0 0.0 0.0 0.0 0.0 0.0
0.476428571429 0.488856937455 0.510748702743 0.52483974359 0.527220630372 0.554086538462 0.575163398693 0.535046728972 0.567656765677 0.614525139665 0.733333333333 0.851851851852 0.807692307692 0.95652173913 1.0 1.0 1.0 1.0 1.0 1.0
0.000714030566675 0.00319185409085 0.00538431622493 0.00697358436766 0.00936129202235 0.0132578749727 0.0168052817217 0.019856280481 0.0260793416177 0.0358227861682 0.0481512213185 0.0663400779636 0.0707589393083 0.0790341964475 0.0 0.0 0.0 0.0 0.0 0.0
0.237250554324 0.313767342583 0.424180327869 0.48253968254 0.53488372093 0.541271989175 0.487895716946 0.419889502762 0.390625 0.331125827815 0.207792207792 0.0666666666667 0.25 0.0 0.0 0.0 0.0 0.0 0.0 0.0
0.508571428571 0.537742631201 0.583395107487 0.608173076923 0.617956064947 0.592548076923 0.550653594771 0.509345794393 0.485148514851 0.435754189944 0.419047619048 0.481481481481 0.769230769231 0.782608695652 1.0 1.0 1.0 1.0 1.0 1.0
0.00868496237347 0.00952362070141 0.0107551575546 0.0116710532154 0.0133176725393 0.0153776796496 0.01726863502 0.0194523091149 0.0221433458091 0.0263361837057 0.0273195110705 0.0183462494857 0.0377146413727 0.0 0.0 0.0 0.0 0.0 0.0 0.0
