Evo 49.23 -10000003.67 0.74 -292901.36 -444444.00 0.45 0.58 850691.02 19017.28 0.01 0.01 0.04 -1 0
Result 0 0.0 2000 0.07 0.24 0.01 0.00 0.24 0.27 0.24 -1 -1 -1 -1
Evo 49.24 -10000003.59 0.71 -306654.96 -454544.91 -249999.63 0.58 851007.52 19024.35 0.01 0.02 0.06 -1 0
Result 0 0.0 2000 0.06 0.24 0.01 0.00 0.26 0.25 0.24 -1 -1 -1 -1
Evo 49.49 -10000003.64 0.74 -285070.62 -444443.98 0.50 0.59 852011.35 19046.79 0.01 0.01 0.04 -1 0
Result 0 0.0 2000 0.05 0.25 0.01 0.00 0.25 0.25 0.24 -1 -1 -1 -1
Evo 49.05 -10000003.59 0.74 -302134.91 -454544.91 -243902.05 0.58 850607.61 19015.41 0.01 0.01 0.04 -1 0
Result 0 0.0 2000 0.08 0.26 0.01 0.00 0.25 0.24 0.24 -1 -1 -1 -1
Evo 49.20 -10000002.27 0.71 -287394.52 -434782.21 0.48 0.58 851184.16 19028.30 0.01 0.01 0.06 -1 0
Result 0 0.0 2000 0.05 0.25 0.01 0.00 0.26 0.24 0.24 -1 -1 -1 -1
Evo 49.82 -10000003.54 0.69 -282252.03 -434782.17 0.50 0.58 850904.92 19022.06 0.01 0.01 0.04 -1 0
Result 0 0.0 2000 0.05 0.26 0.01 0.00 0.25 0.26 0.22 -1 -1 -1 -1
Evo 49.11 -10000003.88 0.69 -301449.82 -444443.96 -243902.09 0.58 850363.54 19009.96 0.01 0.01 0.05 -1 0
Result 0 0.0 2000 0.04 0.25 0.01 0.00 0.25 0.24 0.25 -1 -1 -1 -1
Evo 48.88 -10000003.18 0.71 -296569.67 -454544.94 -199999.52 0.58 851298.96 19030.87 0.01 0.01 0.04 -1 0
Result 0 1.0 2000 0.05 0.25 0.01 0.00 0.26 0.23 0.25 -1 -1 -1 -1
Evo 50.24 -10000004.08 0.69 -289366.38 -454544.64 0.48 0.58 851324.00 19031.43 0.01 0.02 0.06 -1 0
Result 0 0.0 2000 0.06 0.26 0.01 0.00 0.25 0.25 0.23 -1 -1 -1 -1
Evo 49.38 -10000002.46 0.71 -297634.12 -444444.12 -217390.91 0.58 851149.06 19027.52 0.01 0.01 0.04 -1 0
Result 0 2.0 2000 0.06 0.23 0.01 0.00 0.24 0.27 0.25 -1 -1 -1 -1
Evo 49.37 -10000004.26 0.71 -295099.10 -434782.29 -217390.90 0.58 850509.97 19013.23 0.01 0.01 0.03 -1 0
Result 0 0.0 2000 0.06 0.23 0.01 0.00 0.25 0.25 0.26 -1 -1 -1 -1
Evo 49.90 -10000003.48 0.71 -292579.15 -444444.07 0.47 0.58 851332.73 19031.62 0.01 0.01 0.04 -1 0
Result 0 0.0 2000 0.07 0.25 0.01 -1 0.26 0.25 0.23 -1 -1 -1 -1
Evo 48.11 -10000003.53 0.98 -327459.54 -476190.16 -285713.90 0.57 853843.00 19087.74 0.01 0.02 0.06 -1 0
Result 0 0.0 2000 0.07 0.24 0.01 0.01 0.26 0.23 0.25 -1 -1 -1 -1
Evo 49.69 -10000003.62 0.71 -298491.14 -454544.76 -222221.89 0.58 850897.52 19021.89 0.01 0.02 0.06 -1 0
Result 0 0.0 2000 0.47 0.26 0.21 0.00 0.04 0.25 0.23 -1 -1 -1 -1
Evo 48.18 -10000003.57 0.72 -336878.61 -487804.67 -285713.82 0.58 857380.40 19166.82 0.01 0.03 0.07 -1 0
Result 0 0.0 2000 0.17 0.25 0.04 0.04 0.20 0.20 0.27 -1 -1 -1 -1
Evo 49.63 -10000003.38 0.71 -298073.29 -454544.91 0.47 0.58 853176.87 19072.85 0.01 0.01 0.05 -1 0
Result 0 0.0 2000 0.08 0.25 0.01 0.00 0.23 0.25 0.26 -1 -1 -1 -1
Evo 49.09 -10000003.78 0.74 -295838.03 -454544.66 -196078.10 0.58 851403.31 19033.20 0.01 0.01 0.04 -1 0
Result 0 0.0 2000 0.03 0.24 0.00 0.00 0.25 0.26 0.24 -1 -1 -1 -1
Evo 48.73 -10000004.25 0.74 -303351.80 -454544.82 -222221.77 0.58 852416.97 19055.86 0.01 0.01 0.06 -1 0
Result 0 0.0 2000 0.07 0.23 0.01 0.00 0.24 0.24 0.27 -1 -1 -1 -1
Evo 49.27 -10000003.70 0.74 -296874.68 -454544.88 0.46 0.58 852178.15 19050.52 0.01 0.01 0.06 -1 0
Result 0 0.0 2000 0.07 0.25 0.01 0.00 0.24 0.25 0.25 -1 -1 -1 -1
Evo 49.19 -10000002.82 0.67 -294312.41 -444443.83 -196078.07 0.58 851345.52 19031.91 0.01 0.01 0.05 -1 0
Result 0 0.0 2000 0.06 0.25 0.01 0.00 0.24 0.24 0.26 -1 -1 -1 -1
Evo 61.49 -10000003.44 0.67 -115904.76 0.56 0.61 0.64 843411.62 18854.54 0.01 0.01 0.03 -1 0
Result 0 0.0 2000 0.46 0.21 0.20 0.00 0.18 0.20 0.21 -1 -1 -1 -1
Evo 61.57 -10000003.35 0.71 -115606.46 0.56 0.61 0.64 842315.46 18830.04 0.01 0.01 0.03 -1 0
Result 0 0.0 2000 0.47 0.20 0.22 0.00 0.20 0.18 0.21 -1 -1 -1 -1
Evo 61.59 -10000004.21 0.74 -121198.55 0.55 0.61 0.64 844496.34 18878.79 0.01 0.01 0.03 -1 0
Result 0 0.0 2000 0.46 0.19 0.21 0.00 0.20 0.19 0.20 -1 -1 -1 -1
Evo 61.84 -10000003.08 0.71 -115657.29 0.56 0.61 0.64 841670.60 18815.62 0.01 0.01 0.02 -1 0
Result 0 0.0 2000 0.46 0.21 0.20 0.00 0.21 0.19 0.19 -1 -1 -1 -1
Evo 61.51 -10000003.55 0.68 -116799.11 0.56 0.61 0.64 842803.17 18840.94 0.01 0.01 0.03 -1 0
Result 0 0.0 2000 0.46 0.20 0.20 0.00 0.21 0.20 0.19 -1 -1 -1 -1
Evo 61.52 -10000002.97 0.85 -115570.33 0.56 0.61 0.64 842138.15 18826.08 0.01 0.01 0.03 -1 0
Result 0 0.0 2000 0.47 0.19 0.20 0.00 0.20 0.19 0.21 -1 -1 -1 -1
Evo 61.61 -10000003.74 0.80 -114497.39 0.56 0.61 0.64 841137.49 18803.71 0.01 0.01 0.02 -1 0
Result 0 0.0 2000 0.46 0.20 0.20 0.00 0.20 0.19 0.21 -1 -1 -1 -1
Evo 61.75 -10000002.70 0.67 -114206.70 0.56 0.61 0.64 841017.09 18801.01 0.01 0.01 0.03 -1 0
Result 0 0.0 2000 0.48 0.20 0.20 0.20 0.21 0.00 0.19 -1 -1 -1 -1
Evo 61.48 -10000003.20 0.67 -121476.35 0.55 0.61 0.64 841444.16 18810.56 0.01 0.02 0.03 -1 0
Result 0 0.0 2000 0.47 0.20 0.19 0.00 0.21 0.22 0.19 -1 -1 -1 -1
Evo 61.14 -10000003.79 0.73 -120099.60 0.56 0.61 0.64 842762.60 18840.04 0.01 0.01 0.02 -1 0
Result 0 0.0 2000 0.46 0.19 0.20 0.00 0.20 0.20 0.21 -1 -1 -1 -1
Evo 61.63 -10000002.48 0.73 -119481.62 0.56 0.61 0.64 843543.96 18857.50 0.01 0.01 0.03 -1 0
Result 0 0.0 2000 0.46 0.19 0.22 0.00 0.19 0.19 0.20 -1 -1 -1 -1
Evo 61.71 -10000002.41 0.91 -114455.89 0.56 0.61 0.64 841944.92 18821.76 0.01 0.01 0.03 -1 0
Result 0 0.0 2000 0.46 0.20 0.19 0.00 0.20 0.21 0.19 -1 -1 -1 -1
Evo 61.50 -10000003.71 0.73 -114144.31 0.56 0.61 0.64 840805.25 18796.28 0.01 0.01 0.03 -1 0
Result 0 0.0 2000 0.01 0.20 0.20 0.19 0.22 0.00 0.19 -1 -1 -1 -1
Evo 61.35 -10000002.90 0.67 -115734.54 0.56 0.61 0.64 842441.38 18832.85 0.01 0.01 0.03 -1 0
Result 0 0.0 2000 0.46 0.20 0.20 0.00 0.19 0.22 0.19 -1 -1 -1 -1
Evo 61.74 -10000003.53 0.67 -121059.84 0.56 0.61 0.64 845009.58 18890.27 0.01 0.01 0.03 -1 0
Result 0 0.0 2000 0.45 0.19 0.21 0.00 0.18 0.21 0.21 -1 -1 -1 -1
Evo 61.53 -10000002.40 0.73 -117950.08 0.56 0.61 0.64 842873.62 18842.52 0.01 0.01 0.03 -1 0
Result 0 0.0 2000 0.46 0.20 0.20 0.00 0.20 0.20 0.20 -1 -1 -1 -1
Evo 61.66 -10000003.71 0.83 -117097.41 0.56 0.61 0.64 843675.74 18860.45 0.01 0.01 0.02 -1 0
Result 0 0.0 2000 0.46 0.20 0.20 0.00 0.19 0.20 0.21 -1 -1 -1 -1
Evo 61.30 -10000002.83 0.67 -117782.23 0.56 0.61 0.64 842888.62 18842.85 0.01 0.02 0.04 -1 0
Result 0 0.0 2000 0.47 0.20 0.20 0.00 0.19 0.21 0.20 -1 -1 -1 -1
Evo 60.60 -10000003.67 1.31 -134495.81 0.55 0.61 0.64 846906.78 18932.68 0.01 0.01 0.03 -1 0
Result 0 0.0 2000 0.01 0.19 0.21 0.19 0.20 0.00 0.20 -1 -1 -1 -1
Evo 61.77 -10000003.48 0.70 -114255.93 0.56 0.61 0.64 841034.58 18801.41 0.01 0.01 0.02 -1 0
Result 0 0.0 2000 0.45 0.21 0.20 0.00 0.19 0.20 0.21 -1 -1 -1 -1
Evo 38.37 -5507244.78 1.50 -826578.43 -1176469.87 -555554.68 -227272.35 881986.52 22887.52 0.01 0.11 0.18 -1 0
Result 0 0.0 1484 0.43 0.24 0.14 0.04 0.16 0.21 0.21 -1 -1 -1 -1
Evo 43.91 -4776116.98 0.72 -538654.25 -624999.38 -399999.50 0.55 741423.72 26196.92 0.01 0.05 0.10 -1 0
Result 0 0.0 800 0.50 0.23 0.11 0.01 0.14 0.25 0.25 -1 -1 -1 -1
Evo 45.23 -10000003.42 0.91 -546704.39 -624999.21 -416666.18 0.54 991238.02 22159.22 0.01 0.05 0.08 -1 0
Result 0 0.0 2000 0.40 0.24 0.12 0.01 0.14 0.24 0.25 -1 -1 -1 -1
Evo 44.15 -9999998.42 0.66 -607706.05 -769229.80 -454544.75 0.52 898065.88 56460.92 0.03 0.03 0.09 -1 0
Result 0 0.0 252 0.50 0.21 0.01 0.02 0.25 0.26 0.25 -1 -1 -1 -1
Evo 36.97 -6999997.89 0.96 -866320.60 -1086956.08 -624999.39 -270269.93 948131.67 51957.30 0.03 0.05 0.14 -1 0
Result 0 0.0 332 0.50 0.24 0.25 0.19 0.05 0.02 0.25 -1 -1 -1 -1
Evo 47.05 -10000000.28 0.67 -809086.93 -975608.93 -344827.01 0.58 1298859.41 67985.41 0.02 0.05 0.14 -1 0
Result 0 0.0 364 0.06 0.22 0.19 0.21 0.21 0.01 0.16 -1 -1 -1 -1
Evo 40.96 -9999998.26 0.96 -792973.18 -937499.34 -555554.91 -312499.47 1003484.21 59028.48 0.03 0.04 0.14 -1 0
Result 0 0.0 288 0.43 0.25 0.17 0.03 0.29 0.03 0.23 -1 -1 -1 -1
Evo 43.18 -10000003.84 0.88 -634546.86 -666666.39 -454544.75 0.54 1055292.90 23591.17 0.01 0.04 0.08 -1 0
Result 0 0.0 2000 0.44 0.23 0.18 0.02 0.09 0.25 0.24 -1 -1 -1 -1
Evo 38.41 -10000003.98 2.85 -903828.25 -1111109.31 -588232.91 -277775.39 1191102.15 26627.20 0.01 0.18 0.28 -1 0
Result 0 2.0 2000 0.45 0.23 0.15 0.06 0.18 0.18 0.20 -1 -1 -1 -1
Evo 34.22 -7466663.13 9999997.23 -1046132.47 -1403507.71 -681817.47 -384614.73 1311723.52 34165.95 0.01 0.16 0.22 1467 0
Result 1 29.0 1473 0.45 0.24 0.13 0.07 0.19 0.18 0.20 -1 -1 -1 -1
Evo 44.69 -10000003.88 1.10 -647068.01 -666665.99 -399999.53 0.54 1125280.05 25155.74 0.01 0.05 0.09 -1 0
Result 0 0.0 2000 0.49 0.25 0.08 0.02 0.20 0.23 0.23 -1 -1 -1 -1
Evo 43.12 -10000002.76 1.80 -621792.26 -689653.93 -454543.76 1.50 1044744.21 23355.35 0.01 0.08 0.17 -1 0
Result 0 1.0 2000 0.30 0.28 0.08 0.05 0.20 0.14 0.25 -1 -1 -1 -1
Evo 45.48 -9999994.86 0.74 -715850.28 -799999.54 -454545.03 0.53 1013520.86 63719.51 0.03 0.02 0.07 -1 0
Result 0 0.0 252 0.06 0.26 0.01 0.00 0.28 0.18 0.27 -1 -1 -1 -1
Evo 47.65 -9999998.86 0.67 -718027.25 -769230.20 -227272.23 0.61 1307794.67 68453.10 0.02 0.04 0.12 -1 0
Result 0 0.0 364 0.46 0.18 0.20 0.23 0.15 0.02 0.22 -1 -1 -1 -1
Evo 44.13 -10000002.92 0.88 -649217.32 -689654.55 -434782.19 0.53 1093039.53 24441.11 0.01 0.05 0.10 -1 0
Result 0 0.0 1999 0.32 0.24 0.09 0.01 0.20 0.22 0.23 -1 -1 -1 -1
Evo 43.08 -10000002.85 1.14 -740186.45 -857142.76 -454544.94 0.52 1167110.04 26090.85 0.01 0.18 0.28 -1 0
Result 0 0.0 2000 0.43 0.23 0.17 0.09 0.17 0.10 0.24 -1 -1 -1 -1
Evo 46.60 -10000003.23 0.85 -627239.00 -666666.21 -370369.94 0.58 1153744.51 25792.06 0.01 0.13 0.20 -1 0
Result 0 0.0 2000 0.46 0.23 0.19 0.13 0.10 0.13 0.21 -1 -1 -1 -1
Evo 42.42 -10000001.87 0.67 -814379.58 -1162790.07 -624999.37 -263157.42 952807.85 59902.52 0.03 0.07 0.19 -1 0
Result 0 0.0 252 0.44 0.27 0.11 0.05 0.17 0.23 0.16 -1 -1 -1 -1
Evo 44.84 -10000004.32 1.35 -590858.28 -624999.73 -416666.22 0.54 1063446.75 23773.45 0.01 0.05 0.09 -1 0
Result 0 0.0 2000 0.32 0.25 0.09 0.02 0.18 0.23 0.23 -1 -1 -1 -1
Evo 41.81 -10000004.29 1.01 -743634.14 -833332.84 -476190.11 0.50 1123520.49 25116.40 0.01 0.12 0.16 -1 0
Result 0 0.0 2000 0.39 0.26 0.13 0.06 0.13 0.19 0.23 -1 -1 -1 -1
Evo 50.79 -10000002.70 0.72 -311204.03 -465115.76 -208333.03 0.57 857216.60 19163.16 0.01 0.03 0.05 -1 0
Result 0 0.0 2000 0.42 0.24 0.16 0.13 0.11 0.10 0.26 -1 -1 -1 -1
Evo 51.63 -10000004.47 0.71 -273760.57 -425531.29 0.50 0.58 851524.59 19035.91 0.01 0.02 0.04 -1 0
Result 0 0.0 2000 0.37 0.25 0.12 0.10 0.13 0.16 0.24 -1 -1 -1 -1
Evo 48.85 -10000003.92 0.69 -298988.01 -454544.99 0.46 0.58 852018.08 19046.94 0.01 0.01 0.03 -1 0
Result 0 0.0 2000 0.03 0.25 0.00 0.01 0.25 0.24 0.25 -1 -1 -1 -1
Evo 49.58 -10000003.12 0.69 -299508.48 -454544.85 -212765.57 0.58 851888.75 19044.05 0.01 0.01 0.04 -1 0
Result 0 0.0 2000 0.21 0.24 0.05 0.01 0.22 0.24 0.24 -1 -1 -1 -1
Evo 49.50 -10000003.53 0.69 -292991.67 -454544.87 0.47 0.58 851481.41 19034.95 0.01 0.01 0.03 -1 0
Result 0 0.0 2000 0.03 0.24 0.00 0.01 0.23 0.24 0.27 -1 -1 -1 -1
Evo 49.31 -10000003.78 0.71 -298597.19 -454544.96 -222221.73 0.58 851092.06 19026.24 0.01 0.01 0.04 -1 0
Result 0 0.0 2000 0.06 0.25 0.01 0.01 0.24 0.25 0.25 -1 -1 -1 -1
Evo 51.20 -10000004.09 0.72 -299266.41 -454544.98 0.46 0.57 855079.57 19115.38 0.01 0.03 0.05 -1 0
Result 0 0.0 2000 0.43 0.25 0.16 0.09 0.08 0.15 0.26 -1 -1 -1 -1
Evo 49.19 -10000004.15 0.69 -301841.46 -454545.22 -208332.93 0.58 852620.87 19060.42 0.01 0.01 0.03 -1 0
Result 0 0.0 2000 0.50 0.23 0.00 0.01 0.26 0.26 0.24 -1 -1 -1 -1
Evo 49.80 -10000003.54 0.71 -297362.60 -454545.00 0.45 0.58 852102.79 19048.84 0.01 0.02 0.05 -1 0
Result 0 0.0 2000 0.09 0.25 0.01 0.01 0.24 0.25 0.24 -1 -1 -1 -1
Evo 49.00 -10000004.16 0.71 -322893.39 -476189.98 -270269.89 0.57 854835.17 19109.92 0.01 0.03 0.05 -1 0
Result 0 0.0 2000 0.13 0.26 0.02 0.02 0.24 0.22 0.24 -1 -1 -1 -1
Evo 49.29 -10000002.83 0.69 -305644.49 -454544.98 -243902.05 0.58 851741.16 19040.75 0.01 0.01 0.04 -1 0
Result 0 0.0 2000 0.13 0.25 0.02 0.01 0.22 0.25 0.25 -1 -1 -1 -1
Evo 49.32 -10000002.66 0.71 -303169.40 -454545.17 -232557.82 0.58 851396.15 19033.04 0.01 0.01 0.03 -1 0
Result 0 0.0 2000 0.01 0.24 0.00 0.00 0.25 0.25 0.26 -1 -1 -1 -1
Evo 50.22 -10000003.65 0.69 -290914.26 -444444.06 0.46 0.58 851537.06 19036.19 0.01 0.01 0.04 -1 0
Result 0 0.0 2000 0.28 0.24 0.08 0.00 0.16 0.25 0.26 -1 -1 -1 -1
Evo 49.72 -10000001.94 0.69 -290567.77 -444443.99 0.47 0.58 851435.95 19033.93 0.01 0.01 0.04 -1 0
Result 0 0.0 2000 0.19 0.25 0.04 0.00 0.21 0.26 0.23 -1 -1 -1 -1
Evo 49.80 -10000004.29 0.71 -291156.18 -454544.86 0.48 0.58 824469.92 18435.71 0.01 0.01 0.03 -1 0
Result 0 0.0 1999 0.01 0.24 0.00 0.01 0.24 0.25 0.26 -1 -1 -1 -1
Evo 49.54 -10000002.63 0.69 -287559.47 -454544.89 0.48 0.58 824332.17 18432.63 0.01 0.01 0.04 -1 0
Result 0 1.0 1999 0.09 0.24 0.02 0.01 0.25 0.24 0.25 -1 -1 -1 -1
Evo 49.53 -10000002.64 0.79 -297048.67 -454544.68 -204081.17 0.58 851699.10 19039.81 0.01 0.01 0.04 -1 0
Result 0 0.0 2000 0.03 0.24 0.00 0.01 0.26 0.24 0.25 -1 -1 -1 -1
Evo 50.43 -10000004.25 0.69 -299456.29 -465115.88 -204081.19 0.58 852098.83 19048.75 0.01 0.01 0.04 -1 0
Result 0 0.0 2000 0.28 0.24 0.08 0.01 0.18 0.24 0.26 -1 -1 -1 -1
Evo 48.48 -10000003.57 0.74 -332155.36 -487804.46 -303029.86 0.57 853451.42 19078.98 0.01 0.02 0.05 -1 0
Result 0 1.0 2000 0.01 0.25 0.00 0.01 0.25 0.23 0.26 -1 -1 -1 -1
Evo 49.77 -10000003.79 0.69 -294095.63 -454544.84 0.46 0.57 851014.96 19024.52 0.01 0.01 0.04 -1 0
Result 0 0.0 2000 0.18 0.24 0.04 0.01 0.22 0.25 0.24 -1 -1 -1 -1
Evo 31.29 -5890408.72 0.72 -1242203.30 -1636362.27 -833332.89 -526315.15 1132312.92 85594.81 0.04 0.06 0.10 -1 0
Result 0 0.0 174 0.27 0.23 0.07 0.18 0.13 0.23 0.17 -1 -1 -1 -1
Evo 47.32 -10000003.36 7.69 -492227.64 -576915.96 -333325.93 7.54 997623.02 22301.95 0.01 0.07 0.14 -1 0
Result 0 7.0 2000 0.50 0.23 0.24 0.03 0.04 0.22 0.23 -1 -1 -1 -1
Evo 52.00 -9999995.68 0.61 -1515549.13 -1388888.83 -909090.24 -645160.87 1826813.99 278586.52 0.13 0.01 0.07 -1 0
Result 0 0.0 42 0.27 0.28 0.07 0.30 0.05 0.12 0.19 -1 -1 -1 -1
Evo 39.35 -10000003.81 7.80 -966149.80 -1153844.86 -555554.86 -294117.09 1307742.62 29234.71 0.01 0.16 0.19 -1 0
Result 0 7.0 2000 0.40 0.24 0.16 0.11 0.14 0.14 0.21 -1 -1 -1 -1
Evo 37.96 -10000002.21 0.96 -1141613.93 -1578946.20 -851063.30 -370369.70 1193242.30 82146.19 0.04 0.03 0.11 -1 0
Result 0 0.0 210 0.48 0.22 0.18 0.05 0.22 0.10 0.22 -1 -1 -1 -1
Evo 34.63 -10000003.07 0.73 -1282254.53 -1785713.28 -952380.32 -444444.01 1254247.85 86345.98 0.04 0.07 0.17 -1 0
Result 0 0.0 210 0.29 0.25 0.22 0.11 0.13 0.08 0.21 -1 -1 -1 -1
Evo 33.24 -4166664.40 1.05 -1044758.55 -1346153.81 -769230.17 -512820.18 886804.68 62241.49 0.04 0.03 0.09 -1 0
Result 0 0.0 202 0.11 0.28 0.02 0.14 0.02 0.28 0.26 -1 -1 -1 -1
Evo 39.00 -5000000.38 0.90 -716033.19 -967741.00 -487804.61 0.51 812612.79 33313.88 0.02 0.05 0.14 -1 0
Result 0 0.0 594 0.43 0.24 0.07 0.23 0.17 0.08 0.22 -1 -1 -1 -1
Evo 33.38 -5340908.32 0.96 -1068787.55 -1395348.76 -769230.12 -465115.69 933798.58 28533.73 0.01 0.12 0.21 -1 0
Result 0 0.0 1070 0.29 0.23 0.12 0.12 0.21 0.08 0.24 -1 -1 -1 -1
Evo 31.87 -9999997.40 0.62 -1750139.99 -2564101.67 -1176470.51 -606059.86 1690245.47 200595.23 0.09 0.03 0.08 -1 0
Result 0 0.0 70 0.33 0.28 0.17 0.13 0.10 0.13 0.20 -1 -1 -1 -1
Evo 34.38 -4736839.94 1.06 -873154.46 -1142857.13 -697673.65 -416666.22 749183.65 22744.34 0.01 0.14 0.23 -1 0
Result 0 0.0 1084 0.34 0.24 0.13 0.11 0.18 0.10 0.24 -1 -1 -1 -1
Evo 27.32 -7454545.68 1.15 -1818455.44 -2432432.35 -1395349.06 -816326.02 1462168.22 60660.96 0.02 0.08 0.14 -1 0
Result 0 0.0 580 0.41 0.22 0.08 0.13 0.21 0.15 0.20 -1 -1 -1 -1
Evo 34.18 -10000001.82 0.96 -1004531.95 -1346153.85 -810810.20 -444443.83 870538.06 28408.94 0.01 0.08 0.13 -1 0
Result 0 0.0 938 0.27 0.26 0.07 0.19 0.15 0.13 0.20 -1 -1 -1 -1
Evo 38.76 -10000003.45 0.96 -858539.17 -1025640.75 -606059.84 -312499.52 1119109.67 25017.80 0.01 0.16 0.22 -1 0
Result 0 0.0 2000 0.23 0.25 0.09 0.16 0.23 0.06 0.23 -1 -1 -1 -1
Evo 32.80 -7250000.37 1.05 -1137912.79 -1428571.20 -810810.34 -487804.48 1076605.89 31651.19 0.01 0.12 0.19 -1 0
Result 0 0.0 1156 0.45 0.24 0.11 0.14 0.18 0.11 0.22 -1 -1 -1 -1
Evo 44.21 -5593220.53 1.08 -628809.07 -833332.24 -416666.14 0.54 826927.87 25104.57 0.01 0.08 0.21 -1 0
Result 0 0.0 1084 0.49 0.24 0.05 0.21 0.23 0.05 0.23 -1 -1 -1 -1
Evo 39.90 -7205884.48 5.67 -765568.78 -999999.69 -526315.40 0.53 885633.35 21929.41 0.01 0.14 0.26 -1 0
Result 0 5.0 1630 0.47 0.26 0.11 0.16 0.20 0.05 0.22 -1 -1 -1 -1
Evo 43.26 -9999997.80 0.58 -1267459.87 -1304347.16 -666665.83 -344827.23 1798187.54 274221.03 0.13 0.02 0.07 -1 0
Result 0 0.0 42 0.52 0.35 0.30 -1 0.02 0.09 0.23 -1 -1 -1 -1
Evo 44.55 -9999995.62 5.84 -571893.50 -689652.57 -384613.18 2.53 808314.64 19714.99 0.01 0.08 0.16 -1 0
Result 0 2.0 1680 0.48 0.26 0.05 0.02 0.22 0.19 0.26 -1 -1 -1 -1
Evo 28.63 -9076918.58 9999998.34 -1797107.06 -3802816.95 -833332.90 -322573.47 2937992.03 211481.29 0.04 0.04 0.11 133 0
Result 1 17.0 192 0.41 0.23 0.12 0.17 0.11 0.15 0.21 -1 -1 -1 -1
