Evo 57.13 -10000002.78 3.69 -1000516.90 -624999.59 0.67 0.69 2485734.96 168355.22 0.04 0.11 0.19 -1 58
Result 0 3.0 217 0.38 0.13 0.16 0.24 0.19 0.14 0.14 -1 -1 -1 -1
Evo 58.05 -10000002.13 3.25 -1162802.41 -1052629.24 0.61 0.67 2525906.75 171075.99 0.04 0.10 0.19 -1 52
Result 0 2.0 217 0.44 0.17 0.12 0.20 0.22 0.14 0.15 -1 -1 -1 -1
Evo 54.37 -10000003.54 3.28 -1441160.14 -1599997.68 0.56 0.67 2705405.00 183233.15 0.04 0.12 0.21 -1 34
Result 0 2.0 217 0.41 0.15 0.13 0.26 0.18 0.15 0.13 -1 -1 -1 -1
Evo 48.55 -10000003.34 1.65 -2417481.81 -3698629.37 -1166665.68 0.67 3105067.10 210301.68 0.04 0.09 0.17 -1 61
Result 0 1.0 217 0.44 0.17 0.14 0.21 0.18 0.12 0.17 -1 -1 -1 -1
Evo 57.63 -10000003.07 2.73 -1639504.78 -1923076.44 0.65 0.69 2942932.18 199320.52 0.04 0.09 0.17 -1 58
Result 0 2.0 217 0.43 0.17 0.15 0.20 0.17 0.12 0.19 -1 -1 -1 -1
Evo 53.92 -10000003.20 12.06 -906058.18 -285711.01 0.67 3.48 2401840.52 155038.14 0.03 0.14 0.25 -1 56
Result 0 11.0 239 0.38 0.13 0.15 0.19 0.20 0.18 0.16 -1 -1 -1 -1
Evo 38.85 -9523806.78 9999996.19 -663174.44 -888869.54 0.67 11.08 1910274.37 103295.81 0.02 0.21 0.39 298 59
Result 1 23.0 341 0.41 0.15 0.12 0.17 0.18 0.20 0.19 -1 -1 -1 -1
Evo 49.40 -10000002.43 3.69 -1225337.83 -1090908.53 0.64 0.69 2469298.81 168797.79 0.04 0.10 0.18 -1 51
Result 0 3.0 213 0.38 0.13 0.16 0.21 0.16 0.19 0.15 -1 -1 -1 -1
Evo 54.26 -10000003.03 3.69 -1270388.70 -1304347.68 0.64 0.67 2560658.92 173429.71 0.04 0.10 0.18 -1 52
Result 0 3.0 217 0.44 0.18 0.14 0.23 0.13 0.13 0.19 -1 -1 -1 -1
Evo 59.66 -10000004.65 2.94 -1123746.36 -666663.85 0.65 0.69 2667585.91 180671.72 0.04 0.10 0.20 -1 46
Result 0 2.0 217 0.44 0.17 0.13 0.24 0.17 0.15 0.14 -1 -1 -1 -1
Evo 45.01 -3157891.95 10000000.78 86556.39 0.67 3.49 19.20 1385542.34 74812.25 0.02 0.22 0.39 304 68
Result 1 26.0 342 0.38 0.13 0.12 0.19 0.16 0.21 0.19 -1 -1 -1 -1
Evo 59.43 -10000002.64 2.86 -1027359.75 -512818.36 0.67 0.69 2537641.06 171870.74 0.04 0.09 0.18 -1 58
Result 0 2.0 217 0.47 0.21 0.14 0.19 0.16 0.09 0.22 -1 -1 -1 -1
Evo 57.63 -10000003.80 3.69 -1222404.03 -999999.24 0.61 0.69 2593734.25 175669.85 0.04 0.10 0.20 -1 32
Result 0 3.0 217 0.44 0.17 0.12 0.18 0.23 0.16 0.13 -1 -1 -1 -1
Evo 50.33 -10000003.45 3.69 -1560469.04 -1639344.31 0.56 0.69 2836992.64 192587.61 0.04 0.12 0.22 -1 33
Result 0 3.0 216 0.39 0.13 0.16 0.20 0.18 0.15 0.17 -1 -1 -1 -1
Evo 51.90 -10000001.93 2.76 -1227611.82 -1228068.06 0.61 0.67 2351360.45 161112.56 0.04 0.10 0.17 -1 68
Result 0 2.0 212 0.42 0.15 0.18 0.19 0.17 0.16 0.14 -1 -1 -1 -1
Evo 51.13 -10000003.53 2.96 -1600044.22 -2173910.19 -344825.30 0.67 2697997.39 182731.44 0.04 0.11 0.19 -1 49
Result 0 2.0 217 0.43 0.17 0.18 0.17 0.17 0.16 0.14 -1 -1 -1 -1
Evo 36.71 -8082186.65 9999997.33 -1341926.73 -2682914.74 0.53 0.69 2293670.91 123130.71 0.02 0.20 0.36 330 51
Result 1 18.0 346 0.41 0.15 0.12 0.16 0.16 0.22 0.19 -1 -1 -1 -1
Evo 56.34 -10000002.21 4.52 -1348057.06 -1363632.94 0.67 0.69 2712048.39 175061.97 0.03 0.11 0.23 -1 48
Result 0 4.0 239 0.41 0.15 0.14 0.24 0.19 0.15 0.13 -1 -1 -1 -1
Evo 61.21 -10000003.39 3.69 -637603.66 0.49 0.67 3.40 2066051.36 141563.51 0.04 0.11 0.22 -1 35
Result 0 3.0 212 0.37 0.12 0.11 0.23 0.16 0.19 0.18 -1 -1 -1 -1
Evo 45.55 -10000000.14 3.92 -1266691.30 -1509431.38 0.67 0.67 2285531.26 151032.16 0.03 0.11 0.22 -1 73
Result 0 5.0 228 0.44 0.17 0.16 0.22 0.15 0.15 0.15 -1 -1 -1 -1
Evo 48.49 -10000003.47 17.69 -1209306.13 -681803.50 8.76 12.66 2864739.86 227188.65 0.05 0.08 0.17 -1 47
Result 0 17.0 158 0.41 0.15 0.13 0.14 0.19 0.17 0.23 -1 -1 -1 -1
Evo 58.16 -10000002.89 12.69 -1547943.80 -714273.59 8.13 12.60 3308410.80 304563.90 0.06 0.05 0.11 -1 51
Result 0 12.0 117 0.44 0.18 0.19 0.22 0.14 0.09 0.18 -1 -1 -1 -1
Evo 53.64 -10000003.55 7.91 -2582114.44 -5072459.23 0.49 0.69 3574701.80 329077.97 0.06 0.05 0.13 -1 13
Result 0 7.0 117 0.48 0.22 0.13 0.25 0.14 0.10 0.15 -1 -1 -1 -1
Evo 62.10 -10000003.82 12.69 -1483014.93 0.74 10.41 12.62 3319532.88 305587.77 0.06 0.05 0.11 -1 41
Result 0 12.0 117 0.40 0.14 0.21 0.21 0.12 0.10 0.21 -1 -1 -1 -1
Evo 57.33 -10000002.83 12.69 -1459608.38 0.67 8.95 12.58 3235015.08 297807.28 0.06 0.04 0.13 -1 51
Result 0 12.0 117 0.46 0.19 0.17 0.25 0.08 0.09 0.21 -1 -1 -1 -1
Evo 43.95 -10000002.41 16.67 -1102348.15 2.89 10.78 12.69 2747508.90 245744.67 0.06 0.08 0.18 -1 71
Result 0 16.0 124 0.31 0.09 0.14 0.19 0.20 0.12 0.26 -1 -1 -1 -1
Evo 45.48 -10000003.97 12.69 -1673612.38 -1355921.87 4.10 11.55 3211456.98 296899.30 0.06 0.05 0.11 -1 47
Result 0 12.0 116 0.39 0.14 0.20 0.26 0.09 0.12 0.19 -1 -1 -1 -1
Evo 50.39 -10000003.14 13.43 -1450470.95 -1153835.04 4.55 12.53 3017410.60 265668.19 0.05 0.07 0.15 -1 45
Result 0 13.0 128 0.35 0.11 0.12 0.23 0.19 0.15 0.21 -1 -1 -1 -1
Evo 47.40 -10000002.85 12.67 -1397334.66 -999988.46 6.02 12.40 2857400.96 269999.01 0.06 0.05 0.11 -1 39
Result 0 12.0 111 0.41 0.15 0.15 0.26 0.13 0.09 0.22 -1 -1 -1 -1
Evo 50.46 -10000003.23 11.86 -1470424.87 -1346144.16 5.66 11.53 3034396.96 267163.76 0.05 0.07 0.14 -1 51
Result 0 11.0 128 0.33 0.10 0.19 0.22 0.18 0.09 0.22 -1 -1 -1 -1
Evo 52.28 -10000003.08 12.69 -1833670.84 -1851841.77 0.81 9.46 3268936.71 300930.02 0.06 0.06 0.12 -1 49
Result 0 12.0 117 0.36 0.12 0.13 0.28 0.14 0.10 0.23 -1 -1 -1 -1
Evo 46.84 -10000003.36 14.69 -1237564.07 -540528.97 8.23 12.61 2886244.60 256112.79 0.06 0.07 0.16 -1 44
Result 0 14.0 126 0.41 0.15 0.06 0.28 0.19 0.11 0.22 -1 -1 -1 -1
Evo 58.89 -10000004.40 12.69 -2157249.66 -3448268.20 4.93 12.50 3558823.87 313336.97 0.05 0.07 0.13 -1 56
Result 0 12.0 128 0.41 0.15 0.12 0.25 0.17 0.09 0.23 -1 -1 -1 -1
Evo 54.32 -10000001.49 18.69 -1031641.12 3.51 12.67 16.67 2876100.09 228089.57 0.05 0.09 0.18 -1 89
Result 0 18.0 158 0.34 0.11 0.12 0.16 0.17 0.18 0.26 -1 -1 -1 -1
Evo 46.62 -10000003.10 12.54 -1677023.67 -2075461.73 0.67 5.97 2825371.36 264620.27 0.06 0.06 0.14 -1 47
Result 0 12.0 113 0.41 0.15 0.14 0.23 0.14 0.11 0.23 -1 -1 -1 -1
Evo 50.02 -10000003.66 18.61 -1470680.50 -1395338.84 7.84 11.69 2968322.46 236147.06 0.05 0.08 0.17 -1 48
Result 0 18.0 157 0.31 0.09 0.16 0.17 0.15 0.18 0.24 -1 -1 -1 -1
Evo 58.06 -10000002.99 12.69 -1491978.10 0.67 5.31 12.48 3338802.95 307361.72 0.06 0.05 0.12 -1 56
Result 0 12.0 117 0.38 0.13 0.19 0.28 0.09 0.09 0.21 -1 -1 -1 -1
Evo 48.16 -10000004.31 12.67 -1569354.65 -1489350.33 3.51 10.42 2952292.64 276507.54 0.06 0.05 0.12 -1 43
Result 0 12.0 113 0.40 0.14 0.13 0.25 0.15 0.10 0.23 -1 -1 -1 -1
Evo 45.85 -10000003.63 10.14 -1654126.01 -1176461.65 0.69 6.28 3283317.14 304848.34 0.06 0.06 0.13 -1 13
Result 0 9.0 115 0.37 0.12 0.14 0.24 0.14 0.16 0.21 -1 -1 -1 -1
Evo 49.12 -10000002.93 12.69 -1154676.61 -816314.90 7.71 12.37 2692240.77 254392.84 0.06 0.06 0.11 -1 52
Result 0 12.0 111 0.38 0.13 0.15 0.25 0.10 0.08 0.29 -1 -1 -1 -1
Evo 43.82 -10000003.33 10.55 -2308589.87 -3529406.91 -784309.71 4.18 3057694.67 233147.03 0.04 0.10 0.19 -1 14
Result 0 10.0 171 0.29 0.08 0.15 0.23 0.18 0.18 0.18 -1 -1 -1 -1
Evo 45.59 -10000003.76 6.52 -2847531.90 -5079361.42 -1666662.26 2.85 3221637.36 280407.54 0.05 0.07 0.14 -1 12
Result 0 6.0 131 0.39 0.14 0.17 0.28 0.08 0.11 0.22 -1 -1 -1 -1
Evo 48.42 -10000004.58 16.69 -1122634.47 -731694.49 5.61 12.52 2667073.91 203362.48 0.04 0.09 0.18 -1 10
Result 0 16.0 171 0.40 0.14 0.13 0.15 0.16 0.19 0.23 -1 -1 -1 -1
Evo 27.42 -10000000.14 5.99 -3382324.59 -4999998.36 -3188402.32 -857137.25 2813374.26 252648.47 0.06 0.07 0.16 -1 13
Result 0 6.0 123 0.42 0.16 0.15 0.24 0.10 0.13 0.22 -1 -1 -1 -1
Evo 35.74 -9999999.89 17.05 -1905231.27 -3437489.52 2.34 5.72 2610312.99 205721.48 0.05 0.10 0.19 -1 12
Result 0 18.0 160 0.40 0.14 0.12 0.19 0.16 0.17 0.21 -1 -1 -1 -1
Evo 31.18 -10000000.40 16.28 -1599825.44 -2692293.66 0.78 5.58 2517316.95 195381.69 0.04 0.10 0.18 -1 13
Result 0 18.0 165 0.36 0.11 0.11 0.19 0.17 0.18 0.23 -1 -1 -1 -1
Evo 44.02 -10000003.56 18.69 -1159500.45 -833328.09 5.44 13.65 2673740.19 203870.78 0.04 0.10 0.17 -1 9
Result 0 18.0 171 0.35 0.11 0.06 0.18 0.22 0.21 0.22 -1 -1 -1 -1
Evo 43.39 -10000002.84 18.69 -1270827.40 -1224485.84 4.63 9.45 2590474.41 199267.26 0.04 0.09 0.20 -1 8
Result 0 18.0 168 0.43 0.17 0.09 0.18 0.20 0.17 0.20 -1 -1 -1 -1
Evo 40.50 -10000003.45 18.64 -2197258.92 -3437489.17 -454529.16 5.74 3150722.23 240240.32 0.04 0.10 0.20 -1 11
Result 0 18.0 171 0.41 0.15 0.13 0.17 0.16 0.19 0.20 -1 -1 -1 -1
Evo 41.23 -10000003.82 12.67 -1937437.74 -2499996.44 -943389.84 4.45 2766390.60 210935.31 0.04 0.10 0.18 -1 14
Result 0 12.0 171 0.35 0.11 0.17 0.18 0.17 0.19 0.18 -1 -1 -1 -1
Evo 37.58 -10000003.42 16.17 -1963655.20 -2698400.37 -769226.80 5.28 2822853.30 217142.56 0.04 0.10 0.18 -1 9
Result 0 16.0 168 0.35 0.11 0.11 0.19 0.16 0.17 0.25 -1 -1 -1 -1
Evo 38.57 -10000003.29 20.05 -1337474.68 -1249994.72 -243882.58 9.88 2638001.22 201145.71 0.04 0.10 0.17 -1 17
Result 0 20.0 171 0.37 0.12 0.12 0.19 0.15 0.20 0.22 -1 -1 -1 -1
Evo 51.12 -10000003.31 19.69 -840598.51 4.31 8.28 19.53 2660331.27 202848.36 0.04 0.09 0.17 -1 12
Result 0 19.0 171 0.36 0.12 0.09 0.22 0.15 0.19 0.24 -1 -1 -1 -1
Evo 36.06 -9999998.29 17.30 -963833.83 -754711.97 5.52 10.89 2153970.85 192657.01 0.06 0.08 0.15 -1 13
Result 0 16.0 124 0.34 0.10 0.07 0.27 0.18 0.12 0.25 -1 -1 -1 -1
Evo 37.80 -10000003.01 15.67 -2363022.17 -3582080.18 -1525417.85 3.24 2741522.53 212783.42 0.04 0.10 0.20 -1 6
Result 0 15.0 165 0.40 0.14 0.11 0.19 0.17 0.18 0.20 -1 -1 -1 -1
Evo 49.32 -10000004.50 18.69 -853571.16 -416660.78 5.75 16.54 2384793.90 183445.68 0.04 0.10 0.18 -1 13
Result 0 18.0 168 0.40 0.14 0.11 0.20 0.15 0.14 0.25 -1 -1 -1 -1
Evo 49.83 -10000002.80 20.69 -1051165.85 -454528.85 7.35 18.30 2671461.00 203696.99 0.04 0.09 0.17 -1 12
Result 0 20.0 171 0.34 0.10 0.13 0.17 0.17 0.20 0.22 -1 -1 -1 -1
Evo 47.33 -10000001.41 18.02 -1398205.68 -1111095.09 4.02 9.62 2899821.78 251446.44 0.05 0.07 0.15 -1 14
Result 0 17.0 132 0.42 0.16 0.10 0.26 0.20 0.07 0.22 -1 -1 -1 -1
Evo 48.73 -10000003.01 6.79 -2593181.52 -5081965.04 -952375.65 4.85 3338775.77 290603.13 0.05 0.07 0.14 -1 14
Result 0 7.0 131 0.37 0.12 0.17 0.29 0.13 0.11 0.19 -1 -1 -1 -1
Evo 48.68 -10000002.33 19.65 -1503352.18 -1568612.16 4.06 6.96 2843598.31 216822.34 0.04 0.10 0.18 -1 12
Result 0 19.0 171 0.37 0.12 0.09 0.19 0.19 0.17 0.23 -1 -1 -1 -1
Evo 73.53 -10000003.85 3.69 -1551940.84 0.67 3.64 3.67 3425678.59 342567.86 0.07 0.02 0.05 -1 65
Result 0 3.0 99 0.40 0.14 0.22 0.13 0.15 0.24 0.12 -1 -1 -1 -1
Evo 70.90 -10000001.44 3.69 -1128266.35 2.12 3.67 3.67 2868690.97 294321.48 0.07 0.02 0.05 -1 60
Result 0 3.0 94 0.42 0.16 0.16 0.15 0.18 0.19 0.17 -1 -1 -1 -1
Evo 73.15 -10000002.53 3.69 -1561297.86 0.72 3.67 3.67 3409773.96 340977.40 0.07 0.02 0.05 -1 63
Result 0 3.0 99 0.46 0.19 0.21 0.08 0.14 0.16 0.22 -1 -1 -1 -1
Evo 68.09 -10000004.55 3.69 -1681364.48 -476187.16 3.64 3.67 3440621.39 344062.14 0.07 0.03 0.05 -1 52
Result 0 3.0 99 0.46 0.19 0.12 0.12 0.13 0.24 0.20 -1 -1 -1 -1
Evo 52.68 -10000004.08 3.69 -1677460.89 -2222217.91 3.55 3.67 2960473.39 303738.16 0.07 0.04 0.06 -1 55
Result 0 3.0 94 0.32 0.09 0.16 0.15 0.11 0.22 0.27 -1 -1 -1 -1
Evo 57.68 -10000003.60 3.69 -1243046.61 0.69 3.67 3.67 3013742.77 309203.48 0.07 0.02 0.05 -1 65
Result 0 3.0 94 0.38 0.13 0.17 0.13 0.14 0.21 0.23 -1 -1 -1 -1
Evo 71.52 -10000004.29 3.69 -1774316.92 -1320752.01 3.61 3.67 3440319.77 344031.98 0.07 0.02 0.06 -1 49
Result 0 3.0 99 0.43 0.17 0.16 0.12 0.15 0.18 0.22 -1 -1 -1 -1
Evo 63.71 -10000003.52 3.69 -1241183.40 0.67 3.62 3.67 2988245.73 306587.54 0.07 0.03 0.06 -1 57
Result 0 3.0 94 0.36 0.12 0.15 0.11 0.21 0.18 0.24 -1 -1 -1 -1
Evo 65.20 -10000003.79 3.69 -1279803.49 1.89 3.67 3.67 3080951.78 316098.98 0.07 0.02 0.05 -1 60
Result 0 3.0 94 0.34 0.11 0.14 0.07 0.27 0.22 0.19 -1 -1 -1 -1
Evo 62.95 -10000003.98 3.69 -1124637.48 0.67 3.64 3.67 2896214.99 297145.39 0.07 0.02 0.05 -1 63
Result 0 3.0 94 0.32 0.09 0.26 0.13 0.16 0.16 0.20 -1 -1 -1 -1
Evo 70.73 -10000003.04 3.69 -1566784.90 0.69 3.65 3.67 3427456.88 342745.69 0.07 0.04 0.06 -1 50
Result 0 3.0 99 0.46 0.19 0.19 0.13 0.11 0.21 0.17 -1 -1 -1 -1
Evo 66.43 -10000003.00 3.69 -1279191.36 1.58 3.67 3.67 3085241.97 316539.15 0.07 0.02 0.05 -1 60
Result 0 3.0 94 0.38 0.13 0.16 0.11 0.18 0.22 0.21 -1 -1 -1 -1
Evo 64.53 -10000003.06 3.69 -1245786.30 -666663.27 3.67 3.67 2872955.39 294759.00 0.07 0.03 0.05 -1 54
Result 0 3.0 94 0.36 0.12 0.20 0.16 0.14 0.21 0.18 -1 -1 -1 -1
Evo 61.21 -10000002.03 3.69 -1101379.71 1.65 3.67 3.67 2881597.13 295645.63 0.07 0.02 0.05 -1 63
Result 0 3.0 94 0.42 0.16 0.19 0.12 0.12 0.21 0.21 -1 -1 -1 -1
Evo 59.54 -10000002.24 3.69 -1071922.74 1.60 3.67 3.67 2787171.53 289016.22 0.07 0.02 0.05 -1 65
Result 0 3.0 92 0.41 0.15 0.14 0.17 0.17 0.23 0.14 -1 -1 -1 -1
Evo 67.90 -10000004.04 3.69 -1603738.48 0.67 3.57 3.67 3438835.32 343883.53 0.07 0.03 0.07 -1 49
Result 0 3.0 99 0.46 0.19 0.13 0.14 0.15 0.17 0.22 -1 -1 -1 -1
Evo 69.74 -10000003.21 3.69 -1558747.54 1.04 3.67 3.67 3432591.88 343259.19 0.07 0.02 0.05 -1 59
Result 0 3.0 99 0.37 0.12 0.18 0.20 0.11 0.21 0.18 -1 -1 -1 -1
Evo 64.21 -10000003.38 3.69 -1601141.44 -555551.87 3.67 3.67 3408347.89 342551.85 0.07 0.03 0.05 -1 66
Result 0 3.0 98 0.35 0.11 0.20 0.11 0.17 0.19 0.21 -1 -1 -1 -1
Evo 52.67 -10000003.54 3.69 -617815.98 0.67 2.90 3.67 1799574.00 190754.46 0.07 0.02 0.05 -1 59
Result 0 3.0 88 0.37 0.12 0.19 0.18 0.10 0.19 0.21 -1 -1 -1 -1
Evo 75.42 -10000002.32 3.69 -1597007.62 0.72 3.67 3.67 3419061.21 341906.12 0.07 0.03 0.05 -1 67
Result 0 3.0 99 0.38 0.13 0.18 0.07 0.14 0.20 0.28 -1 -1 -1 -1
Evo 69.80 -10000003.99 0.69 -1964203.98 -1891891.95 0.67 0.67 3702417.25 455736.06 0.09 0.01 0.01 -1 25
Result 0 0.0 65 0.41 0.15 0.18 0.17 0.15 0.08 0.27 -1 -1 -1 -1
Evo 79.81 -10000004.26 0.69 -2645362.63 -4915253.79 0.62 0.67 3942408.64 478087.27 0.09 0.01 0.02 -1 23
Result 0 0.0 67 0.46 0.19 0.25 0.16 0.07 0.16 0.16 -1 -1 -1 -1
Evo 83.39 -10000004.05 0.69 -2182030.41 -1224489.14 0.62 0.67 3896961.68 472576.02 0.09 0.01 0.02 -1 25
Result 0 0.0 67 0.39 0.13 0.16 0.19 0.18 0.10 0.24 -1 -1 -1 -1
Evo 69.21 -10000002.89 0.69 -1576420.66 0.56 0.67 0.67 3494782.41 436847.80 0.09 0.01 0.01 -1 28
Result 0 0.0 63 0.40 0.14 0.17 0.17 0.17 0.19 0.16 -1 -1 -1 -1
Evo 84.49 -10000004.24 0.69 -2356188.76 -3043478.33 0.67 0.67 3946855.65 478626.55 0.09 0.01 0.01 -1 28
Result 0 0.0 67 0.39 0.13 0.18 0.18 0.22 0.10 0.19 -1 -1 -1 -1
Evo 83.64 -10000002.85 0.71 -2094773.44 -1249999.04 0.67 0.69 3939214.16 477699.88 0.09 0.00 0.01 -1 31
Result 0 0.0 67 0.47 0.21 0.09 0.18 0.24 0.12 0.18 -1 -1 -1 -1
Evo 84.94 -10000004.52 0.69 -2107390.38 -952380.44 0.67 0.67 3935672.94 477270.45 0.09 0.01 0.01 -1 30
Result 0 0.0 67 0.39 0.13 0.19 0.22 0.12 0.09 0.25 -1 -1 -1 -1
Evo 85.96 -10000003.07 0.69 -2099294.39 -925925.52 0.65 0.67 3928401.46 476388.65 0.09 0.01 0.02 -1 17
Result 0 0.0 67 0.43 0.16 0.18 0.21 0.16 0.16 0.13 -1 -1 -1 -1
Evo 73.75 -10000003.67 0.69 -2113110.94 -1388888.90 0.62 0.67 3915047.54 474769.25 0.09 0.01 0.02 -1 23
Result 0 0.0 67 0.47 0.21 0.16 0.18 0.19 0.07 0.19 -1 -1 -1 -1
Evo 83.81 -10000002.64 0.69 -2091986.93 -1090908.95 0.67 0.67 3922211.59 475638.02 0.09 0.01 0.02 -1 27
Result 0 0.0 67 0.39 0.13 0.16 0.22 0.19 0.12 0.18 -1 -1 -1 -1
Evo 82.94 -10000003.72 0.69 -1732640.16 -689654.97 0.67 0.67 3628663.78 450080.35 0.09 0.01 0.02 -1 28
Result 0 0.0 64 0.42 0.15 0.14 0.18 0.22 0.12 0.18 -1 -1 -1 -1
Evo 90.88 -10000002.00 0.69 -2095115.57 -638297.58 0.67 0.67 3939906.23 477783.81 0.09 0.01 0.02 -1 37
Result 0 0.0 67 0.43 0.16 0.10 0.24 0.15 0.13 0.22 -1 -1 -1 -1
Evo 84.21 -10000004.19 0.69 -2132731.71 -1249999.55 0.67 0.67 3907841.10 473895.34 0.09 0.01 0.02 -1 30
Result 0 0.0 67 0.41 0.15 0.18 0.16 0.12 0.15 0.25 -1 -1 -1 -1
Evo 86.27 -10000003.48 0.69 -2144964.99 -1290322.33 0.67 0.67 3902526.90 473250.90 0.09 0.01 0.01 -1 28
Result 0 0.0 67 0.46 0.19 0.13 0.15 0.18 0.16 0.19 -1 -1 -1 -1
Evo 80.06 -10000003.74 0.72 -2168199.67 -666666.05 0.58 0.67 3905599.81 473623.54 0.09 0.01 0.02 -1 21
Result 0 0.0 67 0.34 0.10 0.13 0.22 0.13 0.16 0.25 -1 -1 -1 -1
Evo 80.23 -10000003.98 0.69 -1838166.97 -1351351.27 0.67 0.67 3604923.04 447135.67 0.09 0.01 0.01 -1 31
Result 0 0.0 64 0.37 0.12 0.15 0.31 0.08 0.15 0.18 -1 -1 -1 -1
Evo 61.95 -10000003.55 0.69 -2114493.40 -2741935.52 0.65 0.67 3594562.86 445850.65 0.09 0.01 0.02 -1 19
Result 0 0.0 64 0.48 0.22 0.15 0.09 0.17 0.20 0.17 -1 -1 -1 -1
Evo 72.76 -10000003.79 0.69 -2416797.68 -2592592.91 -384615.05 0.67 3834623.23 465016.37 0.09 0.01 0.02 -1 21
Result 0 0.0 67 0.41 0.15 0.18 0.19 0.10 0.13 0.25 -1 -1 -1 -1
Evo 76.05 -10000002.57 0.69 -1732382.05 -740740.35 0.67 0.67 3626266.56 449783.01 0.09 0.01 0.01 -1 26
Result 0 0.0 64 0.35 0.11 0.23 0.18 0.17 0.11 0.20 -1 -1 -1 -1
Evo 79.25 -10000002.91 0.69 -2074451.35 -2830187.48 0.64 0.67 3716696.58 460999.47 0.09 0.01 0.02 -1 19
Result 0 0.0 64 0.42 0.15 0.17 0.15 0.20 0.12 0.20 -1 -1 -1 -1
