Evo 34.77 -6619716.41 10000001.77 -430120.58 -357127.10 7.60 22.32 2106694.03 112607.53 0.02 0.04 0.05 336 62
Result 1 30.0 349 0.49 0.23 -1 0.28 -1 0.23 0.25 -1 -1 -1 -1
Evo 39.15 -8644064.08 10000004.85 -636465.92 -487797.05 5.60 15.32 2700399.07 144342.40 0.02 0.04 0.05 336 102
Result 1 23.0 349 0.49 0.24 -1 0.23 -1 0.23 0.31 -1 -1 -1 -1
Evo 41.36 -10000003.16 9999996.50 -1038058.92 -1052620.24 3.60 13.55 2903256.61 155185.59 0.02 0.04 0.05 336 62
Result 1 19.0 349 0.46 0.20 -1 0.26 -1 0.25 0.29 -1 -1 -1 -1
Evo 36.31 -10000003.68 9999997.97 -927867.07 -714268.30 6.45 16.63 2622839.68 140196.68 0.02 0.04 0.05 336 62
Result 1 26.0 349 0.50 0.24 -1 0.23 -1 0.21 0.31 -1 -1 -1 -1
Evo 37.74 -10000000.49 10000003.40 -718117.18 0.60 5.60 17.71 2613543.98 139699.80 0.02 0.04 0.05 336 62
Result 1 25.0 349 0.48 0.22 -1 0.25 -1 0.21 0.32 -1 -1 -1 -1
Evo 34.02 -9999997.23 9999997.44 -989781.49 -749997.45 4.22 13.82 2817121.78 150581.49 0.02 0.04 0.05 336 62
Result 1 23.0 349 0.48 0.21 -1 0.26 -1 0.23 0.29 -1 -1 -1 -1
Evo 37.36 -9302320.52 10000005.08 -350124.52 0.60 10.38 19.60 2793253.43 149305.68 0.02 0.04 0.05 336 62
Result 1 27.0 349 0.49 0.24 -1 0.22 -1 0.27 0.27 -1 -1 -1 -1
Evo 38.98 -9999997.44 10000000.88 -847058.03 -307685.31 6.60 16.48 2639586.57 141091.84 0.02 0.04 0.05 336 62
Result 1 24.0 349 0.49 0.24 -1 0.24 -1 0.22 0.30 -1 -1 -1 -1
Evo 36.59 -9999994.41 10000004.15 -297491.31 2.60 11.79 22.32 2068751.36 110579.41 0.02 0.04 0.05 336 62
Result 1 31.0 349 0.49 0.23 -1 0.24 -1 0.25 0.28 -1 -1 -1 -1
Evo 37.68 -10000001.46 9999995.25 -967331.77 -363613.81 6.79 16.38 2853884.39 152546.54 0.02 0.04 0.05 336 122
Result 1 23.0 349 0.50 0.25 -1 0.19 -1 0.24 0.31 -1 -1 -1 -1
Evo 39.89 -10000004.08 10000005.04 -162535.97 1.60 8.54 17.35 2597451.27 138839.61 0.02 0.04 0.05 336 62
Result 1 26.0 349 0.46 0.19 -1 0.23 -1 0.28 0.30 -1 -1 -1 -1
Evo 38.58 -9999995.33 10000001.98 -922480.28 -1016934.12 3.60 13.60 2895536.84 154772.95 0.02 0.04 0.05 336 62
Result 1 22.0 349 0.50 0.25 -1 0.25 -1 0.20 0.31 -1 -1 -1 -1
Evo 35.45 -9999998.35 10000002.65 -687980.53 -312491.64 6.37 14.29 2688593.37 143711.36 0.02 0.04 0.05 336 62
Result 1 25.0 349 0.44 0.17 -1 0.29 -1 0.25 0.29 -1 -1 -1 -1
Evo 38.93 -10000002.94 9999999.67 -939788.84 -749982.50 4.47 13.34 2765627.91 147829.03 0.02 0.04 0.05 336 62
Result 1 21.0 349 0.49 0.23 -1 0.27 -1 0.20 0.29 -1 -1 -1 -1
Evo 39.44 -8983044.14 10000001.32 -711459.44 -465096.44 4.60 15.35 2511018.24 134219.57 0.02 0.04 0.05 336 62
Result 1 23.0 349 0.52 0.28 -1 0.24 -1 0.25 0.23 -1 -1 -1 -1
Evo 40.83 -9999997.54 9999996.72 -803333.39 1.60 9.16 16.60 2794264.94 149359.74 0.02 0.04 0.05 336 62
Result 1 22.0 349 0.49 0.24 -1 0.20 -1 0.26 0.30 -1 -1 -1 -1
Evo 35.76 -10000003.67 10000005.15 -782236.50 0.60 7.74 17.60 2814442.42 150438.28 0.02 0.04 0.05 336 101
Result 1 26.0 349 0.48 0.23 -1 0.23 -1 0.29 0.26 -1 -1 -1 -1
Evo 35.94 -10000002.99 10000005.12 -390892.98 0.60 6.60 17.30 2245779.64 120041.97 0.02 0.04 0.05 336 62
Result 1 26.0 349 0.49 0.23 -1 0.21 -1 0.23 0.32 -1 -1 -1 -1
Evo 37.48 -7258059.23 10000004.83 -133319.86 2.60 11.37 21.72 1919909.69 102623.49 0.02 0.04 0.05 336 62
Result 1 31.0 349 0.48 0.22 -1 0.22 -1 0.24 0.31 -1 -1 -1 -1
Evo 40.18 -9333328.66 10000003.95 -472380.30 1.60 7.60 17.60 2599859.36 138968.33 0.02 0.04 0.05 336 62
Result 1 25.0 349 0.46 0.20 -1 0.26 -1 0.22 0.33 -1 -1 -1 -1
Evo 38.00 -6486480.20 10000004.89 -76815.17 1.60 12.37 27.60 2329567.92 119820.04 0.02 0.04 0.05 356 84
Result 1 36.0 377 0.50 0.26 -1 0.21 -1 0.24 0.29 -1 -1 -1 -1
Evo 38.01 -10000002.67 10000004.86 -1309988.38 -2054776.90 2.60 12.58 3684669.90 192600.78 0.02 0.04 0.05 352 54
Result 1 23.0 365 0.51 0.28 -1 0.25 -1 0.19 0.28 -1 -1 -1 -1
Evo 31.77 -10000002.16 10000005.07 -1420520.29 -3142847.20 -333326.16 5.60 3345918.02 174893.94 0.02 0.04 0.05 352 54
Result 1 16.0 365 0.51 0.27 -1 0.29 -1 0.16 0.27 -1 -1 -1 -1
Evo 33.49 -10000001.38 10000003.52 -1309256.96 -2933327.06 0.60 10.28 3443027.90 177090.25 0.02 0.04 0.05 354 54
Result 1 21.0 377 0.52 0.28 -1 0.22 -1 0.22 0.28 -1 -1 -1 -1
Evo 31.32 -8571425.88 10000004.28 -521005.01 -1016927.29 5.41 19.13 2741388.68 143294.68 0.02 0.04 0.05 352 54
Result 1 28.0 365 0.47 0.21 -1 0.29 -1 0.20 0.31 -1 -1 -1 -1
Evo 56.74 -9999998.19 6.63 -1090053.20 0.60 1.66 4.60 2817827.13 271145.54 0.06 0.04 0.05 -1 54
Result 0 5.0 107 0.49 0.23 -1 0.26 -1 0.21 0.30 -1 -1 -1 -1
Evo 38.28 -10000003.99 10000005.06 -1140368.30 -1690124.53 4.60 17.57 3557675.20 185962.66 0.02 0.04 0.05 352 54
Result 1 23.0 365 0.46 0.20 -1 0.31 -1 0.22 0.27 -1 -1 -1 -1
Evo 36.49 -10000003.75 10000003.36 -1352949.51 -2608690.22 2.21 9.52 3671738.74 191924.86 0.02 0.04 0.05 352 54
Result 1 20.0 365 0.49 0.23 -1 0.32 -1 0.17 0.28 -1 -1 -1 -1
Evo 42.08 -9999995.14 10000004.58 -1085782.97 -1940282.81 3.57 13.60 3320403.71 173560.28 0.02 0.04 0.05 352 70
Result 1 21.0 365 0.51 0.26 -1 0.29 -1 0.17 0.28 -1 -1 -1 -1
Evo 35.53 -10000004.39 10000004.81 -1324089.73 -2407395.87 2.60 11.25 3613116.44 188860.62 0.02 0.04 0.05 352 54
Result 1 21.0 365 0.52 0.28 -1 0.24 -1 0.17 0.30 -1 -1 -1 -1
Evo 31.63 -9078948.76 10000004.84 -791466.10 -1186422.85 1.60 14.54 3050064.92 156878.41 0.02 0.04 0.05 359 54
Result 1 22.0 377 0.50 0.25 -1 0.16 -1 0.28 0.31 -1 -1 -1 -1
Evo 33.24 -9999999.39 10000004.60 -953859.46 -1555537.45 2.60 10.91 3121599.15 160557.74 0.02 0.04 0.05 354 54
Result 1 20.0 377 0.49 0.23 -1 0.21 -1 0.30 0.26 -1 -1 -1 -1
Evo 31.90 -9714285.78 10000001.78 -1276359.22 -2537295.81 2.54 12.27 2872863.48 149758.36 0.02 0.04 0.05 354 54
Result 1 24.0 367 0.49 0.23 -1 0.27 -1 0.20 0.30 -1 -1 -1 -1
Evo 41.23 -9999996.24 5.60 -1039822.52 -169488.22 1.60 3.60 2306123.40 228340.24 0.07 0.04 0.05 -1 54
Result 0 4.0 101 0.45 0.19 -1 0.23 -1 0.25 0.34 -1 -1 -1 -1
Evo 57.36 -10000001.60 6.60 -1161685.41 0.60 1.60 3.60 2978326.92 286589.64 0.06 0.04 0.05 -1 54
Result 0 5.0 107 0.48 0.21 -1 0.21 -1 0.23 0.34 -1 -1 -1 -1
Evo 39.71 -10000003.88 10000005.18 -1147311.76 -2058811.76 3.60 12.58 3418920.11 178709.82 0.02 0.04 0.05 352 85
Result 1 18.0 365 0.50 0.24 -1 0.30 -1 0.17 0.28 -1 -1 -1 -1
Evo 45.18 -9999996.09 11.26 -1249658.90 -333327.13 2.57 6.55 2656660.68 207450.35 0.04 0.04 0.05 -1 54
Result 0 9.0 163 0.48 0.22 -1 0.28 -1 0.23 0.27 -1 -1 -1 -1
Evo 32.90 -10000004.16 10000003.67 -799431.71 -1111090.04 2.21 15.60 3156659.44 162361.04 0.02 0.04 0.05 355 54
Result 1 23.0 377 0.51 0.26 -1 0.18 -1 0.28 0.28 -1 -1 -1 -1
Evo 33.42 -8815782.01 10000004.69 -731331.09 -1071409.05 4.75 16.13 3012962.68 154970.08 0.02 0.04 0.05 355 54
Result 1 22.0 377 0.49 0.23 -1 0.18 -1 0.28 0.31 -1 -1 -1 -1
Evo 36.42 -9999996.21 10000004.97 -1093360.61 -2121197.00 4.60 14.17 3447679.17 180213.08 0.02 0.04 0.05 352 70
Result 1 22.0 365 0.49 0.23 -1 0.31 -1 0.19 0.26 -1 -1 -1 -1
Evo 32.71 -9999999.67 12.52 -2191073.99 -3833329.19 -799992.81 2.60 2704930.56 184905.25 0.04 0.03 0.05 -1 52
Result 0 10.0 213 0.49 0.23 -1 0.29 -1 0.18 0.30 -1 -1 -1 -1
Evo 26.88 -10000003.80 9999998.20 -2344077.79 -4545448.59 -1607126.78 4.60 3036435.96 158717.05 0.02 0.04 0.05 353 86
Result 1 26.0 365 0.50 0.24 -1 0.32 -1 0.17 0.27 -1 -1 -1 -1
Evo 36.92 -9999998.51 9.67 -1877023.67 -3432829.26 0.60 3.60 2866633.58 228057.12 0.05 0.04 0.05 -1 53
Result 0 8.0 157 0.51 0.26 -1 0.20 -1 0.22 0.32 -1 -1 -1 -1
Evo 30.93 -10000001.44 10000004.80 -2714346.45 -4533324.98 -2807007.50 2.60 3474525.94 178710.33 0.02 0.04 0.05 364 64
Result 1 17.0 377 0.50 0.25 -1 0.23 -1 0.22 0.30 -1 -1 -1 -1
Evo 22.90 -9999999.36 10000002.54 -2811685.65 -5142848.04 -3030297.57 1.40 3252510.02 167291.06 0.02 0.04 0.05 364 52
Result 1 16.0 377 0.51 0.26 -1 0.25 -1 0.22 0.26 -1 -1 -1 -1
Evo 35.16 -10000004.17 16.13 -2654290.97 -4285703.28 -1803267.59 1.61 3048302.81 169875.27 0.03 0.04 0.05 -1 52
Result 0 15.0 321 0.50 0.25 -1 0.18 -1 0.24 0.33 -1 -1 -1 -1
Evo 44.39 -10000004.33 13.29 -1701953.22 -1818173.08 1.36 5.40 3127229.88 244195.63 0.04 0.04 0.05 -1 52
Result 0 11.0 163 0.51 0.26 -1 0.20 -1 0.25 0.29 -1 -1 -1 -1
Evo 31.32 -10000004.11 10000004.07 -2534756.41 -4264695.35 -2714275.38 4.35 3410091.58 175396.18 0.02 0.04 0.05 364 82
Result 1 17.0 377 0.49 0.24 -1 0.25 -1 0.21 0.30 -1 -1 -1 -1
Evo 34.22 -10000003.99 10.66 -2793964.70 -4305547.56 -2380947.60 1.60 3042090.61 179256.91 0.03 0.04 0.05 -1 52
Result 0 15.0 287 0.51 0.26 -1 0.23 -1 0.23 0.28 -1 -1 -1 -1
Evo 24.60 -9423077.77 10000004.86 -2205769.42 -4062491.35 -2380934.51 3.60 3032908.21 155995.97 0.02 0.04 0.05 364 64
Result 1 22.0 377 0.52 0.29 -1 0.21 -1 0.20 0.30 -1 -1 -1 -1
Evo 36.53 -10000004.43 9.87 -1515384.31 -2380944.50 2.60 6.19 2558066.74 202232.93 0.05 0.04 0.05 -1 83
Result 0 9.0 159 0.51 0.28 -1 0.25 -1 0.21 0.26 -1 -1 -1 -1
Evo 28.56 -10000003.78 17.97 -2659302.92 -4461529.02 -1791028.86 3.60 2870586.47 157543.90 0.03 0.04 0.05 -1 64
Result 0 18.0 331 0.50 0.24 -1 0.20 -1 0.28 0.28 -1 -1 -1 -1
Evo 27.82 -10000002.42 10000003.06 -1944733.72 -3939379.20 -1044758.79 4.60 3147939.24 161912.52 0.02 0.03 0.05 364 52
Result 1 21.0 377 0.50 0.25 -1 0.28 -1 0.20 0.28 -1 -1 -1 -1
Evo 35.68 -10000004.13 10.95 -2236068.00 -3823522.83 0.60 3.60 2936419.70 200729.52 0.04 0.04 0.05 -1 84
Result 0 10.0 213 0.49 0.23 -1 0.21 -1 0.23 0.33 -1 -1 -1 -1
Evo 40.31 -10000003.09 12.86 -3365428.07 -4939752.52 -3088223.98 1.36 3114205.97 170914.26 0.03 0.04 0.05 -1 52
Result 0 16.0 331 0.50 0.25 -1 0.26 -1 0.21 0.28 -1 -1 -1 -1
Evo 31.10 -10000003.16 16.13 -2494575.59 -4268281.03 -1718739.47 4.24 2798653.11 168459.12 0.03 0.04 0.05 -1 64
Result 0 18.0 275 0.47 0.21 -1 0.21 -1 0.26 0.32 -1 -1 -1 -1
Evo 25.38 -10000000.56 10000003.67 -2471697.01 -5138880.84 -1805546.29 3.60 3413269.28 175559.63 0.02 0.04 0.05 364 64
Result 1 16.0 377 0.51 0.26 -1 0.16 -1 0.30 0.28 -1 -1 -1 -1
Evo 30.45 -10000004.38 14.81 -3187561.56 -4999990.20 -3142851.46 1.60 3028706.56 164739.92 0.02 0.04 0.05 -1 52
Result 0 14.0 337 0.51 0.26 -1 0.24 -1 0.23 0.27 -1 -1 -1 -1
Evo 50.40 -10000002.83 6.58 -1275488.21 -166660.32 1.60 3.60 3027647.30 289996.02 0.06 0.04 0.05 -1 52
Result 0 5.0 108 0.52 0.30 -1 0.20 -1 0.23 0.27 -1 -1 -1 -1
Evo 24.38 -9999998.84 19.02 -2907957.90 -5199993.01 -2876703.60 1.60 2774063.02 151112.84 0.02 0.04 0.05 -1 80
Result 0 19.0 336 0.48 0.23 -1 0.22 -1 0.26 0.30 -1 -1 -1 -1
Evo 34.29 -10000003.58 10.39 -1759796.52 -2058811.23 1.37 4.58 2968888.64 243220.83 0.05 0.03 0.05 -1 50
Result 0 15.0 148 0.47 0.20 -1 0.30 -1 0.19 0.30 -1 -1 -1 -1
Evo 37.62 -9999998.03 10.97 -1281620.24 -655732.65 2.60 6.76 2656405.11 252134.81 0.06 0.04 0.05 -1 50
Result 0 10.0 110 0.45 0.18 -1 0.23 -1 0.29 0.31 -1 -1 -1 -1
Evo 40.15 -10000000.84 12.17 -1021199.15 1.60 4.60 7.90 2659616.59 255921.73 0.06 0.04 0.05 -1 50
Result 0 10.0 107 0.46 0.19 -1 0.26 -1 0.22 0.32 -1 -1 -1 -1
Evo 42.80 -10000000.10 12.96 -1478920.86 -714279.77 3.60 5.61 2984246.75 281984.81 0.06 0.04 0.05 -1 50
Result 0 12.0 111 0.52 0.31 -1 0.24 -1 0.21 0.23 -1 -1 -1 -1
Evo 33.23 -10000003.19 9999996.17 -4466879.00 -7575753.93 -5199988.01 -961533.68 3794649.56 195175.71 0.02 0.04 0.05 364 50
Result 1 38.0 377 0.50 0.25 -1 0.27 -1 0.14 0.34 -1 -1 -1 -1
Evo 40.39 -9999994.51 9.97 -1500308.25 -1846148.98 2.57 4.60 2795426.04 265330.10 0.06 0.04 0.05 -1 52
Result 0 9.0 110 0.45 0.19 -1 0.28 -1 0.19 0.34 -1 -1 -1 -1
Evo 42.46 -10000004.07 9.91 -2738417.50 -5555548.04 1.60 4.58 3511811.85 288669.16 0.05 0.04 0.05 -1 50
Result 0 11.0 147 0.50 0.24 -1 0.19 -1 0.24 0.33 -1 -1 -1 -1
Evo 39.95 -9999997.80 10.26 -1358851.74 -714277.13 3.56 5.87 2870701.98 270052.93 0.06 0.04 0.05 -1 50
Result 0 9.0 112 0.48 0.22 -1 0.17 -1 0.32 0.29 -1 -1 -1 -1
Evo 36.87 -9803924.78 8.96 -1136242.24 -338976.84 2.61 6.54 2450061.68 234673.35 0.06 0.04 0.05 -1 51
Result 0 7.0 108 0.47 0.21 -1 0.32 -1 0.19 0.28 -1 -1 -1 -1
Evo 36.98 -10000002.62 9.54 -2967176.74 -6376808.16 -166657.83 3.60 3509278.66 278303.90 0.05 0.04 0.05 -1 50
Result 0 11.0 158 0.52 0.28 -1 0.21 -1 0.21 0.29 -1 -1 -1 -1
Evo 39.96 -10000003.94 18.74 -2237539.59 -4133323.08 0.60 4.27 3181683.78 253121.17 0.05 0.04 0.05 -1 50
Result 0 19.0 157 0.51 0.27 -1 0.16 -1 0.25 0.32 -1 -1 -1 -1
Evo 41.47 -9999998.06 9.35 -1497936.92 -1590904.90 2.30 4.94 2848708.98 267984.00 0.06 0.04 0.05 -1 51
Result 0 8.0 112 0.50 0.26 -1 0.27 -1 0.24 0.24 -1 -1 -1 -1
Evo 41.75 -9999998.79 11.72 -1400912.23 -1206884.33 2.38 5.74 2793991.96 255055.40 0.06 0.04 0.05 -1 50
Result 0 12.0 119 0.50 0.24 -1 0.24 -1 0.23 0.28 -1 -1 -1 -1
Evo 35.04 -10000003.82 11.26 -2577570.03 -6153843.49 1.60 5.27 3347456.53 272412.15 0.05 0.04 0.05 -1 50
Result 0 12.0 150 0.51 0.27 -1 0.16 -1 0.28 0.29 -1 -1 -1 -1
Evo 31.07 -10000002.40 11.31 -1214885.58 -1403500.40 1.60 4.93 2298977.58 205626.81 0.06 0.04 0.05 -1 51
Result 0 11.0 124 0.48 0.22 -1 0.30 -1 0.19 0.28 -1 -1 -1 -1
Evo 46.61 -10000003.51 10.43 -3897215.52 -6857134.52 -3888873.97 2.60 3496391.47 243016.01 0.04 0.04 0.05 -1 50
Result 0 23.0 206 0.49 0.24 -1 0.20 -1 0.22 0.34 -1 -1 -1 -1
Evo 39.09 -10000004.44 10.40 -2469253.92 -5142849.74 0.60 3.71 3353267.48 272885.04 0.05 0.04 0.05 -1 50
Result 0 13.0 150 0.52 0.28 -1 0.25 -1 0.17 0.30 -1 -1 -1 -1
Evo 36.09 -10000003.11 10.15 -1993138.40 -3389820.83 1.21 4.40 2970963.68 243390.83 0.05 0.04 0.05 -1 50
Result 0 15.0 148 0.48 0.22 -1 0.28 -1 0.21 0.29 -1 -1 -1 -1
Evo 31.97 -10000004.27 9.54 -2971725.28 -5454538.06 -2380935.07 2.18 3152581.68 209706.61 0.03 0.04 0.05 -1 51
Result 0 23.0 225 0.50 0.25 -1 0.30 -1 0.17 0.28 -1 -1 -1 -1
Evo 38.05 -10000003.90 10.25 -2687717.08 -5714279.87 0.60 3.60 3477089.84 277501.98 0.05 0.04 0.05 -1 50
Result 0 16.0 156 0.47 0.20 -1 0.27 -1 0.24 0.29 -1 -1 -1 -1
Evo 38.28 -9999997.41 13.27 -1660425.26 -2545445.34 2.75 7.48 2917250.28 267423.89 0.06 0.04 0.05 -1 78
Result 0 14.0 118 0.51 0.26 -1 0.18 -1 0.20 0.35 -1 -1 -1 -1
Evo 39.80 -9999998.62 11.94 -1336358.22 -399990.01 3.60 5.56 2724984.36 262211.74 0.06 0.04 0.05 -1 72
Result 0 11.0 107 0.49 0.24 -1 0.25 -1 0.18 0.33 -1 -1 -1 -1
Evo 23.52 -10000001.72 13.24 -4534233.72 -6666649.12 -5277766.87 1.35 3000684.77 164436.51 0.03 0.04 0.05 -1 74
Result 0 57.0 332 0.52 0.29 -1 0.21 -1 0.21 0.30 -1 -1 -1 -1
Evo 53.97 -10000001.92 12.21 -1719735.75 -512810.18 2.60 5.21 3355686.73 318507.69 0.06 0.04 0.05 -1 67
Result 0 12.0 110 0.48 0.22 -1 0.24 -1 0.29 0.25 -1 -1 -1 -1
Evo 38.49 -10000003.92 13.43 -1240779.70 -357130.48 2.92 7.17 2794107.55 259426.37 0.06 0.04 0.05 -1 80
Result 0 13.0 115 0.48 0.22 -1 0.20 -1 0.28 0.30 -1 -1 -1 -1
Evo 34.95 -9999999.35 14.37 -2691282.66 -6056328.82 1.76 6.15 3432482.61 274818.55 0.05 0.04 0.05 -1 85
Result 0 22.0 155 0.50 0.26 -1 0.24 -1 0.22 0.28 -1 -1 -1 -1
Evo 24.85 -9999997.42 14.26 -4635980.63 -6951210.08 -5624978.80 1.60 3121032.86 173658.91 0.03 0.04 0.05 -1 83
Result 0 53.0 322 0.51 0.26 -1 0.21 -1 0.21 0.32 -1 -1 -1 -1
Evo 27.66 -9999999.72 14.63 -2592128.57 -5774635.50 1.60 5.79 3264032.69 258854.63 0.05 0.04 0.05 -1 82
Result 0 23.0 158 0.51 0.27 -1 0.21 -1 0.20 0.32 -1 -1 -1 -1
Evo 43.26 -10000002.92 13.04 -1867210.45 -2465742.21 3.60 6.73 3377021.62 310880.04 0.06 0.04 0.05 -1 76
Result 0 13.0 117 0.49 0.23 -1 0.19 -1 0.24 0.35 -1 -1 -1 -1
Evo 36.13 -10000003.28 14.53 -2820595.00 -6086949.86 1.60 5.60 3465756.74 273992.13 0.05 0.04 0.05 -1 77
Result 0 22.0 159 0.50 0.25 -1 0.20 -1 0.24 0.31 -1 -1 -1 -1
Evo 31.93 -10000002.80 11.83 -2332739.74 -5384606.03 2.56 5.69 3314205.79 283151.71 0.05 0.04 0.05 -1 78
Result 0 13.0 136 0.47 0.21 -1 0.31 -1 0.18 0.30 -1 -1 -1 -1
Evo 45.15 -10000001.70 11.90 -1328049.81 -882342.84 3.13 6.84 2959600.85 272453.34 0.06 0.03 0.05 -1 76
Result 0 12.0 117 0.49 0.23 -1 0.31 -1 0.19 0.28 -1 -1 -1 -1
Evo 31.86 -10000004.08 14.12 -3662036.85 -6385530.72 -4492736.71 4.40 3393268.21 228774.10 0.04 0.04 0.05 -1 82
Result 0 33.0 219 0.51 0.27 -1 0.23 -1 0.24 0.26 -1 -1 -1 -1
Evo 37.75 -10000003.75 13.95 -1185986.59 0.60 5.60 9.46 2750486.80 258744.03 0.06 0.04 0.05 -1 86
Result 0 12.0 112 0.51 0.27 -1 0.30 -1 0.21 0.22 -1 -1 -1 -1
Evo 34.90 -10000002.28 12.16 -1585544.83 1.60 3.63 6.99 3183275.95 300791.30 0.06 0.04 0.05 -1 82
Result 0 12.0 111 0.48 0.22 -1 0.27 -1 0.21 0.29 -1 -1 -1 -1
Evo 31.19 -9999997.65 13.29 -2408647.39 -5151508.43 1.60 7.15 3189872.41 259588.14 0.05 0.04 0.05 -1 78
Result 0 18.0 150 0.49 0.23 -1 0.26 -1 0.17 0.33 -1 -1 -1 -1
Evo 38.80 -10000000.47 12.82 -2543051.12 -5624993.12 1.60 5.60 3362439.82 276390.85 0.05 0.03 0.05 -1 74
Result 0 16.0 147 0.49 0.24 -1 0.18 -1 0.25 0.33 -1 -1 -1 -1
Evo 34.93 -10000003.44 12.41 -1848409.85 -3124990.67 2.60 5.86 2980020.42 264434.05 0.06 0.03 0.05 -1 74
Result 0 13.0 126 0.49 0.24 -1 0.17 -1 0.32 0.27 -1 -1 -1 -1
Evo 39.76 -10000004.51 14.40 -1395179.78 0.60 3.60 7.29 2972253.47 273618.11 0.06 0.04 0.05 -1 68
Result 0 15.0 117 0.47 0.21 -1 0.25 -1 0.14 0.39 -1 -1 -1 -1
Evo 41.88 -10000002.46 12.28 -1690799.56 -754705.80 3.60 7.15 3163521.32 291225.74 0.06 0.04 0.05 -1 79
Result 0 14.0 117 0.43 0.17 -1 0.23 -1 0.27 0.33 -1 -1 -1 -1
