Evo 62.14 -10000004.43 0.69 -227205.88 0.62 0.65 0.67 1191769.02 37668.22 0.01 0.09 0.15 -1 0
Result 0 0.0 1000 0.42 0.16 0.15 0.17 0.19 0.17 0.16 -1 -1 -1 -1
Evo 54.42 -10000003.90 3.72 -420091.06 -555552.12 3.50 3.62 1208602.39 38200.27 0.01 0.09 0.19 -1 0
Result 0 3.0 1000 0.45 0.16 0.10 0.18 0.21 0.18 0.16 -1 -1 -1 -1
Evo 60.05 -10000002.93 0.69 -278506.06 0.53 0.65 0.67 1204289.70 38063.96 0.01 0.09 0.15 -1 0
Result 0 0.0 1000 0.44 0.17 0.14 0.16 0.18 0.16 0.17 -1 -1 -1 -1
Evo 58.30 -10000004.50 0.69 -332210.35 -322580.23 0.65 0.67 1212788.44 38332.58 0.01 0.09 0.15 -1 0
Result 0 0.0 1000 0.46 0.20 0.12 0.16 0.16 0.18 0.19 -1 -1 -1 -1
Evo 55.57 -10000004.03 0.69 -398306.64 -526315.22 0.53 0.62 1204438.84 38068.67 0.01 0.07 0.14 -1 0
Result 0 0.0 1000 0.43 0.17 0.09 0.18 0.21 0.18 0.17 -1 -1 -1 -1
Evo 56.91 -10000003.87 0.69 -348448.87 -425531.30 0.57 0.65 1205749.72 38110.10 0.01 0.09 0.15 -1 0
Result 0 0.0 1000 0.44 0.16 0.11 0.18 0.19 0.19 0.17 -1 -1 -1 -1
Evo 53.24 -10000002.50 4.00 -451693.81 -588232.34 0.51 3.61 1203614.95 38042.63 0.01 0.09 0.18 -1 0
Result 0 3.0 1000 0.46 0.16 0.08 0.16 0.22 0.19 0.19 -1 -1 -1 -1
Evo 59.05 -10000003.08 0.69 -316837.54 -303029.86 0.62 0.67 1208049.16 38182.78 0.01 0.08 0.15 -1 0
Result 0 0.0 1000 0.44 0.15 0.12 0.17 0.21 0.18 0.17 -1 -1 -1 -1
Evo 53.41 -10000003.21 2.61 -443445.26 -588234.65 0.49 0.62 1208315.35 38191.20 0.01 0.07 0.12 -1 0
Result 0 0.0 1000 0.44 0.18 0.10 0.16 0.22 0.17 0.17 -1 -1 -1 -1
Evo 53.95 -10000003.56 1.83 -366625.76 -434781.06 1.56 1.64 1219360.82 38540.31 0.01 0.11 0.15 -1 0
Result 0 1.0 1000 0.48 0.17 0.14 0.14 0.19 0.14 0.21 -1 -1 -1 -1
Evo 56.41 -10000003.73 0.69 -383728.62 -499999.63 0.57 0.65 1207743.41 38173.12 0.01 0.09 0.15 -1 0
Result 0 0.0 1000 0.44 0.18 0.11 0.16 0.21 0.17 0.18 -1 -1 -1 -1
Evo 52.75 -10000000.46 0.69 -463618.56 -612244.33 0.46 0.62 1212498.23 38323.40 0.01 0.07 0.13 -1 0
Result 0 0.0 1000 0.43 0.18 0.10 0.16 0.22 0.16 0.17 -1 -1 -1 -1
Evo 54.51 -10000004.41 0.69 -436501.53 -588234.96 0.51 0.65 1203427.37 38036.70 0.01 0.09 0.15 -1 0
Result 0 0.0 1000 0.44 0.18 0.11 0.18 0.21 0.17 0.16 -1 -1 -1 -1
Evo 54.60 -10000002.40 0.69 -424695.37 -555555.18 0.53 0.64 1215504.62 38418.43 0.01 0.09 0.15 -1 0
Result 0 0.0 1000 0.45 0.17 0.11 0.17 0.22 0.15 0.19 -1 -1 -1 -1
Evo 58.90 -10000003.52 0.69 -297548.41 0.44 0.65 0.67 1203164.41 38028.39 0.01 0.09 0.15 -1 0
Result 0 0.0 1000 0.42 0.15 0.12 0.16 0.21 0.17 0.18 -1 -1 -1 -1
Evo 55.84 -10000003.86 0.69 -376325.39 -476190.17 0.55 0.64 1206949.55 38148.03 0.01 0.06 0.11 -1 0
Result 0 0.0 1000 0.42 0.18 0.11 0.16 0.22 0.16 0.17 -1 -1 -1 -1
Evo 62.69 -10000003.88 0.69 -220457.57 0.62 0.65 0.67 1201750.63 37983.70 0.01 0.08 0.15 -1 0
Result 0 0.0 1000 0.41 0.16 0.17 0.15 0.19 0.15 0.18 -1 -1 -1 -1
Evo 57.17 -10000003.64 0.69 -367905.05 -434782.19 0.60 0.65 1219741.33 38552.34 0.01 0.09 0.15 -1 0
Result 0 0.0 1000 0.40 0.16 0.11 0.14 0.20 0.19 0.19 -1 -1 -1 -1
Evo 58.28 -10000003.47 0.69 -318096.61 -303029.84 0.64 0.67 1204943.57 38084.62 0.01 0.09 0.15 -1 0
Result 0 0.0 1000 0.45 0.15 0.12 0.18 0.18 0.18 0.19 -1 -1 -1 -1
Evo 57.32 -10000002.97 0.69 -335708.35 -384614.74 0.57 0.64 1198188.34 37871.11 0.01 0.06 0.12 -1 0
Result 0 0.0 1000 0.43 0.17 0.11 0.16 0.21 0.15 0.18 -1 -1 -1 -1
Evo 62.20 -10000002.98 22.74 -192607.43 22.57 22.62 22.65 1182122.77 37363.33 0.01 0.06 0.11 -1 0
Result 0 22.0 1000 0.43 0.18 0.09 0.20 0.18 0.18 0.17 -1 -1 -1 -1
Evo 64.30 -10000003.52 23.69 -150929.26 23.60 23.64 23.65 1175816.98 37164.02 0.01 0.04 0.14 -1 0
Result 0 23.0 1000 0.44 0.17 0.11 0.18 0.18 0.18 0.18 -1 -1 -1 -1
Evo 64.49 -10000001.80 23.69 -152195.06 23.60 23.64 23.67 1176755.10 37193.67 0.01 0.04 0.11 -1 0
Result 0 23.0 1000 0.46 0.18 0.11 0.19 0.18 0.18 0.16 -1 -1 -1 -1
Evo 64.28 -10000003.75 23.69 -147710.18 23.61 23.64 23.67 1175613.68 37157.59 0.01 0.06 0.15 -1 0
Result 0 23.0 1000 0.45 0.17 0.12 0.19 0.19 0.18 0.15 -1 -1 -1 -1
Evo 62.09 -10000001.84 22.74 -171418.34 22.58 22.62 22.65 1179235.58 37272.07 0.01 0.06 0.11 -1 0
Result 0 22.0 1000 0.46 0.15 0.11 0.19 0.20 0.17 0.17 -1 -1 -1 -1
Evo 60.91 -10000003.85 22.76 -154209.21 22.60 22.64 22.66 1176587.74 37188.38 0.01 0.04 0.11 -1 0
Result 0 22.0 1000 0.46 0.17 0.11 0.20 0.19 0.16 0.16 -1 -1 -1 -1
Evo 64.50 -10000003.59 0.69 -161854.24 0.60 0.64 0.65 1178016.66 37233.55 0.01 0.05 0.10 -1 0
Result 0 0.0 1000 0.45 0.18 0.11 0.18 0.19 0.18 0.16 -1 -1 -1 -1
Evo 64.36 -10000002.02 0.69 -161198.86 0.60 0.64 0.65 1178335.13 37243.61 0.01 0.05 0.10 -1 0
Result 0 0.0 1000 0.45 0.16 0.09 0.18 0.20 0.19 0.17 -1 -1 -1 -1
Evo 62.48 -10000003.64 23.69 -162499.04 23.61 23.67 23.67 1180518.51 37312.62 0.01 0.16 0.32 -1 0
Result 0 23.0 1000 0.43 0.15 0.14 0.17 0.18 0.18 0.18 -1 -1 -1 -1
Evo 61.34 -10000004.26 22.76 -166731.89 22.60 22.64 22.67 1178716.54 37255.67 0.01 0.12 0.25 -1 0
Result 0 22.0 1000 0.44 0.17 0.12 0.18 0.19 0.17 0.17 -1 -1 -1 -1
Evo 63.89 -10000004.28 22.74 -155548.90 22.58 22.64 22.65 1176684.83 37191.45 0.01 0.04 0.11 -1 0
Result 0 22.0 1000 0.47 0.15 0.10 0.20 0.20 0.18 0.16 -1 -1 -1 -1
Evo 59.82 -9999998.30 22.76 -55377.01 22.60 22.64 22.66 639807.19 20324.15 0.01 0.05 0.11 -1 1
Result 0 22.0 990 0.45 0.16 0.12 0.19 0.19 0.16 0.17 -1 -1 -1 -1
Evo 64.92 -10000003.34 23.69 -140622.03 23.65 23.67 23.67 1174962.61 37137.02 0.01 0.15 0.31 -1 0
Result 0 23.0 1000 0.41 0.17 0.14 0.15 0.16 0.19 0.18 -1 -1 -1 -1
Evo 61.11 -10000002.49 22.76 -180509.49 22.57 22.62 22.65 1181011.11 37328.19 0.01 0.05 0.11 -1 0
Result 0 22.0 1000 0.45 0.16 0.12 0.18 0.18 0.17 0.19 -1 -1 -1 -1
Evo 61.27 -10000002.58 1.99 -180538.56 1.58 1.62 1.65 1180112.53 37299.79 0.01 0.04 0.11 -1 0
Result 0 1.0 1000 0.43 0.18 0.09 0.18 0.18 0.19 0.17 -1 -1 -1 -1
Evo 64.04 -10000004.00 22.69 -158419.73 22.60 22.64 22.65 1178241.28 37240.65 0.01 0.04 0.10 -1 0
Result 0 22.0 1000 0.42 0.18 0.12 0.16 0.20 0.16 0.18 -1 -1 -1 -1
Evo 61.79 -10000000.61 22.74 -157931.75 0.61 0.65 0.80 1176969.80 37200.46 0.01 0.04 0.10 -1 0
Result 0 22.0 1000 0.44 0.17 0.10 0.17 0.18 0.20 0.17 -1 -1 -1 -1
Evo 61.53 -10000001.95 22.71 -164399.47 22.58 22.64 22.65 1177290.87 37210.61 0.01 0.04 0.11 -1 0
Result 0 22.0 1000 0.43 0.18 0.10 0.20 0.19 0.18 0.16 -1 -1 -1 -1
Evo 60.83 -10000004.31 22.76 -151392.08 22.60 22.64 22.67 1176147.01 37174.45 0.01 0.05 0.11 -1 1
Result 0 22.0 1000 0.44 0.17 0.11 0.17 0.19 0.17 0.18 -1 -1 -1 -1
Evo 63.30 -10000003.64 22.80 -157429.24 22.60 22.64 22.65 1176398.45 37182.40 0.01 0.04 0.11 -1 0
Result 0 22.0 1000 0.44 0.19 0.10 0.18 0.18 0.19 0.17 -1 -1 -1 -1
Evo 62.32 -10000003.70 0.72 -197924.34 0.53 0.60 0.64 1179709.03 37287.04 0.01 0.01 0.04 -1 0
Result 0 0.0 1000 0.37 0.16 0.19 0.12 0.19 0.14 0.19 -1 -1 -1 -1
Evo 47.08 -10000002.99 1.05 -267775.49 -263157.17 0.60 0.67 1184684.60 37444.30 0.01 0.01 0.04 -1 0
Result 0 0.0 1000 0.45 0.18 0.21 0.10 0.21 0.12 0.19 -1 -1 -1 -1
Evo 47.56 -10000004.00 2.08 -413941.47 -540540.29 0.46 0.62 1194320.15 37748.85 0.01 0.03 0.05 -1 0
Result 0 0.0 1000 0.46 0.17 0.22 0.10 0.22 0.10 0.19 -1 -1 -1 -1
Evo 62.01 -10000002.71 0.75 -196337.59 0.53 0.60 0.64 1180112.72 37299.80 0.01 0.02 0.04 -1 0
Result 0 0.0 1000 0.46 0.18 0.20 0.13 0.18 0.11 0.20 -1 -1 -1 -1
Evo 60.82 -10000003.60 6.76 -198874.95 6.51 6.60 6.64 1178696.22 37255.02 0.01 0.01 0.04 -1 0
Result 0 6.0 1000 0.43 0.18 0.20 0.13 0.21 0.12 0.16 -1 -1 -1 -1
Evo 54.47 -10000001.47 1.42 -217833.15 -208332.99 0.58 0.64 967793.33 30665.71 0.01 0.02 0.05 -1 0
Result 0 0.0 995 0.34 0.19 0.19 0.10 0.20 0.12 0.19 -1 -1 -1 -1
Evo 61.04 -10000003.80 0.82 -215413.88 0.51 0.60 0.64 1184227.21 37429.84 0.01 0.03 0.06 -1 0
Result 0 0.0 1000 0.39 0.17 0.18 0.13 0.20 0.13 0.19 -1 -1 -1 -1
Evo 50.52 -10000004.00 5.72 -316219.47 -344827.04 2.50 2.69 1191879.28 37671.70 0.01 0.05 0.11 -1 0
Result 0 5.0 1000 0.43 0.18 0.15 0.15 0.20 0.15 0.17 -1 -1 -1 -1
Evo 47.59 -10000003.45 1.96 -254961.71 -192307.21 0.61 0.66 1183233.06 37398.42 0.01 0.02 0.05 -1 0
Result 0 0.0 1000 0.45 0.16 0.20 0.13 0.20 0.12 0.18 -1 -1 -1 -1
Evo 61.53 -10000004.39 0.69 -209114.87 0.52 0.60 0.64 1180093.81 37299.20 0.01 0.01 0.04 -1 0
Result 0 0.0 1000 0.39 0.15 0.21 0.13 0.20 0.14 0.16 -1 -1 -1 -1
Evo 59.23 -10000003.84 2.99 -197072.35 2.55 2.61 2.65 1180846.48 37322.99 0.01 0.03 0.09 -1 0
Result 0 2.0 1000 0.43 0.19 0.13 0.17 0.18 0.17 0.16 -1 -1 -1 -1
Evo 50.14 -10000001.97 2.94 -317875.71 -357140.34 2.54 2.62 1192106.71 37678.89 0.01 0.03 0.08 -1 0
Result 0 2.0 1000 0.41 0.18 0.12 0.15 0.22 0.16 0.17 -1 -1 -1 -1
Evo 58.70 -10000004.27 2.76 -205299.74 2.57 2.63 2.67 1181907.74 37356.53 0.01 0.03 0.09 -1 0
Result 0 2.0 1000 0.43 0.17 0.14 0.16 0.18 0.18 0.16 -1 -1 -1 -1
Evo 61.40 -10000003.83 3.35 -212390.90 2.53 2.61 2.65 1183733.20 37414.23 0.01 0.03 0.09 -1 0
Result 0 2.0 1000 0.43 0.17 0.14 0.17 0.19 0.17 0.17 -1 -1 -1 -1
Evo 61.75 -10000003.45 0.69 -199716.28 0.53 0.60 0.64 1178943.07 37262.83 0.01 0.03 0.07 -1 0
Result 0 0.0 1000 0.39 0.18 0.20 0.13 0.20 0.11 0.18 -1 -1 -1 -1
Evo 53.96 -10000002.83 3.07 -245338.46 0.59 2.53 2.64 1184217.98 37429.55 0.01 0.04 0.09 -1 0
Result 0 2.0 1000 0.44 0.15 0.16 0.14 0.22 0.15 0.17 -1 -1 -1 -1
Evo 59.99 -10000001.35 6.21 -177764.03 5.56 5.64 5.67 1178682.07 37254.58 0.01 0.03 0.09 -1 0
Result 0 5.0 1000 0.41 0.18 0.15 0.15 0.20 0.14 0.17 -1 -1 -1 -1
Evo 52.68 -10000002.27 4.66 -246632.71 0.54 1.79 3.61 1184015.64 37423.16 0.01 0.01 0.04 -1 0
Result 0 3.0 1000 0.43 0.16 0.21 0.11 0.23 0.12 0.17 -1 -1 -1 -1
Evo 59.90 -10000003.78 2.72 -229460.42 2.50 2.60 2.64 1185078.16 37456.74 0.01 0.03 0.09 -1 0
Result 0 2.0 1000 0.44 0.15 0.13 0.16 0.20 0.17 0.18 -1 -1 -1 -1
Evo 56.25 -10000003.86 2.72 -266663.66 0.57 2.56 2.64 1190299.26 37621.76 0.01 0.05 0.10 -1 0
Result 0 2.0 1000 0.40 0.16 0.18 0.14 0.20 0.15 0.16 -1 -1 -1 -1
Evo 63.45 -10000003.89 18.69 -147841.95 0.73 18.67 18.67 1176138.16 37174.17 0.01 0.18 0.27 -1 1
Result 0 18.0 1000 0.44 0.18 0.14 0.18 0.15 0.17 0.17 -1 -1 -1 -1
Evo 61.91 -10000004.23 1.83 -152640.58 0.67 0.67 0.69 1177158.40 37206.42 0.01 0.05 0.09 -1 0
Result 0 0.0 1000 0.45 0.17 0.14 0.19 0.16 0.15 0.18 -1 -1 -1 -1
Evo 63.79 -10000003.85 8.26 -143363.10 0.67 0.67 0.69 1175271.41 37146.78 0.01 0.05 0.09 -1 0
Result 0 0.0 1000 0.44 0.17 0.15 0.18 0.18 0.15 0.17 -1 -1 -1 -1
Evo 55.77 -10000004.20 9.69 -147268.05 1.71 9.67 9.67 1175758.17 37162.16 0.01 0.14 0.20 -1 0
Result 0 9.0 1000 0.43 0.17 0.15 0.16 0.18 0.16 0.17 -1 -1 -1 -1
Evo 65.14 -10000004.28 9.19 -140229.48 0.67 0.67 0.69 1174926.99 37135.89 0.01 0.04 0.07 -1 0
Result 0 0.0 1000 0.44 0.17 0.14 0.16 0.17 0.18 0.17 -1 -1 -1 -1
Evo 61.22 -10000003.18 30.69 -143835.12 30.67 30.67 30.69 1175200.62 37144.54 0.01 0.20 0.28 -1 1
Result 0 30.0 1000 0.44 0.17 0.17 0.16 0.18 0.15 0.17 -1 -1 -1 -1
Evo 58.08 -10000003.48 10.28 -146415.30 9.65 9.67 9.69 1176442.15 37183.78 0.01 0.10 0.17 -1 0
Result 0 9.0 1000 0.43 0.16 0.18 0.17 0.17 0.15 0.17 -1 -1 -1 -1
Evo 62.57 -10000003.58 30.69 -143561.03 30.67 30.67 30.69 1175250.77 37146.12 0.01 0.18 0.26 -1 0
Result 0 30.0 1000 0.43 0.16 0.17 0.17 0.18 0.16 0.17 -1 -1 -1 -1
Evo 64.66 -10000002.90 18.69 -140884.73 18.67 18.67 18.69 1175022.66 37138.91 0.01 0.16 0.24 -1 0
Result 0 18.0 1000 0.43 0.15 0.18 0.17 0.15 0.17 0.18 -1 -1 -1 -1
Evo 52.64 -10000004.28 10.88 -154292.72 9.65 9.67 9.69 1177602.67 37220.46 0.01 0.06 0.12 -1 0
Result 0 9.0 1000 0.44 0.19 0.13 0.16 0.18 0.17 0.17 -1 -1 -1 -1
Evo 64.26 -10000003.90 10.02 -150800.35 9.64 9.67 9.67 1177766.17 37225.63 0.01 0.11 0.19 -1 0
Result 0 9.0 1000 0.41 0.15 0.16 0.15 0.20 0.16 0.18 -1 -1 -1 -1
Evo 62.32 -10000003.10 18.69 -143842.32 18.67 18.67 18.69 1175655.12 37158.90 0.01 0.21 0.26 -1 0
Result 0 18.0 1000 0.44 0.17 0.18 0.17 0.15 0.17 0.15 -1 -1 -1 -1
Evo 61.78 -10000003.21 18.69 -143554.29 0.83 18.67 18.67 1175105.84 37141.54 0.01 0.13 0.25 -1 0
Result 0 18.0 1000 0.44 0.16 0.15 0.17 0.18 0.17 0.17 -1 -1 -1 -1
Evo 57.16 -10000003.92 18.69 -148705.52 10.67 18.67 18.67 1176043.64 37171.18 0.01 0.16 0.27 -1 0
Result 0 18.0 1000 0.41 0.20 0.15 0.16 0.15 0.18 0.15 -1 -1 -1 -1
Evo 60.62 -10000003.02 11.86 -160389.77 0.67 0.67 0.69 1178601.60 37252.03 0.01 0.05 0.09 -1 1
Result 0 0.0 1000 0.45 0.16 0.15 0.19 0.18 0.14 0.18 -1 -1 -1 -1
Evo 60.54 -10000003.81 18.69 -155121.74 18.61 18.67 18.67 1177721.87 37224.23 0.01 0.20 0.27 -1 1
Result 0 18.0 1000 0.43 0.17 0.16 0.17 0.18 0.16 0.17 -1 -1 -1 -1
Evo 65.06 -10000004.42 0.91 -146079.33 0.67 0.67 0.67 1175883.11 37166.11 0.01 0.06 0.10 -1 0
Result 0 0.0 1000 0.44 0.16 0.17 0.17 0.18 0.16 0.16 -1 -1 -1 -1
Evo 63.74 -10000003.88 6.80 -147935.52 0.67 0.67 0.69 1176045.28 37171.24 0.01 0.05 0.09 -1 0
Result 0 0.0 1000 0.44 0.19 0.17 0.17 0.14 0.15 0.17 -1 -1 -1 -1
Evo 51.66 -10000003.30 18.72 -152364.56 0.97 18.47 18.67 1176793.51 37194.89 0.01 0.15 0.25 -1 0
Result 0 18.0 1000 0.41 0.19 0.14 0.15 0.19 0.16 0.17 -1 -1 -1 -1
Evo 63.80 -10000003.09 4.57 -148689.93 0.64 0.67 0.67 1175501.43 37154.05 0.01 0.05 0.09 -1 0
Result 0 0.0 1000 0.43 0.18 0.15 0.16 0.20 0.15 0.16 -1 -1 -1 -1
Evo 65.76 -10000003.26 0.69 -139859.46 0.67 0.67 0.69 1174912.59 37135.44 0.01 0.05 0.05 -1 987
Result 0 0.0 1000 0.45 0.16 0.16 0.17 0.16 0.17 0.18 -1 -1 -1 -1
Evo 65.42 -10000003.31 0.69 -139859.45 0.67 0.67 0.69 1174912.53 37135.43 0.01 0.03 0.05 -1 987
Result 0 0.0 1000 0.43 0.17 0.18 0.16 0.16 0.15 0.17 -1 -1 -1 -1
Evo 65.54 -10000004.13 7.69 -139852.63 7.67 7.67 7.69 1174913.51 37135.46 0.01 0.03 0.05 -1 987
Result 0 7.0 1000 0.45 0.16 0.17 0.19 0.16 0.14 0.19 -1 -1 -1 -1
Evo 65.02 -10000004.01 7.69 -139852.63 7.67 7.67 7.69 1174913.59 37135.47 0.01 0.03 0.05 -1 987
Result 0 7.0 1000 0.44 0.17 0.18 0.17 0.16 0.14 0.17 -1 -1 -1 -1
Evo 64.90 -10000003.31 7.69 -147826.28 7.67 7.67 7.69 1176455.79 37184.21 0.01 0.08 0.09 -1 299
Result 0 7.0 1000 0.44 0.18 0.16 0.16 0.17 0.14 0.18 -1 -1 -1 -1
Evo 65.68 -10000002.86 0.69 -139859.45 0.67 0.67 0.69 1174912.46 37135.43 0.01 0.05 0.05 -1 987
Result 0 0.0 1000 0.41 0.19 0.17 0.15 0.17 0.16 0.16 -1 -1 -1 -1
Evo 65.38 -10000003.48 0.69 -139859.47 0.67 0.67 0.69 1174912.66 37135.44 0.01 0.05 0.05 -1 987
Result 0 0.0 1000 0.41 0.14 0.19 0.15 0.19 0.17 0.16 -1 -1 -1 -1
Evo 65.49 -10000003.41 7.69 -139852.58 7.67 7.67 7.69 1174913.20 37135.45 0.01 0.07 0.09 -1 251
Result 0 7.0 1000 0.44 0.16 0.16 0.17 0.15 0.18 0.17 -1 -1 -1 -1
Evo 65.46 -10000002.37 7.69 -139852.60 7.67 7.67 7.69 1174913.26 37135.46 0.01 0.08 0.09 -1 585
Result 0 7.0 1000 0.41 0.16 0.15 0.15 0.19 0.17 0.17 -1 -1 -1 -1
Evo 65.71 -10000003.81 0.69 -139859.45 0.67 0.67 0.69 1174912.48 37135.43 0.01 0.05 0.05 -1 987
Result 0 0.0 1000 0.43 0.17 0.17 0.16 0.15 0.18 0.16 -1 -1 -1 -1
Evo 65.07 -10000003.35 7.69 -139852.65 7.67 7.67 7.69 1174913.50 37135.46 0.01 0.06 0.07 -1 941
Result 0 7.0 1000 0.46 0.16 0.15 0.15 0.18 0.17 0.19 -1 -1 -1 -1
Evo 65.20 -10000003.80 7.69 -139852.64 7.67 7.67 7.69 1174913.28 37135.46 0.01 0.06 0.08 -1 969
Result 0 7.0 1000 0.44 0.18 0.15 0.16 0.16 0.18 0.17 -1 -1 -1 -1
Evo 65.74 -10000001.61 0.69 -139859.45 0.67 0.67 0.69 1174912.47 37135.43 0.01 0.05 0.05 -1 987
Result 0 0.0 1000 0.44 0.16 0.17 0.16 0.15 0.18 0.18 -1 -1 -1 -1
Evo 65.80 -10000003.56 0.69 -139859.45 0.67 0.67 0.69 1174912.52 37135.43 0.01 0.05 0.05 -1 987
Result 0 0.0 1000 0.43 0.17 0.17 0.17 0.16 0.16 0.17 -1 -1 -1 -1
Evo 65.66 -10000003.13 7.69 -139852.61 7.67 7.67 7.69 1174913.37 37135.46 0.01 0.04 0.06 -1 987
Result 0 7.0 1000 0.44 0.16 0.17 0.17 0.17 0.19 0.14 -1 -1 -1 -1
Evo 65.78 -10000004.30 0.69 -139859.45 0.67 0.67 0.69 1174912.47 37135.43 0.01 0.03 0.05 -1 987
Result 0 0.0 1000 0.45 0.16 0.16 0.16 0.17 0.16 0.18 -1 -1 -1 -1
Evo 65.59 -10000003.76 7.69 -139852.60 7.67 7.67 7.69 1174913.27 37135.46 0.01 0.08 0.09 -1 397
Result 0 7.0 1000 0.39 0.17 0.18 0.14 0.18 0.18 0.16 -1 -1 -1 -1
Evo 65.15 -10000002.86 0.69 -139859.45 0.67 0.67 0.69 1174912.52 37135.43 0.01 0.05 0.05 -1 987
Result 0 0.0 1000 0.44 0.16 0.17 0.17 0.16 0.17 0.17 -1 -1 -1 -1
Evo 64.89 -10000002.55 7.69 -139852.63 7.67 7.67 7.69 1174913.18 37135.45 0.01 0.08 0.09 -1 958
Result 0 7.0 1000 0.43 0.17 0.15 0.17 0.17 0.17 0.17 -1 -1 -1 -1
Evo 65.51 -10000002.37 7.69 -139852.61 7.67 7.67 7.69 1174913.41 37135.46 0.01 0.05 0.07 -1 987
Result 0 7.0 1000 0.44 0.19 0.16 0.18 0.16 0.16 0.15 -1 -1 -1 -1
