Evo 63.38 -10000003.83 0.74 -115559.10 0.61 0.64 0.64 976530.74 25205.51 0.01 0.47 0.88 344 0
Result 0 0.0 1500 0.45 0.19 0.19 0.23 0.23 0.17 -1 -1 -1 -1 -1
Evo 63.00 -10000002.86 909091.17 -98640.40 0.64 0.64 0.64 972147.26 25092.37 0.01 2.52 3.99 11 0
Result 0 0.0 1500 0.47 0.21 0.21 0.19 0.18 0.22 -1 -1 -1 -1 -1
Evo 63.85 -10000003.10 769231.24 -104111.82 0.64 0.64 0.64 945437.17 24402.95 0.01 2.32 3.76 8 0
Result 0 0.0 1500 0.48 0.18 0.22 0.20 0.19 0.21 -1 -1 -1 -1 -1
Evo 62.71 -10000003.40 9999996.03 18792.43 0.64 0.64 0.64 710853.18 18366.40 0.01 2.07 3.06 61 0
Result 1 1.0 1497 0.47 0.21 0.20 0.19 0.19 0.20 -1 -1 -1 -1 -1
Evo 62.98 -10000003.37 1111112.07 -110505.65 0.62 0.64 0.64 977345.93 25226.56 0.01 1.15 2.05 13 0
Result 0 0.0 1500 0.45 0.22 0.19 0.17 0.21 0.22 -1 -1 -1 -1 -1
Evo 63.08 -10000002.96 0.65 -142952.19 0.61 0.64 0.64 1004367.12 25924.01 0.01 0.50 1.06 17 0
Result 0 0.0 1500 0.43 0.21 0.17 0.23 0.22 0.17 -1 -1 -1 -1 -1
Evo 63.51 -10000004.31 869565.37 -109405.49 0.64 0.64 0.64 977936.43 25241.80 0.01 2.82 4.33 16 0
Result 0 0.0 1500 0.47 0.22 0.20 0.19 0.19 0.20 -1 -1 -1 -1 -1
Evo 64.55 -10000002.33 312500.31 -102409.63 0.64 0.64 0.64 967499.57 24972.41 0.01 2.98 4.27 31 0
Result 0 0.0 1500 0.46 0.21 0.20 0.19 0.19 0.21 -1 -1 -1 -1 -1
Evo 62.25 -10000003.30 714286.15 -138396.91 0.64 0.64 0.64 1011630.29 26111.48 0.01 2.38 3.63 28 0
Result 0 0.0 1500 0.47 0.19 0.21 0.19 0.20 0.21 -1 -1 -1 -1 -1
Evo 64.42 -10000003.84 666667.25 -106280.28 0.64 0.64 0.64 980832.18 25316.54 0.01 2.40 3.82 57 0
Result 0 0.0 1500 0.47 0.20 0.20 0.18 0.19 0.22 -1 -1 -1 -1 -1
Evo 63.46 -10000002.17 0.74 -121361.75 0.61 0.64 0.64 981306.62 25328.79 0.01 0.47 0.91 48 0
Result 0 0.0 1500 0.45 0.19 0.18 0.24 0.23 0.16 -1 -1 -1 -1 -1
Evo 63.13 -10000002.43 625000.61 -128824.33 0.61 0.64 0.64 984904.53 25421.65 0.01 0.44 0.82 12 0
Result 0 0.0 1500 0.43 0.21 0.16 0.22 0.23 0.18 -1 -1 -1 -1 -1
Evo 64.25 -10000003.64 666667.02 -101833.90 0.64 0.64 0.64 972359.78 25097.86 0.01 2.91 4.22 380 0
Result 0 0.0 1500 0.46 0.20 0.20 0.20 0.19 0.22 -1 -1 -1 -1 -1
Evo 63.67 -10000003.59 769231.00 -102638.81 0.64 0.64 0.64 970934.24 25061.06 0.01 2.13 3.26 8 0
Result 0 0.0 1500 0.46 0.20 0.20 0.19 0.19 0.22 -1 -1 -1 -1 -1
Evo 62.62 -10000003.74 1111111.75 -113427.46 0.64 0.64 0.64 985391.66 25434.23 0.01 2.35 3.63 25 0
Result 0 0.0 1500 0.47 0.20 0.20 0.19 0.20 0.21 -1 -1 -1 -1 -1
Evo 64.12 -10000004.07 416667.20 -103570.88 0.64 0.64 0.64 972071.47 25090.42 0.01 2.08 3.60 20 0
Result 0 0.0 1500 0.47 0.18 0.21 0.20 0.20 0.21 -1 -1 -1 -1 -1
Evo 62.93 -10000003.93 1666667.73 -96348.64 0.64 0.64 0.64 969632.33 25027.46 0.01 1.50 2.57 346 0
Result 0 0.0 1500 0.45 0.22 0.19 0.19 0.19 0.22 -1 -1 -1 -1 -1
Evo 63.14 -10000003.51 833333.82 -113016.86 0.64 0.64 0.64 986677.45 25467.41 0.01 2.23 4.13 22 0
Result 0 0.0 1500 0.47 0.22 0.20 0.19 0.19 0.20 -1 -1 -1 -1 -1
Evo 64.02 -10000003.83 588235.86 -107055.00 0.61 0.64 0.64 972231.49 25094.55 0.01 0.41 0.82 68 0
Result 0 0.0 1500 0.44 0.20 0.18 0.24 0.19 0.19 -1 -1 -1 -1 -1
Evo 62.12 -10000002.95 8695648.64 -96552.35 0.62 0.64 0.64 1005608.34 25956.05 0.01 1.86 2.77 106 0
Result 0 0.0 1500 0.46 0.18 0.20 0.20 0.21 0.22 -1 -1 -1 -1 -1
Evo 63.84 -10000003.01 0.65 -105797.77 0.64 0.64 0.64 969602.58 25026.69 0.01 2.05 3.03 515 0
Result 0 0.0 1500 0.47 0.20 0.21 0.20 0.18 0.20 -1 -1 -1 -1 -1
Evo 64.63 -10000004.39 0.65 -99093.79 0.64 0.64 0.64 963408.40 24866.81 0.01 2.84 4.35 1227 0
Result 0 0.0 1500 0.47 0.18 0.21 0.21 0.19 0.21 -1 -1 -1 -1 -1
Evo 64.43 -10000003.46 869565.38 -97184.31 0.64 0.64 0.64 965799.20 24928.52 0.01 2.95 4.68 83 0
Result 0 0.0 1500 0.47 0.21 0.21 0.19 0.19 0.20 -1 -1 -1 -1 -1
Evo 64.34 -10000003.28 769231.53 -95633.89 0.64 0.64 0.64 963352.13 24865.36 0.01 2.26 3.50 1187 0
Result 0 0.0 1500 0.47 0.19 0.20 0.20 0.20 0.21 -1 -1 -1 -1 -1
Evo 62.50 -10000004.00 937500.80 -98849.50 0.64 0.64 0.64 970405.45 25047.41 0.01 1.83 3.01 167 0
Result 0 0.0 1500 0.46 0.20 0.19 0.20 0.21 0.19 -1 -1 -1 -1 -1
Evo 64.13 -10000003.15 1666667.81 -97755.44 0.64 0.64 0.64 967578.69 24974.45 0.01 1.88 3.20 113 0
Result 0 0.0 1500 0.45 0.19 0.18 0.21 0.21 0.20 -1 -1 -1 -1 -1
Evo 63.95 -10000003.40 1475410.50 -94978.04 0.64 0.64 0.64 964905.87 24905.46 0.01 2.78 4.68 163 0
Result 0 0.0 1500 0.47 0.21 0.21 0.20 0.19 0.20 -1 -1 -1 -1 -1
Evo 62.86 -3866666.69 10000004.62 8793.52 0.64 0.64 0.64 406628.18 10914.47 0.01 2.38 3.59 842 0
Result 1 1.0 1387 0.48 0.18 0.22 0.19 0.21 0.20 -1 -1 -1 -1 -1
Evo 64.53 -10000003.81 0.65 -100213.08 0.64 0.64 0.64 967718.38 24978.06 0.01 2.98 4.38 -1 0
Result 0 0.0 1500 0.48 0.21 0.22 0.20 0.18 0.20 -1 -1 -1 -1 -1
Evo 64.07 -10000003.71 400000.44 -103658.60 0.64 0.64 0.64 966367.96 24943.20 0.01 2.60 3.61 85 0
Result 0 0.0 1500 0.47 0.19 0.21 0.19 0.20 0.21 -1 -1 -1 -1 -1
Evo 63.15 -10000002.40 952381.82 -100434.76 0.64 0.64 0.64 972513.00 25101.81 0.01 2.42 3.53 807 0
Result 0 0.0 1500 0.46 0.17 0.20 0.21 0.21 0.21 -1 -1 -1 -1 -1
Evo 62.40 -10000001.86 9999996.54 -11613.58 0.64 0.64 0.64 787145.35 20330.78 0.01 1.72 3.00 331 0
Result 1 1.0 1498 0.45 0.20 0.18 0.21 0.21 0.19 -1 -1 -1 -1 -1
Evo 63.98 -10000003.91 0.65 -100398.19 0.64 0.64 0.64 965108.96 24910.70 0.01 2.18 3.66 -1 0
Result 0 0.0 1500 0.48 0.19 0.22 0.19 0.19 0.21 -1 -1 -1 -1 -1
Evo 64.26 -10000002.88 909091.34 -94267.73 0.64 0.64 0.64 965381.75 24917.75 0.01 1.97 3.22 440 0
Result 0 0.0 1500 0.44 0.20 0.17 0.21 0.21 0.20 -1 -1 -1 -1 -1
Evo 63.69 -10000004.34 967741.98 -97261.37 0.64 0.64 0.64 965090.67 24910.23 0.01 2.88 5.07 403 0
Result 0 0.0 1500 0.46 0.21 0.19 0.18 0.20 0.21 -1 -1 -1 -1 -1
Evo 63.92 -10000003.95 714286.01 -109102.74 0.64 0.64 0.64 971023.51 25063.37 0.01 2.51 3.90 327 0
Result 0 0.0 1500 0.46 0.21 0.20 0.20 0.19 0.21 -1 -1 -1 -1 -1
Evo 63.65 -10000003.11 4523808.97 -84313.93 0.64 0.64 0.64 919673.80 23737.96 0.01 2.42 3.64 182 0
Result 0 0.0 1500 0.45 0.22 0.18 0.20 0.21 0.20 -1 -1 -1 -1 -1
Evo 64.16 -10000004.21 0.65 -97499.16 0.64 0.64 0.64 964302.92 24889.90 0.01 2.35 3.69 -1 0
Result 0 0.0 1500 0.48 0.20 0.22 0.19 0.17 0.21 -1 -1 -1 -1 -1
Evo 64.64 -10000002.53 0.74 -97530.52 0.64 0.64 0.64 963831.03 24877.72 0.01 2.63 4.17 894 0
Result 0 0.0 1500 0.47 0.19 0.21 0.21 0.19 0.21 -1 -1 -1 -1 -1
Evo 64.46 -10000004.11 0.65 -99091.19 0.64 0.64 0.64 965011.98 24908.20 0.01 2.14 3.24 89 0
Result 0 0.0 1500 0.46 0.19 0.20 0.21 0.20 0.21 -1 -1 -1 -1 -1
Evo 63.40 -10000003.29 1111111.67 -98317.44 0.64 0.64 0.64 969902.33 25034.43 0.01 2.98 4.47 786 0
Result 0 0.0 1500 0.46 0.21 0.19 0.22 0.21 0.18 -1 -1 -1 -1 -1
Evo 63.74 -10000003.84 555556.12 -101990.04 0.64 0.64 0.64 966022.98 24934.30 0.01 2.41 3.50 105 0
Result 0 0.0 1500 0.47 0.19 0.21 0.19 0.19 0.22 -1 -1 -1 -1 -1
Evo 64.24 -10000003.48 909091.93 -98761.54 0.64 0.64 0.64 965548.05 24922.04 0.01 2.05 3.27 217 0
Result 0 0.0 1500 0.47 0.21 0.21 0.19 0.19 0.20 -1 -1 -1 -1 -1
Evo 64.71 -10000003.53 638298.58 -98101.98 0.64 0.64 0.64 964509.56 24895.23 0.01 2.64 4.66 1249 0
Result 0 0.0 1500 0.47 0.20 0.20 0.21 0.20 0.18 -1 -1 -1 -1 -1
Evo 64.01 -10000003.73 1000000.95 -97160.88 0.64 0.64 0.64 966820.72 24954.89 0.01 2.95 4.26 79 0
Result 0 0.0 1500 0.46 0.20 0.20 0.20 0.20 0.20 -1 -1 -1 -1 -1
Evo 64.44 -10000002.04 625000.20 -93269.88 0.64 0.64 0.64 933503.80 24094.93 0.01 2.35 3.63 1469 0
Result 0 0.0 1500 0.44 0.21 0.18 0.20 0.21 0.19 -1 -1 -1 -1 -1
Evo 64.80 -10000001.44 232558.44 -99130.49 0.64 0.64 0.64 965611.69 24923.68 0.01 2.57 4.10 860 0
Result 0 0.0 1500 0.47 0.20 0.20 0.21 0.21 0.18 -1 -1 -1 -1 -1
Evo 64.31 -10000003.16 588235.96 -102160.93 0.64 0.64 0.64 971278.93 25069.96 0.01 3.23 5.20 770 0
Result 0 0.0 1500 0.44 0.22 0.18 0.21 0.20 0.20 -1 -1 -1 -1 -1
Evo 64.00 -10000002.77 750000.14 -101503.84 0.64 0.64 0.64 971599.75 25078.24 0.01 2.52 4.33 308 0
Result 0 0.0 1500 0.46 0.18 0.20 0.21 0.21 0.21 -1 -1 -1 -1 -1
Evo 64.31 -10000003.63 8018869.14 -90815.47 0.64 0.64 0.64 986680.27 25467.49 0.01 2.63 3.78 366 0
Result 0 0.0 1500 0.45 0.20 0.18 0.22 0.19 0.20 -1 -1 -1 -1 -1
Evo 64.26 -10000003.12 750000.72 -98928.49 0.64 0.64 0.64 969888.14 25034.06 0.01 2.33 4.03 190 0
Result 0 0.0 1500 0.46 0.21 0.19 0.21 0.20 0.18 -1 -1 -1 -1 -1
Evo 64.47 -10000003.83 322581.20 -100243.46 0.64 0.64 0.64 965234.21 24913.94 0.01 2.01 2.85 1315 0
Result 0 0.0 1500 0.46 0.20 0.19 0.20 0.20 0.22 -1 -1 -1 -1 -1
Evo 64.14 -10000003.19 714286.08 -102592.72 0.64 0.64 0.64 967913.93 24983.10 0.01 2.31 2.94 498 0
Result 0 0.0 1500 0.46 0.21 0.20 0.19 0.20 0.20 -1 -1 -1 -1 -1
Evo 64.68 -10000002.73 0.65 -97323.66 0.64 0.64 0.64 963533.26 24870.03 0.01 2.09 2.90 -1 0
Result 0 0.0 1500 0.46 0.22 0.20 0.19 0.21 0.18 -1 -1 -1 -1 -1
Evo 63.75 -10000004.23 1333334.43 -100593.21 0.64 0.64 0.64 971835.84 25084.33 0.01 2.06 3.49 323 0
Result 0 0.0 1500 0.45 0.21 0.19 0.19 0.19 0.22 -1 -1 -1 -1 -1
Evo 64.30 -10000004.46 666667.31 -99020.44 0.64 0.64 0.64 964870.13 24904.54 0.01 2.49 3.74 605 0
Result 0 0.0 1500 0.46 0.22 0.19 0.20 0.19 0.19 -1 -1 -1 -1 -1
Evo 64.72 -10000004.01 0.65 -98846.35 0.64 0.64 0.64 963751.51 24875.67 0.01 1.95 2.72 633 0
Result 0 0.0 1500 0.47 0.20 0.21 0.18 0.19 0.21 -1 -1 -1 -1 -1
Evo 64.56 -10000004.41 0.67 -98624.61 0.64 0.64 0.64 966506.53 24946.78 0.01 2.97 4.70 82 0
Result 0 0.0 1500 0.46 0.20 0.19 0.23 0.19 0.19 -1 -1 -1 -1 -1
Evo 64.94 -10000004.04 0.65 -97136.21 0.64 0.64 0.64 964206.53 24887.41 0.01 2.24 3.07 1440 0
Result 0 0.0 1500 0.47 0.19 0.21 0.20 0.21 0.19 -1 -1 -1 -1 -1
Evo 63.40 -10000003.55 769231.54 -93969.36 0.64 0.64 0.64 966675.37 24951.13 0.01 2.66 4.09 92 0
Result 0 0.0 1500 0.46 0.20 0.19 0.22 0.18 0.20 -1 -1 -1 -1 -1
Evo 64.40 -10000004.40 0.65 -101711.84 0.64 0.64 0.64 969813.87 25032.14 0.01 2.10 2.65 -1 0
Result 0 0.0 1500 0.46 0.21 0.20 0.20 0.20 0.19 -1 -1 -1 -1 -1
Evo 64.93 -10000003.88 0.65 -96434.34 0.64 0.64 0.64 963640.25 24872.79 0.01 2.59 3.26 -1 0
Result 0 0.0 1500 0.47 0.20 0.20 0.19 0.20 0.21 -1 -1 -1 -1 -1
Evo 64.23 -10000004.59 0.65 -102387.22 0.64 0.64 0.64 970254.13 25043.51 0.01 2.05 2.75 -1 0
Result 0 0.0 1500 0.49 0.19 0.23 0.20 0.20 0.19 -1 -1 -1 -1 -1
Evo 63.68 -10000004.41 5084744.43 -95633.35 0.64 0.64 0.64 984631.98 25414.62 0.01 2.68 3.95 900 0
Result 0 0.0 1500 0.48 0.19 0.21 0.19 0.18 0.22 -1 -1 -1 -1 -1
Evo 64.57 -10000003.67 0.65 -97738.78 0.64 0.64 0.64 965379.74 24917.69 0.01 1.56 2.24 -1 0
Result 0 0.0 1500 0.47 0.22 0.21 0.21 0.17 0.20 -1 -1 -1 -1 -1
Evo 64.39 -10000004.35 0.65 -102116.74 0.64 0.64 0.64 969616.75 25027.06 0.01 2.26 2.84 -1 0
Result 0 0.0 1500 0.46 0.22 0.20 0.20 0.17 0.21 -1 -1 -1 -1 -1
Evo 64.55 -10000003.85 0.65 -100703.97 0.64 0.64 0.64 965047.56 24909.12 0.01 1.88 2.40 -1 0
Result 0 0.0 1500 0.47 0.20 0.20 0.20 0.19 0.20 -1 -1 -1 -1 -1
Evo 63.10 -10000004.27 3035716.11 -90698.98 0.64 0.64 0.64 977701.00 25235.72 0.01 2.91 4.23 1164 0
Result 0 0.0 1500 0.46 0.20 0.19 0.19 0.20 0.21 -1 -1 -1 -1 -1
Evo 64.63 -10000002.57 0.65 -97191.03 0.64 0.64 0.64 963580.32 24871.25 0.01 2.26 3.05 -1 0
Result 0 0.0 1500 0.47 0.20 0.21 0.20 0.20 0.20 -1 -1 -1 -1 -1
Evo 64.72 -10000004.46 0.65 -100842.94 0.64 0.64 0.64 967387.88 24969.53 0.01 1.73 2.27 -1 0
Result 0 0.0 1500 0.47 0.21 0.21 0.20 0.20 0.19 -1 -1 -1 -1 -1
Evo 64.28 -10000003.03 833334.11 -95618.68 0.64 0.64 0.64 967333.25 24968.12 0.01 2.33 3.42 425 0
Result 0 0.0 1500 0.46 0.21 0.19 0.20 0.19 0.20 -1 -1 -1 -1 -1
Evo 63.81 -10000003.14 2258064.49 -92008.35 0.64 0.64 0.64 973668.43 25131.63 0.01 2.93 3.72 1190 0
Result 0 0.0 1500 0.47 0.20 0.21 0.18 0.20 0.20 -1 -1 -1 -1 -1
Evo 64.54 -10000004.49 0.65 -102481.53 0.64 0.64 0.64 969886.47 25034.02 0.01 1.69 2.42 -1 0
Result 0 0.0 1500 0.47 0.19 0.21 0.21 0.19 0.20 -1 -1 -1 -1 -1
Evo 64.69 -10000003.17 0.65 -101194.30 0.64 0.64 0.64 967571.04 24974.25 0.01 2.23 2.80 -1 0
Result 0 0.0 1500 0.46 0.23 0.19 0.19 0.19 0.20 -1 -1 -1 -1 -1
Evo 64.57 -10000004.19 0.65 -97860.45 0.64 0.64 0.64 965339.66 24916.66 0.01 2.45 3.13 -1 0
Result 0 0.0 1500 0.48 0.19 0.22 0.19 0.21 0.20 -1 -1 -1 -1 -1
Evo 64.45 -10000004.20 0.65 -102728.51 0.64 0.64 0.64 971983.30 25088.14 0.01 2.61 3.91 -1 0
Result 0 0.0 1500 0.46 0.21 0.20 0.21 0.17 0.21 -1 -1 -1 -1 -1
Evo 63.98 -10000003.61 2456141.76 -94587.33 0.64 0.64 0.64 974147.76 25144.01 0.01 2.41 3.57 935 0
Result 0 0.0 1500 0.46 0.19 0.20 0.18 0.22 0.22 -1 -1 -1 -1 -1
Evo 64.38 -10000003.82 0.65 -97581.86 0.64 0.64 0.64 963796.22 24876.82 0.01 1.72 2.24 -1 0
Result 0 0.0 1500 0.48 0.20 0.22 0.19 0.18 0.19 -1 -1 -1 -1 -1
Evo 64.08 -10000004.08 526316.57 -105664.49 0.64 0.64 0.64 980542.39 25309.06 0.01 2.78 3.93 608 0
Result 0 0.0 1500 0.45 0.20 0.19 0.19 0.21 0.21 -1 -1 -1 -1 -1
Evo 64.54 -10000003.98 0.65 -106818.90 0.64 0.64 0.64 979466.75 25281.30 0.01 2.25 2.81 -1 0
Result 0 0.0 1500 0.47 0.20 0.21 0.18 0.21 0.21 -1 -1 -1 -1 -1
Evo 64.81 -10000003.85 0.65 -97823.54 0.64 0.64 0.64 965445.74 24919.40 0.01 1.24 1.68 -1 0
Result 0 0.0 1500 0.46 0.20 0.19 0.22 0.18 0.21 -1 -1 -1 -1 -1
Evo 64.58 -10000004.17 0.65 -101880.65 0.64 0.64 0.64 969663.69 25028.27 0.01 2.03 2.63 -1 0
Result 0 0.0 1500 0.45 0.19 0.18 0.23 0.19 0.20 -1 -1 -1 -1 -1
Evo 63.41 -10000002.21 769231.26 -99241.62 0.64 0.64 0.64 966048.18 24934.95 0.01 1.97 2.75 307 0
Result 0 0.0 1500 0.45 0.20 0.18 0.22 0.21 0.18 -1 -1 -1 -1 -1
Evo 64.48 -10000003.14 0.65 -98059.12 0.64 0.64 0.64 964787.69 24902.41 0.01 2.43 2.91 -1 0
Result 0 0.0 1500 0.45 0.21 0.19 0.20 0.20 0.20 -1 -1 -1 -1 -1
Evo 64.45 -10000004.31 0.65 -99418.11 0.64 0.64 0.64 965777.91 24927.97 0.01 1.20 1.58 -1 0
Result 0 0.0 1500 0.46 0.20 0.19 0.20 0.22 0.19 -1 -1 -1 -1 -1
Evo 64.49 -10000003.56 0.65 -98391.24 0.64 0.64 0.64 965191.80 24912.84 0.01 0.99 1.36 -1 0
Result 0 0.0 1500 0.48 0.19 0.22 0.20 0.20 0.20 -1 -1 -1 -1 -1
Evo 64.53 -10000003.82 0.65 -98751.67 0.64 0.64 0.64 964940.65 24906.36 0.01 2.00 2.65 -1 0
Result 0 0.0 1500 0.45 0.21 0.18 0.22 0.19 0.20 -1 -1 -1 -1 -1
Evo 64.90 -10000003.14 0.65 -96100.83 0.64 0.64 0.64 963145.46 24860.02 0.01 1.16 1.59 -1 0
Result 0 0.0 1500 0.47 0.20 0.21 0.21 0.19 0.20 -1 -1 -1 -1 -1
Evo 64.51 -10000003.28 500000.69 -98561.29 0.64 0.64 0.64 964734.11 24901.03 0.01 1.44 1.95 1204 0
Result 0 0.0 1500 0.47 0.21 0.21 0.20 0.20 0.19 -1 -1 -1 -1 -1
Evo 64.22 -10000004.19 975609.71 -98593.17 0.64 0.64 0.64 964990.67 24907.65 0.01 1.90 2.33 52 0
Result 0 0.0 1500 0.46 0.20 0.19 0.22 0.20 0.20 -1 -1 -1 -1 -1
Evo 64.51 -10000003.01 0.65 -97712.14 0.64 0.64 0.64 963218.75 24861.92 0.01 1.84 2.31 -1 0
Result 0 0.0 1500 0.45 0.20 0.19 0.21 0.21 0.19 -1 -1 -1 -1 -1
Evo 64.24 -10000003.79 689655.62 -102540.68 0.64 0.64 0.64 972353.22 25097.69 0.01 2.35 3.11 87 0
Result 0 0.0 1500 0.46 0.20 0.20 0.20 0.22 0.18 -1 -1 -1 -1 -1
Evo 64.19 -10000002.73 714286.00 -98593.97 0.64 0.64 0.64 967897.97 24982.69 0.01 1.44 1.80 1014 0
Result 0 0.0 1500 0.44 0.22 0.17 0.22 0.19 0.20 -1 -1 -1 -1 -1
Evo 64.49 -10000003.57 0.65 -102580.90 0.64 0.64 0.64 969178.43 25015.74 0.01 1.75 2.32 -1 0
Result 0 0.0 1500 0.47 0.19 0.21 0.22 0.21 0.18 -1 -1 -1 -1 -1
Evo 64.62 -10000003.16 0.65 -96340.57 0.64 0.64 0.64 962801.69 24851.15 0.01 2.07 3.01 -1 0
Result 0 0.0 1500 0.46 0.20 0.20 0.21 0.21 0.19 -1 -1 -1 -1 -1
Evo 64.52 -10000004.34 0.65 -101917.61 0.64 0.64 0.64 968757.37 25004.87 0.01 1.25 1.73 -1 0
Result 0 0.0 1500 0.45 0.20 0.19 0.21 0.21 0.20 -1 -1 -1 -1 -1
Evo 64.02 -10000003.35 740741.47 -94966.36 0.64 0.64 0.64 966753.14 24953.14 0.01 1.97 2.55 39 0
Result 0 0.0 1500 0.46 0.21 0.19 0.21 0.20 0.18 -1 -1 -1 -1 -1
Evo 64.65 -10000004.35 0.65 -100138.10 0.64 0.64 0.64 970129.26 25040.28 0.01 1.59 2.35 -1 0
Result 0 0.0 1500 0.47 0.19 0.21 0.22 0.20 0.18 -1 -1 -1 -1 -1
Evo 64.67 -10000004.59 0.65 -95455.79 0.64 0.64 0.64 963162.77 24860.47 0.01 2.31 2.94 -1 0
Result 0 0.0 1500 0.45 0.20 0.19 0.22 0.21 0.19 -1 -1 -1 -1 -1
Evo 64.51 -10000003.78 0.65 -98725.32 0.64 0.64 0.64 964230.87 24888.04 0.01 2.32 3.13 -1 0
Result 0 0.0 1500 0.45 0.20 0.19 0.23 0.19 0.19 -1 -1 -1 -1 -1
