Evo 16.79 -7910447.26 10000005.13 -4198944.02 -5633799.47 -4647879.41 -3239435.11 2155044.79 49427.11 0.01 0.29 0.44 1887 33
Result 1 10.0 1900 0.49 0.22 0.13 0.21 0.21 0.24 -1 -1 -1 -1 -1
Evo 15.28 -8227845.61 10000001.62 -4393584.46 -5689653.86 -4714286.25 -3437499.80 2045296.20 46909.97 0.01 0.24 0.42 1887 70
Result 1 1.0 1900 0.49 0.21 0.14 0.20 0.23 0.22 -1 -1 -1 -1 -1
Evo 16.57 -8072292.12 10000002.25 -4203816.84 -5616435.48 -4637682.57 -3235293.98 2164403.57 49641.76 0.01 0.25 0.45 1887 44
Result 1 1.0 1900 0.49 0.21 0.14 0.20 0.24 0.22 -1 -1 -1 -1 -1
Evo 15.44 -8571428.91 10000003.30 -4420799.15 -5753419.23 -4769227.40 -3548381.66 2043954.29 46879.19 0.01 0.25 0.42 1887 49
Result 1 10.0 1900 0.49 0.21 0.13 0.20 0.23 0.24 -1 -1 -1 -1 -1
Evo 24.13 -8481012.15 10000005.11 -3311267.20 -5357142.81 -3749997.86 -666666.00 2600791.34 59650.55 0.01 0.30 0.54 1887 179
Result 1 1.0 1900 0.41 0.21 0.15 0.21 0.21 0.21 -1 -1 -1 -1 -1
Evo 15.40 -8539326.48 10000004.07 -4246064.14 -5915493.27 -4556961.70 -2799998.07 2302297.96 52804.44 0.01 0.40 0.63 1887 36
Result 1 1.0 1900 0.48 0.21 0.20 0.21 0.16 0.22 -1 -1 -1 -1 -1
Evo 17.42 -8765430.07 10000004.90 -4119315.84 -5657892.39 -4533334.25 -3157894.69 2277543.23 52236.68 0.01 0.26 0.42 1887 37
Result 1 1.0 1900 0.49 0.21 0.12 0.21 0.23 0.23 -1 -1 -1 -1 -1
Evo 15.88 -8196723.67 10000002.35 -4425622.03 -5833333.75 -4794520.05 -3499998.78 2084889.23 47818.06 0.01 0.37 0.59 1887 61
Result 1 1.0 1900 0.41 0.21 0.15 0.21 0.21 0.22 -1 -1 -1 -1 -1
Evo 15.83 -7912086.79 10000004.38 -4211687.43 -5538455.03 -4489794.65 -3333325.41 2053977.37 47109.08 0.01 0.39 0.57 1887 27
Result 1 10.0 1900 0.49 0.20 0.14 0.21 0.22 0.23 -1 -1 -1 -1 -1
Evo 21.09 -8333331.58 10000002.21 -3668210.77 -5499999.66 -4218737.96 -2241371.55 2489751.74 57103.80 0.01 0.37 0.59 1887 67
Result 1 20.0 1900 0.49 0.21 0.13 0.21 0.21 0.23 -1 -1 -1 -1 -1
Evo 17.98 -8539329.59 10000002.96 -3990791.68 -5416666.47 -4444441.85 -2999998.94 2115506.83 48520.29 0.01 0.33 0.50 1887 43
Result 1 1.0 1900 0.48 0.21 0.13 0.21 0.23 0.22 -1 -1 -1 -1 -1
Evo 18.54 -8522723.66 10000005.05 -3834151.60 -5806453.36 -3953488.19 -2244897.05 2489314.14 57093.76 0.01 0.37 0.62 1887 32
Result 1 1.0 1900 0.47 0.21 0.20 0.23 0.17 0.21 -1 -1 -1 -1 -1
Evo 14.13 -8571425.77 10000004.83 -4643354.20 -6097560.54 -4999998.92 -3714283.57 2165539.68 49667.82 0.01 0.36 0.54 1887 78
Result 1 1.0 1900 0.49 0.22 0.13 0.19 0.23 0.23 -1 -1 -1 -1 -1
Evo 16.66 -8421050.45 10000004.26 -4366730.85 -5897434.09 -4722223.55 -3428571.24 2215520.39 50814.15 0.01 0.31 0.54 1887 95
Result 1 1.0 1900 0.49 0.21 0.14 0.20 0.23 0.23 -1 -1 -1 -1 -1
Evo 15.73 -8266665.91 10000005.19 -4463744.20 -5890408.16 -4875000.34 -3469386.99 2093330.87 48011.67 0.01 0.23 0.34 1887 72
Result 1 1.0 1900 0.49 0.21 0.14 0.20 0.24 0.22 -1 -1 -1 -1 -1
Evo 20.11 -7926829.45 10000004.44 -3780088.13 -5540542.59 -4285714.49 -2549019.54 2411813.84 55316.25 0.01 0.23 0.36 1887 33
Result 1 1.0 1900 0.49 0.20 0.13 0.20 0.24 0.23 -1 -1 -1 -1 -1
Evo 14.98 -8375000.86 10000004.53 -4319343.36 -5875000.54 -4637680.69 -2999998.55 2112392.57 48448.86 0.01 0.41 0.66 1887 26
Result 1 1.0 1900 0.47 0.20 0.20 0.23 0.16 0.21 -1 -1 -1 -1 -1
Evo 18.18 -7802200.50 10000002.19 -4006112.09 -5599997.70 -4533331.93 -2941174.95 2250756.30 51622.31 0.01 0.18 0.31 1887 38
Result 1 1.0 1900 0.47 0.22 0.13 0.20 0.24 0.21 -1 -1 -1 -1 -1
Evo 15.79 -8181820.96 10000003.86 -4404757.47 -5769232.29 -4743588.51 -3428571.45 1974513.39 45286.53 0.01 0.26 0.42 1887 60
Result 1 1.0 1900 0.36 0.23 0.12 0.21 0.21 0.24 -1 -1 -1 -1 -1
Evo 17.90 -8369561.92 10000004.82 -4106301.50 -5675673.43 -4605264.51 -3090908.32 2231650.02 51184.10 0.01 0.22 0.37 1887 71
Result 1 1.0 1900 0.40 0.18 0.14 0.21 0.24 0.23 -1 -1 -1 -1 -1
Evo 16.79 -8441561.30 10000004.50 -3878978.40 -5616438.28 -4126983.06 -2428569.91 2324694.51 53318.12 0.01 0.17 0.29 1887 41
Result 1 1.0 1900 0.41 0.19 0.15 0.20 0.22 0.24 -1 -1 -1 -1 -1
Evo 19.26 -9454543.63 10000004.98 -3897280.10 -5714287.13 -4181818.36 -2352939.97 2382401.23 54641.66 0.01 0.46 0.64 1887 36
Result 1 1.0 1900 0.47 0.22 0.16 0.20 0.21 0.21 -1 -1 -1 -1 -1
Evo 17.77 -8641975.71 10000004.07 -3686569.98 -5507246.64 -3770489.66 -2153846.74 2339535.10 53658.50 0.01 0.21 0.32 1887 83
Result 1 1.0 1900 0.39 0.20 0.14 0.21 0.23 0.23 -1 -1 -1 -1 -1
Evo 15.31 -8414632.79 10000003.26 -4336852.29 -5822785.58 -4722220.38 -3108107.95 2110808.82 48412.54 0.01 0.20 0.35 1887 26
Result 1 1.0 1900 0.48 0.20 0.14 0.20 0.22 0.24 -1 -1 -1 -1 -1
Evo 13.92 -8780491.35 10000004.06 -4171573.61 -5733332.53 -4305554.59 -2769229.52 1994081.36 45735.33 0.01 0.20 0.33 1887 24
Result 1 1.0 1900 0.48 0.21 0.14 0.20 0.22 0.24 -1 -1 -1 -1 -1
Evo 15.55 -8275858.72 10000003.19 -3847212.26 -5499998.29 -3906251.10 -2352939.83 2082208.06 47756.56 0.01 0.18 0.30 1887 52
Result 1 1.0 1900 0.39 0.20 0.14 0.21 0.23 0.23 -1 -1 -1 -1 -1
Evo 16.83 -8461534.09 10000004.62 -3948206.79 -5675675.43 -4153846.69 -2452828.94 2249456.99 51592.51 0.01 0.25 0.37 1887 23
Result 1 1.0 1900 0.48 0.20 0.15 0.20 0.22 0.23 -1 -1 -1 -1 -1
Evo 15.01 -9117649.14 10000005.08 -4120738.40 -5714282.71 -4307685.12 -2698405.46 2106673.39 48317.69 0.01 0.27 0.45 1887 46
Result 1 10.0 1900 0.49 0.21 0.15 0.19 0.23 0.22 -1 -1 -1 -1 -1
Evo 14.92 -8072286.26 10000002.07 -3975992.19 -5641027.88 -4126982.58 -2542372.04 2202713.31 50520.42 0.01 0.21 0.35 1887 21
Result 1 1.0 1900 0.49 0.20 0.15 0.20 0.23 0.22 -1 -1 -1 -1 -1
Evo 14.56 -8055550.37 10000003.57 -3920968.24 -5499996.68 -3921561.56 -2461537.05 2069995.95 47476.47 0.01 0.26 0.44 1887 37
Result 1 10.0 1900 0.40 0.21 0.14 0.19 0.24 0.23 -1 -1 -1 -1 -1
Evo 15.14 -8452377.95 10000003.60 -4639986.24 -6315785.98 -5128205.55 -3333333.18 2322874.30 53276.37 0.01 0.39 0.65 1887 24
Result 1 1.0 1900 0.40 0.21 0.20 0.23 0.14 0.22 -1 -1 -1 -1 -1
Evo 17.62 -8085109.06 10000004.70 -3834057.53 -5599997.06 -4042551.04 -2363636.85 2262222.44 51885.29 0.01 0.19 0.34 1887 65
Result 1 1.0 1900 0.48 0.21 0.14 0.20 0.22 0.23 -1 -1 -1 -1 -1
Evo 18.97 -8172039.22 10000004.04 -3699148.08 -5599997.93 -3777777.05 -2162161.83 2341009.88 53692.32 0.01 0.31 0.48 1887 91
Result 1 1.0 1900 0.49 0.22 0.13 0.20 0.22 0.23 -1 -1 -1 -1 -1
Evo 16.42 -8431374.63 10000005.12 -4067339.26 -5675669.93 -4333328.40 -2741928.37 2249532.79 51594.25 0.01 0.30 0.43 1887 25
Result 1 10.0 1900 0.48 0.22 0.15 0.21 0.21 0.22 -1 -1 -1 -1 -1
Evo 17.48 -8437496.82 10000005.14 -3997597.55 -5696202.85 -4328355.97 -2638887.46 2266493.76 51983.25 0.01 0.26 0.44 1887 111
Result 1 1.0 1900 0.48 0.22 0.14 0.19 0.23 0.22 -1 -1 -1 -1 -1
Evo 16.23 -8275862.21 9999999.24 -3875347.41 -5507243.27 -3972601.44 -2456138.73 2133926.50 48942.75 0.01 0.18 0.29 1887 33
Result 1 1.0 1900 0.49 0.19 0.14 0.20 0.22 0.24 -1 -1 -1 -1 -1
Evo 14.88 -8311689.02 10000005.10 -4228567.22 -5909089.57 -4545455.74 -2714286.53 2168767.74 49741.86 0.01 0.34 0.58 1887 53
Result 1 1.0 1900 0.48 0.20 0.14 0.20 0.21 0.24 -1 -1 -1 -1 -1
Evo 15.32 -8705879.39 10000000.32 -3907702.67 -5423726.14 -3974359.93 -2499998.67 2082754.84 47769.10 0.01 0.20 0.40 1887 25
Result 1 1.0 1900 0.40 0.19 0.14 0.20 0.23 0.24 -1 -1 -1 -1 -1
Evo 19.99 -8571424.00 10000004.26 -3601377.75 -5507247.96 -3809522.82 -2031249.73 2431294.11 55763.04 0.01 0.21 0.36 1887 58
Result 1 1.0 1900 0.48 0.22 0.15 0.20 0.21 0.22 -1 -1 -1 -1 -1
Evo 15.24 -8681314.24 10000003.75 -4246187.70 -5949365.51 -4571429.43 -2857143.02 2294176.93 52618.18 0.01 0.39 0.68 1887 65
Result 1 1.0 1900 0.48 0.21 0.14 0.21 0.23 0.22 -1 -1 -1 -1 -1
Evo 17.24 -8354426.63 10000003.60 -4106577.17 -5970148.21 -4864865.85 -2333332.29 2481439.35 56913.15 0.01 0.50 0.70 1887 47
Result 1 1.0 1900 0.50 0.18 0.17 0.21 0.19 0.25 -1 -1 -1 -1 -1
Evo 20.21 -8157897.58 10000004.43 -3776079.59 -6000000.47 -4683542.53 -1228069.94 2765116.21 63419.43 0.01 0.11 0.21 1887 82
Result 1 1.0 1900 0.49 0.22 0.14 0.18 0.23 0.23 -1 -1 -1 -1 -1
Evo 18.08 -8705880.24 10000004.58 -4103719.07 -6000000.82 -4810124.14 -2295082.69 2501301.20 57368.69 0.01 0.38 0.68 1887 82
Result 1 1.0 1900 0.46 0.20 0.20 0.22 0.17 0.21 -1 -1 -1 -1 -1
Evo 20.31 -8082193.30 10000004.74 -3645109.46 -5862070.48 -4444443.11 -1090908.81 2716632.61 62307.43 0.01 0.32 0.62 1887 98
Result 1 1.0 1900 0.48 0.21 0.14 0.20 0.22 0.23 -1 -1 -1 -1 -1
Evo 21.25 -8372090.87 10000003.92 -3567167.85 -5915491.82 -4242424.22 -983597.52 2767849.26 63482.11 0.01 0.34 0.59 1887 49
Result 1 10.0 1900 0.49 0.21 0.14 0.19 0.22 0.24 -1 -1 -1 -1 -1
Evo 18.27 -8372094.37 10000003.95 -3972373.93 -5972221.51 -4722220.10 -1999991.68 2533761.82 58113.19 0.01 0.32 0.51 1887 38
Result 1 10.0 1900 0.46 0.21 0.15 0.21 0.20 0.23 -1 -1 -1 -1 -1
Evo 20.63 -8588238.29 10000004.84 -3648373.40 -5945944.95 -4342106.90 -1176470.46 2665677.55 61138.75 0.01 0.20 0.37 1887 44
Result 1 1.0 1900 0.50 0.21 0.13 0.21 0.20 0.25 -1 -1 -1 -1 -1
Evo 18.95 -8554218.29 10000005.12 -3948859.38 -5999998.03 -4729731.29 -1764705.64 2664779.12 61118.14 0.01 0.39 0.65 1887 57
Result 1 1.0 1900 0.42 0.21 0.16 0.19 0.20 0.24 -1 -1 -1 -1 -1
Evo 18.73 -8214282.92 10000000.62 -3869022.93 -5974022.77 -4499993.05 -1515151.22 2553431.07 58564.32 0.01 0.37 0.56 1887 42
Result 1 20.0 1900 0.41 0.22 0.15 0.18 0.21 0.24 -1 -1 -1 -1 -1
Evo 21.42 -8395065.19 10000005.00 -3597579.31 -5999997.32 -4237287.50 -952379.94 2804331.77 64318.86 0.01 0.13 0.25 1887 55
Result 1 1.0 1900 0.39 0.20 0.13 0.19 0.23 0.24 -1 -1 -1 -1 -1
Evo 19.97 -8470584.48 10000004.44 -3752036.18 -5897437.16 -4533323.20 -1428571.06 2629087.96 60299.55 0.01 0.37 0.58 1887 32
Result 1 30.0 1900 0.47 0.20 0.18 0.19 0.21 0.23 -1 -1 -1 -1 -1
Evo 21.04 -8720927.69 10000004.51 -3642671.58 -5949365.28 -4468085.89 -999999.30 2790170.56 63994.06 0.01 0.15 0.28 1887 36
Result 1 1.0 1900 0.39 0.20 0.14 0.18 0.24 0.25 -1 -1 -1 -1 -1
Evo 19.24 -8160915.32 10000003.08 -4020856.34 -5925926.74 -4805193.12 -2222220.94 2519588.52 57788.12 0.01 0.48 0.70 1887 55
Result 1 1.0 1900 0.43 0.21 0.17 0.20 0.20 0.22 -1 -1 -1 -1 -1
Evo 23.46 -8292683.89 10000004.57 -3458891.83 -5897434.47 -4042552.23 -714285.00 2813073.87 64519.36 0.01 0.21 0.34 1887 87
Result 1 10.0 1900 0.49 0.20 0.15 0.18 0.23 0.24 -1 -1 -1 -1 -1
Evo 22.05 -8235290.87 10000005.14 -3581401.81 -5925918.93 -4177203.64 -980391.80 2718977.81 62361.22 0.01 0.25 0.48 1887 55
Result 1 20.0 1900 0.47 0.21 0.16 0.18 0.21 0.25 -1 -1 -1 -1 -1
Evo 18.74 -8709672.97 10000004.50 -3947594.32 -5942022.49 -4799993.08 -1851850.93 2542920.73 58323.26 0.01 0.36 0.49 1887 89
Result 1 10.0 1900 0.44 0.22 0.18 0.19 0.18 0.23 -1 -1 -1 -1 -1
Evo 16.56 -8539327.00 10000004.30 -4194530.43 -5972223.72 -4871792.57 -2580637.21 2366703.51 54281.62 0.01 0.49 0.70 1887 38
Result 1 10.0 1900 0.45 0.19 0.18 0.20 0.18 0.24 -1 -1 -1 -1 -1
Evo 24.20 -8192770.28 10000004.57 -3406820.19 -5925926.85 -3896102.77 -638297.63 2850364.87 65374.65 0.01 0.19 0.38 1887 87
Result 1 10.0 1900 0.50 0.20 0.15 0.18 0.23 0.25 -1 -1 -1 -1 -1
Evo 22.32 -8395061.12 10000005.19 -3733067.21 -5915494.44 -4473682.43 -1276586.33 2720654.10 62399.67 0.01 0.35 0.51 1887 125
Result 1 20.0 1900 0.48 0.21 0.14 0.19 0.22 0.24 -1 -1 -1 -1 -1
Evo 19.41 -8191488.93 10000004.26 -3907051.90 -5897430.57 -4647888.62 -1791035.75 2561614.95 58752.02 0.01 0.35 0.61 1887 39
Result 1 10.0 1900 0.49 0.20 0.17 0.20 0.20 0.23 -1 -1 -1 -1 -1
Evo 20.24 -8181816.75 10000002.35 -3515995.13 -5657895.60 -4062498.85 -1206896.14 2617962.22 60044.37 0.01 0.17 0.27 1887 45
Result 1 1.0 1900 0.49 0.20 0.14 0.19 0.23 0.24 -1 -1 -1 -1 -1
Evo 19.68 -8148147.18 10000004.63 -3614559.53 -5671639.47 -4142854.77 -1428570.48 2570733.45 58961.16 0.01 0.15 0.27 1887 40
Result 1 1.0 1900 0.48 0.20 0.14 0.20 0.22 0.24 -1 -1 -1 -1 -1
Evo 20.85 -8513512.36 10000004.94 -3589794.47 -5697673.16 -4242424.57 -1249998.97 2635981.73 60457.66 0.01 0.15 0.25 1887 43
Result 1 1.0 1900 0.49 0.19 0.16 0.18 0.23 0.24 -1 -1 -1 -1 -1
Evo 16.65 -8481016.41 10000001.16 -4108279.39 -5975606.73 -4473681.89 -2533332.44 2407820.06 55224.65 0.01 0.45 0.65 1887 44
Result 1 10.0 1900 0.48 0.20 0.19 0.22 0.18 0.22 -1 -1 -1 -1 -1
Evo 19.15 -8681320.60 10000004.21 -3816350.92 -5844156.82 -4430375.33 -1666657.97 2612469.72 59918.40 0.01 0.33 0.49 1887 30
Result 1 10.0 1900 0.50 0.21 0.14 0.19 0.22 0.24 -1 -1 -1 -1 -1
Evo 20.39 -7999999.79 10000003.67 -3598222.20 -5633800.32 -4285715.18 -1320754.68 2576718.58 59098.43 0.01 0.16 0.27 1887 44
Result 1 1.0 1900 0.49 0.21 0.13 0.18 0.24 0.24 -1 -1 -1 -1 -1
Evo 19.36 -8139532.08 10000004.52 -3547701.19 -5675675.29 -4137928.91 -1333332.92 2559956.01 58713.97 0.01 0.14 0.26 1887 34
Result 1 1.0 1900 0.50 0.20 0.14 0.19 0.23 0.24 -1 -1 -1 -1 -1
Evo 20.42 -8372093.52 10000003.87 -3554827.34 -5633803.63 -4153844.82 -1224489.02 2594987.07 59517.43 0.01 0.19 0.31 1887 46
Result 1 1.0 1900 0.40 0.22 0.14 0.19 0.23 0.23 -1 -1 -1 -1 -1
Evo 21.58 -8124998.77 10000003.39 -3442059.83 -5624997.29 -4000000.24 -967741.01 2561146.49 58741.27 0.01 0.18 0.30 1887 45
Result 1 1.0 1900 0.39 0.21 0.13 0.19 0.24 0.23 -1 -1 -1 -1 -1
Evo 20.86 -8241755.67 9999997.07 -3501172.79 -5662646.73 -4025965.98 -1090899.53 2540035.39 58257.08 0.01 0.20 0.33 1887 46
Result 1 10.0 1900 0.48 0.21 0.15 0.19 0.22 0.24 -1 -1 -1 -1 -1
Evo 21.02 -8260868.52 10000004.43 -3592439.79 -5810809.90 -4166666.20 -1212121.12 2674788.56 61347.72 0.01 0.27 0.45 1887 50
Result 1 10.0 1900 0.41 0.20 0.15 0.18 0.23 0.24 -1 -1 -1 -1 -1
Evo 19.13 -7999998.33 10000003.90 -3691882.31 -5714283.66 -4305553.56 -1612902.42 2560522.87 58726.97 0.01 0.19 0.34 1887 37
Result 1 10.0 1900 0.49 0.19 0.15 0.18 0.24 0.24 -1 -1 -1 -1 -1
Evo 20.22 -8461540.87 10000003.23 -3582295.44 -5696198.04 -4242417.16 -1249990.64 2623500.82 60171.40 0.01 0.21 0.37 1887 37
Result 1 10.0 1900 0.50 0.20 0.14 0.19 0.23 0.24 -1 -1 -1 -1 -1
Evo 18.11 -8433735.34 10000002.54 -3905691.86 -5810803.71 -4545447.01 -1904761.82 2483419.10 56958.55 0.01 0.25 0.44 1887 38
Result 1 10.0 1900 0.51 0.21 0.12 0.18 0.22 0.26 -1 -1 -1 -1 -1
Evo 17.69 -8533331.72 10000004.95 -3883761.53 -5897436.19 -4262295.14 -2033897.57 2514489.70 57671.18 0.01 0.39 0.69 1887 45
Result 1 1.0 1900 0.44 0.21 0.18 0.20 0.19 0.23 -1 -1 -1 -1 -1
Evo 20.60 -8428568.76 10000005.15 -3611794.31 -5714285.99 -4262295.80 -1320754.38 2561559.74 58750.75 0.01 0.24 0.42 1887 85
Result 1 1.0 1900 0.42 0.21 0.16 0.19 0.22 0.22 -1 -1 -1 -1 -1
Evo 20.82 -8552630.84 10000004.06 -3575215.42 -5694445.15 -4202896.39 -1200000.01 2661395.36 61040.54 0.01 0.18 0.30 1887 67
Result 1 1.0 1900 0.40 0.19 0.14 0.19 0.23 0.25 -1 -1 -1 -1 -1
Evo 19.59 -8124998.68 10000000.99 -3626632.34 -5735293.87 -4133334.64 -1250000.02 2535090.22 58143.66 0.01 0.23 0.49 1887 47
Result 1 10.0 1900 0.39 0.21 0.14 0.19 0.23 0.23 -1 -1 -1 -1 -1
Evo 20.63 -8313250.00 10000005.01 -3491798.18 -5624999.00 -4067796.80 -1176470.69 2643340.29 60626.43 0.01 0.19 0.34 1887 43
Result 1 10.0 1900 0.41 0.20 0.15 0.18 0.23 0.24 -1 -1 -1 -1 -1
Evo 19.79 -8160923.11 10000004.55 -3511322.59 -5714288.11 -4054055.20 -1194029.77 2637674.47 60496.48 0.01 0.16 0.26 1887 75
Result 1 1.0 1900 0.48 0.21 0.14 0.17 0.25 0.22 -1 -1 -1 -1 -1
Evo 15.48 -8192764.91 10000004.89 -3789548.29 -5394736.24 -3846153.39 -2413785.15 2164347.58 49640.48 0.01 0.21 0.36 1887 30
Result 1 10.0 1900 0.48 0.21 0.14 0.20 0.22 0.23 -1 -1 -1 -1 -1
Evo 15.34 -8205124.40 10000005.00 -4117342.38 -5696201.34 -4285713.19 -2711862.73 2047858.59 46968.74 0.01 0.40 0.67 1887 33
Result 1 1.0 1900 0.42 0.19 0.16 0.22 0.22 0.22 -1 -1 -1 -1 -1
Evo 16.73 -8311683.83 10000004.61 -3999898.60 -5714283.69 -4225353.15 -2586205.29 2287718.02 52470.04 0.01 0.28 0.47 1887 64
Result 1 10.0 1900 0.40 0.20 0.14 0.20 0.22 0.23 -1 -1 -1 -1 -1
Evo 18.82 -8227847.53 10000004.20 -3693717.39 -5428569.55 -3749998.37 -2264150.15 2258838.26 51807.67 0.01 0.25 0.45 1887 114
Result 1 1.0 1900 0.41 0.21 0.15 0.20 0.22 0.22 -1 -1 -1 -1 -1
Evo 17.75 -8571429.41 10000005.05 -3922098.73 -5783132.63 -4137930.82 -2391304.23 2364419.97 54229.25 0.01 0.31 0.57 1887 37
Result 1 1.0 1900 0.45 0.21 0.17 0.21 0.19 0.22 -1 -1 -1 -1 -1
Evo 15.64 -8352939.63 10000005.11 -3983305.73 -5522387.75 -4117645.18 -2500000.51 2038181.30 46746.79 0.01 0.27 0.48 1887 36
Result 1 1.0 1900 0.39 0.20 0.14 0.21 0.22 0.24 -1 -1 -1 -1 -1
Evo 15.61 -8709678.24 10000005.07 -4103332.30 -5735296.38 -4328355.83 -2638887.24 2220755.67 50934.23 0.01 0.20 0.35 1887 45
Result 1 1.0 1900 0.48 0.22 0.14 0.20 0.22 0.22 -1 -1 -1 -1 -1
Evo 15.19 -8409093.04 10000005.18 -3906113.54 -5599997.62 -3999999.60 -2459015.71 2276518.13 52213.17 0.01 0.44 0.68 1887 26
Result 1 1.0 1900 0.44 0.20 0.18 0.22 0.17 0.23 -1 -1 -1 -1 -1
Evo 16.81 -8089882.35 10000004.19 -3964456.79 -5686272.45 -4210518.63 -2631572.08 2254036.28 51697.54 0.01 0.38 0.58 1887 44
Result 1 10.0 1900 0.40 0.21 0.14 0.20 0.22 0.22 -1 -1 -1 -1 -1
Evo 16.49 -8354431.32 10000004.41 -3982765.79 -5733331.00 -4166664.66 -2542373.05 2277201.14 52228.83 0.01 0.17 0.30 1887 42
Result 1 1.0 1900 0.48 0.20 0.14 0.20 0.22 0.23 -1 -1 -1 -1 -1
Evo 15.07 -8051950.53 10000002.81 -4110205.22 -5671641.82 -4249999.46 -2753621.48 2137124.06 49016.09 0.01 0.29 0.53 1887 33
Result 1 1.0 1900 0.48 0.20 0.14 0.21 0.23 0.23 -1 -1 -1 -1 -1
Evo 17.21 -8923073.90 10000002.56 -3755220.96 -5492954.80 -3768109.94 -2238806.63 2236925.44 51305.09 0.01 0.20 0.36 1887 94
Result 1 10.0 1900 0.50 0.20 0.15 0.19 0.21 0.24 -1 -1 -1 -1 -1
Evo 15.57 -8095233.66 10000004.96 -3880587.51 -5555554.21 -3939393.81 -2452821.05 2158889.56 49515.29 0.01 0.21 0.41 1887 40
Result 1 10.0 1900 0.49 0.22 0.15 0.19 0.23 0.21 -1 -1 -1 -1 -1
Evo 16.83 -8068180.21 10000003.60 -3752147.73 -5405402.40 -3728812.75 -2307692.21 2187113.46 50162.63 0.01 0.19 0.31 1887 37
Result 1 1.0 1900 0.40 0.21 0.14 0.20 0.22 0.24 -1 -1 -1 -1 -1
Evo 18.65 -8666665.42 10000005.10 -3620659.20 -5405400.16 -3728805.67 -2156854.23 2295376.00 52645.68 0.01 0.22 0.40 1887 85
Result 1 10.0 1900 0.49 0.21 0.14 0.19 0.23 0.23 -1 -1 -1 -1 -1
Evo 16.18 -8571427.14 10000004.58 -3919072.36 -5555557.80 -3999998.48 -2535209.91 2187786.65 50178.07 0.01 0.18 0.30 1887 48
Result 1 1.0 1900 0.40 0.22 0.14 0.19 0.22 0.22 -1 -1 -1 -1 -1
Evo 16.18 -8421049.00 10000003.05 -3927616.72 -5652173.72 -4000000.45 -2499999.55 2222874.50 50982.82 0.01 0.21 0.35 1887 35
Result 1 1.0 1900 0.47 0.23 0.14 0.20 0.22 0.21 -1 -1 -1 -1 -1
Evo 15.21 -8636363.02 10000005.16 -4015611.80 -5652175.34 -4057969.47 -2586206.56 2140729.80 49098.79 0.01 0.22 0.39 1887 33
Result 1 1.0 1900 0.49 0.20 0.14 0.20 0.23 0.23 -1 -1 -1 -1 -1
Evo 20.01 -8333333.42 10000004.97 -3663945.36 -5616435.43 -3835616.81 -1999999.06 2453063.47 56262.33 0.01 0.41 0.69 1887 81
Result 1 1.0 1900 0.48 0.21 0.17 0.20 0.20 0.21 -1 -1 -1 -1 -1
Evo 16.30 -8356160.48 10000005.05 -3821429.62 -5555553.70 -3799998.86 -2363636.45 2263505.36 51914.71 0.01 0.16 0.27 1887 68
Result 1 1.0 1900 0.48 0.20 0.14 0.21 0.23 0.22 -1 -1 -1 -1 -1
