Evo 28.88 -3333327.46 25.13 -425606.63 -784311.43 6.57 20.55 644851.35 38606.24 0.03 0.66 1.00 -1 0
Result 0 18.0 278 0.47 0.19 0.21 0.21 0.20 0.19 -1 -1 -1 -1 -1
Evo 28.10 -3661962.81 10000004.22 -176721.14 -714280.54 5.11 17.60 1741339.47 77797.31 0.02 0.83 1.01 487 0
Result 1 28.0 500 0.47 0.20 0.19 0.21 0.20 0.20 -1 -1 -1 -1 -1
Evo 34.94 -3766233.09 1.13 -595300.59 -980391.78 -178570.66 0.93 944095.30 222525.40 0.23 0.07 0.34 -1 0
Result 0 -5.0 17 0.43 0.22 0.11 0.17 0.33 0.17 -1 -1 -1 -1 -1
Evo 28.32 -2777774.29 4.71 -439860.34 -784309.63 0.82 2.96 642055.21 74138.15 0.08 0.24 0.56 -1 0
Result 0 -2.0 74 0.46 0.17 0.28 0.20 0.17 0.17 -1 -1 -1 -1 -1
Evo 32.07 -3614452.43 10000005.11 -246391.78 -833317.02 -256376.34 18.22 1731433.19 77354.73 0.02 0.96 1.01 487 0
Result 1 34.0 500 0.47 0.18 0.21 0.21 0.20 0.21 -1 -1 -1 -1 -1
Evo 27.77 -3846143.39 18.03 -932405.68 -1333328.19 -731698.27 -270254.78 859964.07 56581.48 0.03 0.90 1.01 -1 0
Result 0 12.0 230 0.46 0.13 0.19 0.19 0.22 0.26 -1 -1 -1 -1 -1
Evo 31.99 -5533979.87 10000004.79 -139991.33 -666640.03 8.44 18.73 1780699.21 79555.77 0.02 0.96 1.01 487 0
Result 1 28.0 500 0.47 0.21 0.17 0.21 0.20 0.22 -1 -1 -1 -1 -1
Evo 30.61 -2923061.87 10000005.20 -180960.72 -740717.08 5.45 15.52 1723208.30 76987.27 0.02 0.96 1.01 487 1
Result 1 24.0 500 0.47 0.19 0.23 0.20 0.19 0.19 -1 -1 -1 -1 -1
Evo 28.23 -4197517.78 10000004.90 -256811.01 -816309.98 5.82 15.96 1742623.45 77854.67 0.02 0.84 1.01 487 0
Result 1 27.0 500 0.47 0.20 0.21 0.21 0.19 0.20 -1 -1 -1 -1 -1
Evo 31.72 -3454537.21 10000004.34 -79252.66 -599974.49 7.23 17.81 1725305.54 77080.97 0.02 0.97 1.01 487 1
Result 1 27.0 500 0.47 0.18 0.22 0.20 0.20 0.20 -1 -1 -1 -1 -1
Evo 33.01 -3333317.95 10000003.19 -227533.30 -847439.29 1.73 16.43 1754978.02 78406.64 0.02 0.80 1.01 487 0
Result 1 28.0 500 0.49 0.18 0.19 0.23 0.20 0.20 -1 -1 -1 -1 -1
Evo 33.74 -4096371.02 10000004.78 -162459.01 -749978.08 14.00 21.05 1760476.61 78652.29 0.02 0.63 0.86 487 0
Result 1 24.0 500 0.47 0.19 0.22 0.20 0.22 0.16 -1 -1 -1 -1 -1
Evo 29.34 -3230753.71 10000003.22 -161745.47 -714268.09 8.45 18.81 1745743.93 77994.09 0.02 0.56 0.79 487 0
Result 1 23.0 500 0.49 0.18 0.19 0.24 0.20 0.19 -1 -1 -1 -1 -1
Evo 30.36 -2592587.08 10000003.49 -111800.24 -606026.93 12.93 25.11 1675318.62 74847.72 0.02 0.99 1.01 487 0
Result 1 35.0 500 0.48 0.20 0.18 0.22 0.21 0.19 -1 -1 -1 -1 -1
Evo 30.63 -3999985.47 10000003.39 -169193.91 -701731.06 7.09 15.93 1735608.32 77541.26 0.02 0.96 1.01 487 0
Result 1 24.0 500 0.49 0.17 0.21 0.24 0.21 0.18 -1 -1 -1 -1 -1
Evo 28.68 -5632175.90 23.65 -449418.59 -789468.14 4.61 16.77 722547.51 37163.83 0.02 0.59 0.87 -1 0
Result 0 19.0 377 0.49 0.19 0.20 0.23 0.18 0.20 -1 -1 -1 -1 -1
Evo 27.43 -4999981.60 25.90 -536430.60 -909066.14 2.18 17.81 816323.92 41821.54 0.02 0.76 1.01 -1 2
Result 0 22.0 380 0.49 0.20 0.17 0.23 0.21 0.19 -1 -1 -1 -1 -1
Evo 27.99 -3076922.27 6.60 -551771.08 -1071426.95 -322577.88 3.03 674355.82 77867.90 0.08 0.20 0.49 -1 0
Result 0 0.0 74 0.49 0.23 0.20 0.23 0.19 0.16 -1 -1 -1 -1 -1
Evo 30.27 -2881355.16 10000004.66 -187813.79 -769206.80 2.05 20.76 1772565.76 79192.40 0.02 0.84 1.01 487 0
Result 1 25.0 500 0.47 0.22 0.21 0.21 0.20 0.16 -1 -1 -1 -1 -1
Evo 28.84 -5333322.80 27.76 -566287.19 -961514.02 0.81 16.09 791157.70 35887.64 0.02 0.86 1.01 -1 0
Result 0 21.0 485 0.48 0.17 0.20 0.21 0.22 0.20 -1 -1 -1 -1 -1
Evo 29.08 -2950790.16 10000004.90 -50814.50 -499994.21 16.65 35.93 1722718.80 76965.40 0.02 0.63 0.91 487 0
Result 1 43.0 500 0.49 0.19 0.22 0.23 0.21 0.15 -1 -1 -1 -1 -1
Evo 30.13 -5057458.85 10000004.55 -76971.63 -434779.79 16.13 25.94 1772198.73 79176.00 0.02 0.49 0.69 487 0
Result 1 41.0 500 0.48 0.21 0.21 0.22 0.20 0.16 -1 -1 -1 -1 -1
Evo 28.12 -2835814.11 39.29 -442160.45 -701730.11 5.32 21.09 644711.45 32772.53 0.02 0.60 0.84 -1 0
Result 0 33.0 386 0.48 0.20 0.19 0.22 0.21 0.18 -1 -1 -1 -1 -1
Evo 28.15 -3205118.15 10000003.99 -93454.00 -571399.63 15.16 30.41 1642651.64 73388.26 0.02 0.71 0.97 487 1
Result 1 44.0 500 0.48 0.22 0.17 0.22 0.20 0.19 -1 -1 -1 -1 -1
Evo 32.49 -2807011.99 9.22 -285990.69 -344819.92 1.48 5.59 561565.18 61271.78 0.08 0.31 0.53 -1 0
Result 0 2.0 83 0.51 0.17 0.15 0.27 0.23 0.18 -1 -1 -1 -1 -1
Evo 29.48 -3116856.94 10000004.97 -39710.33 -434755.15 18.93 33.95 1657644.32 74058.09 0.02 0.61 0.93 487 0
Result 1 42.0 500 0.48 0.18 0.20 0.22 0.23 0.17 -1 -1 -1 -1 -1
Evo 31.08 -2982430.17 10000004.89 -114356.93 -588200.46 12.39 25.96 1724416.48 77041.25 0.02 0.83 1.01 487 1
Result 1 38.0 500 0.47 0.19 0.19 0.20 0.24 0.18 -1 -1 -1 -1 -1
Evo 30.41 -4096378.49 10000003.84 -29132.96 -444405.08 18.21 35.98 1751300.98 78242.36 0.02 0.64 0.99 487 2
Result 1 44.0 500 0.48 0.19 0.20 0.22 0.21 0.18 -1 -1 -1 -1 -1
Evo 29.76 -5119027.16 10000004.94 -86825.75 -370358.64 19.95 35.85 1665687.96 74417.45 0.02 0.47 0.67 487 4
Result 1 43.0 500 0.50 0.21 0.21 0.24 0.17 0.17 -1 -1 -1 -1 -1
Evo 28.85 -2799995.26 10000003.85 -7301.77 -399963.70 15.67 25.89 1726549.65 77136.55 0.02 0.69 0.93 487 1
Result 1 40.0 500 0.48 0.18 0.22 0.21 0.22 0.17 -1 -1 -1 -1 -1
Evo 29.87 -2631572.30 6.52 -546077.45 -847450.31 -243897.26 4.15 717019.75 78233.27 0.08 0.41 0.76 -1 1
Result 0 2.0 83 0.49 0.18 0.18 0.24 0.18 0.23 -1 -1 -1 -1 -1
Evo 30.29 -3513485.06 10000004.86 -195773.56 -769190.77 2.65 23.66 1776757.21 79379.66 0.02 0.94 1.01 487 0
Result 1 43.0 500 0.49 0.18 0.19 0.23 0.20 0.20 -1 -1 -1 -1 -1
Evo 28.18 -2799980.73 28.65 -300444.91 -499984.44 10.19 23.00 504415.46 33854.15 0.04 0.46 0.66 -1 0
Result 0 22.0 221 0.48 0.15 0.19 0.23 0.21 0.23 -1 -1 -1 -1 -1
Evo 30.46 -5686261.97 10000003.80 -134996.88 -624975.95 9.98 27.56 1760605.95 78658.07 0.02 0.94 1.01 487 1
Result 1 42.0 500 0.49 0.18 0.19 0.23 0.21 0.19 -1 -1 -1 -1 -1
Evo 29.84 -3888874.09 10000004.42 -50247.00 -476187.17 13.06 23.83 1697016.48 75817.11 0.02 0.74 1.01 487 0
Result 1 41.0 500 0.48 0.20 0.20 0.22 0.21 0.18 -1 -1 -1 -1 -1
Evo 30.84 -2833326.42 10000004.05 24650.89 -294090.93 17.78 33.83 1662443.07 74272.48 0.02 0.67 1.01 487 1
Result 1 43.0 500 0.48 0.17 0.23 0.22 0.21 0.17 -1 -1 -1 -1 -1
Evo 31.11 -4337337.43 10000004.43 -108154.99 -571406.64 11.05 23.56 1780783.93 79559.56 0.02 0.74 1.00 487 0
Result 1 36.0 500 0.46 0.20 0.22 0.20 0.21 0.18 -1 -1 -1 -1 -1
Evo 30.03 -2857124.45 10000004.04 -6428.34 -399957.60 17.47 32.31 1674123.72 74794.33 0.02 0.77 1.01 487 1
Result 1 43.0 500 0.48 0.18 0.21 0.22 0.21 0.18 -1 -1 -1 -1 -1
Evo 28.93 -4999975.82 10000000.80 -267159.15 -869528.13 5.14 22.90 1875083.28 83772.54 0.02 0.86 1.01 487 0
Result 1 41.0 500 0.49 0.21 0.18 0.23 0.19 0.19 -1 -1 -1 -1 -1
Evo 28.82 -2173891.46 28.38 -263849.01 -370345.07 8.87 22.11 463213.68 26878.38 0.03 0.60 0.79 -1 0
Result 0 21.0 296 0.47 0.20 0.21 0.21 0.19 0.19 -1 -1 -1 -1 -1
Evo 26.66 -5106364.47 31.41 -383339.42 -512796.04 5.35 22.41 704284.42 37119.05 0.02 0.93 1.01 -1 8
Result 0 26.0 359 0.48 0.20 0.18 0.22 0.19 0.20 -1 -1 -1 -1 -1
Evo 29.83 -3246732.13 10000004.13 -13944.15 -425508.75 19.04 32.14 1673899.24 74784.30 0.02 0.91 1.01 487 0
Result 1 43.0 500 0.48 0.17 0.19 0.22 0.20 0.22 -1 -1 -1 -1 -1
Evo 30.13 -4166659.56 10000003.52 -38468.74 -434774.47 19.72 30.16 1721866.44 76927.32 0.02 0.93 1.01 487 3
Result 1 43.0 500 0.46 0.20 0.18 0.20 0.20 0.22 -1 -1 -1 -1 -1
Evo 31.51 -3670868.77 10000004.96 -49154.76 -454510.15 14.15 22.41 1771564.99 79147.69 0.02 0.84 1.01 487 3
Result 1 37.0 500 0.47 0.18 0.21 0.21 0.20 0.21 -1 -1 -1 -1 -1
Evo 29.68 -2948711.78 10.83 -371146.32 -666656.13 1.14 5.15 650551.81 72283.53 0.08 0.40 0.70 -1 0
Result 0 4.0 80 0.46 0.21 0.17 0.20 0.21 0.21 -1 -1 -1 -1 -1
Evo 30.18 -2812482.18 26.58 -274495.27 -444419.41 9.31 19.98 492639.30 27757.08 0.03 0.57 0.84 -1 3
Result 0 23.0 314 0.46 0.22 0.19 0.20 0.20 0.19 -1 -1 -1 -1 -1
Evo 31.64 -2463760.91 8.67 -304596.00 -357141.08 1.75 4.58 560952.66 61204.95 0.08 0.26 0.53 -1 5
Result 0 2.0 83 0.44 0.24 0.15 0.18 0.24 0.19 -1 -1 -1 -1 -1
Evo 28.27 -2391299.05 19.55 -189368.25 0.67 4.88 17.02 392364.83 25985.00 0.03 0.57 1.01 -1 5
Result 0 13.0 227 0.47 0.19 0.18 0.21 0.19 0.23 -1 -1 -1 -1 -1
Evo 26.54 -2187489.08 13.35 -205267.35 -208329.12 4.37 8.80 467467.34 51004.87 0.08 0.23 0.54 -1 1
Result 0 6.0 83 0.47 0.15 0.24 0.20 0.20 0.20 -1 -1 -1 -1 -1
Evo 29.24 -2499990.55 27.33 -257215.82 -322554.53 9.58 22.10 494235.84 29912.51 0.03 0.49 0.74 -1 3
Result 0 21.0 272 0.47 0.14 0.21 0.20 0.24 0.21 -1 -1 -1 -1 -1
Evo 30.59 -3134307.39 10000004.59 -37336.10 -416642.56 16.90 25.89 1729633.79 77274.34 0.02 0.51 0.76 487 0
Result 1 33.0 500 0.48 0.19 0.22 0.22 0.19 0.18 -1 -1 -1 -1 -1
Evo 28.01 -2972963.29 36.41 -312825.00 -545427.01 13.63 25.05 525508.51 26209.98 0.02 0.73 1.01 -1 1
Result 0 30.0 401 0.48 0.17 0.22 0.21 0.17 0.22 -1 -1 -1 -1 -1
Evo 29.93 -2666648.30 10000004.02 -44662.81 -512791.30 16.44 25.79 1696413.65 75790.17 0.02 0.83 1.01 487 3
Result 1 40.0 500 0.46 0.18 0.18 0.19 0.24 0.21 -1 -1 -1 -1 -1
Evo 29.52 -2941157.87 38.34 -427649.68 -740718.83 2.25 23.63 609303.93 27724.29 0.02 0.77 1.00 -1 2
Result 0 32.0 482 0.47 0.19 0.20 0.20 0.21 0.19 -1 -1 -1 -1 -1
Evo 27.26 -2686549.64 36.74 -294042.07 -434748.09 18.31 25.99 547148.93 26054.71 0.02 0.76 1.01 -1 1
Result 0 31.0 440 0.49 0.20 0.18 0.23 0.18 0.22 -1 -1 -1 -1 -1
Evo 29.50 -5074607.23 42.92 -371308.72 -576910.70 8.35 27.40 672021.58 32001.03 0.02 0.94 1.01 -1 2
Result 0 37.0 440 0.46 0.20 0.19 0.19 0.18 0.24 -1 -1 -1 -1 -1
Evo 30.77 -2894707.04 10000005.17 -141096.19 -645133.84 3.35 23.87 1674369.08 74805.29 0.02 0.94 1.01 487 1
Result 1 42.0 500 0.47 0.18 0.20 0.21 0.21 0.19 -1 -1 -1 -1 -1
Evo 30.07 -4133305.76 10000004.18 -128985.57 -566017.42 7.88 24.45 1781220.84 79579.08 0.02 0.97 1.01 487 6
Result 1 46.0 500 0.48 0.17 0.20 0.21 0.20 0.21 -1 -1 -1 -1 -1
Evo 29.59 -2884595.35 10000005.02 -104322.01 -588213.77 7.86 23.34 1639946.93 73267.43 0.02 0.81 1.01 487 5
Result 1 33.0 500 0.49 0.17 0.18 0.23 0.22 0.20 -1 -1 -1 -1 -1
Evo 28.96 -2763125.09 10000002.71 -68423.76 -512782.98 18.77 31.55 1589481.08 71012.78 0.02 0.93 1.01 487 2
Result 1 43.0 500 0.45 0.19 0.22 0.19 0.20 0.21 -1 -1 -1 -1 -1
Evo 33.53 0.67 10000004.99 279460.33 10.67 19.76 32.75 1649771.36 73706.35 0.02 0.77 1.00 487 -1
Result 1 36.0 500 0.47 0.17 0.20 0.20 0.22 0.21 -1 -1 -1 -1 -1
Evo 35.01 0.64 10000004.58 279456.55 6.79 15.85 26.78 1649772.20 73706.39 0.02 0.77 1.01 487 -1
Result 1 30.0 500 0.48 0.16 0.19 0.22 0.21 0.23 -1 -1 -1 -1 -1
Evo 35.03 0.64 10000004.76 279458.35 8.82 17.88 29.31 1649771.90 73706.37 0.02 0.80 1.01 487 -1
Result 1 32.0 500 0.47 0.16 0.20 0.21 0.21 0.23 -1 -1 -1 -1 -1
Evo 35.55 0.66 10000005.10 279458.51 8.80 18.76 29.64 1649771.88 73706.37 0.02 0.77 1.01 487 -1
Result 1 32.0 500 0.48 0.15 0.20 0.22 0.20 0.23 -1 -1 -1 -1 -1
Evo 36.82 0.65 10000004.11 279459.89 10.69 20.85 31.64 1649771.74 73706.37 0.02 0.81 1.01 487 -1
Result 1 34.0 500 0.46 0.17 0.20 0.20 0.21 0.22 -1 -1 -1 -1 -1
Evo 37.56 0.67 10000005.11 279457.61 7.87 16.88 28.36 1649771.96 73706.38 0.02 0.83 1.01 487 -1
Result 1 31.0 500 0.48 0.15 0.21 0.22 0.20 0.22 -1 -1 -1 -1 -1
Evo 39.47 0.67 10000004.44 279458.00 8.79 16.88 29.68 1649771.57 73706.36 0.02 0.81 1.01 487 -1
Result 1 32.0 500 0.47 0.19 0.19 0.21 0.20 0.22 -1 -1 -1 -1 -1
Evo 37.39 0.64 10000004.92 279457.55 7.83 16.89 28.90 1649772.06 73706.38 0.02 0.86 1.01 487 -1
Result 1 32.0 500 0.47 0.18 0.20 0.20 0.21 0.21 -1 -1 -1 -1 -1
Evo 36.68 0.64 10000004.87 279456.43 9.66 16.62 24.83 1649772.07 73706.38 0.02 0.73 1.01 487 -1
Result 1 28.0 500 0.47 0.16 0.21 0.21 0.22 0.21 -1 -1 -1 -1 -1
Evo 36.80 0.66 10000003.49 279455.94 6.65 15.22 25.94 1649772.08 73706.38 0.02 0.84 1.01 487 -1
Result 1 29.0 500 0.48 0.17 0.18 0.23 0.19 0.24 -1 -1 -1 -1 -1
Evo 36.41 0.64 10000005.17 279458.35 8.82 17.82 29.35 1649771.75 73706.37 0.02 0.77 1.01 487 -1
Result 1 32.0 500 0.46 0.20 0.20 0.20 0.20 0.21 -1 -1 -1 -1 -1
Evo 36.13 0.67 10000004.25 279457.34 8.79 17.73 26.33 1649772.06 73706.38 0.02 0.79 1.01 487 -1
Result 1 29.0 500 0.48 0.17 0.19 0.22 0.20 0.22 -1 -1 -1 -1 -1
Evo 32.74 0.66 10000004.60 279458.40 8.80 17.84 29.67 1649771.96 73706.38 0.02 0.71 1.01 487 -1
Result 1 32.0 500 0.47 0.18 0.20 0.20 0.21 0.20 -1 -1 -1 -1 -1
Evo 37.20 0.66 10000005.14 279457.43 8.86 16.80 27.83 1649771.77 73706.37 0.02 0.74 1.01 487 -1
Result 1 31.0 500 0.48 0.16 0.19 0.22 0.18 0.25 -1 -1 -1 -1 -1
Evo 35.83 0.67 10000004.18 279460.41 10.19 20.17 32.87 1649771.41 73706.35 0.02 0.74 1.01 487 -1
Result 1 36.0 500 0.48 0.18 0.18 0.22 0.19 0.23 -1 -1 -1 -1 -1
Evo 35.79 0.66 10000005.05 279458.26 8.86 18.75 28.76 1649771.81 73706.37 0.02 0.77 1.01 487 -1
Result 1 32.0 500 0.48 0.17 0.18 0.22 0.19 0.24 -1 -1 -1 -1 -1
Evo 37.42 0.66 10000004.22 279459.41 8.82 19.70 32.27 1649771.66 73706.36 0.02 0.80 1.01 487 -1
Result 1 35.0 500 0.48 0.16 0.20 0.22 0.21 0.21 -1 -1 -1 -1 -1
Evo 35.35 0.64 10000003.82 279458.36 10.44 18.54 28.79 1649771.68 73706.36 0.02 0.86 1.01 487 -1
Result 1 32.0 500 0.47 0.18 0.19 0.21 0.21 0.21 -1 -1 -1 -1 -1
Evo 36.72 0.67 10000005.11 279459.02 10.66 17.98 31.66 1649772.04 73706.38 0.02 0.87 1.01 487 -1
Result 1 34.0 500 0.47 0.17 0.21 0.21 0.20 0.21 -1 -1 -1 -1 -1
Evo 35.27 0.66 10000004.96 279459.90 10.70 19.87 31.00 1649771.31 73706.35 0.02 0.77 1.01 487 -1
Result 1 34.0 500 0.47 0.18 0.20 0.21 0.20 0.21 -1 -1 -1 -1 -1
Evo 29.14 -4457829.90 10.83 -1148386.82 -1702119.70 -1186435.92 -312492.68 933268.21 52089.95 0.03 0.69 0.87 -1 0
Result 0 5.0 320 0.49 0.15 0.20 0.24 0.21 0.21 -1 -1 -1 -1 -1
Evo 31.51 -4352939.10 4.95 -796198.12 -1372542.53 -599993.63 2.69 859761.60 64082.85 0.04 0.37 0.60 -1 0
Result 0 1.0 179 0.49 0.20 0.18 0.23 0.23 0.16 -1 -1 -1 -1 -1
Evo 28.12 -4545450.53 10000005.08 -838981.72 -1666663.06 -999991.57 -294116.69 1936696.73 86525.23 0.02 0.94 1.01 487 0
Result 1 8.0 500 0.47 0.18 0.19 0.21 0.22 0.20 -1 -1 -1 -1 -1
Evo 35.82 -4999998.14 3.85 -513778.91 -833332.62 1.76 2.79 879985.01 80331.27 0.06 0.20 0.41 -1 0
Result 0 -2.0 119 0.52 0.15 0.24 0.28 0.18 0.14 -1 -1 -1 -1 -1
Evo 31.27 -4285710.95 4.87 -759422.92 -1290319.00 -370367.02 2.72 960629.13 75474.15 0.05 0.33 0.60 -1 0
Result 0 0.0 161 0.50 0.19 0.21 0.25 0.20 0.15 -1 -1 -1 -1 -1
Evo 30.56 -5643559.14 9.35 -948167.79 -1538458.14 -810803.14 2.76 916005.41 42073.52 0.02 0.91 1.01 -1 0
Result 0 3.0 473 0.48 0.21 0.21 0.22 0.16 0.20 -1 -1 -1 -1 -1
Evo 29.84 -3521122.86 3.79 -773212.71 -1333329.13 -526312.20 2.73 893369.59 69548.73 0.04 0.36 0.57 -1 0
Result 0 1.0 164 0.49 0.18 0.22 0.23 0.22 0.14 -1 -1 -1 -1 -1
Evo 29.84 -4938265.52 10000004.82 -723961.12 -1499999.43 -888881.05 -238086.74 1838780.38 82150.65 0.02 0.96 1.01 487 0
Result 1 9.0 500 0.45 0.19 0.20 0.19 0.22 0.20 -1 -1 -1 -1 -1
Evo 36.20 -3157894.36 -1272726.31 -1865516.99 -2692306.76 -1333333.23 -1333333.23 834878.77 340837.83 0.43 0.06 0.34 -1 0
Result 0 -5.0 5 0.43 0.17 0.17 0.17 0.33 0.17 -1 -1 -1 -1 -1
Evo 19.65 -3333333.58 1.05 -1608844.27 -2093022.27 -1639343.88 -1199999.23 876648.95 178945.22 0.19 0.16 0.70 -1 0
Result 0 -5.0 23 0.47 0.33 0.13 -1 0.33 0.21 -1 -1 -1 -1 -1
Evo 28.28 -4470587.34 3.94 -718740.66 -1290318.85 0.78 2.74 924740.81 78719.17 0.05 0.33 0.63 -1 0
Result 0 -1.0 137 0.47 0.20 0.23 0.20 0.20 0.17 -1 -1 -1 -1 -1
Evo 30.23 -5591393.33 10.76 -1022806.63 -1632644.46 -816319.74 -185174.97 961043.86 48664.35 0.02 0.91 1.01 -1 0
Result 0 5.0 389 0.46 0.18 0.24 0.20 0.19 0.19 -1 -1 -1 -1 -1
Evo 30.20 -4999989.06 10000004.59 -655174.53 -1499991.82 -754709.14 2.68 1835343.29 81997.09 0.02 0.90 1.01 487 0
Result 1 12.0 500 0.47 0.20 0.18 0.20 0.19 0.23 -1 -1 -1 -1 -1
Evo 29.68 -4285709.99 12.42 -1206303.20 -1874996.93 -1153837.24 -444433.18 928528.90 44215.66 0.02 0.59 0.80 -1 0
Result 0 6.0 440 0.48 0.17 0.23 0.21 0.19 0.20 -1 -1 -1 -1 -1
Evo 26.32 -5176468.65 3.22 -1273623.30 -1818180.07 -1052630.39 -416664.01 1108489.10 81941.87 0.04 0.67 1.01 -1 0
Result 0 -1.0 182 0.46 0.17 0.19 0.20 0.22 0.22 -1 -1 -1 -1 -1
Evo 20.32 -4166664.98 0.91 -2075011.76 -2714284.09 -2068964.34 -1538460.94 943955.70 151153.88 0.14 0.33 0.96 -1 0
Result 0 -4.0 38 0.42 0.23 0.15 0.15 0.13 0.33 -1 -1 -1 -1 -1
Evo 29.08 -4216862.92 6.74 -924567.37 -1428571.26 -769225.44 1.65 843860.20 60900.36 0.04 0.41 0.64 -1 0
Result 0 1.0 191 0.45 0.22 0.19 0.18 0.24 0.17 -1 -1 -1 -1 -1
Evo 27.09 -4266667.28 0.85 -1586956.25 -2033897.76 -1428570.30 -652173.45 1150938.79 332247.41 0.30 0.07 0.41 -1 0
Result 0 -5.0 11 0.30 0.25 0.33 0.08 0.33 -1 -1 -1 -1 -1 -1
Evo 28.17 -4946230.09 10000002.90 -751870.98 -1538454.41 -851059.35 0.88 1788194.27 79890.63 0.02 1.00 1.01 487 0
Result 1 8.0 500 0.46 0.18 0.22 0.20 0.21 0.19 -1 -1 -1 -1 -1
Evo 29.35 -3947360.47 9999999.91 -780275.03 -1632646.35 -999993.18 0.76 1959711.99 87553.47 0.02 0.93 1.01 487 0
Result 1 11.0 500 0.48 0.20 0.20 0.22 0.21 0.17 -1 -1 -1 -1 -1
