Evo 31.13 -10000003.98 68.65 -921162.96 10.16 34.03 55.47 2722571.52 200167.44 0.04 0.14 0.18 -1 95
Result 0 66.0 184 0.52 0.05 0.18 0.23 0.23 0.31 -1 -1 -1 -1 -1
Evo 23.12 -10000002.79 71.79 -1663472.45 -2923025.26 5.81 40.22 2449500.89 120532.06 0.02 0.25 0.40 -1 96
Result 0 73.0 412 0.50 0.11 0.20 0.25 0.19 0.25 -1 -1 -1 -1 -1
Evo 38.77 -10000004.03 217.90 -605959.47 28.94 74.67 209.00 1731655.86 51673.96 0.01 0.45 0.53 -1 32
Result 0 216.0 1122 0.47 0.13 0.22 0.25 0.19 0.20 -1 -1 -1 -1 -1
Evo 45.65 -10000003.55 58.65 -423164.29 28.03 58.64 58.64 1886600.49 98614.19 0.02 0.13 0.16 -1 327
Result 0 57.0 365 0.45 0.13 0.23 0.27 0.19 0.18 -1 -1 -1 -1 -1
Evo 43.30 -10000000.87 164.65 -192476.86 61.64 65.62 142.26 1250002.59 43206.41 0.01 0.33 0.40 -1 355
Result 0 163.0 836 0.48 0.14 0.23 0.22 0.19 0.22 -1 -1 -1 -1 -1
Evo 24.01 -10000002.61 116.19 -436472.23 20.96 55.19 94.57 1712087.16 99681.57 0.03 0.22 0.29 -1 243
Result 0 114.0 294 0.51 0.06 0.29 0.20 0.17 0.28 -1 -1 -1 -1 -1
Evo 19.05 -10000003.34 143.65 -476364.24 18.64 64.39 107.42 1570327.29 79927.55 0.02 0.30 0.43 -1 36
Result 0 142.0 385 0.50 0.10 0.22 0.25 0.18 0.25 -1 -1 -1 -1 -1
Evo 36.44 -10000002.84 90.73 -877969.75 -847393.06 62.06 90.64 1882441.40 70497.98 0.01 0.26 0.37 -1 90
Result 0 102.0 712 0.49 0.13 0.20 0.22 0.21 0.24 -1 -1 -1 -1 -1
Evo 49.45 -10000004.27 133.39 -392683.99 48.46 131.64 131.64 1207350.78 26990.44 0.01 0.29 0.34 -1 304
Result 0 131.0 2000 0.49 0.16 0.19 0.22 0.20 0.23 -1 -1 -1 -1 -1
Evo 41.91 -10000001.48 64.65 -751593.17 18.45 63.69 64.64 2087704.12 105310.74 0.02 0.14 0.17 -1 40
Result 0 63.0 392 0.50 0.12 0.18 0.22 0.22 0.26 -1 -1 -1 -1 -1
Evo 29.61 -10000002.27 143.65 -431640.88 14.77 94.71 127.64 1704340.26 91493.78 0.02 0.21 0.25 -1 246
Result 0 141.0 346 0.49 0.10 0.28 0.22 0.17 0.23 -1 -1 -1 -1 -1
Evo 39.66 -10000004.19 125.65 -295345.51 56.37 114.09 125.64 1625220.39 72465.00 0.02 0.26 0.33 -1 474
Result 0 124.0 502 0.48 0.13 0.22 0.26 0.17 0.22 -1 -1 -1 -1 -1
Evo 35.05 -10000001.16 115.65 -387941.58 29.41 73.81 115.64 1841636.05 93374.65 0.02 0.23 0.28 -1 31
Result 0 114.0 388 0.52 0.07 0.21 0.23 0.19 0.30 -1 -1 -1 -1 -1
Evo 22.80 -10000003.74 184.65 -369268.20 25.00 108.63 161.47 1662242.82 87005.77 0.02 0.27 0.33 -1 287
Result 0 183.0 364 0.51 0.08 0.27 0.21 0.18 0.27 -1 -1 -1 -1 -1
Evo 30.77 -10000004.48 155.64 -848117.70 11.40 69.64 141.96 2198498.17 92246.93 0.02 0.32 0.37 -1 147
Result 0 154.0 567 0.50 0.09 0.24 0.22 0.19 0.26 -1 -1 -1 -1 -1
Evo 29.80 -10000004.23 256.22 -498701.46 28.62 170.65 208.32 2069668.78 110157.35 0.02 0.27 0.35 -1 319
Result 0 253.0 352 0.51 0.07 0.27 0.20 0.18 0.28 -1 -1 -1 -1 -1
Evo 25.21 -10000003.91 204.92 -240156.85 55.06 118.62 185.44 1340426.92 56243.06 0.02 0.41 0.49 -1 182
Result 0 202.0 567 0.50 0.07 0.20 0.25 0.24 0.24 -1 -1 -1 -1 -1
Evo 37.71 -10000000.35 108.65 -454522.57 14.54 63.48 108.64 1481540.91 67342.77 0.02 0.22 0.26 -1 28
Result 0 107.0 483 0.50 0.14 0.20 0.20 0.22 0.25 -1 -1 -1 -1 -1
Evo 32.53 -10000003.15 128.69 -642308.27 12.35 54.64 114.05 1886257.83 82877.41 0.02 0.31 0.39 -1 285
Result 0 127.0 517 0.45 0.11 0.21 0.28 0.21 0.18 -1 -1 -1 -1 -1
Evo 42.50 -9756096.38 100.65 -277721.41 33.64 51.40 100.64 1288409.57 51743.77 0.01 0.23 0.27 -1 32
Result 0 99.0 619 0.46 0.14 0.21 0.23 0.22 0.19 -1 -1 -1 -1 -1
Evo 45.81 -10000002.35 79.65 -393044.81 33.15 70.65 79.64 1776787.32 78600.44 0.02 0.18 0.22 -1 80
Result 0 78.0 510 0.51 0.11 0.20 0.22 0.21 0.27 -1 -1 -1 -1 -1
Evo 29.66 -9999997.25 122.53 -372119.59 19.08 53.64 73.10 1160224.54 53012.01 0.02 0.26 0.34 -1 112
Result 0 120.0 478 0.48 0.12 0.26 0.21 0.19 0.22 -1 -1 -1 -1 -1
Evo 41.16 -9999998.04 141.15 -189609.38 25.64 31.16 107.64 1084468.05 38270.05 0.01 0.31 0.39 -1 316
Result 0 141.0 802 0.46 0.13 0.21 0.26 0.20 0.20 -1 -1 -1 -1 -1
Evo 32.48 -10000004.16 85.65 -710908.14 6.44 39.85 80.66 1930245.06 96998.46 0.02 0.20 0.24 -1 62
Result 0 84.0 395 0.47 0.11 0.24 0.23 0.21 0.21 -1 -1 -1 -1 -1
Evo 41.42 -10000003.06 74.66 -356372.77 23.85 24.64 48.75 1480935.94 75183.13 0.02 0.16 0.19 -1 85
Result 0 73.0 387 0.50 0.14 0.19 0.26 0.16 0.25 -1 -1 -1 -1 -1
Evo 39.68 -10000001.98 145.65 -224327.80 49.66 109.52 145.64 1264085.26 48654.66 0.01 0.32 0.39 -1 123
Result 0 144.0 674 0.50 0.13 0.21 0.21 0.20 0.24 -1 -1 -1 -1 -1
Evo 45.84 -10000004.22 112.65 -245107.39 57.54 112.64 112.64 1472923.35 59588.10 0.02 0.23 0.30 -1 104
Result 0 111.0 610 0.50 0.14 0.20 0.20 0.22 0.24 -1 -1 -1 -1 -1
Evo 38.51 -10000001.02 81.70 -331308.14 18.33 25.64 28.39 1165767.48 55200.69 0.02 0.17 0.23 -1 287
Result 0 80.0 445 0.47 0.13 0.24 0.24 0.17 0.21 -1 -1 -1 -1 -1
Evo 26.48 -10000001.29 188.50 -354752.05 6.32 57.81 111.64 1188189.52 43473.58 0.01 0.41 0.50 -1 58
Result 0 185.0 746 0.49 0.11 0.24 0.23 0.19 0.23 -1 -1 -1 -1 -1
Evo 39.35 -10000004.05 143.78 -1127343.44 7.59 76.14 143.64 2491733.78 95623.97 0.01 0.30 0.41 -1 44
Result 0 142.0 678 0.43 0.14 0.24 0.27 0.18 0.16 -1 -1 -1 -1 -1
Evo 42.04 -10000003.78 130.57 -225095.88 42.70 115.95 116.64 1299578.62 50020.80 0.01 0.27 0.34 -1 47
Result 0 129.0 674 0.48 0.15 0.20 0.23 0.20 0.22 -1 -1 -1 -1 -1
Evo 35.26 -10000000.67 127.66 -724150.95 9.30 25.65 64.38 1854746.23 70866.21 0.01 0.35 0.50 -1 262
Result 0 127.0 684 0.47 0.13 0.23 0.25 0.19 0.20 -1 -1 -1 -1 -1
Evo 46.94 -10000002.58 45.65 -852334.35 -869524.05 45.64 45.64 1910780.65 84199.06 0.02 0.11 0.13 -1 55
Result 0 43.0 514 0.48 0.14 0.20 0.23 0.20 0.23 -1 -1 -1 -1 -1
Evo 39.08 -10000004.32 119.65 -872168.11 9.38 68.74 119.64 2284961.88 97078.73 0.02 0.25 0.33 -1 126
Result 0 118.0 553 0.47 0.13 0.27 0.22 0.18 0.20 -1 -1 -1 -1 -1
Evo 48.92 -10000002.41 43.65 -484420.43 24.60 43.64 43.64 1785436.84 88500.82 0.02 0.10 0.12 -1 317
Result 0 42.0 406 0.52 0.14 0.18 0.20 0.19 0.29 -1 -1 -1 -1 -1
Evo 41.53 -9999999.37 123.70 -461890.79 25.34 100.43 100.64 1621379.85 77650.01 0.02 0.14 0.16 -1 62
Result 0 99.0 435 0.46 0.15 0.19 0.26 0.20 0.20 -1 -1 -1 -1 -1
Evo 48.35 -10000003.25 109.55 -248276.92 45.64 45.64 99.30 1391145.29 49588.97 0.01 0.24 0.32 -1 401
Result 0 105.0 786 0.48 0.18 0.23 0.19 0.18 0.22 -1 -1 -1 -1 -1
Evo 36.70 -9999997.20 77.67 -1380359.75 -2321369.63 43.68 77.64 2313873.92 86053.90 0.01 0.20 0.26 -1 45
Result 0 77.0 722 0.46 0.14 0.22 0.29 0.16 0.19 -1 -1 -1 -1 -1
Evo 47.94 -10000002.74 55.65 -383548.27 29.82 54.64 55.64 1453781.84 72508.05 0.02 0.12 0.15 -1 45
Result 0 54.0 401 0.48 0.18 0.21 0.20 0.19 0.22 -1 -1 -1 -1 -1
Evo 36.25 -10000000.18 92.68 -371621.57 12.72 69.94 89.65 1139902.93 47913.69 0.02 0.21 0.27 -1 123
Result 0 91.0 565 0.48 0.12 0.22 0.23 0.22 0.21 -1 -1 -1 -1 -1
Evo 29.10 -10000001.34 33.04 -1757187.62 -3243220.11 7.84 23.01 2749753.67 234927.31 0.05 0.07 0.10 -1 67
Result 0 31.0 136 0.53 0.08 0.16 0.23 0.18 0.34 -1 -1 -1 -1 -1
Evo 25.22 -9999998.62 165.65 -700492.93 -185022.83 74.52 130.64 1640033.75 64526.26 0.01 0.36 0.44 -1 67
Result 0 164.0 645 0.51 0.11 0.22 0.19 0.22 0.26 -1 -1 -1 -1 -1
Evo 20.12 -10000001.66 104.05 -629246.10 9.42 48.62 85.69 1646664.74 94133.56 0.03 0.22 0.29 -1 163
Result 0 102.0 305 0.46 0.10 0.24 0.23 0.24 0.20 -1 -1 -1 -1 -1
Evo 30.64 -10000004.10 174.60 -760297.49 -270130.56 74.79 143.64 1686592.16 60082.36 0.01 0.39 0.50 -1 61
Result 0 173.0 787 0.48 0.12 0.24 0.22 0.20 0.22 -1 -1 -1 -1 -1
Evo 28.41 -10000004.01 152.27 -1145465.68 -217371.98 89.35 142.37 2590316.05 131673.16 0.02 0.22 0.29 -1 47
Result 0 150.0 386 0.47 0.10 0.26 0.17 0.26 0.21 -1 -1 -1 -1 -1
Evo 27.05 -10000003.66 32.45 -1539350.30 -1754359.29 7.52 21.38 2674186.84 232758.09 0.05 0.07 0.10 -1 71
Result 0 31.0 131 0.52 0.13 0.17 0.27 0.13 0.31 -1 -1 -1 -1 -1
Evo 33.03 -10000002.61 132.65 -1138648.68 2.73 56.31 117.69 2492793.39 113779.93 0.02 0.27 0.32 -1 68
Result 0 131.0 479 0.49 0.10 0.26 0.17 0.24 0.23 -1 -1 -1 -1 -1
Evo 42.79 -10000003.87 28.78 -1323711.95 -312473.40 11.37 23.19 3136435.98 318456.82 0.07 0.06 0.09 -1 60
Result 0 28.0 96 0.52 0.15 0.28 0.15 0.11 0.30 -1 -1 -1 -1 -1
Evo 34.75 -10000001.33 28.67 -1363014.18 2.73 13.62 23.99 3171730.21 322040.41 0.07 0.06 0.09 -1 27
Result 0 27.0 96 0.45 0.06 0.21 0.32 0.23 0.19 -1 -1 -1 -1 -1
Evo 34.37 -10000002.37 133.65 -389140.47 27.96 87.14 107.58 1537259.58 65370.93 0.02 0.28 0.36 -1 64
Result 0 132.0 552 0.49 0.08 0.27 0.23 0.17 0.24 -1 -1 -1 -1 -1
Evo 23.60 -10000001.25 17.56 -1846821.85 -3387085.26 4.08 13.81 2763798.75 305210.51 0.08 0.04 0.08 -1 35
Result 0 15.0 81 0.48 0.16 0.28 0.17 0.17 0.22 -1 -1 -1 -1 -1
Evo 21.69 -10000001.26 180.61 -547578.04 11.02 59.45 127.07 1511178.80 61387.44 0.02 0.41 0.49 -1 86
Result 0 179.0 605 0.49 0.09 0.20 0.25 0.23 0.23 -1 -1 -1 -1 -1
Evo 30.03 -10000003.87 146.65 -335611.55 38.32 88.25 136.47 1632498.28 73524.02 0.02 0.32 0.41 -1 71
Result 0 145.0 492 0.47 0.12 0.22 0.22 0.24 0.20 -1 -1 -1 -1 -1
Evo 27.47 -10000001.90 199.40 -738049.45 -293951.07 32.74 171.00 1819000.82 83373.77 0.02 0.23 0.31 -1 60
Result 0 197.0 475 0.39 0.14 0.32 0.18 0.24 0.13 -1 -1 -1 -1 -1
Evo 30.84 -10000003.68 134.41 -1270084.46 -1694802.83 47.31 112.94 2393559.13 90792.87 0.01 0.31 0.37 -1 74
Result 0 133.0 694 0.50 0.13 0.23 0.21 0.17 0.25 -1 -1 -1 -1 -1
Evo 30.52 -10000000.37 211.65 -588276.16 28.17 99.64 156.64 1546965.02 51029.67 0.01 0.43 0.53 -1 76
Result 0 213.0 918 0.49 0.11 0.24 0.23 0.19 0.23 -1 -1 -1 -1 -1
Evo 30.65 -10000002.61 218.65 -631693.88 17.06 102.64 143.64 1600744.38 52155.07 0.01 0.47 0.57 -1 352
Result 0 219.0 941 0.47 0.14 0.22 0.23 0.20 0.21 -1 -1 -1 -1 -1
Evo 41.39 -10000002.91 110.67 -827551.97 10.72 87.41 110.64 1914635.15 64106.73 0.01 0.24 0.28 -1 61
Result 0 109.0 891 0.46 0.18 0.20 0.23 0.21 0.20 -1 -1 -1 -1 -1
Evo 26.51 -10000001.42 139.76 -615079.05 -576796.43 36.66 121.42 1541225.87 60312.83 0.01 0.31 0.41 -1 71
Result 0 138.0 652 0.50 0.11 0.23 0.21 0.19 0.25 -1 -1 -1 -1 -1
Evo 20.91 -10000003.95 155.14 -336520.20 30.89 71.28 123.46 1505361.93 80122.33 0.02 0.28 0.38 -1 241
Result 0 153.0 352 0.47 0.07 0.30 0.21 0.21 0.21 -1 -1 -1 -1 -1
Evo 34.33 -10000002.66 110.65 -602112.54 12.34 60.15 95.66 1701944.40 72836.50 0.02 0.26 0.28 -1 104
Result 0 109.0 545 0.51 0.11 0.18 0.23 0.21 0.27 -1 -1 -1 -1 -1
Evo 22.28 -9999998.46 48.61 -1918891.97 -3333296.33 -666651.73 23.94 2422696.53 149961.15 0.03 0.12 0.14 -1 32
Result 0 52.0 260 0.50 0.13 0.15 0.29 0.19 0.25 -1 -1 -1 -1 -1
Evo 36.68 -9999999.89 80.65 -657065.54 16.54 53.20 80.64 2007659.94 109364.21 0.02 0.20 0.25 -1 34
Result 0 79.0 336 0.47 0.10 0.23 0.24 0.21 0.21 -1 -1 -1 -1 -1
Evo 23.60 -10000004.11 60.76 -932506.75 -1403463.13 4.06 34.61 1636238.28 91183.99 0.03 0.15 0.19 -1 82
Result 0 61.0 321 0.53 0.10 0.16 0.26 0.15 0.32 -1 -1 -1 -1 -1
Evo 25.27 -10000003.67 18.90 -1408715.51 -1929805.68 -638283.65 14.34 1975005.57 153753.98 0.04 0.06 0.09 -1 46
Result 0 27.0 164 0.53 0.16 0.15 0.22 0.16 0.32 -1 -1 -1 -1 -1
Evo 38.73 -10000003.98 120.65 -317134.57 36.07 93.70 118.64 1567353.74 65997.50 0.02 0.28 0.32 -1 35
Result 0 119.0 563 0.49 0.12 0.18 0.26 0.20 0.24 -1 -1 -1 -1 -1
Evo 46.62 -10000002.28 16.65 -1706373.83 -454529.74 10.83 16.27 3478232.86 384106.56 0.08 0.04 0.04 -1 57
Result 0 15.0 81 0.33 0.15 0.17 0.37 0.22 0.10 -1 -1 -1 -1 -1
Evo 24.08 -10000003.00 51.28 -1922783.23 -3103414.58 -784267.38 26.09 2613153.83 159031.48 0.03 0.14 0.15 -1 110
Result 0 60.0 269 0.53 0.13 0.15 0.25 0.14 0.32 -1 -1 -1 -1 -1
Evo 38.90 -10000004.29 36.42 -1876885.82 -3857119.43 12.15 25.77 3122210.24 270729.96 0.05 0.09 0.12 -1 79
Result 0 36.0 132 0.50 0.12 0.14 0.31 0.17 0.26 -1 -1 -1 -1 -1
Evo 22.98 -10000000.67 60.75 -1524770.49 -2499964.65 -784268.91 24.14 2012018.75 115970.83 0.03 0.14 0.15 -1 108
Result 0 60.0 300 0.52 0.15 0.17 0.27 0.12 0.29 -1 -1 -1 -1 -1
Evo 28.16 -10000003.88 52.75 -1264880.23 -1964242.94 13.10 37.95 2368610.58 145502.59 0.03 0.13 0.16 -1 35
Result 0 58.0 264 0.52 0.11 0.17 0.24 0.18 0.30 -1 -1 -1 -1 -1
Evo 21.74 -9999995.07 15.74 -1916319.75 -4193540.97 -270255.08 11.18 2577483.05 299626.32 0.08 0.04 0.07 -1 32
Result 0 15.0 73 0.53 0.12 0.15 0.12 0.22 0.39 -1 -1 -1 -1 -1
Evo 44.27 -10000003.97 17.64 -1944966.18 -857127.01 8.39 15.33 3631605.06 396240.60 0.08 0.04 0.04 -1 41
Result 0 16.0 83 0.35 0.13 0.17 0.38 0.21 0.11 -1 -1 -1 -1 -1
Evo 19.65 -10000001.34 50.61 -1085025.32 -1551681.49 9.16 31.39 1924502.29 136424.35 0.04 0.11 0.13 -1 107
Result 0 49.0 198 0.51 0.11 0.10 0.33 0.18 0.28 -1 -1 -1 -1 -1
Evo 23.52 -10000004.49 53.37 -2476597.66 -4520510.81 -1272695.92 16.62 2730058.80 132583.38 0.02 0.18 0.23 -1 79
Result 0 68.0 423 0.50 0.14 0.18 0.30 0.13 0.25 -1 -1 -1 -1 -1
Evo 30.97 -10000000.99 105.65 -273708.08 16.60 49.49 89.04 1249970.06 59387.87 0.02 0.25 0.28 -1 43
Result 0 104.0 442 0.50 0.11 0.21 0.25 0.17 0.26 -1 -1 -1 -1 -1
Evo 47.38 -9999998.92 89.65 -152982.44 60.64 84.65 89.64 880203.46 32826.05 0.01 0.23 0.26 -1 38
Result 0 88.0 718 0.47 0.17 0.20 0.27 0.17 0.20 -1 -1 -1 -1 -1
Evo 47.98 -10000003.79 16.65 -1948115.43 2.37 9.65 16.00 3724126.03 406335.46 0.08 0.04 0.04 -1 39
Result 0 15.0 83 0.38 0.15 0.14 0.33 0.24 0.13 -1 -1 -1 -1 -1
Evo 37.30 -10000003.53 61.65 -805556.84 -370324.56 30.12 47.66 2251993.71 133396.59 0.03 0.14 0.15 -1 107
Result 0 60.0 284 0.53 0.11 0.16 0.27 0.15 0.32 -1 -1 -1 -1 -1
Evo 57.36 -10000004.15 17.65 -1880229.49 -1599985.87 10.70 15.79 3590466.29 389440.75 0.08 0.04 0.04 -1 39
Result 0 16.0 84 0.34 0.12 0.15 0.32 0.31 0.11 -1 -1 -1 -1 -1
Evo 41.37 -10000003.31 82.65 -399504.67 29.02 75.70 82.64 1834305.59 100670.60 0.03 0.16 0.19 -1 303
Result 0 81.0 331 0.52 0.12 0.30 0.18 0.12 0.29 -1 -1 -1 -1 -1
Evo 35.70 -10000002.64 105.65 -292946.50 31.29 74.64 105.64 1487127.03 76187.83 0.02 0.21 0.25 -1 42
Result 0 104.0 380 0.51 0.13 0.26 0.20 0.12 0.28 -1 -1 -1 -1 -1
Evo 37.52 -10000004.59 59.65 -652812.91 15.73 39.61 59.64 2248616.60 157050.20 0.04 0.13 0.15 -1 43
Result 0 58.0 204 0.52 0.11 0.35 0.19 0.06 0.30 -1 -1 -1 -1 -1
Evo 35.97 -10000002.96 36.65 -1305102.66 6.09 20.20 31.00 3187404.73 286237.39 0.06 0.08 0.10 -1 39
Result 0 35.0 123 0.50 0.03 0.23 0.24 0.25 0.25 -1 -1 -1 -1 -1
Evo 43.73 -10000000.81 83.67 -147736.75 36.81 83.64 83.64 799335.73 38193.74 0.02 0.17 0.19 -1 45
Result 0 82.0 437 0.50 0.14 0.18 0.25 0.17 0.25 -1 -1 -1 -1 -1
Evo 34.89 -10000003.42 87.80 -964656.35 -999922.33 48.64 82.64 1982588.17 88575.51 0.02 0.21 0.23 -1 342
Result 0 95.0 500 0.48 0.14 0.20 0.25 0.18 0.22 -1 -1 -1 -1 -1
Evo 24.23 -10000001.25 24.82 -1735251.02 -3076905.81 3.77 17.32 2449873.51 206316.57 0.05 0.06 0.09 -1 59
Result 0 25.0 140 0.53 0.12 0.21 0.15 0.18 0.35 -1 -1 -1 -1 -1
Evo 31.58 -10000003.87 70.65 -2165863.65 -4032231.99 -810746.13 55.60 2706441.17 126601.98 0.02 0.24 0.31 -1 55
Result 0 68.0 456 0.51 0.11 0.23 0.22 0.18 0.26 -1 -1 -1 -1 -1
Evo 43.46 -10000003.29 84.65 -481532.46 27.96 74.85 84.64 2048766.66 110142.38 0.02 0.17 0.19 -1 318
Result 0 83.0 345 0.50 0.11 0.18 0.27 0.18 0.25 -1 -1 -1 -1 -1
Evo 39.75 -10000003.18 34.65 -1050351.92 7.54 20.39 33.47 2899836.46 263621.50 0.06 0.08 0.10 -1 39
Result 0 33.0 120 0.49 0.11 0.20 0.29 0.17 0.24 -1 -1 -1 -1 -1
Evo 32.10 -10000003.40 48.65 -1028989.69 -689632.64 18.65 40.54 2589761.75 191965.91 0.04 0.10 0.13 -1 52
Result 0 47.0 181 0.52 0.14 0.31 0.15 0.09 0.31 -1 -1 -1 -1 -1
Evo 36.34 -9999999.56 81.65 -740316.75 16.21 68.22 81.64 1836051.51 87930.92 0.02 0.18 0.20 -1 42
Result 0 82.0 435 0.51 0.13 0.20 0.25 0.16 0.26 -1 -1 -1 -1 -1
Evo 37.95 -10000003.60 85.65 -439941.60 21.50 69.64 85.64 1543724.56 75961.72 0.02 0.18 0.21 -1 322
Result 0 84.0 412 0.51 0.13 0.14 0.25 0.22 0.27 -1 -1 -1 -1 -1
Evo 39.58 -10000003.85 112.65 -374521.87 24.04 81.64 81.64 1424411.32 55656.36 0.01 0.23 0.26 -1 41
Result 0 111.0 654 0.51 0.14 0.23 0.23 0.15 0.26 -1 -1 -1 -1 -1
Evo 36.59 -10000004.45 169.65 -668086.59 -312394.92 76.65 138.55 1578432.88 48299.26 0.01 0.36 0.40 -1 55
Result 0 170.0 1067 0.50 0.15 0.21 0.23 0.16 0.26 -1 -1 -1 -1 -1
Evo 42.92 -10000002.33 90.65 -394830.92 30.22 79.83 90.64 1852146.68 93309.80 0.02 0.18 0.20 -1 55
Result 0 89.0 393 0.52 0.09 0.16 0.26 0.19 0.30 -1 -1 -1 -1 -1
Evo 26.45 -10000001.46 29.82 -2793598.85 -4838695.74 -1999976.39 12.61 2998073.21 233399.68 0.04 0.06 0.09 -1 52
Result 0 30.0 164 0.51 0.14 0.15 0.23 0.20 0.28 -1 -1 -1 -1 -1
Evo 38.77 -10000004.30 99.65 -520479.75 26.27 71.04 99.64 2115459.91 114726.92 0.02 0.20 0.23 -1 303
Result 0 98.0 339 0.53 0.09 0.26 0.21 0.11 0.32 -1 -1 -1 -1 -1
Evo 37.35 -10000004.40 99.65 -445691.74 27.00 74.09 99.64 1893660.66 102547.47 0.02 0.20 0.23 -1 314
Result 0 98.0 340 0.52 0.10 0.25 0.23 0.11 0.31 -1 -1 -1 -1 -1
Evo 38.23 -10000002.38 81.65 -1249134.86 -1745964.31 51.39 81.64 2375611.43 103680.18 0.02 0.17 0.20 -1 39
Result 0 80.0 524 0.51 0.11 0.18 0.27 0.17 0.28 -1 -1 -1 -1 -1
