Evo 49.82 0.67 10000004.97 470052.33 6.69 10.67 12.69 1387466.24 53884.72 0.01 0.13 0.22 456 -1
Result 1 14.0 662 0.42 0.16 0.19 0.17 0.16 0.16 0.16 -1 -1 -1 -1
Evo 58.14 0.67 7333338.49 94970.37 10.73 12.69 16.67 594612.14 14481.21 0.01 0.19 0.30 1601 -1
Result 1 18.0 1685 0.44 0.18 0.17 0.16 0.15 0.16 0.17 -1 -1 -1 -1
Evo 47.07 0.67 10000002.68 246174.66 2.69 10.67 18.67 867005.68 40645.85 0.02 0.11 0.21 396 -1
Result 1 18.0 454 0.38 0.13 0.13 0.20 0.17 0.21 0.16 -1 -1 -1 -1
Evo 58.27 0.69 10000000.09 107622.54 10.69 14.67 14.69 579395.10 13316.79 0.01 0.16 0.25 1627 -1
Result 1 14.0 1892 0.44 0.17 0.18 0.16 0.17 0.17 0.15 -1 -1 -1 -1
Evo 55.32 0.72 8139533.90 311131.91 8.67 8.67 8.69 1009598.62 27642.09 0.01 0.11 0.20 947 -1
Result 1 8.0 1333 0.42 0.16 0.16 0.18 0.16 0.19 0.16 -1 -1 -1 -1
Evo 51.67 0.70 9047620.06 198599.99 8.67 20.67 28.67 851240.11 26705.78 0.01 0.22 0.38 755 -1
Result 1 30.0 1015 0.41 0.15 0.16 0.21 0.16 0.18 0.14 -1 -1 -1 -1
Evo 41.72 0.67 9999995.42 384879.52 4.72 10.85 21.63 1256095.48 68627.83 0.03 0.15 0.36 248 -1
Result 1 27.0 334 0.41 0.15 0.15 0.19 0.16 0.16 0.18 -1 -1 -1 -1
Evo 50.22 0.67 8133336.37 221101.84 8.69 12.79 32.67 1002843.73 39456.36 0.01 0.19 0.34 448 -1
Result 1 32.0 645 0.40 0.14 0.17 0.21 0.15 0.16 0.17 -1 -1 -1 -1
Evo 52.95 0.79 9999997.26 73592.76 8.40 12.67 14.70 593113.62 20403.73 0.01 0.20 0.31 739 -1
Result 1 28.0 844 0.45 0.18 0.16 0.17 0.15 0.16 0.18 -1 -1 -1 -1
Evo 45.19 0.67 10000000.09 359947.99 16.24 35.56 36.69 1069963.17 36873.37 0.01 0.19 0.36 300 -1
Result 1 36.0 841 0.43 0.17 0.13 0.18 0.16 0.19 0.18 -1 -1 -1 -1
Evo 48.95 0.67 10000002.64 199652.87 6.69 20.70 32.67 847048.57 25931.41 0.01 0.23 0.41 683 -1
Result 1 32.0 1066 0.42 0.16 0.18 0.17 0.16 0.16 0.18 -1 -1 -1 -1
Evo 51.83 0.67 7398378.10 100849.99 8.67 8.69 10.72 614293.45 20568.07 0.01 0.18 0.32 786 -1
Result 1 22.0 891 0.43 0.17 0.15 0.18 0.18 0.17 0.16 -1 -1 -1 -1
Evo 60.10 0.70 10000004.46 41920.62 5.51 8.67 8.67 587082.26 20136.76 0.01 0.09 0.19 845 -1
Result 1 14.0 849 0.43 0.17 0.17 0.18 0.14 0.16 0.18 -1 -1 -1 -1
Evo 55.44 0.67 6836740.01 237603.44 6.67 6.67 6.69 1006868.70 56373.82 0.03 0.10 0.22 292 -1
Result 1 6.0 318 0.43 0.17 0.15 0.15 0.17 0.18 0.18 -1 -1 -1 -1
Evo 57.05 0.67 10000003.64 33273.68 10.67 10.69 16.67 420637.45 9981.29 0.01 0.15 0.22 1537 -1
Result 1 16.0 1775 0.42 0.16 0.19 0.18 0.15 0.16 0.16 -1 -1 -1 -1
Evo 57.90 0.77 10000000.25 102871.73 8.76 10.67 10.69 697702.26 17676.10 0.01 0.19 0.26 1324 -1
Result 1 10.0 1557 0.42 0.15 0.17 0.19 0.15 0.17 0.16 -1 -1 -1 -1
Evo 44.59 0.70 9999993.64 118124.69 2.82 14.67 18.99 904783.58 45698.47 0.02 0.16 0.36 350 -1
Result 1 32.0 391 0.44 0.17 0.15 0.20 0.13 0.17 0.17 -1 -1 -1 -1
Evo 46.46 0.67 8716219.39 206713.69 2.69 6.69 24.67 900758.35 46207.93 0.02 0.13 0.31 311 -1
Result 1 24.0 379 0.44 0.17 0.17 0.17 0.16 0.16 0.17 -1 -1 -1 -1
Evo 55.80 1.04 10000000.66 180323.86 10.67 14.67 16.67 897962.12 28802.15 0.01 0.19 0.35 705 -1
Result 1 16.0 971 0.44 0.17 0.15 0.17 0.17 0.18 0.16 -1 -1 -1 -1
Evo 49.33 0.70 10000003.51 151850.80 6.67 8.69 17.67 868686.55 40591.06 0.02 0.19 0.38 419 -1
Result 1 27.0 457 0.43 0.17 0.17 0.18 0.14 0.16 0.19 -1 -1 -1 -1
Evo 58.74 0.67 10000003.39 201655.84 2.67 4.67 4.67 934278.28 33177.19 0.01 0.04 0.09 718 -1
Result 1 4.0 792 0.44 0.17 0.17 0.16 0.17 0.20 0.13 -1 -1 -1 -1
Evo 50.96 0.67 10000004.03 210385.65 2.67 16.63 22.67 773174.13 27387.23 0.01 0.16 0.29 348 -1
Result 1 22.0 796 0.40 0.14 0.17 0.17 0.17 0.17 0.18 -1 -1 -1 -1
Evo 57.02 0.67 9999995.56 74074.32 0.67 0.83 10.67 614088.55 28295.71 0.02 0.10 0.21 432 -1
Result 1 10.0 470 0.44 0.17 0.16 0.17 0.18 0.14 0.17 -1 -1 -1 -1
Evo 58.23 0.67 9999997.15 225105.75 0.67 2.67 2.69 819148.16 40504.27 0.02 0.03 0.07 361 -1
Result 1 2.0 408 0.42 0.15 0.20 0.17 0.16 0.15 0.17 -1 -1 -1 -1
Evo 56.08 0.67 6310685.18 120456.06 0.69 11.24 14.67 678178.74 32935.27 0.02 0.13 0.26 358 -1
Result 1 14.0 423 0.43 0.17 0.16 0.17 0.19 0.18 0.13 -1 -1 -1 -1
Evo 58.61 0.67 10000000.77 225257.12 0.67 2.67 2.69 815756.09 40336.54 0.02 0.01 0.03 356 -1
Result 1 2.0 408 0.42 0.15 0.17 0.14 0.19 0.13 0.22 -1 -1 -1 -1
Evo 55.82 0.67 7142857.84 213335.01 0.67 2.72 8.67 921838.26 47165.35 0.02 0.12 0.25 319 -1
Result 1 8.0 381 0.40 0.14 0.16 0.17 0.17 0.19 0.17 -1 -1 -1 -1
Evo 53.17 0.67 7785718.90 255961.92 0.67 2.67 3.99 1133281.84 58059.79 0.02 0.07 0.19 351 -1
Result 1 8.0 380 0.45 0.18 0.15 0.15 0.20 0.15 0.15 -1 -1 -1 -1
Evo 57.65 0.67 10000003.34 203471.69 0.67 2.67 2.69 774042.20 38273.92 0.02 0.01 0.02 365 -1
Result 1 2.0 408 0.44 0.17 0.17 0.15 0.15 0.20 0.15 -1 -1 -1 -1
Evo 52.92 0.67 6818182.05 369662.00 2.67 2.67 2.69 958279.73 35812.59 0.01 0.15 0.25 512 -1
Result 1 2.0 715 0.43 0.16 0.16 0.18 0.13 0.18 0.18 -1 -1 -1 -1
Evo 45.11 0.67 9999998.81 360857.54 0.69 5.04 13.65 1122937.71 49627.30 0.02 0.18 0.33 422 -1
Result 1 15.0 511 0.42 0.16 0.17 0.17 0.16 0.19 0.16 -1 -1 -1 -1
Evo 58.06 0.67 9999998.07 52698.36 1.05 12.67 12.67 447335.73 16919.79 0.01 0.13 0.25 393 -1
Result 1 12.0 698 0.44 0.17 0.15 0.17 0.19 0.17 0.15 -1 -1 -1 -1
Evo 59.81 0.67 6941182.84 82617.00 8.67 12.67 12.67 636252.46 21784.87 0.01 0.09 0.18 808 -1
Result 1 12.0 852 0.43 0.17 0.16 0.17 0.17 0.14 0.20 -1 -1 -1 -1
Evo 58.94 0.67 9999996.21 202038.48 0.67 2.67 2.69 778776.16 38508.00 0.02 0.01 0.02 362 -1
Result 1 2.0 408 0.43 0.17 0.18 0.14 0.20 0.15 0.16 -1 -1 -1 -1
Evo 50.47 0.67 7093027.54 187956.52 0.69 2.69 8.67 714418.28 31949.76 0.02 0.09 0.18 333 -1
Result 1 10.0 499 0.44 0.18 0.17 0.18 0.13 0.16 0.18 -1 -1 -1 -1
Evo 50.53 0.67 8124996.88 522837.13 0.69 2.67 2.69 1212465.92 48039.65 0.01 0.02 0.05 385 -1
Result 1 2.0 636 0.44 0.17 0.20 0.16 0.13 0.18 0.15 -1 -1 -1 -1
Evo 55.88 0.67 10000003.25 122758.24 2.67 2.69 12.64 776638.46 33452.19 0.02 0.14 0.27 481 -1
Result 1 12.0 538 0.44 0.18 0.14 0.18 0.18 0.16 0.16 -1 -1 -1 -1
Evo 44.60 0.67 7126441.97 376530.24 0.69 5.60 5.79 1049185.38 42272.88 0.02 0.11 0.21 345 -1
Result 1 5.0 615 0.44 0.17 0.16 0.17 0.16 0.15 0.19 -1 -1 -1 -1
Evo 57.23 0.67 10000003.63 214919.29 0.67 2.67 2.67 797794.39 39448.39 0.02 0.02 0.05 360 -1
Result 1 2.0 408 0.42 0.15 0.18 0.16 0.17 0.17 0.18 -1 -1 -1 -1
Evo 56.90 0.67 7142859.34 78011.51 6.67 9.65 12.67 528483.98 21557.31 0.02 0.10 0.18 471 -1
Result 1 12.0 600 0.39 0.14 0.15 0.19 0.19 0.15 0.19 -1 -1 -1 -1
Evo 52.91 0.67 7384621.80 190604.19 5.50 18.67 22.67 701708.32 23109.53 0.01 0.17 0.29 706 -1
Result 1 22.0 921 0.40 0.15 0.18 0.18 0.15 0.18 0.16 -1 -1 -1 -1
Evo 54.21 0.67 8888888.63 123308.56 5.05 16.67 20.67 666764.13 23573.67 0.01 0.15 0.26 718 -1
Result 1 24.0 799 0.41 0.15 0.18 0.17 0.17 0.17 0.17 -1 -1 -1 -1
Evo 51.45 0.67 10000003.03 188545.66 4.67 6.67 8.69 877430.21 39597.87 0.02 0.14 0.30 429 -1
Result 1 25.0 490 0.45 0.18 0.14 0.13 0.18 0.18 0.19 -1 -1 -1 -1
Evo 55.23 0.67 9999996.71 210435.28 6.69 10.67 20.38 899638.89 26301.18 0.01 0.22 0.34 968 -1
Result 1 22.0 1169 0.45 0.18 0.14 0.18 0.15 0.18 0.17 -1 -1 -1 -1
Evo 50.98 0.67 10000002.61 230203.86 0.67 10.00 16.65 1151343.16 54456.66 0.02 0.17 0.29 407 -1
Result 1 27.0 446 0.38 0.13 0.17 0.18 0.17 0.20 0.16 -1 -1 -1 -1
Evo 58.15 0.67 8181823.00 108061.25 14.67 24.67 24.67 729866.60 20432.34 0.01 0.23 0.41 1189 -1
Result 1 24.0 1275 0.43 0.17 0.15 0.18 0.16 0.17 0.17 -1 -1 -1 -1
Evo 55.09 0.67 7678579.72 131660.61 10.67 14.67 25.92 749722.10 24096.98 0.01 0.23 0.35 812 -1
Result 1 28.0 967 0.42 0.16 0.18 0.17 0.16 0.16 0.18 -1 -1 -1 -1
Evo 52.98 0.67 10000001.05 122862.83 4.74 8.91 27.19 657363.30 22600.62 0.01 0.24 0.42 716 -1
Result 1 31.0 845 0.43 0.16 0.16 0.17 0.17 0.16 0.17 -1 -1 -1 -1
Evo 54.55 0.67 10000001.38 125499.16 10.85 18.67 20.67 832408.33 27339.88 0.01 0.23 0.38 885 -1
Result 1 42.0 926 0.41 0.15 0.15 0.18 0.15 0.18 0.19 -1 -1 -1 -1
Evo 54.90 0.67 9999998.09 63008.52 6.67 10.67 12.67 635171.94 25146.70 0.01 0.12 0.24 597 -1
Result 1 20.0 637 0.39 0.14 0.16 0.17 0.20 0.16 0.19 -1 -1 -1 -1
Evo 56.31 0.67 6585379.64 97629.66 8.67 20.67 28.14 537362.76 15570.83 0.01 0.26 0.47 899 -1
Result 1 32.0 1190 0.44 0.17 0.16 0.13 0.18 0.18 0.17 -1 -1 -1 -1
Evo 57.86 0.67 10000000.63 46258.73 6.67 23.40 26.67 576352.17 18317.67 0.01 0.27 0.44 935 -1
Result 1 28.0 989 0.42 0.16 0.17 0.16 0.15 0.18 0.18 -1 -1 -1 -1
Evo 54.49 0.67 10000001.53 61982.82 6.70 12.67 20.69 546818.07 19225.10 0.01 0.25 0.43 747 -1
Result 1 31.0 808 0.41 0.15 0.14 0.17 0.16 0.21 0.17 -1 -1 -1 -1
Evo 62.64 -10000003.17 23.46 -69947.30 20.67 20.67 20.69 833729.43 18638.10 0.01 0.34 0.43 -1 1987
Result 0 22.0 2000 0.42 0.16 0.16 0.17 0.17 0.19 0.16 -1 -1 -1 -1
Evo 58.99 0.67 9999996.00 65350.05 8.67 20.67 20.67 561847.23 15759.61 0.01 0.23 0.32 1185 -1
Result 1 20.0 1270 0.41 0.15 0.17 0.17 0.17 0.17 0.16 -1 -1 -1 -1
Evo 53.38 0.67 10000004.63 90374.36 4.69 10.67 12.67 612616.10 23088.84 0.01 0.21 0.35 645 -1
Result 1 26.0 703 0.40 0.14 0.18 0.17 0.17 0.18 0.16 -1 -1 -1 -1
Evo 50.67 0.67 10000002.99 424555.33 6.69 20.20 20.76 1303167.69 38939.58 0.01 0.23 0.42 935 -1
Result 1 34.0 1119 0.40 0.14 0.17 0.17 0.16 0.17 0.18 -1 -1 -1 -1
Evo 57.32 0.67 9999999.59 98616.83 10.39 16.67 16.67 527993.79 16194.30 0.01 0.20 0.38 887 -1
Result 1 16.0 1062 0.44 0.17 0.17 0.14 0.17 0.17 0.18 -1 -1 -1 -1
Evo 59.48 0.67 9999996.82 41796.96 6.67 18.67 20.67 523149.05 15618.13 0.01 0.21 0.30 1091 -1
Result 1 30.0 1121 0.42 0.15 0.18 0.17 0.16 0.18 0.17 -1 -1 -1 -1
Evo 59.16 0.67 7254908.78 70277.69 6.67 14.67 14.69 570263.36 16090.91 0.01 0.19 0.28 1212 -1
Result 1 26.0 1255 0.42 0.16 0.16 0.18 0.17 0.16 0.17 -1 -1 -1 -1
Evo 56.05 0.75 5666675.36 68705.75 8.67 10.67 12.67 420198.57 18982.64 0.02 0.10 0.19 362 -1
Result 1 14.0 489 0.43 0.16 0.16 0.19 0.13 0.17 0.18 -1 -1 -1 -1
Evo 43.12 0.83 10000001.17 707937.26 6.70 10.67 535722.32 1466952.83 77530.87 0.02 0.07 0.16 42 -1
Result 1 12.0 357 0.43 0.16 0.17 0.15 0.18 0.17 0.16 -1 -1 -1 -1
Evo 41.89 0.70 5617983.94 417789.29 8.67 10.69 545466.09 815985.72 33147.15 0.02 0.12 0.23 124 -1
Result 1 12.0 605 0.44 0.17 0.18 0.16 0.15 0.14 0.20 -1 -1 -1 -1
Evo 41.54 1.21 8926559.03 541142.03 6.67 8.67 606069.13 1133164.56 67240.95 0.03 0.09 0.19 176 -1
Result 1 8.0 283 0.46 0.19 0.19 0.15 0.15 0.14 0.17 -1 -1 -1 -1
Evo 52.28 0.73 9207920.65 407629.93 10.67 14.67 14.69 1208754.19 38416.73 0.01 0.19 0.45 188 -1
Result 1 14.0 989 0.44 0.18 0.15 0.16 0.16 0.16 0.18 -1 -1 -1 -1
Evo 43.03 0.67 6825400.07 351746.05 6.70 8.69 434792.49 793987.81 41056.13 0.02 0.13 0.30 197 -1
Result 1 10.0 373 0.44 0.17 0.16 0.18 0.12 0.17 0.20 -1 -1 -1 -1
Evo 45.89 0.79 8870973.26 448979.55 8.69 14.67 425545.77 1053895.31 37030.11 0.01 0.14 0.25 279 -1
Result 1 14.0 809 0.43 0.16 0.16 0.18 0.17 0.16 0.17 -1 -1 -1 -1
Evo 42.12 0.79 5833336.01 629419.44 8.67 8.69 714293.80 1164076.69 58497.05 0.02 0.11 0.28 91 -1
Result 1 8.0 395 0.42 0.15 0.20 0.15 0.15 0.16 0.19 -1 -1 -1 -1
Evo 48.33 0.82 10000004.36 372522.90 6.67 6.69 344833.81 943615.86 49391.11 0.02 0.13 0.37 59 -1
Result 1 6.0 364 0.44 0.18 0.18 0.12 0.19 0.18 0.16 -1 -1 -1 -1
Evo 51.59 0.70 6935490.09 312669.84 6.69 8.69 10.69 1047281.34 56302.19 0.02 0.07 0.16 79 -1
Result 1 12.0 345 0.43 0.16 0.15 0.19 0.16 0.14 0.19 -1 -1 -1 -1
Evo 40.98 0.70 9999996.65 498737.82 2.67 3.20 312503.01 1254196.42 97344.52 0.04 0.06 0.14 49 -1
Result 1 8.0 165 0.41 0.15 0.18 0.13 0.18 0.15 0.20 -1 -1 -1 -1
Evo 55.10 0.73 6796118.42 275143.31 6.67 6.67 6.69 1070530.86 80694.30 0.04 0.08 0.19 118 -1
Result 1 6.0 175 0.47 0.21 0.20 0.12 0.12 0.22 0.14 -1 -1 -1 -1
Evo 53.97 0.70 6806727.57 214882.47 6.70 8.67 8.69 839223.84 44604.24 0.02 0.14 0.35 225 -1
Result 1 10.0 353 0.42 0.16 0.18 0.16 0.19 0.16 0.16 -1 -1 -1 -1
Evo 39.94 0.70 6534653.98 591891.16 8.67 10.67 800009.29 1113893.11 51711.19 0.02 0.12 0.23 179 -1
Result 1 14.0 463 0.44 0.17 0.18 0.19 0.14 0.17 0.15 -1 -1 -1 -1
Evo 43.00 0.76 6363641.71 421761.60 2.69 8.67 344835.63 960065.16 58645.31 0.03 0.08 0.21 153 -1
Result 1 10.0 267 0.41 0.15 0.18 0.18 0.13 0.18 0.18 -1 -1 -1 -1
Evo 53.53 0.76 5454548.73 293385.73 6.67 8.67 8.67 1033565.94 69683.00 0.04 0.09 0.23 44 -1
Result 1 8.0 219 0.39 0.14 0.19 0.14 0.17 0.16 0.21 -1 -1 -1 -1
Evo 39.56 0.75 6825397.50 996946.01 2.67 338985.33 1428574.00 1440750.09 90939.34 0.03 0.10 0.30 77 -1
Result 1 2.0 250 0.40 0.14 0.20 0.12 0.12 0.22 0.21 -1 -1 -1 -1
Evo 37.36 0.72 6438359.77 652725.40 6.79 12.69 909100.46 1031679.23 50643.14 0.02 0.05 0.13 161 -1
Result 1 12.0 414 0.45 0.18 0.19 0.18 0.14 0.12 0.19 -1 -1 -1 -1
Evo 28.54 0.73 7317072.73 1847478.14 4.67 1000003.70 3283583.81 2077324.14 128830.17 0.03 0.10 0.26 76 -1
Result 1 6.0 259 0.37 0.12 0.16 0.17 0.18 0.18 0.18 -1 -1 -1 -1
Evo 51.57 0.79 10000001.36 355498.75 6.67 8.67 8.69 1159912.15 76986.07 0.03 0.06 0.13 185 -1
Result 1 10.0 226 0.43 0.17 0.18 0.12 0.22 0.13 0.19 -1 -1 -1 -1
Evo 38.17 0.70 10000000.27 911069.26 2.67 169495.83 1311479.33 1514797.75 99666.37 0.03 0.06 0.13 90 -1
Result 1 4.0 230 0.41 0.15 0.14 0.19 0.16 0.16 0.19 -1 -1 -1 -1
Evo 32.12 0.70 10000000.83 992663.62 2.67 338987.23 1206899.84 1636512.07 104340.20 0.03 0.08 0.17 34 -1
Result 1 6.0 245 0.41 0.15 0.19 0.16 0.17 0.14 0.18 -1 -1 -1 -1
Evo 53.30 0.72 10000003.77 150777.66 10.67 18.67 18.69 615836.37 20033.16 0.01 0.17 0.30 195 -1
Result 1 18.0 944 0.43 0.17 0.17 0.19 0.15 0.15 0.17 -1 -1 -1 -1
Evo 42.66 0.67 10000001.74 1083508.19 2.67 4.67 1166670.68 1833996.22 148269.81 0.05 0.06 0.14 70 -1
Result 1 4.0 152 0.41 0.15 0.12 0.16 0.19 0.19 0.18 -1 -1 -1 -1
Evo 51.34 0.67 7356326.32 443469.43 6.67 12.67 16.67 1268215.79 54474.53 0.02 0.14 0.23 382 -1
Result 1 17.0 541 0.44 0.18 0.15 0.18 0.18 0.18 0.14 -1 -1 -1 -1
Evo 39.55 0.72 10000002.53 544906.44 6.67 7.08 555576.87 1189818.29 47554.70 0.01 0.21 0.47 143 -1
Result 1 26.0 625 0.44 0.17 0.17 0.17 0.15 0.19 0.15 -1 -1 -1 -1
Evo 29.31 0.70 7252748.61 1394030.74 4.69 727276.72 2413795.88 1675640.12 98059.42 0.03 0.09 0.21 59 -1
Result 1 4.0 291 0.41 0.15 0.17 0.12 0.21 0.17 0.20 -1 -1 -1 -1
Evo 40.62 0.70 5714290.81 483787.19 6.69 10.22 545464.20 956163.65 46110.31 0.02 0.13 0.25 196 -1
Result 1 14.0 429 0.40 0.14 0.18 0.17 0.19 0.17 0.15 -1 -1 -1 -1
Evo 41.38 0.73 8058257.50 544990.49 21.84 25.67 434806.80 1218932.99 40812.90 0.01 0.21 0.43 158 -1
Result 1 28.0 891 0.40 0.14 0.18 0.14 0.16 0.19 0.18 -1 -1 -1 -1
Evo 55.30 0.67 10000004.00 302622.94 4.95 8.67 8.69 1257011.79 68987.48 0.03 0.13 0.32 83 -1
Result 1 9.0 331 0.43 0.17 0.17 0.13 0.15 0.22 0.16 -1 -1 -1 -1
Evo 53.87 0.67 6200001.20 200475.73 2.69 6.67 8.67 949383.65 57777.65 0.03 0.07 0.14 251 -1
Result 1 10.0 269 0.44 0.17 0.14 0.19 0.15 0.13 0.21 -1 -1 -1 -1
Evo 46.58 0.76 8545459.97 754298.77 5.16 10.67 526325.86 1634852.42 89455.14 0.03 0.09 0.17 75 -1
Result 1 10.0 333 0.43 0.16 0.18 0.16 0.17 0.16 0.17 -1 -1 -1 -1
Evo 52.71 0.94 10000002.48 156092.64 4.67 10.67 14.67 621271.46 25175.19 0.02 0.08 0.16 228 -1
Result 1 14.0 608 0.40 0.14 0.16 0.15 0.19 0.18 0.18 -1 -1 -1 -1
Evo 43.24 0.72 7459019.26 688113.12 12.67 16.67 677979.72 1367136.96 41912.27 0.01 0.16 0.29 242 -1
Result 1 16.0 1063 0.41 0.15 0.17 0.17 0.16 0.15 0.19 -1 -1 -1 -1
Evo 51.25 0.68 10000004.23 476456.23 4.67 6.67 6.70 1390859.91 91118.26 0.03 0.09 0.22 176 -1
Result 1 8.0 232 0.34 0.10 0.21 0.16 0.15 0.18 0.19 -1 -1 -1 -1
Evo 46.31 0.67 6534653.43 583089.72 4.67 6.67 338987.13 1396646.70 95472.80 0.04 0.07 0.14 47 -1
Result 1 8.0 213 0.49 0.24 0.15 0.16 0.13 0.10 0.22 -1 -1 -1 -1
Evo 37.31 0.75 8264468.76 901585.55 6.67 192314.06 1111120.89 1521158.81 63714.33 0.02 0.10 0.18 182 -1
Result 1 12.0 569 0.42 0.16 0.20 0.15 0.15 0.15 0.18 -1 -1 -1 -1
Evo 53.40 0.89 5612247.70 139241.55 2.69 6.19 8.67 648039.72 47516.58 0.04 0.05 0.13 147 -1
Result 1 8.0 185 0.41 0.15 0.18 0.16 0.15 0.13 0.24 -1 -1 -1 -1
Evo 49.48 0.76 6956528.86 232100.53 6.67 10.69 12.69 780358.93 30608.20 0.01 0.17 0.25 113 -1
Result 1 12.0 649 0.44 0.18 0.15 0.18 0.16 0.18 0.14 -1 -1 -1 -1
Evo 49.09 0.69 6263743.04 184474.30 6.67 12.37 16.67 624778.30 24191.51 0.01 0.11 0.19 122 -1
Result 1 16.0 666 0.43 0.17 0.17 0.17 0.15 0.16 0.19 -1 -1 -1 -1
