Evo 56.08 -8545450.49 9999999.39 324777.22 0.64 0.64 0.65 3324318.72 391774.72 0.09 0.04 0.06 58 58
Result 1 1.0 71 0.47 0.19 0.19 0.21 0.15 0.25 -1 -1 -1 -1 -1
Evo 57.38 -9999999.33 10000001.64 250484.97 0.64 0.64 0.65 3365714.75 396653.29 0.09 0.04 0.07 58 58
Result 1 1.0 71 0.48 0.19 0.21 0.22 0.14 0.24 -1 -1 -1 -1 -1
Evo 55.13 -9393937.77 9999996.41 175089.04 0.64 0.64 0.65 3278490.44 386373.80 0.09 0.05 0.07 58 58
Result 1 1.0 71 0.49 0.07 0.31 0.24 0.13 0.26 -1 -1 -1 -1 -1
Evo 54.85 -9322037.70 10000003.15 396170.50 0.64 0.64 0.64 3150051.01 371237.07 0.09 0.04 0.07 58 58
Result 1 1.0 71 0.41 0.21 0.17 0.15 0.22 0.25 -1 -1 -1 -1 -1
Evo 54.58 -9076926.22 9999996.22 284673.10 0.64 0.64 0.65 3283485.06 386962.43 0.09 0.05 0.07 58 58
Result 1 1.0 71 0.49 0.18 0.24 0.24 0.14 0.21 -1 -1 -1 -1 -1
Evo 54.11 -8974356.67 10000003.89 301560.75 0.64 0.64 0.65 3304565.32 389446.76 0.09 0.06 0.07 58 58
Result 1 1.0 71 0.51 0.19 0.17 0.26 0.13 0.25 -1 -1 -1 -1 -1
Evo 55.38 -8636360.23 10000004.47 94868.11 0.64 0.64 0.65 3374277.48 397662.41 0.09 0.05 0.07 58 58
Result 1 1.0 71 0.52 0.19 0.18 0.29 0.13 0.21 -1 -1 -1 -1 -1
Evo 55.89 -9032253.19 10000004.81 184702.03 0.64 0.64 0.64 3416779.59 402671.34 0.09 0.05 0.07 58 58
Result 1 1.0 71 0.49 0.19 0.24 0.24 0.13 0.21 -1 -1 -1 -1 -1
Evo 56.07 -9166668.32 10000004.22 511601.89 0.64 0.64 0.65 3164302.68 372916.65 0.09 0.04 0.07 58 58
Result 1 1.0 71 0.43 0.17 0.24 0.17 0.26 0.17 -1 -1 -1 -1 -1
Evo 55.27 -9111111.61 9999999.76 325456.90 0.64 0.64 0.64 3110708.90 366600.56 0.09 0.04 0.07 58 58
Result 1 1.0 71 0.40 0.22 0.22 0.14 0.24 0.18 -1 -1 -1 -1 -1
Evo 54.58 -8437500.51 9999996.84 266488.90 0.64 0.64 0.65 3206378.15 377875.29 0.09 0.04 0.07 58 58
Result 1 1.0 71 0.49 0.18 0.18 0.24 0.22 0.18 -1 -1 -1 -1 -1
Evo 55.49 -8571425.74 10000003.02 84274.53 0.64 0.64 0.65 3350273.55 394833.52 0.09 0.05 0.07 58 58
Result 1 1.0 71 0.41 0.24 0.26 0.15 0.19 0.15 -1 -1 -1 -1 -1
Evo 63.35 -9354835.10 9999996.27 471249.57 0.64 0.64 0.65 3178886.29 374635.34 0.09 0.05 0.07 58 58
Result 1 1.0 71 0.47 0.25 0.17 0.21 0.15 0.22 -1 -1 -1 -1 -1
Evo 54.11 -8666666.02 10000003.21 331911.42 0.64 0.64 0.65 3168955.98 373465.04 0.09 0.04 0.07 58 58
Result 1 1.0 71 0.45 0.28 0.22 0.18 0.15 0.17 -1 -1 -1 -1 -1
Evo 56.48 -9999999.74 10000001.79 94487.26 0.64 0.64 0.65 3550851.61 418471.87 0.09 0.05 0.07 59 58
Result 1 1.0 71 0.46 0.13 0.11 0.19 0.28 0.29 -1 -1 -1 -1 -1
Evo 53.70 -8666667.32 9999996.32 208422.90 0.64 0.64 0.65 3289196.16 387635.49 0.09 0.04 0.07 58 58
Result 1 1.0 71 0.47 0.21 0.21 0.21 0.18 0.19 -1 -1 -1 -1 -1
Evo 55.32 -8769234.30 10000003.82 83008.19 0.64 0.64 0.64 3400470.59 400749.30 0.09 0.03 0.05 58 58
Result 1 1.0 71 0.52 0.15 0.17 0.29 0.18 0.21 -1 -1 -1 -1 -1
Evo 54.28 -8399999.09 10000000.21 247159.35 0.64 0.64 0.64 3329396.15 392373.10 0.09 0.05 0.07 58 58
Result 1 1.0 71 0.41 0.33 0.21 0.15 0.14 0.17 -1 -1 -1 -1 -1
Evo 54.97 -8909090.58 10000003.30 44225.26 0.64 0.64 0.64 3457942.30 407522.41 0.09 0.04 0.06 58 58
Result 1 1.0 71 0.43 0.32 0.15 0.17 0.21 0.15 -1 -1 -1 -1 -1
Evo 64.54 -8461538.45 9999997.87 170972.75 0.64 0.64 0.65 3284616.44 387095.76 0.09 0.03 0.07 58 58
Result 1 1.0 71 0.48 0.15 0.22 0.22 0.19 0.21 -1 -1 -1 -1 -1
Evo 57.36 -8918920.21 10000000.14 194280.22 0.64 0.64 0.65 2838678.68 286749.85 0.07 0.06 0.07 84 84
Result 1 1.0 97 0.41 0.24 0.21 0.15 0.24 0.14 -1 -1 -1 -1 -1
Evo 63.27 -10000003.53 9999998.44 -207174.90 0.64 0.64 0.64 3282489.54 331581.52 0.07 0.04 0.06 87 84
Result 1 1.0 97 0.37 0.15 0.28 0.12 0.21 0.23 -1 -1 -1 -1 -1
Evo 57.72 -8360654.78 10000002.43 227027.24 0.64 0.64 0.64 2721758.83 274939.16 0.07 0.04 0.07 84 84
Result 1 1.0 97 0.47 0.15 0.17 0.20 0.28 0.19 -1 -1 -1 -1 -1
Evo 64.24 -9166665.85 10000003.57 170770.49 0.64 0.64 0.65 2927045.10 295676.21 0.07 0.05 0.07 84 84
Result 1 1.0 97 0.50 0.14 0.26 0.24 0.17 0.18 -1 -1 -1 -1 -1
Evo 56.78 -9245279.59 9999997.45 139638.39 0.64 0.64 0.64 2869975.28 289911.28 0.07 0.07 0.07 84 84
Result 1 1.0 97 0.47 0.23 0.22 0.20 0.12 0.21 -1 -1 -1 -1 -1
Evo 57.33 -8800000.79 9999998.38 103846.73 0.64 0.64 0.64 2867520.64 289663.33 0.07 0.06 0.07 84 84
Result 1 1.0 97 0.47 0.11 0.22 0.20 0.26 0.20 -1 -1 -1 -1 -1
Evo 79.49 -10000001.54 6865669.01 -999310.48 0.64 0.64 0.64 3204287.81 323681.95 0.07 0.05 0.07 84 84
Result 0 0.0 97 0.41 0.17 0.23 0.15 0.22 0.21 -1 -1 -1 -1 -1
Evo 58.19 -9499996.75 10000003.14 222878.20 0.64 0.64 0.64 2801657.27 283010.12 0.07 0.04 0.07 84 84
Result 1 1.0 97 0.41 0.24 0.18 0.15 0.18 0.23 -1 -1 -1 -1 -1
Evo 57.15 -8999997.28 9999996.54 127861.39 0.64 0.64 0.65 2806219.48 283470.97 0.07 0.04 0.07 84 84
Result 1 1.0 97 0.45 0.15 0.19 0.18 0.17 0.30 -1 -1 -1 -1 -1
Evo 57.66 -8749996.03 10000002.40 208447.09 0.64 0.64 0.65 3013413.14 304400.69 0.07 0.05 0.07 84 84
Result 1 1.0 97 0.47 0.24 0.18 0.20 0.20 0.16 -1 -1 -1 -1 -1
Evo 59.92 -10000001.27 9999999.89 72879.04 0.64 0.64 0.65 2988318.08 301865.71 0.07 0.04 0.07 84 84
Result 1 1.0 97 0.48 0.17 0.18 0.21 0.20 0.22 -1 -1 -1 -1 -1
Evo 59.05 -9999994.16 9999995.69 234890.20 0.64 0.64 0.64 2757649.26 278564.64 0.07 0.05 0.07 84 84
Result 1 1.0 97 0.47 0.22 0.18 0.20 0.22 0.16 -1 -1 -1 -1 -1
Evo 64.81 -9444442.04 9999998.20 171853.37 0.64 0.64 0.64 2855809.01 288480.27 0.07 0.05 0.07 84 84
Result 1 1.0 97 0.49 0.20 0.16 0.23 0.21 0.18 -1 -1 -1 -1 -1
Evo 60.09 -10000001.79 9999996.54 121791.88 0.64 0.64 0.64 2862777.96 289184.24 0.07 0.05 0.07 85 84
Result 1 1.0 97 0.41 0.19 0.26 0.15 0.23 0.16 -1 -1 -1 -1 -1
Evo 64.11 -8823530.01 9999995.51 201311.30 0.64 0.64 0.64 2910949.10 294050.26 0.07 0.03 0.06 84 84
Result 1 1.0 97 0.50 0.13 0.24 0.24 0.21 0.16 -1 -1 -1 -1 -1
Evo 77.56 -10000003.79 1578947.25 -1293411.39 0.64 0.64 0.64 3378143.90 341244.07 0.07 0.04 0.07 84 84
Result 0 0.0 97 0.40 0.15 0.24 0.14 0.19 0.27 -1 -1 -1 -1 -1
Evo 57.51 -10000002.69 10000000.37 153265.60 0.64 0.64 0.65 2779663.97 280788.46 0.07 0.05 0.07 85 84
Result 1 1.0 97 0.46 0.12 0.29 0.19 0.19 0.20 -1 -1 -1 -1 -1
Evo 57.58 -8666669.26 10000003.02 164981.95 0.64 0.64 0.64 2960464.22 299052.05 0.07 0.06 0.07 84 84
Result 1 1.0 97 0.48 0.17 0.22 0.21 0.17 0.21 -1 -1 -1 -1 -1
Evo 57.62 -7647054.61 10000000.23 222269.94 0.64 0.64 0.65 2730271.70 275799.09 0.07 0.04 0.07 84 84
Result 1 1.0 97 0.43 0.14 0.30 0.16 0.23 0.16 -1 -1 -1 -1 -1
Evo 57.69 -9285716.23 10000000.26 189722.51 0.64 0.64 0.64 2902410.76 293187.76 0.07 0.06 0.07 84 84
Result 1 1.0 97 0.46 0.22 0.24 0.19 0.10 0.23 -1 -1 -1 -1 -1
Evo 59.93 -9534879.70 9999999.11 97874.48 0.64 0.64 0.64 2448366.57 213914.78 0.05 0.05 0.07 117 117
Result 1 1.0 130 0.45 0.15 0.28 0.18 0.17 0.22 -1 -1 -1 -1 -1
Evo 59.25 -9142853.64 9999998.36 23468.14 0.64 0.64 0.65 2538860.61 221821.28 0.05 0.05 0.07 117 117
Result 1 1.0 130 0.43 0.20 0.18 0.17 0.23 0.23 -1 -1 -1 -1 -1
Evo 59.23 -9148938.38 9999999.18 -9173.31 0.64 0.64 0.64 2645870.29 231170.76 0.05 0.04 0.07 117 117
Result 1 1.0 130 0.44 0.19 0.21 0.18 0.21 0.21 -1 -1 -1 -1 -1
Evo 59.71 -8999996.95 9999995.69 71756.08 0.64 0.64 0.64 2547332.79 222561.50 0.05 0.05 0.07 117 117
Result 1 1.0 130 0.49 0.18 0.21 0.23 0.15 0.23 -1 -1 -1 -1 -1
Evo 62.11 -10000001.97 10000000.58 -81564.45 0.64 0.64 0.64 2636975.89 230393.65 0.05 0.05 0.07 117 117
Result 1 1.0 130 0.46 0.17 0.21 0.19 0.22 0.21 -1 -1 -1 -1 -1
Evo 58.90 -8666666.45 10000004.42 145031.39 0.64 0.64 0.64 2387979.90 208638.77 0.05 0.05 0.07 117 117
Result 1 1.0 130 0.46 0.24 0.18 0.19 0.20 0.19 -1 -1 -1 -1 -1
Evo 58.98 -9285714.84 10000004.98 73823.91 0.64 0.64 0.64 2612408.06 228247.15 0.05 0.05 0.07 117 117
Result 1 1.0 130 0.41 0.17 0.24 0.15 0.22 0.21 -1 -1 -1 -1 -1
Evo 60.47 -9000002.19 10000000.00 131687.67 0.64 0.64 0.65 2463062.36 215198.76 0.05 0.06 0.07 117 117
Result 1 1.0 130 0.42 0.18 0.22 0.16 0.26 0.18 -1 -1 -1 -1 -1
Evo 59.29 -8867925.64 9999995.80 127014.08 0.64 0.64 0.64 2521351.56 220291.51 0.05 0.05 0.07 117 117
Result 1 1.0 130 0.46 0.24 0.19 0.19 0.18 0.19 -1 -1 -1 -1 -1
Evo 60.02 -9200003.93 10000003.44 -34144.08 0.64 0.64 0.65 2675092.58 233723.92 0.05 0.07 0.07 117 117
Result 1 1.0 130 0.46 0.18 0.18 0.20 0.24 0.20 -1 -1 -1 -1 -1
Evo 60.88 -9999997.99 9999995.30 135079.88 0.64 0.64 0.64 2577228.17 225173.47 0.05 0.05 0.07 117 117
Result 1 1.0 130 0.42 0.21 0.21 0.16 0.19 0.23 -1 -1 -1 -1 -1
Evo 59.12 -8644064.25 10000001.69 151735.17 0.64 0.64 0.64 2513515.97 219606.91 0.05 0.05 0.07 117 117
Result 1 1.0 130 0.46 0.21 0.19 0.19 0.22 0.19 -1 -1 -1 -1 -1
Evo 59.33 -8961038.96 10000000.95 97748.34 0.64 0.64 0.65 2485891.44 217193.34 0.05 0.05 0.07 117 117
Result 1 1.0 130 0.49 0.26 0.12 0.24 0.14 0.24 -1 -1 -1 -1 -1
Evo 60.98 -9999995.39 10000004.74 -24688.88 0.64 0.64 0.64 2369738.57 207045.02 0.05 0.06 0.07 117 117
Result 1 1.0 130 0.43 0.22 0.16 0.17 0.23 0.22 -1 -1 -1 -1 -1
Evo 58.40 -8909094.14 10000004.58 212306.97 0.64 0.64 0.64 2457974.56 214754.23 0.05 0.04 0.07 117 117
Result 1 1.0 130 0.48 0.17 0.18 0.21 0.22 0.22 -1 -1 -1 -1 -1
Evo 60.77 -10000002.06 9999997.26 35832.72 0.64 0.64 0.64 2624678.50 229319.22 0.05 0.05 0.07 117 117
Result 1 1.0 130 0.50 0.22 0.21 0.24 0.15 0.18 -1 -1 -1 -1 -1
Evo 59.85 -9999999.15 9999999.07 122243.55 0.64 0.64 0.64 2604557.34 227561.23 0.05 0.07 0.07 117 117
Result 1 1.0 130 0.48 0.14 0.22 0.22 0.20 0.22 -1 -1 -1 -1 -1
Evo 59.02 -8909088.52 9999995.77 135950.77 0.64 0.64 0.65 2424058.24 211790.95 0.05 0.07 0.07 117 117
Result 1 1.0 130 0.48 0.21 0.17 0.22 0.17 0.23 -1 -1 -1 -1 -1
Evo 60.87 -9999996.22 10000003.70 -69515.21 0.64 0.64 0.65 2736111.21 239055.15 0.05 0.07 0.07 117 117
Result 1 1.0 130 0.49 0.17 0.18 0.23 0.18 0.24 -1 -1 -1 -1 -1
Evo 59.98 -9199999.93 10000004.38 69243.13 0.64 0.64 0.64 2525827.97 220682.61 0.05 0.05 0.07 117 117
Result 1 1.0 130 0.46 0.15 0.24 0.19 0.18 0.24 -1 -1 -1 -1 -1
Evo 61.49 -9000000.19 10000002.46 72108.66 0.64 0.64 0.64 1689691.32 104790.21 0.03 0.07 0.07 246 246
Result 1 1.0 259 0.47 0.18 0.21 0.21 0.20 0.20 -1 -1 -1 -1 -1
Evo 61.31 -9487180.66 10000004.42 64844.82 0.64 0.64 0.65 1776390.58 110167.07 0.03 0.07 0.07 246 246
Result 1 1.0 259 0.46 0.20 0.18 0.19 0.18 0.24 -1 -1 -1 -1 -1
Evo 61.65 -9230772.29 9999998.44 66043.62 0.64 0.64 0.64 1684754.70 104484.05 0.03 0.07 0.07 246 246
Result 1 1.0 259 0.46 0.21 0.23 0.20 0.19 0.17 -1 -1 -1 -1 -1
Evo 61.12 -8285713.56 10000000.65 56045.78 0.64 0.64 0.64 1669496.12 103537.75 0.03 0.04 0.07 246 246
Result 1 1.0 259 0.47 0.22 0.22 0.21 0.18 0.17 -1 -1 -1 -1 -1
Evo 61.83 -9999998.19 9999995.84 29424.78 0.64 0.64 0.64 1768056.71 109650.22 0.03 0.06 0.07 246 246
Result 1 1.0 259 0.47 0.19 0.17 0.21 0.22 0.21 -1 -1 -1 -1 -1
Evo 61.93 -9333336.90 10000003.94 58344.88 0.64 0.64 0.64 1760517.37 109182.65 0.03 0.07 0.07 246 246
Result 1 1.0 259 0.46 0.18 0.25 0.19 0.20 0.17 -1 -1 -1 -1 -1
Evo 63.11 -10000000.55 9999998.48 -60408.75 0.64 0.64 0.64 1989848.35 123405.16 0.03 0.05 0.07 246 246
Result 1 1.0 259 0.45 0.20 0.17 0.18 0.18 0.27 -1 -1 -1 -1 -1
Evo 61.54 -8947364.47 9999995.15 140544.79 0.64 0.64 0.65 1719335.85 106628.68 0.03 0.06 0.07 246 246
Result 1 1.0 259 0.47 0.18 0.20 0.20 0.22 0.20 -1 -1 -1 -1 -1
Evo 61.63 -8909094.25 9999995.90 79266.56 0.64 0.64 0.64 1680176.40 104200.12 0.03 0.07 0.07 246 246
Result 1 1.0 259 0.49 0.17 0.22 0.23 0.18 0.20 -1 -1 -1 -1 -1
Evo 62.26 -9555554.23 9999998.86 48766.72 0.64 0.64 0.64 1777541.97 110238.47 0.03 0.07 0.07 246 246
Result 1 1.0 259 0.48 0.20 0.21 0.22 0.18 0.18 -1 -1 -1 -1 -1
Evo 61.56 -8867920.91 9999996.82 96762.88 0.64 0.64 0.64 1811521.09 112345.77 0.03 0.07 0.07 246 246
Result 1 1.0 259 0.49 0.16 0.18 0.23 0.22 0.20 -1 -1 -1 -1 -1
Evo 61.14 -7647061.17 9999996.89 81455.23 0.64 0.64 0.64 1644186.52 101968.12 0.03 0.05 0.07 246 246
Result 1 1.0 259 0.50 0.18 0.25 0.26 0.17 0.14 -1 -1 -1 -1 -1
Evo 64.16 -9999999.81 9999995.58 27492.61 0.64 0.64 0.64 1860279.08 115369.61 0.03 0.06 0.07 248 246
Result 1 1.0 259 0.46 0.17 0.25 0.19 0.19 0.20 -1 -1 -1 -1 -1
Evo 64.56 -9016390.14 10000000.13 95854.02 0.64 0.64 0.64 1700678.14 105471.58 0.03 0.05 0.07 246 246
Result 1 1.0 259 0.44 0.22 0.18 0.18 0.18 0.23 -1 -1 -1 -1 -1
Evo 61.37 -9032255.68 10000000.67 91013.87 0.64 0.64 0.64 1729925.70 107285.44 0.03 0.07 0.07 246 246
Result 1 1.0 259 0.47 0.19 0.23 0.21 0.15 0.21 -1 -1 -1 -1 -1
Evo 61.76 -8214281.98 10000000.61 89171.30 0.64 0.64 0.64 1588446.08 98511.24 0.03 0.06 0.07 246 246
Result 1 1.0 259 0.47 0.21 0.18 0.21 0.17 0.24 -1 -1 -1 -1 -1
Evo 61.93 -9024386.47 9999997.93 85272.25 0.64 0.64 0.64 1746875.50 108336.62 0.03 0.07 0.07 246 246
Result 1 1.0 259 0.45 0.18 0.20 0.19 0.24 0.20 -1 -1 -1 -1 -1
Evo 63.05 -10000003.41 9999997.53 -55027.53 0.64 0.64 0.64 2021697.28 125380.34 0.03 0.05 0.07 246 246
Result 1 1.0 259 0.45 0.16 0.24 0.19 0.15 0.26 -1 -1 -1 -1 -1
Evo 61.84 -10000003.09 9999998.03 72667.89 0.64 0.64 0.64 1786602.00 110800.35 0.03 0.05 0.07 246 246
Result 1 1.0 259 0.43 0.19 0.26 0.17 0.17 0.22 -1 -1 -1 -1 -1
Evo 61.55 -7999995.83 9999995.12 133485.19 0.64 0.64 0.65 1558381.98 96646.75 0.03 0.07 0.07 246 246
Result 1 1.0 259 0.46 0.22 0.18 0.20 0.18 0.23 -1 -1 -1 -1 -1
Evo 61.82 -9999998.71 9999999.04 -50518.14 0.64 0.64 0.65 3080800.85 311207.88 0.07 0.04 0.07 85 84
Result 1 1.0 97 0.43 0.22 0.20 0.16 0.27 0.14 -1 -1 -1 -1 -1
Evo 58.08 -9545458.02 10000002.50 40071.75 0.64 0.64 0.64 3042641.33 307353.19 0.07 0.05 0.07 84 84
Result 1 1.0 97 0.48 0.17 0.16 0.22 0.23 0.20 -1 -1 -1 -1 -1
Evo 56.57 -8648647.99 9999997.80 180139.98 0.64 0.64 0.64 2709373.29 273688.03 0.07 0.05 0.07 84 84
Result 1 1.0 97 0.40 0.22 0.22 0.14 0.19 0.21 -1 -1 -1 -1 -1
Evo 57.49 -9999999.61 10000004.63 249369.30 0.64 0.64 0.65 2683331.20 271057.38 0.07 0.06 0.07 85 84
Result 1 1.0 97 0.51 0.15 0.16 0.28 0.22 0.18 -1 -1 -1 -1 -1
Evo 57.25 -8918914.65 10000000.83 128869.16 0.64 0.64 0.64 2854438.00 288341.78 0.07 0.05 0.07 84 84
Result 1 1.0 97 0.46 0.15 0.18 0.19 0.23 0.23 -1 -1 -1 -1 -1
Evo 78.29 -10000003.71 4716981.03 -1063201.62 0.64 0.64 0.64 3164167.15 319629.15 0.07 0.04 0.06 85 84
Result 0 0.0 97 0.50 0.22 0.17 0.24 0.20 0.15 -1 -1 -1 -1 -1
Evo 58.24 -9999995.47 9999995.96 236029.57 0.64 0.64 0.65 2827420.14 285612.56 0.07 0.06 0.07 85 84
Result 1 1.0 97 0.39 0.32 0.23 0.13 0.13 0.18 -1 -1 -1 -1 -1
Evo 57.00 -8857143.52 10000000.13 200558.10 0.64 0.64 0.64 2803225.38 283168.53 0.07 0.07 0.07 84 84
Result 1 1.0 97 0.47 0.20 0.16 0.20 0.21 0.21 -1 -1 -1 -1 -1
Evo 56.64 -9555558.28 9999999.17 189904.19 0.64 0.64 0.64 2981612.97 301188.39 0.07 0.05 0.07 84 84
Result 1 1.0 97 0.45 0.23 0.22 0.18 0.16 0.19 -1 -1 -1 -1 -1
Evo 57.48 -9512198.89 10000001.44 126819.23 0.64 0.64 0.64 2992961.01 302334.72 0.07 0.04 0.07 84 84
Result 1 1.0 97 0.48 0.16 0.21 0.22 0.21 0.18 -1 -1 -1 -1 -1
Evo 57.60 -9310340.03 9999996.98 64108.47 0.64 0.64 0.64 3002946.24 303343.38 0.07 0.05 0.07 84 84
Result 1 1.0 97 0.48 0.17 0.21 0.22 0.19 0.19 -1 -1 -1 -1 -1
Evo 57.45 -9999999.82 9999997.15 127478.03 0.64 0.64 0.64 2882758.25 291202.56 0.07 0.06 0.07 84 84
Result 1 1.0 97 0.48 0.20 0.18 0.22 0.16 0.22 -1 -1 -1 -1 -1
Evo 58.27 -8666667.76 10000004.21 4520.03 0.64 0.64 0.65 2884333.79 291361.71 0.07 0.05 0.07 84 84
Result 1 1.0 97 0.41 0.24 0.20 0.15 0.19 0.20 -1 -1 -1 -1 -1
Evo 57.98 -9375002.20 10000003.93 260245.47 0.64 0.64 0.64 2916198.61 294580.54 0.07 0.06 0.07 84 84
Result 1 1.0 97 0.51 0.14 0.16 0.27 0.15 0.28 -1 -1 -1 -1 -1
Evo 57.26 -7999999.98 10000003.87 79206.72 0.64 0.64 0.64 2794446.26 282281.70 0.07 0.04 0.07 84 84
Result 1 1.0 97 0.43 0.20 0.19 0.16 0.26 0.18 -1 -1 -1 -1 -1
Evo 57.55 -8636363.28 9999998.95 159081.96 0.64 0.64 0.64 2735999.75 276377.71 0.07 0.07 0.07 84 84
Result 1 1.0 97 0.47 0.20 0.20 0.20 0.18 0.20 -1 -1 -1 -1 -1
Evo 65.39 -10000000.41 10000001.85 -490068.08 0.64 0.64 0.64 3576654.18 361296.63 0.07 0.03 0.06 91 84
Result 1 1.0 97 0.48 0.30 0.07 0.22 0.23 0.17 -1 -1 -1 -1 -1
Evo 56.61 -8961035.46 10000003.84 264422.51 0.64 0.64 0.65 2801191.39 282963.06 0.07 0.04 0.07 84 84
Result 1 1.0 97 0.43 0.17 0.27 0.16 0.22 0.17 -1 -1 -1 -1 -1
Evo 60.37 -9259255.25 9999997.22 32477.15 0.64 0.64 0.65 3012362.34 304294.55 0.07 0.05 0.07 84 84
Result 1 1.0 97 0.45 0.18 0.20 0.18 0.20 0.22 -1 -1 -1 -1 -1
Evo 57.24 -8518520.51 9999998.21 332670.45 0.64 0.64 0.65 2634660.30 266140.88 0.07 0.04 0.06 84 84
Result 1 1.0 97 0.48 0.28 0.17 0.21 0.17 0.16 -1 -1 -1 -1 -1
