Evo 53.71 -3749991.01 10000004.98 126262.98 2.38 7.69 14.67 1263545.09 45623.97 0.01 0.19 0.24 747 8
Result 1 19.0 766 0.48 0.15 0.15 0.15 0.19 0.14 0.21 -1 -1 -1 -1
Evo 55.60 -4264699.14 10000004.78 78914.22 3.67 9.72 14.67 1023554.20 33121.44 0.01 0.29 0.40 928 2
Result 1 16.0 954 0.43 0.15 0.17 0.17 0.17 0.17 0.17 -1 -1 -1 -1
Evo 55.60 -1960777.17 9999999.01 49625.86 3.67 9.17 14.67 738866.20 24399.51 0.01 0.26 0.34 902 10
Result 1 18.0 916 0.45 0.15 0.16 0.17 0.18 0.15 0.18 -1 -1 -1 -1
Evo 56.44 -3061223.31 10000003.28 109978.51 2.65 7.67 12.67 1079235.73 36974.01 0.01 0.28 0.33 834 3
Result 1 18.0 851 0.43 0.15 0.16 0.17 0.18 0.17 0.16 -1 -1 -1 -1
Evo 56.94 -3157888.83 10000004.30 50249.69 4.67 5.67 9.69 811991.99 27372.24 0.01 0.29 0.47 867 12
Result 1 18.0 879 0.46 0.15 0.14 0.16 0.17 0.19 0.19 -1 -1 -1 -1
Evo 58.18 -1785699.08 10000001.96 57919.99 2.67 10.67 13.69 774299.81 23941.06 0.01 0.41 0.48 1029 9
Result 1 19.0 1045 0.43 0.16 0.16 0.17 0.17 0.17 0.17 -1 -1 -1 -1
Evo 57.71 -909081.52 10000005.13 77850.90 3.76 11.67 16.69 872211.53 26406.42 0.01 0.16 0.20 1077 1
Result 1 18.0 1090 0.43 0.16 0.16 0.17 0.18 0.16 0.16 -1 -1 -1 -1
Evo 56.19 -1818182.20 10000004.81 47780.69 4.54 9.66 15.67 764181.10 23927.44 0.01 0.24 0.35 1011 11
Result 1 18.0 1019 0.45 0.16 0.18 0.16 0.18 0.15 0.18 -1 -1 -1 -1
Evo 56.96 -2131137.24 10000004.93 90445.84 2.67 10.69 15.72 929725.70 28225.39 0.01 0.30 0.36 1069 23
Result 1 17.0 1084 0.43 0.18 0.18 0.16 0.16 0.16 0.17 -1 -1 -1 -1
Evo 51.99 -3902439.31 10000004.54 56635.15 2.65 6.90 8.67 891218.65 29052.90 0.01 0.31 0.38 913 5
Result 1 11.0 940 0.43 0.14 0.18 0.18 0.16 0.17 0.17 -1 -1 -1 -1
Evo 53.75 -2758618.28 10000003.66 28983.90 1.67 3.67 8.35 730575.46 23337.38 0.01 0.26 0.33 971 5
Result 1 12.0 979 0.46 0.15 0.15 0.18 0.17 0.17 0.19 -1 -1 -1 -1
Evo 54.56 -6799994.98 10000003.09 -68763.63 0.76 7.67 11.67 1195015.22 34569.21 0.01 0.15 0.21 1170 2
Result 1 13.0 1194 0.45 0.15 0.16 0.18 0.18 0.14 0.18 -1 -1 -1 -1
Evo 57.33 -2051275.37 10000002.83 58930.64 5.67 9.67 14.67 747224.17 22438.05 0.01 0.23 0.27 1093 21
Result 1 16.0 1108 0.44 0.16 0.15 0.17 0.18 0.16 0.17 -1 -1 -1 -1
Evo 53.87 -2608694.78 10000005.12 93960.14 1.73 5.74 9.74 957249.74 33950.15 0.01 0.32 0.42 767 1
Result 1 17.0 794 0.44 0.17 0.16 0.16 0.18 0.16 0.18 -1 -1 -1 -1
Evo 53.91 -3249998.15 10000002.76 84834.23 3.67 8.72 13.65 993663.04 34935.33 0.01 0.19 0.24 780 20
Result 1 18.0 808 0.44 0.19 0.16 0.17 0.16 0.15 0.18 -1 -1 -1 -1
Evo 54.24 -3030297.25 9999999.83 54822.42 1.75 7.67 14.69 903818.97 31092.32 0.01 0.25 0.32 825 11
Result 1 18.0 844 0.45 0.17 0.16 0.16 0.18 0.15 0.18 -1 -1 -1 -1
Evo 55.37 -1935483.48 10000005.07 73569.78 1.67 4.56 12.67 872265.12 30295.02 0.01 0.29 0.35 818 11
Result 1 16.0 828 0.46 0.17 0.14 0.17 0.16 0.16 0.20 -1 -1 -1 -1
Evo 55.92 -2631569.11 10000000.55 32139.56 2.71 10.81 14.67 713601.33 22022.22 0.01 0.19 0.28 1034 9
Result 1 15.0 1049 0.45 0.17 0.14 0.17 0.16 0.16 0.19 -1 -1 -1 -1
Evo 55.30 -3561637.89 10000004.50 25560.68 3.69 10.67 12.79 711435.06 20236.06 0.01 0.26 0.34 1222 14
Result 1 13.0 1235 0.42 0.18 0.16 0.16 0.18 0.16 0.16 -1 -1 -1 -1
Evo 53.56 -4473680.24 10000000.64 -8110.26 3.67 6.67 8.47 792191.33 24061.10 0.01 0.23 0.28 1058 0
Result 1 10.0 1083 0.43 0.17 0.16 0.17 0.17 0.17 0.17 -1 -1 -1 -1
Evo 56.16 -1551723.52 10000005.05 97661.90 1.67 6.61 11.67 1013003.09 34951.93 0.01 0.24 0.31 826 4
Result 1 18.0 839 0.44 0.20 0.17 0.17 0.16 0.14 0.17 -1 -1 -1 -1
Evo 55.06 -7195115.79 10000002.38 -57064.98 0.69 8.31 13.54 910941.37 27305.04 0.01 0.21 0.26 1094 15
Result 1 16.0 1112 0.44 0.17 0.16 0.18 0.16 0.16 0.17 -1 -1 -1 -1
Evo 57.47 -1666656.14 10000003.01 66390.22 2.69 11.67 17.67 867677.53 25453.96 0.01 0.27 0.32 1136 7
Result 1 18.0 1161 0.42 0.16 0.17 0.18 0.17 0.16 0.16 -1 -1 -1 -1
Evo 55.44 -2931034.89 10000004.15 102416.35 1.67 3.78 12.55 1116490.47 38918.41 0.01 0.27 0.39 809 25
Result 1 17.0 822 0.44 0.20 0.17 0.15 0.16 0.14 0.18 -1 -1 -1 -1
Evo 57.34 -2923064.93 9999996.94 74895.31 6.67 13.69 16.69 916689.37 27415.82 0.01 0.22 0.27 1093 7
Result 1 17.0 1117 0.46 0.15 0.16 0.17 0.18 0.14 0.19 -1 -1 -1 -1
Evo 58.12 -1694905.13 10000002.78 36883.58 3.69 10.64 10.69 611384.32 16190.29 0.01 0.22 0.27 1413 69
Result 1 12.0 1425 0.44 0.18 0.16 0.17 0.18 0.15 0.17 -1 -1 -1 -1
Evo 56.01 -2941168.50 10000004.16 29268.23 7.65 9.67 10.69 648970.16 18340.98 0.01 0.27 0.33 1222 15
Result 1 12.0 1251 0.45 0.17 0.17 0.16 0.17 0.15 0.18 -1 -1 -1 -1
Evo 57.68 -3962252.92 10000005.14 36275.38 3.69 12.81 16.67 879996.52 25960.97 0.01 0.34 0.42 1138 20
Result 1 17.0 1148 0.44 0.15 0.17 0.19 0.15 0.16 0.18 -1 -1 -1 -1
Evo 55.70 -1538458.30 10000001.58 41551.02 3.67 7.67 13.67 684070.70 22009.61 0.01 0.40 0.49 955 7
Result 1 16.0 965 0.44 0.18 0.17 0.15 0.16 0.17 0.18 -1 -1 -1 -1
Evo 59.52 -1509432.98 10000003.90 58895.24 7.67 15.85 17.67 803448.14 22369.85 0.01 0.22 0.27 1195 4
Result 1 19.0 1289 0.45 0.15 0.17 0.17 0.18 0.15 0.18 -1 -1 -1 -1
Evo 53.24 -4693875.51 10000002.97 28954.28 1.65 5.38 6.85 928427.38 28436.05 0.01 0.37 0.49 1050 13
Result 1 10.0 1065 0.45 0.16 0.17 0.16 0.17 0.16 0.19 -1 -1 -1 -1
Evo 55.50 -5128200.55 10000004.33 31653.44 4.76 9.66 12.67 980526.46 29117.41 0.01 0.27 0.33 1106 4
Result 1 15.0 1133 0.44 0.17 0.18 0.17 0.16 0.15 0.18 -1 -1 -1 -1
Evo 56.44 -3508769.76 10000005.13 4980.75 3.67 10.53 12.72 666334.95 20247.82 0.01 0.31 0.36 1071 11
Result 1 17.0 1082 0.45 0.16 0.16 0.17 0.16 0.17 0.19 -1 -1 -1 -1
Evo 58.18 -3235293.07 10000005.17 48743.82 6.67 13.67 19.67 810669.35 25222.82 0.01 0.21 0.26 1019 3
Result 1 20.0 1032 0.45 0.17 0.16 0.17 0.16 0.15 0.18 -1 -1 -1 -1
Evo 54.86 -2333328.95 10000005.07 16840.46 0.75 4.67 6.69 749238.07 24502.70 0.01 0.35 0.47 926 1
Result 1 16.0 934 0.42 0.15 0.19 0.16 0.18 0.16 0.16 -1 -1 -1 -1
Evo 56.22 -6212118.96 10000004.51 2515.81 4.65 7.63 8.67 843878.55 20774.85 0.01 0.47 0.50 1071 6
Result 1 9.0 1649 0.45 0.16 0.17 0.16 0.17 0.17 0.18 -1 -1 -1 -1
Evo 57.75 -3448269.79 10000004.76 46177.37 7.67 12.65 12.69 734234.90 21374.40 0.01 0.23 0.31 1166 29
Result 1 16.0 1179 0.43 0.16 0.18 0.16 0.16 0.17 0.17 -1 -1 -1 -1
Evo 56.58 -1730769.26 10000004.16 64320.53 2.39 9.78 14.67 847342.14 24614.99 0.01 0.21 0.27 1167 14
Result 1 15.0 1184 0.43 0.16 0.17 0.18 0.17 0.15 0.16 -1 -1 -1 -1
Evo 49.06 -9999997.53 4.69 -214992.97 -5.96 0.47 1.31 772258.88 24216.00 0.01 0.44 0.50 -1 9
Result 0 -12.0 1016 0.44 0.17 0.16 0.15 0.17 0.18 0.18 -1 -1 -1 -1
Evo 55.44 -2166665.88 10000001.00 69623.79 0.69 5.67 13.67 882919.80 32005.82 0.01 0.21 0.28 747 4
Result 1 20.0 760 0.43 0.16 0.15 0.19 0.18 0.16 0.17 -1 -1 -1 -1
Evo 53.66 -4905659.29 10000003.79 -22464.33 2.65 5.40 7.65 669584.60 17271.34 0.01 0.25 0.30 1486 28
Result 1 10.0 1502 0.44 0.16 0.17 0.17 0.17 0.16 0.17 -1 -1 -1 -1
Evo 56.94 -2656240.68 10000002.95 107064.80 0.69 3.69 12.58 1071786.77 37822.53 0.01 0.19 0.23 783 31
Result 1 19.0 802 0.45 0.15 0.16 0.18 0.18 0.15 0.18 -1 -1 -1 -1
Evo 55.62 -2777772.83 10000001.30 1944.69 2.67 6.74 9.67 625928.68 15484.56 0.01 0.23 0.28 1146 10
Result 1 10.0 1633 0.43 0.16 0.17 0.17 0.18 0.15 0.17 -1 -1 -1 -1
Evo 57.29 -1538448.91 10000004.33 63756.68 6.62 13.35 15.69 780548.06 20868.48 0.01 0.36 0.43 1382 7
Result 1 16.0 1398 0.44 0.15 0.17 0.17 0.16 0.17 0.17 -1 -1 -1 -1
Evo 57.17 -3703703.04 10000002.33 41649.93 0.69 4.69 12.64 907754.89 29750.46 0.01 0.27 0.33 917 9
Result 1 18.0 930 0.44 0.15 0.18 0.18 0.15 0.17 0.17 -1 -1 -1 -1
Evo 58.03 -3387084.87 10000003.43 29007.13 4.69 14.31 17.69 827627.70 23560.12 0.01 0.26 0.30 1224 0
Result 1 19.0 1233 0.45 0.16 0.16 0.16 0.18 0.15 0.18 -1 -1 -1 -1
Evo 59.15 -2499990.27 10000003.37 34501.00 5.69 12.67 13.65 718679.09 16944.14 0.01 0.33 0.39 1785 15
Result 1 15.0 1798 0.42 0.18 0.17 0.18 0.15 0.16 0.16 -1 -1 -1 -1
Evo 53.26 -1904754.77 10000004.90 78737.18 2.67 8.54 12.76 881367.70 31865.92 0.01 0.22 0.27 755 10
Result 1 18.0 764 0.41 0.15 0.16 0.17 0.20 0.16 0.15 -1 -1 -1 -1
Evo 58.31 -1142851.54 10000000.69 72589.24 3.67 10.67 16.67 852299.34 27843.41 0.01 0.23 0.29 918 7
Result 1 20.0 936 0.45 0.16 0.18 0.17 0.16 0.15 0.18 -1 -1 -1 -1
Evo 55.82 -3582090.66 10000004.67 132266.12 0.69 4.65 12.76 1169879.65 42380.27 0.01 0.18 0.23 747 31
Result 1 19.0 761 0.46 0.17 0.18 0.17 0.16 0.14 0.19 -1 -1 -1 -1
Evo 56.62 -1590897.58 10000002.48 71204.90 1.67 10.34 15.67 889713.57 26293.44 0.01 0.33 0.44 1130 8
Result 1 16.0 1144 0.45 0.16 0.17 0.17 0.18 0.15 0.18 -1 -1 -1 -1
Evo 57.70 -4411765.07 10000000.04 56312.14 5.67 16.67 17.67 873759.91 24441.43 0.01 0.30 0.35 1263 4
Result 1 19.0 1277 0.41 0.15 0.17 0.17 0.19 0.16 0.15 -1 -1 -1 -1
Evo 55.85 -2105260.88 10000001.61 64398.19 3.67 7.67 11.83 839242.01 23321.28 0.01 0.32 0.38 1056 10
Result 1 12.0 1294 0.44 0.15 0.17 0.17 0.16 0.18 0.17 -1 -1 -1 -1
Evo 56.76 -769230.37 10000002.08 87660.87 0.69 4.67 13.67 867225.50 29623.86 0.01 0.27 0.32 826 7
Result 1 19.0 856 0.44 0.16 0.17 0.18 0.17 0.14 0.18 -1 -1 -1 -1
Evo 55.96 -2833332.88 10000002.38 63030.06 0.69 7.64 13.69 936311.13 29608.76 0.01 0.24 0.30 983 12
Result 1 18.0 999 0.44 0.15 0.16 0.19 0.16 0.16 0.18 -1 -1 -1 -1
Evo 55.30 -4385958.40 9999999.56 53498.95 0.69 3.69 8.69 1035624.60 34330.62 0.01 0.31 0.45 890 14
Result 1 16.0 909 0.44 0.16 0.16 0.17 0.18 0.15 0.17 -1 -1 -1 -1
Evo 58.69 -1481480.76 10000003.16 88155.65 1.67 11.67 15.67 915780.51 25943.73 0.01 0.19 0.26 1188 7
Result 1 17.0 1245 0.43 0.15 0.17 0.18 0.17 0.16 0.17 -1 -1 -1 -1
Evo 56.60 -3437497.04 10000004.74 105510.97 1.61 4.67 12.67 1074698.83 36125.61 0.01 0.23 0.30 859 26
Result 1 17.0 884 0.41 0.18 0.17 0.18 0.15 0.16 0.15 -1 -1 -1 -1
Evo 56.46 -652173.75 10000003.52 122638.07 3.67 6.69 13.79 1074031.43 38091.97 0.01 0.34 0.47 777 3
Result 1 19.0 794 0.46 0.16 0.16 0.16 0.16 0.16 0.19 -1 -1 -1 -1
Evo 58.43 -1399999.41 10000004.57 93867.91 3.67 10.65 16.37 943398.34 30935.25 0.01 0.27 0.37 911 9
Result 1 20.0 929 0.46 0.17 0.16 0.16 0.15 0.16 0.19 -1 -1 -1 -1
Evo 54.59 -1538452.55 10000004.15 126649.40 0.69 4.67 10.69 1093262.91 39145.09 0.01 0.18 0.23 763 13
Result 1 19.0 779 0.43 0.18 0.16 0.17 0.17 0.16 0.17 -1 -1 -1 -1
Evo 56.28 -2878788.53 10000003.45 102027.43 1.67 5.69 13.67 1038610.30 37649.59 0.01 0.38 0.50 748 7
Result 1 20.0 760 0.42 0.16 0.15 0.19 0.18 0.17 0.16 -1 -1 -1 -1
Evo 56.49 -2203384.79 10000003.37 48331.08 0.69 6.24 15.67 677330.56 20932.80 0.01 0.16 0.20 1033 11
Result 1 16.0 1046 0.45 0.15 0.16 0.20 0.16 0.15 0.18 -1 -1 -1 -1
Evo 57.15 -2222209.48 10000000.82 101172.77 0.72 8.67 15.64 992422.25 35881.10 0.01 0.28 0.34 748 102
Result 1 20.0 764 0.45 0.15 0.15 0.18 0.19 0.14 0.18 -1 -1 -1 -1
Evo 57.49 -1052627.97 10000005.07 54650.81 3.69 11.67 16.67 698176.93 22857.29 0.01 0.31 0.41 901 11
Result 1 19.0 932 0.44 0.17 0.15 0.17 0.17 0.16 0.18 -1 -1 -1 -1
Evo 55.18 -1041654.23 10000002.27 49587.45 0.69 5.67 13.67 708069.90 25600.32 0.01 0.20 0.27 756 11
Result 1 18.0 764 0.43 0.20 0.14 0.18 0.17 0.14 0.17 -1 -1 -1 -1
Evo 57.27 -2807016.36 10000004.54 75678.54 3.69 14.67 18.67 890761.78 25746.28 0.01 0.19 0.22 1174 11
Result 1 19.0 1196 0.43 0.13 0.18 0.16 0.21 0.15 0.16 -1 -1 -1 -1
Evo 56.54 -408162.69 10000004.35 209923.82 0.69 8.67 16.67 1246081.54 43891.35 0.01 0.18 0.23 768 11
Result 1 20.0 805 0.44 0.16 0.16 0.17 0.17 0.16 0.18 -1 -1 -1 -1
Evo 58.37 -1162776.76 10000001.61 66991.27 3.64 11.22 16.78 798174.00 25367.64 0.01 0.40 0.48 976 11
Result 1 20.0 989 0.42 0.16 0.20 0.15 0.17 0.16 0.16 -1 -1 -1 -1
Evo 53.44 -3018861.03 10000002.86 55302.09 0.69 4.40 9.30 840043.79 29681.49 0.01 0.22 0.27 782 7
Result 1 16.0 800 0.45 0.16 0.17 0.17 0.17 0.15 0.18 -1 -1 -1 -1
Evo 53.97 -3809513.69 10000005.00 42570.98 0.70 3.74 13.67 813059.91 24638.18 0.01 0.36 0.43 1074 12
Result 1 15.0 1088 0.44 0.18 0.15 0.15 0.17 0.16 0.18 -1 -1 -1 -1
Evo 56.36 -799997.27 10000003.03 85646.72 0.69 3.69 13.67 826141.33 29791.42 0.01 0.28 0.35 748 10
Result 1 19.0 768 0.45 0.15 0.15 0.17 0.20 0.15 0.18 -1 -1 -1 -1
Evo 54.72 -3188400.00 10000003.91 68350.78 1.37 7.69 15.67 905950.95 32438.25 0.01 0.15 0.21 761 10
Result 1 20.0 779 0.44 0.16 0.16 0.17 0.18 0.15 0.18 -1 -1 -1 -1
Evo 54.81 -1967211.46 10000001.66 207167.33 1.70 8.69 15.67 1347705.59 48411.01 0.01 0.32 0.44 748 2
Result 1 20.0 774 0.41 0.17 0.15 0.18 0.20 0.16 0.15 -1 -1 -1 -1
Evo 55.92 -2622936.81 10000002.54 156125.26 2.37 8.67 14.72 1153673.49 40337.25 0.01 0.24 0.31 767 10
Result 1 20.0 817 0.43 0.17 0.15 0.18 0.16 0.17 0.16 -1 -1 -1 -1
Evo 54.88 -2647056.11 10000004.86 142390.47 0.69 6.69 13.69 1152318.89 41634.97 0.01 0.20 0.24 750 11
Result 1 19.0 765 0.45 0.14 0.14 0.18 0.21 0.15 0.19 -1 -1 -1 -1
Evo 55.34 -2666659.04 10000004.37 112888.72 2.67 7.67 10.78 1082762.01 37927.50 0.01 0.32 0.45 794 20
Result 1 19.0 814 0.47 0.17 0.16 0.15 0.17 0.15 0.20 -1 -1 -1 -1
Evo 55.53 -1754385.72 9999998.56 69940.57 1.67 6.67 11.69 783344.79 28396.23 0.01 0.17 0.22 747 3
Result 1 19.0 760 0.48 0.15 0.14 0.18 0.18 0.13 0.22 -1 -1 -1 -1
Evo 55.54 -3518518.33 10000004.08 83433.10 0.69 5.67 15.37 1079064.45 38198.47 0.01 0.22 0.27 781 5
Result 1 20.0 797 0.44 0.15 0.17 0.18 0.17 0.16 0.17 -1 -1 -1 -1
Evo 55.50 -3076920.62 10000004.18 102658.86 0.69 3.67 10.65 1044059.61 36109.56 0.01 0.19 0.24 821 11
Result 1 15.0 835 0.45 0.14 0.16 0.17 0.17 0.17 0.19 -1 -1 -1 -1
Evo 54.78 -1379310.48 10000005.15 75557.51 0.69 5.65 12.67 830111.61 28556.71 0.01 0.21 0.28 829 4
Result 1 18.0 844 0.45 0.15 0.17 0.16 0.20 0.14 0.18 -1 -1 -1 -1
Evo 54.42 -3783778.65 10000005.03 46432.54 1.69 7.05 14.03 900295.49 27144.93 0.01 0.20 0.26 1082 2
Result 1 15.0 1099 0.44 0.17 0.14 0.20 0.16 0.14 0.17 -1 -1 -1 -1
Evo 55.70 -1086951.70 10000000.38 152668.48 0.69 6.67 10.69 1155115.91 41519.78 0.01 0.32 0.48 753 0
Result 1 19.0 773 0.45 0.14 0.15 0.18 0.17 0.17 0.18 -1 -1 -1 -1
Evo 54.98 -3888881.10 10000004.88 61141.39 0.69 5.65 10.67 826947.98 29976.84 0.01 0.22 0.36 747 3
Result 1 19.0 760 0.46 0.16 0.13 0.17 0.19 0.15 0.19 -1 -1 -1 -1
Evo 54.92 -4307685.20 9999999.56 32869.82 0.76 7.67 12.69 856687.50 30576.49 0.01 0.20 0.26 772 12
Result 1 18.0 784 0.46 0.17 0.15 0.17 0.18 0.14 0.19 -1 -1 -1 -1
Evo 58.02 -1249990.87 10000002.24 44894.67 3.69 15.67 19.67 667172.99 19504.98 0.01 0.18 0.23 1162 8
Result 1 20.0 1169 0.43 0.16 0.16 0.18 0.19 0.15 0.16 -1 -1 -1 -1
Evo 54.67 -3442623.56 10000001.74 33024.88 0.69 8.67 15.69 894355.00 32064.18 0.01 0.17 0.25 764 10
Result 1 20.0 777 0.46 0.16 0.16 0.17 0.18 0.13 0.19 -1 -1 -1 -1
Evo 55.90 -6103890.48 10000000.89 18780.28 2.67 10.38 14.67 1130986.20 34193.90 0.01 0.22 0.27 1072 4
Result 1 14.0 1093 0.45 0.17 0.16 0.18 0.16 0.14 0.18 -1 -1 -1 -1
Evo 58.10 -2786871.21 10000004.16 31623.46 3.67 14.67 19.67 692232.47 20185.91 0.01 0.22 0.28 779 9
Result 1 20.0 1175 0.41 0.17 0.16 0.18 0.17 0.16 0.15 -1 -1 -1 -1
Evo 55.80 -2343747.65 10000004.50 93013.77 0.69 5.67 11.05 1007323.31 35930.03 0.01 0.19 0.23 767 4
Result 1 20.0 785 0.45 0.15 0.15 0.15 0.21 0.15 0.19 -1 -1 -1 -1
Evo 57.66 -2063489.01 10000004.57 50283.39 0.69 4.65 9.74 814985.35 27241.96 0.01 0.25 0.38 885 4
Result 1 17.0 894 0.45 0.15 0.17 0.16 0.19 0.15 0.18 -1 -1 -1 -1
Evo 54.63 -1627893.17 10000002.05 84372.08 0.69 4.78 13.69 916911.83 31636.46 0.01 0.19 0.24 797 8
Result 1 17.0 839 0.44 0.17 0.17 0.18 0.17 0.14 0.18 -1 -1 -1 -1
Evo 55.53 -3269230.69 10000002.29 90821.95 3.65 11.66 15.69 1007726.92 33241.84 0.01 0.26 0.33 895 7
Result 1 20.0 918 0.43 0.15 0.17 0.17 0.18 0.16 0.17 -1 -1 -1 -1
Evo 57.18 -1764705.70 10000004.35 121976.60 3.75 8.69 15.67 1074395.46 36095.02 0.01 0.27 0.34 849 11
Result 1 20.0 885 0.43 0.17 0.14 0.18 0.18 0.17 0.17 -1 -1 -1 -1
Evo 53.64 -2786886.18 10000001.36 69265.68 1.67 4.67 11.69 925065.03 33272.28 0.01 0.22 0.28 747 13
Result 1 17.0 772 0.47 0.14 0.16 0.17 0.19 0.14 0.20 -1 -1 -1 -1
Evo 54.41 -2000000.53 10000004.53 62506.41 1.74 9.67 14.69 835996.08 30107.66 0.01 0.27 0.33 757 11
Result 1 20.0 770 0.45 0.14 0.16 0.17 0.18 0.16 0.19 -1 -1 -1 -1
Evo 55.19 -3442616.06 10000000.60 66153.31 0.69 5.72 11.69 941177.06 33338.20 0.01 0.33 0.46 783 7
Result 1 20.0 796 0.44 0.14 0.15 0.18 0.19 0.17 0.17 -1 -1 -1 -1
Evo 55.45 -1599999.16 10000004.35 51231.59 1.70 4.87 12.83 738941.75 26786.62 0.01 0.25 0.31 751 11
Result 1 19.0 760 0.45 0.16 0.14 0.17 0.20 0.16 0.18 -1 -1 -1 -1
Evo 56.87 -1999998.73 10000005.15 69251.25 3.67 8.69 16.69 844426.41 27839.91 0.01 0.20 0.25 904 11
Result 1 20.0 919 0.45 0.16 0.15 0.19 0.16 0.15 0.18 -1 -1 -1 -1
Evo 54.90 -3333334.19 10000003.03 111874.69 2.63 4.81 11.67 1085743.11 39203.91 0.01 0.28 0.41 751 0
Result 1 16.0 766 0.46 0.14 0.15 0.18 0.18 0.16 0.19 -1 -1 -1 -1
