Evo 1.00 0.00 1.00 0.01 0.00 0.00 0.00 0.10 0.00 0.07 0.08 0.37 -1 441
Result 0 5.0 466 0.44 0.19 0.18 0.18 0.15 0.15 0.15 -1 -1 -1 -1
Evo 1.00 0.00 1.00 0.97 1.00 1.00 1.00 0.18 0.01 0.16 0.11 0.44 -1 494
Result 0 21.0 672 0.45 0.16 0.18 0.17 0.15 0.17 0.15 -1 -1 -1 -1
Evo 1.00 0.00 1.00 0.95 1.00 1.00 1.00 0.22 0.01 0.22 0.06 0.27 -1 396
Result 0 5.0 416 0.45 0.15 0.18 0.18 0.18 0.15 0.17 -1 -1 -1 -1
Evo 1.00 0.00 1.00 0.99 1.00 1.00 1.00 0.10 0.00 0.06 0.09 0.33 744 473
Result 1 18.0 763 0.42 0.20 0.16 0.16 0.18 0.16 0.14 -1 -1 -1 -1
Evo 1.00 0.00 0.50 0.48 0.50 0.50 0.50 0.10 0.00 0.20 0.07 0.27 -1 454
Result 0 11.0 474 0.40 0.15 0.14 0.20 0.16 0.16 0.20 -1 -1 -1 -1
Evo 1.00 0.50 1.00 0.51 0.50 0.50 0.50 0.08 0.00 0.13 0.10 0.34 816 481
Result 1 26.0 835 0.45 0.13 0.19 0.15 0.17 0.17 0.20 -1 -1 -1 -1
Evo 1.00 0.00 0.50 0.49 0.50 0.50 0.50 0.08 0.00 0.14 0.08 0.35 -1 444
Result 0 11.0 466 0.45 0.15 0.18 0.18 0.17 0.16 0.15 -1 -1 -1 -1
Evo 1.01 0.50 1.00 0.51 0.50 0.50 0.50 0.08 0.00 0.13 0.12 0.32 903 436
Result 1 31.0 929 0.43 0.18 0.17 0.15 0.17 0.16 0.19 -1 -1 -1 -1
Evo 1.00 0.00 0.50 0.48 0.50 0.50 0.50 0.11 0.01 0.21 0.10 0.41 -1 424
Result 0 -9.0 444 0.48 0.15 0.22 0.16 0.20 0.12 0.15 -1 -1 -1 -1
Evo 1.00 0.00 0.50 0.47 0.50 0.50 0.50 0.12 0.01 0.24 0.08 0.39 -1 342
Result 0 1.0 362 0.44 0.18 0.18 0.18 0.17 0.13 0.16 -1 -1 -1 -1
Evo 1.00 0.50 1.00 0.52 0.50 0.50 0.50 0.09 0.00 0.17 0.09 0.35 584 -1
Result 1 31.0 604 0.41 0.18 0.15 0.16 0.17 0.16 0.18 -1 -1 -1 -1
Evo 1.03 0.00 0.50 0.50 0.50 0.50 0.50 0.02 0.00 0.02 0.06 0.31 -1 434
Result 0 1.0 460 0.41 0.17 0.15 0.14 0.17 0.18 0.19 -1 -1 -1 -1
Evo 1.00 0.00 0.50 0.48 0.50 0.50 0.50 0.09 0.00 0.18 0.07 0.36 -1 366
Result 0 19.0 592 0.44 0.16 0.17 0.15 0.17 0.15 0.20 -1 -1 -1 -1
Evo 1.00 0.00 0.50 0.48 0.50 0.50 0.50 0.11 0.01 0.21 0.05 0.35 -1 412
Result 0 1.0 432 0.46 0.17 0.19 0.16 0.14 0.18 0.15 -1 -1 -1 -1
Evo 1.00 0.50 1.00 0.51 0.50 0.50 0.50 0.08 0.00 0.14 0.10 0.34 671 412
Result 1 25.0 688 0.45 0.17 0.18 0.15 0.19 0.16 0.14 -1 -1 -1 -1
Evo 1.00 0.00 0.50 0.47 0.50 0.50 0.50 0.11 0.01 0.22 0.06 0.31 -1 380
Result 0 7.0 400 0.43 0.19 0.16 0.14 0.17 0.13 0.20 -1 -1 -1 -1
Evo 1.00 0.00 0.50 0.48 0.50 0.50 0.50 0.09 0.00 0.15 0.09 0.27 -1 316
Result 0 11.0 686 0.42 0.16 0.16 0.18 0.16 0.16 0.18 -1 -1 -1 -1
Evo 1.00 0.00 0.50 0.49 0.50 0.50 0.50 0.08 0.00 0.13 0.09 0.37 -1 454
Result 0 9.0 477 0.42 0.15 0.16 0.18 0.16 0.17 0.17 -1 -1 -1 -1
Evo 1.00 0.00 0.50 0.48 0.50 0.50 0.50 0.11 0.01 0.21 0.07 0.30 -1 416
Result 0 -7.0 436 0.43 0.18 0.17 0.17 0.17 0.12 0.19 -1 -1 -1 -1
Evo 1.00 0.00 0.50 0.49 0.50 0.50 0.50 0.08 0.00 0.15 0.11 0.33 -1 461
Result 0 11.0 707 0.41 0.15 0.15 0.19 0.17 0.16 0.17 -1 -1 -1 -1
Evo 1.00 0.00 0.50 0.49 0.50 0.50 0.50 0.07 0.00 0.12 0.10 0.27 -1 597
Result 0 11.0 938 0.40 0.16 0.14 0.15 0.18 0.18 0.19 -1 -1 -1 -1
Evo 1.00 0.50 0.50 0.50 0.50 0.50 0.50 0.00 0.00 0.00 0.06 0.27 -1 398
Result 0 -3.0 458 0.44 0.19 0.18 0.15 0.17 0.14 0.18 -1 -1 -1 -1
Evo 1.00 0.00 0.50 0.49 0.50 0.50 0.50 0.05 0.00 0.07 0.22 0.37 -1 616
Result 0 22.0 2000 0.42 0.18 0.16 0.17 0.18 0.17 0.14 -1 -1 -1 -1
Evo 1.01 0.50 1.00 0.51 0.50 0.50 0.50 0.07 0.00 0.12 0.16 0.38 1072 774
Result 1 26.0 1098 0.44 0.18 0.18 0.16 0.17 0.16 0.15 -1 -1 -1 -1
Evo 1.00 0.50 1.00 0.52 0.50 0.50 0.50 0.09 0.00 0.18 0.12 0.36 771 -1
Result 1 30.0 801 0.42 0.18 0.16 0.17 0.17 0.15 0.17 -1 -1 -1 -1
Evo 1.01 0.50 1.00 0.51 0.50 0.50 0.50 0.08 0.00 0.15 0.08 0.32 662 600
Result 1 26.0 686 0.44 0.16 0.17 0.16 0.18 0.16 0.16 -1 -1 -1 -1
Evo 1.00 0.50 1.00 0.51 0.50 0.50 0.50 0.06 0.00 0.08 0.18 0.44 1260 628
Result 1 31.0 1277 0.44 0.18 0.18 0.16 0.17 0.15 0.16 -1 -1 -1 -1
Evo 1.00 0.00 1.00 0.51 0.50 0.50 0.50 0.08 0.00 0.14 0.11 0.37 762 757
Result 1 26.0 782 0.43 0.17 0.17 0.16 0.17 0.16 0.16 -1 -1 -1 -1
Evo 1.00 0.00 0.50 0.48 0.50 0.50 0.50 0.09 0.00 0.17 0.06 0.24 -1 552
Result 0 9.0 572 0.42 0.15 0.16 0.15 0.16 0.18 0.19 -1 -1 -1 -1
Evo 1.00 0.50 1.00 0.51 0.50 0.50 0.50 0.06 0.00 0.09 0.12 0.37 1062 623
Result 1 30.0 1077 0.45 0.18 0.19 0.16 0.14 0.16 0.18 -1 -1 -1 -1
Evo 1.00 0.00 0.50 0.49 0.50 0.50 0.50 0.05 0.00 0.07 0.20 0.43 -1 563
Result 0 15.0 2000 0.42 0.16 0.16 0.17 0.17 0.18 0.16 -1 -1 -1 -1
Evo 1.00 0.00 0.50 0.48 0.50 0.50 0.50 0.09 0.00 0.16 0.14 0.34 -1 729
Result 0 23.0 868 0.43 0.17 0.17 0.16 0.17 0.16 0.17 -1 -1 -1 -1
Evo 1.00 0.50 1.00 0.51 0.50 0.50 0.50 0.06 0.00 0.10 0.14 0.33 1130 -1
Result 1 30.0 1148 0.45 0.16 0.18 0.15 0.17 0.18 0.16 -1 -1 -1 -1
Evo 1.00 0.00 0.50 0.48 0.50 0.50 0.50 0.09 0.00 0.16 0.08 0.23 -1 648
Result 0 -9.0 668 0.44 0.18 0.18 0.14 0.18 0.15 0.18 -1 -1 -1 -1
Evo 1.00 0.00 0.50 0.48 0.50 0.50 0.50 0.09 0.00 0.17 0.09 0.28 -1 566
Result 0 3.0 586 0.46 0.19 0.19 0.18 0.15 0.14 0.16 -1 -1 -1 -1
Evo 1.00 0.00 1.00 0.51 0.50 0.50 0.50 0.06 0.00 0.09 0.13 0.38 1308 612
Result 1 31.0 1328 0.43 0.17 0.16 0.17 0.16 0.16 0.18 -1 -1 -1 -1
Evo 1.00 0.00 0.50 0.49 0.50 0.50 0.50 0.05 0.00 0.07 0.15 0.33 -1 603
Result 0 29.0 2000 0.42 0.18 0.16 0.16 0.16 0.17 0.16 -1 -1 -1 -1
Evo 1.00 0.00 0.50 0.48 0.50 0.50 0.50 0.09 0.00 0.18 0.10 0.36 -1 549
Result 0 -3.0 569 0.43 0.16 0.17 0.18 0.15 0.15 0.19 -1 -1 -1 -1
Evo 1.00 0.00 0.50 0.49 0.50 0.50 0.50 0.08 0.00 0.15 0.12 0.35 -1 704
Result 0 11.0 724 0.44 0.17 0.17 0.20 0.16 0.17 0.14 -1 -1 -1 -1
Evo 1.00 0.00 0.50 0.49 0.50 0.50 0.50 0.05 0.00 0.07 0.19 0.43 -1 486
Result 0 15.0 2000 0.42 0.18 0.16 0.17 0.17 0.17 0.15 -1 -1 -1 -1
Evo 1.00 0.00 0.50 0.48 0.50 0.50 0.50 0.10 0.00 0.19 0.11 0.45 -1 495
Result 0 17.0 515 0.41 0.18 0.15 0.16 0.17 0.17 0.17 -1 -1 -1 -1
Evo 1.00 0.00 0.50 0.48 0.50 0.50 0.50 0.10 0.00 0.18 0.08 0.32 -1 516
Result 0 9.0 536 0.44 0.15 0.18 0.19 0.16 0.17 0.16 -1 -1 -1 -1
Evo 1.01 0.50 1.00 0.51 0.50 0.50 0.50 0.07 0.00 0.10 0.09 0.32 676 441
Result 1 30.0 688 0.42 0.17 0.16 0.17 0.15 0.18 0.16 -1 -1 -1 -1
Evo 1.01 0.00 0.50 0.48 0.50 0.50 0.50 0.11 0.00 0.21 0.09 0.37 -1 324
Result 0 7.0 462 0.43 0.15 0.16 0.16 0.19 0.17 0.17 -1 -1 -1 -1
Evo 1.00 0.00 0.50 0.48 0.50 0.50 0.50 0.09 0.00 0.16 0.10 0.40 -1 613
Result 0 17.0 633 0.42 0.14 0.15 0.18 0.15 0.18 0.18 -1 -1 -1 -1
Evo 1.01 0.00 0.50 0.48 0.50 0.50 0.50 0.10 0.00 0.19 0.06 0.24 -1 440
Result 0 9.0 550 0.44 0.17 0.17 0.15 0.15 0.19 0.16 -1 -1 -1 -1
Evo 1.00 0.00 0.50 0.47 0.50 0.50 0.50 0.11 0.01 0.22 0.09 0.35 -1 398
Result 0 3.0 418 0.43 0.18 0.16 0.12 0.19 0.17 0.17 -1 -1 -1 -1
Evo 1.00 0.00 0.50 0.48 0.50 0.50 0.50 0.09 0.00 0.17 0.10 0.48 -1 579
Result 0 13.0 599 0.43 0.14 0.17 0.18 0.17 0.17 0.17 -1 -1 -1 -1
Evo 1.00 0.00 0.50 0.48 0.50 0.50 0.50 0.11 0.01 0.21 0.09 0.33 -1 408
Result 0 11.0 447 0.45 0.17 0.19 0.17 0.17 0.16 0.14 -1 -1 -1 -1
Evo 1.00 0.00 0.50 0.48 0.50 0.50 0.50 0.11 0.01 0.21 0.07 0.34 -1 407
Result 0 5.0 427 0.42 0.19 0.16 0.17 0.16 0.16 0.17 -1 -1 -1 -1
Evo 1.00 0.00 0.50 0.48 0.50 0.50 0.50 0.11 0.01 0.21 0.07 0.34 -1 426
Result 0 3.0 446 0.40 0.19 0.14 0.15 0.17 0.17 0.19 -1 -1 -1 -1
Evo 1.01 0.50 1.00 0.51 0.50 0.50 0.50 0.05 0.00 0.07 0.09 0.27 773 409
Result 1 22.0 781 0.43 0.15 0.17 0.16 0.15 0.20 0.16 -1 -1 -1 -1
Evo 1.00 0.00 0.50 0.48 0.50 0.50 0.50 0.10 0.00 0.19 0.08 0.36 -1 495
Result 0 19.0 515 0.43 0.14 0.16 0.17 0.17 0.20 0.16 -1 -1 -1 -1
Evo 1.00 0.00 0.50 0.48 0.50 0.50 0.50 0.11 0.01 0.21 0.08 0.42 -1 411
Result 0 7.0 431 0.39 0.17 0.14 0.20 0.15 0.18 0.16 -1 -1 -1 -1
Evo 1.00 0.50 1.00 0.51 0.50 0.50 0.50 0.07 0.00 0.11 0.11 0.38 675 569
Result 1 16.0 688 0.43 0.17 0.17 0.18 0.14 0.18 0.17 -1 -1 -1 -1
Evo 1.00 0.50 1.00 0.51 0.50 0.50 0.50 0.08 0.00 0.15 0.13 0.45 658 -1
Result 1 18.0 677 0.42 0.18 0.16 0.19 0.15 0.16 0.16 -1 -1 -1 -1
Evo 1.00 0.00 0.50 0.49 0.50 0.50 0.50 0.08 0.00 0.13 0.09 0.42 -1 441
Result 0 9.0 463 0.40 0.17 0.14 0.19 0.16 0.18 0.16 -1 -1 -1 -1
Evo 1.01 0.50 1.00 0.51 0.50 0.50 0.50 0.08 0.00 0.13 0.16 0.48 833 625
Result 1 30.0 853 0.41 0.16 0.15 0.16 0.17 0.17 0.19 -1 -1 -1 -1
Evo 1.00 0.00 0.50 0.48 0.50 0.50 0.50 0.09 0.00 0.17 0.09 0.37 -1 470
Result 0 19.0 595 0.42 0.17 0.16 0.17 0.17 0.16 0.17 -1 -1 -1 -1
Evo 1.00 0.00 0.50 0.49 0.50 0.50 0.50 0.06 0.00 0.08 0.09 0.41 -1 414
Result 0 11.0 446 0.43 0.16 0.16 0.16 0.17 0.17 0.18 -1 -1 -1 -1
Evo 1.01 0.00 0.50 0.48 0.50 0.50 0.50 0.10 0.00 0.19 0.09 0.35 -1 396
Result 0 3.0 519 0.46 0.14 0.19 0.17 0.15 0.19 0.16 -1 -1 -1 -1
Evo 1.00 0.00 0.50 0.49 0.50 0.50 0.50 0.05 0.00 0.07 0.18 0.45 -1 424
Result 0 35.0 2000 0.42 0.18 0.16 0.16 0.17 0.17 0.17 -1 -1 -1 -1
Evo 1.01 0.50 1.00 0.51 0.50 0.50 0.50 0.07 0.00 0.11 0.13 0.29 1009 383
Result 1 37.0 1029 0.42 0.19 0.15 0.16 0.17 0.18 0.16 -1 -1 -1 -1
Evo 1.01 0.50 1.00 0.51 0.50 0.50 0.50 0.08 0.00 0.15 0.16 0.39 855 488
Result 1 28.0 1344 0.42 0.15 0.15 0.18 0.17 0.18 0.17 -1 -1 -1 -1
Evo 1.00 0.50 1.00 0.51 0.50 0.50 0.50 0.07 0.00 0.12 0.07 0.28 696 -1
Result 1 29.0 718 0.40 0.17 0.14 0.18 0.19 0.17 0.14 -1 -1 -1 -1
Evo 1.00 0.00 0.50 0.48 0.50 0.50 0.50 0.09 0.00 0.17 0.08 0.30 -1 323
Result 0 17.0 583 0.42 0.16 0.16 0.16 0.16 0.16 0.19 -1 -1 -1 -1
Evo 1.00 0.50 1.00 0.51 0.50 0.50 0.50 0.07 0.00 0.11 0.13 0.37 1025 421
Result 1 26.0 1044 0.43 0.18 0.16 0.16 0.17 0.16 0.17 -1 -1 -1 -1
Evo 1.00 0.00 0.50 0.48 0.50 0.50 0.50 0.11 0.01 0.21 0.08 0.27 -1 417
Result 0 5.0 437 0.43 0.19 0.16 0.19 0.16 0.14 0.15 -1 -1 -1 -1
Evo 1.00 0.50 1.00 0.51 0.50 0.50 0.50 0.06 0.00 0.08 0.17 0.40 1226 -1
Result 1 33.0 1241 0.43 0.16 0.16 0.17 0.16 0.17 0.18 -1 -1 -1 -1
Evo 1.00 0.50 1.00 0.52 0.50 0.50 0.50 0.09 0.00 0.15 0.09 0.35 656 438
Result 1 40.0 685 0.42 0.16 0.16 0.15 0.16 0.17 0.20 -1 -1 -1 -1
Evo 1.00 0.50 1.00 0.51 0.50 0.50 0.50 0.07 0.00 0.11 0.15 0.39 957 422
Result 1 24.0 977 0.42 0.17 0.15 0.17 0.17 0.17 0.16 -1 -1 -1 -1
Evo 1.00 0.00 0.50 0.48 0.50 0.50 0.50 0.09 0.00 0.17 0.11 0.37 -1 445
Result 0 19.0 640 0.43 0.19 0.16 0.16 0.18 0.16 0.16 -1 -1 -1 -1
Evo 1.00 0.50 1.00 0.52 0.50 0.50 0.50 0.10 0.00 0.20 0.13 0.39 806 519
Result 1 27.0 843 0.45 0.18 0.18 0.16 0.17 0.15 0.17 -1 -1 -1 -1
Evo 1.00 0.00 0.50 0.49 0.50 0.50 0.50 0.08 0.00 0.15 0.09 0.33 -1 648
Result 0 29.0 721 0.42 0.15 0.16 0.16 0.17 0.17 0.18 -1 -1 -1 -1
Evo 1.00 0.00 0.50 0.48 0.50 0.50 0.50 0.10 0.00 0.18 0.08 0.25 -1 509
Result 0 5.0 529 0.44 0.19 0.17 0.15 0.15 0.18 0.16 -1 -1 -1 -1
Evo 1.00 0.00 0.50 0.47 0.50 0.50 0.50 0.11 0.01 0.23 0.03 0.14 -1 370
Result 0 -5.0 390 0.38 0.17 0.13 0.16 0.17 0.17 0.20 -1 -1 -1 -1
Evo 1.00 0.00 0.50 0.48 0.50 0.50 0.50 0.11 0.01 0.22 0.06 0.29 -1 399
Result 0 5.0 419 0.43 0.18 0.17 0.15 0.17 0.18 0.16 -1 -1 -1 -1
Evo 1.00 0.50 1.00 0.51 0.50 0.50 0.50 0.08 0.00 0.15 0.09 0.30 597 552
Result 1 36.0 614 0.43 0.20 0.17 0.15 0.15 0.15 0.18 -1 -1 -1 -1
Evo 1.03 0.00 1.00 0.54 0.50 0.50 0.50 0.14 0.00 0.30 0.18 0.41 1308 381
Result 1 41.0 1653 0.44 0.20 0.17 0.16 0.14 0.15 0.17 -1 -1 -1 -1
Evo 1.00 0.00 0.50 0.49 0.50 0.50 0.50 0.06 0.00 0.08 0.19 0.44 -1 302
Result 0 29.0 2000 0.44 0.18 0.17 0.15 0.16 0.17 0.17 -1 -1 -1 -1
Evo 1.00 0.00 0.50 0.46 0.50 0.50 0.50 0.13 0.01 0.27 0.04 0.27 -1 239
Result 0 -2.0 266 0.45 0.15 0.18 0.17 0.20 0.17 0.13 -1 -1 -1 -1
Evo 1.00 0.00 0.50 0.48 0.50 0.50 0.50 0.10 0.00 0.18 0.08 0.29 -1 270
Result 0 18.0 557 0.41 0.18 0.15 0.17 0.16 0.18 0.15 -1 -1 -1 -1
Evo 1.01 0.00 1.00 0.51 0.50 0.50 0.50 0.08 0.00 0.12 0.13 0.38 1034 294
Result 1 43.0 1067 0.42 0.17 0.16 0.16 0.16 0.18 0.17 -1 -1 -1 -1
Evo 1.01 0.50 1.00 0.51 0.50 0.50 0.50 0.07 0.00 0.11 0.11 0.38 1137 330
Result 1 48.0 1158 0.44 0.16 0.17 0.18 0.16 0.18 0.16 -1 -1 -1 -1
Evo 1.00 0.00 0.50 0.48 0.50 0.50 0.50 0.10 0.00 0.19 0.10 0.40 -1 383
Result 0 30.0 524 0.44 0.17 0.17 0.14 0.16 0.18 0.17 -1 -1 -1 -1
Evo 1.06 0.00 0.50 0.50 0.50 0.50 0.50 0.03 0.00 0.02 0.05 0.29 -1 372
Result 0 22.0 393 0.42 0.20 0.16 0.16 0.15 0.17 0.15 -1 -1 -1 -1
Evo 1.00 0.00 0.50 0.47 0.50 0.50 0.50 0.13 0.01 0.26 0.04 0.22 -1 258
Result 0 -12.0 308 0.48 0.17 0.21 0.17 0.14 0.12 0.19 -1 -1 -1 -1
Evo 1.00 0.50 0.50 0.50 0.50 0.50 0.50 0.00 0.00 0.00 0.07 0.34 -1 219
Result 0 -4.0 277 0.45 0.17 0.18 0.19 0.14 0.18 0.13 -1 -1 -1 -1
Evo 1.01 0.00 1.00 0.51 0.50 0.50 0.50 0.10 0.00 0.15 0.10 0.35 636 302
Result 1 43.0 654 0.43 0.15 0.17 0.16 0.21 0.15 0.16 -1 -1 -1 -1
Evo 1.00 0.50 1.00 0.51 0.50 0.50 0.50 0.06 0.00 0.10 0.18 0.48 1094 370
Result 1 40.0 1119 0.43 0.16 0.17 0.17 0.16 0.17 0.18 -1 -1 -1 -1
Evo 1.00 0.50 1.00 0.51 0.50 0.50 0.50 0.07 0.00 0.12 0.12 0.44 925 551
Result 1 49.0 944 0.44 0.17 0.17 0.15 0.16 0.17 0.17 -1 -1 -1 -1
Evo 1.00 0.50 0.50 0.50 0.50 0.50 0.50 0.00 0.00 0.00 0.05 0.30 -1 232
Result 0 12.0 343 0.45 0.15 0.18 0.16 0.16 0.19 0.16 -1 -1 -1 -1
Evo 1.01 0.50 1.00 0.52 0.50 0.50 0.50 0.09 0.00 0.15 0.10 0.37 604 266
Result 1 35.0 628 0.44 0.16 0.17 0.16 0.16 0.16 0.18 -1 -1 -1 -1
Evo 1.00 0.00 0.50 0.49 0.50 0.50 0.50 0.06 0.00 0.09 0.14 0.30 -1 258
Result 0 41.0 2000 0.44 0.18 0.17 0.17 0.16 0.15 0.17 -1 -1 -1 -1
Evo 1.00 0.00 1.00 0.50 0.50 0.50 0.50 0.07 0.00 0.09 0.12 0.32 1201 286
Result 1 47.0 1220 0.43 0.16 0.17 0.17 0.17 0.16 0.17 -1 -1 -1 -1
Evo 1.00 0.00 0.50 0.49 0.50 0.50 0.50 0.05 0.00 0.07 0.26 0.50 -1 385
Result 0 47.0 2000 0.43 0.16 0.17 0.17 0.17 0.17 0.16 -1 -1 -1 -1
Evo 1.00 0.00 1.00 0.51 0.50 0.50 0.50 0.06 0.00 0.08 0.13 0.40 1205 426
Result 1 56.0 1219 0.44 0.18 0.17 0.15 0.16 0.15 0.18 -1 -1 -1 -1
Evo 1.00 0.00 0.50 0.47 0.50 0.50 0.50 0.12 0.01 0.26 0.05 0.26 -1 302
Result 0 2.0 322 0.44 0.15 0.18 0.16 0.16 0.19 0.16 -1 -1 -1 -1
Evo 1.00 0.50 1.00 0.51 0.50 0.50 0.50 0.06 0.00 0.09 0.14 0.44 804 260
Result 1 48.0 815 0.42 0.17 0.15 0.17 0.15 0.19 0.18 -1 -1 -1 -1
Evo 1.00 0.00 1.00 0.50 0.50 0.50 0.50 0.07 0.00 0.06 0.20 0.47 1717 214
Result 1 49.0 1743 0.43 0.17 0.16 0.17 0.18 0.17 0.16 -1 -1 -1 -1
