Evo 1.00 0.00 1.00 0.96 1.00 1.00 1.00 0.20 0.01 0.06 0.29 0.83 -1 9
Result 0 27.0 728 0.44 0.15 0.17 0.16 0.16 0.19 0.18 -1 -1 -1 -1
Evo 1.00 0.00 1.00 0.95 1.00 1.00 1.00 0.21 0.01 0.21 0.14 0.59 -1 13
Result 0 15.0 442 0.45 0.19 0.15 0.15 0.15 0.18 0.18 -1 -1 -1 -1
Evo 1.00 1.00 1.00 1.00 1.00 1.00 1.00 0.00 0.00 0.00 0.31 0.92 980 9
Result 1 24.0 1000 0.43 0.17 0.15 0.19 0.15 0.16 0.17 -1 -1 -1 -1
Evo 1.00 0.00 0.50 0.48 0.50 0.50 0.50 0.11 0.01 0.21 0.19 0.78 -1 15
Result 0 8.0 442 0.44 0.16 0.16 0.17 0.18 0.16 0.18 -1 -1 -1 -1
Evo 1.00 0.00 0.50 0.48 0.50 0.50 0.50 0.11 0.01 0.21 0.15 0.50 -1 2
Result 0 8.0 442 0.43 0.19 0.14 0.16 0.16 0.19 0.16 -1 -1 -1 -1
Evo 1.00 0.50 1.00 0.51 0.50 0.50 0.50 0.07 0.00 0.12 0.32 0.96 980 13
Result 1 1027.0 1000 0.42 0.18 0.18 0.16 0.15 0.17 0.15 -1 -1 -1 -1
Evo 1.00 0.00 0.50 0.48 0.50 0.50 0.50 0.11 0.01 0.21 0.16 0.71 -1 13
Result 0 15.0 442 0.44 0.16 0.14 0.17 0.18 0.19 0.15 -1 -1 -1 -1
Evo 1.00 0.50 1.00 0.51 0.50 0.50 0.50 0.07 0.00 0.12 0.37 0.95 980 14
Result 1 2011.0 1000 0.44 0.16 0.16 0.17 0.17 0.16 0.17 -1 -1 -1 -1
Evo 1.00 0.00 0.50 0.48 0.50 0.50 0.50 0.11 0.01 0.21 0.18 0.59 -1 3
Result 0 15.0 442 0.45 0.17 0.13 0.19 0.15 0.17 0.20 -1 -1 -1 -1
Evo 1.00 0.50 1.00 0.51 0.50 0.50 0.50 0.07 0.00 0.12 0.31 0.84 980 14
Result 1 2008.0 1000 0.45 0.16 0.16 0.18 0.15 0.19 0.16 -1 -1 -1 -1
Evo 1.00 0.50 1.00 0.51 0.50 0.50 0.50 0.07 0.00 0.12 0.20 0.60 980 12
Result 1 17.0 1000 0.44 0.16 0.20 0.15 0.15 0.16 0.17 -1 -1 -1 -1
Evo 1.00 0.50 1.00 0.51 0.50 0.50 0.50 0.07 0.00 0.12 0.21 0.83 980 0
Result 1 21.0 1000 0.44 0.17 0.18 0.17 0.15 0.16 0.17 -1 -1 -1 -1
Evo 1.00 0.00 0.50 0.48 0.50 0.50 0.50 0.09 0.00 0.17 0.24 0.78 -1 1
Result 0 8.0 598 0.44 0.19 0.14 0.18 0.16 0.18 0.16 -1 -1 -1 -1
Evo 1.00 0.50 1.00 0.51 0.50 0.50 0.50 0.07 0.00 0.12 0.28 0.76 980 6
Result 1 1022.0 1000 0.43 0.16 0.15 0.16 0.15 0.18 0.20 -1 -1 -1 -1
Evo 1.00 0.00 0.50 0.48 0.50 0.50 0.50 0.11 0.01 0.21 0.15 0.58 -1 2
Result 0 8.0 442 0.44 0.16 0.14 0.18 0.20 0.16 0.17 -1 -1 -1 -1
Evo 1.00 0.00 0.50 0.48 0.50 0.50 0.50 0.10 0.00 0.18 0.15 0.56 -1 2
Result 0 13.0 546 0.41 0.15 0.15 0.15 0.17 0.18 0.20 -1 -1 -1 -1
Evo 1.00 0.50 1.00 0.51 0.50 0.50 0.50 0.07 0.00 0.12 0.30 0.72 980 0
Result 1 20.0 1000 0.44 0.19 0.15 0.17 0.16 0.17 0.16 -1 -1 -1 -1
Evo 1.00 0.00 0.50 0.48 0.50 0.50 0.50 0.11 0.01 0.21 0.21 0.87 -1 2
Result 0 8.0 442 0.47 0.17 0.13 0.20 0.16 0.18 0.15 -1 -1 -1 -1
Evo 1.00 0.00 0.50 0.48 0.50 0.50 0.50 0.11 0.01 0.21 0.18 0.70 -1 19
Result 0 7.0 442 0.43 0.22 0.15 0.17 0.15 0.14 0.16 -1 -1 -1 -1
Evo 1.00 0.50 1.00 0.51 0.50 0.50 0.50 0.07 0.00 0.12 0.38 0.86 980 21
Result 1 23.0 1000 0.42 0.14 0.18 0.16 0.16 0.17 0.19 -1 -1 -1 -1
Evo 1.00 0.00 0.50 0.48 0.50 0.50 0.50 0.11 0.01 0.21 0.23 0.85 -1 69
Result 0 12.0 442 0.47 0.17 0.16 0.20 0.19 0.12 0.16 -1 -1 -1 -1
Evo 1.00 0.50 1.00 0.51 0.50 0.50 0.50 0.07 0.00 0.12 0.24 0.59 980 90
Result 1 1030.0 1000 0.42 0.17 0.19 0.15 0.17 0.16 0.16 -1 -1 -1 -1
Evo 1.00 0.00 0.50 0.48 0.50 0.50 0.50 0.11 0.01 0.21 0.17 0.77 -1 41
Result 0 15.0 442 0.45 0.18 0.16 0.18 0.15 0.16 0.17 -1 -1 -1 -1
Evo 1.00 0.00 0.50 0.49 0.50 0.50 0.50 0.08 0.00 0.14 0.28 0.76 -1 32
Result 0 27.0 780 0.43 0.16 0.17 0.17 0.16 0.17 0.17 -1 -1 -1 -1
Evo 1.00 0.00 1.00 0.51 0.50 0.50 0.50 0.09 0.00 0.12 0.30 0.90 980 94
Result 1 25.0 1000 0.45 0.17 0.18 0.17 0.15 0.16 0.18 -1 -1 -1 -1
Evo 1.00 0.00 0.50 0.48 0.50 0.50 0.50 0.09 0.00 0.17 0.21 0.61 -1 59
Result 0 21.0 598 0.40 0.19 0.15 0.17 0.17 0.17 0.15 -1 -1 -1 -1
Evo 1.00 0.00 1.00 0.51 0.50 0.50 0.50 0.08 0.00 0.12 0.41 0.87 980 60
Result 1 1031.0 1000 0.40 0.17 0.18 0.17 0.15 0.18 0.14 -1 -1 -1 -1
Evo 1.00 0.00 0.50 0.48 0.50 0.50 0.50 0.11 0.01 0.21 0.18 0.58 -1 60
Result 0 11.0 442 0.44 0.17 0.16 0.13 0.18 0.18 0.18 -1 -1 -1 -1
Evo 1.00 0.00 0.50 0.48 0.50 0.50 0.50 0.11 0.01 0.21 0.11 0.59 -1 66
Result 0 6.0 442 0.45 0.16 0.14 0.18 0.18 0.17 0.16 -1 -1 -1 -1
Evo 1.00 0.50 1.00 0.51 0.50 0.50 0.50 0.07 0.00 0.12 0.35 0.85 980 32
Result 1 36.0 1000 0.45 0.15 0.15 0.19 0.15 0.17 0.19 -1 -1 -1 -1
Evo 1.00 0.50 1.00 0.51 0.50 0.50 0.50 0.07 0.00 0.12 0.19 0.58 980 70
Result 1 1029.0 1000 0.47 0.18 0.16 0.15 0.13 0.17 0.20 -1 -1 -1 -1
Evo 1.00 0.50 1.00 0.51 0.50 0.50 0.50 0.07 0.00 0.12 0.46 1.00 980 92
Result 1 17.0 1000 0.44 0.18 0.17 0.18 0.16 0.16 0.15 -1 -1 -1 -1
Evo 1.00 0.50 1.00 0.51 0.50 0.50 0.50 0.07 0.00 0.12 0.33 0.81 980 46
Result 1 27.0 1000 0.43 0.17 0.16 0.17 0.17 0.16 0.16 -1 -1 -1 -1
Evo 1.00 0.00 0.50 0.48 0.50 0.50 0.50 0.11 0.01 0.21 0.18 0.80 -1 80
Result 0 5.0 442 0.46 0.15 0.16 0.19 0.19 0.16 0.15 -1 -1 -1 -1
Evo 1.00 0.00 0.50 0.48 0.50 0.50 0.50 0.11 0.01 0.21 0.13 0.58 -1 79
Result 0 13.0 442 0.43 0.17 0.15 0.16 0.17 0.17 0.18 -1 -1 -1 -1
Evo 1.00 0.00 0.50 0.48 0.50 0.50 0.50 0.11 0.01 0.21 0.15 0.63 -1 58
Result 0 11.0 442 0.43 0.19 0.13 0.18 0.16 0.17 0.17 -1 -1 -1 -1
Evo 1.00 0.00 0.50 0.49 0.50 0.50 0.50 0.08 0.00 0.14 0.38 0.91 -1 80
Result 0 20.0 806 0.44 0.17 0.16 0.17 0.17 0.15 0.18 -1 -1 -1 -1
Evo 1.00 0.00 0.50 0.48 0.50 0.50 0.50 0.11 0.01 0.21 0.18 0.60 -1 54
Result 0 13.0 442 0.43 0.17 0.15 0.16 0.19 0.17 0.16 -1 -1 -1 -1
Evo 1.00 0.00 0.50 0.48 0.50 0.50 0.50 0.11 0.01 0.21 0.17 0.76 -1 55
Result 0 10.0 442 0.43 0.18 0.15 0.18 0.16 0.16 0.17 -1 -1 -1 -1
Evo 1.00 0.00 0.50 0.49 0.50 0.50 0.50 0.08 0.00 0.14 0.33 0.94 -1 63
Result 0 19.0 780 0.44 0.20 0.15 0.15 0.16 0.16 0.18 -1 -1 -1 -1
Evo 1.00 0.50 1.00 0.51 0.50 0.50 0.50 0.07 0.00 0.12 0.42 0.95 980 12
Result 1 3009.0 1000 0.42 0.16 0.17 0.16 0.15 0.19 0.16 -1 -1 -1 -1
Evo 1.00 0.50 1.00 0.51 0.50 0.50 0.50 0.07 0.00 0.12 0.32 0.81 980 26
Result 1 2011.0 1000 0.45 0.16 0.18 0.17 0.16 0.15 0.18 -1 -1 -1 -1
Evo 1.00 0.50 1.00 0.51 0.50 0.50 0.50 0.07 0.00 0.12 0.30 0.83 980 18
Result 1 2004.0 1000 0.44 0.16 0.17 0.18 0.14 0.19 0.17 -1 -1 -1 -1
Evo 1.00 0.50 1.00 0.51 0.50 0.50 0.50 0.07 0.00 0.12 0.17 0.61 980 35
Result 1 2013.0 1000 0.43 0.16 0.19 0.16 0.15 0.17 0.17 -1 -1 -1 -1
Evo 1.00 0.50 1.00 0.51 0.50 0.50 0.50 0.07 0.00 0.12 0.31 0.89 980 17
Result 1 3016.0 1000 0.44 0.17 0.17 0.18 0.14 0.17 0.17 -1 -1 -1 -1
Evo 1.00 0.00 1.00 0.51 0.50 0.50 0.50 0.08 0.00 0.12 0.33 0.85 980 33
Result 1 2012.0 1000 0.43 0.19 0.17 0.17 0.16 0.15 0.17 -1 -1 -1 -1
Evo 1.00 0.00 0.50 0.48 0.50 0.50 0.50 0.09 0.00 0.16 0.25 0.78 -1 15
Result 0 8.0 624 0.44 0.16 0.16 0.17 0.18 0.15 0.18 -1 -1 -1 -1
Evo 1.00 0.50 1.00 0.51 0.50 0.50 0.50 0.07 0.00 0.12 0.21 0.65 980 8
Result 1 1012.0 1000 0.44 0.17 0.19 0.15 0.15 0.17 0.17 -1 -1 -1 -1
Evo 1.00 0.00 0.50 0.48 0.50 0.50 0.50 0.09 0.00 0.16 0.27 0.69 -1 15
Result 0 14.0 650 0.43 0.17 0.18 0.18 0.17 0.14 0.17 -1 -1 -1 -1
Evo 1.00 0.50 1.00 0.51 0.50 0.50 0.50 0.07 0.00 0.12 0.33 0.82 980 29
Result 1 13.0 1000 0.43 0.15 0.17 0.17 0.15 0.19 0.18 -1 -1 -1 -1
Evo 1.00 0.00 0.50 0.48 0.50 0.50 0.50 0.11 0.01 0.21 0.13 0.66 -1 14
Result 0 3.0 442 0.42 0.14 0.14 0.15 0.22 0.20 0.15 -1 -1 -1 -1
Evo 1.00 0.50 1.00 0.51 0.50 0.50 0.50 0.07 0.00 0.12 0.26 0.70 980 17
Result 1 1006.0 1000 0.43 0.16 0.18 0.17 0.17 0.15 0.17 -1 -1 -1 -1
Evo 1.00 0.50 1.00 0.51 0.50 0.50 0.50 0.07 0.00 0.12 0.39 0.91 980 68
Result 1 2010.0 1000 0.42 0.19 0.16 0.19 0.14 0.17 0.15 -1 -1 -1 -1
Evo 1.00 0.50 1.00 0.51 0.50 0.50 0.50 0.07 0.00 0.12 0.30 0.78 980 19
Result 1 2018.0 1000 0.43 0.17 0.19 0.17 0.15 0.18 0.15 -1 -1 -1 -1
Evo 1.00 0.00 0.50 0.49 0.50 0.50 0.50 0.08 0.00 0.14 0.20 0.67 -1 58
Result 0 10.0 754 0.43 0.17 0.15 0.16 0.16 0.18 0.18 -1 -1 -1 -1
Evo 1.00 0.50 1.00 0.51 0.50 0.50 0.50 0.07 0.00 0.12 0.33 0.96 980 94
Result 1 1013.0 1000 0.43 0.16 0.16 0.16 0.17 0.17 0.17 -1 -1 -1 -1
Evo 1.00 0.50 1.00 0.51 0.50 0.50 0.50 0.07 0.00 0.12 0.32 0.87 980 16
Result 1 3013.0 1000 0.41 0.17 0.19 0.17 0.16 0.16 0.15 -1 -1 -1 -1
Evo 1.00 0.50 1.00 0.51 0.50 0.50 0.50 0.07 0.00 0.12 0.26 0.85 980 36
Result 1 3017.0 1000 0.43 0.17 0.19 0.16 0.17 0.15 0.16 -1 -1 -1 -1
Evo 1.00 0.50 1.00 0.51 0.50 0.50 0.50 0.07 0.00 0.12 0.37 0.88 980 21
Result 1 2016.0 1000 0.43 0.17 0.16 0.16 0.16 0.18 0.17 -1 -1 -1 -1
Evo 1.00 0.00 1.00 0.51 0.50 0.50 0.50 0.07 0.00 0.12 0.24 0.78 980 24
Result 1 1010.0 1000 0.42 0.17 0.17 0.15 0.16 0.17 0.18 -1 -1 -1 -1
Evo 1.00 0.50 1.00 0.51 0.50 0.50 0.50 0.07 0.00 0.12 0.29 0.68 980 17
Result 1 4025.0 1000 0.40 0.15 0.20 0.16 0.17 0.18 0.14 -1 -1 -1 -1
Evo 1.00 0.50 1.00 0.51 0.50 0.50 0.50 0.07 0.00 0.12 0.33 0.89 980 4
Result 1 2029.0 1000 0.43 0.17 0.18 0.17 0.18 0.13 0.16 -1 -1 -1 -1
Evo 1.00 0.00 0.50 0.48 0.50 0.50 0.50 0.11 0.01 0.21 0.15 0.70 -1 16
Result 0 11.0 442 0.38 0.20 0.15 0.13 0.17 0.16 0.19 -1 -1 -1 -1
Evo 1.00 0.50 1.00 0.51 0.50 0.50 0.50 0.07 0.00 0.12 0.19 0.70 980 9
Result 1 3018.0 1000 0.43 0.17 0.17 0.16 0.14 0.18 0.17 -1 -1 -1 -1
Evo 1.00 0.50 1.00 0.51 0.50 0.50 0.50 0.07 0.00 0.12 0.35 0.86 980 34
Result 1 4016.0 1000 0.41 0.17 0.19 0.18 0.15 0.16 0.15 -1 -1 -1 -1
Evo 1.00 0.50 0.50 0.50 0.50 0.50 0.50 0.00 0.00 0.00 0.20 0.68 -1 16
Result 0 2009.0 773 0.44 0.17 0.18 0.20 0.13 0.15 0.17 -1 -1 -1 -1
Evo 1.00 0.00 0.50 0.48 0.50 0.50 0.50 0.11 0.01 0.21 0.20 0.60 -1 27
Result 0 16.0 442 0.47 0.15 0.16 0.17 0.16 0.16 0.20 -1 -1 -1 -1
Evo 1.00 0.50 1.00 0.51 0.50 0.50 0.50 0.07 0.00 0.12 0.34 0.86 980 25
Result 1 2026.0 1000 0.44 0.16 0.18 0.18 0.14 0.17 0.17 -1 -1 -1 -1
Evo 1.00 0.50 1.00 0.51 0.50 0.50 0.50 0.07 0.00 0.12 0.33 0.97 980 26
Result 1 4045.0 1000 0.44 0.18 0.17 0.16 0.14 0.18 0.17 -1 -1 -1 -1
Evo 1.00 0.50 1.00 0.51 0.50 0.50 0.50 0.07 0.00 0.12 0.32 0.85 980 9
Result 1 1028.0 1000 0.44 0.17 0.16 0.18 0.15 0.17 0.17 -1 -1 -1 -1
Evo 1.00 0.00 0.50 0.48 0.50 0.50 0.50 0.11 0.01 0.21 0.17 0.81 -1 20
Result 0 7.0 442 0.41 0.19 0.13 0.16 0.17 0.21 0.15 -1 -1 -1 -1
Evo 1.00 0.50 1.00 0.51 0.50 0.50 0.50 0.07 0.00 0.12 0.26 0.75 980 15
Result 1 4026.0 1000 0.44 0.17 0.19 0.17 0.13 0.18 0.16 -1 -1 -1 -1
Evo 1.00 0.00 0.50 0.48 0.50 0.50 0.50 0.11 0.01 0.21 0.14 0.65 -1 38
Result 0 13.0 442 0.42 0.19 0.15 0.16 0.17 0.18 0.15 -1 -1 -1 -1
Evo 1.00 0.00 0.50 0.48 0.50 0.50 0.50 0.11 0.01 0.21 0.14 0.65 -1 16
Result 0 7.0 442 0.43 0.14 0.13 0.16 0.18 0.19 0.20 -1 -1 -1 -1
Evo 1.00 0.00 0.50 0.48 0.50 0.50 0.50 0.11 0.01 0.21 0.14 0.60 -1 23
Result 0 11.0 442 0.43 0.19 0.15 0.16 0.15 0.15 0.20 -1 -1 -1 -1
Evo 1.00 0.00 0.50 0.49 0.50 0.50 0.50 0.07 0.00 0.12 0.25 0.64 -1 12
Result 0 1019.0 962 0.45 0.18 0.16 0.17 0.15 0.15 0.19 -1 -1 -1 -1
Evo 1.00 0.00 0.50 0.48 0.50 0.50 0.50 0.11 0.01 0.21 0.15 0.54 -1 34
Result 0 8.0 442 0.44 0.18 0.15 0.17 0.17 0.15 0.18 -1 -1 -1 -1
Evo 1.00 0.00 0.50 0.48 0.50 0.50 0.50 0.11 0.01 0.21 0.14 0.69 -1 16
Result 0 14.0 442 0.43 0.16 0.16 0.15 0.21 0.15 0.16 -1 -1 -1 -1
Evo 1.00 0.50 1.00 0.51 0.50 0.50 0.50 0.07 0.00 0.12 0.23 0.63 980 20
Result 1 3027.0 1000 0.44 0.16 0.14 0.20 0.15 0.17 0.17 -1 -1 -1 -1
Evo 1.00 0.00 0.50 0.48 0.50 0.50 0.50 0.11 0.01 0.21 0.11 0.57 -1 23
Result 0 10.0 442 0.43 0.16 0.14 0.17 0.19 0.15 0.20 -1 -1 -1 -1
Evo 1.00 0.50 1.00 0.51 0.50 0.50 0.50 0.07 0.00 0.12 0.32 0.87 980 37
Result 1 2008.0 1000 0.44 0.17 0.17 0.14 0.16 0.18 0.17 -1 -1 -1 -1
Evo 1.00 0.00 0.50 0.48 0.50 0.50 0.50 0.11 0.01 0.21 0.12 0.58 -1 36
Result 0 9.0 442 0.46 0.17 0.15 0.16 0.18 0.14 0.19 -1 -1 -1 -1
Evo 1.00 0.50 1.00 0.51 0.50 0.50 0.50 0.07 0.00 0.12 0.33 0.60 980 40
Result 1 4021.0 1000 0.44 0.19 0.17 0.15 0.16 0.15 0.17 -1 -1 -1 -1
Evo 1.00 0.50 1.00 0.51 0.50 0.50 0.50 0.07 0.00 0.12 0.40 0.94 980 41
Result 1 1024.0 1000 0.43 0.18 0.16 0.16 0.16 0.18 0.16 -1 -1 -1 -1
Evo 1.00 0.50 1.00 0.51 0.50 0.50 0.50 0.07 0.00 0.12 0.34 0.66 980 25
Result 1 2023.0 1000 0.45 0.17 0.15 0.17 0.16 0.16 0.19 -1 -1 -1 -1
Evo 1.00 0.50 1.00 0.51 0.50 0.50 0.50 0.07 0.00 0.12 0.20 0.81 980 29
Result 1 2009.0 1000 0.45 0.15 0.19 0.17 0.13 0.18 0.18 -1 -1 -1 -1
Evo 1.00 0.00 1.00 0.51 0.50 0.50 0.50 0.07 0.00 0.12 0.40 0.86 980 15
Result 1 2010.0 1000 0.43 0.18 0.18 0.16 0.16 0.15 0.17 -1 -1 -1 -1
Evo 1.00 0.50 1.00 0.51 0.50 0.50 0.50 0.07 0.00 0.12 0.46 0.93 980 13
Result 1 2020.0 1000 0.43 0.17 0.16 0.16 0.16 0.17 0.18 -1 -1 -1 -1
Evo 1.00 0.00 0.50 0.48 0.50 0.50 0.50 0.11 0.01 0.21 0.13 0.59 -1 29
Result 0 8.0 442 0.45 0.22 0.14 0.16 0.16 0.14 0.19 -1 -1 -1 -1
Evo 1.00 0.50 1.00 0.51 0.50 0.50 0.50 0.07 0.00 0.12 0.25 0.77 980 31
Result 1 3022.0 1000 0.43 0.20 0.15 0.17 0.15 0.17 0.16 -1 -1 -1 -1
Evo 1.00 0.00 0.50 0.48 0.50 0.50 0.50 0.09 0.00 0.16 0.26 0.94 -1 27
Result 0 16.0 650 0.39 0.16 0.17 0.13 0.19 0.17 0.17 -1 -1 -1 -1
Evo 1.00 0.00 0.50 0.49 0.50 0.50 0.50 0.08 0.00 0.14 0.30 0.78 -1 25
Result 0 1009.0 806 0.44 0.18 0.14 0.16 0.18 0.16 0.17 -1 -1 -1 -1
Evo 1.00 0.50 1.00 0.51 0.50 0.50 0.50 0.07 0.00 0.12 0.22 0.81 980 14
Result 1 5012.0 1000 0.43 0.18 0.18 0.16 0.14 0.19 0.16 -1 -1 -1 -1
Evo 1.00 0.00 0.50 0.48 0.50 0.50 0.50 0.11 0.01 0.21 0.16 0.58 -1 39
Result 0 4.0 442 0.45 0.17 0.15 0.18 0.19 0.14 0.16 -1 -1 -1 -1
Evo 1.00 0.50 1.00 0.51 0.50 0.50 0.50 0.07 0.00 0.12 0.27 0.57 980 48
Result 1 2013.0 1000 0.43 0.17 0.16 0.18 0.17 0.14 0.17 -1 -1 -1 -1
Evo 1.00 0.50 1.00 0.51 0.50 0.50 0.50 0.07 0.00 0.12 0.28 0.69 980 42
Result 1 6016.0 1000 0.43 0.19 0.18 0.16 0.15 0.14 0.18 -1 -1 -1 -1
Evo 1.00 0.00 0.50 0.49 0.50 0.50 0.50 0.08 0.00 0.13 0.33 0.80 -1 19
Result 0 1013.0 884 0.41 0.17 0.18 0.15 0.17 0.17 0.17 -1 -1 -1 -1
Evo 1.00 0.00 1.00 0.51 0.50 0.50 0.50 0.08 0.00 0.12 0.30 0.81 980 19
Result 1 2014.0 1000 0.45 0.17 0.17 0.19 0.15 0.16 0.16 -1 -1 -1 -1
Evo 1.00 0.00 1.00 0.51 0.50 0.50 0.50 0.08 0.00 0.12 0.31 0.77 980 37
Result 1 3015.0 1000 0.42 0.17 0.18 0.16 0.16 0.18 0.15 -1 -1 -1 -1
Evo 1.00 0.00 0.50 0.48 0.50 0.50 0.50 0.11 0.01 0.21 0.16 0.57 -1 39
Result 0 7.0 442 0.45 0.20 0.14 0.19 0.17 0.14 0.16 -1 -1 -1 -1
