Evo 1.00 0.00 1.00 0.86 1.00 1.00 1.00 0.34 0.01 0.18 0.03 0.09 -1 160
Result 0 2.0 1183 0.41 0.16 0.15 0.16 0.18 0.17 0.17 -1 -1 -1 -1
Evo 1.00 0.00 1.00 0.99 1.00 1.00 1.00 0.10 0.00 0.07 0.06 0.13 -1 24
Result 0 0.0 2000 0.42 0.16 0.16 0.16 0.19 0.16 0.16 -1 -1 -1 -1
Evo 1.00 1.00 1.00 1.00 1.00 1.00 1.00 0.00 0.00 0.00 0.07 0.16 -1 665
Result 0 1.0 1579 0.42 0.16 0.17 0.18 0.17 0.17 0.16 -1 -1 -1 -1
Evo 1.00 1.00 1.00 1.00 1.00 1.00 1.00 0.00 0.00 0.00 0.04 0.10 -1 267
Result 0 0.0 567 0.43 0.16 0.17 0.18 0.17 0.17 0.15 -1 -1 -1 -1
Evo 1.00 0.00 1.00 0.99 1.00 1.00 1.00 0.10 0.00 0.07 0.04 0.08 -1 488
Result 0 0.0 2000 0.41 0.15 0.16 0.18 0.18 0.15 0.16 -1 -1 -1 -1
Evo 1.00 1.00 1.00 1.00 1.00 1.00 1.00 0.00 0.00 0.00 0.04 0.11 -1 564
Result 0 2.0 1163 0.44 0.18 0.16 0.16 0.17 0.17 0.16 -1 -1 -1 -1
Evo 1.01 0.00 1.00 0.96 1.00 1.00 1.00 0.20 0.01 0.19 0.01 0.03 -1 62
Result 0 0.0 371 0.46 0.19 0.15 0.12 0.22 0.17 0.15 -1 -1 -1 -1
Evo 1.01 0.00 1.00 0.98 1.00 1.00 1.00 0.14 0.01 0.11 0.02 0.04 -1 116
Result 0 0.0 503 0.46 0.20 0.14 0.15 0.17 0.15 0.19 -1 -1 -1 -1
Evo 1.00 1.00 1.00 1.00 1.00 1.00 1.00 0.00 0.00 0.00 0.02 0.05 -1 161
Result 0 0.0 1011 0.44 0.18 0.17 0.17 0.15 0.16 0.18 -1 -1 -1 -1
Evo 1.02 0.00 1.00 0.97 1.00 1.00 1.00 0.16 0.01 0.14 0.02 0.06 -1 77
Result 0 0.0 515 0.43 0.16 0.16 0.17 0.17 0.16 0.18 -1 -1 -1 -1
Evo 1.00 1.00 1.00 1.00 1.00 1.00 1.00 0.00 0.00 0.00 0.04 0.10 -1 382
Result 0 1.0 1183 0.44 0.17 0.15 0.14 0.18 0.19 0.17 -1 -1 -1 -1
Evo 1.00 1.00 1.00 1.00 1.00 1.00 1.00 0.00 0.00 0.00 0.04 0.10 -1 141
Result 0 1.0 735 0.43 0.17 0.15 0.16 0.17 0.17 0.17 -1 -1 -1 -1
Evo 1.00 0.00 1.00 0.98 1.00 1.00 1.00 0.15 0.01 0.13 0.01 0.03 -1 201
Result 0 0.0 509 0.40 0.15 0.13 0.18 0.19 0.16 0.18 -1 -1 -1 -1
Evo 1.01 0.00 1.00 0.98 1.00 1.00 1.00 0.15 0.01 0.12 0.06 0.12 -1 98
Result 0 1.0 696 0.42 0.19 0.16 0.15 0.17 0.15 0.19 -1 -1 -1 -1
Evo 1.00 1.00 1.00 1.00 1.00 1.00 1.00 0.00 0.00 0.00 0.02 0.05 -1 118
Result 0 0.0 1011 0.44 0.17 0.17 0.18 0.17 0.15 0.16 -1 -1 -1 -1
Evo 1.01 0.00 1.00 0.98 1.00 1.00 1.00 0.15 0.01 0.12 0.02 0.04 -1 121
Result 0 0.0 611 0.42 0.19 0.16 0.19 0.15 0.15 0.15 -1 -1 -1 -1
Evo 1.00 1.00 1.00 1.00 1.00 1.00 1.00 0.00 0.00 0.00 0.02 0.05 -1 568
Result 0 0.0 1047 0.42 0.18 0.16 0.15 0.18 0.17 0.16 -1 -1 -1 -1
Evo 1.00 1.00 1.00 1.00 1.00 1.00 1.00 0.00 0.00 0.00 0.05 0.15 -1 76
Result 0 0.0 1631 0.42 0.19 0.16 0.16 0.17 0.14 0.18 -1 -1 -1 -1
Evo 1.00 0.00 1.00 0.98 1.00 1.00 1.00 0.13 0.01 0.11 0.02 0.05 -1 150
Result 0 0.0 653 0.43 0.17 0.16 0.17 0.17 0.17 0.17 -1 -1 -1 -1
Evo 1.00 1.00 1.00 1.00 1.00 1.00 1.00 0.00 0.00 0.00 0.02 0.05 -1 134
Result 0 0.0 1007 0.45 0.18 0.15 0.18 0.16 0.16 0.16 -1 -1 -1 -1
Evo 1.01 0.00 1.00 1.00 1.00 1.00 1.00 0.06 0.00 0.03 0.09 0.21 -1 29
Result 0 2.0 858 0.43 0.18 0.17 0.14 0.17 0.18 0.16 -1 -1 -1 -1
Evo 1.02 0.00 1.00 0.98 1.00 1.00 1.00 0.14 0.00 0.12 0.11 0.23 -1 195
Result 0 1.0 821 0.43 0.17 0.16 0.15 0.17 0.17 0.18 -1 -1 -1 -1
Evo 1.00 0.00 1.00 1.00 1.00 1.00 1.00 0.03 0.00 0.01 0.14 0.27 -1 0
Result 0 1.0 1480 0.45 0.19 0.16 0.16 0.16 0.16 0.17 -1 -1 -1 -1
Evo 1.01 0.00 1.00 1.00 1.00 1.00 1.00 0.05 0.00 0.02 0.02 0.05 -1 275
Result 0 0.0 432 0.40 0.19 0.14 0.16 0.20 0.13 0.17 -1 -1 -1 -1
Evo 1.01 0.00 1.00 0.99 1.00 1.00 1.00 0.07 0.00 0.04 0.02 0.07 -1 2
Result 0 0.0 384 0.45 0.17 0.19 0.15 0.16 0.13 0.19 -1 -1 -1 -1
Evo 1.02 0.00 1.00 1.00 1.00 1.00 1.00 0.05 0.00 0.02 0.03 0.07 -1 1
Result 0 0.0 384 0.48 0.17 0.21 0.16 0.17 0.13 0.16 -1 -1 -1 -1
Evo 1.02 0.00 1.00 1.00 1.00 1.00 1.00 0.07 0.00 0.03 0.07 0.19 -1 98
Result 0 1.0 702 0.42 0.16 0.15 0.16 0.17 0.17 0.18 -1 -1 -1 -1
Evo 1.00 1.00 1.00 1.00 1.00 1.00 1.00 0.00 0.00 0.00 0.07 0.19 -1 16
Result 0 1.0 983 0.42 0.16 0.16 0.16 0.17 0.18 0.17 -1 -1 -1 -1
Evo 1.00 0.00 1.00 0.98 1.00 1.00 1.00 0.14 0.01 0.11 0.05 0.13 -1 154
Result 0 1.0 401 0.44 0.18 0.17 0.20 0.16 0.16 0.15 -1 -1 -1 -1
Evo 1.00 1.00 1.00 1.00 1.00 1.00 1.00 0.00 0.00 0.00 0.03 0.11 -1 55
Result 0 0.0 233 0.46 0.18 0.20 0.15 0.12 0.18 0.18 -1 -1 -1 -1
Evo 1.01 0.00 1.00 1.00 1.00 1.00 1.00 0.06 0.00 0.03 0.12 0.27 -1 0
Result 0 1.0 987 0.43 0.20 0.16 0.15 0.15 0.18 0.16 -1 -1 -1 -1
Evo 1.00 0.00 1.00 1.00 1.00 1.00 1.00 0.05 0.00 0.02 0.02 0.06 -1 52
Result 0 0.0 372 0.42 0.16 0.20 0.18 0.14 0.14 0.17 -1 -1 -1 -1
Evo 1.01 0.00 1.00 0.99 1.00 1.00 1.00 0.10 0.00 0.07 0.15 0.26 -1 43
Result 0 7.0 2000 0.43 0.16 0.16 0.16 0.17 0.17 0.17 -1 -1 -1 -1
Evo 1.05 0.00 1.00 0.95 1.00 1.00 1.00 0.22 0.01 0.22 0.04 0.12 -1 29
Result 0 1.0 233 0.45 0.18 0.16 0.15 0.15 0.21 0.15 -1 -1 -1 -1
Evo 1.00 1.00 1.00 1.00 1.00 1.00 1.00 0.00 0.00 0.00 0.06 0.18 -1 21
Result 0 1.0 221 0.40 0.18 0.14 0.17 0.22 0.16 0.14 -1 -1 -1 -1
Evo 1.01 0.00 1.00 1.00 1.00 1.00 1.00 0.04 0.00 0.01 0.09 0.21 -1 62
Result 0 1.0 780 0.43 0.17 0.16 0.15 0.19 0.17 0.16 -1 -1 -1 -1
Evo 1.01 0.00 1.00 1.00 1.00 1.00 1.00 0.05 0.00 0.02 0.02 0.03 -1 253
Result 0 0.0 390 0.44 0.17 0.17 0.21 0.12 0.16 0.16 -1 -1 -1 -1
Evo 1.02 0.00 1.00 1.00 1.00 1.00 1.00 0.05 0.00 0.02 0.04 0.15 -1 0
Result 0 0.0 396 0.42 0.16 0.18 0.16 0.19 0.15 0.16 -1 -1 -1 -1
Evo 1.00 0.00 1.00 1.00 1.00 1.00 1.00 0.05 0.00 0.02 0.03 0.13 -1 5
Result 0 0.0 414 0.42 0.16 0.16 0.18 0.17 0.15 0.19 -1 -1 -1 -1
Evo 1.04 0.00 1.00 1.00 1.00 1.00 1.00 0.05 0.00 0.02 0.02 0.05 -1 201
Result 0 0.0 432 0.42 0.17 0.15 0.17 0.19 0.14 0.18 -1 -1 -1 -1
Evo 1.00 1.00 1.00 1.00 1.00 1.00 1.00 0.00 0.00 0.00 0.01 0.05 -1 324
Result 0 1.0 659 0.42 0.16 0.18 0.16 0.18 0.16 0.16 -1 -1 -1 -1
Evo 1.00 1.00 1.00 1.00 1.00 1.00 1.00 0.00 0.00 0.00 0.01 0.05 -1 119
Result 0 1.0 659 0.43 0.18 0.17 0.15 0.18 0.16 0.17 -1 -1 -1 -1
Evo 1.00 1.00 1.00 1.00 1.00 1.00 1.00 0.00 0.00 0.00 0.05 0.09 -1 173
Result 0 5.0 1383 0.42 0.18 0.16 0.16 0.16 0.17 0.16 -1 -1 -1 -1
Evo 1.00 1.00 1.00 1.00 1.00 1.00 1.00 0.00 0.00 0.00 0.05 0.10 -1 65
Result 0 4.0 915 0.42 0.18 0.16 0.16 0.14 0.17 0.18 -1 -1 -1 -1
Evo 1.00 1.00 1.00 1.00 1.00 1.00 1.00 0.00 0.00 0.00 0.02 0.05 -1 184
Result 0 1.0 443 0.43 0.17 0.16 0.16 0.17 0.19 0.15 -1 -1 -1 -1
Evo 1.00 1.00 1.00 1.00 1.00 1.00 1.00 0.00 0.00 0.00 0.01 0.05 -1 118
Result 0 1.0 659 0.42 0.16 0.17 0.19 0.16 0.14 0.18 -1 -1 -1 -1
Evo 1.00 1.00 1.00 1.00 1.00 1.00 1.00 0.00 0.00 0.00 0.03 0.09 -1 123
Result 0 0.0 323 0.41 0.15 0.17 0.15 0.24 0.14 0.15 -1 -1 -1 -1
Evo 1.00 1.00 1.00 1.00 1.00 1.00 1.00 0.00 0.00 0.00 0.04 0.08 -1 319
Result 0 5.0 1443 0.42 0.19 0.15 0.15 0.15 0.17 0.18 -1 -1 -1 -1
Evo 1.00 1.00 1.00 1.00 1.00 1.00 1.00 0.00 0.00 0.00 0.01 0.06 -1 155
Result 0 1.0 659 0.45 0.18 0.18 0.16 0.17 0.13 0.17 -1 -1 -1 -1
Evo 1.00 1.00 1.00 1.00 1.00 1.00 1.00 0.00 0.00 0.00 0.01 0.06 -1 140
Result 0 1.0 375 0.44 0.19 0.18 0.16 0.19 0.16 0.14 -1 -1 -1 -1
Evo 1.00 1.00 1.00 1.00 1.00 1.00 1.00 0.00 0.00 0.00 0.02 0.06 -1 180
Result 0 1.0 339 0.42 0.16 0.20 0.16 0.16 0.14 0.18 -1 -1 -1 -1
Evo 1.00 1.00 1.00 1.00 1.00 1.00 1.00 0.00 0.00 0.00 0.02 0.08 -1 165
Result 0 1.0 339 0.41 0.15 0.15 0.18 0.19 0.14 0.20 -1 -1 -1 -1
Evo 1.00 1.00 1.00 1.00 1.00 1.00 1.00 0.00 0.00 0.00 0.01 0.04 -1 330
Result 0 1.0 387 0.40 0.14 0.16 0.17 0.16 0.22 0.15 -1 -1 -1 -1
Evo 1.00 1.00 1.00 1.00 1.00 1.00 1.00 0.00 0.00 0.00 0.03 0.08 -1 177
Result 0 7.0 1067 0.42 0.16 0.16 0.15 0.16 0.17 0.20 -1 -1 -1 -1
Evo 1.00 1.00 1.00 1.00 1.00 1.00 1.00 0.00 0.00 0.00 0.04 0.10 -1 118
Result 0 2.0 811 0.44 0.17 0.17 0.16 0.17 0.18 0.16 -1 -1 -1 -1
Evo 1.00 1.00 1.00 1.00 1.00 1.00 1.00 0.00 0.00 0.00 0.04 0.07 -1 137
Result 0 5.0 1183 0.45 0.17 0.18 0.15 0.17 0.17 0.15 -1 -1 -1 -1
Evo 1.00 1.00 1.00 1.00 1.00 1.00 1.00 0.00 0.00 0.00 0.03 0.08 -1 41
Result 0 0.0 351 0.43 0.14 0.17 0.19 0.14 0.16 0.21 -1 -1 -1 -1
Evo 1.00 1.00 1.00 1.00 1.00 1.00 1.00 0.00 0.00 0.00 0.05 0.10 -1 10
Result 0 0.0 731 0.42 0.16 0.16 0.15 0.19 0.15 0.20 -1 -1 -1 -1
Evo 1.00 1.00 1.00 1.00 1.00 1.00 1.00 0.00 0.00 0.00 0.01 0.04 -1 166
Result 0 1.0 375 0.39 0.14 0.15 0.20 0.17 0.18 0.16 -1 -1 -1 -1
Evo 1.00 1.00 1.00 1.00 1.00 1.00 1.00 0.00 0.00 0.00 0.05 0.09 -1 32
Result 0 1.0 967 0.46 0.19 0.15 0.15 0.18 0.16 0.17 -1 -1 -1 -1
Evo 1.00 1.00 1.00 1.00 1.00 1.00 1.00 0.00 0.00 0.00 0.03 0.07 -1 5
Result 0 0.0 447 0.39 0.14 0.18 0.13 0.19 0.21 0.16 -1 -1 -1 -1
Evo 1.00 1.00 1.00 1.00 1.00 1.00 1.00 0.00 0.00 0.00 0.04 0.11 -1 75
Result 0 1.0 311 0.44 0.17 0.15 0.18 0.21 0.13 0.16 -1 -1 -1 -1
Evo 1.04 0.00 1.00 1.00 1.00 1.00 1.00 0.04 0.00 0.01 0.09 0.14 -1 47
Result 0 3.0 787 0.43 0.19 0.16 0.15 0.17 0.14 0.19 -1 -1 -1 -1
Evo 1.00 1.00 1.00 1.00 1.00 1.00 1.00 0.00 0.00 0.00 0.05 0.12 -1 3
Result 0 1.0 659 0.43 0.17 0.18 0.15 0.17 0.16 0.18 -1 -1 -1 -1
Evo 1.04 1.00 1.00 1.00 1.00 1.00 1.00 0.00 0.00 0.00 0.04 0.09 -1 96
Result 0 0.0 449 0.43 0.19 0.16 0.16 0.17 0.18 0.14 -1 -1 -1 -1
Evo 1.01 1.00 1.00 1.00 1.00 1.00 1.00 0.00 0.00 0.00 0.03 0.11 -1 1
Result 0 1.0 167 0.49 0.24 0.14 0.20 0.13 0.11 0.18 -1 -1 -1 -1
Evo 1.00 1.00 1.00 1.00 1.00 1.00 1.00 0.00 0.00 0.00 0.08 0.14 -1 63
Result 0 3.0 759 0.42 0.16 0.13 0.18 0.18 0.18 0.17 -1 -1 -1 -1
Evo 1.00 1.00 1.00 1.00 1.00 1.00 1.00 0.00 0.00 0.00 0.10 0.17 -1 7
Result 0 2.0 1195 0.40 0.19 0.14 0.16 0.18 0.15 0.18 -1 -1 -1 -1
Evo 1.01 0.00 1.00 0.99 1.00 1.00 1.00 0.08 0.00 0.04 0.08 0.15 -1 7
Result 0 1.0 697 0.43 0.17 0.16 0.16 0.14 0.18 0.19 -1 -1 -1 -1
Evo 1.01 0.00 1.00 0.99 1.00 1.00 1.00 0.10 0.00 0.07 0.15 0.21 -1 15
Result 0 9.0 2000 0.43 0.17 0.17 0.15 0.17 0.18 0.16 -1 -1 -1 -1
Evo 1.03 1.00 1.00 1.00 1.00 1.00 1.00 0.00 0.00 0.00 0.04 0.09 -1 23
Result 0 0.0 347 0.39 0.16 0.14 0.15 0.14 0.19 0.22 -1 -1 -1 -1
Evo 1.00 1.00 1.00 1.00 1.00 1.00 1.00 0.00 0.00 0.00 0.05 0.10 -1 2
Result 0 0.0 447 0.43 0.19 0.17 0.15 0.16 0.18 0.16 -1 -1 -1 -1
Evo 1.00 1.00 1.00 1.00 1.00 1.00 1.00 0.00 0.00 0.00 0.02 0.06 -1 0
Result 0 0.0 443 0.42 0.16 0.17 0.17 0.18 0.18 0.15 -1 -1 -1 -1
Evo 1.02 1.00 1.00 1.00 1.00 1.00 1.00 0.00 0.00 0.00 0.02 0.05 -1 12
Result 0 0.0 545 0.43 0.16 0.17 0.14 0.16 0.19 0.19 -1 -1 -1 -1
Evo 1.02 1.00 1.00 1.00 1.00 1.00 1.00 0.00 0.00 0.00 0.03 0.06 -1 7
Result 0 0.0 401 0.46 0.17 0.20 0.14 0.17 0.16 0.16 -1 -1 -1 -1
Evo 1.00 1.00 1.00 1.00 1.00 1.00 1.00 0.00 0.00 0.00 0.03 0.08 -1 45
Result 0 0.0 439 0.45 0.16 0.18 0.14 0.16 0.19 0.17 -1 -1 -1 -1
Evo 1.04 0.00 1.00 1.00 1.00 1.00 1.00 0.04 0.00 0.02 0.03 0.07 -1 48
Result 0 0.0 545 0.44 0.20 0.18 0.14 0.16 0.15 0.18 -1 -1 -1 -1
Evo 1.00 1.00 1.00 1.00 1.00 1.00 1.00 0.00 0.00 0.00 0.03 0.07 -1 0
Result 0 0.0 519 0.46 0.19 0.17 0.14 0.15 0.17 0.18 -1 -1 -1 -1
Evo 1.00 0.00 1.00 1.00 1.00 1.00 1.00 0.04 0.00 0.01 0.09 0.15 -1 18
Result 0 1.0 796 0.44 0.17 0.16 0.18 0.17 0.14 0.17 -1 -1 -1 -1
Evo 1.02 1.00 1.00 1.00 1.00 1.00 1.00 0.00 0.00 0.00 0.03 0.06 -1 6
Result 0 0.0 353 0.42 0.16 0.22 0.15 0.15 0.15 0.17 -1 -1 -1 -1
Evo 1.03 1.00 1.00 1.00 1.00 1.00 1.00 0.00 0.00 0.00 0.03 0.08 -1 217
Result 0 0.0 425 0.48 0.21 0.15 0.15 0.14 0.15 0.19 -1 -1 -1 -1
Evo 1.01 1.00 1.00 1.00 1.00 1.00 1.00 0.00 0.00 0.00 0.03 0.06 -1 255
Result 0 0.0 413 0.43 0.18 0.16 0.15 0.15 0.17 0.19 -1 -1 -1 -1
Evo 1.02 1.00 1.00 1.00 1.00 1.00 1.00 0.00 0.00 0.00 0.05 0.10 -1 84
Result 0 0.0 371 0.41 0.15 0.20 0.15 0.17 0.17 0.16 -1 -1 -1 -1
Evo 1.02 1.00 1.00 1.00 1.00 1.00 1.00 0.00 0.00 0.00 0.03 0.06 -1 181
Result 0 0.0 383 0.43 0.17 0.16 0.13 0.17 0.18 0.20 -1 -1 -1 -1
Evo 1.02 0.00 1.00 0.95 1.00 1.00 1.00 0.21 0.01 0.20 0.04 0.11 -1 161
Result 0 0.0 438 0.45 0.19 0.14 0.14 0.17 0.16 0.20 -1 -1 -1 -1
Evo 1.02 0.00 1.00 0.98 1.00 1.00 1.00 0.13 0.01 0.10 0.04 0.11 -1 52
Result 0 0.0 395 0.44 0.16 0.18 0.15 0.18 0.18 0.16 -1 -1 -1 -1
Evo 1.01 1.00 1.00 1.00 1.00 1.00 1.00 0.00 0.00 0.00 0.02 0.06 -1 223
Result 0 0.0 347 0.41 0.14 0.15 0.18 0.18 0.19 0.16 -1 -1 -1 -1
Evo 1.02 1.00 1.00 1.00 1.00 1.00 1.00 0.00 0.00 0.00 0.02 0.05 -1 147
Result 0 0.0 341 0.48 0.21 0.15 0.15 0.15 0.17 0.17 -1 -1 -1 -1
Evo 1.00 1.00 1.00 1.00 1.00 1.00 1.00 0.00 0.00 0.00 0.03 0.07 -1 273
Result 0 0.0 407 0.45 0.19 0.16 0.16 0.17 0.17 0.16 -1 -1 -1 -1
Evo 1.02 1.00 1.00 1.00 1.00 1.00 1.00 0.00 0.00 0.00 0.03 0.07 -1 183
Result 0 0.0 419 0.45 0.18 0.17 0.16 0.17 0.16 0.15 -1 -1 -1 -1
Evo 1.00 0.00 1.00 1.00 1.00 1.00 1.00 0.05 0.00 0.02 0.05 0.10 -1 172
Result 0 1.0 426 0.47 0.20 0.14 0.16 0.13 0.19 0.17 -1 -1 -1 -1
Evo 1.04 1.00 1.00 1.00 1.00 1.00 1.00 0.00 0.00 0.00 0.03 0.06 -1 219
Result 0 0.0 479 0.42 0.19 0.16 0.15 0.18 0.16 0.16 -1 -1 -1 -1
Evo 1.00 0.00 1.00 0.99 1.00 1.00 1.00 0.10 0.00 0.07 0.08 0.16 -1 260
Result 0 8.0 2000 0.42 0.16 0.16 0.15 0.17 0.18 0.18 -1 -1 -1 -1
Evo 1.01 1.00 1.00 1.00 1.00 1.00 1.00 0.00 0.00 0.00 0.03 0.06 -1 183
Result 0 0.0 359 0.45 0.19 0.17 0.13 0.16 0.19 0.17 -1 -1 -1 -1
Evo 1.01 0.00 1.00 1.00 1.00 1.00 1.00 0.05 0.00 0.02 0.03 0.07 -1 178
Result 0 0.0 389 0.41 0.15 0.19 0.15 0.18 0.16 0.17 -1 -1 -1 -1
Evo 1.00 1.00 1.00 1.00 1.00 1.00 1.00 0.00 0.00 0.00 0.09 0.16 -1 33
Result 0 8.0 1243 0.45 0.19 0.17 0.17 0.16 0.15 0.16 -1 -1 -1 -1
Evo 1.00 0.00 1.00 0.99 1.00 1.00 1.00 0.07 0.00 0.04 0.03 0.06 -1 230
Result 0 0.0 391 0.45 0.17 0.18 0.16 0.18 0.13 0.18 -1 -1 -1 -1
Evo 1.01 0.00 1.00 1.00 1.00 1.00 1.00 0.05 0.00 0.02 0.03 0.09 -1 91
Result 0 0.0 353 0.43 0.22 0.17 0.15 0.18 0.14 0.15 -1 -1 -1 -1
Evo 1.00 1.00 1.00 1.00 1.00 1.00 1.00 0.00 0.00 0.00 0.02 0.06 -1 235
Result 0 0.0 431 0.43 0.17 0.21 0.13 0.16 0.16 0.17 -1 -1 -1 -1
Evo 1.02 1.00 1.00 1.00 1.00 1.00 1.00 0.00 0.00 0.00 0.03 0.09 -1 100
Result 0 0.0 341 0.43 0.17 0.17 0.14 0.15 0.16 0.20 -1 -1 -1 -1
