Result 1 1.0 438 -1213860658
Result 0 0.0 40 895819379
Result 0 0.0 565 -569253103
Result 1 1.0 71 1822284222
Result 1 1.0 59 -2054317223
Result 0 0.0 421 -769576488
Result 1 1.0 430 1172650680
Result 1 1.0 33 339035492
Result 0 0.0 60 -235664285
Result 1 1.0 32 826435788
Result 1 1.0 82 1680467473
Result 1 1.0 23 1802443051
Result 0 0.0 27 636570011
Result 1 1.0 37 555416709
Result 0 0.0 42 -1102412148
Result 0 0.0 29 1390710584
Result 1 1.0 90 -1103774109
Result 1 1.0 790 163648694
Result 1 1.0 26 2137676044
Result 0 0.0 22 -1608365907
Result 1 1.0 95 2124529672
Result 1 1.0 216 793357854
Result 0 0.0 0 172679328
Result 0 0.0 431 -961626862
Result 0 0.0 13 820843521
Result 0 0.0 123 741579343
Result 0 0.0 822 1780419225
Result 0 0.0 73 -1885962076
Result 0 0.0 14 -283486328
Result 0 0.0 223 -1464536224
Result 0 0.0 278 -131222333
Result 1 1.0 629 989973887
Result 1 1.0 590 -1455635385
Result 1 1.0 1183 -1707243182
Result 0 0.0 96 -794203050
Result 1 1.0 489 278739822
Result 1 1.0 602 496911370
Result 0 0.0 1497 -298996591
Result 1 1.0 292 1981071175
Result 0 0.0 11 -1290714678
Result 1 1.0 185 748790983
Result 0 0.0 588 2070863641
Result 1 1.0 776 -808498493
Result 1 1.0 1093 -2046233367
Result 1 1.0 531 533941678
Result 0 0.0 90 1453873402
Result 1 1.0 120 383671623
Result 1 1.0 191 -174400558
Result 1 1.0 376 496965761
Result 0 0.0 1358 76045829
Result 0 0.0 19 -1849354147
Result 0 0.0 952 -2099253493
Result 1 1.0 323 -739534260
Result 1 1.0 329 168760785
Result 0 0.0 16 1513393548
Result 0 0.0 10 -1450534047
Result 1 1.0 172 257103918
Result 0 0.0 115 -109378196
Result 1 1.0 234 1703230229
Result 0 0.0 69 -796096929
Result 0 0.0 1500 1466461941
Result 1 1.0 1363 -715612001
Result 0 0.0 137 -2027372134
Result 1 1.0 885 221676385
Result 1 1.0 497 -1002543509
Result 0 0.0 80 448455657
Result 0 0.0 1500 -153817508
Result 1 1.0 1099 -1222760500
Result 1 1.0 711 -304849160
Result 0 0.0 123 -130972752
Result 0 0.0 1500 681722112
Result 0 0.0 152 181171469
Result 0 0.0 1500 99308967
Result 0 0.0 1500 1591800956
Result 0 0.0 102 -1138487938
Result 0 0.0 1500 1608569711
Result 0 0.0 1500 1650142467
Result 0 0.0 1500 -1984107451
Result 0 0.0 71 328214525
Result 0 0.0 21 -471493326
Result 1 1.0 592 882343964
Result 1 1.0 364 -107422806
Result 1 1.0 612 -1759526921
Result 0 0.0 55 146272630
Result 0 0.0 20 -1819996147
Result 1 1.0 368 191974286
Result 0 0.0 44 -428578589
Result 0 0.0 1500 615348633
Result 1 1.0 1242 -352149618
Result 0 0.0 184 -226902491
Result 0 0.0 22 -1476336606
Result 1 1.0 88 -904511129
Result 0 0.0 31 1738771676
Result 1 1.0 55 75323842
Result 0 0.0 51 -174204809
Result 0 0.0 1500 -2060835929
Result 0 0.0 1500 1815806230
Result 1 1.0 645 -465933088
Result 0 0.0 20 1575741926
Result 0 0.0 50 -58636219
