Result 0 -1.0 30 -1442279044
Result 0 -1.0 551 610834227
Result 1 1.0 390 992138857
Result 1 1.0 301 833898079
Result 0 -1.0 266 1301363704
Result 1 1.0 806 -108762778
Result 1 1.0 182 224611706
Result 0 -1.0 228 1122148429
Result 0 0.0 1000 1943976924
Result 1 1.0 829 1242411919
Result 0 -1.0 456 933696505
Result 0 0.0 1000 -2091972686
Result 1 1.0 158 1297992159
Result 0 -1.0 90 1900896780
Result 0 -1.0 74 215337353
Result 1 1.0 259 -433030563
Result 0 -1.0 426 1643338216
Result 1 1.0 354 -1330542101
Result 1 1.0 612 1130750122
Result 1 1.0 320 1398242965
Result 0 -1.0 86 -124892958
Result 0 -1.0 69 1993294163
Result 0 -1.0 98 -1357088713
Result 0 0.0 1000 -1073027047
Result 0 -1.0 77 1799694034
Result 1 1.0 495 -786936211
Result 0 0.0 1000 -1927650286
Result 0 0.0 1000 -1523328646
Result 1 1.0 198 -1724443438
Result 0 0.0 1000 -593557529
Result 1 1.0 587 -770764480
Result 0 0.0 1000 -2056652930
Result 0 -1.0 1000 -2021697387
Result 1 1.0 769 -1625225045
Result 0 -1.0 207 -419429176
Result 0 -1.0 331 1977527357
Result 0 -1.0 13 1988661151
Result 0 0.0 1000 -1736233069
Result 1 1.0 707 -920381347
Result 0 0.0 1000 -1338035920
Result 1 1.0 138 -1567474590
Result 0 0.0 1000 1599277727
Result 1 1.0 62 -405532715
Result 1 1.0 195 1860911672
Result 0 -1.0 55 1601508991
Result 0 -1.0 47 123343961
Result 0 -1.0 0 -1869560847
Result 0 0.0 1000 1473603262
Result 0 0.0 1000 -860109440
Result 0 0.0 1000 1272745374
Result 0 -1.0 44 1980189803
Result 0 -1.0 18 397067487
Result 1 1.0 386 863574239
Result 0 -1.0 17 1578756736
Result 0 0.0 1000 -1927682939
Result 0 0.0 1000 -2137431570
Result 0 0.0 1000 321208208
Result 0 0.0 1000 980605785
Result 0 -1.0 829 -1727310665
Result 0 -1.0 50 1788880128
Result 0 0.0 1000 2088473432
Result 0 -1.0 52 -673203402
Result 0 -1.0 52 -1904371775
Result 0 0.0 1000 1463664596
Result 0 0.0 1000 -1201965386
Result 0 -1.0 72 1940599973
Result 0 -1.0 314 -1621342720
Result 0 0.0 1000 -1955647204
Result 0 0.0 1000 273427331
Result 0 0.0 1000 1380705248
Result 0 -1.0 283 1928885512
Result 0 0.0 1000 812413961
Result 1 1.0 911 -880592906
Result 0 -1.0 79 1563875766
Result 0 -1.0 82 1272038508
Result 0 -1.0 173 1804126984
Result 0 -1.0 140 1501927747
Result 0 0.0 1000 -363152379
Result 0 0.0 1000 1534588866
Result 0 0.0 1000 939930614
Result 0 -1.0 680 -1476034033
Result 0 0.0 1000 -644028443
Result 0 0.0 1000 1443032707
Result 0 -1.0 184 527404100
Result 0 0.0 1000 998657975
Result 0 -1.0 251 -438928474
Result 0 -1.0 56 1858360337
Result 0 0.0 1000 -881389518
Result 0 0.0 1000 -113779819
Result 0 0.0 1000 1658840818
Result 0 0.0 1000 1786034651
Result 0 -1.0 521 -1671962276
Result 0 0.0 1000 -1828043188
Result 0 0.0 1000 1905716120
Result 0 0.0 1000 1125066736
Result 0 0.0 1000 43220605
Result 0 0.0 1000 -1622009122
Result 0 -1.0 891 750564586
Result 0 0.0 1000 -921111879
Result 0 -1.0 231 -1424102820
