Result 0 -4.0 2000 1647604768
Result 0 -27.0 1463 -1372700384
Result 0 -18.0 852 -1643580994
Result 0 -1.0 2000 1795716377
Result 0 -23.0 900 -1042755296
Result 0 -2.0 2000 352678906
Result 0 -1.0 2000 2124923158
Result 0 -6.0 142 899514684
Result 0 -7.0 36 759963059
Result 0 -2.0 2000 -1431807060
Result 0 -13.0 474 869702293
Result 0 -12.0 396 1377456260
Result 0 -10.0 510 407270443
Result 0 -14.0 957 1450156369
Result 0 0.0 2000 -98842733
Result 0 -4.0 2000 -584617663
Result 0 -31.0 2000 -1588790466
Result 0 -8.0 262 -1749455293
Result 0 -2.0 2000 -520047734
Result 0 0.0 2000 -1477338938
Result 0 -1.0 2000 541936772
Result 0 -1.0 2000 289806904
Result 0 -6.0 39 1150855297
Result 0 -7.0 79 -83871659
Result 0 0.0 2000 951389924
Result 0 -1.0 2000 1058984184
Result 0 -2.0 2000 551887150
Result 0 -5.0 42 1210348432
Result 0 -6.0 109 498419357
Result 0 -19.0 881 -573371248
Result 0 -3.0 2000 1131771309
Result 0 -3.0 2000 -1912323911
Result 0 -5.0 60 -1725237279
Result 0 -15.0 742 -300769278
Result 0 -4.0 2000 1297107968
Result 0 -2.0 2000 -1582993107
Result 0 0.0 2000 560073831
Result 0 -1.0 2000 34531025
Result 0 -1.0 2000 249437055
Result 0 -3.0 2000 -1418048791
Result 0 -24.0 1436 394449062
Result 0 -8.0 151 -388577979
Result 0 -18.0 831 519495089
Result 0 0.0 2000 17382381
Result 0 0.0 2000 584160604
Result 0 -20.0 1076 1638949190
Result 0 -7.0 186 1143552394
Result 0 0.0 2000 -956663190
Result 0 -8.0 135 -738662009
Result 0 -1.0 2000 588790930
Result 0 -1.0 2000 1389480324
Result 0 -18.0 837 -167785447
Result 0 -30.0 2000 491008998
Result 0 -1.0 2000 -1477426031
Result 0 -9.0 350 2095875756
Result 0 -1.0 2000 926926251
Result 0 -10.0 162 -1457766661
Result 0 0.0 2000 1070062057
Result 0 0.0 2000 -1039014263
Result 0 -1.0 2000 351933048
Result 0 -12.0 435 -982477366
Result 0 -38.0 2000 92318493
Result 0 0.0 2000 -1462833479
Result 0 0.0 2000 -203958414
Result 0 -1.0 2000 -1483409544
Result 0 0.0 2000 364029346
Result 0 0.0 2000 247592647
Result 0 -1.0 2000 -800733692
Result 0 -11.0 784 -774734083
Result 0 0.0 2000 1053406577
Result 0 -3.0 2000 808527091
Result 0 0.0 2000 1612033064
Result 0 -6.0 115 1929445896
Result 0 -5.0 74 718915088
Result 0 -5.0 13 -1837466044
Result 0 -2.0 2000 -12937492
Result 0 -5.0 2000 -678398619
Result 0 -20.0 539 212053605
Result 0 -7.0 72 1733109453
Result 0 0.0 2000 773144565
Result 0 -22.0 1983 -136620427
Result 0 -42.0 2000 -979567162
Result 0 -20.0 1150 1951086294
Result 0 -2.0 2000 941123054
Result 0 -46.0 1800 -2028719950
Result 0 -1.0 2000 2022958180
Result 0 -1.0 2000 1464505748
Result 0 -1.0 2000 1807461625
Result 0 -12.0 512 2044119171
Result 0 -32.0 1468 990425785
Result 0 -23.0 2000 -1010516071
Result 0 -11.0 2000 1130126903
Result 0 -14.0 669 -712979962
Result 0 -1.0 2000 -1124988148
Result 0 0.0 2000 -1246615757
Result 0 -2.0 2000 -955872508
Result 0 -1.0 2000 1804421132
Result 0 -1.0 2000 1996030698
Result 0 -26.0 801 -1259731303
Result 0 -3.0 2000 -104465369
