Result 1 68.0 795 -1639232527
Result 1 62.0 534 -1751846506
Result 1 71.0 529 519971644
Result 1 71.0 557 1295331822
Result 1 70.0 620 1393067943
Result 1 70.0 523 -211308706
Result 0 47.0 470 131815728
Result 0 55.0 750 -1826260234
Result 1 66.0 689 1106921007
Result 1 80.0 560 -412065969
Result 1 80.0 574 1194434506
Result 0 35.0 357 1295816967
Result 1 69.0 565 1198179596
Result 0 58.0 1020 7162585
Result 1 78.0 504 487752260
Result 1 77.0 567 -1492677292
Result 1 72.0 654 1875871953
Result 1 75.0 661 -1016491338
Result 1 69.0 509 -137198108
Result 1 70.0 490 1865544863
Result 0 54.0 918 965601016
Result 1 69.0 480 935924944
Result 0 50.0 564 -1391034364
Result 1 60.0 588 -1280173015
Result 0 51.0 426 -1224783933
Result 1 70.0 450 1582182704
Result 0 50.0 405 -1188700255
Result 1 64.0 438 317390836
Result 1 64.0 753 709009371
Result 1 70.0 461 -1098415820
Result 0 58.0 836 -310586960
Result 1 71.0 487 1718455213
Result 1 57.0 742 260093436
Result 0 12.0 116 108146025
Result 1 69.0 476 1446379213
Result 0 61.0 959 1587043888
Result 0 8.0 61 -295301665
Result 1 69.0 423 2045442835
Result 1 58.0 797 1513152403
Result 1 71.0 431 -100836832
Result 1 77.0 573 1539539574
Result 1 66.0 698 -1929299562
Result 1 79.0 557 -1247696219
Result 1 73.0 567 -840770592
Result 0 47.0 499 -959292473
Result 1 53.0 815 -901051081
Result 1 59.0 569 645794071
Result 1 67.0 619 -1019474356
Result 0 52.0 869 -1405404352
Result 1 77.0 588 984411432
Result 1 76.0 522 1300959745
Result 1 59.0 623 821568402
Result 1 77.0 707 414667499
Result 0 46.0 432 -669896025
Result 1 61.0 787 -1683404830
Result 1 65.0 535 1618604200
Result 1 70.0 521 947381476
Result 0 60.0 786 -554105182
Result 0 38.0 401 863308959
Result 1 67.0 608 -1608114943
Result 1 44.0 545 -1062000555
Result 1 40.0 548 1570890924
Result 0 3.0 148 -1886182169
Result 0 33.0 384 1605310878
Result 1 40.0 601 367506396
Result 1 40.0 643 -750465282
Result 0 5.0 142 -720551764
Result 0 27.0 309 -1087877970
Result 1 40.0 730 1858325558
Result 1 40.0 432 397832440
Result 0 15.0 250 113501810
Result 1 40.0 510 1360803357
Result 0 15.0 208 -790445355
Result 1 40.0 515 -1886674359
Result 1 40.0 542 1443870812
Result 1 40.0 492 1274238994
Result 1 40.0 617 450802916
Result 1 40.0 530 -1296157093
Result 0 27.0 295 -1619729327
Result 1 40.0 621 1610600953
Result 0 43.0 490 -1380717246
Result 1 65.0 522 -906226629
Result 1 59.0 752 1981532636
Result 1 53.0 743 -768533846
Result 1 64.0 598 -702104357
Result 1 68.0 535 -176791838
Result 0 52.0 851 1534876368
Result 1 61.0 504 -322336308
Result 1 59.0 798 316608324
Result 0 50.0 898 2049881840
Result 1 72.0 509 -205799455
Result 1 68.0 463 -2135862540
Result 1 51.0 430 809256130
Result 0 52.0 752 -581422124
Result 0 51.0 938 1191217057
Result 1 64.0 554 2131698979
Result 1 54.0 602 1925524627
Result 0 36.0 443 -870343152
Result 1 70.0 497 1339833041
Result 1 68.0 437 1627006674
