Result 1 1.0 20 -1609015131
Result 1 1.0 62 -1372433266
Result 1 1.0 33 736855941
Result 1 1.0 19 275104590
Result 1 1.0 16 -1838338093
Result 1 1.0 21 -1043113939
Result 1 1.0 17 -1617770142
Result 1 1.0 66 -1708077154
Result 1 1.0 10 -764408862
Result 1 1.0 7 -1433356025
Result 1 1.0 22 246292196
Result 1 1.0 33 214764305
Result 1 1.0 44 -280135270
Result 1 1.0 8 -1677935910
Result 1 1.0 57 -1658506569
Result 1 1.0 13 -762360482
Result 1 1.0 15 387176389
Result 1 1.0 16 76381975
Result 1 1.0 37 -605840424
Result 1 1.0 25 1278290312
Result 1 1.0 1132 1133177202
Result 0 0.0 2000 -138186943
Result 0 0.0 2000 -1286202133
Result 0 0.0 2000 692770131
Result 0 0.0 2000 1083446033
Result 0 0.0 2000 1265018615
Result 0 0.0 2000 185929842
Result 0 0.0 2000 -619251913
Result 0 0.0 2000 1537690962
Result 0 0.0 2000 -955060983
Result 0 0.0 2000 1786824146
Result 0 0.0 2000 -1196027681
Result 1 1.0 269 -1525344392
Result 0 0.0 2000 548541772
Result 0 0.0 2000 -1371829622
Result 0 0.0 2000 -1694623678
Result 0 0.0 2000 -818437654
Result 0 0.0 2000 1783150106
Result 0 0.0 2000 231256325
Result 0 0.0 2000 -430499062
Result 0 0.0 2000 -442747040
Result 0 0.0 2000 977127773
Result 0 0.0 2000 -1286384042
Result 0 0.0 2000 1234337465
Result 0 0.0 2000 -1988883417
Result 0 0.0 2000 -1878039289
Result 0 0.0 2000 1762803703
Result 0 0.0 2000 -2001258894
Result 0 0.0 2000 -1204549168
Result 0 0.0 2000 -1506639970
Result 0 0.0 2000 876749049
Result 0 0.0 2000 1888492309
Result 0 0.0 2000 1952029491
Result 0 0.0 2000 663072992
Result 0 0.0 2000 2083434093
Result 0 0.0 2000 1657648845
Result 0 0.0 2000 417335948
Result 0 0.0 2000 -1534417113
Result 0 0.0 2000 735758243
Result 0 0.0 2000 1039829
Result 0 0.0 2000 1071096849
Result 0 0.0 2000 146087553
Result 0 0.0 2000 1709988444
Result 0 0.0 2000 -1825830169
Result 0 0.0 2000 -1069302784
Result 0 0.0 2000 -225790549
Result 0 0.0 2000 -1255786187
Result 0 0.0 2000 1272863612
Result 0 0.0 2000 1974178864
Result 0 0.0 2000 881769880
Result 0 0.0 2000 -1471193389
Result 0 0.0 2000 -1007426800
Result 0 0.0 2000 1890448884
Result 0 0.0 2000 1054061512
Result 0 0.0 2000 368661351
Result 0 0.0 2000 -686502810
Result 0 0.0 2000 -874644259
Result 0 0.0 2000 -1666122890
Result 0 0.0 2000 -1610959721
Result 0 0.0 2000 526874967
Result 0 0.0 2000 -158821908
Result 0 0.0 2000 10086935
Result 0 0.0 2000 -2089985471
Result 0 0.0 2000 -323425388
Result 0 0.0 2000 -1709206456
Result 0 0.0 2000 87649845
Result 0 0.0 2000 1530044606
Result 0 0.0 2000 1308636015
Result 0 0.0 2000 -580680613
Result 0 0.0 2000 653530154
Result 0 0.0 2000 -2130508178
Result 0 0.0 2000 -1990051664
Result 0 0.0 2000 -171210797
Result 0 0.0 2000 384750309
Result 0 0.0 2000 -996344773
Result 0 0.0 2000 -1941164789
Result 0 0.0 2000 1940940047
Result 0 0.0 2000 -2127876550
Result 0 0.0 2000 -2118434620
Result 0 0.0 2000 876253788
