Result 0 49.0 442 499536929
Result 0 21.0 382 -1831388323
Result 0 10.0 442 -1704580009
Result 0 54.0 910 411150060
Result 0 1021.0 632 -759882243
Result 0 5.0 442 -1347517710
Result 0 10.0 352 136818799
Result 1 76.0 1000 159998916
Result 1 2047.0 1000 -537323029
Result 0 30.0 442 11926837
Result 0 33.0 858 274906757
Result 0 46.0 598 -1777360060
Result 0 15.0 442 1370781203
Result 0 14.0 442 1843861524
Result 0 9.0 442 -1650476301
Result 0 5.0 150 1458634018
Result 0 12.0 442 -634074053
Result 0 1046.0 728 257808206
Result 0 7.0 242 -1433356607
Result 0 3.0 279 -1260010301
Result 0 30.0 572 496110251
Result 0 17.0 442 1690615333
Result 1 2041.0 1000 -182273311
Result 0 18.0 442 -1451660511
Result 1 1042.0 1000 -1116777350
Result 0 21.0 442 1118153061
Result 1 2033.0 1000 -1716156432
Result 0 22.0 442 -1079460924
Result 0 19.0 442 1992719231
Result 0 31.0 632 -1154028237
Result 1 1044.0 1000 -1786409710
Result 0 32.0 442 -1886463457
Result 1 1050.0 1000 717000672
Result 0 16.0 442 1889424962
Result 0 15.0 411 500915101
Result 0 21.0 442 1774362928
Result 0 6.0 292 842515711
Result 0 44.0 442 1058517370
Result 1 47.0 1000 247319688
Result 1 63.0 1000 163652893
Result 1 4026.0 1000 1884803957
Result 0 27.0 572 1806822803
Result 0 24.0 546 1610626097
Result 0 19.0 442 -834554567
Result 1 2021.0 1000 -1379052583
Result 0 1039.0 780 -1781625342
Result 0 18.0 442 160812656
Result 1 3028.0 1000 1406111773
Result 1 2041.0 1000 -419653445
Result 0 19.0 442 1113419372
Result 0 19.0 442 1296809212
Result 0 20.0 624 -2048222899
Result 0 13.0 466 82907770
Result 0 16.0 442 932143063
Result 0 13.0 427 -2052149241
Result 1 2031.0 1000 -1151405483
Result 0 2031.0 792 186999457
Result 1 4017.0 1000 -1952375538
Result 0 0.0 90 -867317126
Result 1 4029.0 1000 1925721641
Result 0 3104.0 922 -1812222161
Result 0 3.0 137 598870534
Result 1 4094.0 1000 1634219750
Result 0 2.0 101 2003586611
Result 0 2044.0 613 -486056989
Result 0 10.0 164 -898679799
Result 0 12.0 164 -1364802919
Result 1 6078.0 1000 -1436388019
Result 1 6101.0 1000 294447084
Result 1 3095.0 1000 -1440552861
Result 0 41.0 442 1596912108
Result 1 4078.0 1000 -162522171
Result 1 6073.0 1000 -779993541
Result 0 12.0 442 766811676
Result 1 5095.0 1000 631106120
Result 0 15.0 229 -886212336
Result 0 1036.0 528 -1916932649
Result 0 39.0 442 -1194972050
Result 0 13.0 196 1569529485
Result 0 9.0 193 385260707
Result 1 6042.0 1000 -1023804638
Result 0 1027.0 647 -1446191603
Result 0 2033.0 952 1105835941
Result 1 5033.0 1000 492412328
Result 1 3042.0 1000 1653401582
Result 0 8.0 442 474509978
Result 0 15.0 442 1179825092
Result 0 19.0 442 -575900098
Result 1 6032.0 1000 496167274
Result 0 1017.0 681 -646655795
Result 1 5046.0 1000 764094118
Result 1 7035.0 1000 -1793669535
Result 0 16.0 442 643067796
Result 1 6052.0 1000 1123401275
Result 0 14.0 442 -1491004403
Result 0 4.0 114 1705400240
Result 1 5062.0 1000 -257263958
Result 1 4048.0 1000 -930387974
Result 1 7035.0 1000 19042449
Result 1 3027.0 1000 -624361181
