Evo 1.23 0.00 1.00 0.92 1.00 1.00 1.00 0.27 0.03 0.18 0.01 0.17 -1 4
Result 0 2.0 77 0.38 0.15 0.13 0.15 0.21 0.19 0.17 -1 -1 -1 -1
Evo 1.02 0.00 1.00 0.99 1.00 1.00 1.00 0.08 0.00 0.12 0.29 0.51 -1 5
Result 0 14.0 2000 0.43 0.17 0.17 0.17 0.16 0.17 0.17 -1 -1 -1 -1
Evo 1.06 0.00 1.00 0.97 1.00 1.00 1.00 0.17 0.01 0.24 0.06 0.25 -1 4
Result 0 4.0 167 0.46 0.19 0.16 0.18 0.17 0.19 0.10 -1 -1 -1 -1
Evo 1.02 0.00 1.00 0.99 1.00 1.00 1.00 0.08 0.00 0.04 0.23 0.50 -1 4
Result 0 14.0 2000 0.43 0.16 0.16 0.16 0.17 0.17 0.18 -1 -1 -1 -1
Evo 1.26 0.00 1.00 0.90 1.00 1.00 1.00 0.31 0.04 0.53 0.02 0.15 -1 4
Result 0 1.0 47 0.38 0.21 0.13 0.21 0.13 0.15 0.19 -1 -1 -1 -1
Evo 1.03 0.00 1.00 0.99 1.00 1.00 1.00 0.08 0.00 0.09 0.28 0.56 -1 4
Result 0 14.0 2000 0.43 0.17 0.18 0.17 0.16 0.16 0.17 -1 -1 -1 -1
Evo 1.03 0.00 1.00 0.99 1.00 1.00 1.00 0.08 0.00 0.04 0.26 0.40 -1 4
Result 0 14.0 2000 0.43 0.17 0.17 0.17 0.15 0.17 0.18 -1 -1 -1 -1
Evo 1.02 0.00 1.00 0.99 1.00 1.00 1.00 0.08 0.00 0.06 0.21 0.35 -1 4
Result 0 14.0 2000 0.42 0.16 0.15 0.18 0.17 0.17 0.17 -1 -1 -1 -1
Evo 1.06 0.00 1.00 0.98 1.00 1.00 1.00 0.14 0.01 0.22 0.08 0.28 -1 4
Result 0 8.0 257 0.42 0.22 0.16 0.15 0.14 0.18 0.15 -1 -1 -1 -1
Evo 1.01 0.00 1.00 0.99 1.00 1.00 1.00 0.08 0.00 0.09 0.21 0.39 -1 4
Result 0 14.0 2000 0.43 0.16 0.16 0.18 0.16 0.17 0.17 -1 -1 -1 -1
Evo 1.15 0.00 1.00 0.98 1.00 1.00 1.00 0.14 0.01 0.25 0.10 0.38 -1 4
Result 0 6.0 257 0.42 0.19 0.16 0.11 0.16 0.20 0.18 -1 -1 -1 -1
Evo 1.02 0.00 1.00 0.99 1.00 1.00 1.00 0.08 0.00 0.11 0.24 0.37 -1 4
Result 0 14.0 2000 0.43 0.17 0.17 0.16 0.17 0.17 0.16 -1 -1 -1 -1
Evo 1.02 0.00 1.00 0.99 1.00 1.00 1.00 0.08 0.00 0.08 0.20 0.30 -1 4
Result 0 14.0 2000 0.44 0.16 0.17 0.17 0.18 0.15 0.17 -1 -1 -1 -1
Evo 1.11 0.00 1.00 0.97 1.00 1.00 1.00 0.17 0.01 0.32 0.03 0.15 -1 4
Result 0 4.0 167 0.47 0.21 0.18 0.18 0.10 0.15 0.17 -1 -1 -1 -1
Evo 1.25 0.00 1.00 0.98 1.00 1.00 1.00 0.15 0.01 0.40 0.07 0.19 -1 4
Result 0 4.0 215 0.44 0.15 0.17 0.13 0.16 0.18 0.21 -1 -1 -1 -1
Evo 1.07 0.00 1.00 0.98 1.00 1.00 1.00 0.15 0.01 0.30 0.05 0.17 -1 4
Result 0 6.0 215 0.43 0.16 0.19 0.15 0.22 0.15 0.14 -1 -1 -1 -1
Evo 1.09 0.00 1.00 0.98 1.00 1.00 1.00 0.14 0.01 0.34 0.04 0.14 -1 4
Result 0 8.0 257 0.43 0.17 0.15 0.14 0.22 0.14 0.19 -1 -1 -1 -1
Evo 1.01 0.00 1.00 0.99 1.00 1.00 1.00 0.08 0.00 0.10 0.32 0.56 -1 4
Result 0 14.0 2000 0.43 0.16 0.16 0.16 0.15 0.18 0.18 -1 -1 -1 -1
Evo 1.20 0.00 1.00 0.97 1.00 1.00 1.00 0.16 0.01 0.36 0.04 0.22 -1 4
Result 0 4.0 197 0.40 0.14 0.14 0.23 0.16 0.17 0.16 -1 -1 -1 -1
Evo 1.06 0.50 1.00 0.99 1.00 1.00 1.00 0.06 0.00 0.20 0.28 0.73 1079 4
Result 1 14.0 1125 0.43 0.16 0.14 0.16 0.17 0.19 0.17 -1 -1 -1 -1
Evo 1.44 0.00 0.50 0.47 0.50 0.50 0.50 0.11 0.01 0.46 0.04 0.15 -1 46
Result 0 1.0 95 0.39 0.14 0.09 0.21 0.25 0.19 0.13 -1 -1 -1 -1
Evo 1.29 0.00 0.50 0.48 0.50 0.50 0.50 0.10 0.01 0.47 0.04 0.24 -1 46
Result 0 4.0 119 0.47 0.21 0.15 0.19 0.13 0.15 0.17 -1 -1 -1 -1
Evo 1.04 0.00 0.50 0.49 0.50 0.50 0.50 0.08 0.01 0.24 0.05 0.25 -1 154
Result 0 5.0 191 0.46 0.19 0.15 0.21 0.15 0.13 0.17 -1 -1 -1 -1
Evo 1.18 0.00 0.50 0.47 0.50 0.50 0.50 0.12 0.01 0.45 0.04 0.18 -1 46
Result 0 1.0 89 0.40 0.19 0.14 0.20 0.16 0.19 0.12 -1 -1 -1 -1
Evo 1.03 0.50 1.00 0.51 0.50 0.50 0.50 0.06 0.00 0.03 0.28 0.68 1144 154
Result 1 14.0 1169 0.42 0.16 0.17 0.20 0.15 0.16 0.16 -1 -1 -1 -1
Evo 1.19 0.00 0.50 0.49 0.50 0.50 0.50 0.09 0.01 0.24 0.05 0.19 -1 16
Result 0 5.0 167 0.46 0.20 0.13 0.20 0.14 0.15 0.18 -1 -1 -1 -1
Evo 1.04 0.50 1.00 0.50 0.50 0.50 0.50 0.04 0.00 0.02 0.29 0.68 1463 16
Result 1 14.0 1474 0.42 0.17 0.16 0.18 0.16 0.16 0.18 -1 -1 -1 -1
Evo 1.16 0.00 0.50 0.49 0.50 0.50 0.50 0.07 0.00 0.26 0.05 0.24 -1 46
Result 0 6.0 221 0.39 0.21 0.14 0.14 0.17 0.12 0.23 -1 -1 -1 -1
Evo 1.03 0.00 0.50 0.50 0.50 0.50 0.50 0.04 0.00 0.06 0.34 0.64 -1 76
Result 0 14.0 2000 0.43 0.16 0.16 0.18 0.17 0.16 0.17 -1 -1 -1 -1
Evo 1.02 0.00 0.50 0.50 0.50 0.50 0.50 0.04 0.00 0.03 0.23 0.36 -1 47
Result 0 14.0 2000 0.43 0.16 0.16 0.17 0.17 0.17 0.16 -1 -1 -1 -1
Evo 1.02 0.00 0.50 0.50 0.50 0.50 0.50 0.04 0.00 0.06 0.31 0.47 -1 154
Result 0 14.0 2000 0.42 0.16 0.17 0.17 0.16 0.18 0.17 -1 -1 -1 -1
Evo 1.27 0.00 0.50 0.49 0.50 0.50 0.50 0.08 0.01 0.31 0.06 0.22 -1 16
Result 0 5.0 197 0.43 0.17 0.13 0.17 0.20 0.15 0.18 -1 -1 -1 -1
Evo 1.28 0.00 0.50 0.47 0.50 0.50 0.50 0.11 0.01 0.50 0.03 0.11 -1 46
Result 0 3.0 114 0.48 0.19 0.22 0.14 0.12 0.18 0.15 -1 -1 -1 -1
Evo 1.01 0.00 0.50 0.50 0.50 0.50 0.50 0.04 0.00 0.03 0.18 0.34 -1 46
Result 0 14.0 2000 0.41 0.17 0.15 0.17 0.18 0.17 0.16 -1 -1 -1 -1
Evo 1.32 0.00 0.50 0.46 0.50 0.50 0.50 0.14 0.02 0.22 0.02 0.14 -1 46
Result 0 2.0 59 0.52 0.13 0.28 0.17 0.22 0.05 0.15 -1 -1 -1 -1
Evo 1.02 0.00 0.50 0.50 0.50 0.50 0.50 0.04 0.00 0.06 0.27 0.45 -1 76
Result 0 14.0 2000 0.43 0.16 0.16 0.17 0.17 0.16 0.17 -1 -1 -1 -1
Evo 1.02 0.00 0.50 0.50 0.50 0.50 0.50 0.04 0.00 0.02 0.29 0.46 -1 46
Result 0 14.0 2000 0.42 0.17 0.16 0.16 0.17 0.17 0.17 -1 -1 -1 -1
Evo 1.02 0.00 0.50 0.50 0.50 0.50 0.50 0.04 0.00 0.04 0.33 0.61 -1 46
Result 0 14.0 2000 0.44 0.17 0.18 0.16 0.16 0.16 0.16 -1 -1 -1 -1
Evo 1.22 0.00 0.50 0.47 0.50 0.50 0.50 0.12 0.01 0.16 0.04 0.18 -1 16
Result 0 3.0 89 0.40 0.14 0.16 0.20 0.22 0.19 0.09 -1 -1 -1 -1
Evo 1.01 0.00 0.50 0.50 0.50 0.50 0.50 0.04 0.00 0.04 0.37 0.63 -1 46
Result 0 14.0 2000 0.42 0.16 0.16 0.18 0.17 0.16 0.16 -1 -1 -1 -1
Evo 1.23 0.00 0.50 0.49 0.50 0.50 0.50 0.07 0.00 0.37 0.08 0.28 -1 16
Result 0 9.0 264 0.39 0.17 0.13 0.16 0.22 0.13 0.20 -1 -1 -1 -1
Evo 1.12 0.50 1.00 0.50 0.50 0.50 0.50 0.04 0.00 0.12 0.22 0.67 633 16
Result 1 16.0 677 0.43 0.17 0.16 0.19 0.17 0.14 0.17 -1 -1 -1 -1
Evo 1.15 0.00 0.50 0.48 0.50 0.50 0.50 0.09 0.01 0.28 0.04 0.20 -1 16
Result 0 5.0 155 0.46 0.20 0.20 0.19 0.15 0.09 0.17 -1 -1 -1 -1
Evo 1.27 0.00 0.50 0.47 0.50 0.50 0.50 0.12 0.01 0.49 0.01 0.14 -1 16
Result 0 3.0 89 0.39 0.13 0.13 0.17 0.18 0.19 0.20 -1 -1 -1 -1
Evo 1.15 0.00 0.50 0.49 0.50 0.50 0.50 0.08 0.01 0.29 0.05 0.21 -1 16
Result 0 5.0 191 0.44 0.14 0.18 0.21 0.17 0.15 0.16 -1 -1 -1 -1
Evo 1.05 0.00 0.50 0.50 0.50 0.50 0.50 0.04 0.00 0.06 0.33 0.59 -1 16
Result 0 16.0 2000 0.43 0.17 0.15 0.19 0.16 0.16 0.17 -1 -1 -1 -1
Evo 1.08 0.00 0.50 0.49 0.50 0.50 0.50 0.08 0.01 0.21 0.04 0.15 -1 16
Result 0 5.0 191 0.47 0.21 0.11 0.16 0.17 0.15 0.20 -1 -1 -1 -1
Evo 1.02 0.00 0.50 0.50 0.50 0.50 0.50 0.04 0.00 0.16 0.17 0.29 -1 16
Result 0 16.0 2000 0.44 0.18 0.15 0.16 0.18 0.15 0.18 -1 -1 -1 -1
Evo 1.21 0.00 0.50 0.49 0.50 0.50 0.50 0.07 0.00 0.26 0.05 0.16 -1 16
Result 0 7.0 264 0.39 0.14 0.15 0.15 0.18 0.19 0.19 -1 -1 -1 -1
Evo 1.17 0.00 0.50 0.49 0.50 0.50 0.50 0.09 0.01 0.26 0.04 0.13 -1 16
Result 0 5.0 167 0.39 0.14 0.14 0.17 0.17 0.17 0.20 -1 -1 -1 -1
Evo 1.21 0.00 0.50 0.49 0.50 0.50 0.50 0.07 0.00 0.18 0.06 0.16 -1 16
Result 0 9.0 269 0.45 0.10 0.18 0.16 0.19 0.22 0.16 -1 -1 -1 -1
Evo 1.04 0.00 0.50 0.50 0.50 0.50 0.50 0.04 0.00 0.06 0.17 0.30 -1 16
Result 0 16.0 2000 0.44 0.18 0.16 0.15 0.18 0.16 0.17 -1 -1 -1 -1
Evo 1.20 0.00 0.50 0.47 0.50 0.50 0.50 0.12 0.01 0.45 0.01 0.13 -1 16
Result 0 3.0 89 0.46 0.20 0.18 0.14 0.13 0.18 0.17 -1 -1 -1 -1
Evo 1.04 0.00 0.50 0.50 0.50 0.50 0.50 0.04 0.00 0.10 0.15 0.26 -1 16
Result 0 16.0 2000 0.44 0.16 0.17 0.16 0.18 0.17 0.15 -1 -1 -1 -1
Evo 1.15 0.00 0.50 0.49 0.50 0.50 0.50 0.08 0.01 0.19 0.03 0.22 -1 16
Result 0 5.0 197 0.44 0.18 0.13 0.15 0.22 0.14 0.19 -1 -1 -1 -1
Evo 1.18 0.00 0.50 0.49 0.50 0.50 0.50 0.07 0.00 0.17 0.06 0.28 -1 142
Result 0 5.0 245 0.41 0.17 0.15 0.21 0.16 0.14 0.17 -1 -1 -1 -1
Evo 1.04 0.00 0.50 0.50 0.50 0.50 0.50 0.04 0.00 0.04 0.24 0.44 -1 16
Result 0 16.0 2000 0.43 0.18 0.17 0.16 0.18 0.15 0.16 -1 -1 -1 -1
Evo 1.09 0.00 0.50 0.49 0.50 0.50 0.50 0.09 0.01 0.15 0.05 0.17 -1 16
Result 0 5.0 167 0.44 0.17 0.13 0.17 0.15 0.18 0.20 -1 -1 -1 -1
Evo 1.03 0.00 0.50 0.50 0.50 0.50 0.50 0.04 0.00 0.05 0.26 0.44 -1 16
Result 0 16.0 2000 0.42 0.16 0.16 0.17 0.16 0.16 0.19 -1 -1 -1 -1
Evo 1.15 0.00 0.50 0.49 0.50 0.50 0.50 0.08 0.01 0.13 0.04 0.18 -1 16
Result 0 5.0 197 0.47 0.20 0.16 0.14 0.19 0.15 0.17 -1 -1 -1 -1
Evo 1.02 0.00 0.50 0.50 0.50 0.50 0.50 0.04 0.00 0.06 0.27 0.41 -1 10
Result 0 14.0 2000 0.43 0.17 0.17 0.17 0.16 0.16 0.17 -1 -1 -1 -1
Evo 1.09 0.00 0.50 0.49 0.50 0.50 0.50 0.09 0.01 0.46 0.04 0.24 -1 154
Result 0 4.0 167 0.49 0.23 0.21 0.14 0.13 0.18 0.11 -1 -1 -1 -1
Evo 1.04 0.00 0.50 0.49 0.50 0.50 0.50 0.09 0.01 0.37 0.03 0.18 -1 154
Result 0 4.0 167 0.42 0.16 0.19 0.15 0.15 0.18 0.17 -1 -1 -1 -1
Evo 1.01 0.00 0.50 0.50 0.50 0.50 0.50 0.04 0.00 0.02 0.24 0.35 -1 10
Result 0 14.0 2000 0.43 0.16 0.16 0.17 0.18 0.17 0.16 -1 -1 -1 -1
Evo 1.01 0.00 0.50 0.50 0.50 0.50 0.50 0.04 0.00 0.09 0.20 0.32 -1 10
Result 0 14.0 2000 0.43 0.16 0.17 0.17 0.16 0.16 0.17 -1 -1 -1 -1
Evo 1.04 0.00 0.50 0.50 0.50 0.50 0.50 0.04 0.00 0.19 0.24 0.39 -1 10
Result 0 14.0 2000 0.42 0.18 0.16 0.17 0.16 0.17 0.17 -1 -1 -1 -1
Evo 1.02 0.00 0.50 0.50 0.50 0.50 0.50 0.04 0.00 0.09 0.34 0.49 -1 6
Result 0 14.0 2000 0.44 0.18 0.17 0.16 0.17 0.18 0.14 -1 -1 -1 -1
Evo 1.05 0.50 1.00 0.50 0.50 0.50 0.50 0.04 0.00 0.06 0.26 0.66 475 10
Result 1 14.0 991 0.43 0.15 0.17 0.15 0.15 0.20 0.19 -1 -1 -1 -1
Evo 1.18 0.00 0.50 0.48 0.50 0.50 0.50 0.10 0.01 0.50 0.03 0.15 -1 10
Result 0 4.0 119 0.44 0.18 0.16 0.15 0.22 0.14 0.16 -1 -1 -1 -1
Evo 1.01 0.00 0.50 0.50 0.50 0.50 0.50 0.04 0.00 0.06 0.33 0.52 -1 34
Result 0 14.0 2000 0.45 0.18 0.17 0.16 0.16 0.15 0.17 -1 -1 -1 -1
Evo 1.05 0.00 0.50 0.50 0.50 0.50 0.50 0.05 0.00 0.40 0.11 0.24 -1 10
Result 0 13.0 569 0.40 0.14 0.19 0.17 0.17 0.18 0.14 -1 -1 -1 -1
Evo 1.10 0.00 0.50 0.49 0.50 0.50 0.50 0.08 0.01 0.32 0.05 0.21 -1 10
Result 0 4.0 215 0.40 0.17 0.14 0.19 0.12 0.19 0.19 -1 -1 -1 -1
Evo 1.19 0.00 0.50 0.49 0.50 0.50 0.50 0.08 0.01 0.34 0.08 0.23 -1 10
Result 0 6.0 215 0.39 0.13 0.13 0.19 0.16 0.22 0.17 -1 -1 -1 -1
Evo 1.02 0.00 0.50 0.50 0.50 0.50 0.50 0.04 0.00 0.07 0.21 0.37 -1 10
Result 0 14.0 2000 0.43 0.17 0.17 0.16 0.17 0.16 0.17 -1 -1 -1 -1
Evo 1.02 0.00 0.50 0.50 0.50 0.50 0.50 0.04 0.00 0.13 0.24 0.40 -1 10
Result 0 14.0 2000 0.42 0.15 0.16 0.17 0.18 0.17 0.17 -1 -1 -1 -1
Evo 1.02 0.00 0.50 0.49 0.50 0.50 0.50 0.09 0.01 0.52 0.04 0.14 -1 10
Result 0 4.0 167 0.43 0.18 0.17 0.18 0.14 0.17 0.16 -1 -1 -1 -1
Evo 1.01 0.00 0.50 0.50 0.50 0.50 0.50 0.04 0.00 0.06 0.19 0.29 -1 10
Result 0 14.0 2000 0.43 0.16 0.17 0.17 0.17 0.16 0.17 -1 -1 -1 -1
Evo 1.03 0.00 0.50 0.50 0.50 0.50 0.50 0.04 0.00 0.11 0.22 0.36 -1 8
Result 0 14.0 2000 0.43 0.16 0.16 0.16 0.17 0.16 0.18 -1 -1 -1 -1
Evo 1.03 0.00 0.50 0.50 0.50 0.50 0.50 0.04 0.00 0.18 0.27 0.48 -1 11
Result 0 14.0 2000 0.44 0.17 0.16 0.17 0.16 0.17 0.17 -1 -1 -1 -1
Evo 1.02 0.00 0.50 0.50 0.50 0.50 0.50 0.04 0.00 0.07 0.23 0.36 -1 10
Result 0 14.0 2000 0.40 0.14 0.17 0.17 0.17 0.17 0.18 -1 -1 -1 -1
Evo 1.02 0.00 0.50 0.50 0.50 0.50 0.50 0.04 0.00 0.04 0.23 0.34 -1 0
Result 0 19.0 2000 0.45 0.18 0.16 0.16 0.17 0.15 0.18 -1 -1 -1 -1
Evo 1.04 0.00 1.00 0.50 0.50 0.50 0.50 0.04 0.00 0.15 0.38 0.69 1983 0
Result 0 19.0 2000 0.44 0.15 0.17 0.16 0.16 0.19 0.17 -1 -1 -1 -1
Evo 1.04 0.00 0.50 0.50 0.50 0.50 0.50 0.04 0.00 0.07 0.35 0.59 -1 1
Result 0 19.0 2000 0.42 0.16 0.17 0.16 0.17 0.17 0.17 -1 -1 -1 -1
Evo 1.19 0.00 0.50 0.49 0.50 0.50 0.50 0.06 0.00 0.26 0.09 0.37 -1 0
Result 0 12.0 293 0.43 0.16 0.19 0.10 0.15 0.20 0.20 -1 -1 -1 -1
Evo 1.23 0.00 0.50 0.49 0.50 0.50 0.50 0.08 0.01 0.37 0.03 0.15 -1 0
Result 0 6.0 173 0.48 0.22 0.18 0.12 0.16 0.14 0.18 -1 -1 -1 -1
Evo 1.03 0.00 0.50 0.50 0.50 0.50 0.50 0.04 0.00 0.06 0.21 0.30 -1 0
Result 0 19.0 2000 0.43 0.17 0.17 0.17 0.16 0.17 0.18 -1 -1 -1 -1
Evo 1.30 0.00 0.50 0.49 0.50 0.50 0.50 0.08 0.01 0.14 0.08 0.30 -1 0
Result 0 10.0 215 0.43 0.17 0.18 0.10 0.14 0.16 0.25 -1 -1 -1 -1
Evo 1.11 0.00 0.50 0.45 0.50 0.50 0.50 0.15 0.02 0.48 0.02 0.12 -1 0
Result 0 3.0 47 0.34 0.10 0.21 0.19 0.13 0.13 0.25 -1 -1 -1 -1
Evo 1.19 0.00 0.50 0.49 0.50 0.50 0.50 0.08 0.01 0.31 0.06 0.30 -1 0
Result 0 8.0 215 0.40 0.14 0.19 0.14 0.17 0.19 0.17 -1 -1 -1 -1
Evo 1.12 0.00 0.50 0.49 0.50 0.50 0.50 0.08 0.01 0.45 0.06 0.19 -1 0
Result 0 8.0 215 0.45 0.15 0.18 0.18 0.14 0.18 0.18 -1 -1 -1 -1
Evo 1.19 0.00 0.50 0.49 0.50 0.50 0.50 0.07 0.00 0.30 0.06 0.20 -1 0
Result 0 8.0 227 0.45 0.18 0.18 0.15 0.17 0.15 0.17 -1 -1 -1 -1
Evo 1.32 0.00 0.50 0.45 0.50 0.50 0.50 0.15 0.02 0.45 0.02 0.12 -1 0
Result 0 2.0 47 0.38 0.13 0.33 0.13 0.13 0.13 0.17 -1 -1 -1 -1
Evo 1.04 0.00 0.50 0.50 0.50 0.50 0.50 0.04 0.00 0.06 0.21 0.32 -1 0
Result 0 19.0 2000 0.42 0.15 0.16 0.18 0.16 0.17 0.17 -1 -1 -1 -1
Evo 1.04 0.00 0.50 0.50 0.50 0.50 0.50 0.04 0.00 0.05 0.28 0.60 -1 0
Result 0 19.0 2000 0.42 0.18 0.16 0.17 0.17 0.16 0.16 -1 -1 -1 -1
Evo 1.22 0.00 0.50 0.49 0.50 0.50 0.50 0.07 0.00 0.37 0.05 0.16 -1 0
Result 0 9.0 257 0.43 0.17 0.18 0.15 0.18 0.12 0.20 -1 -1 -1 -1
Evo 1.02 0.00 0.50 0.50 0.50 0.50 0.50 0.04 0.00 0.10 0.22 0.35 -1 0
Result 0 19.0 2000 0.44 0.17 0.17 0.18 0.17 0.15 0.17 -1 -1 -1 -1
Evo 1.20 0.00 0.50 0.49 0.50 0.50 0.50 0.09 0.01 0.32 0.03 0.15 -1 0
Result 0 8.0 167 0.45 0.18 0.13 0.15 0.12 0.19 0.22 -1 -1 -1 -1
Evo 1.03 0.00 0.50 0.50 0.50 0.50 0.50 0.04 0.00 0.20 0.32 0.51 -1 0
Result 0 19.0 2000 0.43 0.17 0.17 0.17 0.16 0.16 0.18 -1 -1 -1 -1
Evo 1.18 0.00 0.50 0.49 0.50 0.50 0.50 0.07 0.00 0.31 0.07 0.29 -1 0
Result 0 10.0 257 0.45 0.16 0.19 0.12 0.17 0.16 0.20 -1 -1 -1 -1
Evo 1.25 0.00 0.50 0.49 0.50 0.50 0.50 0.08 0.01 0.49 0.03 0.13 -1 0
Result 0 4.0 173 0.42 0.16 0.16 0.16 0.16 0.17 0.20 -1 -1 -1 -1
