Evo 1.10 0.00 1.00 0.98 1.00 1.00 1.00 0.14 0.00 0.35 0.18 0.44 -1 32
Result 0 16.0 2000 0.43 0.17 0.16 0.17 0.16 0.17 0.17 -1 -1 -1 -1
Evo 1.10 0.00 1.00 0.99 1.00 1.00 1.00 0.08 0.00 0.27 0.26 0.60 -1 31
Result 0 20.0 2000 0.43 0.17 0.16 0.16 0.17 0.17 0.17 -1 -1 -1 -1
Evo 1.10 0.00 1.00 0.99 1.00 1.00 1.00 0.08 0.00 0.16 0.20 0.41 -1 83
Result 0 13.0 2000 0.43 0.17 0.17 0.17 0.17 0.15 0.17 -1 -1 -1 -1
Evo 1.08 0.00 1.00 0.99 1.00 1.00 1.00 0.08 0.00 0.04 0.25 0.66 -1 25
Result 0 19.0 2000 0.44 0.17 0.17 0.17 0.16 0.18 0.15 -1 -1 -1 -1
Evo 1.08 0.00 1.00 0.99 1.00 1.00 1.00 0.08 0.00 0.26 0.23 0.47 -1 61
Result 0 28.0 2000 0.43 0.16 0.16 0.17 0.17 0.18 0.17 -1 -1 -1 -1
Evo 1.08 0.00 1.00 0.99 1.00 1.00 1.00 0.08 0.00 0.01 0.25 0.59 -1 18
Result 0 20.0 2000 0.44 0.17 0.17 0.16 0.16 0.18 0.16 -1 -1 -1 -1
Evo 1.08 0.00 1.00 0.99 1.00 1.00 1.00 0.08 0.00 0.02 0.21 0.39 -1 22
Result 0 20.0 2000 0.43 0.17 0.17 0.16 0.17 0.17 0.17 -1 -1 -1 -1
Evo 1.08 0.00 1.00 1.00 1.00 1.00 1.00 0.04 0.00 0.07 0.25 0.63 -1 25
Result 0 25.0 1990 0.43 0.17 0.17 0.17 0.15 0.18 0.17 -1 -1 -1 -1
Evo 1.06 0.00 1.00 1.00 1.00 1.00 1.00 0.05 0.00 0.04 0.21 0.55 -1 25
Result 0 16.0 1991 0.42 0.16 0.16 0.16 0.16 0.18 0.17 -1 -1 -1 -1
Evo 1.05 0.00 1.00 0.99 1.00 1.00 1.00 0.08 0.00 0.06 0.16 0.31 -1 26
Result 0 12.0 2000 0.41 0.15 0.19 0.17 0.16 0.17 0.16 -1 -1 -1 -1
Evo 1.05 0.00 1.00 0.99 1.00 1.00 1.00 0.08 0.00 0.06 0.16 0.32 -1 257
Result 0 10.0 2000 0.43 0.17 0.16 0.17 0.17 0.16 0.18 -1 -1 -1 -1
Evo 1.08 0.00 1.00 0.99 1.00 1.00 1.00 0.08 0.00 0.04 0.24 0.46 -1 203
Result 0 14.0 2000 0.44 0.17 0.17 0.16 0.17 0.17 0.16 -1 -1 -1 -1
Evo 1.04 0.00 1.00 0.99 1.00 1.00 1.00 0.08 0.00 0.04 0.22 0.42 -1 121
Result 0 11.0 2000 0.43 0.17 0.18 0.17 0.16 0.17 0.16 -1 -1 -1 -1
Evo 1.03 0.00 1.00 0.99 1.00 1.00 1.00 0.08 0.00 0.01 0.17 0.36 -1 28
Result 0 10.0 2000 0.43 0.16 0.18 0.17 0.15 0.17 0.16 -1 -1 -1 -1
Evo 1.06 0.00 1.00 0.99 1.00 1.00 1.00 0.08 0.00 0.05 0.19 0.39 -1 193
Result 0 11.0 2000 0.42 0.16 0.17 0.17 0.17 0.16 0.17 -1 -1 -1 -1
Evo 1.03 0.00 1.00 0.99 1.00 1.00 1.00 0.08 0.00 0.02 0.18 0.38 -1 78
Result 0 15.0 2000 0.43 0.17 0.18 0.17 0.16 0.16 0.16 -1 -1 -1 -1
Evo 1.07 0.00 1.00 0.99 1.00 1.00 1.00 0.08 0.00 0.01 0.28 0.73 -1 22
Result 0 23.0 2000 0.43 0.16 0.17 0.15 0.16 0.18 0.18 -1 -1 -1 -1
Evo 1.08 0.00 1.00 0.99 1.00 1.00 1.00 0.08 0.00 0.04 0.26 0.62 -1 128
Result 0 21.0 2000 0.43 0.16 0.16 0.18 0.17 0.18 0.16 -1 -1 -1 -1
Evo 1.12 0.00 1.00 0.99 1.00 1.00 1.00 0.08 0.00 0.02 0.18 0.37 -1 25
Result 0 21.0 2000 0.41 0.15 0.18 0.18 0.15 0.17 0.18 -1 -1 -1 -1
Evo 1.05 0.00 1.00 0.99 1.00 1.00 1.00 0.08 0.00 0.03 0.24 0.52 -1 29
Result 0 18.0 2000 0.43 0.16 0.16 0.17 0.16 0.18 0.17 -1 -1 -1 -1
Evo 1.03 0.00 1.00 0.99 1.00 1.00 1.00 0.08 0.00 0.29 0.25 0.61 -1 6
Result 0 17.0 2000 0.41 0.15 0.18 0.16 0.18 0.17 0.16 -1 -1 -1 -1
Evo 1.05 0.00 1.00 0.99 1.00 1.00 1.00 0.08 0.00 0.10 0.29 0.71 -1 9
Result 0 15.0 2000 0.43 0.17 0.17 0.16 0.16 0.17 0.17 -1 -1 -1 -1
Evo 1.05 0.00 1.00 0.99 1.00 1.00 1.00 0.08 0.00 0.04 0.24 0.65 -1 14
Result 0 14.0 2000 0.41 0.15 0.17 0.17 0.17 0.17 0.17 -1 -1 -1 -1
Evo 1.02 0.00 1.00 0.99 1.00 1.00 1.00 0.08 0.00 0.03 0.20 0.50 -1 4
Result 0 15.0 2000 0.43 0.17 0.15 0.17 0.17 0.17 0.17 -1 -1 -1 -1
Evo 1.07 0.00 1.00 0.99 1.00 1.00 1.00 0.08 0.00 0.02 0.23 0.61 -1 15
Result 0 12.0 2000 0.44 0.17 0.18 0.16 0.15 0.17 0.17 -1 -1 -1 -1
Evo 1.05 0.00 1.00 0.99 1.00 1.00 1.00 0.08 0.00 0.05 0.22 0.57 -1 4
Result 0 13.0 2000 0.43 0.17 0.17 0.16 0.17 0.16 0.17 -1 -1 -1 -1
Evo 1.04 0.00 1.00 0.99 1.00 1.00 1.00 0.09 0.00 0.04 0.22 0.51 -1 3
Result 0 15.0 2000 0.44 0.18 0.17 0.18 0.15 0.17 0.15 -1 -1 -1 -1
Evo 1.07 0.00 1.00 0.99 1.00 1.00 1.00 0.07 0.00 0.01 0.26 0.61 -1 6
Result 0 23.0 1996 0.42 0.16 0.16 0.15 0.17 0.18 0.18 -1 -1 -1 -1
Evo 1.08 0.00 1.00 0.99 1.00 1.00 1.00 0.08 0.00 0.42 0.27 0.67 -1 6
Result 0 15.0 2000 0.43 0.16 0.16 0.16 0.16 0.19 0.16 -1 -1 -1 -1
Evo 1.09 0.00 1.00 0.99 1.00 1.00 1.00 0.08 0.00 0.49 0.28 0.75 -1 20
Result 0 14.0 2000 0.43 0.16 0.17 0.16 0.17 0.15 0.18 -1 -1 -1 -1
Evo 1.07 0.00 1.00 0.99 1.00 1.00 1.00 0.08 0.00 0.05 0.24 0.61 -1 13
Result 0 21.0 2000 0.43 0.16 0.17 0.17 0.16 0.16 0.18 -1 -1 -1 -1
Evo 1.04 0.00 1.00 0.99 1.00 1.00 1.00 0.08 0.00 0.53 0.19 0.47 -1 5
Result 0 13.0 2000 0.41 0.15 0.16 0.19 0.17 0.18 0.16 -1 -1 -1 -1
Evo 1.05 0.00 1.00 0.99 1.00 1.00 1.00 0.08 0.00 0.40 0.25 0.66 -1 6
Result 0 14.0 2000 0.42 0.16 0.17 0.16 0.16 0.18 0.17 -1 -1 -1 -1
Evo 1.05 0.00 1.00 0.99 1.00 1.00 1.00 0.08 0.00 0.04 0.25 0.57 -1 5
Result 0 17.0 2000 0.45 0.19 0.15 0.18 0.15 0.15 0.17 -1 -1 -1 -1
Evo 1.06 0.00 1.00 0.99 1.00 1.00 1.00 0.08 0.00 0.35 0.28 0.70 -1 10
Result 0 45.0 2000 0.41 0.15 0.17 0.17 0.17 0.17 0.16 -1 -1 -1 -1
Evo 1.04 0.00 1.00 0.99 1.00 1.00 1.00 0.08 0.00 0.03 0.27 0.67 -1 23
Result 0 13.0 2000 0.42 0.16 0.17 0.16 0.17 0.17 0.17 -1 -1 -1 -1
Evo 1.04 0.00 1.00 0.99 1.00 1.00 1.00 0.08 0.00 0.05 0.22 0.57 -1 8
Result 0 20.0 2000 0.45 0.18 0.17 0.15 0.17 0.15 0.17 -1 -1 -1 -1
Evo 1.04 0.00 1.00 0.99 1.00 1.00 1.00 0.08 0.00 0.04 0.22 0.51 -1 21
Result 0 16.0 2000 0.43 0.17 0.15 0.17 0.17 0.17 0.17 -1 -1 -1 -1
Evo 1.08 0.00 1.00 1.00 1.00 1.00 1.00 0.06 0.00 0.08 0.22 0.53 -1 21
Result 0 39.0 1993 0.43 0.17 0.18 0.16 0.16 0.17 0.16 -1 -1 -1 -1
Evo 1.03 0.00 1.00 0.99 1.00 1.00 1.00 0.08 0.00 0.04 0.20 0.48 -1 10
Result 0 15.0 2000 0.43 0.16 0.16 0.17 0.17 0.16 0.17 -1 -1 -1 -1
Evo 1.14 0.00 1.00 0.99 1.00 1.00 1.00 0.08 0.00 0.03 0.30 0.78 -1 15
Result 0 25.0 2000 0.44 0.17 0.15 0.18 0.17 0.16 0.17 -1 -1 -1 -1
Evo 1.11 0.00 1.00 0.99 1.00 1.00 1.00 0.08 0.00 0.29 0.33 0.82 -1 22
Result 0 27.0 2000 0.41 0.15 0.17 0.17 0.16 0.18 0.17 -1 -1 -1 -1
Evo 1.13 0.00 1.00 0.99 1.00 1.00 1.00 0.08 0.00 0.44 0.37 0.94 -1 11
Result 0 37.0 2000 0.41 0.15 0.16 0.17 0.17 0.15 0.19 -1 -1 -1 -1
Evo 1.14 0.00 1.00 0.99 1.00 1.00 1.00 0.08 0.00 0.05 0.29 0.77 -1 85
Result 0 30.0 2000 0.44 0.17 0.16 0.17 0.17 0.17 0.16 -1 -1 -1 -1
Evo 1.13 0.00 1.00 0.99 1.00 1.00 1.00 0.08 0.00 0.04 0.29 0.82 -1 27
Result 0 29.0 2000 0.44 0.17 0.16 0.16 0.17 0.17 0.16 -1 -1 -1 -1
Evo 1.08 0.00 1.00 0.99 1.00 1.00 1.00 0.08 0.00 0.03 0.30 0.75 -1 11
Result 0 23.0 2000 0.43 0.17 0.17 0.16 0.18 0.15 0.17 -1 -1 -1 -1
Evo 1.11 0.00 1.00 0.99 1.00 1.00 1.00 0.08 0.00 0.02 0.34 0.83 -1 5
Result 0 26.0 2000 0.42 0.15 0.16 0.17 0.16 0.17 0.19 -1 -1 -1 -1
Evo 1.07 0.00 1.00 0.99 1.00 1.00 1.00 0.08 0.00 0.04 0.28 0.70 -1 18
Result 0 25.0 2000 0.43 0.17 0.17 0.16 0.17 0.16 0.17 -1 -1 -1 -1
Evo 1.11 0.00 1.00 0.99 1.00 1.00 1.00 0.08 0.00 0.02 0.39 0.89 -1 4
Result 0 32.0 2000 0.43 0.17 0.17 0.16 0.16 0.17 0.17 -1 -1 -1 -1
Evo 1.07 0.00 1.00 0.99 1.00 1.00 1.00 0.08 0.00 0.04 0.30 0.73 -1 19
Result 0 23.0 2000 0.43 0.17 0.17 0.16 0.15 0.17 0.18 -1 -1 -1 -1
Evo 1.04 0.00 1.00 1.00 1.00 1.00 1.00 0.02 0.00 0.01 0.13 0.44 -1 20
Result 0 8.0 1987 0.42 0.16 0.15 0.16 0.19 0.17 0.17 -1 -1 -1 -1
Evo 1.10 0.00 1.00 0.99 1.00 1.00 1.00 0.08 0.00 0.02 0.33 0.81 -1 6
Result 0 28.0 2000 0.43 0.17 0.16 0.16 0.17 0.17 0.17 -1 -1 -1 -1
Evo 1.11 0.00 1.00 0.99 1.00 1.00 1.00 0.08 0.00 0.08 0.29 0.71 -1 11
Result 0 22.0 2000 0.41 0.15 0.17 0.18 0.16 0.17 0.18 -1 -1 -1 -1
Evo 1.13 0.00 1.00 0.99 1.00 1.00 1.00 0.08 0.00 0.02 0.33 0.86 -1 51
Result 0 38.0 1999 0.44 0.17 0.17 0.15 0.17 0.17 0.17 -1 -1 -1 -1
Evo 1.13 0.00 1.00 0.99 1.00 1.00 1.00 0.08 0.00 0.06 0.35 0.82 -1 69
Result 0 32.0 2000 0.42 0.16 0.17 0.17 0.16 0.17 0.17 -1 -1 -1 -1
Evo 1.09 0.00 1.00 0.99 1.00 1.00 1.00 0.08 0.00 0.48 0.29 0.72 -1 10
Result 0 25.0 2000 0.43 0.17 0.16 0.17 0.15 0.18 0.18 -1 -1 -1 -1
Evo 1.11 0.00 1.00 1.00 1.00 1.00 1.00 0.07 0.00 0.03 0.27 0.79 -1 14
Result 0 26.0 1995 0.43 0.17 0.16 0.15 0.17 0.19 0.16 -1 -1 -1 -1
Evo 1.12 0.00 1.00 0.99 1.00 1.00 1.00 0.08 0.00 0.08 0.35 0.84 -1 33
Result 0 28.0 2000 0.44 0.18 0.16 0.16 0.18 0.17 0.16 -1 -1 -1 -1
Evo 1.15 0.00 1.00 1.00 1.00 1.00 1.00 0.05 0.00 0.21 0.12 0.43 -1 0
Result 0 13.0 683 0.42 0.16 0.15 0.18 0.15 0.17 0.18 -1 -1 -1 -1
Evo 1.13 0.00 1.00 0.99 1.00 1.00 1.00 0.08 0.00 0.07 0.34 0.84 -1 48
Result 0 31.0 2000 0.44 0.18 0.17 0.16 0.16 0.17 0.17 -1 -1 -1 -1
Evo 1.04 0.00 1.00 0.99 1.00 1.00 1.00 0.08 0.00 0.38 0.27 0.69 -1 98
Result 0 3.0 2000 0.42 0.16 0.18 0.15 0.17 0.16 0.18 -1 -1 -1 -1
Evo 1.01 0.00 1.00 0.99 1.00 1.00 1.00 0.08 0.00 0.52 0.29 0.78 -1 89
Result 0 7.0 2000 0.44 0.17 0.18 0.17 0.17 0.17 0.14 -1 -1 -1 -1
Evo 1.03 0.00 1.00 0.99 1.00 1.00 1.00 0.08 0.00 0.01 0.19 0.43 -1 94
Result 0 7.0 2000 0.43 0.17 0.16 0.17 0.16 0.17 0.17 -1 -1 -1 -1
Evo 1.02 0.00 1.00 0.99 1.00 1.00 1.00 0.08 0.00 0.08 0.24 0.57 -1 91
Result 0 12.0 2000 0.43 0.17 0.17 0.16 0.16 0.18 0.16 -1 -1 -1 -1
Evo 1.11 0.00 1.00 1.00 1.00 1.00 1.00 0.06 0.00 0.44 0.11 0.30 -1 94
Result 0 0.0 1463 0.44 0.17 0.15 0.17 0.18 0.17 0.15 -1 -1 -1 -1
Evo 1.03 0.00 1.00 0.99 1.00 1.00 1.00 0.08 0.00 0.52 0.30 0.83 -1 90
Result 0 3.0 2000 0.43 0.16 0.17 0.16 0.18 0.17 0.16 -1 -1 -1 -1
Evo 1.03 0.00 1.00 0.99 1.00 1.00 1.00 0.08 0.00 0.32 0.17 0.36 -1 84
Result 0 3.0 2000 0.44 0.17 0.16 0.17 0.17 0.16 0.16 -1 -1 -1 -1
Evo 1.03 0.00 1.00 0.99 1.00 1.00 1.00 0.09 0.00 0.52 0.22 0.50 -1 107
Result 0 10.0 2000 0.44 0.17 0.16 0.17 0.16 0.17 0.17 -1 -1 -1 -1
Evo 1.02 0.00 1.00 0.99 1.00 1.00 1.00 0.08 0.00 0.21 0.20 0.57 -1 84
Result 0 3.0 2000 0.43 0.17 0.18 0.17 0.16 0.16 0.16 -1 -1 -1 -1
Evo 1.02 0.00 1.00 0.99 1.00 1.00 1.00 0.08 0.00 0.24 0.20 0.52 -1 99
Result 0 4.0 2000 0.43 0.16 0.17 0.16 0.17 0.18 0.16 -1 -1 -1 -1
Evo 1.03 0.00 1.00 0.99 1.00 1.00 1.00 0.08 0.00 0.01 0.30 0.75 -1 101
Result 0 14.0 2000 0.44 0.18 0.18 0.16 0.16 0.17 0.16 -1 -1 -1 -1
Evo 1.02 0.00 1.00 0.99 1.00 1.00 1.00 0.08 0.00 0.15 0.28 0.72 -1 128
Result 0 4.0 2000 0.41 0.15 0.17 0.16 0.16 0.18 0.17 -1 -1 -1 -1
Evo 1.05 0.00 1.00 0.99 1.00 1.00 1.00 0.08 0.00 0.31 0.24 0.52 -1 84
Result 0 2.0 2000 0.44 0.18 0.17 0.17 0.15 0.17 0.16 -1 -1 -1 -1
Evo 1.01 0.00 1.00 0.99 1.00 1.00 1.00 0.08 0.00 0.41 0.29 0.73 -1 86
Result 0 3.0 2000 0.41 0.15 0.17 0.15 0.18 0.17 0.17 -1 -1 -1 -1
Evo 1.03 0.00 1.00 0.99 1.00 1.00 1.00 0.08 0.00 0.53 0.24 0.70 -1 93
Result 0 6.0 2000 0.44 0.18 0.17 0.17 0.15 0.17 0.17 -1 -1 -1 -1
Evo 1.01 0.00 1.00 0.99 1.00 1.00 1.00 0.09 0.00 0.36 0.27 0.67 -1 96
Result 0 3.0 2000 0.42 0.16 0.16 0.17 0.18 0.17 0.16 -1 -1 -1 -1
Evo 1.03 0.00 1.00 0.99 1.00 1.00 1.00 0.08 0.00 0.23 0.27 0.69 -1 81
Result 0 5.0 2000 0.41 0.15 0.18 0.17 0.16 0.17 0.17 -1 -1 -1 -1
Evo 1.00 0.00 1.00 0.99 1.00 1.00 1.00 0.08 0.00 0.16 0.24 0.52 -1 68
Result 0 4.0 2000 0.42 0.16 0.18 0.17 0.17 0.17 0.15 -1 -1 -1 -1
Evo 1.00 0.00 1.00 0.99 1.00 1.00 1.00 0.08 0.00 0.14 0.22 0.52 -1 494
Result 0 3.0 2000 0.43 0.16 0.17 0.16 0.16 0.18 0.17 -1 -1 -1 -1
Evo 1.01 0.00 1.00 0.99 1.00 1.00 1.00 0.07 0.00 0.52 0.19 0.45 -1 98
Result 0 1.0 1997 0.43 0.17 0.16 0.18 0.15 0.18 0.16 -1 -1 -1 -1
Evo 1.10 0.00 1.00 0.99 1.00 1.00 1.00 0.08 0.00 0.04 0.24 0.69 -1 79
Result 0 14.0 2000 0.43 0.16 0.18 0.18 0.15 0.17 0.15 -1 -1 -1 -1
Evo 1.09 0.00 1.00 0.99 1.00 1.00 1.00 0.08 0.00 0.02 0.31 0.81 -1 56
Result 0 14.0 2000 0.43 0.17 0.17 0.16 0.15 0.18 0.17 -1 -1 -1 -1
Evo 1.01 0.00 1.00 0.99 1.00 1.00 1.00 0.09 0.00 0.53 0.25 0.52 -1 105
Result 0 2.0 2000 0.43 0.17 0.16 0.17 0.17 0.18 0.15 -1 -1 -1 -1
Evo 1.01 0.00 1.00 0.99 1.00 1.00 1.00 0.08 0.00 0.01 0.33 0.67 -1 148
Result 0 0.0 2000 0.43 0.16 0.17 0.17 0.18 0.16 0.16 -1 -1 -1 -1
Evo 1.01 0.00 1.00 0.99 1.00 1.00 1.00 0.08 0.00 0.36 0.28 0.66 -1 135
Result 0 10.0 2000 0.42 0.16 0.17 0.15 0.17 0.16 0.17 -1 -1 -1 -1
Evo 1.07 0.00 1.00 0.99 1.00 1.00 1.00 0.09 0.00 0.01 0.27 0.73 -1 128
Result 0 25.0 2000 0.44 0.17 0.16 0.18 0.17 0.16 0.16 -1 -1 -1 -1
Evo 1.00 0.00 1.00 0.99 1.00 1.00 1.00 0.08 0.00 0.35 0.20 0.41 -1 136
Result 0 2.0 2000 0.44 0.17 0.16 0.17 0.16 0.16 0.17 -1 -1 -1 -1
Evo 1.06 0.00 1.00 0.99 1.00 1.00 1.00 0.08 0.00 0.03 0.30 0.80 -1 126
Result 0 15.0 2000 0.42 0.16 0.17 0.19 0.15 0.17 0.16 -1 -1 -1 -1
Evo 1.02 0.00 1.00 0.99 1.00 1.00 1.00 0.08 0.00 0.52 0.20 0.42 -1 127
Result 0 6.0 2000 0.44 0.17 0.16 0.17 0.17 0.16 0.16 -1 -1 -1 -1
Evo 1.03 0.00 1.00 0.99 1.00 1.00 1.00 0.08 0.00 0.03 0.31 0.55 -1 117
Result 0 20.0 2000 0.42 0.16 0.15 0.18 0.17 0.17 0.17 -1 -1 -1 -1
Evo 1.03 0.00 1.00 0.99 1.00 1.00 1.00 0.08 0.00 0.32 0.30 0.69 -1 95
Result 0 26.0 2000 0.43 0.17 0.18 0.16 0.16 0.18 0.16 -1 -1 -1 -1
Evo 1.01 0.00 1.00 0.99 1.00 1.00 1.00 0.08 0.00 0.01 0.19 0.40 -1 120
Result 0 2.0 2000 0.42 0.16 0.16 0.17 0.17 0.17 0.17 -1 -1 -1 -1
Evo 1.01 0.00 1.00 0.99 1.00 1.00 1.00 0.08 0.00 0.01 0.27 0.60 -1 110
Result 0 16.0 2000 0.43 0.16 0.17 0.18 0.16 0.17 0.16 -1 -1 -1 -1
Evo 1.01 0.00 1.00 0.99 1.00 1.00 1.00 0.08 0.00 0.10 0.33 0.73 -1 95
Result 0 6.0 2000 0.43 0.17 0.17 0.17 0.17 0.17 0.16 -1 -1 -1 -1
Evo 1.10 0.00 1.00 0.99 1.00 1.00 1.00 0.08 0.00 0.02 0.26 0.65 -1 94
Result 0 25.0 2000 0.43 0.17 0.19 0.16 0.15 0.17 0.16 -1 -1 -1 -1
Evo 1.07 0.00 1.00 0.99 1.00 1.00 1.00 0.08 0.00 0.04 0.30 0.73 -1 146
Result 0 31.0 2000 0.44 0.18 0.16 0.16 0.15 0.18 0.17 -1 -1 -1 -1
Evo 1.02 0.00 1.00 0.99 1.00 1.00 1.00 0.08 0.00 0.27 0.25 0.66 -1 137
Result 0 4.0 2000 0.43 0.16 0.16 0.17 0.17 0.16 0.18 -1 -1 -1 -1
Evo 1.01 0.00 1.00 1.00 1.00 1.00 1.00 0.05 0.00 0.00 0.12 0.34 -1 113
Result 0 -1.0 943 0.42 0.16 0.14 0.19 0.17 0.16 0.17 -1 -1 -1 -1
Evo 1.15 0.00 1.00 0.99 1.00 1.00 1.00 0.08 0.00 0.02 0.39 0.92 -1 80
Result 0 20.0 2000 0.43 0.17 0.17 0.15 0.16 0.17 0.17 -1 -1 -1 -1
Evo 1.10 0.00 1.00 0.99 1.00 1.00 1.00 0.08 0.00 0.02 0.42 0.97 -1 125
Result 0 25.0 2000 0.45 0.19 0.16 0.15 0.16 0.17 0.16 -1 -1 -1 -1
