Evo 1.09 0.00 1.00 0.99 1.00 1.00 1.00 0.09 0.00 0.02 0.08 0.36 -1 0
Result 0 2.0 355 0.42 0.23 0.19 0.24 0.17 0.15 -1 -1 -1 -1 -1
Evo 1.02 0.00 1.00 0.99 1.00 1.00 1.00 0.10 0.00 0.53 0.25 0.44 -1 0
Result 0 3.0 1500 0.46 0.19 0.20 0.22 0.20 0.19 -1 -1 -1 -1 -1
Evo 1.00 0.00 1.00 0.99 1.00 1.00 1.00 0.09 0.00 0.01 0.29 0.54 -1 3
Result 0 1.0 1498 0.47 0.20 0.19 0.18 0.23 0.21 -1 -1 -1 -1 -1
Evo 1.02 0.00 1.00 1.00 1.00 1.00 1.00 0.05 0.00 0.53 0.17 0.43 -1 1
Result 0 2.0 468 0.42 0.22 0.24 0.23 0.15 0.16 -1 -1 -1 -1 -1
Evo 1.19 0.00 1.00 0.99 1.00 1.00 1.00 0.10 0.00 0.53 0.12 0.47 -1 0
Result 0 2.0 629 0.43 0.22 0.24 0.20 0.18 0.17 -1 -1 -1 -1 -1
Evo 1.01 0.00 1.00 0.99 1.00 1.00 1.00 0.10 0.00 0.47 0.31 0.49 -1 0
Result 0 3.0 1500 0.46 0.20 0.19 0.22 0.20 0.20 -1 -1 -1 -1 -1
Evo 1.01 0.00 1.00 0.99 1.00 1.00 1.00 0.10 0.00 0.37 0.49 0.67 -1 0
Result 0 3.0 1500 0.45 0.21 0.21 0.20 0.20 0.18 -1 -1 -1 -1 -1
Evo 1.00 1.00 1.00 1.00 1.00 1.00 1.00 0.00 0.00 0.00 0.31 0.56 -1 0
Result 0 1.0 1242 0.48 0.20 0.19 0.18 0.22 0.22 -1 -1 -1 -1 -1
Evo 1.00 0.00 1.00 1.00 1.00 1.00 1.00 0.05 0.00 0.00 0.29 0.50 -1 0
Result 0 1.0 1490 0.47 0.21 0.20 0.18 0.21 0.20 -1 -1 -1 -1 -1
Evo 1.06 0.00 1.00 1.00 1.00 1.00 1.00 0.07 0.00 0.40 0.34 0.56 -1 0
Result 0 1.0 1440 0.45 0.21 0.21 0.19 0.20 0.18 -1 -1 -1 -1 -1
Evo 1.13 0.00 1.00 0.99 1.00 1.00 1.00 0.08 0.00 0.46 0.20 0.54 -1 0
Result 0 2.0 582 0.44 0.19 0.22 0.22 0.19 0.17 -1 -1 -1 -1 -1
Evo 1.01 0.00 1.00 0.99 1.00 1.00 1.00 0.10 0.00 0.41 0.37 0.65 -1 0
Result 0 3.0 1500 0.45 0.21 0.21 0.20 0.20 0.18 -1 -1 -1 -1 -1
Evo 1.00 0.00 1.00 0.99 1.00 1.00 1.00 0.10 0.00 0.01 0.31 0.60 -1 0
Result 0 2.0 1500 0.47 0.19 0.20 0.19 0.21 0.21 -1 -1 -1 -1 -1
Evo 1.03 0.00 1.00 0.99 1.00 1.00 1.00 0.10 0.00 0.39 0.42 0.66 -1 0
Result 0 3.0 1500 0.46 0.22 0.19 0.20 0.19 0.20 -1 -1 -1 -1 -1
Evo 1.02 0.00 1.00 0.99 1.00 1.00 1.00 0.10 0.00 0.02 0.46 0.66 -1 0
Result 0 2.0 1500 0.47 0.22 0.20 0.19 0.19 0.21 -1 -1 -1 -1 -1
Evo 1.06 0.00 1.00 0.99 1.00 1.00 1.00 0.10 0.00 0.01 0.45 0.67 -1 0
Result 0 2.0 1500 0.48 0.20 0.20 0.18 0.21 0.22 -1 -1 -1 -1 -1
Evo 1.00 0.00 1.00 0.99 1.00 1.00 1.00 0.10 0.00 0.01 0.35 0.59 -1 0
Result 0 2.0 1500 0.46 0.20 0.20 0.19 0.22 0.19 -1 -1 -1 -1 -1
Evo 1.00 0.00 1.00 0.99 1.00 1.00 1.00 0.10 0.00 0.01 0.18 0.50 -1 0
Result 0 2.0 1500 0.48 0.19 0.21 0.19 0.19 0.22 -1 -1 -1 -1 -1
Evo 1.00 0.00 1.00 0.99 1.00 1.00 1.00 0.10 0.00 0.01 0.29 0.49 -1 0
Result 0 2.0 1500 0.47 0.19 0.20 0.20 0.20 0.21 -1 -1 -1 -1 -1
Evo 1.00 0.00 1.00 0.99 1.00 1.00 1.00 0.10 0.00 0.01 0.33 0.60 -1 0
Result 0 2.0 1500 0.47 0.19 0.20 0.20 0.20 0.21 -1 -1 -1 -1 -1
Evo 1.02 0.00 1.00 1.00 1.00 1.00 1.00 0.03 0.00 0.51 0.30 0.49 -1 0
Result 0 0.0 864 0.44 0.20 0.18 0.21 0.24 0.18 -1 -1 -1 -1 -1
Evo 1.01 0.00 1.00 1.00 1.00 1.00 1.00 0.04 0.00 0.00 0.31 0.50 -1 0
Result 0 -1.0 1487 0.46 0.22 0.20 0.19 0.19 0.20 -1 -1 -1 -1 -1
Evo 1.01 0.00 1.00 0.99 1.00 1.00 1.00 0.10 0.00 0.03 0.35 0.57 -1 1
Result 0 0.0 1500 0.47 0.20 0.19 0.19 0.21 0.20 -1 -1 -1 -1 -1
Evo 1.04 1.00 1.00 1.00 1.00 1.00 1.00 0.00 0.00 0.00 0.20 0.42 -1 0
Result 0 -1.0 712 0.46 0.18 0.20 0.21 0.21 0.20 -1 -1 -1 -1 -1
Evo 1.10 0.00 1.00 0.98 1.00 1.00 1.00 0.13 0.01 0.03 0.16 0.39 -1 0
Result 0 -1.0 394 0.46 0.20 0.22 0.19 0.20 0.19 -1 -1 -1 -1 -1
Evo 1.00 0.00 1.00 0.99 1.00 1.00 1.00 0.10 0.00 0.01 0.21 0.43 -1 0
Result 0 0.0 1500 0.46 0.19 0.20 0.20 0.21 0.20 -1 -1 -1 -1 -1
Evo 1.01 0.00 1.00 0.99 1.00 1.00 1.00 0.10 0.00 0.46 0.33 0.58 -1 0
Result 0 1.0 1500 0.46 0.20 0.20 0.20 0.21 0.20 -1 -1 -1 -1 -1
Evo 1.04 0.00 1.00 0.99 1.00 1.00 1.00 0.08 0.00 0.42 0.41 0.59 -1 0
Result 0 0.0 1495 0.48 0.19 0.19 0.21 0.19 0.21 -1 -1 -1 -1 -1
Evo 1.09 0.00 1.00 0.99 1.00 1.00 1.00 0.08 0.00 0.53 0.24 0.47 -1 0
Result 0 0.0 573 0.45 0.20 0.19 0.20 0.23 0.18 -1 -1 -1 -1 -1
Evo 1.03 0.00 1.00 0.99 1.00 1.00 1.00 0.10 0.00 0.02 0.36 0.55 -1 0
Result 0 0.0 1500 0.46 0.21 0.20 0.20 0.19 0.19 -1 -1 -1 -1 -1
Evo 1.14 0.00 1.00 0.99 1.00 1.00 1.00 0.10 0.00 0.52 0.32 0.57 -1 0
Result 0 0.0 817 0.47 0.21 0.17 0.22 0.20 0.20 -1 -1 -1 -1 -1
Evo 1.02 0.00 1.00 0.99 1.00 1.00 1.00 0.10 0.01 0.01 0.06 0.27 -1 0
Result 0 -1.0 104 0.51 0.18 0.19 0.20 0.16 0.27 -1 -1 -1 -1 -1
Evo 1.00 0.00 1.00 0.99 1.00 1.00 1.00 0.10 0.00 0.01 0.23 0.49 -1 0
Result 0 0.0 1500 0.48 0.20 0.19 0.19 0.20 0.22 -1 -1 -1 -1 -1
Evo 1.08 0.00 1.00 1.00 1.00 1.00 1.00 0.06 0.00 0.53 0.30 0.53 -1 0
Result 0 1.0 1145 0.45 0.21 0.22 0.19 0.19 0.19 -1 -1 -1 -1 -1
Evo 1.02 1.00 1.00 1.00 1.00 1.00 1.00 0.00 0.00 0.08 0.16 0.44 -1 0
Result 0 -1.0 321 0.45 0.20 0.21 0.22 0.18 0.19 -1 -1 -1 -1 -1
Evo 1.02 1.00 1.00 1.00 1.00 1.00 1.00 0.00 0.00 0.02 0.28 0.55 -1 0
Result 0 -1.0 1129 0.47 0.20 0.21 0.18 0.20 0.21 -1 -1 -1 -1 -1
Evo 1.44 0.00 1.00 0.96 1.00 1.00 1.00 0.19 0.01 0.51 0.13 0.43 -1 0
Result 0 0.0 212 0.47 0.20 0.23 0.19 0.17 0.21 -1 -1 -1 -1 -1
Evo 1.01 1.00 1.00 1.00 1.00 1.00 1.00 0.00 0.00 0.02 0.40 0.63 -1 0
Result 0 -1.0 1085 0.46 0.20 0.21 0.22 0.18 0.20 -1 -1 -1 -1 -1
Evo 1.00 0.00 1.00 0.99 1.00 1.00 1.00 0.10 0.00 0.01 0.25 0.49 -1 0
Result 0 0.0 1500 0.47 0.20 0.20 0.18 0.21 0.21 -1 -1 -1 -1 -1
Evo 1.04 1.00 1.00 1.00 1.00 1.00 1.00 0.00 0.00 0.41 0.18 0.47 -1 0
Result 0 0.0 369 0.48 0.24 0.15 0.24 0.15 0.21 -1 -1 -1 -1 -1
Evo 1.00 1.00 1.00 1.00 1.00 1.00 1.00 0.00 0.00 0.00 0.21 0.41 -1 0
Result 0 -1.0 622 0.47 0.19 0.20 0.18 0.23 0.20 -1 -1 -1 -1 -1
Evo 1.06 1.00 1.00 1.00 1.00 1.00 1.00 0.00 0.00 0.00 0.08 0.30 -1 0
Result 0 -1.0 207 0.43 0.21 0.21 0.21 0.21 0.17 -1 -1 -1 -1 -1
Evo 1.02 1.00 1.00 1.00 1.00 1.00 1.00 0.00 0.00 0.00 0.09 0.32 -1 0
Result 0 -1.0 261 0.50 0.20 0.17 0.17 0.22 0.24 -1 -1 -1 -1 -1
Evo 1.29 0.00 1.00 0.96 1.00 1.00 1.00 0.20 0.02 0.06 0.06 0.25 -1 0
Result 0 -1.0 167 0.48 0.21 0.16 0.18 0.24 0.21 -1 -1 -1 -1 -1
Evo 1.08 0.00 1.00 0.99 1.00 1.00 1.00 0.08 0.00 0.01 0.10 0.33 -1 0
Result 0 -1.0 302 0.48 0.18 0.17 0.19 0.24 0.22 -1 -1 -1 -1 -1
Evo 1.21 0.00 1.00 1.00 1.00 1.00 1.00 0.06 0.00 0.26 0.10 0.33 -1 0
Result 0 0.0 249 0.42 0.20 0.22 0.23 0.19 0.16 -1 -1 -1 -1 -1
Evo 1.42 0.00 1.00 0.96 1.00 1.00 1.00 0.19 0.01 0.05 0.06 0.24 -1 0
Result 0 -1.0 189 0.47 0.24 0.21 0.15 0.20 0.21 -1 -1 -1 -1 -1
Evo 1.10 0.00 1.00 1.00 1.00 1.00 1.00 0.06 0.00 0.00 0.24 0.50 -1 0
Result 0 -1.0 1490 0.44 0.20 0.22 0.17 0.24 0.18 -1 -1 -1 -1 -1
Evo 1.03 0.00 1.00 0.99 1.00 1.00 1.00 0.09 0.00 0.13 0.20 0.50 -1 0
Result 0 -1.0 900 0.46 0.22 0.19 0.18 0.21 0.20 -1 -1 -1 -1 -1
Evo 1.35 0.00 1.00 0.98 1.00 1.00 1.00 0.13 0.01 0.44 0.14 0.37 -1 0
Result 0 1.0 290 0.43 0.25 0.15 0.20 0.23 0.17 -1 -1 -1 -1 -1
Evo 1.08 1.00 1.00 1.00 1.00 1.00 1.00 0.00 0.00 0.00 0.02 0.18 -1 0
Result 0 -1.0 36 0.35 0.14 0.16 0.35 0.24 0.11 -1 -1 -1 -1 -1
Evo 1.33 0.00 1.00 0.94 1.00 1.00 1.00 0.24 0.02 0.09 0.06 0.26 -1 0
Result 0 -1.0 192 0.50 0.20 0.20 0.17 0.18 0.24 -1 -1 -1 -1 -1
Evo 1.09 0.00 1.00 0.99 1.00 1.00 1.00 0.08 0.00 0.03 0.08 0.29 -1 0
Result 0 -1.0 308 0.45 0.20 0.18 0.21 0.22 0.18 -1 -1 -1 -1 -1
Evo 1.89 0.00 1.00 0.99 1.00 1.00 1.00 0.10 0.01 0.01 0.04 0.23 -1 0
Result 0 -1.0 105 0.50 0.21 0.21 0.10 0.23 0.25 -1 -1 -1 -1 -1
Evo 1.00 0.00 1.00 0.99 1.00 1.00 1.00 0.08 0.00 0.01 0.12 0.36 -1 0
Result 0 -1.0 1496 0.48 0.20 0.22 0.17 0.18 0.22 -1 -1 -1 -1 -1
Evo 1.05 1.00 1.00 1.00 1.00 1.00 1.00 0.00 0.00 0.00 0.27 0.48 -1 0
Result 0 -1.0 1168 0.48 0.21 0.20 0.19 0.19 0.21 -1 -1 -1 -1 -1
Evo 1.02 1.00 1.00 1.00 1.00 1.00 1.00 0.00 0.00 0.00 0.06 0.22 -1 0
Result 0 -1.0 125 0.48 0.15 0.22 0.15 0.25 0.22 -1 -1 -1 -1 -1
Evo 1.03 1.00 1.00 1.00 1.00 1.00 1.00 0.00 0.00 0.00 0.02 0.19 -1 0
Result 0 -1.0 34 0.46 0.14 0.20 0.29 0.17 0.20 -1 -1 -1 -1 -1
Evo 1.11 1.00 1.00 1.00 1.00 1.00 1.00 0.00 0.00 0.36 0.16 0.46 -1 0
Result 0 1.0 289 0.46 0.23 0.21 0.18 0.18 0.20 -1 -1 -1 -1 -1
Evo 1.05 1.00 1.00 1.00 1.00 1.00 1.00 0.00 0.00 0.00 0.05 0.26 -1 0
Result 0 -1.0 64 0.43 0.23 0.26 0.15 0.18 0.17 -1 -1 -1 -1 -1
Evo 1.02 0.00 1.00 1.00 1.00 1.00 1.00 0.06 0.00 0.53 0.37 0.47 -1 0
Result 0 1.0 1491 0.46 0.19 0.20 0.21 0.20 0.20 -1 -1 -1 -1 -1
Evo 1.07 0.00 1.00 1.00 1.00 1.00 1.00 0.05 0.00 0.00 0.13 0.28 -1 0
Result 0 -1.0 473 0.47 0.23 0.19 0.17 0.20 0.20 -1 -1 -1 -1 -1
Evo 1.00 0.00 1.00 0.99 1.00 1.00 1.00 0.10 0.00 0.01 0.27 0.43 -1 2
Result 0 0.0 1500 0.47 0.19 0.19 0.20 0.22 0.20 -1 -1 -1 -1 -1
Evo 1.01 0.00 1.00 0.99 1.00 1.00 1.00 0.10 0.00 0.51 0.34 0.47 -1 3
Result 0 3.0 1500 0.45 0.19 0.21 0.20 0.21 0.18 -1 -1 -1 -1 -1
Evo 1.06 0.00 1.00 0.99 1.00 1.00 1.00 0.11 0.00 0.02 0.17 0.33 -1 2
Result 0 -1.0 512 0.47 0.20 0.21 0.17 0.21 0.21 -1 -1 -1 -1 -1
Evo 1.15 0.00 1.00 0.99 1.00 1.00 1.00 0.08 0.00 0.02 0.12 0.27 -1 1
Result 0 -1.0 431 0.47 0.18 0.22 0.19 0.21 0.20 -1 -1 -1 -1 -1
Evo 1.00 1.00 1.00 1.00 1.00 1.00 1.00 0.00 0.00 0.00 0.06 0.29 -1 1
Result 0 -1.0 714 0.45 0.22 0.22 0.21 0.17 0.18 -1 -1 -1 -1 -1
Evo 1.00 0.00 1.00 0.99 1.00 1.00 1.00 0.10 0.00 0.06 0.33 0.54 -1 0
Result 0 0.0 1500 0.45 0.22 0.21 0.19 0.19 0.19 -1 -1 -1 -1 -1
Evo 1.01 1.00 1.00 1.00 1.00 1.00 1.00 0.00 0.00 0.00 0.10 0.31 -1 0
Result 0 -1.0 275 0.49 0.18 0.19 0.18 0.22 0.23 -1 -1 -1 -1 -1
Evo 1.09 0.00 1.00 0.98 1.00 1.00 1.00 0.13 0.01 0.03 0.12 0.30 -1 5
Result 0 -1.0 303 0.47 0.22 0.22 0.15 0.20 0.20 -1 -1 -1 -1 -1
Evo 1.05 0.00 1.00 0.99 1.00 1.00 1.00 0.09 0.00 0.53 0.22 0.39 -1 3
Result 0 0.0 743 0.42 0.22 0.21 0.20 0.21 0.16 -1 -1 -1 -1 -1
Evo 1.00 0.00 1.00 0.99 1.00 1.00 1.00 0.10 0.00 0.01 0.11 0.32 -1 1
Result 0 0.0 1500 0.45 0.22 0.21 0.20 0.19 0.18 -1 -1 -1 -1 -1
Evo 1.00 0.00 1.00 0.99 1.00 1.00 1.00 0.10 0.00 0.24 0.38 0.56 -1 10
Result 0 1.0 1500 0.47 0.20 0.18 0.19 0.22 0.21 -1 -1 -1 -1 -1
Evo 1.07 0.00 1.00 0.99 1.00 1.00 1.00 0.08 0.00 0.52 0.23 0.38 -1 0
Result 0 0.0 565 0.45 0.19 0.18 0.21 0.23 0.18 -1 -1 -1 -1 -1
Evo 1.03 1.00 1.00 1.00 1.00 1.00 1.00 0.00 0.00 0.51 0.17 0.40 -1 0
Result 0 0.0 399 0.45 0.21 0.19 0.21 0.22 0.18 -1 -1 -1 -1 -1
Evo 1.02 0.00 1.00 0.99 1.00 1.00 1.00 0.10 0.00 0.24 0.27 0.39 -1 8
Result 0 1.0 1500 0.45 0.22 0.20 0.20 0.20 0.18 -1 -1 -1 -1 -1
Evo 1.01 0.00 1.00 0.99 1.00 1.00 1.00 0.10 0.00 0.18 0.32 0.44 -1 1
Result 0 1.0 1500 0.46 0.19 0.19 0.23 0.21 0.19 -1 -1 -1 -1 -1
Evo 1.01 0.00 1.00 0.99 1.00 1.00 1.00 0.10 0.00 0.47 0.28 0.42 -1 3
Result 0 1.0 1500 0.46 0.20 0.19 0.21 0.21 0.19 -1 -1 -1 -1 -1
Evo 1.02 0.00 1.00 1.00 1.00 1.00 1.00 0.03 0.00 0.00 0.23 0.40 -1 3
Result 0 -1.0 1012 0.48 0.20 0.21 0.17 0.20 0.22 -1 -1 -1 -1 -1
Evo 1.04 0.00 1.00 1.00 1.00 1.00 1.00 0.04 0.00 0.23 0.28 0.41 -1 0
Result 0 0.0 1484 0.45 0.20 0.20 0.20 0.21 0.19 -1 -1 -1 -1 -1
Evo 1.16 0.00 1.00 0.99 1.00 1.00 1.00 0.10 0.01 0.01 0.11 0.23 -1 0
Result 0 -1.0 389 0.46 0.22 0.17 0.20 0.22 0.19 -1 -1 -1 -1 -1
Evo 1.03 1.00 1.00 1.00 1.00 1.00 1.00 0.00 0.00 0.04 0.24 0.39 -1 0
Result 0 -1.0 601 0.43 0.21 0.21 0.18 0.23 0.17 -1 -1 -1 -1 -1
Evo 1.01 1.00 1.00 1.00 1.00 1.00 1.00 0.00 0.00 0.43 0.31 0.40 -1 0
Result 0 1.0 1393 0.46 0.20 0.21 0.20 0.20 0.19 -1 -1 -1 -1 -1
Evo 1.05 0.00 1.00 1.00 1.00 1.00 1.00 0.05 0.00 0.51 0.32 0.47 -1 1
Result 0 0.0 1134 0.45 0.22 0.20 0.19 0.20 0.18 -1 -1 -1 -1 -1
Evo 1.02 1.00 1.00 1.00 1.00 1.00 1.00 0.00 0.00 0.00 0.05 0.16 -1 2
Result 0 -1.0 133 0.46 0.17 0.22 0.20 0.21 0.19 -1 -1 -1 -1 -1
Evo 1.03 0.00 1.00 1.00 1.00 1.00 1.00 0.07 0.00 0.08 0.17 0.34 -1 0
Result 0 -1.0 659 0.46 0.22 0.23 0.18 0.17 0.20 -1 -1 -1 -1 -1
Evo 1.00 0.00 1.00 0.99 1.00 1.00 1.00 0.09 0.00 0.01 0.26 0.46 -1 1
Result 0 -1.0 1498 0.46 0.21 0.21 0.18 0.20 0.20 -1 -1 -1 -1 -1
Evo 1.03 0.00 1.00 0.98 1.00 1.00 1.00 0.14 0.01 0.01 0.16 0.35 -1 0
Result 0 -1.0 696 0.47 0.20 0.19 0.18 0.22 0.21 -1 -1 -1 -1 -1
Evo 1.07 1.00 1.00 1.00 1.00 1.00 1.00 0.00 0.00 0.17 0.25 0.40 -1 1
Result 0 -1.0 781 0.48 0.19 0.20 0.20 0.19 0.22 -1 -1 -1 -1 -1
Evo 1.03 0.00 1.00 0.99 1.00 1.00 1.00 0.10 0.00 0.42 0.31 0.40 -1 1
Result 0 2.0 1500 0.47 0.18 0.20 0.22 0.20 0.20 -1 -1 -1 -1 -1
Evo 1.01 1.00 1.00 1.00 1.00 1.00 1.00 0.00 0.00 0.06 0.26 0.51 -1 0
Result 0 -1.0 1075 0.48 0.22 0.20 0.17 0.19 0.22 -1 -1 -1 -1 -1
Evo 1.02 1.00 1.00 1.00 1.00 1.00 1.00 0.00 0.00 0.13 0.38 0.54 -1 1
Result 0 1.0 1111 0.47 0.19 0.21 0.17 0.22 0.21 -1 -1 -1 -1 -1
Evo 1.03 0.00 1.00 0.99 1.00 1.00 1.00 0.10 0.00 0.01 0.22 0.46 -1 0
Result 0 0.0 1500 0.46 0.22 0.18 0.18 0.22 0.20 -1 -1 -1 -1 -1
Evo 1.01 1.00 1.00 1.00 1.00 1.00 1.00 0.00 0.00 0.00 0.07 0.22 -1 1
Result 0 -1.0 137 0.47 0.18 0.20 0.23 0.17 0.21 -1 -1 -1 -1 -1
Evo 1.03 1.00 1.00 1.00 1.00 1.00 1.00 0.00 0.00 0.00 0.06 0.18 -1 1
Result 0 -1.0 235 0.45 0.15 0.17 0.26 0.23 0.19 -1 -1 -1 -1 -1
Evo 1.13 1.00 1.00 1.00 1.00 1.00 1.00 0.00 0.00 0.00 0.02 0.07 -1 2
Result 0 -1.0 15 0.50 0.25 0.25 0.06 0.19 0.25 -1 -1 -1 -1 -1
Evo 1.06 0.00 1.00 1.00 1.00 1.00 1.00 0.04 0.00 0.25 0.38 0.54 -1 1
Result 0 1.0 1008 0.47 0.19 0.21 0.20 0.19 0.20 -1 -1 -1 -1 -1
Evo 1.03 0.00 1.00 1.00 1.00 1.00 1.00 0.05 0.00 0.53 0.25 0.38 -1 0
Result 0 0.0 707 0.47 0.22 0.19 0.18 0.21 0.21 -1 -1 -1 -1 -1
Evo 1.00 1.00 1.00 1.00 1.00 1.00 1.00 0.00 0.00 0.00 0.09 0.19 -1 1
Result 0 -1.0 261 0.49 0.17 0.18 0.22 0.19 0.24 -1 -1 -1 -1 -1
Evo 1.02 0.00 1.00 0.99 1.00 1.00 1.00 0.10 0.00 0.35 0.32 0.41 -1 1
Result 0 2.0 1500 0.46 0.20 0.21 0.20 0.20 0.19 -1 -1 -1 -1 -1
