Evo 1.00 0.00 1.00 0.00 0.00 0.00 0.00 0.02 0.00 0.01 0.33 0.36 131 1987
Result 0 0.0 2000 0.46 0.21 0.19 0.19 0.20 0.21 -1 -1 -1 -1 -1
Evo 1.00 0.00 0.50 0.50 0.50 0.50 0.50 0.04 0.00 0.05 0.33 0.36 -1 1987
Result 0 0.0 2000 0.47 0.20 0.19 0.20 0.20 0.20 -1 -1 -1 -1 -1
Evo 1.00 0.00 0.50 0.50 0.50 0.50 0.50 0.04 0.00 0.05 0.33 0.33 -1 1987
Result 0 0.0 2000 0.47 0.21 0.19 0.19 0.21 0.20 -1 -1 -1 -1 -1
Evo 1.03 0.50 1.00 0.53 0.50 0.50 0.50 0.12 0.01 0.26 0.21 0.34 128 -1
Result 1 5.0 137 0.45 0.21 0.17 0.28 0.19 0.16 -1 -1 -1 -1 -1
Evo 1.04 0.50 1.00 0.64 0.50 0.50 1.00 0.23 0.03 0.51 0.19 0.36 29 -1
Result 1 5.0 46 0.43 0.32 0.19 0.23 0.17 0.09 -1 -1 -1 -1 -1
Evo 1.02 0.50 1.00 0.57 0.50 0.50 0.50 0.17 0.01 0.40 0.31 0.36 82 -1
Result 1 5.0 215 0.47 0.20 0.19 0.20 0.21 0.20 -1 -1 -1 -1 -1
Evo 1.00 0.00 1.00 0.50 0.50 0.50 0.50 0.05 0.00 0.05 0.33 0.37 216 1987
Result 0 0.0 2000 0.45 0.21 0.20 0.20 0.19 0.21 -1 -1 -1 -1 -1
Evo 1.00 0.00 0.50 0.50 0.50 0.50 0.50 0.04 0.00 0.05 0.32 0.36 -1 1987
Result 0 0.0 2000 0.46 0.21 0.20 0.20 0.20 0.19 -1 -1 -1 -1 -1
Evo 1.00 0.00 0.50 0.50 0.50 0.50 0.50 0.04 0.00 0.05 0.32 0.36 -1 1987
Result 0 0.0 2000 0.46 0.20 0.21 0.19 0.19 0.20 -1 -1 -1 -1 -1
Evo 1.00 0.00 1.00 0.50 0.50 0.50 0.50 0.04 0.00 0.05 0.32 0.37 246 1987
Result 0 0.0 2000 0.47 0.19 0.19 0.20 0.21 0.21 -1 -1 -1 -1 -1
Evo 1.00 0.00 0.50 0.50 0.50 0.50 0.50 0.04 0.00 0.05 0.32 0.34 -1 1987
Result 0 0.0 2000 0.47 0.21 0.19 0.19 0.21 0.20 -1 -1 -1 -1 -1
Evo 1.00 0.00 0.50 0.50 0.50 0.50 0.50 0.04 0.00 0.05 0.32 0.34 -1 1987
Result 0 0.0 2000 0.47 0.20 0.21 0.19 0.21 0.19 -1 -1 -1 -1 -1
Evo 1.00 0.00 0.50 0.50 0.50 0.50 0.50 0.04 0.00 0.05 0.32 0.34 -1 1987
Result 0 0.0 2000 0.47 0.19 0.20 0.20 0.21 0.21 -1 -1 -1 -1 -1
Evo 1.01 0.50 1.00 0.52 0.50 0.50 0.50 0.09 0.01 0.18 0.32 0.37 235 -1
Result 1 5.0 243 0.43 0.21 0.20 0.16 0.16 0.26 -1 -1 -1 -1 -1
Evo 1.00 0.00 1.00 0.50 0.50 0.50 0.50 0.04 0.00 0.05 0.32 0.37 285 1987
Result 0 0.0 2000 0.47 0.19 0.20 0.19 0.20 0.21 -1 -1 -1 -1 -1
Evo 1.00 0.00 0.50 0.50 0.50 0.50 0.50 0.04 0.00 0.05 0.32 0.34 -1 1987
Result 0 0.0 2000 0.46 0.19 0.20 0.20 0.20 0.21 -1 -1 -1 -1 -1
Evo 1.00 0.00 0.50 0.50 0.50 0.50 0.50 0.04 0.00 0.05 0.34 0.36 -1 1987
Result 0 0.0 2000 0.47 0.19 0.19 0.20 0.21 0.21 -1 -1 -1 -1 -1
Evo 1.04 0.50 1.00 0.53 0.50 0.50 0.50 0.11 0.01 0.22 0.31 0.37 166 -1
Result 1 5.0 189 0.45 0.21 0.24 0.18 0.18 0.19 -1 -1 -1 -1 -1
Evo 1.00 0.00 0.50 0.50 0.50 0.50 0.50 0.04 0.00 0.05 0.33 0.37 -1 1987
Result 0 0.0 2000 0.46 0.19 0.22 0.20 0.19 0.20 -1 -1 -1 -1 -1
Evo 1.00 0.00 0.50 0.50 0.50 0.50 0.50 0.04 0.00 0.05 0.33 0.34 -1 1987
Result 0 0.0 2000 0.47 0.20 0.21 0.17 0.20 0.21 -1 -1 -1 -1 -1
Evo 1.00 0.00 0.50 0.50 0.50 0.50 0.50 0.04 0.00 0.01 0.23 0.30 -1 1987
Result 0 0.0 2000 0.46 0.20 0.18 0.21 0.20 0.21 -1 -1 -1 -1 -1
Evo 1.01 0.00 0.50 0.50 0.50 0.50 0.50 0.04 0.00 0.01 0.27 0.29 -1 1987
Result 0 2.0 2000 0.47 0.18 0.22 0.19 0.20 0.20 -1 -1 -1 -1 -1
Evo 1.00 0.00 0.50 0.50 0.50 0.50 0.50 0.04 0.00 0.02 0.19 0.27 -1 1987
Result 0 0.0 2000 0.45 0.20 0.21 0.20 0.18 0.20 -1 -1 -1 -1 -1
Evo 1.00 0.00 0.50 0.50 0.50 0.50 0.50 0.04 0.00 0.01 0.22 0.28 -1 1987
Result 0 0.0 2000 0.47 0.20 0.20 0.21 0.20 0.18 -1 -1 -1 -1 -1
Evo 1.01 0.00 0.50 0.50 0.50 0.50 0.50 0.04 0.00 0.12 0.22 0.26 -1 1987
Result 0 1.0 2000 0.45 0.21 0.21 0.19 0.19 0.20 -1 -1 -1 -1 -1
Evo 1.01 0.00 0.50 0.50 0.50 0.50 0.50 0.04 0.00 0.10 0.22 0.29 -1 1987
Result 0 1.0 2000 0.46 0.20 0.20 0.20 0.20 0.20 -1 -1 -1 -1 -1
Evo 1.01 0.00 0.50 0.50 0.50 0.50 0.50 0.04 0.00 0.03 0.31 0.37 -1 1987
Result 0 5.0 2000 0.46 0.19 0.20 0.21 0.20 0.19 -1 -1 -1 -1 -1
Evo 1.02 0.00 0.50 0.50 0.50 0.50 0.50 0.04 0.00 0.42 0.25 0.33 -1 1987
Result 0 3.0 2000 0.46 0.20 0.21 0.20 0.19 0.19 -1 -1 -1 -1 -1
Evo 1.00 0.00 0.50 0.50 0.50 0.50 0.50 0.04 0.00 0.28 0.24 0.28 -1 1987
Result 0 2.0 2000 0.46 0.20 0.21 0.20 0.20 0.19 -1 -1 -1 -1 -1
Evo 1.00 0.00 0.50 0.50 0.50 0.50 0.50 0.04 0.00 0.05 0.20 0.26 -1 1987
Result 0 0.0 2000 0.45 0.21 0.19 0.21 0.19 0.21 -1 -1 -1 -1 -1
Evo 1.00 0.00 0.50 0.50 0.50 0.50 0.50 0.04 0.00 0.01 0.24 0.27 -1 1987
Result 0 1.0 2000 0.46 0.22 0.20 0.18 0.20 0.20 -1 -1 -1 -1 -1
Evo 1.00 0.00 0.50 0.50 0.50 0.50 0.50 0.04 0.00 0.05 0.21 0.29 -1 1987
Result 0 0.0 2000 0.47 0.19 0.19 0.20 0.21 0.20 -1 -1 -1 -1 -1
Evo 1.01 0.00 0.50 0.50 0.50 0.50 0.50 0.04 0.00 0.04 0.28 0.31 -1 1987
Result 0 4.0 2000 0.45 0.22 0.19 0.20 0.19 0.21 -1 -1 -1 -1 -1
Evo 1.00 0.00 0.50 0.50 0.50 0.50 0.50 0.04 0.00 0.38 0.24 0.29 -1 1987
Result 0 1.0 2000 0.46 0.21 0.19 0.22 0.19 0.19 -1 -1 -1 -1 -1
Evo 1.00 0.00 0.50 0.50 0.50 0.50 0.50 0.04 0.00 0.05 0.22 0.26 -1 1987
Result 0 0.0 2000 0.46 0.20 0.20 0.20 0.20 0.20 -1 -1 -1 -1 -1
Evo 1.01 0.00 0.50 0.50 0.50 0.50 0.50 0.04 0.00 0.04 0.28 0.31 -1 1987
Result 0 4.0 2000 0.47 0.21 0.19 0.19 0.21 0.21 -1 -1 -1 -1 -1
Evo 1.00 0.00 0.50 0.50 0.50 0.50 0.50 0.04 0.00 0.19 0.20 0.28 -1 1987
Result 0 1.0 2000 0.47 0.18 0.21 0.19 0.20 0.22 -1 -1 -1 -1 -1
Evo 1.00 0.00 0.50 0.50 0.50 0.50 0.50 0.04 0.00 0.05 0.20 0.26 -1 1987
Result 0 0.0 2000 0.47 0.19 0.20 0.20 0.20 0.21 -1 -1 -1 -1 -1
Evo 1.02 0.00 0.50 0.50 0.50 0.50 0.50 0.04 0.00 0.04 0.32 0.33 -1 1987
Result 0 5.0 2000 0.47 0.21 0.20 0.19 0.21 0.19 -1 -1 -1 -1 -1
Evo 1.01 0.00 0.50 0.50 0.50 0.50 0.50 0.04 0.00 0.04 0.31 0.35 -1 1987
Result 0 5.0 2000 0.47 0.18 0.21 0.19 0.20 0.21 -1 -1 -1 -1 -1
Evo 1.00 0.00 0.50 0.50 0.50 0.50 0.50 0.04 0.00 0.01 0.12 0.14 -1 1987
Result 0 1.0 2000 0.46 0.19 0.20 0.20 0.20 0.21 -1 -1 -1 -1 -1
Evo 1.01 0.00 0.50 0.50 0.50 0.50 0.50 0.04 0.00 0.02 0.13 0.14 -1 1987
Result 0 1.0 2000 0.46 0.19 0.20 0.21 0.20 0.20 -1 -1 -1 -1 -1
Evo 1.01 0.00 0.50 0.50 0.50 0.50 0.50 0.04 0.00 0.08 0.13 0.13 -1 1987
Result 0 1.0 2000 0.47 0.20 0.21 0.19 0.21 0.19 -1 -1 -1 -1 -1
Evo 1.00 0.00 0.50 0.50 0.50 0.50 0.50 0.04 0.00 0.01 0.13 0.14 -1 1987
Result 0 1.0 2000 0.45 0.21 0.20 0.21 0.19 0.19 -1 -1 -1 -1 -1
Evo 1.00 0.00 0.50 0.50 0.50 0.50 0.50 0.04 0.00 0.02 0.13 0.14 -1 1987
Result 0 1.0 2000 0.47 0.20 0.21 0.19 0.20 0.19 -1 -1 -1 -1 -1
Evo 1.02 0.00 0.50 0.50 0.50 0.50 0.50 0.04 0.00 0.09 0.23 0.27 -1 1987
Result 0 2.0 2000 0.46 0.19 0.18 0.22 0.20 0.21 -1 -1 -1 -1 -1
Evo 1.01 0.00 0.50 0.50 0.50 0.50 0.50 0.04 0.00 0.23 0.23 0.27 -1 1987
Result 0 2.0 2000 0.47 0.20 0.20 0.20 0.21 0.20 -1 -1 -1 -1 -1
Evo 1.00 0.00 0.50 0.50 0.50 0.50 0.50 0.04 0.00 0.02 0.12 0.14 -1 1987
Result 0 1.0 2000 0.46 0.20 0.22 0.19 0.19 0.20 -1 -1 -1 -1 -1
Evo 1.00 0.00 0.50 0.50 0.50 0.50 0.50 0.04 0.00 0.02 0.12 0.14 -1 1987
Result 0 1.0 2000 0.47 0.21 0.18 0.20 0.20 0.21 -1 -1 -1 -1 -1
Evo 1.01 0.00 0.50 0.50 0.50 0.50 0.50 0.04 0.00 0.01 0.12 0.14 -1 1987
Result 0 1.0 2000 0.46 0.20 0.20 0.19 0.19 0.22 -1 -1 -1 -1 -1
Evo 1.00 0.00 0.50 0.50 0.50 0.50 0.50 0.04 0.00 0.01 0.13 0.14 -1 1987
Result 0 1.0 2000 0.47 0.20 0.19 0.19 0.21 0.21 -1 -1 -1 -1 -1
Evo 1.00 0.00 0.50 0.50 0.50 0.50 0.50 0.04 0.00 0.01 0.12 0.14 -1 1987
Result 0 1.0 2000 0.47 0.21 0.19 0.21 0.20 0.19 -1 -1 -1 -1 -1
Evo 1.02 0.00 0.50 0.50 0.50 0.50 0.50 0.04 0.00 0.01 0.13 0.14 -1 1987
Result 0 1.0 2000 0.47 0.21 0.19 0.21 0.20 0.20 -1 -1 -1 -1 -1
Evo 1.02 0.00 0.50 0.50 0.50 0.50 0.50 0.04 0.00 0.14 0.23 0.27 -1 1987
Result 0 2.0 2000 0.46 0.20 0.21 0.20 0.19 0.20 -1 -1 -1 -1 -1
Evo 1.01 0.00 0.50 0.50 0.50 0.50 0.50 0.04 0.00 0.03 0.12 0.14 -1 1987
Result 0 1.0 2000 0.45 0.20 0.21 0.21 0.18 0.20 -1 -1 -1 -1 -1
Evo 1.00 0.00 0.50 0.50 0.50 0.50 0.50 0.04 0.00 0.19 0.22 0.26 -1 1987
Result 0 2.0 2000 0.47 0.21 0.19 0.20 0.21 0.20 -1 -1 -1 -1 -1
Evo 1.01 0.00 0.50 0.50 0.50 0.50 0.50 0.04 0.00 0.18 0.22 0.27 -1 1987
Result 0 2.0 2000 0.45 0.20 0.22 0.19 0.18 0.21 -1 -1 -1 -1 -1
Evo 1.00 0.00 0.50 0.50 0.50 0.50 0.50 0.04 0.00 0.01 0.12 0.14 -1 1987
Result 0 1.0 2000 0.46 0.20 0.21 0.19 0.20 0.20 -1 -1 -1 -1 -1
Evo 1.01 0.00 0.50 0.50 0.50 0.50 0.50 0.04 0.00 0.04 0.12 0.14 -1 1987
Result 0 1.0 2000 0.47 0.18 0.20 0.20 0.20 0.21 -1 -1 -1 -1 -1
Evo 1.01 0.00 0.50 0.50 0.50 0.50 0.50 0.04 0.00 0.10 0.23 0.27 -1 1987
Result 0 2.0 2000 0.46 0.21 0.21 0.18 0.20 0.20 -1 -1 -1 -1 -1
Evo 1.00 0.00 0.50 0.50 0.50 0.50 0.50 0.04 0.00 0.05 0.21 0.21 -1 1987
Result 0 0.0 2000 0.45 0.21 0.21 0.20 0.18 0.20 -1 -1 -1 -1 -1
Evo 1.00 0.00 0.50 0.50 0.50 0.50 0.50 0.04 0.00 0.49 0.30 0.33 -1 1987
Result 0 2.0 2000 0.46 0.20 0.20 0.19 0.20 0.21 -1 -1 -1 -1 -1
Evo 1.14 0.50 1.00 0.61 0.50 0.50 0.50 0.21 0.02 0.52 0.13 0.23 45 -1
Result 1 6.0 121 0.49 0.20 0.19 0.19 0.24 0.18 -1 -1 -1 -1 -1
Evo 1.18 0.50 1.00 0.59 0.50 0.50 0.50 0.19 0.02 0.49 0.11 0.21 76 -1
Result 1 6.0 108 0.44 0.22 0.13 0.21 0.17 0.27 -1 -1 -1 -1 -1
Evo 1.00 0.00 0.50 0.50 0.50 0.50 0.50 0.04 0.00 0.01 0.20 0.21 -1 1987
Result 0 0.0 2000 0.47 0.20 0.19 0.19 0.21 0.21 -1 -1 -1 -1 -1
Evo 1.16 0.50 1.00 0.69 0.50 0.50 1.00 0.25 0.04 0.52 0.07 0.19 21 -1
Result 1 6.0 44 0.46 0.27 0.20 0.18 0.20 0.16 -1 -1 -1 -1 -1
Evo 1.01 0.00 0.50 0.50 0.50 0.50 0.50 0.04 0.00 0.02 0.24 0.28 -1 1987
Result 0 1.0 2000 0.47 0.19 0.22 0.19 0.21 0.19 -1 -1 -1 -1 -1
Evo 1.00 0.00 0.50 0.50 0.50 0.50 0.50 0.04 0.00 0.01 0.20 0.21 -1 1987
Result 0 0.0 2000 0.47 0.20 0.19 0.20 0.20 0.21 -1 -1 -1 -1 -1
Evo 1.21 0.50 1.00 0.52 0.50 0.50 0.50 0.10 0.01 0.15 0.20 0.27 146 -1
Result 1 6.0 155 0.47 0.18 0.21 0.19 0.21 0.21 -1 -1 -1 -1 -1
Evo 1.00 0.00 0.50 0.50 0.50 0.50 0.50 0.04 0.00 0.01 0.21 0.21 -1 1987
Result 0 0.0 2000 0.46 0.20 0.19 0.20 0.19 0.21 -1 -1 -1 -1 -1
Evo 1.56 0.50 1.00 0.63 0.50 0.50 0.50 0.22 0.03 0.49 0.08 0.21 12 -1
Result 1 6.0 55 0.51 0.20 0.27 0.14 0.27 0.13 -1 -1 -1 -1 -1
Evo 1.00 0.00 0.50 0.50 0.50 0.50 0.50 0.04 0.00 0.02 0.21 0.22 -1 1987
Result 0 0.0 2000 0.47 0.19 0.19 0.22 0.20 0.20 -1 -1 -1 -1 -1
Evo 1.00 0.00 0.50 0.50 0.50 0.50 0.50 0.04 0.00 0.01 0.25 0.26 -1 1987
Result 0 1.0 2000 0.46 0.22 0.21 0.19 0.20 0.18 -1 -1 -1 -1 -1
Evo 1.01 0.00 0.50 0.50 0.50 0.50 0.50 0.04 0.00 0.02 0.25 0.27 -1 1987
Result 0 1.0 2000 0.46 0.22 0.17 0.22 0.20 0.20 -1 -1 -1 -1 -1
Evo 1.00 0.00 0.50 0.50 0.50 0.50 0.50 0.04 0.00 0.05 0.21 0.21 -1 1987
Result 0 0.0 2000 0.46 0.20 0.20 0.20 0.20 0.21 -1 -1 -1 -1 -1
Evo 1.02 0.00 0.50 0.50 0.50 0.50 0.50 0.04 0.00 0.10 0.25 0.28 -1 1987
Result 0 1.0 2000 0.45 0.21 0.20 0.20 0.19 0.20 -1 -1 -1 -1 -1
Evo 1.16 0.50 1.00 0.56 0.50 0.50 0.50 0.17 0.02 0.49 0.09 0.24 56 -1
Result 1 6.0 63 0.48 0.17 0.20 0.16 0.22 0.25 -1 -1 -1 -1 -1
Evo 1.00 0.00 0.50 0.50 0.50 0.50 0.50 0.04 0.00 0.02 0.21 0.21 -1 1987
Result 0 0.0 2000 0.45 0.20 0.22 0.22 0.19 0.18 -1 -1 -1 -1 -1
Evo 1.21 0.50 1.00 0.77 0.50 1.00 1.00 0.25 0.04 0.50 0.08 0.24 16 -1
Result 1 6.0 34 0.50 0.23 0.09 0.23 0.26 0.20 -1 -1 -1 -1 -1
Evo 1.01 0.00 0.50 0.50 0.50 0.50 0.50 0.04 0.00 0.05 0.25 0.29 -1 1987
Result 0 1.0 2000 0.46 0.22 0.20 0.20 0.20 0.19 -1 -1 -1 -1 -1
Evo 1.01 0.00 0.50 0.50 0.50 0.50 0.50 0.04 0.00 0.03 0.38 0.41 -1 1987
Result 0 2.0 2000 0.46 0.21 0.20 0.20 0.20 0.19 -1 -1 -1 -1 -1
Evo 1.02 0.00 0.50 0.50 0.50 0.50 0.50 0.04 0.00 0.10 0.37 0.40 -1 1987
Result 0 2.0 2000 0.47 0.20 0.21 0.20 0.21 0.18 -1 -1 -1 -1 -1
Evo 1.01 0.00 0.50 0.50 0.50 0.50 0.50 0.04 0.00 0.01 0.40 0.40 -1 1987
Result 0 2.0 2000 0.47 0.19 0.20 0.21 0.21 0.18 -1 -1 -1 -1 -1
Evo 1.01 0.00 0.50 0.50 0.50 0.50 0.50 0.04 0.00 0.16 0.40 0.42 -1 1987
Result 0 3.0 2000 0.47 0.20 0.19 0.20 0.21 0.20 -1 -1 -1 -1 -1
Evo 1.01 0.00 0.50 0.50 0.50 0.50 0.50 0.04 0.00 0.22 0.37 0.40 -1 1987
Result 0 2.0 2000 0.46 0.19 0.21 0.20 0.19 0.20 -1 -1 -1 -1 -1
Evo 1.01 0.00 0.50 0.50 0.50 0.50 0.50 0.04 0.00 0.10 0.36 0.40 -1 1987
Result 0 2.0 2000 0.47 0.19 0.19 0.21 0.21 0.19 -1 -1 -1 -1 -1
Evo 1.01 0.00 0.50 0.50 0.50 0.50 0.50 0.04 0.00 0.07 0.40 0.42 -1 1987
Result 0 3.0 2000 0.44 0.19 0.20 0.22 0.18 0.21 -1 -1 -1 -1 -1
Evo 1.01 0.00 0.50 0.50 0.50 0.50 0.50 0.04 0.00 0.27 0.38 0.40 -1 1987
Result 0 2.0 2000 0.46 0.21 0.20 0.19 0.20 0.21 -1 -1 -1 -1 -1
Evo 1.00 0.00 0.50 0.50 0.50 0.50 0.50 0.04 0.00 0.07 0.40 0.40 -1 1987
Result 0 2.0 2000 0.46 0.19 0.20 0.21 0.20 0.20 -1 -1 -1 -1 -1
Evo 1.01 0.00 0.50 0.50 0.50 0.50 0.50 0.04 0.00 0.09 0.38 0.40 -1 1987
Result 0 2.0 2000 0.47 0.21 0.20 0.20 0.21 0.18 -1 -1 -1 -1 -1
Evo 1.00 0.00 0.50 0.50 0.50 0.50 0.50 0.04 0.00 0.07 0.39 0.41 -1 1987
Result 0 3.0 2000 0.47 0.19 0.20 0.21 0.20 0.20 -1 -1 -1 -1 -1
Evo 1.01 0.00 0.50 0.50 0.50 0.50 0.50 0.04 0.00 0.01 0.38 0.41 -1 1987
Result 0 2.0 2000 0.46 0.21 0.20 0.19 0.20 0.20 -1 -1 -1 -1 -1
Evo 1.01 0.00 0.50 0.50 0.50 0.50 0.50 0.04 0.00 0.08 0.39 0.41 -1 1987
Result 0 3.0 2000 0.45 0.21 0.22 0.19 0.19 0.20 -1 -1 -1 -1 -1
Evo 1.01 0.00 0.50 0.50 0.50 0.50 0.50 0.04 0.00 0.11 0.40 0.40 -1 1987
Result 0 2.0 2000 0.46 0.19 0.20 0.20 0.19 0.21 -1 -1 -1 -1 -1
Evo 1.01 0.00 0.50 0.50 0.50 0.50 0.50 0.04 0.00 0.03 0.39 0.40 -1 1987
Result 0 2.0 2000 0.47 0.21 0.20 0.20 0.21 0.18 -1 -1 -1 -1 -1
Evo 1.02 0.00 0.50 0.50 0.50 0.50 0.50 0.04 0.00 0.34 0.39 0.41 -1 1987
Result 0 3.0 2000 0.47 0.20 0.20 0.19 0.21 0.20 -1 -1 -1 -1 -1
Evo 1.01 0.00 0.50 0.50 0.50 0.50 0.50 0.04 0.00 0.15 0.37 0.40 -1 1987
Result 0 2.0 2000 0.45 0.21 0.19 0.21 0.18 0.20 -1 -1 -1 -1 -1
Evo 1.01 0.00 0.50 0.50 0.50 0.50 0.50 0.04 0.00 0.06 0.40 0.41 -1 1987
Result 0 3.0 2000 0.46 0.19 0.18 0.21 0.20 0.22 -1 -1 -1 -1 -1
Evo 1.03 0.00 0.50 0.50 0.50 0.50 0.50 0.04 0.00 0.26 0.38 0.41 -1 1987
Result 0 3.0 2000 0.46 0.20 0.20 0.20 0.20 0.20 -1 -1 -1 -1 -1
Evo 1.02 0.00 0.50 0.50 0.50 0.50 0.50 0.04 0.00 0.20 0.40 0.41 -1 1987
Result 0 3.0 2000 0.46 0.20 0.21 0.20 0.20 0.19 -1 -1 -1 -1 -1
