Evo 1.01 0.00 1.00 0.99 1.00 1.00 1.00 0.09 0.00 0.05 0.10 0.15 -1 0
Result 0 0.0 2000 0.44 0.17 0.15 0.19 0.12 0.19 0.16 -1 -1 -1 -1
Evo 1.00 0.00 1.00 0.99 1.00 1.00 1.00 0.08 0.00 0.05 0.07 0.13 -1 0
Result 0 0.0 1999 0.43 0.17 0.16 0.18 0.17 0.15 0.17 -1 -1 -1 -1
Evo 1.01 0.00 1.00 0.99 1.00 1.00 1.00 0.08 0.00 0.05 0.19 0.29 -1 0
Result 0 0.0 2000 0.39 0.17 0.14 0.18 0.17 0.17 0.18 -1 -1 -1 -1
Evo 1.11 0.00 1.00 0.99 1.00 1.00 1.00 0.09 0.00 0.05 0.16 0.27 -1 0
Result 0 0.0 2000 0.44 0.17 0.19 0.17 0.14 0.17 0.16 -1 -1 -1 -1
Evo 1.00 0.00 1.00 0.99 1.00 1.00 1.00 0.08 0.00 0.05 0.09 0.18 -1 0
Result 0 0.0 2000 0.44 0.17 0.18 0.17 0.16 0.16 0.16 -1 -1 -1 -1
Evo 1.01 0.00 1.00 0.99 1.00 1.00 1.00 0.08 0.00 0.05 0.11 0.16 -1 0
Result 0 0.0 2000 0.42 0.16 0.16 0.17 0.14 0.18 0.18 -1 -1 -1 -1
Evo 1.00 0.00 1.00 0.99 1.00 1.00 1.00 0.09 0.00 0.05 0.14 0.23 -1 0
Result 0 0.0 2000 0.43 0.16 0.17 0.17 0.17 0.16 0.17 -1 -1 -1 -1
Evo 1.02 0.00 1.00 0.99 1.00 1.00 1.00 0.09 0.00 0.05 0.20 0.27 -1 0
Result 0 0.0 2000 0.44 0.16 0.17 0.17 0.14 0.18 0.17 -1 -1 -1 -1
Evo 1.01 0.00 1.00 1.00 1.00 1.00 1.00 0.05 0.00 0.02 0.10 0.16 -1 0
Result 0 0.0 753 0.47 0.15 0.21 0.19 0.15 0.16 0.15 -1 -1 -1 -1
Evo 1.01 0.00 1.00 1.00 1.00 1.00 1.00 0.02 0.00 0.01 0.16 0.23 -1 0
Result 0 0.0 1987 0.45 0.18 0.17 0.17 0.14 0.18 0.16 -1 -1 -1 -1
Evo 1.02 0.00 1.00 0.99 1.00 1.00 1.00 0.09 0.00 0.05 0.13 0.16 -1 0
Result 0 0.0 2000 0.45 0.18 0.14 0.18 0.15 0.17 0.18 -1 -1 -1 -1
Evo 1.00 0.00 1.00 0.99 1.00 1.00 1.00 0.08 0.00 0.05 0.21 0.29 -1 0
Result 0 0.0 2000 0.42 0.17 0.16 0.17 0.16 0.18 0.17 -1 -1 -1 -1
Evo 1.01 0.00 1.00 0.99 1.00 1.00 1.00 0.08 0.00 0.05 0.13 0.25 -1 0
Result 0 0.0 2000 0.44 0.18 0.18 0.18 0.14 0.15 0.16 -1 -1 -1 -1
Evo 1.02 0.00 1.00 0.99 1.00 1.00 1.00 0.08 0.00 0.05 0.10 0.14 -1 0
Result 0 0.0 2000 0.39 0.18 0.14 0.18 0.16 0.17 0.18 -1 -1 -1 -1
Evo 1.01 0.00 1.00 0.99 1.00 1.00 1.00 0.08 0.00 0.05 0.20 0.31 -1 0
Result 0 0.0 2000 0.39 0.17 0.13 0.18 0.13 0.19 0.18 -1 -1 -1 -1
Evo 1.02 0.00 1.00 1.00 1.00 1.00 1.00 0.04 0.00 0.02 0.10 0.15 -1 0
Result 0 0.0 1989 0.43 0.18 0.17 0.16 0.14 0.17 0.18 -1 -1 -1 -1
Evo 1.02 0.00 1.00 0.99 1.00 1.00 1.00 0.08 0.00 0.05 0.16 0.21 -1 0
Result 0 0.0 2000 0.43 0.17 0.16 0.18 0.13 0.18 0.17 -1 -1 -1 -1
Evo 1.04 0.00 1.00 0.99 1.00 1.00 1.00 0.08 0.00 0.04 0.08 0.15 -1 0
Result 0 0.0 1996 0.41 0.18 0.15 0.18 0.14 0.19 0.16 -1 -1 -1 -1
Evo 1.00 0.00 1.00 0.99 1.00 1.00 1.00 0.07 0.00 0.04 0.15 0.16 -1 1
Result 0 0.0 1996 0.44 0.18 0.16 0.15 0.18 0.17 0.16 -1 -1 -1 -1
Evo 1.02 0.00 1.00 0.99 1.00 1.00 1.00 0.08 0.00 0.05 0.09 0.11 -1 0
Result 0 0.0 2000 0.43 0.17 0.16 0.18 0.14 0.17 0.17 -1 -1 -1 -1
Evo 1.01 0.00 1.00 0.99 1.00 1.00 1.00 0.08 0.00 0.05 0.12 0.16 -1 78
Result 0 0.0 2000 0.42 0.16 0.16 0.18 0.16 0.18 0.16 -1 -1 -1 -1
Evo 1.00 0.00 1.00 0.99 1.00 1.00 1.00 0.08 0.00 0.05 0.07 0.13 -1 27
Result 0 0.0 2000 0.44 0.17 0.13 0.18 0.17 0.18 0.18 -1 -1 -1 -1
Evo 1.01 0.00 1.00 0.99 1.00 1.00 1.00 0.08 0.00 0.05 0.26 0.35 -1 18
Result 0 0.0 2000 0.42 0.16 0.16 0.18 0.18 0.16 0.16 -1 -1 -1 -1
Evo 1.00 0.00 1.00 0.99 1.00 1.00 1.00 0.08 0.00 0.05 0.06 0.10 -1 98
Result 0 0.0 2000 0.44 0.18 0.14 0.18 0.18 0.17 0.16 -1 -1 -1 -1
Evo 1.00 0.00 1.00 0.99 1.00 1.00 1.00 0.07 0.00 0.04 0.22 0.30 -1 37
Result 0 0.0 1997 0.44 0.18 0.15 0.16 0.18 0.17 0.16 -1 -1 -1 -1
Evo 1.00 0.00 1.00 0.99 1.00 1.00 1.00 0.08 0.00 0.05 0.22 0.34 -1 43
Result 0 0.0 2000 0.41 0.17 0.15 0.17 0.16 0.18 0.17 -1 -1 -1 -1
Evo 1.00 0.00 1.00 0.99 1.00 1.00 1.00 0.08 0.00 0.05 0.15 0.31 -1 30
Result 0 0.0 2000 0.44 0.17 0.12 0.18 0.17 0.18 0.17 -1 -1 -1 -1
Evo 1.00 0.00 1.00 0.99 1.00 1.00 1.00 0.08 0.00 0.05 0.14 0.22 -1 33
Result 0 0.0 2000 0.43 0.17 0.16 0.15 0.18 0.16 0.17 -1 -1 -1 -1
Evo 1.00 0.00 1.00 0.99 1.00 1.00 1.00 0.08 0.00 0.05 0.13 0.20 -1 195
Result 0 0.0 2000 0.39 0.16 0.14 0.17 0.19 0.17 0.17 -1 -1 -1 -1
Evo 1.00 0.00 1.00 0.99 1.00 1.00 1.00 0.08 0.00 0.05 0.25 0.34 -1 17
Result 0 0.0 2000 0.43 0.18 0.17 0.15 0.17 0.16 0.18 -1 -1 -1 -1
Evo 1.01 0.00 1.00 0.99 1.00 1.00 1.00 0.08 0.00 0.05 0.12 0.18 -1 238
Result 0 0.0 2000 0.43 0.16 0.16 0.17 0.18 0.16 0.17 -1 -1 -1 -1
Evo 1.01 0.00 1.00 0.99 1.00 1.00 1.00 0.08 0.00 0.05 0.27 0.39 -1 114
Result 0 0.0 2000 0.43 0.17 0.18 0.16 0.16 0.17 0.17 -1 -1 -1 -1
Evo 1.00 0.00 1.00 1.00 1.00 1.00 1.00 0.05 0.00 0.02 0.11 0.21 -1 4
Result 0 0.0 1991 0.43 0.16 0.12 0.19 0.18 0.17 0.18 -1 -1 -1 -1
Evo 1.00 0.00 1.00 0.99 1.00 1.00 1.00 0.08 0.00 0.05 0.12 0.28 -1 37
Result 0 0.0 2000 0.43 0.17 0.15 0.16 0.17 0.19 0.16 -1 -1 -1 -1
Evo 1.00 0.00 1.00 0.99 1.00 1.00 1.00 0.08 0.00 0.05 0.07 0.13 -1 74
Result 0 0.0 2000 0.43 0.16 0.14 0.18 0.18 0.17 0.17 -1 -1 -1 -1
Evo 1.00 0.00 1.00 0.99 1.00 1.00 1.00 0.08 0.00 0.05 0.10 0.18 -1 21
Result 0 0.0 2000 0.44 0.18 0.15 0.18 0.17 0.18 0.14 -1 -1 -1 -1
Evo 1.01 0.00 1.00 0.98 1.00 1.00 1.00 0.13 0.01 0.10 0.07 0.13 -1 92
Result 0 0.0 480 0.40 0.15 0.16 0.21 0.15 0.18 0.15 -1 -1 -1 -1
Evo 1.00 0.00 1.00 0.99 1.00 1.00 1.00 0.08 0.00 0.05 0.22 0.37 -1 84
Result 0 0.0 2000 0.42 0.17 0.16 0.16 0.16 0.18 0.17 -1 -1 -1 -1
Evo 1.01 0.00 1.00 0.99 1.00 1.00 1.00 0.10 0.00 0.07 0.16 0.31 -1 44
Result 0 0.0 1320 0.45 0.18 0.16 0.14 0.17 0.19 0.17 -1 -1 -1 -1
Evo 1.04 0.00 1.00 0.98 1.00 1.00 1.00 0.14 0.01 0.11 0.05 0.10 -1 20
Result 0 0.0 427 0.45 0.18 0.19 0.15 0.15 0.18 0.15 -1 -1 -1 -1
Evo 1.00 0.00 1.00 0.99 1.00 1.00 1.00 0.08 0.00 0.04 0.11 0.18 -1 0
Result 0 0.0 1998 0.43 0.17 0.16 0.18 0.16 0.17 0.17 -1 -1 -1 -1
Evo 1.00 0.00 1.00 0.99 1.00 1.00 1.00 0.08 0.00 0.05 0.11 0.22 -1 0
Result 0 0.0 2000 0.41 0.17 0.15 0.17 0.17 0.17 0.16 -1 -1 -1 -1
Evo 1.13 0.00 1.00 0.99 1.00 1.00 1.00 0.09 0.00 0.05 0.15 0.23 -1 0
Result 0 0.0 2000 0.44 0.18 0.17 0.15 0.16 0.17 0.17 -1 -1 -1 -1
Evo 1.00 0.00 1.00 0.99 1.00 1.00 1.00 0.07 0.00 0.04 0.11 0.17 -1 0
Result 0 0.0 1996 0.44 0.17 0.16 0.18 0.16 0.17 0.17 -1 -1 -1 -1
Evo 1.01 0.00 1.00 1.00 1.00 1.00 1.00 0.03 0.00 0.01 0.12 0.17 -1 0
Result 0 0.0 1915 0.42 0.18 0.16 0.18 0.16 0.16 0.16 -1 -1 -1 -1
Evo 1.00 0.00 1.00 0.99 1.00 1.00 1.00 0.08 0.00 0.05 0.15 0.22 -1 0
Result 0 0.0 2000 0.43 0.16 0.16 0.17 0.18 0.16 0.16 -1 -1 -1 -1
Evo 1.00 0.00 1.00 1.00 1.00 1.00 1.00 0.06 0.00 0.03 0.15 0.23 -1 0
Result 0 0.0 1994 0.41 0.15 0.16 0.18 0.15 0.18 0.18 -1 -1 -1 -1
Evo 1.01 0.00 1.00 0.99 1.00 1.00 1.00 0.08 0.00 0.05 0.15 0.23 -1 0
Result 0 0.0 2000 0.42 0.17 0.16 0.16 0.17 0.17 0.18 -1 -1 -1 -1
Evo 1.00 0.00 1.00 0.99 1.00 1.00 1.00 0.08 0.00 0.05 0.14 0.20 -1 0
Result 0 0.0 2000 0.43 0.17 0.16 0.17 0.16 0.17 0.17 -1 -1 -1 -1
Evo 1.01 0.00 1.00 1.00 1.00 1.00 1.00 0.07 0.00 0.04 0.16 0.19 -1 0
Result 0 0.0 1995 0.41 0.18 0.15 0.17 0.17 0.16 0.16 -1 -1 -1 -1
Evo 1.00 0.00 1.00 0.99 1.00 1.00 1.00 0.08 0.00 0.05 0.08 0.15 -1 0
Result 0 0.0 2000 0.43 0.16 0.17 0.18 0.16 0.16 0.16 -1 -1 -1 -1
Evo 1.01 0.00 1.00 1.00 1.00 1.00 1.00 0.07 0.00 0.04 0.12 0.23 -1 0
Result 0 0.0 1995 0.42 0.16 0.15 0.19 0.15 0.17 0.18 -1 -1 -1 -1
Evo 1.00 0.00 1.00 0.99 1.00 1.00 1.00 0.08 0.00 0.05 0.12 0.17 -1 0
Result 0 0.0 2000 0.44 0.18 0.17 0.17 0.16 0.16 0.16 -1 -1 -1 -1
Evo 1.03 0.00 1.00 0.99 1.00 1.00 1.00 0.08 0.00 0.05 0.08 0.13 -1 0
Result 0 0.0 2000 0.46 0.19 0.19 0.14 0.18 0.12 0.17 -1 -1 -1 -1
Evo 1.00 0.00 1.00 0.99 1.00 1.00 1.00 0.08 0.00 0.05 0.16 0.24 -1 0
Result 0 0.0 2000 0.42 0.17 0.15 0.17 0.16 0.17 0.17 -1 -1 -1 -1
Evo 1.01 0.00 1.00 0.99 1.00 1.00 1.00 0.08 0.00 0.05 0.12 0.18 -1 0
Result 0 0.0 2000 0.43 0.17 0.17 0.17 0.15 0.17 0.17 -1 -1 -1 -1
Evo 1.02 0.00 1.00 0.99 1.00 1.00 1.00 0.08 0.00 0.05 0.15 0.25 -1 0
Result 0 0.0 2000 0.43 0.16 0.17 0.18 0.16 0.16 0.16 -1 -1 -1 -1
Evo 1.01 0.00 1.00 1.00 1.00 1.00 1.00 0.02 0.00 0.01 0.24 0.33 -1 0
Result 0 0.0 1987 0.43 0.17 0.16 0.16 0.16 0.17 0.17 -1 -1 -1 -1
Evo 1.02 0.00 1.00 0.99 1.00 1.00 1.00 0.09 0.00 0.06 0.08 0.14 -1 0
Result 0 0.0 364 0.41 0.15 0.15 0.21 0.17 0.15 0.18 -1 -1 -1 -1
Evo 1.00 0.00 1.00 0.99 1.00 1.00 1.00 0.08 0.00 0.05 0.15 0.21 -1 0
Result 0 0.0 2000 0.45 0.19 0.16 0.17 0.15 0.17 0.16 -1 -1 -1 -1
Evo 1.00 0.00 1.00 0.99 1.00 1.00 1.00 0.08 0.00 0.05 0.10 0.13 -1 31
Result 0 0.0 2000 0.43 0.17 0.17 0.17 0.16 0.16 0.17 -1 -1 -1 -1
Evo 1.00 0.00 1.00 0.99 1.00 1.00 1.00 0.08 0.00 0.05 0.07 0.12 -1 30
Result 0 0.0 2000 0.44 0.18 0.16 0.17 0.16 0.16 0.17 -1 -1 -1 -1
Evo 1.00 0.00 1.00 0.99 1.00 1.00 1.00 0.08 0.00 0.05 0.13 0.23 -1 182
Result 0 0.0 2000 0.43 0.17 0.17 0.17 0.14 0.18 0.17 -1 -1 -1 -1
Evo 1.00 0.00 1.00 0.99 1.00 1.00 1.00 0.08 0.00 0.05 0.12 0.14 -1 325
Result 0 0.0 2000 0.42 0.15 0.18 0.16 0.17 0.17 0.16 -1 -1 -1 -1
Evo 1.00 0.00 1.00 0.99 1.00 1.00 1.00 0.08 0.00 0.05 0.11 0.14 -1 34
Result 0 0.0 2000 0.43 0.18 0.16 0.17 0.16 0.16 0.17 -1 -1 -1 -1
Evo 1.00 0.00 1.00 0.99 1.00 1.00 1.00 0.08 0.00 0.05 0.11 0.18 -1 39
Result 0 0.0 2000 0.42 0.16 0.18 0.17 0.16 0.18 0.16 -1 -1 -1 -1
Evo 1.00 0.00 1.00 0.99 1.00 1.00 1.00 0.08 0.00 0.05 0.04 0.09 -1 813
Result 0 0.0 2000 0.43 0.17 0.17 0.17 0.17 0.15 0.17 -1 -1 -1 -1
Evo 1.00 0.00 1.00 0.99 1.00 1.00 1.00 0.08 0.00 0.05 0.04 0.09 -1 163
Result 0 0.0 2000 0.43 0.17 0.17 0.18 0.16 0.15 0.17 -1 -1 -1 -1
Evo 1.00 0.00 1.00 0.99 1.00 1.00 1.00 0.08 0.00 0.05 0.10 0.14 -1 12
Result 0 0.0 2000 0.44 0.16 0.18 0.17 0.16 0.17 0.16 -1 -1 -1 -1
Evo 1.00 0.00 1.00 0.99 1.00 1.00 1.00 0.08 0.00 0.05 0.12 0.14 -1 130
Result 0 0.0 2000 0.42 0.16 0.17 0.16 0.17 0.18 0.17 -1 -1 -1 -1
Evo 1.00 0.00 1.00 0.99 1.00 1.00 1.00 0.08 0.00 0.05 0.09 0.15 -1 179
Result 0 0.0 2000 0.42 0.16 0.16 0.17 0.16 0.18 0.17 -1 -1 -1 -1
Evo 1.00 0.00 1.00 0.99 1.00 1.00 1.00 0.08 0.00 0.05 0.14 0.28 -1 157
Result 0 0.0 2000 0.42 0.15 0.18 0.18 0.15 0.17 0.17 -1 -1 -1 -1
Evo 1.00 0.00 1.00 0.99 1.00 1.00 1.00 0.08 0.00 0.05 0.13 0.14 -1 166
Result 0 0.0 2000 0.45 0.19 0.15 0.18 0.14 0.17 0.17 -1 -1 -1 -1
Evo 1.00 0.00 1.00 0.99 1.00 1.00 1.00 0.08 0.00 0.05 0.11 0.16 -1 32
Result 0 0.0 2000 0.44 0.17 0.18 0.17 0.16 0.17 0.16 -1 -1 -1 -1
Evo 1.00 0.00 1.00 0.99 1.00 1.00 1.00 0.08 0.00 0.05 0.10 0.14 -1 246
Result 0 0.0 2000 0.42 0.17 0.15 0.16 0.17 0.18 0.16 -1 -1 -1 -1
Evo 1.00 0.00 1.00 0.99 1.00 1.00 1.00 0.08 0.00 0.05 0.10 0.17 -1 439
Result 0 0.0 2000 0.43 0.17 0.17 0.16 0.17 0.17 0.17 -1 -1 -1 -1
Evo 1.00 0.00 1.00 0.99 1.00 1.00 1.00 0.08 0.00 0.05 0.07 0.12 -1 39
Result 0 0.0 2000 0.44 0.16 0.17 0.18 0.17 0.15 0.17 -1 -1 -1 -1
Evo 1.00 0.00 1.00 0.99 1.00 1.00 1.00 0.08 0.00 0.05 0.11 0.13 -1 272
Result 0 0.0 2000 0.43 0.17 0.17 0.17 0.15 0.16 0.18 -1 -1 -1 -1
Evo 1.00 0.00 1.00 0.99 1.00 1.00 1.00 0.08 0.00 0.05 0.11 0.18 -1 48
Result 0 0.0 2000 0.44 0.18 0.17 0.17 0.15 0.17 0.17 -1 -1 -1 -1
Evo 1.00 0.00 1.00 0.99 1.00 1.00 1.00 0.08 0.00 0.05 0.09 0.14 -1 24
Result 0 0.0 2000 0.44 0.17 0.17 0.18 0.16 0.16 0.16 -1 -1 -1 -1
Evo 1.00 0.00 1.00 0.99 1.00 1.00 1.00 0.08 0.00 0.05 0.15 0.19 -1 0
Result 0 0.0 2000 0.43 0.16 0.16 0.15 0.18 0.17 0.17 -1 -1 -1 -1
Evo 1.00 0.00 1.00 0.99 1.00 1.00 1.00 0.08 0.00 0.05 0.09 0.10 -1 0
Result 0 0.0 2000 0.42 0.18 0.16 0.17 0.15 0.18 0.16 -1 -1 -1 -1
Evo 1.04 0.00 1.00 0.99 1.00 1.00 1.00 0.08 0.00 0.05 0.11 0.12 -1 0
Result 0 0.0 2000 0.45 0.19 0.16 0.17 0.15 0.18 0.16 -1 -1 -1 -1
Evo 1.00 0.00 1.00 0.99 1.00 1.00 1.00 0.08 0.00 0.05 0.11 0.13 -1 0
Result 0 0.0 2000 0.44 0.18 0.17 0.15 0.16 0.16 0.17 -1 -1 -1 -1
Evo 1.00 0.00 1.00 1.00 1.00 1.00 1.00 0.03 0.00 0.01 0.10 0.11 -1 0
Result 0 0.0 1988 0.44 0.17 0.16 0.17 0.15 0.17 0.17 -1 -1 -1 -1
Evo 1.00 0.00 1.00 0.99 1.00 1.00 1.00 0.08 0.00 0.05 0.10 0.11 -1 0
Result 0 0.0 2000 0.44 0.17 0.15 0.17 0.16 0.17 0.17 -1 -1 -1 -1
Evo 1.00 0.00 1.00 0.99 1.00 1.00 1.00 0.08 0.00 0.05 0.11 0.11 -1 0
Result 0 0.0 2000 0.43 0.17 0.16 0.17 0.15 0.18 0.17 -1 -1 -1 -1
Evo 1.00 0.00 1.00 0.99 1.00 1.00 1.00 0.08 0.00 0.05 0.11 0.11 -1 0
Result 0 0.0 2000 0.44 0.17 0.17 0.16 0.16 0.17 0.16 -1 -1 -1 -1
Evo 1.00 0.00 1.00 1.00 1.00 1.00 1.00 0.04 0.00 0.02 0.10 0.11 -1 1
Result 0 0.0 1990 0.42 0.16 0.16 0.17 0.16 0.18 0.18 -1 -1 -1 -1
Evo 1.01 0.00 1.00 0.99 1.00 1.00 1.00 0.08 0.00 0.05 0.10 0.11 -1 0
Result 0 0.0 2000 0.43 0.17 0.17 0.18 0.16 0.15 0.17 -1 -1 -1 -1
Evo 1.00 0.00 1.00 0.99 1.00 1.00 1.00 0.08 0.00 0.05 0.09 0.11 -1 0
Result 0 0.0 2000 0.43 0.17 0.19 0.17 0.16 0.15 0.16 -1 -1 -1 -1
Evo 1.00 0.00 1.00 0.99 1.00 1.00 1.00 0.08 0.00 0.05 0.10 0.11 -1 0
Result 0 0.0 2000 0.44 0.18 0.18 0.16 0.15 0.18 0.16 -1 -1 -1 -1
Evo 1.00 0.00 1.00 0.99 1.00 1.00 1.00 0.08 0.00 0.05 0.09 0.11 -1 0
Result 0 0.0 2000 0.43 0.16 0.17 0.18 0.16 0.16 0.17 -1 -1 -1 -1
Evo 1.02 0.00 1.00 1.00 1.00 1.00 1.00 0.04 0.00 0.02 0.10 0.11 -1 0
Result 0 0.0 1494 0.44 0.18 0.17 0.18 0.15 0.17 0.16 -1 -1 -1 -1
Evo 1.00 0.00 1.00 1.00 1.00 1.00 1.00 0.04 0.00 0.01 0.11 0.12 -1 0
Result 0 0.0 1989 0.43 0.17 0.16 0.17 0.15 0.18 0.17 -1 -1 -1 -1
Evo 1.00 0.00 1.00 0.99 1.00 1.00 1.00 0.08 0.00 0.05 0.10 0.11 -1 0
Result 0 0.0 2000 0.43 0.17 0.16 0.17 0.16 0.17 0.18 -1 -1 -1 -1
Evo 1.00 0.00 1.00 0.99 1.00 1.00 1.00 0.09 0.00 0.05 0.11 0.11 -1 0
Result 0 0.0 2000 0.43 0.17 0.17 0.17 0.16 0.17 0.16 -1 -1 -1 -1
Evo 1.00 0.00 1.00 0.99 1.00 1.00 1.00 0.08 0.00 0.05 0.11 0.11 -1 0
Result 0 0.0 1999 0.43 0.17 0.17 0.17 0.14 0.18 0.17 -1 -1 -1 -1
Evo 1.03 0.00 1.00 1.00 1.00 1.00 1.00 0.04 0.00 0.01 0.07 0.11 -1 0
Result 0 0.0 651 0.44 0.18 0.17 0.17 0.16 0.16 0.16 -1 -1 -1 -1
Evo 1.00 0.00 1.00 0.99 1.00 1.00 1.00 0.08 0.00 0.05 0.11 0.11 -1 0
Result 0 0.0 2000 0.44 0.18 0.15 0.16 0.16 0.18 0.17 -1 -1 -1 -1
