Evo 1.10 0.00 1.00 0.95 0.92 1.00 1.00 0.09 0.00 0.35 0.37 0.39 926 -1
Result 1 36.0 942 0.47 0.18 0.20 0.21 0.21 0.19 -1 -1 -1 -1 -1
Evo 1.13 0.00 1.00 0.02 0.00 0.00 0.00 0.13 0.00 0.09 0.39 0.39 1292 -1
Result 1 36.0 1325 0.47 0.20 0.21 0.21 0.19 0.20 -1 -1 -1 -1 -1
Evo 1.11 0.00 1.00 0.01 0.00 0.00 0.00 0.08 0.00 0.52 0.38 0.39 1088 -1
Result 1 36.0 1104 0.45 0.19 0.21 0.18 0.23 0.19 -1 -1 -1 -1 -1
Evo 1.05 0.00 0.00 0.00 0.00 0.00 0.00 0.00 0.00 0.02 0.35 0.36 -1 1987
Result 0 24.0 2000 0.47 0.20 0.19 0.21 0.21 0.19 -1 -1 -1 -1 -1
Evo 1.04 0.00 0.50 0.50 0.50 0.50 0.50 0.04 0.00 0.03 0.33 0.36 -1 1987
Result 0 24.0 2000 0.48 0.18 0.20 0.22 0.19 0.21 -1 -1 -1 -1 -1
Evo 1.11 0.50 1.00 0.50 0.50 0.50 0.50 0.03 0.00 0.03 0.39 0.39 1580 -1
Result 1 36.0 1671 0.47 0.18 0.21 0.20 0.21 0.20 -1 -1 -1 -1 -1
Evo 1.12 0.50 1.00 0.50 0.50 0.50 0.50 0.04 0.00 0.05 0.38 0.39 1290 -1
Result 1 36.0 1307 0.45 0.20 0.22 0.18 0.22 0.18 -1 -1 -1 -1 -1
Evo 1.15 0.50 1.00 0.51 0.50 0.50 0.50 0.05 0.00 0.05 0.39 0.39 756 -1
Result 1 36.0 780 0.47 0.19 0.19 0.21 0.20 0.21 -1 -1 -1 -1 -1
Evo 1.21 0.50 1.00 0.51 0.50 0.50 0.50 0.08 0.00 0.02 0.37 0.39 574 -1
Result 1 36.0 598 0.45 0.23 0.21 0.18 0.20 0.18 -1 -1 -1 -1 -1
Evo 1.06 0.00 0.50 0.50 0.50 0.50 0.50 0.04 0.00 0.01 0.34 0.35 -1 1987
Result 0 24.0 2000 0.46 0.20 0.20 0.19 0.21 0.20 -1 -1 -1 -1 -1
Evo 1.18 0.50 1.00 0.51 0.50 0.50 0.50 0.06 0.00 0.05 0.38 0.39 794 -1
Result 1 36.0 806 0.45 0.18 0.21 0.19 0.22 0.21 -1 -1 -1 -1 -1
Evo 1.14 0.50 1.00 0.51 0.50 0.50 0.50 0.05 0.00 0.01 0.37 0.39 1075 -1
Result 1 36.0 1094 0.48 0.20 0.19 0.21 0.19 0.21 -1 -1 -1 -1 -1
Evo 1.03 0.00 0.50 0.50 0.50 0.50 0.50 0.04 0.00 0.01 0.33 0.37 -1 1987
Result 0 24.0 2000 0.47 0.20 0.20 0.20 0.21 0.18 -1 -1 -1 -1 -1
Evo 1.09 0.50 1.00 0.50 0.50 0.50 0.50 0.05 0.00 0.05 0.38 0.39 1249 -1
Result 1 36.0 1266 0.47 0.20 0.20 0.20 0.20 0.20 -1 -1 -1 -1 -1
Evo 1.11 0.50 1.00 0.51 0.50 0.50 0.50 0.05 0.00 0.06 0.37 0.39 946 -1
Result 1 36.0 1004 0.45 0.21 0.20 0.19 0.22 0.19 -1 -1 -1 -1 -1
Evo 1.09 0.50 1.00 0.50 0.50 0.50 0.50 0.04 0.00 0.02 0.39 0.39 1342 -1
Result 1 36.0 1357 0.46 0.18 0.22 0.20 0.20 0.19 -1 -1 -1 -1 -1
Evo 1.07 0.00 0.50 0.50 0.50 0.50 0.50 0.04 0.00 0.02 0.35 0.37 -1 1987
Result 0 24.0 2000 0.46 0.19 0.21 0.20 0.21 0.20 -1 -1 -1 -1 -1
Evo 1.17 0.50 1.00 0.51 0.50 0.50 0.50 0.07 0.00 0.10 0.37 0.39 825 -1
Result 1 36.0 845 0.45 0.21 0.21 0.19 0.22 0.18 -1 -1 -1 -1 -1
Evo 1.14 0.50 1.00 0.51 0.50 0.50 0.50 0.07 0.00 0.03 0.38 0.39 830 -1
Result 1 36.0 854 0.46 0.23 0.19 0.19 0.21 0.18 -1 -1 -1 -1 -1
Evo 1.11 0.50 1.00 0.50 0.50 0.50 0.50 0.04 0.00 0.05 0.35 0.39 867 -1
Result 1 36.0 872 0.47 0.20 0.20 0.21 0.18 0.22 -1 -1 -1 -1 -1
Evo 1.46 0.00 0.50 0.50 0.50 0.50 0.50 0.02 0.00 0.02 0.23 0.30 -1 0
Result 0 12.0 578 0.44 0.23 0.18 0.17 0.22 0.20 -1 -1 -1 -1 -1
Evo 1.08 0.00 0.50 0.50 0.50 0.50 0.50 0.04 0.00 0.01 0.30 0.36 -1 0
Result 0 13.0 2000 0.46 0.19 0.19 0.19 0.23 0.20 -1 -1 -1 -1 -1
Evo 1.84 0.00 0.50 0.49 0.50 0.50 0.50 0.05 0.01 0.07 0.20 0.31 -1 0
Result 0 12.0 91 0.46 0.22 0.16 0.20 0.21 0.22 -1 -1 -1 -1 -1
Evo 1.16 0.00 0.50 0.50 0.50 0.50 0.50 0.04 0.00 0.01 0.32 0.36 -1 0
Result 0 13.0 1999 0.45 0.21 0.20 0.18 0.21 0.20 -1 -1 -1 -1 -1
Evo 1.14 0.00 0.50 0.50 0.50 0.50 0.50 0.04 0.00 0.17 0.33 0.36 -1 0
Result 0 14.0 2000 0.46 0.20 0.17 0.20 0.21 0.22 -1 -1 -1 -1 -1
Evo 1.06 0.00 0.50 0.50 0.50 0.50 0.50 0.04 0.00 0.01 0.22 0.27 -1 0
Result 0 9.0 2000 0.48 0.19 0.17 0.21 0.22 0.20 -1 -1 -1 -1 -1
Evo 1.12 0.00 0.50 0.50 0.50 0.50 0.50 0.04 0.00 0.07 0.23 0.27 -1 0
Result 0 9.0 2000 0.48 0.20 0.17 0.22 0.22 0.19 -1 -1 -1 -1 -1
Evo 1.09 0.00 0.50 0.50 0.50 0.50 0.50 0.04 0.00 0.13 0.23 0.27 -1 0
Result 0 9.0 2000 0.46 0.20 0.17 0.20 0.23 0.20 -1 -1 -1 -1 -1
Evo 1.11 0.00 0.50 0.50 0.50 0.50 0.50 0.04 0.00 0.01 0.23 0.29 -1 0
Result 0 9.0 2000 0.47 0.21 0.17 0.20 0.23 0.19 -1 -1 -1 -1 -1
Evo 1.15 0.00 0.50 0.50 0.50 0.50 0.50 0.03 0.00 0.06 0.31 0.36 -1 0
Result 0 13.0 1995 0.46 0.21 0.17 0.20 0.23 0.20 -1 -1 -1 -1 -1
Evo 1.15 0.00 0.50 0.50 0.50 0.50 0.50 0.04 0.00 0.01 0.23 0.28 -1 0
Result 0 8.0 2000 0.46 0.21 0.19 0.20 0.23 0.18 -1 -1 -1 -1 -1
Evo 1.06 0.00 0.50 0.50 0.50 0.50 0.50 0.04 0.00 0.02 0.23 0.29 -1 0
Result 0 8.0 2000 0.46 0.21 0.16 0.19 0.24 0.20 -1 -1 -1 -1 -1
Evo 1.13 0.00 0.50 0.50 0.50 0.50 0.50 0.04 0.00 0.12 0.33 0.36 -1 0
Result 0 14.0 2000 0.45 0.19 0.19 0.19 0.21 0.22 -1 -1 -1 -1 -1
Evo 1.11 0.00 0.50 0.50 0.50 0.50 0.50 0.04 0.00 0.01 0.23 0.27 -1 0
Result 0 9.0 2000 0.47 0.20 0.16 0.21 0.23 0.19 -1 -1 -1 -1 -1
Evo 1.17 0.00 0.50 0.50 0.50 0.50 0.50 0.04 0.00 0.01 0.32 0.36 -1 0
Result 0 14.0 2000 0.46 0.20 0.18 0.19 0.23 0.20 -1 -1 -1 -1 -1
Evo 1.35 0.00 0.50 0.50 0.50 0.50 0.50 0.04 0.00 0.05 0.17 0.30 -1 0
Result 0 11.0 147 0.47 0.26 0.16 0.21 0.20 0.17 -1 -1 -1 -1 -1
Evo 1.42 0.00 0.50 0.50 0.50 0.50 0.50 0.03 0.00 0.02 0.23 0.27 -1 0
Result 0 10.0 481 0.45 0.19 0.20 0.18 0.23 0.20 -1 -1 -1 -1 -1
Evo 1.15 0.00 0.50 0.50 0.50 0.50 0.50 0.01 0.00 0.01 0.23 0.27 -1 0
Result 0 9.0 1987 0.47 0.21 0.17 0.21 0.22 0.19 -1 -1 -1 -1 -1
Evo 1.07 0.00 0.50 0.50 0.50 0.50 0.50 0.04 0.00 0.01 0.33 0.36 -1 0
Result 0 14.0 2000 0.45 0.21 0.18 0.19 0.21 0.21 -1 -1 -1 -1 -1
Evo 1.18 0.00 0.50 0.50 0.50 0.50 0.50 0.04 0.00 0.20 0.33 0.37 -1 0
Result 0 15.0 2000 0.45 0.21 0.19 0.19 0.21 0.20 -1 -1 -1 -1 -1
Evo 1.04 0.00 0.50 0.50 0.50 0.50 0.50 0.04 0.00 0.09 0.31 0.33 -1 0
Result 0 9.0 2000 0.47 0.21 0.19 0.21 0.20 0.20 -1 -1 -1 -1 -1
Evo 1.02 0.00 0.50 0.50 0.50 0.50 0.50 0.03 0.00 0.01 0.12 0.21 -1 0
Result 0 0.0 1994 0.48 0.20 0.21 0.22 0.19 0.18 -1 -1 -1 -1 -1
Evo 1.04 0.00 0.50 0.50 0.50 0.50 0.50 0.04 0.00 0.13 0.29 0.33 -1 0
Result 0 9.0 2000 0.47 0.20 0.19 0.21 0.20 0.20 -1 -1 -1 -1 -1
Evo 1.01 0.00 0.50 0.50 0.50 0.50 0.50 0.04 0.00 0.01 0.13 0.17 -1 0
Result 0 1.0 2000 0.48 0.20 0.22 0.22 0.16 0.20 -1 -1 -1 -1 -1
Evo 1.06 0.00 0.50 0.50 0.50 0.50 0.50 0.04 0.00 0.03 0.40 0.44 -1 0
Result 0 22.0 2000 0.45 0.22 0.19 0.19 0.20 0.20 -1 -1 -1 -1 -1
Evo 1.02 0.00 0.50 0.50 0.50 0.50 0.50 0.04 0.00 0.07 0.31 0.33 -1 0
Result 0 9.0 2000 0.47 0.20 0.19 0.20 0.22 0.19 -1 -1 -1 -1 -1
Evo 1.07 0.00 0.50 0.50 0.50 0.50 0.50 0.04 0.00 0.01 0.46 0.46 -1 0
Result 0 25.0 2000 0.47 0.19 0.21 0.21 0.19 0.19 -1 -1 -1 -1 -1
Evo 1.01 0.00 0.50 0.50 0.50 0.50 0.50 0.04 0.00 0.01 0.13 0.18 -1 0
Result 0 1.0 2000 0.48 0.19 0.22 0.22 0.17 0.20 -1 -1 -1 -1 -1
Evo 1.03 0.00 0.50 0.50 0.50 0.50 0.50 0.04 0.00 0.04 0.31 0.34 -1 0
Result 0 9.0 2000 0.46 0.20 0.21 0.20 0.20 0.19 -1 -1 -1 -1 -1
Evo 1.04 0.00 0.50 0.50 0.50 0.50 0.50 0.04 0.00 0.09 0.31 0.33 -1 0
Result 0 9.0 2000 0.46 0.20 0.21 0.20 0.21 0.19 -1 -1 -1 -1 -1
Evo 1.00 0.00 0.50 0.50 0.50 0.50 0.50 0.04 0.00 0.03 0.13 0.15 -1 0
Result 0 1.0 1996 0.47 0.20 0.23 0.21 0.17 0.19 -1 -1 -1 -1 -1
Evo 1.03 0.00 0.50 0.50 0.50 0.50 0.50 0.03 0.00 0.11 0.29 0.33 -1 0
Result 0 9.0 1993 0.47 0.20 0.20 0.20 0.20 0.20 -1 -1 -1 -1 -1
Evo 1.02 0.00 0.50 0.50 0.50 0.50 0.50 0.04 0.00 0.14 0.14 0.21 -1 0
Result 0 3.0 2000 0.47 0.21 0.21 0.21 0.18 0.19 -1 -1 -1 -1 -1
Evo 1.01 0.00 0.50 0.50 0.50 0.50 0.50 0.04 0.00 0.03 0.14 0.17 -1 0
Result 0 3.0 2000 0.47 0.21 0.23 0.21 0.18 0.17 -1 -1 -1 -1 -1
Evo 1.06 0.00 0.50 0.50 0.50 0.50 0.50 0.04 0.00 0.13 0.32 0.33 -1 0
Result 0 9.0 2000 0.47 0.20 0.20 0.21 0.20 0.19 -1 -1 -1 -1 -1
Evo 1.01 0.00 0.50 0.50 0.50 0.50 0.50 0.04 0.00 0.14 0.13 0.17 -1 0
Result 0 1.0 2000 0.48 0.20 0.24 0.21 0.17 0.18 -1 -1 -1 -1 -1
Evo 1.03 0.00 0.50 0.50 0.50 0.50 0.50 0.04 0.00 0.32 0.31 0.33 -1 0
Result 0 9.0 2000 0.48 0.19 0.20 0.22 0.19 0.20 -1 -1 -1 -1 -1
Evo 1.01 0.00 0.50 0.50 0.50 0.50 0.50 0.04 0.00 0.02 0.13 0.16 -1 0
Result 0 1.0 2000 0.47 0.20 0.23 0.21 0.16 0.20 -1 -1 -1 -1 -1
Evo 1.05 0.00 0.50 0.50 0.50 0.50 0.50 0.04 0.00 0.10 0.28 0.33 -1 0
Result 0 9.0 2000 0.48 0.21 0.20 0.22 0.17 0.20 -1 -1 -1 -1 -1
Evo 1.01 0.00 0.50 0.50 0.50 0.50 0.50 0.04 0.00 0.11 0.29 0.33 -1 0
Result 0 9.0 2000 0.48 0.20 0.19 0.21 0.20 0.19 -1 -1 -1 -1 -1
Evo 1.06 0.00 0.50 0.50 0.50 0.50 0.50 0.04 0.00 0.03 0.36 0.37 -1 0
Result 0 8.0 2000 0.44 0.22 0.21 0.17 0.20 0.20 -1 -1 -1 -1 -1
Evo 1.04 0.00 0.50 0.50 0.50 0.50 0.50 0.03 0.00 0.03 0.37 0.37 -1 0
Result 0 8.0 1992 0.44 0.21 0.21 0.18 0.20 0.21 -1 -1 -1 -1 -1
Evo 1.03 0.00 0.50 0.50 0.50 0.50 0.50 0.04 0.00 0.07 0.33 0.34 -1 0
Result 0 6.0 2000 0.45 0.20 0.19 0.18 0.20 0.22 -1 -1 -1 -1 -1
Evo 1.05 0.00 0.50 0.50 0.50 0.50 0.50 0.04 0.00 0.02 0.37 0.37 -1 0
Result 0 8.0 2000 0.43 0.21 0.20 0.16 0.21 0.22 -1 -1 -1 -1 -1
Evo 1.02 0.00 0.50 0.50 0.50 0.50 0.50 0.04 0.00 0.02 0.37 0.37 -1 0
Result 0 8.0 1996 0.43 0.21 0.22 0.17 0.19 0.21 -1 -1 -1 -1 -1
Evo 1.01 0.00 0.50 0.50 0.50 0.50 0.50 0.04 0.00 0.18 0.19 0.20 -1 0
Result 0 2.0 2000 0.45 0.21 0.19 0.18 0.21 0.22 -1 -1 -1 -1 -1
Evo 1.03 0.00 0.50 0.50 0.50 0.50 0.50 0.02 0.00 0.06 0.37 0.37 -1 0
Result 0 8.0 1989 0.44 0.21 0.22 0.17 0.18 0.22 -1 -1 -1 -1 -1
Evo 1.18 0.50 1.00 0.54 0.50 0.50 0.50 0.13 0.01 0.37 0.49 0.49 235 0
Result 1 19.0 293 0.46 0.21 0.20 0.19 0.23 0.17 -1 -1 -1 -1 -1
Evo 1.02 0.00 0.50 0.50 0.50 0.50 0.50 0.04 0.00 0.04 0.37 0.43 -1 0
Result 0 8.0 2000 0.44 0.21 0.21 0.17 0.19 0.22 -1 -1 -1 -1 -1
Evo 1.05 0.00 0.50 0.50 0.50 0.50 0.50 0.04 0.00 0.05 0.36 0.37 -1 0
Result 0 8.0 2000 0.44 0.20 0.20 0.18 0.20 0.22 -1 -1 -1 -1 -1
Evo 1.04 0.00 0.50 0.50 0.50 0.50 0.50 0.04 0.00 0.12 0.36 0.37 -1 0
Result 0 8.0 2000 0.43 0.20 0.20 0.17 0.19 0.23 -1 -1 -1 -1 -1
Evo 1.04 0.00 0.50 0.50 0.50 0.50 0.50 0.04 0.00 0.06 0.37 0.37 -1 0
Result 0 8.0 2000 0.43 0.20 0.21 0.17 0.19 0.23 -1 -1 -1 -1 -1
Evo 1.01 0.00 0.50 0.50 0.50 0.50 0.50 0.04 0.00 0.03 0.16 0.27 -1 0
Result 0 1.0 2000 0.45 0.20 0.17 0.18 0.22 0.22 -1 -1 -1 -1 -1
Evo 1.03 0.00 0.50 0.50 0.50 0.50 0.50 0.03 0.00 0.15 0.37 0.37 -1 0
Result 0 8.0 1993 0.45 0.21 0.22 0.18 0.19 0.21 -1 -1 -1 -1 -1
Evo 1.02 0.00 0.50 0.50 0.50 0.50 0.50 0.03 0.00 0.03 0.37 0.37 -1 0
Result 0 8.0 1993 0.43 0.20 0.21 0.17 0.20 0.21 -1 -1 -1 -1 -1
Evo 1.04 0.00 0.50 0.50 0.50 0.50 0.50 0.04 0.00 0.06 0.36 0.37 -1 0
Result 0 8.0 2000 0.44 0.20 0.21 0.17 0.19 0.22 -1 -1 -1 -1 -1
Evo 1.14 0.50 1.00 0.51 0.50 0.50 0.50 0.08 0.00 0.43 0.40 0.49 445 0
Result 1 14.0 457 0.46 0.20 0.20 0.19 0.23 0.17 -1 -1 -1 -1 -1
Evo 1.04 0.00 0.50 0.50 0.50 0.50 0.50 0.04 0.00 0.04 0.36 0.37 -1 0
Result 0 8.0 2000 0.41 0.22 0.20 0.15 0.21 0.21 -1 -1 -1 -1 -1
Evo 1.33 0.50 1.00 0.54 0.50 0.50 0.50 0.13 0.01 0.23 0.43 0.47 347 0
Result 1 17.0 389 0.47 0.23 0.17 0.21 0.16 0.24 -1 -1 -1 -1 -1
Evo 1.04 0.00 0.50 0.50 0.50 0.50 0.50 0.04 0.00 0.07 0.36 0.37 -1 0
Result 0 8.0 2000 0.42 0.20 0.20 0.16 0.21 0.23 -1 -1 -1 -1 -1
Evo 1.06 0.00 0.50 0.50 0.50 0.50 0.50 0.04 0.00 0.03 0.33 0.40 -1 0
Result 0 25.0 2000 0.47 0.21 0.19 0.21 0.21 0.18 -1 -1 -1 -1 -1
Evo 1.07 0.00 0.50 0.50 0.50 0.50 0.50 0.04 0.00 0.24 0.19 0.25 -1 0
Result 0 9.0 2000 0.49 0.21 0.17 0.24 0.21 0.17 -1 -1 -1 -1 -1
Evo 1.08 0.00 0.50 0.50 0.50 0.50 0.50 0.04 0.00 0.03 0.33 0.38 -1 0
Result 0 25.0 2000 0.47 0.19 0.21 0.20 0.20 0.20 -1 -1 -1 -1 -1
Evo 1.02 0.00 0.50 0.50 0.50 0.50 0.50 0.04 0.00 0.53 0.12 0.17 -1 0
Result 0 7.0 2000 0.48 0.20 0.20 0.22 0.21 0.17 -1 -1 -1 -1 -1
Evo 1.05 0.00 0.50 0.50 0.50 0.50 0.50 0.04 0.00 0.03 0.25 0.32 -1 0
Result 0 16.0 2000 0.46 0.20 0.20 0.19 0.20 0.21 -1 -1 -1 -1 -1
Evo 1.08 0.00 0.50 0.50 0.50 0.50 0.50 0.04 0.00 0.02 0.36 0.40 -1 0
Result 0 31.0 2000 0.47 0.21 0.21 0.21 0.18 0.19 -1 -1 -1 -1 -1
Evo 1.06 0.00 0.50 0.50 0.50 0.50 0.50 0.04 0.00 0.04 0.31 0.38 -1 0
Result 0 24.0 2000 0.48 0.21 0.20 0.22 0.18 0.19 -1 -1 -1 -1 -1
Evo 1.02 0.00 0.50 0.50 0.50 0.50 0.50 0.04 0.00 0.01 0.19 0.28 -1 0
Result 0 12.0 2000 0.46 0.21 0.20 0.19 0.20 0.20 -1 -1 -1 -1 -1
Evo 1.06 0.00 0.50 0.50 0.50 0.50 0.50 0.04 0.00 0.05 0.23 0.32 -1 0
Result 0 15.0 2000 0.48 0.19 0.18 0.22 0.22 0.19 -1 -1 -1 -1 -1
Evo 1.07 0.00 0.50 0.50 0.50 0.50 0.50 0.04 0.00 0.05 0.29 0.32 -1 0
Result 0 19.0 2000 0.49 0.20 0.20 0.23 0.19 0.18 -1 -1 -1 -1 -1
Evo 1.08 0.00 0.50 0.50 0.50 0.50 0.50 0.04 0.00 0.07 0.29 0.33 -1 0
Result 0 16.0 2000 0.46 0.20 0.20 0.20 0.18 0.22 -1 -1 -1 -1 -1
Evo 1.04 0.00 0.50 0.50 0.50 0.50 0.50 0.04 0.00 0.04 0.22 0.28 -1 0
Result 0 12.0 2000 0.45 0.21 0.21 0.19 0.19 0.20 -1 -1 -1 -1 -1
Evo 1.07 0.00 0.50 0.50 0.50 0.50 0.50 0.04 0.00 0.29 0.32 0.35 -1 0
Result 0 23.0 2000 0.47 0.19 0.20 0.20 0.21 0.19 -1 -1 -1 -1 -1
Evo 1.07 0.00 0.50 0.50 0.50 0.50 0.50 0.04 0.00 0.05 0.28 0.32 -1 0
Result 0 17.0 2000 0.46 0.19 0.20 0.20 0.21 0.20 -1 -1 -1 -1 -1
Evo 1.10 0.00 0.50 0.50 0.50 0.50 0.50 0.04 0.00 0.04 0.36 0.41 -1 0
Result 0 32.0 2000 0.47 0.20 0.20 0.20 0.19 0.20 -1 -1 -1 -1 -1
Evo 1.06 0.00 0.50 0.50 0.50 0.50 0.50 0.04 0.00 0.32 0.11 0.17 -1 0
Result 0 5.0 2000 0.48 0.22 0.21 0.22 0.19 0.16 -1 -1 -1 -1 -1
Evo 1.12 0.00 0.50 0.50 0.50 0.50 0.50 0.04 0.00 0.42 0.34 0.40 -1 0
Result 0 27.0 2000 0.47 0.21 0.20 0.21 0.19 0.19 -1 -1 -1 -1 -1
Evo 1.04 0.00 0.50 0.50 0.50 0.50 0.50 0.04 0.00 0.10 0.12 0.17 -1 0
Result 0 7.0 2000 0.48 0.21 0.19 0.22 0.22 0.17 -1 -1 -1 -1 -1
Evo 1.07 0.00 0.50 0.50 0.50 0.50 0.50 0.03 0.00 0.06 0.26 0.32 -1 0
Result 0 16.0 1992 0.48 0.21 0.20 0.21 0.21 0.17 -1 -1 -1 -1 -1
Evo 1.08 0.00 0.50 0.50 0.50 0.50 0.50 0.04 0.00 0.01 0.34 0.41 -1 0
Result 0 25.0 2000 0.47 0.20 0.20 0.21 0.20 0.18 -1 -1 -1 -1 -1
