Evo 1.00 0.00 0.00 0.00 0.00 0.00 0.00 0.00 0.00 0.00 0.20 0.23 -1 1987
Result 0 0.0 2000 0.47 0.19 0.21 0.21 0.19 0.21 -1 -1 -1 -1 -1
Evo 1.00 0.00 1.00 0.50 0.50 0.50 0.50 0.05 0.00 0.05 0.20 0.23 1 1987
Result 0 0.0 2000 0.46 0.20 0.20 0.20 0.21 0.19 -1 -1 -1 -1 -1
Evo 1.00 0.00 0.50 0.50 0.50 0.50 0.50 0.04 0.00 0.05 0.20 0.23 -1 1987
Result 0 0.0 2000 0.47 0.20 0.21 0.20 0.18 0.20 -1 -1 -1 -1 -1
Evo 1.00 0.00 0.50 0.50 0.50 0.50 0.50 0.04 0.00 0.05 0.20 0.23 -1 1987
Result 0 0.0 2000 0.46 0.20 0.21 0.21 0.19 0.20 -1 -1 -1 -1 -1
Evo 1.00 0.00 0.50 0.50 0.50 0.50 0.50 0.04 0.00 0.05 0.20 0.20 -1 1987
Result 0 0.0 2000 0.46 0.18 0.20 0.21 0.21 0.20 -1 -1 -1 -1 -1
Evo 1.00 0.00 0.50 0.50 0.50 0.50 0.50 0.04 0.00 0.05 0.20 0.23 -1 1987
Result 0 0.0 2000 0.47 0.21 0.19 0.20 0.20 0.21 -1 -1 -1 -1 -1
Evo 1.00 0.00 1.00 0.50 0.50 0.50 0.50 0.04 0.00 0.05 0.20 0.23 7 1987
Result 0 0.0 2000 0.47 0.19 0.21 0.20 0.19 0.21 -1 -1 -1 -1 -1
Evo 1.00 0.00 1.00 0.50 0.50 0.50 0.50 0.04 0.00 0.05 0.20 0.23 0 1987
Result 0 0.0 2000 0.45 0.20 0.21 0.20 0.21 0.18 -1 -1 -1 -1 -1
Evo 1.11 0.50 1.00 0.84 0.50 1.00 1.00 0.24 0.05 0.37 0.20 0.23 3 -1
Result 1 5.0 18 0.34 0.32 0.16 0.26 0.16 0.11 -1 -1 -1 -1 -1
Evo 1.00 0.00 0.50 0.50 0.50 0.50 0.50 0.04 0.00 0.05 0.20 0.23 -1 1987
Result 0 0.0 2000 0.45 0.20 0.20 0.20 0.21 0.19 -1 -1 -1 -1 -1
Evo 1.20 0.50 1.00 0.67 0.50 0.50 1.00 0.24 0.05 0.53 0.20 0.23 12 -1
Result 1 5.0 25 0.28 0.12 0.38 0.27 0.15 0.08 -1 -1 -1 -1 -1
Evo 1.00 0.00 0.50 0.50 0.50 0.50 0.50 0.04 0.00 0.05 0.20 0.23 -1 1987
Result 0 0.0 2000 0.46 0.19 0.21 0.20 0.21 0.20 -1 -1 -1 -1 -1
Evo 1.00 0.00 0.50 0.50 0.50 0.50 0.50 0.04 0.00 0.05 0.20 0.23 -1 1987
Result 0 0.0 2000 0.47 0.20 0.18 0.21 0.21 0.20 -1 -1 -1 -1 -1
Evo 1.00 0.00 0.50 0.50 0.50 0.50 0.50 0.04 0.00 0.05 0.20 0.23 -1 1987
Result 0 0.0 2000 0.46 0.19 0.21 0.19 0.21 0.20 -1 -1 -1 -1 -1
Evo 1.42 0.50 1.00 0.71 0.50 0.50 1.00 0.25 0.04 0.53 0.20 0.23 9 -1
Result 1 5.0 33 0.44 0.15 0.26 0.26 0.15 0.18 -1 -1 -1 -1 -1
Evo 1.10 0.50 1.00 0.86 0.50 1.00 1.00 0.23 0.05 0.35 0.20 0.23 4 -1
Result 1 5.0 20 0.49 0.19 0.19 0.19 0.19 0.24 -1 -1 -1 -1 -1
Evo 1.00 0.00 0.50 0.50 0.50 0.50 0.50 0.04 0.00 0.05 0.20 0.23 -1 1987
Result 0 0.0 2000 0.48 0.19 0.19 0.19 0.21 0.22 -1 -1 -1 -1 -1
Evo 1.12 0.50 1.00 0.75 0.50 0.50 1.00 0.25 0.04 0.50 0.20 0.23 21 -1
Result 1 5.0 43 0.47 0.14 0.23 0.23 0.20 0.20 -1 -1 -1 -1 -1
Evo 1.00 0.00 0.50 0.50 0.50 0.50 0.50 0.04 0.00 0.05 0.20 0.23 -1 1987
Result 0 0.0 2000 0.44 0.20 0.22 0.19 0.22 0.18 -1 -1 -1 -1 -1
Evo 1.67 0.50 1.00 0.91 1.00 1.00 1.00 0.20 0.05 0.24 0.20 0.23 3 -1
Result 1 5.0 15 0.38 0.13 0.31 0.25 0.19 0.13 -1 -1 -1 -1 -1
Evo 1.00 0.00 0.50 0.50 0.50 0.50 0.50 0.04 0.00 0.05 0.20 0.21 -1 0
Result 0 0.0 2000 0.48 0.18 0.22 0.19 0.19 0.21 -1 -1 -1 -1 -1
Evo 1.00 0.00 0.50 0.50 0.50 0.50 0.50 0.04 0.00 0.05 0.20 0.21 -1 0
Result 0 0.0 2000 0.47 0.20 0.22 0.20 0.18 0.21 -1 -1 -1 -1 -1
Evo 1.00 0.00 0.50 0.50 0.50 0.50 0.50 0.04 0.00 0.05 0.21 0.21 -1 0
Result 0 0.0 2000 0.48 0.20 0.21 0.19 0.18 0.22 -1 -1 -1 -1 -1
Evo 1.00 0.00 0.50 0.50 0.50 0.50 0.50 0.04 0.00 0.04 0.20 0.21 -1 0
Result 0 0.0 1997 0.47 0.20 0.20 0.20 0.20 0.20 -1 -1 -1 -1 -1
Evo 1.00 0.00 0.50 0.50 0.50 0.50 0.50 0.04 0.00 0.05 0.20 0.21 -1 0
Result 0 0.0 2000 0.47 0.20 0.21 0.21 0.18 0.20 -1 -1 -1 -1 -1
Evo 1.00 0.00 0.50 0.50 0.50 0.50 0.50 0.04 0.00 0.04 0.20 0.21 -1 0
Result 0 0.0 1996 0.47 0.21 0.19 0.21 0.18 0.20 -1 -1 -1 -1 -1
Evo 1.00 0.00 0.50 0.50 0.50 0.50 0.50 0.04 0.00 0.05 0.20 0.21 -1 0
Result 0 0.0 2000 0.46 0.22 0.20 0.20 0.18 0.20 -1 -1 -1 -1 -1
Evo 1.01 0.00 0.50 0.50 0.50 0.50 0.50 0.04 0.00 0.25 0.21 0.22 -1 0
Result 0 1.0 2000 0.46 0.20 0.20 0.21 0.20 0.19 -1 -1 -1 -1 -1
Evo 1.00 0.00 0.50 0.50 0.50 0.50 0.50 0.04 0.00 0.05 0.21 0.21 -1 0
Result 0 0.0 2000 0.47 0.20 0.22 0.19 0.17 0.21 -1 -1 -1 -1 -1
Evo 1.01 0.00 0.50 0.50 0.50 0.50 0.50 0.04 0.00 0.11 0.21 0.22 -1 0
Result 0 1.0 2000 0.47 0.20 0.21 0.19 0.20 0.21 -1 -1 -1 -1 -1
Evo 1.00 0.00 0.50 0.50 0.50 0.50 0.50 0.04 0.00 0.05 0.20 0.21 -1 0
Result 0 0.0 2000 0.45 0.20 0.21 0.21 0.19 0.18 -1 -1 -1 -1 -1
Evo 1.01 0.00 0.50 0.50 0.50 0.50 0.50 0.04 0.00 0.08 0.21 0.22 -1 0
Result 0 1.0 2000 0.47 0.22 0.20 0.18 0.19 0.21 -1 -1 -1 -1 -1
Evo 1.00 0.00 0.50 0.50 0.50 0.50 0.50 0.04 0.00 0.05 0.20 0.21 -1 0
Result 0 0.0 2000 0.47 0.20 0.22 0.20 0.18 0.21 -1 -1 -1 -1 -1
Evo 1.00 0.00 0.50 0.50 0.50 0.50 0.50 0.04 0.00 0.05 0.20 0.21 -1 0
Result 0 0.0 2000 0.48 0.20 0.19 0.19 0.20 0.21 -1 -1 -1 -1 -1
Evo 1.00 0.00 0.50 0.50 0.50 0.50 0.50 0.04 0.00 0.05 0.20 0.21 -1 0
Result 0 0.0 2000 0.46 0.21 0.20 0.21 0.17 0.20 -1 -1 -1 -1 -1
Evo 1.00 0.00 0.50 0.50 0.50 0.50 0.50 0.04 0.00 0.05 0.20 0.21 -1 0
Result 0 0.0 2000 0.47 0.20 0.20 0.21 0.18 0.21 -1 -1 -1 -1 -1
Evo 1.00 0.00 0.50 0.50 0.50 0.50 0.50 0.04 0.00 0.05 0.20 0.21 -1 0
Result 0 0.0 2000 0.44 0.22 0.23 0.20 0.17 0.18 -1 -1 -1 -1 -1
Evo 1.00 0.00 0.50 0.50 0.50 0.50 0.50 0.04 0.00 0.05 0.20 0.21 -1 0
Result 0 0.0 2000 0.46 0.21 0.21 0.22 0.17 0.20 -1 -1 -1 -1 -1
Evo 1.00 0.00 0.50 0.50 0.50 0.50 0.50 0.04 0.00 0.05 0.20 0.21 -1 0
Result 0 0.0 2000 0.47 0.20 0.22 0.19 0.18 0.21 -1 -1 -1 -1 -1
Evo 1.00 0.00 0.50 0.50 0.50 0.50 0.50 0.03 0.00 0.02 0.20 0.21 -1 0
Result 0 0.0 1991 0.45 0.20 0.22 0.21 0.18 0.19 -1 -1 -1 -1 -1
Evo 1.01 0.00 0.50 0.50 0.50 0.50 0.50 0.04 0.00 0.08 0.18 0.24 -1 75
Result 0 1.0 2000 0.45 0.20 0.18 0.23 0.20 0.19 -1 -1 -1 -1 -1
Evo 1.01 0.00 0.50 0.50 0.50 0.50 0.50 0.04 0.00 0.15 0.19 0.25 -1 143
Result 0 1.0 2000 0.45 0.20 0.20 0.20 0.21 0.18 -1 -1 -1 -1 -1
Evo 1.01 0.00 0.50 0.50 0.50 0.50 0.50 0.04 0.00 0.14 0.25 0.28 -1 125
Result 0 2.0 2000 0.48 0.19 0.20 0.19 0.19 0.21 -1 -1 -1 -1 -1
Evo 1.01 0.00 0.50 0.50 0.50 0.50 0.50 0.04 0.00 0.04 0.26 0.28 -1 28
Result 0 1.0 2000 0.46 0.21 0.19 0.20 0.20 0.19 -1 -1 -1 -1 -1
Evo 1.01 0.00 0.50 0.50 0.50 0.50 0.50 0.04 0.00 0.10 0.35 0.38 -1 12
Result 0 2.0 2000 0.47 0.19 0.19 0.21 0.20 0.20 -1 -1 -1 -1 -1
Evo 1.00 0.00 0.50 0.50 0.50 0.50 0.50 0.04 0.00 0.11 0.24 0.28 -1 132
Result 0 1.0 2000 0.45 0.21 0.19 0.21 0.20 0.18 -1 -1 -1 -1 -1
Evo 1.01 0.00 0.50 0.50 0.50 0.50 0.50 0.04 0.00 0.20 0.22 0.28 -1 121
Result 0 2.0 2000 0.46 0.20 0.20 0.21 0.20 0.20 -1 -1 -1 -1 -1
Evo 1.01 0.00 0.50 0.50 0.50 0.50 0.50 0.04 0.00 0.52 0.30 0.30 -1 212
Result 0 3.0 1999 0.46 0.18 0.21 0.22 0.19 0.20 -1 -1 -1 -1 -1
Evo 1.01 0.00 0.50 0.50 0.50 0.50 0.50 0.04 0.00 0.52 0.35 0.38 -1 23
Result 0 2.0 2000 0.46 0.20 0.19 0.21 0.21 0.19 -1 -1 -1 -1 -1
Evo 1.00 0.00 0.50 0.50 0.50 0.50 0.50 0.04 0.00 0.08 0.25 0.28 -1 94
Result 0 1.0 2000 0.47 0.19 0.20 0.21 0.20 0.20 -1 -1 -1 -1 -1
Evo 1.01 0.00 0.50 0.50 0.50 0.50 0.50 0.04 0.00 0.05 0.27 0.28 -1 63
Result 0 1.0 2000 0.44 0.21 0.18 0.21 0.22 0.18 -1 -1 -1 -1 -1
Evo 1.01 0.00 0.50 0.50 0.50 0.50 0.50 0.04 0.00 0.02 0.29 0.38 -1 12
Result 0 2.0 2000 0.44 0.20 0.19 0.21 0.22 0.17 -1 -1 -1 -1 -1
Evo 1.04 0.00 0.50 0.50 0.50 0.50 0.50 0.03 0.00 0.28 0.28 0.32 -1 156
Result 0 4.0 1993 0.45 0.22 0.20 0.20 0.20 0.19 -1 -1 -1 -1 -1
Evo 1.02 0.00 0.50 0.50 0.50 0.50 0.50 0.04 0.00 0.44 0.25 0.31 -1 50
Result 0 3.0 2000 0.43 0.21 0.20 0.22 0.20 0.17 -1 -1 -1 -1 -1
Evo 1.00 0.00 0.50 0.50 0.50 0.50 0.50 0.04 0.00 0.18 0.25 0.28 -1 235
Result 0 1.0 2000 0.47 0.21 0.18 0.19 0.20 0.21 -1 -1 -1 -1 -1
Evo 1.00 0.00 0.50 0.50 0.50 0.50 0.50 0.04 0.00 0.09 0.26 0.28 -1 111
Result 0 1.0 2000 0.46 0.21 0.19 0.20 0.20 0.20 -1 -1 -1 -1 -1
Evo 1.01 0.00 0.50 0.50 0.50 0.50 0.50 0.04 0.00 0.53 0.27 0.28 -1 70
Result 0 2.0 2000 0.47 0.20 0.18 0.21 0.21 0.21 -1 -1 -1 -1 -1
Evo 1.01 0.00 0.50 0.50 0.50 0.50 0.50 0.04 0.00 0.25 0.28 0.28 -1 245
Result 0 2.0 2000 0.46 0.21 0.20 0.20 0.20 0.19 -1 -1 -1 -1 -1
Evo 1.01 0.00 0.50 0.50 0.50 0.50 0.50 0.04 0.00 0.05 0.26 0.28 -1 43
Result 0 1.0 2000 0.45 0.20 0.21 0.20 0.21 0.18 -1 -1 -1 -1 -1
Evo 1.02 0.00 0.50 0.50 0.50 0.50 0.50 0.04 0.00 0.53 0.38 0.39 -1 22
Result 0 3.0 2000 0.46 0.19 0.19 0.20 0.21 0.20 -1 -1 -1 -1 -1
Evo 1.15 0.00 0.50 0.50 0.50 0.50 0.50 0.04 0.00 0.06 0.48 0.57 -1 0
Result 0 26.0 2000 0.44 0.21 0.22 0.19 0.20 0.18 -1 -1 -1 -1 -1
Evo 1.13 0.00 0.50 0.50 0.50 0.50 0.50 0.04 0.00 0.02 0.43 0.52 -1 0
Result 0 22.0 2000 0.45 0.21 0.20 0.21 0.19 0.19 -1 -1 -1 -1 -1
Evo 1.14 0.00 0.50 0.50 0.50 0.50 0.50 0.04 0.00 0.03 0.50 0.55 -1 0
Result 0 27.0 2000 0.46 0.20 0.22 0.21 0.17 0.20 -1 -1 -1 -1 -1
Evo 1.08 0.00 0.50 0.50 0.50 0.50 0.50 0.04 0.00 0.03 0.31 0.48 -1 0
Result 0 14.0 2000 0.45 0.20 0.20 0.22 0.19 0.19 -1 -1 -1 -1 -1
Evo 1.02 0.00 0.50 0.50 0.50 0.50 0.50 0.04 0.00 0.02 0.08 0.15 -1 0
Result 0 3.0 2000 0.46 0.20 0.24 0.22 0.14 0.20 -1 -1 -1 -1 -1
Evo 1.12 0.00 0.50 0.50 0.50 0.50 0.50 0.03 0.00 0.04 0.50 0.56 -1 0
Result 0 26.0 1992 0.46 0.20 0.21 0.21 0.18 0.19 -1 -1 -1 -1 -1
Evo 1.13 0.00 0.50 0.50 0.50 0.50 0.50 0.04 0.00 0.03 0.40 0.50 -1 0
Result 0 20.0 1998 0.48 0.20 0.22 0.20 0.17 0.22 -1 -1 -1 -1 -1
Evo 1.17 0.00 0.50 0.50 0.50 0.50 0.50 0.04 0.00 0.05 0.48 0.55 -1 0
Result 0 22.0 2000 0.46 0.19 0.21 0.22 0.18 0.19 -1 -1 -1 -1 -1
Evo 1.14 0.00 0.50 0.50 0.50 0.50 0.50 0.03 0.00 0.04 0.50 0.55 -1 0
Result 0 27.0 1995 0.44 0.20 0.21 0.21 0.20 0.18 -1 -1 -1 -1 -1
Evo 1.16 0.00 0.50 0.50 0.50 0.50 0.50 0.04 0.00 0.03 0.46 0.55 -1 0
Result 0 24.0 2000 0.45 0.21 0.20 0.22 0.19 0.18 -1 -1 -1 -1 -1
Evo 1.09 0.00 0.50 0.50 0.50 0.50 0.50 0.04 0.00 0.01 0.40 0.51 -1 0
Result 0 19.0 2000 0.45 0.20 0.20 0.22 0.20 0.19 -1 -1 -1 -1 -1
Evo 1.14 0.00 0.50 0.50 0.50 0.50 0.50 0.04 0.00 0.06 0.53 0.57 -1 0
Result 0 27.0 1998 0.45 0.19 0.22 0.22 0.18 0.19 -1 -1 -1 -1 -1
Evo 1.14 0.00 0.50 0.50 0.50 0.50 0.50 0.03 0.00 0.03 0.48 0.57 -1 0
Result 0 24.0 1994 0.46 0.21 0.20 0.22 0.18 0.20 -1 -1 -1 -1 -1
Evo 1.15 0.00 0.50 0.50 0.50 0.50 0.50 0.04 0.00 0.04 0.46 0.53 -1 0
Result 0 23.0 2000 0.46 0.19 0.20 0.23 0.17 0.20 -1 -1 -1 -1 -1
Evo 1.15 0.00 0.50 0.50 0.50 0.50 0.50 0.04 0.00 0.01 0.50 0.59 -1 0
Result 0 26.0 2000 0.45 0.21 0.20 0.22 0.19 0.19 -1 -1 -1 -1 -1
Evo 1.13 0.00 0.50 0.50 0.50 0.50 0.50 0.04 0.00 0.09 0.38 0.54 -1 0
Result 0 16.0 2000 0.46 0.20 0.21 0.21 0.19 0.19 -1 -1 -1 -1 -1
Evo 1.15 0.00 0.50 0.50 0.50 0.50 0.50 0.04 0.00 0.06 0.44 0.56 -1 0
Result 0 21.0 2000 0.46 0.18 0.20 0.23 0.19 0.20 -1 -1 -1 -1 -1
Evo 1.09 0.00 0.50 0.50 0.50 0.50 0.50 0.04 0.00 0.10 0.41 0.53 -1 0
Result 0 19.0 2000 0.46 0.20 0.21 0.21 0.19 0.19 -1 -1 -1 -1 -1
Evo 1.12 0.00 0.50 0.50 0.50 0.50 0.50 0.04 0.00 0.10 0.46 0.52 -1 0
Result 0 24.0 2000 0.45 0.21 0.22 0.20 0.19 0.19 -1 -1 -1 -1 -1
Evo 1.09 0.00 0.50 0.50 0.50 0.50 0.50 0.04 0.00 0.08 0.38 0.52 -1 0
Result 0 17.0 2000 0.46 0.21 0.21 0.19 0.19 0.19 -1 -1 -1 -1 -1
Evo 1.03 0.00 0.50 0.50 0.50 0.50 0.50 0.04 0.00 0.04 0.30 0.37 -1 0
Result 0 5.0 1996 0.48 0.21 0.17 0.17 0.23 0.21 -1 -1 -1 -1 -1
Evo 1.02 0.00 0.50 0.50 0.50 0.50 0.50 0.04 0.00 0.04 0.35 0.43 -1 0
Result 0 7.0 2000 0.48 0.20 0.18 0.19 0.21 0.22 -1 -1 -1 -1 -1
Evo 1.01 0.00 0.50 0.50 0.50 0.50 0.50 0.04 0.00 0.09 0.35 0.38 -1 0
Result 0 6.0 2000 0.48 0.20 0.16 0.20 0.22 0.21 -1 -1 -1 -1 -1
Evo 1.01 0.00 0.50 0.50 0.50 0.50 0.50 0.04 0.00 0.01 0.35 0.40 -1 0
Result 0 6.0 2000 0.48 0.19 0.19 0.17 0.23 0.22 -1 -1 -1 -1 -1
Evo 1.02 0.00 0.50 0.50 0.50 0.50 0.50 0.02 0.00 0.04 0.37 0.40 -1 0
Result 0 6.0 1990 0.48 0.20 0.18 0.19 0.21 0.21 -1 -1 -1 -1 -1
Evo 1.03 0.00 0.50 0.50 0.50 0.50 0.50 0.04 0.00 0.06 0.33 0.40 -1 0
Result 0 6.0 2000 0.47 0.18 0.18 0.18 0.24 0.21 -1 -1 -1 -1 -1
Evo 1.01 0.00 0.50 0.50 0.50 0.50 0.50 0.04 0.00 0.05 0.29 0.37 -1 0
Result 0 5.0 2000 0.48 0.21 0.17 0.17 0.22 0.22 -1 -1 -1 -1 -1
Evo 1.03 0.00 0.50 0.50 0.50 0.50 0.50 0.04 0.00 0.09 0.32 0.37 -1 0
Result 0 5.0 2000 0.48 0.20 0.18 0.18 0.22 0.22 -1 -1 -1 -1 -1
Evo 1.01 0.00 0.50 0.50 0.50 0.50 0.50 0.04 0.00 0.02 0.35 0.38 -1 0
Result 0 6.0 2000 0.47 0.23 0.17 0.18 0.21 0.21 -1 -1 -1 -1 -1
Evo 1.02 0.00 0.50 0.50 0.50 0.50 0.50 0.03 0.00 0.03 0.35 0.38 -1 0
Result 0 6.0 1993 0.48 0.20 0.19 0.18 0.21 0.22 -1 -1 -1 -1 -1
Evo 1.01 0.00 0.50 0.50 0.50 0.50 0.50 0.04 0.00 0.02 0.35 0.40 -1 0
Result 0 7.0 2000 0.47 0.20 0.19 0.18 0.22 0.21 -1 -1 -1 -1 -1
Evo 1.01 0.00 0.50 0.50 0.50 0.50 0.50 0.03 0.00 0.07 0.29 0.38 -1 0
Result 0 5.0 1992 0.47 0.20 0.16 0.20 0.23 0.21 -1 -1 -1 -1 -1
Evo 1.03 0.00 0.50 0.50 0.50 0.50 0.50 0.04 0.00 0.06 0.32 0.40 -1 0
Result 0 6.0 2000 0.47 0.20 0.20 0.17 0.22 0.21 -1 -1 -1 -1 -1
Evo 1.01 0.00 0.50 0.50 0.50 0.50 0.50 0.02 0.00 0.04 0.32 0.38 -1 0
Result 0 6.0 1990 0.47 0.22 0.17 0.20 0.21 0.20 -1 -1 -1 -1 -1
Evo 1.01 0.00 0.50 0.50 0.50 0.50 0.50 0.04 0.00 0.06 0.32 0.38 -1 0
Result 0 6.0 2000 0.48 0.19 0.18 0.18 0.22 0.22 -1 -1 -1 -1 -1
Evo 1.02 0.00 0.50 0.50 0.50 0.50 0.50 0.04 0.00 0.05 0.29 0.37 -1 0
Result 0 4.0 2000 0.48 0.18 0.18 0.19 0.24 0.22 -1 -1 -1 -1 -1
Evo 1.03 0.00 0.50 0.50 0.50 0.50 0.50 0.04 0.00 0.04 0.35 0.40 -1 0
Result 0 7.0 2000 0.47 0.19 0.20 0.17 0.23 0.20 -1 -1 -1 -1 -1
Evo 1.01 0.00 0.50 0.50 0.50 0.50 0.50 0.04 0.00 0.04 0.35 0.38 -1 0
Result 0 6.0 2000 0.48 0.19 0.18 0.19 0.22 0.22 -1 -1 -1 -1 -1
Evo 1.01 0.00 0.50 0.50 0.50 0.50 0.50 0.04 0.00 0.04 0.33 0.38 -1 0
Result 0 5.0 2000 0.50 0.20 0.18 0.18 0.21 0.24 -1 -1 -1 -1 -1
Evo 1.01 0.00 0.50 0.50 0.50 0.50 0.50 0.04 0.00 0.04 0.33 0.37 -1 0
Result 0 5.0 2000 0.49 0.20 0.19 0.16 0.22 0.23 -1 -1 -1 -1 -1
