Evo 1.03 0.00 1.00 0.98 1.00 1.00 1.00 0.08 0.00 0.01 0.93 0.99 -1 1987
Result 0 30.0 2000 0.47 0.19 0.20 0.19 0.20 0.21 -1 -1 -1 -1 -1
Evo 1.06 0.00 1.00 0.99 1.00 1.00 1.00 0.08 0.00 0.02 0.38 0.99 -1 1987
Result 0 31.0 2000 0.46 0.21 0.20 0.21 0.19 0.19 -1 -1 -1 -1 -1
Evo 1.04 0.00 1.00 0.99 1.00 1.00 1.00 0.08 0.00 0.04 0.94 0.99 -1 1987
Result 0 32.0 2000 0.46 0.20 0.20 0.20 0.19 0.21 -1 -1 -1 -1 -1
Evo 1.02 0.00 1.00 0.99 1.00 1.00 1.00 0.08 0.00 0.01 0.97 0.99 -1 1987
Result 0 31.0 2000 0.46 0.20 0.21 0.20 0.20 0.20 -1 -1 -1 -1 -1
Evo 1.36 0.50 1.00 1.00 1.00 1.00 1.00 0.05 0.00 0.09 0.47 0.99 186 -1
Result 1 34.0 202 0.43 0.21 0.17 0.19 0.17 0.26 -1 -1 -1 -1 -1
Evo 1.06 0.00 0.50 0.50 0.50 0.50 0.50 0.04 0.00 0.01 0.98 0.99 -1 1987
Result 0 33.0 2000 0.46 0.21 0.21 0.19 0.20 0.19 -1 -1 -1 -1 -1
Evo 1.02 0.00 0.50 0.50 0.50 0.50 0.50 0.04 0.00 0.02 0.94 0.99 -1 1987
Result 0 30.0 2000 0.47 0.18 0.21 0.19 0.21 0.21 -1 -1 -1 -1 -1
Evo 1.03 0.00 0.50 0.50 0.50 0.50 0.50 0.04 0.00 0.03 0.21 0.99 -1 1987
Result 0 25.0 2000 0.47 0.21 0.19 0.20 0.20 0.20 -1 -1 -1 -1 -1
Evo 1.04 0.00 0.50 0.50 0.50 0.50 0.50 0.04 0.00 0.01 0.94 0.99 -1 1987
Result 0 32.0 2000 0.46 0.19 0.22 0.20 0.20 0.20 -1 -1 -1 -1 -1
Evo 1.02 0.00 0.50 0.50 0.50 0.50 0.50 0.04 0.00 0.01 0.17 0.98 -1 1987
Result 0 21.0 2000 0.46 0.20 0.21 0.20 0.19 0.20 -1 -1 -1 -1 -1
Evo 1.04 0.00 0.50 0.50 0.50 0.50 0.50 0.04 0.00 0.02 0.34 0.99 -1 1987
Result 0 32.0 2000 0.46 0.20 0.21 0.19 0.19 0.21 -1 -1 -1 -1 -1
Evo 1.02 0.00 0.50 0.50 0.50 0.50 0.50 0.04 0.00 0.01 0.97 0.99 -1 1987
Result 0 31.0 2000 0.45 0.21 0.20 0.20 0.19 0.21 -1 -1 -1 -1 -1
Evo 1.03 0.00 0.50 0.50 0.50 0.50 0.50 0.04 0.00 0.01 0.98 0.99 -1 1987
Result 0 33.0 2000 0.46 0.20 0.19 0.21 0.20 0.20 -1 -1 -1 -1 -1
Evo 1.02 0.00 0.50 0.50 0.50 0.50 0.50 0.04 0.00 0.49 0.90 0.99 -1 1987
Result 0 32.0 2000 0.47 0.19 0.20 0.21 0.20 0.20 -1 -1 -1 -1 -1
Evo 1.02 0.00 0.50 0.50 0.50 0.50 0.50 0.04 0.00 0.01 0.32 0.99 -1 1987
Result 0 30.0 2000 0.46 0.19 0.20 0.21 0.19 0.21 -1 -1 -1 -1 -1
Evo 1.38 0.50 1.00 0.54 0.50 0.50 0.50 0.14 0.01 0.05 0.83 0.99 365 -1
Result 1 34.0 401 0.49 0.23 0.20 0.18 0.23 0.16 -1 -1 -1 -1 -1
Evo 1.01 0.00 0.50 0.50 0.50 0.50 0.50 0.04 0.00 0.01 0.15 0.96 -1 1987
Result 0 18.0 2000 0.46 0.21 0.21 0.18 0.19 0.20 -1 -1 -1 -1 -1
Evo 1.73 0.50 1.00 0.62 0.50 0.50 0.50 0.21 0.02 0.11 0.37 0.99 80 -1
Result 1 34.0 104 0.44 0.18 0.19 0.26 0.17 0.20 -1 -1 -1 -1 -1
Evo 1.66 0.50 1.00 0.55 0.50 0.50 0.50 0.15 0.01 0.06 0.40 0.99 110 -1
Result 1 34.0 122 0.44 0.26 0.15 0.19 0.17 0.23 -1 -1 -1 -1 -1
Evo 1.04 0.00 0.50 0.50 0.50 0.50 0.50 0.04 0.00 0.02 0.98 0.99 -1 1987
Result 0 33.0 2000 0.45 0.20 0.20 0.21 0.19 0.21 -1 -1 -1 -1 -1
Evo 1.05 0.00 0.50 0.50 0.50 0.50 0.50 0.04 0.00 0.34 0.97 0.99 -1 1987
Result 0 31.0 2000 0.48 0.21 0.20 0.18 0.21 0.21 -1 -1 -1 -1 -1
Evo 1.02 0.00 0.50 0.50 0.50 0.50 0.50 0.04 0.00 0.01 0.24 0.99 -1 1987
Result 0 26.0 2000 0.47 0.20 0.20 0.18 0.20 0.22 -1 -1 -1 -1 -1
Evo 1.03 0.00 0.50 0.50 0.50 0.50 0.50 0.04 0.00 0.01 0.94 0.99 -1 1987
Result 0 31.0 2000 0.46 0.21 0.21 0.18 0.19 0.20 -1 -1 -1 -1 -1
Evo 1.04 0.00 0.50 0.50 0.50 0.50 0.50 0.04 0.00 0.01 0.98 0.99 -1 1987
Result 0 33.0 2000 0.47 0.21 0.19 0.19 0.20 0.21 -1 -1 -1 -1 -1
Evo 1.03 0.00 0.50 0.50 0.50 0.50 0.50 0.04 0.00 0.01 0.94 0.99 -1 1987
Result 0 33.0 2000 0.47 0.20 0.20 0.19 0.21 0.19 -1 -1 -1 -1 -1
Evo 1.02 0.00 0.50 0.50 0.50 0.50 0.50 0.04 0.00 0.01 0.32 0.99 -1 1987
Result 0 26.0 2000 0.46 0.19 0.19 0.21 0.20 0.21 -1 -1 -1 -1 -1
Evo 1.02 0.00 0.50 0.50 0.50 0.50 0.50 0.04 0.00 0.01 0.18 0.97 -1 1987
Result 0 22.0 2000 0.45 0.18 0.22 0.20 0.19 0.20 -1 -1 -1 -1 -1
Evo 1.04 0.00 0.50 0.50 0.50 0.50 0.50 0.04 0.00 0.07 0.97 0.99 -1 1987
Result 0 32.0 2000 0.47 0.21 0.20 0.20 0.20 0.19 -1 -1 -1 -1 -1
Evo 1.03 0.00 0.50 0.50 0.50 0.50 0.50 0.04 0.00 0.01 0.54 0.99 -1 1987
Result 0 30.0 2000 0.47 0.21 0.21 0.19 0.20 0.20 -1 -1 -1 -1 -1
Evo 1.03 0.00 0.50 0.50 0.50 0.50 0.50 0.04 0.00 0.01 0.97 0.99 -1 1987
Result 0 32.0 2000 0.46 0.20 0.20 0.20 0.20 0.19 -1 -1 -1 -1 -1
Evo 1.03 0.00 0.50 0.50 0.50 0.50 0.50 0.04 0.00 0.01 0.56 0.99 -1 1987
Result 0 34.0 2000 0.47 0.21 0.19 0.19 0.21 0.21 -1 -1 -1 -1 -1
Evo 1.05 0.00 0.50 0.50 0.50 0.50 0.50 0.04 0.00 0.01 0.88 0.99 -1 1987
Result 0 32.0 2000 0.46 0.20 0.19 0.22 0.19 0.20 -1 -1 -1 -1 -1
Evo 1.02 0.00 0.50 0.50 0.50 0.50 0.50 0.04 0.00 0.01 0.16 0.95 -1 1987
Result 0 20.0 2000 0.46 0.21 0.19 0.21 0.20 0.19 -1 -1 -1 -1 -1
Evo 1.03 0.00 0.50 0.50 0.50 0.50 0.50 0.04 0.00 0.01 0.55 0.99 -1 1987
Result 0 30.0 2000 0.46 0.19 0.20 0.20 0.20 0.20 -1 -1 -1 -1 -1
Evo 1.16 0.50 1.00 0.54 0.50 0.50 0.50 0.13 0.01 0.06 0.69 0.99 287 -1
Result 1 34.0 372 0.44 0.18 0.20 0.22 0.18 0.21 -1 -1 -1 -1 -1
Evo 1.03 0.00 0.50 0.50 0.50 0.50 0.50 0.04 0.00 0.01 0.91 0.99 -1 1987
Result 0 28.0 2000 0.47 0.20 0.20 0.19 0.20 0.20 -1 -1 -1 -1 -1
Evo 1.03 0.00 0.50 0.50 0.50 0.50 0.50 0.04 0.00 0.01 0.94 0.99 -1 1987
Result 0 30.0 2000 0.47 0.20 0.20 0.19 0.20 0.20 -1 -1 -1 -1 -1
Evo 1.04 0.00 0.50 0.50 0.50 0.50 0.50 0.04 0.00 0.01 0.65 0.99 -1 1987
Result 0 33.0 2000 0.46 0.21 0.19 0.20 0.20 0.20 -1 -1 -1 -1 -1
Evo 1.05 0.00 0.50 0.50 0.50 0.50 0.50 0.04 0.00 0.01 0.92 0.99 -1 1987
Result 0 32.0 2000 0.47 0.20 0.20 0.19 0.20 0.20 -1 -1 -1 -1 -1
Evo 1.02 0.00 0.50 0.50 0.50 0.50 0.50 0.04 0.00 0.01 0.15 0.97 -1 1987
Result 0 20.0 2000 0.46 0.19 0.20 0.19 0.20 0.21 -1 -1 -1 -1 -1
Evo 1.03 0.00 0.50 0.50 0.50 0.50 0.50 0.04 0.00 0.04 0.96 0.98 -1 1987
Result 0 32.0 2000 0.45 0.21 0.20 0.20 0.19 0.20 -1 -1 -1 -1 -1
Evo 1.04 0.00 0.50 0.50 0.50 0.50 0.50 0.04 0.00 0.02 0.96 0.98 -1 1987
Result 0 30.0 2000 0.47 0.19 0.21 0.19 0.20 0.20 -1 -1 -1 -1 -1
Evo 1.04 0.00 0.50 0.50 0.50 0.50 0.50 0.04 0.00 0.08 0.95 0.98 -1 1987
Result 0 31.0 2000 0.48 0.19 0.18 0.19 0.22 0.21 -1 -1 -1 -1 -1
Evo 1.04 0.00 0.50 0.50 0.50 0.50 0.50 0.04 0.00 0.04 0.94 0.98 -1 1987
Result 0 30.0 2000 0.46 0.19 0.20 0.20 0.19 0.21 -1 -1 -1 -1 -1
Evo 1.04 0.00 0.50 0.50 0.50 0.50 0.50 0.04 0.00 0.03 0.90 0.98 -1 1987
Result 0 32.0 2000 0.46 0.21 0.19 0.20 0.19 0.20 -1 -1 -1 -1 -1
Evo 1.04 0.00 0.50 0.50 0.50 0.50 0.50 0.04 0.00 0.01 0.97 0.98 -1 1987
Result 0 32.0 2000 0.47 0.19 0.21 0.20 0.21 0.19 -1 -1 -1 -1 -1
Evo 1.01 0.00 0.50 0.50 0.50 0.50 0.50 0.04 0.00 0.01 0.17 0.96 -1 1987
Result 0 22.0 2000 0.47 0.19 0.21 0.18 0.21 0.22 -1 -1 -1 -1 -1
Evo 1.02 0.00 0.50 0.50 0.50 0.50 0.50 0.04 0.00 0.04 0.30 0.98 -1 1987
Result 0 28.0 2000 0.47 0.20 0.20 0.20 0.20 0.20 -1 -1 -1 -1 -1
Evo 1.02 0.00 0.50 0.50 0.50 0.50 0.50 0.04 0.00 0.01 0.24 0.98 -1 1987
Result 0 26.0 2000 0.47 0.19 0.20 0.21 0.20 0.20 -1 -1 -1 -1 -1
Evo 1.04 0.00 0.50 0.50 0.50 0.50 0.50 0.04 0.00 0.01 0.96 0.98 -1 1987
Result 0 31.0 2000 0.46 0.20 0.21 0.19 0.20 0.20 -1 -1 -1 -1 -1
Evo 1.01 0.00 0.50 0.50 0.50 0.50 0.50 0.04 0.00 0.01 0.13 0.93 -1 1987
Result 0 16.0 2000 0.46 0.20 0.21 0.19 0.19 0.20 -1 -1 -1 -1 -1
Evo 1.05 0.00 0.50 0.50 0.50 0.50 0.50 0.04 0.00 0.01 0.95 0.98 -1 1987
Result 0 31.0 2000 0.47 0.20 0.20 0.19 0.20 0.21 -1 -1 -1 -1 -1
Evo 1.04 0.00 0.50 0.50 0.50 0.50 0.50 0.04 0.00 0.01 0.96 0.98 -1 1987
Result 0 30.0 2000 0.47 0.18 0.21 0.19 0.21 0.20 -1 -1 -1 -1 -1
Evo 1.03 0.00 0.50 0.50 0.50 0.50 0.50 0.04 0.00 0.01 0.43 0.98 -1 1987
Result 0 32.0 2000 0.47 0.19 0.21 0.20 0.21 0.19 -1 -1 -1 -1 -1
Evo 1.07 0.00 0.50 0.50 0.50 0.50 0.50 0.04 0.00 0.31 0.85 0.98 -1 1987
Result 0 32.0 2000 0.46 0.19 0.19 0.21 0.20 0.20 -1 -1 -1 -1 -1
Evo 1.02 0.00 0.50 0.50 0.50 0.50 0.50 0.04 0.00 0.01 0.17 0.97 -1 1987
Result 0 20.0 2000 0.46 0.20 0.20 0.20 0.19 0.20 -1 -1 -1 -1 -1
Evo 1.03 0.00 0.50 0.50 0.50 0.50 0.50 0.04 0.00 0.01 0.97 0.98 -1 1987
Result 0 32.0 2000 0.46 0.21 0.19 0.20 0.20 0.20 -1 -1 -1 -1 -1
Evo 1.03 0.00 0.50 0.50 0.50 0.50 0.50 0.04 0.00 0.01 0.92 0.98 -1 1987
Result 0 31.0 2000 0.47 0.20 0.20 0.20 0.20 0.20 -1 -1 -1 -1 -1
Evo 1.02 0.00 0.50 0.50 0.50 0.50 0.50 0.04 0.00 0.06 0.28 0.98 -1 1987
Result 0 31.0 2000 0.46 0.20 0.19 0.21 0.19 0.20 -1 -1 -1 -1 -1
Evo 1.02 0.00 0.50 0.50 0.50 0.50 0.50 0.04 0.00 0.01 0.28 0.98 -1 1987
Result 0 29.0 2000 0.46 0.20 0.19 0.20 0.20 0.21 -1 -1 -1 -1 -1
Evo 1.01 0.00 0.50 0.50 0.50 0.50 0.50 0.04 0.00 0.01 0.13 0.92 -1 1987
Result 0 12.0 2000 0.46 0.19 0.20 0.21 0.20 0.21 -1 -1 -1 -1 -1
Evo 1.08 0.50 1.00 0.51 0.50 0.50 0.50 0.08 0.00 0.01 0.80 0.92 929 -1
Result 1 20.0 957 0.44 0.21 0.21 0.20 0.18 0.21 -1 -1 -1 -1 -1
Evo 1.16 0.50 1.00 0.52 0.50 0.50 0.50 0.09 0.00 0.04 0.61 0.92 190 -1
Result 1 20.0 414 0.45 0.20 0.20 0.19 0.19 0.23 -1 -1 -1 -1 -1
Evo 1.33 0.50 1.00 0.55 0.50 0.50 0.50 0.16 0.02 0.07 0.36 0.92 83 -1
Result 1 20.0 101 0.49 0.14 0.16 0.21 0.24 0.26 -1 -1 -1 -1 -1
Evo 1.06 0.50 1.00 0.51 0.50 0.50 0.50 0.06 0.00 0.01 0.73 0.92 1237 -1
Result 1 20.0 1256 0.46 0.21 0.20 0.19 0.20 0.20 -1 -1 -1 -1 -1
Evo 1.24 0.50 1.00 0.52 0.50 0.50 0.50 0.10 0.01 0.03 0.56 0.92 251 -1
Result 1 20.0 265 0.47 0.21 0.20 0.21 0.21 0.17 -1 -1 -1 -1 -1
Evo 1.37 0.50 1.00 0.54 0.50 0.50 0.50 0.14 0.01 0.05 0.54 0.92 129 -1
Result 1 20.0 152 0.49 0.16 0.20 0.20 0.23 0.22 -1 -1 -1 -1 -1
Evo 1.39 0.50 1.00 0.55 0.50 0.50 0.50 0.15 0.01 0.06 0.42 0.92 99 -1
Result 1 20.0 112 0.46 0.11 0.24 0.19 0.19 0.27 -1 -1 -1 -1 -1
Evo 1.06 0.50 1.00 0.51 0.50 0.50 0.50 0.06 0.00 0.01 0.74 0.92 925 -1
Result 1 20.0 956 0.46 0.22 0.20 0.19 0.20 0.20 -1 -1 -1 -1 -1
Evo 1.04 0.00 0.50 0.50 0.50 0.50 0.50 0.04 0.00 0.04 0.91 0.92 -1 1987
Result 0 18.0 2000 0.47 0.20 0.21 0.18 0.21 0.20 -1 -1 -1 -1 -1
Evo 1.43 0.50 1.00 0.54 0.50 0.50 0.50 0.13 0.01 0.13 0.49 0.92 108 -1
Result 1 20.0 117 0.48 0.15 0.19 0.19 0.22 0.25 -1 -1 -1 -1 -1
Evo 1.47 0.50 1.00 0.57 0.50 0.50 0.50 0.17 0.01 0.04 0.45 0.92 139 -1
Result 1 20.0 165 0.47 0.19 0.16 0.22 0.20 0.22 -1 -1 -1 -1 -1
Evo 1.01 0.00 0.50 0.50 0.50 0.50 0.50 0.04 0.00 0.01 0.13 0.89 -1 1987
Result 0 12.0 2000 0.47 0.19 0.20 0.20 0.21 0.20 -1 -1 -1 -1 -1
Evo 1.41 0.50 1.00 0.53 0.50 0.50 0.50 0.12 0.01 0.08 0.43 0.92 142 -1
Result 1 20.0 151 0.43 0.25 0.24 0.14 0.16 0.20 -1 -1 -1 -1 -1
Evo 1.46 0.50 1.00 0.53 0.50 0.50 0.50 0.12 0.01 0.07 0.45 0.92 172 -1
Result 1 20.0 183 0.47 0.23 0.19 0.16 0.21 0.21 -1 -1 -1 -1 -1
Evo 1.31 0.50 1.00 0.54 0.50 0.50 0.50 0.13 0.01 0.05 0.54 0.92 171 -1
Result 1 20.0 266 0.46 0.23 0.19 0.18 0.19 0.21 -1 -1 -1 -1 -1
Evo 1.57 0.50 1.00 0.58 0.50 0.50 0.50 0.18 0.02 0.10 0.33 0.92 87 -1
Result 1 20.0 115 0.48 0.17 0.21 0.20 0.22 0.21 -1 -1 -1 -1 -1
Evo 1.38 0.50 1.00 0.55 0.50 0.50 0.50 0.15 0.02 0.19 0.33 0.92 85 -1
Result 1 20.0 94 0.41 0.20 0.21 0.18 0.15 0.26 -1 -1 -1 -1 -1
Evo 1.43 0.50 1.00 0.59 0.50 0.50 0.50 0.19 0.02 0.06 0.33 0.92 100 -1
Result 1 20.0 121 0.45 0.23 0.13 0.22 0.19 0.23 -1 -1 -1 -1 -1
Evo 1.00 0.00 0.50 0.50 0.50 0.50 0.50 0.04 0.00 0.01 0.12 0.90 -1 1987
Result 0 12.0 2000 0.47 0.20 0.19 0.22 0.20 0.19 -1 -1 -1 -1 -1
Evo 1.18 0.50 1.00 0.55 0.50 0.50 0.50 0.15 0.01 0.47 0.47 0.94 172 -1
Result 1 27.0 191 0.45 0.16 0.19 0.20 0.18 0.27 -1 -1 -1 -1 -1
Evo 1.04 0.00 0.50 0.50 0.50 0.50 0.50 0.04 0.00 0.01 0.91 0.94 -1 1987
Result 0 26.0 2000 0.47 0.20 0.19 0.20 0.20 0.20 -1 -1 -1 -1 -1
Evo 1.03 0.00 0.50 0.50 0.50 0.50 0.50 0.04 0.00 0.01 0.92 0.94 -1 1987
Result 0 25.0 2000 0.46 0.18 0.22 0.21 0.20 0.20 -1 -1 -1 -1 -1
Evo 1.03 0.00 0.50 0.50 0.50 0.50 0.50 0.04 0.00 0.04 0.83 0.94 -1 1987
Result 0 25.0 2000 0.46 0.18 0.21 0.19 0.19 0.22 -1 -1 -1 -1 -1
Evo 1.01 0.00 0.50 0.50 0.50 0.50 0.50 0.04 0.00 0.01 0.11 0.83 -1 1987
Result 0 14.0 2000 0.47 0.18 0.21 0.20 0.21 0.19 -1 -1 -1 -1 -1
Evo 1.03 0.00 0.50 0.50 0.50 0.50 0.50 0.04 0.00 0.01 0.92 0.94 -1 1987
Result 0 25.0 2000 0.46 0.19 0.21 0.20 0.20 0.20 -1 -1 -1 -1 -1
Evo 1.35 0.50 1.00 0.57 0.50 0.50 0.50 0.18 0.02 0.40 0.40 0.94 108 -1
Result 1 27.0 127 0.45 0.17 0.22 0.22 0.19 0.20 -1 -1 -1 -1 -1
Evo 1.04 0.00 0.50 0.50 0.50 0.50 0.50 0.04 0.00 0.01 0.50 0.94 -1 1987
Result 0 26.0 2000 0.45 0.19 0.22 0.21 0.19 0.19 -1 -1 -1 -1 -1
Evo 1.01 0.00 0.50 0.50 0.50 0.50 0.50 0.04 0.00 0.01 0.15 0.94 -1 1987
Result 0 20.0 2000 0.46 0.20 0.20 0.19 0.20 0.21 -1 -1 -1 -1 -1
Evo 1.02 0.00 0.50 0.50 0.50 0.50 0.50 0.04 0.00 0.01 0.11 0.91 -1 1987
Result 0 14.0 2000 0.46 0.19 0.20 0.20 0.19 0.21 -1 -1 -1 -1 -1
Evo 1.04 0.00 0.50 0.50 0.50 0.50 0.50 0.04 0.00 0.01 0.92 0.94 -1 1987
Result 0 26.0 2000 0.47 0.21 0.20 0.19 0.20 0.20 -1 -1 -1 -1 -1
Evo 1.02 0.00 0.50 0.50 0.50 0.50 0.50 0.04 0.00 0.01 0.21 0.94 -1 1987
Result 0 20.0 2000 0.46 0.20 0.20 0.20 0.20 0.20 -1 -1 -1 -1 -1
Evo 1.26 0.50 1.00 0.53 0.50 0.50 0.50 0.11 0.01 0.07 0.49 0.94 264 -1
Result 1 27.0 279 0.44 0.20 0.21 0.16 0.18 0.25 -1 -1 -1 -1 -1
Evo 1.03 0.00 0.50 0.50 0.50 0.50 0.50 0.04 0.00 0.03 0.34 0.94 -1 1987
Result 0 24.0 2000 0.46 0.20 0.21 0.20 0.20 0.20 -1 -1 -1 -1 -1
Evo 1.04 0.00 0.50 0.50 0.50 0.50 0.50 0.04 0.00 0.04 0.87 0.94 -1 1987
Result 0 25.0 2000 0.47 0.20 0.19 0.20 0.21 0.20 -1 -1 -1 -1 -1
Evo 1.01 0.00 0.50 0.50 0.50 0.50 0.50 0.04 0.00 0.01 0.18 0.90 -1 1987
Result 0 18.0 2000 0.46 0.21 0.20 0.20 0.19 0.20 -1 -1 -1 -1 -1
Evo 1.31 0.50 1.00 0.53 0.50 0.50 0.50 0.12 0.01 0.08 0.54 0.94 204 -1
Result 1 27.0 221 0.44 0.20 0.23 0.18 0.17 0.22 -1 -1 -1 -1 -1
Evo 1.02 0.00 0.50 0.50 0.50 0.50 0.50 0.04 0.00 0.01 0.93 0.94 -1 1987
Result 0 26.0 2000 0.47 0.19 0.20 0.20 0.21 0.20 -1 -1 -1 -1 -1
Evo 1.10 0.50 1.00 0.53 0.50 0.50 0.50 0.11 0.01 0.04 0.57 0.94 337 -1
Result 1 27.0 354 0.46 0.19 0.17 0.23 0.19 0.22 -1 -1 -1 -1 -1
Evo 1.04 0.00 0.50 0.50 0.50 0.50 0.50 0.04 0.00 0.20 0.73 0.94 -1 1987
Result 0 27.0 2000 0.47 0.20 0.19 0.21 0.20 0.19 -1 -1 -1 -1 -1
