Evo 2.29 1.00 1.00 1.00 1.00 1.00 1.00 0.00 0.00 0.29 0.04 0.56 -1 1
Result 0 1.0 24 0.29 0.20 0.48 0.08 0.20 0.04 -1 -1 -1 -1 -1
Evo 1.87 0.50 1.00 1.00 1.00 1.00 1.00 0.03 0.00 0.02 0.39 0.97 379 0
Result 1 50.0 390 0.44 0.20 0.26 0.17 0.19 0.17 -1 -1 -1 -1 -1
Evo 1.81 0.50 1.00 0.51 0.50 0.50 0.50 0.08 0.00 0.17 0.39 0.94 437 5
Result 1 50.0 449 0.47 0.20 0.20 0.20 0.19 0.20 -1 -1 -1 -1 -1
Evo 1.58 0.50 1.00 0.52 0.50 0.50 0.50 0.09 0.00 0.13 0.38 0.97 393 5
Result 1 50.0 406 0.46 0.22 0.20 0.19 0.21 0.18 -1 -1 -1 -1 -1
Evo 2.48 0.50 0.50 0.50 0.50 0.50 0.50 0.00 0.00 0.20 0.28 0.91 -1 3
Result 0 22.0 159 0.45 0.18 0.20 0.19 0.25 0.19 -1 -1 -1 -1 -1
Evo 2.11 0.50 0.50 0.50 0.50 0.50 0.50 0.00 0.00 0.25 0.19 0.87 -1 0
Result 0 22.0 129 0.46 0.28 0.18 0.20 0.15 0.19 -1 -1 -1 -1 -1
Evo 1.75 0.50 1.00 0.54 0.50 0.50 0.50 0.13 0.01 0.20 0.49 0.98 400 2
Result 1 50.0 483 0.45 0.18 0.21 0.18 0.23 0.20 -1 -1 -1 -1 -1
Evo 1.91 0.50 0.50 0.50 0.50 0.50 0.50 0.00 0.00 0.16 0.23 0.83 -1 0
Result 0 21.0 149 0.45 0.19 0.21 0.18 0.22 0.20 -1 -1 -1 -1 -1
Evo 2.23 0.50 0.50 0.50 0.50 0.50 0.50 0.00 0.00 0.08 0.37 0.95 -1 1
Result 0 45.0 399 0.46 0.22 0.18 0.20 0.20 0.20 -1 -1 -1 -1 -1
Evo 1.95 0.50 1.00 0.53 0.50 0.50 0.50 0.12 0.01 0.06 0.51 0.99 401 6
Result 1 50.0 426 0.45 0.21 0.21 0.19 0.20 0.19 -1 -1 -1 -1 -1
Evo 2.05 0.50 0.50 0.50 0.50 0.50 0.50 0.00 0.00 0.13 0.38 0.93 -1 2
Result 0 45.0 374 0.48 0.23 0.18 0.22 0.19 0.18 -1 -1 -1 -1 -1
Evo 2.45 0.50 0.50 0.50 0.50 0.50 0.50 0.00 0.00 0.39 0.06 0.56 -1 0
Result 0 5.0 29 0.49 0.13 0.10 0.23 0.30 0.23 -1 -1 -1 -1 -1
Evo 2.15 0.50 1.00 0.53 0.50 0.50 0.50 0.13 0.01 0.09 0.44 0.97 298 0
Result 1 50.0 407 0.45 0.19 0.20 0.18 0.21 0.21 -1 -1 -1 -1 -1
Evo 2.20 0.50 1.00 0.53 0.50 0.50 0.50 0.13 0.01 0.12 0.52 1.00 488 1
Result 1 50.0 524 0.45 0.24 0.19 0.18 0.20 0.19 -1 -1 -1 -1 -1
Evo 2.07 0.50 1.00 0.53 0.50 0.50 0.50 0.12 0.01 0.06 0.41 0.99 403 1
Result 1 50.0 427 0.45 0.24 0.21 0.19 0.19 0.18 -1 -1 -1 -1 -1
Evo 1.85 0.50 1.00 0.54 0.50 0.50 0.50 0.13 0.01 0.10 0.39 0.96 374 2
Result 1 50.0 431 0.47 0.23 0.19 0.20 0.19 0.19 -1 -1 -1 -1 -1
Evo 1.86 0.50 1.00 0.53 0.50 0.50 0.50 0.11 0.01 0.12 0.43 0.97 350 1
Result 1 50.0 427 0.48 0.18 0.22 0.21 0.18 0.21 -1 -1 -1 -1 -1
Evo 1.96 0.50 0.50 0.50 0.50 0.50 0.50 0.00 0.00 0.21 0.16 0.81 -1 0
Result 0 11.0 84 0.38 0.19 0.20 0.13 0.22 0.26 -1 -1 -1 -1 -1
Evo 1.96 0.50 1.00 0.55 0.50 0.50 0.50 0.15 0.01 0.17 0.47 1.00 406 0
Result 1 50.0 459 0.44 0.24 0.22 0.18 0.19 0.18 -1 -1 -1 -1 -1
Evo 1.99 0.50 1.00 0.58 0.50 0.50 0.50 0.19 0.01 0.03 0.33 0.97 404 6
Result 1 50.0 485 0.44 0.22 0.20 0.17 0.23 0.18 -1 -1 -1 -1 -1
Evo 2.08 0.50 1.00 0.52 0.50 0.50 0.50 0.11 0.00 0.03 0.61 1.00 476 0
Result 1 80.0 524 0.46 0.21 0.20 0.19 0.20 0.20 -1 -1 -1 -1 -1
Evo 2.50 0.50 0.50 0.50 0.50 0.50 0.50 0.00 0.00 0.39 0.03 0.47 -1 1
Result 0 1.0 14 0.39 0.27 0.07 0.13 0.40 0.13 -1 -1 -1 -1 -1
Evo 2.31 0.50 0.50 0.50 0.50 0.50 0.50 0.00 0.00 0.13 0.20 0.86 -1 0
Result 0 39.0 209 0.46 0.21 0.21 0.20 0.18 0.20 -1 -1 -1 -1 -1
Evo 2.11 0.50 0.50 0.50 0.50 0.50 0.50 0.00 0.00 0.39 0.09 0.72 -1 0
Result 0 7.0 44 0.46 0.20 0.18 0.20 0.24 0.18 -1 -1 -1 -1 -1
Evo 2.50 0.50 0.50 0.50 0.50 0.50 0.50 0.00 0.00 0.10 0.26 0.95 -1 0
Result 0 67.0 299 0.48 0.17 0.20 0.22 0.20 0.21 -1 -1 -1 -1 -1
Evo 2.04 0.50 1.00 0.52 0.50 0.50 0.50 0.10 0.00 0.05 0.29 0.94 451 0
Result 1 80.0 477 0.47 0.19 0.19 0.21 0.20 0.21 -1 -1 -1 -1 -1
Evo 2.48 0.50 0.50 0.50 0.50 0.50 0.50 0.00 0.00 0.19 0.25 0.88 -1 3
Result 0 57.0 269 0.47 0.24 0.17 0.20 0.17 0.21 -1 -1 -1 -1 -1
Evo 1.84 0.50 1.00 0.52 0.50 0.50 0.50 0.10 0.00 0.08 0.38 0.88 480 0
Result 1 80.0 513 0.48 0.20 0.21 0.22 0.17 0.21 -1 -1 -1 -1 -1
Evo 2.52 0.50 0.50 0.50 0.50 0.50 0.50 0.00 0.00 0.13 0.19 0.80 -1 0
Result 0 35.0 164 0.45 0.30 0.18 0.19 0.17 0.16 -1 -1 -1 -1 -1
Evo 2.31 0.50 0.50 0.50 0.50 0.50 0.50 0.00 0.00 0.04 0.21 0.91 -1 0
Result 0 47.0 179 0.45 0.19 0.22 0.19 0.22 0.18 -1 -1 -1 -1 -1
Evo 2.31 0.50 0.50 0.50 0.50 0.50 0.50 0.00 0.00 0.14 0.27 0.95 -1 0
Result 0 38.0 189 0.46 0.18 0.18 0.20 0.23 0.21 -1 -1 -1 -1 -1
Evo 2.08 0.50 1.00 0.52 0.50 0.50 0.50 0.11 0.01 0.06 0.39 0.93 421 0
Result 1 80.0 442 0.46 0.24 0.19 0.19 0.18 0.20 -1 -1 -1 -1 -1
Evo 2.51 0.50 0.50 0.50 0.50 0.50 0.50 0.00 0.00 0.08 0.16 0.78 -1 0
Result 0 41.0 164 0.43 0.19 0.25 0.17 0.22 0.18 -1 -1 -1 -1 -1
Evo 2.32 0.50 0.50 0.50 0.50 0.50 0.50 0.00 0.00 0.03 0.28 0.94 -1 0
Result 0 59.0 234 0.43 0.21 0.22 0.17 0.23 0.17 -1 -1 -1 -1 -1
Evo 2.38 0.50 0.50 0.50 0.50 0.50 0.50 0.00 0.00 0.05 0.23 0.87 -1 1
Result 0 59.0 269 0.47 0.23 0.17 0.21 0.15 0.23 -1 -1 -1 -1 -1
Evo 2.16 0.50 0.50 0.50 0.50 0.50 0.50 0.00 0.00 0.33 0.08 0.70 -1 0
Result 0 7.0 49 0.48 0.16 0.28 0.22 0.12 0.22 -1 -1 -1 -1 -1
Evo 2.25 0.50 1.00 0.55 0.50 0.50 0.50 0.15 0.01 0.09 0.54 0.97 370 0
Result 1 80.0 417 0.46 0.21 0.18 0.19 0.22 0.20 -1 -1 -1 -1 -1
Evo 2.03 0.50 1.00 0.60 0.50 0.50 0.50 0.20 0.01 0.03 0.57 1.00 399 2
Result 1 80.0 518 0.46 0.22 0.19 0.20 0.20 0.18 -1 -1 -1 -1 -1
Evo 2.56 0.50 0.50 0.50 0.50 0.50 0.50 0.00 0.00 0.18 0.16 0.77 -1 0
Result 0 20.0 129 0.48 0.20 0.18 0.22 0.20 0.21 -1 -1 -1 -1 -1
Evo 2.24 0.50 1.00 0.57 0.50 0.50 0.50 0.17 0.01 0.05 0.48 0.96 397 1
Result 1 80.0 458 0.45 0.22 0.21 0.18 0.18 0.20 -1 -1 -1 -1 -1
Evo 2.85 0.50 0.50 0.50 0.50 0.50 0.50 0.00 0.00 0.22 0.15 0.75 -1 0
Result 0 12.0 59 0.46 0.17 0.27 0.20 0.18 0.18 -1 -1 -1 -1 -1
Evo 2.90 0.50 0.50 0.50 0.50 0.50 0.50 0.00 0.00 0.33 0.09 0.57 -1 1
Result 0 14.0 79 0.46 0.23 0.25 0.20 0.13 0.20 -1 -1 -1 -1 -1
Evo 2.34 0.50 0.50 0.50 0.50 0.50 0.50 0.00 0.00 0.29 0.16 0.82 -1 1
Result 0 19.0 89 0.45 0.17 0.27 0.19 0.22 0.16 -1 -1 -1 -1 -1
Evo 2.28 0.50 0.50 0.50 0.50 0.50 0.50 0.00 0.00 0.15 0.11 0.62 -1 0
Result 0 10.0 64 0.48 0.18 0.26 0.22 0.14 0.20 -1 -1 -1 -1 -1
Evo 2.91 0.50 0.50 0.50 0.50 0.50 0.50 0.00 0.00 0.05 0.26 0.82 -1 0
Result 0 80.0 304 0.44 0.24 0.19 0.18 0.22 0.18 -1 -1 -1 -1 -1
Evo 3.49 0.50 0.50 0.50 0.50 0.50 0.50 0.00 0.00 0.20 0.13 0.82 -1 0
Result 0 25.0 114 0.46 0.23 0.18 0.19 0.23 0.16 -1 -1 -1 -1 -1
Evo 2.22 0.50 1.00 0.52 0.50 0.50 0.50 0.09 0.00 0.03 0.47 0.94 515 0
Result 1 100.0 547 0.47 0.17 0.18 0.21 0.22 0.22 -1 -1 -1 -1 -1
Evo 2.33 0.50 0.50 0.50 0.50 0.50 0.50 0.00 0.00 0.26 0.13 0.74 -1 0
Result 0 18.0 89 0.47 0.30 0.08 0.21 0.16 0.26 -1 -1 -1 -1 -1
Evo 2.12 0.50 1.00 0.51 0.50 0.50 0.50 0.07 0.00 0.43 0.58 1.00 483 0
Result 1 100.0 584 0.44 0.22 0.23 0.17 0.21 0.17 -1 -1 -1 -1 -1
Evo 2.34 0.50 1.00 0.53 0.50 0.50 0.50 0.12 0.01 0.19 0.51 1.00 509 0
Result 1 100.0 552 0.46 0.22 0.18 0.20 0.20 0.20 -1 -1 -1 -1 -1
Evo 2.66 0.50 0.50 0.50 0.50 0.50 0.50 0.00 0.00 0.06 0.27 0.91 -1 0
Result 0 59.0 234 0.44 0.27 0.20 0.18 0.17 0.17 -1 -1 -1 -1 -1
Evo 3.20 0.50 0.50 0.50 0.50 0.50 0.50 0.00 0.00 0.29 0.09 0.59 -1 1
Result 0 6.0 49 0.45 0.28 0.12 0.18 0.20 0.22 -1 -1 -1 -1 -1
Evo 2.45 0.50 0.50 0.50 0.50 0.50 0.50 0.00 0.00 0.15 0.17 0.84 -1 0
Result 0 30.0 129 0.48 0.20 0.16 0.22 0.18 0.23 -1 -1 -1 -1 -1
Evo 2.44 0.50 0.50 0.50 0.50 0.50 0.50 0.00 0.00 0.17 0.16 0.75 -1 0
Result 0 37.0 144 0.47 0.21 0.17 0.21 0.20 0.21 -1 -1 -1 -1 -1
Evo 2.75 0.50 0.50 0.50 0.50 0.50 0.50 0.00 0.00 0.22 0.20 0.87 -1 0
Result 0 21.0 114 0.50 0.12 0.20 0.25 0.22 0.21 -1 -1 -1 -1 -1
Evo 2.57 0.50 1.00 0.53 0.50 0.50 0.50 0.11 0.01 0.06 0.48 0.99 441 0
Result 1 100.0 470 0.47 0.20 0.18 0.21 0.21 0.20 -1 -1 -1 -1 -1
Evo 2.87 0.50 0.50 0.50 0.50 0.50 0.50 0.00 0.00 0.22 0.22 0.75 -1 0
Result 0 24.0 139 0.46 0.22 0.21 0.20 0.21 0.16 -1 -1 -1 -1 -1
Evo 2.57 0.50 0.50 0.50 0.50 0.50 0.50 0.00 0.00 0.16 0.28 0.74 -1 0
Result 0 46.0 224 0.44 0.22 0.22 0.18 0.16 0.21 -1 -1 -1 -1 -1
Evo 2.67 0.50 0.50 0.50 0.50 0.50 0.50 0.00 0.00 0.18 0.20 0.87 -1 0
Result 0 36.0 129 0.48 0.21 0.15 0.22 0.18 0.23 -1 -1 -1 -1 -1
Evo 2.79 0.00 0.50 0.50 0.50 0.50 0.50 0.03 0.00 0.09 0.29 0.91 -1 0
Result 0 52.0 206 0.46 0.22 0.21 0.20 0.19 0.18 -1 -1 -1 -1 -1
Evo 2.83 0.50 0.50 0.50 0.50 0.50 0.50 0.00 0.00 0.07 0.20 0.79 -1 0
Result 0 45.0 179 0.46 0.21 0.15 0.20 0.21 0.23 -1 -1 -1 -1 -1
Evo 2.75 0.50 0.50 0.50 0.50 0.50 0.50 0.00 0.00 0.07 0.30 0.82 -1 0
Result 0 91.0 369 0.48 0.22 0.16 0.22 0.21 0.19 -1 -1 -1 -1 -1
Evo 2.72 0.50 0.50 0.50 0.50 0.50 0.50 0.00 0.00 0.12 0.19 0.83 -1 0
Result 0 48.0 144 0.46 0.21 0.22 0.19 0.18 0.20 -1 -1 -1 -1 -1
Evo 2.70 0.50 0.50 0.50 0.50 0.50 0.50 0.00 0.00 0.11 0.21 0.74 -1 0
Result 0 70.0 219 0.43 0.25 0.19 0.16 0.22 0.17 -1 -1 -1 -1 -1
Evo 2.78 0.50 0.50 0.50 0.50 0.50 0.50 0.00 0.00 0.09 0.36 0.80 -1 0
Result 0 87.0 384 0.44 0.22 0.19 0.18 0.22 0.20 -1 -1 -1 -1 -1
Evo 2.78 0.50 0.50 0.50 0.50 0.50 0.50 0.00 0.00 0.07 0.35 0.96 -1 0
Result 0 88.0 269 0.46 0.19 0.21 0.20 0.19 0.21 -1 -1 -1 -1 -1
Evo 2.88 0.50 0.50 0.50 0.50 0.50 0.50 0.00 0.00 0.06 0.35 0.88 -1 0
Result 0 91.0 329 0.46 0.25 0.21 0.19 0.16 0.19 -1 -1 -1 -1 -1
Evo 2.48 0.50 1.00 0.52 0.50 0.50 0.50 0.09 0.00 0.07 0.55 1.00 532 0
Result 1 120.0 558 0.47 0.22 0.19 0.21 0.17 0.21 -1 -1 -1 -1 -1
Evo 3.07 0.50 0.50 0.50 0.50 0.50 0.50 0.00 0.00 0.15 0.13 0.64 -1 0
Result 0 40.0 164 0.45 0.22 0.16 0.18 0.25 0.18 -1 -1 -1 -1 -1
Evo 2.38 0.50 0.50 0.50 0.50 0.50 0.50 0.00 0.00 0.15 0.17 0.75 -1 0
Result 0 26.0 104 0.48 0.17 0.25 0.22 0.15 0.21 -1 -1 -1 -1 -1
Evo 2.52 0.50 0.50 0.50 0.50 0.50 0.50 0.00 0.00 0.20 0.08 0.54 -1 0
Result 0 22.0 89 0.45 0.29 0.22 0.19 0.13 0.17 -1 -1 -1 -1 -1
Evo 2.39 0.50 0.50 0.50 0.50 0.50 0.50 0.00 0.00 0.11 0.14 0.75 -1 0
Result 0 30.0 109 0.48 0.20 0.12 0.22 0.25 0.22 -1 -1 -1 -1 -1
Evo 2.74 0.50 0.50 0.50 0.50 0.50 0.50 0.00 0.00 0.10 0.21 0.91 -1 0
Result 0 61.0 184 0.49 0.20 0.15 0.23 0.20 0.23 -1 -1 -1 -1 -1
Evo 2.57 0.50 0.50 0.50 0.50 0.50 0.50 0.00 0.00 0.13 0.19 0.81 -1 0
Result 0 56.0 209 0.48 0.20 0.15 0.22 0.21 0.22 -1 -1 -1 -1 -1
Evo 2.90 0.50 0.50 0.50 0.50 0.50 0.50 0.00 0.00 0.18 0.20 0.86 -1 0
Result 0 39.0 134 0.46 0.21 0.20 0.19 0.13 0.26 -1 -1 -1 -1 -1
Evo 2.49 0.50 0.50 0.50 0.50 0.50 0.50 0.00 0.00 0.26 0.12 0.80 -1 0
Result 0 11.0 74 0.51 0.21 0.13 0.27 0.13 0.25 -1 -1 -1 -1 -1
Evo 2.32 0.50 0.50 0.50 0.50 0.50 0.50 0.00 0.00 0.18 0.10 0.70 -1 0
Result 0 36.0 134 0.48 0.22 0.18 0.21 0.19 0.19 -1 -1 -1 -1 -1
Evo 2.71 0.50 0.50 0.50 0.50 0.50 0.50 0.00 0.00 0.07 0.18 0.79 -1 0
Result 0 58.0 189 0.45 0.27 0.19 0.19 0.19 0.16 -1 -1 -1 -1 -1
Evo 3.29 0.50 0.50 0.50 0.50 0.50 0.50 0.00 0.00 0.06 0.25 0.93 -1 0
Result 0 72.0 234 0.45 0.24 0.20 0.19 0.17 0.20 -1 -1 -1 -1 -1
Evo 2.40 0.50 1.00 0.52 0.50 0.50 0.50 0.09 0.00 0.03 0.51 1.00 493 0
Result 1 120.0 511 0.45 0.26 0.18 0.18 0.21 0.17 -1 -1 -1 -1 -1
Evo 3.79 0.50 0.50 0.50 0.50 0.50 0.50 0.00 0.00 0.11 0.11 0.68 -1 0
Result 0 36.0 109 0.43 0.31 0.16 0.16 0.20 0.16 -1 -1 -1 -1 -1
Evo 2.40 0.50 0.50 0.50 0.50 0.50 0.50 0.00 0.00 0.13 0.12 0.61 -1 1
Result 0 21.0 84 0.41 0.21 0.12 0.15 0.25 0.27 -1 -1 -1 -1 -1
Evo 3.61 0.50 0.50 0.50 0.50 0.50 0.50 0.00 0.00 0.11 0.18 0.71 -1 0
Result 0 61.0 199 0.44 0.26 0.26 0.18 0.14 0.17 -1 -1 -1 -1 -1
Evo 2.13 0.50 0.50 0.50 0.50 0.50 0.50 0.00 0.00 0.42 0.06 0.66 -1 0
Result 0 4.0 24 0.53 0.12 0.12 0.36 0.20 0.20 -1 -1 -1 -1 -1
Evo 2.37 0.50 0.50 0.50 0.50 0.50 0.50 0.00 0.00 0.40 0.09 0.66 -1 1
Result 0 17.0 49 0.45 0.20 0.30 0.18 0.22 0.10 -1 -1 -1 -1 -1
Evo 3.07 0.50 0.50 0.50 0.50 0.50 0.50 0.00 0.00 0.11 0.29 0.77 -1 0
Result 0 93.0 269 0.46 0.25 0.21 0.20 0.14 0.19 -1 -1 -1 -1 -1
Evo 2.57 0.50 1.00 0.57 0.50 0.50 0.50 0.17 0.01 0.12 0.48 0.96 529 0
Result 0 160.0 634 0.46 0.20 0.21 0.20 0.19 0.20 -1 -1 -1 -1 -1
Evo 3.45 0.50 0.50 0.50 0.50 0.50 0.50 0.00 0.00 0.13 0.17 0.74 -1 0
Result 0 56.0 159 0.44 0.24 0.22 0.18 0.18 0.18 -1 -1 -1 -1 -1
Evo 3.63 0.50 0.50 0.50 0.50 0.50 0.50 0.00 0.00 0.09 0.13 0.61 -1 0
Result 0 47.0 134 0.46 0.20 0.13 0.20 0.27 0.19 -1 -1 -1 -1 -1
Evo 2.44 0.50 0.50 0.50 0.50 0.50 0.50 0.00 0.00 0.30 0.06 0.67 -1 0
Result 0 10.0 34 0.44 0.40 0.09 0.17 0.26 0.09 -1 -1 -1 -1 -1
Evo 2.81 0.50 0.50 0.50 0.50 0.50 0.50 0.00 0.00 0.18 0.22 0.74 -1 0
Result 0 34.0 134 0.46 0.22 0.21 0.19 0.18 0.20 -1 -1 -1 -1 -1
Evo 2.56 0.50 0.50 0.50 0.50 0.50 0.50 0.00 0.00 0.52 0.02 0.47 -1 0
Result 0 2.0 9 0.33 0.20 0.50 0.10 0.10 0.10 -1 -1 -1 -1 -1
Evo 2.65 0.00 1.00 0.51 0.50 0.50 0.50 0.08 0.00 0.07 0.47 0.92 699 0
Result 1 160.0 718 0.44 0.23 0.20 0.18 0.20 0.19 -1 -1 -1 -1 -1
Evo 3.76 0.50 0.50 0.50 0.50 0.50 0.50 0.00 0.00 0.10 0.35 0.83 -1 0
Result 0 120.0 334 0.44 0.25 0.23 0.17 0.14 0.21 -1 -1 -1 -1 -1
Evo 3.70 0.00 0.50 0.50 0.50 0.50 0.50 0.04 0.00 0.06 0.22 0.78 -1 0
Result 0 98.0 335 0.49 0.22 0.14 0.23 0.23 0.18 -1 -1 -1 -1 -1
Evo 3.03 0.50 0.50 0.50 0.50 0.50 0.50 0.00 0.00 0.04 0.57 1.00 -1 0
Result 0 153.0 579 0.46 0.20 0.22 0.19 0.19 0.20 -1 -1 -1 -1 -1
Evo 2.93 0.50 1.00 0.53 0.50 0.50 0.50 0.11 0.00 0.13 0.59 1.00 579 0
Result 1 160.0 614 0.46 0.19 0.23 0.19 0.18 0.21 -1 -1 -1 -1 -1
Evo 3.04 0.50 0.50 0.50 0.50 0.50 0.50 0.00 0.00 0.15 0.21 0.68 -1 0
Result 0 42.0 164 0.40 0.21 0.20 0.15 0.22 0.23 -1 -1 -1 -1 -1
Evo 3.14 0.50 0.50 0.50 0.50 0.50 0.50 0.00 0.00 0.22 0.11 0.67 -1 0
Result 0 17.0 79 0.48 0.16 0.14 0.23 0.20 0.28 -1 -1 -1 -1 -1
Evo 4.19 0.00 0.50 0.50 0.50 0.50 0.50 0.04 0.00 0.11 0.21 0.83 -1 0
Result 0 54.0 164 0.46 0.20 0.23 0.19 0.16 0.22 -1 -1 -1 -1 -1
