Evo 1.54 0.00 1.00 0.64 0.00 0.88 1.00 0.43 0.02 0.08 0.04 0.16 -1 381
Result 0 15.0 394 0.44 0.16 0.13 0.17 0.18 0.17 0.18 -1 -1 -1 -1
Evo 1.45 0.00 1.00 0.97 1.00 1.00 1.00 0.18 0.01 0.13 0.08 0.27 -1 391
Result 0 32.0 404 0.44 0.17 0.16 0.17 0.16 0.18 0.17 -1 -1 -1 -1
Evo 1.07 0.00 1.00 0.96 1.00 1.00 1.00 0.19 0.01 0.02 0.03 0.16 -1 348
Result 0 6.0 361 0.44 0.17 0.20 0.17 0.17 0.13 0.15 -1 -1 -1 -1
Evo 1.53 0.00 1.00 0.98 1.00 1.00 1.00 0.15 0.01 0.19 0.04 0.14 -1 356
Result 0 26.0 369 0.42 0.20 0.15 0.16 0.15 0.14 0.19 -1 -1 -1 -1
Evo 1.34 0.00 1.00 0.96 1.00 1.00 1.00 0.19 0.01 0.44 0.11 0.46 -1 348
Result 0 14.0 361 0.43 0.14 0.19 0.13 0.17 0.18 0.19 -1 -1 -1 -1
Evo 1.22 0.00 1.00 0.96 1.00 1.00 1.00 0.19 0.01 0.28 0.09 0.29 -1 348
Result 0 18.0 361 0.42 0.18 0.17 0.16 0.16 0.19 0.15 -1 -1 -1 -1
Evo 1.31 0.00 1.00 0.96 1.00 1.00 1.00 0.19 0.01 0.25 0.06 0.18 -1 348
Result 0 15.0 361 0.42 0.18 0.17 0.18 0.15 0.15 0.17 -1 -1 -1 -1
Evo 1.43 0.00 1.00 0.96 1.00 1.00 1.00 0.19 0.01 0.18 0.07 0.24 -1 365
Result 0 12.0 378 0.41 0.16 0.15 0.18 0.15 0.18 0.17 -1 -1 -1 -1
Evo 1.21 0.00 1.00 0.96 1.00 1.00 1.00 0.19 0.01 0.10 0.10 0.35 -1 350
Result 0 21.0 363 0.46 0.18 0.15 0.16 0.20 0.16 0.16 -1 -1 -1 -1
Evo 1.17 0.00 1.00 0.96 1.00 1.00 1.00 0.19 0.01 0.11 0.07 0.23 -1 348
Result 0 24.0 361 0.43 0.20 0.22 0.14 0.17 0.16 0.12 -1 -1 -1 -1
Evo 1.27 0.00 1.00 0.96 1.00 1.00 1.00 0.19 0.01 0.07 0.05 0.21 -1 348
Result 0 20.0 361 0.44 0.17 0.19 0.13 0.18 0.18 0.15 -1 -1 -1 -1
Evo 1.39 0.00 1.00 0.99 1.00 1.00 1.00 0.07 0.00 0.15 0.06 0.15 -1 348
Result 0 12.0 361 0.43 0.16 0.18 0.17 0.16 0.15 0.17 -1 -1 -1 -1
Evo 1.12 0.00 1.00 0.96 1.00 1.00 1.00 0.19 0.01 0.16 0.06 0.24 -1 358
Result 0 18.0 371 0.41 0.18 0.15 0.18 0.17 0.15 0.16 -1 -1 -1 -1
Evo 1.52 0.00 1.00 0.96 1.00 1.00 1.00 0.19 0.01 0.18 0.05 0.25 -1 348
Result 0 20.0 361 0.42 0.15 0.16 0.17 0.15 0.17 0.19 -1 -1 -1 -1
Evo 1.37 0.00 1.00 0.96 1.00 1.00 1.00 0.19 0.01 0.16 0.08 0.44 -1 364
Result 0 15.0 377 0.43 0.19 0.17 0.13 0.17 0.20 0.15 -1 -1 -1 -1
Evo 1.24 0.00 1.00 0.96 1.00 1.00 1.00 0.19 0.01 0.11 0.06 0.21 -1 348
Result 0 20.0 361 0.43 0.20 0.16 0.14 0.17 0.16 0.17 -1 -1 -1 -1
Evo 1.36 0.00 1.00 0.96 1.00 1.00 1.00 0.19 0.01 0.12 0.09 0.25 -1 358
Result 0 19.0 371 0.40 0.16 0.14 0.17 0.19 0.19 0.16 -1 -1 -1 -1
Evo 1.32 0.00 1.00 0.96 1.00 1.00 1.00 0.19 0.01 0.10 0.06 0.25 -1 348
Result 0 21.0 361 0.42 0.16 0.15 0.18 0.14 0.15 0.22 -1 -1 -1 -1
Evo 1.32 0.00 1.00 0.96 1.00 1.00 1.00 0.19 0.01 0.22 0.06 0.18 -1 348
Result 0 14.0 361 0.42 0.17 0.17 0.17 0.15 0.17 0.16 -1 -1 -1 -1
Evo 1.32 0.00 1.00 0.96 1.00 1.00 1.00 0.19 0.01 0.17 0.06 0.21 -1 348
Result 0 18.0 361 0.42 0.16 0.20 0.15 0.15 0.17 0.17 -1 -1 -1 -1
Evo 1.00 0.00 1.00 0.98 1.00 1.00 1.00 0.14 0.01 0.35 0.10 0.38 -1 696
Result 0 11.0 709 0.42 0.15 0.19 0.15 0.16 0.19 0.16 -1 -1 -1 -1
Evo 1.00 0.00 1.00 0.98 1.00 1.00 1.00 0.14 0.01 0.08 0.12 0.33 -1 707
Result 0 16.0 720 0.42 0.18 0.16 0.16 0.17 0.17 0.16 -1 -1 -1 -1
Evo 1.04 1.00 1.00 1.00 1.00 1.00 1.00 0.00 0.00 0.23 0.13 0.26 987 -1
Result 1 45.0 1000 0.43 0.17 0.17 0.17 0.17 0.17 0.15 -1 -1 -1 -1
Evo 1.06 0.00 0.50 0.49 0.50 0.50 0.50 0.06 0.00 0.09 0.09 0.20 -1 713
Result 0 35.0 822 0.40 0.19 0.14 0.18 0.15 0.15 0.18 -1 -1 -1 -1
Evo 1.00 0.50 1.00 0.51 0.50 0.50 0.50 0.06 0.00 0.07 0.17 0.33 987 -1
Result 1 49.0 1000 0.42 0.15 0.18 0.17 0.16 0.16 0.18 -1 -1 -1 -1
Evo 1.05 0.00 0.50 0.49 0.50 0.50 0.50 0.06 0.00 0.15 0.07 0.19 -1 936
Result 0 40.0 949 0.44 0.17 0.17 0.18 0.18 0.13 0.18 -1 -1 -1 -1
Evo 1.00 0.50 1.00 0.51 0.50 0.50 0.50 0.06 0.00 0.08 0.11 0.22 987 -1
Result 1 51.0 1000 0.44 0.18 0.16 0.17 0.16 0.17 0.16 -1 -1 -1 -1
Evo 1.08 0.50 1.00 0.51 0.50 0.50 0.50 0.06 0.00 0.07 0.11 0.20 987 696
Result 1 58.0 1000 0.43 0.18 0.16 0.15 0.17 0.17 0.17 -1 -1 -1 -1
Evo 1.01 0.00 0.50 0.49 0.50 0.50 0.50 0.07 0.00 0.08 0.11 0.32 -1 750
Result 0 24.0 763 0.40 0.15 0.15 0.15 0.16 0.20 0.19 -1 -1 -1 -1
Evo 1.02 0.00 0.50 0.49 0.50 0.50 0.50 0.06 0.00 0.11 0.06 0.18 -1 803
Result 0 26.0 816 0.41 0.15 0.15 0.17 0.19 0.16 0.19 -1 -1 -1 -1
Evo 1.00 0.50 1.00 0.51 0.50 0.50 0.50 0.06 0.00 0.05 0.10 0.20 987 -1
Result 1 54.0 1000 0.44 0.17 0.17 0.16 0.18 0.14 0.17 -1 -1 -1 -1
Evo 1.00 0.50 1.00 0.51 0.50 0.50 0.50 0.06 0.00 0.21 0.09 0.18 987 -1
Result 1 47.0 1000 0.44 0.17 0.18 0.18 0.18 0.15 0.15 -1 -1 -1 -1
Evo 1.01 0.00 0.50 0.49 0.50 0.50 0.50 0.06 0.00 0.03 0.12 0.23 -1 969
Result 0 39.0 982 0.44 0.15 0.17 0.18 0.16 0.17 0.17 -1 -1 -1 -1
Evo 1.02 0.00 0.50 0.49 0.50 0.50 0.50 0.07 0.00 0.06 0.09 0.24 -1 708
Result 0 20.0 721 0.40 0.14 0.17 0.15 0.18 0.16 0.20 -1 -1 -1 -1
Evo 1.01 0.00 0.50 0.49 0.50 0.50 0.50 0.07 0.00 0.05 0.09 0.23 -1 696
Result 0 25.0 709 0.41 0.17 0.18 0.17 0.15 0.17 0.16 -1 -1 -1 -1
Evo 1.00 0.00 0.50 0.49 0.50 0.50 0.50 0.07 0.00 0.14 0.11 0.31 -1 696
Result 0 15.0 709 0.44 0.16 0.17 0.14 0.17 0.18 0.17 -1 -1 -1 -1
Evo 1.00 0.00 0.50 0.49 0.50 0.50 0.50 0.07 0.00 0.21 0.10 0.21 -1 698
Result 0 22.0 711 0.41 0.18 0.15 0.17 0.17 0.17 0.16 -1 -1 -1 -1
Evo 1.00 0.00 0.50 0.49 0.50 0.50 0.50 0.07 0.00 0.04 0.14 0.41 -1 753
Result 0 25.0 766 0.43 0.18 0.16 0.13 0.19 0.17 0.17 -1 -1 -1 -1
Evo 1.01 0.00 0.50 0.49 0.50 0.50 0.50 0.07 0.00 0.14 0.10 0.29 -1 696
Result 0 14.0 709 0.44 0.17 0.18 0.15 0.14 0.18 0.18 -1 -1 -1 -1
Evo 1.00 0.00 0.50 0.49 0.50 0.50 0.50 0.06 0.00 0.11 0.11 0.21 -1 855
Result 0 34.0 868 0.44 0.19 0.16 0.16 0.17 0.14 0.17 -1 -1 -1 -1
Evo 1.34 0.00 0.50 0.48 0.50 0.50 0.50 0.10 0.01 0.38 0.09 0.31 -1 337
Result 0 12.0 350 0.44 0.15 0.18 0.18 0.17 0.15 0.17 -1 -1 -1 -1
Evo 1.38 0.00 0.50 0.48 0.50 0.50 0.50 0.10 0.01 0.49 0.06 0.19 -1 330
Result 0 4.0 343 0.43 0.17 0.16 0.17 0.18 0.15 0.17 -1 -1 -1 -1
Evo 1.34 0.00 0.50 0.48 0.50 0.50 0.50 0.10 0.01 0.13 0.05 0.24 -1 331
Result 0 10.0 344 0.43 0.19 0.17 0.17 0.19 0.15 0.14 -1 -1 -1 -1
Evo 1.41 0.00 0.50 0.48 0.50 0.50 0.50 0.10 0.01 0.19 0.05 0.19 -1 331
Result 0 4.0 344 0.40 0.20 0.14 0.14 0.20 0.15 0.17 -1 -1 -1 -1
Evo 1.44 0.00 0.50 0.48 0.50 0.50 0.50 0.10 0.01 0.23 0.06 0.28 -1 331
Result 0 5.0 344 0.39 0.17 0.14 0.16 0.18 0.17 0.19 -1 -1 -1 -1
Evo 1.34 0.00 0.50 0.48 0.50 0.50 0.50 0.09 0.00 0.27 0.13 0.37 -1 406
Result 0 18.0 419 0.46 0.20 0.17 0.15 0.16 0.18 0.14 -1 -1 -1 -1
Evo 1.41 0.00 0.50 0.48 0.50 0.50 0.50 0.10 0.00 0.36 0.05 0.20 -1 357
Result 0 11.0 370 0.43 0.16 0.16 0.16 0.16 0.17 0.19 -1 -1 -1 -1
Evo 1.38 0.00 0.50 0.48 0.50 0.50 0.50 0.11 0.01 0.23 0.04 0.20 -1 360
Result 0 8.0 387 0.42 0.14 0.16 0.20 0.16 0.14 0.19 -1 -1 -1 -1
Evo 1.41 0.00 0.50 0.48 0.50 0.50 0.50 0.09 0.00 0.02 0.05 0.23 -1 385
Result 0 12.0 398 0.46 0.16 0.15 0.17 0.20 0.13 0.20 -1 -1 -1 -1
Evo 1.38 0.00 0.50 0.48 0.50 0.50 0.50 0.10 0.01 0.33 0.09 0.46 -1 331
Result 0 5.0 344 0.44 0.18 0.14 0.13 0.18 0.19 0.18 -1 -1 -1 -1
Evo 1.36 0.00 0.50 0.48 0.50 0.50 0.50 0.10 0.00 0.19 0.08 0.29 -1 358
Result 0 9.0 371 0.43 0.19 0.16 0.16 0.16 0.18 0.15 -1 -1 -1 -1
Evo 1.35 0.00 0.50 0.48 0.50 0.50 0.50 0.09 0.00 0.15 0.07 0.21 -1 406
Result 0 13.0 419 0.39 0.17 0.16 0.21 0.14 0.18 0.13 -1 -1 -1 -1
Evo 1.49 0.00 0.50 0.48 0.50 0.50 0.50 0.09 0.00 0.36 0.06 0.21 -1 361
Result 0 15.0 374 0.44 0.17 0.19 0.17 0.15 0.15 0.17 -1 -1 -1 -1
Evo 1.49 0.00 0.50 0.48 0.50 0.50 0.50 0.10 0.01 0.31 0.06 0.28 -1 331
Result 0 7.0 344 0.43 0.21 0.17 0.13 0.16 0.15 0.19 -1 -1 -1 -1
Evo 1.50 0.00 0.50 0.49 0.50 0.50 0.50 0.08 0.00 0.09 0.06 0.26 -1 493
Result 0 18.0 506 0.45 0.19 0.19 0.16 0.12 0.17 0.18 -1 -1 -1 -1
Evo 1.53 0.00 0.50 0.49 0.50 0.50 0.50 0.07 0.00 0.09 0.14 0.57 -1 628
Result 0 31.0 641 0.43 0.19 0.17 0.17 0.15 0.18 0.15 -1 -1 -1 -1
Evo 1.39 0.00 0.50 0.48 0.50 0.50 0.50 0.09 0.00 0.16 0.05 0.17 -1 377
Result 0 10.0 390 0.45 0.18 0.18 0.17 0.15 0.16 0.16 -1 -1 -1 -1
Evo 1.46 0.00 0.50 0.48 0.50 0.50 0.50 0.10 0.01 0.18 0.07 0.30 -1 331
Result 0 9.0 344 0.41 0.15 0.17 0.12 0.17 0.18 0.21 -1 -1 -1 -1
Evo 1.49 0.00 0.50 0.48 0.50 0.50 0.50 0.10 0.01 0.28 0.10 0.30 -1 331
Result 0 7.0 344 0.44 0.17 0.17 0.16 0.15 0.17 0.17 -1 -1 -1 -1
Evo 1.35 0.00 0.50 0.48 0.50 0.50 0.50 0.09 0.00 0.40 0.04 0.16 -1 387
Result 0 12.0 400 0.44 0.17 0.17 0.18 0.14 0.17 0.16 -1 -1 -1 -1
Evo 1.51 0.00 0.50 0.49 0.50 0.50 0.50 0.07 0.00 0.09 0.12 0.24 -1 608
Result 0 25.0 621 0.43 0.18 0.17 0.20 0.17 0.15 0.14 -1 -1 -1 -1
Evo 1.20 0.00 0.50 0.48 0.50 0.50 0.50 0.10 0.01 0.52 0.10 0.39 -1 344
Result 0 2.0 357 0.47 0.15 0.21 0.14 0.13 0.24 0.13 -1 -1 -1 -1
Evo 1.40 0.00 0.50 0.48 0.50 0.50 0.50 0.09 0.00 0.11 0.03 0.15 -1 378
Result 0 9.0 391 0.45 0.19 0.09 0.20 0.20 0.16 0.16 -1 -1 -1 -1
Evo 1.18 0.00 0.50 0.48 0.50 0.50 0.50 0.10 0.01 0.36 0.06 0.20 -1 344
Result 0 3.0 357 0.44 0.18 0.16 0.18 0.16 0.19 0.14 -1 -1 -1 -1
Evo 1.34 0.00 0.50 0.48 0.50 0.50 0.50 0.09 0.00 0.25 0.07 0.17 -1 395
Result 0 14.0 420 0.43 0.19 0.16 0.16 0.16 0.17 0.16 -1 -1 -1 -1
Evo 1.43 0.00 0.50 0.48 0.50 0.50 0.50 0.09 0.00 0.15 0.06 0.24 -1 442
Result 0 14.0 455 0.44 0.18 0.15 0.16 0.17 0.19 0.16 -1 -1 -1 -1
Evo 1.46 0.00 0.50 0.50 0.50 0.50 0.50 0.04 0.00 0.25 0.06 0.18 -1 360
Result 0 14.0 373 0.40 0.18 0.14 0.19 0.18 0.14 0.17 -1 -1 -1 -1
Evo 1.32 0.00 0.50 0.48 0.50 0.50 0.50 0.09 0.00 0.28 0.09 0.28 -1 446
Result 0 16.0 459 0.44 0.18 0.17 0.19 0.15 0.16 0.15 -1 -1 -1 -1
Evo 1.18 0.00 0.50 0.48 0.50 0.50 0.50 0.09 0.00 0.28 0.06 0.21 -1 344
Result 0 10.0 357 0.45 0.16 0.18 0.16 0.19 0.16 0.15 -1 -1 -1 -1
Evo 1.30 0.00 0.50 0.49 0.50 0.50 0.50 0.07 0.00 0.36 0.09 0.22 -1 359
Result 0 8.0 395 0.43 0.17 0.16 0.16 0.19 0.15 0.16 -1 -1 -1 -1
Evo 1.51 0.00 0.50 0.49 0.50 0.50 0.50 0.07 0.00 0.05 0.08 0.22 -1 643
Result 0 31.0 656 0.44 0.16 0.18 0.16 0.18 0.16 0.17 -1 -1 -1 -1
Evo 1.29 0.00 0.50 0.49 0.50 0.50 0.50 0.07 0.00 0.20 0.07 0.19 -1 396
Result 0 8.0 409 0.43 0.16 0.17 0.17 0.18 0.17 0.17 -1 -1 -1 -1
Evo 1.47 0.00 0.50 0.49 0.50 0.50 0.50 0.07 0.00 0.05 0.07 0.17 -1 741
Result 0 37.0 754 0.42 0.16 0.17 0.17 0.18 0.14 0.17 -1 -1 -1 -1
Evo 1.30 0.00 0.50 0.48 0.50 0.50 0.50 0.09 0.00 0.17 0.04 0.17 -1 387
Result 0 3.0 400 0.38 0.18 0.13 0.15 0.18 0.18 0.17 -1 -1 -1 -1
Evo 1.37 0.00 0.50 0.48 0.50 0.50 0.50 0.10 0.01 0.07 0.07 0.23 -1 352
Result 0 8.0 365 0.45 0.18 0.18 0.17 0.14 0.16 0.16 -1 -1 -1 -1
Evo 1.33 0.00 0.50 0.48 0.50 0.50 0.50 0.09 0.00 0.17 0.05 0.16 -1 405
Result 0 12.0 418 0.45 0.16 0.19 0.17 0.21 0.15 0.13 -1 -1 -1 -1
Evo 1.42 0.00 0.50 0.49 0.50 0.50 0.50 0.08 0.00 0.10 0.05 0.17 -1 420
Result 0 15.0 433 0.40 0.18 0.18 0.17 0.14 0.15 0.18 -1 -1 -1 -1
Evo 1.32 0.00 0.50 0.48 0.50 0.50 0.50 0.10 0.01 0.02 0.04 0.15 -1 344
Result 0 12.0 357 0.41 0.15 0.21 0.18 0.14 0.16 0.16 -1 -1 -1 -1
Evo 1.45 0.00 0.50 0.48 0.50 0.50 0.50 0.10 0.01 0.10 0.07 0.29 -1 344
Result 0 5.0 357 0.37 0.18 0.22 0.13 0.12 0.18 0.17 -1 -1 -1 -1
Evo 1.38 0.00 0.50 0.48 0.50 0.50 0.50 0.09 0.00 0.26 0.08 0.21 -1 411
Result 0 15.0 424 0.40 0.20 0.14 0.16 0.18 0.16 0.15 -1 -1 -1 -1
Evo 1.03 0.00 0.50 0.49 0.50 0.50 0.50 0.05 0.00 0.11 0.14 0.29 -1 645
Result 0 35.0 658 0.41 0.18 0.16 0.17 0.15 0.17 0.16 -1 -1 -1 -1
Evo 1.08 0.00 0.50 0.49 0.50 0.50 0.50 0.06 0.00 0.31 0.06 0.17 -1 433
Result 0 13.0 446 0.41 0.16 0.15 0.21 0.18 0.15 0.15 -1 -1 -1 -1
Evo 1.00 0.00 0.50 0.48 0.50 0.50 0.50 0.09 0.00 0.44 0.06 0.21 -1 422
Result 0 9.0 435 0.41 0.15 0.18 0.17 0.18 0.18 0.15 -1 -1 -1 -1
Evo 1.00 0.00 0.50 0.48 0.50 0.50 0.50 0.09 0.00 0.27 0.07 0.28 -1 376
Result 0 9.0 389 0.46 0.20 0.16 0.18 0.12 0.16 0.18 -1 -1 -1 -1
Evo 1.00 0.00 0.50 0.48 0.50 0.50 0.50 0.10 0.01 0.12 0.08 0.34 -1 344
Result 0 0.0 357 0.42 0.15 0.14 0.15 0.18 0.21 0.17 -1 -1 -1 -1
Evo 1.00 0.00 0.50 0.48 0.50 0.50 0.50 0.10 0.01 0.44 0.10 0.42 -1 344
Result 0 4.0 357 0.48 0.22 0.17 0.12 0.15 0.19 0.15 -1 -1 -1 -1
Evo 1.04 0.00 0.50 0.48 0.50 0.50 0.50 0.10 0.01 0.13 0.07 0.21 -1 344
Result 0 9.0 357 0.43 0.18 0.16 0.16 0.16 0.17 0.16 -1 -1 -1 -1
Evo 1.00 0.00 0.50 0.48 0.50 0.50 0.50 0.09 0.00 0.02 0.09 0.29 -1 380
Result 0 8.0 393 0.44 0.18 0.17 0.14 0.16 0.15 0.19 -1 -1 -1 -1
Evo 1.00 0.00 0.50 0.48 0.50 0.50 0.50 0.09 0.00 0.46 0.08 0.23 -1 413
Result 0 7.0 426 0.44 0.18 0.17 0.20 0.17 0.14 0.14 -1 -1 -1 -1
Evo 1.02 0.00 0.50 0.48 0.50 0.50 0.50 0.10 0.01 0.21 0.06 0.23 -1 344
Result 0 9.0 357 0.41 0.18 0.22 0.14 0.15 0.18 0.13 -1 -1 -1 -1
Evo 1.05 0.00 0.50 0.48 0.50 0.50 0.50 0.09 0.00 0.02 0.09 0.31 -1 431
Result 0 12.0 444 0.41 0.19 0.19 0.15 0.15 0.15 0.17 -1 -1 -1 -1
Evo 1.00 0.00 0.50 0.49 0.50 0.50 0.50 0.07 0.00 0.13 0.08 0.25 -1 682
Result 0 20.0 695 0.41 0.16 0.18 0.17 0.15 0.17 0.17 -1 -1 -1 -1
Evo 1.03 0.00 0.50 0.50 0.50 0.50 0.50 0.03 0.00 0.05 0.05 0.17 -1 382
Result 0 5.0 395 0.43 0.17 0.15 0.20 0.18 0.17 0.14 -1 -1 -1 -1
Evo 1.03 0.00 0.50 0.48 0.50 0.50 0.50 0.09 0.00 0.07 0.06 0.23 -1 387
Result 0 7.0 400 0.40 0.18 0.14 0.16 0.16 0.17 0.19 -1 -1 -1 -1
Evo 1.12 0.00 0.50 0.50 0.50 0.50 0.50 0.03 0.00 0.16 0.07 0.17 -1 410
Result 0 11.0 423 0.44 0.14 0.17 0.19 0.17 0.17 0.16 -1 -1 -1 -1
Evo 1.00 0.00 0.50 0.48 0.50 0.50 0.50 0.10 0.01 0.24 0.03 0.13 -1 344
Result 0 2.0 357 0.44 0.17 0.17 0.17 0.15 0.17 0.16 -1 -1 -1 -1
Evo 1.05 0.00 0.50 0.49 0.50 0.50 0.50 0.08 0.00 0.12 0.10 0.28 -1 513
Result 0 19.0 526 0.42 0.21 0.16 0.16 0.17 0.16 0.15 -1 -1 -1 -1
Evo 1.02 0.00 0.50 0.49 0.50 0.50 0.50 0.08 0.00 0.21 0.11 0.27 -1 579
Result 0 18.0 592 0.40 0.14 0.18 0.17 0.17 0.16 0.18 -1 -1 -1 -1
Evo 1.01 0.00 0.50 0.49 0.50 0.50 0.50 0.07 0.00 0.16 0.12 0.24 -1 710
Result 0 25.0 723 0.43 0.15 0.17 0.20 0.17 0.14 0.17 -1 -1 -1 -1
Evo 1.09 0.00 0.50 0.50 0.50 0.50 0.50 0.04 0.00 0.20 0.04 0.15 -1 462
Result 0 10.0 475 0.45 0.13 0.19 0.20 0.19 0.13 0.17 -1 -1 -1 -1
