Evo 202.27 -58822.22 3.32 -2727.33 1.43 2.21 2.47 9485.11 697.36 0.04 0.23 0.44 -1 -1
Result 0 2.0 184 0.48 0.24 0.20 0.15 0.20 0.22 -1 -1 -1 -1 -1
Evo 4515.63 -13331.99 2.17 -54.16 2.07 2.11 2.11 644.06 19.44 0.01 0.47 0.51 -1 -1
Result 0 1.0 1097 0.48 0.15 0.20 0.23 0.21 0.21 -1 -1 -1 -1 -1
Evo 5291.20 -1000000.34 3.30 -496.76 3.11 3.11 3.11 22355.17 499.75 0.01 0.44 0.49 -1 -1
Result 0 3.0 2000 0.46 0.20 0.20 0.20 0.20 0.20 -1 -1 -1 -1 -1
Evo 3434.20 -36582.13 4.17 -217.97 3.46 4.09 4.10 2111.61 76.20 0.01 0.48 0.52 -1 -1
Result 0 3.0 767 0.49 0.10 0.21 0.23 0.22 0.23 -1 -1 -1 -1 -1
Evo 5327.87 -999999.58 2.37 -528.98 2.11 2.11 2.11 22364.93 499.97 0.01 0.38 0.42 -1 -1
Result 0 2.0 2000 0.47 0.21 0.19 0.18 0.21 0.21 -1 -1 -1 -1 -1
Evo 5368.18 -1000000.22 2.48 -497.67 2.11 2.11 2.11 22355.14 499.75 0.01 0.46 0.51 -1 -1
Result 0 2.0 2000 0.48 0.19 0.20 0.19 0.21 0.20 -1 -1 -1 -1 -1
Evo 4772.63 -999999.40 2.11 -554.32 2.07 2.09 2.10 22377.82 500.26 0.01 0.50 0.52 -1 -1
Result 0 2.0 2000 0.50 0.06 0.21 0.25 0.23 0.25 -1 -1 -1 -1 -1
Evo 5343.45 -1000000.10 2.18 -518.61 2.11 2.11 2.11 22359.87 499.86 0.01 0.35 0.39 -1 -1
Result 0 2.0 2000 0.45 0.20 0.21 0.20 0.20 0.19 -1 -1 -1 -1 -1
Evo 2840.27 -6406.18 4.17 -30.57 0.80 4.07 4.09 346.16 15.57 0.02 0.33 0.42 -1 -1
Result 0 3.0 493 0.49 0.09 0.19 0.24 0.20 0.28 -1 -1 -1 -1 -1
Evo 4356.03 -33896.94 3.12 -96.66 3.05 3.10 3.11 1573.56 47.10 0.01 0.47 0.52 -1 -1
Result 0 2.0 1115 0.48 0.15 0.21 0.22 0.21 0.22 -1 -1 -1 -1 -1
Evo 5253.48 -1000000.07 2.46 -497.72 2.11 2.11 2.11 22355.14 499.75 0.01 0.40 0.47 -1 -1
Result 0 1.0 2000 0.47 0.18 0.21 0.20 0.21 0.19 -1 -1 -1 -1 -1
Evo 5329.02 -1000000.15 1.51 -504.41 1.11 1.11 1.11 22356.47 499.78 0.01 0.48 0.51 -1 -1
Result 0 1.0 2000 0.47 0.20 0.20 0.20 0.21 0.19 -1 -1 -1 -1 -1
Evo 5341.86 -999999.56 2.48 -497.67 2.11 2.11 2.11 22355.13 499.75 0.01 0.47 0.50 -1 -1
Result 0 2.0 2000 0.45 0.20 0.22 0.19 0.19 0.20 -1 -1 -1 -1 -1
Evo 4993.66 -11110.74 2.32 -12.22 2.10 2.11 2.11 369.45 10.20 0.01 0.46 0.49 -1 -1
Result 0 1.0 1311 0.46 0.19 0.21 0.20 0.20 0.20 -1 -1 -1 -1 -1
Evo 5332.76 -1000000.20 0.77 -499.61 0.11 0.11 0.11 22355.10 499.75 0.01 0.41 0.45 -1 -1
Result 0 0.0 2000 0.46 0.20 0.20 0.20 0.22 0.19 -1 -1 -1 -1 -1
Evo 5375.31 -999999.61 2.15 -523.46 2.11 2.11 2.11 22360.94 499.88 0.01 0.43 0.48 -1 -1
Result 0 2.0 2000 0.47 0.19 0.21 0.20 0.20 0.20 -1 -1 -1 -1 -1
Evo 5240.54 -999999.51 1.59 -498.63 1.11 1.11 1.11 22355.11 499.75 0.01 0.49 0.52 -1 -1
Result 0 1.0 2000 0.47 0.19 0.20 0.20 0.20 0.20 -1 -1 -1 -1 -1
Evo 5328.39 -1000000.21 2.51 -497.66 2.11 2.11 2.11 22355.14 499.75 0.01 0.37 0.43 -1 -1
Result 0 2.0 2000 0.45 0.20 0.21 0.19 0.21 0.19 -1 -1 -1 -1 -1
Evo 4318.93 -18950.64 2.22 -162.13 2.05 2.09 2.11 1458.83 43.95 0.01 0.50 0.52 -1 -1
Result 0 1.0 1101 0.49 0.14 0.21 0.23 0.20 0.22 -1 -1 -1 -1 -1
Evo 5295.34 -999999.41 1.63 -536.45 1.11 1.11 1.11 22375.87 500.21 0.01 0.43 0.50 -1 -1
Result 0 1.0 2000 0.45 0.21 0.21 0.18 0.21 0.19 -1 -1 -1 -1 -1
Evo 5273.10 -1000000.03 0.67 -499.61 0.11 0.11 0.11 22355.10 499.75 0.01 0.42 0.47 -1 -1
Result 0 0.0 2000 0.46 0.19 0.20 0.21 0.21 0.19 -1 -1 -1 -1 -1
Evo 5160.29 -999999.44 1.11 -499.10 0.11 0.62 1.11 22355.09 499.75 0.01 0.48 0.53 -1 -1
Result 0 1.0 2000 0.45 0.20 0.21 0.20 0.19 0.20 -1 -1 -1 -1 -1
Evo 5242.81 -999999.61 2.32 -497.75 2.11 2.11 2.11 22355.13 499.75 0.01 0.47 0.53 -1 -1
Result 0 2.0 2000 0.46 0.20 0.20 0.20 0.19 0.21 -1 -1 -1 -1 -1
Evo 5306.75 -1000000.26 1.11 -499.35 0.11 0.11 1.11 22355.11 499.75 0.01 0.51 0.55 -1 -1
Result 0 1.0 2000 0.46 0.20 0.21 0.19 0.19 0.20 -1 -1 -1 -1 -1
Evo 5115.72 -999999.47 1.11 -499.52 0.11 0.11 0.11 22355.09 499.75 0.01 0.46 0.51 -1 -1
Result 0 1.0 2000 0.48 0.19 0.19 0.21 0.20 0.20 -1 -1 -1 -1 -1
Evo 5229.29 -1000000.32 1.23 -527.36 1.11 1.11 1.11 22361.88 499.90 0.01 0.50 0.54 -1 -1
Result 0 1.0 2000 0.46 0.20 0.19 0.19 0.22 0.19 -1 -1 -1 -1 -1
Evo 5307.67 -999999.99 0.67 -499.61 0.11 0.11 0.11 22355.09 499.75 0.01 0.40 0.45 -1 -1
Result 0 0.0 2000 0.46 0.19 0.20 0.20 0.21 0.19 -1 -1 -1 -1 -1
Evo 5244.11 -999999.71 1.11 -498.91 0.47 1.11 1.11 22355.10 499.75 0.01 0.56 0.58 -1 -1
Result 0 1.0 2000 0.47 0.20 0.19 0.20 0.19 0.21 -1 -1 -1 -1 -1
Evo 5232.53 -999999.76 1.11 -499.53 0.11 0.11 0.11 22355.09 499.75 0.01 0.46 0.52 -1 -1
Result 0 1.0 2000 0.46 0.20 0.20 0.20 0.20 0.20 -1 -1 -1 -1 -1
Evo 5316.17 -999999.72 1.11 -498.91 0.49 1.11 1.11 22355.10 499.75 0.01 0.47 0.53 -1 -1
Result 0 1.0 2000 0.46 0.19 0.21 0.20 0.20 0.19 -1 -1 -1 -1 -1
Evo 5287.66 -999999.96 1.11 -499.12 0.11 0.58 1.11 22355.10 499.75 0.01 0.54 0.56 -1 -1
Result 0 1.0 2000 0.46 0.20 0.20 0.20 0.20 0.20 -1 -1 -1 -1 -1
Evo 5346.46 -999999.48 1.11 -499.03 0.11 1.11 1.11 22355.10 499.75 0.01 0.46 0.54 -1 -1
Result 0 1.0 2000 0.45 0.23 0.19 0.19 0.19 0.21 -1 -1 -1 -1 -1
Evo 5197.83 -999999.94 2.11 -499.37 0.11 0.11 0.11 22355.10 499.75 0.01 0.50 0.53 -1 -1
Result 0 2.0 2000 0.46 0.19 0.21 0.21 0.20 0.20 -1 -1 -1 -1 -1
Evo 5240.69 -999999.63 1.11 -499.32 0.11 0.11 1.11 22355.09 499.75 0.01 0.53 0.56 -1 -1
Result 0 1.0 2000 0.45 0.21 0.19 0.21 0.18 0.21 -1 -1 -1 -1 -1
Evo 5134.88 -1000000.23 1.11 -499.20 0.11 0.28 1.11 22355.11 499.75 0.01 0.47 0.52 -1 -1
Result 0 1.0 2000 0.47 0.19 0.19 0.19 0.21 0.21 -1 -1 -1 -1 -1
Evo 5097.02 -999999.48 0.65 -499.59 0.11 0.11 0.11 22355.08 499.75 0.01 0.36 0.44 -1 -1
Result 0 0.0 2000 0.47 0.20 0.20 0.19 0.21 0.19 -1 -1 -1 -1 -1
Evo 5146.25 -999999.46 0.65 -499.60 0.11 0.11 0.11 22355.08 499.75 0.01 0.30 0.34 -1 -1
Result 0 0.0 2000 0.46 0.20 0.21 0.20 0.19 0.20 -1 -1 -1 -1 -1
Evo 5280.63 -11127.36 1.86 -14.33 1.11 1.11 1.11 308.48 6.93 0.01 0.53 0.56 -1 -1
Result 0 0.0 1978 0.45 0.19 0.21 0.19 0.22 0.20 -1 -1 -1 -1 -1
Evo 5297.09 -999999.70 0.67 -499.61 0.11 0.11 0.11 22355.09 499.75 0.01 0.27 0.36 -1 -1
Result 0 0.0 2000 0.47 0.19 0.20 0.21 0.20 0.20 -1 -1 -1 -1 -1
Evo 5134.94 -1000000.12 1.11 -498.96 0.31 1.11 1.11 22355.11 499.75 0.01 0.44 0.50 -1 -1
Result 0 1.0 2000 0.45 0.20 0.20 0.18 0.21 0.21 -1 -1 -1 -1 -1
Evo 4723.16 -37499.45 1.19 -208.75 1.07 1.10 1.11 1939.90 46.12 0.01 0.46 0.48 -1 -1
Result 0 3.0 1768 0.48 0.13 0.20 0.23 0.21 0.23 -1 -1 -1 -1 -1
Evo 5191.55 -999999.99 2.17 -1016.37 2.11 2.11 2.11 22656.88 506.50 0.01 0.14 0.16 -1 -1
Result 0 2.0 2000 0.46 0.19 0.21 0.20 0.21 0.20 -1 -1 -1 -1 -1
Evo 5317.68 -1000000.31 1.42 -642.58 1.11 1.11 1.11 22452.49 501.93 0.01 0.28 0.30 -1 -1
Result 0 1.0 2000 0.46 0.19 0.21 0.19 0.20 0.20 -1 -1 -1 -1 -1
Evo 5378.76 -1000000.30 2.19 -1091.06 2.11 2.11 2.11 22727.37 508.07 0.01 0.26 0.30 -1 -1
Result 0 2.0 2000 0.46 0.21 0.21 0.20 0.19 0.18 -1 -1 -1 -1 -1
Evo 5358.99 -1000000.10 1.22 -971.51 1.11 1.11 1.11 22607.09 505.38 0.01 0.45 0.48 -1 -1
Result 0 1.0 2000 0.47 0.21 0.21 0.18 0.21 0.20 -1 -1 -1 -1 -1
Evo 5344.63 -1000000.06 1.16 -604.97 1.11 1.11 1.11 22388.29 500.49 0.01 0.20 0.23 -1 -1
Result 0 1.0 2000 0.46 0.21 0.20 0.19 0.20 0.19 -1 -1 -1 -1 -1
Evo 5291.05 -999999.77 2.15 -1192.62 2.11 2.11 2.11 22903.72 512.01 0.01 0.30 0.33 -1 -1
Result 0 2.0 2000 0.46 0.21 0.21 0.20 0.19 0.19 -1 -1 -1 -1 -1
Evo 74.30 -199358.10 1.44 -4183.39 -817.77 0.50 0.67 17096.23 1330.94 0.04 0.08 0.12 -1 -1
Result 0 0.0 164 0.43 0.22 0.21 0.21 0.20 0.16 -1 -1 -1 -1 -1
Evo 5255.52 -1000000.29 2.15 -738.34 2.11 2.11 2.11 22440.71 501.66 0.01 0.29 0.34 -1 -1
Result 0 2.0 2000 0.46 0.19 0.22 0.19 0.20 0.19 -1 -1 -1 -1 -1
Evo 5353.84 -1000000.06 1.25 -710.20 1.11 1.11 1.11 22468.66 502.29 0.01 0.39 0.43 -1 -1
Result 0 1.0 2000 0.46 0.21 0.20 0.20 0.19 0.20 -1 -1 -1 -1 -1
Evo 5400.65 -1000000.18 3.15 -541.79 3.11 3.11 3.11 22387.84 500.48 0.01 0.47 0.52 -1 -1
Result 0 3.0 2000 0.46 0.19 0.22 0.20 0.19 0.20 -1 -1 -1 -1 -1
Evo 5279.23 -999999.92 1.21 -824.07 1.11 1.11 1.11 22549.64 504.10 0.01 0.30 0.37 -1 -1
Result 0 2.0 2000 0.46 0.20 0.22 0.19 0.20 0.19 -1 -1 -1 -1 -1
Evo 5354.39 -999999.49 1.49 -658.14 1.11 1.11 1.11 22462.12 502.14 0.01 0.35 0.39 -1 -1
Result 0 1.0 2000 0.46 0.21 0.22 0.20 0.19 0.18 -1 -1 -1 -1 -1
Evo 5409.62 -999999.69 1.16 -1060.30 1.11 1.11 1.11 22718.12 507.87 0.01 0.17 0.21 -1 -1
Result 0 1.0 2000 0.46 0.21 0.20 0.19 0.20 0.20 -1 -1 -1 -1 -1
Evo 4338.59 -76921.98 2.11 -455.12 1.09 1.43 2.07 3727.11 97.14 0.01 0.50 0.54 -1 -1
Result 0 4.0 1471 0.49 0.06 0.23 0.23 0.24 0.24 -1 -1 -1 -1 -1
Evo 4795.06 -33897.64 3.61 -165.80 3.09 3.11 3.11 1907.61 55.99 0.01 0.41 0.44 -1 -1
Result 0 2.0 1160 0.47 0.20 0.18 0.20 0.20 0.21 -1 -1 -1 -1 -1
Evo 2919.33 -55555.02 3.11 -1580.20 0.61 1.09 2.05 7035.35 309.12 0.02 0.37 0.42 -1 -1
Result 0 2.0 517 0.49 0.11 0.20 0.23 0.21 0.25 -1 -1 -1 -1 -1
Evo 5437.42 -1000000.33 2.26 -607.60 2.11 2.11 2.11 22421.40 501.23 0.01 0.18 0.20 -1 -1
Result 0 2.0 2000 0.45 0.21 0.21 0.19 0.22 0.18 -1 -1 -1 -1 -1
Evo 5175.78 -999999.95 3.27 -650.42 3.10 3.11 3.11 22460.94 502.12 0.01 0.34 0.37 -1 -1
Result 0 3.0 2000 0.47 0.18 0.20 0.21 0.20 0.21 -1 -1 -1 -1 -1
Evo 3914.17 -41665.99 2.26 -417.93 1.55 2.09 2.10 3217.08 124.19 0.01 0.40 0.47 -1 -1
Result 0 4.0 670 0.48 0.10 0.21 0.23 0.22 0.24 -1 -1 -1 -1 -1
Evo 5239.60 -999999.77 0.73 -499.60 0.11 0.11 0.11 22355.09 499.75 0.01 0.42 0.47 -1 -1
Result 0 0.0 2000 0.46 0.21 0.19 0.21 0.18 0.20 -1 -1 -1 -1 -1
Evo 5373.94 -999999.90 1.36 -498.67 1.11 1.11 1.11 22355.11 499.75 0.01 0.32 0.35 -1 -1
Result 0 1.0 2000 0.46 0.20 0.20 0.19 0.20 0.20 -1 -1 -1 -1 -1
Evo 4802.53 -4405.06 1.24 -2.53 1.09 1.11 1.11 125.02 3.55 0.01 0.63 0.68 -1 -1
Result 0 0.0 1241 0.48 0.16 0.21 0.22 0.21 0.20 -1 -1 -1 -1 -1
Evo 5200.45 -999999.62 0.67 -499.60 0.11 0.11 0.11 22355.09 499.75 0.01 0.46 0.49 -1 -1
Result 0 0.0 2000 0.47 0.21 0.20 0.18 0.20 0.20 -1 -1 -1 -1 -1
Evo 5221.43 -999999.57 1.51 -498.65 1.10 1.11 1.11 22355.11 499.75 0.01 0.59 0.66 -1 -1
Result 0 0.0 2000 0.48 0.15 0.21 0.21 0.21 0.22 -1 -1 -1 -1 -1
Evo 5310.55 -1000000.00 1.64 -510.86 1.09 1.10 1.11 22361.49 499.89 0.01 0.68 0.69 -1 -1
Result 0 0.0 2000 0.48 0.11 0.21 0.22 0.22 0.23 -1 -1 -1 -1 -1
Evo 5189.75 -999999.40 1.11 -499.58 0.11 0.11 0.11 22355.08 499.75 0.01 0.61 0.66 -1 -1
Result 0 1.0 2000 0.46 0.20 0.21 0.20 0.20 0.20 -1 -1 -1 -1 -1
Evo 5273.63 -999999.57 0.77 -499.61 0.11 0.11 0.11 22355.09 499.75 0.01 0.53 0.66 -1 -1
Result 0 0.0 2000 0.46 0.20 0.21 0.20 0.19 0.20 -1 -1 -1 -1 -1
Evo 5198.46 -999999.97 1.50 -498.65 1.10 1.11 1.11 22355.12 499.75 0.01 0.65 0.69 -1 -1
Result 0 1.0 2000 0.47 0.15 0.21 0.22 0.21 0.21 -1 -1 -1 -1 -1
Evo 5378.83 -999999.86 1.33 -498.68 1.11 1.11 1.11 22355.11 499.75 0.01 0.55 0.62 -1 -1
Result 0 1.0 2000 0.46 0.20 0.21 0.20 0.19 0.20 -1 -1 -1 -1 -1
Evo 5272.93 -1000000.19 2.25 -502.71 2.11 2.11 2.11 22355.65 499.76 0.01 0.44 0.52 -1 -1
Result 0 2.0 2000 0.46 0.20 0.21 0.21 0.19 0.20 -1 -1 -1 -1 -1
Evo 5363.28 -999999.53 2.34 -505.78 2.11 2.11 2.11 22357.85 499.81 0.01 0.51 0.61 -1 -1
Result 0 2.0 2000 0.47 0.22 0.20 0.19 0.21 0.18 -1 -1 -1 -1 -1
Evo 5230.34 -999999.86 1.52 -498.65 1.09 1.10 1.11 22355.11 499.75 0.01 0.65 0.69 -1 -1
Result 0 1.0 2000 0.48 0.11 0.22 0.23 0.22 0.22 -1 -1 -1 -1 -1
Evo 5243.43 -999999.63 1.51 -549.49 1.09 1.10 1.11 22395.10 500.64 0.01 0.68 0.69 -1 -1
Result 0 0.0 2000 0.48 0.11 0.22 0.23 0.22 0.22 -1 -1 -1 -1 -1
Evo 5126.87 0.48 2.26 2.00 2.11 2.11 2.11 0.37 0.01 0.01 0.65 0.69 -1 -1
Result 0 2.0 1648 0.47 0.18 0.18 0.21 0.21 0.22 -1 -1 -1 -1 -1
Evo 5274.08 -999999.98 1.54 -498.65 1.09 1.10 1.11 22355.12 499.75 0.01 0.68 0.69 -1 -1
Result 0 0.0 2000 0.49 0.09 0.23 0.24 0.22 0.23 -1 -1 -1 -1 -1
Evo 5307.60 -1000000.31 0.70 -499.61 0.11 0.11 0.11 22355.10 499.75 0.01 0.66 0.69 -1 -1
Result 0 0.0 2000 0.48 0.19 0.20 0.19 0.20 0.22 -1 -1 -1 -1 -1
Evo 5170.23 -1000000.37 1.55 -498.63 1.09 1.10 1.11 22355.12 499.75 0.01 0.69 0.69 -1 -1
Result 0 0.0 2000 0.48 0.11 0.22 0.22 0.23 0.22 -1 -1 -1 -1 -1
Evo 5384.84 -999999.64 0.69 -499.61 0.11 0.11 0.11 22355.09 499.75 0.01 0.29 0.34 -1 -1
Result 0 0.0 2000 0.48 0.19 0.20 0.19 0.22 0.20 -1 -1 -1 -1 -1
Evo 5285.13 -999999.39 0.67 -499.60 0.11 0.11 0.11 22355.08 499.75 0.01 0.66 0.69 -1 -1
Result 0 0.0 2000 0.47 0.20 0.21 0.19 0.19 0.21 -1 -1 -1 -1 -1
Evo 5173.48 -1000000.33 1.52 -599.94 1.11 1.11 1.11 22388.21 500.49 0.01 0.40 0.55 -1 -1
Result 0 1.0 2000 0.45 0.19 0.21 0.19 0.18 0.23 -1 -1 -1 -1 -1
Evo 4333.55 -22987.88 2.43 -343.01 1.64 2.10 2.11 2620.48 96.92 0.01 0.44 0.56 -1 -1
Result 0 1.0 730 0.46 0.13 0.23 0.21 0.19 0.23 -1 -1 -1 -1 -1
Evo 5074.81 0.11 2.05 0.32 0.11 0.11 0.43 0.37 0.01 0.01 0.55 0.62 -1 -1
Result 0 1.0 1913 0.47 0.16 0.19 0.21 0.23 0.21 -1 -1 -1 -1 -1
Evo 3646.91 -18691.24 2.11 -114.68 0.60 2.07 2.11 1138.53 43.60 0.01 0.52 0.60 -1 -1
Result 0 1.0 681 0.48 0.13 0.21 0.22 0.21 0.24 -1 -1 -1 -1 -1
Evo 5042.80 -5524.49 2.15 -1.44 2.11 2.11 2.11 136.34 3.36 0.01 0.56 0.63 -1 -1
Result 0 2.0 1642 0.46 0.18 0.21 0.20 0.20 0.21 -1 -1 -1 -1 -1
Evo 5118.37 -47618.42 3.05 -123.39 2.10 2.11 2.11 1972.91 46.23 0.01 0.59 0.62 -1 -1
Result 0 2.0 1820 0.47 0.13 0.21 0.21 0.22 0.22 -1 -1 -1 -1 -1
Evo 5188.82 -999999.60 1.17 -591.08 1.10 1.11 1.11 22397.96 500.71 0.01 0.56 0.59 -1 -1
Result 0 1.0 2000 0.48 0.16 0.21 0.21 0.22 0.21 -1 -1 -1 -1 -1
Evo 3455.68 -13157.41 4.15 -102.01 1.22 4.09 4.11 1036.40 41.16 0.01 0.48 0.60 -1 -1
Result 0 3.0 633 0.48 0.17 0.21 0.20 0.20 0.23 -1 -1 -1 -1 -1
Evo 5309.33 -999999.49 3.21 -496.83 3.11 3.11 3.11 22355.15 499.75 0.01 0.58 0.62 -1 -1
Result 0 3.0 2000 0.45 0.20 0.21 0.19 0.20 0.20 -1 -1 -1 -1 -1
Evo 4114.96 -41884.19 2.15 -478.07 1.04 2.10 2.11 2964.71 112.06 0.01 0.41 0.56 -1 -1
Result 0 1.0 699 0.49 0.16 0.22 0.19 0.20 0.23 -1 -1 -1 -1 -1
Evo 2947.01 -26315.21 4.39 -266.86 1.39 3.07 3.10 2006.23 93.54 0.02 0.41 0.56 -1 -1
Result 0 2.0 459 0.44 0.13 0.20 0.22 0.18 0.28 -1 -1 -1 -1 -1
Evo 4935.68 -999999.72 2.20 -525.45 2.07 2.10 2.10 22358.49 499.83 0.01 0.60 0.62 -1 -1
Result 0 2.0 2000 0.49 0.07 0.24 0.23 0.22 0.24 -1 -1 -1 -1 -1
Evo 5079.91 -1000000.26 1.11 -498.87 0.60 1.09 1.10 22355.12 499.75 0.01 0.60 0.62 -1 -1
Result 0 1.0 2000 0.49 0.07 0.23 0.24 0.22 0.24 -1 -1 -1 -1 -1
Evo 2554.64 -21504.90 4.15 -179.24 0.55 4.05 4.11 1607.70 75.70 0.02 0.43 0.59 -1 -1
Result 0 3.0 450 0.44 0.19 0.20 0.21 0.18 0.23 -1 -1 -1 -1 -1
Evo 758.18 -15999.61 3.05 -132.72 0.46 0.55 0.85 1181.97 74.46 0.03 0.31 0.47 -1 -1
Result 0 2.0 251 0.48 0.20 0.16 0.22 0.16 0.25 -1 -1 -1 -1 -1
Evo 4879.10 -32608.35 3.10 -75.84 1.10 2.07 2.10 1057.78 24.89 0.01 0.62 0.63 -1 -1
Result 0 3.0 1805 0.49 0.05 0.24 0.23 0.23 0.24 -1 -1 -1 -1 -1
Evo 119.92 -123747.91 1.69 -1137.51 0.37 0.48 0.58 9614.78 704.99 0.04 0.22 0.46 -1 -1
Result 0 0.0 185 0.49 0.23 0.20 0.12 0.22 0.23 -1 -1 -1 -1 -1
Evo 4714.83 -19606.37 4.16 -72.15 4.11 4.11 4.11 988.47 31.89 0.01 0.43 0.60 -1 -1
Result 0 3.0 960 0.47 0.21 0.21 0.20 0.18 0.20 -1 -1 -1 -1 -1
Evo 5064.69 -1000000.10 1.37 -630.08 1.09 1.10 1.10 22403.23 500.83 0.01 0.59 0.61 -1 -1
Result 0 1.0 2000 0.50 0.04 0.23 0.25 0.23 0.25 -1 -1 -1 -1 -1
Evo 4950.42 -7999.68 3.11 -13.29 2.07 2.10 2.10 319.43 8.08 0.01 0.62 0.63 -1 -1
Result 0 2.0 1561 0.50 0.04 0.22 0.25 0.23 0.25 -1 -1 -1 -1 -1
