Evo 6.72 -999999.35 -972707.27 -991130.38 -997457.07 -992983.58 -985955.60 7070.64 790.52 0.08 0.05 0.14 -1 -1
Result 0 -1.0 79 0.41 0.18 0.20 0.29 0.15 0.19 -1 -1 -1 -1 -1
Evo 5.91 -999999.41 -937718.33 -977438.00 -994659.13 -988916.66 -957528.04 21402.78 2392.90 0.08 0.04 0.10 -1 -1
Result 0 -1.0 79 0.49 0.15 0.24 0.25 0.20 0.16 -1 -1 -1 -1 -1
Evo 10.70 -999999.36 -977151.70 -991684.99 -996432.05 -992235.23 -987210.09 5721.01 639.63 0.08 0.04 0.13 -1 -1
Result 0 -1.0 79 0.44 0.24 0.18 0.26 0.18 0.15 -1 -1 -1 -1 -1
Evo 6.65 -999999.00 -942495.18 -979624.98 -994557.31 -986537.20 -965106.65 17121.21 1914.21 0.08 0.04 0.16 -1 -1
Result 0 -1.0 79 0.41 0.16 0.30 0.19 0.15 0.20 -1 -1 -1 -1 -1
Evo 14.33 -999999.37 -962827.40 -990255.50 -996083.00 -992386.34 -985746.12 7983.37 892.57 0.08 0.06 0.16 -1 -1
Result 0 -1.0 79 0.35 0.15 0.20 0.28 0.11 0.26 -1 -1 -1 -1 -1
Evo 2.81 -999998.99 -951600.24 -975766.41 -985460.01 -975508.63 -965740.71 12558.56 1404.09 0.08 0.08 0.19 -1 -1
Result 0 -1.0 79 0.45 0.18 0.16 0.20 0.19 0.28 -1 -1 -1 -1 -1
Evo 14.90 -999999.66 -969801.77 -990950.80 -996055.27 -992832.28 -989405.84 6979.12 780.29 0.08 0.03 0.10 -1 -1
Result 0 -1.0 79 0.48 0.10 0.11 0.41 0.23 0.15 -1 -1 -1 -1 -1
Evo 4.13 -999998.93 -903193.90 -962907.56 -993184.39 -982504.10 -930384.22 33122.58 3703.22 0.08 0.06 0.14 -1 -1
Result 0 -1.0 79 0.44 0.21 0.18 0.28 0.14 0.20 -1 -1 -1 -1 -1
Evo 3.65 -999999.11 -947382.47 -984455.09 -996077.95 -990797.59 -978317.50 15588.81 1742.88 0.08 0.04 0.13 -1 -1
Result 0 -1.0 79 0.47 0.14 0.13 0.36 0.16 0.21 -1 -1 -1 -1 -1
Evo 5.23 -999999.04 -892326.53 -946439.40 -984867.54 -949863.24 -905816.12 39816.69 4451.64 0.08 0.07 0.16 -1 -1
Result 0 -1.0 79 0.41 0.20 0.23 0.24 0.19 0.15 -1 -1 -1 -1 -1
Evo 2.82 -999998.92 -926926.27 -978148.57 -994714.99 -985155.97 -966099.74 20185.65 2256.82 0.08 0.05 0.15 -1 -1
Result 0 -1.0 79 0.51 0.19 0.26 0.19 0.18 0.19 -1 -1 -1 -1 -1
Evo 3.80 -999999.54 -953686.48 -984181.63 -997394.83 -989132.19 -973661.08 13801.62 1543.07 0.08 0.05 0.16 -1 -1
Result 0 -1.0 79 0.35 0.23 0.11 0.24 0.21 0.21 -1 -1 -1 -1 -1
Evo 6.41 -999999.23 -962595.02 -987746.85 -995201.53 -991505.40 -982528.83 9783.29 1093.81 0.08 0.06 0.17 -1 -1
Result 0 -1.0 79 0.43 0.09 0.16 0.31 0.20 0.24 -1 -1 -1 -1 -1
Evo 3.81 -999998.84 -967913.17 -984484.78 -991113.41 -986792.75 -977156.06 9197.55 1028.32 0.08 0.03 0.13 -1 -1
Result 0 -1.0 79 0.38 0.18 0.13 0.30 0.24 0.16 -1 -1 -1 -1 -1
Evo 3.82 -999999.21 -941965.60 -971212.95 -981466.09 -975671.05 -960173.77 15014.26 1678.65 0.08 0.07 0.17 -1 -1
Result 0 -1.0 79 0.45 0.18 0.30 0.14 0.19 0.20 -1 -1 -1 -1 -1
Evo 4.47 -999999.34 -960251.80 -985942.43 -993908.58 -990048.88 -982092.23 11409.69 1275.64 0.08 0.05 0.13 -1 -1
Result 0 -1.0 79 0.48 0.11 0.23 0.33 0.16 0.18 -1 -1 -1 -1 -1
Evo 10.80 -999999.45 -942971.53 -983671.45 -996002.33 -992113.85 -977762.11 17832.76 1993.76 0.08 0.05 0.16 -1 -1
Result 0 -1.0 79 0.47 0.09 0.19 0.21 0.30 0.21 -1 -1 -1 -1 -1
Evo 15.15 -999999.41 -983605.91 -993645.83 -997170.91 -993791.99 -991658.51 3879.31 433.72 0.08 0.02 0.11 -1 -1
Result 0 -1.0 79 0.38 0.18 0.13 0.41 0.16 0.13 -1 -1 -1 -1 -1
Evo 2.57 -999999.73 -941493.51 -981145.16 -994808.41 -986556.97 -968813.74 16125.47 1802.88 0.08 0.06 0.19 -1 -1
Result 0 -1.0 79 0.47 0.18 0.21 0.24 0.16 0.21 -1 -1 -1 -1 -1
Evo 7.15 -999999.10 -959693.00 -988276.62 -994767.33 -991379.72 -985706.08 10084.72 1127.51 0.08 0.04 0.11 -1 -1
Result 0 -1.0 79 0.48 0.14 0.13 0.36 0.15 0.23 -1 -1 -1 -1 -1
Evo 2.90 -999999.07 -972662.99 -980598.39 -984903.95 -978146.05 -975284.22 7326.62 819.14 0.08 0.04 0.12 -1 -1
Result 0 -1.0 79 0.51 0.18 0.19 0.15 0.21 0.28 -1 -1 -1 -1 -1
Evo 6.63 -999999.03 -976172.33 -988832.65 -993651.65 -988854.65 -985005.54 6214.02 694.75 0.08 0.09 0.28 -1 -1
Result 0 -1.0 79 0.48 0.09 0.23 0.33 0.19 0.18 -1 -1 -1 -1 -1
Evo 7.35 -999999.60 -948134.34 -987391.31 -994340.41 -989940.73 -983564.66 10473.53 1170.98 0.08 0.06 0.19 -1 -1
Result 0 -1.0 79 0.41 0.21 0.24 0.23 0.15 0.18 -1 -1 -1 -1 -1
Evo 3.58 -999999.54 -973980.03 -982250.63 -986308.63 -979307.02 -977196.28 7149.17 799.30 0.08 0.04 0.12 -1 -1
Result 0 -1.0 79 0.46 0.20 0.21 0.23 0.16 0.20 -1 -1 -1 -1 -1
Evo 7.35 -999999.11 -950653.62 -982429.54 -993337.80 -983443.50 -973515.33 12161.63 1359.71 0.08 0.09 0.33 -1 -1
Result 0 -1.0 79 0.47 0.13 0.11 0.36 0.19 0.21 -1 -1 -1 -1 -1
Evo 24.09 -999999.51 -963350.22 -989134.58 -995205.23 -992138.00 -984710.89 8759.17 979.31 0.08 0.07 0.25 -1 -1
Result 0 -1.0 79 0.39 0.15 0.16 0.34 0.14 0.21 -1 -1 -1 -1 -1
Evo 11.80 -999999.66 -965287.69 -988418.05 -995162.13 -992573.92 -984534.42 9290.63 1038.72 0.08 0.10 0.39 -1 -1
Result 0 -1.0 79 0.35 0.10 0.11 0.45 0.15 0.19 -1 -1 -1 -1 -1
Evo 5.56 -999999.25 -946842.56 -983471.29 -993042.40 -988602.73 -975758.70 13656.38 1526.83 0.08 0.10 0.34 -1 -1
Result 0 -1.0 79 0.39 0.11 0.18 0.39 0.14 0.19 -1 -1 -1 -1 -1
Evo 5.08 -999998.90 -937134.11 -974053.85 -987774.13 -977242.30 -964398.90 17578.26 1965.31 0.08 0.04 0.12 -1 -1
Result 0 -1.0 79 0.33 0.21 0.21 0.24 0.10 0.24 -1 -1 -1 -1 -1
Evo 3.67 -999999.49 -901480.51 -959497.79 -995853.71 -975399.40 -920049.88 37420.75 4183.77 0.08 0.07 0.21 -1 -1
Result 0 -1.0 79 0.45 0.23 0.24 0.21 0.19 0.14 -1 -1 -1 -1 -1
Evo 4.44 -999998.94 -965210.79 -983319.87 -991974.35 -985239.46 -974240.05 10078.65 1126.83 0.08 0.05 0.17 -1 -1
Result 0 -1.0 79 0.41 0.16 0.15 0.25 0.24 0.20 -1 -1 -1 -1 -1
Evo 3.72 -999999.43 -942543.84 -973521.02 -990180.24 -972695.04 -960786.72 17478.37 1954.14 0.08 0.04 0.12 -1 -1
Result 0 -1.0 79 0.46 0.13 0.23 0.23 0.20 0.23 -1 -1 -1 -1 -1
Evo 3.81 -999998.87 -947269.35 -978305.50 -992871.04 -980048.62 -966698.84 16063.55 1795.96 0.08 0.04 0.10 -1 -1
Result 0 -1.0 79 0.44 0.24 0.20 0.18 0.18 0.21 -1 -1 -1 -1 -1
Evo 6.81 -999999.00 -951557.47 -987504.81 -995081.98 -989441.36 -983884.10 10244.83 1145.41 0.08 0.09 0.31 -1 -1
Result 0 -1.0 79 0.33 0.18 0.20 0.31 0.21 0.10 -1 -1 -1 -1 -1
Evo 5.72 -999999.67 -948986.88 -983515.21 -994625.82 -989770.06 -977599.49 14960.68 1672.66 0.08 0.08 0.22 -1 -1
Result 0 -1.0 79 0.47 0.11 0.21 0.26 0.21 0.20 -1 -1 -1 -1 -1
Evo 5.14 -999999.09 -938591.74 -985394.07 -994418.33 -990627.29 -983454.31 14292.23 1597.92 0.08 0.09 0.33 -1 -1
Result 0 -1.0 79 0.45 0.10 0.19 0.34 0.19 0.19 -1 -1 -1 -1 -1
Evo 4.05 -999998.98 -959457.47 -986031.99 -995003.42 -989047.81 -981235.67 11315.74 1265.14 0.08 0.09 0.27 -1 -1
Result 0 -1.0 79 0.47 0.13 0.21 0.29 0.20 0.18 -1 -1 -1 -1 -1
Evo 6.82 -999999.23 -951086.21 -986953.43 -994017.48 -990595.20 -983498.27 11492.76 1284.93 0.08 0.09 0.31 -1 -1
Result 0 -1.0 79 0.47 0.11 0.16 0.34 0.21 0.18 -1 -1 -1 -1 -1
Evo 4.95 -999999.76 -974598.61 -989982.19 -993838.13 -990623.23 -987291.00 5772.04 645.33 0.08 0.10 0.41 -1 -1
Result 0 -1.0 79 0.39 0.18 0.14 0.43 0.11 0.15 -1 -1 -1 -1 -1
Evo 5.24 -999999.77 -966157.99 -984443.24 -993473.72 -987723.11 -974457.17 10659.95 1191.82 0.08 0.07 0.19 -1 -1
Result 0 -1.0 79 0.44 0.21 0.15 0.21 0.25 0.18 -1 -1 -1 -1 -1
Evo 10.46 -999999.65 -945637.83 -986724.00 -995284.75 -990417.51 -984165.05 12785.24 1429.43 0.08 0.06 0.15 -1 -1
Result 0 -1.0 79 0.52 0.11 0.16 0.24 0.29 0.20 -1 -1 -1 -1 -1
Evo 2.76 -999999.11 -926316.06 -972413.16 -994811.73 -988186.07 -945061.79 27314.18 3053.82 0.08 0.05 0.14 -1 -1
Result 0 -1.0 79 0.44 0.18 0.18 0.25 0.16 0.24 -1 -1 -1 -1 -1
Evo 11.58 -999999.55 -958186.40 -987812.29 -996162.48 -992755.98 -985487.50 12213.62 1365.52 0.08 0.05 0.13 -1 -1
Result 0 -1.0 79 0.43 0.20 0.13 0.33 0.16 0.19 -1 -1 -1 -1 -1
Evo 9.91 -999999.25 -973214.62 -990610.38 -995619.59 -991942.93 -986926.75 6539.11 731.09 0.08 0.04 0.12 -1 -1
Result 0 -1.0 79 0.44 0.14 0.11 0.36 0.18 0.21 -1 -1 -1 -1 -1
Evo 5.27 -999999.34 -940932.49 -987504.01 -997439.84 -992151.96 -984353.77 14342.46 1603.54 0.08 0.03 0.12 -1 -1
Result 0 -1.0 79 0.41 0.18 0.15 0.34 0.16 0.18 -1 -1 -1 -1 -1
Evo 3.09 -999999.43 -951457.23 -972951.78 -986307.25 -971748.15 -959876.55 14796.81 1654.33 0.08 0.05 0.14 -1 -1
Result 0 -1.0 79 0.38 0.19 0.13 0.26 0.23 0.20 -1 -1 -1 -1 -1
Evo 8.11 -999998.99 -982380.61 -992442.90 -994935.96 -992543.49 -990059.13 4119.69 460.60 0.08 0.04 0.09 -1 -1
Result 0 -1.0 79 0.46 0.10 0.10 0.38 0.23 0.20 -1 -1 -1 -1 -1
Evo 7.89 -999999.23 -922300.39 -970149.42 -994408.43 -981687.18 -942654.28 27899.97 3119.31 0.08 0.06 0.16 -1 -1
Result 0 -1.0 79 0.48 0.15 0.14 0.23 0.23 0.26 -1 -1 -1 -1 -1
Evo 6.75 -999999.40 -938925.51 -979930.92 -993378.12 -984784.52 -968718.30 16095.01 1799.48 0.08 0.05 0.14 -1 -1
Result 0 -1.0 79 0.45 0.16 0.23 0.23 0.20 0.19 -1 -1 -1 -1 -1
Evo 7.52 -999999.10 -978759.21 -991971.75 -995922.66 -992107.07 -988838.02 4883.27 545.97 0.08 0.05 0.13 -1 -1
Result 0 -1.0 79 0.47 0.11 0.21 0.31 0.18 0.19 -1 -1 -1 -1 -1
Evo 6.91 -999999.26 -968777.46 -991392.10 -996676.50 -992775.50 -989038.83 6253.93 699.21 0.08 0.08 0.18 -1 -1
Result 0 -1.0 79 0.33 0.09 0.14 0.34 0.10 0.34 -1 -1 -1 -1 -1
Evo 5.59 -999998.98 -959017.67 -988295.87 -994433.74 -989760.37 -984674.95 8027.91 897.55 0.08 0.04 0.13 -1 -1
Result 0 -1.0 79 0.43 0.13 0.11 0.36 0.16 0.24 -1 -1 -1 -1 -1
Evo 7.44 -999999.11 -962317.93 -985989.45 -994061.68 -988040.98 -979451.08 9738.54 1088.80 0.08 0.04 0.11 -1 -1
Result 0 -1.0 79 0.48 0.14 0.10 0.36 0.18 0.23 -1 -1 -1 -1 -1
Evo 6.16 -999999.72 -971478.83 -985098.62 -991205.37 -983329.14 -980255.94 6896.85 771.09 0.08 0.03 0.12 -1 -1
Result 0 -1.0 79 0.31 0.13 0.09 0.28 0.33 0.19 -1 -1 -1 -1 -1
Evo 6.46 -999999.37 -977752.52 -990626.30 -994414.83 -990696.72 -987594.44 5450.39 609.37 0.08 0.03 0.13 -1 -1
Result 0 -1.0 79 0.41 0.16 0.15 0.31 0.14 0.24 -1 -1 -1 -1 -1
Evo 5.52 -999999.17 -955165.26 -987654.88 -997203.18 -992229.29 -986438.00 12742.84 1424.69 0.08 0.06 0.19 -1 -1
Result 0 -1.0 79 0.41 0.23 0.15 0.18 0.21 0.24 -1 -1 -1 -1 -1
Evo 6.25 -999999.34 -939669.73 -979934.78 -995665.40 -987655.02 -967304.29 19664.22 2198.53 0.08 0.04 0.11 -1 -1
Result 0 -1.0 79 0.43 0.24 0.16 0.29 0.18 0.14 -1 -1 -1 -1 -1
Evo 9.03 -999998.87 -951177.64 -984088.57 -994242.91 -988594.48 -978112.45 12922.89 1444.82 0.08 0.06 0.15 -1 -1
Result 0 -1.0 79 0.41 0.19 0.18 0.25 0.15 0.24 -1 -1 -1 -1 -1
Evo 3.77 -999999.64 -945055.39 -978628.60 -991083.54 -981204.03 -966695.04 15146.95 1693.48 0.08 0.05 0.13 -1 -1
Result 0 -1.0 79 0.39 0.20 0.14 0.20 0.21 0.25 -1 -1 -1 -1 -1
Evo 6.87 -999999.80 -978818.37 -990568.46 -995255.92 -991676.65 -985933.53 5754.05 643.32 0.08 0.06 0.17 -1 -1
Result 0 -1.0 79 0.44 0.10 0.18 0.29 0.20 0.24 -1 -1 -1 -1 -1
Evo 5155.08 0.11 999999.81 614.03 0.11 0.11 0.11 24776.46 613.87 0.01 0.46 0.56 -1 -1
Result 1 1.0 1628 0.47 0.20 0.20 0.18 0.23 0.20 -1 -1 -1 -1 -1
Evo 5168.57 -999999.62 0.65 -499.60 0.11 0.11 0.11 22355.09 499.75 0.01 0.31 0.35 -1 -1
Result 0 0.0 2000 0.46 0.19 0.21 0.20 0.20 0.20 -1 -1 -1 -1 -1
Evo 5319.17 -999999.46 0.65 -499.60 0.11 0.11 0.11 22355.08 499.75 0.01 0.47 0.49 -1 -1
Result 0 0.0 2000 0.47 0.21 0.20 0.20 0.19 0.21 -1 -1 -1 -1 -1
Evo 5195.04 -1000000.29 0.67 -499.60 0.11 0.11 0.11 22355.10 499.75 0.01 0.33 0.36 -1 -1
Result 0 0.0 2000 0.46 0.19 0.20 0.21 0.20 0.20 -1 -1 -1 -1 -1
Evo 5278.09 -1000000.36 0.65 -499.61 0.11 0.11 0.11 22355.10 499.75 0.01 0.32 0.40 -1 -1
Result 0 0.0 2000 0.47 0.19 0.21 0.19 0.21 0.20 -1 -1 -1 -1 -1
Evo 5202.94 -1000000.00 0.65 -499.60 0.11 0.11 0.11 22355.10 499.75 0.01 0.39 0.44 -1 -1
Result 0 0.0 2000 0.46 0.19 0.20 0.21 0.21 0.20 -1 -1 -1 -1 -1
Evo 5064.19 -999999.74 0.65 -499.59 0.11 0.11 0.11 22355.09 499.75 0.01 0.38 0.46 -1 -1
Result 0 0.0 2000 0.46 0.20 0.20 0.20 0.20 0.20 -1 -1 -1 -1 -1
Evo 5163.61 -999999.87 0.65 -499.60 0.11 0.11 0.11 22355.09 499.75 0.01 0.34 0.38 -1 -1
Result 0 0.0 2000 0.47 0.20 0.21 0.20 0.21 0.18 -1 -1 -1 -1 -1
Evo 5190.19 -1000000.03 0.67 -499.60 0.11 0.11 0.11 22355.10 499.75 0.01 0.47 0.51 -1 -1
Result 0 0.0 2000 0.46 0.21 0.21 0.20 0.19 0.20 -1 -1 -1 -1 -1
Evo 5187.66 -999999.55 0.65 -499.60 0.11 0.11 0.11 22355.08 499.75 0.01 0.41 0.44 -1 -1
Result 0 0.0 2000 0.47 0.21 0.20 0.19 0.19 0.20 -1 -1 -1 -1 -1
Evo 5094.88 -999999.93 0.65 -499.59 0.11 0.11 0.11 22355.09 499.75 0.01 0.19 0.25 -1 -1
Result 0 0.0 2000 0.46 0.20 0.19 0.22 0.21 0.18 -1 -1 -1 -1 -1
Evo 5313.87 -1000000.20 0.65 -499.61 0.11 0.11 0.11 22355.10 499.75 0.01 0.49 0.52 -1 -1
Result 0 0.0 2000 0.47 0.19 0.20 0.21 0.18 0.21 -1 -1 -1 -1 -1
Evo 5123.63 -999999.54 0.65 -499.60 0.11 0.11 0.11 22355.08 499.75 0.01 0.41 0.44 -1 -1
Result 0 0.0 2000 0.46 0.21 0.20 0.20 0.19 0.19 -1 -1 -1 -1 -1
Evo 5237.59 -999999.49 0.65 -499.60 0.11 0.11 0.11 22355.08 499.75 0.01 0.17 0.19 -1 -1
Result 0 0.0 2000 0.46 0.20 0.19 0.22 0.21 0.19 -1 -1 -1 -1 -1
Evo 5177.90 -999999.97 0.65 -499.60 0.11 0.11 0.11 22355.09 499.75 0.01 0.41 0.46 -1 -1
Result 0 0.0 2000 0.46 0.21 0.19 0.20 0.20 0.19 -1 -1 -1 -1 -1
Evo 5054.25 0.11 999999.77 609.92 0.11 0.11 0.11 24693.23 609.76 0.01 0.50 0.56 -1 -1
Result 1 1.0 1639 0.47 0.22 0.18 0.18 0.21 0.21 -1 -1 -1 -1 -1
Evo 5159.29 -999999.45 0.67 -499.60 0.11 0.11 0.11 22355.08 499.75 0.01 0.29 0.33 -1 -1
Result 0 0.0 2000 0.44 0.19 0.21 0.21 0.17 0.21 -1 -1 -1 -1 -1
Evo 5200.32 -1000000.23 0.67 -499.60 0.11 0.11 0.11 22355.10 499.75 0.01 0.43 0.48 -1 -1
Result 0 0.0 2000 0.47 0.21 0.21 0.19 0.18 0.21 -1 -1 -1 -1 -1
Evo 5112.52 -999999.95 0.65 -499.60 0.11 0.11 0.11 22355.09 499.75 0.01 0.28 0.31 -1 -1
Result 0 0.0 2000 0.47 0.19 0.20 0.21 0.20 0.21 -1 -1 -1 -1 -1
Evo 5197.98 -999999.46 0.65 -499.60 0.11 0.11 0.11 22355.08 499.75 0.01 0.28 0.32 -1 -1
Result 0 0.0 2000 0.46 0.20 0.20 0.21 0.19 0.20 -1 -1 -1 -1 -1
Evo 71.17 -991440.78 0.67 -216523.86 0.45 0.52 0.57 397213.52 29772.41 0.04 0.10 0.20 -1 -1
Result 0 -1.0 177 0.46 0.25 0.19 0.21 0.11 0.24 -1 -1 -1 -1 -1
Evo 151.70 -996710.08 0.65 -70803.87 0.35 0.48 0.55 253327.28 18987.68 0.04 0.09 0.21 -1 -1
Result 0 -1.0 177 0.44 0.20 0.25 0.16 0.22 0.17 -1 -1 -1 -1 -1
Evo 55.67 -989683.40 0.65 -278705.08 -915330.66 0.54 0.58 429536.85 32195.15 0.04 0.08 0.13 -1 -1
Result 0 -1.0 177 0.44 0.16 0.22 0.21 0.23 0.17 -1 -1 -1 -1 -1
Evo 50.54 -989427.67 0.65 -302406.12 -905905.40 0.55 0.58 436596.78 32724.31 0.04 0.11 0.21 -1 -1
Result 0 -1.0 177 0.48 0.16 0.23 0.21 0.17 0.22 -1 -1 -1 -1 -1
Evo 72.93 -995241.79 0.65 -206415.15 0.44 0.52 0.58 391100.64 29314.23 0.04 0.06 0.12 -1 -1
Result 0 -1.0 177 0.43 0.20 0.17 0.21 0.21 0.21 -1 -1 -1 -1 -1
Evo 89.05 -992513.34 0.65 -166069.89 0.43 0.51 0.56 362931.68 27202.88 0.04 0.07 0.14 -1 -1
Result 0 -1.0 177 0.48 0.14 0.21 0.16 0.26 0.22 -1 -1 -1 -1 -1
Evo 101.75 -993726.13 0.65 -139645.79 0.40 0.50 0.57 338876.80 25399.89 0.04 0.08 0.14 -1 -1
Result 0 -1.0 177 0.44 0.20 0.17 0.24 0.19 0.20 -1 -1 -1 -1 -1
Evo 53.23 -998757.54 0.65 -318664.34 -972895.26 0.55 0.58 459956.18 34475.17 0.04 0.08 0.16 -1 -1
Result 0 -1.0 177 0.47 0.20 0.14 0.24 0.21 0.21 -1 -1 -1 -1 -1
Evo 53.28 -998731.13 0.65 -322477.12 -939238.15 0.53 0.57 453888.94 34020.41 0.04 0.08 0.13 -1 -1
Result 0 -1.0 177 0.43 0.15 0.21 0.23 0.24 0.17 -1 -1 -1 -1 -1
Evo 343.88 -998848.75 0.67 -15621.98 0.35 0.47 0.56 120176.32 9007.60 0.04 0.05 0.11 -1 -1
Result 0 -1.0 177 0.45 0.29 0.24 0.15 0.18 0.15 -1 -1 -1 -1 -1
Evo 78.90 -998021.02 0.65 -170173.51 0.44 0.53 0.58 371903.96 27875.38 0.04 0.06 0.13 -1 -1
Result 0 -1.0 177 0.47 0.20 0.20 0.23 0.20 0.17 -1 -1 -1 -1 -1
Evo 40.24 -998514.69 0.65 -412348.49 -985006.86 0.57 0.60 484902.77 36345.00 0.04 0.05 0.12 -1 -1
Result 0 -1.0 177 0.38 0.16 0.13 0.33 0.16 0.22 -1 -1 -1 -1 -1
Evo 78.47 -999866.86 0.65 -203696.13 0.44 0.51 0.56 399079.86 29912.30 0.04 0.09 0.15 -1 -1
Result 0 -1.0 177 0.48 0.17 0.22 0.24 0.18 0.19 -1 -1 -1 -1 -1
Evo 113.13 -994312.60 0.67 -118669.05 0.39 0.48 0.55 317174.80 23773.26 0.04 0.12 0.22 -1 -1
Result 0 -1.0 177 0.49 0.22 0.19 0.17 0.17 0.24 -1 -1 -1 -1 -1
Evo 66.39 -998333.52 0.65 -227154.83 0.45 0.54 0.58 404059.97 30285.57 0.04 0.08 0.15 -1 -1
Result 0 -1.0 177 0.47 0.22 0.20 0.21 0.16 0.21 -1 -1 -1 -1 -1
Evo 118.60 -995004.24 0.65 -102903.29 0.39 0.50 0.55 298822.38 22397.68 0.04 0.06 0.14 -1 -1
Result 0 -1.0 177 0.46 0.22 0.20 0.19 0.19 0.20 -1 -1 -1 -1 -1
Evo 72.69 -996211.76 0.65 -202141.10 0.45 0.53 0.57 389359.96 29183.76 0.04 0.06 0.13 -1 -1
Result 0 -1.0 177 0.43 0.21 0.22 0.19 0.22 0.16 -1 -1 -1 -1 -1
Evo 75.35 -991412.52 0.65 -212027.30 0.45 0.51 0.55 395225.12 29623.38 0.04 0.07 0.14 -1 -1
Result 0 -1.0 177 0.46 0.22 0.18 0.21 0.19 0.20 -1 -1 -1 -1 -1
Evo 57.77 -999539.77 0.65 -303106.76 -976740.70 0.53 0.57 454813.10 34089.68 0.04 0.04 0.12 -1 -1
Result 0 -1.0 177 0.46 0.17 0.22 0.23 0.19 0.19 -1 -1 -1 -1 -1
Evo 62.26 -993890.96 0.65 -276866.95 -904873.44 0.51 0.56 426791.08 31989.34 0.04 0.11 0.15 -1 -1
Result 0 -1.0 177 0.47 0.18 0.22 0.21 0.19 0.21 -1 -1 -1 -1 -1
