Evo 1.80 160000.43 990293.58 799426.85 701235.81 909081.17 980562.90 255833.65 55827.48 0.21 0.20 0.23 -1 -1
Result 1 5.0 20 0.40 0.14 0.33 0.14 0.24 0.14 -1 -1 -1 -1 -1
Evo 1.69 393443.10 998648.09 824770.99 701104.03 943490.82 989173.07 187411.51 50087.83 0.27 0.20 0.23 -1 -1
Result 1 5.0 13 0.40 0.36 0.21 0.14 0.21 0.07 -1 -1 -1 -1 -1
Evo 1.05 166666.96 982854.11 839665.79 846204.91 948061.03 971091.50 230231.59 49085.54 0.20 0.20 0.23 -1 -1
Result 1 5.0 21 0.31 0.18 0.27 0.09 0.27 0.18 -1 -1 -1 -1 -1
Evo 1.64 203390.15 977857.74 853889.85 936132.30 968692.37 973134.47 243439.91 70275.05 0.30 0.20 0.23 -1 -1
Result 1 5.0 11 0.43 -1 0.25 0.33 0.25 0.17 -1 -1 -1 -1 -1
Evo 1.07 312500.29 989000.06 851233.77 680445.77 960712.02 977049.75 201186.91 51946.24 0.26 0.20 0.23 -1 -1
Result 1 5.0 14 0.51 0.13 0.20 0.27 0.20 0.20 -1 -1 -1 -1 -1
Evo 1.41 144700.28 977809.88 744562.67 367339.44 962098.09 964909.61 337452.64 70363.74 0.20 0.20 0.23 -1 -1
Result 1 5.0 22 0.31 0.30 0.26 0.17 0.17 0.09 -1 -1 -1 -1 -1
Evo 5.13 166667.12 995122.20 805092.44 611492.62 939199.15 984436.76 260675.47 65168.87 0.25 0.20 0.23 -1 -1
Result 1 5.0 15 0.38 0.19 0.25 0.13 0.25 0.19 -1 -1 -1 -1 -1
Evo 1.50 285714.52 999681.73 809268.40 683247.66 855010.79 970991.85 200237.39 43695.38 0.21 0.20 0.23 -1 -1
Result 1 5.0 20 0.49 0.10 0.24 0.24 0.19 0.24 -1 -1 -1 -1 -1
Evo 1.25 307692.76 998878.17 831074.88 731733.58 906776.41 992536.86 213618.56 59247.13 0.28 0.20 0.23 -1 -1
Result 1 5.0 12 0.42 -1 0.23 0.15 0.38 0.23 -1 -1 -1 -1 -1
Evo 2.74 239130.83 997443.88 770162.76 694323.37 705047.52 986677.56 193357.33 43236.01 0.22 0.20 0.23 -1 -1
Result 1 5.0 19 0.52 0.20 0.15 0.30 0.20 0.15 -1 -1 -1 -1 -1
Evo 2.50 158409.41 998303.38 754253.28 583126.29 921814.29 960560.95 304381.25 66421.43 0.21 0.20 0.23 -1 -1
Result 1 5.0 20 0.46 0.14 0.29 0.19 0.19 0.19 -1 -1 -1 -1 -1
Evo 1.48 127273.08 987314.55 817792.39 693227.60 961354.73 979652.49 258399.87 55091.04 0.20 0.20 0.23 -1 -1
Result 1 5.0 21 0.45 0.18 0.18 0.18 0.14 0.32 -1 -1 -1 -1 -1
Evo 1.71 236363.96 984326.34 865256.67 902555.13 968037.02 980590.41 226922.76 58591.20 0.26 0.20 0.23 -1 -1
Result 1 5.0 14 0.39 0.20 0.33 0.13 0.20 0.13 -1 -1 -1 -1 -1
Evo 1.64 254545.90 979264.63 779331.11 579128.18 926471.89 963095.17 238970.29 49828.75 0.20 0.20 0.23 -1 -1
Result 1 5.0 22 0.48 0.13 0.26 0.22 0.22 0.17 -1 -1 -1 -1 -1
Evo 1.10 338461.81 997577.70 877460.78 559392.24 978379.33 987180.06 219485.81 66177.46 0.31 0.20 0.23 -1 -1
Result 1 5.0 10 0.45 0.09 0.27 0.18 0.27 0.18 -1 -1 -1 -1 -1
Evo 1.86 142857.56 996724.36 804736.99 651823.11 927893.84 970757.44 235747.21 50261.47 0.20 0.20 0.23 -1 -1
Result 1 5.0 21 0.49 0.23 0.18 0.23 0.14 0.23 -1 -1 -1 -1 -1
Evo 1.03 71428.97 998400.88 718706.46 611171.13 678374.78 956132.45 251859.16 45982.98 0.16 0.20 0.23 -1 -1
Result 1 5.0 29 0.39 0.17 0.30 0.13 0.17 0.23 -1 -1 -1 -1 -1
Evo 1.89 230769.73 991361.74 821809.95 603165.60 961757.14 972329.74 235317.57 53985.55 0.22 0.20 0.23 -1 -1
Result 1 5.0 18 0.34 0.16 0.32 0.16 0.26 0.11 -1 -1 -1 -1 -1
Evo 1.08 186441.14 978513.16 866476.04 930037.12 969035.36 969418.75 237276.39 63414.78 0.27 0.20 0.23 -1 -1
Result 1 5.0 13 0.48 0.07 0.36 0.21 0.29 0.07 -1 -1 -1 -1 -1
Evo 1.42 109091.25 972060.68 726770.77 460381.57 944318.12 964904.73 344935.10 77129.83 0.22 0.20 0.23 -1 -1
Result 1 5.0 19 0.46 0.10 0.25 0.20 0.15 0.30 -1 -1 -1 -1 -1
Evo 5419.82 -1000000.38 1.11 -8529.72 1.10 1.11 1.11 54272.28 1213.26 0.01 0.21 0.22 -1 -1
Result 0 1.0 2000 0.46 0.20 0.20 0.20 0.19 0.20 -1 -1 -1 -1 -1
Evo 5433.89 -1000000.29 1.11 -9218.50 1.11 1.11 1.11 56901.03 1272.03 0.01 0.22 0.23 -1 -1
Result 0 1.0 2000 0.46 0.22 0.19 0.20 0.19 0.20 -1 -1 -1 -1 -1
Evo 5511.24 -999999.41 0.32 -9194.49 0.11 0.11 0.11 61358.47 1371.67 0.01 0.16 0.17 -1 -1
Result 0 0.0 2000 0.45 0.21 0.20 0.20 0.20 0.18 -1 -1 -1 -1 -1
Evo 5453.04 -1000000.26 1.11 -7432.15 1.11 1.11 1.11 46495.35 1039.41 0.01 0.21 0.22 -1 -1
Result 0 1.0 2000 0.46 0.22 0.19 0.20 0.20 0.19 -1 -1 -1 -1 -1
Evo 5460.81 -1000000.03 0.26 -11065.76 0.11 0.11 0.11 64148.90 1434.05 0.01 0.20 0.21 -1 -1
Result 0 0.0 2000 0.45 0.21 0.20 0.20 0.20 0.19 -1 -1 -1 -1 -1
Evo 5517.41 -1000000.34 1.13 -9076.66 1.11 1.11 1.11 55241.39 1234.93 0.01 0.21 0.22 -1 -1
Result 0 1.0 2000 0.47 0.20 0.21 0.20 0.19 0.20 -1 -1 -1 -1 -1
Evo 5557.53 -999999.92 0.30 -8698.66 0.11 0.11 0.11 60854.53 1360.41 0.01 0.16 0.17 -1 -1
Result 0 0.0 2000 0.45 0.21 0.23 0.17 0.20 0.19 -1 -1 -1 -1 -1
Evo 5491.01 -999999.93 0.31 -12369.76 0.11 0.11 0.11 82916.62 1853.61 0.01 0.16 0.19 -1 -1
Result 0 0.0 2000 0.46 0.19 0.21 0.20 0.20 0.19 -1 -1 -1 -1 -1
Evo 5505.57 -1000000.21 0.26 -14295.33 0.11 0.11 0.11 85563.09 1912.77 0.01 0.20 0.21 -1 -1
Result 0 0.0 2000 0.47 0.22 0.20 0.20 0.18 0.20 -1 -1 -1 -1 -1
Evo 5540.89 -999999.53 0.27 -10868.97 0.11 0.11 0.11 65434.46 1462.79 0.01 0.21 0.21 -1 -1
Result 0 0.0 2000 0.46 0.19 0.21 0.20 0.20 0.20 -1 -1 -1 -1 -1
Evo 5506.83 -1000000.26 0.31 -6912.03 0.11 0.11 0.11 44901.91 1003.79 0.01 0.20 0.21 -1 -1
Result 0 0.0 2000 0.46 0.20 0.22 0.20 0.20 0.19 -1 -1 -1 -1 -1
Evo 5310.77 -999999.77 0.28 -8768.78 0.11 0.11 0.11 58931.58 1317.42 0.01 0.20 0.21 -1 -1
Result 0 0.0 2000 0.46 0.20 0.21 0.20 0.19 0.19 -1 -1 -1 -1 -1
Evo 5504.03 -999999.53 0.26 -10382.02 0.11 0.11 0.11 61033.26 1364.40 0.01 0.21 0.21 -1 -1
Result 0 0.0 2000 0.48 0.21 0.21 0.22 0.19 0.19 -1 -1 -1 -1 -1
Evo 5470.63 -1000000.14 0.32 -10437.68 0.11 0.11 0.11 69167.24 1546.24 0.01 0.20 0.21 -1 -1
Result 0 0.0 2000 0.45 0.21 0.21 0.18 0.18 0.21 -1 -1 -1 -1 -1
Evo 5478.46 -999999.54 0.28 -11758.81 0.11 0.11 0.11 67457.91 1508.03 0.01 0.20 0.21 -1 -1
Result 0 0.0 2000 0.47 0.20 0.20 0.21 0.20 0.19 -1 -1 -1 -1 -1
Evo 5472.89 -999999.60 0.30 -9058.00 0.11 0.11 0.11 60614.97 1355.05 0.01 0.16 0.17 -1 -1
Result 0 0.0 2000 0.46 0.21 0.21 0.20 0.20 0.19 -1 -1 -1 -1 -1
Evo 5498.99 -999999.76 0.28 -10617.63 0.11 0.11 0.11 65589.78 1466.27 0.01 0.20 0.21 -1 -1
Result 0 0.0 2000 0.45 0.21 0.21 0.18 0.20 0.20 -1 -1 -1 -1 -1
Evo 5453.49 -1000000.07 0.30 -7251.31 0.11 0.11 0.11 48248.22 1078.59 0.01 0.16 0.17 -1 -1
Result 0 0.0 2000 0.47 0.19 0.21 0.20 0.20 0.20 -1 -1 -1 -1 -1
Evo 5465.75 -1000000.09 0.31 -7561.69 0.11 0.11 0.11 48833.21 1091.67 0.01 0.16 0.17 -1 -1
Result 0 0.0 2000 0.46 0.22 0.21 0.18 0.20 0.20 -1 -1 -1 -1 -1
Evo 5515.03 -1000000.32 0.26 -10503.46 0.11 0.11 0.11 62985.68 1408.05 0.01 0.20 0.21 -1 -1
Result 0 0.0 2000 0.46 0.21 0.20 0.19 0.20 0.20 -1 -1 -1 -1 -1
Evo 5322.03 -1000000.12 2.11 -1255.72 1.11 1.11 2.11 23070.53 515.74 0.01 0.28 0.29 -1 -1
Result 0 2.0 2000 0.46 0.19 0.21 0.20 0.20 0.19 -1 -1 -1 -1 -1
Evo 5307.56 -1000000.19 2.11 -1004.73 1.11 1.11 2.11 22829.37 510.35 0.01 0.28 0.29 -1 -1
Result 0 2.0 2000 0.44 0.21 0.21 0.20 0.20 0.18 -1 -1 -1 -1 -1
Evo 5322.74 -999999.74 1.16 -1095.46 1.11 1.11 1.11 23014.09 514.48 0.01 0.26 0.28 -1 -1
Result 0 1.0 2000 0.45 0.21 0.19 0.20 0.22 0.18 -1 -1 -1 -1 -1
Evo 5330.81 -1000000.10 2.11 -1134.13 1.11 1.11 1.11 22893.82 511.79 0.01 0.28 0.29 -1 -1
Result 0 2.0 2000 0.46 0.20 0.19 0.19 0.22 0.19 -1 -1 -1 -1 -1
Evo 5336.51 -999999.49 2.11 -1488.68 2.10 2.11 2.11 23232.88 519.37 0.01 0.28 0.29 -1 -1
Result 0 2.0 2000 0.47 0.20 0.20 0.20 0.21 0.18 -1 -1 -1 -1 -1
Evo 5328.04 -999999.49 2.11 -1187.15 1.11 1.11 1.11 23064.39 515.61 0.01 0.28 0.29 -1 -1
Result 0 2.0 2000 0.46 0.21 0.21 0.18 0.21 0.19 -1 -1 -1 -1 -1
Evo 5365.00 -1000000.27 1.16 -1064.59 1.10 1.11 1.11 22901.23 511.96 0.01 0.19 0.21 -1 -1
Result 0 1.0 2000 0.43 0.20 0.19 0.22 0.22 0.17 -1 -1 -1 -1 -1
Evo 5371.97 -1000000.03 2.11 -1074.64 1.11 1.11 2.11 22849.95 510.81 0.01 0.28 0.29 -1 -1
Result 0 2.0 2000 0.47 0.22 0.19 0.21 0.21 0.17 -1 -1 -1 -1 -1
Evo 5382.54 -1000000.00 1.16 -950.00 1.11 1.11 1.11 22726.95 508.06 0.01 0.19 0.21 -1 -1
Result 0 1.0 2000 0.44 0.22 0.19 0.21 0.21 0.17 -1 -1 -1 -1 -1
Evo 5294.56 -1000000.30 2.11 -1030.77 1.11 2.11 2.11 22936.41 512.75 0.01 0.25 0.27 -1 -1
Result 0 2.0 2000 0.48 0.22 0.20 0.21 0.20 0.17 -1 -1 -1 -1 -1
Evo 5318.70 -999999.89 2.11 -910.54 1.11 1.11 2.10 22821.40 510.17 0.01 0.28 0.29 -1 -1
Result 0 2.0 2000 0.45 0.21 0.20 0.20 0.21 0.18 -1 -1 -1 -1 -1
Evo 5401.70 -999999.51 3.11 -1118.04 2.11 2.11 3.11 23114.62 516.73 0.01 0.29 0.31 -1 -1
Result 0 3.0 2000 0.44 0.22 0.22 0.20 0.19 0.17 -1 -1 -1 -1 -1
Evo 5323.95 -1000000.20 3.11 -988.46 3.09 3.11 3.11 22771.91 509.07 0.01 0.30 0.31 -1 -1
Result 0 3.0 2000 0.45 0.19 0.20 0.18 0.22 0.20 -1 -1 -1 -1 -1
Evo 5209.49 -1000000.08 1.18 -912.15 1.11 1.11 1.11 22666.17 506.70 0.01 0.19 0.21 -1 -1
Result 0 1.0 2000 0.47 0.21 0.19 0.21 0.21 0.18 -1 -1 -1 -1 -1
Evo 5277.71 -999999.58 2.11 -1004.29 2.11 2.11 2.11 22826.47 510.29 0.01 0.28 0.29 -1 -1
Result 0 2.0 2000 0.48 0.20 0.20 0.22 0.21 0.18 -1 -1 -1 -1 -1
Evo 5349.40 -999999.48 2.11 -1109.95 1.11 1.11 2.11 23031.91 514.88 0.01 0.28 0.29 -1 -1
Result 0 2.0 2000 0.45 0.21 0.20 0.20 0.20 0.18 -1 -1 -1 -1 -1
Evo 5310.03 -999999.57 0.62 -1155.12 0.11 0.11 0.11 22928.61 512.57 0.01 0.19 0.21 -1 -1
Result 0 0.0 2000 0.43 0.21 0.21 0.21 0.20 0.16 -1 -1 -1 -1 -1
Evo 5307.63 -999999.75 2.11 -895.35 2.10 2.11 2.11 22690.49 507.25 0.01 0.28 0.29 -1 -1
Result 0 2.0 2000 0.47 0.22 0.20 0.20 0.20 0.19 -1 -1 -1 -1 -1
Evo 5323.28 -999999.74 2.11 -1032.90 1.11 1.11 1.11 22804.30 509.79 0.01 0.28 0.29 -1 -1
Result 0 2.0 2000 0.45 0.18 0.22 0.20 0.22 0.18 -1 -1 -1 -1 -1
Evo 5353.65 -999999.62 1.19 -1336.10 1.10 1.11 1.11 23169.37 517.95 0.01 0.20 0.25 -1 -1
Result 0 1.0 2000 0.47 0.21 0.20 0.21 0.21 0.17 -1 -1 -1 -1 -1
Evo 5506.82 -999999.96 17.11 -15594.66 5.11 11.11 17.11 95649.04 2138.24 0.01 0.38 0.41 -1 -1
Result 0 17.0 2000 0.45 0.21 0.20 0.22 0.19 0.18 -1 -1 -1 -1 -1
Evo 5434.02 -999999.81 11.11 -22700.29 8.10 9.11 11.11 123866.28 2769.04 0.01 0.27 0.29 -1 -1
Result 0 11.0 2000 0.44 0.21 0.21 0.22 0.18 0.17 -1 -1 -1 -1 -1
Evo 5475.30 -999999.40 12.11 -20373.78 7.11 8.11 9.11 115210.52 2575.54 0.01 0.29 0.31 -1 -1
Result 0 12.0 2000 0.48 0.21 0.19 0.22 0.20 0.18 -1 -1 -1 -1 -1
Evo 5457.85 -1000000.15 16.11 -21672.51 11.11 13.11 16.10 121323.38 2712.20 0.01 0.38 0.42 -1 -1
Result 0 16.0 2000 0.46 0.22 0.21 0.19 0.18 0.20 -1 -1 -1 -1 -1
Evo 5274.70 -999999.51 18.11 -19278.76 10.11 11.11 18.11 107808.10 2410.06 0.01 0.37 0.40 -1 -1
Result 0 18.0 2000 0.46 0.21 0.24 0.20 0.18 0.17 -1 -1 -1 -1 -1
Evo 5514.28 -1000000.36 12.11 -18205.01 4.11 11.10 12.11 108451.93 2424.45 0.01 0.29 0.31 -1 -1
Result 0 12.0 2000 0.43 0.21 0.22 0.21 0.20 0.16 -1 -1 -1 -1 -1
Evo 5457.54 -999999.53 16.11 -17449.68 12.11 13.11 15.11 100595.19 2248.81 0.01 0.36 0.38 -1 -1
Result 0 16.0 2000 0.48 0.20 0.20 0.21 0.19 0.19 -1 -1 -1 -1 -1
Evo 5434.95 -999999.78 13.11 -19194.30 7.11 7.11 10.11 113767.71 2543.29 0.01 0.29 0.31 -1 -1
Result 0 13.0 2000 0.48 0.22 0.20 0.22 0.17 0.19 -1 -1 -1 -1 -1
Evo 5486.28 -999999.95 18.11 -19200.86 12.11 14.10 15.11 110387.44 2467.72 0.01 0.40 0.46 -1 -1
Result 0 18.0 2000 0.46 0.21 0.20 0.22 0.18 0.19 -1 -1 -1 -1 -1
Evo 5475.65 -999999.85 16.11 -19762.29 15.10 16.11 16.11 113277.48 2532.33 0.01 0.38 0.43 -1 -1
Result 0 16.0 2000 0.47 0.21 0.20 0.21 0.19 0.20 -1 -1 -1 -1 -1
Evo 5489.80 -1000000.36 10.11 -20893.05 10.10 10.11 10.11 115826.46 2589.31 0.01 0.25 0.29 -1 -1
Result 0 10.0 2000 0.47 0.22 0.22 0.20 0.19 0.17 -1 -1 -1 -1 -1
Evo 5206.21 -1000000.21 19.11 -21310.46 18.09 18.11 19.11 119129.65 2663.15 0.01 0.41 0.43 -1 -1
Result 0 19.0 2000 0.48 0.21 0.22 0.22 0.17 0.18 -1 -1 -1 -1 -1
Evo 5495.85 -1000000.17 15.11 -19019.28 7.11 10.11 14.11 112275.22 2509.92 0.01 0.36 0.38 -1 -1
Result 0 15.0 2000 0.46 0.20 0.22 0.19 0.19 0.20 -1 -1 -1 -1 -1
Evo 5492.75 -999999.87 14.11 -20699.47 7.10 11.11 14.11 117236.34 2620.83 0.01 0.32 0.34 -1 -1
Result 0 14.0 2000 0.48 0.21 0.21 0.22 0.18 0.18 -1 -1 -1 -1 -1
Evo 5414.97 -999999.58 13.11 -18388.97 7.10 7.11 9.11 110732.76 2475.44 0.01 0.30 0.33 -1 -1
Result 0 13.0 2000 0.44 0.22 0.21 0.21 0.18 0.18 -1 -1 -1 -1 -1
Evo 5490.46 -999999.96 17.11 -20401.95 13.11 16.11 16.11 115014.34 2571.16 0.01 0.39 0.40 -1 -1
Result 0 17.0 2000 0.45 0.20 0.21 0.21 0.20 0.18 -1 -1 -1 -1 -1
Evo 5462.44 -999999.50 16.11 -21287.77 12.10 13.11 15.11 117860.74 2634.79 0.01 0.36 0.39 -1 -1
Result 0 16.0 2000 0.47 0.21 0.21 0.20 0.20 0.18 -1 -1 -1 -1 -1
Evo 5470.35 -1000000.10 19.11 -17512.51 14.11 18.11 19.11 106033.72 2370.39 0.01 0.41 0.43 -1 -1
Result 0 19.0 2000 0.47 0.21 0.21 0.20 0.19 0.19 -1 -1 -1 -1 -1
Evo 5416.66 -1000000.00 15.11 -23137.91 8.11 10.11 12.11 121210.41 2709.67 0.01 0.36 0.41 -1 -1
Result 0 15.0 2000 0.47 0.21 0.22 0.21 0.19 0.18 -1 -1 -1 -1 -1
Evo 5408.00 -999999.42 12.11 -27517.39 7.11 8.10 11.11 140835.51 3148.39 0.01 0.29 0.34 -1 -1
Result 0 12.0 2000 0.47 0.22 0.23 0.20 0.17 0.17 -1 -1 -1 -1 -1
Evo 5489.13 -1000000.23 5.11 -14226.55 5.11 5.11 5.11 81468.61 1821.24 0.01 0.35 0.37 -1 -1
Result 0 5.0 2000 0.46 0.21 0.17 0.19 0.23 0.19 -1 -1 -1 -1 -1
Evo 5480.17 -999999.65 6.11 -14449.07 6.10 6.11 6.11 82405.45 1842.18 0.01 0.37 0.38 -1 -1
Result 0 6.0 2000 0.46 0.22 0.18 0.21 0.20 0.20 -1 -1 -1 -1 -1
Evo 5499.23 -999999.46 5.16 -13422.16 5.11 5.11 5.11 76018.39 1699.40 0.01 0.32 0.37 -1 -1
Result 0 5.0 2000 0.48 0.21 0.16 0.22 0.19 0.22 -1 -1 -1 -1 -1
Evo 5515.42 -1000000.25 4.11 -16288.99 4.10 4.11 4.11 86885.71 1942.34 0.01 0.30 0.37 -1 -1
Result 0 4.0 2000 0.48 0.21 0.18 0.18 0.22 0.22 -1 -1 -1 -1 -1
Evo 5428.25 -999999.75 5.11 -19219.11 4.11 5.11 5.11 102042.83 2281.18 0.01 0.29 0.32 -1 -1
Result 0 5.0 2000 0.45 0.23 0.18 0.18 0.20 0.21 -1 -1 -1 -1 -1
Evo 5519.65 -999999.87 5.11 -13411.34 5.10 5.11 5.11 78165.11 1747.39 0.01 0.32 0.37 -1 -1
Result 0 5.0 2000 0.46 0.22 0.18 0.19 0.22 0.19 -1 -1 -1 -1 -1
Evo 5510.09 -1000000.34 4.20 -15293.78 4.11 4.11 4.11 86158.26 1926.08 0.01 0.29 0.35 -1 -1
Result 0 4.0 2000 0.46 0.22 0.17 0.19 0.20 0.22 -1 -1 -1 -1 -1
Evo 5516.63 -1000000.10 5.15 -12260.66 5.11 5.11 5.11 73422.60 1641.37 0.01 0.33 0.38 -1 -1
Result 0 5.0 2000 0.48 0.20 0.18 0.18 0.22 0.22 -1 -1 -1 -1 -1
Evo 5539.58 -999999.83 5.11 -12729.98 5.11 5.11 5.11 78042.14 1744.64 0.01 0.32 0.38 -1 -1
Result 0 5.0 2000 0.47 0.21 0.19 0.17 0.21 0.21 -1 -1 -1 -1 -1
Evo 5494.06 -1000000.14 6.11 -13048.16 6.11 6.11 6.11 77465.88 1731.76 0.01 0.35 0.40 -1 -1
Result 0 6.0 2000 0.47 0.20 0.17 0.21 0.22 0.20 -1 -1 -1 -1 -1
Evo 5462.49 -999999.96 5.16 -15192.52 5.11 5.11 5.11 83220.60 1860.40 0.01 0.32 0.38 -1 -1
Result 0 5.0 2000 0.47 0.20 0.18 0.20 0.22 0.20 -1 -1 -1 -1 -1
Evo 5522.72 -999999.60 6.11 -14643.19 5.11 6.11 6.11 79641.41 1780.39 0.01 0.35 0.40 -1 -1
Result 0 6.0 2000 0.47 0.21 0.18 0.20 0.22 0.19 -1 -1 -1 -1 -1
Evo 5471.44 -1000000.19 5.13 -13239.11 5.11 5.11 5.11 76881.35 1718.69 0.01 0.35 0.37 -1 -1
Result 0 5.0 2000 0.47 0.23 0.16 0.20 0.21 0.20 -1 -1 -1 -1 -1
Evo 5468.45 -999999.71 5.13 -17466.47 5.11 5.11 5.11 92261.62 2062.52 0.01 0.29 0.33 -1 -1
Result 0 5.0 2000 0.48 0.20 0.18 0.18 0.22 0.22 -1 -1 -1 -1 -1
Evo 5491.85 -999999.93 5.18 -13867.74 5.11 5.11 5.11 81425.10 1820.27 0.01 0.32 0.37 -1 -1
Result 0 5.0 2000 0.47 0.20 0.17 0.20 0.21 0.21 -1 -1 -1 -1 -1
Evo 62.77 -999996.32 4.08 -230093.74 -431330.16 -135107.15 -9226.95 237528.45 21077.24 0.06 0.19 0.35 -1 -1
Result 0 4.0 126 0.49 0.17 0.12 0.23 0.24 0.24 -1 -1 -1 -1 -1
Evo 5548.80 -999999.79 5.11 -13715.32 5.11 5.11 5.11 79702.39 1781.75 0.01 0.33 0.38 -1 -1
Result 0 5.0 2000 0.44 0.21 0.19 0.18 0.22 0.20 -1 -1 -1 -1 -1
Evo 5475.17 -999999.78 5.13 -14307.97 5.11 5.11 5.11 80568.08 1801.11 0.01 0.33 0.38 -1 -1
Result 0 5.0 2000 0.46 0.20 0.16 0.21 0.23 0.20 -1 -1 -1 -1 -1
Evo 5512.78 -999999.74 4.19 -14869.17 4.11 4.11 4.11 83087.05 1857.42 0.01 0.30 0.37 -1 -1
Result 0 4.0 2000 0.46 0.20 0.18 0.19 0.22 0.21 -1 -1 -1 -1 -1
Evo 5508.62 -1000000.33 6.11 -12978.32 6.11 6.11 6.11 76274.82 1705.13 0.01 0.35 0.37 -1 -1
Result 0 6.0 2000 0.46 0.20 0.18 0.21 0.21 0.20 -1 -1 -1 -1 -1
