Evo 1.08 0.00 1.00 0.99 1.00 1.00 1.00 0.08 0.00 0.01 0.41 0.50 -1 1988
Result 0 2.0 2000 0.39 0.24 0.13 0.20 0.26 0.18 -1 -1 -1 -1 -1
Evo 1.13 0.00 1.00 0.99 1.00 1.00 1.00 0.08 0.00 0.01 0.46 0.50 -1 1988
Result 0 3.0 2000 0.48 0.22 0.22 0.19 0.19 0.18 -1 -1 -1 -1 -1
Evo 1.05 0.00 1.00 0.99 1.00 1.00 1.00 0.08 0.00 0.01 0.41 0.50 -1 1988
Result 0 2.0 2000 0.49 0.23 0.23 0.19 0.12 0.22 -1 -1 -1 -1 -1
Evo 1.05 0.00 1.00 0.99 1.00 1.00 1.00 0.08 0.00 0.01 0.43 0.50 -1 1988
Result 0 1.0 2000 0.49 0.21 0.23 0.19 0.16 0.20 -1 -1 -1 -1 -1
Evo 1.04 0.00 1.00 0.99 1.00 1.00 1.00 0.08 0.00 0.01 0.43 0.50 -1 1988
Result 0 2.0 2000 0.46 0.23 0.20 0.23 0.19 0.15 -1 -1 -1 -1 -1
Evo 1.06 0.00 1.00 0.99 1.00 1.00 1.00 0.08 0.00 0.01 0.39 0.50 -1 1988
Result 0 2.0 2000 0.49 0.23 0.24 0.21 0.16 0.17 -1 -1 -1 -1 -1
Evo 1.19 0.00 1.00 0.99 1.00 1.00 1.00 0.08 0.00 0.01 0.43 0.50 -1 1988
Result 0 3.0 2000 0.45 0.24 0.18 0.24 0.21 0.13 -1 -1 -1 -1 -1
Evo 1.06 0.00 1.00 0.99 1.00 1.00 1.00 0.08 0.00 0.01 0.45 0.50 -1 1988
Result 0 1.0 2000 0.41 0.23 0.15 0.21 0.23 0.18 -1 -1 -1 -1 -1
Evo 1.21 0.00 1.00 0.99 1.00 1.00 1.00 0.08 0.00 0.01 0.45 0.50 -1 1988
Result 0 3.0 2000 0.41 0.25 0.15 0.17 0.22 0.21 -1 -1 -1 -1 -1
Evo 1.19 0.00 1.00 0.99 1.00 1.00 1.00 0.08 0.00 0.01 0.43 0.50 -1 1988
Result 0 3.0 2000 0.49 0.26 0.23 0.17 0.16 0.19 -1 -1 -1 -1 -1
Evo 1.06 0.00 1.00 0.99 1.00 1.00 1.00 0.08 0.00 0.01 0.41 0.50 -1 1988
Result 0 2.0 2000 0.49 0.22 0.24 0.21 0.15 0.19 -1 -1 -1 -1 -1
Evo 1.08 0.00 1.00 0.99 1.00 1.00 1.00 0.08 0.00 0.02 0.43 0.50 -1 1988
Result 0 2.0 2000 0.47 0.24 0.21 0.13 0.19 0.23 -1 -1 -1 -1 -1
Evo 1.03 0.00 1.00 0.99 1.00 1.00 1.00 0.08 0.00 0.01 0.41 0.50 -1 1988
Result 0 2.0 2000 0.42 0.20 0.16 0.24 0.22 0.18 -1 -1 -1 -1 -1
Evo 1.07 0.00 1.00 0.99 1.00 1.00 1.00 0.08 0.00 0.01 0.45 0.50 -1 1988
Result 0 3.0 2000 0.43 0.24 0.16 0.25 0.22 0.13 -1 -1 -1 -1 -1
Evo 1.19 0.00 1.00 0.99 1.00 1.00 1.00 0.08 0.00 0.01 0.39 0.50 -1 1988
Result 0 3.0 2000 0.51 0.24 0.27 0.12 0.13 0.24 -1 -1 -1 -1 -1
Evo 1.14 0.00 1.00 0.99 1.00 1.00 1.00 0.08 0.00 0.01 0.46 0.50 -1 1988
Result 0 3.0 2000 0.46 0.24 0.20 0.20 0.17 0.19 -1 -1 -1 -1 -1
Evo 1.05 0.00 1.00 0.99 1.00 1.00 1.00 0.08 0.00 0.01 0.36 0.50 -1 1988
Result 0 2.0 2000 0.47 0.23 0.20 0.23 0.21 0.13 -1 -1 -1 -1 -1
Evo 1.03 0.00 1.00 0.99 1.00 1.00 1.00 0.08 0.00 0.01 0.38 0.50 -1 1988
Result 0 2.0 2000 0.46 0.23 0.20 0.23 0.19 0.15 -1 -1 -1 -1 -1
Evo 1.04 0.00 1.00 0.99 1.00 1.00 1.00 0.08 0.00 0.01 0.41 0.50 -1 1988
Result 0 2.0 2000 0.41 0.23 0.15 0.20 0.24 0.19 -1 -1 -1 -1 -1
Evo 1.11 0.00 1.00 0.99 1.00 1.00 1.00 0.08 0.00 0.02 0.41 0.50 -1 1988
Result 0 3.0 2000 0.45 0.23 0.19 0.15 0.22 0.22 -1 -1 -1 -1 -1
Evo 1.00 0.00 1.00 0.99 1.00 1.00 1.00 0.08 0.00 0.01 0.31 0.35 -1 1988
Result 0 0.0 2000 0.47 0.20 0.20 0.20 0.19 0.20 -1 -1 -1 -1 -1
Evo 1.00 0.00 1.00 0.99 1.00 1.00 1.00 0.08 0.00 0.01 0.23 0.33 -1 1988
Result 0 0.0 2000 0.46 0.21 0.19 0.19 0.21 0.20 -1 -1 -1 -1 -1
Evo 1.00 0.00 1.00 0.99 1.00 1.00 1.00 0.08 0.00 0.01 0.31 0.33 -1 1988
Result 0 0.0 2000 0.46 0.20 0.19 0.20 0.19 0.21 -1 -1 -1 -1 -1
Evo 1.00 0.00 1.00 0.99 1.00 1.00 1.00 0.08 0.00 0.01 0.31 0.35 -1 1988
Result 0 0.0 2000 0.46 0.20 0.19 0.21 0.20 0.19 -1 -1 -1 -1 -1
Evo 1.00 0.00 1.00 0.99 1.00 1.00 1.00 0.08 0.00 0.01 0.31 0.35 -1 1988
Result 0 0.0 2000 0.46 0.20 0.20 0.21 0.20 0.19 -1 -1 -1 -1 -1
Evo 1.00 0.00 1.00 0.99 1.00 1.00 1.00 0.08 0.00 0.01 0.31 0.33 -1 1988
Result 0 0.0 2000 0.45 0.20 0.19 0.22 0.20 0.20 -1 -1 -1 -1 -1
Evo 1.00 0.00 1.00 0.99 1.00 1.00 1.00 0.08 0.00 0.01 0.30 0.33 -1 1988
Result 0 0.0 2000 0.46 0.20 0.19 0.20 0.21 0.20 -1 -1 -1 -1 -1
Evo 1.00 0.00 1.00 0.99 1.00 1.00 1.00 0.08 0.00 0.01 0.30 0.33 -1 1988
Result 0 0.0 2000 0.46 0.20 0.19 0.19 0.22 0.20 -1 -1 -1 -1 -1
Evo 1.00 0.00 1.00 0.99 1.00 1.00 1.00 0.08 0.00 0.01 0.30 0.35 -1 1988
Result 0 0.0 2000 0.47 0.19 0.21 0.20 0.19 0.20 -1 -1 -1 -1 -1
Evo 1.00 0.00 1.00 0.99 1.00 1.00 1.00 0.08 0.00 0.01 0.30 0.33 -1 1988
Result 0 0.0 2000 0.45 0.21 0.19 0.21 0.20 0.20 -1 -1 -1 -1 -1
Evo 1.00 0.00 1.00 0.99 1.00 1.00 1.00 0.08 0.00 0.01 0.30 0.33 -1 1988
Result 0 0.0 2000 0.47 0.18 0.21 0.20 0.19 0.21 -1 -1 -1 -1 -1
Evo 1.00 0.00 1.00 0.99 1.00 1.00 1.00 0.08 0.00 0.01 0.33 0.35 -1 1988
Result 0 0.0 2000 0.47 0.19 0.20 0.20 0.20 0.20 -1 -1 -1 -1 -1
Evo 1.00 0.00 1.00 0.99 1.00 1.00 1.00 0.08 0.00 0.01 0.32 0.33 -1 1988
Result 0 0.0 2000 0.45 0.19 0.18 0.21 0.21 0.21 -1 -1 -1 -1 -1
Evo 1.00 0.00 1.00 0.99 1.00 1.00 1.00 0.08 0.00 0.01 0.31 0.35 -1 1988
Result 0 0.0 2000 0.47 0.20 0.21 0.20 0.19 0.20 -1 -1 -1 -1 -1
Evo 1.00 0.00 1.00 0.99 1.00 1.00 1.00 0.08 0.00 0.01 0.33 0.35 -1 1988
Result 0 0.0 2000 0.47 0.21 0.20 0.20 0.20 0.19 -1 -1 -1 -1 -1
Evo 1.00 0.00 1.00 0.99 1.00 1.00 1.00 0.08 0.00 0.01 0.30 0.35 -1 1988
Result 0 0.0 2000 0.46 0.19 0.19 0.20 0.22 0.19 -1 -1 -1 -1 -1
Evo 1.00 0.00 1.00 0.99 1.00 1.00 1.00 0.08 0.00 0.01 0.32 0.35 -1 1988
Result 0 0.0 2000 0.47 0.20 0.21 0.19 0.21 0.19 -1 -1 -1 -1 -1
Evo 1.00 0.00 1.00 0.99 1.00 1.00 1.00 0.08 0.00 0.01 0.32 0.35 -1 1988
Result 0 0.0 2000 0.47 0.20 0.21 0.19 0.20 0.20 -1 -1 -1 -1 -1
Evo 1.00 0.00 1.00 0.99 1.00 1.00 1.00 0.08 0.00 0.01 0.30 0.33 -1 1988
Result 0 0.0 2000 0.47 0.19 0.20 0.20 0.19 0.21 -1 -1 -1 -1 -1
Evo 1.00 0.00 1.00 0.99 1.00 1.00 1.00 0.08 0.00 0.01 0.30 0.35 -1 1988
Result 0 0.0 2000 0.48 0.19 0.22 0.21 0.19 0.19 -1 -1 -1 -1 -1
Evo 1.37 0.00 1.00 0.99 1.00 1.00 1.00 0.08 0.00 0.02 0.52 0.55 -1 1988
Result 0 3.0 2000 0.45 0.25 0.19 0.15 0.20 0.22 -1 -1 -1 -1 -1
Evo 1.28 0.00 1.00 0.99 1.00 1.00 1.00 0.08 0.00 0.05 0.48 0.55 -1 1988
Result 0 5.0 2000 0.43 0.26 0.17 0.15 0.21 0.21 -1 -1 -1 -1 -1
Evo 1.36 0.00 1.00 0.99 1.00 1.00 1.00 0.08 0.00 0.13 0.48 0.55 -1 1988
Result 0 5.0 2000 0.50 0.25 0.25 0.18 0.14 0.18 -1 -1 -1 -1 -1
Evo 1.45 0.00 1.00 0.99 1.00 1.00 1.00 0.08 0.00 0.01 0.48 0.55 -1 1988
Result 0 5.0 2000 0.44 0.26 0.18 0.19 0.20 0.17 -1 -1 -1 -1 -1
Evo 1.44 0.00 1.00 0.99 1.00 1.00 1.00 0.08 0.00 0.01 0.52 0.55 -1 1988
Result 0 5.0 2000 0.38 0.25 0.13 0.22 0.24 0.16 -1 -1 -1 -1 -1
Evo 1.34 0.00 1.00 0.99 1.00 1.00 1.00 0.08 0.00 0.01 0.52 0.55 -1 1988
Result 0 5.0 2000 0.47 0.24 0.21 0.22 0.14 0.19 -1 -1 -1 -1 -1
Evo 1.31 0.00 1.00 0.99 1.00 1.00 1.00 0.08 0.00 0.01 0.48 0.55 -1 1988
Result 0 5.0 2000 0.48 0.25 0.22 0.16 0.17 0.20 -1 -1 -1 -1 -1
Evo 1.19 0.00 1.00 0.99 1.00 1.00 1.00 0.08 0.00 0.01 0.48 0.55 -1 1988
Result 0 5.0 2000 0.49 0.25 0.23 0.15 0.13 0.23 -1 -1 -1 -1 -1
Evo 1.27 0.00 1.00 0.99 1.00 1.00 1.00 0.08 0.00 0.07 0.48 0.55 -1 1988
Result 0 5.0 2000 0.47 0.26 0.21 0.22 0.16 0.14 -1 -1 -1 -1 -1
Evo 1.31 0.00 1.00 0.99 1.00 1.00 1.00 0.08 0.00 0.23 0.48 0.55 -1 1988
Result 0 3.0 2000 0.45 0.25 0.18 0.21 0.19 0.16 -1 -1 -1 -1 -1
Evo 1.21 0.00 1.00 0.99 1.00 1.00 1.00 0.08 0.00 0.03 0.52 0.55 -1 1988
Result 0 5.0 2000 0.45 0.25 0.18 0.20 0.18 0.19 -1 -1 -1 -1 -1
Evo 1.24 0.00 1.00 0.99 1.00 1.00 1.00 0.08 0.00 0.01 0.48 0.55 -1 1988
Result 0 4.0 2000 0.48 0.25 0.22 0.17 0.15 0.21 -1 -1 -1 -1 -1
Evo 1.16 0.00 1.00 0.99 1.00 1.00 1.00 0.08 0.00 0.01 0.45 0.55 -1 1988
Result 0 4.0 2000 0.46 0.25 0.20 0.22 0.20 0.14 -1 -1 -1 -1 -1
Evo 1.04 0.00 1.00 0.99 1.00 1.00 1.00 0.08 0.00 0.01 0.46 0.55 -1 1988
Result 0 4.0 2000 0.41 0.23 0.15 0.19 0.23 0.20 -1 -1 -1 -1 -1
Evo 1.11 0.00 1.00 0.99 1.00 1.00 1.00 0.08 0.00 0.01 0.45 0.55 -1 1988
Result 0 4.0 2000 0.42 0.23 0.16 0.20 0.21 0.20 -1 -1 -1 -1 -1
Evo 1.31 0.00 1.00 0.99 1.00 1.00 1.00 0.08 0.00 0.01 0.46 0.55 -1 1988
Result 0 5.0 2000 0.48 0.25 0.22 0.25 0.14 0.15 -1 -1 -1 -1 -1
Evo 1.26 0.00 1.00 0.99 1.00 1.00 1.00 0.08 0.00 0.01 0.52 0.55 -1 1988
Result 0 5.0 2000 0.48 0.24 0.21 0.20 0.18 0.17 -1 -1 -1 -1 -1
Evo 1.22 0.00 1.00 0.99 1.00 1.00 1.00 0.08 0.00 0.01 0.45 0.55 -1 1988
Result 0 4.0 2000 0.49 0.25 0.24 0.17 0.12 0.22 -1 -1 -1 -1 -1
Evo 1.08 0.00 1.00 0.99 1.00 1.00 1.00 0.08 0.00 0.01 0.43 0.55 -1 1988
Result 0 4.0 2000 0.41 0.24 0.15 0.18 0.22 0.21 -1 -1 -1 -1 -1
Evo 1.16 0.00 1.00 0.99 1.00 1.00 1.00 0.08 0.00 0.01 0.41 0.55 -1 1988
Result 0 4.0 2000 0.45 0.24 0.18 0.21 0.23 0.15 -1 -1 -1 -1 -1
Evo 1.00 0.00 1.00 0.99 1.00 1.00 1.00 0.08 0.00 0.01 0.26 0.33 -1 1988
Result 0 0.0 2000 0.47 0.19 0.20 0.19 0.20 0.22 -1 -1 -1 -1 -1
Evo 1.00 0.00 1.00 0.99 1.00 1.00 1.00 0.08 0.00 0.01 0.29 0.33 -1 1988
Result 0 0.0 2000 0.46 0.21 0.20 0.19 0.19 0.21 -1 -1 -1 -1 -1
Evo 1.00 0.00 1.00 0.99 1.00 1.00 1.00 0.08 0.00 0.01 0.26 0.33 -1 1988
Result 0 0.0 2000 0.47 0.19 0.20 0.22 0.19 0.20 -1 -1 -1 -1 -1
Evo 1.00 0.00 1.00 0.99 1.00 1.00 1.00 0.08 0.00 0.01 0.26 0.33 -1 1988
Result 0 0.0 2000 0.47 0.21 0.21 0.19 0.19 0.19 -1 -1 -1 -1 -1
Evo 1.00 0.00 1.00 0.99 1.00 1.00 1.00 0.08 0.00 0.01 0.26 0.33 -1 1988
Result 0 0.0 2000 0.46 0.20 0.20 0.19 0.22 0.20 -1 -1 -1 -1 -1
Evo 1.00 0.00 1.00 0.99 1.00 1.00 1.00 0.08 0.00 0.01 0.26 0.33 -1 1988
Result 0 0.0 2000 0.46 0.19 0.20 0.21 0.21 0.19 -1 -1 -1 -1 -1
Evo 1.00 0.00 1.00 0.99 1.00 1.00 1.00 0.08 0.00 0.01 0.26 0.33 -1 1988
Result 0 0.0 2000 0.47 0.20 0.21 0.20 0.21 0.19 -1 -1 -1 -1 -1
Evo 1.00 0.00 1.00 0.99 1.00 1.00 1.00 0.08 0.00 0.01 0.26 0.33 -1 1988
Result 0 0.0 2000 0.48 0.20 0.21 0.21 0.19 0.19 -1 -1 -1 -1 -1
Evo 1.01 0.00 1.00 0.99 1.00 1.00 1.00 0.08 0.00 0.06 0.29 0.33 -1 1988
Result 0 1.0 2000 0.46 0.21 0.20 0.20 0.18 0.22 -1 -1 -1 -1 -1
Evo 1.00 0.00 1.00 0.99 1.00 1.00 1.00 0.08 0.00 0.01 0.29 0.33 -1 1988
Result 0 0.0 2000 0.46 0.20 0.20 0.20 0.20 0.20 -1 -1 -1 -1 -1
Evo 1.00 0.00 1.00 0.99 1.00 1.00 1.00 0.08 0.00 0.01 0.26 0.33 -1 1988
Result 0 0.0 2000 0.46 0.19 0.20 0.20 0.20 0.22 -1 -1 -1 -1 -1
Evo 1.00 0.00 1.00 0.99 1.00 1.00 1.00 0.08 0.00 0.01 0.26 0.33 -1 1988
Result 0 0.0 2000 0.47 0.20 0.21 0.20 0.19 0.21 -1 -1 -1 -1 -1
Evo 1.00 0.00 1.00 0.99 1.00 1.00 1.00 0.08 0.00 0.11 0.29 0.33 -1 1988
Result 0 1.0 2000 0.47 0.20 0.20 0.20 0.22 0.19 -1 -1 -1 -1 -1
Evo 1.00 0.00 1.00 0.99 1.00 1.00 1.00 0.08 0.00 0.01 0.26 0.33 -1 1988
Result 0 0.0 2000 0.47 0.18 0.20 0.21 0.20 0.21 -1 -1 -1 -1 -1
Evo 1.00 0.00 1.00 0.99 1.00 1.00 1.00 0.08 0.00 0.01 0.29 0.33 -1 1988
Result 0 0.0 2000 0.46 0.20 0.20 0.21 0.21 0.19 -1 -1 -1 -1 -1
Evo 1.00 0.00 1.00 0.99 1.00 1.00 1.00 0.08 0.00 0.01 0.26 0.33 -1 1988
Result 0 0.0 2000 0.46 0.20 0.20 0.19 0.22 0.20 -1 -1 -1 -1 -1
Evo 1.01 0.00 1.00 0.99 1.00 1.00 1.00 0.08 0.00 0.09 0.29 0.33 -1 1988
Result 0 1.0 2000 0.46 0.19 0.20 0.21 0.21 0.19 -1 -1 -1 -1 -1
Evo 1.00 0.00 1.00 0.99 1.00 1.00 1.00 0.08 0.00 0.05 0.29 0.33 -1 1988
Result 0 1.0 2000 0.45 0.19 0.19 0.21 0.21 0.20 -1 -1 -1 -1 -1
Evo 1.00 0.00 1.00 0.99 1.00 1.00 1.00 0.08 0.00 0.01 0.29 0.33 -1 1988
Result 0 1.0 2000 0.46 0.21 0.19 0.20 0.19 0.21 -1 -1 -1 -1 -1
Evo 1.00 0.00 1.00 0.99 1.00 1.00 1.00 0.08 0.00 0.24 0.29 0.33 -1 1988
Result 0 1.0 2000 0.46 0.21 0.20 0.20 0.20 0.20 -1 -1 -1 -1 -1
Evo 1.00 0.00 1.00 0.99 1.00 1.00 1.00 0.08 0.00 0.01 0.27 0.29 -1 1988
Result 0 0.0 2000 0.45 0.20 0.19 0.19 0.22 0.20 -1 -1 -1 -1 -1
Evo 1.00 0.00 1.00 0.99 1.00 1.00 1.00 0.08 0.00 0.01 0.27 0.29 -1 1988
Result 0 0.0 2000 0.48 0.19 0.22 0.19 0.20 0.20 -1 -1 -1 -1 -1
Evo 1.00 0.00 1.00 0.99 1.00 1.00 1.00 0.08 0.00 0.01 0.27 0.29 -1 1988
Result 0 0.0 2000 0.46 0.21 0.19 0.19 0.20 0.21 -1 -1 -1 -1 -1
Evo 1.00 0.00 1.00 0.99 1.00 1.00 1.00 0.08 0.00 0.01 0.27 0.29 -1 1988
Result 0 0.0 2000 0.46 0.20 0.19 0.21 0.20 0.20 -1 -1 -1 -1 -1
Evo 1.00 0.00 1.00 0.99 1.00 1.00 1.00 0.08 0.00 0.01 0.26 0.29 -1 1988
Result 0 0.0 2000 0.47 0.20 0.21 0.20 0.21 0.18 -1 -1 -1 -1 -1
Evo 1.00 0.00 1.00 0.99 1.00 1.00 1.00 0.08 0.00 0.01 0.26 0.28 -1 1988
Result 0 0.0 2000 0.47 0.21 0.21 0.20 0.19 0.19 -1 -1 -1 -1 -1
Evo 1.00 0.00 1.00 0.99 1.00 1.00 1.00 0.08 0.00 0.01 0.27 0.29 -1 1988
Result 0 0.0 2000 0.46 0.19 0.20 0.20 0.20 0.21 -1 -1 -1 -1 -1
Evo 1.00 0.00 1.00 0.99 1.00 1.00 1.00 0.08 0.00 0.01 0.27 0.29 -1 1988
Result 0 0.0 2000 0.46 0.21 0.19 0.20 0.18 0.21 -1 -1 -1 -1 -1
Evo 1.00 0.00 1.00 0.99 1.00 1.00 1.00 0.08 0.00 0.01 0.26 0.29 -1 1988
Result 0 0.0 2000 0.47 0.20 0.20 0.19 0.20 0.21 -1 -1 -1 -1 -1
Evo 1.00 0.00 1.00 0.99 1.00 1.00 1.00 0.08 0.00 0.01 0.27 0.28 -1 1988
Result 0 0.0 2000 0.46 0.20 0.19 0.21 0.20 0.20 -1 -1 -1 -1 -1
Evo 1.00 0.00 1.00 0.99 1.00 1.00 1.00 0.08 0.00 0.01 0.26 0.29 -1 1988
Result 0 0.0 2000 0.46 0.21 0.19 0.18 0.21 0.21 -1 -1 -1 -1 -1
Evo 1.00 0.00 1.00 0.99 1.00 1.00 1.00 0.08 0.00 0.01 0.14 0.25 -1 1988
Result 0 0.0 2000 0.46 0.20 0.19 0.20 0.21 0.20 -1 -1 -1 -1 -1
Evo 1.00 0.00 1.00 0.99 1.00 1.00 1.00 0.08 0.00 0.01 0.27 0.29 -1 1988
Result 0 0.0 2000 0.47 0.20 0.20 0.19 0.20 0.21 -1 -1 -1 -1 -1
Evo 1.00 0.00 1.00 0.99 1.00 1.00 1.00 0.08 0.00 0.01 0.27 0.29 -1 1988
Result 0 0.0 2000 0.45 0.20 0.19 0.20 0.21 0.19 -1 -1 -1 -1 -1
Evo 1.00 0.00 1.00 0.99 1.00 1.00 1.00 0.08 0.00 0.01 0.27 0.29 -1 1988
Result 0 0.0 2000 0.46 0.19 0.20 0.21 0.20 0.20 -1 -1 -1 -1 -1
Evo 1.00 0.00 1.00 0.99 1.00 1.00 1.00 0.08 0.00 0.01 0.27 0.28 -1 1988
Result 0 0.0 2000 0.46 0.20 0.20 0.20 0.21 0.20 -1 -1 -1 -1 -1
Evo 1.00 0.00 1.00 0.99 1.00 1.00 1.00 0.08 0.00 0.01 0.28 0.29 -1 1988
Result 0 0.0 2000 0.47 0.19 0.20 0.21 0.20 0.19 -1 -1 -1 -1 -1
Evo 1.00 0.00 1.00 0.99 1.00 1.00 1.00 0.08 0.00 0.01 0.27 0.28 -1 1988
Result 0 0.0 2000 0.47 0.21 0.21 0.19 0.21 0.19 -1 -1 -1 -1 -1
Evo 1.00 0.00 1.00 0.99 1.00 1.00 1.00 0.08 0.00 0.01 0.27 0.29 -1 1988
Result 0 0.0 2000 0.46 0.20 0.19 0.20 0.20 0.20 -1 -1 -1 -1 -1
Evo 1.00 0.00 1.00 0.99 1.00 1.00 1.00 0.08 0.00 0.01 0.27 0.28 -1 1988
Result 0 0.0 2000 0.46 0.21 0.20 0.22 0.18 0.19 -1 -1 -1 -1 -1
