Evo 1.08 0.00 1.00 0.88 1.00 1.00 1.00 0.32 0.02 0.03 0.10 0.48 264 32
Result 1 10.0 276 0.40 0.14 0.20 0.14 0.16 0.17 0.19 -1 -1 -1 -1
Evo 1.01 0.50 1.00 0.52 0.50 0.50 0.50 0.11 0.01 0.49 0.13 0.44 264 50
Result 1 10.0 276 0.41 0.15 0.18 0.15 0.15 0.18 0.19 -1 -1 -1 -1
Evo 1.12 0.50 1.00 0.52 0.50 0.50 0.50 0.11 0.01 0.03 0.09 0.31 264 2
Result 1 10.0 276 0.44 0.13 0.21 0.18 0.17 0.17 0.15 -1 -1 -1 -1
Evo 1.03 0.40 1.00 0.52 0.50 0.50 0.50 0.11 0.01 0.03 0.08 0.39 264 0
Result 1 10.0 276 0.39 0.18 0.19 0.13 0.16 0.17 0.17 -1 -1 -1 -1
Evo 1.10 0.50 1.00 0.52 0.50 0.50 0.50 0.09 0.01 0.27 0.14 0.42 306 11
Result 1 7.0 320 0.46 0.16 0.15 0.19 0.17 0.16 0.17 -1 -1 -1 -1
Evo 1.08 0.00 0.50 0.48 0.50 0.50 0.50 0.11 0.01 0.29 0.09 0.38 -1 88
Result 0 3.0 276 0.39 0.19 0.14 0.13 0.20 0.17 0.17 -1 -1 -1 -1
Evo 1.16 0.50 1.00 0.53 0.50 0.50 0.50 0.11 0.01 0.05 0.07 0.32 238 14
Result 1 7.0 258 0.39 0.19 0.16 0.14 0.19 0.15 0.18 -1 -1 -1 -1
Evo 1.11 0.50 1.00 0.52 0.50 0.50 0.50 0.08 0.01 0.03 0.09 0.40 224 37
Result 1 10.0 235 0.42 0.19 0.15 0.16 0.16 0.14 0.20 -1 -1 -1 -1
Evo 1.04 0.50 1.00 0.52 0.50 0.50 0.50 0.11 0.01 0.29 0.13 0.56 265 28
Result 1 10.0 278 0.44 0.17 0.16 0.18 0.14 0.14 0.21 -1 -1 -1 -1
Evo 1.09 0.00 0.50 0.48 0.50 0.50 0.50 0.11 0.01 0.29 0.07 0.32 -1 36
Result 0 3.0 276 0.38 0.19 0.14 0.13 0.22 0.15 0.17 -1 -1 -1 -1
Evo 1.22 0.50 1.00 0.54 0.50 0.50 0.50 0.13 0.01 0.03 0.10 0.45 218 4
Result 1 10.0 241 0.43 0.17 0.15 0.17 0.18 0.17 0.16 -1 -1 -1 -1
Evo 1.04 0.00 0.50 0.48 0.50 0.50 0.50 0.10 0.01 0.03 0.11 0.49 -1 15
Result 0 7.0 289 0.45 0.20 0.20 0.19 0.16 0.12 0.14 -1 -1 -1 -1
Evo 1.08 0.00 0.50 0.48 0.50 0.50 0.50 0.10 0.01 0.25 0.11 0.47 -1 1
Result 0 7.0 287 0.47 0.13 0.16 0.20 0.16 0.13 0.22 -1 -1 -1 -1
Evo 1.07 0.00 0.50 0.48 0.50 0.50 0.50 0.11 0.01 0.49 0.09 0.37 -1 6
Result 0 5.0 276 0.42 0.15 0.19 0.16 0.16 0.15 0.19 -1 -1 -1 -1
Evo 1.04 0.00 0.50 0.48 0.50 0.50 0.50 0.11 0.01 0.03 0.08 0.43 -1 23
Result 0 5.0 276 0.42 0.17 0.18 0.16 0.18 0.15 0.16 -1 -1 -1 -1
Evo 1.10 0.00 0.50 0.48 0.50 0.50 0.50 0.10 0.01 0.07 0.13 0.46 -1 1
Result 0 7.0 287 0.47 0.15 0.15 0.21 0.18 0.16 0.15 -1 -1 -1 -1
Evo 1.06 0.50 1.00 0.52 0.50 0.50 0.50 0.11 0.01 0.48 0.10 0.37 264 11
Result 1 10.0 276 0.39 0.21 0.13 0.13 0.17 0.19 0.16 -1 -1 -1 -1
Evo 1.16 0.50 1.00 0.52 0.50 0.50 0.50 0.10 0.01 0.03 0.12 0.51 271 11
Result 1 10.0 283 0.43 0.14 0.15 0.17 0.16 0.16 0.21 -1 -1 -1 -1
Evo 1.16 0.50 1.00 0.52 0.50 0.50 0.50 0.10 0.01 0.03 0.13 0.49 275 4
Result 1 10.0 287 0.43 0.19 0.15 0.17 0.15 0.17 0.18 -1 -1 -1 -1
Evo 1.01 0.00 0.50 0.48 0.50 0.50 0.50 0.11 0.01 0.29 0.08 0.36 -1 15
Result 0 3.0 276 0.45 0.19 0.17 0.18 0.16 0.18 0.12 -1 -1 -1 -1
Evo 1.23 0.00 0.50 0.48 0.50 0.50 0.50 0.11 0.01 0.03 0.10 0.47 -1 23
Result 0 27.0 276 0.45 0.14 0.14 0.18 0.11 0.20 0.22 -1 -1 -1 -1
Evo 1.15 0.00 0.50 0.46 0.50 0.50 0.50 0.14 0.01 0.45 0.07 0.40 -1 13
Result 0 15.0 154 0.46 0.16 0.17 0.20 0.11 0.10 0.26 -1 -1 -1 -1
Evo 1.28 0.00 0.50 0.46 0.50 0.50 0.50 0.13 0.01 0.04 0.08 0.37 -1 15
Result 0 15.0 176 0.43 0.17 0.19 0.17 0.19 0.11 0.17 -1 -1 -1 -1
Evo 1.15 0.00 0.50 0.45 0.50 0.50 0.50 0.15 0.01 0.45 0.06 0.28 -1 71
Result 0 5.0 121 0.33 0.21 0.16 0.10 0.20 0.13 0.20 -1 -1 -1 -1
Evo 1.23 0.00 0.50 0.46 0.50 0.50 0.50 0.13 0.01 0.04 0.09 0.40 -1 17
Result 0 15.0 176 0.37 0.19 0.19 0.12 0.15 0.16 0.19 -1 -1 -1 -1
Evo 1.44 0.00 0.50 0.46 0.50 0.50 0.50 0.13 0.01 0.04 0.07 0.36 -1 5
Result 0 15.0 176 0.42 0.16 0.16 0.16 0.15 0.15 0.21 -1 -1 -1 -1
Evo 1.30 0.00 0.50 0.46 0.50 0.50 0.50 0.14 0.01 0.05 0.07 0.39 -1 9
Result 0 15.0 154 0.45 0.14 0.20 0.18 0.14 0.17 0.17 -1 -1 -1 -1
Evo 1.32 0.00 0.50 0.46 0.50 0.50 0.50 0.13 0.01 0.04 0.08 0.40 -1 7
Result 0 15.0 176 0.37 0.18 0.20 0.12 0.14 0.18 0.18 -1 -1 -1 -1
Evo 1.31 0.00 0.50 0.46 0.50 0.50 0.50 0.13 0.01 0.07 0.09 0.35 -1 7
Result 0 15.0 176 0.29 0.13 0.23 0.08 0.14 0.17 0.25 -1 -1 -1 -1
Evo 1.25 0.00 0.50 0.44 0.50 0.50 0.50 0.17 0.02 0.27 0.07 0.44 -1 57
Result 0 3.0 99 0.51 0.12 0.16 0.28 0.15 0.14 0.15 -1 -1 -1 -1
Evo 1.23 0.00 0.50 0.46 0.50 0.50 0.50 0.13 0.01 0.07 0.12 0.44 -1 4
Result 0 13.0 176 0.46 0.15 0.15 0.19 0.12 0.20 0.18 -1 -1 -1 -1
Evo 1.75 0.00 0.50 0.47 0.50 0.50 0.50 0.12 0.01 0.04 0.10 0.48 -1 3
Result 0 19.0 199 0.43 0.12 0.21 0.17 0.19 0.13 0.21 -1 -1 -1 -1
Evo 1.56 0.00 0.50 0.46 0.50 0.50 0.50 0.13 0.01 0.04 0.05 0.34 -1 20
Result 0 15.0 176 0.38 0.19 0.15 0.13 0.10 0.20 0.23 -1 -1 -1 -1
Evo 1.55 0.00 0.50 0.47 0.50 0.50 0.50 0.12 0.01 0.20 0.11 0.44 -1 10
Result 0 21.0 198 0.38 0.15 0.17 0.13 0.16 0.17 0.23 -1 -1 -1 -1
Evo 1.30 0.00 0.50 0.45 0.50 0.50 0.50 0.15 0.01 0.10 0.05 0.38 -1 18
Result 0 9.0 121 0.42 0.19 0.15 0.16 0.10 0.18 0.23 -1 -1 -1 -1
Evo 1.13 0.00 0.50 0.46 0.50 0.50 0.50 0.14 0.01 0.05 0.08 0.35 -1 9
Result 0 15.0 154 0.47 0.13 0.20 0.21 0.12 0.16 0.19 -1 -1 -1 -1
Evo 1.24 0.00 0.50 0.46 0.50 0.50 0.50 0.13 0.01 0.04 0.08 0.44 -1 18
Result 0 15.0 176 0.41 0.18 0.15 0.15 0.14 0.19 0.19 -1 -1 -1 -1
Evo 1.20 0.00 0.50 0.46 0.50 0.50 0.50 0.13 0.01 0.04 0.08 0.41 -1 13
Result 0 15.0 176 0.38 0.19 0.19 0.13 0.14 0.15 0.20 -1 -1 -1 -1
Evo 1.31 0.00 0.50 0.44 0.50 0.50 0.50 0.17 0.02 0.11 0.07 0.41 -1 31
Result 0 3.0 99 0.47 0.13 0.16 0.21 0.20 0.12 0.18 -1 -1 -1 -1
Evo 1.50 0.00 0.50 0.47 0.50 0.50 0.50 0.11 0.01 0.09 0.11 0.49 -1 6
Result 0 27.0 254 0.46 0.17 0.15 0.19 0.16 0.14 0.19 -1 -1 -1 -1
Evo 1.48 0.00 0.50 0.48 0.50 0.50 0.50 0.08 0.01 0.33 0.08 0.35 -1 41
Result 0 9.0 183 0.44 0.18 0.17 0.17 0.13 0.15 0.20 -1 -1 -1 -1
Evo 1.14 0.00 0.50 0.48 0.50 0.50 0.50 0.11 0.01 0.03 0.09 0.40 -1 22
Result 0 7.0 276 0.45 0.16 0.18 0.18 0.16 0.14 0.18 -1 -1 -1 -1
Evo 1.09 0.00 0.50 0.49 0.50 0.50 0.50 0.08 0.01 0.36 0.09 0.33 -1 95
Result 0 11.0 218 0.47 0.16 0.16 0.20 0.14 0.19 0.16 -1 -1 -1 -1
Evo 1.20 0.00 0.50 0.47 0.50 0.50 0.50 0.10 0.01 0.04 0.08 0.31 -1 50
Result 0 7.0 178 0.40 0.12 0.23 0.15 0.15 0.16 0.20 -1 -1 -1 -1
Evo 1.15 0.00 0.50 0.49 0.50 0.50 0.50 0.08 0.00 0.10 0.08 0.33 -1 25
Result 0 7.0 242 0.47 0.14 0.16 0.20 0.17 0.15 0.18 -1 -1 -1 -1
Evo 1.28 0.50 1.00 0.53 0.50 0.50 0.50 0.11 0.01 0.23 0.07 0.36 204 36
Result 1 18.0 219 0.46 0.16 0.17 0.19 0.16 0.16 0.15 -1 -1 -1 -1
Evo 1.38 0.00 0.50 0.48 0.50 0.50 0.50 0.10 0.01 0.04 0.10 0.40 -1 90
Result 0 7.0 184 0.41 0.17 0.17 0.15 0.14 0.17 0.21 -1 -1 -1 -1
Evo 1.31 0.00 0.50 0.46 0.50 0.50 0.50 0.14 0.01 0.12 0.09 0.42 -1 25
Result 0 7.0 144 0.46 0.18 0.16 0.19 0.14 0.15 0.17 -1 -1 -1 -1
Evo 1.13 0.00 0.50 0.48 0.50 0.50 0.50 0.11 0.01 0.12 0.13 0.44 -1 57
Result 0 7.0 268 0.42 0.17 0.19 0.16 0.15 0.17 0.16 -1 -1 -1 -1
Evo 1.25 0.50 1.00 0.52 0.50 0.50 0.50 0.10 0.01 0.03 0.13 0.44 236 21
Result 1 15.0 267 0.41 0.15 0.18 0.15 0.17 0.16 0.19 -1 -1 -1 -1
Evo 1.84 0.00 0.50 0.48 0.50 0.50 0.50 0.08 0.01 0.25 0.10 0.42 -1 60
Result 0 9.0 176 0.43 0.19 0.15 0.17 0.16 0.16 0.16 -1 -1 -1 -1
Evo 1.15 0.50 1.00 0.50 0.50 0.50 0.50 0.04 0.00 0.01 0.26 0.67 1161 44
Result 1 15.0 1177 0.43 0.15 0.18 0.17 0.15 0.17 0.19 -1 -1 -1 -1
Evo 1.75 0.50 0.50 0.50 0.50 0.50 0.50 0.00 0.00 0.04 0.07 0.42 -1 40
Result 0 12.0 185 0.44 0.17 0.13 0.17 0.13 0.16 0.24 -1 -1 -1 -1
Evo 1.49 0.00 0.50 0.49 0.50 0.50 0.50 0.07 0.01 0.04 0.11 0.53 -1 39
Result 0 9.0 175 0.42 0.17 0.16 0.16 0.17 0.15 0.19 -1 -1 -1 -1
Evo 1.50 0.50 1.00 0.52 0.50 0.50 0.50 0.10 0.01 0.08 0.06 0.33 223 62
Result 1 12.0 233 0.41 0.16 0.17 0.15 0.18 0.15 0.20 -1 -1 -1 -1
Evo 1.28 0.50 1.00 0.52 0.50 0.50 0.50 0.09 0.01 0.03 0.11 0.44 232 21
Result 1 15.0 240 0.39 0.19 0.17 0.14 0.16 0.15 0.20 -1 -1 -1 -1
Evo 1.13 0.00 0.50 0.49 0.50 0.50 0.50 0.06 0.00 0.04 0.07 0.28 -1 17
Result 0 5.0 181 0.39 0.17 0.19 0.14 0.16 0.19 0.15 -1 -1 -1 -1
Evo 1.28 0.00 0.50 0.46 0.50 0.50 0.50 0.14 0.01 0.11 0.07 0.36 -1 27
Result 0 7.0 146 0.39 0.19 0.15 0.14 0.10 0.17 0.26 -1 -1 -1 -1
Evo 1.33 0.50 0.50 0.50 0.50 0.50 0.50 0.00 0.00 0.53 0.06 0.31 -1 59
Result 0 1.0 98 0.45 0.13 0.17 0.18 0.19 0.20 0.12 -1 -1 -1 -1
Evo 1.22 0.00 0.50 0.49 0.50 0.50 0.50 0.08 0.01 0.44 0.10 0.34 -1 15
Result 0 5.0 195 0.39 0.16 0.17 0.13 0.12 0.23 0.19 -1 -1 -1 -1
Evo 1.37 0.00 0.50 0.44 0.50 0.50 0.50 0.16 0.02 0.06 0.03 0.27 -1 1
Result 0 2.0 110 0.40 0.15 0.20 0.14 0.18 0.11 0.22 -1 -1 -1 -1
Evo 1.57 0.00 0.50 0.48 0.50 0.50 0.50 0.11 0.01 0.10 0.13 0.48 -1 45
Result 0 16.0 275 0.41 0.17 0.16 0.15 0.16 0.18 0.19 -1 -1 -1 -1
Evo 1.52 0.00 0.50 0.44 0.50 0.50 0.50 0.16 0.02 0.29 0.06 0.27 -1 26
Result 0 2.0 110 0.41 0.21 0.19 0.15 0.16 0.15 0.14 -1 -1 -1 -1
Evo 1.11 0.00 0.50 0.44 0.50 0.50 0.50 0.16 0.02 0.06 0.05 0.27 -1 98
Result 0 0.0 110 0.45 0.14 0.14 0.19 0.19 0.15 0.20 -1 -1 -1 -1
Evo 1.46 0.00 0.50 0.44 0.50 0.50 0.50 0.16 0.02 0.06 0.07 0.38 -1 24
Result 0 0.0 110 0.35 0.15 0.14 0.11 0.19 0.23 0.18 -1 -1 -1 -1
Evo 1.41 0.00 0.50 0.44 0.50 0.50 0.50 0.16 0.02 0.06 0.02 0.26 -1 51
Result 0 2.0 110 0.39 0.15 0.21 0.14 0.15 0.15 0.20 -1 -1 -1 -1
Evo 1.52 0.50 1.00 0.52 0.50 0.50 0.50 0.09 0.01 0.07 0.09 0.32 280 37
Result 1 22.0 291 0.43 0.15 0.15 0.16 0.17 0.19 0.17 -1 -1 -1 -1
Evo 1.43 0.00 0.50 0.44 0.50 0.50 0.50 0.16 0.02 0.14 0.05 0.28 -1 7
Result 0 2.0 110 0.44 0.24 0.15 0.17 0.14 0.15 0.14 -1 -1 -1 -1
Evo 1.11 0.00 0.50 0.44 0.50 0.50 0.50 0.16 0.02 0.10 0.05 0.27 -1 22
Result 0 0.0 110 0.46 0.14 0.16 0.20 0.18 0.16 0.15 -1 -1 -1 -1
Evo 1.11 0.50 1.00 0.52 0.50 0.50 0.50 0.10 0.01 0.03 0.14 0.51 288 25
Result 1 22.0 307 0.44 0.18 0.14 0.17 0.19 0.16 0.17 -1 -1 -1 -1
Evo 1.50 0.00 0.50 0.44 0.50 0.50 0.50 0.16 0.02 0.25 0.04 0.30 -1 44
Result 0 2.0 110 0.41 0.20 0.19 0.15 0.11 0.16 0.19 -1 -1 -1 -1
Evo 1.07 0.00 0.50 0.44 0.50 0.50 0.50 0.16 0.02 0.17 0.03 0.27 -1 9
Result 0 0.0 110 0.45 0.14 0.15 0.18 0.14 0.15 0.23 -1 -1 -1 -1
Evo 1.49 0.00 0.50 0.48 0.50 0.50 0.50 0.09 0.01 0.05 0.08 0.30 -1 2
Result 0 8.0 161 0.40 0.22 0.20 0.14 0.12 0.17 0.14 -1 -1 -1 -1
Evo 1.60 0.00 0.50 0.44 0.50 0.50 0.50 0.16 0.02 0.29 0.05 0.28 -1 23
Result 0 2.0 110 0.41 0.15 0.23 0.15 0.11 0.08 0.27 -1 -1 -1 -1
Evo 1.41 0.00 0.50 0.44 0.50 0.50 0.50 0.16 0.02 0.17 0.04 0.33 -1 9
Result 0 2.0 110 0.39 0.15 0.15 0.14 0.17 0.21 0.18 -1 -1 -1 -1
Evo 1.27 0.00 0.50 0.44 0.50 0.50 0.50 0.16 0.02 0.25 0.06 0.28 -1 21
Result 0 2.0 110 0.45 0.20 0.15 0.18 0.12 0.18 0.17 -1 -1 -1 -1
Evo 1.16 0.00 0.50 0.44 0.50 0.50 0.50 0.16 0.02 0.14 0.04 0.32 -1 19
Result 0 0.0 110 0.46 0.20 0.16 0.20 0.16 0.15 0.13 -1 -1 -1 -1
Evo 1.48 0.00 0.50 0.46 0.50 0.50 0.50 0.11 0.01 0.09 0.02 0.22 -1 45
Result 0 -2.0 63 0.38 0.19 0.13 0.13 0.16 0.17 0.23 -1 -1 -1 -1
Evo 1.19 0.00 0.50 0.44 0.50 0.50 0.50 0.16 0.02 0.27 0.04 0.27 -1 10
Result 0 2.0 110 0.43 0.23 0.20 0.16 0.14 0.13 0.14 -1 -1 -1 -1
Evo 1.12 0.00 0.50 0.44 0.50 0.50 0.50 0.16 0.02 0.14 0.05 0.31 -1 4
Result 0 0.0 110 0.41 0.16 0.15 0.15 0.14 0.24 0.14 -1 -1 -1 -1
Evo 1.15 0.50 1.00 0.53 0.50 0.50 0.50 0.11 0.01 0.11 0.13 0.54 234 4
Result 1 30.0 246 0.43 0.21 0.15 0.16 0.14 0.16 0.17 -1 -1 -1 -1
Evo 1.76 0.50 1.00 0.52 0.50 0.50 0.50 0.09 0.01 0.03 0.14 0.53 225 33
Result 1 27.0 237 0.45 0.18 0.13 0.18 0.16 0.19 0.16 -1 -1 -1 -1
Evo 1.30 0.50 1.00 0.52 0.50 0.50 0.50 0.09 0.00 0.04 0.11 0.51 352 4
Result 1 27.0 364 0.40 0.18 0.18 0.14 0.16 0.16 0.18 -1 -1 -1 -1
Evo 1.03 0.50 1.00 0.52 0.50 0.50 0.50 0.09 0.00 0.07 0.11 0.34 352 2
Result 1 27.0 364 0.38 0.19 0.17 0.13 0.13 0.22 0.16 -1 -1 -1 -1
Evo 1.58 0.50 1.00 0.53 0.50 0.50 0.50 0.11 0.01 0.05 0.14 0.62 260 3
Result 1 33.0 276 0.43 0.17 0.14 0.17 0.16 0.19 0.17 -1 -1 -1 -1
Evo 1.48 0.50 0.50 0.50 0.50 0.50 0.50 0.00 0.00 0.06 0.06 0.38 -1 10
Result 0 10.0 120 0.44 0.18 0.18 0.17 0.12 0.13 0.21 -1 -1 -1 -1
Evo 1.43 0.50 1.00 0.53 0.50 0.50 0.50 0.12 0.01 0.03 0.13 0.59 210 5
Result 1 30.0 224 0.38 0.19 0.16 0.13 0.16 0.16 0.19 -1 -1 -1 -1
Evo 1.18 0.50 1.00 0.52 0.50 0.50 0.50 0.10 0.01 0.02 0.11 0.47 330 25
Result 1 27.0 342 0.42 0.17 0.17 0.16 0.18 0.17 0.15 -1 -1 -1 -1
Evo 1.45 0.00 0.50 0.48 0.50 0.50 0.50 0.11 0.01 0.03 0.12 0.35 -1 2
Result 0 22.0 275 0.42 0.17 0.15 0.16 0.18 0.18 0.16 -1 -1 -1 -1
Evo 1.32 0.50 1.00 0.52 0.50 0.50 0.50 0.10 0.01 0.03 0.12 0.47 286 7
Result 1 30.0 298 0.42 0.16 0.18 0.16 0.16 0.14 0.20 -1 -1 -1 -1
Evo 1.24 0.50 1.00 0.52 0.50 0.50 0.50 0.09 0.00 0.02 0.10 0.43 352 11
Result 1 27.0 364 0.42 0.17 0.16 0.16 0.12 0.19 0.20 -1 -1 -1 -1
Evo 1.19 0.00 0.50 0.48 0.50 0.50 0.50 0.10 0.01 0.03 0.11 0.45 -1 22
Result 0 16.0 332 0.45 0.17 0.17 0.19 0.16 0.15 0.17 -1 -1 -1 -1
Evo 1.40 0.50 1.00 0.52 0.50 0.50 0.50 0.09 0.00 0.02 0.11 0.37 374 25
Result 1 27.0 386 0.38 0.17 0.20 0.13 0.15 0.19 0.17 -1 -1 -1 -1
Evo 1.46 0.50 1.00 0.53 0.50 0.50 0.50 0.12 0.01 0.07 0.12 0.63 254 4
Result 1 30.0 270 0.40 0.16 0.18 0.14 0.15 0.19 0.18 -1 -1 -1 -1
Evo 1.71 0.50 0.50 0.50 0.50 0.50 0.50 0.00 0.00 0.07 0.05 0.33 -1 1
Result 0 11.0 101 0.31 0.17 0.23 0.09 0.10 0.23 0.20 -1 -1 -1 -1
Evo 1.13 0.50 1.00 0.52 0.50 0.50 0.50 0.09 0.00 0.21 0.12 0.38 352 4
Result 1 27.0 364 0.41 0.15 0.18 0.15 0.13 0.16 0.22 -1 -1 -1 -1
Evo 1.46 0.50 1.00 0.52 0.50 0.50 0.50 0.10 0.01 0.02 0.13 0.49 330 7
Result 1 30.0 342 0.44 0.19 0.17 0.18 0.15 0.17 0.15 -1 -1 -1 -1
Evo 1.20 0.00 0.50 0.48 0.50 0.50 0.50 0.09 0.01 0.16 0.11 0.48 -1 21
Result 0 20.0 353 0.43 0.19 0.15 0.17 0.17 0.16 0.17 -1 -1 -1 -1
Evo 1.58 0.50 1.00 0.52 0.50 0.50 0.50 0.11 0.01 0.05 0.11 0.51 264 15
Result 1 30.0 276 0.40 0.20 0.16 0.14 0.16 0.15 0.18 -1 -1 -1 -1
Evo 1.58 0.50 1.00 0.52 0.50 0.50 0.50 0.10 0.01 0.24 0.15 0.51 288 20
Result 1 27.0 302 0.45 0.16 0.16 0.18 0.16 0.16 0.19 -1 -1 -1 -1
