Evo 2.24 0.00 1.00 0.89 0.92 0.98 1.00 0.26 0.02 0.03 0.28 0.63 228 -1
Result 1 38.0 261 0.46 0.20 0.16 0.24 0.19 0.21 -1 -1 -1 -1 -1
Evo 1.60 0.00 1.00 0.03 0.00 0.00 0.00 0.18 0.01 0.03 0.21 0.51 254 -1
Result 1 34.0 295 0.49 0.23 0.17 0.24 0.18 0.18 -1 -1 -1 -1 -1
Evo 1.81 0.00 1.00 0.05 0.00 0.00 0.00 0.20 0.01 0.06 0.19 0.55 222 -1
Result 1 32.0 242 0.42 0.16 0.16 0.25 0.25 0.19 -1 -1 -1 -1 -1
Evo 1.49 0.00 1.00 0.07 0.00 0.00 0.00 0.26 0.01 0.05 0.35 0.58 420 -1
Result 1 22.0 455 0.46 0.19 0.20 0.23 0.18 0.19 -1 -1 -1 -1 -1
Evo 1.72 0.00 1.00 0.12 0.00 0.00 0.00 0.30 0.02 0.11 0.19 0.47 140 -1
Result 1 26.0 163 0.51 0.27 0.14 0.24 0.16 0.18 -1 -1 -1 -1 -1
Evo 1.27 0.00 0.50 0.08 0.00 0.00 0.00 0.17 0.01 0.03 0.20 0.38 -1 218
Result 0 22.0 274 0.44 0.17 0.19 0.22 0.21 0.21 -1 -1 -1 -1 -1
Evo 2.46 0.50 1.00 0.55 0.50 0.50 0.50 0.15 0.01 0.07 0.31 0.60 231 -1
Result 1 38.0 263 0.48 0.22 0.20 0.23 0.15 0.20 -1 -1 -1 -1 -1
Evo 1.86 0.00 0.50 0.50 0.50 0.50 0.50 0.03 0.00 0.02 0.35 0.67 -1 154
Result 0 58.0 394 0.48 0.22 0.19 0.22 0.20 0.18 -1 -1 -1 -1 -1
Evo 2.57 0.50 1.00 0.53 0.50 0.50 0.50 0.12 0.01 0.22 0.18 0.52 108 -1
Result 1 24.0 116 0.42 0.15 0.19 0.26 0.20 0.20 -1 -1 -1 -1 -1
Evo 1.67 0.50 1.00 0.53 0.50 0.50 0.50 0.11 0.01 0.07 0.33 0.67 258 -1
Result 1 34.0 278 0.43 0.16 0.15 0.26 0.22 0.21 -1 -1 -1 -1 -1
Evo 2.06 0.50 1.00 0.52 0.50 0.50 0.50 0.08 0.01 0.03 0.22 0.58 212 -1
Result 1 32.0 231 0.46 0.19 0.20 0.20 0.18 0.23 -1 -1 -1 -1 -1
Evo 1.95 0.50 1.00 0.54 0.50 0.50 0.50 0.13 0.01 0.03 0.32 0.67 297 -1
Result 1 38.0 328 0.46 0.19 0.19 0.25 0.16 0.20 -1 -1 -1 -1 -1
Evo 1.90 0.50 1.00 0.62 0.50 0.50 0.60 0.21 0.01 0.08 0.39 0.64 294 -1
Result 1 38.0 405 0.46 0.19 0.18 0.20 0.21 0.21 -1 -1 -1 -1 -1
Evo 1.95 0.50 1.00 0.52 0.50 0.50 0.50 0.10 0.01 0.07 0.33 0.66 263 -1
Result 1 64.0 288 0.45 0.18 0.19 0.21 0.18 0.24 -1 -1 -1 -1 -1
Evo 1.72 0.00 0.50 0.49 0.50 0.50 0.50 0.06 0.00 0.13 0.12 0.28 -1 198
Result 0 10.0 243 0.46 0.20 0.19 0.23 0.21 0.18 -1 -1 -1 -1 -1
Evo 1.24 0.00 0.50 0.50 0.50 0.50 0.50 0.03 0.00 0.07 0.11 0.27 -1 225
Result 0 10.0 274 0.47 0.20 0.21 0.20 0.23 0.15 -1 -1 -1 -1 -1
Evo 1.29 0.50 1.00 0.57 0.50 0.50 0.50 0.17 0.01 0.04 0.19 0.51 163 -1
Result 1 16.0 197 0.45 0.18 0.19 0.23 0.22 0.18 -1 -1 -1 -1 -1
Evo 1.93 0.50 1.00 0.57 0.50 0.50 0.50 0.16 0.02 0.17 0.18 0.51 84 -1
Result 1 14.0 112 0.47 0.21 0.15 0.26 0.20 0.18 -1 -1 -1 -1 -1
Evo 2.13 0.50 1.00 0.56 0.50 0.50 0.50 0.16 0.01 0.03 0.25 0.56 190 -1
Result 1 16.0 255 0.45 0.19 0.20 0.22 0.21 0.18 -1 -1 -1 -1 -1
Evo 1.50 0.50 1.00 0.61 0.50 0.50 0.50 0.20 0.02 0.05 0.20 0.50 102 -1
Result 1 24.0 134 0.38 0.13 0.19 0.28 0.22 0.19 -1 -1 -1 -1 -1
Evo 4.19 0.50 1.00 0.54 0.50 0.50 0.50 0.13 0.01 0.18 0.20 0.65 92 -1
Result 1 30.0 104 0.43 0.16 0.19 0.18 0.15 0.31 -1 -1 -1 -1 -1
Evo 1.53 0.50 1.00 0.51 0.50 0.50 0.50 0.07 0.00 0.04 0.32 0.65 344 -1
Result 1 34.0 374 0.43 0.17 0.22 0.21 0.19 0.21 -1 -1 -1 -1 -1
Evo 2.76 0.50 1.00 0.55 0.50 0.50 0.50 0.15 0.01 0.09 0.23 0.70 113 -1
Result 1 30.0 129 0.48 0.22 0.20 0.15 0.15 0.27 -1 -1 -1 -1 -1
Evo 2.84 0.50 1.00 0.55 0.50 0.50 0.50 0.14 0.01 0.03 0.31 0.70 240 -1
Result 1 30.0 267 0.49 0.23 0.19 0.18 0.19 0.22 -1 -1 -1 -1 -1
Evo 1.85 0.50 1.00 0.52 0.50 0.50 0.50 0.08 0.00 0.07 0.34 0.70 240 -1
Result 1 32.0 264 0.47 0.20 0.21 0.21 0.20 0.17 -1 -1 -1 -1 -1
Evo 1.48 0.50 1.00 0.54 0.50 0.50 0.50 0.14 0.01 0.02 0.48 0.69 554 -1
Result 1 32.0 603 0.47 0.21 0.19 0.21 0.19 0.20 -1 -1 -1 -1 -1
Evo 2.32 0.50 1.00 0.54 0.50 0.50 0.50 0.12 0.01 0.05 0.23 0.70 91 -1
Result 1 30.0 148 0.47 0.21 0.19 0.17 0.18 0.24 -1 -1 -1 -1 -1
Evo 1.28 0.50 1.00 0.51 0.50 0.50 0.50 0.07 0.00 0.03 0.38 0.59 556 -1
Result 1 32.0 586 0.45 0.19 0.20 0.21 0.19 0.22 -1 -1 -1 -1 -1
Evo 3.17 0.50 1.00 0.60 0.50 0.50 0.50 0.18 0.02 0.06 0.18 0.66 78 -1
Result 1 28.0 104 0.51 0.27 0.20 0.15 0.12 0.26 -1 -1 -1 -1 -1
Evo 1.26 0.50 1.00 0.51 0.50 0.50 0.50 0.05 0.00 0.03 0.47 0.70 1016 -1
Result 1 34.0 1046 0.47 0.21 0.19 0.22 0.18 0.20 -1 -1 -1 -1 -1
Evo 1.66 0.50 1.00 0.55 0.50 0.50 0.50 0.14 0.01 0.11 0.27 0.70 216 -1
Result 1 28.0 245 0.45 0.19 0.21 0.21 0.20 0.19 -1 -1 -1 -1 -1
Evo 1.52 0.50 1.00 0.51 0.50 0.50 0.50 0.08 0.00 0.03 0.41 0.69 550 -1
Result 1 32.0 659 0.46 0.19 0.21 0.20 0.18 0.21 -1 -1 -1 -1 -1
Evo 1.52 0.50 1.00 0.51 0.50 0.50 0.50 0.06 0.00 0.04 0.33 0.61 413 -1
Result 1 30.0 431 0.48 0.22 0.22 0.19 0.19 0.19 -1 -1 -1 -1 -1
Evo 2.28 0.50 1.00 0.59 0.50 0.50 0.50 0.19 0.02 0.11 0.23 0.69 88 -1
Result 1 30.0 109 0.44 0.17 0.19 0.16 0.16 0.31 -1 -1 -1 -1 -1
Evo 1.63 0.50 1.00 0.52 0.50 0.50 0.50 0.09 0.00 0.02 0.31 0.69 460 -1
Result 1 34.0 480 0.45 0.18 0.24 0.19 0.19 0.20 -1 -1 -1 -1 -1
Evo 2.70 0.50 1.00 0.57 0.50 0.50 0.50 0.17 0.01 0.13 0.28 0.69 144 -1
Result 1 30.0 170 0.47 0.20 0.18 0.23 0.17 0.22 -1 -1 -1 -1 -1
Evo 1.92 0.50 1.00 0.52 0.50 0.50 0.50 0.09 0.00 0.02 0.36 0.69 413 -1
Result 1 34.0 448 0.46 0.19 0.21 0.20 0.20 0.20 -1 -1 -1 -1 -1
Evo 2.57 0.50 1.00 0.62 0.50 0.50 0.70 0.20 0.02 0.10 0.21 0.68 75 -1
Result 1 30.0 114 0.42 0.16 0.19 0.17 0.17 0.31 -1 -1 -1 -1 -1
Evo 2.82 0.50 1.00 0.52 0.50 0.50 0.50 0.10 0.01 0.04 0.22 0.70 161 -1
Result 1 30.0 180 0.49 0.23 0.18 0.24 0.15 0.20 -1 -1 -1 -1 -1
Evo 2.19 0.50 1.00 0.53 0.50 0.50 0.50 0.10 0.01 0.05 0.25 0.69 241 -1
Result 1 30.0 257 0.47 0.20 0.19 0.19 0.19 0.22 -1 -1 -1 -1 -1
Evo 1.78 0.50 1.00 0.53 0.50 0.50 0.50 0.12 0.01 0.02 0.45 0.71 485 -1
Result 1 52.0 521 0.47 0.20 0.17 0.21 0.22 0.20 -1 -1 -1 -1 -1
Evo 3.59 0.50 1.00 0.55 0.50 0.50 0.50 0.14 0.01 0.06 0.19 0.59 81 -1
Result 1 56.0 105 0.42 0.16 0.15 0.28 0.19 0.22 -1 -1 -1 -1 -1
Evo 2.46 0.50 1.00 0.52 0.50 0.50 0.50 0.11 0.01 0.04 0.27 0.70 161 -1
Result 1 52.0 170 0.45 0.19 0.22 0.22 0.22 0.16 -1 -1 -1 -1 -1
Evo 1.87 0.50 0.50 0.50 0.50 0.50 0.50 0.00 0.00 0.03 0.28 0.66 -1 117
Result 0 46.0 279 0.49 0.23 0.17 0.24 0.18 0.19 -1 -1 -1 -1 -1
Evo 1.88 0.50 1.00 0.54 0.50 0.50 0.50 0.14 0.01 0.03 0.38 0.71 282 -1
Result 1 52.0 317 0.46 0.19 0.19 0.20 0.19 0.22 -1 -1 -1 -1 -1
Evo 2.25 0.50 1.00 0.58 0.50 0.50 0.50 0.18 0.01 0.04 0.35 0.69 183 -1
Result 1 50.0 221 0.44 0.17 0.19 0.23 0.18 0.23 -1 -1 -1 -1 -1
Evo 3.25 0.50 1.00 0.53 0.50 0.50 0.50 0.12 0.01 0.11 0.24 0.68 143 -1
Result 1 46.0 154 0.42 0.15 0.18 0.27 0.21 0.18 -1 -1 -1 -1 -1
Evo 2.16 0.50 1.00 0.56 0.50 0.50 0.50 0.16 0.01 0.03 0.38 0.68 273 -1
Result 1 54.0 318 0.44 0.18 0.19 0.24 0.21 0.18 -1 -1 -1 -1 -1
Evo 2.83 0.50 1.00 0.54 0.50 0.50 0.50 0.12 0.01 0.04 0.30 0.71 158 -1
Result 1 52.0 215 0.46 0.20 0.20 0.25 0.18 0.17 -1 -1 -1 -1 -1
Evo 2.77 0.50 1.00 0.55 0.50 0.50 0.50 0.14 0.01 0.05 0.23 0.64 104 -1
Result 1 54.0 147 0.45 0.18 0.18 0.26 0.24 0.14 -1 -1 -1 -1 -1
Evo 1.96 0.50 1.00 0.52 0.50 0.50 0.50 0.10 0.01 0.04 0.28 0.63 213 -1
Result 1 48.0 221 0.43 0.17 0.20 0.22 0.21 0.20 -1 -1 -1 -1 -1
Evo 2.01 0.50 1.00 0.53 0.50 0.50 0.50 0.11 0.01 0.03 0.33 0.70 244 -1
Result 1 52.0 281 0.42 0.16 0.18 0.26 0.20 0.21 -1 -1 -1 -1 -1
Evo 2.40 0.50 1.00 0.52 0.50 0.50 0.50 0.10 0.01 0.04 0.26 0.64 188 -1
Result 1 54.0 210 0.47 0.20 0.18 0.24 0.18 0.19 -1 -1 -1 -1 -1
Evo 1.60 0.50 1.00 0.53 0.50 0.50 0.50 0.11 0.00 0.01 0.45 0.71 663 116
Result 1 58.0 727 0.47 0.21 0.19 0.22 0.19 0.19 -1 -1 -1 -1 -1
Evo 1.44 0.50 1.00 0.51 0.50 0.50 0.50 0.07 0.00 0.03 0.39 0.70 447 -1
Result 1 54.0 464 0.48 0.22 0.15 0.24 0.19 0.20 -1 -1 -1 -1 -1
Evo 3.92 0.50 1.00 0.54 0.50 0.50 0.50 0.14 0.01 0.04 0.30 0.63 161 -1
Result 1 52.0 182 0.44 0.17 0.16 0.27 0.19 0.20 -1 -1 -1 -1 -1
Evo 2.02 0.50 1.00 0.53 0.50 0.50 0.50 0.11 0.00 0.02 0.39 0.71 409 274
Result 1 56.0 451 0.45 0.18 0.20 0.22 0.18 0.22 -1 -1 -1 -1 -1
Evo 2.82 0.50 1.00 0.53 0.50 0.50 0.50 0.12 0.01 0.05 0.25 0.68 128 -1
Result 1 52.0 141 0.43 0.16 0.20 0.23 0.24 0.18 -1 -1 -1 -1 -1
Evo 2.74 0.50 1.00 0.54 0.50 0.50 0.50 0.14 0.01 0.05 0.24 0.68 118 -1
Result 1 54.0 134 0.46 0.19 0.17 0.30 0.16 0.18 -1 -1 -1 -1 -1
Evo 2.73 0.50 1.00 0.60 0.50 0.50 0.50 0.20 0.02 0.05 0.24 0.67 113 -1
Result 1 52.0 150 0.47 0.21 0.18 0.23 0.23 0.15 -1 -1 -1 -1 -1
Evo 2.20 0.50 1.00 0.53 0.50 0.50 0.50 0.11 0.01 0.05 0.24 0.67 131 -1
Result 1 22.0 147 0.45 0.18 0.16 0.24 0.15 0.27 -1 -1 -1 -1 -1
Evo 1.69 0.50 1.00 0.62 0.50 0.50 0.60 0.20 0.02 0.07 0.18 0.67 71 -1
Result 1 22.0 101 0.41 0.15 0.21 0.14 0.19 0.32 -1 -1 -1 -1 -1
Evo 2.93 0.50 1.00 0.56 0.50 0.50 0.50 0.14 0.01 0.12 0.24 0.69 65 -1
Result 1 22.0 136 0.50 0.25 0.19 0.14 0.15 0.27 -1 -1 -1 -1 -1
Evo 2.15 0.50 1.00 0.54 0.50 0.50 0.50 0.12 0.01 0.09 0.24 0.69 97 -1
Result 1 22.0 138 0.51 0.27 0.18 0.19 0.17 0.19 -1 -1 -1 -1 -1
Evo 2.32 0.50 1.00 0.54 0.50 0.50 0.50 0.13 0.01 0.09 0.21 0.70 124 -1
Result 1 28.0 135 0.45 0.18 0.23 0.19 0.18 0.22 -1 -1 -1 -1 -1
Evo 2.59 0.50 1.00 0.59 0.50 0.50 0.50 0.19 0.02 0.06 0.19 0.65 84 -1
Result 1 22.0 104 0.48 0.22 0.24 0.18 0.17 0.19 -1 -1 -1 -1 -1
Evo 1.70 0.50 1.00 0.51 0.50 0.50 0.50 0.06 0.00 0.02 0.39 0.71 557 -1
Result 1 22.0 575 0.48 0.22 0.18 0.18 0.20 0.22 -1 -1 -1 -1 -1
Evo 2.95 0.50 1.00 0.59 0.50 0.50 0.50 0.18 0.02 0.13 0.21 0.69 94 -1
Result 1 22.0 129 0.46 0.19 0.17 0.18 0.15 0.31 -1 -1 -1 -1 -1
Evo 3.19 0.50 1.00 0.59 0.50 0.50 0.50 0.19 0.02 0.05 0.23 0.70 84 -1
Result 1 24.0 127 0.48 0.22 0.20 0.20 0.19 0.20 -1 -1 -1 -1 -1
Evo 2.10 0.50 1.00 0.54 0.50 0.50 0.50 0.14 0.01 0.14 0.19 0.69 96 -1
Result 1 22.0 109 0.50 0.25 0.20 0.11 0.16 0.27 -1 -1 -1 -1 -1
Evo 1.68 0.50 1.00 0.53 0.50 0.50 0.50 0.11 0.01 0.06 0.31 0.71 223 -1
Result 1 22.0 241 0.43 0.17 0.21 0.20 0.20 0.21 -1 -1 -1 -1 -1
Evo 1.85 0.50 1.00 0.55 0.50 0.50 0.50 0.13 0.01 0.06 0.21 0.64 70 -1
Result 1 24.0 331 0.49 0.23 0.19 0.20 0.16 0.22 -1 -1 -1 -1 -1
Evo 2.53 0.50 1.00 0.59 0.50 0.50 0.50 0.19 0.02 0.06 0.20 0.69 96 -1
Result 1 24.0 118 0.44 0.18 0.23 0.14 0.18 0.28 -1 -1 -1 -1 -1
Evo 3.83 0.50 1.00 0.55 0.50 0.50 0.50 0.14 0.01 0.07 0.21 0.69 76 -1
Result 1 24.0 96 0.46 0.20 0.18 0.24 0.13 0.26 -1 -1 -1 -1 -1
Evo 1.93 0.50 1.00 0.58 0.50 0.50 0.50 0.18 0.02 0.07 0.15 0.65 64 -1
Result 1 22.0 86 0.46 0.20 0.21 0.16 0.17 0.26 -1 -1 -1 -1 -1
Evo 2.79 0.50 1.00 0.55 0.50 0.50 0.50 0.14 0.01 0.05 0.23 0.71 118 -1
Result 1 24.0 153 0.49 0.23 0.19 0.13 0.21 0.23 -1 -1 -1 -1 -1
Evo 1.43 0.50 1.00 0.53 0.50 0.50 0.50 0.11 0.01 0.02 0.32 0.70 336 -1
Result 1 24.0 383 0.47 0.21 0.15 0.22 0.20 0.23 -1 -1 -1 -1 -1
Evo 2.83 0.50 1.00 0.53 0.50 0.50 0.50 0.10 0.01 0.28 0.19 0.72 97 -1
Result 1 24.0 116 0.50 0.26 0.17 0.12 0.18 0.27 -1 -1 -1 -1 -1
Evo 2.43 0.50 1.00 0.60 0.50 0.50 0.60 0.19 0.02 0.18 0.23 0.69 95 -1
Result 1 22.0 134 0.41 0.15 0.27 0.16 0.18 0.24 -1 -1 -1 -1 -1
Evo 2.73 0.50 1.00 0.54 0.50 0.50 0.50 0.13 0.01 0.11 0.35 0.69 280 -1
Result 1 24.0 316 0.43 0.17 0.20 0.22 0.16 0.25 -1 -1 -1 -1 -1
Evo 1.89 0.50 1.00 0.54 0.50 0.50 0.50 0.13 0.01 0.08 0.18 0.44 127 -1
Result 1 14.0 150 0.43 0.17 0.20 0.21 0.22 0.21 -1 -1 -1 -1 -1
Evo 1.54 0.50 1.00 0.66 0.50 0.50 1.00 0.23 0.03 0.09 0.11 0.41 33 -1
Result 1 14.0 70 0.43 0.17 0.24 0.24 0.23 0.13 -1 -1 -1 -1 -1
Evo 2.37 0.50 1.00 0.54 0.50 0.50 0.50 0.11 0.01 0.06 0.15 0.41 98 -1
Result 1 14.0 114 0.46 0.19 0.19 0.17 0.25 0.19 -1 -1 -1 -1 -1
Evo 2.78 0.50 1.00 0.63 0.50 0.50 0.80 0.21 0.02 0.12 0.11 0.39 61 -1
Result 1 14.0 91 0.49 0.23 0.18 0.22 0.22 0.15 -1 -1 -1 -1 -1
Evo 2.26 0.50 1.00 0.56 0.50 0.50 0.50 0.16 0.02 0.12 0.08 0.41 36 -1
Result 1 14.0 43 0.39 0.14 0.18 0.27 0.27 0.14 -1 -1 -1 -1 -1
Evo 2.10 0.50 1.00 0.61 0.50 0.50 0.60 0.20 0.02 0.07 0.13 0.43 68 -1
Result 1 14.0 94 0.46 0.20 0.11 0.27 0.21 0.21 -1 -1 -1 -1 -1
Evo 3.46 0.50 1.00 0.59 0.50 0.50 0.60 0.18 0.02 0.09 0.13 0.43 40 -1
Result 1 14.0 67 0.47 0.21 0.16 0.24 0.26 0.13 -1 -1 -1 -1 -1
Evo 1.29 0.50 1.00 0.52 0.50 0.50 0.50 0.10 0.01 0.03 0.20 0.53 316 -1
Result 1 14.0 332 0.43 0.17 0.14 0.24 0.22 0.24 -1 -1 -1 -1 -1
Evo 1.52 0.50 1.00 0.56 0.50 0.50 0.50 0.16 0.01 0.04 0.18 0.41 163 -1
Result 1 14.0 194 0.50 0.25 0.16 0.22 0.18 0.19 -1 -1 -1 -1 -1
Evo 2.24 0.50 1.00 0.62 0.50 0.50 0.50 0.21 0.03 0.11 0.08 0.41 37 -1
Result 1 14.0 50 0.49 0.24 0.18 0.25 0.24 0.10 -1 -1 -1 -1 -1
Evo 1.62 0.50 1.00 0.55 0.50 0.50 0.50 0.15 0.02 0.07 0.12 0.43 84 -1
Result 1 14.0 94 0.42 0.16 0.22 0.22 0.19 0.21 -1 -1 -1 -1 -1
Evo 2.76 0.50 1.00 0.64 0.50 0.50 0.90 0.21 0.03 0.09 0.10 0.43 34 -1
Result 1 14.0 62 0.47 0.21 0.17 0.22 0.25 0.14 -1 -1 -1 -1 -1
Evo 3.06 0.50 1.00 0.62 0.50 0.50 0.60 0.20 0.03 0.12 0.08 0.40 33 -1
Result 1 14.0 47 0.49 0.23 0.19 0.23 0.27 0.08 -1 -1 -1 -1 -1
Evo 2.36 0.50 1.00 0.58 0.50 0.50 0.50 0.18 0.02 0.06 0.16 0.45 88 -1
Result 1 14.0 111 0.49 0.24 0.17 0.23 0.21 0.14 -1 -1 -1 -1 -1
Evo 2.85 0.50 1.00 0.62 0.50 0.50 0.60 0.21 0.02 0.07 0.13 0.41 71 -1
Result 1 14.0 100 0.49 0.23 0.17 0.20 0.25 0.16 -1 -1 -1 -1 -1
Evo 2.40 0.50 1.00 0.63 0.50 0.50 0.80 0.21 0.03 0.10 0.11 0.40 38 -1
Result 1 14.0 58 0.41 0.15 0.20 0.27 0.24 0.14 -1 -1 -1 -1 -1
Evo 1.16 0.50 1.00 0.51 0.50 0.50 0.50 0.06 0.00 0.01 0.28 0.52 986 -1
Result 1 14.0 1018 0.46 0.20 0.20 0.22 0.21 0.17 -1 -1 -1 -1 -1
Evo 2.95 0.50 1.00 0.59 0.50 0.50 0.60 0.18 0.03 0.14 0.08 0.41 27 -1
Result 1 14.0 38 0.34 0.10 0.15 0.33 0.28 0.13 -1 -1 -1 -1 -1
Evo 1.99 0.50 1.00 0.61 0.50 0.50 0.60 0.20 0.02 0.15 0.12 0.43 71 -1
Result 1 14.0 98 0.47 0.20 0.12 0.29 0.17 0.21 -1 -1 -1 -1 -1
Evo 1.88 0.50 1.00 0.57 0.50 0.50 0.50 0.16 0.01 0.05 0.16 0.43 61 -1
Result 1 14.0 129 0.48 0.22 0.17 0.22 0.17 0.22 -1 -1 -1 -1 -1
