Evo 1.03 0.00 1.00 0.97 1.00 1.00 1.00 0.16 0.00 0.01 1.25 8.61 -1 43
Result 0 10.0 2000 0.42 0.17 0.16 0.16 0.17 0.18 0.17 -1 -1 -1 -1
Evo 1.03 0.00 1.00 0.99 1.00 1.00 1.00 0.08 0.00 0.01 1.31 9.42 -1 59
Result 0 10.0 2000 0.45 0.16 0.19 0.16 0.15 0.17 0.16 -1 -1 -1 -1
Evo 1.06 0.00 1.00 0.99 1.00 1.00 1.00 0.08 0.00 0.01 1.43 11.38 -1 12
Result 0 8.0 2000 0.43 0.17 0.16 0.15 0.18 0.16 0.18 -1 -1 -1 -1
Evo 1.06 1.00 1.00 1.00 1.00 1.00 1.00 0.00 0.00 0.02 0.39 4.49 -1 126
Result 0 1.0 502 0.41 0.15 0.17 0.17 0.14 0.18 0.20 -1 -1 -1 -1
Evo 1.06 0.00 1.00 0.99 1.00 1.00 1.00 0.08 0.00 0.01 1.43 10.50 -1 31
Result 0 6.0 2000 0.43 0.17 0.17 0.17 0.16 0.16 0.17 -1 -1 -1 -1
Evo 1.04 0.00 1.00 0.99 1.00 1.00 1.00 0.08 0.00 0.01 1.41 9.47 -1 33
Result 0 7.0 2000 0.42 0.16 0.18 0.16 0.17 0.17 0.17 -1 -1 -1 -1
Evo 1.05 0.00 1.00 0.99 1.00 1.00 1.00 0.08 0.00 0.02 1.38 9.97 -1 82
Result 0 8.0 2000 0.41 0.16 0.15 0.15 0.18 0.18 0.17 -1 -1 -1 -1
Evo 1.01 0.00 1.00 0.99 1.00 1.00 1.00 0.08 0.00 0.01 1.34 7.98 -1 128
Result 0 5.0 2000 0.43 0.16 0.16 0.17 0.17 0.16 0.18 -1 -1 -1 -1
Evo 1.01 0.00 1.00 0.99 1.00 1.00 1.00 0.08 0.00 0.01 0.77 4.33 -1 8
Result 0 6.0 2000 0.44 0.17 0.18 0.18 0.16 0.15 0.16 -1 -1 -1 -1
Evo 1.04 0.00 1.00 0.99 1.00 1.00 1.00 0.08 0.00 0.01 1.14 8.20 -1 19
Result 0 6.0 2000 0.42 0.16 0.15 0.16 0.19 0.16 0.17 -1 -1 -1 -1
Evo 1.02 0.00 1.00 0.99 1.00 1.00 1.00 0.08 0.00 0.01 1.44 9.07 -1 52
Result 0 6.0 2000 0.44 0.16 0.17 0.16 0.18 0.15 0.17 -1 -1 -1 -1
Evo 1.04 0.00 1.00 0.99 1.00 1.00 1.00 0.08 0.00 0.01 1.48 10.28 -1 99
Result 0 10.0 2000 0.43 0.17 0.17 0.16 0.17 0.17 0.17 -1 -1 -1 -1
Evo 1.03 0.00 1.00 0.99 1.00 1.00 1.00 0.08 0.00 0.01 1.12 9.53 -1 53
Result 0 7.0 2000 0.44 0.17 0.17 0.16 0.16 0.16 0.17 -1 -1 -1 -1
Evo 1.03 0.00 1.00 0.99 1.00 1.00 1.00 0.08 0.00 0.01 1.43 10.56 -1 73
Result 0 8.0 2000 0.44 0.18 0.15 0.16 0.16 0.18 0.17 -1 -1 -1 -1
Evo 1.02 0.00 1.00 0.99 1.00 1.00 1.00 0.08 0.00 0.01 1.58 10.78 -1 116
Result 0 7.0 2000 0.42 0.16 0.17 0.18 0.17 0.16 0.17 -1 -1 -1 -1
Evo 1.02 0.00 1.00 0.99 1.00 1.00 1.00 0.08 0.00 0.01 1.04 5.23 -1 257
Result 0 2.0 2000 0.45 0.17 0.18 0.16 0.16 0.16 0.17 -1 -1 -1 -1
Evo 1.01 0.00 1.00 0.99 1.00 1.00 1.00 0.08 0.00 0.01 1.44 9.96 -1 32
Result 0 7.0 2000 0.43 0.16 0.17 0.16 0.17 0.17 0.16 -1 -1 -1 -1
Evo 1.01 1.00 1.00 1.00 1.00 1.00 1.00 0.00 0.00 0.03 0.66 4.63 -1 80
Result 0 2.0 938 0.44 0.16 0.17 0.17 0.18 0.16 0.16 -1 -1 -1 -1
Evo 1.04 0.00 1.00 0.99 1.00 1.00 1.00 0.08 0.00 0.01 1.33 8.38 -1 141
Result 0 5.0 2000 0.43 0.17 0.16 0.17 0.17 0.15 0.19 -1 -1 -1 -1
Evo 1.05 0.00 1.00 0.99 1.00 1.00 1.00 0.08 0.00 0.02 1.32 9.94 -1 62
Result 0 10.0 2000 0.43 0.18 0.16 0.16 0.17 0.16 0.17 -1 -1 -1 -1
Evo 1.03 0.00 1.00 0.99 1.00 1.00 1.00 0.08 0.00 0.01 1.31 8.65 -1 469
Result 0 10.0 2000 0.44 0.17 0.18 0.16 0.17 0.16 0.16 -1 -1 -1 -1
Evo 1.00 0.00 1.00 0.99 1.00 1.00 1.00 0.08 0.00 0.01 1.21 6.22 -1 211
Result 0 2.0 2000 0.42 0.16 0.17 0.17 0.16 0.18 0.16 -1 -1 -1 -1
Evo 1.05 0.00 1.00 0.99 1.00 1.00 1.00 0.08 0.00 0.01 1.28 8.55 -1 38
Result 0 7.0 2000 0.44 0.18 0.17 0.15 0.16 0.17 0.17 -1 -1 -1 -1
Evo 1.05 0.00 1.00 0.99 1.00 1.00 1.00 0.08 0.00 0.01 1.51 10.30 -1 794
Result 0 8.0 2000 0.44 0.18 0.17 0.18 0.15 0.18 0.15 -1 -1 -1 -1
Evo 1.05 0.00 1.00 0.99 1.00 1.00 1.00 0.08 0.00 0.01 1.28 7.17 -1 91
Result 0 5.0 2000 0.44 0.17 0.15 0.18 0.15 0.16 0.18 -1 -1 -1 -1
Evo 1.00 0.00 1.00 0.99 1.00 1.00 1.00 0.08 0.00 0.01 1.37 6.99 -1 139
Result 0 3.0 2000 0.42 0.15 0.15 0.17 0.16 0.18 0.19 -1 -1 -1 -1
Evo 1.00 0.00 1.00 0.99 1.00 1.00 1.00 0.08 0.00 0.01 0.89 3.10 -1 249
Result 0 0.0 2000 0.42 0.16 0.16 0.17 0.17 0.16 0.17 -1 -1 -1 -1
Evo 1.01 0.00 1.00 0.99 1.00 1.00 1.00 0.08 0.00 0.01 1.26 6.34 -1 529
Result 0 4.0 2000 0.44 0.17 0.18 0.17 0.16 0.16 0.17 -1 -1 -1 -1
Evo 1.01 0.00 1.00 0.99 1.00 1.00 1.00 0.08 0.00 0.01 1.11 5.61 -1 580
Result 0 3.0 2000 0.45 0.19 0.18 0.17 0.16 0.16 0.15 -1 -1 -1 -1
Evo 1.01 0.00 1.00 0.99 1.00 1.00 1.00 0.08 0.00 0.03 1.33 6.53 -1 781
Result 0 3.0 2000 0.43 0.16 0.17 0.17 0.16 0.17 0.17 -1 -1 -1 -1
Evo 1.05 0.00 1.00 1.00 1.00 1.00 1.00 0.05 0.00 0.40 0.28 3.04 -1 170
Result 0 0.0 382 0.36 0.12 0.20 0.17 0.18 0.15 0.17 -1 -1 -1 -1
Evo 1.00 1.00 1.00 1.00 1.00 1.00 1.00 0.00 0.00 0.00 0.24 1.10 -1 106
Result 0 -1.0 358 0.40 0.14 0.15 0.19 0.19 0.16 0.17 -1 -1 -1 -1
Evo 1.00 0.00 1.00 0.99 1.00 1.00 1.00 0.08 0.00 0.01 0.91 3.70 -1 150
Result 0 1.0 2000 0.45 0.17 0.18 0.17 0.18 0.15 0.16 -1 -1 -1 -1
Evo 1.04 0.00 1.00 0.99 1.00 1.00 1.00 0.08 0.00 0.02 1.54 9.56 -1 99
Result 0 7.0 2000 0.44 0.18 0.15 0.17 0.16 0.17 0.17 -1 -1 -1 -1
Evo 1.05 0.00 1.00 1.00 1.00 1.00 1.00 0.02 0.00 0.01 1.49 10.38 -1 116
Result 0 6.0 1958 0.42 0.15 0.16 0.16 0.17 0.15 0.19 -1 -1 -1 -1
Evo 1.01 0.00 1.00 0.99 1.00 1.00 1.00 0.08 0.00 0.01 1.23 6.51 -1 92
Result 0 3.0 2000 0.45 0.17 0.18 0.16 0.16 0.17 0.16 -1 -1 -1 -1
Evo 1.01 0.00 1.00 0.99 1.00 1.00 1.00 0.08 0.00 0.01 1.41 6.57 -1 915
Result 0 2.0 2000 0.43 0.15 0.17 0.17 0.16 0.18 0.17 -1 -1 -1 -1
Evo 1.01 1.00 1.00 1.00 1.00 1.00 1.00 0.00 0.00 0.01 0.70 6.02 -1 559
Result 0 2.0 1000 0.43 0.17 0.17 0.17 0.15 0.17 0.16 -1 -1 -1 -1
Evo 1.00 0.00 1.00 0.99 1.00 1.00 1.00 0.08 0.00 0.01 1.21 4.60 -1 539
Result 0 2.0 2000 0.43 0.17 0.16 0.16 0.17 0.18 0.16 -1 -1 -1 -1
Evo 1.01 0.00 1.00 0.99 1.00 1.00 1.00 0.08 0.00 0.01 1.19 5.31 -1 272
Result 0 1.0 2000 0.42 0.18 0.16 0.15 0.17 0.17 0.17 -1 -1 -1 -1
Evo 1.01 0.00 1.00 0.99 1.00 1.00 1.00 0.08 0.00 0.01 1.45 8.12 -1 6
Result 0 3.0 2000 0.43 0.16 0.17 0.16 0.18 0.16 0.16 -1 -1 -1 -1
Evo 1.04 0.00 1.00 0.99 1.00 1.00 1.00 0.08 0.00 0.01 1.09 6.16 -1 14
Result 0 3.0 2000 0.44 0.18 0.16 0.16 0.15 0.18 0.17 -1 -1 -1 -1
Evo 1.01 0.00 1.00 0.99 1.00 1.00 1.00 0.08 0.00 0.01 1.06 4.63 -1 8
Result 0 2.0 2000 0.42 0.18 0.15 0.16 0.17 0.17 0.17 -1 -1 -1 -1
Evo 1.00 0.00 1.00 0.99 1.00 1.00 1.00 0.08 0.00 0.01 1.06 5.16 -1 56
Result 0 3.0 2000 0.42 0.16 0.16 0.17 0.17 0.17 0.17 -1 -1 -1 -1
Evo 1.01 0.00 1.00 0.99 1.00 1.00 1.00 0.08 0.00 0.01 1.37 6.40 -1 32
Result 0 2.0 2000 0.44 0.16 0.17 0.18 0.16 0.15 0.17 -1 -1 -1 -1
Evo 1.27 1.00 1.00 1.00 1.00 1.00 1.00 0.00 0.00 0.06 0.17 2.27 -1 40
Result 0 0.0 209 0.43 0.13 0.17 0.14 0.21 0.19 0.16 -1 -1 -1 -1
Evo 1.30 0.00 1.00 0.98 1.00 1.00 1.00 0.12 0.01 0.09 0.12 2.04 -1 34
Result 0 0.0 128 0.43 0.16 0.13 0.12 0.21 0.22 0.16 -1 -1 -1 -1
Evo 1.02 0.00 1.00 0.99 1.00 1.00 1.00 0.08 0.00 0.01 1.04 5.04 -1 10
Result 0 2.0 2000 0.44 0.17 0.17 0.16 0.16 0.17 0.16 -1 -1 -1 -1
Evo 1.03 0.00 1.00 1.00 1.00 1.00 1.00 0.05 0.00 0.05 0.34 3.85 -1 15
Result 0 0.0 460 0.44 0.17 0.17 0.15 0.17 0.16 0.18 -1 -1 -1 -1
Evo 1.01 0.00 1.00 0.99 1.00 1.00 1.00 0.08 0.00 0.01 1.07 5.52 -1 20
Result 0 2.0 2000 0.44 0.17 0.17 0.16 0.18 0.16 0.16 -1 -1 -1 -1
Evo 1.00 0.00 1.00 0.99 1.00 1.00 1.00 0.08 0.00 0.01 1.45 6.42 -1 4
Result 0 2.0 2000 0.43 0.16 0.18 0.16 0.16 0.16 0.18 -1 -1 -1 -1
Evo 1.01 0.00 1.00 0.99 1.00 1.00 1.00 0.08 0.00 0.01 1.17 6.17 -1 18
Result 0 4.0 2000 0.43 0.17 0.17 0.15 0.17 0.18 0.17 -1 -1 -1 -1
Evo 1.01 0.00 1.00 0.99 1.00 1.00 1.00 0.08 0.00 0.01 1.35 6.89 -1 35
Result 0 3.0 2000 0.44 0.18 0.17 0.18 0.17 0.16 0.15 -1 -1 -1 -1
Evo 1.03 0.00 1.00 0.99 1.00 1.00 1.00 0.08 0.00 0.01 1.36 8.13 -1 27
Result 0 2.0 2000 0.44 0.18 0.16 0.17 0.17 0.15 0.18 -1 -1 -1 -1
Evo 1.01 0.00 1.00 0.99 1.00 1.00 1.00 0.08 0.00 0.01 0.51 4.07 -1 51
Result 0 2.0 2000 0.41 0.15 0.15 0.17 0.17 0.17 0.17 -1 -1 -1 -1
Evo 1.03 0.00 1.00 0.99 1.00 1.00 1.00 0.08 0.00 0.01 1.41 9.61 -1 144
Result 0 5.0 2000 0.45 0.15 0.18 0.16 0.16 0.17 0.17 -1 -1 -1 -1
Evo 1.04 0.00 1.00 0.99 1.00 1.00 1.00 0.08 0.00 0.01 1.21 7.13 -1 166
Result 0 10.0 2000 0.43 0.18 0.17 0.17 0.16 0.15 0.17 -1 -1 -1 -1
Evo 1.01 0.00 1.00 0.99 1.00 1.00 1.00 0.08 0.00 0.01 1.15 5.13 -1 172
Result 0 2.0 2000 0.42 0.17 0.16 0.17 0.16 0.17 0.17 -1 -1 -1 -1
Evo 1.04 0.00 1.00 0.99 1.00 1.00 1.00 0.08 0.00 0.01 0.73 5.80 -1 141
Result 0 3.0 2000 0.45 0.19 0.16 0.15 0.16 0.17 0.17 -1 -1 -1 -1
Evo 1.00 0.00 1.00 0.99 1.00 1.00 1.00 0.08 0.00 0.01 1.27 5.39 -1 14
Result 0 2.0 2000 0.41 0.15 0.16 0.17 0.16 0.18 0.18 -1 -1 -1 -1
Evo 1.02 0.00 1.00 0.99 1.00 1.00 1.00 0.08 0.00 0.01 1.33 6.28 -1 179
Result 0 3.0 2000 0.45 0.18 0.17 0.16 0.16 0.16 0.17 -1 -1 -1 -1
Evo 1.07 1.00 1.00 1.00 1.00 1.00 1.00 0.00 0.00 0.01 0.56 4.25 -1 6
Result 0 1.0 796 0.45 0.19 0.17 0.15 0.16 0.17 0.17 -1 -1 -1 -1
Evo 1.01 0.00 1.00 0.99 1.00 1.00 1.00 0.08 0.00 0.53 1.26 3.81 -1 1
Result 0 2.0 2000 0.44 0.18 0.17 0.18 0.15 0.17 0.15 -1 -1 -1 -1
Evo 1.03 0.00 1.00 0.99 1.00 1.00 1.00 0.08 0.00 0.01 1.18 4.61 -1 75
Result 0 2.0 2000 0.42 0.16 0.17 0.15 0.16 0.18 0.18 -1 -1 -1 -1
Evo 1.01 1.00 1.00 1.00 1.00 1.00 1.00 0.00 0.00 0.01 1.13 5.01 -1 193
Result 0 1.0 1886 0.44 0.17 0.17 0.18 0.14 0.16 0.17 -1 -1 -1 -1
Evo 1.04 0.00 1.00 0.99 1.00 1.00 1.00 0.08 0.00 0.02 1.63 11.75 -1 25
Result 0 8.0 2000 0.42 0.18 0.16 0.16 0.16 0.18 0.16 -1 -1 -1 -1
Evo 1.05 1.00 1.00 1.00 1.00 1.00 1.00 0.00 0.00 0.05 0.35 3.20 -1 18
Result 0 0.0 404 0.46 0.17 0.19 0.14 0.18 0.16 0.16 -1 -1 -1 -1
Evo 1.02 0.00 1.00 1.00 1.00 1.00 1.00 0.04 0.00 0.01 1.05 7.10 -1 76
Result 0 3.0 1257 0.40 0.18 0.14 0.18 0.16 0.17 0.18 -1 -1 -1 -1
Evo 1.04 0.00 1.00 0.99 1.00 1.00 1.00 0.08 0.00 0.01 1.49 8.21 -1 6
Result 0 3.0 1999 0.45 0.18 0.16 0.16 0.17 0.16 0.18 -1 -1 -1 -1
Evo 1.01 0.00 1.00 0.99 1.00 1.00 1.00 0.08 0.00 0.01 1.13 3.61 -1 148
Result 0 1.0 2000 0.44 0.17 0.16 0.16 0.16 0.16 0.18 -1 -1 -1 -1
Evo 1.00 0.00 1.00 0.99 1.00 1.00 1.00 0.08 0.00 0.01 1.19 3.51 -1 22
Result 0 1.0 2000 0.41 0.15 0.16 0.18 0.17 0.17 0.16 -1 -1 -1 -1
Evo 1.01 1.00 1.00 1.00 1.00 1.00 1.00 0.00 0.00 0.01 0.89 4.93 -1 33
Result 0 1.0 1503 0.40 0.14 0.17 0.18 0.17 0.17 0.16 -1 -1 -1 -1
Evo 1.26 0.00 1.00 1.00 1.00 1.00 1.00 0.06 0.00 0.06 0.22 1.97 -1 115
Result 0 -1.0 315 0.45 0.19 0.16 0.18 0.20 0.14 0.13 -1 -1 -1 -1
Evo 1.01 1.00 1.00 1.00 1.00 1.00 1.00 0.00 0.00 0.01 0.52 4.76 -1 87
Result 0 1.0 765 0.41 0.19 0.15 0.18 0.15 0.16 0.18 -1 -1 -1 -1
Evo 1.00 1.00 1.00 1.00 1.00 1.00 1.00 0.00 0.00 0.01 0.21 1.88 -1 20
Result 0 -1.0 404 0.42 0.18 0.16 0.17 0.13 0.21 0.16 -1 -1 -1 -1
Evo 1.03 0.00 1.00 0.99 1.00 1.00 1.00 0.08 0.00 0.01 1.52 7.78 -1 100
Result 0 4.0 2000 0.44 0.17 0.17 0.17 0.17 0.16 0.16 -1 -1 -1 -1
Evo 1.04 0.00 1.00 0.99 1.00 1.00 1.00 0.08 0.00 0.01 1.43 6.59 -1 171
Result 0 4.0 2000 0.44 0.18 0.18 0.17 0.16 0.16 0.15 -1 -1 -1 -1
Evo 1.01 0.00 1.00 0.99 1.00 1.00 1.00 0.08 0.00 0.02 1.25 6.56 -1 75
Result 0 4.0 2000 0.44 0.17 0.15 0.16 0.18 0.17 0.16 -1 -1 -1 -1
Evo 1.02 0.00 1.00 0.99 1.00 1.00 1.00 0.08 0.00 0.01 1.37 4.88 -1 164
Result 0 2.0 2000 0.44 0.18 0.18 0.17 0.15 0.16 0.16 -1 -1 -1 -1
Evo 1.01 1.00 1.00 1.00 1.00 1.00 1.00 0.00 0.00 0.01 0.70 2.06 -1 57
Result 0 -1.0 1372 0.43 0.16 0.16 0.17 0.17 0.17 0.17 -1 -1 -1 -1
Evo 1.03 0.00 1.00 0.99 1.00 1.00 1.00 0.08 0.00 0.01 1.54 11.86 -1 185
Result 0 7.0 2000 0.43 0.19 0.17 0.16 0.16 0.16 0.16 -1 -1 -1 -1
Evo 1.03 1.00 1.00 1.00 1.00 1.00 1.00 0.00 0.00 0.03 0.19 2.28 -1 62
Result 0 1.0 251 0.35 0.19 0.11 0.14 0.17 0.20 0.18 -1 -1 -1 -1
Evo 1.04 0.00 1.00 0.99 1.00 1.00 1.00 0.08 0.00 0.01 1.19 7.41 -1 68
Result 0 7.0 2000 0.41 0.17 0.15 0.16 0.18 0.17 0.17 -1 -1 -1 -1
Evo 1.03 0.00 1.00 1.00 1.00 1.00 1.00 0.04 0.00 0.01 0.72 3.03 -1 28
Result 0 1.0 1092 0.43 0.16 0.19 0.15 0.17 0.18 0.15 -1 -1 -1 -1
Evo 1.03 0.00 1.00 0.99 1.00 1.00 1.00 0.08 0.00 0.02 1.20 5.78 -1 91
Result 0 4.0 2000 0.43 0.17 0.18 0.16 0.17 0.17 0.16 -1 -1 -1 -1
Evo 1.12 1.00 1.00 1.00 1.00 1.00 1.00 0.00 0.00 0.03 0.22 2.38 -1 59
Result 0 1.0 267 0.43 0.17 0.17 0.16 0.16 0.17 0.18 -1 -1 -1 -1
Evo 1.01 0.00 1.00 0.99 1.00 1.00 1.00 0.08 0.00 0.01 1.38 9.90 -1 86
Result 0 6.0 2000 0.44 0.18 0.17 0.18 0.16 0.16 0.15 -1 -1 -1 -1
Evo 1.02 0.00 1.00 0.99 1.00 1.00 1.00 0.08 0.00 0.01 1.32 7.37 -1 42
Result 0 4.0 2000 0.44 0.17 0.18 0.16 0.15 0.17 0.17 -1 -1 -1 -1
Evo 1.01 0.00 1.00 0.99 1.00 1.00 1.00 0.08 0.00 0.01 1.52 10.62 -1 27
Result 0 6.0 2000 0.44 0.17 0.16 0.17 0.17 0.16 0.17 -1 -1 -1 -1
Evo 1.04 0.00 1.00 0.99 1.00 1.00 1.00 0.08 0.00 0.01 1.56 10.41 -1 57
Result 0 5.0 2000 0.43 0.17 0.16 0.18 0.17 0.17 0.16 -1 -1 -1 -1
Evo 1.03 0.00 1.00 0.99 1.00 1.00 1.00 0.08 0.00 0.01 1.53 9.96 -1 71
Result 0 6.0 2000 0.44 0.18 0.17 0.16 0.17 0.16 0.16 -1 -1 -1 -1
Evo 1.04 0.00 1.00 0.99 1.00 1.00 1.00 0.08 0.00 0.01 1.55 12.39 -1 61
Result 0 7.0 2000 0.43 0.16 0.16 0.17 0.16 0.18 0.16 -1 -1 -1 -1
Evo 1.05 0.00 1.00 0.99 1.00 1.00 1.00 0.08 0.00 0.04 1.62 12.91 -1 22
Result 0 8.0 2000 0.43 0.17 0.16 0.17 0.17 0.16 0.18 -1 -1 -1 -1
Evo 1.03 0.00 1.00 1.00 1.00 1.00 1.00 0.03 0.00 0.01 1.44 10.42 -1 19
Result 0 5.0 1937 0.44 0.17 0.16 0.16 0.17 0.17 0.17 -1 -1 -1 -1
Evo 1.01 0.00 1.00 1.00 1.00 1.00 1.00 0.06 0.00 0.00 0.23 1.52 -1 138
Result 0 -1.0 314 0.42 0.16 0.16 0.13 0.21 0.17 0.17 -1 -1 -1 -1
Evo 1.01 0.00 1.00 1.00 1.00 1.00 1.00 0.03 0.00 0.01 1.01 6.16 -1 70
Result 0 3.0 1485 0.44 0.17 0.17 0.16 0.16 0.17 0.17 -1 -1 -1 -1
Evo 1.06 0.00 1.00 0.99 1.00 1.00 1.00 0.08 0.00 0.01 1.48 11.11 -1 32
Result 0 7.0 2000 0.42 0.17 0.15 0.16 0.16 0.17 0.17 -1 -1 -1 -1
Evo 1.03 0.00 1.00 0.99 1.00 1.00 1.00 0.08 0.00 0.01 1.24 7.84 -1 51
Result 0 7.0 2000 0.43 0.15 0.17 0.17 0.18 0.17 0.15 -1 -1 -1 -1
Evo 1.06 0.00 1.00 0.99 1.00 1.00 1.00 0.08 0.00 0.01 1.43 11.91 -1 28
Result 0 10.0 2000 0.41 0.17 0.15 0.17 0.18 0.17 0.17 -1 -1 -1 -1
Evo 1.05 1.00 1.00 1.00 1.00 1.00 1.00 0.00 0.00 0.02 0.95 9.90 -1 13
Result 0 5.0 1229 0.42 0.16 0.16 0.16 0.16 0.16 0.20 -1 -1 -1 -1
