Evo 1.48 0.00 1.00 0.90 0.96 1.00 1.00 0.23 0.01 0.02 0.11 0.35 535 -1
Result 1 45.0 547 0.43 0.16 0.17 0.15 0.15 0.18 0.18 -1 -1 -1 -1
Evo 1.41 0.00 1.00 0.02 0.00 0.00 0.00 0.14 0.01 0.03 0.10 0.36 535 -1
Result 1 45.0 545 0.46 0.13 0.19 0.16 0.16 0.16 0.20 -1 -1 -1 -1
Evo 1.25 0.00 1.00 0.02 0.00 0.00 0.00 0.13 0.01 0.02 0.09 0.38 584 -1
Result 1 50.0 594 0.43 0.15 0.17 0.18 0.16 0.16 0.18 -1 -1 -1 -1
Evo 1.46 0.00 1.00 0.03 0.00 0.00 0.00 0.17 0.01 0.05 0.10 0.35 421 -1
Result 1 50.0 433 0.44 0.18 0.17 0.16 0.13 0.18 0.18 -1 -1 -1 -1
Evo 1.17 0.00 1.00 0.02 0.00 0.00 0.00 0.12 0.00 0.05 0.12 0.32 764 -1
Result 1 45.0 775 0.41 0.16 0.15 0.17 0.18 0.17 0.17 -1 -1 -1 -1
Evo 1.18 0.00 0.00 0.00 0.00 0.00 0.00 0.00 0.00 0.07 0.08 0.32 -1 600
Result 0 21.0 612 0.46 0.18 0.19 0.15 0.15 0.16 0.16 -1 -1 -1 -1
Evo 1.18 0.50 1.00 0.51 0.50 0.50 0.50 0.08 0.00 0.02 0.08 0.30 440 -1
Result 1 45.0 452 0.41 0.19 0.15 0.16 0.16 0.15 0.20 -1 -1 -1 -1
Evo 1.21 0.50 1.00 0.52 0.50 0.50 0.50 0.09 0.01 0.05 0.07 0.28 301 -1
Result 1 50.0 312 0.46 0.15 0.20 0.15 0.16 0.13 0.20 -1 -1 -1 -1
Evo 1.16 0.50 1.00 0.51 0.50 0.50 0.50 0.08 0.00 0.03 0.08 0.25 446 -1
Result 1 40.0 459 0.41 0.17 0.15 0.14 0.15 0.19 0.20 -1 -1 -1 -1
Evo 1.16 0.50 1.00 0.51 0.50 0.50 0.50 0.06 0.00 0.20 0.13 0.36 791 -1
Result 1 40.0 802 0.42 0.17 0.16 0.17 0.17 0.18 0.16 -1 -1 -1 -1
Evo 1.25 0.50 1.00 0.51 0.50 0.50 0.50 0.07 0.00 0.30 0.08 0.31 532 -1
Result 1 45.0 546 0.44 0.15 0.18 0.16 0.15 0.16 0.20 -1 -1 -1 -1
Evo 1.31 0.50 1.00 0.52 0.50 0.50 0.50 0.09 0.00 0.02 0.07 0.31 357 -1
Result 1 45.0 369 0.40 0.14 0.14 0.19 0.13 0.17 0.22 -1 -1 -1 -1
Evo 1.21 0.50 1.00 0.51 0.50 0.50 0.50 0.07 0.00 0.09 0.13 0.41 626 -1
Result 1 40.0 638 0.43 0.17 0.17 0.15 0.17 0.15 0.19 -1 -1 -1 -1
Evo 1.45 0.50 1.00 0.51 0.50 0.50 0.50 0.07 0.00 0.04 0.10 0.32 583 -1
Result 1 32.0 595 0.43 0.17 0.17 0.15 0.17 0.15 0.20 -1 -1 -1 -1
Evo 1.31 0.00 0.50 0.49 0.50 0.50 0.50 0.08 0.00 0.02 0.08 0.35 -1 493
Result 0 23.0 505 0.45 0.17 0.19 0.18 0.13 0.17 0.16 -1 -1 -1 -1
Evo 1.17 0.50 1.00 0.51 0.50 0.50 0.50 0.07 0.00 0.04 0.12 0.29 673 -1
Result 1 40.0 686 0.42 0.15 0.16 0.18 0.17 0.17 0.17 -1 -1 -1 -1
Evo 1.40 0.50 1.00 0.51 0.50 0.50 0.50 0.07 0.00 0.03 0.08 0.31 680 -1
Result 1 35.0 692 0.43 0.15 0.17 0.16 0.15 0.15 0.22 -1 -1 -1 -1
Evo 1.22 0.50 1.00 0.51 0.50 0.50 0.50 0.07 0.00 0.08 0.09 0.34 596 -1
Result 1 40.0 608 0.42 0.17 0.16 0.17 0.18 0.14 0.18 -1 -1 -1 -1
Evo 1.36 0.50 1.00 0.51 0.50 0.50 0.50 0.06 0.00 0.03 0.11 0.32 770 -1
Result 1 50.0 782 0.43 0.17 0.17 0.16 0.16 0.16 0.18 -1 -1 -1 -1
Evo 1.38 0.50 1.00 0.51 0.50 0.50 0.50 0.08 0.00 0.02 0.07 0.29 449 -1
Result 1 39.0 461 0.43 0.14 0.17 0.17 0.15 0.16 0.21 -1 -1 -1 -1
Evo 1.45 0.50 1.00 0.52 0.50 0.50 0.50 0.11 0.00 0.03 0.09 0.30 535 -1
Result 1 50.0 562 0.37 0.19 0.12 0.16 0.17 0.13 0.23 -1 -1 -1 -1
Evo 1.20 0.50 1.00 0.51 0.50 0.50 0.50 0.06 0.00 0.16 0.21 0.44 873 -1
Result 1 37.0 885 0.42 0.16 0.16 0.18 0.15 0.16 0.18 -1 -1 -1 -1
Evo 1.34 0.50 1.00 0.51 0.50 0.50 0.50 0.06 0.00 0.12 0.10 0.28 669 -1
Result 1 42.0 679 0.44 0.16 0.17 0.18 0.14 0.15 0.20 -1 -1 -1 -1
Evo 1.25 0.50 1.00 0.52 0.50 0.50 0.50 0.10 0.00 0.25 0.10 0.32 677 -1
Result 1 40.0 707 0.44 0.19 0.18 0.14 0.16 0.17 0.18 -1 -1 -1 -1
Evo 1.24 0.50 1.00 0.51 0.50 0.50 0.50 0.07 0.00 0.05 0.08 0.24 641 -1
Result 1 45.0 652 0.42 0.15 0.16 0.16 0.17 0.16 0.20 -1 -1 -1 -1
Evo 1.23 0.50 1.00 0.51 0.50 0.50 0.50 0.06 0.00 0.01 0.13 0.30 655 -1
Result 1 36.0 665 0.43 0.16 0.16 0.17 0.17 0.17 0.18 -1 -1 -1 -1
Evo 1.21 0.50 1.00 0.51 0.50 0.50 0.50 0.07 0.00 0.02 0.08 0.29 505 -1
Result 1 50.0 517 0.41 0.17 0.15 0.16 0.14 0.17 0.22 -1 -1 -1 -1
Evo 1.44 0.50 1.00 0.51 0.50 0.50 0.50 0.06 0.00 0.01 0.11 0.35 733 -1
Result 1 50.0 745 0.43 0.19 0.16 0.16 0.17 0.14 0.17 -1 -1 -1 -1
Evo 1.66 0.10 1.00 0.51 0.50 0.50 0.50 0.06 0.00 0.01 0.09 0.28 793 455
Result 1 30.0 804 0.44 0.17 0.17 0.16 0.14 0.16 0.20 -1 -1 -1 -1
Evo 1.52 0.50 1.00 0.51 0.50 0.50 0.50 0.07 0.00 0.02 0.06 0.21 465 -1
Result 1 35.0 478 0.39 0.15 0.13 0.18 0.18 0.17 0.19 -1 -1 -1 -1
Evo 1.39 0.00 0.50 0.49 0.50 0.50 0.50 0.08 0.00 0.20 0.07 0.25 -1 463
Result 0 7.0 475 0.45 0.20 0.18 0.15 0.14 0.15 0.18 -1 -1 -1 -1
Evo 1.20 0.50 1.00 0.51 0.50 0.50 0.50 0.07 0.00 0.01 0.13 0.42 682 -1
Result 1 50.0 693 0.43 0.17 0.17 0.15 0.15 0.16 0.20 -1 -1 -1 -1
Evo 1.10 0.50 1.00 0.51 0.50 0.50 0.50 0.06 0.00 0.23 0.13 0.35 831 -1
Result 1 46.0 841 0.43 0.15 0.17 0.15 0.15 0.15 0.22 -1 -1 -1 -1
Evo 1.81 0.50 1.00 0.51 0.50 0.50 0.50 0.06 0.00 0.07 0.10 0.31 670 -1
Result 1 44.0 683 0.43 0.16 0.16 0.16 0.16 0.15 0.20 -1 -1 -1 -1
Evo 1.46 0.50 1.00 0.51 0.50 0.50 0.50 0.07 0.00 0.24 0.13 0.32 605 -1
Result 1 37.0 617 0.41 0.18 0.15 0.14 0.17 0.17 0.19 -1 -1 -1 -1
Evo 1.36 0.50 1.00 0.51 0.50 0.50 0.50 0.07 0.00 0.02 0.09 0.30 547 -1
Result 1 46.0 558 0.36 0.17 0.12 0.13 0.18 0.17 0.23 -1 -1 -1 -1
Evo 1.55 0.50 1.00 0.51 0.50 0.50 0.50 0.07 0.00 0.02 0.08 0.23 580 -1
Result 1 30.0 592 0.44 0.15 0.18 0.16 0.18 0.14 0.19 -1 -1 -1 -1
Evo 1.37 0.50 1.00 0.51 0.50 0.50 0.50 0.06 0.00 0.01 0.15 0.43 742 -1
Result 1 38.0 753 0.44 0.16 0.17 0.15 0.16 0.16 0.19 -1 -1 -1 -1
Evo 1.10 0.50 1.00 0.51 0.50 0.50 0.50 0.06 0.00 0.14 0.13 0.37 744 -1
Result 1 44.0 756 0.42 0.18 0.15 0.14 0.17 0.16 0.19 -1 -1 -1 -1
Evo 1.33 0.50 1.00 0.51 0.50 0.50 0.50 0.05 0.00 0.01 0.10 0.30 740 -1
Result 1 50.0 751 0.43 0.14 0.17 0.15 0.17 0.15 0.22 -1 -1 -1 -1
Evo 1.31 0.50 1.00 0.51 0.50 0.50 0.50 0.08 0.00 0.12 0.12 0.43 506 -1
Result 1 45.0 518 0.41 0.15 0.15 0.17 0.19 0.15 0.20 -1 -1 -1 -1
Evo 1.18 0.00 0.50 0.49 0.50 0.50 0.50 0.07 0.00 0.48 0.06 0.30 -1 688
Result 0 25.0 700 0.44 0.15 0.18 0.14 0.20 0.17 0.17 -1 -1 -1 -1
Evo 1.94 0.50 1.00 0.51 0.50 0.50 0.50 0.08 0.00 0.35 0.07 0.31 546 -1
Result 1 40.0 558 0.40 0.19 0.14 0.14 0.17 0.13 0.22 -1 -1 -1 -1
Evo 1.53 0.50 1.00 0.55 0.50 0.50 0.50 0.14 0.01 0.30 0.11 0.41 447 -1
Result 1 40.0 585 0.42 0.17 0.16 0.14 0.19 0.16 0.18 -1 -1 -1 -1
Evo 1.55 0.50 1.00 0.52 0.50 0.50 0.50 0.09 0.01 0.52 0.08 0.37 339 -1
Result 1 40.0 351 0.38 0.17 0.13 0.15 0.18 0.15 0.22 -1 -1 -1 -1
Evo 1.72 0.50 1.00 0.51 0.50 0.50 0.50 0.08 0.00 0.04 0.07 0.30 374 -1
Result 1 50.0 390 0.35 0.17 0.11 0.16 0.17 0.15 0.23 -1 -1 -1 -1
Evo 1.54 0.50 1.00 0.51 0.50 0.50 0.50 0.07 0.00 0.29 0.09 0.36 563 -1
Result 1 35.0 575 0.37 0.16 0.12 0.16 0.17 0.16 0.23 -1 -1 -1 -1
Evo 1.67 0.50 1.00 0.52 0.50 0.50 0.50 0.09 0.00 0.16 0.08 0.29 381 -1
Result 1 45.0 393 0.38 0.16 0.13 0.14 0.18 0.20 0.19 -1 -1 -1 -1
Evo 1.41 0.50 1.00 0.51 0.50 0.50 0.50 0.08 0.00 0.36 0.09 0.34 476 -1
Result 1 40.0 490 0.39 0.19 0.14 0.13 0.16 0.17 0.21 -1 -1 -1 -1
Evo 1.77 0.50 1.00 0.52 0.50 0.50 0.50 0.09 0.00 0.02 0.09 0.38 370 -1
Result 1 45.0 384 0.38 0.14 0.13 0.16 0.18 0.17 0.23 -1 -1 -1 -1
Evo 2.00 0.00 0.50 0.49 0.50 0.50 0.50 0.05 0.00 0.06 0.05 0.26 -1 741
Result 0 25.0 761 0.37 0.18 0.12 0.15 0.18 0.15 0.23 -1 -1 -1 -1
Evo 1.66 0.50 1.00 0.51 0.50 0.50 0.50 0.06 0.00 0.02 0.05 0.24 855 -1
Result 1 35.0 867 0.41 0.17 0.15 0.12 0.19 0.18 0.19 -1 -1 -1 -1
Evo 1.46 0.50 1.00 0.52 0.50 0.50 0.50 0.09 0.00 0.05 0.08 0.35 392 -1
Result 1 40.0 405 0.39 0.17 0.13 0.15 0.17 0.16 0.23 -1 -1 -1 -1
Evo 1.22 0.50 1.00 0.51 0.50 0.50 0.50 0.07 0.00 0.19 0.09 0.32 691 -1
Result 1 30.0 703 0.43 0.13 0.17 0.14 0.21 0.18 0.17 -1 -1 -1 -1
Evo 1.28 0.00 0.50 0.49 0.50 0.50 0.50 0.07 0.00 0.33 0.08 0.30 -1 737
Result 0 25.0 749 0.44 0.16 0.17 0.15 0.17 0.16 0.19 -1 -1 -1 -1
Evo 1.26 0.00 0.50 0.49 0.50 0.50 0.50 0.05 0.00 0.02 0.09 0.34 -1 556
Result 0 15.0 588 0.43 0.17 0.16 0.15 0.19 0.15 0.17 -1 -1 -1 -1
Evo 1.63 0.00 0.50 0.49 0.50 0.50 0.50 0.05 0.00 0.01 0.07 0.30 -1 696
Result 0 23.0 712 0.39 0.18 0.13 0.18 0.18 0.16 0.17 -1 -1 -1 -1
Evo 1.35 0.50 1.00 0.51 0.50 0.50 0.50 0.08 0.00 0.33 0.08 0.33 497 -1
Result 1 45.0 509 0.43 0.16 0.16 0.17 0.17 0.17 0.17 -1 -1 -1 -1
Evo 1.83 0.00 0.50 0.49 0.50 0.50 0.50 0.07 0.00 0.25 0.06 0.33 -1 589
Result 0 25.0 601 0.42 0.16 0.15 0.12 0.18 0.16 0.22 -1 -1 -1 -1
Evo 1.45 0.50 1.00 0.52 0.50 0.50 0.50 0.09 0.00 0.19 0.08 0.30 364 -1
Result 1 40.0 376 0.39 0.12 0.13 0.18 0.22 0.15 0.19 -1 -1 -1 -1
Evo 1.89 0.00 0.50 0.48 0.50 0.50 0.50 0.10 0.01 0.03 0.04 0.13 -1 320
Result 0 -15.0 332 0.37 0.17 0.12 0.20 0.16 0.16 0.20 -1 -1 -1 -1
Evo 1.58 0.00 0.50 0.49 0.50 0.50 0.50 0.07 0.00 0.08 0.10 0.29 -1 667
Result 0 29.0 679 0.45 0.19 0.18 0.11 0.16 0.15 0.21 -1 -1 -1 -1
Evo 1.69 0.00 0.50 0.49 0.50 0.50 0.50 0.07 0.00 0.37 0.06 0.26 -1 645
Result 0 11.0 657 0.44 0.15 0.18 0.19 0.13 0.16 0.19 -1 -1 -1 -1
Evo 1.09 0.00 0.50 0.49 0.50 0.50 0.50 0.08 0.00 0.09 0.09 0.28 -1 546
Result 0 17.0 558 0.45 0.17 0.19 0.20 0.14 0.15 0.16 -1 -1 -1 -1
Evo 1.31 0.50 1.00 0.51 0.50 0.50 0.50 0.07 0.00 0.16 0.09 0.28 616 -1
Result 1 65.0 627 0.44 0.16 0.17 0.16 0.15 0.17 0.19 -1 -1 -1 -1
Evo 1.39 0.50 1.00 0.51 0.50 0.50 0.50 0.07 0.00 0.16 0.07 0.27 558 -1
Result 1 36.0 570 0.45 0.17 0.18 0.15 0.15 0.14 0.22 -1 -1 -1 -1
Evo 1.29 0.50 1.00 0.51 0.50 0.50 0.50 0.07 0.00 0.07 0.07 0.24 555 -1
Result 1 50.0 565 0.43 0.17 0.16 0.16 0.16 0.15 0.20 -1 -1 -1 -1
Evo 1.51 0.50 1.00 0.51 0.50 0.50 0.50 0.08 0.00 0.05 0.12 0.41 550 -1
Result 1 54.0 562 0.43 0.14 0.17 0.16 0.15 0.15 0.22 -1 -1 -1 -1
Evo 1.64 0.50 1.00 0.51 0.50 0.50 0.50 0.07 0.00 0.01 0.13 0.41 648 -1
Result 1 47.0 665 0.40 0.18 0.15 0.17 0.16 0.15 0.19 -1 -1 -1 -1
Evo 1.33 0.50 1.00 0.51 0.50 0.50 0.50 0.07 0.00 0.12 0.09 0.27 651 -1
Result 1 50.0 662 0.41 0.17 0.15 0.14 0.17 0.18 0.19 -1 -1 -1 -1
Evo 1.84 0.00 0.50 0.48 0.50 0.50 0.50 0.09 0.00 0.06 0.03 0.07 -1 244
Result 0 -11.0 423 0.38 0.17 0.13 0.13 0.17 0.17 0.22 -1 -1 -1 -1
Evo 1.25 0.50 1.00 0.51 0.50 0.50 0.50 0.05 0.00 0.05 0.13 0.41 962 -1
Result 1 44.0 974 0.41 0.17 0.15 0.16 0.15 0.16 0.20 -1 -1 -1 -1
Evo 1.83 0.50 1.00 0.51 0.50 0.50 0.50 0.07 0.00 0.23 0.09 0.30 643 -1
Result 1 46.0 655 0.44 0.16 0.18 0.16 0.16 0.14 0.21 -1 -1 -1 -1
Evo 1.37 0.50 1.00 0.51 0.50 0.50 0.50 0.07 0.00 0.25 0.11 0.30 605 -1
Result 1 60.0 616 0.42 0.17 0.16 0.16 0.16 0.16 0.19 -1 -1 -1 -1
Evo 1.30 0.50 1.00 0.51 0.50 0.50 0.50 0.05 0.00 0.02 0.11 0.36 946 -1
Result 1 32.0 956 0.44 0.17 0.18 0.15 0.15 0.15 0.20 -1 -1 -1 -1
Evo 1.99 0.50 1.00 0.51 0.50 0.50 0.50 0.07 0.00 0.01 0.09 0.31 665 -1
Result 1 56.0 678 0.45 0.16 0.18 0.15 0.14 0.16 0.21 -1 -1 -1 -1
Evo 1.42 0.50 1.00 0.51 0.50 0.50 0.50 0.07 0.00 0.04 0.12 0.34 551 -1
Result 1 65.0 561 0.41 0.15 0.15 0.18 0.15 0.18 0.19 -1 -1 -1 -1
Evo 1.36 0.50 1.00 0.51 0.50 0.50 0.50 0.06 0.00 0.11 0.14 0.39 636 -1
Result 1 66.0 648 0.43 0.13 0.17 0.17 0.16 0.15 0.22 -1 -1 -1 -1
Evo 1.59 0.50 1.00 0.51 0.50 0.50 0.50 0.06 0.00 0.05 0.12 0.36 644 -1
Result 1 60.0 653 0.41 0.16 0.15 0.15 0.15 0.16 0.23 -1 -1 -1 -1
Evo 1.52 0.50 1.00 0.51 0.50 0.50 0.50 0.05 0.00 0.06 0.10 0.36 721 -1
Result 1 44.0 743 0.44 0.18 0.17 0.15 0.14 0.15 0.20 -1 -1 -1 -1
Evo 1.82 0.50 1.00 0.51 0.50 0.50 0.50 0.07 0.00 0.02 0.09 0.31 698 -1
Result 1 53.0 713 0.41 0.16 0.15 0.16 0.17 0.14 0.22 -1 -1 -1 -1
Evo 1.99 0.50 1.00 0.51 0.50 0.50 0.50 0.06 0.00 0.02 0.12 0.38 666 -1
Result 1 74.0 679 0.43 0.15 0.16 0.16 0.15 0.14 0.23 -1 -1 -1 -1
Evo 2.11 0.50 1.00 0.51 0.50 0.50 0.50 0.06 0.00 0.03 0.09 0.34 610 -1
Result 1 80.0 620 0.40 0.18 0.14 0.15 0.15 0.13 0.24 -1 -1 -1 -1
Evo 1.76 0.50 1.00 0.52 0.50 0.50 0.50 0.09 0.00 0.03 0.11 0.35 608 -1
Result 1 68.0 630 0.40 0.17 0.14 0.15 0.16 0.17 0.20 -1 -1 -1 -1
Evo 2.01 0.50 1.00 0.51 0.50 0.50 0.50 0.07 0.00 0.02 0.07 0.35 570 -1
Result 1 100.0 581 0.40 0.17 0.14 0.13 0.14 0.13 0.28 -1 -1 -1 -1
Evo 1.48 0.50 1.00 0.51 0.50 0.50 0.50 0.07 0.00 0.03 0.16 0.45 622 -1
Result 1 96.0 634 0.43 0.15 0.17 0.18 0.16 0.15 0.19 -1 -1 -1 -1
Evo 1.59 0.50 1.00 0.52 0.50 0.50 0.50 0.09 0.00 0.01 0.11 0.34 624 -1
Result 1 71.0 665 0.41 0.16 0.15 0.15 0.16 0.15 0.24 -1 -1 -1 -1
Evo 1.73 0.50 1.00 0.51 0.50 0.50 0.50 0.08 0.00 0.05 0.12 0.35 551 -1
Result 1 60.0 568 0.41 0.15 0.15 0.16 0.17 0.15 0.23 -1 -1 -1 -1
Evo 1.94 0.50 1.00 0.51 0.50 0.50 0.50 0.07 0.00 0.06 0.12 0.32 644 -1
Result 1 54.0 656 0.42 0.17 0.16 0.14 0.15 0.17 0.22 -1 -1 -1 -1
Evo 1.59 0.50 1.00 0.51 0.50 0.50 0.50 0.08 0.00 0.04 0.13 0.36 516 -1
Result 1 89.0 528 0.41 0.15 0.15 0.15 0.13 0.18 0.24 -1 -1 -1 -1
Evo 1.80 0.50 1.00 0.51 0.50 0.50 0.50 0.07 0.00 0.02 0.08 0.29 667 -1
Result 1 59.0 679 0.41 0.14 0.15 0.16 0.17 0.16 0.22 -1 -1 -1 -1
Evo 1.91 0.50 1.00 0.51 0.50 0.50 0.50 0.07 0.00 0.03 0.17 0.50 573 330
Result 1 50.0 709 0.41 0.15 0.15 0.15 0.15 0.17 0.23 -1 -1 -1 -1
Evo 1.77 0.50 1.00 0.51 0.50 0.50 0.50 0.07 0.00 0.02 0.11 0.29 581 -1
Result 1 66.0 593 0.41 0.17 0.15 0.14 0.16 0.16 0.23 -1 -1 -1 -1
Evo 1.83 0.50 1.00 0.51 0.50 0.50 0.50 0.05 0.00 0.02 0.13 0.41 728 -1
Result 1 60.0 740 0.44 0.17 0.17 0.14 0.18 0.15 0.19 -1 -1 -1 -1
Evo 2.15 0.40 0.50 0.50 0.50 0.50 0.50 0.01 0.00 0.03 0.05 0.22 -1 308
Result 0 -14.0 320 0.45 0.18 0.19 0.15 0.15 0.12 0.22 -1 -1 -1 -1
Evo 1.73 0.50 1.00 0.51 0.50 0.50 0.50 0.06 0.00 0.02 0.12 0.39 687 -1
Result 1 64.0 698 0.43 0.16 0.17 0.16 0.16 0.13 0.22 -1 -1 -1 -1
Evo 1.74 0.50 1.00 0.51 0.50 0.50 0.50 0.07 0.00 0.06 0.10 0.38 493 -1
Result 1 90.0 504 0.42 0.13 0.16 0.13 0.14 0.15 0.29 -1 -1 -1 -1
Evo 1.56 0.50 1.00 0.51 0.50 0.50 0.50 0.06 0.00 0.02 0.08 0.30 662 -1
Result 1 75.0 671 0.42 0.16 0.16 0.15 0.17 0.14 0.23 -1 -1 -1 -1
Evo 1.66 0.50 1.00 0.51 0.50 0.50 0.50 0.07 0.00 0.02 0.14 0.44 572 -1
Result 1 98.0 583 0.41 0.15 0.15 0.16 0.16 0.15 0.23 -1 -1 -1 -1
Evo 1.56 0.50 1.00 0.51 0.50 0.50 0.50 0.06 0.00 0.01 0.12 0.31 822 -1
Result 1 63.0 835 0.42 0.16 0.16 0.16 0.15 0.17 0.21 -1 -1 -1 -1
