Evo 1.26 0.00 1.00 0.98 1.00 1.00 1.00 0.13 0.01 0.02 0.14 0.52 -1 1
Result 0 0.0 403 0.45 0.22 0.19 0.19 0.19 0.21 -1 -1 -1 -1 -1
Evo 1.18 0.00 1.00 0.97 1.00 1.00 1.00 0.16 0.01 0.04 0.10 0.54 -1 4
Result 0 0.0 188 0.45 0.23 0.23 0.18 0.18 0.19 -1 -1 -1 -1 -1
Evo 1.46 0.00 1.00 0.97 1.00 1.00 1.00 0.15 0.01 0.05 0.13 0.58 -1 15
Result 0 0.0 260 0.41 0.22 0.22 0.21 0.15 0.19 -1 -1 -1 -1 -1
Evo 1.45 0.00 1.00 0.99 1.00 1.00 1.00 0.10 0.00 0.02 0.14 0.53 -1 4
Result 0 0.0 442 0.47 0.22 0.18 0.20 0.19 0.21 -1 -1 -1 -1 -1
Evo 1.09 0.80 1.00 1.00 1.00 1.00 1.00 0.02 0.00 0.06 0.12 0.57 -1 4
Result 0 0.0 234 0.46 0.20 0.23 0.20 0.18 0.19 -1 -1 -1 -1 -1
Evo 1.14 0.00 1.00 0.99 1.00 1.00 1.00 0.07 0.00 0.06 0.14 0.50 -1 10
Result 0 0.0 636 0.46 0.21 0.19 0.21 0.19 0.20 -1 -1 -1 -1 -1
Evo 1.07 0.00 1.00 0.97 1.00 1.00 1.00 0.17 0.01 0.04 0.09 0.49 -1 10
Result 0 0.0 204 0.46 0.21 0.23 0.18 0.20 0.19 -1 -1 -1 -1 -1
Evo 1.02 0.00 1.00 0.99 1.00 1.00 1.00 0.11 0.00 0.08 0.26 1.46 -1 94
Result 0 0.0 1000 0.46 0.22 0.19 0.19 0.18 0.21 -1 -1 -1 -1 -1
Evo 1.35 0.00 1.00 0.99 1.00 1.00 1.00 0.11 0.01 0.02 0.19 0.56 -1 79
Result 0 0.0 461 0.46 0.23 0.20 0.19 0.19 0.20 -1 -1 -1 -1 -1
Evo 1.30 0.00 1.00 0.98 1.00 1.00 1.00 0.13 0.00 0.01 0.15 0.51 -1 5
Result 0 0.0 1000 0.47 0.21 0.20 0.20 0.19 0.20 -1 -1 -1 -1 -1
Evo 1.26 0.00 1.00 0.98 1.00 1.00 1.00 0.15 0.01 0.03 0.15 0.60 -1 1
Result 0 0.0 298 0.47 0.19 0.23 0.17 0.21 0.20 -1 -1 -1 -1 -1
Evo 1.21 0.00 1.00 0.99 1.00 1.00 1.00 0.10 0.00 0.06 0.19 0.58 -1 28
Result 0 0.0 746 0.45 0.20 0.20 0.21 0.18 0.21 -1 -1 -1 -1 -1
Evo 1.03 0.00 1.00 0.99 1.00 1.00 1.00 0.12 0.01 0.09 0.08 0.48 -1 1
Result 0 0.0 143 0.44 0.26 0.21 0.18 0.17 0.17 -1 -1 -1 -1 -1
Evo 1.41 0.00 1.00 0.98 1.00 1.00 1.00 0.13 0.00 0.02 0.22 0.69 -1 21
Result 0 0.0 1000 0.47 0.21 0.19 0.20 0.19 0.20 -1 -1 -1 -1 -1
Evo 1.36 0.00 1.00 0.99 1.00 1.00 1.00 0.08 0.00 0.01 0.18 0.55 -1 2
Result 0 0.0 957 0.47 0.20 0.19 0.20 0.19 0.21 -1 -1 -1 -1 -1
Evo 1.01 0.00 1.00 0.99 1.00 1.00 1.00 0.09 0.00 0.02 0.15 0.58 -1 11
Result 0 0.0 381 0.46 0.22 0.20 0.19 0.19 0.20 -1 -1 -1 -1 -1
Evo 1.31 0.00 1.00 0.99 1.00 1.00 1.00 0.10 0.00 0.04 0.17 0.63 -1 9
Result 0 0.0 584 0.43 0.20 0.18 0.23 0.17 0.22 -1 -1 -1 -1 -1
Evo 1.18 0.00 1.00 0.99 1.00 1.00 1.00 0.11 0.00 0.06 0.20 0.63 -1 6
Result 0 0.0 997 0.46 0.21 0.21 0.19 0.20 0.19 -1 -1 -1 -1 -1
Evo 1.27 0.00 1.00 0.99 1.00 1.00 1.00 0.08 0.00 0.10 0.15 0.51 -1 38
Result 0 0.0 691 0.46 0.22 0.21 0.19 0.20 0.18 -1 -1 -1 -1 -1
Evo 1.33 0.00 1.00 0.98 1.00 1.00 1.00 0.12 0.01 0.14 0.20 0.70 -1 10
Result 0 0.0 456 0.43 0.24 0.20 0.17 0.21 0.18 -1 -1 -1 -1 -1
Evo 1.28 0.00 1.00 0.99 1.00 1.00 1.00 0.12 0.00 0.01 0.11 0.87 -1 0
Result 0 -2.0 1000 0.48 0.16 0.19 0.21 0.21 0.23 -1 -1 -1 -1 -1
Evo 1.33 0.00 1.00 0.99 1.00 1.00 1.00 0.12 0.00 0.05 0.15 0.98 -1 0
Result 0 -2.0 1000 0.48 0.20 0.17 0.22 0.18 0.22 -1 -1 -1 -1 -1
Evo 1.16 0.00 1.00 0.99 1.00 1.00 1.00 0.11 0.00 0.01 0.15 1.00 -1 1
Result 0 0.0 1000 0.48 0.18 0.18 0.20 0.22 0.23 -1 -1 -1 -1 -1
Evo 1.29 0.00 1.00 0.99 1.00 1.00 1.00 0.11 0.00 0.06 0.12 0.84 -1 1
Result 0 0.0 1000 0.49 0.19 0.20 0.20 0.19 0.23 -1 -1 -1 -1 -1
Evo 1.28 0.00 1.00 0.99 1.00 1.00 1.00 0.11 0.00 0.01 0.11 0.87 -1 1
Result 0 -2.0 1000 0.46 0.19 0.19 0.23 0.19 0.20 -1 -1 -1 -1 -1
Evo 1.26 0.00 1.00 0.99 1.00 1.00 1.00 0.11 0.00 0.04 0.16 0.94 -1 0
Result 0 -4.0 1000 0.46 0.19 0.17 0.20 0.21 0.23 -1 -1 -1 -1 -1
Evo 1.47 0.00 1.00 0.98 1.00 1.00 1.00 0.12 0.00 0.01 0.17 0.92 -1 0
Result 0 0.0 1000 0.47 0.20 0.18 0.21 0.18 0.22 -1 -1 -1 -1 -1
Evo 1.44 0.00 1.00 0.98 1.00 1.00 1.00 0.12 0.00 0.04 0.19 1.06 -1 1
Result 0 -1.0 1000 0.45 0.24 0.18 0.21 0.18 0.19 -1 -1 -1 -1 -1
Evo 1.16 0.00 1.00 0.99 1.00 1.00 1.00 0.11 0.00 0.01 0.12 0.84 -1 0
Result 0 0.0 1000 0.47 0.21 0.17 0.21 0.18 0.23 -1 -1 -1 -1 -1
Evo 1.53 0.00 1.00 0.98 1.00 1.00 1.00 0.12 0.00 0.02 0.16 0.96 -1 0
Result 0 -2.0 1000 0.48 0.20 0.16 0.23 0.20 0.22 -1 -1 -1 -1 -1
Evo 1.34 0.00 1.00 0.99 1.00 1.00 1.00 0.12 0.00 0.01 0.14 0.83 -1 0
Result 0 0.0 1000 0.46 0.19 0.19 0.19 0.21 0.21 -1 -1 -1 -1 -1
Evo 1.24 0.00 1.00 0.99 1.00 1.00 1.00 0.11 0.00 0.01 0.13 0.94 -1 1
Result 0 0.0 1000 0.47 0.19 0.19 0.21 0.21 0.19 -1 -1 -1 -1 -1
Evo 1.14 0.00 1.00 0.99 1.00 1.00 1.00 0.11 0.00 0.02 0.14 0.96 -1 1
Result 0 0.0 1000 0.47 0.20 0.20 0.21 0.19 0.20 -1 -1 -1 -1 -1
Evo 1.34 0.00 1.00 0.99 1.00 1.00 1.00 0.11 0.00 0.02 0.17 0.94 -1 1
Result 0 -2.0 1000 0.48 0.20 0.19 0.20 0.18 0.23 -1 -1 -1 -1 -1
Evo 1.47 0.00 1.00 0.99 1.00 1.00 1.00 0.11 0.00 0.01 0.14 0.96 -1 0
Result 0 -2.0 1000 0.46 0.20 0.16 0.22 0.19 0.22 -1 -1 -1 -1 -1
Evo 1.07 0.00 1.00 0.99 1.00 1.00 1.00 0.12 0.00 0.01 0.14 0.85 -1 0
Result 0 -2.0 1000 0.45 0.21 0.20 0.19 0.21 0.19 -1 -1 -1 -1 -1
Evo 1.24 0.00 1.00 0.99 1.00 1.00 1.00 0.11 0.00 0.01 0.15 0.86 -1 0
Result 0 0.0 1000 0.47 0.19 0.20 0.20 0.20 0.21 -1 -1 -1 -1 -1
Evo 2.87 0.00 1.00 0.83 0.80 1.00 1.00 0.24 0.01 0.08 0.05 0.29 -1 0
Result 0 -2.0 324 0.50 0.27 0.13 0.24 0.14 0.22 -1 -1 -1 -1 -1
Evo 1.80 0.00 1.00 0.99 1.00 1.00 1.00 0.12 0.00 0.13 0.17 0.89 -1 0
Result 0 0.0 1000 0.47 0.21 0.17 0.21 0.18 0.23 -1 -1 -1 -1 -1
Evo 1.41 0.00 1.00 0.99 1.00 1.00 1.00 0.12 0.00 0.11 0.16 0.88 -1 0
Result 0 -2.0 1000 0.46 0.20 0.18 0.19 0.19 0.22 -1 -1 -1 -1 -1
Evo 1.51 0.00 1.00 0.98 1.00 1.00 1.00 0.10 0.00 0.01 0.13 0.46 -1 1
Result 0 0.0 952 0.47 0.23 0.19 0.18 0.21 0.19 -1 -1 -1 -1 -1
Evo 1.36 0.00 1.00 0.98 1.00 1.00 1.00 0.12 0.00 0.03 0.13 0.46 -1 1
Result 0 0.0 752 0.46 0.21 0.21 0.19 0.21 0.19 -1 -1 -1 -1 -1
Evo 2.28 0.00 1.00 0.95 1.00 1.00 1.00 0.18 0.01 0.03 0.12 0.55 -1 1
Result 0 0.0 252 0.50 0.19 0.19 0.18 0.25 0.19 -1 -1 -1 -1 -1
Evo 1.26 0.00 1.00 0.98 1.00 1.00 1.00 0.13 0.01 0.04 0.09 0.42 -1 3
Result 0 0.0 219 0.46 0.21 0.17 0.19 0.18 0.24 -1 -1 -1 -1 -1
Evo 1.39 0.00 1.00 0.97 1.00 1.00 1.00 0.13 0.00 0.01 0.11 0.37 -1 1
Result 0 0.0 1000 0.46 0.22 0.20 0.19 0.20 0.19 -1 -1 -1 -1 -1
Evo 1.52 0.00 1.00 0.96 1.00 1.00 1.00 0.13 0.01 0.02 0.12 0.45 -1 1
Result 0 0.0 436 0.48 0.18 0.17 0.22 0.21 0.22 -1 -1 -1 -1 -1
Evo 1.71 0.00 1.00 0.97 1.00 1.00 1.00 0.14 0.00 0.01 0.12 0.39 -1 2
Result 0 0.0 999 0.44 0.26 0.19 0.18 0.19 0.18 -1 -1 -1 -1 -1
Evo 1.42 0.00 1.00 0.98 1.00 1.00 1.00 0.11 0.00 0.02 0.22 1.12 -1 3
Result 0 0.0 906 0.47 0.23 0.17 0.21 0.18 0.21 -1 -1 -1 -1 -1
Evo 1.54 0.00 1.00 0.98 1.00 1.00 1.00 0.09 0.00 0.14 0.16 0.51 -1 24
Result 0 0.0 609 0.47 0.20 0.19 0.20 0.20 0.21 -1 -1 -1 -1 -1
Evo 1.55 0.00 1.00 0.97 1.00 1.00 1.00 0.14 0.00 0.03 0.13 0.43 -1 6
Result 0 0.0 1000 0.47 0.21 0.20 0.18 0.21 0.19 -1 -1 -1 -1 -1
Evo 1.33 0.00 1.00 0.97 1.00 1.00 1.00 0.15 0.01 0.02 0.11 0.40 -1 6
Result 0 0.0 468 0.46 0.24 0.19 0.20 0.19 0.19 -1 -1 -1 -1 -1
Evo 1.16 0.80 1.00 1.00 1.00 1.00 1.00 0.01 0.00 0.04 0.09 0.50 -1 5
Result 0 0.0 216 0.49 0.27 0.15 0.16 0.18 0.23 -1 -1 -1 -1 -1
Evo 1.45 0.00 1.00 0.97 1.00 1.00 1.00 0.13 0.00 0.01 0.10 0.35 -1 1
Result 0 0.0 1000 0.46 0.21 0.19 0.21 0.19 0.19 -1 -1 -1 -1 -1
Evo 1.56 0.00 1.00 0.98 1.00 1.00 1.00 0.10 0.00 0.03 0.13 0.43 -1 1
Result 0 0.0 567 0.48 0.19 0.17 0.21 0.20 0.22 -1 -1 -1 -1 -1
Evo 1.24 0.00 1.00 0.98 1.00 1.00 1.00 0.12 0.01 0.02 0.07 0.33 -1 2
Result 0 0.0 453 0.45 0.20 0.20 0.20 0.20 0.19 -1 -1 -1 -1 -1
Evo 1.29 0.00 1.00 0.97 1.00 1.00 1.00 0.16 0.00 0.07 0.15 0.77 -1 7
Result 0 0.0 1000 0.47 0.20 0.21 0.20 0.20 0.19 -1 -1 -1 -1 -1
Evo 1.31 0.00 1.00 0.97 1.00 1.00 1.00 0.17 0.01 0.15 0.07 0.39 -1 4
Result 0 0.0 173 0.50 0.20 0.18 0.18 0.17 0.26 -1 -1 -1 -1 -1
Evo 1.55 0.00 1.00 0.97 1.00 1.00 1.00 0.13 0.00 0.01 0.13 0.37 -1 1
Result 0 0.0 996 0.46 0.21 0.20 0.20 0.19 0.20 -1 -1 -1 -1 -1
Evo 1.07 0.00 1.00 1.00 1.00 1.00 1.00 0.06 0.00 0.02 0.14 1.06 -1 3
Result 0 0.0 527 0.50 0.19 0.18 0.18 0.21 0.24 -1 -1 -1 -1 -1
Evo 1.17 0.00 1.00 0.98 1.00 1.00 1.00 0.13 0.01 0.02 0.10 0.36 -1 12
Result 0 0.0 538 0.45 0.22 0.18 0.20 0.18 0.22 -1 -1 -1 -1 -1
Evo 1.48 0.00 1.00 0.97 1.00 1.00 1.00 0.14 0.01 0.06 0.13 0.37 -1 2
Result 0 0.0 529 0.46 0.25 0.18 0.19 0.18 0.20 -1 -1 -1 -1 -1
Evo 1.66 0.00 1.00 0.95 1.00 1.00 1.00 0.16 0.01 0.03 0.14 0.37 -1 1
Result 0 0.0 447 0.45 0.23 0.22 0.18 0.19 0.18 -1 -1 -1 -1 -1
Evo 1.68 0.00 1.00 0.96 1.00 1.00 1.00 0.13 0.00 0.01 0.17 0.34 -1 1
Result 0 0.0 729 0.46 0.22 0.19 0.20 0.19 0.20 -1 -1 -1 -1 -1
Evo 1.63 0.00 1.00 0.95 1.00 1.00 1.00 0.16 0.01 0.04 0.14 0.37 -1 9
Result 0 0.0 866 0.46 0.21 0.21 0.19 0.20 0.19 -1 -1 -1 -1 -1
Evo 1.14 0.00 1.00 0.96 1.00 1.00 1.00 0.19 0.01 0.06 0.08 0.36 -1 1
Result 0 0.0 209 0.44 0.23 0.24 0.17 0.19 0.18 -1 -1 -1 -1 -1
Evo 1.41 0.00 1.00 0.96 1.00 1.00 1.00 0.14 0.00 0.02 0.18 0.33 -1 1
Result 0 0.0 864 0.46 0.21 0.20 0.20 0.19 0.20 -1 -1 -1 -1 -1
Evo 1.33 0.00 1.00 0.97 1.00 1.00 1.00 0.16 0.01 0.02 0.12 0.35 -1 13
Result 0 0.0 450 0.46 0.18 0.22 0.19 0.22 0.19 -1 -1 -1 -1 -1
Evo 1.37 0.00 1.00 0.97 1.00 1.00 1.00 0.15 0.01 0.10 0.12 0.35 -1 2
Result 0 0.0 449 0.45 0.25 0.19 0.19 0.18 0.19 -1 -1 -1 -1 -1
Evo 1.29 0.00 1.00 0.96 1.00 1.00 1.00 0.16 0.01 0.05 0.11 0.35 -1 3
Result 0 0.0 449 0.44 0.25 0.18 0.18 0.18 0.22 -1 -1 -1 -1 -1
Evo 1.15 0.00 1.00 0.96 1.00 1.00 1.00 0.20 0.01 0.03 0.10 0.37 -1 6
Result 0 0.0 242 0.42 0.23 0.24 0.18 0.19 0.16 -1 -1 -1 -1 -1
Evo 1.45 0.00 1.00 0.94 1.00 1.00 1.00 0.19 0.01 0.05 0.13 0.36 -1 4
Result 0 0.0 394 0.47 0.22 0.21 0.17 0.21 0.19 -1 -1 -1 -1 -1
Evo 1.52 0.00 1.00 0.96 1.00 1.00 1.00 0.14 0.01 0.02 0.14 0.37 -1 1
Result 0 0.0 606 0.45 0.25 0.20 0.18 0.19 0.18 -1 -1 -1 -1 -1
Evo 1.62 0.00 1.00 0.97 1.00 1.00 1.00 0.12 0.00 0.03 0.16 0.34 -1 2
Result 0 0.0 605 0.48 0.22 0.19 0.21 0.16 0.22 -1 -1 -1 -1 -1
Evo 1.54 0.00 1.00 0.95 1.00 1.00 1.00 0.16 0.01 0.04 0.15 0.34 -1 3
Result 0 0.0 865 0.45 0.23 0.20 0.19 0.20 0.18 -1 -1 -1 -1 -1
Evo 1.10 0.00 1.00 0.96 1.00 1.00 1.00 0.18 0.01 0.13 0.08 0.35 -1 2
Result 0 0.0 257 0.48 0.21 0.20 0.21 0.16 0.22 -1 -1 -1 -1 -1
Evo 1.02 0.00 1.00 0.94 1.00 1.00 1.00 0.22 0.01 0.07 0.07 0.35 -1 3
Result 0 0.0 261 0.45 0.23 0.20 0.18 0.19 0.19 -1 -1 -1 -1 -1
Evo 1.29 0.00 1.00 0.97 1.00 1.00 1.00 0.14 0.01 0.06 0.12 0.39 -1 2
Result 0 0.0 606 0.44 0.24 0.20 0.20 0.17 0.19 -1 -1 -1 -1 -1
Evo 1.30 0.00 1.00 0.97 1.00 1.00 1.00 0.12 0.00 0.01 0.17 0.45 -1 1
Result 0 0.0 729 0.45 0.22 0.21 0.20 0.18 0.19 -1 -1 -1 -1 -1
Evo 1.20 0.00 1.00 0.95 1.00 1.00 1.00 0.21 0.01 0.03 0.09 0.36 -1 1
Result 0 0.0 261 0.46 0.23 0.19 0.19 0.19 0.20 -1 -1 -1 -1 -1
Evo 1.54 0.00 1.00 0.95 1.00 1.00 1.00 0.16 0.01 0.01 0.19 0.36 -1 0
Result 0 0.0 1000 0.46 0.24 0.20 0.19 0.18 0.19 -1 -1 -1 -1 -1
Evo 1.82 0.00 1.00 0.96 1.00 1.00 1.00 0.14 0.01 0.02 0.10 0.33 -1 1
Result 0 0.0 520 0.47 0.22 0.19 0.20 0.17 0.21 -1 -1 -1 -1 -1
Evo 1.71 0.00 1.00 0.96 1.00 1.00 1.00 0.12 0.00 0.01 0.17 0.42 -1 1
Result 0 0.0 773 0.48 0.25 0.16 0.21 0.16 0.22 -1 -1 -1 -1 -1
Evo 1.52 0.00 1.00 0.99 1.00 1.00 1.00 0.08 0.00 0.13 0.08 0.30 -1 1
Result 0 0.0 510 0.46 0.21 0.20 0.19 0.19 0.21 -1 -1 -1 -1 -1
Evo 1.61 0.00 1.00 0.99 1.00 1.00 1.00 0.09 0.00 0.02 0.12 0.45 -1 1
Result 0 0.0 401 0.44 0.19 0.18 0.21 0.18 0.24 -1 -1 -1 -1 -1
Evo 1.24 0.00 1.00 0.98 1.00 1.00 1.00 0.12 0.00 0.01 0.32 1.23 -1 1
Result 0 0.0 1000 0.44 0.23 0.21 0.18 0.17 0.21 -1 -1 -1 -1 -1
Evo 1.38 0.00 1.00 0.98 1.00 1.00 1.00 0.10 0.01 0.03 0.10 0.39 -1 0
Result 0 0.0 245 0.48 0.20 0.18 0.23 0.17 0.22 -1 -1 -1 -1 -1
Evo 1.86 0.00 1.00 0.95 1.00 1.00 1.00 0.15 0.01 0.13 0.12 0.34 -1 1
Result 0 0.0 651 0.45 0.23 0.19 0.21 0.19 0.19 -1 -1 -1 -1 -1
Evo 1.34 0.00 1.00 0.99 1.00 1.00 1.00 0.06 0.00 0.05 0.07 0.30 -1 0
Result 0 0.0 261 0.44 0.20 0.20 0.21 0.18 0.21 -1 -1 -1 -1 -1
Evo 1.36 0.00 1.00 0.98 1.00 1.00 1.00 0.13 0.01 0.03 0.09 0.33 -1 1
Result 0 0.0 246 0.47 0.21 0.21 0.19 0.20 0.19 -1 -1 -1 -1 -1
Evo 1.31 0.00 1.00 0.98 1.00 1.00 1.00 0.12 0.00 0.01 0.20 0.75 -1 0
Result 0 0.0 1000 0.44 0.20 0.20 0.18 0.18 0.23 -1 -1 -1 -1 -1
Evo 1.45 0.00 1.00 0.99 1.00 1.00 1.00 0.07 0.00 0.01 0.15 0.46 -1 0
Result 0 0.0 869 0.45 0.20 0.18 0.21 0.19 0.22 -1 -1 -1 -1 -1
Evo 1.69 0.00 1.00 0.96 1.00 1.00 1.00 0.14 0.01 0.03 0.18 0.44 -1 1
Result 0 0.0 639 0.43 0.22 0.19 0.19 0.17 0.23 -1 -1 -1 -1 -1
Evo 1.71 0.00 1.00 0.97 1.00 1.00 1.00 0.13 0.01 0.04 0.08 0.31 -1 0
Result 0 0.0 173 0.44 0.23 0.17 0.20 0.17 0.23 -1 -1 -1 -1 -1
Evo 1.86 0.00 1.00 0.96 1.00 1.00 1.00 0.13 0.01 0.02 0.12 0.36 -1 0
Result 0 0.0 537 0.47 0.23 0.18 0.22 0.17 0.21 -1 -1 -1 -1 -1
Evo 1.55 0.00 1.00 0.96 1.00 1.00 1.00 0.15 0.00 0.04 0.19 0.78 -1 1
Result 0 0.0 1000 0.44 0.23 0.18 0.20 0.18 0.21 -1 -1 -1 -1 -1
Evo 1.33 0.00 1.00 0.98 1.00 1.00 1.00 0.12 0.01 0.05 0.10 0.38 -1 1
Result 0 0.0 303 0.44 0.22 0.21 0.18 0.18 0.20 -1 -1 -1 -1 -1
Evo 1.23 0.00 1.00 0.93 1.00 1.00 1.00 0.25 0.02 0.05 0.06 0.26 -1 1
Result 0 0.0 148 0.45 0.26 0.21 0.19 0.16 0.18 -1 -1 -1 -1 -1
Evo 1.63 0.00 1.00 0.99 1.00 1.00 1.00 0.10 0.01 0.05 0.10 0.38 -1 0
Result 0 -1.0 365 0.46 0.21 0.20 0.20 0.17 0.22 -1 -1 -1 -1 -1
Evo 1.33 0.00 1.00 0.98 1.00 1.00 1.00 0.12 0.00 0.01 0.16 0.75 -1 1
Result 0 0.0 1000 0.43 0.20 0.19 0.22 0.17 0.23 -1 -1 -1 -1 -1
Evo 1.16 0.00 1.00 0.98 1.00 1.00 1.00 0.12 0.00 0.06 0.21 0.91 -1 0
Result 0 0.0 1000 0.44 0.19 0.19 0.22 0.17 0.22 -1 -1 -1 -1 -1
