Evo 1.53 0.00 1.00 0.99 1.00 1.00 1.00 0.10 0.00 0.01 0.43 0.52 -1 32
Result 0 198.0 1298 0.49 0.16 0.22 0.20 0.19 0.23 -1 -1 -1 -1 -1
Evo 1.37 0.00 1.00 0.98 1.00 1.00 1.00 0.14 0.01 0.02 0.17 0.20 -1 36
Result 0 74.0 544 0.46 0.15 0.17 0.28 0.20 0.20 -1 -1 -1 -1 -1
Evo 1.93 0.00 1.00 0.97 1.00 1.00 1.00 0.17 0.01 0.06 0.17 0.21 -1 279
Result 0 163.0 350 0.47 0.09 0.27 0.25 0.19 0.20 -1 -1 -1 -1 -1
Evo 2.29 0.00 1.00 0.96 1.00 1.00 1.00 0.18 0.01 0.04 0.25 0.30 -1 276
Result 0 116.0 349 0.46 0.11 0.26 0.26 0.17 0.20 -1 -1 -1 -1 -1
Evo 1.58 0.00 1.00 0.99 1.00 1.00 1.00 0.10 0.00 0.01 0.51 0.58 -1 351
Result 0 242.0 1633 0.48 0.15 0.22 0.22 0.19 0.23 -1 -1 -1 -1 -1
Evo 1.59 0.00 1.00 0.98 1.00 1.00 1.00 0.11 0.00 0.02 0.26 0.30 -1 80
Result 0 195.0 791 0.47 0.17 0.17 0.24 0.22 0.20 -1 -1 -1 -1 -1
Evo 1.73 0.00 1.00 0.98 1.00 1.00 1.00 0.13 0.01 0.01 0.31 0.44 -1 60
Result 0 134.0 620 0.48 0.14 0.22 0.21 0.20 0.22 -1 -1 -1 -1 -1
Evo 1.84 0.00 1.00 0.98 1.00 1.00 1.00 0.14 0.01 0.02 0.25 0.33 -1 471
Result 0 115.0 547 0.49 0.13 0.24 0.21 0.19 0.23 -1 -1 -1 -1 -1
Evo 1.51 0.00 1.00 0.99 1.00 1.00 1.00 0.10 0.00 0.01 0.55 0.68 -1 36
Result 0 225.0 2000 0.47 0.16 0.20 0.23 0.20 0.21 -1 -1 -1 -1 -1
Evo 1.82 0.00 1.00 0.98 1.00 1.00 1.00 0.14 0.01 0.01 0.30 0.38 -1 34
Result 0 139.0 632 0.48 0.14 0.21 0.25 0.19 0.21 -1 -1 -1 -1 -1
Evo 1.33 0.00 1.00 0.99 1.00 1.00 1.00 0.10 0.00 0.01 0.33 0.42 -1 400
Result 0 136.0 713 0.49 0.15 0.21 0.22 0.19 0.23 -1 -1 -1 -1 -1
Evo 1.72 0.00 1.00 0.98 1.00 1.00 1.00 0.14 0.01 0.01 0.34 0.43 -1 36
Result 0 167.0 623 0.49 0.14 0.21 0.25 0.16 0.23 -1 -1 -1 -1 -1
Evo 2.19 0.00 1.00 0.95 1.00 1.00 1.00 0.19 0.01 0.05 0.16 0.26 -1 259
Result 0 3621.0 316 0.49 0.14 0.25 0.19 0.18 0.24 -1 -1 -1 -1 -1
Evo 2.06 0.00 1.00 0.96 1.00 1.00 1.00 0.18 0.01 0.04 0.27 0.36 -1 281
Result 0 210.0 366 0.51 0.10 0.28 0.22 0.13 0.27 -1 -1 -1 -1 -1
Evo 1.56 0.00 1.00 0.97 1.00 1.00 1.00 0.17 0.01 0.02 0.14 0.16 -1 338
Result 0 63.0 365 0.50 0.16 0.18 0.22 0.19 0.25 -1 -1 -1 -1 -1
Evo 1.54 0.00 1.00 0.98 1.00 1.00 1.00 0.11 0.00 0.02 0.26 0.31 -1 356
Result 0 115.0 806 0.48 0.16 0.20 0.22 0.20 0.22 -1 -1 -1 -1 -1
Evo 1.60 0.00 1.00 0.98 1.00 1.00 1.00 0.10 0.00 0.01 0.32 0.39 -1 35
Result 0 119.0 1140 0.50 0.16 0.19 0.22 0.19 0.24 -1 -1 -1 -1 -1
Evo 2.10 0.00 1.00 0.96 1.00 1.00 1.00 0.13 0.01 0.03 0.19 0.32 -1 245
Result 0 4418.0 325 0.44 0.15 0.27 0.18 0.22 0.18 -1 -1 -1 -1 -1
Evo 1.78 0.00 1.00 0.97 1.00 1.00 1.00 0.12 0.00 0.01 0.37 0.44 -1 35
Result 0 177.0 1080 0.49 0.14 0.19 0.23 0.20 0.23 -1 -1 -1 -1 -1
Evo 1.74 0.00 1.00 0.98 1.00 1.00 1.00 0.09 0.00 0.01 0.57 0.69 -1 76
Result 0 290.0 1323 0.49 0.14 0.20 0.22 0.21 0.23 -1 -1 -1 -1 -1
Evo 1.40 0.00 1.00 0.98 1.00 1.00 1.00 0.12 0.00 0.01 0.25 0.31 -1 92
Result 0 107.0 885 0.48 0.16 0.23 0.20 0.19 0.22 -1 -1 -1 -1 -1
Evo 1.63 0.00 1.00 0.98 1.00 1.00 1.00 0.12 0.00 0.01 0.42 0.48 -1 77
Result 0 181.0 990 0.49 0.14 0.18 0.25 0.19 0.24 -1 -1 -1 -1 -1
Evo 1.91 0.00 1.00 0.97 1.00 1.00 1.00 0.13 0.00 0.01 0.49 0.56 -1 48
Result 0 218.0 940 0.50 0.11 0.24 0.21 0.19 0.25 -1 -1 -1 -1 -1
Evo 1.78 0.00 1.00 0.98 1.00 1.00 1.00 0.12 0.00 0.01 0.41 0.50 -1 617
Result 0 183.0 869 0.48 0.14 0.23 0.23 0.18 0.23 -1 -1 -1 -1 -1
Evo 1.66 0.00 1.00 0.98 1.00 1.00 1.00 0.13 0.01 0.02 0.17 0.24 -1 92
Result 0 122.0 594 0.47 0.14 0.26 0.22 0.17 0.20 -1 -1 -1 -1 -1
Evo 1.74 0.00 1.00 0.97 1.00 1.00 1.00 0.14 0.01 0.02 0.28 0.35 -1 67
Result 0 168.0 545 0.50 0.13 0.25 0.20 0.18 0.24 -1 -1 -1 -1 -1
Evo 1.51 0.00 1.00 0.99 1.00 1.00 1.00 0.08 0.00 0.01 0.54 0.61 -1 75
Result 0 315.0 1413 0.48 0.14 0.22 0.20 0.22 0.22 -1 -1 -1 -1 -1
Evo 1.52 0.00 1.00 0.98 1.00 1.00 1.00 0.10 0.00 0.02 0.50 0.59 -1 385
Result 0 232.0 1152 0.48 0.14 0.23 0.21 0.21 0.22 -1 -1 -1 -1 -1
Evo 1.71 0.00 1.00 0.94 1.00 1.00 1.00 0.23 0.02 0.04 0.13 0.16 -1 80
Result 0 55.0 177 0.52 0.10 0.17 0.25 0.20 0.29 -1 -1 -1 -1 -1
Evo 1.46 0.00 1.00 0.99 1.00 1.00 1.00 0.09 0.00 0.01 0.51 0.59 -1 343
Result 0 347.0 1420 0.48 0.16 0.20 0.23 0.19 0.21 -1 -1 -1 -1 -1
Evo 1.60 0.00 1.00 0.99 1.00 1.00 1.00 0.08 0.00 0.01 0.53 0.60 -1 52
Result 0 236.0 1755 0.48 0.17 0.21 0.20 0.19 0.22 -1 -1 -1 -1 -1
Evo 1.71 0.00 1.00 0.98 1.00 1.00 1.00 0.11 0.00 0.01 0.41 0.51 -1 310
Result 0 186.0 848 0.48 0.12 0.24 0.20 0.22 0.21 -1 -1 -1 -1 -1
Evo 1.76 0.00 1.00 0.98 1.00 1.00 1.00 0.12 0.00 0.01 0.31 0.36 -1 158
Result 0 133.0 853 0.47 0.14 0.21 0.25 0.19 0.20 -1 -1 -1 -1 -1
Evo 2.83 0.00 1.00 0.89 1.00 1.00 1.00 0.30 0.03 0.08 0.06 0.09 -1 55
Result 0 25.0 80 0.53 0.06 0.36 0.10 0.09 0.40 -1 -1 -1 -1 -1
Evo 1.09 0.00 1.00 0.96 1.00 1.00 1.00 0.17 0.01 0.02 0.06 0.07 -1 293
Result 0 23.0 359 0.47 0.21 0.19 0.25 0.14 0.21 -1 -1 -1 -1 -1
Evo 2.22 0.00 1.00 0.91 1.00 1.00 1.00 0.27 0.02 0.09 0.11 0.15 -1 89
Result 0 48.0 129 0.52 0.06 0.25 0.22 0.16 0.30 -1 -1 -1 -1 -1
Evo 1.47 0.00 1.00 0.97 1.00 1.00 1.00 0.15 0.01 0.04 0.10 0.12 -1 324
Result 0 42.0 441 0.49 0.17 0.19 0.23 0.19 0.23 -1 -1 -1 -1 -1
Evo 1.59 0.00 1.00 0.99 1.00 1.00 1.00 0.08 0.00 0.01 0.56 0.63 -1 421
Result 0 324.0 1700 0.49 0.15 0.21 0.22 0.19 0.23 -1 -1 -1 -1 -1
Evo 1.50 0.00 1.00 0.98 1.00 1.00 1.00 0.13 0.01 0.01 0.22 0.26 -1 250
Result 0 218.0 637 0.49 0.14 0.20 0.22 0.19 0.24 -1 -1 -1 -1 -1
Evo 1.42 0.00 1.00 0.98 1.00 1.00 1.00 0.09 0.00 0.01 0.40 0.55 -1 104
Result 0 168.0 1000 0.50 0.14 0.20 0.25 0.17 0.24 -1 -1 -1 -1 -1
Evo 1.69 0.00 1.00 0.98 1.00 1.00 1.00 0.10 0.00 0.01 0.55 0.64 -1 264
Result 0 254.0 1223 0.44 0.16 0.21 0.23 0.22 0.18 -1 -1 -1 -1 -1
Evo 1.71 0.00 1.00 0.88 1.00 1.00 1.00 0.32 0.04 0.08 0.06 0.10 -1 48
Result 0 30.0 76 0.53 0.08 0.38 0.04 0.16 0.35 -1 -1 -1 -1 -1
Evo 2.04 0.00 1.00 0.93 1.00 1.00 1.00 0.25 0.02 0.04 0.13 0.20 -1 108
Result 0 69.0 192 0.47 0.07 0.21 0.30 0.22 0.21 -1 -1 -1 -1 -1
Evo 1.80 0.00 1.00 0.97 1.00 1.00 1.00 0.14 0.00 0.01 0.61 0.71 -1 136
Result 0 276.0 1358 0.48 0.14 0.22 0.21 0.22 0.22 -1 -1 -1 -1 -1
Evo 1.58 0.00 1.00 0.97 1.00 1.00 1.00 0.14 0.01 0.02 0.27 0.35 -1 81
Result 0 128.0 500 0.51 0.13 0.25 0.22 0.14 0.26 -1 -1 -1 -1 -1
Evo 1.75 0.00 1.00 0.97 1.00 1.00 1.00 0.16 0.01 0.02 0.30 0.40 -1 44
Result 0 146.0 460 0.45 0.11 0.26 0.25 0.20 0.19 -1 -1 -1 -1 -1
Evo 2.07 0.00 1.00 0.93 1.00 1.00 1.00 0.25 0.02 0.04 0.15 0.23 -1 96
Result 0 73.0 200 0.48 0.10 0.37 0.13 0.17 0.22 -1 -1 -1 -1 -1
Evo 1.96 0.00 1.00 0.97 1.00 1.00 1.00 0.13 0.00 0.01 0.39 0.52 -1 304
Result 0 177.0 788 0.46 0.13 0.26 0.19 0.22 0.20 -1 -1 -1 -1 -1
Evo 1.47 0.00 1.00 0.99 1.00 1.00 1.00 0.08 0.00 0.01 0.64 0.73 -1 70
Result 0 260.0 1748 0.48 0.15 0.22 0.22 0.19 0.22 -1 -1 -1 -1 -1
Evo 2.07 0.40 1.00 0.98 1.00 1.00 1.00 0.08 0.00 0.03 0.22 0.33 -1 72
Result 0 85.0 320 0.49 0.09 0.27 0.20 0.21 0.23 -1 -1 -1 -1 -1
Evo 1.67 0.00 1.00 0.98 1.00 1.00 1.00 0.10 0.00 0.01 0.53 0.67 -1 262
Result 0 323.0 1179 0.47 0.13 0.25 0.20 0.21 0.21 -1 -1 -1 -1 -1
Evo 1.94 0.00 1.00 0.97 1.00 1.00 1.00 0.14 0.01 0.02 0.34 0.45 -1 84
Result 0 168.0 500 0.51 0.11 0.23 0.19 0.20 0.26 -1 -1 -1 -1 -1
Evo 1.94 0.00 1.00 0.96 1.00 1.00 1.00 0.17 0.01 0.03 0.32 0.45 -1 176
Result 0 142.0 452 0.49 0.12 0.21 0.22 0.21 0.24 -1 -1 -1 -1 -1
Evo 1.64 0.00 1.00 0.97 1.00 1.00 1.00 0.14 0.01 0.01 0.34 0.46 -1 88
Result 0 160.0 758 0.47 0.15 0.27 0.13 0.23 0.21 -1 -1 -1 -1 -1
Evo 2.01 0.00 1.00 0.97 1.00 1.00 1.00 0.14 0.01 0.02 0.33 0.42 -1 259
Result 0 163.0 431 0.45 0.07 0.25 0.24 0.26 0.18 -1 -1 -1 -1 -1
Evo 2.38 0.00 1.00 0.96 1.00 1.00 1.00 0.19 0.01 0.03 0.21 0.32 -1 56
Result 0 103.0 278 0.49 0.10 0.27 0.26 0.13 0.24 -1 -1 -1 -1 -1
Evo 2.00 0.00 1.00 0.98 1.00 1.00 1.00 0.13 0.01 0.02 0.32 0.43 -1 72
Result 0 158.0 564 0.49 0.12 0.25 0.25 0.15 0.23 -1 -1 -1 -1 -1
Evo 1.73 0.00 1.00 0.97 1.00 1.00 1.00 0.13 0.01 0.02 0.22 0.25 -1 72
Result 0 100.0 551 0.49 0.15 0.18 0.24 0.20 0.23 -1 -1 -1 -1 -1
Evo 2.08 0.00 1.00 0.98 1.00 1.00 1.00 0.09 0.00 0.01 0.53 0.63 -1 67
Result 0 261.0 1058 0.47 0.14 0.24 0.23 0.20 0.20 -1 -1 -1 -1 -1
Evo 2.07 0.00 1.00 0.96 1.00 1.00 1.00 0.17 0.01 0.03 0.25 0.32 -1 294
Result 0 206.0 327 0.50 0.11 0.28 0.23 0.13 0.25 -1 -1 -1 -1 -1
Evo 1.97 0.00 1.00 0.92 1.00 1.00 1.00 0.26 0.02 0.07 0.12 0.15 -1 80
Result 0 53.0 176 0.51 0.07 0.08 0.38 0.19 0.28 -1 -1 -1 -1 -1
Evo 1.83 0.00 1.00 0.97 1.00 1.00 1.00 0.13 0.00 0.24 0.31 0.35 -1 40
Result 0 129.0 889 0.49 0.15 0.18 0.26 0.17 0.24 -1 -1 -1 -1 -1
Evo 1.76 0.00 1.00 0.96 1.00 1.00 1.00 0.18 0.01 0.02 0.17 0.19 -1 49
Result 0 75.0 372 0.52 0.17 0.11 0.27 0.16 0.30 -1 -1 -1 -1 -1
Evo 2.09 0.00 1.00 0.98 1.00 1.00 1.00 0.13 0.01 0.08 0.34 0.38 -1 33
Result 0 174.0 653 0.45 0.15 0.18 0.30 0.18 0.19 -1 -1 -1 -1 -1
Evo 2.24 0.00 1.00 0.89 1.00 1.00 1.00 0.27 0.03 0.13 0.04 0.04 -1 60
Result 0 15.0 84 0.36 0.18 0.16 0.32 0.22 0.12 -1 -1 -1 -1 -1
Evo 1.97 0.00 1.00 0.93 1.00 1.00 1.00 0.24 0.02 0.04 0.12 0.15 -1 86
Result 0 54.0 186 0.52 0.10 0.12 0.38 0.12 0.28 -1 -1 -1 -1 -1
Evo 1.76 0.00 1.00 0.96 1.00 1.00 1.00 0.17 0.01 0.03 0.14 0.17 -1 36
Result 0 61.0 280 0.52 0.15 0.17 0.22 0.16 0.31 -1 -1 -1 -1 -1
Evo 2.08 0.00 1.00 0.87 1.00 1.00 1.00 0.32 0.04 0.13 0.04 0.04 -1 60
Result 0 15.0 80 0.33 0.11 0.16 0.37 0.26 0.10 -1 -1 -1 -1 -1
Evo 1.65 0.00 1.00 0.98 1.00 1.00 1.00 0.10 0.00 0.02 0.28 0.32 -1 113
Result 0 119.0 716 0.51 0.13 0.19 0.24 0.16 0.27 -1 -1 -1 -1 -1
Evo 1.88 0.00 1.00 0.95 1.00 1.00 1.00 0.19 0.01 0.02 0.27 0.36 -1 44
Result 0 83.0 436 0.49 0.16 0.18 0.24 0.19 0.24 -1 -1 -1 -1 -1
Evo 1.74 0.00 1.00 0.98 1.00 1.00 1.00 0.10 0.00 0.01 0.27 0.30 -1 35
Result 0 110.0 1000 0.50 0.16 0.15 0.28 0.17 0.24 -1 -1 -1 -1 -1
Evo 1.83 0.00 1.00 0.96 1.00 1.00 1.00 0.15 0.01 0.02 0.31 0.34 -1 111
Result 0 130.0 601 0.50 0.10 0.19 0.28 0.19 0.24 -1 -1 -1 -1 -1
Evo 1.69 0.00 1.00 0.96 1.00 1.00 1.00 0.14 0.00 0.01 0.29 0.34 -1 264
Result 0 124.0 856 0.51 0.14 0.18 0.24 0.18 0.26 -1 -1 -1 -1 -1
Evo 2.24 0.00 1.00 0.95 1.00 1.00 1.00 0.21 0.01 0.04 0.13 0.16 -1 38
Result 0 59.0 217 0.50 0.10 0.15 0.28 0.22 0.25 -1 -1 -1 -1 -1
Evo 1.81 0.00 1.00 0.97 1.00 1.00 1.00 0.15 0.01 0.02 0.25 0.29 -1 31
Result 0 104.0 500 0.52 0.12 0.17 0.24 0.17 0.30 -1 -1 -1 -1 -1
Evo 2.28 0.00 1.00 0.87 1.00 1.00 1.00 0.33 0.04 0.08 0.04 0.05 -1 56
Result 0 16.0 81 0.25 0.15 0.15 0.41 0.23 0.06 -1 -1 -1 -1 -1
Evo 2.26 0.00 1.00 0.89 1.00 1.00 1.00 0.28 0.03 0.08 0.04 0.04 -1 57
Result 0 15.0 84 0.40 0.13 0.13 0.40 0.20 0.14 -1 -1 -1 -1 -1
Evo 1.88 0.00 1.00 0.98 1.00 1.00 1.00 0.12 0.00 0.01 0.30 0.34 -1 37
Result 0 125.0 948 0.49 0.15 0.18 0.26 0.17 0.24 -1 -1 -1 -1 -1
Evo 1.88 0.00 1.00 0.97 1.00 1.00 1.00 0.16 0.01 0.02 0.22 0.24 -1 37
Result 0 128.0 417 0.48 0.11 0.20 0.27 0.21 0.22 -1 -1 -1 -1 -1
Evo 1.63 0.00 1.00 0.98 1.00 1.00 1.00 0.12 0.00 0.02 0.29 0.34 -1 32
Result 0 124.0 759 0.49 0.16 0.17 0.27 0.18 0.24 -1 -1 -1 -1 -1
Evo 1.35 0.00 1.00 0.98 1.00 1.00 1.00 0.09 0.00 0.02 0.23 0.31 -1 304
Result 0 81.0 480 0.51 0.16 0.19 0.26 0.13 0.27 -1 -1 -1 -1 -1
Evo 2.03 0.00 1.00 0.96 1.00 1.00 1.00 0.18 0.01 0.02 0.27 0.31 -1 328
Result 0 141.0 418 0.51 0.10 0.23 0.28 0.11 0.28 -1 -1 -1 -1 -1
Evo 1.87 0.00 1.00 0.87 1.00 1.00 1.00 0.33 0.03 0.06 0.06 0.09 -1 62
Result 0 31.0 108 0.52 0.10 0.33 0.13 0.15 0.29 -1 -1 -1 -1 -1
Evo 1.97 0.00 1.00 0.96 1.00 1.00 1.00 0.16 0.01 0.01 0.21 0.24 -1 41
Result 0 98.0 664 0.50 0.14 0.18 0.25 0.18 0.26 -1 -1 -1 -1 -1
Evo 1.43 0.00 1.00 0.95 1.00 1.00 1.00 0.19 0.01 0.02 0.16 0.19 -1 304
Result 0 79.0 340 0.52 0.11 0.27 0.20 0.13 0.29 -1 -1 -1 -1 -1
Evo 1.71 0.00 1.00 0.98 1.00 1.00 1.00 0.12 0.00 0.04 0.33 0.37 -1 80
Result 0 156.0 797 0.50 0.14 0.21 0.21 0.18 0.25 -1 -1 -1 -1 -1
Evo 1.40 0.00 1.00 0.97 1.00 1.00 1.00 0.14 0.01 0.02 0.24 0.27 -1 43
Result 0 101.0 506 0.51 0.15 0.19 0.21 0.18 0.26 -1 -1 -1 -1 -1
Evo 1.60 0.00 1.00 0.97 1.00 1.00 1.00 0.16 0.01 0.04 0.16 0.18 -1 330
Result 0 78.0 349 0.51 0.17 0.28 0.17 0.11 0.27 -1 -1 -1 -1 -1
Evo 1.76 0.00 1.00 0.98 1.00 1.00 1.00 0.11 0.00 0.01 0.27 0.35 -1 57
Result 0 110.0 671 0.48 0.14 0.21 0.25 0.18 0.22 -1 -1 -1 -1 -1
Evo 2.03 0.00 1.00 0.90 1.00 1.00 1.00 0.29 0.03 0.06 0.07 0.10 -1 72
Result 0 32.0 112 0.52 0.16 0.27 0.16 0.11 0.31 -1 -1 -1 -1 -1
Evo 1.82 0.00 1.00 0.96 1.00 1.00 1.00 0.17 0.01 0.04 0.16 0.19 -1 289
Result 0 79.0 331 0.51 0.12 0.29 0.18 0.13 0.28 -1 -1 -1 -1 -1
Evo 1.58 0.00 1.00 0.97 1.00 1.00 1.00 0.15 0.01 0.02 0.17 0.19 -1 386
Result 0 81.0 404 0.51 0.12 0.20 0.22 0.19 0.28 -1 -1 -1 -1 -1
Evo 1.59 0.00 1.00 0.97 1.00 1.00 1.00 0.14 0.01 0.02 0.24 0.28 -1 257
Result 0 115.0 569 0.51 0.16 0.21 0.22 0.13 0.27 -1 -1 -1 -1 -1
Evo 1.88 0.00 1.00 0.97 1.00 1.00 1.00 0.16 0.01 0.02 0.16 0.19 -1 288
Result 0 78.0 340 0.51 0.13 0.28 0.19 0.13 0.28 -1 -1 -1 -1 -1
Evo 2.21 0.00 1.00 0.96 1.00 1.00 1.00 0.18 0.01 0.39 0.29 0.35 -1 287
Result 0 143.0 400 0.52 0.10 0.22 0.25 0.11 0.30 -1 -1 -1 -1 -1
Evo 1.61 0.00 1.00 0.96 1.00 1.00 1.00 0.17 0.01 0.02 0.20 0.22 -1 288
Result 0 95.0 438 0.51 0.14 0.18 0.24 0.18 0.26 -1 -1 -1 -1 -1
Evo 1.54 0.00 1.00 0.97 1.00 1.00 1.00 0.16 0.01 0.02 0.16 0.19 -1 289
Result 0 80.0 345 0.50 0.13 0.28 0.19 0.15 0.26 -1 -1 -1 -1 -1
Evo 1.58 0.00 1.00 0.96 1.00 1.00 1.00 0.18 0.01 0.03 0.16 0.19 -1 300
Result 0 80.0 332 0.50 0.16 0.27 0.20 0.11 0.26 -1 -1 -1 -1 -1
Evo 1.65 0.00 1.00 0.97 1.00 1.00 1.00 0.12 0.00 0.03 0.29 0.32 -1 61
Result 0 120.0 896 0.49 0.16 0.21 0.22 0.17 0.24 -1 -1 -1 -1 -1
Evo 1.56 0.00 1.00 0.97 1.00 1.00 1.00 0.15 0.01 0.02 0.24 0.29 -1 293
Result 0 115.0 508 0.51 0.12 0.24 0.24 0.14 0.26 -1 -1 -1 -1 -1
