Evo 1.00 0.00 1.00 0.99 1.00 1.00 1.00 0.10 0.00 0.49 0.06 0.10 -1 1
Result 0 0.0 1500 0.44 0.17 0.17 0.17 0.16 0.15 0.18 -1 -1 -1 -1
Evo 1.01 0.00 1.00 0.99 1.00 1.00 1.00 0.09 0.00 0.28 0.05 0.07 -1 2
Result 0 0.0 1500 0.43 0.15 0.17 0.18 0.17 0.16 0.17 -1 -1 -1 -1
Evo 1.01 0.00 1.00 0.99 1.00 1.00 1.00 0.09 0.00 0.47 0.07 0.10 -1 1
Result 0 1.0 1500 0.41 0.17 0.15 0.18 0.17 0.18 0.15 -1 -1 -1 -1
Evo 1.00 0.00 1.00 0.99 1.00 1.00 1.00 0.09 0.00 0.53 0.07 0.10 -1 14
Result 0 0.0 1500 0.44 0.17 0.18 0.16 0.15 0.17 0.17 -1 -1 -1 -1
Evo 1.01 0.00 1.00 0.99 1.00 1.00 1.00 0.09 0.00 0.42 0.07 0.10 -1 2
Result 0 3.0 1500 0.42 0.16 0.16 0.16 0.17 0.16 0.18 -1 -1 -1 -1
Evo 1.00 0.00 1.00 0.99 1.00 1.00 1.00 0.09 0.00 0.53 0.07 0.10 -1 13
Result 0 0.0 1500 0.41 0.17 0.15 0.16 0.18 0.16 0.18 -1 -1 -1 -1
Evo 1.00 0.00 1.00 0.99 1.00 1.00 1.00 0.09 0.00 0.50 0.06 0.09 -1 15
Result 0 1.0 1500 0.43 0.19 0.16 0.17 0.16 0.16 0.16 -1 -1 -1 -1
Evo 1.00 0.00 1.00 0.99 1.00 1.00 1.00 0.09 0.00 0.45 0.06 0.10 -1 6
Result 0 1.0 1500 0.43 0.18 0.17 0.17 0.18 0.15 0.16 -1 -1 -1 -1
Evo 1.00 0.00 1.00 0.99 1.00 1.00 1.00 0.09 0.00 0.51 0.06 0.10 -1 13
Result 0 1.0 1500 0.42 0.16 0.16 0.18 0.18 0.16 0.16 -1 -1 -1 -1
Evo 1.00 0.00 1.00 0.99 1.00 1.00 1.00 0.09 0.00 0.41 0.06 0.10 -1 84
Result 0 2.0 1500 0.45 0.17 0.18 0.15 0.17 0.15 0.18 -1 -1 -1 -1
Evo 1.00 0.00 1.00 0.99 1.00 1.00 1.00 0.09 0.00 0.45 0.07 0.10 -1 1
Result 0 2.0 1500 0.43 0.16 0.17 0.17 0.17 0.16 0.17 -1 -1 -1 -1
Evo 1.00 0.00 1.00 0.99 1.00 1.00 1.00 0.09 0.00 0.50 0.06 0.10 -1 22
Result 0 2.0 1500 0.44 0.16 0.17 0.19 0.18 0.15 0.16 -1 -1 -1 -1
Evo 1.00 0.00 1.00 0.99 1.00 1.00 1.00 0.09 0.00 0.53 0.06 0.10 -1 86
Result 0 1.0 1500 0.43 0.17 0.17 0.17 0.18 0.15 0.17 -1 -1 -1 -1
Evo 1.01 0.00 1.00 0.99 1.00 1.00 1.00 0.09 0.00 0.23 0.08 0.10 -1 0
Result 0 0.0 1500 0.43 0.17 0.16 0.18 0.17 0.16 0.17 -1 -1 -1 -1
Evo 1.00 0.00 1.00 0.99 1.00 1.00 1.00 0.09 0.00 0.29 0.05 0.09 -1 156
Result 0 0.0 1500 0.42 0.16 0.16 0.19 0.18 0.17 0.15 -1 -1 -1 -1
Evo 1.00 0.00 1.00 0.99 1.00 1.00 1.00 0.09 0.00 0.53 0.06 0.10 -1 36
Result 0 1.0 1500 0.42 0.17 0.16 0.17 0.16 0.17 0.17 -1 -1 -1 -1
Evo 1.00 0.00 1.00 0.99 1.00 1.00 1.00 0.09 0.00 0.39 0.07 0.10 -1 3
Result 0 0.0 1500 0.43 0.17 0.16 0.15 0.19 0.15 0.18 -1 -1 -1 -1
Evo 1.00 0.00 1.00 0.99 1.00 1.00 1.00 0.09 0.00 0.48 0.06 0.10 -1 1
Result 0 0.0 1500 0.43 0.16 0.17 0.17 0.17 0.15 0.18 -1 -1 -1 -1
Evo 1.00 0.00 1.00 0.99 1.00 1.00 1.00 0.09 0.00 0.50 0.07 0.10 -1 247
Result 0 2.0 1500 0.44 0.16 0.18 0.17 0.16 0.16 0.17 -1 -1 -1 -1
Evo 1.00 0.00 1.00 0.99 1.00 1.00 1.00 0.09 0.00 0.47 0.06 0.10 -1 9
Result 0 1.0 1500 0.45 0.16 0.19 0.15 0.19 0.16 0.15 -1 -1 -1 -1
Evo 1.00 0.00 1.00 0.99 1.00 1.00 1.00 0.09 0.00 0.44 0.07 0.10 -1 4
Result 0 0.0 1500 0.44 0.15 0.18 0.17 0.18 0.16 0.16 -1 -1 -1 -1
Evo 1.00 0.00 1.00 0.99 1.00 1.00 1.00 0.09 0.00 0.42 0.07 0.10 -1 1
Result 0 1.0 1500 0.43 0.17 0.16 0.19 0.16 0.16 0.15 -1 -1 -1 -1
Evo 1.00 0.00 1.00 0.99 1.00 1.00 1.00 0.09 0.00 0.43 0.07 0.10 -1 1
Result 0 2.0 1500 0.43 0.16 0.17 0.17 0.17 0.15 0.18 -1 -1 -1 -1
Evo 1.00 0.00 1.00 0.99 1.00 1.00 1.00 0.09 0.00 0.14 0.05 0.09 -1 4
Result 0 1.0 1500 0.43 0.17 0.16 0.18 0.18 0.14 0.17 -1 -1 -1 -1
Evo 1.00 0.00 1.00 0.99 1.00 1.00 1.00 0.09 0.00 0.41 0.06 0.10 -1 1
Result 0 1.0 1500 0.41 0.16 0.15 0.17 0.19 0.15 0.17 -1 -1 -1 -1
Evo 1.00 0.00 1.00 0.99 1.00 1.00 1.00 0.09 0.00 0.50 0.05 0.08 -1 1
Result 0 1.0 1500 0.41 0.15 0.15 0.17 0.18 0.16 0.19 -1 -1 -1 -1
Evo 1.00 0.00 1.00 0.99 1.00 1.00 1.00 0.09 0.00 0.40 0.06 0.09 -1 1
Result 0 0.0 1500 0.42 0.16 0.16 0.19 0.16 0.17 0.16 -1 -1 -1 -1
Evo 1.00 0.00 1.00 0.99 1.00 1.00 1.00 0.09 0.00 0.47 0.07 0.10 -1 1
Result 0 1.0 1500 0.44 0.16 0.17 0.16 0.18 0.15 0.17 -1 -1 -1 -1
Evo 1.01 0.00 1.00 0.99 1.00 1.00 1.00 0.09 0.00 0.51 0.06 0.09 -1 1
Result 0 0.0 1500 0.44 0.17 0.18 0.16 0.18 0.14 0.19 -1 -1 -1 -1
Evo 1.00 0.00 1.00 0.99 1.00 1.00 1.00 0.09 0.00 0.41 0.07 0.10 -1 2
Result 0 1.0 1500 0.42 0.18 0.16 0.18 0.16 0.15 0.17 -1 -1 -1 -1
Evo 1.00 0.00 1.00 0.99 1.00 1.00 1.00 0.09 0.00 0.52 0.08 0.10 -1 2
Result 0 2.0 1500 0.41 0.16 0.15 0.18 0.18 0.16 0.17 -1 -1 -1 -1
Evo 1.00 0.00 1.00 0.99 1.00 1.00 1.00 0.09 0.00 0.50 0.05 0.09 -1 9
Result 0 1.0 1500 0.43 0.18 0.16 0.17 0.16 0.15 0.18 -1 -1 -1 -1
Evo 1.00 0.00 1.00 0.99 1.00 1.00 1.00 0.09 0.00 0.47 0.07 0.10 -1 6
Result 0 0.0 1500 0.43 0.18 0.16 0.17 0.17 0.15 0.18 -1 -1 -1 -1
Evo 1.00 0.00 1.00 0.99 1.00 1.00 1.00 0.09 0.00 0.52 0.05 0.09 -1 1
Result 0 1.0 1500 0.42 0.18 0.16 0.17 0.18 0.15 0.16 -1 -1 -1 -1
Evo 1.00 0.00 1.00 0.99 1.00 1.00 1.00 0.09 0.00 0.53 0.05 0.09 -1 106
Result 0 0.0 1500 0.43 0.17 0.17 0.16 0.17 0.15 0.19 -1 -1 -1 -1
Evo 1.00 0.00 1.00 0.99 1.00 1.00 1.00 0.09 0.00 0.51 0.05 0.09 -1 47
Result 0 1.0 1500 0.43 0.16 0.17 0.16 0.18 0.15 0.18 -1 -1 -1 -1
Evo 1.00 0.00 1.00 0.99 1.00 1.00 1.00 0.09 0.00 0.50 0.06 0.10 -1 1
Result 0 1.0 1500 0.41 0.19 0.15 0.18 0.16 0.15 0.17 -1 -1 -1 -1
Evo 1.00 0.00 1.00 0.99 1.00 1.00 1.00 0.09 0.00 0.50 0.07 0.10 -1 7
Result 0 0.0 1500 0.41 0.17 0.15 0.17 0.18 0.15 0.18 -1 -1 -1 -1
Evo 1.00 0.00 1.00 0.99 1.00 1.00 1.00 0.09 0.00 0.42 0.05 0.08 -1 71
Result 0 1.0 1500 0.44 0.17 0.17 0.17 0.19 0.15 0.16 -1 -1 -1 -1
Evo 1.00 0.00 1.00 0.99 1.00 1.00 1.00 0.09 0.00 0.33 0.08 0.10 -1 5
Result 0 3.0 1500 0.42 0.16 0.16 0.18 0.17 0.15 0.18 -1 -1 -1 -1
Evo 1.00 0.00 1.00 0.99 1.00 1.00 1.00 0.09 0.00 0.22 0.05 0.09 -1 16
Result 0 1.0 1500 0.42 0.16 0.16 0.16 0.19 0.17 0.16 -1 -1 -1 -1
Evo 1.01 0.00 1.00 0.99 1.00 1.00 1.00 0.09 0.00 0.52 0.06 0.09 -1 11
Result 0 1.0 1500 0.43 0.15 0.17 0.15 0.19 0.16 0.18 -1 -1 -1 -1
Evo 1.00 0.00 1.00 0.99 1.00 1.00 1.00 0.09 0.00 0.52 0.05 0.08 -1 44
Result 0 1.0 1500 0.44 0.16 0.17 0.15 0.16 0.18 0.17 -1 -1 -1 -1
Evo 1.00 0.00 1.00 0.99 1.00 1.00 1.00 0.09 0.00 0.52 0.06 0.09 -1 41
Result 0 0.0 1500 0.44 0.17 0.18 0.15 0.17 0.15 0.18 -1 -1 -1 -1
Evo 1.00 0.00 1.00 0.99 1.00 1.00 1.00 0.09 0.00 0.18 0.06 0.09 -1 3
Result 0 1.0 1499 0.43 0.19 0.16 0.15 0.16 0.15 0.18 -1 -1 -1 -1
Evo 1.01 0.00 1.00 0.99 1.00 1.00 1.00 0.09 0.00 0.51 0.05 0.08 -1 86
Result 0 1.0 1500 0.42 0.18 0.16 0.16 0.18 0.16 0.15 -1 -1 -1 -1
Evo 1.00 0.00 1.00 0.99 1.00 1.00 1.00 0.09 0.00 0.49 0.04 0.08 -1 10
Result 0 0.0 1500 0.43 0.16 0.17 0.16 0.17 0.16 0.18 -1 -1 -1 -1
Evo 1.00 0.00 1.00 0.99 1.00 1.00 1.00 0.09 0.00 0.49 0.05 0.09 -1 14
Result 0 1.0 1500 0.43 0.17 0.17 0.16 0.18 0.15 0.17 -1 -1 -1 -1
Evo 1.01 0.00 1.00 0.99 1.00 1.00 1.00 0.09 0.00 0.34 0.05 0.07 -1 3
Result 0 1.0 1500 0.42 0.17 0.16 0.16 0.18 0.16 0.18 -1 -1 -1 -1
Evo 1.00 0.00 1.00 0.99 1.00 1.00 1.00 0.09 0.00 0.46 0.06 0.08 -1 12
Result 0 1.0 1500 0.42 0.18 0.16 0.16 0.18 0.17 0.15 -1 -1 -1 -1
Evo 1.00 0.00 1.00 0.99 1.00 1.00 1.00 0.09 0.00 0.52 0.05 0.09 -1 87
Result 0 0.0 1500 0.43 0.16 0.17 0.17 0.16 0.18 0.18 -1 -1 -1 -1
Evo 1.01 0.00 1.00 0.99 1.00 1.00 1.00 0.09 0.00 0.53 0.06 0.09 -1 14
Result 0 1.0 1500 0.44 0.17 0.17 0.16 0.17 0.16 0.17 -1 -1 -1 -1
Evo 1.00 0.00 1.00 0.99 1.00 1.00 1.00 0.09 0.00 0.08 0.04 0.07 -1 7
Result 0 1.0 1500 0.43 0.15 0.17 0.15 0.17 0.19 0.17 -1 -1 -1 -1
Evo 1.00 0.00 1.00 0.99 1.00 1.00 1.00 0.09 0.00 0.53 0.06 0.09 -1 1
Result 0 0.0 1500 0.45 0.18 0.18 0.16 0.16 0.16 0.16 -1 -1 -1 -1
Evo 1.00 0.00 1.00 0.99 1.00 1.00 1.00 0.09 0.00 0.53 0.06 0.09 -1 2
Result 0 0.0 1500 0.42 0.16 0.16 0.16 0.17 0.18 0.17 -1 -1 -1 -1
Evo 1.00 0.00 1.00 0.99 1.00 1.00 1.00 0.09 0.00 0.49 0.05 0.09 -1 12
Result 0 0.0 1500 0.43 0.17 0.17 0.15 0.17 0.17 0.17 -1 -1 -1 -1
Evo 1.01 0.00 1.00 0.99 1.00 1.00 1.00 0.09 0.00 0.53 0.06 0.09 -1 33
Result 0 1.0 1500 0.42 0.17 0.16 0.17 0.16 0.17 0.17 -1 -1 -1 -1
Evo 1.00 0.00 1.00 0.99 1.00 1.00 1.00 0.09 0.00 0.48 0.05 0.08 -1 7
Result 0 0.0 1500 0.44 0.17 0.17 0.16 0.18 0.16 0.17 -1 -1 -1 -1
Evo 1.00 0.00 1.00 0.99 1.00 1.00 1.00 0.09 0.00 0.44 0.04 0.08 -1 51
Result 0 0.0 1500 0.43 0.17 0.16 0.15 0.18 0.16 0.17 -1 -1 -1 -1
Evo 1.00 0.00 1.00 0.99 1.00 1.00 1.00 0.09 0.00 0.50 0.05 0.07 -1 1
Result 0 1.0 1500 0.43 0.15 0.17 0.17 0.17 0.18 0.16 -1 -1 -1 -1
Evo 1.00 0.00 1.00 0.99 1.00 1.00 1.00 0.09 0.00 0.30 0.03 0.06 -1 146
Result 0 1.0 1500 0.43 0.15 0.16 0.17 0.16 0.19 0.16 -1 -1 -1 -1
Evo 1.00 0.00 1.00 0.99 1.00 1.00 1.00 0.09 0.00 0.53 0.05 0.07 -1 219
Result 0 2.0 1500 0.45 0.17 0.18 0.16 0.15 0.16 0.18 -1 -1 -1 -1
Evo 1.01 0.00 1.00 0.99 1.00 1.00 1.00 0.09 0.00 0.49 0.06 0.07 -1 301
Result 0 0.0 1500 0.42 0.17 0.15 0.16 0.17 0.16 0.18 -1 -1 -1 -1
Evo 1.00 0.00 1.00 0.99 1.00 1.00 1.00 0.09 0.00 0.46 0.05 0.07 -1 250
Result 0 0.0 1500 0.43 0.16 0.17 0.15 0.18 0.17 0.17 -1 -1 -1 -1
Evo 1.00 0.00 1.00 0.99 1.00 1.00 1.00 0.09 0.00 0.31 0.05 0.07 -1 77
Result 0 1.0 1500 0.43 0.15 0.16 0.18 0.18 0.18 0.15 -1 -1 -1 -1
Evo 1.00 0.00 1.00 0.99 1.00 1.00 1.00 0.09 0.00 0.51 0.05 0.07 -1 324
Result 0 2.0 1500 0.44 0.16 0.17 0.17 0.17 0.17 0.15 -1 -1 -1 -1
Evo 1.00 0.00 1.00 0.99 1.00 1.00 1.00 0.09 0.00 0.50 0.05 0.07 -1 30
Result 0 0.0 1500 0.42 0.17 0.16 0.16 0.16 0.18 0.18 -1 -1 -1 -1
Evo 1.00 0.00 1.00 0.99 1.00 1.00 1.00 0.09 0.00 0.46 0.04 0.06 -1 159
Result 0 0.0 1500 0.42 0.17 0.16 0.16 0.17 0.17 0.17 -1 -1 -1 -1
Evo 1.00 0.00 1.00 0.99 1.00 1.00 1.00 0.09 0.00 0.42 0.05 0.07 -1 76
Result 0 0.0 1500 0.44 0.16 0.18 0.17 0.15 0.16 0.18 -1 -1 -1 -1
Evo 1.01 0.00 1.00 0.99 1.00 1.00 1.00 0.09 0.00 0.52 0.06 0.07 -1 279
Result 0 2.0 1500 0.43 0.15 0.17 0.16 0.16 0.19 0.17 -1 -1 -1 -1
Evo 1.00 0.00 1.00 0.99 1.00 1.00 1.00 0.09 0.00 0.50 0.05 0.07 -1 526
Result 0 0.0 1500 0.42 0.15 0.16 0.16 0.17 0.18 0.17 -1 -1 -1 -1
Evo 1.00 0.00 1.00 0.99 1.00 1.00 1.00 0.09 0.00 0.16 0.05 0.07 -1 398
Result 0 0.0 1500 0.42 0.19 0.16 0.15 0.16 0.17 0.18 -1 -1 -1 -1
Evo 1.00 0.00 1.00 0.99 1.00 1.00 1.00 0.09 0.00 0.32 0.05 0.07 -1 49
Result 0 0.0 1500 0.43 0.17 0.17 0.17 0.17 0.17 0.16 -1 -1 -1 -1
Evo 1.00 0.00 1.00 0.99 1.00 1.00 1.00 0.09 0.00 0.51 0.05 0.07 -1 36
Result 0 1.0 1500 0.43 0.16 0.16 0.17 0.16 0.17 0.17 -1 -1 -1 -1
Evo 1.00 0.00 1.00 0.99 1.00 1.00 1.00 0.09 0.00 0.45 0.05 0.07 -1 54
Result 0 1.0 1500 0.42 0.17 0.16 0.16 0.17 0.16 0.17 -1 -1 -1 -1
Evo 1.00 0.00 1.00 0.99 1.00 1.00 1.00 0.09 0.00 0.41 0.05 0.07 -1 630
Result 0 2.0 1500 0.41 0.17 0.15 0.17 0.16 0.17 0.18 -1 -1 -1 -1
Evo 1.00 0.00 1.00 0.99 1.00 1.00 1.00 0.09 0.00 0.52 0.05 0.07 -1 953
Result 0 1.0 1500 0.44 0.16 0.17 0.16 0.17 0.17 0.16 -1 -1 -1 -1
Evo 1.00 0.00 1.00 0.99 1.00 1.00 1.00 0.09 0.00 0.52 0.05 0.07 -1 35
Result 0 1.0 1500 0.43 0.15 0.17 0.16 0.17 0.17 0.18 -1 -1 -1 -1
Evo 1.00 0.00 1.00 0.99 1.00 1.00 1.00 0.09 0.00 0.53 0.05 0.07 -1 157
Result 0 2.0 1500 0.43 0.17 0.16 0.16 0.18 0.16 0.17 -1 -1 -1 -1
Evo 1.00 0.00 1.00 0.99 1.00 1.00 1.00 0.09 0.00 0.53 0.05 0.07 -1 572
Result 0 0.0 1500 0.43 0.16 0.17 0.17 0.18 0.16 0.16 -1 -1 -1 -1
Evo 1.00 0.00 1.00 0.99 1.00 1.00 1.00 0.09 0.00 0.38 0.05 0.07 -1 935
Result 0 1.0 1500 0.41 0.18 0.15 0.17 0.14 0.18 0.19 -1 -1 -1 -1
Evo 1.00 0.00 1.00 0.99 1.00 1.00 1.00 0.09 0.00 0.51 0.04 0.07 -1 61
Result 0 0.0 1500 0.42 0.16 0.16 0.19 0.16 0.17 0.15 -1 -1 -1 -1
Evo 1.00 0.00 1.00 0.99 1.00 1.00 1.00 0.09 0.00 0.28 0.07 0.08 -1 270
Result 0 3.0 1500 0.41 0.17 0.15 0.19 0.16 0.16 0.17 -1 -1 -1 -1
Evo 1.00 0.00 1.00 0.99 1.00 1.00 1.00 0.09 0.00 0.47 0.05 0.07 -1 471
Result 0 0.0 1500 0.43 0.16 0.16 0.17 0.18 0.18 0.15 -1 -1 -1 -1
Evo 1.00 0.00 1.00 0.99 1.00 1.00 1.00 0.09 0.00 0.53 0.06 0.08 -1 670
Result 0 1.0 1500 0.43 0.18 0.17 0.17 0.16 0.16 0.16 -1 -1 -1 -1
Evo 1.00 0.00 1.00 0.99 1.00 1.00 1.00 0.09 0.00 0.44 0.04 0.07 -1 677
Result 0 1.0 1500 0.42 0.16 0.16 0.15 0.18 0.18 0.18 -1 -1 -1 -1
Evo 1.00 0.00 1.00 0.99 1.00 1.00 1.00 0.09 0.00 0.15 0.05 0.08 -1 654
Result 0 1.0 1500 0.42 0.18 0.16 0.18 0.16 0.16 0.16 -1 -1 -1 -1
Evo 1.00 0.00 1.00 0.99 1.00 1.00 1.00 0.09 0.00 0.52 0.06 0.08 -1 137
Result 0 2.0 1500 0.42 0.15 0.16 0.19 0.16 0.17 0.18 -1 -1 -1 -1
Evo 1.00 0.00 1.00 0.99 1.00 1.00 1.00 0.09 0.00 0.52 0.04 0.07 -1 166
Result 0 1.0 1500 0.44 0.16 0.17 0.17 0.17 0.18 0.15 -1 -1 -1 -1
Evo 1.00 0.00 1.00 0.99 1.00 1.00 1.00 0.09 0.00 0.32 0.06 0.08 -1 983
Result 0 1.0 1500 0.41 0.17 0.15 0.17 0.17 0.16 0.18 -1 -1 -1 -1
Evo 1.00 0.00 1.00 0.99 1.00 1.00 1.00 0.09 0.00 0.49 0.05 0.07 -1 111
Result 0 1.0 1500 0.44 0.15 0.17 0.17 0.18 0.16 0.16 -1 -1 -1 -1
Evo 1.00 0.00 1.00 0.99 1.00 1.00 1.00 0.09 0.00 0.49 0.05 0.08 -1 85
Result 0 0.0 1500 0.43 0.19 0.17 0.17 0.17 0.15 0.15 -1 -1 -1 -1
Evo 1.00 0.00 1.00 0.99 1.00 1.00 1.00 0.09 0.00 0.53 0.04 0.07 -1 147
Result 0 0.0 1500 0.43 0.17 0.16 0.16 0.16 0.18 0.18 -1 -1 -1 -1
Evo 1.00 0.00 1.00 0.99 1.00 1.00 1.00 0.09 0.00 0.43 0.06 0.08 -1 268
Result 0 2.0 1500 0.42 0.17 0.15 0.17 0.17 0.17 0.18 -1 -1 -1 -1
Evo 1.00 0.00 1.00 0.99 1.00 1.00 1.00 0.09 0.00 0.32 0.04 0.07 -1 281
Result 0 0.0 1500 0.42 0.16 0.16 0.19 0.17 0.17 0.15 -1 -1 -1 -1
Evo 1.00 0.00 1.00 0.99 1.00 1.00 1.00 0.09 0.00 0.13 0.04 0.07 -1 679
Result 0 0.0 1500 0.43 0.16 0.17 0.17 0.18 0.16 0.17 -1 -1 -1 -1
Evo 1.00 0.00 1.00 0.99 1.00 1.00 1.00 0.09 0.00 0.48 0.06 0.08 -1 941
Result 0 0.0 1500 0.44 0.17 0.18 0.16 0.17 0.15 0.17 -1 -1 -1 -1
Evo 1.00 0.00 1.00 0.99 1.00 1.00 1.00 0.09 0.00 0.39 0.04 0.07 -1 339
Result 0 1.0 1500 0.46 0.16 0.20 0.18 0.16 0.15 0.16 -1 -1 -1 -1
Evo 1.00 0.00 1.00 0.99 1.00 1.00 1.00 0.09 0.00 0.46 0.06 0.08 -1 75
Result 0 2.0 1500 0.42 0.16 0.16 0.18 0.14 0.17 0.19 -1 -1 -1 -1
Evo 1.00 0.00 1.00 0.99 1.00 1.00 1.00 0.09 0.00 0.50 0.05 0.08 -1 235
Result 0 1.0 1500 0.43 0.15 0.16 0.17 0.15 0.18 0.18 -1 -1 -1 -1
