Evo 1.01 0.00 1.00 0.97 1.00 1.00 1.00 0.17 0.00 0.04 0.05 0.09 -1 47
Result 0 0.0 2000 0.46 0.21 0.20 0.20 0.20 0.19 -1 -1 -1 -1 -1
Evo 1.00 0.00 1.00 0.99 1.00 1.00 1.00 0.08 0.00 0.05 0.04 0.10 -1 8
Result 0 0.0 2000 0.47 0.20 0.20 0.20 0.21 0.19 -1 -1 -1 -1 -1
Evo 1.01 0.00 1.00 0.99 1.00 1.00 1.00 0.08 0.00 0.05 0.05 0.11 -1 144
Result 0 0.0 2000 0.45 0.21 0.19 0.19 0.20 0.21 -1 -1 -1 -1 -1
Evo 1.00 0.00 1.00 0.99 1.00 1.00 1.00 0.08 0.00 0.05 0.05 0.11 -1 150
Result 0 0.0 2000 0.46 0.20 0.21 0.20 0.20 0.19 -1 -1 -1 -1 -1
Evo 1.00 0.00 1.00 0.99 1.00 1.00 1.00 0.08 0.00 0.05 0.04 0.08 -1 37
Result 0 0.0 2000 0.47 0.21 0.19 0.21 0.20 0.19 -1 -1 -1 -1 -1
Evo 1.01 0.00 1.00 0.99 1.00 1.00 1.00 0.08 0.00 0.01 0.12 0.29 -1 87
Result 0 0.0 2000 0.48 0.22 0.21 0.22 0.17 0.18 -1 -1 -1 -1 -1
Evo 1.00 0.00 1.00 0.99 1.00 1.00 1.00 0.08 0.00 0.05 0.04 0.08 -1 175
Result 0 0.0 2000 0.48 0.20 0.20 0.21 0.18 0.20 -1 -1 -1 -1 -1
Evo 1.00 0.00 1.00 0.99 1.00 1.00 1.00 0.08 0.00 0.05 0.05 0.09 -1 160
Result 0 0.0 2000 0.46 0.19 0.21 0.19 0.21 0.19 -1 -1 -1 -1 -1
Evo 1.00 0.00 1.00 0.99 1.00 1.00 1.00 0.08 0.00 0.05 0.05 0.10 -1 101
Result 0 0.0 2000 0.46 0.21 0.21 0.19 0.19 0.20 -1 -1 -1 -1 -1
Evo 1.00 0.00 1.00 0.99 1.00 1.00 1.00 0.08 0.00 0.05 0.05 0.10 -1 341
Result 0 0.0 2000 0.46 0.21 0.20 0.19 0.20 0.20 -1 -1 -1 -1 -1
Evo 1.00 0.00 1.00 0.99 1.00 1.00 1.00 0.08 0.00 0.05 0.05 0.10 -1 199
Result 0 0.0 2000 0.46 0.20 0.20 0.19 0.20 0.20 -1 -1 -1 -1 -1
Evo 1.02 0.00 1.00 0.99 1.00 1.00 1.00 0.08 0.00 0.01 0.14 0.39 -1 267
Result 0 0.0 2000 0.47 0.21 0.22 0.21 0.18 0.18 -1 -1 -1 -1 -1
Evo 1.00 0.00 1.00 0.99 1.00 1.00 1.00 0.08 0.00 0.05 0.05 0.09 -1 168
Result 0 0.0 2000 0.46 0.21 0.22 0.20 0.20 0.18 -1 -1 -1 -1 -1
Evo 1.00 0.00 1.00 0.99 1.00 1.00 1.00 0.08 0.00 0.05 0.05 0.09 -1 172
Result 0 0.0 2000 0.46 0.20 0.19 0.20 0.21 0.20 -1 -1 -1 -1 -1
Evo 1.00 0.00 1.00 0.99 1.00 1.00 1.00 0.08 0.00 0.05 0.04 0.08 -1 62
Result 0 0.0 2000 0.47 0.20 0.20 0.20 0.20 0.20 -1 -1 -1 -1 -1
Evo 1.00 0.00 1.00 0.99 1.00 1.00 1.00 0.08 0.00 0.05 0.04 0.09 -1 233
Result 0 0.0 2000 0.47 0.20 0.20 0.21 0.21 0.19 -1 -1 -1 -1 -1
Evo 1.00 0.00 1.00 0.99 1.00 1.00 1.00 0.08 0.00 0.05 0.05 0.08 -1 77
Result 0 0.0 2000 0.47 0.20 0.22 0.21 0.19 0.18 -1 -1 -1 -1 -1
Evo 1.06 0.00 1.00 0.99 1.00 1.00 1.00 0.08 0.00 0.01 0.21 0.43 -1 20
Result 0 0.0 2000 0.47 0.21 0.23 0.20 0.17 0.18 -1 -1 -1 -1 -1
Evo 1.00 0.00 1.00 0.99 1.00 1.00 1.00 0.08 0.00 0.05 0.05 0.10 -1 93
Result 0 0.0 2000 0.47 0.20 0.19 0.21 0.19 0.20 -1 -1 -1 -1 -1
Evo 1.01 0.00 1.00 0.99 1.00 1.00 1.00 0.08 0.00 0.05 0.05 0.12 -1 471
Result 0 0.0 2000 0.46 0.22 0.19 0.20 0.21 0.19 -1 -1 -1 -1 -1
Evo 1.02 0.00 1.00 0.99 1.00 1.00 1.00 0.08 0.00 0.05 0.12 0.27 -1 1
Result 0 0.0 2000 0.44 0.21 0.21 0.17 0.18 0.22 -1 -1 -1 -1 -1
Evo 1.03 1.00 1.00 1.00 1.00 1.00 1.00 0.00 0.00 0.01 0.15 0.28 -1 1
Result 0 -1.0 1755 0.43 0.22 0.21 0.17 0.19 0.21 -1 -1 -1 -1 -1
Evo 1.02 0.00 1.00 0.99 1.00 1.00 1.00 0.08 0.00 0.05 0.13 0.32 -1 1
Result 0 0.0 2000 0.41 0.22 0.21 0.15 0.19 0.23 -1 -1 -1 -1 -1
Evo 1.03 0.00 1.00 1.00 1.00 1.00 1.00 0.05 0.00 0.02 0.11 0.24 -1 0
Result 0 0.0 376 0.45 0.22 0.20 0.18 0.18 0.22 -1 -1 -1 -1 -1
Evo 1.18 0.80 1.00 1.00 1.00 1.00 1.00 0.01 0.00 0.02 0.28 0.65 453 0
Result 1 1.0 462 0.44 0.20 0.18 0.17 0.18 0.26 -1 -1 -1 -1 -1
Evo 1.11 0.00 0.50 0.50 0.50 0.50 0.50 0.04 0.00 0.01 0.33 0.53 -1 1
Result 0 0.0 2000 0.42 0.21 0.23 0.16 0.20 0.20 -1 -1 -1 -1 -1
Evo 1.01 0.00 0.50 0.50 0.50 0.50 0.50 0.04 0.00 0.05 0.13 0.29 -1 1
Result 0 0.0 2000 0.45 0.20 0.21 0.18 0.18 0.23 -1 -1 -1 -1 -1
Evo 1.07 0.00 0.50 0.50 0.50 0.50 0.50 0.04 0.00 0.01 0.25 0.51 -1 1
Result 0 0.0 2000 0.44 0.23 0.19 0.18 0.18 0.22 -1 -1 -1 -1 -1
Evo 1.03 0.00 0.50 0.50 0.50 0.50 0.50 0.04 0.00 0.01 0.18 0.37 -1 1
Result 0 0.0 2000 0.43 0.22 0.21 0.17 0.19 0.21 -1 -1 -1 -1 -1
Evo 1.01 0.00 0.50 0.50 0.50 0.50 0.50 0.04 0.00 0.05 0.13 0.33 -1 1
Result 0 0.0 2000 0.43 0.21 0.22 0.17 0.18 0.23 -1 -1 -1 -1 -1
Evo 1.04 0.00 0.50 0.50 0.50 0.50 0.50 0.04 0.00 0.01 0.14 0.28 -1 0
Result 0 0.0 2000 0.44 0.22 0.22 0.17 0.18 0.21 -1 -1 -1 -1 -1
Evo 1.01 0.00 0.50 0.50 0.50 0.50 0.50 0.04 0.00 0.05 0.13 0.26 -1 3
Result 0 0.0 2000 0.44 0.20 0.22 0.17 0.19 0.22 -1 -1 -1 -1 -1
Evo 1.03 0.00 0.50 0.50 0.50 0.50 0.50 0.04 0.00 0.01 0.17 0.33 -1 4
Result 0 -2.0 1997 0.43 0.22 0.21 0.17 0.19 0.21 -1 -1 -1 -1 -1
Evo 1.02 0.00 0.50 0.50 0.50 0.50 0.50 0.04 0.00 0.01 0.12 0.28 -1 0
Result 0 0.0 2000 0.43 0.22 0.21 0.17 0.18 0.22 -1 -1 -1 -1 -1
Evo 1.01 0.00 0.50 0.50 0.50 0.50 0.50 0.04 0.00 0.05 0.15 0.36 -1 1
Result 0 0.0 2000 0.45 0.20 0.21 0.18 0.18 0.23 -1 -1 -1 -1 -1
Evo 1.01 0.00 0.50 0.50 0.50 0.50 0.50 0.04 0.00 0.05 0.11 0.28 -1 1
Result 0 0.0 2000 0.44 0.20 0.22 0.17 0.17 0.23 -1 -1 -1 -1 -1
Evo 1.03 0.00 0.50 0.50 0.50 0.50 0.50 0.04 0.00 0.01 0.16 0.29 -1 1
Result 0 0.0 2000 0.43 0.22 0.21 0.16 0.18 0.23 -1 -1 -1 -1 -1
Evo 1.02 0.00 0.50 0.50 0.50 0.50 0.50 0.04 0.00 0.05 0.12 0.26 -1 0
Result 0 0.0 2000 0.44 0.20 0.22 0.18 0.18 0.22 -1 -1 -1 -1 -1
Evo 1.02 0.00 0.50 0.50 0.50 0.50 0.50 0.04 0.00 0.05 0.11 0.25 -1 1
Result 0 0.0 2000 0.43 0.22 0.22 0.16 0.18 0.22 -1 -1 -1 -1 -1
Evo 1.03 0.00 0.50 0.50 0.50 0.50 0.50 0.04 0.00 0.01 0.14 0.26 -1 1
Result 0 0.0 2000 0.43 0.22 0.23 0.16 0.18 0.21 -1 -1 -1 -1 -1
Evo 1.02 0.00 0.50 0.50 0.50 0.50 0.50 0.04 0.00 0.01 0.17 0.36 -1 1
Result 0 0.0 2000 0.46 0.20 0.19 0.19 0.20 0.22 -1 -1 -1 -1 -1
Evo 1.02 0.00 0.50 0.50 0.50 0.50 0.50 0.04 0.00 0.05 0.18 0.35 -1 1
Result 0 0.0 2000 0.47 0.21 0.20 0.20 0.18 0.21 -1 -1 -1 -1 -1
Evo 1.30 0.40 1.00 0.50 0.50 0.50 0.50 0.04 0.00 0.01 0.30 0.53 1224 1
Result 1 1.0 1356 0.46 0.21 0.20 0.20 0.18 0.22 -1 -1 -1 -1 -1
Evo 1.07 0.00 0.50 0.50 0.50 0.50 0.50 0.04 0.00 0.01 0.26 0.39 -1 0
Result 0 0.0 2000 0.45 0.21 0.21 0.18 0.21 0.20 -1 -1 -1 -1 -1
Evo 1.09 0.00 0.50 0.50 0.50 0.50 0.50 0.04 0.00 0.01 0.23 0.38 -1 1
Result 0 0.0 2000 0.44 0.22 0.20 0.18 0.19 0.20 -1 -1 -1 -1 -1
Evo 1.10 0.00 0.50 0.50 0.50 0.50 0.50 0.04 0.00 0.01 0.24 0.39 -1 0
Result 0 0.0 2000 0.44 0.22 0.21 0.18 0.19 0.21 -1 -1 -1 -1 -1
Evo 1.03 0.00 0.50 0.50 0.50 0.50 0.50 0.04 0.00 0.01 0.20 0.36 -1 1
Result 0 0.0 2000 0.43 0.23 0.21 0.17 0.19 0.20 -1 -1 -1 -1 -1
Evo 1.06 0.30 1.00 0.50 0.50 0.50 0.50 0.04 0.00 0.01 0.27 0.51 1266 0
Result 1 1.0 1273 0.45 0.21 0.20 0.19 0.19 0.22 -1 -1 -1 -1 -1
Evo 1.46 0.00 0.50 0.49 0.50 0.50 0.50 0.05 0.00 0.03 0.19 0.40 839 0
Result 0 -1.0 921 0.45 0.26 0.19 0.18 0.20 0.18 -1 -1 -1 -1 -1
Evo 1.02 0.00 0.50 0.50 0.50 0.50 0.50 0.04 0.00 0.01 0.22 0.38 -1 0
Result 0 0.0 2000 0.45 0.21 0.20 0.18 0.20 0.21 -1 -1 -1 -1 -1
Evo 1.02 0.00 0.50 0.50 0.50 0.50 0.50 0.04 0.00 0.05 0.19 0.33 -1 0
Result 0 0.0 2000 0.46 0.19 0.20 0.19 0.20 0.21 -1 -1 -1 -1 -1
Evo 1.01 0.00 0.50 0.50 0.50 0.50 0.50 0.04 0.00 0.01 0.18 0.36 -1 0
Result 0 0.0 2000 0.46 0.21 0.19 0.20 0.19 0.22 -1 -1 -1 -1 -1
Evo 1.00 0.00 0.50 0.50 0.50 0.50 0.50 0.04 0.00 0.05 0.12 0.30 -1 2
Result 0 0.0 2000 0.46 0.21 0.20 0.19 0.20 0.20 -1 -1 -1 -1 -1
Evo 1.01 0.00 0.50 0.50 0.50 0.50 0.50 0.04 0.00 0.05 0.22 0.38 -1 1
Result 0 0.0 2000 0.45 0.21 0.20 0.18 0.19 0.22 -1 -1 -1 -1 -1
Evo 1.03 0.00 0.50 0.50 0.50 0.50 0.50 0.04 0.00 0.01 0.20 0.34 -1 1
Result 0 0.0 2000 0.45 0.22 0.18 0.18 0.20 0.21 -1 -1 -1 -1 -1
Evo 1.02 0.00 0.50 0.50 0.50 0.50 0.50 0.04 0.00 0.01 0.17 0.34 -1 0
Result 0 0.0 2000 0.46 0.20 0.21 0.19 0.20 0.20 -1 -1 -1 -1 -1
Evo 1.03 0.00 0.50 0.50 0.50 0.50 0.50 0.04 0.00 0.01 0.18 0.32 -1 0
Result 0 0.0 2000 0.46 0.22 0.19 0.19 0.19 0.21 -1 -1 -1 -1 -1
Evo 1.02 0.00 0.50 0.50 0.50 0.50 0.50 0.04 0.00 0.01 0.20 0.32 -1 1
Result 0 -1.0 2000 0.45 0.21 0.19 0.19 0.20 0.20 -1 -1 -1 -1 -1
Evo 1.46 0.00 0.50 0.47 0.50 0.50 0.50 0.08 0.00 0.02 0.15 0.30 -1 0
Result 0 -1.0 382 0.41 0.25 0.21 0.15 0.16 0.23 -1 -1 -1 -1 -1
Evo 1.02 0.00 0.50 0.50 0.50 0.50 0.50 0.04 0.00 0.01 0.22 0.37 -1 0
Result 0 0.0 2000 0.46 0.21 0.20 0.20 0.18 0.21 -1 -1 -1 -1 -1
Evo 4.73 0.00 0.50 0.41 0.40 0.40 0.50 0.14 0.03 0.53 0.03 0.15 -1 0
Result 0 0.0 22 0.31 0.35 0.30 0.09 0.09 0.17 -1 -1 -1 -1 -1
Evo 2.65 0.00 0.50 0.40 0.30 0.40 0.50 0.11 0.01 0.06 0.05 0.14 -1 0
Result 0 0.0 103 0.52 0.25 0.17 0.29 0.24 0.05 -1 -1 -1 -1 -1
Evo 2.46 0.00 0.50 0.43 0.40 0.50 0.50 0.09 0.01 0.09 0.20 0.51 -1 0
Result 0 0.0 280 0.44 0.30 0.17 0.17 0.17 0.19 -1 -1 -1 -1 -1
Evo 3.19 0.00 0.50 0.42 0.40 0.40 0.50 0.09 0.01 0.03 0.15 0.34 -1 0
Result 0 0.0 284 0.46 0.29 0.18 0.20 0.17 0.16 -1 -1 -1 -1 -1
Evo 1.50 0.30 0.50 0.45 0.40 0.50 0.50 0.07 0.02 0.49 0.03 0.16 -1 0
Result 0 0.0 20 0.49 0.29 0.29 0.24 0.05 0.14 -1 -1 -1 -1 -1
Evo 2.91 0.20 0.50 0.42 0.30 0.50 0.50 0.10 0.01 0.49 0.05 0.19 -1 0
Result 0 0.0 82 0.49 0.24 0.27 0.23 0.14 0.12 -1 -1 -1 -1 -1
Evo 1.42 0.00 0.50 0.40 0.40 0.50 0.50 0.16 0.03 0.50 0.03 0.15 -1 1
Result 0 0.0 26 0.48 0.30 0.26 0.22 0.07 0.15 -1 -1 -1 -1 -1
Evo 2.29 0.00 0.50 0.40 0.30 0.40 0.50 0.11 0.01 0.08 0.09 0.23 -1 0
Result 0 0.0 255 0.48 0.26 0.19 0.22 0.18 0.15 -1 -1 -1 -1 -1
Evo 2.57 0.00 0.50 0.40 0.30 0.40 0.50 0.10 0.00 0.08 0.17 0.31 -1 0
Result 0 0.0 605 0.47 0.27 0.19 0.20 0.20 0.13 -1 -1 -1 -1 -1
Evo 2.32 0.00 0.50 0.37 0.40 0.40 0.50 0.18 0.03 0.52 0.03 0.15 -1 0
Result 0 0.0 28 0.47 0.28 0.34 0.21 0.07 0.10 -1 -1 -1 -1 -1
Evo 3.44 0.30 0.50 0.46 0.40 0.50 0.50 0.06 0.01 0.52 0.04 0.14 -1 0
Result 0 0.0 43 0.49 0.23 0.20 0.23 0.27 0.07 -1 -1 -1 -1 -1
Evo 2.44 0.00 0.50 0.39 0.30 0.40 0.50 0.11 0.01 0.22 0.18 0.31 -1 0
Result 0 0.0 268 0.49 0.25 0.17 0.23 0.20 0.14 -1 -1 -1 -1 -1
Evo 2.38 0.10 1.00 0.47 0.40 0.50 0.50 0.12 0.01 0.03 0.23 0.64 261 0
Result 1 1.0 270 0.43 0.28 0.20 0.16 0.14 0.22 -1 -1 -1 -1 -1
Evo 2.96 0.00 0.50 0.39 0.30 0.40 0.50 0.13 0.02 0.08 0.03 0.14 -1 1
Result 0 0.0 77 0.50 0.29 0.18 0.24 0.23 0.05 -1 -1 -1 -1 -1
Evo 2.88 0.00 0.50 0.41 0.40 0.40 0.50 0.10 0.01 0.09 0.10 0.25 -1 0
Result 0 0.0 263 0.48 0.25 0.19 0.22 0.19 0.15 -1 -1 -1 -1 -1
Evo 2.27 0.00 0.50 0.38 0.30 0.40 0.50 0.11 0.01 0.15 0.09 0.29 -1 0
Result 0 0.0 165 0.49 0.31 0.20 0.23 0.14 0.13 -1 -1 -1 -1 -1
Evo 2.03 0.00 0.50 0.43 0.40 0.50 0.50 0.11 0.02 0.53 0.06 0.30 -1 0
Result 0 0.0 36 0.39 0.32 0.19 0.14 0.11 0.24 -1 -1 -1 -1 -1
Evo 3.37 0.00 0.50 0.38 0.30 0.40 0.50 0.18 0.03 0.17 0.03 0.14 -1 0
Result 0 0.0 27 0.50 0.18 0.36 0.25 0.07 0.14 -1 -1 -1 -1 -1
Evo 2.75 0.00 0.50 0.39 0.30 0.40 0.50 0.11 0.01 0.12 0.14 0.29 -1 0
Result 0 0.0 268 0.49 0.26 0.19 0.23 0.20 0.12 -1 -1 -1 -1 -1
Evo 1.88 0.00 0.50 0.40 0.40 0.40 0.50 0.13 0.01 0.14 0.04 0.14 -1 1
Result 0 0.0 77 0.51 0.33 0.14 0.27 0.18 0.08 -1 -1 -1 -1 -1
Evo 1.00 0.00 0.50 0.50 0.50 0.50 0.50 0.04 0.00 0.05 0.15 0.18 -1 1988
Result 0 0.0 2000 0.46 0.20 0.21 0.19 0.20 0.20 -1 -1 -1 -1 -1
Evo 1.00 0.00 0.50 0.50 0.50 0.50 0.50 0.04 0.00 0.05 0.06 0.08 -1 1988
Result 0 0.0 2000 0.45 0.21 0.20 0.18 0.19 0.22 -1 -1 -1 -1 -1
Evo 1.00 0.00 0.50 0.50 0.50 0.50 0.50 0.04 0.00 0.05 0.16 0.19 -1 1988
Result 0 0.0 2000 0.48 0.19 0.20 0.22 0.19 0.20 -1 -1 -1 -1 -1
Evo 1.00 0.00 0.50 0.50 0.50 0.50 0.50 0.04 0.00 0.05 0.12 0.14 -1 1988
Result 0 0.0 2000 0.47 0.19 0.20 0.20 0.21 0.20 -1 -1 -1 -1 -1
Evo 1.00 0.00 0.50 0.50 0.50 0.50 0.50 0.04 0.00 0.05 0.14 0.16 -1 1988
Result 0 0.0 2000 0.46 0.21 0.20 0.19 0.20 0.20 -1 -1 -1 -1 -1
Evo 1.00 0.00 0.50 0.50 0.50 0.50 0.50 0.04 0.00 0.05 0.12 0.14 -1 1988
Result 0 0.0 2000 0.47 0.20 0.19 0.21 0.20 0.20 -1 -1 -1 -1 -1
Evo 1.00 0.00 0.50 0.50 0.50 0.50 0.50 0.04 0.00 0.05 0.33 0.41 -1 1715
Result 0 0.0 2000 0.47 0.19 0.21 0.20 0.20 0.20 -1 -1 -1 -1 -1
Evo 1.00 0.00 0.50 0.50 0.50 0.50 0.50 0.04 0.00 0.05 0.13 0.15 -1 1988
Result 0 0.0 2000 0.47 0.20 0.19 0.20 0.20 0.20 -1 -1 -1 -1 -1
Evo 1.00 0.00 0.50 0.50 0.50 0.50 0.50 0.04 0.00 0.05 0.06 0.07 -1 1988
Result 0 0.0 2000 0.46 0.20 0.20 0.19 0.18 0.23 -1 -1 -1 -1 -1
Evo 1.00 0.00 0.50 0.50 0.50 0.50 0.50 0.04 0.00 0.05 0.14 0.16 -1 1988
Result 0 0.0 2000 0.48 0.19 0.20 0.22 0.19 0.20 -1 -1 -1 -1 -1
Evo 1.00 0.00 0.50 0.50 0.50 0.50 0.50 0.04 0.00 0.05 0.13 0.15 -1 1988
Result 0 0.0 2000 0.46 0.21 0.21 0.20 0.19 0.19 -1 -1 -1 -1 -1
Evo 1.00 0.00 0.50 0.50 0.50 0.50 0.50 0.04 0.00 0.05 0.13 0.15 -1 1988
Result 0 0.0 2000 0.47 0.19 0.21 0.21 0.18 0.21 -1 -1 -1 -1 -1
Evo 1.00 0.00 0.50 0.50 0.50 0.50 0.50 0.04 0.00 0.05 0.06 0.08 -1 1988
Result 0 0.0 2000 0.46 0.22 0.18 0.19 0.19 0.21 -1 -1 -1 -1 -1
Evo 1.00 0.00 0.50 0.50 0.50 0.50 0.50 0.04 0.00 0.05 0.13 0.15 -1 1988
Result 0 0.0 2000 0.47 0.21 0.19 0.21 0.20 0.19 -1 -1 -1 -1 -1
Evo 1.00 0.00 0.50 0.50 0.50 0.50 0.50 0.04 0.00 0.05 0.06 0.08 -1 1988
Result 0 0.0 2000 0.46 0.21 0.20 0.19 0.20 0.21 -1 -1 -1 -1 -1
Evo 1.00 0.00 0.50 0.50 0.50 0.50 0.50 0.04 0.00 0.05 0.07 0.10 -1 1988
Result 0 0.0 2000 0.44 0.22 0.21 0.18 0.20 0.20 -1 -1 -1 -1 -1
Evo 1.00 0.00 0.50 0.50 0.50 0.50 0.50 0.04 0.00 0.05 0.11 0.13 -1 1988
Result 0 0.0 2000 0.48 0.19 0.20 0.22 0.20 0.19 -1 -1 -1 -1 -1
Evo 1.00 0.00 0.50 0.50 0.50 0.50 0.50 0.04 0.00 0.05 0.07 0.09 -1 1988
Result 0 0.0 2000 0.46 0.19 0.19 0.20 0.21 0.21 -1 -1 -1 -1 -1
Evo 1.00 0.00 0.50 0.50 0.50 0.50 0.50 0.04 0.00 0.05 0.16 0.19 -1 1988
Result 0 0.0 2000 0.46 0.20 0.21 0.20 0.20 0.19 -1 -1 -1 -1 -1
Evo 1.00 0.00 0.50 0.50 0.50 0.50 0.50 0.04 0.00 0.05 0.22 0.24 -1 1988
Result 0 0.0 2000 0.45 0.20 0.20 0.19 0.22 0.20 -1 -1 -1 -1 -1
