Evo 1.02 0.00 1.00 0.74 0.00 1.00 1.00 0.44 0.01 0.01 0.02 0.03 -1 536
Result 0 15.0 2000 0.43 0.17 0.17 0.17 0.16 0.16 0.17 -1 -1 -1 -1
Evo 1.00 0.00 1.00 0.99 1.00 1.00 1.00 0.08 0.00 0.32 0.01 0.02 -1 705
Result 0 15.0 2000 0.43 0.17 0.16 0.17 0.18 0.16 0.16 -1 -1 -1 -1
Evo 1.04 0.00 1.00 0.99 1.00 1.00 1.00 0.11 0.00 0.01 0.02 0.03 -1 552
Result 0 3.0 864 0.42 0.15 0.15 0.18 0.18 0.17 0.15 -1 -1 -1 -1
Evo 1.02 0.00 1.00 0.98 1.00 1.00 1.00 0.13 0.00 0.22 0.02 0.03 -1 544
Result 0 2.0 718 0.43 0.17 0.18 0.15 0.17 0.17 0.16 -1 -1 -1 -1
Evo 1.01 0.00 1.00 0.99 1.00 1.00 1.00 0.08 0.00 0.25 0.01 0.02 -1 549
Result 0 15.0 2000 0.43 0.16 0.16 0.19 0.16 0.16 0.16 -1 -1 -1 -1
Evo 1.02 0.00 1.00 0.98 1.00 1.00 1.00 0.14 0.01 0.03 0.02 0.03 -1 548
Result 0 0.0 566 0.43 0.18 0.16 0.16 0.17 0.17 0.16 -1 -1 -1 -1
Evo 1.00 0.00 1.00 0.98 1.00 1.00 1.00 0.13 0.01 0.17 0.02 0.03 -1 544
Result 0 1.0 564 0.47 0.20 0.16 0.14 0.16 0.18 0.16 -1 -1 -1 -1
Evo 1.00 0.00 1.00 0.99 1.00 1.00 1.00 0.08 0.00 0.35 0.02 0.03 -1 543
Result 0 14.0 1868 0.44 0.17 0.18 0.16 0.17 0.17 0.16 -1 -1 -1 -1
Evo 1.04 0.00 1.00 0.98 1.00 1.00 1.00 0.14 0.01 0.01 0.03 0.04 -1 528
Result 0 2.0 718 0.45 0.15 0.18 0.18 0.16 0.18 0.16 -1 -1 -1 -1
Evo 1.00 0.00 1.00 0.99 1.00 1.00 1.00 0.08 0.00 0.29 0.02 0.02 -1 552
Result 0 15.0 2000 0.43 0.17 0.17 0.18 0.16 0.16 0.16 -1 -1 -1 -1
Evo 1.01 0.00 1.00 0.99 1.00 1.00 1.00 0.09 0.00 0.28 0.02 0.03 -1 955
Result 0 15.0 2000 0.44 0.15 0.17 0.19 0.14 0.18 0.16 -1 -1 -1 -1
Evo 1.01 0.00 1.00 0.99 1.00 1.00 1.00 0.08 0.00 0.30 0.01 0.02 -1 1506
Result 0 15.0 2000 0.43 0.17 0.17 0.17 0.17 0.17 0.16 -1 -1 -1 -1
Evo 1.01 0.00 1.00 0.99 1.00 1.00 1.00 0.09 0.00 0.01 0.02 0.03 -1 540
Result 0 15.0 2000 0.43 0.17 0.17 0.17 0.16 0.16 0.17 -1 -1 -1 -1
Evo 1.00 0.00 1.00 0.99 1.00 1.00 1.00 0.08 0.00 0.27 0.01 0.02 -1 855
Result 0 15.0 2000 0.43 0.16 0.16 0.18 0.18 0.17 0.15 -1 -1 -1 -1
Evo 1.00 0.00 1.00 0.99 1.00 1.00 1.00 0.10 0.00 0.36 0.02 0.02 -1 1196
Result 0 9.0 1468 0.44 0.17 0.15 0.18 0.17 0.16 0.17 -1 -1 -1 -1
Evo 1.00 0.00 1.00 0.99 1.00 1.00 1.00 0.08 0.00 0.30 0.02 0.02 -1 555
Result 0 15.0 2000 0.44 0.16 0.18 0.16 0.16 0.16 0.18 -1 -1 -1 -1
Evo 1.02 0.00 1.00 0.99 1.00 1.00 1.00 0.08 0.00 0.27 0.02 0.03 -1 548
Result 0 15.0 2000 0.41 0.19 0.15 0.17 0.16 0.16 0.17 -1 -1 -1 -1
Evo 1.00 0.00 1.00 0.98 1.00 1.00 1.00 0.15 0.01 0.03 0.01 0.02 -1 552
Result 0 0.0 568 0.43 0.17 0.13 0.17 0.16 0.20 0.17 -1 -1 -1 -1
Evo 1.00 0.00 1.00 0.98 1.00 1.00 1.00 0.14 0.01 0.03 0.02 0.02 -1 554
Result 0 0.0 566 0.42 0.16 0.16 0.17 0.18 0.16 0.16 -1 -1 -1 -1
Evo 1.00 0.00 1.00 0.98 1.00 1.00 1.00 0.15 0.01 0.03 0.02 0.03 -1 552
Result 0 0.0 568 0.44 0.17 0.18 0.17 0.14 0.18 0.16 -1 -1 -1 -1
Evo 1.01 0.00 1.00 0.99 1.00 1.00 1.00 0.09 0.00 0.21 0.02 0.03 -1 1501
Result 0 13.0 1714 0.44 0.17 0.17 0.17 0.16 0.17 0.16 -1 -1 -1 -1
Evo 1.01 0.00 1.00 0.99 1.00 1.00 1.00 0.08 0.00 0.28 0.02 0.03 -1 542
Result 0 15.0 2000 0.44 0.17 0.17 0.16 0.15 0.18 0.16 -1 -1 -1 -1
Evo 1.02 0.00 1.00 0.99 1.00 1.00 1.00 0.08 0.00 0.29 0.02 0.02 -1 1002
Result 0 15.0 2000 0.43 0.17 0.17 0.16 0.16 0.18 0.16 -1 -1 -1 -1
Evo 1.00 0.00 1.00 0.99 1.00 1.00 1.00 0.08 0.00 0.33 0.02 0.02 -1 1101
Result 0 15.0 2000 0.44 0.18 0.17 0.15 0.17 0.17 0.15 -1 -1 -1 -1
Evo 1.00 0.00 1.00 0.99 1.00 1.00 1.00 0.08 0.00 0.25 0.01 0.02 -1 1301
Result 0 15.0 2000 0.42 0.17 0.15 0.17 0.17 0.17 0.17 -1 -1 -1 -1
Evo 1.01 0.00 1.00 0.99 1.00 1.00 1.00 0.11 0.00 0.34 0.02 0.03 -1 1001
Result 0 6.0 1114 0.43 0.16 0.16 0.16 0.18 0.18 0.15 -1 -1 -1 -1
Evo 1.00 0.00 1.00 0.99 1.00 1.00 1.00 0.08 0.00 0.32 0.02 0.03 -1 844
Result 0 14.0 1864 0.43 0.17 0.16 0.17 0.16 0.17 0.16 -1 -1 -1 -1
Evo 1.00 0.00 1.00 0.99 1.00 1.00 1.00 0.08 0.00 0.30 0.02 0.03 -1 851
Result 0 15.0 2000 0.41 0.17 0.15 0.16 0.17 0.18 0.17 -1 -1 -1 -1
Evo 1.03 0.00 1.00 0.99 1.00 1.00 1.00 0.09 0.00 0.26 0.02 0.03 -1 1297
Result 0 15.0 2000 0.44 0.18 0.16 0.16 0.17 0.18 0.16 -1 -1 -1 -1
Evo 1.00 0.00 1.00 0.99 1.00 1.00 1.00 0.08 0.00 0.28 0.02 0.02 -1 696
Result 0 15.0 2000 0.44 0.17 0.17 0.17 0.16 0.17 0.17 -1 -1 -1 -1
Evo 1.00 0.00 1.00 0.99 1.00 1.00 1.00 0.08 0.00 0.26 0.01 0.02 -1 1988
Result 0 15.0 2000 0.43 0.17 0.16 0.15 0.18 0.17 0.16 -1 -1 -1 -1
Evo 1.00 0.00 1.00 0.98 1.00 1.00 1.00 0.13 0.00 0.09 0.02 0.03 -1 692
Result 0 3.0 764 0.42 0.16 0.18 0.17 0.18 0.15 0.16 -1 -1 -1 -1
Evo 1.01 0.00 1.00 0.99 1.00 1.00 1.00 0.09 0.00 0.30 0.02 0.03 -1 951
Result 0 12.0 1714 0.43 0.17 0.16 0.17 0.17 0.15 0.18 -1 -1 -1 -1
Evo 1.00 0.00 1.00 0.99 1.00 1.00 1.00 0.08 0.00 0.26 0.01 0.02 -1 1988
Result 0 15.0 2000 0.44 0.16 0.17 0.15 0.16 0.17 0.18 -1 -1 -1 -1
Evo 1.00 0.00 1.00 0.98 1.00 1.00 1.00 0.15 0.01 0.04 0.02 0.03 -1 543
Result 0 0.0 564 0.44 0.19 0.17 0.15 0.18 0.14 0.17 -1 -1 -1 -1
Evo 1.00 0.00 1.00 0.99 1.00 1.00 1.00 0.08 0.00 0.29 0.03 0.04 -1 701
Result 0 15.0 2000 0.42 0.16 0.16 0.17 0.18 0.16 0.17 -1 -1 -1 -1
Evo 1.02 0.00 1.00 0.99 1.00 1.00 1.00 0.08 0.00 0.30 0.02 0.03 -1 545
Result 0 15.0 2000 0.44 0.18 0.17 0.16 0.17 0.16 0.15 -1 -1 -1 -1
Evo 1.00 0.00 1.00 0.99 1.00 1.00 1.00 0.09 0.00 0.37 0.02 0.03 -1 1089
Result 0 10.0 1514 0.43 0.19 0.17 0.16 0.16 0.16 0.16 -1 -1 -1 -1
Evo 1.00 0.00 1.00 0.99 1.00 1.00 1.00 0.12 0.00 0.42 0.02 0.02 -1 849
Result 0 4.0 964 0.45 0.18 0.17 0.15 0.19 0.13 0.18 -1 -1 -1 -1
Evo 1.02 0.00 1.00 0.99 1.00 1.00 1.00 0.09 0.00 0.23 0.02 0.03 -1 1001
Result 0 15.0 2000 0.43 0.17 0.16 0.18 0.15 0.17 0.16 -1 -1 -1 -1
Evo 1.03 0.00 1.00 0.98 1.00 1.00 1.00 0.12 0.00 0.22 0.02 0.02 -1 541
Result 0 6.0 856 0.43 0.18 0.17 0.16 0.16 0.18 0.17 -1 -1 -1 -1
Evo 1.00 0.00 1.00 0.98 1.00 1.00 1.00 0.12 0.00 0.21 0.02 0.03 -1 534
Result 0 6.0 856 0.42 0.16 0.16 0.19 0.18 0.15 0.16 -1 -1 -1 -1
Evo 1.01 0.00 1.00 0.99 1.00 1.00 1.00 0.09 0.00 0.08 0.02 0.03 -1 534
Result 0 20.0 2000 0.43 0.16 0.17 0.17 0.17 0.16 0.17 -1 -1 -1 -1
Evo 1.01 0.00 1.00 0.99 1.00 1.00 1.00 0.09 0.00 0.21 0.02 0.03 -1 826
Result 0 20.0 2000 0.43 0.16 0.16 0.17 0.16 0.18 0.17 -1 -1 -1 -1
Evo 1.02 0.00 1.00 0.99 1.00 1.00 1.00 0.08 0.00 0.13 0.03 0.04 -1 519
Result 0 20.0 2000 0.43 0.16 0.17 0.18 0.16 0.16 0.18 -1 -1 -1 -1
Evo 1.01 0.00 1.00 0.99 1.00 1.00 1.00 0.08 0.00 0.11 0.02 0.02 -1 844
Result 0 20.0 2000 0.43 0.17 0.17 0.16 0.16 0.17 0.17 -1 -1 -1 -1
Evo 1.01 0.00 1.00 0.99 1.00 1.00 1.00 0.08 0.00 0.12 0.02 0.03 -1 534
Result 0 20.0 2000 0.41 0.15 0.18 0.17 0.16 0.17 0.16 -1 -1 -1 -1
Evo 1.02 0.00 1.00 0.99 1.00 1.00 1.00 0.08 0.00 0.09 0.02 0.02 -1 538
Result 0 20.0 2000 0.44 0.17 0.17 0.16 0.16 0.17 0.17 -1 -1 -1 -1
Evo 1.00 0.00 1.00 0.99 1.00 1.00 1.00 0.08 0.00 0.13 0.01 0.02 -1 1040
Result 0 20.0 2000 0.42 0.16 0.16 0.15 0.18 0.18 0.17 -1 -1 -1 -1
Evo 1.02 0.00 1.00 0.99 1.00 1.00 1.00 0.09 0.00 0.15 0.02 0.03 -1 830
Result 0 20.0 2000 0.44 0.17 0.18 0.17 0.15 0.17 0.16 -1 -1 -1 -1
Evo 1.02 0.00 1.00 0.99 1.00 1.00 1.00 0.09 0.00 0.01 0.02 0.03 -1 536
Result 0 20.0 2000 0.43 0.18 0.16 0.16 0.16 0.17 0.17 -1 -1 -1 -1
Evo 1.02 0.00 1.00 0.99 1.00 1.00 1.00 0.08 0.00 0.12 0.02 0.03 -1 540
Result 0 18.0 1804 0.43 0.17 0.18 0.16 0.17 0.16 0.16 -1 -1 -1 -1
Evo 1.01 0.00 1.00 0.99 1.00 1.00 1.00 0.08 0.00 0.01 0.02 0.03 -1 543
Result 0 20.0 2000 0.43 0.18 0.16 0.17 0.15 0.18 0.16 -1 -1 -1 -1
Evo 1.00 0.00 1.00 0.99 1.00 1.00 1.00 0.08 0.00 0.19 0.02 0.03 -1 538
Result 0 20.0 2000 0.43 0.17 0.16 0.16 0.16 0.17 0.18 -1 -1 -1 -1
Evo 1.03 0.00 1.00 0.99 1.00 1.00 1.00 0.11 0.00 0.38 0.03 0.03 -1 534
Result 0 8.0 1156 0.45 0.17 0.18 0.17 0.18 0.16 0.15 -1 -1 -1 -1
Evo 1.01 0.00 1.00 0.99 1.00 1.00 1.00 0.08 0.00 0.17 0.02 0.03 -1 843
Result 0 20.0 2000 0.41 0.18 0.15 0.15 0.18 0.18 0.16 -1 -1 -1 -1
Evo 1.00 0.00 1.00 0.99 1.00 1.00 1.00 0.08 0.00 0.17 0.02 0.02 -1 1444
Result 0 20.0 2000 0.43 0.16 0.17 0.16 0.16 0.16 0.18 -1 -1 -1 -1
Evo 1.01 0.00 1.00 0.99 1.00 1.00 1.00 0.08 0.00 0.13 0.02 0.03 -1 538
Result 0 20.0 2000 0.43 0.17 0.17 0.17 0.17 0.16 0.16 -1 -1 -1 -1
Evo 1.02 0.00 1.00 0.99 1.00 1.00 1.00 0.09 0.00 0.23 0.02 0.03 -1 838
Result 0 12.0 1456 0.42 0.15 0.16 0.18 0.16 0.18 0.17 -1 -1 -1 -1
Evo 1.03 0.00 1.00 0.99 1.00 1.00 1.00 0.09 0.00 0.20 0.03 0.04 -1 524
Result 0 12.0 1456 0.42 0.19 0.15 0.16 0.17 0.16 0.16 -1 -1 -1 -1
Evo 1.02 0.00 1.00 0.99 1.00 1.00 1.00 0.08 0.00 0.01 0.02 0.02 -1 382
Result 0 38.0 2000 0.44 0.16 0.17 0.15 0.17 0.17 0.18 -1 -1 -1 -1
Evo 1.05 0.00 1.00 0.99 1.00 1.00 1.00 0.09 0.00 0.21 0.02 0.03 -1 376
Result 0 38.0 2000 0.43 0.16 0.17 0.16 0.16 0.17 0.19 -1 -1 -1 -1
Evo 1.05 0.00 1.00 0.99 1.00 1.00 1.00 0.08 0.00 0.11 0.02 0.03 -1 393
Result 0 38.0 2000 0.44 0.18 0.16 0.17 0.17 0.17 0.15 -1 -1 -1 -1
Evo 1.03 0.00 1.00 0.99 1.00 1.00 1.00 0.09 0.00 0.10 0.02 0.02 -1 390
Result 0 38.0 2000 0.41 0.15 0.17 0.16 0.16 0.17 0.18 -1 -1 -1 -1
Evo 1.04 0.00 1.00 0.99 1.00 1.00 1.00 0.10 0.00 0.26 0.02 0.03 -1 610
Result 0 26.0 1322 0.43 0.16 0.17 0.17 0.15 0.17 0.18 -1 -1 -1 -1
Evo 1.01 0.00 1.00 0.99 1.00 1.00 1.00 0.08 0.00 0.11 0.01 0.02 -1 841
Result 0 39.0 2000 0.43 0.16 0.17 0.17 0.16 0.16 0.17 -1 -1 -1 -1
Evo 1.02 0.00 1.00 0.99 1.00 1.00 1.00 0.08 0.00 0.11 0.02 0.02 -1 738
Result 0 38.0 2000 0.44 0.15 0.17 0.17 0.16 0.17 0.17 -1 -1 -1 -1
Evo 1.02 0.00 1.00 0.99 1.00 1.00 1.00 0.08 0.00 0.12 0.02 0.02 -1 382
Result 0 39.0 2000 0.44 0.17 0.15 0.17 0.16 0.15 0.19 -1 -1 -1 -1
Evo 1.04 0.00 1.00 0.98 1.00 1.00 1.00 0.13 0.00 0.16 0.02 0.02 -1 391
Result 0 13.0 754 0.44 0.16 0.18 0.15 0.17 0.17 0.17 -1 -1 -1 -1
Evo 1.03 0.00 1.00 0.99 1.00 1.00 1.00 0.08 0.00 0.16 0.02 0.03 -1 993
Result 0 38.0 2000 0.43 0.17 0.17 0.16 0.16 0.16 0.17 -1 -1 -1 -1
Evo 1.05 0.00 1.00 0.98 1.00 1.00 1.00 0.14 0.01 0.25 0.02 0.03 -1 380
Result 0 9.0 622 0.40 0.17 0.14 0.16 0.20 0.16 0.17 -1 -1 -1 -1
Evo 1.02 0.00 1.00 0.99 1.00 1.00 1.00 0.11 0.00 0.08 0.02 0.03 -1 741
Result 0 23.0 1204 0.42 0.16 0.18 0.17 0.15 0.17 0.18 -1 -1 -1 -1
Evo 1.00 0.00 1.00 0.98 1.00 1.00 1.00 0.13 0.00 0.17 0.02 0.02 -1 388
Result 0 14.0 754 0.44 0.18 0.15 0.15 0.15 0.18 0.19 -1 -1 -1 -1
Evo 1.02 0.00 1.00 0.99 1.00 1.00 1.00 0.08 0.00 0.13 0.01 0.02 -1 461
Result 0 38.0 2000 0.45 0.18 0.16 0.17 0.16 0.17 0.16 -1 -1 -1 -1
Evo 1.04 0.00 1.00 0.98 1.00 1.00 1.00 0.13 0.00 0.21 0.02 0.03 -1 611
Result 0 12.0 754 0.42 0.16 0.17 0.16 0.18 0.17 0.16 -1 -1 -1 -1
Evo 1.04 0.00 1.00 0.99 1.00 1.00 1.00 0.09 0.00 0.14 0.02 0.03 -1 457
Result 0 33.0 1772 0.43 0.17 0.17 0.17 0.16 0.16 0.18 -1 -1 -1 -1
Evo 1.00 0.00 1.00 0.98 1.00 1.00 1.00 0.13 0.00 0.14 0.02 0.02 -1 610
Result 0 12.0 754 0.40 0.16 0.14 0.17 0.18 0.18 0.17 -1 -1 -1 -1
Evo 1.00 0.00 1.00 0.97 1.00 1.00 1.00 0.16 0.01 0.52 0.01 0.02 -1 390
Result 0 2.0 402 0.42 0.17 0.15 0.16 0.18 0.18 0.15 -1 -1 -1 -1
Evo 1.02 0.00 1.00 0.99 1.00 1.00 1.00 0.08 0.00 0.13 0.02 0.03 -1 378
Result 0 38.0 2000 0.44 0.18 0.16 0.16 0.17 0.16 0.17 -1 -1 -1 -1
Evo 1.01 0.00 1.00 0.99 1.00 1.00 1.00 0.08 0.00 0.11 0.02 0.02 -1 389
Result 0 39.0 2000 0.43 0.17 0.16 0.17 0.18 0.16 0.16 -1 -1 -1 -1
Evo 1.00 0.00 1.00 0.98 1.00 1.00 1.00 0.15 0.01 0.27 0.02 0.03 -1 518
Result 0 3.0 534 0.45 0.18 0.18 0.18 0.16 0.12 0.18 -1 -1 -1 -1
Evo 1.01 0.00 1.00 0.99 1.00 1.00 1.00 0.08 0.00 0.11 0.02 0.03 -1 771
Result 0 34.0 2000 0.45 0.17 0.18 0.17 0.15 0.17 0.16 -1 -1 -1 -1
Evo 1.02 0.00 1.00 0.99 1.00 1.00 1.00 0.08 0.00 0.14 0.02 0.03 -1 1311
Result 0 34.0 2000 0.43 0.18 0.17 0.16 0.16 0.16 0.17 -1 -1 -1 -1
Evo 1.02 0.00 1.00 0.99 1.00 1.00 1.00 0.08 0.00 0.15 0.02 0.02 -1 1721
Result 0 35.0 2000 0.43 0.14 0.17 0.17 0.17 0.18 0.17 -1 -1 -1 -1
Evo 1.04 0.00 1.00 0.99 1.00 1.00 1.00 0.11 0.00 0.02 0.03 0.03 -1 521
Result 0 19.0 1176 0.43 0.16 0.17 0.16 0.17 0.16 0.18 -1 -1 -1 -1
Evo 1.05 0.00 1.00 0.99 1.00 1.00 1.00 0.09 0.00 0.10 0.02 0.03 -1 1015
Result 0 34.0 2000 0.42 0.17 0.16 0.16 0.16 0.18 0.17 -1 -1 -1 -1
Evo 1.02 0.00 1.00 0.99 1.00 1.00 1.00 0.08 0.00 0.22 0.02 0.03 -1 1166
Result 0 35.0 2000 0.44 0.17 0.17 0.16 0.16 0.17 0.16 -1 -1 -1 -1
Evo 1.03 0.00 1.00 0.99 1.00 1.00 1.00 0.08 0.00 0.14 0.01 0.02 -1 1621
Result 0 34.0 2000 0.43 0.18 0.16 0.15 0.17 0.17 0.17 -1 -1 -1 -1
Evo 1.01 0.00 1.00 0.99 1.00 1.00 1.00 0.08 0.00 0.12 0.02 0.03 -1 1413
Result 0 35.0 2000 0.44 0.17 0.16 0.16 0.16 0.18 0.16 -1 -1 -1 -1
Evo 1.01 0.00 1.00 0.99 1.00 1.00 1.00 0.08 0.00 0.16 0.02 0.03 -1 1023
Result 0 35.0 2000 0.44 0.17 0.15 0.17 0.16 0.17 0.17 -1 -1 -1 -1
Evo 1.05 0.00 1.00 0.99 1.00 1.00 1.00 0.08 0.00 0.13 0.02 0.03 -1 506
Result 0 34.0 2000 0.44 0.17 0.15 0.16 0.18 0.16 0.17 -1 -1 -1 -1
Evo 1.03 0.00 1.00 0.99 1.00 1.00 1.00 0.08 0.00 0.14 0.02 0.03 -1 1016
Result 0 33.0 2000 0.45 0.16 0.19 0.16 0.17 0.17 0.16 -1 -1 -1 -1
Evo 1.05 0.00 1.00 0.99 1.00 1.00 1.00 0.09 0.00 0.20 0.02 0.03 -1 508
Result 0 35.0 2000 0.43 0.17 0.16 0.17 0.17 0.17 0.16 -1 -1 -1 -1
Evo 1.00 0.00 1.00 0.98 1.00 1.00 1.00 0.15 0.01 0.32 0.02 0.03 -1 520
Result 0 3.0 534 0.41 0.18 0.15 0.21 0.14 0.17 0.16 -1 -1 -1 -1
Evo 1.04 0.00 1.00 0.99 1.00 1.00 1.00 0.08 0.00 0.17 0.02 0.02 -1 1763
Result 0 35.0 2000 0.44 0.17 0.17 0.17 0.15 0.17 0.17 -1 -1 -1 -1
Evo 1.03 0.00 1.00 0.99 1.00 1.00 1.00 0.08 0.00 0.11 0.02 0.03 -1 1269
Result 0 34.0 2000 0.43 0.16 0.16 0.16 0.16 0.18 0.17 -1 -1 -1 -1
Evo 1.03 0.00 1.00 0.99 1.00 1.00 1.00 0.08 0.00 0.09 0.01 0.02 -1 713
Result 0 34.0 2000 0.43 0.16 0.17 0.17 0.17 0.16 0.17 -1 -1 -1 -1
Evo 1.02 0.00 1.00 0.98 1.00 1.00 1.00 0.12 0.00 0.23 0.02 0.02 -1 706
Result 0 9.0 724 0.40 0.18 0.14 0.16 0.18 0.18 0.16 -1 -1 -1 -1
Evo 1.03 0.00 1.00 0.99 1.00 1.00 1.00 0.08 0.00 0.12 0.02 0.03 -1 813
Result 0 35.0 2000 0.43 0.18 0.16 0.15 0.15 0.18 0.17 -1 -1 -1 -1
Evo 1.03 0.00 1.00 0.99 1.00 1.00 1.00 0.08 0.00 0.19 0.01 0.02 -1 1988
Result 0 34.0 2000 0.43 0.16 0.16 0.16 0.17 0.18 0.16 -1 -1 -1 -1
