Evo 1.00 0.00 0.00 0.00 0.00 0.00 0.00 0.00 0.00 0.00 0.32 0.36 -1 1988
Result 0 0.0 2000 0.46 0.20 0.20 0.21 0.19 0.19 -1 -1 -1 -1 -1
Evo 1.00 0.00 1.00 0.99 1.00 1.00 1.00 0.08 0.00 0.05 0.32 0.37 -1 1988
Result 0 0.0 2000 0.48 0.19 0.20 0.19 0.22 0.19 -1 -1 -1 -1 -1
Evo 1.00 0.00 1.00 0.99 1.00 1.00 1.00 0.08 0.00 0.05 0.33 0.39 -1 1988
Result 0 0.0 2000 0.46 0.20 0.19 0.20 0.19 0.21 -1 -1 -1 -1 -1
Evo 1.00 0.00 1.00 0.99 1.00 1.00 1.00 0.08 0.00 0.05 0.33 0.37 -1 1988
Result 0 0.0 2000 0.45 0.18 0.22 0.21 0.19 0.20 -1 -1 -1 -1 -1
Evo 1.00 0.00 1.00 0.99 1.00 1.00 1.00 0.08 0.00 0.05 0.33 0.36 -1 1988
Result 0 0.0 2000 0.45 0.18 0.20 0.22 0.19 0.21 -1 -1 -1 -1 -1
Evo 1.05 0.71 1.00 1.00 1.00 1.00 1.00 0.02 0.00 0.03 0.24 0.38 296 -1
Result 1 5.0 308 0.48 0.23 0.16 0.19 0.22 0.20 -1 -1 -1 -1 -1
Evo 1.00 0.00 0.50 0.50 0.50 0.50 0.50 0.04 0.00 0.05 0.33 0.37 -1 1988
Result 0 0.0 2000 0.47 0.20 0.19 0.20 0.20 0.21 -1 -1 -1 -1 -1
Evo 1.00 0.00 0.50 0.50 0.50 0.50 0.50 0.04 0.00 0.05 0.32 0.36 -1 1988
Result 0 0.0 2000 0.47 0.19 0.20 0.20 0.21 0.20 -1 -1 -1 -1 -1
Evo 1.00 0.00 0.50 0.50 0.50 0.50 0.50 0.04 0.00 0.05 0.32 0.34 -1 1988
Result 0 0.0 2000 0.47 0.20 0.19 0.21 0.20 0.19 -1 -1 -1 -1 -1
Evo 1.00 0.00 0.50 0.50 0.50 0.50 0.50 0.04 0.00 0.05 0.36 0.38 -1 1988
Result 0 0.0 2000 0.48 0.20 0.20 0.19 0.22 0.18 -1 -1 -1 -1 -1
Evo 1.00 0.00 0.50 0.50 0.50 0.50 0.50 0.04 0.00 0.05 0.32 0.34 -1 1988
Result 0 0.0 2000 0.46 0.20 0.20 0.20 0.20 0.20 -1 -1 -1 -1 -1
Evo 1.00 0.00 0.50 0.50 0.50 0.50 0.50 0.04 0.00 0.05 0.33 0.36 -1 1988
Result 0 0.0 2000 0.46 0.20 0.19 0.20 0.20 0.21 -1 -1 -1 -1 -1
Evo 1.00 0.00 0.50 0.50 0.50 0.50 0.50 0.04 0.00 0.05 0.32 0.37 -1 1988
Result 0 0.0 2000 0.46 0.20 0.20 0.21 0.20 0.19 -1 -1 -1 -1 -1
Evo 1.00 0.00 0.50 0.50 0.50 0.50 0.50 0.04 0.00 0.05 0.33 0.36 -1 1988
Result 0 0.0 2000 0.45 0.19 0.19 0.23 0.18 0.21 -1 -1 -1 -1 -1
Evo 1.00 0.00 0.50 0.50 0.50 0.50 0.50 0.04 0.00 0.05 0.32 0.38 -1 1988
Result 0 0.0 2000 0.46 0.20 0.21 0.20 0.20 0.19 -1 -1 -1 -1 -1
Evo 1.00 0.00 0.50 0.50 0.50 0.50 0.50 0.04 0.00 0.05 0.32 0.36 -1 1988
Result 0 0.0 2000 0.46 0.21 0.20 0.20 0.20 0.20 -1 -1 -1 -1 -1
Evo 1.06 0.50 1.00 0.53 0.50 0.50 0.50 0.11 0.01 0.22 0.33 0.38 141 -1
Result 1 5.0 156 0.46 0.21 0.22 0.18 0.20 0.19 -1 -1 -1 -1 -1
Evo 1.00 0.00 0.50 0.50 0.50 0.50 0.50 0.04 0.00 0.05 0.33 0.37 -1 1988
Result 0 0.0 2000 0.46 0.19 0.20 0.21 0.20 0.21 -1 -1 -1 -1 -1
Evo 1.00 0.00 0.50 0.50 0.50 0.50 0.50 0.04 0.00 0.05 0.32 0.36 -1 1988
Result 0 0.0 2000 0.47 0.19 0.20 0.21 0.21 0.20 -1 -1 -1 -1 -1
Evo 1.12 0.50 1.00 0.61 0.50 0.50 0.60 0.20 0.03 0.47 0.26 0.37 32 -1
Result 1 5.0 43 0.42 0.23 0.16 0.32 0.16 0.14 -1 -1 -1 -1 -1
Evo 1.02 0.00 0.50 0.50 0.50 0.50 0.50 0.04 0.00 0.01 0.28 0.31 -1 1988
Result 0 4.0 2000 0.46 0.22 0.19 0.20 0.20 0.19 -1 -1 -1 -1 -1
Evo 1.00 0.00 0.50 0.50 0.50 0.50 0.50 0.04 0.00 0.05 0.21 0.28 -1 1988
Result 0 0.0 2000 0.46 0.20 0.19 0.19 0.20 0.22 -1 -1 -1 -1 -1
Evo 1.01 0.00 0.50 0.50 0.50 0.50 0.50 0.04 0.00 0.02 0.22 0.25 -1 1988
Result 0 1.0 2000 0.46 0.21 0.18 0.21 0.19 0.20 -1 -1 -1 -1 -1
Evo 1.00 0.00 0.50 0.50 0.50 0.50 0.50 0.04 0.00 0.01 0.30 0.34 -1 1988
Result 0 4.0 2000 0.46 0.20 0.20 0.18 0.20 0.22 -1 -1 -1 -1 -1
Evo 1.00 0.00 0.50 0.50 0.50 0.50 0.50 0.04 0.00 0.01 0.24 0.29 -1 1988
Result 0 1.0 2000 0.46 0.20 0.21 0.20 0.20 0.19 -1 -1 -1 -1 -1
Evo 1.00 0.00 0.50 0.50 0.50 0.50 0.50 0.04 0.00 0.01 0.22 0.28 -1 1988
Result 0 1.0 2000 0.46 0.21 0.20 0.20 0.19 0.19 -1 -1 -1 -1 -1
Evo 1.02 0.00 0.50 0.50 0.50 0.50 0.50 0.04 0.00 0.01 0.32 0.35 -1 1988
Result 0 5.0 2000 0.47 0.20 0.19 0.21 0.21 0.19 -1 -1 -1 -1 -1
Evo 1.03 0.00 0.50 0.50 0.50 0.50 0.50 0.04 0.00 0.01 0.26 0.31 -1 1988
Result 0 2.0 2000 0.45 0.20 0.20 0.20 0.19 0.21 -1 -1 -1 -1 -1
Evo 1.00 0.00 0.50 0.50 0.50 0.50 0.50 0.04 0.00 0.05 0.20 0.27 -1 1988
Result 0 0.0 2000 0.46 0.20 0.20 0.19 0.20 0.21 -1 -1 -1 -1 -1
Evo 1.00 0.00 0.50 0.50 0.50 0.50 0.50 0.04 0.00 0.01 0.22 0.24 -1 1988
Result 0 1.0 2000 0.48 0.21 0.20 0.20 0.21 0.18 -1 -1 -1 -1 -1
Evo 1.00 0.00 0.50 0.50 0.50 0.50 0.50 0.04 0.00 0.05 0.20 0.26 -1 1988
Result 0 0.0 2000 0.46 0.20 0.20 0.21 0.20 0.19 -1 -1 -1 -1 -1
Evo 1.02 0.00 0.50 0.50 0.50 0.50 0.50 0.04 0.00 0.01 0.32 0.38 -1 1988
Result 0 5.0 2000 0.47 0.20 0.20 0.20 0.21 0.20 -1 -1 -1 -1 -1
Evo 1.00 0.00 0.50 0.50 0.50 0.50 0.50 0.04 0.00 0.01 0.33 0.38 -1 1988
Result 0 5.0 2000 0.47 0.20 0.20 0.21 0.20 0.19 -1 -1 -1 -1 -1
Evo 1.00 0.00 0.50 0.50 0.50 0.50 0.50 0.04 0.00 0.05 0.21 0.26 -1 1988
Result 0 0.0 2000 0.47 0.20 0.21 0.20 0.20 0.19 -1 -1 -1 -1 -1
Evo 1.02 0.00 0.50 0.50 0.50 0.50 0.50 0.04 0.00 0.01 0.23 0.28 -1 1988
Result 0 1.0 2000 0.47 0.19 0.20 0.21 0.20 0.19 -1 -1 -1 -1 -1
Evo 1.01 0.00 0.50 0.50 0.50 0.50 0.50 0.04 0.00 0.19 0.26 0.31 -1 1988
Result 0 3.0 2000 0.45 0.19 0.21 0.21 0.19 0.20 -1 -1 -1 -1 -1
Evo 1.00 0.00 0.50 0.50 0.50 0.50 0.50 0.04 0.00 0.01 0.31 0.34 -1 1988
Result 0 4.0 2000 0.47 0.21 0.19 0.18 0.20 0.22 -1 -1 -1 -1 -1
Evo 1.00 0.00 0.50 0.50 0.50 0.50 0.50 0.04 0.00 0.01 0.31 0.36 -1 1988
Result 0 5.0 2000 0.47 0.19 0.20 0.19 0.21 0.21 -1 -1 -1 -1 -1
Evo 1.00 0.00 0.50 0.50 0.50 0.50 0.50 0.04 0.00 0.05 0.22 0.26 -1 1988
Result 0 0.0 2000 0.47 0.19 0.21 0.20 0.21 0.19 -1 -1 -1 -1 -1
Evo 1.00 0.00 0.50 0.50 0.50 0.50 0.50 0.04 0.00 0.05 0.20 0.24 -1 1988
Result 0 0.0 2000 0.48 0.20 0.19 0.20 0.22 0.19 -1 -1 -1 -1 -1
Evo 1.03 0.00 0.50 0.50 0.50 0.50 0.50 0.04 0.00 0.03 0.23 0.27 -1 1988
Result 0 2.0 2000 0.47 0.21 0.19 0.20 0.20 0.19 -1 -1 -1 -1 -1
Evo 1.01 0.00 0.50 0.50 0.50 0.50 0.50 0.04 0.00 0.01 0.24 0.27 -1 1988
Result 0 2.0 2000 0.46 0.20 0.19 0.22 0.20 0.20 -1 -1 -1 -1 -1
Evo 1.00 0.00 0.50 0.50 0.50 0.50 0.50 0.04 0.00 0.01 0.22 0.27 -1 1988
Result 0 2.0 2000 0.46 0.21 0.19 0.19 0.19 0.22 -1 -1 -1 -1 -1
Evo 1.00 0.00 0.50 0.50 0.50 0.50 0.50 0.04 0.00 0.01 0.22 0.28 -1 1988
Result 0 2.0 2000 0.47 0.20 0.19 0.20 0.21 0.20 -1 -1 -1 -1 -1
Evo 1.01 0.00 0.50 0.50 0.50 0.50 0.50 0.04 0.00 0.02 0.12 0.14 -1 1988
Result 0 1.0 2000 0.46 0.22 0.20 0.21 0.19 0.19 -1 -1 -1 -1 -1
Evo 1.00 0.00 0.50 0.50 0.50 0.50 0.50 0.04 0.00 0.01 0.22 0.27 -1 1988
Result 0 2.0 2000 0.46 0.20 0.21 0.19 0.20 0.20 -1 -1 -1 -1 -1
Evo 1.00 0.00 0.50 0.50 0.50 0.50 0.50 0.04 0.00 0.01 0.12 0.14 -1 1988
Result 0 1.0 2000 0.47 0.21 0.19 0.20 0.20 0.19 -1 -1 -1 -1 -1
Evo 1.02 0.00 0.50 0.50 0.50 0.50 0.50 0.04 0.00 0.02 0.23 0.27 -1 1988
Result 0 2.0 2000 0.47 0.21 0.20 0.17 0.20 0.22 -1 -1 -1 -1 -1
Evo 1.01 0.00 0.50 0.50 0.50 0.50 0.50 0.04 0.00 0.02 0.12 0.14 -1 1988
Result 0 1.0 2000 0.46 0.20 0.20 0.21 0.20 0.19 -1 -1 -1 -1 -1
Evo 1.00 0.00 0.50 0.50 0.50 0.50 0.50 0.04 0.00 0.02 0.12 0.14 -1 1988
Result 0 1.0 2000 0.46 0.21 0.19 0.19 0.20 0.21 -1 -1 -1 -1 -1
Evo 1.00 0.00 0.50 0.50 0.50 0.50 0.50 0.04 0.00 0.01 0.23 0.27 -1 1988
Result 0 2.0 2000 0.47 0.20 0.19 0.20 0.20 0.21 -1 -1 -1 -1 -1
Evo 1.02 0.00 0.50 0.50 0.50 0.50 0.50 0.04 0.00 0.03 0.22 0.28 -1 1988
Result 0 2.0 2000 0.46 0.20 0.21 0.19 0.20 0.20 -1 -1 -1 -1 -1
Evo 1.01 0.00 0.50 0.50 0.50 0.50 0.50 0.04 0.00 0.01 0.24 0.27 -1 1988
Result 0 2.0 2000 0.47 0.20 0.20 0.19 0.20 0.21 -1 -1 -1 -1 -1
Evo 1.00 0.00 0.50 0.50 0.50 0.50 0.50 0.04 0.00 0.01 0.13 0.14 -1 1988
Result 0 1.0 2000 0.46 0.21 0.20 0.21 0.19 0.20 -1 -1 -1 -1 -1
Evo 1.00 0.00 0.50 0.50 0.50 0.50 0.50 0.04 0.00 0.02 0.22 0.27 -1 1988
Result 0 2.0 2000 0.47 0.20 0.22 0.19 0.21 0.18 -1 -1 -1 -1 -1
Evo 1.01 0.00 0.50 0.50 0.50 0.50 0.50 0.04 0.00 0.01 0.22 0.28 -1 1988
Result 0 2.0 2000 0.47 0.18 0.21 0.19 0.20 0.22 -1 -1 -1 -1 -1
Evo 1.00 0.00 0.50 0.50 0.50 0.50 0.50 0.04 0.00 0.01 0.23 0.27 -1 1988
Result 0 2.0 2000 0.46 0.19 0.19 0.22 0.19 0.20 -1 -1 -1 -1 -1
Evo 1.01 0.00 0.50 0.50 0.50 0.50 0.50 0.04 0.00 0.01 0.22 0.27 -1 1988
Result 0 2.0 2000 0.47 0.20 0.22 0.19 0.20 0.19 -1 -1 -1 -1 -1
Evo 1.01 0.00 0.50 0.50 0.50 0.50 0.50 0.04 0.00 0.01 0.13 0.14 -1 1988
Result 0 1.0 2000 0.45 0.20 0.21 0.21 0.19 0.19 -1 -1 -1 -1 -1
Evo 1.00 0.00 0.50 0.50 0.50 0.50 0.50 0.04 0.00 0.01 0.12 0.14 -1 1988
Result 0 1.0 2000 0.47 0.19 0.20 0.21 0.20 0.20 -1 -1 -1 -1 -1
Evo 1.68 0.50 1.00 0.60 0.50 0.50 0.50 0.20 0.03 0.12 0.08 0.19 35 -1
Result 1 6.0 44 0.53 0.22 0.13 0.13 0.33 0.18 -1 -1 -1 -1 -1
Evo 1.38 0.50 1.00 0.74 0.50 0.60 1.00 0.24 0.06 0.24 0.07 0.18 7 -1
Result 1 6.0 16 0.53 0.18 0.06 0.24 0.35 0.18 -1 -1 -1 -1 -1
Evo 1.01 0.00 0.50 0.50 0.50 0.50 0.50 0.04 0.00 0.01 0.25 0.27 -1 1988
Result 0 1.0 2000 0.46 0.19 0.19 0.21 0.20 0.22 -1 -1 -1 -1 -1
Evo 1.34 0.50 1.00 0.63 0.50 0.50 0.80 0.21 0.03 0.14 0.07 0.18 25 -1
Result 1 6.0 35 0.53 0.14 0.06 0.22 0.33 0.25 -1 -1 -1 -1 -1
Evo 1.00 0.00 0.50 0.50 0.50 0.50 0.50 0.04 0.00 0.05 0.21 0.21 -1 1988
Result 0 0.0 2000 0.46 0.20 0.20 0.20 0.20 0.20 -1 -1 -1 -1 -1
Evo 1.00 0.00 0.50 0.50 0.50 0.50 0.50 0.04 0.00 0.05 0.21 0.21 -1 1988
Result 0 0.0 2000 0.46 0.19 0.21 0.21 0.20 0.19 -1 -1 -1 -1 -1
Evo 1.13 0.50 1.00 0.58 0.50 0.50 0.50 0.18 0.02 0.10 0.08 0.19 47 -1
Result 1 6.0 55 0.51 0.30 0.16 0.14 0.27 0.13 -1 -1 -1 -1 -1
Evo 1.97 0.50 1.00 0.61 0.50 0.50 0.60 0.20 0.03 0.14 0.09 0.22 27 -1
Result 1 6.0 36 0.48 0.22 0.11 0.22 0.22 0.24 -1 -1 -1 -1 -1
Evo 1.00 0.00 0.50 0.50 0.50 0.50 0.50 0.04 0.00 0.05 0.21 0.21 -1 1988
Result 0 0.0 2000 0.47 0.21 0.19 0.19 0.20 0.20 -1 -1 -1 -1 -1
Evo 1.17 0.50 1.00 0.68 0.50 0.50 1.00 0.23 0.05 0.19 0.07 0.21 12 -1
Result 1 6.0 23 0.53 0.21 0.13 0.17 0.42 0.08 -1 -1 -1 -1 -1
Evo 1.98 0.50 1.00 0.60 0.50 0.50 0.50 0.20 0.03 0.37 0.10 0.22 33 -1
Result 1 6.0 41 0.48 0.10 0.24 0.26 0.21 0.19 -1 -1 -1 -1 -1
Evo 1.01 0.00 0.50 0.50 0.50 0.50 0.50 0.04 0.00 0.01 0.30 0.32 -1 1988
Result 0 2.0 2000 0.46 0.19 0.20 0.21 0.20 0.21 -1 -1 -1 -1 -1
Evo 1.02 0.00 0.50 0.50 0.50 0.50 0.50 0.04 0.00 0.01 0.25 0.28 -1 1988
Result 0 1.0 2000 0.46 0.20 0.20 0.19 0.20 0.20 -1 -1 -1 -1 -1
Evo 1.00 0.00 0.50 0.50 0.50 0.50 0.50 0.04 0.00 0.05 0.21 0.21 -1 1988
Result 0 0.0 2000 0.46 0.20 0.20 0.21 0.19 0.20 -1 -1 -1 -1 -1
Evo 1.00 0.00 0.50 0.50 0.50 0.50 0.50 0.04 0.00 0.05 0.21 0.21 -1 1988
Result 0 0.0 2000 0.46 0.21 0.20 0.20 0.19 0.20 -1 -1 -1 -1 -1
Evo 1.00 0.00 0.50 0.50 0.50 0.50 0.50 0.04 0.00 0.05 0.21 0.21 -1 1988
Result 0 0.0 2000 0.45 0.19 0.20 0.23 0.18 0.19 -1 -1 -1 -1 -1
Evo 1.00 0.00 0.50 0.50 0.50 0.50 0.50 0.04 0.00 0.05 0.20 0.21 -1 1988
Result 0 0.0 2000 0.47 0.22 0.19 0.20 0.20 0.19 -1 -1 -1 -1 -1
Evo 1.00 0.00 0.50 0.50 0.50 0.50 0.50 0.04 0.00 0.01 0.25 0.28 -1 1988
Result 0 1.0 2000 0.45 0.21 0.22 0.18 0.19 0.19 -1 -1 -1 -1 -1
Evo 1.01 0.00 0.50 0.50 0.50 0.50 0.50 0.04 0.00 0.01 0.24 0.28 -1 1988
Result 0 1.0 2000 0.46 0.20 0.19 0.22 0.19 0.21 -1 -1 -1 -1 -1
Evo 1.00 0.00 0.50 0.50 0.50 0.50 0.50 0.04 0.00 0.05 0.21 0.21 -1 1988
Result 0 0.0 2000 0.47 0.20 0.20 0.19 0.20 0.20 -1 -1 -1 -1 -1
Evo 1.02 0.00 0.50 0.50 0.50 0.50 0.50 0.04 0.00 0.01 0.40 0.43 -1 1988
Result 0 4.0 2000 0.45 0.21 0.20 0.21 0.19 0.19 -1 -1 -1 -1 -1
Evo 1.02 0.00 0.50 0.50 0.50 0.50 0.50 0.04 0.00 0.01 0.40 0.43 -1 1988
Result 0 4.0 2000 0.47 0.19 0.20 0.20 0.21 0.20 -1 -1 -1 -1 -1
Evo 1.01 0.00 0.50 0.50 0.50 0.50 0.50 0.04 0.00 0.03 0.40 0.41 -1 1988
Result 0 2.0 2000 0.45 0.19 0.20 0.20 0.19 0.22 -1 -1 -1 -1 -1
Evo 1.00 0.00 0.50 0.50 0.50 0.50 0.50 0.04 0.00 0.01 0.40 0.41 -1 1988
Result 0 2.0 2000 0.47 0.19 0.20 0.20 0.21 0.21 -1 -1 -1 -1 -1
Evo 1.01 0.00 0.50 0.50 0.50 0.50 0.50 0.04 0.00 0.10 0.39 0.42 -1 1988
Result 0 3.0 2000 0.47 0.21 0.19 0.20 0.20 0.19 -1 -1 -1 -1 -1
Evo 1.01 0.00 0.50 0.50 0.50 0.50 0.50 0.04 0.00 0.02 0.40 0.41 -1 1988
Result 0 2.0 2000 0.47 0.20 0.19 0.20 0.21 0.20 -1 -1 -1 -1 -1
Evo 1.01 0.00 0.50 0.50 0.50 0.50 0.50 0.04 0.00 0.10 0.37 0.42 -1 1988
Result 0 3.0 2000 0.46 0.20 0.19 0.21 0.19 0.20 -1 -1 -1 -1 -1
Evo 1.02 0.00 0.50 0.50 0.50 0.50 0.50 0.04 0.00 0.02 0.40 0.43 -1 1988
Result 0 4.0 2000 0.47 0.18 0.21 0.21 0.20 0.20 -1 -1 -1 -1 -1
Evo 1.00 0.00 0.50 0.50 0.50 0.50 0.50 0.04 0.00 0.01 0.39 0.41 -1 1988
Result 0 2.0 2000 0.45 0.21 0.20 0.20 0.18 0.21 -1 -1 -1 -1 -1
Evo 1.01 0.00 0.50 0.50 0.50 0.50 0.50 0.04 0.00 0.01 0.40 0.43 -1 1988
Result 0 4.0 2000 0.46 0.20 0.20 0.20 0.19 0.21 -1 -1 -1 -1 -1
Evo 1.00 0.00 0.50 0.50 0.50 0.50 0.50 0.04 0.00 0.01 0.36 0.41 -1 1988
Result 0 2.0 2000 0.47 0.21 0.20 0.19 0.21 0.19 -1 -1 -1 -1 -1
Evo 1.01 0.00 0.50 0.50 0.50 0.50 0.50 0.04 0.00 0.01 0.38 0.41 -1 1988
Result 0 2.0 2000 0.47 0.19 0.20 0.20 0.21 0.20 -1 -1 -1 -1 -1
Evo 1.02 0.00 0.50 0.50 0.50 0.50 0.50 0.04 0.00 0.07 0.40 0.42 -1 1988
Result 0 3.0 2000 0.46 0.20 0.21 0.19 0.20 0.20 -1 -1 -1 -1 -1
Evo 1.02 0.00 0.50 0.50 0.50 0.50 0.50 0.04 0.00 0.12 0.38 0.42 -1 1988
Result 0 3.0 2000 0.46 0.20 0.19 0.21 0.20 0.19 -1 -1 -1 -1 -1
Evo 1.03 0.00 0.50 0.50 0.50 0.50 0.50 0.04 0.00 0.01 0.40 0.43 -1 1988
Result 0 4.0 2000 0.45 0.18 0.23 0.20 0.19 0.21 -1 -1 -1 -1 -1
Evo 1.02 0.00 0.50 0.50 0.50 0.50 0.50 0.04 0.00 0.02 0.39 0.42 -1 1988
Result 0 3.0 2000 0.47 0.21 0.19 0.19 0.20 0.21 -1 -1 -1 -1 -1
Evo 1.01 0.00 0.50 0.50 0.50 0.50 0.50 0.04 0.00 0.03 0.39 0.42 -1 1988
Result 0 3.0 2000 0.46 0.19 0.18 0.22 0.19 0.22 -1 -1 -1 -1 -1
Evo 1.01 0.00 0.50 0.50 0.50 0.50 0.50 0.04 0.00 0.08 0.38 0.42 -1 1988
Result 0 3.0 2000 0.47 0.20 0.20 0.19 0.21 0.21 -1 -1 -1 -1 -1
Evo 1.01 0.00 0.50 0.50 0.50 0.50 0.50 0.04 0.00 0.32 0.39 0.42 -1 1988
Result 0 3.0 2000 0.46 0.19 0.19 0.21 0.20 0.21 -1 -1 -1 -1 -1
Evo 1.02 0.00 0.50 0.50 0.50 0.50 0.50 0.04 0.00 0.13 0.40 0.42 -1 1988
Result 0 3.0 2000 0.46 0.20 0.21 0.21 0.20 0.19 -1 -1 -1 -1 -1
