Evo 2.18 0.00 1.00 0.99 1.00 1.00 1.00 0.12 0.00 0.01 0.55 1.00 988 28
Result 1 1070.0 1000 0.42 0.15 0.14 0.17 0.15 0.14 0.24 -1 -1 -1 -1
Evo 2.36 0.50 1.00 0.51 0.50 0.50 0.50 0.06 0.00 0.04 0.56 0.92 988 40
Result 1 1065.0 1000 0.42 0.19 0.15 0.16 0.15 0.15 0.19 -1 -1 -1 -1
Evo 2.16 0.50 0.50 0.50 0.50 0.50 0.50 0.00 0.00 0.02 0.17 0.56 -1 15
Result 0 19.0 360 0.34 0.20 0.15 0.15 0.16 0.10 0.24 -1 -1 -1 -1
Evo 2.16 0.50 1.00 0.51 0.50 0.50 0.50 0.06 0.00 0.01 0.52 0.99 988 16
Result 1 1072.0 1000 0.38 0.19 0.15 0.17 0.15 0.13 0.22 -1 -1 -1 -1
Evo 2.45 0.00 0.50 0.48 0.50 0.50 0.50 0.08 0.01 0.03 0.13 0.50 -1 32
Result 0 13.0 255 0.34 0.19 0.14 0.21 0.16 0.10 0.19 -1 -1 -1 -1
Evo 2.07 0.50 0.50 0.50 0.50 0.50 0.50 0.00 0.00 0.15 0.14 0.55 -1 35
Result 0 12.0 200 0.43 0.20 0.17 0.15 0.17 0.07 0.23 -1 -1 -1 -1
Evo 2.42 0.40 0.50 0.50 0.50 0.50 0.50 0.01 0.00 0.07 0.41 0.85 -1 25
Result 0 1048.0 740 0.38 0.15 0.16 0.18 0.16 0.13 0.22 -1 -1 -1 -1
Evo 2.32 0.50 1.00 0.51 0.50 0.50 0.50 0.06 0.00 0.02 0.48 1.00 988 54
Result 1 1070.0 1000 0.40 0.18 0.14 0.14 0.17 0.14 0.22 -1 -1 -1 -1
Evo 2.24 0.40 1.00 0.51 0.50 0.50 0.50 0.06 0.00 0.07 0.50 0.94 988 50
Result 1 1075.0 1000 0.40 0.18 0.16 0.14 0.16 0.14 0.22 -1 -1 -1 -1
Evo 2.25 0.50 1.00 0.51 0.50 0.50 0.50 0.06 0.00 0.07 0.39 0.75 988 37
Result 1 1070.0 1000 0.41 0.18 0.14 0.17 0.16 0.15 0.21 -1 -1 -1 -1
Evo 2.64 0.50 0.50 0.50 0.50 0.50 0.50 0.00 0.00 0.07 0.12 0.40 -1 31
Result 0 15.0 190 0.36 0.16 0.16 0.12 0.14 0.19 0.24 -1 -1 -1 -1
Evo 3.29 0.50 0.50 0.50 0.50 0.50 0.50 0.00 0.00 0.02 0.37 0.98 -1 22
Result 0 40.0 510 0.44 0.16 0.14 0.15 0.17 0.13 0.24 -1 -1 -1 -1
Evo 2.40 0.00 0.50 0.50 0.50 0.50 0.50 0.02 0.00 0.13 0.50 0.99 -1 22
Result 0 1063.0 872 0.40 0.18 0.13 0.17 0.14 0.15 0.23 -1 -1 -1 -1
Evo 2.40 0.50 1.00 0.51 0.50 0.50 0.50 0.06 0.00 0.04 0.50 1.00 988 27
Result 1 1070.0 1000 0.42 0.15 0.15 0.15 0.17 0.16 0.23 -1 -1 -1 -1
Evo 2.85 0.50 1.00 0.51 0.50 0.50 0.50 0.06 0.00 0.02 0.25 0.65 988 11
Result 1 1077.0 1000 0.36 0.16 0.16 0.12 0.16 0.15 0.25 -1 -1 -1 -1
Evo 1.95 0.50 0.50 0.50 0.50 0.50 0.50 0.00 0.00 0.18 0.13 0.56 -1 49
Result 0 9.0 150 0.47 0.15 0.18 0.11 0.17 0.21 0.19 -1 -1 -1 -1
Evo 2.86 0.50 0.50 0.50 0.50 0.50 0.50 0.00 0.00 0.05 0.14 0.49 -1 21
Result 0 18.0 260 0.39 0.17 0.15 0.13 0.16 0.17 0.22 -1 -1 -1 -1
Evo 2.48 0.50 1.00 0.51 0.50 0.50 0.50 0.06 0.00 0.04 0.54 1.00 988 34
Result 1 1066.0 1000 0.40 0.18 0.15 0.15 0.16 0.14 0.22 -1 -1 -1 -1
Evo 2.54 0.30 0.50 0.50 0.50 0.50 0.50 0.01 0.00 0.02 0.34 0.96 -1 21
Result 0 43.0 510 0.42 0.18 0.16 0.15 0.16 0.14 0.21 -1 -1 -1 -1
Evo 3.25 0.00 0.50 0.50 0.50 0.50 0.50 0.04 0.00 0.13 0.14 0.45 -1 41
Result 0 15.0 258 0.42 0.20 0.15 0.10 0.19 0.15 0.20 -1 -1 -1 -1
Evo 2.91 0.50 0.50 0.50 0.50 0.50 0.50 0.00 0.00 0.02 0.19 0.76 -1 61
Result 0 1051.0 550 0.34 0.13 0.17 0.16 0.19 0.11 0.24 -1 -1 -1 -1
Evo 2.43 0.50 0.50 0.50 0.50 0.50 0.50 0.00 0.00 0.04 0.29 0.97 -1 14
Result 0 39.0 400 0.43 0.18 0.14 0.17 0.16 0.11 0.23 -1 -1 -1 -1
Evo 3.36 0.50 0.50 0.50 0.50 0.50 0.50 0.00 0.00 0.02 0.24 0.83 -1 22
Result 0 30.0 350 0.40 0.15 0.18 0.15 0.17 0.12 0.24 -1 -1 -1 -1
Evo 2.44 0.50 0.50 0.50 0.50 0.50 0.50 0.00 0.00 0.04 0.22 0.78 -1 27
Result 0 30.0 330 0.44 0.16 0.16 0.18 0.18 0.11 0.22 -1 -1 -1 -1
Evo 2.57 0.00 0.50 0.50 0.50 0.50 0.50 0.03 0.00 0.04 0.29 0.84 -1 21
Result 0 1049.0 572 0.44 0.15 0.16 0.18 0.16 0.13 0.22 -1 -1 -1 -1
Evo 2.83 0.50 0.50 0.50 0.50 0.50 0.50 0.00 0.00 0.07 0.24 0.82 -1 37
Result 0 1048.0 600 0.41 0.16 0.15 0.17 0.15 0.11 0.25 -1 -1 -1 -1
Evo 2.67 0.50 0.50 0.50 0.50 0.50 0.50 0.00 0.00 0.02 0.29 0.74 -1 25
Result 0 1045.0 520 0.32 0.19 0.15 0.17 0.16 0.09 0.23 -1 -1 -1 -1
Evo 2.63 0.50 1.00 0.51 0.50 0.50 0.50 0.06 0.00 0.02 0.47 0.95 988 40
Result 1 1068.0 1000 0.38 0.17 0.15 0.15 0.15 0.13 0.24 -1 -1 -1 -1
Evo 2.62 0.00 0.50 0.50 0.50 0.50 0.50 0.02 0.00 0.05 0.31 0.86 -1 33
Result 0 1065.0 730 0.43 0.18 0.15 0.15 0.16 0.12 0.24 -1 -1 -1 -1
Evo 2.79 0.50 0.50 0.50 0.50 0.50 0.50 0.00 0.00 0.01 0.22 0.68 -1 47
Result 0 1062.0 690 0.35 0.16 0.16 0.14 0.16 0.11 0.26 -1 -1 -1 -1
Evo 2.35 0.50 0.50 0.50 0.50 0.50 0.50 0.00 0.00 0.08 0.16 0.78 -1 82
Result 0 17.0 170 0.37 0.13 0.13 0.27 0.12 0.14 0.20 -1 -1 -1 -1
Evo 2.40 0.00 0.50 0.50 0.50 0.50 0.50 0.03 0.00 0.04 0.27 0.85 -1 54
Result 0 1047.0 582 0.41 0.17 0.18 0.15 0.16 0.11 0.21 -1 -1 -1 -1
Evo 2.75 0.50 0.50 0.50 0.50 0.50 0.50 0.00 0.00 0.06 0.20 0.71 -1 16
Result 0 33.0 380 0.31 0.17 0.17 0.14 0.17 0.09 0.26 -1 -1 -1 -1
Evo 2.05 0.50 0.50 0.50 0.50 0.50 0.50 0.00 0.00 0.08 0.19 0.72 -1 132
Result 0 1037.0 390 0.43 0.16 0.16 0.15 0.17 0.10 0.26 -1 -1 -1 -1
Evo 2.39 0.50 0.50 0.50 0.50 0.50 0.50 0.00 0.00 0.10 0.25 0.72 -1 81
Result 0 1049.0 500 0.34 0.16 0.15 0.15 0.16 0.10 0.27 -1 -1 -1 -1
Evo 2.52 0.50 0.50 0.50 0.50 0.50 0.50 0.00 0.00 0.02 0.29 0.85 -1 30
Result 0 32.0 350 0.41 0.17 0.19 0.17 0.15 0.12 0.21 -1 -1 -1 -1
Evo 2.91 0.50 0.50 0.50 0.50 0.50 0.50 0.00 0.00 0.05 0.17 0.71 -1 31
Result 0 28.0 300 0.43 0.17 0.16 0.17 0.17 0.11 0.22 -1 -1 -1 -1
Evo 2.40 0.50 0.50 0.50 0.50 0.50 0.50 0.00 0.00 0.03 0.25 0.92 -1 37
Result 0 25.0 260 0.36 0.19 0.15 0.20 0.11 0.11 0.23 -1 -1 -1 -1
Evo 2.09 0.30 0.50 0.50 0.50 0.50 0.50 0.01 0.00 0.05 0.35 0.98 -1 22
Result 0 52.0 600 0.42 0.18 0.16 0.16 0.15 0.12 0.22 -1 -1 -1 -1
Evo 2.09 0.00 0.50 0.50 0.50 0.50 0.50 0.03 0.00 0.05 0.37 0.94 -1 41
Result 0 1045.0 562 0.44 0.21 0.14 0.17 0.13 0.14 0.21 -1 -1 -1 -1
Evo 2.52 0.50 1.00 0.51 0.50 0.50 0.50 0.06 0.00 0.01 0.29 0.61 988 60
Result 1 1053.0 1000 0.38 0.17 0.16 0.13 0.16 0.16 0.21 -1 -1 -1 -1
Evo 2.15 0.50 1.00 0.51 0.50 0.50 0.50 0.06 0.00 0.14 0.47 0.95 988 28
Result 1 1070.0 1000 0.42 0.17 0.15 0.16 0.14 0.16 0.22 -1 -1 -1 -1
Evo 2.27 0.50 0.50 0.50 0.50 0.50 0.50 0.00 0.00 0.03 0.34 0.71 -1 13
Result 0 1057.0 890 0.40 0.19 0.15 0.15 0.14 0.15 0.21 -1 -1 -1 -1
Evo 1.92 0.30 0.50 0.50 0.50 0.50 0.50 0.01 0.00 0.03 0.32 0.85 -1 71
Result 0 1041.0 570 0.42 0.16 0.16 0.12 0.18 0.16 0.22 -1 -1 -1 -1
Evo 2.15 0.50 0.50 0.50 0.50 0.50 0.50 0.00 0.00 0.04 0.41 0.94 -1 1
Result 0 43.0 580 0.39 0.17 0.14 0.17 0.15 0.13 0.24 -1 -1 -1 -1
Evo 1.94 0.50 0.50 0.50 0.50 0.50 0.50 0.00 0.00 0.05 0.30 0.95 -1 14
Result 0 32.0 390 0.46 0.16 0.16 0.15 0.16 0.19 0.18 -1 -1 -1 -1
Evo 2.26 0.50 1.00 0.51 0.50 0.50 0.50 0.06 0.00 0.18 0.35 0.78 988 37
Result 1 1066.0 1000 0.44 0.17 0.15 0.14 0.15 0.17 0.22 -1 -1 -1 -1
Evo 2.34 0.50 1.00 0.51 0.50 0.50 0.50 0.06 0.00 0.01 0.41 0.93 988 91
Result 1 1057.0 1000 0.44 0.14 0.15 0.17 0.16 0.14 0.23 -1 -1 -1 -1
Evo 2.39 0.10 0.50 0.50 0.50 0.50 0.50 0.03 0.00 0.04 0.18 0.56 -1 21
Result 0 14.0 328 0.41 0.13 0.16 0.15 0.17 0.18 0.20 -1 -1 -1 -1
Evo 2.67 0.50 0.50 0.50 0.50 0.50 0.50 0.00 0.00 0.12 0.12 0.61 -1 16
Result 0 5.0 140 0.42 0.16 0.11 0.22 0.16 0.13 0.23 -1 -1 -1 -1
Evo 2.01 0.50 1.00 0.51 0.50 0.50 0.50 0.06 0.00 0.03 0.57 1.01 988 22
Result 1 1063.0 1000 0.42 0.17 0.14 0.16 0.16 0.17 0.21 -1 -1 -1 -1
Evo 2.48 0.50 1.00 0.50 0.50 0.50 0.50 0.03 0.00 0.01 0.40 0.94 988 28
Result 0 1061.0 990 0.43 0.17 0.15 0.16 0.16 0.13 0.23 -1 -1 -1 -1
Evo 2.25 0.50 1.00 0.51 0.50 0.50 0.50 0.06 0.00 0.01 0.41 0.96 988 42
Result 1 1063.0 1000 0.40 0.17 0.13 0.15 0.14 0.18 0.22 -1 -1 -1 -1
Evo 2.23 0.50 0.50 0.50 0.50 0.50 0.50 0.00 0.00 0.01 0.42 0.99 -1 21
Result 0 1065.0 950 0.42 0.17 0.16 0.15 0.16 0.15 0.21 -1 -1 -1 -1
Evo 2.34 0.50 0.50 0.50 0.50 0.50 0.50 0.00 0.00 0.03 0.26 0.94 -1 37
Result 0 30.0 480 0.41 0.20 0.16 0.16 0.15 0.15 0.19 -1 -1 -1 -1
Evo 2.17 0.50 1.00 0.51 0.50 0.50 0.50 0.06 0.00 0.01 0.50 0.96 988 1
Result 1 1057.0 1000 0.43 0.16 0.16 0.16 0.15 0.17 0.20 -1 -1 -1 -1
Evo 2.25 0.50 1.00 0.51 0.50 0.50 0.50 0.06 0.00 0.02 0.45 0.97 988 10
Result 1 1062.0 1000 0.42 0.18 0.15 0.16 0.15 0.15 0.21 -1 -1 -1 -1
Evo 1.93 0.50 1.00 0.51 0.50 0.50 0.50 0.06 0.00 0.15 0.50 1.01 988 36
Result 1 1065.0 1000 0.41 0.15 0.16 0.15 0.14 0.17 0.23 -1 -1 -1 -1
Evo 2.10 0.50 1.00 0.51 0.50 0.50 0.50 0.06 0.00 0.01 0.47 1.01 988 20
Result 1 1065.0 1000 0.40 0.17 0.14 0.14 0.15 0.17 0.22 -1 -1 -1 -1
Evo 2.14 0.50 1.00 0.51 0.50 0.50 0.50 0.06 0.00 0.20 0.52 0.94 988 45
Result 1 1063.0 1000 0.45 0.16 0.15 0.18 0.15 0.17 0.20 -1 -1 -1 -1
Evo 3.35 0.50 0.50 0.50 0.50 0.50 0.50 0.00 0.00 0.14 0.15 0.58 -1 59
Result 0 20.0 260 0.38 0.23 0.15 0.13 0.14 0.12 0.23 -1 -1 -1 -1
Evo 3.26 0.50 0.50 0.50 0.50 0.50 0.50 0.00 0.00 0.06 0.13 0.41 -1 11
Result 0 13.0 210 0.31 0.15 0.17 0.19 0.17 0.09 0.23 -1 -1 -1 -1
Evo 3.40 0.50 0.50 0.50 0.50 0.50 0.50 0.00 0.00 0.09 0.17 0.66 -1 34
Result 0 32.0 350 0.44 0.15 0.16 0.17 0.15 0.13 0.24 -1 -1 -1 -1
Evo 2.17 0.50 1.00 0.51 0.50 0.50 0.50 0.06 0.00 0.01 0.45 0.86 988 89
Result 1 1107.0 1000 0.42 0.16 0.15 0.14 0.16 0.15 0.24 -1 -1 -1 -1
Evo 2.57 0.50 0.50 0.50 0.50 0.50 0.50 0.00 0.00 0.03 0.16 0.58 -1 81
Result 0 20.0 270 0.45 0.11 0.17 0.18 0.15 0.13 0.25 -1 -1 -1 -1
Evo 2.50 0.50 0.50 0.50 0.50 0.50 0.50 0.00 0.00 0.03 0.35 0.92 -1 75
Result 0 1064.0 630 0.40 0.16 0.14 0.18 0.16 0.14 0.23 -1 -1 -1 -1
Evo 2.89 0.50 0.50 0.50 0.50 0.50 0.50 0.00 0.00 0.03 0.13 0.54 -1 5
Result 0 23.0 290 0.30 0.15 0.18 0.16 0.18 0.09 0.25 -1 -1 -1 -1
Evo 2.54 0.50 0.50 0.50 0.50 0.50 0.50 0.00 0.00 0.11 0.14 0.46 -1 21
Result 0 7.0 160 0.29 0.18 0.17 0.22 0.12 0.08 0.22 -1 -1 -1 -1
Evo 2.81 0.50 0.50 0.50 0.50 0.50 0.50 0.00 0.00 0.08 0.36 0.83 -1 44
Result 0 1089.0 900 0.41 0.15 0.14 0.15 0.15 0.15 0.26 -1 -1 -1 -1
Evo 3.01 0.50 0.50 0.50 0.50 0.50 0.50 0.00 0.00 0.10 0.16 0.71 -1 22
Result 0 13.0 220 0.46 0.14 0.18 0.13 0.15 0.19 0.20 -1 -1 -1 -1
Evo 2.63 0.50 1.00 0.51 0.50 0.50 0.50 0.06 0.00 0.01 0.44 0.96 988 20
Result 1 1110.0 1000 0.39 0.18 0.17 0.15 0.15 0.13 0.22 -1 -1 -1 -1
Evo 2.82 0.50 0.50 0.50 0.50 0.50 0.50 0.00 0.00 0.04 0.20 0.56 -1 63
Result 0 39.0 360 0.41 0.17 0.18 0.14 0.15 0.12 0.23 -1 -1 -1 -1
Evo 2.45 0.50 0.50 0.50 0.50 0.50 0.50 0.00 0.00 0.02 0.23 0.77 -1 2
Result 0 25.0 350 0.38 0.16 0.15 0.12 0.13 0.17 0.28 -1 -1 -1 -1
Evo 2.62 0.00 0.50 0.50 0.50 0.50 0.50 0.02 0.00 0.03 0.55 1.01 -1 94
Result 0 1095.0 942 0.42 0.18 0.16 0.15 0.15 0.14 0.22 -1 -1 -1 -1
Evo 2.39 0.00 1.00 0.51 0.50 0.50 0.50 0.06 0.00 0.04 0.48 0.99 988 78
Result 1 1110.0 1000 0.41 0.15 0.17 0.14 0.15 0.16 0.23 -1 -1 -1 -1
Evo 2.36 0.50 1.00 0.51 0.50 0.50 0.50 0.06 0.00 0.03 0.53 1.01 988 1
Result 1 1108.0 1000 0.41 0.16 0.16 0.15 0.14 0.16 0.24 -1 -1 -1 -1
Evo 3.19 0.50 0.50 0.50 0.50 0.50 0.50 0.00 0.00 0.02 0.12 0.44 -1 32
Result 0 35.0 352 0.33 0.16 0.17 0.17 0.15 0.10 0.25 -1 -1 -1 -1
Evo 2.42 0.00 0.50 0.50 0.50 0.50 0.50 0.04 0.00 0.06 0.23 0.72 -1 49
Result 0 18.0 252 0.42 0.13 0.15 0.16 0.17 0.13 0.26 -1 -1 -1 -1
Evo 3.21 0.50 0.50 0.50 0.50 0.50 0.50 0.00 0.00 0.03 0.17 0.60 -1 31
Result 0 23.0 290 0.40 0.17 0.16 0.14 0.16 0.09 0.28 -1 -1 -1 -1
Evo 3.13 0.50 0.50 0.50 0.50 0.50 0.50 0.00 0.00 0.03 0.30 0.70 -1 18
Result 0 1084.0 700 0.41 0.17 0.14 0.17 0.15 0.12 0.25 -1 -1 -1 -1
Evo 2.93 0.50 0.50 0.50 0.50 0.50 0.50 0.00 0.00 0.02 0.23 0.78 -1 44
Result 0 30.0 350 0.44 0.18 0.14 0.12 0.16 0.17 0.23 -1 -1 -1 -1
Evo 2.45 0.50 1.00 0.51 0.50 0.50 0.50 0.06 0.00 0.10 0.42 0.99 988 1
Result 1 1076.0 1000 0.39 0.17 0.17 0.13 0.15 0.15 0.23 -1 -1 -1 -1
Evo 2.01 0.50 0.50 0.50 0.50 0.50 0.50 0.00 0.00 0.01 0.43 0.89 -1 9
Result 0 1064.0 710 0.46 0.16 0.16 0.12 0.15 0.19 0.21 -1 -1 -1 -1
Evo 3.39 0.00 0.50 0.50 0.50 0.50 0.50 0.04 0.00 0.03 0.16 0.70 -1 6
Result 0 28.0 302 0.29 0.18 0.18 0.08 0.16 0.16 0.23 -1 -1 -1 -1
Evo 1.77 0.50 0.50 0.50 0.50 0.50 0.50 0.00 0.00 0.07 0.29 0.98 -1 2
Result 0 34.0 400 0.39 0.17 0.16 0.13 0.14 0.17 0.22 -1 -1 -1 -1
Evo 2.07 0.30 0.50 0.50 0.50 0.50 0.50 0.01 0.00 0.02 0.40 0.98 -1 2
Result 0 53.0 600 0.43 0.14 0.16 0.17 0.17 0.17 0.19 -1 -1 -1 -1
Evo 1.67 0.50 0.50 0.50 0.50 0.50 0.50 0.00 0.00 0.20 0.03 0.30 -1 2
Result 0 0.0 21 0.20 0.18 0.09 0.05 0.18 0.23 0.27 -1 -1 -1 -1
Evo 1.99 0.00 0.50 0.50 0.50 0.50 0.50 0.02 0.00 0.04 0.35 0.92 -1 0
Result 0 43.0 550 0.39 0.16 0.17 0.13 0.17 0.16 0.21 -1 -1 -1 -1
Evo 2.73 0.50 0.50 0.50 0.50 0.50 0.50 0.00 0.00 0.04 0.25 0.82 -1 6
Result 0 1037.0 380 0.44 0.15 0.17 0.12 0.16 0.18 0.22 -1 -1 -1 -1
Evo 2.00 0.00 0.50 0.49 0.50 0.50 0.50 0.05 0.00 0.07 0.16 0.76 -1 24
Result 0 19.0 192 0.47 0.22 0.15 0.10 0.12 0.21 0.21 -1 -1 -1 -1
Evo 1.92 0.50 0.50 0.50 0.50 0.50 0.50 0.00 0.00 0.03 0.29 0.96 -1 39
Result 0 22.0 300 0.47 0.14 0.19 0.15 0.12 0.21 0.18 -1 -1 -1 -1
Evo 2.05 0.50 0.50 0.50 0.50 0.50 0.50 0.00 0.00 0.02 0.40 0.96 -1 7
Result 0 1045.0 590 0.44 0.13 0.17 0.14 0.16 0.17 0.22 -1 -1 -1 -1
Evo 2.20 0.00 0.50 0.50 0.50 0.50 0.50 0.04 0.00 0.07 0.13 0.74 -1 36
Result 0 17.0 171 0.35 0.20 0.18 0.11 0.13 0.19 0.19 -1 -1 -1 -1
Evo 2.22 0.50 0.50 0.50 0.50 0.50 0.50 0.00 0.00 0.05 0.24 0.78 -1 2
Result 0 28.0 300 0.44 0.17 0.17 0.11 0.18 0.17 0.20 -1 -1 -1 -1
Evo 2.72 0.50 0.50 0.50 0.50 0.50 0.50 0.00 0.00 0.04 0.37 0.92 -1 2
Result 0 1060.0 720 0.44 0.17 0.17 0.11 0.17 0.15 0.23 -1 -1 -1 -1
Evo 2.68 0.00 0.50 0.50 0.50 0.50 0.50 0.04 0.00 0.02 0.20 0.70 -1 1
Result 0 1039.0 392 0.42 0.17 0.18 0.09 0.16 0.15 0.26 -1 -1 -1 -1
Evo 1.91 0.30 0.50 0.50 0.50 0.50 0.50 0.01 0.00 0.02 0.37 0.99 -1 35
Result 0 47.0 550 0.44 0.17 0.14 0.13 0.18 0.17 0.21 -1 -1 -1 -1
Evo 2.33 0.50 1.00 0.51 0.50 0.50 0.50 0.06 0.00 0.01 0.44 1.01 988 10
Result 1 1073.0 1000 0.41 0.19 0.15 0.15 0.15 0.16 0.20 -1 -1 -1 -1
Evo 2.13 0.50 1.00 0.51 0.50 0.50 0.50 0.06 0.00 0.01 0.47 1.00 988 12
Result 1 1070.0 1000 0.44 0.15 0.16 0.14 0.15 0.17 0.22 -1 -1 -1 -1
Evo 2.58 0.50 0.50 0.50 0.50 0.50 0.50 0.00 0.00 0.20 0.12 0.50 -1 1
Result 0 13.0 130 0.39 0.18 0.16 0.10 0.14 0.18 0.24 -1 -1 -1 -1
