Evo 1.02 0.00 1.00 0.99 1.00 1.00 1.00 0.09 0.00 0.01 0.07 0.15 -1 3
Result 0 0.0 2000 0.44 0.19 0.17 0.18 0.13 0.16 0.17 -1 -1 -1 -1
Evo 1.10 0.00 1.00 0.99 1.00 1.00 1.00 0.08 0.00 0.03 0.16 0.22 -1 1
Result 0 0.0 2000 0.43 0.18 0.17 0.18 0.14 0.17 0.16 -1 -1 -1 -1
Evo 1.02 0.00 1.00 0.99 1.00 1.00 1.00 0.08 0.00 0.01 0.11 0.16 -1 1
Result 0 0.0 2000 0.44 0.17 0.15 0.19 0.15 0.16 0.17 -1 -1 -1 -1
Evo 1.20 0.00 1.00 0.99 1.00 1.00 1.00 0.08 0.00 0.01 0.05 0.11 -1 0
Result 0 0.0 2000 0.46 0.20 0.17 0.18 0.12 0.16 0.18 -1 -1 -1 -1
Evo 1.23 0.00 1.00 0.99 1.00 1.00 1.00 0.09 0.00 0.01 0.07 0.10 -1 0
Result 0 0.0 2000 0.43 0.16 0.16 0.17 0.15 0.17 0.18 -1 -1 -1 -1
Evo 1.05 0.00 1.00 0.99 1.00 1.00 1.00 0.09 0.00 0.01 0.09 0.17 -1 1
Result 0 0.0 2000 0.46 0.19 0.16 0.15 0.16 0.17 0.16 -1 -1 -1 -1
Evo 1.06 0.00 1.00 0.99 1.00 1.00 1.00 0.08 0.00 0.01 0.20 0.36 -1 1
Result 0 0.0 2000 0.45 0.18 0.15 0.18 0.15 0.17 0.17 -1 -1 -1 -1
Evo 1.61 0.00 1.00 0.99 1.00 1.00 1.00 0.08 0.00 0.16 0.14 0.22 -1 1
Result 0 0.0 1998 0.39 0.21 0.13 0.16 0.13 0.17 0.19 -1 -1 -1 -1
Evo 1.06 0.00 1.00 0.99 1.00 1.00 1.00 0.08 0.00 0.01 0.12 0.21 -1 1
Result 0 0.0 2000 0.43 0.17 0.16 0.17 0.14 0.18 0.17 -1 -1 -1 -1
Evo 1.01 0.00 1.00 0.99 1.00 1.00 1.00 0.08 0.00 0.05 0.06 0.11 -1 1
Result 0 0.0 2000 0.44 0.18 0.18 0.19 0.13 0.15 0.18 -1 -1 -1 -1
Evo 1.02 0.00 1.00 0.99 1.00 1.00 1.00 0.08 0.00 0.01 0.05 0.13 -1 0
Result 0 0.0 2000 0.43 0.19 0.16 0.18 0.12 0.17 0.18 -1 -1 -1 -1
Evo 1.01 0.00 1.00 0.99 1.00 1.00 1.00 0.08 0.00 0.01 0.04 0.09 -1 1
Result 0 0.0 2000 0.46 0.17 0.19 0.19 0.12 0.17 0.17 -1 -1 -1 -1
Evo 1.54 0.00 1.00 0.99 1.00 1.00 1.00 0.09 0.00 0.16 0.20 0.28 -1 1
Result 0 0.0 2000 0.46 0.19 0.14 0.17 0.14 0.17 0.18 -1 -1 -1 -1
Evo 1.03 0.00 1.00 0.99 1.00 1.00 1.00 0.08 0.00 0.01 0.13 0.22 -1 0
Result 0 0.0 2000 0.43 0.17 0.18 0.18 0.15 0.15 0.17 -1 -1 -1 -1
Evo 1.05 0.00 1.00 0.99 1.00 1.00 1.00 0.08 0.00 0.05 0.09 0.19 -1 1
Result 0 0.0 2000 0.45 0.19 0.17 0.17 0.15 0.17 0.17 -1 -1 -1 -1
Evo 1.02 0.00 1.00 0.99 1.00 1.00 1.00 0.08 0.00 0.05 0.06 0.12 -1 2
Result 0 0.0 2000 0.44 0.19 0.17 0.18 0.11 0.18 0.17 -1 -1 -1 -1
Evo 1.12 0.00 1.00 0.99 1.00 1.00 1.00 0.08 0.00 0.01 0.21 0.28 -1 1
Result 0 0.0 2000 0.44 0.18 0.16 0.17 0.15 0.17 0.17 -1 -1 -1 -1
Evo 1.32 0.00 1.00 0.99 1.00 1.00 1.00 0.07 0.00 0.14 0.10 0.18 -1 1
Result 0 0.0 1995 0.47 0.20 0.14 0.17 0.13 0.18 0.17 -1 -1 -1 -1
Evo 1.11 0.00 1.00 0.99 1.00 1.00 1.00 0.08 0.00 0.03 0.14 0.20 -1 1
Result 0 0.0 2000 0.42 0.19 0.16 0.17 0.15 0.16 0.17 -1 -1 -1 -1
Evo 1.16 0.00 1.00 0.99 1.00 1.00 1.00 0.08 0.00 0.01 0.11 0.16 -1 0
Result 0 0.0 2000 0.45 0.18 0.15 0.17 0.14 0.17 0.18 -1 -1 -1 -1
Evo 1.16 0.00 1.00 0.99 1.00 1.00 1.00 0.08 0.00 0.01 0.05 0.08 -1 65
Result 0 0.0 2000 0.44 0.18 0.11 0.18 0.18 0.17 0.18 -1 -1 -1 -1
Evo 1.04 0.00 1.00 0.99 1.00 1.00 1.00 0.08 0.00 0.05 0.16 0.26 -1 144
Result 0 0.0 2000 0.44 0.18 0.16 0.14 0.19 0.16 0.17 -1 -1 -1 -1
Evo 1.01 0.00 1.00 0.93 1.00 1.00 1.00 0.24 0.02 0.07 0.03 0.06 -1 111
Result 0 0.0 173 0.39 0.16 0.14 0.21 0.16 0.17 0.17 -1 -1 -1 -1
Evo 1.07 0.00 1.00 0.98 1.00 1.00 1.00 0.14 0.01 0.11 0.11 0.19 -1 40
Result 0 0.0 634 0.44 0.18 0.16 0.16 0.15 0.18 0.17 -1 -1 -1 -1
Evo 1.06 0.00 1.00 0.99 1.00 1.00 1.00 0.08 0.00 0.01 0.12 0.20 -1 108
Result 0 0.0 2000 0.45 0.19 0.14 0.16 0.17 0.18 0.17 -1 -1 -1 -1
Evo 1.06 0.00 1.00 0.99 1.00 1.00 1.00 0.08 0.00 0.05 0.19 0.33 -1 31
Result 0 0.0 2000 0.44 0.17 0.15 0.16 0.17 0.17 0.18 -1 -1 -1 -1
Evo 1.10 0.00 1.00 0.99 1.00 1.00 1.00 0.08 0.00 0.01 0.13 0.21 -1 71
Result 0 0.0 2000 0.44 0.18 0.15 0.16 0.16 0.18 0.18 -1 -1 -1 -1
Evo 1.07 0.00 1.00 0.99 1.00 1.00 1.00 0.08 0.00 0.01 0.21 0.31 -1 63
Result 0 0.0 1611 0.42 0.17 0.16 0.18 0.15 0.17 0.17 -1 -1 -1 -1
Evo 1.20 0.00 1.00 0.99 1.00 1.00 1.00 0.08 0.00 0.01 0.04 0.07 -1 62
Result 0 0.0 2000 0.46 0.20 0.10 0.18 0.16 0.17 0.19 -1 -1 -1 -1
Evo 1.22 0.00 1.00 0.99 1.00 1.00 1.00 0.08 0.00 0.01 0.05 0.08 -1 27
Result 0 0.0 2000 0.46 0.20 0.10 0.17 0.17 0.17 0.20 -1 -1 -1 -1
Evo 1.15 0.00 1.00 0.99 1.00 1.00 1.00 0.08 0.00 0.05 0.06 0.08 -1 56
Result 0 0.0 2000 0.45 0.19 0.12 0.18 0.18 0.17 0.17 -1 -1 -1 -1
Evo 1.08 0.00 1.00 0.99 1.00 1.00 1.00 0.08 0.00 0.01 0.13 0.18 -1 59
Result 0 0.0 2000 0.43 0.17 0.15 0.17 0.16 0.17 0.17 -1 -1 -1 -1
Evo 1.03 0.00 1.00 0.99 1.00 1.00 1.00 0.08 0.00 0.05 0.24 0.35 -1 70
Result 0 0.0 2000 0.43 0.18 0.17 0.15 0.17 0.16 0.17 -1 -1 -1 -1
Evo 1.14 0.00 1.00 0.99 1.00 1.00 1.00 0.08 0.00 0.05 0.10 0.18 -1 121
Result 0 0.0 2000 0.37 0.18 0.12 0.17 0.17 0.17 0.19 -1 -1 -1 -1
Evo 1.20 0.00 1.00 0.99 1.00 1.00 1.00 0.08 0.00 0.05 0.04 0.08 -1 36
Result 0 0.0 2000 0.47 0.21 0.09 0.18 0.18 0.16 0.19 -1 -1 -1 -1
Evo 1.18 0.00 1.00 0.99 1.00 1.00 1.00 0.08 0.00 0.01 0.05 0.08 -1 58
Result 0 0.0 2000 0.45 0.19 0.10 0.18 0.18 0.16 0.20 -1 -1 -1 -1
Evo 1.11 0.00 1.00 0.99 1.00 1.00 1.00 0.08 0.00 0.01 0.12 0.19 -1 40
Result 0 0.0 2000 0.39 0.18 0.13 0.17 0.18 0.17 0.17 -1 -1 -1 -1
Evo 1.10 0.00 1.00 0.99 1.00 1.00 1.00 0.08 0.00 0.05 0.21 0.37 -1 50
Result 0 0.0 2000 0.40 0.18 0.14 0.17 0.16 0.16 0.18 -1 -1 -1 -1
Evo 1.13 0.00 1.00 0.99 1.00 1.00 1.00 0.08 0.00 0.04 0.13 0.19 -1 193
Result 0 0.0 1999 0.44 0.18 0.13 0.18 0.16 0.18 0.17 -1 -1 -1 -1
Evo 1.05 0.00 1.00 0.99 1.00 1.00 1.00 0.08 0.00 0.01 0.28 0.38 -1 37
Result 0 0.0 2000 0.40 0.17 0.14 0.16 0.18 0.18 0.17 -1 -1 -1 -1
Evo 1.04 0.00 1.00 0.99 1.00 1.00 1.00 0.08 0.00 0.01 0.16 0.27 -1 1
Result 0 0.0 2000 0.46 0.19 0.16 0.15 0.15 0.16 0.18 -1 -1 -1 -1
Evo 1.02 0.00 1.00 0.99 1.00 1.00 1.00 0.08 0.00 0.05 0.09 0.15 -1 0
Result 0 0.0 2000 0.45 0.18 0.14 0.19 0.15 0.16 0.19 -1 -1 -1 -1
Evo 1.04 0.00 1.00 0.99 1.00 1.00 1.00 0.08 0.00 0.01 0.08 0.12 -1 0
Result 0 0.0 2000 0.42 0.16 0.15 0.18 0.15 0.17 0.19 -1 -1 -1 -1
Evo 1.02 0.00 1.00 0.99 1.00 1.00 1.00 0.08 0.00 0.05 0.10 0.19 -1 1
Result 0 0.0 2000 0.44 0.18 0.15 0.18 0.14 0.17 0.19 -1 -1 -1 -1
Evo 1.26 0.00 1.00 0.99 1.00 1.00 1.00 0.08 0.00 0.01 0.04 0.07 -1 0
Result 0 0.0 2000 0.32 0.20 0.09 0.19 0.17 0.15 0.19 -1 -1 -1 -1
Evo 1.04 0.00 1.00 0.46 0.00 0.00 1.00 0.50 0.10 0.49 0.03 0.08 -1 0
Result 0 0.0 24 0.29 0.08 -1 0.24 0.36 0.12 0.20 -1 -1 -1 -1
Evo 1.10 0.00 1.00 0.99 1.00 1.00 1.00 0.10 0.00 0.01 0.12 0.19 -1 0
Result 0 0.0 1381 0.45 0.18 0.16 0.16 0.14 0.18 0.18 -1 -1 -1 -1
Evo 1.04 0.00 1.00 0.99 1.00 1.00 1.00 0.08 0.00 0.05 0.11 0.23 -1 0
Result 0 0.0 2000 0.45 0.19 0.15 0.17 0.16 0.16 0.17 -1 -1 -1 -1
Evo 1.02 0.00 1.00 0.99 1.00 1.00 1.00 0.08 0.00 0.05 0.10 0.16 -1 1
Result 0 0.0 2000 0.42 0.16 0.16 0.18 0.16 0.16 0.18 -1 -1 -1 -1
Evo 1.05 0.00 1.00 0.99 1.00 1.00 1.00 0.08 0.00 0.05 0.13 0.20 -1 0
Result 0 0.0 2000 0.41 0.19 0.15 0.16 0.15 0.16 0.19 -1 -1 -1 -1
Evo 1.02 0.00 1.00 0.99 1.00 1.00 1.00 0.08 0.00 0.05 0.13 0.19 -1 0
Result 0 0.0 2000 0.41 0.17 0.15 0.17 0.15 0.17 0.18 -1 -1 -1 -1
Evo 1.89 0.00 1.00 0.99 1.00 1.00 1.00 0.08 0.00 0.17 0.05 0.09 -1 0
Result 0 0.0 1998 0.46 0.19 0.12 0.17 0.13 0.17 0.21 -1 -1 -1 -1
Evo 1.03 0.00 1.00 0.99 1.00 1.00 1.00 0.08 0.00 0.05 0.06 0.11 -1 1
Result 0 0.0 2000 0.46 0.19 0.12 0.19 0.15 0.16 0.18 -1 -1 -1 -1
Evo 1.02 0.00 1.00 0.99 1.00 1.00 1.00 0.08 0.00 0.05 0.06 0.12 -1 1
Result 0 0.0 2000 0.40 0.18 0.14 0.18 0.15 0.16 0.19 -1 -1 -1 -1
Evo 1.03 0.00 1.00 0.99 1.00 1.00 1.00 0.08 0.00 0.01 0.06 0.11 -1 0
Result 0 0.0 2000 0.37 0.18 0.12 0.20 0.17 0.15 0.17 -1 -1 -1 -1
Evo 1.05 0.00 1.00 0.99 1.00 1.00 1.00 0.08 0.00 0.05 0.12 0.21 -1 1
Result 0 0.0 2000 0.44 0.17 0.16 0.14 0.16 0.17 0.19 -1 -1 -1 -1
Evo 1.03 0.00 1.00 0.99 1.00 1.00 1.00 0.08 0.00 0.05 0.09 0.14 -1 1
Result 0 0.0 2000 0.41 0.18 0.15 0.17 0.15 0.16 0.19 -1 -1 -1 -1
Evo 1.10 0.00 1.00 0.99 1.00 1.00 1.00 0.09 0.00 0.01 0.14 0.24 -1 0
Result 0 0.0 2000 0.41 0.18 0.15 0.17 0.14 0.18 0.18 -1 -1 -1 -1
Evo 1.03 0.00 1.00 0.99 1.00 1.00 1.00 0.08 0.00 0.01 0.08 0.16 -1 0
Result 0 0.0 2000 0.40 0.19 0.14 0.19 0.15 0.16 0.18 -1 -1 -1 -1
Evo 1.05 0.00 1.00 0.82 1.00 1.00 1.00 0.38 0.04 0.08 0.04 0.09 -1 0
Result 0 0.0 76 0.47 0.22 0.21 0.17 0.06 0.17 0.17 -1 -1 -1 -1
Evo 1.00 0.00 1.00 0.99 1.00 1.00 1.00 0.08 0.00 0.05 0.14 0.27 -1 9
Result 0 0.0 2000 0.43 0.16 0.17 0.17 0.15 0.17 0.18 -1 -1 -1 -1
Evo 1.00 0.00 1.00 0.99 1.00 1.00 1.00 0.08 0.00 0.05 0.10 0.16 -1 133
Result 0 0.0 2000 0.42 0.17 0.16 0.17 0.15 0.18 0.17 -1 -1 -1 -1
Evo 1.00 0.00 1.00 0.99 1.00 1.00 1.00 0.08 0.00 0.05 0.08 0.13 -1 347
Result 0 0.0 2000 0.43 0.17 0.17 0.17 0.16 0.17 0.17 -1 -1 -1 -1
Evo 1.00 0.00 1.00 0.99 1.00 1.00 1.00 0.08 0.00 0.05 0.10 0.14 -1 31
Result 0 0.0 2000 0.43 0.17 0.17 0.16 0.16 0.17 0.17 -1 -1 -1 -1
Evo 1.00 0.00 1.00 0.99 1.00 1.00 1.00 0.08 0.00 0.05 0.09 0.13 -1 83
Result 0 0.0 2000 0.44 0.17 0.18 0.16 0.17 0.16 0.16 -1 -1 -1 -1
Evo 1.00 0.00 1.00 0.99 1.00 1.00 1.00 0.08 0.00 0.05 0.11 0.13 -1 31
Result 0 0.0 2000 0.43 0.17 0.16 0.18 0.15 0.18 0.17 -1 -1 -1 -1
Evo 1.00 0.00 1.00 0.99 1.00 1.00 1.00 0.08 0.00 0.05 0.15 0.27 -1 75
Result 0 0.0 2000 0.43 0.17 0.16 0.17 0.15 0.18 0.16 -1 -1 -1 -1
Evo 1.00 0.00 1.00 0.99 1.00 1.00 1.00 0.08 0.00 0.05 0.10 0.14 -1 27
Result 0 0.0 2000 0.44 0.17 0.17 0.17 0.16 0.16 0.17 -1 -1 -1 -1
Evo 1.03 0.00 1.00 0.99 1.00 1.00 1.00 0.08 0.00 0.05 0.12 0.14 -1 16
Result 0 0.0 2000 0.44 0.18 0.17 0.17 0.15 0.16 0.18 -1 -1 -1 -1
Evo 1.00 0.00 1.00 0.99 1.00 1.00 1.00 0.08 0.00 0.05 0.05 0.11 -1 562
Result 0 0.0 2000 0.43 0.16 0.17 0.18 0.16 0.16 0.17 -1 -1 -1 -1
Evo 1.00 0.00 1.00 0.99 1.00 1.00 1.00 0.08 0.00 0.05 0.06 0.12 -1 290
Result 0 0.0 2000 0.44 0.17 0.18 0.17 0.16 0.16 0.16 -1 -1 -1 -1
Evo 1.00 0.00 1.00 0.99 1.00 1.00 1.00 0.08 0.00 0.05 0.13 0.23 -1 140
Result 0 0.0 2000 0.43 0.18 0.17 0.18 0.15 0.17 0.16 -1 -1 -1 -1
Evo 1.00 0.00 1.00 0.99 1.00 1.00 1.00 0.08 0.00 0.05 0.09 0.14 -1 122
Result 0 0.0 2000 0.44 0.17 0.17 0.17 0.15 0.17 0.17 -1 -1 -1 -1
Evo 1.00 0.00 1.00 0.99 1.00 1.00 1.00 0.08 0.00 0.05 0.19 0.31 -1 16
Result 0 0.0 2000 0.41 0.15 0.15 0.19 0.16 0.17 0.18 -1 -1 -1 -1
Evo 1.00 0.00 1.00 0.99 1.00 1.00 1.00 0.08 0.00 0.05 0.14 0.27 -1 46
Result 0 0.0 2000 0.43 0.17 0.17 0.16 0.17 0.17 0.16 -1 -1 -1 -1
Evo 1.00 0.00 1.00 0.99 1.00 1.00 1.00 0.08 0.00 0.05 0.19 0.29 -1 353
Result 0 0.0 2000 0.43 0.17 0.17 0.16 0.17 0.15 0.17 -1 -1 -1 -1
Evo 1.00 0.00 1.00 0.99 1.00 1.00 1.00 0.08 0.00 0.05 0.10 0.13 -1 167
Result 0 0.0 2000 0.43 0.16 0.17 0.16 0.17 0.17 0.16 -1 -1 -1 -1
Evo 1.00 0.00 1.00 0.99 1.00 1.00 1.00 0.08 0.00 0.05 0.20 0.31 -1 20
Result 0 0.0 2000 0.45 0.18 0.15 0.15 0.18 0.16 0.19 -1 -1 -1 -1
Evo 1.00 0.00 1.00 0.99 1.00 1.00 1.00 0.08 0.00 0.05 0.11 0.14 -1 63
Result 0 0.0 2000 0.44 0.17 0.17 0.17 0.15 0.18 0.16 -1 -1 -1 -1
Evo 1.00 0.00 1.00 0.99 1.00 1.00 1.00 0.08 0.00 0.05 0.09 0.13 -1 36
Result 0 0.0 2000 0.44 0.16 0.18 0.15 0.18 0.17 0.17 -1 -1 -1 -1
Evo 1.05 0.00 1.00 1.00 1.00 1.00 1.00 0.07 0.00 0.04 0.10 0.11 -1 1
Result 0 0.0 1996 0.44 0.18 0.15 0.18 0.15 0.17 0.18 -1 -1 -1 -1
Evo 1.03 0.00 1.00 0.99 1.00 1.00 1.00 0.08 0.00 0.05 0.08 0.11 -1 1
Result 0 0.0 2000 0.43 0.17 0.15 0.17 0.15 0.19 0.17 -1 -1 -1 -1
Evo 1.04 0.00 1.00 0.99 1.00 1.00 1.00 0.08 0.00 0.05 0.09 0.11 -1 1
Result 0 0.0 2000 0.43 0.19 0.17 0.15 0.13 0.18 0.18 -1 -1 -1 -1
Evo 1.03 0.00 1.00 0.99 1.00 1.00 1.00 0.08 0.00 0.05 0.10 0.11 -1 0
Result 0 0.0 2000 0.45 0.18 0.15 0.15 0.14 0.19 0.18 -1 -1 -1 -1
Evo 1.04 0.00 1.00 0.99 1.00 1.00 1.00 0.08 0.00 0.05 0.10 0.11 -1 1
Result 0 0.0 2000 0.44 0.17 0.17 0.16 0.15 0.17 0.18 -1 -1 -1 -1
Evo 1.03 0.00 1.00 0.99 1.00 1.00 1.00 0.08 0.00 0.05 0.10 0.11 -1 1
Result 0 0.0 2000 0.42 0.18 0.16 0.18 0.14 0.18 0.17 -1 -1 -1 -1
Evo 1.03 0.00 1.00 0.99 1.00 1.00 1.00 0.08 0.00 0.05 0.09 0.11 -1 1
Result 0 0.0 2000 0.44 0.17 0.15 0.18 0.14 0.18 0.18 -1 -1 -1 -1
Evo 1.01 0.00 1.00 0.99 1.00 1.00 1.00 0.08 0.00 0.01 0.09 0.11 -1 0
Result 0 0.0 2000 0.44 0.19 0.17 0.17 0.15 0.17 0.16 -1 -1 -1 -1
Evo 1.03 0.00 1.00 0.99 1.00 1.00 1.00 0.08 0.00 0.01 0.13 0.17 -1 2
Result 0 0.0 2000 0.41 0.19 0.15 0.17 0.16 0.16 0.17 -1 -1 -1 -1
Evo 1.03 0.00 1.00 1.00 1.00 1.00 1.00 0.06 0.00 0.03 0.10 0.11 -1 1
Result 0 0.0 1995 0.42 0.19 0.16 0.14 0.15 0.17 0.19 -1 -1 -1 -1
Evo 1.02 0.00 1.00 0.99 1.00 1.00 1.00 0.08 0.00 0.05 0.10 0.11 -1 2
Result 0 0.0 2000 0.44 0.17 0.17 0.17 0.16 0.16 0.17 -1 -1 -1 -1
Evo 1.02 0.00 1.00 0.99 1.00 1.00 1.00 0.08 0.00 0.01 0.08 0.11 -1 1
Result 0 0.0 2000 0.45 0.18 0.16 0.14 0.14 0.19 0.19 -1 -1 -1 -1
Evo 1.03 0.00 1.00 0.99 1.00 1.00 1.00 0.08 0.00 0.01 0.11 0.11 -1 1
Result 0 0.0 2000 0.43 0.17 0.16 0.16 0.15 0.18 0.20 -1 -1 -1 -1
Evo 1.01 0.00 1.00 0.99 1.00 1.00 1.00 0.08 0.00 0.05 0.09 0.11 -1 3
Result 0 0.0 2000 0.44 0.17 0.16 0.15 0.15 0.17 0.18 -1 -1 -1 -1
Evo 1.02 0.00 1.00 0.99 1.00 1.00 1.00 0.08 0.00 0.05 0.10 0.11 -1 1
Result 0 0.0 2000 0.43 0.18 0.17 0.16 0.15 0.17 0.17 -1 -1 -1 -1
Evo 1.06 0.00 1.00 0.99 1.00 1.00 1.00 0.08 0.00 0.01 0.13 0.19 -1 1
Result 0 0.0 2000 0.41 0.16 0.15 0.17 0.19 0.16 0.16 -1 -1 -1 -1
Evo 1.05 0.00 1.00 0.99 1.00 1.00 1.00 0.08 0.00 0.05 0.10 0.11 -1 1
Result 0 0.0 2000 0.40 0.18 0.14 0.17 0.15 0.19 0.16 -1 -1 -1 -1
Evo 1.04 0.00 1.00 0.99 1.00 1.00 1.00 0.08 0.00 0.05 0.09 0.11 -1 1
Result 0 0.0 2000 0.44 0.18 0.15 0.16 0.14 0.19 0.17 -1 -1 -1 -1
Evo 1.03 0.00 1.00 0.99 1.00 1.00 1.00 0.08 0.00 0.05 0.11 0.11 -1 1
Result 0 0.0 2000 0.42 0.19 0.16 0.17 0.13 0.17 0.18 -1 -1 -1 -1
Evo 1.02 0.00 1.00 0.99 1.00 1.00 1.00 0.08 0.00 0.01 0.09 0.11 -1 0
Result 0 0.0 2000 0.42 0.16 0.17 0.17 0.15 0.19 0.17 -1 -1 -1 -1
