Evo 1.64 0.00 1.00 0.91 1.00 1.00 1.00 0.27 0.03 0.08 0.04 0.16 -1 19
Result 0 3.0 77 0.36 0.22 0.12 0.22 0.22 0.08 0.15 -1 -1 -1 -1
Evo 1.06 0.00 1.00 0.99 1.00 1.00 1.00 0.08 0.00 0.04 0.18 0.29 -1 514
Result 0 12.0 2000 0.45 0.15 0.18 0.18 0.16 0.16 0.16 -1 -1 -1 -1
Evo 1.02 0.00 1.00 0.99 1.00 1.00 1.00 0.08 0.00 0.01 0.15 0.33 -1 23
Result 0 4.0 2000 0.43 0.17 0.16 0.17 0.17 0.17 0.16 -1 -1 -1 -1
Evo 1.02 1.00 1.00 1.00 1.00 1.00 1.00 0.00 0.00 0.03 0.06 0.18 -1 27
Result 0 3.0 245 0.37 0.18 0.12 0.14 0.21 0.16 0.19 -1 -1 -1 -1
Evo 1.07 0.00 1.00 1.00 1.00 1.00 1.00 0.06 0.00 0.11 0.07 0.19 -1 10
Result 0 3.0 246 0.42 0.15 0.15 0.17 0.19 0.13 0.21 -1 -1 -1 -1
Evo 1.01 0.00 1.00 0.99 1.00 1.00 1.00 0.08 0.00 0.01 0.14 0.32 -1 94
Result 0 6.0 2000 0.42 0.17 0.15 0.16 0.17 0.18 0.16 -1 -1 -1 -1
Evo 1.27 0.00 1.00 0.99 1.00 1.00 1.00 0.08 0.01 0.05 0.06 0.24 -1 59
Result 0 3.0 150 0.40 0.14 0.17 0.10 0.23 0.20 0.17 -1 -1 -1 -1
Evo 1.06 0.00 1.00 1.00 1.00 1.00 1.00 0.06 0.00 0.19 0.07 0.16 -1 7
Result 0 3.0 314 0.43 0.17 0.16 0.18 0.15 0.19 0.15 -1 -1 -1 -1
Evo 1.06 0.00 1.00 1.00 1.00 1.00 1.00 0.05 0.00 0.02 0.06 0.17 -1 18
Result 0 3.0 490 0.43 0.18 0.16 0.16 0.16 0.13 0.21 -1 -1 -1 -1
Evo 1.03 1.00 1.00 1.00 1.00 1.00 1.00 0.00 0.00 0.13 0.09 0.27 -1 46
Result 0 3.0 423 0.44 0.17 0.17 0.17 0.15 0.18 0.16 -1 -1 -1 -1
Evo 1.10 1.00 1.00 1.00 1.00 1.00 1.00 0.00 0.00 0.04 0.18 0.38 -1 37
Result 0 7.0 1189 0.41 0.17 0.15 0.16 0.17 0.17 0.18 -1 -1 -1 -1
Evo 1.18 1.00 1.00 1.00 1.00 1.00 1.00 0.00 0.00 0.11 0.10 0.20 -1 17
Result 0 3.0 719 0.40 0.18 0.14 0.18 0.18 0.15 0.18 -1 -1 -1 -1
Evo 1.10 1.00 1.00 1.00 1.00 1.00 1.00 0.00 0.00 0.12 0.07 0.20 -1 19
Result 0 3.0 279 0.42 0.15 0.16 0.21 0.16 0.14 0.17 -1 -1 -1 -1
Evo 1.06 0.00 1.00 0.99 1.00 1.00 1.00 0.08 0.00 0.03 0.30 0.47 -1 27
Result 0 17.0 2000 0.44 0.15 0.17 0.16 0.19 0.17 0.16 -1 -1 -1 -1
Evo 1.05 1.00 1.00 1.00 1.00 1.00 1.00 0.00 0.00 0.02 0.08 0.19 -1 14
Result 0 3.0 545 0.43 0.18 0.17 0.17 0.16 0.16 0.17 -1 -1 -1 -1
Evo 1.02 0.00 1.00 0.99 1.00 1.00 1.00 0.08 0.00 0.03 0.22 0.35 -1 19
Result 0 6.0 2000 0.43 0.16 0.17 0.17 0.16 0.17 0.17 -1 -1 -1 -1
Evo 1.08 1.00 1.00 1.00 1.00 1.00 1.00 0.00 0.00 0.05 0.08 0.29 -1 57
Result 0 5.0 465 0.46 0.20 0.16 0.17 0.15 0.17 0.15 -1 -1 -1 -1
Evo 1.01 1.00 1.00 1.00 1.00 1.00 1.00 0.00 0.00 0.05 0.06 0.22 -1 63
Result 0 3.0 155 0.39 0.13 0.19 0.18 0.23 0.13 0.13 -1 -1 -1 -1
Evo 1.01 0.00 1.00 0.99 1.00 1.00 1.00 0.08 0.00 0.01 0.15 0.28 -1 13
Result 0 10.0 2000 0.43 0.17 0.17 0.15 0.16 0.18 0.16 -1 -1 -1 -1
Evo 1.12 1.00 1.00 1.00 1.00 1.00 1.00 0.00 0.00 0.03 0.08 0.22 -1 57
Result 0 3.0 523 0.39 0.18 0.14 0.17 0.17 0.16 0.17 -1 -1 -1 -1
Evo 1.50 1.00 1.00 1.00 1.00 1.00 1.00 0.00 0.00 0.01 0.13 0.36 -1 1
Result 0 19.0 651 0.43 0.17 0.18 0.14 0.18 0.18 0.15 -1 -1 -1 -1
Evo 1.13 0.00 1.00 0.99 1.00 1.00 1.00 0.08 0.00 0.01 0.25 0.36 -1 1
Result 0 21.0 2000 0.42 0.16 0.16 0.17 0.17 0.17 0.17 -1 -1 -1 -1
Evo 1.61 0.75 1.00 1.00 1.00 1.00 1.00 0.01 0.00 0.07 0.13 0.46 278 8
Result 1 20.0 289 0.37 0.12 0.21 0.14 0.16 0.21 0.16 -1 -1 -1 -1
Evo 1.58 0.50 0.50 0.50 0.50 0.50 0.50 0.00 0.00 0.02 0.14 0.27 -1 10
Result 0 19.0 509 0.41 0.20 0.15 0.17 0.15 0.16 0.18 -1 -1 -1 -1
Evo 1.23 0.00 0.50 0.50 0.50 0.50 0.50 0.04 0.00 0.04 0.06 0.19 -1 7
Result 0 9.0 198 0.42 0.15 0.16 0.16 0.21 0.17 0.17 -1 -1 -1 -1
Evo 1.51 0.50 0.50 0.50 0.50 0.50 0.50 0.00 0.00 0.09 0.05 0.22 -1 3
Result 0 11.0 63 0.44 0.17 0.23 0.16 0.05 0.20 0.19 -1 -1 -1 -1
Evo 1.08 0.50 1.00 0.50 0.50 0.50 0.50 0.03 0.00 0.06 0.23 0.51 1612 37
Result 1 21.0 1620 0.43 0.18 0.16 0.15 0.17 0.16 0.16 -1 -1 -1 -1
Evo 4.57 0.50 0.50 0.50 0.50 0.50 0.50 0.00 0.00 0.19 0.03 0.15 -1 4
Result 0 5.0 23 0.43 0.17 0.17 0.08 0.13 0.25 0.21 -1 -1 -1 -1
Evo 2.16 0.00 0.50 0.48 0.50 0.50 0.50 0.09 0.02 0.15 0.03 0.17 -1 4
Result 0 5.0 32 0.25 0.06 0.33 0.12 0.09 0.21 0.18 -1 -1 -1 -1
Evo 3.12 0.50 0.50 0.50 0.50 0.50 0.50 0.00 0.00 0.24 0.03 0.15 -1 3
Result 0 7.0 33 0.41 0.15 0.24 0.15 0.03 0.24 0.21 -1 -1 -1 -1
Evo 1.59 0.50 1.00 0.51 0.50 0.50 0.50 0.07 0.00 0.02 0.13 0.40 430 7
Result 1 18.0 486 0.43 0.17 0.19 0.14 0.16 0.18 0.16 -1 -1 -1 -1
Evo 1.70 0.00 0.50 0.49 0.50 0.50 0.50 0.05 0.01 0.13 0.06 0.30 -1 6
Result 0 9.0 86 0.46 0.20 0.15 0.16 0.10 0.24 0.15 -1 -1 -1 -1
Evo 1.10 0.00 0.50 0.50 0.50 0.50 0.50 0.01 0.00 0.01 0.19 0.45 -1 1
Result 0 20.0 1122 0.44 0.17 0.16 0.15 0.18 0.16 0.17 -1 -1 -1 -1
Evo 1.16 0.50 0.50 0.50 0.50 0.50 0.50 0.00 0.00 0.15 0.14 0.30 -1 4
Result 0 19.0 439 0.44 0.18 0.16 0.18 0.16 0.18 0.15 -1 -1 -1 -1
Evo 1.37 0.50 0.50 0.50 0.50 0.50 0.50 0.00 0.00 0.36 0.03 0.14 -1 37
Result 0 5.0 51 0.44 0.10 0.17 0.17 0.21 0.23 0.12 -1 -1 -1 -1
Evo 1.42 0.50 0.50 0.50 0.50 0.50 0.50 0.00 0.00 0.06 0.06 0.17 -1 2
Result 0 9.0 233 0.40 0.15 0.15 0.17 0.17 0.19 0.18 -1 -1 -1 -1
Evo 1.13 0.00 0.50 0.50 0.50 0.50 0.50 0.04 0.00 0.01 0.28 0.49 -1 4
Result 0 21.0 2000 0.43 0.17 0.17 0.17 0.16 0.16 0.17 -1 -1 -1 -1
Evo 1.13 0.50 0.50 0.50 0.50 0.50 0.50 0.00 0.00 0.01 0.14 0.41 -1 75
Result 0 19.0 793 0.44 0.17 0.17 0.16 0.16 0.17 0.17 -1 -1 -1 -1
Evo 1.59 0.50 1.00 0.51 0.50 0.50 0.50 0.06 0.00 0.04 0.15 0.39 431 2
Result 1 19.0 444 0.44 0.17 0.18 0.14 0.17 0.18 0.16 -1 -1 -1 -1
Evo 1.20 0.00 0.50 0.50 0.50 0.50 0.50 0.03 0.00 0.04 0.09 0.18 -1 1
Result 0 13.0 364 0.41 0.15 0.15 0.19 0.16 0.16 0.19 -1 -1 -1 -1
Evo 1.10 0.00 0.50 0.50 0.50 0.50 0.50 0.01 0.00 0.01 0.22 0.44 -1 85
Result 0 19.0 1760 0.43 0.16 0.17 0.17 0.16 0.16 0.17 -1 -1 -1 -1
Evo 1.11 0.00 0.50 0.50 0.50 0.50 0.50 0.01 0.00 0.01 0.19 0.39 -1 29
Result 0 19.0 1610 0.44 0.17 0.17 0.17 0.16 0.18 0.16 -1 -1 -1 -1
Evo 1.12 0.00 0.50 0.50 0.50 0.50 0.50 0.02 0.00 0.01 0.17 0.36 979 132
Result 0 17.0 1118 0.44 0.17 0.18 0.16 0.16 0.16 0.17 -1 -1 -1 -1
Evo 2.35 0.20 0.50 0.50 0.50 0.50 0.50 0.03 0.00 0.39 0.07 0.22 -1 7
Result 0 13.0 181 0.48 0.21 0.14 0.16 0.19 0.15 0.15 -1 -1 -1 -1
Evo 1.03 0.00 0.50 0.50 0.50 0.50 0.50 0.04 0.00 0.01 0.19 0.39 -1 52
Result 0 20.0 2000 0.42 0.18 0.16 0.16 0.16 0.16 0.18 -1 -1 -1 -1
Evo 1.05 0.00 0.50 0.50 0.50 0.50 0.50 0.04 0.00 0.01 0.14 0.28 -1 32
Result 0 16.0 2000 0.43 0.17 0.16 0.17 0.16 0.16 0.18 -1 -1 -1 -1
Evo 1.05 0.00 0.50 0.50 0.50 0.50 0.50 0.04 0.00 0.01 0.07 0.18 -1 41
Result 0 10.0 2000 0.44 0.17 0.17 0.18 0.17 0.16 0.15 -1 -1 -1 -1
Evo 1.03 0.00 0.50 0.50 0.50 0.50 0.50 0.04 0.00 0.02 0.07 0.15 -1 40
Result 0 10.0 2000 0.43 0.16 0.16 0.17 0.16 0.17 0.18 -1 -1 -1 -1
Evo 1.14 0.00 0.50 0.50 0.50 0.50 0.50 0.04 0.00 0.06 0.21 0.37 -1 19
Result 0 20.0 2000 0.43 0.17 0.16 0.16 0.18 0.16 0.16 -1 -1 -1 -1
Evo 1.09 0.50 0.50 0.50 0.50 0.50 0.50 0.00 0.00 0.01 0.10 0.32 -1 33
Result 0 19.0 1601 0.41 0.17 0.15 0.16 0.17 0.19 0.17 -1 -1 -1 -1
Evo 1.10 0.50 0.50 0.50 0.50 0.50 0.50 0.00 0.00 0.01 0.14 0.42 -1 30
Result 0 19.0 1205 0.43 0.17 0.17 0.18 0.15 0.17 0.16 -1 -1 -1 -1
Evo 1.42 0.00 0.50 0.50 0.50 0.50 0.50 0.04 0.00 0.04 0.06 0.22 -1 44
Result 0 15.0 198 0.44 0.18 0.14 0.21 0.19 0.14 0.16 -1 -1 -1 -1
Evo 1.05 0.50 1.00 0.50 0.50 0.50 0.50 0.03 0.00 0.02 0.18 0.37 1728 25
Result 1 20.0 1735 0.43 0.16 0.16 0.17 0.18 0.16 0.17 -1 -1 -1 -1
Evo 2.09 0.50 0.50 0.50 0.50 0.50 0.50 0.00 0.00 0.03 0.06 0.21 -1 86
Result 0 11.0 235 0.38 0.18 0.13 0.17 0.17 0.20 0.15 -1 -1 -1 -1
Evo 1.04 0.00 0.50 0.50 0.50 0.50 0.50 0.04 0.00 0.01 0.20 0.38 -1 44
Result 0 20.0 2000 0.43 0.16 0.16 0.18 0.17 0.17 0.16 -1 -1 -1 -1
Evo 1.10 0.00 0.50 0.50 0.50 0.50 0.50 0.04 0.00 0.01 0.15 0.31 -1 45
Result 0 16.0 2000 0.45 0.18 0.16 0.16 0.17 0.16 0.17 -1 -1 -1 -1
Evo 1.02 0.00 0.50 0.50 0.50 0.50 0.50 0.04 0.00 0.01 0.13 0.28 -1 191
Result 0 16.0 2000 0.42 0.18 0.16 0.16 0.17 0.17 0.16 -1 -1 -1 -1
Evo 1.43 0.50 1.00 0.50 0.50 0.50 0.50 0.05 0.00 0.06 0.17 0.35 910 49
Result 1 18.0 918 0.43 0.17 0.16 0.17 0.18 0.17 0.16 -1 -1 -1 -1
Evo 1.12 0.50 1.00 0.51 0.50 0.50 0.50 0.05 0.00 0.22 0.15 0.38 655 19
Result 1 20.0 664 0.43 0.16 0.15 0.18 0.16 0.17 0.18 -1 -1 -1 -1
Evo 1.03 0.00 0.50 0.50 0.50 0.50 0.50 0.04 0.00 0.02 0.16 0.38 -1 49
Result 0 20.0 2000 0.43 0.17 0.16 0.16 0.16 0.18 0.16 -1 -1 -1 -1
Evo 1.18 0.50 0.50 0.50 0.50 0.50 0.50 0.00 0.00 0.02 0.10 0.28 -1 2
Result 0 9.0 361 0.44 0.17 0.17 0.17 0.16 0.17 0.15 -1 -1 -1 -1
Evo 1.15 0.50 0.50 0.50 0.50 0.50 0.50 0.00 0.00 0.10 0.06 0.16 -1 3
Result 0 7.0 169 0.41 0.16 0.15 0.19 0.15 0.20 0.15 -1 -1 -1 -1
Evo 1.01 0.00 0.50 0.50 0.50 0.50 0.50 0.04 0.00 0.01 0.11 0.19 -1 3
Result 0 12.0 2000 0.42 0.16 0.16 0.18 0.17 0.16 0.17 -1 -1 -1 -1
Evo 1.03 0.00 0.50 0.50 0.50 0.50 0.50 0.04 0.00 0.01 0.08 0.16 -1 7
Result 0 12.0 2000 0.42 0.15 0.15 0.16 0.17 0.20 0.17 -1 -1 -1 -1
Evo 1.00 0.00 0.50 0.50 0.50 0.50 0.50 0.04 0.00 0.10 0.25 0.39 -1 1
Result 0 16.0 2000 0.44 0.16 0.17 0.15 0.17 0.17 0.18 -1 -1 -1 -1
Evo 1.03 0.00 0.50 0.50 0.50 0.50 0.50 0.04 0.00 0.03 0.19 0.30 -1 5
Result 0 16.0 2000 0.44 0.16 0.17 0.17 0.16 0.17 0.16 -1 -1 -1 -1
Evo 1.07 0.50 0.50 0.50 0.50 0.50 0.50 0.00 0.00 0.01 0.09 0.20 -1 6
Result 0 7.0 625 0.42 0.19 0.16 0.19 0.16 0.13 0.17 -1 -1 -1 -1
Evo 1.01 0.00 0.50 0.50 0.50 0.50 0.50 0.04 0.00 0.01 0.09 0.17 -1 0
Result 0 12.0 2000 0.42 0.16 0.16 0.16 0.17 0.18 0.18 -1 -1 -1 -1
Evo 1.11 0.50 0.50 0.50 0.50 0.50 0.50 0.00 0.00 0.02 0.08 0.16 -1 7
Result 0 7.0 429 0.38 0.17 0.13 0.20 0.15 0.20 0.16 -1 -1 -1 -1
Evo 1.01 0.00 0.50 0.50 0.50 0.50 0.50 0.04 0.00 0.07 0.16 0.28 -1 7
Result 0 8.0 2000 0.44 0.16 0.17 0.17 0.17 0.17 0.17 -1 -1 -1 -1
Evo 1.04 0.00 0.50 0.50 0.50 0.50 0.50 0.04 0.00 0.01 0.20 0.33 -1 13
Result 0 16.0 2000 0.43 0.17 0.16 0.17 0.17 0.16 0.17 -1 -1 -1 -1
Evo 1.03 0.00 0.50 0.50 0.50 0.50 0.50 0.04 0.00 0.24 0.14 0.23 -1 11
Result 0 8.0 2000 0.44 0.17 0.17 0.16 0.17 0.16 0.17 -1 -1 -1 -1
Evo 1.05 0.00 0.50 0.50 0.50 0.50 0.50 0.04 0.00 0.01 0.27 0.50 -1 6
Result 0 20.0 2000 0.42 0.16 0.16 0.16 0.18 0.17 0.17 -1 -1 -1 -1
Evo 1.23 0.00 0.50 0.50 0.50 0.50 0.50 0.04 0.00 0.04 0.07 0.18 -1 11
Result 0 7.0 192 0.41 0.16 0.15 0.19 0.18 0.14 0.18 -1 -1 -1 -1
Evo 1.06 0.50 1.00 0.50 0.50 0.50 0.50 0.04 0.00 0.01 0.25 0.44 1611 1
Result 1 20.0 1638 0.41 0.15 0.17 0.18 0.17 0.17 0.16 -1 -1 -1 -1
Evo 1.03 0.00 0.50 0.50 0.50 0.50 0.50 0.04 0.00 0.02 0.27 0.44 -1 14
Result 0 18.0 2000 0.44 0.16 0.17 0.16 0.17 0.17 0.16 -1 -1 -1 -1
Evo 1.03 0.00 0.50 0.50 0.50 0.50 0.50 0.04 0.00 0.01 0.22 0.35 -1 3
Result 0 16.0 2000 0.44 0.17 0.15 0.16 0.16 0.17 0.18 -1 -1 -1 -1
Evo 1.04 0.00 0.50 0.50 0.50 0.50 0.50 0.04 0.00 0.06 0.26 0.45 -1 20
Result 0 18.0 2000 0.42 0.16 0.16 0.17 0.17 0.16 0.17 -1 -1 -1 -1
Evo 1.01 0.00 0.50 0.50 0.50 0.50 0.50 0.04 0.00 0.01 0.14 0.20 -1 1
Result 0 8.0 2000 0.42 0.16 0.17 0.17 0.16 0.17 0.17 -1 -1 -1 -1
Evo 1.13 0.50 0.50 0.50 0.50 0.50 0.50 0.00 0.00 0.02 0.09 0.17 -1 6
Result 0 7.0 521 0.40 0.19 0.14 0.16 0.19 0.17 0.14 -1 -1 -1 -1
Evo 1.03 0.50 0.50 0.50 0.50 0.50 0.50 0.00 0.00 0.11 0.09 0.28 -1 2
Result 0 15.0 421 0.44 0.21 0.17 0.18 0.15 0.17 0.13 -1 -1 -1 -1
Evo 1.04 0.50 1.00 0.50 0.50 0.50 0.50 0.03 0.00 0.01 0.25 0.43 1796 16
Result 1 20.0 1805 0.41 0.15 0.17 0.17 0.17 0.18 0.17 -1 -1 -1 -1
Evo 1.21 0.00 0.50 0.50 0.50 0.50 0.50 0.03 0.00 0.06 0.11 0.31 -1 26
Result 0 17.0 234 0.45 0.18 0.16 0.19 0.17 0.17 0.14 -1 -1 -1 -1
Evo 1.89 0.50 0.50 0.50 0.50 0.50 0.50 0.00 0.00 0.13 0.06 0.24 -1 33
Result 0 15.0 169 0.38 0.18 0.13 0.22 0.17 0.11 0.20 -1 -1 -1 -1
Evo 2.17 0.50 0.50 0.50 0.50 0.50 0.50 0.00 0.00 0.13 0.06 0.22 -1 11
Result 0 13.0 127 0.38 0.13 0.16 0.20 0.15 0.20 0.16 -1 -1 -1 -1
Evo 1.14 0.00 0.50 0.50 0.50 0.50 0.50 0.02 0.00 0.02 0.09 0.27 -1 47
Result 0 15.0 616 0.43 0.16 0.13 0.17 0.19 0.16 0.18 -1 -1 -1 -1
Evo 1.21 0.50 1.00 0.51 0.50 0.50 0.50 0.06 0.00 0.05 0.12 0.31 556 38
Result 1 18.0 568 0.41 0.15 0.15 0.18 0.18 0.16 0.18 -1 -1 -1 -1
Evo 1.55 0.50 0.50 0.50 0.50 0.50 0.50 0.00 0.00 0.10 0.06 0.21 -1 21
Result 0 15.0 117 0.39 0.19 0.14 0.25 0.19 0.15 0.08 -1 -1 -1 -1
Evo 1.08 0.50 0.50 0.50 0.50 0.50 0.50 0.00 0.00 0.01 0.17 0.37 -1 23
Result 0 19.0 955 0.44 0.16 0.17 0.18 0.18 0.15 0.15 -1 -1 -1 -1
Evo 1.15 0.50 0.50 0.50 0.50 0.50 0.50 0.00 0.00 0.04 0.08 0.23 -1 42
Result 0 15.0 343 0.42 0.17 0.16 0.19 0.19 0.16 0.14 -1 -1 -1 -1
Evo 1.02 0.00 0.50 0.50 0.50 0.50 0.50 0.04 0.00 0.01 0.18 0.36 -1 128
Result 0 12.0 2000 0.43 0.18 0.16 0.17 0.16 0.16 0.16 -1 -1 -1 -1
Evo 1.07 0.00 0.50 0.50 0.50 0.50 0.50 0.04 0.00 0.01 0.24 0.47 -1 19
Result 0 20.0 2000 0.44 0.17 0.16 0.18 0.16 0.17 0.16 -1 -1 -1 -1
Evo 1.07 0.50 0.50 0.50 0.50 0.50 0.50 0.00 0.00 0.21 0.07 0.24 -1 34
Result 0 15.0 171 0.44 0.17 0.15 0.17 0.17 0.15 0.18 -1 -1 -1 -1
Evo 1.35 0.50 0.50 0.50 0.50 0.50 0.50 0.00 0.00 0.04 0.14 0.31 -1 10
Result 0 19.0 415 0.46 0.19 0.16 0.17 0.16 0.16 0.16 -1 -1 -1 -1
Evo 1.51 0.00 0.50 0.50 0.50 0.50 0.50 0.04 0.00 0.16 0.08 0.28 -1 12
Result 0 17.0 150 0.42 0.15 0.16 0.17 0.17 0.21 0.15 -1 -1 -1 -1
Evo 1.35 0.50 0.50 0.50 0.50 0.50 0.50 0.00 0.00 0.05 0.11 0.27 -1 15
Result 0 17.0 265 0.38 0.18 0.13 0.18 0.14 0.20 0.17 -1 -1 -1 -1
Evo 1.10 0.50 0.50 0.50 0.50 0.50 0.50 0.00 0.00 0.11 0.07 0.22 -1 16
Result 0 15.0 329 0.37 0.17 0.12 0.19 0.18 0.20 0.14 -1 -1 -1 -1
Evo 1.12 0.50 0.50 0.50 0.50 0.50 0.50 0.00 0.00 0.02 0.09 0.27 -1 39
Result 0 15.0 509 0.37 0.19 0.12 0.22 0.18 0.13 0.16 -1 -1 -1 -1
Evo 2.44 0.50 0.50 0.50 0.50 0.50 0.50 0.00 0.00 0.13 0.03 0.15 -1 11
Result 0 5.0 41 0.27 0.07 0.10 0.26 0.24 0.10 0.24 -1 -1 -1 -1
Evo 1.59 0.50 0.50 0.50 0.50 0.50 0.50 0.00 0.00 0.09 0.10 0.28 -1 10
Result 0 15.0 355 0.42 0.16 0.15 0.16 0.17 0.19 0.16 -1 -1 -1 -1
