Evo 1.25 0.00 1.00 0.87 1.00 1.00 1.00 0.30 0.01 0.01 0.08 0.23 878 183
Result 1 33.0 912 0.44 0.18 0.16 0.14 0.15 0.19 0.18 -1 -1 -1 -1
Evo 1.62 0.50 1.00 0.52 0.50 0.50 0.50 0.10 0.01 0.09 0.05 0.17 300 104
Result 1 67.0 314 0.46 0.18 0.13 0.20 0.14 0.16 0.20 -1 -1 -1 -1
Evo 1.46 0.00 0.50 0.49 0.50 0.50 0.50 0.07 0.00 0.01 0.10 0.25 -1 131
Result 0 -8.0 655 0.44 0.17 0.16 0.18 0.16 0.16 0.18 -1 -1 -1 -1
Evo 1.52 0.20 0.50 0.50 0.50 0.50 0.50 0.02 0.00 0.04 0.03 0.11 -1 92
Result 0 -61.0 381 0.45 0.20 0.18 0.19 0.12 0.13 0.18 -1 -1 -1 -1
Evo 1.41 0.50 1.00 0.52 0.50 0.50 0.50 0.09 0.01 0.08 0.04 0.18 151 67
Result 1 89.0 161 0.45 0.20 0.18 0.19 0.15 0.10 0.19 -1 -1 -1 -1
Evo 1.41 0.50 1.00 0.52 0.50 0.50 0.50 0.09 0.01 0.04 0.05 0.16 197 54
Result 1 89.0 214 0.49 0.20 0.14 0.16 0.15 0.13 0.23 -1 -1 -1 -1
Evo 1.51 0.00 0.50 0.50 0.50 0.50 0.50 0.04 0.00 0.17 0.09 0.19 -1 239
Result 0 2.0 815 0.46 0.15 0.17 0.16 0.16 0.17 0.19 -1 -1 -1 -1
Evo 1.41 0.50 0.50 0.50 0.50 0.50 0.50 0.00 0.00 0.07 0.02 0.09 -1 92
Result 0 -81.0 265 0.46 0.18 0.15 0.19 0.12 0.16 0.20 -1 -1 -1 -1
Evo 1.39 0.50 1.00 0.51 0.50 0.50 0.50 0.08 0.00 0.24 0.04 0.12 475 121
Result 1 67.0 489 0.45 0.20 0.18 0.15 0.13 0.15 0.19 -1 -1 -1 -1
Evo 1.23 0.50 1.00 0.51 0.50 0.50 0.50 0.06 0.00 0.40 0.05 0.16 577 206
Result 1 45.0 595 0.46 0.19 0.15 0.16 0.16 0.14 0.19 -1 -1 -1 -1
Evo 1.42 0.50 1.00 0.51 0.50 0.50 0.50 0.07 0.00 0.20 0.06 0.19 620 105
Result 1 67.0 630 0.45 0.17 0.17 0.16 0.16 0.15 0.19 -1 -1 -1 -1
Evo 1.71 0.50 1.00 0.51 0.50 0.50 0.50 0.08 0.00 0.04 0.06 0.20 361 165
Result 1 89.0 374 0.46 0.15 0.17 0.19 0.16 0.14 0.19 -1 -1 -1 -1
Evo 1.35 0.50 1.00 0.51 0.50 0.50 0.50 0.07 0.00 0.09 0.06 0.18 399 191
Result 1 78.0 407 0.46 0.16 0.19 0.17 0.15 0.14 0.19 -1 -1 -1 -1
Evo 1.39 0.50 1.00 0.52 0.50 0.50 0.50 0.09 0.00 0.02 0.08 0.21 566 308
Result 1 56.0 583 0.43 0.16 0.18 0.17 0.15 0.17 0.17 -1 -1 -1 -1
Evo 1.54 0.50 1.00 0.51 0.50 0.50 0.50 0.07 0.00 0.03 0.05 0.13 648 147
Result 1 45.0 660 0.46 0.17 0.16 0.16 0.16 0.15 0.19 -1 -1 -1 -1
Evo 1.70 0.50 1.00 0.53 0.50 0.50 0.50 0.11 0.01 0.02 0.06 0.21 411 156
Result 1 78.0 435 0.46 0.21 0.15 0.17 0.15 0.13 0.19 -1 -1 -1 -1
Evo 1.35 0.50 1.00 0.50 0.50 0.50 0.50 0.05 0.00 0.22 0.19 0.35 1134 128
Result 1 23.0 1146 0.45 0.15 0.17 0.15 0.17 0.17 0.18 -1 -1 -1 -1
Evo 1.30 0.00 0.50 0.49 0.50 0.50 0.50 0.05 0.00 0.04 0.04 0.11 -1 97
Result 0 -48.0 542 0.43 0.15 0.17 0.17 0.17 0.18 0.16 -1 -1 -1 -1
Evo 1.50 0.50 1.00 0.51 0.50 0.50 0.50 0.07 0.00 0.02 0.05 0.18 428 70
Result 1 78.0 444 0.49 0.14 0.15 0.20 0.12 0.17 0.23 -1 -1 -1 -1
Evo 1.47 0.00 0.50 0.48 0.50 0.50 0.50 0.09 0.00 0.38 0.04 0.12 -1 370
Result 0 -88.0 385 0.45 0.16 0.17 0.15 0.16 0.18 0.19 -1 -1 -1 -1
Evo 1.36 0.50 1.00 0.51 0.50 0.50 0.50 0.07 0.00 0.05 0.04 0.13 610 58
Result 1 45.0 621 0.46 0.15 0.15 0.16 0.17 0.17 0.19 -1 -1 -1 -1
Evo 1.63 0.50 1.00 0.51 0.50 0.50 0.50 0.07 0.00 0.26 0.07 0.20 540 157
Result 1 56.0 556 0.45 0.17 0.17 0.16 0.16 0.15 0.18 -1 -1 -1 -1
Evo 1.46 0.50 1.00 0.52 0.50 0.50 0.50 0.09 0.00 0.02 0.05 0.12 547 141
Result 1 34.0 567 0.45 0.18 0.17 0.17 0.14 0.15 0.18 -1 -1 -1 -1
Evo 1.34 0.50 1.00 0.51 0.50 0.50 0.50 0.08 0.00 0.38 0.08 0.20 420 55
Result 1 67.0 433 0.46 0.17 0.17 0.17 0.15 0.14 0.19 -1 -1 -1 -1
Evo 1.73 0.50 1.00 0.51 0.50 0.50 0.50 0.08 0.00 0.05 0.06 0.16 551 44
Result 1 56.0 563 0.45 0.18 0.16 0.17 0.15 0.16 0.18 -1 -1 -1 -1
Evo 1.55 0.50 1.00 0.51 0.50 0.50 0.50 0.06 0.00 0.30 0.08 0.22 584 127
Result 1 23.0 598 0.45 0.16 0.18 0.17 0.17 0.14 0.19 -1 -1 -1 -1
Evo 1.29 0.50 1.00 0.51 0.50 0.50 0.50 0.07 0.00 0.01 0.07 0.17 625 106
Result 1 45.0 638 0.47 0.17 0.15 0.18 0.17 0.13 0.21 -1 -1 -1 -1
Evo 1.78 0.00 0.50 0.49 0.50 0.50 0.50 0.08 0.00 0.04 0.06 0.16 -1 50
Result 0 -38.0 491 0.50 0.15 0.17 0.15 0.13 0.15 0.24 -1 -1 -1 -1
Evo 1.53 0.50 1.00 0.51 0.50 0.50 0.50 0.07 0.00 0.01 0.07 0.14 660 88
Result 1 34.0 672 0.45 0.16 0.16 0.17 0.17 0.16 0.18 -1 -1 -1 -1
Evo 1.22 0.50 1.00 0.52 0.50 0.50 0.50 0.09 0.00 0.24 0.06 0.15 368 105
Result 1 78.0 380 0.47 0.16 0.16 0.17 0.13 0.17 0.20 -1 -1 -1 -1
Evo 1.72 0.50 1.00 0.51 0.50 0.50 0.50 0.07 0.00 0.02 0.11 0.20 603 81
Result 1 23.0 615 0.47 0.16 0.18 0.15 0.13 0.16 0.21 -1 -1 -1 -1
Evo 1.56 0.00 0.50 0.49 0.50 0.50 0.50 0.08 0.00 0.02 0.07 0.15 -1 166
Result 0 -68.0 452 0.44 0.20 0.16 0.16 0.15 0.15 0.18 -1 -1 -1 -1
Evo 1.67 0.00 0.50 0.49 0.50 0.50 0.50 0.08 0.00 0.03 0.07 0.26 -1 71
Result 0 -28.0 501 0.45 0.17 0.16 0.19 0.16 0.14 0.19 -1 -1 -1 -1
Evo 1.61 0.50 1.00 0.52 0.50 0.50 0.50 0.10 0.01 0.03 0.05 0.15 262 51
Result 1 100.0 274 0.47 0.18 0.16 0.16 0.14 0.15 0.21 -1 -1 -1 -1
Evo 1.39 0.50 1.00 0.51 0.50 0.50 0.50 0.06 0.00 0.01 0.08 0.22 831 93
Result 1 56.0 843 0.45 0.16 0.18 0.14 0.16 0.16 0.18 -1 -1 -1 -1
Evo 1.50 0.50 1.00 0.51 0.50 0.50 0.50 0.07 0.00 0.03 0.09 0.15 668 98
Result 1 45.0 681 0.43 0.17 0.18 0.16 0.18 0.14 0.17 -1 -1 -1 -1
Evo 1.86 0.50 1.00 0.51 0.50 0.50 0.50 0.08 0.01 0.03 0.06 0.24 215 51
Result 1 100.0 225 0.46 0.15 0.17 0.22 0.14 0.12 0.19 -1 -1 -1 -1
Evo 1.82 0.50 1.00 0.51 0.50 0.50 0.50 0.07 0.00 0.02 0.07 0.18 384 162
Result 1 45.0 393 0.46 0.16 0.16 0.20 0.15 0.13 0.19 -1 -1 -1 -1
Evo 1.49 0.00 0.50 0.49 0.50 0.50 0.50 0.07 0.00 0.03 0.07 0.19 -1 57
Result 0 -28.0 577 0.45 0.18 0.13 0.17 0.18 0.17 0.19 -1 -1 -1 -1
Evo 1.52 0.00 0.50 0.49 0.50 0.50 0.50 0.05 0.00 0.06 0.06 0.18 -1 49
Result 0 -28.0 493 0.48 0.15 0.14 0.20 0.16 0.13 0.22 -1 -1 -1 -1
Evo 1.45 0.50 1.00 0.51 0.50 0.50 0.50 0.07 0.00 0.01 0.14 0.35 1099 71
Result 1 22.0 1147 0.44 0.16 0.16 0.15 0.18 0.17 0.18 -1 -1 -1 -1
Evo 1.62 0.50 1.00 0.52 0.50 0.50 0.50 0.10 0.01 0.03 0.09 0.27 265 90
Result 1 100.0 276 0.46 0.20 0.14 0.17 0.16 0.14 0.19 -1 -1 -1 -1
Evo 1.50 0.50 1.00 0.51 0.50 0.50 0.50 0.07 0.00 0.12 0.10 0.28 514 125
Result 1 78.0 526 0.46 0.15 0.16 0.18 0.16 0.15 0.20 -1 -1 -1 -1
Evo 1.26 0.00 0.50 0.49 0.50 0.50 0.50 0.05 0.00 0.02 0.11 0.21 -1 100
Result 0 -8.0 747 0.48 0.18 0.18 0.15 0.14 0.14 0.21 -1 -1 -1 -1
Evo 1.86 0.50 1.00 0.52 0.50 0.50 0.50 0.09 0.00 0.02 0.10 0.29 369 67
Result 1 56.0 380 0.45 0.15 0.15 0.16 0.20 0.15 0.18 -1 -1 -1 -1
Evo 1.62 0.00 0.50 0.49 0.50 0.50 0.50 0.08 0.00 0.05 0.07 0.18 -1 120
Result 0 -48.0 546 0.45 0.19 0.14 0.17 0.17 0.15 0.18 -1 -1 -1 -1
Evo 1.34 0.50 1.00 0.51 0.50 0.50 0.50 0.06 0.00 0.01 0.09 0.20 687 64
Result 1 67.0 698 0.46 0.15 0.16 0.16 0.16 0.17 0.19 -1 -1 -1 -1
Evo 1.55 0.50 1.00 0.51 0.50 0.50 0.50 0.05 0.00 0.01 0.14 0.30 856 50
Result 1 34.0 865 0.46 0.15 0.16 0.18 0.16 0.16 0.19 -1 -1 -1 -1
Evo 1.54 0.00 0.50 0.50 0.50 0.50 0.50 0.05 0.00 0.01 0.11 0.23 -1 75
Result 0 -28.0 658 0.46 0.17 0.15 0.18 0.15 0.16 0.19 -1 -1 -1 -1
Evo 1.54 0.50 1.00 0.51 0.50 0.50 0.50 0.06 0.00 0.03 0.10 0.25 615 66
Result 1 56.0 624 0.40 0.19 0.16 0.18 0.14 0.18 0.15 -1 -1 -1 -1
Evo 1.97 0.50 1.00 0.52 0.50 0.50 0.50 0.10 0.01 0.05 0.08 0.27 306 99
Result 1 89.0 318 0.45 0.14 0.15 0.19 0.15 0.18 0.19 -1 -1 -1 -1
Evo 1.52 0.50 1.00 0.51 0.50 0.50 0.50 0.08 0.00 0.14 0.11 0.30 353 75
Result 1 67.0 368 0.45 0.17 0.17 0.18 0.15 0.14 0.18 -1 -1 -1 -1
Evo 1.45 0.00 0.50 0.48 0.50 0.50 0.50 0.10 0.01 0.02 0.07 0.20 -1 329
Result 0 -68.0 341 0.47 0.18 0.15 0.12 0.16 0.18 0.21 -1 -1 -1 -1
Evo 1.40 0.00 0.50 0.50 0.50 0.50 0.50 0.04 0.00 0.02 0.08 0.20 -1 89
Result 0 2.0 824 0.43 0.20 0.17 0.16 0.17 0.15 0.17 -1 -1 -1 -1
Evo 1.69 0.50 1.00 0.52 0.50 0.50 0.50 0.11 0.01 0.03 0.09 0.27 238 108
Result 1 45.0 251 0.44 0.20 0.18 0.20 0.12 0.12 0.18 -1 -1 -1 -1
Evo 1.49 0.50 1.00 0.51 0.50 0.50 0.50 0.08 0.00 0.02 0.09 0.23 432 72
Result 1 89.0 443 0.44 0.15 0.17 0.19 0.17 0.15 0.17 -1 -1 -1 -1
Evo 1.37 0.50 1.00 0.52 0.50 0.50 0.50 0.09 0.00 0.05 0.09 0.26 371 163
Result 1 56.0 382 0.46 0.16 0.16 0.19 0.17 0.13 0.20 -1 -1 -1 -1
Evo 1.71 0.50 1.00 0.52 0.50 0.50 0.50 0.10 0.01 0.03 0.08 0.26 261 69
Result 1 100.0 271 0.48 0.15 0.14 0.19 0.13 0.17 0.21 -1 -1 -1 -1
Evo 1.66 0.50 0.50 0.50 0.50 0.50 0.50 0.00 0.00 0.04 0.06 0.19 -1 63
Result 0 -80.0 206 0.47 0.17 0.17 0.18 0.13 0.14 0.21 -1 -1 -1 -1
Evo 1.49 0.50 1.00 0.51 0.50 0.50 0.50 0.05 0.00 0.04 0.08 0.23 592 74
Result 1 78.0 602 0.44 0.18 0.17 0.17 0.17 0.14 0.17 -1 -1 -1 -1
Evo 1.25 0.00 0.50 0.50 0.50 0.50 0.50 0.04 0.00 0.01 0.14 0.29 -1 246
Result 0 -48.0 677 0.42 0.15 0.16 0.16 0.18 0.19 0.16 -1 -1 -1 -1
Evo 1.37 0.50 1.00 0.51 0.50 0.50 0.50 0.05 0.00 0.02 0.15 0.27 962 259
Result 1 56.0 974 0.44 0.18 0.17 0.16 0.15 0.17 0.18 -1 -1 -1 -1
Evo 1.31 0.50 1.00 0.51 0.50 0.50 0.50 0.06 0.00 0.01 0.08 0.21 813 809
Result 0 2.0 825 0.42 0.17 0.18 0.17 0.16 0.16 0.16 -1 -1 -1 -1
Evo 1.86 0.00 0.50 0.50 0.50 0.50 0.50 0.04 0.00 0.03 0.10 0.25 -1 272
Result 0 -48.0 521 0.45 0.17 0.14 0.18 0.15 0.17 0.19 -1 -1 -1 -1
Evo 1.66 0.00 0.50 0.50 0.50 0.50 0.50 0.05 0.00 0.10 0.08 0.25 -1 124
Result 0 -58.0 487 0.40 0.17 0.18 0.16 0.17 0.18 0.14 -1 -1 -1 -1
Evo 1.47 0.50 1.00 0.51 0.50 0.50 0.50 0.08 0.00 0.06 0.08 0.21 450 138
Result 1 67.0 462 0.47 0.16 0.17 0.13 0.17 0.16 0.21 -1 -1 -1 -1
Evo 1.38 0.50 1.00 0.51 0.50 0.50 0.50 0.08 0.00 0.15 0.09 0.27 460 143
Result 1 23.0 472 0.46 0.14 0.16 0.15 0.19 0.16 0.20 -1 -1 -1 -1
Evo 1.61 0.00 0.50 0.49 0.50 0.50 0.50 0.05 0.00 0.08 0.08 0.21 -1 272
Result 0 -68.0 524 0.46 0.16 0.17 0.16 0.14 0.17 0.19 -1 -1 -1 -1
Evo 2.01 0.00 0.50 0.49 0.50 0.50 0.50 0.08 0.00 0.04 0.05 0.17 -1 307
Result 0 -88.0 340 0.46 0.19 0.14 0.14 0.16 0.18 0.19 -1 -1 -1 -1
Evo 1.45 0.00 0.50 0.49 0.50 0.50 0.50 0.08 0.00 0.09 0.09 0.29 -1 358
Result 0 -48.0 551 0.47 0.16 0.16 0.14 0.16 0.17 0.21 -1 -1 -1 -1
Evo 1.58 0.50 1.00 0.51 0.50 0.50 0.50 0.08 0.00 0.04 0.12 0.35 393 256
Result 1 89.0 404 0.45 0.18 0.14 0.12 0.16 0.23 0.18 -1 -1 -1 -1
Evo 1.34 0.50 1.00 0.51 0.50 0.50 0.50 0.05 0.00 0.01 0.16 0.28 1011 222
Result 1 23.0 1026 0.44 0.15 0.15 0.18 0.18 0.16 0.18 -1 -1 -1 -1
Evo 1.23 0.50 1.00 0.51 0.50 0.50 0.50 0.06 0.00 0.28 0.11 0.24 806 329
Result 1 67.0 818 0.46 0.18 0.16 0.15 0.17 0.14 0.19 -1 -1 -1 -1
Evo 1.22 0.50 1.00 0.51 0.50 0.50 0.50 0.05 0.00 0.27 0.14 0.26 942 251
Result 1 67.0 954 0.45 0.16 0.15 0.17 0.15 0.18 0.18 -1 -1 -1 -1
Evo 1.28 0.50 1.00 0.51 0.50 0.50 0.50 0.07 0.00 0.02 0.08 0.20 522 421
Result 1 45.0 536 0.44 0.17 0.20 0.13 0.14 0.19 0.18 -1 -1 -1 -1
Evo 1.08 0.00 0.50 0.50 0.50 0.50 0.50 0.04 0.00 0.01 0.19 0.28 -1 422
Result 0 -15.0 2000 0.43 0.17 0.18 0.17 0.17 0.16 0.16 -1 -1 -1 -1
Evo 1.35 0.50 1.00 0.51 0.50 0.50 0.50 0.07 0.00 0.30 0.09 0.25 672 91
Result 1 45.0 684 0.45 0.16 0.16 0.15 0.16 0.18 0.19 -1 -1 -1 -1
Evo 1.29 0.00 0.50 0.49 0.50 0.50 0.50 0.06 0.00 0.02 0.11 0.25 -1 402
Result 0 -78.0 424 0.43 0.18 0.16 0.16 0.16 0.18 0.16 -1 -1 -1 -1
Evo 1.27 0.50 1.00 0.51 0.50 0.50 0.50 0.07 0.00 0.06 0.11 0.22 578 228
Result 1 89.0 590 0.45 0.18 0.15 0.15 0.16 0.17 0.18 -1 -1 -1 -1
Evo 1.63 0.00 0.50 0.50 0.50 0.50 0.50 0.05 0.00 0.02 0.09 0.27 -1 346
Result 0 -78.0 366 0.47 0.17 0.17 0.11 0.19 0.14 0.21 -1 -1 -1 -1
Evo 1.39 0.50 1.00 0.51 0.50 0.50 0.50 0.05 0.00 0.01 0.13 0.26 891 94
Result 1 89.0 903 0.44 0.16 0.18 0.18 0.15 0.15 0.17 -1 -1 -1 -1
Evo 1.58 0.00 1.00 0.50 0.50 0.50 0.50 0.08 0.00 0.01 0.13 0.31 612 78
Result 0 2.0 741 0.46 0.18 0.14 0.17 0.17 0.16 0.19 -1 -1 -1 -1
Evo 1.41 0.00 0.50 0.49 0.50 0.50 0.50 0.06 0.00 0.33 0.16 0.37 -1 93
Result 0 -8.0 892 0.44 0.17 0.16 0.15 0.16 0.18 0.18 -1 -1 -1 -1
Evo 1.33 0.00 0.50 0.49 0.50 0.50 0.50 0.07 0.00 0.02 0.08 0.22 -1 90
Result 0 -8.0 689 0.43 0.16 0.19 0.14 0.18 0.16 0.17 -1 -1 -1 -1
Evo 1.45 0.50 1.00 0.52 0.50 0.50 0.50 0.09 0.00 0.02 0.11 0.35 354 97
Result 1 67.0 366 0.45 0.16 0.16 0.16 0.14 0.20 0.18 -1 -1 -1 -1
Evo 1.39 0.50 1.00 0.51 0.50 0.50 0.50 0.07 0.00 0.02 0.10 0.26 819 81
Result 1 78.0 837 0.45 0.16 0.16 0.16 0.17 0.17 0.18 -1 -1 -1 -1
Evo 1.39 0.50 1.00 0.51 0.50 0.50 0.50 0.05 0.00 0.03 0.14 0.32 1005 64
Result 1 55.0 1017 0.46 0.17 0.15 0.16 0.17 0.16 0.19 -1 -1 -1 -1
Evo 1.44 0.00 0.50 0.49 0.50 0.50 0.50 0.06 0.00 0.01 0.13 0.34 -1 76
Result 0 -8.0 864 0.44 0.17 0.15 0.16 0.16 0.18 0.18 -1 -1 -1 -1
Evo 1.18 0.50 1.00 0.51 0.50 0.50 0.50 0.05 0.00 0.35 0.13 0.26 939 114
Result 1 23.0 951 0.46 0.14 0.17 0.15 0.17 0.17 0.20 -1 -1 -1 -1
Evo 1.82 0.00 0.50 0.48 0.50 0.50 0.50 0.09 0.00 0.02 0.09 0.26 -1 71
Result 0 -68.0 359 0.42 0.18 0.14 0.17 0.18 0.17 0.16 -1 -1 -1 -1
Evo 1.45 0.50 1.00 0.51 0.50 0.50 0.50 0.07 0.00 0.02 0.11 0.28 596 90
Result 1 78.0 609 0.43 0.18 0.17 0.16 0.16 0.17 0.17 -1 -1 -1 -1
Evo 1.39 0.50 1.00 0.51 0.50 0.50 0.50 0.08 0.00 0.03 0.13 0.34 539 80
Result 1 89.0 551 0.42 0.17 0.17 0.14 0.17 0.20 0.16 -1 -1 -1 -1
Evo 1.26 0.50 1.00 0.52 0.50 0.50 0.50 0.10 0.00 0.03 0.09 0.28 608 69
Result 1 99.0 639 0.41 0.18 0.16 0.15 0.19 0.17 0.15 -1 -1 -1 -1
Evo 1.50 0.00 0.50 0.50 0.50 0.50 0.50 0.05 0.00 0.01 0.09 0.26 -1 120
Result 0 -48.0 670 0.45 0.17 0.18 0.14 0.15 0.17 0.18 -1 -1 -1 -1
Evo 1.61 0.50 1.00 0.53 0.50 0.50 0.50 0.12 0.01 0.03 0.08 0.26 219 64
Result 1 67.0 231 0.44 0.19 0.13 0.13 0.14 0.24 0.17 -1 -1 -1 -1
Evo 1.71 0.00 0.50 0.49 0.50 0.50 0.50 0.08 0.00 0.02 0.09 0.21 -1 88
Result 0 -38.0 560 0.45 0.16 0.20 0.18 0.13 0.16 0.18 -1 -1 -1 -1
Evo 1.47 0.50 1.00 0.51 0.50 0.50 0.50 0.06 0.00 0.05 0.09 0.27 589 57
Result 1 78.0 603 0.46 0.14 0.19 0.13 0.18 0.17 0.20 -1 -1 -1 -1
Evo 1.41 0.50 1.00 0.51 0.50 0.50 0.50 0.07 0.00 0.07 0.08 0.26 645 95
Result 1 78.0 656 0.46 0.18 0.16 0.14 0.17 0.16 0.19 -1 -1 -1 -1
Evo 1.47 0.50 1.00 0.51 0.50 0.50 0.50 0.05 0.00 0.04 0.11 0.30 751 103
Result 1 89.0 761 0.45 0.14 0.15 0.15 0.17 0.19 0.19 -1 -1 -1 -1
Evo 1.99 0.00 0.50 0.48 0.50 0.50 0.50 0.09 0.00 0.02 0.09 0.31 -1 80
Result 0 -58.0 405 0.44 0.17 0.16 0.17 0.12 0.20 0.17 -1 -1 -1 -1
