Result 0 20.0 2000 -511782236
Result 0 12.0 2000 1970610901
Result 0 25.0 2000 -2042218372
Result 0 29.0 2000 939127458
Result 0 21.0 2000 528725578
Result 0 31.0 2000 -1479973862
Result 0 13.0 2000 1228513732
Result 0 18.0 2000 1365311217
Result 0 12.0 2000 1328941339
Result 0 26.0 2000 -111072782
Result 0 12.0 2000 1134799119
Result 0 19.0 2000 1503307484
Result 0 11.0 851 477457083
Result 0 22.0 2000 -1125970027
Result 0 11.0 2000 1114843364
Result 0 18.0 2000 677069504
Result 0 20.0 2000 1598193840
Result 0 17.0 2000 580500443
Result 0 18.0 2000 -572852659
Result 0 20.0 2000 -1222046718
Result 0 20.0 2000 -427358752
Result 0 12.0 2000 -1420569221
Result 0 24.0 2000 -725343141
Result 0 25.0 2000 -1020833433
Result 0 15.0 2000 -1314355136
Result 0 13.0 2000 -758266264
Result 0 13.0 2000 449421510
Result 0 11.0 2000 -1978624115
Result 0 23.0 2000 1077241344
Result 0 13.0 2000 2071385894
Result 0 14.0 2000 8726980
Result 0 12.0 2000 1240583431
Result 0 18.0 2000 1183092759
Result 0 21.0 2000 -184694875
Result 0 12.0 2000 1587022771
Result 0 39.0 2000 1920479054
Result 0 22.0 2000 944967484
Result 0 11.0 1999 1950279975
Result 0 12.0 2000 846688854
Result 0 17.0 2000 2039442149
Result 0 34.0 2000 367738041
Result 0 31.0 2000 1162018675
Result 0 37.0 2000 2021114545
Result 0 25.0 2000 216046887
Result 0 24.0 2000 -470483259
Result 0 29.0 2000 -1097839826
Result 0 26.0 2000 660555027
Result 0 23.0 2000 1141952780
Result 0 25.0 2000 -130460995
Result 0 26.0 1999 1798922183
Result 0 25.0 2000 247942566
Result 0 33.0 2000 -1998859313
Result 0 41.0 2000 1355854449
Result 0 26.0 2000 762803024
Result 0 22.0 2000 -1267255037
Result 0 23.0 2000 -819056636
Result 0 21.0 2000 1148745942
Result 0 23.0 2000 -651160190
Result 0 17.0 2000 -1570191
Result 0 22.0 2000 43698417
Result 0 12.0 2000 -1430424088
Result 0 5.0 2000 -849605873
Result 0 9.0 2000 2134216569
Result 0 5.0 2000 -151614561
Result 0 4.0 2000 147014270
Result 0 12.0 2000 842409481
Result 0 8.0 2000 -1125168259
Result 0 7.0 2000 -606530849
Result 0 9.0 2000 1032239059
Result 0 8.0 2000 -3989339
Result 0 3.0 2000 423973766
Result 0 4.0 2000 1256058708
Result 0 3.0 2000 783230652
Result 0 5.0 2000 1202697742
Result 0 4.0 2000 -489697424
Result 0 5.0 2000 -302385532
Result 0 5.0 2000 -1463875857
Result 0 4.0 2000 -1469985511
Result 0 11.0 2000 595126864
Result 0 4.0 2000 -769215173
Result 0 10.0 2000 149963682
Result 0 29.0 2000 2093347136
Result 0 10.0 2000 802927285
Result 0 0.0 2000 -975318612
Result 0 0.0 2000 644995336
Result 0 24.0 2000 446870433
Result 0 0.0 2000 -1250475192
Result 0 4.0 2000 825514532
Result 0 29.0 2000 -1492432808
Result 0 0.0 2000 2006736690
Result 0 4.0 2000 2031119800
Result 0 33.0 2000 -1509111659
Result 0 4.0 2000 1213881564
Result 0 6.0 2000 85386998
Result 0 2.0 2000 -956966663
Result 0 -1.0 1275 759837362
Result 0 0.0 2000 1866072457
Result 0 36.0 2000 1244564621
Result 0 4.0 2000 1075809241
Result 0 0.0 2000 -1192855067
