Evo 1.01 0.00 1.00 0.19 0.00 0.00 0.00 0.39 0.04 0.45 0.06 0.50 90 90
Result 1 2.0 110 0.40 0.18 0.17 0.14 0.15 0.23 0.13 -1 -1 -1 -1
Evo 1.04 0.50 1.00 0.58 0.50 0.50 0.50 0.18 0.02 0.41 0.06 0.43 100 -1
Result 1 2.0 118 0.39 0.23 0.10 0.13 0.13 0.21 0.20 -1 -1 -1 -1
Evo 1.01 0.50 1.00 0.55 0.50 0.50 0.50 0.15 0.01 0.32 0.09 0.45 171 90
Result 1 2.0 191 0.42 0.19 0.15 0.16 0.20 0.19 0.13 -1 -1 -1 -1
Evo 1.01 0.00 0.50 0.41 0.50 0.50 0.50 0.20 0.02 0.45 0.03 0.39 -1 90
Result 0 -3.0 110 0.40 0.21 0.13 0.14 0.13 0.22 0.18 -1 -1 -1 -1
Evo 1.01 0.00 0.50 0.41 0.50 0.50 0.50 0.20 0.02 0.45 0.06 0.39 -1 90
Result 0 -3.0 110 0.41 0.17 0.20 0.15 0.23 0.06 0.19 -1 -1 -1 -1
Evo 1.04 0.50 1.00 0.55 0.50 0.50 0.50 0.15 0.01 0.34 0.05 0.30 133 90
Result 1 2.0 158 0.41 0.21 0.10 0.15 0.16 0.18 0.19 -1 -1 -1 -1
Evo 1.02 0.00 1.00 0.54 0.50 0.50 0.50 0.16 0.01 0.31 0.06 0.39 140 90
Result 1 2.0 153 0.44 0.14 0.15 0.18 0.16 0.16 0.21 -1 -1 -1 -1
Evo 1.00 0.00 0.50 0.46 0.50 0.50 0.50 0.13 0.01 0.28 0.08 0.47 -1 90
Result 0 -1.0 275 0.48 0.17 0.14 0.22 0.14 0.16 0.17 -1 -1 -1 -1
Evo 1.08 0.00 1.00 0.49 0.50 0.50 0.50 0.22 0.02 0.35 0.05 0.46 90 90
Result 1 2.0 110 0.41 0.21 0.14 0.15 0.18 0.18 0.14 -1 -1 -1 -1
Evo 1.01 0.50 1.00 0.58 0.50 0.50 0.50 0.18 0.02 0.42 0.06 0.56 105 90
Result 1 2.0 124 0.41 0.20 0.15 0.15 0.13 0.23 0.14 -1 -1 -1 -1
Evo 1.01 0.00 0.50 0.41 0.50 0.50 0.50 0.20 0.02 0.45 0.04 0.44 -1 90
Result 0 -3.0 110 0.47 0.11 0.22 0.21 0.10 0.20 0.17 -1 -1 -1 -1
Evo 1.04 0.50 1.00 0.57 0.50 0.50 0.50 0.18 0.02 0.40 0.06 0.40 96 -1
Result 1 2.0 111 0.42 0.16 0.16 0.16 0.20 0.21 0.11 -1 -1 -1 -1
Evo 1.01 0.50 1.00 0.55 0.50 0.50 0.50 0.15 0.01 0.33 0.05 0.40 129 90
Result 1 2.0 147 0.40 0.17 0.14 0.14 0.22 0.15 0.18 -1 -1 -1 -1
Evo 1.01 0.00 0.50 0.41 0.50 0.50 0.50 0.20 0.02 0.45 0.06 0.49 -1 90
Result 0 -3.0 110 0.43 0.13 0.21 0.16 0.13 0.16 0.22 -1 -1 -1 -1
Evo 1.00 0.00 0.50 0.45 0.50 0.50 0.50 0.15 0.01 0.33 0.08 0.54 -1 189
Result 0 -1.0 209 0.43 0.18 0.16 0.17 0.13 0.17 0.20 -1 -1 -1 -1
Evo 1.01 0.00 0.50 0.41 0.50 0.50 0.50 0.20 0.02 0.45 0.05 0.44 -1 90
Result 0 -3.0 110 0.43 0.14 0.21 0.16 0.15 0.20 0.14 -1 -1 -1 -1
Evo 1.00 0.00 0.50 0.45 0.50 0.50 0.50 0.15 0.01 0.33 0.09 0.54 -1 90
Result 0 -1.0 209 0.38 0.18 0.21 0.13 0.14 0.19 0.15 -1 -1 -1 -1
Evo 1.01 0.00 1.00 0.59 0.50 0.50 0.50 0.20 0.02 0.45 0.07 0.45 91 90
Result 1 2.0 110 0.36 0.14 0.19 0.12 0.17 0.23 0.15 -1 -1 -1 -1
Evo 1.01 0.00 1.00 0.59 0.50 0.50 0.50 0.20 0.02 0.06 0.07 0.36 90 90
Result 1 2.0 110 0.38 0.14 0.16 0.13 0.17 0.21 0.20 -1 -1 -1 -1
Evo 1.02 0.00 0.50 0.46 0.50 0.50 0.50 0.14 0.01 0.29 0.13 0.76 -1 90
Result 0 -1.0 275 0.42 0.13 0.22 0.16 0.14 0.15 0.20 -1 -1 -1 -1
Evo 1.01 0.00 0.50 0.40 0.50 0.50 0.50 0.20 0.02 0.47 0.03 0.47 -1 79
Result 0 3.0 99 0.46 0.13 0.21 0.20 0.13 0.13 0.20 -1 -1 -1 -1
Evo 1.01 0.00 0.50 0.40 0.50 0.50 0.50 0.20 0.02 0.47 0.03 0.37 -1 79
Result 0 7.0 99 0.42 0.23 0.14 0.16 0.15 0.17 0.15 -1 -1 -1 -1
Evo 1.01 0.50 1.00 0.54 0.50 0.50 0.50 0.14 0.01 0.31 0.05 0.30 130 79
Result 1 16.0 145 0.45 0.18 0.12 0.18 0.20 0.16 0.16 -1 -1 -1 -1
Evo 1.01 0.00 0.50 0.40 0.50 0.50 0.50 0.20 0.02 0.47 0.06 0.42 -1 79
Result 0 5.0 99 0.38 0.22 0.15 0.13 0.13 0.21 0.16 -1 -1 -1 -1
Evo 1.01 0.00 0.50 0.40 0.50 0.50 0.50 0.20 0.02 0.47 0.05 0.45 -1 79
Result 0 3.0 99 0.38 0.23 0.15 0.13 0.14 0.17 0.18 -1 -1 -1 -1
Evo 1.01 0.00 0.50 0.40 0.50 0.50 0.50 0.20 0.02 0.46 0.05 0.32 -1 79
Result 0 -1.0 99 0.41 0.19 0.10 0.15 0.14 0.22 0.20 -1 -1 -1 -1
Evo 1.01 0.50 1.00 0.58 0.50 0.50 0.50 0.18 0.01 0.41 0.07 0.45 126 79
Result 1 16.0 149 0.45 0.21 0.13 0.18 0.14 0.15 0.19 -1 -1 -1 -1
Evo 1.01 0.00 0.50 0.40 0.50 0.50 0.50 0.20 0.02 0.47 0.08 0.57 -1 79
Result 0 3.0 99 0.47 0.14 0.22 0.21 0.19 0.12 0.12 -1 -1 -1 -1
Evo 1.03 0.00 1.00 0.53 0.50 0.50 0.50 0.20 0.02 0.35 0.05 0.47 112 101
Result 1 16.0 126 0.43 0.15 0.13 0.17 0.13 0.16 0.27 -1 -1 -1 -1
Evo 1.01 0.00 0.50 0.43 0.50 0.50 0.50 0.18 0.01 0.41 0.05 0.38 -1 79
Result 0 5.0 143 0.41 0.14 0.18 0.15 0.17 0.16 0.19 -1 -1 -1 -1
Evo 1.01 0.00 0.50 0.40 0.50 0.50 0.50 0.20 0.02 0.47 0.05 0.42 -1 79
Result 0 -1.0 99 0.37 0.17 0.17 0.12 0.17 0.20 0.17 -1 -1 -1 -1
Evo 1.01 0.00 0.50 0.41 0.50 0.50 0.50 0.19 0.02 0.44 0.06 0.57 -1 101
Result 0 3.0 121 0.38 0.19 0.18 0.13 0.16 0.16 0.17 -1 -1 -1 -1
Evo 1.02 0.50 1.00 0.57 0.50 0.50 0.50 0.17 0.01 0.39 0.05 0.33 124 79
Result 1 16.0 145 0.40 0.19 0.16 0.14 0.19 0.12 0.18 -1 -1 -1 -1
Evo 1.01 0.00 0.50 0.40 0.50 0.50 0.50 0.20 0.02 0.47 0.05 0.33 -1 79
Result 0 -1.0 99 0.49 0.16 0.11 0.23 0.20 0.15 0.15 -1 -1 -1 -1
Evo 1.02 0.50 1.00 0.57 0.50 0.50 0.50 0.18 0.01 0.41 0.04 0.43 116 79
Result 1 16.0 154 0.46 0.19 0.14 0.20 0.12 0.15 0.21 -1 -1 -1 -1
Evo 1.01 0.00 0.50 0.42 0.50 0.50 0.50 0.18 0.02 0.42 0.03 0.43 -1 112
Result 0 5.0 132 0.37 0.18 0.22 0.12 0.14 0.13 0.21 -1 -1 -1 -1
Evo 1.01 0.00 0.50 0.40 0.50 0.50 0.50 0.20 0.02 0.47 0.07 0.43 -1 79
Result 0 -1.0 99 0.37 0.14 0.20 0.12 0.23 0.20 0.11 -1 -1 -1 -1
Evo 1.01 0.00 0.50 0.40 0.50 0.50 0.50 0.20 0.02 0.47 0.06 0.40 -1 79
Result 0 -1.0 99 0.49 0.17 0.14 0.24 0.18 0.14 0.13 -1 -1 -1 -1
Evo 1.04 0.50 1.00 0.57 0.50 0.50 0.50 0.17 0.02 0.39 0.02 0.37 108 101
Result 1 16.0 124 0.48 0.16 0.14 0.22 0.14 0.18 0.15 -1 -1 -1 -1
Evo 1.01 0.00 0.50 0.40 0.50 0.50 0.50 0.20 0.02 0.47 0.05 0.41 -1 79
Result 0 -1.0 99 0.43 0.13 0.20 0.17 0.17 0.17 0.16 -1 -1 -1 -1
Evo 1.04 0.50 1.00 0.61 0.50 0.50 0.50 0.21 0.02 0.49 0.07 0.35 102 90
Result 1 2.0 139 0.41 0.20 0.18 0.15 0.15 0.16 0.16 -1 -1 -1 -1
Evo 1.07 0.00 0.50 0.46 0.50 0.50 0.50 0.14 0.01 0.29 0.03 0.25 -1 90
Result 0 -3.0 123 0.39 0.15 0.20 0.14 0.19 0.17 0.15 -1 -1 -1 -1
Evo 1.04 0.00 0.50 0.46 0.50 0.50 0.50 0.13 0.01 0.27 0.07 0.46 -1 90
Result 0 -3.0 123 0.43 0.10 0.22 0.17 0.13 0.19 0.20 -1 -1 -1 -1
Evo 1.00 0.50 1.00 0.54 0.50 0.50 0.50 0.14 0.01 0.30 0.07 0.35 184 90
Result 1 2.0 201 0.44 0.19 0.16 0.18 0.19 0.16 0.11 -1 -1 -1 -1
Evo 1.02 0.00 0.50 0.47 0.50 0.50 0.50 0.12 0.01 0.23 0.05 0.23 -1 90
Result 0 -3.0 123 0.47 0.16 0.10 0.21 0.21 0.12 0.19 -1 -1 -1 -1
Evo 1.01 0.00 0.50 0.41 0.50 0.50 0.50 0.20 0.02 0.45 0.05 0.42 -1 90
Result 0 -1.0 110 0.47 0.18 0.14 0.21 0.15 0.20 0.13 -1 -1 -1 -1
Evo 1.03 0.00 0.50 0.46 0.50 0.50 0.50 0.14 0.01 0.29 0.05 0.38 -1 90
Result 0 -1.0 124 0.41 0.21 0.16 0.15 0.14 0.17 0.17 -1 -1 -1 -1
Evo 1.01 0.50 1.00 0.62 0.50 0.50 0.50 0.21 0.02 0.49 0.05 0.41 82 -1
Result 1 2.0 107 0.35 0.22 0.18 0.11 0.12 0.20 0.17 -1 -1 -1 -1
Evo 1.02 0.50 1.00 0.55 0.50 0.50 0.50 0.15 0.01 0.32 0.07 0.37 152 90
Result 1 2.0 167 0.46 0.14 0.14 0.20 0.16 0.20 0.16 -1 -1 -1 -1
Evo 1.08 0.00 0.50 0.46 0.50 0.50 0.50 0.14 0.01 0.29 0.06 0.50 -1 90
Result 0 -3.0 123 0.49 0.14 0.16 0.23 0.14 0.21 0.12 -1 -1 -1 -1
Evo 1.01 0.00 0.50 0.46 0.50 0.50 0.50 0.13 0.01 0.28 0.03 0.32 -1 90
Result 0 -1.0 121 0.45 0.15 0.15 0.19 0.18 0.16 0.17 -1 -1 -1 -1
Evo 1.01 0.00 0.50 0.45 0.50 0.50 0.50 0.15 0.01 0.33 0.06 0.57 -1 90
Result 0 -3.0 123 0.43 0.23 0.24 0.17 0.11 0.14 0.11 -1 -1 -1 -1
Evo 1.02 0.00 0.50 0.46 0.50 0.50 0.50 0.14 0.01 0.31 0.05 0.43 -1 90
Result 0 -3.0 123 0.48 0.17 0.19 0.22 0.14 0.16 0.12 -1 -1 -1 -1
Evo 1.01 0.50 1.00 0.56 0.50 0.50 0.50 0.16 0.01 0.36 0.08 0.43 132 90
Result 1 2.0 154 0.46 0.19 0.15 0.19 0.12 0.19 0.15 -1 -1 -1 -1
Evo 1.01 0.00 0.50 0.46 0.50 0.50 0.50 0.14 0.01 0.31 0.04 0.48 -1 90
Result 0 -3.0 123 0.43 0.14 0.17 0.17 0.15 0.14 0.24 -1 -1 -1 -1
Evo 1.04 0.00 0.50 0.46 0.50 0.50 0.50 0.14 0.01 0.29 0.06 0.42 -1 90
Result 0 -3.0 123 0.41 0.16 0.12 0.15 0.22 0.21 0.14 -1 -1 -1 -1
Evo 1.03 0.50 1.00 0.56 0.50 0.50 0.50 0.17 0.01 0.38 0.05 0.33 113 -1
Result 1 2.0 130 0.41 0.19 0.11 0.15 0.17 0.16 0.22 -1 -1 -1 -1
Evo 1.00 0.00 0.50 0.46 0.50 0.50 0.50 0.13 0.01 0.29 0.11 0.44 -1 90
Result 0 -1.0 268 0.46 0.14 0.19 0.19 0.13 0.14 0.21 -1 -1 -1 -1
Evo 1.06 0.00 0.50 0.46 0.50 0.50 0.50 0.13 0.01 0.27 0.04 0.40 -1 90
Result 0 -1.0 124 0.39 0.20 0.18 0.14 0.12 0.16 0.21 -1 -1 -1 -1
Evo 1.05 0.00 0.50 0.46 0.50 0.50 0.50 0.14 0.01 0.29 0.05 0.49 -1 90
Result 0 -3.0 123 0.41 0.15 0.19 0.15 0.13 0.17 0.21 -1 -1 -1 -1
Evo 1.04 0.00 0.50 0.43 0.50 0.50 0.50 0.17 0.02 0.39 0.05 0.44 -1 49
Result 0 -2.0 79 0.43 0.19 0.16 0.16 0.13 0.20 0.16 -1 -1 -1 -1
Evo 1.08 0.00 0.50 0.43 0.50 0.50 0.50 0.17 0.02 0.39 0.02 0.30 -1 51
Result 0 -2.0 79 0.47 0.19 0.18 0.21 0.16 0.13 0.14 -1 -1 -1 -1
Evo 1.04 0.00 0.50 0.42 0.50 0.50 0.50 0.19 0.02 0.43 0.03 0.28 -1 51
Result 0 -2.0 79 0.39 0.19 0.15 0.14 0.19 0.16 0.18 -1 -1 -1 -1
Evo 1.04 0.00 0.50 0.43 0.50 0.50 0.50 0.17 0.02 0.39 0.03 0.30 -1 49
Result 0 -2.0 79 0.38 0.19 0.18 0.13 0.28 0.10 0.14 -1 -1 -1 -1
Evo 1.03 0.00 0.50 0.44 0.50 0.50 0.50 0.17 0.02 0.38 0.04 0.27 -1 51
Result 0 -2.0 79 0.38 0.20 0.13 0.13 0.21 0.16 0.18 -1 -1 -1 -1
Evo 1.01 0.00 0.50 0.43 0.50 0.50 0.50 0.17 0.02 0.39 0.04 0.35 -1 51
Result 0 -2.0 79 0.49 0.13 0.18 0.24 0.13 0.19 0.15 -1 -1 -1 -1
Evo 1.01 0.00 0.50 0.43 0.50 0.50 0.50 0.18 0.02 0.41 0.04 0.37 -1 50
Result 0 -2.0 79 0.39 0.15 0.15 0.14 0.13 0.19 0.25 -1 -1 -1 -1
Evo 1.01 0.00 0.50 0.43 0.50 0.50 0.50 0.18 0.02 0.41 0.03 0.25 -1 48
Result 0 -2.0 79 0.33 0.15 0.15 0.10 0.28 0.16 0.16 -1 -1 -1 -1
Evo 1.09 0.00 0.50 0.43 0.50 0.50 0.50 0.18 0.02 0.41 0.05 0.47 -1 51
Result 0 -2.0 79 0.43 0.15 0.28 0.16 0.09 0.15 0.18 -1 -1 -1 -1
Evo 1.13 0.00 0.50 0.46 0.50 0.50 0.50 0.14 0.01 0.29 0.06 0.49 -1 50
Result 0 0.0 87 0.39 0.16 0.14 0.14 0.16 0.25 0.16 -1 -1 -1 -1
Evo 1.16 0.00 0.50 0.44 0.50 0.50 0.50 0.17 0.02 0.38 0.03 0.40 -1 50
Result 0 -2.0 79 0.44 0.16 0.20 0.18 0.14 0.15 0.18 -1 -1 -1 -1
Evo 1.10 0.00 0.50 0.44 0.50 0.50 0.50 0.17 0.02 0.38 0.03 0.34 -1 50
Result 0 -2.0 79 0.44 0.14 0.19 0.18 0.13 0.18 0.20 -1 -1 -1 -1
Evo 1.05 0.00 0.50 0.44 0.50 0.50 0.50 0.17 0.02 0.38 0.04 0.37 -1 51
Result 0 -2.0 79 0.46 0.14 0.13 0.20 0.14 0.21 0.19 -1 -1 -1 -1
Evo 1.02 0.00 0.50 0.46 0.50 0.50 0.50 0.14 0.01 0.29 0.11 0.49 -1 49
Result 0 2.0 275 0.39 0.19 0.17 0.13 0.14 0.21 0.16 -1 -1 -1 -1
Evo 1.02 0.50 1.00 0.55 0.50 0.50 0.50 0.14 0.01 0.31 0.10 0.43 174 49
Result 1 5.0 198 0.42 0.16 0.17 0.16 0.21 0.17 0.14 -1 -1 -1 -1
Evo 1.09 0.00 0.50 0.43 0.50 0.50 0.50 0.17 0.02 0.39 0.06 0.42 -1 46
Result 0 -2.0 79 0.52 0.20 0.14 0.29 0.15 0.11 0.11 -1 -1 -1 -1
Evo 1.01 0.00 0.50 0.43 0.50 0.50 0.50 0.17 0.02 0.39 0.03 0.34 -1 51
Result 0 -2.0 79 0.41 0.20 0.19 0.15 0.19 0.10 0.18 -1 -1 -1 -1
Evo 1.06 0.00 0.50 0.43 0.50 0.50 0.50 0.17 0.02 0.39 0.02 0.31 -1 46
Result 0 -2.0 79 0.43 0.20 0.13 0.16 0.13 0.19 0.20 -1 -1 -1 -1
Evo 1.09 0.00 0.50 0.43 0.50 0.50 0.50 0.17 0.02 0.39 0.03 0.28 -1 49
Result 0 -2.0 79 0.35 0.13 0.15 0.11 0.18 0.15 0.29 -1 -1 -1 -1
Evo 1.01 0.00 0.50 0.44 0.50 0.50 0.50 0.17 0.02 0.38 0.03 0.35 -1 48
Result 0 -2.0 79 0.41 0.18 0.18 0.15 0.20 0.13 0.18 -1 -1 -1 -1
Evo 1.03 0.50 1.00 0.58 0.50 0.50 0.50 0.19 0.02 0.43 0.06 0.44 93 -1
Result 1 1.0 110 0.47 0.16 0.14 0.21 0.17 0.22 0.11 -1 -1 -1 -1
Evo 1.00 0.50 1.00 0.54 0.50 0.50 0.50 0.13 0.01 0.28 0.07 0.39 190 -1
Result 1 1.0 204 0.43 0.20 0.12 0.17 0.16 0.16 0.20 -1 -1 -1 -1
Evo 1.00 0.50 1.00 0.55 0.50 0.50 0.50 0.14 0.01 0.31 0.09 0.73 211 -1
Result 1 1.0 231 0.47 0.16 0.16 0.20 0.16 0.16 0.16 -1 -1 -1 -1
Evo 1.03 0.50 1.00 0.58 0.50 0.50 0.50 0.19 0.02 0.43 0.06 0.52 117 -1
Result 1 2.0 144 0.35 0.12 0.20 0.11 0.17 0.20 0.21 -1 -1 -1 -1
Evo 1.02 0.50 1.00 0.56 0.50 0.50 0.50 0.16 0.01 0.35 0.06 0.37 147 -1
Result 1 1.0 170 0.39 0.18 0.16 0.13 0.19 0.19 0.16 -1 -1 -1 -1
Evo 1.08 0.50 1.00 0.61 0.50 0.50 0.50 0.21 0.02 0.49 0.05 0.40 90 -1
Result 1 2.0 121 0.33 0.19 0.17 0.10 0.19 0.16 0.20 -1 -1 -1 -1
Evo 1.01 0.50 1.00 0.54 0.50 0.50 0.50 0.14 0.01 0.30 0.06 0.45 153 -1
Result 1 1.0 166 0.41 0.20 0.14 0.15 0.17 0.16 0.17 -1 -1 -1 -1
Evo 1.03 0.50 1.00 0.54 0.50 0.50 0.50 0.14 0.01 0.31 0.05 0.39 133 -1
Result 1 1.0 145 0.38 0.22 0.18 0.13 0.18 0.15 0.14 -1 -1 -1 -1
Evo 1.01 0.50 1.00 0.55 0.50 0.50 0.50 0.15 0.01 0.34 0.06 0.47 106 -1
Result 1 1.0 127 0.39 0.19 0.19 0.13 0.17 0.16 0.16 -1 -1 -1 -1
Evo 1.00 0.50 1.00 0.56 0.50 0.50 0.50 0.16 0.01 0.37 0.09 0.57 181 -1
Result 1 1.0 209 0.41 0.17 0.19 0.15 0.17 0.19 0.12 -1 -1 -1 -1
Evo 1.04 0.50 1.00 0.58 0.50 0.50 0.50 0.19 0.02 0.43 0.06 0.43 108 -1
Result 1 1.0 128 0.41 0.10 0.18 0.15 0.22 0.20 0.15 -1 -1 -1 -1
Evo 1.01 0.50 1.00 0.57 0.50 0.50 0.50 0.18 0.01 0.41 0.09 0.57 179 -1
Result 1 1.0 209 0.46 0.18 0.16 0.20 0.16 0.15 0.15 -1 -1 -1 -1
Evo 1.00 0.50 1.00 0.55 0.50 0.50 0.50 0.14 0.01 0.31 0.11 0.71 211 -1
Result 1 1.0 231 0.46 0.20 0.16 0.19 0.13 0.14 0.17 -1 -1 -1 -1
Evo 1.00 0.50 1.00 0.55 0.50 0.50 0.50 0.14 0.01 0.31 0.08 0.55 211 -1
Result 1 1.0 231 0.46 0.18 0.17 0.19 0.14 0.15 0.16 -1 -1 -1 -1
Evo 1.04 0.50 1.00 0.56 0.50 0.50 0.50 0.16 0.01 0.36 0.05 0.36 105 -1
Result 1 1.0 119 0.41 0.15 0.18 0.15 0.14 0.20 0.18 -1 -1 -1 -1
Evo 1.02 0.50 1.00 0.57 0.50 0.50 0.50 0.17 0.01 0.38 0.06 0.61 179 -1
Result 1 1.0 205 0.43 0.17 0.13 0.17 0.15 0.17 0.21 -1 -1 -1 -1
Evo 1.00 0.50 1.00 0.55 0.50 0.50 0.50 0.14 0.01 0.31 0.11 0.70 211 -1
Result 1 1.0 231 0.39 0.15 0.18 0.14 0.16 0.21 0.17 -1 -1 -1 -1
Evo 1.05 0.50 1.00 0.58 0.50 0.50 0.50 0.18 0.02 0.42 0.04 0.36 97 -1
Result 1 1.0 115 0.38 0.16 0.13 0.13 0.15 0.23 0.20 -1 -1 -1 -1
Evo 1.02 0.50 1.00 0.55 0.50 0.50 0.50 0.15 0.01 0.33 0.07 0.48 158 -1
Result 1 1.0 174 0.42 0.18 0.17 0.16 0.19 0.15 0.15 -1 -1 -1 -1
Evo 1.00 0.50 1.00 0.55 0.50 0.50 0.50 0.14 0.01 0.31 0.08 0.55 211 -1
Result 1 1.0 231 0.45 0.15 0.18 0.19 0.18 0.18 0.12 -1 -1 -1 -1
