Evo 1.05 0.00 1.00 0.71 0.00 1.00 1.00 0.46 0.10 0.35 0.20 0.23 5 -1
Result 1 5.0 20 0.52 0.14 0.29 0.14 0.14 0.29 -1 -1 -1 -1 -1
Evo 1.03 0.00 1.00 0.60 0.00 1.00 1.00 0.50 0.08 0.44 0.20 0.23 7 -1
Result 1 5.0 34 0.40 0.26 0.20 0.20 0.20 0.14 -1 -1 -1 -1 -1
Evo 1.14 0.00 1.00 0.59 0.00 1.00 1.00 0.50 0.08 0.45 0.20 0.23 8 -1
Result 1 5.0 36 0.51 0.22 0.19 0.14 0.19 0.27 -1 -1 -1 -1 -1
Evo 1.00 0.00 0.00 0.00 0.00 0.00 0.00 0.00 0.00 0.00 0.20 0.23 -1 1980
Result 0 0.0 2000 0.46 0.21 0.20 0.20 0.20 0.19 -1 -1 -1 -1 -1
Evo 1.00 0.00 0.50 0.49 0.50 0.50 0.50 0.05 0.00 0.07 0.20 0.23 -1 1980
Result 0 0.0 2000 0.47 0.20 0.19 0.20 0.21 0.20 -1 -1 -1 -1 -1
Evo 1.00 0.00 0.50 0.49 0.50 0.50 0.50 0.05 0.00 0.07 0.20 0.23 -1 1980
Result 0 0.0 2000 0.45 0.21 0.21 0.19 0.20 0.19 -1 -1 -1 -1 -1
Evo 1.09 0.50 1.00 0.85 0.50 1.00 1.00 0.24 0.05 0.36 0.20 0.23 1 -1
Result 1 5.0 22 0.38 0.17 0.22 0.22 0.26 0.13 -1 -1 -1 -1 -1
Evo 1.05 0.50 1.00 0.82 0.50 1.00 1.00 0.25 0.05 0.41 0.20 0.23 8 -1
Result 1 5.0 21 0.39 0.14 0.27 0.18 0.27 0.14 -1 -1 -1 -1 -1
Evo 1.11 0.50 1.00 0.89 0.50 1.00 1.00 0.21 0.05 0.27 0.20 0.23 4 -1
Result 1 5.0 18 0.22 0.11 0.26 0.32 0.26 0.05 -1 -1 -1 -1 -1
Evo 1.00 0.00 0.50 0.49 0.50 0.50 0.50 0.05 0.00 0.07 0.20 0.23 -1 1980
Result 0 0.0 2000 0.46 0.20 0.19 0.20 0.21 0.20 -1 -1 -1 -1 -1
Evo 1.03 0.50 1.00 0.69 0.50 0.50 1.00 0.25 0.04 0.53 0.20 0.23 21 -1
Result 1 5.0 36 0.51 0.05 0.27 0.27 0.14 0.27 -1 -1 -1 -1 -1
Evo 1.20 0.50 1.00 0.95 1.00 1.00 1.00 0.15 0.05 0.31 0.20 0.23 0 -1
Result 1 5.0 10 0.31 0.09 0.27 0.27 0.27 0.09 -1 -1 -1 -1 -1
Evo 1.10 0.50 1.00 0.79 0.50 1.00 1.00 0.25 0.06 0.46 0.20 0.23 3 -1
Result 1 5.0 20 0.46 0.10 0.33 0.10 0.29 0.19 -1 -1 -1 -1 -1
Evo 1.05 0.50 1.00 0.93 1.00 1.00 1.00 0.18 0.04 0.20 0.20 0.23 1 -1
Result 1 5.0 19 0.52 0.10 0.15 0.30 0.15 0.30 -1 -1 -1 -1 -1
Evo 1.12 0.50 1.00 0.85 0.50 1.00 1.00 0.24 0.05 0.37 0.20 0.23 8 -1
Result 1 5.0 25 0.28 0.38 0.12 0.31 0.12 0.08 -1 -1 -1 -1 -1
Evo 1.00 0.00 0.50 0.49 0.50 0.50 0.50 0.05 0.00 0.07 0.20 0.23 -1 1980
Result 0 0.0 2000 0.45 0.21 0.20 0.21 0.20 0.19 -1 -1 -1 -1 -1
Evo 1.00 0.00 0.50 0.49 0.50 0.50 0.50 0.05 0.00 0.07 0.20 0.23 -1 1980
Result 0 0.0 2000 0.46 0.21 0.20 0.21 0.19 0.19 -1 -1 -1 -1 -1
Evo 1.11 0.50 1.00 0.90 1.00 1.00 1.00 0.21 0.04 0.27 0.20 0.23 5 -1
Result 1 5.0 28 0.44 0.17 0.24 0.28 0.14 0.17 -1 -1 -1 -1 -1
Evo 1.04 0.50 1.00 0.82 0.50 1.00 1.00 0.24 0.05 0.41 0.20 0.23 9 -1
Result 1 5.0 27 0.35 0.29 0.25 0.18 0.18 0.11 -1 -1 -1 -1 -1
Evo 1.04 0.50 1.00 0.76 0.50 1.00 1.00 0.25 0.05 0.49 0.20 0.23 13 -1
Result 1 5.0 26 0.50 0.19 0.19 0.26 0.11 0.26 -1 -1 -1 -1 -1
Evo 1.00 0.00 0.50 0.49 0.50 0.50 0.50 0.05 0.00 0.07 0.21 0.22 -1 0
Result 0 1.0 2000 0.45 0.22 0.21 0.20 0.18 0.18 -1 -1 -1 -1 -1
Evo 1.00 0.00 0.50 0.49 0.50 0.50 0.50 0.05 0.00 0.07 0.21 0.22 -1 0
Result 0 0.0 2000 0.47 0.23 0.21 0.20 0.16 0.20 -1 -1 -1 -1 -1
Evo 1.00 0.00 0.50 0.49 0.50 0.50 0.50 0.05 0.00 0.07 0.21 0.22 -1 0
Result 0 1.0 2000 0.46 0.20 0.22 0.21 0.18 0.19 -1 -1 -1 -1 -1
Evo 1.00 0.00 0.50 0.49 0.50 0.50 0.50 0.05 0.00 0.07 0.12 0.21 -1 0
Result 0 0.0 2000 0.44 0.21 0.20 0.23 0.19 0.18 -1 -1 -1 -1 -1
Evo 1.00 0.00 0.50 0.49 0.50 0.50 0.50 0.05 0.00 0.07 0.18 0.21 -1 0
Result 0 0.0 2000 0.46 0.22 0.21 0.19 0.18 0.19 -1 -1 -1 -1 -1
Evo 1.00 0.00 0.50 0.49 0.50 0.50 0.50 0.05 0.00 0.07 0.20 0.22 -1 0
Result 0 0.0 2000 0.46 0.21 0.20 0.20 0.19 0.20 -1 -1 -1 -1 -1
Evo 1.00 0.00 0.50 0.49 0.50 0.50 0.50 0.05 0.00 0.07 0.16 0.21 -1 0
Result 0 0.0 2000 0.43 0.20 0.21 0.23 0.19 0.16 -1 -1 -1 -1 -1
Evo 1.00 0.00 0.50 0.49 0.50 0.50 0.50 0.05 0.00 0.07 0.19 0.21 -1 0
Result 0 0.0 2000 0.47 0.20 0.21 0.19 0.19 0.21 -1 -1 -1 -1 -1
Evo 1.00 0.00 0.50 0.49 0.50 0.50 0.50 0.05 0.00 0.07 0.13 0.21 -1 0
Result 0 0.0 2000 0.43 0.23 0.19 0.22 0.20 0.16 -1 -1 -1 -1 -1
Evo 1.00 0.00 0.50 0.49 0.50 0.50 0.50 0.05 0.00 0.07 0.18 0.21 -1 0
Result 0 0.0 2000 0.46 0.21 0.22 0.18 0.19 0.20 -1 -1 -1 -1 -1
Evo 1.00 0.00 0.50 0.50 0.50 0.50 0.50 0.04 0.00 0.06 0.16 0.22 -1 0
Result 0 0.0 1995 0.48 0.21 0.21 0.18 0.18 0.22 -1 -1 -1 -1 -1
Evo 1.00 0.00 0.50 0.49 0.50 0.50 0.50 0.05 0.00 0.07 0.13 0.21 -1 0
Result 0 0.0 2000 0.48 0.21 0.20 0.18 0.19 0.22 -1 -1 -1 -1 -1
Evo 1.00 0.00 0.50 0.49 0.50 0.50 0.50 0.05 0.00 0.07 0.14 0.22 -1 0
Result 0 0.0 2000 0.45 0.22 0.19 0.22 0.18 0.19 -1 -1 -1 -1 -1
Evo 1.00 0.00 0.50 0.49 0.50 0.50 0.50 0.05 0.00 0.07 0.18 0.21 -1 0
Result 0 0.0 2000 0.47 0.19 0.21 0.20 0.19 0.20 -1 -1 -1 -1 -1
Evo 1.00 0.00 0.50 0.49 0.50 0.50 0.50 0.05 0.00 0.07 0.15 0.21 -1 0
Result 0 0.0 2000 0.43 0.22 0.21 0.20 0.20 0.17 -1 -1 -1 -1 -1
Evo 1.00 0.00 0.50 0.49 0.50 0.50 0.50 0.05 0.00 0.07 0.15 0.21 -1 0
Result 0 0.0 2000 0.43 0.22 0.22 0.21 0.18 0.17 -1 -1 -1 -1 -1
Evo 1.00 0.00 0.50 0.49 0.50 0.50 0.50 0.05 0.00 0.07 0.19 0.21 -1 0
Result 0 0.0 2000 0.46 0.21 0.21 0.20 0.18 0.19 -1 -1 -1 -1 -1
Evo 1.00 0.00 0.50 0.49 0.50 0.50 0.50 0.05 0.00 0.07 0.18 0.21 -1 0
Result 0 0.0 2000 0.45 0.22 0.20 0.22 0.18 0.18 -1 -1 -1 -1 -1
Evo 1.00 0.00 0.50 0.49 0.50 0.50 0.50 0.05 0.00 0.07 0.20 0.21 -1 0
Result 0 0.0 2000 0.45 0.20 0.21 0.20 0.20 0.18 -1 -1 -1 -1 -1
Evo 1.00 0.00 0.50 0.49 0.50 0.50 0.50 0.05 0.00 0.07 0.12 0.21 -1 0
Result 0 0.0 2000 0.43 0.20 0.21 0.23 0.19 0.17 -1 -1 -1 -1 -1
Evo 1.00 0.00 0.50 0.49 0.50 0.50 0.50 0.05 0.00 0.07 0.20 0.28 -1 127
Result 0 0.0 2000 0.46 0.21 0.19 0.20 0.21 0.19 -1 -1 -1 -1 -1
Evo 1.00 0.00 0.50 0.49 0.50 0.50 0.50 0.05 0.00 0.07 0.18 0.28 -1 20
Result 0 0.0 2000 0.46 0.22 0.18 0.19 0.21 0.19 -1 -1 -1 -1 -1
Evo 1.00 0.00 0.50 0.49 0.50 0.50 0.50 0.05 0.00 0.07 0.22 0.28 -1 44
Result 0 1.0 2000 0.46 0.22 0.18 0.20 0.20 0.20 -1 -1 -1 -1 -1
Evo 1.00 0.00 0.50 0.49 0.50 0.50 0.50 0.05 0.00 0.07 0.22 0.28 -1 41
Result 0 0.0 2000 0.47 0.21 0.20 0.19 0.19 0.20 -1 -1 -1 -1 -1
Evo 1.00 0.00 0.50 0.49 0.50 0.50 0.50 0.05 0.00 0.07 0.21 0.28 -1 11
Result 0 1.0 2000 0.45 0.20 0.19 0.21 0.21 0.19 -1 -1 -1 -1 -1
Evo 1.00 0.00 0.50 0.49 0.50 0.50 0.50 0.05 0.00 0.07 0.19 0.28 -1 48
Result 0 0.0 2000 0.46 0.21 0.18 0.21 0.20 0.19 -1 -1 -1 -1 -1
Evo 1.00 0.00 0.50 0.49 0.50 0.50 0.50 0.05 0.00 0.07 0.20 0.28 -1 96
Result 0 1.0 2000 0.45 0.20 0.19 0.21 0.22 0.18 -1 -1 -1 -1 -1
Evo 1.00 0.00 0.50 0.49 0.50 0.50 0.50 0.05 0.00 0.07 0.22 0.28 -1 29
Result 0 1.0 2000 0.47 0.21 0.19 0.19 0.20 0.20 -1 -1 -1 -1 -1
Evo 1.00 0.00 0.50 0.49 0.50 0.50 0.50 0.05 0.00 0.07 0.22 0.28 -1 29
Result 0 1.0 2000 0.46 0.21 0.19 0.21 0.20 0.19 -1 -1 -1 -1 -1
Evo 1.00 0.00 0.50 0.49 0.50 0.50 0.50 0.05 0.00 0.07 0.23 0.28 -1 63
Result 0 1.0 2000 0.45 0.22 0.20 0.19 0.20 0.18 -1 -1 -1 -1 -1
Evo 1.00 0.00 0.50 0.49 0.50 0.50 0.50 0.05 0.00 0.07 0.22 0.28 -1 52
Result 0 1.0 2000 0.45 0.20 0.20 0.20 0.21 0.19 -1 -1 -1 -1 -1
Evo 1.00 0.00 0.50 0.49 0.50 0.50 0.50 0.05 0.00 0.07 0.22 0.28 -1 57
Result 0 1.0 2000 0.46 0.21 0.20 0.20 0.20 0.19 -1 -1 -1 -1 -1
Evo 1.00 0.00 0.50 0.49 0.50 0.50 0.50 0.05 0.00 0.07 0.18 0.28 -1 113
Result 0 0.0 2000 0.45 0.21 0.20 0.20 0.21 0.19 -1 -1 -1 -1 -1
Evo 1.00 0.00 0.50 0.49 0.50 0.50 0.50 0.05 0.00 0.07 0.19 0.28 -1 81
Result 0 0.0 2000 0.44 0.20 0.18 0.21 0.23 0.18 -1 -1 -1 -1 -1
Evo 1.00 0.00 0.50 0.49 0.50 0.50 0.50 0.05 0.00 0.07 0.21 0.28 -1 22
Result 0 0.0 2000 0.48 0.20 0.19 0.19 0.20 0.22 -1 -1 -1 -1 -1
Evo 1.00 0.00 0.50 0.49 0.50 0.50 0.50 0.05 0.00 0.07 0.19 0.28 -1 342
Result 0 0.0 2000 0.46 0.22 0.20 0.19 0.19 0.20 -1 -1 -1 -1 -1
Evo 1.00 0.00 0.50 0.49 0.50 0.50 0.50 0.05 0.00 0.07 0.15 0.28 -1 396
Result 0 0.0 2000 0.47 0.18 0.19 0.20 0.22 0.21 -1 -1 -1 -1 -1
Evo 1.00 0.00 0.50 0.49 0.50 0.50 0.50 0.05 0.00 0.07 0.21 0.28 -1 116
Result 0 1.0 2000 0.46 0.20 0.19 0.20 0.22 0.19 -1 -1 -1 -1 -1
Evo 1.00 0.00 0.50 0.49 0.50 0.50 0.50 0.05 0.00 0.07 0.15 0.25 -1 41
Result 0 1.0 2000 0.46 0.22 0.18 0.20 0.20 0.19 -1 -1 -1 -1 -1
Evo 1.00 0.00 0.50 0.49 0.50 0.50 0.50 0.05 0.00 0.07 0.18 0.28 -1 83
Result 0 0.0 2000 0.48 0.22 0.18 0.18 0.21 0.22 -1 -1 -1 -1 -1
Evo 1.00 0.00 0.50 0.49 0.50 0.50 0.50 0.05 0.00 0.07 0.25 0.52 -1 0
Result 0 11.0 2000 0.42 0.23 0.21 0.21 0.19 0.16 -1 -1 -1 -1 -1
Evo 1.00 0.00 0.50 0.49 0.50 0.50 0.50 0.05 0.00 0.07 0.26 0.54 -1 0
Result 0 11.0 2000 0.42 0.23 0.20 0.24 0.18 0.16 -1 -1 -1 -1 -1
Evo 1.00 0.00 0.50 0.50 0.50 0.50 0.50 0.04 0.00 0.06 0.11 0.29 -1 0
Result 0 4.0 1995 0.42 0.23 0.23 0.22 0.16 0.16 -1 -1 -1 -1 -1
Evo 1.00 0.00 0.50 0.49 0.50 0.50 0.50 0.05 0.00 0.07 0.11 0.22 -1 0
Result 0 4.0 2000 0.42 0.24 0.24 0.23 0.14 0.15 -1 -1 -1 -1 -1
Evo 1.00 0.00 0.50 0.49 0.50 0.50 0.50 0.05 0.00 0.07 0.25 0.48 -1 0
Result 0 10.0 2000 0.43 0.22 0.20 0.24 0.18 0.16 -1 -1 -1 -1 -1
Evo 1.00 0.00 0.50 0.49 0.50 0.50 0.50 0.05 0.00 0.07 0.23 0.51 -1 0
Result 0 10.0 2000 0.41 0.23 0.21 0.22 0.19 0.15 -1 -1 -1 -1 -1
Evo 1.00 0.00 0.50 0.49 0.50 0.50 0.50 0.05 0.00 0.07 0.21 0.50 -1 0
Result 0 8.0 2000 0.43 0.23 0.18 0.23 0.20 0.17 -1 -1 -1 -1 -1
Evo 1.00 0.00 0.50 0.49 0.50 0.50 0.50 0.05 0.00 0.07 0.30 0.50 -1 0
Result 0 13.0 2000 0.44 0.23 0.20 0.22 0.17 0.18 -1 -1 -1 -1 -1
Evo 1.00 0.00 0.50 0.49 0.50 0.50 0.50 0.05 0.00 0.07 0.21 0.51 -1 0
Result 0 9.0 2000 0.41 0.22 0.23 0.24 0.17 0.15 -1 -1 -1 -1 -1
Evo 1.00 0.00 0.50 0.49 0.50 0.50 0.50 0.05 0.00 0.07 0.27 0.54 -1 0
Result 0 11.0 2000 0.43 0.24 0.22 0.21 0.17 0.16 -1 -1 -1 -1 -1
Evo 1.00 0.00 0.50 0.49 0.50 0.50 0.50 0.05 0.00 0.07 0.14 0.35 -1 0
Result 0 7.0 2000 0.41 0.23 0.21 0.23 0.18 0.15 -1 -1 -1 -1 -1
Evo 1.00 0.00 0.50 0.49 0.50 0.50 0.50 0.05 0.00 0.07 0.21 0.46 -1 0
Result 0 9.0 2000 0.41 0.23 0.22 0.21 0.19 0.15 -1 -1 -1 -1 -1
Evo 1.00 0.00 0.50 0.49 0.50 0.50 0.50 0.05 0.00 0.07 0.33 0.53 -1 0
Result 0 13.0 2000 0.44 0.22 0.21 0.21 0.19 0.17 -1 -1 -1 -1 -1
Evo 1.00 0.00 0.50 0.49 0.50 0.50 0.50 0.05 0.00 0.07 0.16 0.47 -1 0
Result 0 6.0 2000 0.42 0.21 0.21 0.23 0.19 0.16 -1 -1 -1 -1 -1
Evo 1.00 0.00 0.50 0.49 0.50 0.50 0.50 0.05 0.00 0.07 0.10 0.41 -1 0
Result 0 6.0 2000 0.40 0.24 0.23 0.23 0.15 0.14 -1 -1 -1 -1 -1
Evo 1.00 0.00 0.50 0.50 0.50 0.50 0.50 0.05 0.00 0.06 0.26 0.48 -1 0
Result 0 12.0 1997 0.45 0.23 0.21 0.22 0.15 0.19 -1 -1 -1 -1 -1
Evo 1.00 0.00 0.50 0.49 0.50 0.50 0.50 0.05 0.00 0.07 0.34 0.54 -1 0
Result 0 11.0 2000 0.46 0.25 0.22 0.20 0.13 0.20 -1 -1 -1 -1 -1
Evo 1.00 0.00 0.50 0.49 0.50 0.50 0.50 0.05 0.00 0.07 0.26 0.52 -1 0
Result 0 11.0 2000 0.42 0.22 0.21 0.24 0.18 0.15 -1 -1 -1 -1 -1
Evo 1.00 0.00 0.50 0.49 0.50 0.50 0.50 0.05 0.00 0.07 0.12 0.40 -1 0
Result 0 5.0 2000 0.42 0.23 0.22 0.23 0.16 0.16 -1 -1 -1 -1 -1
Evo 1.00 0.00 0.50 0.49 0.50 0.50 0.50 0.05 0.00 0.07 0.18 0.48 -1 0
Result 0 7.0 2000 0.44 0.25 0.21 0.21 0.15 0.18 -1 -1 -1 -1 -1
Evo 1.00 0.00 0.50 0.49 0.50 0.50 0.50 0.05 0.00 0.07 0.32 0.38 -1 0
Result 0 6.0 2000 0.48 0.20 0.18 0.17 0.23 0.22 -1 -1 -1 -1 -1
Evo 1.00 0.00 0.50 0.49 0.50 0.50 0.50 0.05 0.00 0.07 0.25 0.38 -1 0
Result 0 5.0 2000 0.47 0.21 0.14 0.20 0.23 0.21 -1 -1 -1 -1 -1
Evo 1.00 0.00 0.50 0.49 0.50 0.50 0.50 0.05 0.00 0.07 0.11 0.35 -1 0
Result 0 1.0 2000 0.49 0.23 0.18 0.14 0.22 0.23 -1 -1 -1 -1 -1
Evo 1.00 0.00 0.50 0.49 0.50 0.50 0.50 0.05 0.00 0.07 0.32 0.40 -1 0
Result 0 6.0 2000 0.49 0.22 0.14 0.17 0.23 0.24 -1 -1 -1 -1 -1
Evo 1.00 0.00 0.50 0.49 0.50 0.50 0.50 0.05 0.00 0.07 0.33 0.40 -1 0
Result 0 6.0 2000 0.48 0.21 0.17 0.17 0.22 0.22 -1 -1 -1 -1 -1
Evo 1.00 0.00 0.50 0.49 0.50 0.50 0.50 0.05 0.00 0.07 0.30 0.38 -1 0
Result 0 5.0 2000 0.49 0.22 0.16 0.15 0.24 0.23 -1 -1 -1 -1 -1
Evo 1.00 0.00 0.50 0.49 0.50 0.50 0.50 0.05 0.00 0.07 0.32 0.38 -1 0
Result 0 6.0 2000 0.48 0.22 0.17 0.17 0.21 0.22 -1 -1 -1 -1 -1
Evo 1.00 0.00 0.50 0.49 0.50 0.50 0.50 0.05 0.00 0.07 0.32 0.38 -1 0
Result 0 6.0 2000 0.48 0.21 0.16 0.19 0.23 0.22 -1 -1 -1 -1 -1
Evo 1.00 0.00 0.50 0.49 0.50 0.50 0.50 0.05 0.00 0.07 0.27 0.40 -1 0
Result 0 4.0 2000 0.50 0.23 0.17 0.15 0.20 0.24 -1 -1 -1 -1 -1
Evo 1.00 0.00 0.50 0.49 0.50 0.50 0.50 0.05 0.00 0.07 0.29 0.38 -1 0
Result 0 5.0 2000 0.48 0.23 0.14 0.18 0.23 0.22 -1 -1 -1 -1 -1
Evo 1.00 0.00 0.50 0.49 0.50 0.50 0.50 0.05 0.00 0.07 0.32 0.37 -1 0
Result 0 6.0 2000 0.48 0.24 0.12 0.19 0.22 0.22 -1 -1 -1 -1 -1
Evo 1.00 0.00 0.50 0.49 0.50 0.50 0.50 0.05 0.00 0.07 0.27 0.37 -1 0
Result 0 3.0 2000 0.47 0.22 0.17 0.18 0.22 0.21 -1 -1 -1 -1 -1
Evo 1.00 0.00 0.50 0.49 0.50 0.50 0.50 0.05 0.00 0.07 0.29 0.40 -1 0
Result 0 5.0 2000 0.48 0.20 0.16 0.18 0.23 0.22 -1 -1 -1 -1 -1
Evo 1.00 0.00 0.50 0.49 0.50 0.50 0.50 0.05 0.00 0.07 0.32 0.38 -1 0
Result 0 6.0 2000 0.48 0.23 0.12 0.19 0.24 0.22 -1 -1 -1 -1 -1
Evo 1.00 0.00 0.50 0.49 0.50 0.50 0.50 0.05 0.00 0.07 0.29 0.38 -1 0
Result 0 5.0 2000 0.47 0.21 0.14 0.20 0.24 0.20 -1 -1 -1 -1 -1
Evo 1.00 0.00 0.50 0.49 0.50 0.50 0.50 0.05 0.00 0.07 0.33 0.38 -1 0
Result 0 6.0 2000 0.48 0.22 0.15 0.18 0.23 0.22 -1 -1 -1 -1 -1
Evo 1.00 0.00 0.50 0.49 0.50 0.50 0.50 0.05 0.00 0.07 0.32 0.38 -1 0
Result 0 6.0 2000 0.48 0.22 0.17 0.18 0.22 0.22 -1 -1 -1 -1 -1
Evo 1.00 0.00 0.50 0.49 0.50 0.50 0.50 0.05 0.00 0.07 0.25 0.38 -1 0
Result 0 4.0 2000 0.49 0.22 0.15 0.17 0.24 0.23 -1 -1 -1 -1 -1
Evo 1.00 0.00 0.50 0.49 0.50 0.50 0.50 0.05 0.00 0.07 0.32 0.38 -1 0
Result 0 6.0 2000 0.48 0.24 0.15 0.16 0.24 0.22 -1 -1 -1 -1 -1
Evo 1.00 0.00 0.50 0.50 0.50 0.50 0.50 0.05 0.00 0.06 0.29 0.37 -1 0
Result 0 3.0 1997 0.48 0.20 0.16 0.18 0.23 0.22 -1 -1 -1 -1 -1
