Result 1 1.0 23 1692784252
Result 1 1.0 9 1786073215
Result 1 1.0 26 -1366451960
Result 1 1.0 26 1171109229
Result 1 1.0 15 1915364831
Result 1 1.0 35 -1098141585
Result 1 1.0 36 720781084
Result 1 1.0 29 -1201884372
Result 1 1.0 13 1482317304
Result 1 1.0 9 1138321374
Result 1 1.0 23 -1691558596
Result 1 1.0 29 1678131404
Result 1 1.0 9 1741194414
Result 1 1.0 14 2146729947
Result 1 1.0 19 -1461272051
Result 1 1.0 10 2007777741
Result 1 1.0 14 34522366
Result 1 1.0 11 136227178
Result 1 1.0 17 590185400
Result 1 1.0 22 1044852261
Result 0 0.0 2000 -926329229
Result 0 0.0 2000 376892403
Result 0 0.0 2000 -1291036395
Result 1 1.0 783 -1473817081
Result 0 0.0 2000 893317212
Result 0 0.0 2000 177545914
Result 0 0.0 2000 562383742
Result 1 1.0 928 747210370
Result 0 0.0 2000 -2034001620
Result 0 0.0 2000 -1624906934
Result 1 1.0 1527 -2020115948
Result 0 0.0 2000 1728472554
Result 0 0.0 2000 -387113243
Result 1 1.0 1100 1605365562
Result 0 0.0 2000 686731746
Result 0 0.0 2000 -1521315185
Result 0 0.0 2000 -390160240
Result 0 0.0 2000 345977824
Result 0 0.0 2000 1332510241
Result 0 0.0 2000 -1122854290
Result 0 0.0 2000 -726833961
Result 0 0.0 2000 -684892595
Result 0 0.0 2000 253287817
Result 0 0.0 2000 553369955
Result 0 0.0 2000 484007096
Result 0 0.0 2000 561265817
Result 0 0.0 2000 172202886
Result 0 0.0 2000 141980409
Result 0 0.0 2000 -810030383
Result 0 0.0 2000 -1491616773
Result 0 0.0 2000 -146958911
Result 0 0.0 2000 1462782788
Result 0 0.0 2000 -583719524
Result 0 0.0 2000 -1487630043
Result 0 0.0 2000 -767818878
Result 0 0.0 2000 1319896647
Result 0 0.0 2000 -1966511563
Result 0 0.0 2000 326560494
Result 0 0.0 2000 -1359780935
Result 0 0.0 2000 1563026900
Result 0 0.0 2000 1427451494
Result 0 0.0 2000 -796910409
Result 0 0.0 2000 1753281647
Result 0 0.0 2000 -433884240
Result 0 0.0 2000 1992267625
Result 0 0.0 2000 -627565655
Result 0 0.0 2000 -210239526
Result 0 0.0 2000 -1442542948
Result 0 0.0 2000 -293793613
Result 0 0.0 2000 -1625642654
Result 0 0.0 2000 1395364113
Result 0 0.0 2000 764929543
Result 0 0.0 2000 851251406
Result 0 0.0 2000 -1388710052
Result 0 0.0 2000 1117628165
Result 0 0.0 2000 2099265606
Result 0 0.0 2000 -582256119
Result 0 0.0 2000 1591729841
Result 0 0.0 2000 -97251317
Result 0 0.0 2000 1457980376
Result 0 0.0 2000 1308875313
Result 0 0.0 2000 1619496603
Result 0 0.0 2000 558321451
Result 0 0.0 2000 2002191603
Result 0 0.0 2000 -437953915
Result 0 0.0 2000 2124768591
Result 0 0.0 2000 2112660430
Result 0 0.0 2000 -12713222
Result 0 0.0 2000 -110882062
Result 0 0.0 2000 -1091082367
Result 0 0.0 2000 673816841
Result 0 0.0 2000 1501214545
Result 0 0.0 2000 -973610534
Result 0 0.0 2000 -1890340700
Result 0 0.0 2000 -1343084301
Result 0 0.0 2000 -2108335709
Result 0 0.0 2000 36866785
Result 0 0.0 2000 -1073317568
Result 0 0.0 2000 -1230506130
Result 0 0.0 2000 934660559
