Evo 6220.40 -147364.54 8.16 -10878.46 -1421.00 8.07 8.08 24717.00 911.08 0.01 0.31 0.46 -1 -1
Result 0 0.0 735 0.45 0.20 0.19 0.20 0.21 0.20 -1 -1 -1 -1 -1
Evo 7802.11 -135589.67 999999.76 -7563.69 4.72 8.08 8.08 39527.80 1249.35 0.01 0.39 0.48 -1 -1
Result 1 8.0 1000 0.46 0.22 0.20 0.21 0.20 0.17 -1 -1 -1 -1 -1
Evo 7643.18 -148756.53 1000000.14 -6364.00 4.08 6.08 8.06 38171.23 1206.48 0.01 0.42 0.47 -1 -1
Result 1 5.0 1000 0.45 0.22 0.19 0.19 0.22 0.18 -1 -1 -1 -1 -1
Evo 7977.78 -152773.89 1000000.17 -6691.64 2.25 8.07 8.08 39144.32 1237.23 0.01 0.35 0.39 -1 -1
Result 1 7.0 1000 0.47 0.21 0.21 0.18 0.22 0.17 -1 -1 -1 -1 -1
Evo 7704.29 -136360.21 1000000.18 -7502.50 4.07 5.19 8.07 39356.66 1243.95 0.01 0.34 0.43 -1 -1
Result 1 8.0 1000 0.44 0.22 0.17 0.23 0.21 0.16 -1 -1 -1 -1 -1
Evo 6797.36 -138607.25 8.10 -8277.21 3.01 6.04 8.08 23272.11 762.71 0.01 0.35 0.44 -1 -1
Result 0 0.0 930 0.43 0.23 0.17 0.20 0.21 0.20 -1 -1 -1 -1 -1
Evo 7960.92 -132228.40 999999.60 -6432.37 5.08 8.06 8.08 38709.59 1223.49 0.01 0.42 0.48 -1 -1
Result 1 8.0 1000 0.47 0.21 0.21 0.20 0.20 0.18 -1 -1 -1 -1 -1
Evo 5488.55 -159196.76 4.58 -13937.61 -17674.00 1.07 3.15 27251.20 1119.07 0.02 0.05 0.15 -1 -1
Result 0 0.0 592 0.48 0.24 0.22 0.22 0.19 0.13 -1 -1 -1 -1 -1
Evo 6820.49 -123707.54 7.08 -8717.29 1.07 2.20 4.07 24083.37 816.50 0.01 0.23 0.30 -1 -1
Result 0 0.0 869 0.48 0.21 0.21 0.23 0.20 0.14 -1 -1 -1 -1 -1
Evo 6076.84 -136982.52 1000000.26 -6051.05 4.93 8.07 8.08 37650.51 1190.02 0.01 0.17 0.28 -1 -1
Result 1 8.0 1000 0.48 0.19 0.21 0.23 0.19 0.17 -1 -1 -1 -1 -1
Evo 6207.43 -126821.99 8.08 -11491.36 1.07 3.08 8.06 26951.86 970.65 0.01 0.30 0.39 -1 -1
Result 0 0.0 770 0.45 0.25 0.19 0.17 0.23 0.16 -1 -1 -1 -1 -1
Evo 7809.06 -144995.97 1000000.57 -6916.80 0.08 3.01 8.08 39210.92 1239.34 0.01 0.40 0.45 -1 -1
Result 1 7.0 1000 0.47 0.23 0.21 0.20 0.21 0.16 -1 -1 -1 -1 -1
Evo 7524.21 -153842.89 999999.71 -6985.86 3.34 7.08 8.08 39154.29 1237.55 0.01 0.36 0.52 -1 -1
Result 1 8.0 1000 0.46 0.18 0.20 0.21 0.22 0.20 -1 -1 -1 -1 -1
Evo 7810.59 -151895.36 999999.98 -6948.21 5.08 7.06 8.08 39405.49 1245.49 0.01 0.47 0.53 -1 -1
Result 1 8.0 1000 0.47 0.21 0.20 0.19 0.22 0.17 -1 -1 -1 -1 -1
Evo 8294.00 -244895.17 999999.65 -6518.77 6.46 8.08 8.08 38814.33 1226.80 0.01 0.29 0.42 -1 -1
Result 1 8.0 1000 0.47 0.19 0.21 0.23 0.19 0.18 -1 -1 -1 -1 -1
Evo 4383.64 -132996.55 5.24 -14045.50 -13534.18 2.08 5.00 27619.63 1189.66 0.02 0.11 0.23 -1 -1
Result 0 0.0 538 0.50 0.19 0.25 0.24 0.19 0.12 -1 -1 -1 -1 -1
Evo 7614.94 -155168.76 1000000.57 -7158.07 3.08 7.09 8.07 38683.55 1222.67 0.01 0.41 0.51 -1 -1
Result 1 7.0 1000 0.46 0.23 0.20 0.20 0.19 0.19 -1 -1 -1 -1 -1
Evo 7810.24 -132811.18 1000000.15 -6538.22 3.11 8.08 8.08 38432.56 1214.74 0.01 0.40 0.51 -1 -1
Result 1 8.0 1000 0.43 0.22 0.17 0.20 0.21 0.20 -1 -1 -1 -1 -1
Evo 8077.54 -131575.41 1000000.21 -5515.61 3.07 8.07 8.08 37990.95 1200.78 0.01 0.32 0.36 -1 -1
Result 1 8.0 1000 0.47 0.20 0.21 0.22 0.21 0.16 -1 -1 -1 -1 -1
Evo 7955.72 -134321.88 999999.72 -7517.79 2.90 8.08 8.08 40809.25 1289.86 0.01 0.47 0.53 -1 -1
Result 1 8.0 1000 0.46 0.22 0.19 0.20 0.21 0.18 -1 -1 -1 -1 -1
Evo 8350.83 -300774.37 999999.79 -24469.77 2.07 8.06 8.08 72433.79 2289.41 0.01 0.29 0.43 -1 -1
Result 1 5.0 1000 0.45 0.22 0.18 0.16 0.21 0.22 -1 -1 -1 -1 -1
Evo 4805.30 -340559.18 8.19 -58673.45 -144654.57 8.04 8.08 96788.09 4090.04 0.02 0.25 0.39 -1 -1
Result 0 0.0 559 0.42 0.20 0.16 0.23 0.19 0.22 -1 -1 -1 -1 -1
Evo 7783.03 -341259.74 8.16 -33040.60 0.35 5.08 8.07 75092.03 2498.91 0.01 0.33 0.44 -1 -1
Result 0 0.0 902 0.43 0.20 0.17 0.20 0.20 0.23 -1 -1 -1 -1 -1
Evo 7154.50 -365077.54 8.12 -36445.17 -580.90 3.08 5.08 78581.09 2880.92 0.01 0.27 0.36 -1 -1
Result 0 0.0 743 0.45 0.21 0.19 0.19 0.20 0.21 -1 -1 -1 -1 -1
Evo 6071.94 -347807.18 8.17 -50862.36 -23647.40 7.06 8.07 93591.28 3734.70 0.01 0.27 0.38 -1 -1
Result 0 0.0 627 0.42 0.23 0.16 0.19 0.22 0.19 -1 -1 -1 -1 -1
Evo 4615.46 -277530.72 8.12 -50428.57 -65890.69 1.08 5.07 82608.42 3591.67 0.02 0.23 0.38 -1 -1
Result 0 0.0 528 0.44 0.21 0.18 0.14 0.24 0.23 -1 -1 -1 -1 -1
Evo 3555.22 -374997.87 0.77 -69828.42 -146510.63 0.07 0.10 97421.94 4895.64 0.02 0.05 0.13 -1 -1
Result 0 0.0 395 0.48 0.21 0.22 0.12 0.19 0.25 -1 -1 -1 -1 -1
Evo 7038.30 -324449.05 8.10 -34383.80 0.43 5.07 8.07 77815.16 2675.34 0.01 0.27 0.33 -1 -1
Result 0 0.0 845 0.47 0.21 0.21 0.18 0.20 0.21 -1 -1 -1 -1 -1
Evo 7023.75 -316664.68 5.35 -39473.77 -7556.37 2.08 3.08 79374.38 2960.16 0.01 0.12 0.25 -1 -1
Result 0 0.0 718 0.48 0.22 0.22 0.14 0.21 0.22 -1 -1 -1 -1 -1
Evo 6521.00 -352939.23 8.10 -41293.03 -6578.53 5.05 7.07 80914.29 3064.85 0.01 0.29 0.36 -1 -1
Result 0 0.0 696 0.47 0.22 0.21 0.19 0.18 0.21 -1 -1 -1 -1 -1
Evo 5464.35 -299063.96 8.15 -52291.71 -109808.77 5.78 8.07 86539.01 3776.87 0.02 0.23 0.38 -1 -1
Result 0 0.0 524 0.47 0.22 0.20 0.20 0.20 0.18 -1 -1 -1 -1 -1
Evo 4450.26 -327007.57 8.15 -66838.81 -170039.18 1.06 8.08 96968.23 4617.53 0.02 0.14 0.27 -1 -1
Result 0 0.0 440 0.46 0.22 0.20 0.17 0.21 0.20 -1 -1 -1 -1 -1
Evo 3916.20 -293411.33 8.12 -64109.99 -164555.68 1.07 8.04 92936.50 4347.39 0.02 0.19 0.36 -1 -1
Result 0 0.0 456 0.43 0.20 0.16 0.18 0.25 0.21 -1 -1 -1 -1 -1
Evo 8162.52 -322156.65 1000000.44 -32364.01 3.06 8.06 8.08 86092.73 2721.13 0.01 0.44 0.52 -1 -1
Result 1 7.0 1000 0.47 0.25 0.21 0.16 0.20 0.18 -1 -1 -1 -1 -1
Evo 5287.39 -298767.48 8.12 -50996.47 -82676.42 1.07 7.06 85535.38 3722.45 0.02 0.19 0.36 -1 -1
Result 0 0.0 527 0.47 0.23 0.20 0.17 0.19 0.20 -1 -1 -1 -1 -1
Evo 7820.01 -304496.30 8.16 -31753.22 0.08 7.71 8.08 74437.35 2394.98 0.01 0.27 0.37 -1 -1
Result 0 0.0 965 0.46 0.21 0.20 0.16 0.22 0.21 -1 -1 -1 -1 -1
Evo 1846.01 -338569.64 0.75 -91920.37 -190276.06 -15788.88 0.12 102766.59 5818.01 0.03 0.04 0.12 -1 -1
Result 0 0.0 311 0.49 0.21 0.24 0.13 0.18 0.24 -1 -1 -1 -1 -1
Evo 6694.48 -306574.98 8.17 -40051.62 -5318.68 6.08 8.07 81553.37 3037.21 0.01 0.24 0.37 -1 -1
Result 0 0.0 720 0.44 0.23 0.17 0.17 0.21 0.21 -1 -1 -1 -1 -1
Evo 7765.71 -352939.33 8.10 -34094.37 0.37 7.08 8.08 77541.09 2636.48 0.01 0.27 0.33 -1 -1
Result 0 0.0 864 0.48 0.20 0.22 0.18 0.19 0.21 -1 -1 -1 -1 -1
Evo 7882.55 -336204.94 1000000.01 -28095.81 1.07 8.06 8.08 78005.32 2465.51 0.01 0.30 0.38 -1 -1
Result 1 7.0 1000 0.44 0.23 0.17 0.19 0.22 0.18 -1 -1 -1 -1 -1
Evo 5070.55 -96150.47 8.08 -5070.62 3.05 7.06 8.07 13914.52 580.78 0.02 0.25 0.33 -1 -1
Result 0 0.0 573 0.50 0.20 0.26 0.17 0.18 0.20 -1 -1 -1 -1 -1
Evo 5785.04 -87371.76 4.65 -5271.61 2.06 3.07 3.08 14819.21 576.84 0.01 0.06 0.16 -1 -1
Result 0 0.0 659 0.47 0.22 0.20 0.21 0.17 0.19 -1 -1 -1 -1 -1
Evo 4793.28 -90905.47 8.19 -6467.03 1.06 3.54 8.07 15717.08 678.24 0.02 0.29 0.38 -1 -1
Result 0 0.0 536 0.49 0.24 0.24 0.19 0.16 0.17 -1 -1 -1 -1 -1
Evo 6614.05 -103954.78 5.03 -4720.66 1.08 2.77 3.10 13951.57 500.83 0.01 0.06 0.16 -1 -1
Result 0 0.0 775 0.48 0.21 0.22 0.20 0.20 0.17 -1 -1 -1 -1 -1
Evo 7223.66 -103444.98 1000000.28 -3431.83 3.43 7.10 8.07 34680.88 1096.16 0.01 0.50 0.59 -1 -1
Result 1 8.0 1000 0.44 0.22 0.18 0.20 0.20 0.20 -1 -1 -1 -1 -1
Evo 7074.88 -120358.14 6.08 -6311.85 1.66 4.07 6.07 17480.31 594.35 0.01 0.13 0.19 -1 -1
Result 0 0.0 864 0.46 0.21 0.19 0.20 0.21 0.20 -1 -1 -1 -1 -1
Evo 6648.34 -109087.41 8.08 -7328.88 0.07 1.78 5.08 16560.42 579.38 0.01 0.17 0.21 -1 -1
Result 0 0.0 816 0.46 0.21 0.19 0.21 0.20 0.19 -1 -1 -1 -1 -1
Evo 6239.99 -146338.65 8.20 -6577.25 3.07 8.07 8.08 17728.33 690.60 0.01 0.16 0.19 -1 -1
Result 0 0.0 658 0.45 0.23 0.19 0.15 0.20 0.23 -1 -1 -1 -1 -1
Evo 7141.97 -122803.86 1000000.30 -3972.57 2.07 6.08 8.08 34803.59 1100.04 0.01 0.23 0.36 -1 -1
Result 1 8.0 1000 0.47 0.21 0.21 0.21 0.20 0.17 -1 -1 -1 -1 -1
Evo 7457.63 -122446.02 5.15 -4087.65 2.02 5.07 5.08 12320.42 402.92 0.01 0.14 0.19 -1 -1
Result 0 0.0 934 0.48 0.20 0.21 0.21 0.20 0.18 -1 -1 -1 -1 -1
Evo 7713.24 -121704.06 1000000.54 -4314.52 3.33 6.08 8.08 35523.31 1122.78 0.01 0.11 0.18 -1 -1
Result 1 2.0 1000 0.48 0.21 0.22 0.21 0.18 0.18 -1 -1 -1 -1 -1
Evo 6976.80 -109585.64 8.10 -5817.94 3.03 8.05 8.07 15334.05 506.10 0.01 0.31 0.39 -1 -1
Result 0 0.0 917 0.46 0.24 0.20 0.20 0.19 0.18 -1 -1 -1 -1 -1
Evo 7316.74 -117055.18 1000000.16 -2972.13 3.30 8.06 8.08 34441.77 1088.60 0.01 0.30 0.40 -1 -1
Result 1 3.0 1000 0.45 0.19 0.19 0.21 0.22 0.19 -1 -1 -1 -1 -1
Evo 7804.75 -87996.85 999999.84 -2921.17 3.73 7.08 8.08 34389.32 1086.94 0.01 0.14 0.19 -1 -1
Result 1 6.0 1000 0.46 0.21 0.20 0.19 0.20 0.19 -1 -1 -1 -1 -1
Evo 5541.73 -166271.47 8.12 -6457.88 3.06 6.07 8.07 18876.71 731.46 0.01 0.24 0.28 -1 -1
Result 0 0.0 665 0.48 0.22 0.22 0.19 0.20 0.17 -1 -1 -1 -1 -1
Evo 6223.27 -136133.23 8.10 -5750.83 2.74 4.08 5.08 15151.69 541.82 0.01 0.17 0.22 -1 -1
Result 0 0.0 781 0.46 0.22 0.19 0.20 0.22 0.17 -1 -1 -1 -1 -1
Evo 7614.19 -124817.93 999999.59 -2862.40 3.62 8.07 8.08 34456.86 1089.08 0.01 0.33 0.40 -1 -1
Result 1 6.0 1000 0.47 0.21 0.20 0.19 0.20 0.20 -1 -1 -1 -1 -1
Evo 5144.09 -140509.67 8.08 -7464.23 2.04 4.39 8.06 19857.05 842.13 0.02 0.27 0.36 -1 -1
Result 0 0.0 555 0.48 0.22 0.22 0.17 0.19 0.21 -1 -1 -1 -1 -1
Evo 7667.79 -85240.40 1000000.48 -2568.13 3.08 8.05 8.08 34052.96 1076.31 0.01 0.18 0.24 -1 -1
Result 1 6.0 1000 0.46 0.22 0.20 0.20 0.19 0.19 -1 -1 -1 -1 -1
Evo 7728.20 -135131.75 8.20 -4089.71 3.80 8.07 8.08 15254.13 495.43 0.01 0.29 0.42 -1 -1
Result 0 0.0 947 0.47 0.20 0.20 0.19 0.21 0.20 -1 -1 -1 -1 -1
Evo 41.28 -999999.38 -953386.83 -988020.06 -997009.72 -992507.03 -984642.51 12321.68 1661.46 0.11 0.11 0.33 -1 -1
Result 0 0.0 54 0.40 0.16 0.15 0.31 0.05 0.33 -1 -1 -1 -1 -1
Evo 34.87 -999999.31 -980397.12 -990738.14 -997374.11 -992092.67 -986726.29 6186.02 1262.72 0.19 0.06 0.22 -1 -1
Result 0 0.0 23 0.43 0.04 0.17 0.42 0.25 0.13 -1 -1 -1 -1 -1
Evo 17.56 -999999.33 -922316.95 -961270.81 -995267.33 -958150.24 -931227.62 29259.21 4514.79 0.13 0.08 0.25 -1 -1
Result 0 -1.0 41 0.43 0.12 0.17 0.26 0.19 0.26 -1 -1 -1 -1 -1
Evo 20.12 -999999.51 -974440.51 -989099.68 -996277.54 -991241.20 -983154.57 8049.60 1549.15 0.18 0.05 0.25 -1 -1
Result 0 0.0 26 0.50 0.33 0.26 0.22 0.11 0.07 -1 -1 -1 -1 -1
Evo 30.33 -999999.66 -967723.21 -991737.49 -996865.49 -994126.05 -989133.43 7213.24 806.46 0.08 0.08 0.32 -1 -1
Result 0 0.0 79 0.35 0.18 0.11 0.24 0.18 0.30 -1 -1 -1 -1 -1
Evo 4.96 -999999.51 -966154.38 -989513.43 -995685.45 -991330.83 -986187.16 7921.20 1040.11 0.10 0.09 0.24 -1 -1
Result 0 0.0 57 0.39 0.10 0.14 0.28 0.19 0.29 -1 -1 -1 -1 -1
Evo 5.12 -999999.16 -943813.11 -980920.22 -992016.05 -981966.20 -972072.51 13686.15 1195.76 0.05 0.16 0.36 -1 -1
Result 0 0.0 130 0.42 0.23 0.16 0.21 0.17 0.23 -1 -1 -1 -1 -1
Evo 22.47 -999999.16 -979822.12 -992508.31 -996898.81 -992338.16 -989288.59 5247.84 1173.45 0.22 0.05 0.24 -1 -1
Result 0 1.0 19 0.41 0.10 0.15 0.40 0.15 0.20 -1 -1 -1 -1 -1
Evo 5.44 -999999.24 -963251.01 -984158.19 -992790.43 -986912.93 -975362.93 10520.99 1445.17 0.11 0.07 0.28 -1 -1
Result 0 0.0 52 0.41 0.09 0.15 0.26 0.25 0.25 -1 -1 -1 -1 -1
Evo 46.95 -999999.13 -979929.04 -991229.92 -997316.23 -991206.89 -986099.92 6318.43 1317.48 0.20 0.06 0.26 -1 -1
Result 0 -1.0 22 0.44 0.17 0.17 0.35 0.13 0.17 -1 -1 -1 -1 -1
Evo 80.00 -999999.44 -979398.58 -990854.57 -996667.71 -992101.70 -986226.36 5901.06 1204.55 0.19 0.03 0.20 -1 -1
Result 0 1.0 23 0.38 -1 0.13 0.42 0.17 0.29 -1 -1 -1 -1 -1
Evo 13.98 -999999.16 -953970.49 -979418.62 -992516.26 -976836.46 -968313.93 13119.39 1819.33 0.11 0.08 0.25 -1 -1
Result 0 -1.0 51 0.46 0.15 0.19 0.25 0.17 0.23 -1 -1 -1 -1 -1
Evo 54.69 -999999.94 -869717.26 -942782.89 -988428.50 -959629.56 -892344.11 47251.01 4822.54 0.07 0.06 0.20 -1 -1
Result 0 0.0 95 0.42 0.11 0.16 0.16 0.25 0.32 -1 -1 -1 -1 -1
Evo 101.20 -999999.93 -976883.69 -990845.93 -999939.24 -992789.70 -984298.79 8800.37 2653.41 0.31 0.03 0.18 -1 -1
Result 0 -1.0 10 0.45 -1 0.18 0.36 0.18 0.27 -1 -1 -1 -1 -1
Evo 25.87 -999999.55 -980473.51 -991639.40 -994966.23 -992344.15 -988254.04 4747.95 640.21 0.11 0.05 0.19 -1 -1
Result 0 0.0 54 0.28 0.11 0.07 0.36 0.16 0.29 -1 -1 -1 -1 -1
Evo 91.00 -999999.87 -995120.96 -998097.96 -999754.30 -998405.62 -997398.42 1727.94 546.42 0.33 0.03 0.15 -1 -1
Result 0 1.0 9 0.46 0.30 0.20 0.40 0.10 -1 -1 -1 -1 -1 -1
Evo 130.77 -999999.64 -981268.81 -992943.30 -998204.33 -994369.04 -991602.39 5387.88 1036.90 0.18 0.07 0.21 -1 -1
Result 0 -1.0 26 0.41 0.15 0.15 0.41 0.15 0.15 -1 -1 -1 -1 -1
Evo 33.12 -999999.57 -978786.26 -989372.25 -994289.20 -990008.28 -984046.39 6420.05 1259.08 0.18 0.04 0.19 -1 -1
Result 0 2.0 25 0.42 0.27 0.15 0.19 0.23 0.15 -1 -1 -1 -1 -1
Evo 11.98 -1000000.08 -918533.96 -962101.34 -983319.32 -968791.98 -937071.81 26650.24 3412.21 0.10 0.11 0.27 -1 -1
Result 0 2.0 60 0.51 0.13 0.26 0.21 0.20 0.20 -1 -1 -1 -1 -1
Evo 59.67 -999999.71 -978340.71 -993528.80 -999163.93 -996357.92 -992245.39 6662.08 1332.42 0.19 0.03 0.29 -1 -1
Result 0 1.0 24 0.37 0.28 0.12 0.20 0.28 0.12 -1 -1 -1 -1 -1
Evo 12.17 -999999.58 -972949.79 -991602.56 -998506.57 -996582.74 -987367.31 8252.15 1650.43 0.19 0.02 0.14 -1 -1
Result 0 0.0 24 0.29 0.24 0.08 0.24 0.32 0.12 -1 -1 -1 -1 -1
Evo 16.10 -999999.67 -976641.20 -992352.36 -997614.48 -993867.21 -989046.69 6310.13 1133.33 0.16 0.05 0.17 -1 -1
Result 0 0.0 30 0.38 0.16 0.13 0.32 0.16 0.23 -1 -1 -1 -1 -1
Evo 6.23 -999999.16 -967729.07 -981133.12 -985496.11 -981661.55 -973804.05 8455.04 1003.43 0.09 0.03 0.18 -1 -1
Result 0 0.0 70 0.40 0.20 0.14 0.21 0.25 0.20 -1 -1 -1 -1 -1
Evo 28.89 -999999.28 -945330.43 -982410.28 -992160.61 -988432.23 -974350.88 14054.49 2095.12 0.12 0.03 0.13 -1 -1
Result 0 0.0 44 0.46 0.20 0.20 0.24 0.16 0.20 -1 -1 -1 -1 -1
Evo 44.58 -999999.29 -987663.19 -995280.27 -997113.47 -996536.50 -993675.03 3122.78 866.10 0.28 0.03 0.16 -1 -1
Result 0 0.0 12 0.42 0.08 0.15 0.46 0.23 0.08 -1 -1 -1 -1 -1
Evo 4.79 -999999.69 -955155.34 -974314.80 -984343.59 -975609.95 -963184.82 12318.97 1158.87 0.06 0.11 0.28 -1 -1
Result 0 0.0 112 0.49 0.17 0.23 0.17 0.21 0.22 -1 -1 -1 -1 -1
Evo 26.48 -999999.87 -979331.40 -992257.74 -997224.08 -993115.76 -989558.39 5509.20 860.39 0.13 0.02 0.08 -1 -1
Result 0 0.0 40 0.46 0.15 0.20 0.27 0.20 0.20 -1 -1 -1 -1 -1
Evo 48.21 -999999.51 -976491.24 -989724.30 -999401.07 -990088.96 -979233.96 9368.54 2418.95 0.26 0.03 0.15 -1 -1
Result 0 0.0 14 0.39 0.20 0.13 0.40 0.20 0.07 -1 -1 -1 -1 -1
Evo 5.87 -999999.75 -839851.52 -898333.92 -938310.98 -888437.95 -852976.16 49476.12 5871.73 0.09 0.02 0.07 -1 -1
Result 0 0.0 70 0.46 0.21 0.20 0.21 0.18 0.20 -1 -1 -1 -1 -1
Evo 5.57 -999999.43 -977333.54 -990814.69 -994269.51 -991638.07 -988510.58 6005.78 1000.96 0.14 0.03 0.12 -1 -1
Result 0 0.0 35 0.40 0.03 0.14 0.42 0.08 0.33 -1 -1 -1 -1 -1
Evo 9.11 -999999.00 -934548.34 -966578.84 -986755.88 -967262.75 -945237.76 21365.36 2125.93 0.07 0.07 0.21 -1 -1
Result 0 0.0 100 0.45 0.27 0.19 0.17 0.18 0.20 -1 -1 -1 -1 -1
Evo 18.85 -999999.34 -945210.75 -982826.02 -995164.88 -989657.67 -970708.78 16192.75 2056.48 0.10 0.03 0.19 -1 -1
Result 0 0.0 61 0.36 0.19 0.11 0.24 0.21 0.24 -1 -1 -1 -1 -1
Evo 4.08 -999999.85 -896309.28 -942686.21 -971642.62 -934725.69 -914619.20 31543.99 3186.42 0.07 0.11 0.23 -1 -1
Result 0 0.0 97 0.48 0.12 0.21 0.22 0.18 0.26 -1 -1 -1 -1 -1
Evo 9.45 -999999.80 -867134.56 -910996.97 -932386.14 -892513.36 -882633.05 39732.02 4284.41 0.07 0.08 0.26 -1 -1
Result 0 0.0 85 0.51 0.19 0.27 0.19 0.14 0.22 -1 -1 -1 -1 -1
Evo 5.01 -999999.54 -783250.80 -891574.82 -950927.41 -880495.31 -840551.13 65204.85 6520.48 0.07 0.11 0.26 -1 -1
Result 0 0.0 99 0.49 0.21 0.23 0.21 0.08 0.27 -1 -1 -1 -1 -1
Evo 29.68 -999999.96 -989558.89 -995177.87 -997272.17 -995316.48 -993074.14 2722.25 608.71 0.22 0.02 0.14 -1 -1
Result 0 0.0 19 0.22 0.20 0.05 0.40 0.10 0.25 -1 -1 -1 -1 -1
Evo 83.06 -999999.11 -990222.68 -995782.35 -998402.11 -996243.53 -993876.14 2812.28 645.18 0.22 0.02 0.15 -1 -1
Result 0 0.0 18 0.22 0.16 0.05 0.32 0.32 0.16 -1 -1 -1 -1 -1
Evo 38.75 -999999.15 -989355.30 -995403.59 -997905.72 -996640.03 -994352.46 3461.41 960.02 0.28 0.03 0.15 -1 -1
Result 0 0.0 12 0.28 0.38 0.08 0.31 0.23 -1 -1 -1 -1 -1 -1
Evo 21.21 -999999.50 -981272.96 -993944.09 -997642.38 -994964.07 -991305.05 4254.89 614.14 0.12 0.03 0.09 -1 -1
Result 0 0.0 47 0.38 0.04 0.13 0.38 0.15 0.31 -1 -1 -1 -1 -1
Evo 13.45 -999999.78 -929967.73 -977229.43 -995544.85 -985627.65 -959362.52 21231.56 2718.42 0.10 0.02 0.17 -1 -1
Result 0 0.0 60 0.49 0.21 0.23 0.18 0.21 0.16 -1 -1 -1 -1 -1
