Evo 2771.98 -795918.13 1000000.30 -175700.28 -399176.46 -30373.73 0.09 229231.50 12487.04 0.02 0.83 1.23 -1 -1
Result 1 1.0 336 0.40 0.24 0.17 0.26 0.19 0.15 -1 -1 -1 -1 -1
Evo 8466.37 -999999.99 54545.85 -6709.54 0.08 0.08 0.10 52325.94 1350.60 0.01 1.66 2.52 -1 -1
Result 0 0.0 1500 0.48 0.20 0.20 0.19 0.20 0.21 -1 -1 -1 -1 -1
Evo 6609.97 -784430.82 999999.68 -10634.02 0.08 0.08 0.32 77487.78 2808.93 0.01 2.28 3.75 -1 -1
Result 1 1.0 760 0.47 0.21 0.19 0.21 0.19 0.21 -1 -1 -1 -1 -1
Evo 6391.28 -542856.69 999999.60 -9504.55 0.08 0.08 0.30 70192.10 2580.31 0.01 1.70 2.82 -1 -1
Result 1 1.0 739 0.47 0.19 0.19 0.21 0.19 0.21 -1 -1 -1 -1 -1
Evo 8948.35 -999999.85 31250.47 -8661.23 0.08 0.08 0.08 60522.45 1562.16 0.01 1.81 2.65 -1 -1
Result 0 0.0 1500 0.48 0.21 0.19 0.20 0.18 0.22 -1 -1 -1 -1 -1
Evo 5322.27 -659898.09 1000000.22 -20699.66 0.08 0.08 0.29 92271.33 3892.23 0.02 1.30 2.48 -1 -1
Result 1 1.0 561 0.46 0.18 0.24 0.19 0.19 0.20 -1 -1 -1 -1 -1
Evo 5216.34 -849999.94 999999.76 -124325.41 -233161.07 0.08 0.08 210772.38 9454.43 0.02 0.60 0.93 -1 -1
Result 1 1.0 496 0.43 0.22 0.16 0.25 0.20 0.16 -1 -1 -1 -1 -1
Evo 9075.97 -999999.90 9259.55 -8411.17 0.08 0.08 0.08 56691.24 1463.27 0.01 2.35 3.17 -1 -1
Result 0 0.0 1500 0.48 0.18 0.22 0.18 0.20 0.22 -1 -1 -1 -1 -1
Evo 9268.91 -999999.99 43478.81 -5184.32 0.08 0.08 0.08 48955.70 1263.61 0.01 2.57 3.66 -1 -1
Result 0 0.0 1500 0.48 0.18 0.20 0.20 0.20 0.22 -1 -1 -1 -1 -1
Evo 8969.34 -784721.93 1000000.52 -7365.07 0.08 0.08 0.08 62003.03 1664.85 0.01 3.23 4.18 -1 -1
Result 1 1.0 1386 0.47 0.19 0.20 0.21 0.19 0.21 -1 -1 -1 -1 -1
Evo 1635.82 -739725.72 1000000.00 -43840.82 -9803.62 0.20 0.37 123015.09 6603.80 0.02 1.23 2.82 -1 -1
Result 1 1.0 346 0.48 0.20 0.21 0.18 0.18 0.22 -1 -1 -1 -1 -1
Evo 2453.95 -842105.19 999999.68 -171375.13 -373745.18 -28039.66 0.12 223949.02 12181.22 0.02 0.61 1.02 -1 -1
Result 1 1.0 337 0.41 0.20 0.19 0.25 0.22 0.15 -1 -1 -1 -1 -1
Evo 8939.66 -1000000.41 22727.69 -8218.26 0.08 0.08 0.08 55666.01 1436.81 0.01 2.06 3.22 -1 -1
Result 0 0.0 1500 0.47 0.18 0.22 0.19 0.20 0.21 -1 -1 -1 -1 -1
Evo 8259.34 -802468.56 1000000.47 -11896.59 0.08 0.08 0.08 75833.64 2405.30 0.01 2.32 3.42 -1 -1
Result 1 1.0 993 0.47 0.20 0.19 0.20 0.21 0.20 -1 -1 -1 -1 -1
Evo 1.14 -141304.11 947893.56 686541.81 659337.51 695632.18 780695.40 167629.95 18980.35 0.08 0.23 0.57 -1 -1
Result 1 1.0 77 0.48 0.14 0.36 0.26 0.03 0.22 -1 -1 -1 -1 -1
Evo 1.27 -766393.35 950165.02 681718.76 655918.72 738627.94 799639.50 256088.17 28812.17 0.08 0.23 0.68 -1 -1
Result 1 1.0 78 0.38 0.23 0.44 0.18 0.03 0.13 -1 -1 -1 -1 -1
Evo 5882.26 -661538.33 1000000.08 -11207.89 0.08 0.08 0.32 78985.87 2962.20 0.01 1.49 2.48 -1 -1
Result 1 1.0 710 0.47 0.20 0.20 0.19 0.20 0.20 -1 -1 -1 -1 -1
Evo 7487.37 -666666.33 1000000.49 -7459.44 0.08 0.08 0.24 59568.91 1923.58 0.01 2.13 3.03 -1 -1
Result 1 1.0 958 0.47 0.21 0.20 0.20 0.20 0.20 -1 -1 -1 -1 -1
Evo 9190.83 -1000000.21 38462.05 -6251.70 0.08 0.08 0.08 53795.50 1388.53 0.01 1.80 2.51 -1 -1
Result 0 0.0 1500 0.48 0.18 0.21 0.18 0.21 0.22 -1 -1 -1 -1 -1
Evo 6241.08 -836734.14 999999.94 -14912.59 0.08 0.08 0.33 87760.40 3106.68 0.01 1.55 2.61 -1 -1
Result 1 1.0 797 0.48 0.16 0.20 0.22 0.18 0.23 -1 -1 -1 -1 -1
Evo 8358.44 -537633.84 999999.79 -12498.15 0.08 0.08 0.08 61363.22 1769.19 0.01 2.52 3.67 -1 -1
Result 1 1.0 1202 0.48 0.21 0.19 0.19 0.20 0.21 -1 -1 -1 -1 -1
Evo 9247.19 -999999.58 12195.45 -10072.70 0.08 0.08 0.08 51302.19 1324.18 0.01 2.74 3.30 -1 -1
Result 0 0.0 1500 0.47 0.18 0.20 0.21 0.20 0.21 -1 -1 -1 -1 -1
Evo 8018.19 -628318.01 1000000.13 -10830.06 0.08 0.08 0.08 56501.43 1764.81 0.01 1.85 3.19 -1 -1
Result 1 1.0 1024 0.46 0.21 0.20 0.20 0.19 0.20 -1 -1 -1 -1 -1
Evo 8114.44 -593749.80 1000000.38 -17596.14 0.08 0.08 0.08 68045.58 2003.94 0.01 2.97 3.95 -1 -1
Result 1 1.0 1152 0.48 0.20 0.20 0.19 0.19 0.22 -1 -1 -1 -1 -1
Evo 1167.05 -706348.99 999999.88 -37611.23 -30302.55 0.13 0.31 114874.57 6046.03 0.02 1.11 2.65 -1 -1
Result 1 1.0 360 0.48 0.20 0.22 0.16 0.19 0.22 -1 -1 -1 -1 -1
Evo 7327.12 -648148.15 999999.86 -20580.57 0.08 0.08 0.08 83058.52 3006.92 0.01 1.76 3.22 -1 -1
Result 1 1.0 762 0.47 0.22 0.19 0.18 0.20 0.20 -1 -1 -1 -1 -1
Evo 8952.86 -999999.78 15384.98 -8652.11 0.08 0.08 0.08 48511.34 1252.14 0.01 1.99 2.76 -1 -1
Result 0 0.0 1500 0.46 0.22 0.21 0.20 0.18 0.20 -1 -1 -1 -1 -1
Evo 8950.24 -1000000.28 15384.98 -15170.80 0.08 0.08 0.08 69306.24 1788.88 0.01 2.41 2.99 -1 -1
Result 0 0.0 1500 0.46 0.19 0.22 0.20 0.19 0.19 -1 -1 -1 -1 -1
Evo 9370.36 -999999.44 18182.21 -14149.86 0.08 0.08 0.08 60912.12 1572.22 0.01 1.93 2.85 -1 -1
Result 0 0.0 1500 0.46 0.20 0.20 0.20 0.20 0.20 -1 -1 -1 -1 -1
Evo 5362.36 -617646.76 1000000.02 -25366.58 0.08 0.08 0.20 86906.30 3490.24 0.01 1.69 2.74 -1 -1
Result 1 1.0 619 0.48 0.19 0.21 0.19 0.20 0.22 -1 -1 -1 -1 -1
Evo 9227.76 -1000000.23 20833.64 -11616.08 0.08 0.08 0.08 63030.92 1626.91 0.01 2.00 2.81 -1 -1
Result 0 0.0 1500 0.47 0.22 0.20 0.19 0.19 0.20 -1 -1 -1 -1 -1
Evo 6172.15 -585858.53 999999.85 -19143.40 0.08 0.08 0.13 76862.21 2854.59 0.01 1.50 2.47 -1 -1
Result 1 1.0 724 0.47 0.22 0.21 0.18 0.18 0.21 -1 -1 -1 -1 -1
Evo 4807.49 -691666.43 999999.84 -37693.89 -7246.11 0.08 0.22 106397.24 4259.30 0.01 1.14 2.00 -1 -1
Result 1 1.0 623 0.46 0.20 0.19 0.19 0.23 0.20 -1 -1 -1 -1 -1
Evo 9397.13 -999999.63 44444.77 -10344.06 0.08 0.08 0.08 50701.60 1308.67 0.01 2.69 4.17 -1 -1
Result 0 0.0 1500 0.47 0.20 0.23 0.20 0.17 0.20 -1 -1 -1 -1 -1
Evo 8714.81 -614678.33 1000000.52 -9821.43 0.08 0.08 0.08 59015.68 1741.03 0.01 2.01 2.68 -1 -1
Result 1 1.0 1148 0.47 0.22 0.21 0.18 0.19 0.20 -1 -1 -1 -1 -1
Evo 8523.55 -589999.45 999999.74 -10587.31 0.08 0.08 0.08 55076.87 1559.06 0.01 2.33 3.65 -1 -1
Result 1 1.0 1247 0.46 0.18 0.24 0.19 0.20 0.19 -1 -1 -1 -1 -1
Evo 9017.66 -999999.54 17241.76 -9658.96 0.08 0.08 0.08 50064.26 1292.22 0.01 2.58 3.22 -1 -1
Result 0 0.0 1500 0.47 0.20 0.21 0.20 0.18 0.21 -1 -1 -1 -1 -1
Evo 5690.97 -590475.75 1000000.41 -16791.76 0.08 0.08 0.24 74359.49 2967.27 0.01 1.66 3.25 -1 -1
Result 1 1.0 627 0.48 0.18 0.23 0.17 0.20 0.21 -1 -1 -1 -1 -1
Evo 8453.65 -687499.91 999999.58 -11520.72 0.08 0.08 0.08 61439.69 1797.74 0.01 1.93 3.31 -1 -1
Result 1 1.0 1167 0.48 0.21 0.18 0.19 0.20 0.22 -1 -1 -1 -1 -1
Evo 9188.95 -728476.85 1000000.37 -14356.37 0.08 0.08 0.08 69633.59 1826.15 0.01 2.53 3.24 -1 -1
Result 1 1.0 1453 0.46 0.20 0.22 0.19 0.19 0.20 -1 -1 -1 -1 -1
Evo 285.40 -714285.51 991546.95 -45888.25 -103095.00 -22726.95 0.26 155550.35 9363.03 0.03 1.09 3.48 -1 -1
Result 1 1.0 275 0.45 0.21 0.23 0.19 0.19 0.18 -1 -1 -1 -1 -1
Evo 8606.72 -525772.88 1000000.22 -8977.15 0.08 0.08 0.08 46684.32 1298.79 0.01 2.47 3.11 -1 -1
Result 1 1.0 1291 0.46 0.19 0.19 0.21 0.21 0.20 -1 -1 -1 -1 -1
Evo 1642.50 -689922.36 999999.94 -47626.80 -82530.89 -7462.42 0.21 101910.80 5241.73 0.02 0.94 2.45 -1 -1
Result 1 1.0 377 0.49 0.17 0.22 0.22 0.16 0.23 -1 -1 -1 -1 -1
Evo 9390.41 -999999.63 71429.21 -6059.74 0.08 0.08 0.08 40990.99 1058.03 0.01 1.91 3.78 -1 -1
Result 0 0.0 1500 0.43 0.19 0.20 0.23 0.21 0.17 -1 -1 -1 -1 -1
Evo 2367.73 -713235.10 999999.77 -45791.44 -62499.74 0.08 0.18 106128.77 5480.47 0.02 0.91 2.23 -1 -1
Result 1 1.0 374 0.48 0.22 0.21 0.20 0.15 0.22 -1 -1 -1 -1 -1
Evo 8884.75 -999999.93 24096.71 -6887.32 0.08 0.08 0.08 40656.92 1049.41 0.01 2.66 3.83 -1 -1
Result 0 0.0 1500 0.45 0.21 0.19 0.21 0.21 0.18 -1 -1 -1 -1 -1
Evo 6159.58 -568806.77 1000000.15 -23868.76 -17543.65 0.08 0.08 70441.35 2828.99 0.01 1.55 2.59 -1 -1
Result 1 1.0 619 0.45 0.22 0.22 0.19 0.19 0.18 -1 -1 -1 -1 -1
Evo 8857.07 -1000000.04 25641.36 -6732.41 0.08 0.08 0.08 40463.37 1044.41 0.01 3.07 4.01 -1 -1
Result 0 0.0 1500 0.46 0.19 0.20 0.23 0.19 0.19 -1 -1 -1 -1 -1
Evo 6835.27 -551020.30 1000000.46 -4545.68 0.08 0.08 0.39 49429.84 1673.91 0.01 1.83 2.68 -1 -1
Result 1 1.0 871 0.45 0.22 0.19 0.22 0.20 0.18 -1 -1 -1 -1 -1
Evo 8741.38 -999999.93 23809.95 -7186.87 0.08 0.08 0.08 42845.50 1105.90 0.01 2.50 3.99 -1 -1
Result 0 0.0 1500 0.45 0.21 0.19 0.21 0.20 0.18 -1 -1 -1 -1 -1
Evo 8149.19 -462499.56 1000000.28 -6053.22 0.08 0.08 0.08 46232.72 1404.22 0.01 2.00 2.94 -1 -1
Result 1 1.0 1083 0.44 0.20 0.21 0.21 0.21 0.18 -1 -1 -1 -1 -1
Evo 9218.24 -999999.48 19231.16 -8735.27 0.08 0.08 0.08 44801.18 1156.38 0.01 2.16 3.31 -1 -1
Result 0 0.0 1500 0.46 0.20 0.19 0.20 0.21 0.19 -1 -1 -1 -1 -1
Evo 9096.89 -999999.60 27027.48 -8432.10 0.08 0.08 0.08 47638.31 1229.61 0.01 2.33 3.15 -1 -1
Result 0 0.0 1500 0.47 0.21 0.19 0.20 0.20 0.20 -1 -1 -1 -1 -1
Evo 8521.85 -661016.66 1000000.06 -4340.95 0.08 0.08 0.10 45703.60 1224.55 0.01 2.09 3.47 -1 -1
Result 1 1.0 1392 0.46 0.19 0.21 0.22 0.19 0.19 -1 -1 -1 -1 -1
Evo 8910.82 -999999.50 44444.87 -7593.58 0.08 0.08 0.08 47916.99 1236.80 0.01 1.94 2.88 -1 -1
Result 0 0.0 1500 0.47 0.20 0.20 0.19 0.21 0.20 -1 -1 -1 -1 -1
Evo 3347.68 -661416.72 1000000.10 -37327.36 -63999.79 0.07 0.15 92126.48 4538.75 0.02 1.07 2.24 -1 -1
Result 1 1.0 411 0.46 0.18 0.24 0.20 0.18 0.19 -1 -1 -1 -1 -1
Evo 7363.71 -577452.86 999999.82 -6777.92 0.08 0.08 0.24 55673.71 1777.52 0.01 2.89 4.11 -1 -1
Result 1 1.0 980 0.45 0.22 0.20 0.20 0.19 0.19 -1 -1 -1 -1 -1
Evo 9213.90 -1000000.38 27027.46 -7350.94 0.08 0.08 0.08 44681.77 1153.29 0.01 2.23 3.99 -1 -1
Result 0 0.0 1500 0.44 0.21 0.20 0.21 0.20 0.18 -1 -1 -1 -1 -1
Evo 8508.46 -572815.14 1000000.18 -14369.34 0.08 0.08 0.08 55906.34 1657.99 0.01 2.59 4.15 -1 -1
Result 1 1.0 1136 0.45 0.21 0.20 0.21 0.19 0.19 -1 -1 -1 -1 -1
Evo 8588.04 -603773.50 1000000.04 -9584.84 0.08 0.08 0.08 54006.94 1668.28 0.01 2.20 3.19 -1 -1
Result 1 1.0 1047 0.46 0.21 0.19 0.21 0.19 0.19 -1 -1 -1 -1 -1
Evo 8772.95 -999999.65 36364.02 -6093.32 0.08 0.08 0.08 45824.96 1182.80 0.01 1.85 3.06 -1 -1
Result 0 0.0 1500 0.48 0.19 0.20 0.19 0.20 0.22 -1 -1 -1 -1 -1
Evo 8342.55 -999999.80 0.55 -5912.44 0.08 0.08 0.15 48223.11 1244.70 0.01 1.33 2.06 -1 -1
Result 0 0.0 1500 0.47 0.20 0.20 0.22 0.18 0.20 -1 -1 -1 -1 -1
Evo 8695.42 -1000000.04 0.55 -4969.72 0.08 0.08 0.08 44115.32 1138.67 0.01 1.56 1.90 -1 -1
Result 0 0.0 1500 0.46 0.22 0.20 0.20 0.18 0.20 -1 -1 -1 -1 -1
Evo 9325.57 -999999.95 83334.00 -4687.71 0.08 0.08 0.08 44433.87 1146.90 0.01 2.16 3.32 -1 -1
Result 0 0.0 1500 0.48 0.18 0.20 0.20 0.19 0.22 -1 -1 -1 -1 -1
Evo 9042.06 -999999.67 33333.81 -6496.93 0.08 0.08 0.08 47918.21 1236.83 0.01 2.15 3.11 -1 -1
Result 0 0.0 1500 0.48 0.19 0.20 0.20 0.19 0.22 -1 -1 -1 -1 -1
Evo 8769.05 -999999.85 0.57 -4855.78 0.08 0.08 0.08 43852.88 1131.90 0.01 1.64 2.00 -1 -1
Result 0 0.0 1500 0.46 0.20 0.21 0.21 0.19 0.19 -1 -1 -1 -1 -1
Evo 8962.50 -999999.63 31746.38 -6791.71 0.08 0.08 0.08 52848.86 1364.10 0.01 1.73 2.26 -1 -1
Result 0 0.0 1500 0.47 0.20 0.21 0.20 0.19 0.20 -1 -1 -1 -1 -1
Evo 69.06 -633928.28 972277.66 8812.58 -29540.78 0.22 0.50 236777.39 13625.01 0.03 1.25 3.10 -1 -1
Result 1 1.0 301 0.50 0.19 0.22 0.18 0.15 0.26 -1 -1 -1 -1 -1
Evo 8725.25 -999999.71 0.57 -5614.70 0.08 0.08 0.10 48041.22 1240.01 0.01 1.92 2.42 -1 -1
Result 0 0.0 1500 0.46 0.19 0.23 0.19 0.19 0.20 -1 -1 -1 -1 -1
Evo 5403.97 -529411.24 1000000.09 -6896.09 0.08 0.12 0.47 62274.84 2235.54 0.01 1.78 2.75 -1 -1
Result 1 1.0 775 0.46 0.23 0.21 0.18 0.19 0.19 -1 -1 -1 -1 -1
Evo 8941.03 -999999.71 33333.82 -5373.19 0.08 0.08 0.08 42395.09 1094.27 0.01 2.49 3.52 -1 -1
Result 0 0.0 1500 0.47 0.19 0.20 0.21 0.20 0.21 -1 -1 -1 -1 -1
Evo 8663.74 -999999.65 35714.76 -7899.97 0.08 0.08 0.10 52604.38 1357.79 0.01 2.10 3.17 -1 -1
Result 0 0.0 1500 0.46 0.21 0.20 0.20 0.19 0.20 -1 -1 -1 -1 -1
Evo 9374.64 -999999.90 125000.73 -6994.14 0.08 0.08 0.08 47601.76 1228.66 0.01 2.41 3.24 -1 -1
Result 0 0.0 1500 0.47 0.20 0.20 0.19 0.21 0.20 -1 -1 -1 -1 -1
Evo 59.84 -588784.96 956315.21 39787.05 -7091.94 0.39 0.50 258898.33 15282.29 0.03 1.23 3.07 -1 -1
Result 1 1.0 286 0.50 0.18 0.24 0.15 0.18 0.25 -1 -1 -1 -1 -1
Evo 25.38 -594594.21 945578.44 70969.25 -4414.85 0.43 0.54 298693.25 17724.18 0.03 1.15 3.03 -1 -1
Result 1 1.0 283 0.51 0.21 0.22 0.15 0.16 0.26 -1 -1 -1 -1 -1
Evo 4703.70 -536082.07 1000000.05 -13472.59 0.08 0.10 0.37 77192.08 3431.61 0.02 1.44 3.50 -1 -1
Result 1 1.0 505 0.49 0.23 0.24 0.15 0.16 0.23 -1 -1 -1 -1 -1
Evo 9000.32 -999999.59 0.55 -7012.16 0.08 0.08 0.08 47982.48 1238.49 0.01 2.08 3.05 -1 -1
Result 0 0.0 1500 0.47 0.19 0.19 0.19 0.22 0.21 -1 -1 -1 -1 -1
Evo 9291.87 -999999.70 29412.22 -8621.65 0.08 0.08 0.08 56663.79 1462.57 0.01 2.16 2.80 -1 -1
Result 0 0.0 1500 0.47 0.20 0.19 0.19 0.20 0.21 -1 -1 -1 -1 -1
Evo 7170.77 -565656.48 999999.83 -5579.40 0.08 0.08 0.25 51637.02 1677.09 0.01 1.81 3.40 -1 -1
Result 1 1.0 947 0.49 0.18 0.21 0.19 0.19 0.24 -1 -1 -1 -1 -1
Evo 8579.93 -1000000.05 0.56 -7525.31 0.08 0.08 0.12 50449.39 1302.16 0.01 1.41 2.03 -1 -1
Result 0 0.0 1500 0.47 0.19 0.22 0.19 0.19 0.20 -1 -1 -1 -1 -1
Evo 8429.02 -999999.59 0.57 -5907.48 0.08 0.08 0.16 49537.67 1278.63 0.01 2.10 2.67 -1 -1
Result 0 0.0 1500 0.45 0.20 0.20 0.20 0.21 0.19 -1 -1 -1 -1 -1
Evo 9069.49 -999999.71 0.55 -4858.25 0.08 0.08 0.08 43148.34 1113.71 0.01 1.42 1.81 -1 -1
Result 0 0.0 1500 0.46 0.21 0.21 0.20 0.17 0.20 -1 -1 -1 -1 -1
Evo 7003.20 -713114.23 999999.89 -8313.05 0.08 0.08 0.36 65683.42 2125.47 0.01 1.60 2.63 -1 -1
Result 1 1.0 954 0.47 0.19 0.19 0.20 0.21 0.20 -1 -1 -1 -1 -1
Evo 8517.37 -1000000.38 0.58 -4486.60 0.08 0.08 0.16 44403.64 1146.12 0.01 1.94 2.27 -1 -1
Result 0 0.0 1500 0.45 0.21 0.21 0.21 0.19 0.19 -1 -1 -1 -1 -1
Evo 8878.29 -999999.76 0.57 -6070.32 0.08 0.08 0.08 52389.92 1352.25 0.01 1.72 1.93 -1 -1
Result 0 0.0 1500 0.46 0.19 0.21 0.21 0.19 0.20 -1 -1 -1 -1 -1
Evo 9204.45 -999999.59 0.67 -4921.62 0.08 0.08 0.08 41405.77 1068.74 0.01 1.17 1.44 -1 -1
Result 0 0.0 1500 0.47 0.19 0.21 0.20 0.20 0.21 -1 -1 -1 -1 -1
Evo 8901.54 -999999.96 10309.58 -6746.87 0.08 0.08 0.08 53078.96 1370.04 0.01 1.39 1.65 -1 -1
Result 0 0.0 1500 0.47 0.19 0.19 0.21 0.20 0.21 -1 -1 -1 -1 -1
Evo 8328.65 -999999.55 0.58 -4814.22 0.08 0.08 0.23 43711.40 1128.25 0.01 2.16 2.77 -1 -1
Result 0 0.0 1500 0.45 0.19 0.19 0.22 0.22 0.18 -1 -1 -1 -1 -1
Evo 9010.78 -999999.97 14925.72 -5767.73 0.08 0.08 0.08 46003.72 1187.42 0.01 1.68 1.92 -1 -1
Result 0 0.0 1500 0.46 0.20 0.19 0.20 0.21 0.20 -1 -1 -1 -1 -1
Evo 8432.16 -1000000.29 0.58 -3902.61 0.08 0.08 0.17 40147.66 1036.26 0.01 1.84 2.19 -1 -1
Result 0 0.0 1500 0.46 0.20 0.20 0.20 0.21 0.19 -1 -1 -1 -1 -1
Evo 8573.49 -999999.72 50000.55 -5855.94 0.08 0.08 0.12 52701.43 1360.29 0.01 1.72 1.95 -1 -1
Result 0 0.0 1500 0.46 0.19 0.20 0.22 0.19 0.20 -1 -1 -1 -1 -1
Evo 7752.76 -666666.47 1000000.18 -3854.84 0.08 0.08 0.27 48538.00 1435.06 0.01 1.91 3.00 -1 -1
Result 1 1.0 1143 0.45 0.19 0.21 0.20 0.21 0.19 -1 -1 -1 -1 -1
Evo 8716.93 -999999.49 0.55 -6381.83 0.08 0.08 0.08 50355.16 1299.73 0.01 1.99 3.07 -1 -1
Result 0 0.0 1500 0.44 0.20 0.19 0.22 0.21 0.18 -1 -1 -1 -1 -1
Evo 8992.29 -999999.62 0.55 -8124.25 0.08 0.08 0.08 55660.51 1436.67 0.01 1.53 2.09 -1 -1
Result 0 0.0 1500 0.45 0.21 0.20 0.22 0.18 0.19 -1 -1 -1 -1 -1
Evo 8838.76 -1000000.28 0.55 -4610.78 0.08 0.08 0.08 41878.02 1080.93 0.01 1.64 2.22 -1 -1
Result 0 0.0 1500 0.46 0.21 0.19 0.21 0.19 0.19 -1 -1 -1 -1 -1
Evo 8779.12 -999999.68 0.56 -4587.22 0.08 0.08 0.08 41064.11 1059.92 0.01 2.07 2.51 -1 -1
Result 0 0.0 1500 0.46 0.19 0.19 0.22 0.20 0.19 -1 -1 -1 -1 -1
Evo 8740.00 -999999.78 0.55 -5219.99 0.08 0.08 0.08 44698.45 1153.72 0.01 2.20 2.74 -1 -1
Result 0 0.0 1500 0.45 0.19 0.21 0.21 0.21 0.18 -1 -1 -1 -1 -1
Evo 7994.34 -1000000.31 0.56 -5752.13 0.08 0.08 0.20 49158.99 1268.86 0.01 1.52 2.56 -1 -1
Result 0 0.0 1500 0.46 0.20 0.19 0.20 0.21 0.20 -1 -1 -1 -1 -1
Evo 8761.49 -1000000.25 15384.98 -5765.67 0.08 0.08 0.08 47381.27 1222.97 0.01 1.66 1.81 -1 -1
Result 0 0.0 1500 0.45 0.20 0.21 0.19 0.21 0.19 -1 -1 -1 -1 -1
Evo 8846.68 -999999.70 0.56 -6091.02 0.08 0.08 0.08 48576.85 1253.83 0.01 2.31 2.93 -1 -1
Result 0 0.0 1500 0.45 0.19 0.20 0.21 0.22 0.19 -1 -1 -1 -1 -1
