Evo 18.50 358209.17 997935.23 912618.33 926725.66 955868.86 962890.33 147840.09 33916.84 0.22 0.20 0.23 -1 -1
Result 1 5.0 18 0.51 0.11 0.16 0.26 0.21 0.26 -1 -1 -1 -1 -1
Evo 1.88 254545.77 999328.45 844005.06 776340.69 922554.38 990555.72 233466.07 55028.48 0.23 0.20 0.23 -1 -1
Result 1 5.0 17 0.43 -1 0.39 0.22 0.22 0.17 -1 -1 -1 -1 -1
Evo 1.41 258064.77 999999.69 853910.01 858558.33 917613.78 982192.73 203978.84 42532.53 0.20 0.20 0.23 -1 -1
Result 1 5.0 22 0.38 0.26 0.17 0.26 0.17 0.13 -1 -1 -1 -1 -1
Evo 12.35 388060.22 999443.05 896528.92 866470.47 944211.45 957265.46 120083.23 23110.03 0.18 0.20 0.23 -1 -1
Result 1 5.0 26 0.35 0.19 0.33 0.11 0.22 0.15 -1 -1 -1 -1 -1
Evo 4.24 200000.39 998591.35 812163.57 640380.12 952910.91 985103.50 273394.99 64439.82 0.23 0.20 0.23 -1 -1
Result 1 5.0 17 0.48 0.11 0.22 0.22 0.22 0.22 -1 -1 -1 -1 -1
Evo 18.37 209677.75 999615.41 922669.99 930612.32 947368.85 956363.88 125567.46 19375.48 0.13 0.20 0.23 -1 -1
Result 1 5.0 41 0.37 0.19 0.19 0.12 0.33 0.17 -1 -1 -1 -1 -1
Evo 1.40 784314.21 999445.72 945105.66 937683.67 948568.25 956193.33 43354.78 9460.79 0.21 0.20 0.23 -1 -1
Result 1 5.0 20 0.49 0.29 0.14 0.24 0.29 0.05 -1 -1 -1 -1 -1
Evo 1.05 203125.28 983808.86 834315.45 801526.75 970708.38 975268.70 255576.62 54489.12 0.20 0.20 0.23 -1 -1
Result 1 5.0 21 0.45 0.23 0.18 0.23 0.18 0.18 -1 -1 -1 -1 -1
Evo 5.40 431818.57 999782.97 902518.89 833260.13 942547.51 987665.32 164016.96 49452.97 0.31 0.20 0.23 -1 -1
Result 1 5.0 10 0.45 0.18 0.27 0.18 0.27 0.09 -1 -1 -1 -1 -1
Evo 1.07 296875.47 998989.98 888728.98 867722.33 916806.83 987894.70 173902.29 43475.57 0.25 0.20 0.23 -1 -1
Result 1 5.0 15 0.38 0.06 0.25 0.25 0.31 0.13 -1 -1 -1 -1 -1
Evo 1.53 285714.63 988214.29 879231.98 826669.39 974145.68 981235.07 186017.52 43844.75 0.23 0.20 0.23 -1 -1
Result 1 5.0 17 0.35 0.11 0.33 0.11 0.22 0.22 -1 -1 -1 -1 -1
Evo 36.50 209677.74 998500.91 834376.27 797005.00 910110.74 924825.00 233706.81 56682.23 0.24 0.20 0.23 -1 -1
Result 1 5.0 16 0.49 0.12 0.24 0.24 0.18 0.24 -1 -1 -1 -1 -1
Evo 12.13 426667.12 998597.08 929933.89 925407.40 958854.70 964000.36 110537.64 22107.53 0.19 0.20 0.23 -1 -1
Result 1 5.0 24 0.42 0.20 0.16 0.20 0.28 0.16 -1 -1 -1 -1 -1
Evo 1.57 281250.34 999803.24 888600.80 883471.61 967539.91 993732.20 188452.49 48658.22 0.26 0.20 0.23 -1 -1
Result 1 5.0 14 0.53 0.13 0.20 0.33 0.20 0.13 -1 -1 -1 -1 -1
Evo 1.26 200000.33 995802.97 869587.16 904459.38 971285.62 988783.81 235214.10 52595.47 0.22 0.20 0.23 -1 -1
Result 1 5.0 19 0.41 0.10 0.30 0.25 0.20 0.15 -1 -1 -1 -1 -1
Evo 3.80 746479.56 1000000.04 946691.53 891822.07 969719.12 989452.54 74798.14 22552.49 0.31 0.20 0.23 -1 -1
Result 1 5.0 10 0.53 -1 0.27 0.36 0.27 0.09 -1 -1 -1 -1 -1
Evo 1.62 569444.55 996922.88 919035.60 911322.94 950574.93 988322.63 113223.81 30260.34 0.27 0.20 0.23 -1 -1
Result 1 5.0 13 0.48 0.07 0.29 0.21 0.29 0.14 -1 -1 -1 -1 -1
Evo 10.92 402985.47 996556.21 884591.42 852800.82 888889.07 950000.55 121676.36 24335.27 0.19 0.20 0.23 -1 -1
Result 1 5.0 24 0.46 0.12 0.16 0.20 0.28 0.24 -1 -1 -1 -1 -1
Evo 1.82 180086.55 998414.10 828136.29 796249.70 906123.15 986620.31 239246.46 49886.34 0.20 0.20 0.23 -1 -1
Result 1 5.0 22 0.20 0.22 0.22 0.26 0.26 0.04 -1 -1 -1 -1 -1
Evo 3.32 250000.47 999537.66 825329.72 814983.26 920880.88 987803.55 245721.72 54945.05 0.22 0.20 0.23 -1 -1
Result 1 5.0 19 0.52 0.15 0.20 0.30 0.20 0.15 -1 -1 -1 -1 -1
Evo 10346.97 -999999.70 0.18 -40701.41 0.08 0.08 0.08 146600.32 3277.26 0.01 0.20 0.21 -1 -1
Result 0 0.0 2000 0.44 0.21 0.20 0.19 0.22 0.17 -1 -1 -1 -1 -1
Evo 10290.03 -1000000.15 0.21 -30176.51 0.08 0.08 0.08 114414.53 2557.75 0.01 0.16 0.17 -1 -1
Result 0 0.0 2000 0.46 0.21 0.21 0.19 0.20 0.19 -1 -1 -1 -1 -1
Evo 10366.20 -1000000.00 0.20 -30908.69 0.08 0.08 0.08 120951.26 2703.88 0.01 0.16 0.17 -1 -1
Result 0 0.0 2000 0.45 0.21 0.22 0.19 0.20 0.18 -1 -1 -1 -1 -1
Evo 10400.31 -999999.89 1.08 -31077.44 1.08 1.08 1.08 118507.10 2649.24 0.01 0.21 0.22 -1 -1
Result 0 1.0 2000 0.47 0.21 0.20 0.19 0.20 0.20 -1 -1 -1 -1 -1
Evo 10276.22 -1000000.36 0.19 -39280.95 0.08 0.08 0.08 145324.36 3248.74 0.01 0.20 0.21 -1 -1
Result 0 0.0 2000 0.46 0.22 0.21 0.19 0.20 0.18 -1 -1 -1 -1 -1
Evo 10415.92 -1000000.05 1.08 -29898.92 1.08 1.08 1.08 114062.92 2549.89 0.01 0.21 0.22 -1 -1
Result 0 1.0 2000 0.47 0.20 0.20 0.21 0.19 0.20 -1 -1 -1 -1 -1
Evo 10492.70 -999999.95 0.16 -35006.46 0.08 0.08 0.08 128641.32 2875.79 0.01 0.16 0.17 -1 -1
Result 0 0.0 2000 0.46 0.21 0.20 0.19 0.19 0.21 -1 -1 -1 -1 -1
Evo 10366.00 -999999.80 0.21 -32348.00 0.08 0.08 0.08 120230.19 2687.76 0.01 0.16 0.17 -1 -1
Result 0 0.0 2000 0.47 0.20 0.22 0.20 0.17 0.20 -1 -1 -1 -1 -1
Evo 10218.37 -999999.85 0.20 -31352.87 0.08 0.08 0.08 116045.50 2594.21 0.01 0.20 0.21 -1 -1
Result 0 0.0 2000 0.47 0.21 0.21 0.20 0.18 0.21 -1 -1 -1 -1 -1
Evo 10375.69 -999999.97 0.17 -41205.73 0.08 0.08 0.08 148467.08 3319.00 0.01 0.20 0.21 -1 -1
Result 0 0.0 2000 0.45 0.19 0.21 0.19 0.19 0.22 -1 -1 -1 -1 -1
Evo 10456.08 -999999.68 0.21 -32084.88 0.07 0.08 0.08 120798.63 2700.46 0.01 0.16 0.17 -1 -1
Result 0 0.0 2000 0.45 0.21 0.20 0.18 0.20 0.20 -1 -1 -1 -1 -1
Evo 10283.74 -999999.72 1.08 -34902.10 1.08 1.08 1.08 123730.07 2766.00 0.01 0.21 0.22 -1 -1
Result 0 1.0 2000 0.46 0.21 0.20 0.20 0.19 0.19 -1 -1 -1 -1 -1
Evo 10349.28 -999999.47 0.20 -32166.04 0.08 0.08 0.08 119443.35 2670.17 0.01 0.20 0.21 -1 -1
Result 0 0.0 2000 0.45 0.21 0.20 0.19 0.21 0.20 -1 -1 -1 -1 -1
Evo 10361.19 -1000000.41 0.20 -33196.61 0.08 0.08 0.08 122424.18 2736.80 0.01 0.16 0.17 -1 -1
Result 0 0.0 2000 0.47 0.21 0.20 0.19 0.20 0.20 -1 -1 -1 -1 -1
Evo 9920.11 -1000000.02 1.08 -36157.38 0.18 1.08 1.08 128141.79 2864.62 0.01 0.22 0.23 -1 -1
Result 0 1.0 2000 0.48 0.20 0.20 0.22 0.20 0.19 -1 -1 -1 -1 -1
Evo 10401.53 -999999.95 0.21 -32600.98 0.08 0.08 0.08 125964.62 2815.95 0.01 0.16 0.20 -1 -1
Result 0 0.0 2000 0.46 0.21 0.20 0.20 0.19 0.20 -1 -1 -1 -1 -1
Evo 10233.38 -1000000.15 1.08 -31034.30 1.08 1.08 1.08 116858.03 2612.37 0.01 0.22 0.23 -1 -1
Result 0 1.0 2000 0.47 0.21 0.21 0.19 0.19 0.20 -1 -1 -1 -1 -1
Evo 10334.92 -999999.80 0.22 -30234.68 0.08 0.08 0.08 114676.11 2563.59 0.01 0.16 0.17 -1 -1
Result 0 0.0 2000 0.47 0.22 0.21 0.20 0.18 0.19 -1 -1 -1 -1 -1
Evo 10357.01 -999999.65 1.08 -31227.61 1.08 1.08 1.08 118356.74 2645.88 0.01 0.21 0.22 -1 -1
Result 0 1.0 2000 0.47 0.21 0.21 0.19 0.19 0.20 -1 -1 -1 -1 -1
Evo 10425.80 -999999.44 1.08 -30516.68 1.07 1.08 1.08 116469.60 2603.69 0.01 0.21 0.22 -1 -1
Result 0 1.0 2000 0.48 0.20 0.20 0.22 0.17 0.20 -1 -1 -1 -1 -1
Evo 10013.81 -1000000.21 1.08 -11144.79 0.08 0.24 1.08 49115.21 1097.98 0.01 0.25 0.27 -1 -1
Result 0 1.0 2000 0.47 0.20 0.19 0.20 0.20 0.21 -1 -1 -1 -1 -1
Evo 10025.87 -999999.58 2.08 -10700.34 1.08 2.08 2.08 47169.76 1054.48 0.01 0.22 0.24 -1 -1
Result 0 2.0 2000 0.43 0.20 0.21 0.21 0.20 0.17 -1 -1 -1 -1 -1
Evo 9997.59 -999999.49 1.11 -11924.08 1.07 1.08 1.08 50234.66 1123.00 0.01 0.19 0.22 -1 -1
Result 0 1.0 2000 0.46 0.22 0.20 0.20 0.22 0.16 -1 -1 -1 -1 -1
Evo 9949.38 -999999.91 2.08 -9883.95 1.08 2.07 2.08 44879.06 1003.28 0.01 0.28 0.29 -1 -1
Result 0 2.0 2000 0.44 0.20 0.20 0.17 0.21 0.22 -1 -1 -1 -1 -1
Evo 9920.84 -999999.49 2.08 -11166.94 1.08 2.06 2.08 48862.65 1092.33 0.01 0.24 0.26 -1 -1
Result 0 2.0 2000 0.49 0.18 0.22 0.23 0.20 0.17 -1 -1 -1 -1 -1
Evo 9986.80 -999999.44 2.08 -12337.03 1.12 2.08 2.08 52497.80 1173.59 0.01 0.28 0.29 -1 -1
Result 0 2.0 2000 0.47 0.21 0.20 0.17 0.22 0.20 -1 -1 -1 -1 -1
Evo 10176.47 -999999.49 3.08 -11349.27 0.28 1.08 2.08 48357.15 1081.03 0.01 0.30 0.31 -1 -1
Result 0 3.0 2000 0.47 0.20 0.20 0.20 0.20 0.20 -1 -1 -1 -1 -1
Evo 9967.22 -1000000.33 2.08 -10516.77 1.08 2.07 2.08 47881.65 1070.40 0.01 0.28 0.29 -1 -1
Result 0 2.0 2000 0.45 0.21 0.21 0.18 0.21 0.19 -1 -1 -1 -1 -1
Evo 9811.32 -1000000.30 2.08 -11743.77 1.07 1.08 1.08 48934.78 1093.94 0.01 0.28 0.29 -1 -1
Result 0 2.0 2000 0.46 0.22 0.21 0.19 0.19 0.20 -1 -1 -1 -1 -1
Evo 9914.68 -999999.67 2.08 -11485.80 1.07 1.08 1.08 47893.89 1070.67 0.01 0.28 0.29 -1 -1
Result 0 2.0 2000 0.44 0.20 0.20 0.18 0.21 0.21 -1 -1 -1 -1 -1
Evo 10038.37 -999999.43 2.08 -10430.48 1.08 2.08 2.08 46724.40 1044.53 0.01 0.21 0.22 -1 -1
Result 0 2.0 2000 0.46 0.21 0.21 0.19 0.21 0.17 -1 -1 -1 -1 -1
Evo 10050.42 -999999.66 1.13 -11217.59 1.07 1.08 1.08 50049.72 1118.87 0.01 0.19 0.21 -1 -1
Result 0 1.0 2000 0.47 0.23 0.21 0.21 0.19 0.17 -1 -1 -1 -1 -1
Evo 9837.51 -1000000.40 0.39 -10901.78 0.07 0.08 0.08 47026.10 1051.27 0.01 0.25 0.28 -1 -1
Result 0 0.0 2000 0.47 0.20 0.23 0.17 0.19 0.21 -1 -1 -1 -1 -1
Evo 9975.75 -1000000.38 2.08 -11629.57 1.08 1.08 2.07 48961.10 1094.53 0.01 0.27 0.29 -1 -1
Result 0 2.0 2000 0.44 0.21 0.20 0.18 0.22 0.19 -1 -1 -1 -1 -1
Evo 9664.22 -999999.62 1.12 -14206.64 1.07 1.08 1.08 56729.02 1268.18 0.01 0.19 0.22 -1 -1
Result 0 1.0 2000 0.48 0.19 0.21 0.21 0.20 0.19 -1 -1 -1 -1 -1
Evo 10069.56 -1000000.20 2.08 -10056.99 1.08 1.08 2.07 47165.64 1054.39 0.01 0.25 0.26 -1 -1
Result 0 2.0 2000 0.46 0.21 0.22 0.19 0.21 0.17 -1 -1 -1 -1 -1
Evo 10015.12 -1000000.11 2.08 -11680.93 1.08 1.08 1.08 49082.93 1097.25 0.01 0.28 0.29 -1 -1
Result 0 2.0 2000 0.44 0.22 0.20 0.18 0.21 0.19 -1 -1 -1 -1 -1
Evo 9953.00 -999999.71 2.08 -10475.45 1.08 1.08 1.08 45572.22 1018.77 0.01 0.28 0.29 -1 -1
Result 0 2.0 2000 0.47 0.22 0.20 0.18 0.19 0.20 -1 -1 -1 -1 -1
Evo 10008.53 -999999.69 1.14 -11652.82 1.07 1.08 1.08 50374.16 1126.12 0.01 0.28 0.28 -1 -1
Result 0 1.0 2000 0.45 0.19 0.21 0.19 0.20 0.21 -1 -1 -1 -1 -1
Evo 9687.71 -999999.52 2.08 -11078.42 1.07 1.08 1.10 47892.66 1070.64 0.01 0.28 0.29 -1 -1
Result 0 2.0 2000 0.42 0.22 0.21 0.16 0.20 0.21 -1 -1 -1 -1 -1
Evo 10330.62 -1000000.31 15.08 -53437.47 7.08 13.07 14.08 197214.79 4408.75 0.01 0.34 0.36 -1 -1
Result 0 15.0 2000 0.45 0.21 0.18 0.23 0.19 0.19 -1 -1 -1 -1 -1
Evo 10081.85 -1000000.19 15.08 -35305.03 13.08 15.08 15.08 146791.52 3281.54 0.01 0.33 0.38 -1 -1
Result 0 15.0 2000 0.45 0.21 0.21 0.23 0.17 0.19 -1 -1 -1 -1 -1
Evo 8380.67 -1000000.28 22.08 -41642.84 11.03 19.06 21.08 164158.41 3669.78 0.01 0.47 0.51 -1 -1
Result 0 22.0 2000 0.46 0.21 0.22 0.20 0.20 0.18 -1 -1 -1 -1 -1
Evo 9984.97 -1000000.08 13.08 -77198.01 7.08 8.07 9.08 232276.80 5192.57 0.01 0.30 0.38 -1 -1
Result 0 13.0 2000 0.44 0.21 0.20 0.21 0.20 0.18 -1 -1 -1 -1 -1
Evo 10054.57 -999999.84 13.08 -74211.59 10.06 10.08 10.08 227739.82 5091.14 0.01 0.28 0.33 -1 -1
Result 0 13.0 2000 0.48 0.22 0.21 0.22 0.17 0.18 -1 -1 -1 -1 -1
Evo 10357.19 -999999.84 16.08 -38175.37 7.08 8.08 13.08 154619.51 3456.53 0.01 0.34 0.39 -1 -1
Result 0 16.0 2000 0.43 0.21 0.22 0.20 0.20 0.17 -1 -1 -1 -1 -1
Evo 10311.71 -999999.89 10.08 -47521.69 6.08 10.08 10.08 170785.64 3817.93 0.01 0.26 0.28 -1 -1
Result 0 10.0 2000 0.47 0.20 0.20 0.21 0.20 0.19 -1 -1 -1 -1 -1
Evo 10162.50 -1000000.07 19.08 -47560.16 13.08 15.08 19.07 165817.56 3706.87 0.01 0.43 0.45 -1 -1
Result 0 19.0 2000 0.47 0.20 0.19 0.21 0.19 0.21 -1 -1 -1 -1 -1
Evo 10313.85 -1000000.29 4.13 -44944.75 4.07 4.08 4.08 157271.59 3515.82 0.01 0.11 0.13 -1 -1
Result 0 4.0 2000 0.47 0.22 0.21 0.21 0.17 0.19 -1 -1 -1 -1 -1
Evo 10139.23 -1000000.23 11.08 -76256.11 8.08 11.08 11.08 234525.83 5242.85 0.01 0.27 0.29 -1 -1
Result 0 11.0 2000 0.44 0.22 0.21 0.20 0.19 0.17 -1 -1 -1 -1 -1
Evo 10217.87 -1000000.28 13.08 -63236.45 13.07 13.08 13.08 212790.15 4756.94 0.01 0.31 0.40 -1 -1
Result 0 13.0 2000 0.49 0.19 0.22 0.23 0.18 0.18 -1 -1 -1 -1 -1
Evo 8601.91 -999999.80 19.08 -84259.02 12.03 19.08 19.08 246660.18 5514.11 0.01 0.42 0.49 -1 -1
Result 0 19.0 2000 0.47 0.20 0.20 0.21 0.19 0.21 -1 -1 -1 -1 -1
Evo 10106.03 -999999.71 16.08 -63224.30 11.06 14.06 14.08 205641.04 4597.12 0.01 0.39 0.45 -1 -1
Result 0 16.0 2000 0.46 0.22 0.20 0.21 0.18 0.19 -1 -1 -1 -1 -1
Evo 10368.38 -1000000.32 4.12 -42552.81 4.08 4.08 4.08 162197.37 3625.94 0.01 0.11 0.13 -1 -1
Result 0 4.0 2000 0.45 0.20 0.22 0.22 0.18 0.18 -1 -1 -1 -1 -1
Evo 10380.51 -999999.73 3.12 -36288.42 3.07 3.08 3.08 148818.48 3326.85 0.01 0.08 0.10 -1 -1
Result 0 3.0 2000 0.47 0.22 0.20 0.21 0.16 0.21 -1 -1 -1 -1 -1
Evo 10066.76 -1000000.20 16.08 -58322.49 5.08 12.08 16.08 192391.96 4300.94 0.01 0.37 0.41 -1 -1
Result 0 16.0 2000 0.44 0.21 0.18 0.21 0.22 0.18 -1 -1 -1 -1 -1
Evo 10429.25 -1000000.10 13.08 -40923.84 7.08 12.08 13.08 158138.98 3535.21 0.01 0.29 0.34 -1 -1
Result 0 13.0 2000 0.46 0.21 0.20 0.21 0.19 0.19 -1 -1 -1 -1 -1
Evo 7264.50 -1000000.04 20.08 -37444.14 16.02 19.08 20.08 145007.90 3241.66 0.01 0.45 0.46 -1 -1
Result 0 20.0 2000 0.47 0.20 0.19 0.21 0.20 0.20 -1 -1 -1 -1 -1
Evo 10227.02 -999999.82 15.08 -30604.85 9.08 13.08 15.08 133361.58 2981.31 0.01 0.32 0.35 -1 -1
Result 0 15.0 2000 0.47 0.21 0.22 0.21 0.17 0.19 -1 -1 -1 -1 -1
Evo 10018.46 -999999.73 13.08 -73353.42 12.08 13.08 13.08 232050.42 5187.51 0.01 0.31 0.34 -1 -1
Result 0 13.0 2000 0.44 0.21 0.22 0.21 0.18 0.17 -1 -1 -1 -1 -1
Evo 10199.88 -999999.91 5.08 -48806.94 5.07 5.08 5.08 178472.23 3989.76 0.01 0.35 0.38 -1 -1
Result 0 5.0 2000 0.46 0.20 0.18 0.20 0.21 0.21 -1 -1 -1 -1 -1
Evo 10395.34 -1000000.37 5.11 -44303.32 5.07 5.08 5.08 166305.02 3717.76 0.01 0.33 0.38 -1 -1
Result 0 5.0 2000 0.47 0.22 0.17 0.20 0.21 0.20 -1 -1 -1 -1 -1
Evo 10103.54 -999999.84 6.08 -53992.10 6.07 6.08 6.08 193244.44 4320.00 0.01 0.32 0.38 -1 -1
Result 0 6.0 2000 0.46 0.20 0.19 0.19 0.22 0.20 -1 -1 -1 -1 -1
Evo 10400.70 -1000000.12 4.08 -50592.18 4.07 4.08 4.08 176863.18 3953.79 0.01 0.32 0.37 -1 -1
Result 0 4.0 2000 0.45 0.21 0.17 0.19 0.23 0.20 -1 -1 -1 -1 -1
Evo 10397.74 -1000000.03 4.15 -44472.45 4.08 4.08 4.08 166535.51 3722.92 0.01 0.29 0.35 -1 -1
Result 0 4.0 2000 0.47 0.22 0.15 0.21 0.21 0.20 -1 -1 -1 -1 -1
Evo 10451.74 -999999.85 4.08 -48211.46 4.07 4.08 4.08 173785.97 3885.00 0.01 0.32 0.37 -1 -1
Result 0 4.0 2000 0.48 0.21 0.17 0.19 0.21 0.22 -1 -1 -1 -1 -1
Evo 10292.93 -999999.72 6.08 -48549.30 5.08 6.08 6.08 177896.71 3976.90 0.01 0.32 0.35 -1 -1
Result 0 6.0 2000 0.48 0.20 0.18 0.19 0.21 0.22 -1 -1 -1 -1 -1
Evo 10412.83 -999999.75 4.50 -49080.00 4.07 4.08 4.08 182429.87 4078.24 0.01 0.29 0.32 -1 -1
Result 0 4.0 2000 0.46 0.22 0.16 0.19 0.21 0.22 -1 -1 -1 -1 -1
Evo 10303.80 -999999.68 6.08 -49956.50 6.07 6.08 6.08 181104.73 4048.61 0.01 0.37 0.38 -1 -1
Result 0 6.0 2000 0.45 0.22 0.18 0.19 0.23 0.19 -1 -1 -1 -1 -1
Evo 10335.05 -1000000.12 6.08 -45706.09 5.08 6.08 6.08 170175.00 3804.28 0.01 0.37 0.40 -1 -1
Result 0 6.0 2000 0.46 0.20 0.17 0.21 0.22 0.19 -1 -1 -1 -1 -1
Evo 10284.59 -1000000.20 5.10 -45591.69 5.08 5.08 5.08 169641.43 3792.35 0.01 0.32 0.37 -1 -1
Result 0 5.0 2000 0.48 0.20 0.16 0.22 0.21 0.22 -1 -1 -1 -1 -1
Evo 10374.89 -999999.58 5.12 -51584.68 5.07 5.08 5.08 186788.78 4175.68 0.01 0.29 0.32 -1 -1
Result 0 5.0 2000 0.46 0.22 0.17 0.20 0.20 0.21 -1 -1 -1 -1 -1
Evo 10482.80 -1000000.23 5.11 -42291.94 5.07 5.08 5.08 157402.24 3518.74 0.01 0.33 0.37 -1 -1
Result 0 5.0 2000 0.47 0.19 0.20 0.20 0.20 0.21 -1 -1 -1 -1 -1
Evo 10319.01 -999999.97 3.14 -36704.79 3.08 3.08 3.08 137362.53 3070.75 0.01 0.29 0.35 -1 -1
Result 0 3.0 2000 0.47 0.20 0.20 0.20 0.21 0.19 -1 -1 -1 -1 -1
Evo 10261.99 -1000000.01 7.08 -47197.57 6.08 7.08 7.08 172815.90 3863.32 0.01 0.40 0.41 -1 -1
Result 0 7.0 2000 0.47 0.21 0.18 0.20 0.21 0.20 -1 -1 -1 -1 -1
Evo 10478.37 -999999.76 4.12 -45847.33 4.08 4.08 4.08 171947.51 3843.90 0.01 0.30 0.35 -1 -1
Result 0 4.0 2000 0.47 0.22 0.16 0.20 0.22 0.21 -1 -1 -1 -1 -1
Evo 10307.89 -1000000.41 3.13 -39768.60 3.08 3.08 3.08 154562.16 3455.25 0.01 0.29 0.33 -1 -1
Result 0 3.0 2000 0.46 0.21 0.18 0.20 0.21 0.20 -1 -1 -1 -1 -1
Evo 10462.38 -999999.60 5.08 -44561.59 5.07 5.08 5.08 169511.10 3789.44 0.01 0.33 0.38 -1 -1
Result 0 5.0 2000 0.48 0.21 0.17 0.19 0.22 0.22 -1 -1 -1 -1 -1
Evo 10294.54 -1000000.16 6.08 -41700.44 6.07 6.08 6.08 162455.00 3631.70 0.01 0.37 0.40 -1 -1
Result 0 6.0 2000 0.46 0.21 0.17 0.21 0.21 0.19 -1 -1 -1 -1 -1
Evo 10418.00 -1000000.11 5.12 -45045.32 5.07 5.08 5.08 172496.65 3856.18 0.01 0.30 0.32 -1 -1
Result 0 5.0 2000 0.47 0.20 0.17 0.21 0.21 0.21 -1 -1 -1 -1 -1
