Evo 2748.59 -999999.48 9.09 -19561.60 -17338.75 2.41 7.26 56920.07 2689.22 0.02 0.05 0.13 -1 -1
Result 0 9.0 447 0.44 0.16 0.19 0.18 0.15 0.17 0.16 -1 -1 -1 -1
Evo 9289.47 -1000000.17 13.09 -4350.80 8.10 12.09 12.09 28510.09 670.13 0.01 0.22 0.32 -1 -1
Result 0 13.0 1809 0.43 0.16 0.18 0.16 0.17 0.15 0.17 -1 -1 -1 -1
Evo 9384.37 -1000000.39 10.09 -7718.94 8.09 9.09 10.09 35406.19 851.74 0.01 0.18 0.24 -1 -1
Result 0 9.0 1727 0.43 0.16 0.18 0.16 0.17 0.15 0.16 -1 -1 -1 -1
Evo 6006.92 -999999.79 10.09 -14622.85 0.39 9.04 9.09 46868.77 1572.81 0.01 0.11 0.19 -1 -1
Result 0 9.0 887 0.43 0.16 0.17 0.17 0.16 0.18 0.17 -1 -1 -1 -1
Evo 6884.41 -1000000.19 12.09 -6113.12 10.04 11.09 11.09 32320.26 722.52 0.01 0.28 0.40 -1 -1
Result 0 12.0 2000 0.43 0.16 0.16 0.17 0.17 0.17 0.18 -1 -1 -1 -1
Evo 9337.94 -999999.47 12.09 -7041.26 10.09 11.09 12.09 33621.14 761.56 0.01 0.20 0.28 -1 -1
Result 0 12.0 1948 0.42 0.16 0.17 0.16 0.17 0.17 0.17 -1 -1 -1 -1
Evo 7055.83 -1000000.28 9.09 -7732.45 0.51 8.08 8.09 36629.93 1160.66 0.01 0.12 0.20 -1 -1
Result 0 8.0 995 0.44 0.15 0.18 0.18 0.16 0.15 0.18 -1 -1 -1 -1
Evo 7716.18 -1000000.40 9.11 -11278.43 0.47 9.09 9.09 42600.88 1293.91 0.01 0.14 0.24 -1 -1
Result 0 8.0 1083 0.41 0.16 0.20 0.15 0.18 0.17 0.15 -1 -1 -1 -1
Evo 9557.80 -1000000.05 9.09 -5749.16 6.09 8.09 8.09 30582.95 683.68 0.01 0.20 0.27 -1 -1
Result 0 9.0 2000 0.44 0.15 0.17 0.18 0.16 0.17 0.17 -1 -1 -1 -1
Evo 8050.21 -1000000.08 10.09 -9557.58 0.53 7.09 7.10 38896.82 1073.86 0.01 0.14 0.21 -1 -1
Result 0 9.0 1311 0.43 0.16 0.18 0.16 0.16 0.16 0.17 -1 -1 -1 -1
Evo 8673.04 -999999.51 8.12 -5778.50 7.33 8.09 8.09 31687.78 825.92 0.01 0.14 0.22 -1 -1
Result 0 7.0 1471 0.44 0.17 0.17 0.17 0.17 0.16 0.16 -1 -1 -1 -1
Evo 6496.54 -999999.54 11.09 -12718.76 0.38 10.09 10.09 45709.89 1527.06 0.01 0.14 0.23 -1 -1
Result 0 10.0 895 0.42 0.18 0.15 0.16 0.17 0.18 0.15 -1 -1 -1 -1
Evo 9570.63 -1000000.22 11.09 -5626.09 7.09 7.09 8.09 29702.74 664.01 0.01 0.20 0.24 -1 -1
Result 0 11.0 2000 0.44 0.17 0.18 0.18 0.15 0.17 0.15 -1 -1 -1 -1
Evo 2967.67 -999999.62 9.09 -25699.91 -35210.77 0.41 7.09 59245.60 2559.02 0.02 0.08 0.14 -1 -1
Result 0 8.0 535 0.44 0.13 0.19 0.18 0.15 0.15 0.20 -1 -1 -1 -1
Evo 6943.18 -1000000.22 11.09 -17720.93 0.34 8.12 9.09 51689.90 1762.61 0.01 0.11 0.18 -1 -1
Result 0 10.0 859 0.43 0.17 0.16 0.17 0.18 0.17 0.15 -1 -1 -1 -1
Evo 2027.27 -999999.89 11.09 -36953.40 -81074.21 0.28 1.00 69275.38 3438.08 0.02 0.07 0.19 -1 -1
Result 0 11.0 405 0.43 0.18 0.17 0.17 0.15 0.21 0.13 -1 -1 -1 -1
Evo 5533.24 -999999.84 4.80 -11639.97 0.31 2.31 4.09 46283.83 1870.91 0.02 0.08 0.18 -1 -1
Result 0 3.0 611 0.43 0.20 0.20 0.17 0.13 0.15 0.15 -1 -1 -1 -1
Evo 5109.58 -999999.55 9.04 -15692.75 -736.01 0.55 7.09 49546.55 1927.14 0.01 0.10 0.20 -1 -1
Result 0 8.0 660 0.45 0.16 0.17 0.18 0.18 0.16 0.15 -1 -1 -1 -1
Evo 3545.54 -1000000.14 9.11 -23542.76 -22471.51 0.48 9.09 59183.58 2507.69 0.02 0.09 0.16 -1 -1
Result 0 9.0 556 0.42 0.16 0.18 0.16 0.19 0.15 0.16 -1 -1 -1 -1
Evo 9470.82 -1000000.30 11.09 -5774.95 8.09 10.09 11.09 29924.51 668.97 0.01 0.25 0.35 -1 -1
Result 0 10.0 2000 0.44 0.15 0.19 0.18 0.16 0.16 0.16 -1 -1 -1 -1
Evo 9467.23 -1000000.00 15.09 -7398.77 12.09 12.09 13.09 52598.82 1175.85 0.01 0.26 0.43 -1 -1
Result 0 15.0 2000 0.42 0.17 0.18 0.16 0.16 0.17 0.16 -1 -1 -1 -1
Evo 9717.57 -999999.69 19.09 -11647.60 11.09 15.09 19.09 70362.86 1572.97 0.01 0.24 0.39 -1 -1
Result 0 19.0 2000 0.43 0.16 0.15 0.17 0.17 0.18 0.17 -1 -1 -1 -1
Evo 7157.38 -999999.48 11.09 -21884.26 5.50 9.09 11.09 91093.68 3113.52 0.01 0.13 0.32 -1 -1
Result 0 10.0 855 0.44 0.16 0.17 0.17 0.14 0.20 0.16 -1 -1 -1 -1
Evo 7381.32 -1000000.30 1.29 -32704.25 0.37 1.09 1.09 97634.07 3352.77 0.01 0.06 0.13 -1 -1
Result 0 0.0 847 0.45 0.18 0.14 0.19 0.16 0.17 0.15 -1 -1 -1 -1
Evo 4293.29 -999999.67 9.15 -50369.96 -47617.94 0.83 9.09 108457.83 4935.00 0.02 0.11 0.27 -1 -1
Result 0 9.0 482 0.39 0.19 0.18 0.13 0.16 0.19 0.15 -1 -1 -1 -1
Evo 9588.05 -999999.93 5.38 -6712.96 5.09 5.09 5.09 49927.69 1116.14 0.01 0.14 0.20 -1 -1
Result 0 5.0 2000 0.43 0.17 0.17 0.16 0.17 0.16 0.18 -1 -1 -1 -1
Evo 9686.26 -1000000.13 12.09 -8921.16 12.09 12.09 12.09 63539.61 1420.43 0.01 0.22 0.37 -1 -1
Result 0 12.0 2000 0.40 0.17 0.18 0.15 0.17 0.17 0.17 -1 -1 -1 -1
Evo 8191.06 -1000000.22 7.09 -9300.02 4.51 7.09 7.09 61942.86 1779.26 0.01 0.12 0.21 -1 -1
Result 0 6.0 1211 0.45 0.15 0.17 0.18 0.17 0.16 0.17 -1 -1 -1 -1
Evo 7598.31 -999999.88 16.09 -9693.54 13.03 14.09 14.09 67779.54 1515.22 0.01 0.27 0.44 -1 -1
Result 0 16.0 2000 0.42 0.17 0.16 0.16 0.16 0.18 0.17 -1 -1 -1 -1
Evo 6932.81 -999999.65 5.40 -18190.26 4.60 5.09 5.09 84494.03 2697.69 0.01 0.10 0.18 -1 -1
Result 0 4.0 980 0.43 0.16 0.17 0.17 0.16 0.16 0.17 -1 -1 -1 -1
Evo 6082.49 -999999.70 11.09 -10368.22 3.86 4.40 7.08 56339.65 1962.68 0.01 0.12 0.24 -1 -1
Result 0 10.0 823 0.44 0.18 0.19 0.17 0.14 0.17 0.15 -1 -1 -1 -1
Evo 9732.99 -999999.72 11.09 -8016.06 6.09 8.09 10.09 51696.44 1155.68 0.01 0.14 0.22 -1 -1
Result 0 11.0 2000 0.43 0.18 0.16 0.17 0.17 0.16 0.16 -1 -1 -1 -1
Evo 7191.60 -1000000.32 0.92 -30917.71 0.09 0.09 0.09 92685.37 3160.55 0.01 0.06 0.09 -1 -1
Result 0 -1.0 859 0.44 0.17 0.15 0.17 0.19 0.14 0.18 -1 -1 -1 -1
Evo 9754.60 -1000000.01 12.09 -7222.96 4.09 6.08 11.09 47553.08 1073.84 0.01 0.21 0.28 -1 -1
Result 0 12.0 1960 0.42 0.17 0.17 0.16 0.17 0.16 0.17 -1 -1 -1 -1
Evo 9850.17 -999999.87 12.09 -5522.16 9.09 11.09 11.09 40009.13 903.71 0.01 0.12 0.15 -1 -1
Result 0 10.0 1959 0.45 0.17 0.15 0.18 0.17 0.16 0.17 -1 -1 -1 -1
Evo 3774.63 -1000000.33 11.09 -23493.43 -3015.99 5.32 11.09 87699.49 3510.79 0.01 0.11 0.22 -1 -1
Result 0 10.0 623 0.39 0.17 0.16 0.13 0.16 0.19 0.19 -1 -1 -1 -1
Evo 38.02 -999229.87 17.03 -4286.33 12.03 12.03 16.03 35976.83 804.27 0.01 0.20 0.28 -1 -1
Result 0 17.0 2000 0.44 0.17 0.16 0.17 0.16 0.17 0.17 -1 -1 -1 -1
Evo 8748.00 -999999.67 19.09 -5010.96 5.51 14.09 16.09 38032.25 988.60 0.01 0.21 0.30 -1 -1
Result 0 18.0 1479 0.43 0.16 0.16 0.17 0.16 0.18 0.17 -1 -1 -1 -1
Evo 9731.17 -999999.87 7.09 -7370.70 5.09 5.09 6.09 58473.14 1307.17 0.01 0.18 0.27 -1 -1
Result 0 7.0 2000 0.43 0.16 0.17 0.17 0.16 0.15 0.18 -1 -1 -1 -1
Evo 9815.92 -999999.52 13.09 -28062.99 4.09 9.09 13.09 111563.52 2494.01 0.01 0.30 0.46 -1 -1
Result 0 13.0 2000 0.44 0.17 0.18 0.17 0.16 0.16 0.16 -1 -1 -1 -1
Evo 8914.79 -999999.69 18.09 -8869.05 15.09 16.09 18.08 37584.40 840.20 0.01 0.26 0.42 -1 -1
Result 0 18.0 2000 0.42 0.16 0.17 0.16 0.17 0.18 0.16 -1 -1 -1 -1
Evo 9406.21 -999999.71 19.09 -8658.49 15.04 17.09 17.09 37607.53 840.72 0.01 0.26 0.46 -1 -1
Result 0 19.0 2000 0.42 0.16 0.19 0.16 0.16 0.17 0.16 -1 -1 -1 -1
Evo 3905.70 -999999.94 19.09 -8381.93 14.03 15.03 17.09 36865.16 824.12 0.01 0.24 0.46 -1 -1
Result 0 19.0 2000 0.44 0.17 0.16 0.17 0.17 0.18 0.15 -1 -1 -1 -1
Evo 5770.07 -1000000.17 5.18 -29548.20 -26891.06 5.09 5.09 65503.43 2581.20 0.01 0.07 0.18 -1 -1
Result 0 4.0 643 0.42 0.17 0.20 0.16 0.16 0.15 0.16 -1 -1 -1 -1
Evo 9798.05 -1000000.12 18.09 -10023.46 11.09 11.09 17.09 40245.85 899.70 0.01 0.27 0.44 -1 -1
Result 0 18.0 2000 0.45 0.16 0.16 0.18 0.17 0.17 0.15 -1 -1 -1 -1
Evo 2701.54 -1000000.12 12.09 -31371.75 -54053.05 10.04 12.03 62309.26 2373.79 0.01 0.12 0.25 -1 -1
Result 0 11.0 688 0.43 0.16 0.16 0.17 0.15 0.19 0.17 -1 -1 -1 -1
Evo 8429.51 -999999.85 12.09 -17425.29 6.08 7.09 12.09 54728.82 1574.64 0.01 0.16 0.30 -1 -1
Result 0 11.0 1207 0.41 0.16 0.18 0.15 0.17 0.17 0.16 -1 -1 -1 -1
Evo 5594.22 -1000000.09 11.15 -30836.28 -53392.00 11.08 11.09 61529.78 2393.23 0.01 0.11 0.29 -1 -1
Result 0 10.0 660 0.44 0.16 0.18 0.17 0.15 0.22 0.12 -1 -1 -1 -1
Evo 7121.13 -999999.93 9.09 -19746.98 0.62 6.09 6.09 53324.81 1758.07 0.01 0.11 0.28 -1 -1
Result 0 8.0 919 0.44 0.17 0.19 0.18 0.17 0.13 0.15 -1 -1 -1 -1
Evo 4749.04 -1000000.20 10.10 -35016.19 -62290.94 0.81 10.09 66165.75 2826.46 0.02 0.09 0.28 -1 -1
Result 0 9.0 547 0.42 0.16 0.16 0.16 0.16 0.20 0.16 -1 -1 -1 -1
Evo 7751.04 -999999.84 12.09 -19402.95 1.35 6.09 8.09 57846.52 1941.20 0.01 0.17 0.30 -1 -1
Result 0 10.0 887 0.41 0.16 0.17 0.15 0.20 0.18 0.14 -1 -1 -1 -1
Evo 9124.11 -999999.69 16.09 -11066.92 12.09 13.09 16.09 41999.31 1047.04 0.01 0.21 0.37 -1 -1
Result 0 15.0 1608 0.43 0.17 0.18 0.17 0.16 0.17 0.16 -1 -1 -1 -1
Evo 9792.03 -1000000.30 18.09 -7169.23 13.09 16.09 17.09 35035.78 783.23 0.01 0.27 0.43 -1 -1
Result 0 18.0 2000 0.43 0.16 0.19 0.17 0.17 0.18 0.14 -1 -1 -1 -1
Evo 8602.14 -999999.78 15.09 -20415.32 5.09 14.09 15.09 57792.92 1702.74 0.01 0.17 0.30 -1 -1
Result 0 14.0 1151 0.42 0.18 0.17 0.16 0.16 0.17 0.16 -1 -1 -1 -1
Evo 9647.10 -1000000.22 16.09 -8463.83 6.10 12.09 14.09 35694.24 797.95 0.01 0.26 0.41 -1 -1
Result 0 16.0 2000 0.41 0.17 0.17 0.15 0.18 0.18 0.15 -1 -1 -1 -1
Evo 7951.60 -999999.50 15.09 -19562.33 1.34 12.09 15.09 53607.72 1681.82 0.01 0.16 0.36 -1 -1
Result 0 14.0 1015 0.43 0.18 0.15 0.17 0.17 0.18 0.16 -1 -1 -1 -1
Evo 4569.61 -999999.45 21.09 -11859.44 11.03 12.03 14.09 43015.80 961.62 0.01 0.22 0.32 -1 -1
Result 0 21.0 2000 0.43 0.14 0.18 0.17 0.18 0.17 0.16 -1 -1 -1 -1
Evo 6592.22 -999999.76 17.09 -9759.12 13.03 14.09 14.09 41024.81 931.42 0.01 0.21 0.41 -1 -1
Result 0 16.0 1939 0.42 0.17 0.17 0.15 0.18 0.17 0.16 -1 -1 -1 -1
Evo 9843.93 -1000000.23 18.09 -8017.31 13.09 13.09 18.09 36886.13 824.59 0.01 0.28 0.42 -1 -1
Result 0 18.0 2000 0.42 0.18 0.17 0.16 0.16 0.16 0.17 -1 -1 -1 -1
Evo 8192.55 -999999.92 14.09 -12025.40 9.04 14.08 14.09 45473.55 1053.26 0.01 0.21 0.33 -1 -1
Result 0 13.0 1863 0.41 0.17 0.18 0.15 0.17 0.17 0.15 -1 -1 -1 -1
Evo 7155.03 -999999.74 3.14 -3828.02 2.56 3.09 3.09 42994.11 1427.60 0.01 0.11 0.21 -1 -1
Result 0 3.0 906 0.40 0.18 0.18 0.15 0.17 0.18 0.14 -1 -1 -1 -1
Evo 9720.17 -1000000.33 1.12 -9962.70 1.09 1.09 1.09 47583.85 1063.74 0.01 0.21 0.29 -1 -1
Result 0 1.0 2000 0.43 0.16 0.18 0.17 0.17 0.17 0.16 -1 -1 -1 -1
Evo 8451.37 -1000000.05 3.09 -9232.29 2.09 2.09 2.11 46896.97 1342.66 0.01 0.15 0.22 -1 -1
Result 0 2.0 1219 0.42 0.16 0.17 0.16 0.18 0.17 0.17 -1 -1 -1 -1
Evo 9565.62 -1000000.32 4.09 -3632.85 2.09 3.09 4.09 30787.00 688.25 0.01 0.31 0.48 -1 -1
Result 0 4.0 2000 0.42 0.16 0.18 0.16 0.16 0.16 0.17 -1 -1 -1 -1
Evo 8282.23 -1000000.15 3.13 -2322.17 2.63 3.09 3.09 33942.55 971.77 0.01 0.16 0.22 -1 -1
Result 0 2.0 1219 0.42 0.17 0.17 0.16 0.17 0.17 0.15 -1 -1 -1 -1
Evo 9748.52 -1000000.36 3.09 -1139.12 2.67 3.09 3.09 24627.62 550.55 0.01 0.25 0.39 -1 -1
Result 0 3.0 2000 0.41 0.17 0.18 0.15 0.16 0.18 0.16 -1 -1 -1 -1
Evo 9622.55 -1000000.15 3.09 -3993.51 2.67 3.09 3.09 27885.42 623.38 0.01 0.25 0.33 -1 -1
Result 0 3.0 2000 0.43 0.16 0.16 0.17 0.17 0.17 0.16 -1 -1 -1 -1
Evo 9535.83 -999999.74 4.09 -3035.41 3.11 4.09 4.09 37724.82 843.34 0.01 0.25 0.42 -1 -1
Result 0 4.0 2000 0.41 0.16 0.18 0.15 0.16 0.18 0.17 -1 -1 -1 -1
Evo 7438.27 -999999.86 2.72 -5309.05 2.09 2.09 2.20 38189.95 1248.28 0.01 0.14 0.25 -1 -1
Result 0 1.0 935 0.43 0.16 0.18 0.17 0.15 0.17 0.16 -1 -1 -1 -1
Evo 8957.37 -1000000.02 2.70 -2577.62 2.09 2.09 2.09 30770.73 805.31 0.01 0.16 0.25 -1 -1
Result 0 1.0 1459 0.42 0.17 0.18 0.16 0.18 0.16 0.15 -1 -1 -1 -1
Evo 9772.20 -999999.81 4.09 -1674.00 3.09 3.09 3.09 24448.74 546.55 0.01 0.26 0.36 -1 -1
Result 0 4.0 2000 0.41 0.16 0.17 0.15 0.18 0.17 0.16 -1 -1 -1 -1
Evo 9616.51 -1000000.25 3.09 -3932.75 2.09 2.09 3.09 30819.98 688.98 0.01 0.20 0.34 -1 -1
Result 0 3.0 2000 0.43 0.17 0.17 0.17 0.15 0.18 0.16 -1 -1 -1 -1
Evo 400.39 -1000000.12 2.79 -23478.17 -40981.35 -733.22 2.55 61279.91 3447.26 0.03 0.03 0.08 -1 -1
Result 0 1.0 315 0.48 0.20 0.13 0.22 0.17 0.16 0.12 -1 -1 -1 -1
Evo 9894.60 -1000000.18 3.09 -1784.88 2.09 2.48 3.09 23893.28 534.14 0.01 0.23 0.32 -1 -1
Result 0 3.0 2000 0.43 0.17 0.17 0.16 0.16 0.17 0.16 -1 -1 -1 -1
Evo 9702.71 -999999.54 3.37 -3420.68 3.09 3.09 3.09 39566.50 884.51 0.01 0.27 0.36 -1 -1
Result 0 3.0 2000 0.42 0.18 0.16 0.16 0.17 0.16 0.17 -1 -1 -1 -1
Evo 9852.95 -1000000.40 3.09 -3737.30 2.09 2.09 2.45 39161.87 875.47 0.01 0.21 0.30 -1 -1
Result 0 3.0 2000 0.41 0.18 0.16 0.15 0.17 0.17 0.17 -1 -1 -1 -1
Evo 9844.85 -1000000.17 4.09 -4685.57 2.09 3.09 3.09 29532.06 660.19 0.01 0.25 0.34 -1 -1
Result 0 4.0 2000 0.42 0.17 0.17 0.16 0.15 0.17 0.18 -1 -1 -1 -1
Evo 9814.51 -999999.52 2.75 -2605.80 2.09 2.09 2.09 24844.05 555.39 0.01 0.20 0.26 -1 -1
Result 0 2.0 2000 0.42 0.18 0.16 0.15 0.18 0.17 0.15 -1 -1 -1 -1
Evo 9435.52 -999999.43 3.15 -2241.51 3.09 3.09 3.09 25770.32 576.10 0.01 0.23 0.34 -1 -1
Result 0 3.0 2000 0.43 0.18 0.16 0.16 0.16 0.17 0.17 -1 -1 -1 -1
Evo 2063.35 -1000000.03 4.15 -4374.90 2.62 3.22 3.45 46718.48 2112.68 0.02 0.11 0.31 -1 -1
Result 0 4.0 488 0.41 0.16 0.17 0.15 0.15 0.17 0.20 -1 -1 -1 -1
Evo 4709.97 -999999.52 4.42 -36008.81 2.48 4.09 4.09 96595.32 4089.21 0.02 0.12 0.25 -1 -1
Result 0 4.0 557 0.41 0.19 0.16 0.15 0.15 0.16 0.18 -1 -1 -1 -1
Evo 7384.61 -1000000.09 2.62 -3495.00 2.09 2.09 2.27 34056.32 1068.44 0.01 0.15 0.27 -1 -1
Result 0 2.0 1015 0.43 0.17 0.14 0.17 0.18 0.16 0.18 -1 -1 -1 -1
Evo 9863.90 -999999.87 4.40 -12835.98 4.09 4.09 4.09 65399.76 1462.02 0.01 0.28 0.40 -1 -1
Result 0 4.0 2000 0.42 0.18 0.16 0.15 0.17 0.16 0.16 -1 -1 -1 -1
Evo 9477.15 -999999.65 2.58 -2750.88 2.09 2.09 2.09 29515.43 659.82 0.01 0.27 0.34 -1 -1
Result 0 2.0 2000 0.42 0.18 0.16 0.16 0.18 0.16 0.17 -1 -1 -1 -1
Evo 8495.67 -999999.84 2.59 -4335.04 2.09 2.09 2.09 38488.35 1049.86 0.01 0.17 0.25 -1 -1
Result 0 1.0 1343 0.44 0.18 0.16 0.18 0.16 0.17 0.15 -1 -1 -1 -1
Evo 9519.40 -999999.43 2.61 -2524.28 2.09 2.09 2.09 28250.13 631.53 0.01 0.19 0.27 -1 -1
Result 0 2.0 2000 0.43 0.16 0.17 0.17 0.17 0.17 0.17 -1 -1 -1 -1
Evo 9584.04 -999999.89 2.60 -4418.79 2.09 2.09 2.09 42118.35 941.56 0.01 0.19 0.23 -1 -1
Result 0 2.0 2000 0.43 0.17 0.16 0.16 0.18 0.16 0.16 -1 -1 -1 -1
Evo 9604.91 -1000000.07 2.59 -3375.68 2.09 2.09 2.09 33729.98 754.04 0.01 0.31 0.41 -1 -1
Result 0 2.0 2000 0.42 0.17 0.16 0.16 0.16 0.17 0.17 -1 -1 -1 -1
Evo 7474.96 -999999.65 2.61 -4006.40 2.09 2.09 2.19 37316.76 1106.68 0.01 0.14 0.24 -1 -1
Result 0 2.0 1136 0.42 0.15 0.16 0.16 0.17 0.18 0.18 -1 -1 -1 -1
Evo 3471.06 -999999.62 2.61 -7985.89 2.09 2.23 2.46 54703.53 2408.19 0.02 0.05 0.08 -1 -1
Result 0 1.0 515 0.46 0.16 0.15 0.20 0.16 0.18 0.14 -1 -1 -1 -1
Evo 8817.32 -999999.44 2.62 -3628.83 2.09 2.09 2.09 34945.46 935.29 0.01 0.20 0.28 -1 -1
Result 0 1.0 1395 0.45 0.15 0.18 0.18 0.17 0.16 0.16 -1 -1 -1 -1
Evo 8831.98 -999999.70 4.41 -19180.59 4.09 4.09 4.09 76774.34 2060.73 0.01 0.14 0.19 -1 -1
Result 0 3.0 1387 0.42 0.16 0.16 0.16 0.17 0.16 0.19 -1 -1 -1 -1
Evo 5572.41 -1000000.19 2.62 -5906.91 2.09 2.09 2.39 42420.39 1620.80 0.01 0.13 0.24 -1 -1
Result 0 2.0 684 0.45 0.18 0.17 0.18 0.15 0.17 0.15 -1 -1 -1 -1
Evo 8004.36 -1000000.26 2.62 -2581.40 2.09 2.09 2.12 30450.12 872.86 0.01 0.13 0.20 -1 -1
Result 0 2.0 1216 0.43 0.18 0.15 0.17 0.17 0.16 0.17 -1 -1 -1 -1
Evo 5655.77 -1000000.40 2.60 -5932.42 2.09 2.09 2.46 48796.89 1849.64 0.01 0.10 0.17 -1 -1
Result 0 1.0 695 0.43 0.18 0.19 0.17 0.15 0.15 0.17 -1 -1 -1 -1
Evo 6205.00 -999999.45 2.60 -5912.78 2.09 2.09 2.30 38561.87 1333.69 0.01 0.13 0.23 -1 -1
Result 0 1.0 835 0.41 0.19 0.16 0.15 0.17 0.17 0.17 -1 -1 -1 -1
Evo 8106.05 -1000000.10 22.08 -32942.78 0.42 4.09 4.09 100593.57 3162.13 0.01 0.21 0.31 -1 -1
Result 0 21.0 1011 0.44 0.18 0.16 0.17 0.15 0.19 0.14 -1 -1 -1 -1
Evo 5416.10 -1000000.05 12.09 -6759.87 2.09 2.11 2.46 52141.26 1999.53 0.01 0.14 0.29 -1 -1
Result 0 11.0 679 0.43 0.17 0.18 0.16 0.16 0.17 0.16 -1 -1 -1 -1
Evo 7094.16 -999999.50 2.61 -4278.48 2.09 2.09 2.28 35470.03 1141.23 0.01 0.18 0.32 -1 -1
Result 0 2.0 965 0.45 0.17 0.15 0.18 0.16 0.18 0.15 -1 -1 -1 -1
Evo 9986.38 -1000000.27 0.45 -18750.66 0.09 0.09 0.09 76297.31 1705.63 0.01 0.22 0.30 -1 -1
Result 0 0.0 2000 0.44 0.17 0.16 0.17 0.17 0.16 0.16 -1 -1 -1 -1
