Evo 9507.14 0.15 1000000.22 635.64 16.09 18.09 18.09 24700.51 610.12 0.01 0.27 0.37 -1 -1
Result 1 18.0 1638 0.41 0.15 0.18 0.16 0.17 0.16 0.18 -1 -1 -1 -1
Evo 6685.02 1.76 1000000.49 1292.86 8.57 14.10 16.09 35782.39 1280.39 0.01 0.12 0.23 -1 -1
Result 1 16.0 780 0.44 0.17 0.17 0.18 0.13 0.18 0.17 -1 -1 -1 -1
Evo 839.25 0.11 3072.95 18.29 4.95 19.02 21.02 112.95 4.16 0.01 0.19 0.38 -1 -1
Result 1 22.0 736 0.39 0.13 0.17 0.18 0.17 0.16 0.19 -1 -1 -1 -1
Evo 8541.21 0.33 1000000.41 834.00 13.09 13.11 20.09 28629.52 819.66 0.01 0.25 0.38 -1 -1
Result 1 20.0 1219 0.44 0.18 0.17 0.17 0.17 0.17 0.15 -1 -1 -1 -1
Evo 21.11 0.48 503327.67 32878.36 3.57 6.50 16.22 112005.91 6577.21 0.03 0.16 0.44 -1 -1
Result 1 25.0 289 0.42 0.16 0.15 0.23 0.16 0.16 0.15 -1 -1 -1 -1
Evo 8143.67 0.30 3525.23 98.47 17.09 21.09 27.09 370.68 11.65 0.01 0.23 0.36 -1 -1
Result 1 27.0 1011 0.41 0.15 0.18 0.16 0.18 0.16 0.17 -1 -1 -1 -1
Evo 11.51 0.26 688232.08 24220.03 3.24 8.22 18358.46 71425.05 4283.79 0.03 0.14 0.33 -1 -1
Result 1 14.0 277 0.45 0.18 0.14 0.19 0.17 0.18 0.15 -1 -1 -1 -1
Evo 43.45 -999229.84 13.03 -737.39 13.03 13.03 13.03 24973.64 558.29 0.01 0.21 0.26 -1 -1
Result 0 13.0 2000 0.45 0.18 0.16 0.16 0.18 0.17 0.16 -1 -1 -1 -1
Evo 880.79 0.11 1000000.09 3295.21 3.70 14.13 25.01 51578.72 2569.32 0.02 0.17 0.37 -1 -1
Result 1 25.0 402 0.43 0.16 0.18 0.22 0.16 0.13 0.15 -1 -1 -1 -1
Evo 8959.02 0.39 12.35 11.19 12.09 12.09 12.09 2.40 0.07 0.01 0.19 0.31 -1 -1
Result 1 12.0 1335 0.44 0.18 0.18 0.17 0.16 0.16 0.15 -1 -1 -1 -1
Evo 5534.71 0.05 1000000.35 3834.43 9.90 16.09 16.09 39056.77 1504.41 0.01 0.17 0.32 -1 -1
Result 1 16.0 673 0.42 0.16 0.17 0.17 0.19 0.16 0.16 -1 -1 -1 -1
Evo 8062.60 0.87 999999.79 1025.62 13.09 14.09 15.09 31829.95 1013.16 0.01 0.18 0.28 -1 -1
Result 1 15.0 986 0.43 0.16 0.17 0.18 0.16 0.17 0.16 -1 -1 -1 -1
Evo 31.78 0.11 232720.10 588.41 5.53 21.02 27.01 10868.95 364.74 0.01 0.19 0.35 -1 -1
Result 1 27.0 887 0.44 0.18 0.18 0.15 0.18 0.16 0.15 -1 -1 -1 -1
Evo 34.60 0.09 97218.62 78.10 20.24 25.01 25.01 2365.78 57.58 0.01 0.26 0.39 -1 -1
Result 1 25.0 1687 0.43 0.17 0.17 0.17 0.17 0.16 0.16 -1 -1 -1 -1
Evo 119.63 0.08 999999.99 3034.50 5.13 20.02 20.02 40110.50 1604.42 0.01 0.19 0.38 -1 -1
Result 1 20.0 624 0.42 0.16 0.18 0.18 0.15 0.18 0.16 -1 -1 -1 -1
Evo 5923.40 0.10 25.09 19.79 19.24 23.02 25.09 7.95 0.25 0.01 0.19 0.36 -1 -1
Result 1 25.0 1011 0.42 0.16 0.18 0.17 0.16 0.17 0.17 -1 -1 -1 -1
Evo 9441.24 0.08 999999.93 926.60 8.09 8.09 8.09 26386.10 696.06 0.01 0.19 0.27 -1 -1
Result 1 10.0 1436 0.46 0.19 0.16 0.15 0.18 0.17 0.16 -1 -1 -1 -1
Evo 8200.33 0.11 4000.02 47.39 12.09 14.09 16.09 247.73 7.07 0.01 0.18 0.27 -1 -1
Result 1 16.0 1227 0.44 0.17 0.16 0.17 0.17 0.17 0.16 -1 -1 -1 -1
Evo 8573.05 0.12 999999.78 800.82 8.09 10.09 10.09 27756.76 770.43 0.01 0.17 0.21 -1 -1
Result 1 14.0 1297 0.43 0.16 0.17 0.17 0.15 0.18 0.16 -1 -1 -1 -1
Evo 4329.68 -0.06 22.09 11.72 4.65 11.08 20.09 7.80 0.36 0.02 0.14 0.29 -1 -1
Result 1 22.0 479 0.45 0.19 0.16 0.18 0.17 0.15 0.15 -1 -1 -1 -1
Evo 8663.72 0.07 999999.63 953.97 8.09 8.09 8.09 29419.55 865.28 0.01 0.20 0.32 -1 -1
Result 1 10.0 1155 0.42 0.16 0.18 0.17 0.15 0.18 0.16 -1 -1 -1 -1
Evo 492.09 0.12 55506.65 324.41 2.18 8.04 93.02 2763.73 120.28 0.02 0.08 0.17 -1 -1
Result 1 8.0 527 0.45 0.18 0.13 0.17 0.16 0.16 0.20 -1 -1 -1 -1
Evo 5720.62 0.35 1000000.25 1629.05 7.52 10.09 12.09 40258.16 1620.73 0.02 0.09 0.19 -1 -1
Result 1 12.0 616 0.46 0.19 0.15 0.17 0.18 0.14 0.16 -1 -1 -1 -1
Evo 13.59 0.07 160961.27 26674.46 0.86 2.97 24247.80 48366.94 2514.48 0.02 0.14 0.28 -1 -1
Result 1 16.0 369 0.40 0.14 0.12 0.20 0.18 0.16 0.19 -1 -1 -1 -1
Evo 6447.32 0.28 111111.87 389.10 8.09 8.16 12.09 4758.68 202.18 0.02 0.09 0.21 -1 -1
Result 1 12.0 553 0.43 0.17 0.16 0.17 0.18 0.13 0.19 -1 -1 -1 -1
Evo 7532.20 0.10 999999.98 1236.78 10.09 10.09 10.10 31969.32 1021.74 0.01 0.20 0.33 -1 -1
Result 1 10.0 978 0.44 0.17 0.17 0.14 0.17 0.17 0.17 -1 -1 -1 -1
Evo 448.11 0.09 239106.02 1020.59 8.04 10.04 53.76 10828.88 417.11 0.01 0.16 0.29 -1 -1
Result 1 10.0 673 0.43 0.16 0.17 0.18 0.17 0.16 0.15 -1 -1 -1 -1
Evo 7162.10 0.09 1000000.39 1320.42 12.09 12.09 12.09 33064.86 1093.09 0.01 0.14 0.24 -1 -1
Result 1 14.0 914 0.44 0.17 0.16 0.16 0.18 0.15 0.18 -1 -1 -1 -1
Evo 58.24 0.07 50716.07 418.10 12.03 12.03 293.18 2382.29 94.46 0.01 0.10 0.16 -1 -1
Result 1 12.0 635 0.40 0.14 0.17 0.18 0.16 0.16 0.18 -1 -1 -1 -1
Evo 6198.74 0.33 999999.64 2224.71 4.15 6.09 103.00 44413.73 1972.48 0.02 0.11 0.21 -1 -1
Result 1 6.0 506 0.45 0.18 0.16 0.21 0.18 0.14 0.13 -1 -1 -1 -1
Evo 3857.49 0.17 999999.76 2325.62 8.11 14.09 32.83 43906.90 1912.61 0.02 0.15 0.32 -1 -1
Result 1 17.0 526 0.42 0.16 0.15 0.21 0.16 0.16 0.17 -1 -1 -1 -1
Evo 6887.16 0.07 20408.73 126.29 0.09 0.30 20.41 912.20 33.95 0.01 0.14 0.17 -1 -1
Result 1 6.0 721 0.43 0.16 0.16 0.16 0.17 0.18 0.15 -1 -1 -1 -1
Evo 1253.89 0.12 125892.06 863.88 8.11 10.04 123.76 6962.43 343.43 0.02 0.10 0.28 -1 -1
Result 1 10.0 410 0.45 0.18 0.18 0.17 0.16 0.18 0.13 -1 -1 -1 -1
Evo 4612.15 0.33 18868.98 383.52 8.09 8.09 184.57 1546.51 74.15 0.02 0.15 0.26 -1 -1
Result 1 8.0 434 0.43 0.17 0.16 0.17 0.19 0.14 0.17 -1 -1 -1 -1
Evo 6132.28 0.10 20833.99 162.47 10.09 12.09 12.09 958.51 35.48 0.01 0.11 0.19 -1 -1
Result 1 12.0 729 0.42 0.16 0.17 0.17 0.17 0.15 0.18 -1 -1 -1 -1
Evo 7166.31 0.06 15873.61 147.96 0.09 2.09 2.09 778.36 29.89 0.01 0.07 0.10 -1 -1
Result 1 2.0 677 0.43 0.17 0.15 0.16 0.17 0.18 0.17 -1 -1 -1 -1
Evo 8492.44 0.06 15625.55 96.26 12.09 12.09 12.09 655.68 21.64 0.01 0.12 0.25 -1 -1
Result 1 12.0 917 0.43 0.17 0.16 0.18 0.15 0.18 0.17 -1 -1 -1 -1
Evo 8163.63 0.14 1000000.09 766.52 12.09 12.09 39.16 25687.87 659.75 0.01 0.17 0.25 -1 -1
Result 1 14.0 1515 0.44 0.17 0.16 0.17 0.18 0.17 0.15 -1 -1 -1 -1
Evo 7363.73 0.13 11495.58 145.25 10.09 12.09 25.59 628.72 23.53 0.01 0.15 0.28 -1 -1
Result 1 12.0 713 0.42 0.16 0.16 0.19 0.16 0.16 0.17 -1 -1 -1 -1
Evo 2585.36 0.10 47619.76 236.80 10.41 12.09 37.85 2169.27 90.07 0.02 0.19 0.31 -1 -1
Result 1 12.0 579 0.43 0.17 0.14 0.19 0.18 0.16 0.17 -1 -1 -1 -1
Evo 4415.17 0.14 16.09 11.12 5.29 14.03 16.09 5.13 0.20 0.01 0.11 0.22 -1 -1
Result 1 16.0 636 0.45 0.19 0.18 0.14 0.18 0.16 0.15 -1 -1 -1 -1
Evo 225.27 0.15 999999.68 704.98 14.03 18.02 18.02 25070.43 624.81 0.01 0.25 0.31 -1 -1
Result 1 20.0 1609 0.44 0.17 0.17 0.17 0.16 0.16 0.17 -1 -1 -1 -1
Evo 49.36 0.17 105201.08 114.99 12.17 16.03 16.03 3275.95 102.03 0.01 0.24 0.37 -1 -1
Result 1 16.0 1030 0.42 0.16 0.16 0.16 0.18 0.17 0.17 -1 -1 -1 -1
Evo 8470.16 0.27 999999.68 933.08 12.14 16.09 16.09 30330.49 919.95 0.01 0.17 0.27 -1 -1
Result 1 16.0 1086 0.44 0.17 0.18 0.14 0.15 0.18 0.17 -1 -1 -1 -1
Evo 93.79 0.12 999999.77 1341.45 12.26 14.03 20.02 30121.00 894.46 0.01 0.16 0.30 -1 -1
Result 1 22.0 1133 0.44 0.18 0.16 0.15 0.17 0.16 0.18 -1 -1 -1 -1
Evo 7225.89 0.10 999999.64 1380.27 13.09 13.09 15.08 33764.18 1140.14 0.01 0.20 0.30 -1 -1
Result 1 15.0 876 0.44 0.17 0.16 0.16 0.15 0.18 0.17 -1 -1 -1 -1
Evo 8308.61 0.30 999999.93 906.80 12.35 14.09 22.09 29853.61 891.25 0.01 0.21 0.34 -1 -1
Result 1 24.0 1121 0.44 0.17 0.18 0.14 0.17 0.18 0.16 -1 -1 -1 -1
Evo 7023.71 0.06 18.09 12.83 9.10 14.09 18.09 5.28 0.19 0.01 0.19 0.30 -1 -1
Result 1 18.0 750 0.44 0.18 0.17 0.17 0.16 0.16 0.18 -1 -1 -1 -1
Evo 12.42 0.12 417560.14 50723.11 4.29 1194.48 54628.89 94553.54 5061.33 0.02 0.12 0.28 -1 -1
Result 1 11.0 348 0.44 0.17 0.17 0.14 0.19 0.18 0.14 -1 -1 -1 -1
Evo 89.09 0.12 113963.68 138.00 14.03 14.03 14.03 3451.83 93.22 0.01 0.18 0.25 -1 -1
Result 1 14.0 1370 0.43 0.16 0.17 0.16 0.17 0.16 0.17 -1 -1 -1 -1
Evo 8359.60 0.15 1000000.32 1067.03 14.09 18.09 25.09 31514.26 993.10 0.01 0.25 0.36 -1 -1
Result 1 25.0 1006 0.43 0.16 0.18 0.16 0.14 0.18 0.17 -1 -1 -1 -1
Evo 6613.38 0.31 13337.99 93.81 14.09 18.09 18.09 721.06 25.06 0.01 0.13 0.24 -1 -1
Result 1 18.0 827 0.45 0.18 0.16 0.16 0.16 0.18 0.16 -1 -1 -1 -1
Evo 6330.81 0.43 1000000.51 1622.75 10.21 12.09 12.11 38149.51 1455.49 0.01 0.16 0.27 -1 -1
Result 1 15.0 686 0.45 0.19 0.17 0.14 0.15 0.18 0.17 -1 -1 -1 -1
Evo 8606.90 0.15 16.09 13.32 14.09 16.09 16.09 4.58 0.13 0.01 0.19 0.33 -1 -1
Result 1 16.0 1215 0.44 0.17 0.16 0.16 0.16 0.17 0.17 -1 -1 -1 -1
Evo 8203.07 0.33 18.09 13.18 11.00 16.09 16.09 5.12 0.16 0.01 0.17 0.27 -1 -1
Result 1 18.0 1013 0.41 0.15 0.18 0.16 0.15 0.19 0.16 -1 -1 -1 -1
Evo 8291.93 0.34 18.09 13.48 13.87 14.13 16.09 4.71 0.14 0.01 0.22 0.30 -1 -1
Result 1 18.0 1171 0.44 0.17 0.16 0.16 0.16 0.16 0.19 -1 -1 -1 -1
Evo 8323.06 0.34 16.09 11.75 12.03 12.12 16.09 4.38 0.14 0.01 0.19 0.31 -1 -1
Result 1 16.0 1019 0.42 0.16 0.17 0.18 0.16 0.17 0.17 -1 -1 -1 -1
Evo 5781.03 0.15 1000000.24 1109.49 12.03 20.05 21.09 33058.44 1092.88 0.01 0.21 0.38 -1 -1
Result 1 21.0 914 0.45 0.19 0.15 0.13 0.16 0.18 0.19 -1 -1 -1 -1
Evo 36.33 0.17 108252.00 391.72 14.03 16.03 108.43 4407.41 174.22 0.01 0.13 0.25 -1 -1
Result 1 16.0 639 0.43 0.17 0.15 0.16 0.20 0.17 0.15 -1 -1 -1 -1
Evo 34.58 -999229.84 17.87 -734.83 14.03 16.03 16.03 24973.71 558.29 0.01 0.19 0.27 -1 -1
Result 0 16.0 2000 0.43 0.17 0.20 0.17 0.15 0.15 0.16 -1 -1 -1 -1
Evo 2.63 0.16 736854.86 204287.50 97971.67 212093.47 274014.02 118358.48 7855.73 0.03 0.06 0.26 -1 -1
Result 1 4.0 226 0.42 0.15 0.16 0.22 0.12 0.20 0.15 -1 -1 -1 -1
Evo 861.57 0.10 1000000.55 159708.92 6.15 142533.39 252319.32 167480.32 9261.68 0.03 0.06 0.16 -1 -1
Result 1 6.0 326 0.47 0.20 0.16 0.20 0.15 0.14 0.14 -1 -1 -1 -1
Evo 1.66 108339.95 600572.53 313614.04 199690.45 269571.58 448162.39 137714.62 9836.76 0.04 0.05 0.15 -1 -1
Result 1 4.0 195 0.44 0.18 0.16 0.19 0.14 0.18 0.15 -1 -1 -1 -1
Evo 4188.18 0.12 999999.71 59645.77 8.04 8.09 55701.73 118017.54 4223.00 0.01 0.17 0.31 -1 -1
Result 1 10.0 780 0.44 0.18 0.16 0.17 0.15 0.18 0.16 -1 -1 -1 -1
Evo 6628.19 0.09 584355.35 71629.72 10.09 10.09 74489.05 137676.29 5123.78 0.01 0.11 0.20 -1 -1
Result 1 10.0 721 0.42 0.16 0.17 0.18 0.15 0.16 0.18 -1 -1 -1 -1
Evo 2625.38 0.10 999999.95 110665.62 6.09 13775.38 227321.72 143801.73 7526.93 0.02 0.09 0.24 -1 -1
Result 1 8.0 364 0.41 0.15 0.16 0.16 0.15 0.18 0.19 -1 -1 -1 -1
Evo 2.26 14391.93 464745.50 154906.14 37456.83 176001.89 233506.52 105787.43 8161.68 0.04 0.03 0.16 -1 -1
Result 1 4.0 167 0.47 0.20 0.18 0.13 0.17 0.13 0.19 -1 -1 -1 -1
Evo 4426.95 0.11 1000000.27 139328.81 4.14 7573.66 265577.19 181892.71 8612.87 0.02 0.10 0.26 -1 -1
Result 1 8.0 445 0.42 0.16 0.17 0.18 0.17 0.15 0.16 -1 -1 -1 -1
Evo 718.75 0.09 497812.95 65485.87 8.04 16902.23 131870.94 96701.59 4518.57 0.02 0.06 0.16 -1 -1
Result 1 8.0 457 0.43 0.17 0.16 0.17 0.16 0.16 0.18 -1 -1 -1 -1
Evo 4055.65 0.07 599811.93 125855.02 3.09 42177.92 229348.20 165277.65 8202.59 0.02 0.10 0.27 -1 -1
Result 1 3.0 405 0.41 0.15 0.21 0.13 0.17 0.17 0.16 -1 -1 -1 -1
Evo 2863.25 0.08 475082.99 155646.29 6.09 133724.19 286017.06 153109.89 8160.78 0.02 0.10 0.21 -1 -1
Result 1 6.0 351 0.45 0.18 0.19 0.16 0.17 0.15 0.14 -1 -1 -1 -1
Evo 1552.08 0.12 1000000.35 30063.47 8.04 8.04 5701.47 72518.36 2559.12 0.01 0.22 0.27 -1 -1
Result 1 10.0 802 0.44 0.18 0.16 0.15 0.17 0.17 0.18 -1 -1 -1 -1
Evo 280.93 0.06 339748.21 85517.52 377.59 26008.14 160449.79 101281.05 5367.88 0.02 0.10 0.26 -1 -1
Result 1 4.0 355 0.39 0.13 0.18 0.17 0.17 0.16 0.19 -1 -1 -1 -1
Evo 5.03 0.30 589607.25 216785.98 131929.25 194807.69 277501.98 128570.96 8351.58 0.03 0.04 0.16 -1 -1
Result 1 2.0 236 0.46 0.20 0.16 0.15 0.17 0.18 0.14 -1 -1 -1 -1
Evo 1882.20 0.10 425039.68 144217.42 6.14 163762.27 225491.85 118009.66 6638.56 0.03 0.08 0.23 -1 -1
Result 1 6.0 315 0.42 0.16 0.17 0.17 0.17 0.12 0.20 -1 -1 -1 -1
Evo 6718.40 0.15 381820.11 43415.84 8.09 9.09 19855.71 83992.97 3457.94 0.02 0.08 0.16 -1 -1
Result 1 9.0 589 0.45 0.18 0.18 0.19 0.17 0.15 0.13 -1 -1 -1 -1
Evo 6301.45 0.15 319094.89 41388.68 8.09 10.09 21711.66 78892.94 3247.97 0.02 0.13 0.25 -1 -1
Result 1 12.0 589 0.44 0.17 0.17 0.14 0.18 0.17 0.17 -1 -1 -1 -1
Evo 2299.12 0.07 1000000.48 85905.77 6.12 13652.47 178203.72 114861.20 6342.15 0.03 0.06 0.16 -1 -1
Result 1 6.0 327 0.44 0.17 0.16 0.16 0.15 0.18 0.18 -1 -1 -1 -1
Evo 2210.12 0.07 999999.88 83363.86 4.11 7415.91 193096.83 121459.64 6587.07 0.02 0.08 0.23 -1 -1
Result 1 4.0 339 0.39 0.14 0.18 0.14 0.17 0.21 0.16 -1 -1 -1 -1
Evo 5398.74 0.08 360573.20 58957.71 0.09 4.09 103322.15 84504.18 3809.74 0.02 0.16 0.39 -1 -1
Result 1 4.0 491 0.45 0.18 0.14 0.16 0.19 0.16 0.17 -1 -1 -1 -1
Evo 5371.85 0.09 206899.11 22106.49 6.09 6.09 41888.33 34262.56 1499.63 0.02 0.14 0.29 -1 -1
Result 1 8.0 521 0.46 0.20 0.14 0.16 0.16 0.19 0.16 -1 -1 -1 -1
Evo 5419.13 0.14 197859.43 18475.03 4.09 4.12 27021.05 32939.23 1455.72 0.02 0.17 0.37 -1 -1
Result 1 4.0 511 0.43 0.16 0.17 0.13 0.18 0.19 0.17 -1 -1 -1 -1
Evo 9067.31 0.09 190755.63 8720.32 8.09 8.09 8.09 23233.28 638.03 0.01 0.26 0.38 -1 -1
Result 1 8.0 1325 0.43 0.17 0.17 0.17 0.16 0.17 0.16 -1 -1 -1 -1
Evo 3086.18 0.10 1000000.08 36032.48 3.09 22657.18 45201.48 63600.04 3241.36 0.02 0.11 0.28 -1 -1
Result 1 3.0 384 0.39 0.13 0.18 0.15 0.18 0.17 0.19 -1 -1 -1 -1
Evo 4601.68 0.11 999999.91 36228.40 3.09 19364.16 59842.85 61154.90 3012.89 0.02 0.15 0.31 -1 -1
Result 1 5.0 411 0.44 0.17 0.14 0.14 0.19 0.18 0.17 -1 -1 -1 -1
Evo 1.75 0.57 571974.07 79636.60 29962.31 45068.09 79204.68 101077.40 7451.52 0.04 0.07 0.18 -1 -1
Result 1 4.0 183 0.44 0.18 0.16 0.14 0.18 0.14 0.20 -1 -1 -1 -1
Evo 4150.00 0.08 192984.48 23302.04 6.09 5934.57 31427.78 36753.59 1706.24 0.02 0.11 0.26 -1 -1
Result 1 6.0 463 0.44 0.18 0.16 0.18 0.15 0.18 0.16 -1 -1 -1 -1
Evo 7714.63 0.17 168256.11 10857.21 6.09 10.09 2556.40 26428.48 935.56 0.01 0.19 0.31 -1 -1
Result 1 10.0 797 0.43 0.17 0.18 0.15 0.16 0.18 0.16 -1 -1 -1 -1
Evo 530.76 0.10 210528.29 41261.33 16944.01 38229.04 55494.81 36536.51 2088.65 0.03 0.08 0.22 -1 -1
Result 1 7.0 305 0.39 0.14 0.17 0.19 0.17 0.17 0.16 -1 -1 -1 -1
Evo 4.65 0.21 884359.54 89885.99 45427.84 54917.25 70112.79 130007.29 8667.15 0.03 0.08 0.29 -1 -1
Result 1 6.0 224 0.39 0.14 0.16 0.16 0.18 0.20 0.15 -1 -1 -1 -1
Evo 4301.17 0.07 192984.10 17979.69 2.09 931.35 33023.66 32903.86 1524.24 0.02 0.14 0.32 -1 -1
Result 1 2.0 465 0.46 0.19 0.16 0.15 0.16 0.18 0.16 -1 -1 -1 -1
Evo 9276.17 0.08 188681.36 7706.63 13.09 13.09 13.09 22613.58 595.92 0.01 0.19 0.28 -1 -1
Result 1 13.0 1439 0.44 0.18 0.16 0.17 0.17 0.16 0.17 -1 -1 -1 -1
Evo 8490.27 0.15 1000000.17 10821.39 11.09 15.09 15.09 42039.63 1458.34 0.01 0.12 0.17 -1 -1
Result 1 15.0 830 0.42 0.15 0.17 0.16 0.18 0.16 0.18 -1 -1 -1 -1
Evo 4725.56 0.11 143240.70 30637.37 4.09 15133.07 55282.33 35489.78 1748.46 0.02 0.14 0.30 -1 -1
Result 1 4.0 411 0.38 0.13 0.18 0.18 0.17 0.17 0.18 -1 -1 -1 -1
Evo 7421.43 0.33 176122.23 17765.47 7.09 11.09 7872.41 38021.57 1464.54 0.01 0.13 0.21 -1 -1
Result 1 13.0 673 0.42 0.16 0.18 0.16 0.18 0.15 0.18 -1 -1 -1 -1
Evo 89.50 0.07 198069.27 68353.08 39735.63 54938.98 101065.65 52938.73 3270.57 0.03 0.07 0.26 -1 -1
Result 1 3.0 261 0.43 0.16 0.17 0.15 0.20 0.16 0.15 -1 -1 -1 -1
Evo 6774.28 0.07 173721.78 13475.45 0.09 0.09 13143.90 28525.04 1040.20 0.01 0.20 0.39 -1 -1
Result 1 1.0 751 0.40 0.14 0.17 0.15 0.17 0.18 0.19 -1 -1 -1 -1
Evo 3218.69 0.17 188921.22 27968.30 6.12 4508.59 49528.52 33928.40 1803.27 0.02 0.09 0.21 -1 -1
Result 1 8.0 353 0.41 0.15 0.16 0.18 0.20 0.16 0.15 -1 -1 -1 -1
Evo 43.72 0.07 215466.29 22300.94 8.04 10.04 49846.60 35214.19 1512.58 0.02 0.15 0.28 -1 -1
Result 1 10.0 541 0.45 0.18 0.17 0.18 0.16 0.16 0.15 -1 -1 -1 -1
Evo 5912.85 0.08 164146.55 23103.50 3.09 3.11 48532.61 33696.91 1392.01 0.02 0.16 0.39 -1 -1
Result 1 3.0 585 0.41 0.15 0.18 0.15 0.16 0.20 0.16 -1 -1 -1 -1
