Result 1 61.0 385 -1248324962
Result 1 71.0 454 243824491
Result 1 61.0 393 1447002210
Result 1 67.0 396 1792982127
Result 1 70.0 483 1350201211
Result 1 65.0 765 -1948014004
Result 1 69.0 617 1005632630
Result 1 76.0 408 -215313056
Result 1 66.0 342 1198551610
Result 1 65.0 702 -983876376
Result 1 77.0 553 1176255967
Result 1 73.0 498 -412942462
Result 1 65.0 571 1061357380
Result 1 74.0 495 1832422415
Result 1 77.0 457 -1843235465
Result 1 69.0 446 225885593
Result 1 66.0 343 -1003440164
Result 1 84.0 491 2071741864
Result 1 79.0 698 -1828765507
Result 1 79.0 513 1576768527
Result 1 55.0 472 -1679554857
Result 1 62.0 476 1620803643
Result 1 76.0 447 -1283720655
Result 1 67.0 449 -746007549
Result 1 77.0 376 -1636896970
Result 1 62.0 353 -787095554
Result 0 65.0 944 -1306825798
Result 0 64.0 872 1305833408
Result 1 67.0 431 2139753922
Result 1 74.0 428 -2021261562
Result 1 60.0 381 -35430981
Result 1 76.0 432 1359801624
Result 1 67.0 331 1894761741
Result 1 72.0 854 1444399055
Result 1 60.0 344 1258791361
Result 1 59.0 516 -1089790044
Result 1 74.0 518 -611323455
Result 1 78.0 419 281452158
Result 1 61.0 384 1330289862
Result 1 73.0 536 1288300076
Result 1 68.0 427 -50395983
Result 1 68.0 428 954706627
Result 1 64.0 441 -381493034
Result 1 76.0 433 -1671639928
Result 1 66.0 485 792093333
Result 1 65.0 389 -1444651452
Result 1 81.0 481 1988583158
Result 1 71.0 392 1256464522
Result 1 62.0 614 -547557382
Result 1 62.0 526 -415232249
Result 1 71.0 506 419787379
Result 1 75.0 395 1192683952
Result 1 61.0 426 823807726
Result 1 69.0 433 -830319910
Result 1 72.0 416 2055814974
Result 1 73.0 448 -2099769322
Result 1 62.0 469 -1333182862
Result 1 60.0 420 2010530308
Result 1 67.0 491 -518783678
Result 1 74.0 443 988415872
Result 1 40.0 336 870457920
Result 1 44.0 422 425063142
Result 1 40.0 409 -374553775
Result 1 40.0 451 550366196
Result 1 40.0 404 809847323
Result 1 40.0 337 1892156605
Result 1 40.0 381 -2003620291
Result 1 40.0 323 153510868
Result 1 40.0 390 1632756819
Result 1 40.0 500 1789540730
Result 1 40.0 347 -546415178
Result 1 41.0 458 -1363384751
Result 1 40.0 321 -1498323474
Result 1 45.0 468 -1178684878
Result 1 40.0 380 -1349555580
Result 1 42.0 406 -1050677322
Result 1 40.0 353 -386961526
Result 1 42.0 422 2013305913
Result 1 40.0 336 2043390260
Result 1 40.0 334 -437457837
Result 1 63.0 455 1181667119
Result 1 59.0 345 1486167891
Result 1 65.0 544 -1386136823
Result 1 66.0 386 -457001409
Result 1 60.0 572 -209991180
Result 1 63.0 509 1145401402
Result 1 62.0 338 -1987571797
Result 1 60.0 509 -1138812396
Result 1 56.0 313 285420668
Result 1 64.0 340 487068303
Result 1 54.0 371 -1972068323
Result 1 59.0 456 -434909900
Result 1 61.0 374 1965906446
Result 1 58.0 696 -1892765331
Result 1 60.0 336 1424226833
Result 1 65.0 446 1142337809
Result 1 61.0 333 707172584
Result 1 59.0 658 -1354259936
Result 1 69.0 483 522469665
Result 1 63.0 329 1614615561
