Result 1 2046.0 1000 -799845782
Result 0 1.0 204 16896881
Result 1 1032.0 1000 727312926
Result 0 22.0 442 -98835013
Result 1 1060.0 1000 812976850
Result 0 37.0 546 125214453
Result 0 17.0 442 -20947272
Result 1 46.0 1000 1553831658
Result 1 57.0 1000 2121361057
Result 0 18.0 442 167017290
Result 1 41.0 1000 63758179
Result 0 6.0 199 215001380
Result 1 1074.0 1000 35275846
Result 0 18.0 442 118888876
Result 0 25.0 536 355293930
Result 0 28.0 442 -791028838
Result 1 1075.0 1000 678119599
Result 0 28.0 442 2087697693
Result 0 15.0 323 -231977640
Result 1 2040.0 1000 -1657005161
Result 1 1057.0 1000 -317156542
Result 1 1049.0 1000 102841195
Result 0 53.0 546 594513914
Result 1 56.0 1000 -1301515126
Result 0 52.0 676 571581585
Result 1 2047.0 1000 1621978991
Result 1 1056.0 1000 1594146458
Result 0 31.0 650 -362180342
Result 1 37.0 1000 -733593360
Result 0 15.0 223 2053724227
Result 0 17.0 702 1843397386
Result 1 1072.0 1000 1132489633
Result 1 1031.0 1000 -1147314662
Result 1 32.0 1000 -252492899
Result 1 1086.0 1000 1829415768
Result 1 29.0 1000 1542368713
Result 0 28.0 910 -1873932827
Result 0 30.0 442 -1395831330
Result 1 2053.0 1000 -1775375714
Result 1 2040.0 1000 365899435
Result 1 4039.0 1000 -132398099
Result 1 3025.0 1000 -560348870
Result 1 2028.0 1000 -1213373422
Result 1 2045.0 1000 1740561656
Result 1 3030.0 1000 -1278184643
Result 1 3050.0 1000 -288083790
Result 1 4046.0 1000 -402382721
Result 1 2033.0 1000 2054824363
Result 0 1022.0 425 -649954891
Result 0 8.0 442 617946796
Result 0 2026.0 734 -2115209158
Result 1 1038.0 1000 -1040976182
Result 1 3066.0 1000 -2008934038
Result 1 3037.0 1000 -1269903607
Result 0 3047.0 780 -170242804
Result 0 23.0 442 -1409974367
Result 1 4036.0 1000 1792222017
Result 1 3035.0 1000 -1781493109
Result 1 1055.0 1000 -1858998834
Result 1 4019.0 1000 417558855
Result 0 27.0 442 876072801
Result 1 5112.0 1000 1834739996
Result 1 3091.0 1000 -984687947
Result 1 3059.0 1000 1903838199
Result 1 3079.0 1000 324994311
Result 0 27.0 442 -525857407
Result 1 5085.0 1000 -654434047
Result 1 4100.0 1000 971351251
Result 1 7098.0 1000 1144883571
Result 1 3085.0 1000 -1758948829
Result 1 3089.0 1000 -1780735814
Result 1 5123.0 1000 1532412466
Result 1 5099.0 1000 1054302946
Result 1 4065.0 1000 1185512635
Result 1 6104.0 1000 1373979620
Result 1 5133.0 1000 1449581514
Result 0 1016.0 276 -1471793600
Result 1 5078.0 1000 1495014850
Result 1 6091.0 1000 1328408136
Result 0 39.0 442 -2055243071
Result 1 5055.0 1000 1969165035
Result 1 4038.0 1000 1712764854
Result 0 2022.0 659 1139057087
Result 1 7049.0 1000 -414387866
Result 0 3042.0 762 -2070903461
Result 1 4035.0 1000 -1252268796
Result 1 5049.0 1000 1802400256
Result 1 5044.0 1000 -748366027
Result 1 6063.0 1000 1122401
Result 1 7059.0 1000 -863749732
Result 1 7047.0 1000 -265160004
Result 1 6054.0 1000 1625099966
Result 0 21.0 442 876657333
Result 1 2050.0 1000 586979772
Result 0 1025.0 572 1005483642
Result 1 6038.0 1000 1018781654
Result 1 7047.0 1000 129121402
Result 1 5044.0 1000 -1103534280
Result 1 4052.0 1000 -1412163898
Result 0 13.0 278 1422677420
