Result 0 -1.0 79 1839464591
Result 0 -1.0 79 -362363878
Result 0 -1.0 79 714813329
Result 0 -1.0 79 -402575697
Result 0 -1.0 79 -790864298
Result 0 -1.0 79 2145769635
Result 0 -1.0 79 -1122044109
Result 0 -1.0 79 -548565480
Result 0 -1.0 79 -1292980438
Result 0 -1.0 79 1490273340
Result 0 -1.0 79 1944803840
Result 0 -1.0 79 378260169
Result 0 -1.0 79 1607655369
Result 0 -1.0 79 906630014
Result 0 -1.0 79 -315688135
Result 0 -1.0 79 650456867
Result 0 -1.0 79 1833412727
Result 0 -1.0 79 738179797
Result 0 -1.0 79 1820655501
Result 0 -1.0 79 916304445
Result 0 -1.0 79 -895034185
Result 0 -1.0 79 -1513304344
Result 0 -1.0 79 250741723
Result 0 -1.0 79 1777729320
Result 0 -1.0 79 -1122553391
Result 0 -1.0 79 -172186706
Result 0 -1.0 79 2142962198
Result 0 -1.0 79 -1536046523
Result 0 -1.0 79 1701628326
Result 0 -1.0 79 93954273
Result 0 -1.0 79 -593830787
Result 0 -1.0 79 -694001881
Result 0 -1.0 79 1131933652
Result 0 -1.0 79 -898432812
Result 0 -1.0 79 1761906930
Result 0 -1.0 79 -119988885
Result 0 -1.0 79 2005906534
Result 0 -1.0 79 -1927087280
Result 0 -1.0 79 -1545888505
Result 0 -1.0 79 -539388005
Result 0 -1.0 79 -314614806
Result 0 -1.0 79 -851246360
Result 0 -1.0 79 -402206272
Result 0 -1.0 79 -672245358
Result 0 -1.0 79 -468124118
Result 0 -1.0 79 417026626
Result 0 -1.0 79 -1222326345
Result 0 -1.0 79 -1652758863
Result 0 -1.0 79 1888809087
Result 0 -1.0 79 754719567
Result 0 -1.0 79 -1770406590
Result 0 -1.0 79 990307220
Result 0 -1.0 79 1695099669
Result 0 -1.0 79 -902059515
Result 0 -1.0 79 275434089
Result 0 -1.0 79 -549112949
Result 0 -1.0 79 -901609239
Result 0 -1.0 79 -252428969
Result 0 -1.0 79 1848952596
Result 0 -1.0 79 1259666660
Result 0 0.0 2000 -651887807
Result 0 0.0 2000 -1933795168
Result 0 0.0 2000 -44981857
Result 1 1.0 646 1392651197
Result 0 0.0 2000 946417577
Result 1 1.0 1797 -1222640948
Result 0 0.0 2000 1680895038
Result 1 1.0 1801 1729830276
Result 0 0.0 2000 -746826117
Result 1 1.0 975 147265201
Result 0 0.0 2000 1618574662
Result 0 0.0 2000 1180416432
Result 0 0.0 2000 -1096981670
Result 0 0.0 2000 -1879715651
Result 1 1.0 1207 1352170750
Result 0 0.0 2000 1505909469
Result 0 0.0 2000 1448339070
Result 0 0.0 2000 1364244271
Result 0 0.0 2000 1058879142
Result 0 0.0 2000 -164270901
Result 0 -1.0 177 371207873
Result 0 -1.0 177 146659675
Result 0 -1.0 177 -1631583649
Result 0 -1.0 177 431084165
Result 0 -1.0 177 -891135207
Result 0 -1.0 177 -154169851
Result 0 -1.0 177 -1201468872
Result 0 -1.0 177 -1918634279
Result 0 -1.0 177 -2132538492
Result 0 -1.0 177 -1374132621
Result 0 -1.0 177 1441825746
Result 0 -1.0 177 1380095194
Result 0 -1.0 177 -1332793580
Result 0 -1.0 177 54829705
Result 0 -1.0 177 -1401867982
Result 0 -1.0 177 -1850159248
Result 0 -1.0 177 1234059039
Result 0 -1.0 177 -935223317
Result 0 -1.0 177 951348873
Result 0 -1.0 177 -2006637721
