Result 0 0.0 285 1158719210
Result 0 0.0 285 -299031615
Result 0 0.0 285 -231314359
Result 0 0.0 285 320945537
Result 0 0.0 285 1483198573
Result 0 0.0 285 -1755764859
Result 0 0.0 285 -245773480
Result 0 0.0 735 -645921132
Result 0 0.0 285 433733837
Result 0 0.0 285 695322471
Result 0 0.0 285 736545226
Result 0 0.0 285 1923904101
Result 0 40.0 1185 -676916344
Result 0 40.0 1185 1473130456
Result 0 40.0 1185 843803423
Result 0 0.0 285 2087139735
Result 0 0.0 735 1280918963
Result 0 0.0 285 691066368
Result 0 0.0 285 1622613492
Result 0 0.0 510 1330708292
Result 0 0.0 285 1508760355
Result 0 0.0 285 619716180
Result 0 0.0 285 -708102299
Result 0 0.0 735 -139574358
Result 0 0.0 285 -395730991
Result 0 0.0 285 1793021127
Result 1 100.0 249 -2027857966
Result 0 0.0 285 -166339784
Result 0 0.0 285 1025578881
Result 0 0.0 285 1306038035
Result 0 0.0 285 1074254518
Result 0 0.0 285 125509810
Result 0 0.0 60 1617777129
Result 0 0.0 285 -1660077954
Result 0 0.0 285 872450048
Result 0 0.0 285 -621316509
Result 1 100.0 122 518168453
Result 0 40.0 1185 -1750080100
Result 0 0.0 285 -1172086039
Result 0 0.0 285 1916231398
Result 0 0.0 285 821738393
Result 0 0.0 285 -1435283772
Result 1 100.0 264 1290600829
Result 0 0.0 285 473478929
Result 0 0.0 285 -985722367
Result 0 0.0 285 833856530
Result 0 0.0 285 -606504301
Result 0 0.0 285 1601888218
Result 0 0.0 285 -1605793149
Result 0 0.0 285 -1121017645
Result 0 0.0 285 -616386606
Result 0 0.0 285 -1145963529
Result 0 0.0 285 1698563921
Result 0 0.0 285 357645056
Result 0 0.0 60 1769859106
Result 0 0.0 285 1634028905
Result 0 0.0 285 -1578146956
Result 1 100.0 147 -730885482
Result 1 100.0 203 -651693452
Result 0 0.0 285 193109471
Result 0 0.0 285 -1928786030
Result 0 40.0 1185 -180121837
Result 0 0.0 60 1756133815
Result 0 0.0 285 1206242787
Result 0 40.0 1185 1272627772
Result 0 0.0 285 -1208350221
Result 0 0.0 285 1436893007
Result 0 0.0 285 606711035
Result 0 0.0 285 1666894054
Result 0 0.0 285 -1140197034
Result 0 0.0 285 564816134
Result 0 40.0 1185 2036690847
Result 0 0.0 285 918211534
Result 0 0.0 285 -1416563766
Result 0 0.0 285 -1454207183
Result 0 0.0 285 224968889
Result 0 0.0 285 -454940785
Result 0 0.0 285 715779176
Result 0 0.0 285 -548655492
Result 0 0.0 285 478755836
Result 0 0.0 285 1033305245
Result 0 0.0 285 -601635704
Result 0 0.0 285 823402052
Result 0 0.0 285 1088179725
Result 0 0.0 285 -1405218984
Result 0 0.0 285 1525076438
Result 0 0.0 285 -255433067
Result 0 0.0 285 -1448953619
Result 0 0.0 285 1854060257
Result 0 0.0 285 1422936106
Result 0 0.0 285 589246335
Result 0 0.0 285 -1546302591
Result 0 0.0 285 -548534454
Result 0 0.0 60 -470000416
Result 0 0.0 285 962619894
Result 0 0.0 285 -1155018696
Result 0 0.0 60 -1662593640
Result 0 0.0 285 -792211252
Result 0 0.0 285 -267447828
Result 0 0.0 285 120113758
