Result 1 5.0 1446 2090135260
Result 0 0.0 2000 -1722797112
Result 0 -1.0 39 1573472570
Result 0 0.0 2000 904564844
Result 0 -1.0 756 -326162452
Result 0 0.0 2000 223460090
Result 0 -1.0 1182 697761207
Result 0 0.0 2000 -267597102
Result 0 0.0 2000 -1287413042
Result 0 0.0 2000 1255016921
Result 0 0.0 2000 -824695806
Result 0 0.0 2000 2102019827
Result 0 -1.0 186 1711842516
Result 0 0.0 2000 -2051267015
Result 0 0.0 2000 -309699759
Result 0 0.0 2000 -1654564112
Result 0 0.0 2000 223193400
Result 0 0.0 2000 1747202332
Result 0 -1.0 1903 192092466
Result 0 0.0 2000 -569341085
Result 1 5.0 782 -267566579
Result 1 5.0 1185 -111334790
Result 0 0.0 2000 718584485
Result 0 -1.0 980 1107805826
Result 0 0.0 2000 -911475367
Result 0 -1.0 1825 94313919
Result 0 -1.0 1644 795506941
Result 0 0.0 2000 -1489080567
Result 0 0.0 2000 1891736088
Result 0 0.0 2000 -610254163
Result 0 -1.0 1506 -591763694
Result 0 -1.0 495 -330777437
Result 0 0.0 2000 -1856777070
Result 0 -1.0 591 -329442010
Result 0 -1.0 1743 -435479626
Result 0 -1.0 735 739374273
Result 0 -1.0 864 -1113089286
Result 0 -1.0 354 1385997286
Result 0 0.0 2000 713053741
Result 0 0.0 2000 1326615845
Result 0 -1.0 724 -1837968893
Result 0 -1.0 279 40613371
Result 0 0.0 2000 389659432
Result 0 0.0 2000 -1110222473
Result 0 -1.0 607 -1819538810
Result 0 -1.0 1997 629995163
Result 0 0.0 2000 -518002664
Result 0 0.0 2000 2086047237
Result 0 -1.0 238 954722370
Result 0 0.0 2000 -336802646
Result 0 0.0 2000 1949434655
Result 0 -1.0 1149 -389692471
Result 0 -1.0 1070 2088145423
Result 0 0.0 2000 -1003877456
Result 0 -1.0 692 -1428218627
Result 0 -1.0 1298 -1356575302
Result 0 -1.0 1917 -1764672591
Result 0 0.0 2000 686804321
Result 0 0.0 2000 1463190859
Result 0 0.0 2000 769076550
Result 0 -1.0 1772 -576527946
Result 0 0.0 2000 237464069
Result 0 0.0 2000 1776719878
Result 0 0.0 2000 1728456764
Result 0 -1.0 960 -1844022332
Result 0 0.0 2000 1518771147
Result 0 0.0 2000 -1332166253
Result 0 0.0 2000 1898429300
Result 0 0.0 2000 1186475403
Result 0 -1.0 1737 2081452571
Result 0 0.0 2000 -829282438
Result 0 0.0 2000 1754067803
Result 0 -1.0 1992 2003992548
Result 0 0.0 2000 90492237
Result 0 0.0 2000 -1432059499
Result 0 0.0 2000 193333723
Result 0 0.0 2000 -954521436
Result 0 -1.0 1274 -1194707242
Result 0 0.0 2000 207649383
Result 0 0.0 2000 -243632506
Result 0 -1.0 1288 -1280945504
Result 0 0.0 2000 1444046696
Result 0 0.0 2000 -522942758
Result 0 -1.0 1494 -1815228569
Result 0 0.0 2000 114037378
Result 0 0.0 2000 1493560501
Result 0 0.0 2000 1217751812
Result 0 0.0 2000 357743163
Result 0 0.0 2000 644793847
Result 0 0.0 2000 -32794299
Result 0 0.0 2000 1533722295
Result 0 -1.0 493 -1131542812
Result 0 0.0 2000 -1062114886
Result 0 0.0 2000 -773564947
Result 0 0.0 2000 -1789219621
Result 0 0.0 2000 268036206
Result 0 0.0 2000 -1402097591
Result 0 0.0 2000 -1367893133
Result 0 0.0 2000 -92427860
Result 0 0.0 2000 -2095634535
