Evo 35.68 -1000000.17 295.90 -74829.34 48.59 127.29 213.13 263434.46 5889.10 0.01 0.60 0.62 -1 -1
Result 0 299.0 2000 0.47 0.18 0.23 0.21 0.18 0.20 -1 -1 -1 -1 -1
Evo 36.93 -1000000.10 307.87 -74818.31 61.98 141.99 224.55 263437.61 5889.17 0.01 0.59 0.62 -1 -1
Result 0 309.0 2000 0.46 0.20 0.22 0.20 0.17 0.21 -1 -1 -1 -1 -1
Evo 33.74 -1000000.27 305.04 -74818.58 69.36 139.65 220.35 263437.54 5889.17 0.01 0.60 0.62 -1 -1
Result 0 310.0 2000 0.47 0.19 0.22 0.21 0.17 0.21 -1 -1 -1 -1 -1
Evo 36.10 -1000000.29 286.09 -74827.90 63.18 131.62 209.42 263434.87 5889.11 0.01 0.60 0.62 -1 -1
Result 0 286.0 2000 0.46 0.21 0.21 0.20 0.19 0.20 -1 -1 -1 -1 -1
Evo 37.11 -1000000.39 294.14 -74823.35 69.13 140.11 210.46 263436.17 5889.14 0.01 0.60 0.62 -1 -1
Result 0 284.0 2000 0.48 0.19 0.23 0.22 0.17 0.20 -1 -1 -1 -1 -1
Evo 34.05 -1000000.27 317.56 -74811.26 68.93 150.03 232.05 263439.62 5889.22 0.01 0.60 0.62 -1 -1
Result 0 319.0 2000 0.47 0.19 0.23 0.21 0.16 0.20 -1 -1 -1 -1 -1
Evo 37.13 -1000000.24 301.82 -74822.14 58.71 143.43 210.85 263436.52 5889.15 0.01 0.60 0.62 -1 -1
Result 0 301.0 2000 0.48 0.20 0.22 0.22 0.16 0.21 -1 -1 -1 -1 -1
Evo 32.81 -1000000.23 309.23 -74814.56 65.39 158.12 223.96 263438.67 5889.20 0.01 0.60 0.62 -1 -1
Result 0 309.0 2000 0.47 0.18 0.24 0.21 0.17 0.20 -1 -1 -1 -1 -1
Evo 35.77 -1000000.31 275.66 -74832.89 53.95 134.82 195.07 263433.44 5889.08 0.01 0.60 0.62 -1 -1
Result 0 279.0 2000 0.47 0.18 0.23 0.20 0.18 0.20 -1 -1 -1 -1 -1
Evo 37.53 -1000000.31 309.56 -74817.05 64.81 144.66 226.58 263437.96 5889.18 0.01 0.60 0.62 -1 -1
Result 0 300.0 2000 0.47 0.19 0.23 0.20 0.17 0.20 -1 -1 -1 -1 -1
Evo 36.99 -1000000.33 346.83 -74796.76 78.24 162.94 256.67 263443.74 5889.31 0.01 0.60 0.62 -1 -1
Result 0 355.0 2000 0.47 0.19 0.23 0.20 0.17 0.20 -1 -1 -1 -1 -1
Evo 35.88 -1000000.18 288.90 -74829.58 57.06 133.15 206.89 263434.41 5889.10 0.01 0.60 0.62 -1 -1
Result 0 282.0 2000 0.46 0.19 0.23 0.19 0.18 0.21 -1 -1 -1 -1 -1
Evo 36.45 -1000000.10 323.39 -74808.25 74.63 152.37 237.14 263440.46 5889.24 0.01 0.59 0.62 -1 -1
Result 0 317.0 2000 0.47 0.20 0.23 0.20 0.16 0.21 -1 -1 -1 -1 -1
Evo 36.49 -1000000.25 320.18 -74811.24 67.72 151.99 235.27 263439.62 5889.22 0.01 0.60 0.62 -1 -1
Result 0 321.0 2000 0.47 0.19 0.23 0.20 0.17 0.21 -1 -1 -1 -1 -1
Evo 33.82 -1000000.28 306.55 -74819.08 65.27 136.89 224.63 263437.38 5889.17 0.01 0.59 0.62 -1 -1
Result 0 306.0 2000 0.48 0.20 0.22 0.22 0.16 0.21 -1 -1 -1 -1 -1
Evo 34.58 -1000000.35 309.04 -74815.28 65.26 148.18 231.26 263438.47 5889.19 0.01 0.60 0.62 -1 -1
Result 0 296.0 2000 0.48 0.20 0.22 0.22 0.16 0.21 -1 -1 -1 -1 -1
Evo 36.59 -1000000.37 325.61 -74807.97 65.44 154.33 237.24 263440.57 5889.24 0.01 0.60 0.62 -1 -1
Result 0 326.0 2000 0.47 0.19 0.23 0.21 0.15 0.21 -1 -1 -1 -1 -1
Evo 35.02 -1000000.36 317.18 -74807.94 74.37 162.58 235.52 263440.55 5889.24 0.01 0.60 0.62 -1 -1
Result 0 305.0 2000 0.47 0.19 0.23 0.20 0.17 0.20 -1 -1 -1 -1 -1
Evo 32.22 -1000000.32 312.96 -74813.44 65.36 154.84 232.49 263438.99 5889.20 0.01 0.60 0.62 -1 -1
Result 0 306.0 2000 0.47 0.21 0.22 0.20 0.17 0.20 -1 -1 -1 -1 -1
Evo 35.56 -1000000.21 299.86 -74821.40 62.62 136.85 220.63 263436.73 5889.15 0.01 0.58 0.62 -1 -1
Result 0 302.0 2000 0.48 0.19 0.23 0.21 0.17 0.20 -1 -1 -1 -1 -1
