Result 0 6.0 1226 -1201429016
Result 1 9.0 1122 -2109982823
Result 1 14.0 1169 -1564992687
Result 0 -6.0 1269 1670361946
Result 1 14.0 1005 1691996488
Result 0 2.0 2000 -1109482276
Result 0 -1.0 930 -99096993
Result 1 18.0 1870 658918752
Result 1 7.0 1553 -155425030
Result 1 5.0 1332 -1025444275
Result 1 8.0 1311 1016168720
Result 1 15.0 1434 851992901
Result 0 1.0 1303 -1483016783
Result 1 12.0 1209 347294539
Result 1 12.0 1095 -1902202613
Result 1 10.0 1108 1074245528
Result 1 12.0 1208 -1914996828
Result 0 -1.0 1126 236078793
Result 1 13.0 936 590318957
Result 1 7.0 1341 -348186500
Result 0 4.0 2000 -2088226057
Result 0 -11.0 1069 -1201870931
Result 1 6.0 1473 -1867609568
Result 0 0.0 2000 950007448
Result 0 5.0 2000 2093427208
Result 0 -1.0 1382 -1797902927
Result 1 14.0 1493 -466295233
Result 1 5.0 1915 339197873
Result 0 -14.0 1060 -28849727
Result 1 4.0 1779 -1614793702
Result 1 7.0 1779 -578783782
Result 1 3.0 1658 1559701206
Result 0 6.0 2000 1940690072
Result 0 4.0 696 -10765462
Result 0 0.0 1899 -463330397
Result 1 5.0 1734 333256094
Result 0 -11.0 912 -242622783
Result 0 -11.0 1035 856158820
Result 1 8.0 1329 -1056381473
Result 0 -4.0 1518 1591992231
Result 1 14.0 1358 584373709
Result 1 16.0 1635 1913716789
Result 0 10.0 2000 -139410739
Result 1 18.0 1208 -411747908
Result 0 -4.0 1372 1101970681
Result 0 -7.0 1335 1190903737
Result 1 7.0 1381 -137663015
Result 0 -3.0 1780 903167085
Result 1 15.0 1519 1484183903
Result 1 10.0 1336 -1611920099
Result 1 8.0 1249 1138072095
Result 0 2.0 2000 154712753
Result 1 14.0 1433 -810187950
Result 0 11.0 2000 -1982980754
Result 1 18.0 1681 1926884593
Result 0 8.0 2000 -293380694
Result 0 -4.0 1747 1071698395
Result 1 13.0 1305 -516909185
Result 1 9.0 1377 653647152
Result 0 6.0 2000 -1580704432
Result 1 4.0 1691 -379960892
Result 1 5.0 1410 -456101098
Result 1 17.0 1542 97801093
Result 1 5.0 1170 -447739107
Result 1 17.0 1367 1437449615
Result 1 13.0 1525 912708518
Result 1 12.0 1159 1162316768
Result 1 11.0 1363 841553651
Result 1 9.0 1432 -1767171414
Result 1 9.0 1091 -2051822265
Result 1 8.0 1794 -667541188
Result 0 6.0 2000 -1707358369
Result 1 12.0 1594 -1492440848
Result 1 20.0 1155 655168085
Result 1 15.0 971 1576975409
Result 1 19.0 1622 -671666085
Result 1 19.0 1043 -1617295818
Result 1 10.0 1588 394526610
Result 1 11.0 1119 1072641377
Result 1 19.0 1099 1383937927
Result 1 13.0 1435 2040408779
Result 1 18.0 1347 798958872
Result 0 8.0 2000 -691434898
Result 1 20.0 1373 -302445990
Result 1 12.0 966 -271697989
Result 1 9.0 1228 -841559071
Result 0 11.0 2000 -196831287
Result 1 18.0 930 2006842735
Result 1 15.0 1038 -1442390727
Result 1 14.0 1174 1028531535
Result 1 7.0 1161 -1951704455
Result 1 15.0 1214 -1430549216
Result 1 17.0 1542 311150950
Result 1 10.0 1672 -1035749291
Result 1 15.0 1046 -1757742463
Result 1 14.0 1379 1638267265
Result 1 14.0 814 1079676395
Result 1 8.0 1650 201388969
Result 1 5.0 1673 163079575
Result 1 11.0 1524 944075856
