Result 1 32.0 314 -979934230
Result 1 64.0 1209 1314147338
Result 1 60.0 273 -1586901602
Result 1 38.0 569 957037299
Result 1 52.0 229 1441535865
Result 1 76.0 316 -606037387
Result 0 62.0 368 340188344
Result 1 72.0 293 567255131
Result 1 26.0 123 -415706981
Result 1 30.0 181 1095769006
Result 0 28.0 304 -2105215060
Result 1 66.0 611 -606305431
Result 0 68.0 648 1289437341
Result 1 36.0 706 974333886
Result 1 20.0 134 -310603997
Result 1 26.0 231 -1964278559
Result 1 34.0 557 1658900933
Result 1 14.0 126 1270045512
Result 1 14.0 97 -1601887449
Result 1 30.0 246 120015920
Result 1 30.0 111 -1929651763
Result 1 30.0 169 -2031978752
Result 1 32.0 220 1061113130
Result 1 32.0 554 60682311
Result 1 32.0 114 1467717616
Result 1 32.0 568 314190766
Result 1 34.0 236 1306792143
Result 1 32.0 286 -1544224382
Result 1 32.0 152 -1487688985
Result 1 32.0 258 -319875336
Result 1 34.0 426 -2049016457
Result 1 34.0 158 2085492076
Result 1 28.0 184 55468002
Result 1 32.0 385 926158428
Result 1 32.0 390 -492287458
Result 1 34.0 775 937227210
Result 1 34.0 330 -867530229
Result 1 32.0 294 -859304031
Result 1 34.0 169 94182620
Result 1 30.0 571 645653772
Result 1 24.0 58 -1099154850
Result 1 52.0 448 -15489090
Result 1 44.0 320 2035094480
Result 0 34.0 126 1674763758
Result 1 52.0 188 -1979180162
Result 1 52.0 322 -1566113801
Result 1 52.0 134 1063675422
Result 1 54.0 208 1031420789
Result 1 52.0 1187 -1532488129
Result 1 56.0 242 -1583923070
Result 1 34.0 296 1416105670
Result 1 48.0 230 -1789485488
Result 1 54.0 168 -1431271805
Result 1 52.0 273 1434294023
Result 1 52.0 338 861063396
Result 0 50.0 398 751489165
Result 1 54.0 507 1536614652
Result 1 36.0 92 -2102176194
Result 1 56.0 664 -668916372
Result 1 48.0 266 950809807
Result 1 22.0 258 640439173
Result 1 24.0 278 -692717582
Result 1 24.0 165 1959291858
Result 1 24.0 308 1833086776
Result 1 20.0 149 -1218069640
Result 1 22.0 106 713513789
Result 1 22.0 627 327906570
Result 1 22.0 92 1471991426
Result 1 22.0 78 487019526
Result 1 24.0 312 213602359
Result 1 24.0 348 -917548756
Result 1 20.0 144 -40663454
Result 1 22.0 71 1819455559
Result 1 22.0 169 1113089963
Result 1 20.0 62 1365110704
Result 1 22.0 168 -864306329
Result 1 24.0 437 1368067620
Result 1 24.0 160 -295634363
Result 1 24.0 252 1359025277
Result 1 24.0 308 -1191325710
Result 1 14.0 732 1541226782
Result 1 14.0 76 1310733697
Result 1 14.0 133 -1971498544
Result 1 14.0 325 1263067971
Result 1 14.0 278 -1957441476
Result 1 14.0 506 -369535003
Result 1 14.0 462 1013603105
Result 1 14.0 1103 -216328590
Result 1 14.0 32 -1166969020
Result 1 14.0 91 -1176119347
Result 1 14.0 171 -1404524768
Result 1 14.0 167 931932084
Result 1 14.0 129 744529044
Result 1 14.0 123 1841348970
Result 1 14.0 156 -1005774759
Result 1 14.0 422 -979325369
Result 1 14.0 128 239246734
Result 1 14.0 955 1079855377
Result 1 14.0 84 715447714
Result 1 14.0 168 73278964
