Result 1 11.0 1524 20972367
Result 1 17.0 817 -29095506
Result 1 12.0 920 1250434804
Result 1 20.0 869 56198490
Result 1 17.0 839 -414578701
Result 1 14.0 787 1126669816
Result 1 17.0 1017 -1281171639
Result 1 12.0 1247 -2104540686
Result 1 14.0 1034 2005272495
Result 1 20.0 1201 -679139039
Result 1 16.0 1024 477620035
Result 1 18.0 839 1579369907
Result 1 5.0 965 1704877763
Result 1 14.0 864 810040136
Result 1 15.0 928 1260483276
Result 1 20.0 774 602751700
Result 1 18.0 826 -616757834
Result 1 16.0 1146 860069748
Result 1 20.0 806 -2091644286
Result 1 10.0 1604 -532729868
Result 1 19.0 916 11177278
Result 1 20.0 817 -466837407
Result 1 19.0 1032 -1523901405
Result 1 15.0 1428 -1113115129
Result 1 20.0 950 1789878893
Result 1 17.0 1249 -966029292
Result 1 16.0 864 -707285708
Result 1 18.0 1219 -962161191
Result 1 6.0 1369 -2116069284
Result 0 2.0 2000 2022033031
Result 1 7.0 1029 540829169
Result 1 16.0 1212 -632078903
Result 1 16.0 1281 -301027343
Result 1 15.0 900 -237652543
Result 1 13.0 1196 1614559690
Result 1 20.0 1094 -1884521476
Result 1 9.0 1263 1856140524
Result 1 11.0 1050 -2095881275
Result 1 13.0 995 1257657637
Result 1 14.0 919 -416868578
Result 1 3.0 1645 157287176
Result 1 19.0 1075 882065767
Result 1 19.0 1135 -1092522430
Result 1 19.0 1288 1248822679
Result 1 20.0 1349 2103801191
Result 1 14.0 1136 827775505
Result 1 6.0 1126 2076262179
Result 1 17.0 1331 422531899
Result 1 13.0 1710 843961728
Result 1 20.0 1173 950653658
Result 1 19.0 769 -1053256849
Result 1 11.0 1142 1855436572
Result 1 7.0 1342 -1462087049
Result 1 16.0 892 36798492
Result 1 19.0 1121 203263557
Result 1 19.0 1076 -1496337498
Result 1 6.0 1544 1120295197
Result 1 17.0 905 1082122451
Result 1 11.0 1875 -1450660783
Result 1 17.0 1120 -503744929
Result 1 16.0 1092 1798896451
Result 1 19.0 1027 -1947424766
Result 1 20.0 769 -1247011790
Result 1 16.0 896 186535677
Result 1 16.0 1030 655176075
Result 1 19.0 982 -1154919267
Result 1 20.0 854 237582811
Result 1 18.0 851 -1220481348
Result 1 14.0 989 95204169
Result 1 20.0 766 -2075416089
Result 1 20.0 978 -353557422
Result 1 19.0 764 1510933174
Result 1 16.0 1074 1242013920
Result 1 18.0 979 248469806
Result 1 19.0 832 1593755345
Result 1 19.0 974 25865704
Result 1 16.0 1185 -110780590
Result 1 20.0 765 -104049011
Result 1 17.0 897 859982519
Result 1 20.0 760 1184467908
Result 1 16.0 1370 -898000179
Result 1 15.0 1007 683957913
Result 1 20.0 845 -1371823832
Result 1 19.0 880 807365181
Result 1 19.0 1107 482050443
Result 1 19.0 805 -201439303
Result 1 20.0 907 -1032484595
Result 1 20.0 942 -802005982
Result 1 20.0 999 -757160013
Result 1 19.0 1025 305723360
Result 1 19.0 897 -1831634486
Result 1 20.0 770 -1264506947
Result 1 14.0 844 -662556328
Result 1 19.0 844 -743307427
Result 1 20.0 819 1326506765
Result 1 19.0 789 1669390677
Result 1 17.0 854 -963168524
Result 1 13.0 824 -1010496718
Result 1 16.0 969 724398780
Result 1 15.0 1254 1625745683
