Result 1 32.0 308 1397418683
Result 1 16.0 80 -1315588119
Result 1 30.0 167 827034614
Result 1 50.0 214 -1548311016
Result 0 24.0 407 -1237347633
Result 1 52.0 626 -693351248
Result 1 22.0 205 -1555703244
Result 1 14.0 56 1800340707
Result 1 20.0 184 342009399
Result 1 24.0 141 654991033
Result 1 16.0 147 -2017050635
Result 1 24.0 159 885479572
Result 1 56.0 407 -1130793695
Result 1 20.0 225 1429077472
Result 1 24.0 71 796993751
Result 1 68.0 320 -1926131465
Result 1 14.0 107 1129116280
Result 1 22.0 182 2074655806
Result 1 60.0 257 932761795
Result 1 46.0 325 -328715950
Result 1 34.0 91 -782504164
Result 1 32.0 224 62572513
Result 1 30.0 117 -1430011669
Result 1 30.0 289 -1795827650
Result 1 30.0 166 -483777769
Result 1 32.0 238 2117759563
Result 1 32.0 428 489871337
Result 1 30.0 632 -473860749
Result 1 30.0 254 1479972015
Result 1 32.0 168 -1678468245
Result 1 32.0 215 728047167
Result 1 30.0 184 -231033711
Result 1 32.0 173 539326739
Result 1 30.0 229 -562275231
Result 1 34.0 230 -102759251
Result 1 34.0 114 1419155223
Result 1 30.0 142 1981650931
Result 1 34.0 516 -126414042
Result 1 30.0 325 -2023907410
Result 1 32.0 445 -2080311050
Result 1 58.0 150 306272160
Result 1 52.0 201 608700770
Result 1 36.0 103 1922906761
Result 1 58.0 434 483828888
Result 1 24.0 103 76794296
Result 1 52.0 219 1097858898
Result 1 56.0 215 -852482794
Result 1 56.0 270 1484258241
Result 1 56.0 393 -1970406905
Result 1 52.0 395 2107273345
Result 1 58.0 230 -1960547616
Result 1 40.0 129 -481994425
Result 1 52.0 161 -1817160055
Result 1 56.0 143 2135859140
Result 1 52.0 190 -1181964845
Result 1 48.0 109 -901373527
Result 1 48.0 157 -90655962
Result 0 40.0 158 720593989
Result 1 54.0 224 -1921858913
Result 1 56.0 505 799134408
Result 1 24.0 127 762651441
Result 1 24.0 145 1836290871
Result 1 20.0 56 486977118
Result 1 24.0 272 49694818
Result 1 24.0 94 2099095698
Result 1 28.0 91 576349864
Result 1 24.0 248 -1707656339
Result 1 24.0 248 1406079878
Result 1 28.0 241 -1655414474
Result 1 20.0 90 964799629
Result 1 22.0 526 1806007791
Result 1 22.0 68 -746233196
Result 1 24.0 278 -1166271215
Result 1 22.0 86 -763508344
Result 1 24.0 105 810562944
Result 1 22.0 158 1420749543
Result 1 24.0 172 -353095897
Result 1 22.0 134 562169752
Result 1 22.0 58 778502914
Result 1 22.0 67 474701647
Result 1 14.0 54 299081858
Result 1 14.0 266 -202878202
Result 1 14.0 58 1282412510
Result 1 14.0 71 -79110036
Result 1 14.0 114 -1759854367
Result 1 14.0 96 289576497
Result 1 14.0 88 2018763305
Result 1 14.0 142 2014208427
Result 1 14.0 94 1862033717
Result 1 14.0 155 1141122050
Result 1 14.0 114 1600606012
Result 1 14.0 160 -1205824717
Result 1 14.0 76 610252684
Result 1 14.0 40 -122868179
Result 1 14.0 45 -348013640
Result 1 14.0 163 767531699
Result 1 14.0 97 627278593
Result 1 14.0 48 193381224
Result 1 14.0 128 -1624674565
Result 1 14.0 65 1061278899
