Evo 1.12 0.00 1.00 0.92 1.00 1.00 1.00 0.19 0.01 0.42 0.26 0.64 225 1
Result 1 20.0 399 0.50 0.25 0.14 0.28 0.02 0.20 0.11 -1 -1 -1 -1
Evo 1.06 0.00 0.50 0.50 0.50 0.50 0.50 0.05 0.00 0.01 0.51 0.64 -1 0
Result 0 6.0 1999 0.31 0.09 0.25 0.24 0.21 0.14 0.06 -1 -1 -1 -1
Evo 1.11 0.00 1.00 0.49 0.50 0.50 0.50 0.06 0.00 0.01 0.40 0.64 299 0
Result 0 6.0 2000 0.30 0.08 0.16 0.32 0.19 0.17 0.08 -1 -1 -1 -1
Evo 1.04 0.00 0.50 0.50 0.50 0.50 0.50 0.02 0.00 0.03 0.45 0.64 -1 1
Result 0 6.0 1983 0.17 0.03 0.23 0.19 0.26 0.28 0.01 -1 -1 -1 -1
Evo 1.16 0.00 0.50 0.50 0.50 0.50 0.50 0.05 0.00 0.15 0.27 0.64 -1 0
Result 0 4.0 463 0.35 0.11 0.36 0.04 0.07 0.07 0.35 -1 -1 -1 -1
Evo 1.17 0.50 0.50 0.50 0.50 0.50 0.50 0.00 0.00 0.02 0.32 0.64 -1 0
Result 0 6.0 671 0.45 0.19 0.32 0.30 0.02 0.02 0.14 -1 -1 -1 -1
Evo 1.05 0.00 0.50 0.49 0.50 0.50 0.50 0.05 0.00 0.21 0.43 0.64 -1 4
Result 0 5.0 2000 0.16 0.03 0.19 0.23 0.24 0.20 0.11 -1 -1 -1 -1
Evo 1.04 0.00 1.00 0.50 0.50 0.50 0.50 0.05 0.00 0.04 0.44 0.64 315 0
Result 0 6.0 1999 0.29 0.08 0.21 0.25 0.17 0.23 0.06 -1 -1 -1 -1
Evo 1.06 0.50 0.50 0.50 0.50 0.50 0.50 0.00 0.00 0.05 0.40 0.64 -1 3
Result 0 5.0 559 0.08 0.01 0.37 0.10 0.11 0.22 0.19 -1 -1 -1 -1
Evo 1.17 0.00 0.50 0.50 0.50 0.50 0.50 0.04 0.00 0.48 0.11 0.54 -1 14
Result 0 2.0 158 0.23 0.06 0.18 0.01 0.05 0.57 0.13 -1 -1 -1 -1
Evo 1.05 0.50 1.00 0.90 1.00 1.00 1.00 0.20 0.02 0.39 0.10 0.57 16 2
Result 1 20.0 79 0.40 0.65 0.01 -1 0.09 0.23 0.03 -1 -1 -1 -1
Evo 1.05 0.50 0.50 0.50 0.50 0.50 0.50 0.00 0.00 0.03 0.39 0.64 -1 2
Result 0 6.0 1487 0.24 0.06 0.19 0.23 0.23 0.20 0.09 -1 -1 -1 -1
Evo 1.04 0.00 0.50 0.49 0.50 0.50 0.50 0.05 0.00 0.15 0.37 0.64 -1 2
Result 0 6.0 2000 0.22 0.05 0.21 0.21 0.16 0.25 0.12 -1 -1 -1 -1
Evo 1.12 0.00 1.00 0.51 0.50 0.50 0.50 0.08 0.00 0.23 0.33 0.64 251 9
Result 0 4.0 655 0.47 0.21 0.06 0.22 0.09 0.20 0.22 -1 -1 -1 -1
Evo 1.07 0.00 1.00 0.50 0.50 0.50 0.50 0.05 0.00 0.01 0.41 0.64 409 1
Result 0 5.0 2000 0.34 0.10 0.24 0.23 0.17 0.18 0.08 -1 -1 -1 -1
Evo 1.03 0.00 0.50 0.49 0.50 0.50 0.50 0.05 0.00 0.02 0.44 0.64 -1 0
Result 0 5.0 2000 0.34 0.11 0.26 0.36 0.12 0.12 0.05 -1 -1 -1 -1
Evo 1.07 0.00 1.00 0.49 0.50 0.50 0.50 0.05 0.00 0.01 0.43 0.64 241 0
Result 0 5.0 2000 0.17 0.04 0.17 0.29 0.23 0.18 0.10 -1 -1 -1 -1
Evo 1.07 0.00 0.50 0.49 0.50 0.50 0.50 0.05 0.00 0.01 0.51 0.64 -1 6
Result 0 6.0 2000 0.28 0.07 0.18 0.22 0.15 0.12 0.24 -1 -1 -1 -1
Evo 1.04 0.00 1.00 0.50 0.50 0.50 0.50 0.05 0.00 0.02 0.42 0.64 80 18
Result 0 5.0 2000 0.29 0.08 0.21 0.28 0.17 0.20 0.06 -1 -1 -1 -1
Evo 1.07 0.00 0.50 0.49 0.50 0.50 0.50 0.05 0.00 0.01 0.47 0.64 -1 11
Result 0 6.0 2000 0.37 0.12 0.19 0.25 0.19 0.12 0.13 -1 -1 -1 -1
Evo 1.03 0.00 0.50 0.48 0.50 0.50 0.50 0.11 0.00 0.53 0.10 0.43 -1 165
Result 0 4.0 607 0.50 0.50 0.00 0.00 0.09 0.37 0.04 -1 -1 -1 -1
Evo 1.04 0.00 0.50 0.50 0.50 0.50 0.50 0.02 0.00 0.52 0.18 0.33 -1 183
Result 0 6.0 879 0.53 0.36 0.20 0.17 0.17 0.06 0.03 -1 -1 -1 -1
Evo 1.05 0.00 0.50 0.50 0.50 0.50 0.50 0.03 0.00 0.37 0.10 0.39 -1 177
Result 0 2.0 671 0.08 0.01 0.08 0.01 0.13 0.10 0.68 -1 -1 -1 -1
Evo 1.07 0.00 0.50 0.49 0.50 0.50 0.50 0.08 0.00 0.36 0.12 0.33 -1 196
Result 0 2.0 735 0.21 0.05 0.46 0.09 0.14 0.23 0.03 -1 -1 -1 -1
Evo 1.01 0.00 0.50 0.49 0.50 0.50 0.50 0.07 0.00 0.50 0.10 0.43 -1 181
Result 0 6.0 687 0.37 0.12 0.03 -1 0.15 0.03 0.67 -1 -1 -1 -1
Evo 1.02 0.00 0.50 0.48 0.50 0.50 0.50 0.09 0.00 0.40 0.12 0.31 -1 178
Result 0 4.0 655 0.23 0.05 0.02 0.00 0.16 0.28 0.48 -1 -1 -1 -1
Evo 1.10 0.00 0.50 0.49 0.50 0.50 0.50 0.05 0.00 0.44 0.27 0.50 -1 203
Result 0 6.0 1343 0.34 0.10 0.42 0.12 0.17 0.16 0.03 -1 -1 -1 -1
Evo 1.00 0.00 0.50 0.50 0.50 0.50 0.50 0.03 0.00 0.01 0.01 0.18 -1 161
Result 0 2.0 287 0.49 0.24 0.07 -1 -1 -1 0.69 -1 -1 -1 -1
Evo 1.00 0.00 0.50 0.49 0.50 0.50 0.50 0.05 0.00 0.24 0.09 0.41 -1 200
Result 0 4.0 2000 0.39 0.13 0.00 -1 0.83 0.01 0.03 -1 -1 -1 -1
Evo 1.03 0.00 0.50 0.50 0.50 0.50 0.50 0.02 0.00 0.43 0.12 0.32 -1 130
Result 0 4.0 635 0.20 0.05 0.05 0.03 0.20 0.19 0.48 -1 -1 -1 -1
Evo 1.09 0.00 0.50 0.50 0.50 0.50 0.50 0.04 0.00 0.39 0.12 0.32 -1 184
Result 0 4.0 658 0.17 0.03 0.03 0.07 0.23 0.23 0.40 -1 -1 -1 -1
Evo 1.04 0.50 0.50 0.50 0.50 0.50 0.50 0.00 0.00 0.32 0.08 0.25 -1 149
Result 0 4.0 479 0.48 0.54 0.09 0.04 0.01 0.27 0.05 -1 -1 -1 -1
Evo 1.06 0.00 0.50 0.50 0.50 0.50 0.50 0.02 0.00 0.53 0.09 0.42 -1 174
Result 0 4.0 543 0.46 0.57 0.01 0.03 0.01 0.03 0.34 -1 -1 -1 -1
Evo 1.02 0.00 0.50 0.49 0.50 0.50 0.50 0.05 0.00 0.01 0.10 0.41 -1 195
Result 0 2.0 2000 0.12 0.02 0.01 0.02 0.82 0.01 0.12 -1 -1 -1 -1
Evo 1.02 0.00 0.50 0.49 0.50 0.50 0.50 0.05 0.00 0.28 0.10 0.36 -1 185
Result 0 4.0 2000 0.13 0.03 0.00 0.01 0.80 0.01 0.15 -1 -1 -1 -1
Evo 1.04 0.00 0.50 0.50 0.50 0.50 0.50 0.03 0.00 0.10 0.14 0.48 -1 168
Result 0 4.0 655 0.32 0.09 0.07 0.01 0.04 0.04 0.74 -1 -1 -1 -1
Evo 1.06 0.00 0.50 0.49 0.50 0.50 0.50 0.05 0.00 0.50 0.20 0.49 -1 203
Result 0 5.0 1471 0.29 0.08 0.08 0.28 0.16 0.08 0.33 -1 -1 -1 -1
Evo 1.04 0.00 0.50 0.49 0.50 0.50 0.50 0.05 0.00 0.49 0.18 0.47 -1 177
Result 0 4.0 2000 0.36 0.12 0.54 0.05 0.07 0.05 0.17 -1 -1 -1 -1
Evo 1.03 0.00 0.50 0.50 0.50 0.50 0.50 0.03 0.00 0.01 0.04 0.15 -1 176
Result 0 4.0 415 0.09 0.01 0.09 0.08 0.11 0.00 0.71 -1 -1 -1 -1
Evo 1.05 0.00 0.50 0.49 0.50 0.50 0.50 0.05 0.00 0.46 0.19 0.40 -1 191
Result 0 6.0 1007 0.52 0.31 0.03 0.10 0.22 0.02 0.31 -1 -1 -1 -1
