Evo 59.94 1.75 1000000.62 146160.99 7.61 25.24 241414.66 265745.05 14084.46 0.02 0.07 0.25 -1 -1
Result 1 50.0 355 0.43 0.18 0.15 0.16 0.13 0.16 0.21 -1 -1 -1 -1
Evo 40.81 1.71 1000000.63 72394.89 16.79 26.95 38.87 206430.11 8297.13 0.01 0.07 0.17 -1 -1
Result 1 45.0 618 0.46 0.14 0.19 0.18 0.12 0.19 0.18 -1 -1 -1 -1
Evo 52.73 1.79 1000000.65 75398.28 11.97 31.11 40.91 190885.59 9568.23 0.02 0.08 0.20 -1 -1
Result 1 45.0 397 0.44 0.18 0.16 0.16 0.13 0.18 0.20 -1 -1 -1 -1
Evo 44.81 1.83 1000000.63 78633.68 19.04 39.94 46.72 198928.00 7312.74 0.01 0.09 0.22 -1 -1
Result 1 50.0 739 0.41 0.16 0.19 0.17 0.14 0.15 0.20 -1 -1 -1 -1
Evo 36.40 2.49 1000000.60 61360.39 4.97 25.93 39.72 177555.17 8933.77 0.02 0.06 0.20 -1 -1
Result 1 50.0 394 0.42 0.13 0.17 0.19 0.13 0.16 0.22 -1 -1 -1 -1
Evo 20.54 1.35 708347.61 37654.78 7.94 23.27 36.85 119788.97 6105.01 0.02 0.07 0.20 -1 -1
Result 1 50.0 384 0.44 0.15 0.17 0.16 0.11 0.17 0.23 -1 -1 -1 -1
Evo 33.21 1.73 1000000.23 42674.50 12.54 32.68 42.48 142295.12 6270.27 0.02 0.06 0.19 -1 -1
Result 1 50.0 514 0.44 0.16 0.18 0.16 0.12 0.18 0.20 -1 -1 -1 -1
Evo 32.13 1.79 1000000.60 60186.83 11.25 30.87 38.90 172437.08 8165.13 0.02 0.05 0.16 -1 -1
Result 1 45.0 445 0.44 0.15 0.17 0.14 0.14 0.17 0.23 -1 -1 -1 -1
Evo 19.33 1.72 1000000.37 73443.54 8.08 21.73 40.43 188055.04 9356.09 0.02 0.07 0.21 -1 -1
Result 1 45.0 403 0.44 0.17 0.17 0.14 0.10 0.17 0.25 -1 -1 -1 -1
Evo 60.64 2.05 1000001.07 195111.10 14.23 27.69 40857.61 389464.82 16933.25 0.02 0.08 0.26 -1 -1
Result 1 40.0 528 0.41 0.17 0.18 0.17 0.14 0.15 0.19 -1 -1 -1 -1
Evo 45.90 1.27 1000000.71 74029.15 21.58 43.47 46.75 217410.75 8456.30 0.01 0.09 0.25 -1 -1
Result 1 50.0 660 0.43 0.15 0.20 0.14 0.13 0.16 0.21 -1 -1 -1 -1
Evo 43.44 1.81 1000000.55 80880.81 16.40 36.95 44.75 206879.38 8837.45 0.02 0.07 0.20 -1 -1
Result 1 50.0 547 0.42 0.16 0.19 0.17 0.14 0.16 0.18 -1 -1 -1 -1
Evo 59.72 1.49 1000000.68 88213.32 9.82 30.59 46.07 225552.05 11045.33 0.02 0.07 0.20 -1 -1
Result 1 50.0 416 0.45 0.18 0.17 0.15 0.14 0.18 0.18 -1 -1 -1 -1
Evo 37.60 2.25 1000000.44 99907.05 10.98 32.64 90950.37 197407.41 9096.05 0.02 0.09 0.23 -1 -1
Result 1 50.0 470 0.41 0.15 0.20 0.18 0.15 0.15 0.17 -1 -1 -1 -1
Evo 27.73 1.68 999999.89 87374.07 12.77 31.34 75513.94 184623.79 8065.33 0.02 0.08 0.23 -1 -1
Result 1 50.0 523 0.40 0.17 0.17 0.15 0.14 0.14 0.22 -1 -1 -1 -1
Evo 30.10 1.39 1000000.05 52881.38 6.95 22.83 44.04 169182.49 8916.70 0.02 0.06 0.19 -1 -1
Result 1 50.0 359 0.45 0.16 0.19 0.15 0.10 0.18 0.23 -1 -1 -1 -1
Evo 57.48 1.57 1000000.72 82615.28 16.88 36.28 46.62 214062.68 11024.79 0.02 0.06 0.17 -1 -1
Result 1 50.0 376 0.45 0.15 0.19 0.15 0.14 0.19 0.18 -1 -1 -1 -1
Evo 59.40 2.19 1000000.71 108419.25 6.23 24.35 42.18 258618.32 13668.40 0.02 0.07 0.23 -1 -1
Result 1 45.0 357 0.41 0.14 0.17 0.20 0.11 0.15 0.22 -1 -1 -1 -1
Evo 48.37 1.57 1000000.68 84294.03 19.68 32.23 45.37 227249.04 9611.61 0.02 0.06 0.17 -1 -1
Result 1 50.0 558 0.43 0.16 0.18 0.16 0.13 0.17 0.20 -1 -1 -1 -1
Evo 54.76 1.57 1000000.76 106064.56 12.90 26.77 40.93 246757.35 10810.64 0.02 0.07 0.18 -1 -1
Result 1 45.0 520 0.46 0.15 0.20 0.17 0.12 0.19 0.17 -1 -1 -1 -1
Evo 46.76 0.96 1000000.70 39394.43 5.91 23.79 43.38 170225.10 7291.64 0.02 0.09 0.23 -1 -1
Result 1 50.0 544 0.42 0.17 0.15 0.13 0.16 0.16 0.23 -1 -1 -1 -1
Evo 39.61 0.84 1000000.73 49568.80 8.79 29.41 18224.54 158474.20 6896.70 0.02 0.07 0.17 -1 -1
Result 1 50.0 527 0.41 0.17 0.15 0.14 0.19 0.15 0.20 -1 -1 -1 -1
Evo 53.00 0.99 1000000.74 54465.97 3.42 21.41 37.50 187907.46 8612.72 0.02 0.06 0.18 -1 -1
Result 1 50.0 475 0.41 0.19 0.15 0.14 0.16 0.15 0.21 -1 -1 -1 -1
Evo 45.97 1.14 1000000.54 34658.45 5.46 17.33 36.80 154488.82 6710.57 0.02 0.09 0.22 -1 -1
Result 1 50.0 529 0.42 0.15 0.15 0.19 0.15 0.16 0.20 -1 -1 -1 -1
Evo 39.42 1.16 1000000.59 31294.19 2.47 16.81 35.03 138903.78 6275.03 0.02 0.07 0.16 -1 -1
Result 1 50.0 489 0.40 0.15 0.18 0.16 0.18 0.14 0.19 -1 -1 -1 -1
Evo 28.32 0.96 1000000.09 47528.54 4.46 26.45 39.84 154596.08 6115.73 0.01 0.10 0.25 -1 -1
Result 1 50.0 638 0.44 0.17 0.18 0.16 0.14 0.18 0.18 -1 -1 -1 -1
Evo 35.26 0.99 1000000.41 53735.52 4.72 24.81 38.95 165985.34 7408.29 0.02 0.07 0.18 -1 -1
Result 1 50.0 501 0.40 0.19 0.17 0.14 0.15 0.15 0.20 -1 -1 -1 -1
Evo 20.25 1.03 1000000.48 110357.82 6.78 28.81 36406.74 230444.29 9431.46 0.02 0.07 0.17 -1 -1
Result 1 50.0 596 0.42 0.14 0.19 0.17 0.13 0.16 0.22 -1 -1 -1 -1
Evo 33.77 0.90 1000000.36 38660.58 4.09 15.23 35.53 144172.36 5965.89 0.02 0.08 0.19 -1 -1
Result 1 45.0 583 0.43 0.14 0.17 0.17 0.16 0.16 0.19 -1 -1 -1 -1
Evo 21.89 0.99 1000000.18 233457.58 15.15 38.90 666683.00 329975.51 11467.44 0.01 0.11 0.25 -1 -1
Result 1 50.0 827 0.44 0.16 0.17 0.16 0.17 0.17 0.17 -1 -1 -1 -1
Evo 42.78 0.99 1000001.05 150644.92 10.91 32.16 81676.21 309381.59 12088.54 0.01 0.11 0.23 -1 -1
Result 1 50.0 654 0.40 0.17 0.18 0.14 0.16 0.14 0.21 -1 -1 -1 -1
Evo 38.28 0.97 1000000.53 47084.68 6.35 26.00 42.95 136934.23 6051.69 0.02 0.09 0.21 -1 -1
Result 1 50.0 511 0.42 0.18 0.17 0.16 0.14 0.16 0.20 -1 -1 -1 -1
Evo 55.42 1.05 1000001.05 177656.02 11.01 23.58 18221.94 366765.98 14589.17 0.01 0.09 0.22 -1 -1
Result 1 45.0 631 0.40 0.17 0.16 0.18 0.15 0.14 0.20 -1 -1 -1 -1
Evo 30.25 0.95 1000000.11 63778.30 10.46 32.97 45.73 174682.16 7191.55 0.02 0.07 0.18 -1 -1
Result 1 50.0 589 0.38 0.20 0.17 0.17 0.13 0.13 0.19 -1 -1 -1 -1
Evo 18.60 -178566.93 1000000.01 31222.51 2.30 8.40 37.19 125790.55 5027.60 0.01 0.09 0.21 -1 -1
Result 1 45.0 625 0.41 0.16 0.19 0.14 0.15 0.15 0.19 -1 -1 -1 -1
Evo 31.72 1.13 1000000.63 20844.59 9.50 27.99 39.56 87497.73 3539.78 0.02 0.08 0.21 -1 -1
Result 1 50.0 610 0.40 0.18 0.17 0.15 0.17 0.14 0.17 -1 -1 -1 -1
Evo 30.10 0.95 1000001.04 183199.14 5.99 30.83 127313.24 346489.58 15283.00 0.02 0.08 0.22 -1 -1
Result 1 50.0 513 0.44 0.14 0.16 0.17 0.14 0.17 0.21 -1 -1 -1 -1
Evo 55.87 1.04 1000001.09 200411.83 9.37 31.02 138927.15 379431.97 16193.76 0.02 0.09 0.24 -1 -1
Result 1 40.0 548 0.42 0.17 0.17 0.17 0.14 0.16 0.19 -1 -1 -1 -1
Evo 32.26 -999999.71 1000000.24 -198243.98 -583330.24 1.57 18.03 396327.32 14638.68 0.01 0.10 0.25 -1 -1
Result 1 28.0 732 0.44 0.16 0.17 0.16 0.17 0.17 0.18 -1 -1 -1 -1
Evo 51.89 -1.43 1000000.72 40027.03 1.76 7.72 18.13 157094.75 6798.15 0.02 0.09 0.23 -1 -1
Result 1 31.0 533 0.41 0.16 0.18 0.15 0.17 0.15 0.19 -1 -1 -1 -1
Evo 55.77 1.20 1000000.64 62885.61 14.31 32.19 18556.38 181491.86 10713.13 0.03 0.05 0.16 -1 -1
Result 1 50.0 286 0.41 0.16 0.13 0.17 0.21 0.15 0.18 -1 -1 -1 -1
Evo 19.47 1.45 999999.97 77529.00 18.35 30.42 40.53 206168.41 11349.20 0.03 0.06 0.18 -1 -1
Result 1 45.0 329 0.39 0.17 0.14 0.17 0.19 0.13 0.19 -1 -1 -1 -1
Evo 47.81 1.19 1000000.61 58074.84 18.28 29.86 42.99 181283.49 9064.17 0.02 0.07 0.19 -1 -1
Result 1 50.0 399 0.41 0.17 0.13 0.20 0.18 0.15 0.17 -1 -1 -1 -1
Evo 53.29 1.16 1000000.73 90148.82 16.02 35.52 37779.37 214098.91 9632.77 0.02 0.09 0.23 -1 -1
Result 1 50.0 493 0.44 0.14 0.13 0.17 0.17 0.18 0.21 -1 -1 -1 -1
Evo 18.07 1.30 999999.94 53782.87 16.14 37.26 20451.78 142613.67 5846.59 0.02 0.10 0.29 -1 -1
Result 1 50.0 594 0.43 0.15 0.14 0.17 0.17 0.17 0.20 -1 -1 -1 -1
Evo 36.32 1.31 1000000.68 90732.75 12.82 34.20 134657.27 189026.75 7903.61 0.02 0.10 0.25 -1 -1
Result 1 50.0 571 0.42 0.18 0.14 0.16 0.15 0.16 0.21 -1 -1 -1 -1
Evo 32.35 1.30 1000000.15 67355.44 19.42 34.62 43.73 181075.07 9288.96 0.02 0.06 0.19 -1 -1
Result 1 50.0 379 0.45 0.17 0.10 0.17 0.16 0.18 0.21 -1 -1 -1 -1
Evo 67.20 1.24 1000000.70 92654.32 15.13 35.44 44.77 235240.57 12795.40 0.02 0.05 0.15 -1 -1
Result 1 50.0 337 0.45 0.14 0.14 0.17 0.16 0.18 0.20 -1 -1 -1 -1
Evo 31.69 1.24 1000000.10 56264.78 9.37 24.16 41.05 168519.39 8533.31 0.02 0.08 0.23 -1 -1
Result 1 45.0 389 0.41 0.12 0.15 0.19 0.19 0.15 0.20 -1 -1 -1 -1
Evo 20.68 1.28 1000000.07 117915.41 19.38 40.51 140040.10 225170.73 10049.86 0.02 0.06 0.17 -1 -1
Result 1 50.0 501 0.43 0.17 0.11 0.18 0.19 0.17 0.19 -1 -1 -1 -1
Evo 59.94 1.30 1000000.61 110135.71 17.09 40.02 52677.51 237110.51 12211.81 0.02 0.06 0.17 -1 -1
Result 1 50.0 376 0.44 0.16 0.13 0.15 0.21 0.17 0.18 -1 -1 -1 -1
Evo 21.49 1.24 1000000.43 176933.45 23.85 34.09 295109.16 282976.33 11689.64 0.02 0.07 0.17 -1 -1
Result 1 40.0 585 0.43 0.16 0.13 0.17 0.17 0.17 0.20 -1 -1 -1 -1
Evo 32.86 1.05 1000000.58 93717.21 8.69 28.44 41.79 208930.43 11104.53 0.02 0.06 0.20 -1 -1
Result 1 45.0 353 0.43 0.16 0.12 0.16 0.17 0.17 0.22 -1 -1 -1 -1
Evo 21.86 1.28 1000000.14 210463.96 19.11 37.20 459485.59 314664.84 15209.90 0.02 0.05 0.16 -1 -1
Result 1 50.0 427 0.43 0.17 0.14 0.15 0.17 0.17 0.20 -1 -1 -1 -1
Evo 19.70 1.35 795709.29 74483.40 19.45 37.71 18562.65 183732.78 9175.18 0.02 0.06 0.18 -1 -1
Result 1 50.0 400 0.43 0.13 0.14 0.17 0.18 0.16 0.21 -1 -1 -1 -1
Evo 42.78 1.39 1000000.49 39060.09 22.21 39.99 43.03 142715.98 6625.42 0.02 0.06 0.16 -1 -1
Result 1 50.0 463 0.44 0.15 0.15 0.15 0.20 0.18 0.17 -1 -1 -1 -1
Evo 31.97 1.16 1000000.07 80639.79 21.61 36.87 46.23 197938.58 9457.87 0.02 0.07 0.20 -1 -1
Result 1 50.0 437 0.40 0.15 0.13 0.17 0.19 0.14 0.21 -1 -1 -1 -1
Evo 48.49 1.20 1000000.46 85560.39 14.00 36.78 41.60 220838.89 12083.77 0.03 0.07 0.17 -1 -1
Result 1 50.0 333 0.43 0.17 0.12 0.16 0.17 0.16 0.22 -1 -1 -1 -1
Evo 46.84 1.15 1000000.27 73518.50 10.47 30.67 19651.88 174134.95 9307.90 0.02 0.05 0.16 -1 -1
Result 1 50.0 349 0.47 0.14 0.13 0.17 0.17 0.21 0.19 -1 -1 -1 -1
Evo 56.43 1.34 1000000.46 56743.35 11.25 31.14 36.48 210846.65 10802.00 0.02 0.08 0.25 -1 -1
Result 1 50.0 380 0.45 0.14 0.13 0.20 0.16 0.19 0.19 -1 -1 -1 -1
Evo 55.77 1.39 1000001.10 161769.65 29.04 60.28 19671.28 353351.33 13620.69 0.01 0.10 0.24 -1 -1
Result 1 65.0 672 0.38 0.16 0.19 0.16 0.15 0.13 0.21 -1 -1 -1 -1
Evo 27.47 1.46 1000000.92 105828.10 20.20 45.19 57.85 277289.82 11738.61 0.02 0.06 0.16 -1 -1
Result 1 67.0 557 0.42 0.17 0.19 0.16 0.13 0.16 0.20 -1 -1 -1 -1
Evo 50.62 1.04 1000000.88 122498.40 10.92 41.02 56.44 282117.31 11230.91 0.01 0.12 0.25 -1 -1
Result 1 60.0 630 0.45 0.14 0.15 0.17 0.15 0.19 0.20 -1 -1 -1 -1
Evo 52.79 1.16 1000000.94 150281.66 21.35 49.27 90967.27 307071.21 12185.75 0.01 0.09 0.23 -1 -1
Result 1 65.0 634 0.44 0.12 0.20 0.17 0.15 0.17 0.19 -1 -1 -1 -1
Evo 47.98 1.23 1000000.90 77372.76 12.40 32.65 61.13 213776.07 10122.59 0.02 0.08 0.22 -1 -1
Result 1 70.0 445 0.41 0.15 0.19 0.16 0.17 0.15 0.18 -1 -1 -1 -1
Evo 44.48 1.42 1000000.68 44481.25 20.42 46.63 63.51 165501.50 6944.29 0.02 0.10 0.23 -1 -1
Result 1 70.0 567 0.43 0.16 0.17 0.16 0.15 0.17 0.19 -1 -1 -1 -1
Evo 57.57 1.24 1000000.78 100225.93 8.63 44.77 58.49 259014.89 11240.29 0.02 0.07 0.16 -1 -1
Result 1 65.0 530 0.42 0.17 0.17 0.17 0.17 0.16 0.17 -1 -1 -1 -1
Evo 40.16 1.42 1000000.22 70540.28 13.19 41.11 62.79 181832.75 7989.27 0.02 0.08 0.21 -1 -1
Result 1 66.0 517 0.40 0.18 0.13 0.15 0.17 0.14 0.23 -1 -1 -1 -1
Evo 66.50 1.44 1000001.07 227734.43 16.64 45.03 434821.36 393259.47 16860.86 0.02 0.09 0.24 -1 -1
Result 1 65.0 543 0.42 0.15 0.18 0.15 0.16 0.16 0.20 -1 -1 -1 -1
Evo 49.40 1.44 1000000.65 84433.64 15.59 51.76 68.69 214694.31 8363.30 0.01 0.10 0.22 -1 -1
Result 1 70.0 658 0.43 0.18 0.15 0.15 0.15 0.17 0.21 -1 -1 -1 -1
Evo 19.27 1.64 999999.81 67391.07 24.31 56.71 20466.65 162307.44 5926.63 0.01 0.09 0.20 -1 -1
Result 1 66.0 749 0.43 0.16 0.18 0.15 0.13 0.17 0.21 -1 -1 -1 -1
Evo 28.41 1.23 1000000.50 67794.71 22.89 51.70 26378.95 160616.59 6168.44 0.01 0.11 0.29 -1 -1
Result 1 70.0 677 0.44 0.15 0.16 0.16 0.16 0.17 0.20 -1 -1 -1 -1
Evo 61.82 1.26 1000001.00 180928.09 19.49 47.17 60.89 374461.89 15753.73 0.02 0.11 0.23 -1 -1
Result 1 55.0 564 0.44 0.15 0.21 0.14 0.14 0.18 0.19 -1 -1 -1 -1
Evo 57.78 1.27 1000001.05 226952.28 16.14 45.64 275909.15 395372.08 17288.41 0.02 0.08 0.22 -1 -1
Result 1 60.0 522 0.41 0.17 0.18 0.17 0.14 0.15 0.20 -1 -1 -1 -1
Evo 34.18 1.35 1000000.53 23353.89 22.91 42.84 60.61 124588.21 4909.46 0.01 0.08 0.20 -1 -1
Result 1 70.0 643 0.45 0.14 0.18 0.15 0.14 0.18 0.20 -1 -1 -1 -1
Evo 47.08 1.27 1000000.72 58311.87 15.58 37.45 54.38 195616.85 8628.29 0.02 0.12 0.29 -1 -1
Result 1 65.0 513 0.44 0.17 0.15 0.16 0.14 0.18 0.20 -1 -1 -1 -1
Evo 18.39 1.24 999999.88 78225.75 38.16 61.18 116339.55 149647.83 5354.82 0.01 0.13 0.31 -1 -1
Result 1 70.0 780 0.42 0.13 0.19 0.16 0.15 0.15 0.21 -1 -1 -1 -1
Evo 65.08 1.22 1000000.90 109720.77 8.28 30.15 46.96 283788.32 13275.06 0.02 0.06 0.17 -1 -1
Result 1 65.0 456 0.43 0.15 0.18 0.19 0.12 0.17 0.19 -1 -1 -1 -1
Evo 64.33 1.20 1000000.98 194016.81 13.26 45.02 63.98 384082.46 16187.15 0.02 0.08 0.20 -1 -1
Result 1 65.0 562 0.40 0.17 0.18 0.16 0.15 0.14 0.20 -1 -1 -1 -1
Evo 37.67 1.24 1000000.50 36200.66 27.18 42.15 58.93 139559.91 5387.65 0.01 0.07 0.18 -1 -1
Result 1 70.0 670 0.44 0.17 0.17 0.15 0.15 0.17 0.19 -1 -1 -1 -1
Evo 60.67 3.21 1000001.00 155967.01 24.57 57.89 73.90 346861.42 14683.81 0.02 0.07 0.20 -1 -1
Result 1 80.0 557 0.43 0.15 0.15 0.19 0.14 0.17 0.21 -1 -1 -1 -1
Evo 52.07 3.04 1000001.08 153133.28 28.13 64.29 89360.32 316340.69 13090.27 0.02 0.08 0.21 -1 -1
Result 1 86.0 583 0.42 0.15 0.17 0.16 0.16 0.16 0.21 -1 -1 -1 -1
Evo 22.77 3.33 1000000.89 72614.42 22.26 50.58 77.26 213403.64 9562.85 0.02 0.08 0.22 -1 -1
Result 1 85.0 497 0.42 0.17 0.16 0.15 0.15 0.16 0.20 -1 -1 -1 -1
Evo 49.52 2.87 1000001.00 139910.47 35.94 57.24 82.08 329372.67 14266.71 0.02 0.09 0.23 -1 -1
Result 1 91.0 532 0.40 0.18 0.16 0.17 0.14 0.14 0.20 -1 -1 -1 -1
Evo 56.55 3.32 1000000.93 126292.50 21.29 56.91 82.93 307215.81 13099.73 0.02 0.09 0.23 -1 -1
Result 1 85.0 549 0.43 0.16 0.17 0.15 0.14 0.17 0.21 -1 -1 -1 -1
Evo 46.06 3.13 1000000.53 92780.07 19.24 60.47 22811.13 226083.79 10287.17 0.02 0.11 0.26 -1 -1
Result 1 80.0 482 0.45 0.13 0.18 0.17 0.16 0.18 0.18 -1 -1 -1 -1
Evo 51.98 3.39 1000001.02 183058.64 29.37 66.38 37127.85 370196.40 15025.81 0.02 0.07 0.19 -1 -1
Result 1 90.0 606 0.41 0.17 0.14 0.16 0.16 0.15 0.22 -1 -1 -1 -1
Evo 54.39 3.39 1000001.03 125834.16 26.67 49.73 78.58 302727.81 12781.18 0.02 0.11 0.23 -1 -1
Result 1 76.0 560 0.43 0.15 0.17 0.17 0.16 0.16 0.18 -1 -1 -1 -1
Evo 58.53 3.22 1000000.95 163281.15 29.57 72.10 48867.80 338100.56 14261.91 0.02 0.09 0.26 -1 -1
Result 1 90.0 561 0.43 0.15 0.17 0.17 0.16 0.16 0.19 -1 -1 -1 -1
Evo 34.74 3.40 1000000.66 37986.40 32.04 78.62 90.11 139824.44 5531.37 0.01 0.09 0.21 -1 -1
Result 1 95.0 638 0.42 0.16 0.15 0.16 0.16 0.16 0.21 -1 -1 -1 -1
Evo 52.01 3.09 1000001.06 156787.56 24.14 71.59 88.89 356664.32 13841.26 0.01 0.08 0.21 -1 -1
Result 1 86.0 663 0.41 0.15 0.16 0.16 0.16 0.15 0.21 -1 -1 -1 -1
Evo 46.05 3.19 1000000.50 51465.74 15.64 44.58 67.72 169816.59 7703.04 0.02 0.09 0.23 -1 -1
Result 1 90.0 485 0.41 0.15 0.15 0.18 0.16 0.15 0.20 -1 -1 -1 -1
Evo 62.14 3.13 1000001.01 169975.93 17.11 56.89 37811.36 341436.12 14845.05 0.02 0.08 0.20 -1 -1
Result 1 80.0 528 0.41 0.17 0.14 0.17 0.15 0.15 0.22 -1 -1 -1 -1
Evo 50.16 3.15 1000000.61 83838.96 30.08 64.43 86.69 215483.01 8585.05 0.01 0.13 0.32 -1 -1
Result 1 88.0 629 0.40 0.17 0.18 0.17 0.15 0.14 0.19 -1 -1 -1 -1
Evo 55.08 3.12 1000000.75 70420.05 27.11 43.17 64.02 217957.81 9958.75 0.02 0.10 0.24 -1 -1
Result 1 71.0 478 0.43 0.16 0.16 0.17 0.13 0.17 0.21 -1 -1 -1 -1
Evo 68.53 3.27 1000000.90 202252.97 19.49 55.21 163331.12 373828.45 16922.42 0.02 0.08 0.18 -1 -1
Result 1 75.0 487 0.41 0.17 0.14 0.18 0.14 0.15 0.21 -1 -1 -1 -1
Evo 53.13 3.21 1000001.11 184739.58 21.68 60.93 36440.85 368589.52 14997.69 0.02 0.09 0.24 -1 -1
Result 1 80.0 603 0.45 0.15 0.14 0.19 0.13 0.18 0.20 -1 -1 -1 -1
Evo 50.63 3.47 1000000.99 205141.25 32.93 83.33 185261.35 350864.44 13121.59 0.01 0.05 0.14 -1 -1
Result 1 95.0 714 0.43 0.17 0.16 0.15 0.16 0.17 0.19 -1 -1 -1 -1
Evo 38.49 3.31 1000000.60 38265.83 18.55 44.83 69.15 158665.37 6866.12 0.02 0.10 0.20 -1 -1
Result 1 85.0 533 0.42 0.16 0.15 0.17 0.14 0.16 0.22 -1 -1 -1 -1
Evo 55.87 3.23 1000000.90 175333.66 25.22 66.44 20922.88 354022.37 14920.26 0.02 0.08 0.25 -1 -1
Result 1 90.0 562 0.43 0.17 0.15 0.17 0.15 0.17 0.20 -1 -1 -1 -1
