Result 1 20.0 1000 365447717
Result 1 1.0 1000 622201761
Result 1 1.0 1000 474432188
Result 1 1.0 1000 1390451651
Result 1 1.0 1000 473500963
Result 1 10.0 1000 1737642670
Result 1 1.0 1000 1434585045
Result 1 1.0 1000 -1480663888
Result 1 1.0 1000 -1531711360
Result 1 1.0 1000 -947737024
Result 1 1.0 1000 -95037478
Result 1 1.0 1000 1542928926
Result 1 1.0 1000 -1783922568
Result 1 10.0 1000 1048465411
Result 1 1.0 1000 654299663
Result 1 10.0 1000 1134450678
Result 1 1.0 1000 1576388086
Result 1 10.0 1000 1249295200
Result 1 10.0 1000 -1729805137
Result 1 1.0 1000 -1898927906
Result 1 1.0 1000 -1667675864
Result 1 1.0 1000 1652831142
Result 1 1.0 1000 -2086884463
Result 1 1.0 1000 871665925
Result 1 1.0 1000 -2085690698
Result 1 1.0 1000 141302474
Result 1 20.0 1000 -558920225
Result 1 20.0 1000 380290516
Result 1 10.0 1000 -574202851
Result 1 1.0 1000 152792186
Result 1 1.0 1000 163232330
Result 1 10.0 1000 -247276089
Result 1 1.0 1000 -790873280
Result 1 20.0 1000 1259839298
Result 1 1.0 1000 1491398423
Result 1 1.0 1000 425609417
Result 1 1.0 1000 111636261
Result 1 10.0 1000 -760848637
Result 1 1.0 1000 -587440514
Result 1 1.0 1000 -1244283657
Result 1 1.0 1000 -110692883
Result 1 1.0 1000 -1558490551
Result 1 10.0 1000 2054515304
Result 1 1.0 1000 196795742
Result 1 1.0 1000 85524315
Result 1 1.0 1000 -338371729
Result 1 1.0 1000 -559340086
Result 1 1.0 1000 1878688505
Result 1 10.0 1000 1053071292
Result 1 30.0 1000 -428194309
Result 1 1.0 1000 320795097
Result 1 10.0 1000 -532508254
Result 1 1.0 1000 -2115949217
Result 1 1.0 1000 840083360
Result 1 1.0 1000 -299635401
Result 1 1.0 1000 -1142159513
Result 1 10.0 1000 1161781663
Result 1 10.0 1000 -2121491263
Result 1 1.0 1000 443742894
Result 1 1.0 1000 1752873599
Result 1 1.0 1000 -1562310209
Result 1 1.0 1000 -439512877
Result 1 1.0 1000 -301614306
Result 1 1.0 1000 1854050759
Result 1 1.0 1000 -2057558388
Result 1 1.0 1000 -257470073
Result 1 10.0 1000 2003555855
Result 1 5.0 1000 -1601467715
Result 1 1.0 1000 -1240491751
Result 1 1.0 1000 -2027443215
Result 1 1.0 1000 -694087959
Result 1 1.0 1000 -1666109418
Result 1 1.0 1000 373572025
Result 1 1.0 1000 1016031123
Result 1 1.0 1000 1138902902
Result 1 1.0 1000 413332373
Result 1 1.0 1000 -160265585
Result 1 1.0 1000 1740291609
Result 1 1.0 1000 -237676100
Result 1 1.0 1000 -1704850569
Result 1 1.0 1000 345577688
Result 1 1.0 1000 101198252
Result 1 1.0 1000 -683564831
Result 1 1.0 1000 1675406476
Result 1 1.0 1000 1205519202
Result 1 1.0 1000 593679219
Result 1 10.0 1000 309587801
Result 1 10.0 1000 -1144017896
Result 1 1.0 1000 -1990411005
Result 1 1.0 1000 248591349
Result 1 1.0 1000 884664915
Result 1 20.0 1000 539203239
Result 1 1.0 1000 -1631254223
Result 1 10.0 1000 -936906636
Result 1 1.0 1000 517749614
Result 1 1.0 1000 1904155080
Result 1 5.0 1000 1835620101
Result 1 1.0 1000 410655488
Result 1 1.0 1000 -357583573
Result 1 10.0 1000 330145870
