Result 1 1.0 14 -1046152897
Result 1 1.0 51 1313460020
Result 0 0.0 1500 805284836
Result 1 1.0 55 -1786349057
Result 1 1.0 73 22582511
Result 1 1.0 54 1527242677
Result 1 1.0 153 665788712
Result 1 1.0 64 1429495352
Result 1 1.0 275 -806065451
Result 1 1.0 195 946103334
Result 1 1.0 1435 1430252182
Result 1 1.0 24 -1460303691
Result 1 1.0 51 -942007989
Result 1 1.0 69 -749015418
Result 1 1.0 120 -1067408590
Result 1 1.0 41 -226812779
Result 1 1.0 143 816072829
Result 1 1.0 157 1707630495
Result 1 1.0 45 319003516
Result 1 1.0 28 -1988126972
Result 0 0.0 1500 -604515546
Result 1 1.0 507 1233095796
Result 1 1.0 372 828649174
Result 1 1.0 291 1165188924
Result 0 0.0 1500 -929922481
Result 1 1.0 571 1289329000
Result 1 1.0 200 -599419302
Result 1 1.0 608 368641698
Result 0 0.0 1159 365682157
Result 0 0.0 1500 1483212087
Result 1 1.0 400 987534353
Result 1 1.0 144 -64840780
Result 1 1.0 1361 74666720
Result 1 1.0 189 2115254984
Result 1 1.0 188 248586873
Result 1 1.0 1160 -1331516134
Result 1 1.0 587 753621621
Result 1 1.0 1265 924256877
Result 1 1.0 234 -1360573690
Result 1 1.0 206 -1926616750
Result 1 1.0 1370 1365239268
Result 0 0.0 1500 125897187
Result 1 1.0 740 49646059
Result 1 1.0 277 321899434
Result 1 1.0 147 1892002495
Result 1 1.0 268 -1599251448
Result 1 1.0 169 -1246181197
Result 0 0.0 1500 -922877887
Result 1 1.0 471 1627117141
Result 1 1.0 1066 -1798536958
Result 1 1.0 756 919251032
Result 1 1.0 453 283339504
Result 1 1.0 257 1053721001
Result 1 1.0 1489 -177381873
Result 1 1.0 492 -1783443613
Result 1 1.0 211 677367232
Result 1 1.0 617 1628981571
Result 1 1.0 917 181002172
Result 1 1.0 771 -1601495160
Result 1 1.0 383 1649111523
Result 1 1.0 1344 1994432692
Result 0 0.0 1500 -1092035986
Result 0 0.0 1500 527934402
Result 1 1.0 1372 -1253183979
Result 1 1.0 911 1078344893
Result 1 1.0 1027 -790601905
Result 1 1.0 1376 802729190
Result 0 0.0 1500 991641872
Result 1 1.0 1197 -474090340
Result 0 0.0 1500 615107668
Result 0 0.0 1500 -803011265
Result 0 0.0 1500 -1782995976
Result 0 0.0 1500 1442069715
Result 0 0.0 1500 -1208985393
Result 1 1.0 973 -1787641372
Result 0 0.0 1500 1303398243
Result 0 0.0 1500 -1444253790
Result 0 0.0 1500 1927959980
Result 0 0.0 1500 291370869
Result 0 0.0 1500 1068387312
Result 0 0.0 1500 280692178
Result 0 0.0 1500 -1902291958
Result 0 0.0 1500 2141644498
Result 0 0.0 1500 1394073905
Result 0 0.0 1500 -117116432
Result 0 0.0 1500 -256168116
Result 1 1.0 318 -1375981248
Result 0 0.0 1500 -1527783014
Result 1 1.0 1018 -532833048
Result 0 0.0 1500 -26544588
Result 0 0.0 1500 229445430
Result 0 0.0 1500 -185697137
Result 1 1.0 412 -1514123160
Result 1 1.0 95 705391732
Result 0 0.0 193 332996320
Result 0 0.0 1500 950678053
Result 0 0.0 1500 1441271101
Result 0 0.0 1500 -1037499270
Result 1 1.0 88 61620173
Result 1 1.0 780 -1213936670
