Result 1 13.0 1141 -1062645083
Result 1 15.0 1040 -1772361259
Result 1 10.0 1003 -750413888
Result 1 14.0 1091 1153598877
Result 1 15.0 1215 536925728
Result 1 8.0 854 -1536654961
Result 1 6.0 1705 414057261
Result 1 17.0 1359 -1394001654
Result 1 18.0 1180 1646645574
Result 1 15.0 891 1163354188
Result 1 18.0 869 -1988090918
Result 1 15.0 1560 1193364006
Result 1 13.0 1131 -529913966
Result 1 10.0 1470 374570687
Result 1 12.0 1248 -1152481421
Result 1 7.0 1299 -968237440
Result 1 13.0 1085 -566257356
Result 1 12.0 1223 -1297338904
Result 1 9.0 1458 1136112436
Result 1 17.0 1077 159591786
Result 1 9.0 1807 -16828419
Result 1 14.0 1549 -1564539257
Result 1 8.0 1449 -1665394703
Result 0 5.0 2000 131442256
Result 1 3.0 1550 1728617815
Result 1 12.0 1532 1826762145
Result 1 10.0 1089 1724432583
Result 0 -6.0 1047 166225193
Result 0 9.0 2000 -1186918665
Result 1 4.0 1521 938011887
Result 0 5.0 2000 80843934
Result 1 3.0 1729 1048884910
Result 1 3.0 1877 421069322
Result 1 16.0 1211 -158201585
Result 0 2.0 2000 77833492
Result 0 -4.0 1039 1228137560
Result 1 16.0 1249 -1302710712
Result 1 16.0 1413 1516578501
Result 0 -10.0 937 769035321
Result 1 12.0 1289 2105522703
Result 0 4.0 2000 1689576111
Result 1 3.0 1856 -384338578
Result 0 -6.0 1182 -1991387078
Result 1 9.0 1316 -323434796
Result 0 11.0 2000 -438044709
Result 0 7.0 2000 1734199536
Result 1 12.0 1269 -1141350415
Result 1 17.0 1421 2041453291
Result 1 15.0 1499 -1430252754
Result 0 0.0 1843 1588420143
Result 1 15.0 1692 -1149258138
Result 1 15.0 975 -1268080644
Result 1 9.0 1554 -170240518
Result 1 18.0 1384 1223871968
Result 1 9.0 1546 -770251452
Result 0 6.0 2000 318367356
Result 1 11.0 1761 -1325303669
Result 1 7.0 1472 -512351418
Result 1 7.0 1882 -1060159209
Result 1 5.0 1985 1221892650
Result 1 16.0 1076 -1178752278
Result 1 14.0 1237 -1340711160
Result 1 15.0 1132 1705871673
Result 1 18.0 965 1676819952
Result 1 15.0 971 -798694636
Result 1 19.0 1035 -1425072925
Result 1 14.0 1057 1630371967
Result 1 15.0 1180 1806172206
Result 1 18.0 987 -1581115218
Result 1 16.0 972 -1378806355
Result 1 17.0 1396 592625139
Result 1 15.0 1376 -574639375
Result 1 19.0 1318 -2103853813
Result 1 20.0 997 320381882
Result 1 17.0 1681 1963222070
Result 1 15.0 1185 664211424
Result 1 15.0 1278 -1169025439
Result 1 18.0 1081 -906635146
Result 1 8.0 1309 1371944475
Result 1 11.0 1127 -557376541
Result 1 16.0 1121 1934004322
Result 1 10.0 1325 689019267
Result 1 16.0 916 -1945215962
Result 1 17.0 835 1698594396
Result 1 16.0 1179 1731331038
Result 1 12.0 971 -1656095034
Result 1 13.0 1231 1586766477
Result 1 19.0 789 -2037635917
Result 1 15.0 1413 -445242478
Result 1 18.0 1429 -1431834544
Result 1 17.0 1061 -2041591389
Result 1 18.0 1661 1936273156
Result 1 16.0 1475 768691867
Result 1 18.0 1606 -1602454526
Result 1 8.0 984 -946468257
Result 1 16.0 1155 -954366555
Result 1 19.0 1299 -464693738
Result 1 20.0 1040 1138306328
Result 1 20.0 867 2132843663
Result 1 13.0 1413 62498691
