Result 1 5.0 1255 601636140
Result 1 5.0 1474 201059655
Result 0 4.0 2000 280241112
Result 1 5.0 878 986949001
Result 0 3.0 513 -379713748
Result 0 4.0 2000 1646917915
Result 1 5.0 1670 85190453
Result 0 3.0 1441 -1886406812
Result 0 3.0 839 -2047349151
Result 0 3.0 1694 -173728793
Result 1 5.0 1311 -2088947161
Result 0 3.0 1118 -1637183379
Result 0 1.0 439 -1374965274
Result 1 5.0 1567 1541052011
Result 1 5.0 1270 -1746673867
Result 0 1.0 168 -1372526921
Result 0 3.0 1071 132824245
Result 0 4.0 1626 -369585282
Result 0 2.0 99 543552753
Result 1 6.0 845 255803608
Result 0 3.0 753 -1350432773
Result 0 0.0 2000 229689030
Result 0 2.0 1070 1675238680
Result 0 0.0 2000 1514167704
Result 0 3.0 1044 997804555
Result 0 0.0 2000 1732903476
Result 0 1.0 234 -1793530083
Result 0 4.0 2000 984815435
Result 0 0.0 532 -1948516117
Result 0 0.0 429 251764130
Result 0 6.0 2000 -1553110385
Result 0 2.0 717 1171892457
Result 0 4.0 1842 -1406377635
Result 0 0.0 2000 186772160
Result 0 3.0 684 1819389716
Result 0 0.0 2000 -532419460
Result 0 5.0 2000 -130518327
Result 0 3.0 593 1325043662
Result 0 1.0 2000 -945787726
Result 0 5.0 2000 -2081258539
Result 0 5.0 659 1329734316
Result 0 8.0 407 -1266543593
Result 0 1.0 211 -303366538
Result 0 6.0 1274 -1837996157
Result 0 5.0 662 1932671814
Result 0 5.0 589 1900669170
Result 0 3.0 997 -1755637934
Result 0 3.0 300 -944251611
Result 0 0.0 288 -2117758436
Result 0 9.0 2000 832509785
Result 0 10.0 2000 -1714927274
Result 0 3.0 412 -1961582528
Result 0 9.0 1459 -1325782232
Result 0 10.0 743 4670694
Result 0 4.0 306 -1817052154
Result 0 4.0 2000 -1766886923
Result 0 5.0 2000 1196558430
Result 0 2.0 469 384850208
Result 0 9.0 2000 1413199895
Result 0 8.0 1297 -1471760850
Result 0 2.0 2000 -209381926
Result 0 0.0 2000 1689462107
Result 0 3.0 1300 1508573605
Result 1 5.0 639 689183311
Result 0 4.0 1266 749788469
Result 0 2.0 2000 931210956
Result 0 2.0 1979 -20033591
Result 0 1.0 1090 -575482367
Result 0 2.0 559 1067006054
Result 0 1.0 2000 1317414145
Result 0 2.0 885 -1165109001
Result 0 1.0 283 -844974641
Result 0 3.0 2000 -919500937
Result 0 2.0 2000 1426897173
Result 0 3.0 2000 -1834643222
Result 0 2.0 626 1471820010
Result 0 2.0 754 838759924
Result 0 4.0 794 -1072359930
Result 0 2.0 1247 -422335006
Result 0 5.0 1508 -1576739661
Result 0 4.0 2000 665403430
Result 0 2.0 219 -61566889
Result 0 6.0 501 -477293622
Result 0 5.0 318 -1682567993
Result 0 6.0 526 -1062442221
Result 0 5.0 866 388373683
Result 0 4.0 285 913932313
Result 0 5.0 369 -984302397
Result 0 5.0 2000 1401949314
Result 0 2.0 1426 -121252915
Result 0 2.0 2000 -399814686
Result 1 10.0 488 1596165810
Result 0 8.0 354 323137899
Result 0 3.0 1219 -424503587
Result 0 3.0 665 1076407920
Result 0 3.0 518 -725945292
Result 0 9.0 2000 -1513193719
Result 0 4.0 643 -554232529
Result 0 1.0 230 -1831870921
Result 0 6.0 326 493928689
