Result 0 -1.0 2000 -714883233
Result 0 -2.0 2000 52026038
Result 0 -1.0 2000 -1703329158
Result 0 -1.0 2000 -936707995
Result 0 0.0 2000 87733096
Result 0 -1.0 2000 -411915109
Result 0 -2.0 2000 -991172943
Result 0 -1.0 2000 1774010502
Result 0 -2.0 2000 -1161816707
Result 0 -1.0 2000 -1183913072
Result 0 -1.0 2000 -1568760142
Result 0 -4.0 2000 1056909796
Result 0 -3.0 2000 -1851014328
Result 0 -6.0 2000 -778725446
Result 0 0.0 2000 -452421539
Result 0 -2.0 2000 -2040691166
Result 0 -3.0 2000 -1359608983
Result 0 -1.0 2000 1642013303
Result 0 -1.0 2000 858461042
Result 0 -2.0 2000 -1375790268
Result 0 -1.0 2000 -17558895
Result 0 -1.0 2000 114006029
Result 0 -1.0 2000 897107005
Result 0 0.0 2000 1010919880
Result 0 0.0 2000 1351176125
Result 0 0.0 2000 534235069
Result 0 0.0 2000 1100711214
Result 0 0.0 2000 457296941
Result 0 0.0 2000 -461244325
Result 0 -1.0 2000 -1730443745
Result 0 0.0 2000 361430144
Result 0 0.0 2000 -1612843752
Result 0 -1.0 2000 -1882912411
Result 0 -2.0 2000 -481020001
Result 0 -1.0 2000 -1460683516
Result 0 -1.0 2000 1816833640
Result 0 -2.0 2000 785168663
Result 0 -1.0 2000 2104710898
Result 0 0.0 2000 -467463986
Result 0 -2.0 2000 -1535336015
Result 0 -2.0 2000 -880483030
Result 0 0.0 2000 -1224998781
Result 0 0.0 2000 20828059
Result 0 0.0 2000 -1665485816
Result 0 0.0 2000 395555470
Result 0 0.0 2000 -541377382
Result 0 -1.0 2000 -1568855804
Result 0 -1.0 2000 1751744917
Result 0 -1.0 2000 -1564059964
Result 0 -1.0 2000 207707512
Result 0 -1.0 2000 762770368
Result 0 -1.0 2000 -1094774231
Result 0 -1.0 2000 973487190
Result 0 0.0 2000 -1118409327
Result 0 0.0 2000 1198769340
Result 0 -1.0 2000 1252083257
Result 0 0.0 2000 235722244
Result 0 -1.0 2000 -1371476221
Result 0 -1.0 2000 1931724319
Result 0 -2.0 2000 -138920525
Result 0 0.0 2000 1634681097
Result 0 -1.0 2000 903849483
Result 0 -1.0 2000 67878037
Result 0 -2.0 2000 -451865300
Result 0 0.0 2000 -1993129223
Result 0 -1.0 2000 -1824051440
Result 0 0.0 2000 1773612206
Result 0 0.0 2000 -1319879338
Result 0 0.0 2000 748843433
Result 0 -1.0 2000 -337572322
Result 0 0.0 2000 -905217685
Result 0 -1.0 2000 -856659430
Result 0 -1.0 2000 -1495796302
Result 0 0.0 2000 -1744143941
Result 0 -1.0 2000 1645526114
Result 0 -2.0 2000 -1456986141
Result 0 -1.0 2000 429350660
Result 0 0.0 2000 251925802
Result 0 0.0 2000 -1897215292
Result 0 -1.0 2000 325968608
Result 0 -1.0 2000 640638235
Result 0 0.0 2000 -786187009
Result 0 0.0 2000 -2102340377
Result 0 0.0 2000 -1941137860
Result 0 0.0 2000 -542978917
Result 0 -2.0 2000 -521291403
Result 0 -1.0 2000 1864805579
Result 0 0.0 2000 -223892304
Result 0 0.0 2000 -123923821
Result 0 0.0 2000 234872392
Result 0 0.0 2000 494982823
Result 0 0.0 2000 9573792001
Result 0 -2.0 2000 -838202022
Result 0 -2.0 2000 1823743902
Result 0 0.0 2000 59329230923
Result 0 0.0 2000 733292034
Result 0 0.0 2000 -720238942
Result 0 0.0 2000 -64934892920
Result 0 -1.0 2000 -5029238327
Result 0 0.0 2000 -362920304
