Result 1 17.0 505 -606463077
Result 1 26.0 344 -2106792762
Result 1 20.0 755 146858588
Result 1 24.0 1745 -739952244
Result 1 34.0 764 858124741
Result 1 28.0 575 -1298559406
Result 1 10.0 1138 -243717531
Result 1 20.0 558 1703602086
Result 1 30.0 409 -1354488630
Result 1 15.0 918 -1168975918
Result 1 33.0 773 -1688435070
Result 1 31.0 862 514786201
Result 1 30.0 433 1653353731
Result 1 20.0 732 -2100664078
Result 1 29.0 390 1474881457
Result 1 6.0 858 647180123
Result 1 24.0 259 -1752453414
Result 1 21.0 179 768953777
Result 1 20.0 504 -1990205643
Result 1 33.0 723 -701895133
Result 1 12.0 671 -252271934
Result 1 12.0 658 1910263213
Result 1 26.0 686 1884536999
Result 1 22.0 722 1467369951
Result 1 20.0 1130 626476865
Result 1 22.0 1101 1376307718
Result 1 21.0 259 1460250280
Result 1 15.0 482 917422702
Result 1 24.0 1147 -1455550491
Result 1 8.0 249 482994431
Result 1 12.0 640 -1967979661
Result 1 14.0 877 -1065888781
Result 1 13.0 463 -1295097845
Result 1 12.0 499 -2006518743
Result 1 12.0 640 1819629318
Result 1 12.0 712 1905071865
Result 1 8.0 502 -1521874720
Result 1 12.0 575 506553025
Result 1 18.0 537 777673550
Result 1 8.0 732 1799913316
Result 1 40.0 768 -696745092
Result 1 16.0 348 739342421
Result 1 33.0 655 -660707057
Result 1 15.0 258 -780132097
Result 1 22.0 648 1423938034
Result 1 24.0 249 240491399
Result 1 18.0 1351 651466477
Result 1 27.0 492 36959939
Result 1 44.0 1043 1796873601
Result 1 24.0 843 1084630536
Result 1 26.0 663 -2004630940
Result 1 24.0 1735 -1102005107
Result 1 30.0 1249 1032134559
Result 1 41.0 1159 -747728828
Result 1 42.0 685 1304199743
Result 1 45.0 484 1132504034
Result 1 32.0 523 -763829684
Result 1 28.0 624 1113691782
Result 1 20.0 812 599443755
Result 1 33.0 937 -1851479504
Result 1 6.0 472 1241870707
Result 1 8.0 131 516256814
Result 1 9.0 392 -260946649
Result 1 10.0 199 291695691
Result 1 11.0 602 926714013
Result 1 2.0 48 -405835277
Result 1 16.0 828 -845184324
Result 1 14.0 87 -296305373
Result 1 12.0 189 -1517746747
Result 1 7.0 156 1013573496
Result 1 11.0 791 1703134093
Result 1 8.0 388 -1576334010
Result 1 4.0 132 992168340
Result 1 10.0 169 621097595
Result 1 12.0 345 -1063115527
Result 1 8.0 134 -941133743
Result 1 8.0 233 -231663210
Result 1 10.0 281 -1517935370
Result 1 6.0 187 -793127732
Result 1 8.0 389 589716950
Result 1 6.0 731 -1863183589
Result 1 7.0 407 341615133
Result 1 12.0 327 -770501933
Result 1 6.0 333 735005723
Result 1 2.0 202 793781624
Result 1 5.0 261 1054765783
Result 1 7.0 590 472443604
Result 1 4.0 153 543759682
Result 1 13.0 906 16915534
Result 1 10.0 501 -613347755
Result 1 12.0 935 -1763881519
Result 1 5.0 435 1503436651
Result 1 8.0 221 -702068497
Result 1 11.0 597 -1832254959
Result 1 6.0 203 -1359039515
Result 1 12.0 169 -1325151658
Result 1 8.0 403 987687436
Result 1 6.0 582 2023138379
Result 1 9.0 245 1089620564
Result 1 11.0 851 186840740
