Evo 29.40 1.39 1000000.34 160460.32 1.65 63831.10 191490.51 239004.30 31382.80 0.10 0.15 0.19 -1 -1
Result 1 2.0 57 0.51 0.24 0.09 0.19 0.21 0.28 -1 -1 -1 -1 -1
Evo 17.55 1.65 999999.82 236241.54 80001.42 155173.60 250001.11 253499.69 35154.08 0.11 0.15 0.18 -1 -1
Result 1 2.0 51 0.51 0.25 0.12 0.17 0.19 0.27 -1 -1 -1 -1 -1
Evo 18.22 1.31 999999.82 185381.70 50001.37 113208.78 208334.43 225334.88 23366.14 0.07 0.15 0.19 -1 -1
Result 1 2.0 92 0.44 0.17 0.13 0.25 0.28 0.17 -1 -1 -1 -1 -1
Evo 23.50 1.35 999999.66 246640.14 46513.02 120690.92 333334.25 283766.89 40538.13 0.11 0.15 0.19 -1 -1
Result 1 2.0 48 0.50 0.24 0.14 0.14 0.22 0.24 -1 -1 -1 -1 -1
Evo 24.88 1.46 999999.61 283750.67 20001.38 172414.94 265307.16 331569.38 63810.56 0.18 0.15 0.18 -1 -1
Result 1 2.0 26 0.53 0.11 0.19 0.19 0.19 0.33 -1 -1 -1 -1 -1
Evo 34.52 1.24 1000000.31 140602.07 1.65 36365.00 111112.46 266106.69 33263.34 0.09 0.15 0.19 -1 -1
Result 1 2.0 63 0.51 0.19 0.16 0.20 0.17 0.28 -1 -1 -1 -1 -1
Evo 20.74 1.48 999999.74 307735.12 45455.91 140352.08 350001.17 350567.37 53461.02 0.13 0.15 0.18 -1 -1
Result 1 2.0 42 0.52 0.19 0.07 0.21 0.23 0.30 -1 -1 -1 -1 -1
Evo 23.00 1.26 1000000.56 228074.45 41668.15 129630.93 262296.27 275060.63 37431.01 0.11 0.15 0.18 -1 -1
Result 1 2.0 53 0.48 0.11 0.11 0.26 0.22 0.30 -1 -1 -1 -1 -1
Evo 30.03 1.38 999999.81 218266.99 1.64 41668.04 274194.53 333333.18 54799.64 0.14 0.15 0.21 -1 -1
Result 1 2.0 36 0.50 0.19 0.24 0.11 0.22 0.24 -1 -1 -1 -1 -1
Evo 18.69 1.35 999999.87 284482.36 42554.55 136365.00 449276.12 322464.64 41981.32 0.10 0.15 0.22 -1 -1
Result 1 2.0 58 0.48 0.17 0.14 0.24 0.24 0.22 -1 -1 -1 -1 -1
Evo 15.93 1.16 999999.89 223201.96 61225.81 170214.07 317461.43 220303.15 18753.45 0.05 0.15 0.19 -1 -1
Result 1 2.0 137 0.51 0.13 0.20 0.21 0.20 0.26 -1 -1 -1 -1 -1
Evo 28.12 1.34 999999.62 184493.52 20834.70 62501.31 222223.36 276843.64 36351.35 0.10 0.15 0.19 -1 -1
Result 1 2.0 57 0.49 0.19 0.16 0.19 0.22 0.24 -1 -1 -1 -1 -1
Evo 27.13 1.40 1000000.12 226577.53 20834.72 87720.60 250001.04 305723.58 44127.40 0.12 0.15 0.19 -1 -1
Result 1 2.0 47 0.49 0.21 0.15 0.13 0.23 0.29 -1 -1 -1 -1 -1
Evo 32.03 1.30 1000000.27 288262.68 1.64 50001.44 538462.58 371109.06 61009.95 0.14 0.15 0.26 -1 -1
Result 1 2.0 36 0.53 0.11 0.11 0.16 0.22 0.41 -1 -1 -1 -1 -1
Evo 16.92 1.21 999999.87 282778.13 22223.62 200001.21 384616.46 309805.10 50257.02 0.14 0.16 0.21 -1 -1
Result 1 2.0 37 0.45 0.18 0.16 0.18 0.18 0.29 -1 -1 -1 -1 -1
Evo 27.40 1.43 999999.76 165872.11 19609.22 62501.51 200001.25 239871.11 32054.13 0.10 0.15 0.19 -1 -1
Result 1 2.0 55 0.48 0.18 0.11 0.27 0.23 0.21 -1 -1 -1 -1 -1
Evo 20.04 1.15 999999.83 275151.65 44445.83 125001.37 453334.34 318866.24 59211.97 0.17 0.15 0.19 -1 -1
Result 1 2.0 28 0.53 0.07 0.10 0.17 0.31 0.34 -1 -1 -1 -1 -1
Evo 14.45 1.65 1000000.02 409758.14 93751.41 383334.14 772059.22 353443.78 56596.30 0.14 0.15 0.19 -1 -1
Result 1 2.0 38 0.49 0.15 0.18 0.13 0.23 0.31 -1 -1 -1 -1 -1
Evo 22.98 1.31 1000000.31 271645.11 21740.50 93751.41 440678.86 323775.83 48265.65 0.12 0.15 0.20 -1 -1
Result 1 2.0 44 0.44 0.20 0.16 0.20 0.18 0.27 -1 -1 -1 -1 -1
Evo 20.78 1.38 1000000.40 280300.03 37038.36 129630.94 317461.28 335248.17 49429.65 0.12 0.15 0.19 -1 -1
Result 1 2.0 45 0.51 0.15 0.20 0.22 0.17 0.26 -1 -1 -1 -1 -1
Evo 48.88 1.39 1000000.14 89282.39 1.65 1.65 1.67 234566.81 21685.71 0.06 0.09 0.10 -1 -1
Result 1 2.0 116 0.48 0.16 0.15 0.18 0.21 0.29 -1 -1 -1 -1 -1
Evo 45.69 1.57 999999.64 115772.15 1.65 1.65 58825.08 250120.23 22644.82 0.06 0.09 0.11 -1 -1
Result 1 2.0 121 0.48 0.20 0.17 0.16 0.25 0.21 -1 -1 -1 -1 -1
Evo 41.55 1.45 1000000.55 195802.73 1.65 1.67 200001.22 330337.93 39482.93 0.09 0.09 0.11 -1 -1
Result 1 2.0 69 0.53 0.17 0.16 0.10 0.23 0.34 -1 -1 -1 -1 -1
Evo 53.25 1.42 999999.98 39075.81 1.65 1.65 1.67 163545.44 11127.86 0.04 0.09 0.11 -1 -1
Result 1 2.0 215 0.47 0.17 0.23 0.15 0.21 0.24 -1 -1 -1 -1 -1
Evo 41.40 1.47 999999.98 127404.06 1.65 1.67 212767.23 231423.34 20782.43 0.06 0.09 0.11 -1 -1
Result 1 2.0 123 0.51 0.22 0.19 0.15 0.18 0.27 -1 -1 -1 -1 -1
Evo 53.80 1.44 999999.67 48910.29 1.65 1.65 1.67 184150.31 14839.25 0.05 0.09 0.10 -1 -1
Result 1 2.0 153 0.49 0.19 0.17 0.19 0.22 0.23 -1 -1 -1 -1 -1
Evo 51.36 1.45 999999.67 73298.43 1.65 1.65 1.67 207966.09 19563.80 0.06 0.09 0.11 -1 -1
Result 1 2.0 112 0.45 0.20 0.22 0.13 0.19 0.26 -1 -1 -1 -1 -1
Evo 56.34 1.44 1000000.52 17347.07 1.65 1.65 1.67 102921.33 3961.44 0.01 0.09 0.11 -1 -1
Result 1 2.0 674 0.45 0.20 0.23 0.19 0.20 0.19 -1 -1 -1 -1 -1
Evo 45.77 1.39 999999.61 76580.85 1.65 1.65 68966.92 180759.31 11971.08 0.03 0.09 0.10 -1 -1
Result 1 2.0 227 0.48 0.19 0.22 0.18 0.19 0.21 -1 -1 -1 -1 -1
Evo 42.94 1.44 1000000.05 123487.32 1.65 1.65 66668.18 258763.17 27428.84 0.07 0.09 0.10 -1 -1
Result 1 2.0 88 0.46 0.19 0.10 0.18 0.19 0.34 -1 -1 -1 -1 -1
Evo 54.80 1.43 999999.94 32059.01 1.65 1.65 1.67 142209.13 8322.16 0.03 0.09 0.11 -1 -1
Result 1 2.0 291 0.51 0.18 0.15 0.23 0.17 0.27 -1 -1 -1 -1 -1
Evo 43.60 1.48 999999.59 91944.24 1.65 1.67 61225.82 222138.85 19789.70 0.06 0.09 0.11 -1 -1
Result 1 2.0 125 0.48 0.24 0.13 0.15 0.21 0.26 -1 -1 -1 -1 -1
Evo 53.96 1.53 999999.84 40143.98 1.65 1.65 1.67 164323.56 9837.79 0.03 0.09 0.11 -1 -1
Result 1 2.0 278 0.47 0.21 0.19 0.19 0.20 0.21 -1 -1 -1 -1 -1
Evo 49.98 1.48 1000000.36 44089.76 1.65 1.65 1.67 147182.86 9422.42 0.03 0.09 0.11 -1 -1
Result 1 2.0 243 0.48 0.19 0.20 0.20 0.22 0.20 -1 -1 -1 -1 -1
Evo 43.73 1.49 999999.60 84876.46 1.65 1.65 62501.53 200307.79 16929.10 0.05 0.09 0.11 -1 -1
Result 1 2.0 139 0.46 0.18 0.16 0.18 0.19 0.29 -1 -1 -1 -1 -1
Evo 33.37 1.36 1000000.56 130778.40 1.65 35715.64 113208.86 242589.14 29204.30 0.09 0.09 0.11 -1 -1
Result 1 2.0 68 0.47 0.17 0.17 0.12 0.20 0.33 -1 -1 -1 -1 -1
Evo 48.19 1.40 999999.67 68943.00 1.65 1.65 1.67 198285.22 16083.05 0.05 0.09 0.10 -1 -1
Result 1 2.0 151 0.46 0.19 0.21 0.13 0.19 0.28 -1 -1 -1 -1 -1
Evo 48.73 1.48 999999.98 70169.39 1.65 1.65 1.67 207908.57 14415.87 0.04 0.09 0.11 -1 -1
Result 1 2.0 207 0.47 0.23 0.19 0.17 0.20 0.21 -1 -1 -1 -1 -1
Evo 53.44 1.47 999999.78 38095.82 1.65 1.65 1.67 150799.28 8735.57 0.03 0.09 0.11 -1 -1
Result 1 2.0 297 0.43 0.19 0.21 0.20 0.22 0.17 -1 -1 -1 -1 -1
Evo 44.71 1.48 999999.83 81138.66 1.65 1.65 43479.75 213670.15 17330.94 0.05 0.09 0.11 -1 -1
Result 1 2.0 151 0.49 0.19 0.15 0.23 0.19 0.24 -1 -1 -1 -1 -1
Evo 41.70 1.25 1000000.17 122931.07 1.65 1.67 152543.53 234077.09 18986.16 0.05 0.07 0.08 -1 -1
Result 1 2.0 151 0.50 0.16 0.23 0.18 0.18 0.25 -1 -1 -1 -1 -1
Evo 56.96 1.19 1000000.27 14363.31 1.65 1.65 1.65 94289.90 3872.02 0.02 0.07 0.08 -1 -1
Result 1 2.0 592 0.46 0.18 0.22 0.21 0.20 0.19 -1 -1 -1 -1 -1
Evo 53.17 1.31 999999.89 46742.01 1.65 1.65 1.67 182740.59 12405.24 0.04 0.07 0.08 -1 -1
Result 1 2.0 216 0.50 0.18 0.21 0.17 0.18 0.26 -1 -1 -1 -1 -1
Evo 48.83 1.34 1000000.16 57198.62 1.65 1.65 1.67 169864.02 12660.92 0.04 0.07 0.08 -1 -1
Result 1 2.0 179 0.50 0.23 0.16 0.16 0.21 0.24 -1 -1 -1 -1 -1
Evo 50.02 1.28 1000000.08 65340.82 1.65 1.65 1.67 211740.09 16145.03 0.04 0.07 0.08 -1 -1
Result 1 2.0 171 0.49 0.23 0.17 0.16 0.21 0.23 -1 -1 -1 -1 -1
Evo 52.23 1.36 1000000.25 33781.00 1.65 1.65 1.67 139976.48 8731.49 0.03 0.07 0.08 -1 -1
Result 1 2.0 256 0.47 0.20 0.18 0.21 0.20 0.21 -1 -1 -1 -1 -1
Evo 56.07 1.31 999999.70 25075.37 1.65 1.65 1.67 133601.03 7739.30 0.03 0.07 0.08 -1 -1
Result 1 2.0 297 0.49 0.15 0.22 0.21 0.19 0.23 -1 -1 -1 -1 -1
Evo 53.99 1.31 1000000.40 26027.72 1.65 1.65 1.67 118627.12 5617.16 0.02 0.07 0.08 -1 -1
Result 1 2.0 445 0.48 0.19 0.23 0.20 0.15 0.22 -1 -1 -1 -1 -1
Evo 52.06 1.26 1000000.50 38562.99 1.65 1.65 1.67 159034.04 10463.67 0.03 0.07 0.08 -1 -1
Result 1 2.0 230 0.50 0.14 0.19 0.23 0.19 0.25 -1 -1 -1 -1 -1
Evo 51.44 1.32 1000000.07 40399.84 1.65 1.65 1.67 147790.19 8678.54 0.03 0.07 0.08 -1 -1
Result 1 2.0 289 0.49 0.19 0.20 0.20 0.17 0.23 -1 -1 -1 -1 -1
Evo 44.33 1.28 999999.83 93873.33 1.65 1.65 40001.47 219849.62 18851.95 0.05 0.07 0.08 -1 -1
Result 1 2.0 135 0.51 0.22 0.13 0.17 0.22 0.26 -1 -1 -1 -1 -1
Evo 54.49 1.35 1000000.26 25762.34 1.65 1.65 1.65 125554.28 6608.12 0.02 0.07 0.08 -1 -1
Result 1 2.0 360 0.48 0.17 0.20 0.18 0.22 0.22 -1 -1 -1 -1 -1
Evo 47.14 1.44 999999.76 112554.41 1.65 1.65 35715.74 262909.89 21611.06 0.05 0.07 0.08 -1 -1
Result 1 2.0 147 0.48 0.19 0.18 0.15 0.26 0.22 -1 -1 -1 -1 -1
Evo 55.76 1.27 1000000.07 24820.56 1.65 1.65 1.67 124622.86 6902.22 0.03 0.07 0.08 -1 -1
Result 1 2.0 325 0.50 0.22 0.17 0.18 0.18 0.24 -1 -1 -1 -1 -1
Evo 52.10 1.31 1000000.53 46368.38 1.65 1.65 1.67 175261.04 10996.86 0.03 0.07 0.08 -1 -1
Result 1 2.0 253 0.45 0.21 0.18 0.19 0.24 0.19 -1 -1 -1 -1 -1
Evo 47.16 1.35 1000000.22 58836.66 1.65 1.65 20001.38 165996.91 9308.64 0.03 0.07 0.08 -1 -1
Result 1 2.0 317 0.50 0.21 0.14 0.20 0.19 0.26 -1 -1 -1 -1 -1
Evo 51.77 1.40 1000000.47 54302.13 1.65 1.65 1.67 190427.30 11087.11 0.03 0.07 0.08 -1 -1
Result 1 2.0 294 0.49 0.18 0.18 0.19 0.21 0.24 -1 -1 -1 -1 -1
Evo 37.86 1.33 999999.70 105374.67 1.65 1.67 111112.40 217570.64 17419.59 0.05 0.07 0.08 -1 -1
Result 1 2.0 155 0.49 0.20 0.17 0.15 0.25 0.24 -1 -1 -1 -1 -1
Evo 56.21 1.35 1000000.28 19749.58 1.65 1.65 1.65 116660.98 5530.26 0.02 0.07 0.08 -1 -1
Result 1 2.0 444 0.48 0.21 0.20 0.20 0.17 0.22 -1 -1 -1 -1 -1
Evo 44.55 1.35 1000000.37 55199.55 1.65 1.65 50001.48 150189.56 10782.98 0.04 0.07 0.08 -1 -1
Result 1 2.0 193 0.49 0.24 0.17 0.14 0.21 0.24 -1 -1 -1 -1 -1
Evo 62.62 -1000000.18 4.67 -26074.29 4.65 4.65 4.65 156803.91 3505.37 0.01 0.21 0.24 -1 -1
Result 0 4.0 2000 0.46 0.19 0.22 0.18 0.20 0.22 -1 -1 -1 -1 -1
Evo 61.78 -1000000.22 4.67 -28500.23 4.64 4.65 4.65 157568.38 3522.46 0.01 0.21 0.24 -1 -1
Result 0 4.0 2000 0.46 0.20 0.19 0.20 0.19 0.22 -1 -1 -1 -1 -1
Evo 61.81 -1000000.01 4.67 -28304.80 4.64 4.65 4.65 157495.31 3520.82 0.01 0.21 0.24 -1 -1
Result 0 4.0 2000 0.46 0.20 0.20 0.18 0.19 0.22 -1 -1 -1 -1 -1
Evo 61.23 -1000000.18 4.67 -28268.97 4.65 4.65 4.65 157765.00 3526.85 0.01 0.21 0.24 -1 -1
Result 0 4.0 2000 0.47 0.20 0.20 0.18 0.21 0.21 -1 -1 -1 -1 -1
Evo 61.93 -1000000.12 4.67 -26969.15 4.65 4.65 4.65 156985.30 3509.42 0.01 0.21 0.23 -1 -1
Result 0 4.0 2000 0.48 0.20 0.21 0.17 0.19 0.22 -1 -1 -1 -1 -1
Evo 61.79 -1000000.18 4.67 -28569.63 4.64 4.65 4.65 157502.30 3520.98 0.01 0.21 0.24 -1 -1
Result 0 4.0 2000 0.47 0.21 0.20 0.18 0.21 0.20 -1 -1 -1 -1 -1
Evo 62.07 -1000000.14 4.67 -28248.30 4.64 4.65 4.65 157848.07 3528.71 0.01 0.21 0.23 -1 -1
Result 0 4.0 2000 0.45 0.21 0.21 0.18 0.20 0.20 -1 -1 -1 -1 -1
Evo 61.58 -1000000.35 4.67 -36214.74 4.64 4.65 4.65 170929.35 3821.14 0.01 0.22 0.25 -1 -1
Result 0 4.0 2000 0.44 0.19 0.21 0.18 0.21 0.21 -1 -1 -1 -1 -1
Evo 62.63 -1000000.27 4.67 -26729.98 4.64 4.65 4.65 156771.92 3504.65 0.01 0.20 0.24 -1 -1
Result 0 4.0 2000 0.46 0.19 0.21 0.19 0.19 0.22 -1 -1 -1 -1 -1
Evo 62.95 -1000000.08 4.67 -27824.91 4.64 4.65 4.65 158744.78 3548.75 0.01 0.22 0.25 -1 -1
Result 0 4.0 2000 0.45 0.21 0.20 0.18 0.20 0.21 -1 -1 -1 -1 -1
Evo 62.06 -1000000.33 4.67 -28354.21 4.64 4.65 4.65 157977.49 3531.60 0.01 0.21 0.23 -1 -1
Result 0 4.0 2000 0.45 0.19 0.21 0.19 0.19 0.22 -1 -1 -1 -1 -1
Evo 61.70 -1000000.17 4.67 -28081.78 4.65 4.65 4.65 158499.91 3543.28 0.01 0.21 0.24 -1 -1
Result 0 4.0 2000 0.44 0.21 0.19 0.17 0.21 0.22 -1 -1 -1 -1 -1
Evo 61.97 -1000000.17 4.67 -28373.07 4.64 4.65 4.65 158106.34 3534.48 0.01 0.21 0.24 -1 -1
Result 0 4.0 2000 0.47 0.21 0.20 0.17 0.21 0.21 -1 -1 -1 -1 -1
Evo 62.64 -1000000.15 4.67 -27370.82 4.64 4.65 4.65 157687.20 3525.11 0.01 0.22 0.25 -1 -1
Result 0 4.0 2000 0.46 0.20 0.20 0.20 0.19 0.22 -1 -1 -1 -1 -1
Evo 61.94 -1000000.20 4.67 -29391.44 4.64 4.65 4.65 159059.75 3555.80 0.01 0.21 0.25 -1 -1
Result 0 4.0 2000 0.46 0.21 0.19 0.19 0.20 0.21 -1 -1 -1 -1 -1
Evo 62.63 -1000000.23 4.67 -26481.80 4.65 4.65 4.65 156979.40 3509.29 0.01 0.21 0.24 -1 -1
Result 0 4.0 2000 0.46 0.19 0.21 0.18 0.19 0.23 -1 -1 -1 -1 -1
Evo 62.29 -1000000.22 4.67 -27380.03 4.64 4.65 4.65 157684.51 3525.05 0.01 0.21 0.25 -1 -1
Result 0 4.0 2000 0.45 0.21 0.21 0.18 0.20 0.20 -1 -1 -1 -1 -1
Evo 61.96 -1000000.15 4.67 -28929.78 4.65 4.65 4.65 159316.35 3561.53 0.01 0.22 0.24 -1 -1
Result 0 4.0 2000 0.44 0.18 0.20 0.18 0.22 0.22 -1 -1 -1 -1 -1
Evo 62.97 -1000000.19 4.67 -27165.06 4.65 4.65 4.65 157350.70 3517.59 0.01 0.21 0.24 -1 -1
Result 0 4.0 2000 0.45 0.20 0.21 0.18 0.19 0.21 -1 -1 -1 -1 -1
Evo 60.84 -1000000.15 4.67 -27557.45 4.64 4.65 4.65 157706.79 3525.55 0.01 0.21 0.24 -1 -1
Result 0 4.0 2000 0.46 0.19 0.19 0.19 0.20 0.23 -1 -1 -1 -1 -1
Evo 19.66 -215684.59 1000000.11 117952.78 -35713.41 35714.72 117647.57 284736.63 36161.59 0.10 0.07 0.10 -1 -1
Result 1 1.0 61 0.53 0.15 0.13 0.34 0.26 0.13 -1 -1 -1 -1 -1
Evo 20.64 -58822.49 1000000.53 251581.48 1.05 70175.93 367647.43 339270.53 48969.48 0.12 0.06 0.09 -1 -1
Result 1 1.0 47 0.30 0.21 0.17 0.33 0.21 0.08 -1 -1 -1 -1 -1
Evo 21.62 -76921.76 999999.59 208288.77 1.13 81633.29 207547.58 308559.81 47054.93 0.13 0.06 0.08 -1 -1
Result 1 1.0 42 0.32 0.26 0.14 0.37 0.14 0.09 -1 -1 -1 -1 -1
Evo 21.28 -76921.12 1000000.55 205782.02 0.90 43479.59 173913.52 362794.84 71149.92 0.18 0.06 0.09 -1 -1
Result 1 1.0 25 0.50 0.12 0.12 0.50 0.19 0.08 -1 -1 -1 -1 -1
Evo 13.25 -152171.96 1000000.02 239771.16 1.76 136364.32 296875.52 315130.84 41740.10 0.10 0.06 0.09 -1 -1
Result 1 1.0 56 0.51 0.25 0.16 0.26 0.26 0.07 -1 -1 -1 -1 -1
Evo 26.30 -98037.66 1000000.03 222019.23 1.12 70175.98 367647.44 317760.77 51547.60 0.14 0.06 0.10 -1 -1
Result 1 1.0 37 0.22 0.24 0.21 0.37 0.13 0.05 -1 -1 -1 -1 -1
Evo 25.94 -166665.49 999999.84 138457.22 0.83 32258.76 169491.95 284954.32 41129.61 0.12 0.06 0.09 -1 -1
Result 1 1.0 47 0.30 0.27 0.17 0.33 0.15 0.08 -1 -1 -1 -1 -1
Evo 17.89 -85105.55 1000000.48 186373.90 1.44 81633.10 194445.00 281025.33 37222.71 0.10 0.06 0.09 -1 -1
Result 1 1.0 56 0.22 0.19 0.18 0.26 0.32 0.05 -1 -1 -1 -1 -1
Evo 20.30 -99998.59 1000000.20 179379.48 1.25 68182.37 277778.12 262263.21 32782.90 0.09 0.06 0.09 -1 -1
Result 1 1.0 63 0.50 0.30 0.19 0.22 0.25 0.05 -1 -1 -1 -1 -1
Evo 17.47 -68963.76 1000000.42 257909.90 18182.55 195652.63 338235.69 305781.97 40151.14 0.10 0.06 0.09 -1 -1
Result 1 1.0 57 0.45 0.21 0.22 0.29 0.19 0.09 -1 -1 -1 -1 -1
Evo 22.10 -157892.70 999999.58 204302.18 1.64 62501.39 351352.30 327990.13 42343.34 0.10 0.07 0.10 -1 -1
Result 1 2.0 59 0.52 0.17 0.20 0.30 0.17 0.17 -1 -1 -1 -1 -1
Evo 23.88 -121950.37 999999.76 189456.27 0.96 50001.39 187500.47 314605.33 36821.77 0.08 0.06 0.08 -1 -1
Result 1 1.0 72 0.51 0.04 0.16 0.34 0.26 0.19 -1 -1 -1 -1 -1
Evo 21.02 -71426.90 1000000.20 151825.47 19231.44 65218.29 148936.80 259655.14 33521.33 0.10 0.06 0.09 -1 -1
Result 1 1.0 59 0.36 0.25 0.25 0.28 0.12 0.10 -1 -1 -1 -1 -1
Evo 23.79 -135134.06 999999.81 117054.16 0.83 1.30 122807.56 262856.38 31644.19 0.09 0.07 0.09 -1 -1
Result 1 1.0 68 0.36 0.20 0.14 0.28 0.26 0.12 -1 -1 -1 -1 -1
Evo 21.28 -90907.76 999999.66 239939.36 1.16 115385.14 403226.23 292202.61 39763.74 0.11 0.06 0.09 -1 -1
Result 1 1.0 53 0.43 0.24 0.20 0.30 0.17 0.09 -1 -1 -1 -1 -1
Evo 19.08 -111109.23 999999.98 196958.79 1.03 66667.81 236364.16 314783.61 44078.52 0.11 0.07 0.10 -1 -1
Result 1 1.0 50 0.33 0.22 0.20 0.35 0.14 0.10 -1 -1 -1 -1 -1
Evo 21.54 -195650.84 999999.81 150741.45 -24999.11 31250.82 192982.86 296803.32 49467.22 0.14 0.06 0.08 -1 -1
Result 1 1.0 35 0.40 0.25 0.08 0.42 0.14 0.11 -1 -1 -1 -1 -1
Evo 17.71 -43477.07 1000000.09 250015.40 1.45 74074.98 367347.34 328062.92 50029.13 0.13 0.06 0.09 -1 -1
Result 1 1.0 42 0.27 0.30 0.16 0.35 0.12 0.07 -1 -1 -1 -1 -1
Evo 18.74 -57141.40 1000000.11 249816.25 1.05 181818.80 347826.64 309315.62 40615.13 0.10 0.06 0.09 -1 -1
Result 1 1.0 57 0.45 0.21 0.21 0.29 0.19 0.10 -1 -1 -1 -1 -1
Evo 18.61 -30302.29 1000000.45 147932.55 45455.39 83334.55 175439.14 199406.53 21628.67 0.08 0.06 0.08 -1 -1
Result 1 1.0 84 0.36 0.19 0.24 0.26 0.20 0.12 -1 -1 -1 -1 -1
