Evo 24.69 -1000000.09 66.58 -24953.40 17.96 37.61 46.99 156131.33 3490.33 0.01 0.46 0.62 -1 -1
Result 0 66.0 2000 0.48 0.19 0.20 0.22 0.23 0.16 -1 -1 -1 -1 -1
Evo 24.80 -1000000.19 64.07 -24958.83 8.49 30.20 48.04 156130.46 3490.31 0.01 0.48 0.62 -1 -1
Result 0 64.0 2000 0.48 0.22 0.19 0.23 0.22 0.15 -1 -1 -1 -1 -1
Evo 25.18 -1000000.34 76.94 -24950.75 21.12 33.35 56.49 156131.76 3490.34 0.01 0.49 0.62 -1 -1
Result 0 77.0 2000 0.49 0.21 0.20 0.23 0.21 0.15 -1 -1 -1 -1 -1
Evo 26.59 -1000000.34 69.83 -24950.10 21.67 38.94 55.28 156131.86 3490.34 0.01 0.47 0.62 -1 -1
Result 0 67.0 2000 0.49 0.21 0.19 0.24 0.20 0.17 -1 -1 -1 -1 -1
Evo 25.09 -1000000.07 62.03 -24960.47 8.24 24.49 45.24 156130.19 3490.30 0.01 0.51 0.62 -1 -1
Result 0 63.0 2000 0.48 0.23 0.18 0.22 0.22 0.16 -1 -1 -1 -1 -1
Evo 24.86 -1000000.20 89.77 -24945.07 17.51 41.07 66.71 156132.67 3490.36 0.01 0.41 0.58 -1 -1
Result 0 91.0 2000 0.49 0.20 0.21 0.23 0.22 0.14 -1 -1 -1 -1 -1
Evo 26.38 -1000000.08 83.76 -24946.36 18.85 42.94 62.64 156132.45 3490.36 0.01 0.31 0.56 -1 -1
Result 0 85.0 2000 0.50 0.20 0.20 0.25 0.20 0.14 -1 -1 -1 -1 -1
Evo 25.94 -1000000.16 73.95 -24952.83 14.48 33.60 56.66 156131.41 3490.33 0.01 0.44 0.60 -1 -1
Result 0 74.0 2000 0.50 0.20 0.19 0.24 0.21 0.16 -1 -1 -1 -1 -1
Evo 25.42 -1000000.20 89.06 -24943.49 22.43 47.07 65.62 156132.91 3490.37 0.01 0.44 0.62 -1 -1
Result 0 92.0 2000 0.49 0.22 0.23 0.23 0.20 0.13 -1 -1 -1 -1 -1
Evo 25.79 -1000000.02 83.31 -24948.80 16.95 38.82 58.77 156132.06 3490.35 0.01 0.44 0.62 -1 -1
Result 0 81.0 2000 0.48 0.20 0.22 0.21 0.23 0.14 -1 -1 -1 -1 -1
Evo 25.37 -1000000.14 84.45 -24947.93 18.33 39.18 61.17 156132.21 3490.35 0.01 0.51 0.62 -1 -1
Result 0 82.0 2000 0.50 0.19 0.21 0.25 0.20 0.15 -1 -1 -1 -1 -1
Evo 24.52 -1000000.06 75.24 -24952.21 17.04 32.17 55.08 156131.51 3490.33 0.01 0.48 0.62 -1 -1
Result 0 69.0 2000 0.49 0.21 0.20 0.23 0.20 0.16 -1 -1 -1 -1 -1
Evo 25.39 -1000000.08 56.17 -24952.91 23.23 38.18 50.14 156131.40 3490.33 0.01 0.48 0.62 -1 -1
Result 0 56.0 2000 0.48 0.21 0.18 0.21 0.22 0.18 -1 -1 -1 -1 -1
Evo 25.75 -1000000.15 80.93 -24951.40 15.53 33.31 57.33 156131.65 3490.34 0.01 0.43 0.62 -1 -1
Result 0 78.0 2000 0.50 0.19 0.21 0.24 0.22 0.14 -1 -1 -1 -1 -1
Evo 25.67 -1000000.08 53.13 -24968.28 9.86 11.71 28.31 156128.94 3490.28 0.01 0.47 0.62 -1 -1
Result 0 55.0 2000 0.49 0.19 0.18 0.23 0.24 0.16 -1 -1 -1 -1 -1
Evo 25.00 -1000000.24 70.15 -24957.90 10.31 26.69 47.78 156130.61 3490.31 0.01 0.45 0.62 -1 -1
Result 0 68.0 2000 0.50 0.20 0.19 0.25 0.21 0.15 -1 -1 -1 -1 -1
Evo 25.73 -1000000.13 84.07 -24944.77 19.36 42.04 65.75 156132.71 3490.36 0.01 0.46 0.62 -1 -1
Result 0 79.0 2000 0.49 0.20 0.22 0.23 0.20 0.14 -1 -1 -1 -1 -1
Evo 26.07 -1000000.21 71.10 -24953.25 16.67 35.57 53.46 156131.35 3490.33 0.01 0.34 0.55 -1 -1
Result 0 71.0 2000 0.50 0.21 0.18 0.25 0.21 0.15 -1 -1 -1 -1 -1
Evo 25.84 -1000000.31 72.06 -24953.36 13.20 35.29 52.96 156131.34 3490.33 0.01 0.43 0.60 -1 -1
Result 0 69.0 2000 0.50 0.19 0.20 0.25 0.22 0.14 -1 -1 -1 -1 -1
Evo 25.08 -1000000.24 92.74 -24944.96 18.07 41.90 65.60 156132.68 3490.36 0.01 0.48 0.62 -1 -1
Result 0 93.0 2000 0.48 0.22 0.22 0.22 0.20 0.14 -1 -1 -1 -1 -1
