Evo 13.16 3.40 1000000.45 274863.61 75475.45 120692.76 250004.31 322105.09 51578.09 0.14 0.16 0.40 -1 -1
Result 1 4.0 38 0.52 0.21 0.15 0.28 0.23 0.13 -1 -1 -1 -1 -1
Evo 10.66 5.52 1000000.07 178064.86 71431.57 104171.00 145458.61 235419.37 24544.17 0.07 0.35 0.61 -1 -1
Result 1 6.0 91 0.38 0.27 0.16 0.13 0.20 0.24 -1 -1 -1 -1 -1
Evo 9.00 35716.97 999999.71 659566.08 163937.70 960674.66 989432.30 395206.94 93151.17 0.23 0.14 0.54 -1 -1
Result 1 2.0 17 0.35 0.28 0.06 0.11 0.33 0.22 -1 -1 -1 -1 -1
Evo 7.14 36367.01 1000000.53 428158.02 113210.31 226417.53 853774.58 387114.16 80718.88 0.20 0.15 0.59 -1 -1
Result 1 1.0 22 0.44 0.09 0.13 0.17 0.35 0.26 -1 -1 -1 -1 -1
Evo 10.54 18184.99 1000000.04 176338.60 52634.71 90912.90 137259.34 264366.48 41800.01 0.13 0.19 0.60 -1 -1
Result 1 2.0 39 0.48 0.18 0.18 0.23 0.18 0.25 -1 -1 -1 -1 -1
Evo 15.13 56607.48 1000000.15 711258.03 214288.94 750001.16 963675.32 355146.19 118382.06 0.35 0.10 0.33 -1 -1
Result 1 2.0 8 0.39 -1 0.11 -1 0.67 0.22 -1 -1 -1 -1 -1
Evo 6.00 52634.17 1000000.07 404040.78 118646.83 185188.98 612246.92 360115.89 69304.34 0.18 0.16 0.48 -1 -1
Result 1 4.0 26 0.45 0.19 0.11 0.19 0.26 0.26 -1 -1 -1 -1 -1
Evo 9.29 17859.74 999999.99 314230.62 103450.89 166669.91 381581.50 335422.03 62286.31 0.17 0.20 0.59 -1 -1
Result 1 1.0 28 0.44 0.17 0.14 0.17 0.28 0.24 -1 -1 -1 -1 -1
Evo 8.42 111113.89 1000000.04 483820.26 183337.30 241382.51 897810.54 386826.13 107286.27 0.28 0.11 0.31 -1 -1
Result 1 3.0 12 0.42 0.23 -1 0.15 0.38 0.23 -1 -1 -1 -1 -1
Evo 12.00 5.13 1000000.15 307368.77 71431.73 111113.64 591839.44 373754.07 59848.55 0.14 0.30 0.61 -1 -1
Result 1 5.0 38 0.44 0.15 0.15 0.18 0.26 0.26 -1 -1 -1 -1 -1
Evo 10.41 17860.08 999999.79 377578.64 159094.57 229511.77 755726.76 333332.90 69504.71 0.20 0.13 0.38 -1 -1
Result 1 3.0 22 0.38 0.30 0.09 0.13 0.30 0.17 -1 -1 -1 -1 -1
Evo 11.05 35717.02 999999.96 409865.08 88238.66 166670.79 869565.81 402234.01 87774.66 0.21 0.14 0.43 -1 -1
Result 1 3.0 20 0.21 0.19 0.24 0.05 0.38 0.14 -1 -1 -1 -1 -1
Evo 12.03 18521.69 1000000.02 207696.41 78433.73 105266.95 140353.26 279484.39 49406.33 0.16 0.15 0.50 -1 -1
Result 1 2.0 31 0.48 0.16 0.19 0.22 0.31 0.13 -1 -1 -1 -1 -1
Evo 12.69 53574.66 1000000.18 468976.44 111114.31 203128.47 763889.85 381860.78 92614.84 0.24 0.13 0.39 -1 -1
Result 1 1.0 16 0.44 0.12 0.06 0.18 0.35 0.29 -1 -1 -1 -1 -1
Evo 7.00 17860.56 1000000.06 268597.84 105266.50 142860.20 200003.12 316651.31 64636.18 0.19 0.15 0.43 -1 -1
Result 1 3.0 23 0.50 0.17 0.08 0.25 0.29 0.21 -1 -1 -1 -1 -1
Evo 7.85 109094.88 1000000.25 408571.89 173080.47 220342.81 682172.07 326557.82 47134.56 0.12 0.14 0.33 -1 -1
Result 1 3.0 47 0.51 0.10 0.13 0.27 0.38 0.13 -1 -1 -1 -1 -1
Evo 9.18 23814.29 999999.69 291546.45 86211.31 157898.85 351353.87 305071.18 37551.67 0.09 0.28 0.53 -1 -1
Result 1 4.0 65 0.41 0.26 0.18 0.15 0.26 0.15 -1 -1 -1 -1 -1
Evo 10.09 30309.03 999999.85 426352.06 122811.73 183336.38 873627.64 369915.35 53957.70 0.12 0.29 0.60 -1 -1
Result 1 4.0 46 0.46 0.06 0.19 0.19 0.30 0.26 -1 -1 -1 -1 -1
Evo 9.16 37040.02 1000000.07 242924.77 87722.74 117650.12 190479.46 292071.10 47380.19 0.14 0.24 0.61 -1 -1
Result 1 2.0 37 0.47 0.13 0.13 0.21 0.26 0.26 -1 -1 -1 -1 -1
Evo 10.11 17860.16 1000000.22 270070.50 105265.83 155175.32 230772.18 294211.55 39315.67 0.10 0.21 0.51 -1 -1
Result 1 4.0 55 0.48 0.20 0.14 0.21 0.23 0.21 -1 -1 -1 -1 -1
