Result 0 58.0 780 476528682
Result 0 6.0 284 523015488
Result 1 1058.0 1000 -645737909
Result 1 2059.0 1000 1871268028
Result 1 1027.0 1000 -612884138
Result 1 1050.0 1000 908446665
Result 0 25.0 439 201468070
Result 1 2052.0 1000 1679208496
Result 1 1036.0 1000 1254988044
Result 1 1061.0 1000 -202519960
Result 0 20.0 442 504874257
Result 0 42.0 832 -344893159
Result 1 1056.0 1000 720713859
Result 0 57.0 936 1112540992
Result 0 53.0 780 1489190233
Result 1 49.0 1000 1752770489
Result 0 2056.0 806 -367910790
Result 0 24.0 442 -1947794706
Result 1 1046.0 1000 -251222641
Result 1 1032.0 1000 -1497815810
Result 1 1060.0 1000 -2042903234
Result 1 2040.0 1000 473653781
Result 0 34.0 549 -276403217
Result 0 11.0 250 620215092
Result 1 81.0 1000 -931539545
Result 0 35.0 676 -822999206
Result 0 1050.0 934 1232976954
Result 1 1057.0 1000 -1705677070
Result 0 25.0 442 1213832729
Result 0 25.0 520 -1447265548
Result 1 1068.0 1000 -1635109524
Result 1 1093.0 1000 -1426347174
Result 1 1037.0 1000 -640778562
Result 1 62.0 1000 -1620100572
Result 0 17.0 442 806892633
Result 0 26.0 659 926723130
Result 1 1056.0 1000 -315379621
Result 0 23.0 442 -667781531
Result 0 28.0 563 412517140
Result 1 1041.0 1000 886401396
Result 1 1035.0 1000 -742732858
Result 1 2066.0 1000 413984839
Result 1 2024.0 1000 332406096
Result 0 1033.0 572 1344625094
Result 0 45.0 781 -429231111
Result 0 1038.0 884 1623341982
Result 1 1031.0 1000 -835644152
Result 1 2041.0 1000 -156393736
Result 1 2047.0 1000 -898727051
Result 0 12.0 369 -1636658691
Result 0 23.0 572 717464409
Result 0 17.0 442 -1323856028
Result 1 2042.0 1000 -626523648
Result 0 14.0 396 1214335798
Result 1 2023.0 1000 -598278598
Result 1 3032.0 1000 946646815
Result 1 3027.0 1000 -1450741500
Result 0 2.0 113 10312690
Result 1 3030.0 1000 1459821988
Result 1 4025.0 1000 1134385711
Result 1 5072.0 1000 747214262
Result 0 31.0 442 -1256272697
Result 0 1027.0 337 373658161
Result 1 4086.0 1000 1268566180
Result 1 2131.0 1000 -743217101
Result 1 6082.0 1000 2029849642
Result 1 4086.0 1000 318486246
Result 1 5080.0 1000 2130384812
Result 0 3074.0 989 1721311420
Result 1 4079.0 1000 986275064
Result 1 5091.0 1000 1694842960
Result 1 5113.0 1000 -524202530
Result 0 1078.0 936 -1660416424
Result 1 3090.0 1000 1400636683
Result 0 1042.0 563 1609678228
Result 0 1041.0 598 -501452650
Result 1 6079.0 1000 1721151174
Result 0 24.0 442 455360076
Result 1 4116.0 1000 -546590461
Result 1 5096.0 1000 1208971617
Result 1 7038.0 1000 1212076095
Result 1 7054.0 1000 1454472122
Result 0 20.0 442 -1316934722
Result 1 5052.0 1000 -344656491
Result 1 6039.0 1000 2133249290
Result 0 19.0 442 1572170324
Result 1 3042.0 1000 -2034006791
Result 1 4045.0 1000 2054897542
Result 1 5052.0 1000 -1149407860
Result 0 22.0 442 654171653
Result 1 4056.0 1000 -1586273118
Result 1 5036.0 1000 1987520498
Result 1 6035.0 1000 6575648
Result 1 3048.0 1000 1028671527
Result 1 3035.0 1000 475018315
Result 1 5060.0 1000 1490322847
Result 1 5047.0 1000 -1472628145
Result 1 6045.0 1000 1557139432
Result 0 1044.0 806 -5889048
Result 1 6060.0 1000 -125973092
