Result 0 10.0 200 62258915
Result 0 34.0 2000 -1290310257
Result 0 10.0 225 -718645618
Result 1 58.0 428 -394145581
Result 0 24.0 275 -1142867105
Result 1 26.0 127 -1122175693
Result 1 32.0 461 1462077719
Result 0 38.0 671 -494061811
Result 1 32.0 341 -1937503506
Result 0 36.0 401 -1846864527
Result 1 30.0 437 -2014968659
Result 1 58.0 275 1074305263
Result 1 36.0 617 1551027848
Result 1 60.0 256 -110076100
Result 1 56.0 579 -487457621
Result 1 42.0 230 1032661677
Result 1 14.0 274 1521306365
Result 1 34.0 361 286004332
Result 1 48.0 379 -1832715442
Result 1 62.0 464 1590754403
Result 1 32.0 371 -148938001
Result 1 34.0 287 2111685980
Result 1 34.0 244 -253309786
Result 1 36.0 546 1478772168
Result 1 34.0 310 1237710493
Result 1 30.0 152 296690888
Result 1 28.0 257 -2133904553
Result 1 32.0 214 1579731051
Result 1 34.0 756 -2019704978
Result 1 32.0 162 -1418009412
Result 1 32.0 577 -70002217
Result 1 30.0 360 -1632841022
Result 1 30.0 173 -341216044
Result 1 34.0 299 -1962903410
Result 1 34.0 172 500914333
Result 1 30.0 203 774448268
Result 1 30.0 302 -84282418
Result 1 30.0 197 -1944652636
Result 1 30.0 274 -1374587989
Result 1 32.0 394 906646026
Result 0 48.0 295 808326874
Result 1 52.0 191 -638738580
Result 1 52.0 223 1390176273
Result 1 56.0 433 408518179
Result 1 30.0 174 2093980184
Result 1 52.0 170 -1706632706
Result 1 52.0 219 437309291
Result 1 52.0 408 -1084406367
Result 1 54.0 634 -412972608
Result 1 48.0 121 157604681
Result 1 50.0 189 962695318
Result 1 52.0 172 -1100355814
Result 1 48.0 407 488828572
Result 1 52.0 182 1512606821
Result 1 58.0 287 -1884401144
Result 1 52.0 208 -1714571907
Result 1 52.0 234 2065295112
Result 1 56.0 1010 1999518696
Result 1 54.0 383 -555732558
Result 1 46.0 344 2134014425
Result 1 20.0 151 -241187057
Result 1 24.0 80 322642835
Result 1 24.0 112 1499435240
Result 1 24.0 265 -1819313427
Result 1 24.0 160 -2034139770
Result 1 20.0 87 -1324786334
Result 1 24.0 644 2113015775
Result 1 24.0 151 1906450144
Result 1 24.0 142 -1030015415
Result 1 24.0 349 -568675194
Result 1 20.0 133 -1820045328
Result 1 22.0 169 -2045635801
Result 1 24.0 272 2013199987
Result 1 22.0 202 -1915524143
Result 1 22.0 243 2133776457
Result 1 24.0 288 226261401
Result 1 20.0 79 2033335677
Result 1 22.0 110 109540685
Result 1 22.0 85 -1033655429
Result 1 22.0 139 1710284451
Result 1 14.0 250 -960689587
Result 1 14.0 565 -260612099
Result 1 14.0 660 159612526
Result 1 14.0 182 -595385000
Result 1 14.0 168 -1390630364
Result 1 14.0 194 -1652341734
Result 1 14.0 114 1835724571
Result 1 14.0 135 -228025554
Result 1 14.0 77 20367090
Result 1 14.0 191 -260390764
Result 1 14.0 42 -1494633721
Result 1 14.0 121 491774713
Result 1 14.0 235 -1529346725
Result 1 14.0 154 214429720
Result 1 14.0 130 734182470
Result 1 14.0 240 -775970469
Result 1 14.0 301 801810947
Result 1 14.0 52 -1159375297
Result 1 14.0 78 -147963935
Result 1 14.0 163 -1536608986
