Result 0 -1.0 2000 -900426286
Result 0 -1.0 2000 739542350
Result 0 -5.0 2000 336200418
Result 0 -6.0 2000 1251688902
Result 0 -1.0 2000 616103842
Result 0 -3.0 2000 1344475111
Result 0 -4.0 2000 197547279
Result 0 -3.0 2000 -1142128932
Result 0 -3.0 2000 878540743
Result 0 -1.0 2000 -1345814752
Result 0 -2.0 2000 1312073700
Result 0 -2.0 2000 -987587746
Result 0 -1.0 2000 1918164270
Result 0 -2.0 2000 1702708761
Result 0 -3.0 2000 -1358298194
Result 0 -8.0 2000 1171556788
Result 0 -3.0 2000 1215863435
Result 0 -5.0 2000 -188412000
Result 0 -7.0 2000 -1730483366
Result 0 -1.0 2000 -2102930021
Result 0 0.0 2000 2138654493
Result 0 -3.0 2000 -1546797306
Result 0 -2.0 2000 90178839
Result 0 -1.0 2000 -1650605945
Result 0 0.0 2000 1888180184
Result 0 -2.0 2000 -546162552
Result 0 -2.0 2000 1996045157
Result 0 -2.0 2000 408290615
Result 0 -1.0 2000 -273043835
Result 0 -4.0 2000 1480909241
Result 0 -3.0 2000 38722684
Result 0 0.0 2000 439220727
Result 0 0.0 2000 -1198411270
Result 0 -1.0 2000 -84162446
Result 0 -2.0 2000 -2091132821
Result 0 -2.0 2000 457466561
Result 0 0.0 2000 -1340863259
Result 0 -4.0 2000 -882503938
Result 0 -1.0 2000 1103043857
Result 0 -2.0 2000 -1763144468
Result 0 -1.0 2000 615633674
Result 0 0.0 2000 -1665731288
Result 0 -2.0 2000 1582528132
Result 0 -1.0 2000 1394666720
Result 0 -2.0 2000 -1699869705
Result 0 -1.0 2000 -1716384288
Result 0 -1.0 2000 1892297163
Result 0 -2.0 2000 1756868253
Result 0 -1.0 2000 -1775004844
Result 0 -3.0 2000 -1227509794
Result 0 0.0 2000 873176846
Result 0 -1.0 2000 -1581261000
Result 0 -2.0 2000 1238679588
Result 0 -2.0 2000 -263488576
Result 0 -2.0 2000 -1958810831
Result 0 -1.0 2000 -404710506
Result 0 -3.0 2000 -431834231
Result 0 -2.0 2000 315810822
Result 0 -1.0 2000 -881543516
Result 0 -2.0 2000 -894038136
Result 0 -5.0 2000 1328793794
Result 0 -2.0 2000 815655364
Result 0 -6.0 2000 472638840
Result 0 -2.0 2000 262018443
Result 0 -4.0 2000 343604020
Result 0 -2.0 2000 -230922490
Result 0 -2.0 2000 605931980
Result 0 -1.0 2000 1816197033
Result 0 -3.0 2000 -2138269563
Result 0 -3.0 2000 1330489130
Result 0 -6.0 2000 1768484879
Result 0 -2.0 2000 -1723019417
Result 0 -1.0 2000 1771275154
Result 0 -3.0 2000 -2015525070
Result 0 -4.0 2000 1386001930
Result 0 -3.0 2000 -663121688
Result 0 -2.0 2000 1518941972
Result 0 -4.0 2000 241208121
Result 0 -4.0 2000 1221706303
Result 0 -2.0 2000 1823073978
Result 0 -1.0 2000 1223969758
Result 0 -1.0 2000 1647958480
Result 0 -1.0 2000 -1602853545
Result 0 -3.0 2000 -58758771
Result 0 -5.0 2000 528197242
Result 0 -1.0 2000 -401663566
Result 0 -1.0 2000 1640726542
Result 0 -1.0 2000 -1832120629
Result 0 -3.0 2000 -1149343513
Result 0 0.0 2000 1747682209
Result 0 -2.0 2000 1196971831
Result 0 -1.0 2000 -520943630
Result 0 0.0 2000 -1512690550
Result 0 0.0 2000 -470642476
Result 0 -1.0 2000 55082060
Result 0 -2.0 2000 2068351673
Result 0 0.0 2000 -1748542463
Result 0 -1.0 2000 754242170
Result 0 -1.0 2000 -1378981445
Result 0 -1.0 2000 -705751123
