Result 0 -1.0 79 1228014863
Result 0 -1.0 79 -892622639
Result 0 -1.0 79 -349175900
Result 0 -1.0 79 -1049208921
Result 0 -1.0 79 -272460498
Result 0 -1.0 79 865896444
Result 0 -1.0 79 1384357040
Result 0 -1.0 79 1714751549
Result 0 -1.0 79 -1045861890
Result 0 -1.0 79 -494412336
Result 0 -1.0 79 1475851284
Result 0 -1.0 79 392766058
Result 0 -1.0 79 1143878608
Result 0 -1.0 79 2121002175
Result 0 -1.0 79 1376780815
Result 0 -1.0 79 -619658298
Result 0 -1.0 79 1835227116
Result 0 -1.0 79 -1703434996
Result 0 -1.0 79 -1848489621
Result 0 -1.0 79 -929049601
Result 0 -1.0 79 -1541589956
Result 0 -1.0 79 1638679979
Result 0 -1.0 79 -163728430
Result 0 -1.0 79 -1335152826
Result 0 -1.0 79 -1268847011
Result 0 -1.0 79 1844084211
Result 0 -1.0 79 2092180783
Result 0 -1.0 79 730882919
Result 0 -1.0 79 1478220856
Result 0 -1.0 79 412503444
Result 0 -1.0 79 567041001
Result 0 -1.0 79 272784847
Result 0 -1.0 79 -610770087
Result 0 -1.0 79 -888427338
Result 0 -1.0 79 -875114602
Result 0 -1.0 79 938847394
Result 0 -1.0 79 1422242230
Result 0 -1.0 79 1344885839
Result 0 -1.0 79 601747867
Result 0 -1.0 79 -39532941
Result 0 -1.0 79 -1491867001
Result 0 -1.0 79 1027494619
Result 0 -1.0 79 -1227565627
Result 0 -1.0 79 1035525861
Result 0 -1.0 79 2104069327
Result 0 -1.0 79 329653524
Result 0 -1.0 79 1969488881
Result 0 -1.0 79 400988338
Result 0 -1.0 79 836664721
Result 0 -1.0 79 93064108
Result 0 -1.0 79 1843391984
Result 0 -1.0 79 379647647
Result 0 -1.0 79 1857122848
Result 0 -1.0 79 161275518
Result 0 -1.0 79 -1381244915
Result 0 -1.0 79 1364061992
Result 0 -1.0 79 204265844
Result 0 -1.0 79 343995439
Result 0 -1.0 79 -1831547751
Result 0 -1.0 79 -255536437
Result 0 0.0 2000 639002281
Result 0 0.0 2000 -1071703437
Result 0 0.0 2000 -445373242
Result 1 1.0 1203 -1933909509
Result 0 0.0 2000 -1166645654
Result 0 0.0 2000 -234682661
Result 0 0.0 2000 -2036763527
Result 1 1.0 1742 -799374890
Result 0 0.0 2000 -219933778
Result 0 0.0 2000 1560977884
Result 0 0.0 2000 -213394844
Result 0 0.0 2000 -758952192
Result 0 0.0 2000 -586606747
Result 0 0.0 2000 -1318431500
Result 0 0.0 2000 -310850873
Result 1 1.0 973 1824339885
Result 0 0.0 2000 -1449946166
Result 1 1.0 1874 1974086250
Result 0 0.0 2000 -915934232
Result 1 1.0 1089 1650825393
Result 0 -1.0 177 154199955
Result 0 -1.0 177 -2092281068
Result 0 -1.0 177 1369469124
Result 0 -1.0 177 2068768171
Result 0 -1.0 177 389317780
Result 0 -1.0 177 1792772286
Result 0 -1.0 177 1305827273
Result 0 -1.0 177 -2072923720
Result 0 -1.0 177 993530599
Result 0 -1.0 177 -570266765
Result 0 -1.0 177 1873460374
Result 0 -1.0 177 1360542336
Result 0 -1.0 177 1989764743
Result 0 -1.0 177 1009824730
Result 0 -1.0 177 1509195334
Result 0 -1.0 177 190126828
Result 0 -1.0 177 1628680274
Result 0 -1.0 177 -1620457424
Result 0 -1.0 177 1401396098
Result 0 -1.0 177 -2115578794
