Result 1 14.0 171 -480482830
Result 1 58.0 640 594501624
Result 1 24.0 84 117766628
Result 1 22.0 163 202789674
Result 1 32.0 260 -1799078239
Result 1 32.0 316 -278784314
Result 1 20.0 286 -1625068119
Result 1 64.0 349 -974938245
Result 1 28.0 332 -1885881852
Result 1 56.0 303 372563389
Result 1 52.0 412 579645665
Result 1 22.0 190 -45940569
Result 1 66.0 334 -1684138683
Result 1 70.0 451 1119272260
Result 1 20.0 163 1414002012
Result 1 30.0 266 -400530879
Result 1 22.0 132 -656698354
Result 1 24.0 461 534329341
Result 1 62.0 389 288685850
Result 0 14.0 250 -152896850
Result 1 32.0 438 -1726030682
Result 1 32.0 371 2026406873
Result 1 30.0 162 1896292342
Result 1 30.0 677 -1071147912
Result 1 30.0 281 1568353365
Result 1 28.0 166 -58264062
Result 1 30.0 609 39962131
Result 1 34.0 335 1896359543
Result 1 32.0 393 1662021121
Result 1 32.0 1015 -882384905
Result 1 34.0 305 1734850533
Result 1 36.0 865 -1213466874
Result 1 34.0 217 1360159722
Result 1 34.0 172 -971646659
Result 1 34.0 560 -1176484697
Result 1 32.0 625 -196157866
Result 1 34.0 139 -2067571928
Result 1 32.0 364 -52018628
Result 1 32.0 536 -1412211499
Result 1 34.0 229 -1853674423
Result 1 52.0 122 1736067053
Result 1 24.0 77 -2059208705
Result 1 54.0 157 1089080983
Result 1 54.0 154 1811611685
Result 0 54.0 163 1488322326
Result 0 54.0 187 1835200913
Result 1 56.0 182 -1606339588
Result 1 56.0 458 227322556
Result 1 56.0 158 69484186
Result 1 52.0 167 632578931
Result 1 56.0 406 279629612
Result 1 56.0 822 2110437427
Result 1 50.0 147 1082941027
Result 1 48.0 110 20903283
Result 0 52.0 343 795302761
Result 1 30.0 86 2117785492
Result 1 50.0 143 -204549529
Result 1 50.0 191 30026428
Result 1 52.0 901 -662949063
Result 1 40.0 156 -203484413
Result 1 24.0 311 1684826512
Result 1 20.0 141 901743591
Result 1 20.0 112 199025924
Result 1 24.0 118 1981543735
Result 1 22.0 144 -1722682122
Result 1 22.0 76 684214850
Result 1 22.0 72 -1082035881
Result 1 20.0 214 -1164365266
Result 1 20.0 59 686204439
Result 1 24.0 163 1263862765
Result 1 22.0 195 1683606202
Result 1 20.0 68 768649380
Result 1 20.0 57 -1789850176
Result 1 24.0 121 345963178
Result 1 20.0 77 -605128217
Result 1 24.0 192 -881296982
Result 1 22.0 102 1216739940
Result 1 24.0 154 -44241320
Result 1 24.0 105 1625727110
Result 1 24.0 267 1672134984
Result 1 14.0 148 -599358758
Result 1 14.0 98 -2076302005
Result 1 14.0 152 -1421855980
Result 1 14.0 244 -1056154228
Result 1 14.0 118 -1052163266
Result 1 14.0 75 -1287397958
Result 1 14.0 97 -19698627
Result 1 14.0 63 -1098675319
Result 1 14.0 153 2103770880
Result 1 14.0 207 -1025758494
Result 1 14.0 236 1653860061
Result 1 14.0 61 -874176545
Result 1 14.0 371 1711577030
Result 1 14.0 326 1724121268
Result 1 14.0 226 -1377157642
Result 1 14.0 44 -1675858556
Result 1 14.0 144 -1834795993
Result 1 14.0 367 -1955728376
Result 1 14.0 199 601740523
Result 1 14.0 98 -1734163019
