Result 1 6.0 616 1563913181
Result 0 5.0 2000 321609048
Result 0 2.0 2000 859246607
Result 1 7.0 1538 2136761906
Result 0 2.0 421 105941698
Result 1 6.0 1725 -202992453
Result 1 6.0 1663 598714674
Result 0 1.0 1057 765965792
Result 0 2.0 2000 -73828127
Result 0 1.0 2000 877692391
Result 0 0.0 1067 1257063296
Result 1 6.0 948 -768461439
Result 0 0.0 283 1354115266
Result 0 2.0 268 2062739040
Result 0 3.0 1644 -67025152
Result 0 0.0 2000 -367166823
Result 0 2.0 565 -1005740228
Result 0 5.0 2000 180209098
Result 0 2.0 210 -482690847
Result 0 3.0 2000 -1833859568
Result 0 1.0 249 240328420
Result 0 0.0 1334 2082001832
Result 0 0.0 810 -177850335
Result 0 0.0 2000 -440562629
Result 0 3.0 2000 -119926534
Result 0 0.0 790 -667655052
Result 0 2.0 292 1453889064
Result 1 7.0 1341 1892107927
Result 0 1.0 2000 200277324
Result 0 3.0 846 -1829308173
Result 1 8.0 1835 -2111751537
Result 0 1.0 1416 1219238259
Result 0 1.0 964 192923643
Result 0 4.0 2000 162758877
Result 0 3.0 1444 -1773266430
Result 0 0.0 963 314863838
Result 0 2.0 767 -1075376064
Result 1 7.0 1715 -1420426875
Result 1 5.0 1467 1133872483
Result 0 3.0 906 1441052004
Result 0 2.0 134 -2104455489
Result 0 2.0 2000 -2019256972
Result 0 0.0 1444 -1846680910
Result 1 13.0 1482 62621758
Result 0 6.0 898 892663364
Result 0 2.0 1019 -1565771873
Result 0 3.0 1971 -1646561444
Result 0 0.0 111 1684485139
Result 0 1.0 246 1211453036
Result 0 9.0 989 516528544
Result 0 1.0 2000 394938611
Result 0 2.0 2000 -437777540
Result 0 3.0 1238 1500779085
Result 0 7.0 1557 701935564
Result 0 2.0 1949 1432229301
Result 0 3.0 1554 -684077385
Result 0 4.0 1269 -875587092
Result 0 12.0 2000 -2013148315
Result 0 3.0 2000 -240291101
Result 0 3.0 1544 506824242
Result 0 0.0 2000 1661270746
Result 0 0.0 2000 -1464011682
Result 0 4.0 330 -1675971131
Result 0 1.0 2000 1357011243
Result 0 1.0 2000 468832749
Result 0 0.0 2000 1495908651
Result 0 1.0 1417 -271230954
Result 0 1.0 740 -1779498879
Result 0 0.0 522 -1820175890
Result 0 1.0 2000 301704553
Result 0 2.0 908 -2077442362
Result 0 1.0 962 -341049302
Result 0 0.0 2000 606000389
Result 0 1.0 2000 2017686257
Result 0 0.0 186 838049313
Result 0 1.0 2000 339349798
Result 0 1.0 1342 -870668947
Result 0 2.0 599 1395414838
Result 0 0.0 697 -1802418466
Result 0 0.0 595 -1993938318
Result 0 6.0 1404 1582200173
Result 0 5.0 1128 -1740343196
Result 0 4.0 1120 -1844150461
Result 0 5.0 1466 -1678683608
Result 0 3.0 1922 -1551844304
Result 0 3.0 135 342767216
Result 0 2.0 1631 413845146
Result 1 11.0 362 -858410254
Result 0 6.0 1308 -1880905967
Result 0 7.0 2000 -725378024
Result 0 2.0 2000 1207712353
Result 0 6.0 1826 -2009751797
Result 0 3.0 493 -2056751704
Result 0 7.0 1031 1282039908
Result 0 4.0 539 1422203023
Result 0 3.0 542 -829127713
Result 0 1.0 1967 -2008798582
Result 0 4.0 2000 -296009814
Result 0 2.0 832 888359410
Result 0 5.0 1464 1590891066
