Result 1 5.0 23 -2143466863
Result 0 0.0 2000 1865214275
Result 0 0.0 2000 -714223167
Result 0 0.0 2000 -2006028868
Result 0 0.0 2000 -770911787
Result 1 5.0 36 1519169416
Result 0 0.0 2000 1679005513
Result 1 5.0 43 -128753754
Result 0 0.0 2000 -220114300
Result 0 0.0 2000 618269763
Result 0 0.0 2000 1334569343
Result 0 0.0 2000 1082802455
Result 0 0.0 2000 -245913806
Result 0 0.0 2000 -163758374
Result 0 0.0 2000 -177815318
Result 0 0.0 2000 1584216660
Result 0 0.0 2000 -436550874
Result 1 5.0 44 -19404187
Result 0 0.0 2000 971758607
Result 0 0.0 2000 1857524214
Result 0 0.0 2000 285011589
Result 0 0.0 2000 780839434
Result 0 0.0 2000 263049402
Result 0 1.0 2000 -252218895
Result 0 0.0 2000 -1995625859
Result 0 0.0 2000 879010513
Result 0 0.0 2000 -404879667
Result 0 0.0 2000 -523376276
Result 0 0.0 2000 1227629831
Result 0 0.0 2000 -1031833877
Result 0 0.0 2000 -632209620
Result 0 1.0 2000 -794205979
Result 0 1.0 2000 435792878
Result 0 0.0 2000 -1987547262
Result 0 0.0 2000 603770812
Result 0 0.0 2000 1054629246
Result 0 0.0 2000 -2091057835
Result 0 0.0 2000 -911726166
Result 0 0.0 2000 1355027339
Result 0 1.0 2000 -1239449426
Result 0 1.0 2000 -1696170716
Result 0 2.0 2000 -764319466
Result 1 9.0 1195 -845098488
Result 0 0.0 2000 409419903
Result 0 2.0 2000 -1655708058
Result 0 2.0 2000 795840181
Result 0 2.0 2000 -1988001505
Result 0 2.0 2000 646187056
Result 0 2.0 2000 -1220242132
Result 0 2.0 2000 -1888122254
Result 0 1.0 2000 965477110
Result 0 2.0 2000 1163889045
Result 0 1.0 2000 490622224
Result 0 2.0 2000 -2143296755
Result 0 2.0 2000 -369337233
Result 0 2.0 2000 -1514232814
Result 0 1.0 2000 482224008
Result 0 2.0 2000 -2081073149
Result 0 2.0 2000 116053913
Result 0 2.0 2000 -254054324
Result 0 23.0 2000 1942200128
Result 0 19.0 2000 1539360653
Result 0 3.0 2000 -1367499626
Result 0 21.0 2000 -1648001996
Result 0 21.0 2000 -1506307430
Result 0 14.0 2000 -1943897358
Result 0 24.0 2000 1621539012
Result 0 24.0 2000 1656519604
Result 0 20.0 2000 1050634838
Result 0 22.0 2000 -1120300704
Result 0 22.0 2000 -363782358
Result 0 24.0 2000 2088014441
Result 0 23.0 2000 1646020420
Result 0 25.0 2000 1799671338
Result 0 24.0 2000 -1700968276
Result 0 23.0 2000 407891083
Result 0 3.0 2000 1686143979
Result 0 14.0 2000 1903025704
Result 0 23.0 2000 1881549763
Result 0 21.0 2000 718779931
Result 0 4.0 2000 -2080001232
Result 0 5.0 2000 -1809813130
Result 0 6.0 2000 1690115015
Result 0 6.0 2000 795077808
Result 0 6.0 2000 158730433
Result 0 2.0 21 -220690187
Result 0 5.0 2000 106883279
Result 0 6.0 2000 2038844520
Result 0 5.0 2000 -27509776
Result 0 5.0 2000 447866411
Result 0 6.0 2000 -1015490355
Result 0 5.0 2000 347373221
Result 0 6.0 2000 -450353316
Result 0 6.0 2000 1703377977
Result 0 7.0 2000 232326395
Result 0 5.0 2000 -1072720431
Result 0 3.0 9 667564452
Result 0 4.0 2000 1046048346
Result 0 5.0 2000 -1942667170
Result 0 6.0 2000 570567119
