Result 0 10.0 1051 -2023624150
Result 0 20.0 2000 -998450485
Result 0 15.0 2000 -623329513
Result 0 12.0 2000 -950278279
Result 0 16.0 2000 -1479398055
Result 0 16.0 2000 -1083210660
Result 0 17.0 2000 -20537764
Result 0 20.0 2000 -1199094902
Result 0 19.0 2000 -899582109
Result 0 16.0 2000 -221361780
Result 0 19.0 2000 -740807046
Result 0 13.0 2000 1673020628
Result 0 17.0 2000 944667863
Result 0 20.0 2000 608410240
Result 0 18.0 2000 1794667899
Result 0 21.0 2000 477831830
Result 0 14.0 2000 -1870291971
Result 0 15.0 2000 28770544
Result 0 16.0 2000 1956843666
Result 0 12.0 2000 1872015884
Result 0 14.0 2000 98695423
Result 0 17.0 2000 487028286
Result 0 15.0 2000 650141806
Result 0 35.0 2000 1530004927
Result 0 14.0 2000 -28908971
Result 0 17.0 2000 -473023324
Result 0 18.0 2000 -709793346
Result 0 12.0 2000 710163100
Result 0 24.0 2000 406064393
Result 0 41.0 2000 1976931193
Result 0 5.0 708 -492323614
Result 0 17.0 2000 -1773101045
Result 0 12.0 2000 989261276
Result 0 16.0 2000 2017666701
Result 0 15.0 2000 61880980
Result 0 22.0 2000 -1035609110
Result 0 12.0 2000 443452254
Result 0 13.0 2000 19830881
Result 0 26.0 2000 -1085877399
Result 0 14.0 2000 -325886207
Result 0 28.0 2000 989744318
Result 0 20.0 2000 -1435794700
Result 0 26.0 2000 -665501189
Result 0 37.0 2000 -1026684993
Result 0 29.0 2000 471175299
Result 0 38.0 2000 -306192703
Result 0 20.0 2000 -767310130
Result 0 25.0 771 1779265916
Result 0 33.0 2000 1428689224
Result 0 27.0 2000 -2146965198
Result 0 26.0 2000 390835816
Result 0 26.0 2000 1046873430
Result 0 24.0 2000 -796615992
Result 0 25.0 2000 -1711439902
Result 0 24.0 2000 -208726031
Result 0 28.0 2000 -1295964364
Result 0 29.0 2000 -1414345239
Result 0 23.0 2000 -1345354045
Result 0 34.0 2000 1636086031
Result 0 28.0 2000 1242654554
Result 0 4.0 2000 -211485507
Result 0 0.0 2000 1486074608
Result 0 4.0 2000 -541765144
Result 0 11.0 2000 -1230366077
Result 0 5.0 2000 1985724903
Result 0 3.0 2000 -1417542375
Result 0 7.0 2000 -586032443
Result 0 4.0 2000 -1537648106
Result 0 13.0 2000 -1823460020
Result 0 6.0 2000 970955170
Result 0 3.0 2000 -1418848123
Result 0 3.0 2000 1781087533
Result 0 4.0 2000 -249230426
Result 0 12.0 2000 -470696078
Result 0 7.0 2000 1048813223
Result 0 9.0 2000 1796282587
Result 0 5.0 2000 -1080699299
Result 0 6.0 2000 -693462924
Result 0 4.0 2000 -1321749958
Result 0 13.0 2000 -259322425
Result 0 4.0 2000 290923761
Result 0 4.0 2000 1500130694
Result 0 0.0 2000 -1694292763
Result 0 17.0 2000 1232853365
Result 0 0.0 2000 716840810
Result 0 2.0 2000 388899487
Result 0 0.0 2000 1919946785
Result 0 41.0 2000 -1823964944
Result 0 4.0 2000 -242700913
Result 0 31.0 2000 -1265182560
Result 0 0.0 2000 919019489
Result 0 0.0 2000 -973316110
Result 0 0.0 2000 649782316
Result 0 0.0 2000 914591527
Result 0 31.0 2000 646361042
Result 0 24.0 2000 405212306
Result 0 2.0 2000 -531771788
Result 0 10.0 2000 419641701
Result 0 0.0 2000 -1894512645
Result 0 0.0 2000 -112192712
