Evo 1.05 0.50 1.00 0.97 1.00 1.00 1.00 0.12 0.01 0.04 0.05 0.09 219 0
Result 1 67.0 411 0.53 0.27 -1 0.20 -1 0.21 0.32 -1 -1 -1 -1
Evo 1.03 0.50 1.00 0.70 0.50 0.50 1.00 0.25 0.01 0.05 0.08 0.09 208 0
Result 1 66.0 409 0.53 0.28 -1 0.19 -1 0.21 0.32 -1 -1 -1 -1
Evo 1.04 0.50 1.00 0.66 0.50 0.50 1.00 0.23 0.01 0.12 0.06 0.09 306 0
Result 1 66.0 450 0.51 0.32 -1 0.20 -1 0.21 0.26 -1 -1 -1 -1
Evo 1.04 0.50 1.00 0.71 0.50 0.50 1.00 0.25 0.01 0.06 0.05 0.09 224 0
Result 1 63.0 379 0.53 0.30 -1 0.18 -1 0.19 0.33 -1 -1 -1 -1
Evo 1.07 0.50 1.00 0.73 0.50 0.50 1.00 0.25 0.01 0.07 0.06 0.09 241 0
Result 1 67.0 484 0.53 0.27 -1 0.20 -1 0.18 0.34 -1 -1 -1 -1
Evo 1.03 0.50 1.00 0.68 0.50 0.50 1.00 0.24 0.01 0.14 0.07 0.09 282 0
Result 1 63.0 442 0.52 0.25 -1 0.22 -1 0.23 0.30 -1 -1 -1 -1
Evo 1.01 0.50 1.00 0.71 0.50 0.50 1.00 0.25 0.01 0.10 0.05 0.09 252 0
Result 1 60.0 436 0.52 0.26 -1 0.22 -1 0.22 0.30 -1 -1 -1 -1
Evo 1.05 0.50 1.00 0.69 0.50 0.50 1.00 0.24 0.01 0.08 0.06 0.09 258 0
Result 1 65.0 416 0.53 0.25 -1 0.23 -1 0.20 0.32 -1 -1 -1 -1
Evo 1.03 0.50 1.00 0.67 0.50 0.50 1.00 0.24 0.01 0.13 0.08 0.09 291 0
Result 1 76.0 439 0.53 0.24 -1 0.24 -1 0.20 0.32 -1 -1 -1 -1
Evo 1.03 0.50 1.00 0.65 0.50 0.50 1.00 0.23 0.01 0.07 0.07 0.09 246 0
Result 1 68.0 353 0.52 0.29 -1 0.21 -1 0.19 0.31 -1 -1 -1 -1
Evo 1.02 0.50 1.00 0.66 0.50 0.50 1.00 0.23 0.01 0.02 0.07 0.09 311 1
Result 1 64.0 459 0.52 0.29 -1 0.20 -1 0.20 0.31 -1 -1 -1 -1
Evo 1.04 0.50 1.00 0.63 0.50 0.50 1.00 0.22 0.01 0.09 0.05 0.09 249 0
Result 1 58.0 339 0.53 0.29 -1 0.20 -1 0.19 0.33 -1 -1 -1 -1
Evo 1.02 0.50 1.00 0.74 0.50 0.50 1.00 0.25 0.01 0.02 0.05 0.09 226 1
Result 1 64.0 439 0.52 0.27 -1 0.21 -1 0.22 0.30 -1 -1 -1 -1
Evo 1.04 0.50 1.00 0.68 0.50 0.50 1.00 0.24 0.01 0.14 0.05 0.09 272 0
Result 1 65.0 426 0.52 0.28 -1 0.22 -1 0.20 0.30 -1 -1 -1 -1
Evo 1.04 0.50 1.00 0.69 0.50 0.50 1.00 0.24 0.01 0.09 0.05 0.09 241 1
Result 1 65.0 392 0.52 0.26 -1 0.21 -1 0.22 0.31 -1 -1 -1 -1
Evo 1.04 0.50 1.00 0.67 0.50 0.50 1.00 0.24 0.01 0.02 0.08 0.09 259 0
Result 1 64.0 389 0.50 0.29 -1 0.24 -1 0.21 0.26 -1 -1 -1 -1
Evo 1.03 0.50 1.00 0.76 0.50 1.00 1.00 0.25 0.01 0.02 0.08 0.09 248 0
Result 1 71.0 513 0.53 0.31 -1 0.19 -1 0.17 0.33 -1 -1 -1 -1
Evo 1.02 0.50 1.00 0.69 0.50 0.50 1.00 0.24 0.01 0.13 0.06 0.09 255 0
Result 1 68.0 422 0.53 0.29 -1 0.19 -1 0.19 0.34 -1 -1 -1 -1
Evo 1.04 0.50 1.00 0.74 0.50 0.50 1.00 0.25 0.01 0.09 0.08 0.09 239 0
Result 1 75.0 479 0.53 0.28 -1 0.20 -1 0.18 0.35 -1 -1 -1 -1
Evo 1.01 0.50 1.00 0.74 0.50 0.50 1.00 0.25 0.01 0.11 0.05 0.09 226 0
Result 1 68.0 434 0.52 0.29 -1 0.21 -1 0.22 0.29 -1 -1 -1 -1
Evo 1.04 0.50 1.00 0.73 0.50 0.50 1.00 0.25 0.01 0.07 0.06 0.09 186 0
Result 1 65.0 386 0.53 0.27 -1 0.19 -1 0.20 0.33 -1 -1 -1 -1
Evo 1.05 0.50 1.00 0.70 0.50 0.50 1.00 0.24 0.01 0.12 0.06 0.09 213 0
Result 1 59.0 351 0.53 0.26 -1 0.20 -1 0.20 0.34 -1 -1 -1 -1
Evo 1.03 0.50 1.00 0.75 0.50 1.00 1.00 0.25 0.01 0.07 0.05 0.09 163 0
Result 1 61.0 349 0.53 0.32 -1 0.16 -1 0.19 0.33 -1 -1 -1 -1
Evo 1.07 0.50 1.00 0.70 0.50 0.50 1.00 0.25 0.01 0.02 0.03 0.09 203 0
Result 1 54.0 340 0.53 0.25 -1 0.20 -1 0.20 0.36 -1 -1 -1 -1
Evo 1.03 0.50 1.00 0.70 0.50 0.50 1.00 0.24 0.01 0.09 0.05 0.09 206 0
Result 1 62.0 351 0.53 0.27 -1 0.19 -1 0.21 0.33 -1 -1 -1 -1
Evo 1.02 0.50 1.00 0.69 0.50 0.50 1.00 0.24 0.01 0.04 0.05 0.09 251 0
Result 1 60.0 406 0.53 0.30 -1 0.20 -1 0.17 0.33 -1 -1 -1 -1
Evo 1.04 0.50 1.00 0.80 0.50 1.00 1.00 0.25 0.01 0.09 0.06 0.09 160 0
Result 1 63.0 395 0.53 0.25 -1 0.21 -1 0.20 0.34 -1 -1 -1 -1
Evo 1.04 0.50 1.00 0.74 0.50 0.50 1.00 0.25 0.01 0.04 0.06 0.09 182 0
Result 1 64.0 358 0.51 0.31 -1 0.20 -1 0.21 0.28 -1 -1 -1 -1
Evo 1.02 0.50 1.00 0.72 0.50 0.50 1.00 0.25 0.01 0.04 0.05 0.09 195 0
Result 1 61.0 380 0.53 0.29 -1 0.19 -1 0.20 0.32 -1 -1 -1 -1
Evo 1.03 0.50 1.00 0.75 0.50 0.50 1.00 0.25 0.01 0.02 0.05 0.08 176 0
Result 1 64.0 364 0.53 0.25 -1 0.20 -1 0.23 0.32 -1 -1 -1 -1
Evo 1.12 0.50 1.00 0.72 0.50 0.50 1.00 0.25 0.01 0.11 0.06 0.09 202 0
Result 1 62.0 356 0.52 0.31 -1 0.17 -1 0.22 0.30 -1 -1 -1 -1
Evo 1.03 0.50 1.00 0.70 0.50 0.50 1.00 0.25 0.01 0.04 0.06 0.09 208 0
Result 1 61.0 350 0.52 0.30 -1 0.21 -1 0.18 0.31 -1 -1 -1 -1
Evo 1.02 0.50 1.00 0.69 0.50 0.50 1.00 0.24 0.01 0.06 0.05 0.09 183 0
Result 1 61.0 350 0.52 0.27 -1 0.23 -1 0.22 0.28 -1 -1 -1 -1
Evo 1.03 0.50 1.00 0.76 0.50 1.00 1.00 0.25 0.01 0.05 0.05 0.09 198 0
Result 1 63.0 425 0.52 0.31 -1 0.19 -1 0.19 0.31 -1 -1 -1 -1
Evo 1.06 0.50 1.00 0.67 0.50 0.50 1.00 0.24 0.01 0.04 0.08 0.09 258 0
Result 1 66.0 400 0.52 0.27 -1 0.22 -1 0.20 0.31 -1 -1 -1 -1
Evo 1.03 0.50 1.00 0.75 0.50 0.50 1.00 0.25 0.01 0.05 0.06 0.09 210 0
Result 1 60.0 413 0.51 0.30 -1 0.22 -1 0.21 0.27 -1 -1 -1 -1
Evo 1.04 0.50 1.00 0.71 0.50 0.50 1.00 0.25 0.01 0.09 0.07 0.09 212 0
Result 1 64.0 396 0.53 0.29 -1 0.18 -1 0.19 0.33 -1 -1 -1 -1
Evo 1.04 0.50 1.00 0.70 0.50 0.50 1.00 0.25 0.01 0.02 0.06 0.09 143 0
Result 1 63.0 395 0.53 0.28 -1 0.21 -1 0.19 0.32 -1 -1 -1 -1
Evo 1.02 0.50 1.00 0.72 0.50 0.50 1.00 0.25 0.01 0.10 0.04 0.09 154 0
Result 1 53.0 278 0.53 0.30 -1 0.19 -1 0.19 0.32 -1 -1 -1 -1
Evo 1.03 0.50 1.00 0.77 0.50 1.00 1.00 0.25 0.01 0.07 0.06 0.09 186 0
Result 1 68.0 404 0.52 0.30 -1 0.18 -1 0.21 0.31 -1 -1 -1 -1
Evo 1.01 0.50 1.00 0.69 0.50 0.50 1.00 0.24 0.01 0.06 0.07 0.09 303 0
Result 1 66.0 484 0.52 0.27 -1 0.21 -1 0.22 0.30 -1 -1 -1 -1
Evo 1.03 0.50 1.00 0.72 0.50 0.50 1.00 0.25 0.01 0.06 0.05 0.09 242 0
Result 1 59.0 425 0.52 0.27 -1 0.22 -1 0.22 0.28 -1 -1 -1 -1
Evo 1.03 0.50 1.00 0.71 0.50 0.50 1.00 0.25 0.01 0.10 0.06 0.09 254 0
Result 1 68.0 442 0.53 0.28 -1 0.21 -1 0.20 0.32 -1 -1 -1 -1
Evo 1.02 0.50 1.00 0.75 0.50 1.00 1.00 0.25 0.01 0.08 0.06 0.09 199 0
Result 1 63.0 481 0.52 0.27 -1 0.20 -1 0.22 0.30 -1 -1 -1 -1
Evo 1.02 0.50 1.00 0.73 0.50 0.50 1.00 0.25 0.01 0.17 0.07 0.09 281 0
Result 1 71.0 572 0.53 0.28 -1 0.21 -1 0.19 0.32 -1 -1 -1 -1
Evo 1.04 0.50 1.00 0.71 0.50 0.50 1.00 0.25 0.01 0.11 0.06 0.09 230 0
Result 1 60.0 410 0.52 0.30 -1 0.18 -1 0.24 0.28 -1 -1 -1 -1
Evo 1.05 0.50 1.00 0.69 0.50 0.50 1.00 0.24 0.01 0.15 0.05 0.09 257 0
Result 1 63.0 422 0.53 0.25 -1 0.20 -1 0.22 0.34 -1 -1 -1 -1
Evo 1.01 0.50 1.00 0.69 0.50 0.50 1.00 0.24 0.01 0.08 0.06 0.08 256 3
Result 1 62.0 409 0.53 0.29 -1 0.21 -1 0.18 0.32 -1 -1 -1 -1
Evo 1.05 0.50 1.00 0.67 0.50 0.50 1.00 0.24 0.01 0.09 0.06 0.09 286 0
Result 1 63.0 430 0.53 0.31 -1 0.18 -1 0.19 0.32 -1 -1 -1 -1
Evo 1.02 0.50 1.00 0.70 0.50 0.50 1.00 0.25 0.01 0.02 0.05 0.08 247 0
Result 1 57.0 410 0.53 0.23 -1 0.20 -1 0.19 0.38 -1 -1 -1 -1
Evo 1.03 0.50 1.00 0.70 0.50 0.50 1.00 0.25 0.01 0.05 0.06 0.09 229 0
Result 1 63.0 407 0.52 0.29 -1 0.21 -1 0.20 0.31 -1 -1 -1 -1
Evo 1.02 0.50 1.00 0.62 0.50 0.50 0.50 0.22 0.01 0.08 0.05 0.09 255 0
Result 1 54.0 338 0.51 0.32 -1 0.22 -1 0.19 0.27 -1 -1 -1 -1
Evo 1.05 0.50 1.00 0.62 0.50 0.50 0.50 0.22 0.01 0.04 0.05 0.09 279 0
Result 1 58.0 370 0.53 0.22 -1 0.22 -1 0.23 0.33 -1 -1 -1 -1
Evo 1.03 0.50 1.00 0.76 0.50 1.00 1.00 0.25 0.01 0.10 0.06 0.09 211 0
Result 1 64.0 465 0.53 0.26 -1 0.22 -1 0.20 0.32 -1 -1 -1 -1
Evo 1.01 0.50 1.00 0.72 0.50 0.50 1.00 0.25 0.01 0.11 0.06 0.09 205 0
Result 1 56.0 360 0.52 0.29 -1 0.23 -1 0.19 0.29 -1 -1 -1 -1
Evo 1.05 0.50 1.00 0.69 0.50 0.50 1.00 0.24 0.01 0.10 0.05 0.09 221 0
Result 1 65.0 369 0.53 0.29 -1 0.19 -1 0.19 0.33 -1 -1 -1 -1
Evo 1.02 0.50 1.00 0.63 0.50 0.50 1.00 0.22 0.01 0.06 0.05 0.09 221 0
Result 1 60.0 366 0.53 0.28 -1 0.19 -1 0.18 0.35 -1 -1 -1 -1
Evo 1.05 0.50 1.00 0.68 0.50 0.50 1.00 0.24 0.01 0.07 0.05 0.09 255 0
Result 1 64.0 395 0.53 0.31 -1 0.17 -1 0.19 0.32 -1 -1 -1 -1
Evo 1.03 0.50 1.00 0.69 0.50 0.50 1.00 0.24 0.01 0.15 0.06 0.09 207 0
Result 1 62.0 348 0.53 0.27 -1 0.20 -1 0.19 0.34 -1 -1 -1 -1
Evo 1.03 0.50 1.00 0.66 0.50 0.50 1.00 0.23 0.01 0.09 0.06 0.09 290 0
Result 1 65.0 440 0.52 0.28 -1 0.20 -1 0.21 0.31 -1 -1 -1 -1
Evo 1.01 0.50 1.00 0.75 0.50 1.00 1.00 0.25 0.01 0.08 0.07 0.09 201 0
Result 1 40.0 419 0.52 0.29 -1 0.23 -1 0.19 0.29 -1 -1 -1 -1
Evo 1.05 0.50 1.00 0.71 0.50 0.50 1.00 0.25 0.01 0.05 0.05 0.08 166 0
Result 1 40.0 316 0.52 0.31 -1 0.21 -1 0.20 0.28 -1 -1 -1 -1
Evo 1.04 0.50 1.00 0.74 0.50 0.50 1.00 0.25 0.01 0.10 0.03 0.06 187 0
Result 1 40.0 455 0.52 0.30 -1 0.19 -1 0.23 0.28 -1 -1 -1 -1
Evo 1.02 0.50 1.00 0.74 0.50 0.50 1.00 0.25 0.01 0.13 0.05 0.09 189 0
Result 1 40.0 369 0.49 0.28 -1 0.24 -1 0.25 0.24 -1 -1 -1 -1
Evo 1.03 0.50 1.00 0.74 0.50 0.50 1.00 0.25 0.01 0.20 0.03 0.09 164 0
Result 1 40.0 347 0.51 0.32 -1 0.20 -1 0.22 0.26 -1 -1 -1 -1
Evo 1.03 0.50 1.00 0.71 0.50 0.50 1.00 0.25 0.01 0.19 0.05 0.09 161 0
Result 1 40.0 315 0.53 0.28 -1 0.21 -1 0.20 0.32 -1 -1 -1 -1
Evo 1.01 0.50 1.00 0.74 0.50 0.50 1.00 0.25 0.01 0.13 0.06 0.09 176 0
Result 1 40.0 335 0.50 0.33 -1 0.22 -1 0.20 0.26 -1 -1 -1 -1
Evo 1.07 0.50 1.00 0.71 0.50 0.50 1.00 0.25 0.01 0.12 0.05 0.08 188 0
Result 1 40.0 339 0.52 0.33 -1 0.18 -1 0.19 0.29 -1 -1 -1 -1
Evo 1.04 0.50 1.00 0.74 0.50 0.50 1.00 0.25 0.01 0.07 0.06 0.09 160 0
Result 1 40.0 368 0.52 0.28 -1 0.23 -1 0.20 0.30 -1 -1 -1 -1
Evo 1.04 0.50 1.00 0.72 0.50 0.50 1.00 0.25 0.01 0.04 0.06 0.08 192 0
Result 1 40.0 336 0.50 0.32 -1 0.22 -1 0.20 0.26 -1 -1 -1 -1
Evo 1.01 0.50 1.00 0.69 0.50 0.50 1.00 0.24 0.01 0.15 0.05 0.08 168 0
Result 1 40.0 409 0.50 0.31 -1 0.21 -1 0.22 0.25 -1 -1 -1 -1
Evo 1.02 0.50 1.00 0.72 0.50 0.50 1.00 0.25 0.01 0.15 0.03 0.07 170 0
Result 1 40.0 330 0.51 0.30 -1 0.20 -1 0.22 0.28 -1 -1 -1 -1
Evo 1.03 0.50 1.00 0.70 0.50 0.50 1.00 0.25 0.01 0.23 0.05 0.09 174 0
Result 1 40.0 321 0.52 0.32 -1 0.19 -1 0.20 0.28 -1 -1 -1 -1
Evo 1.02 0.50 1.00 0.80 0.50 1.00 1.00 0.25 0.01 0.06 0.06 0.09 163 0
Result 1 40.0 416 0.53 0.27 -1 0.22 -1 0.19 0.33 -1 -1 -1 -1
Evo 1.03 0.50 1.00 0.73 0.50 0.50 1.00 0.25 0.01 0.16 0.05 0.08 170 0
Result 1 40.0 311 0.52 0.29 -1 0.19 -1 0.23 0.28 -1 -1 -1 -1
Evo 1.02 0.50 1.00 0.72 0.50 0.50 1.00 0.25 0.01 0.32 0.05 0.09 176 0
Result 1 40.0 336 0.52 0.31 -1 0.22 -1 0.18 0.30 -1 -1 -1 -1
Evo 1.07 0.50 1.00 0.71 0.50 0.50 1.00 0.25 0.01 0.06 0.03 0.08 203 0
Result 1 40.0 365 0.52 0.27 -1 0.19 -1 0.23 0.31 -1 -1 -1 -1
Evo 1.07 0.50 1.00 0.75 0.50 0.50 1.00 0.25 0.01 0.13 0.06 0.09 199 0
Result 1 40.0 392 0.51 0.32 -1 0.23 -1 0.19 0.26 -1 -1 -1 -1
Evo 1.00 0.50 1.00 0.78 0.50 1.00 1.00 0.25 0.01 0.19 0.05 0.09 164 0
Result 1 40.0 420 0.52 0.31 -1 0.20 -1 0.19 0.30 -1 -1 -1 -1
Evo 1.08 0.50 1.00 0.66 0.50 0.50 1.00 0.23 0.01 0.06 0.06 0.09 187 0
Result 1 40.0 326 0.52 0.27 -1 0.24 -1 0.21 0.29 -1 -1 -1 -1
Evo 1.05 0.50 1.00 0.73 0.50 0.50 1.00 0.25 0.01 0.14 0.09 0.09 176 0
Result 1 59.0 348 0.53 0.29 -1 0.14 -1 0.21 0.35 -1 -1 -1 -1
Evo 1.04 0.50 1.00 0.71 0.50 0.50 1.00 0.25 0.01 0.06 0.09 0.09 187 0
Result 1 60.0 335 0.51 0.32 -1 0.17 -1 0.24 0.27 -1 -1 -1 -1
Evo 1.05 0.50 1.00 0.78 0.50 1.00 1.00 0.25 0.01 0.09 0.09 0.09 141 0
Result 1 56.0 343 0.53 0.24 -1 0.18 -1 0.24 0.34 -1 -1 -1 -1
Evo 1.05 0.50 1.00 0.71 0.50 0.50 1.00 0.25 0.01 0.06 0.09 0.09 195 0
Result 1 59.0 338 0.53 0.27 -1 0.15 -1 0.25 0.33 -1 -1 -1 -1
Evo 1.06 0.50 1.00 0.69 0.50 0.50 1.00 0.24 0.01 0.06 0.07 0.09 273 0
Result 1 57.0 434 0.53 0.29 -1 0.18 -1 0.21 0.33 -1 -1 -1 -1
Evo 1.03 0.50 1.00 0.72 0.50 0.50 1.00 0.25 0.01 0.07 0.08 0.09 219 0
Result 1 56.0 396 0.52 0.26 -1 0.19 -1 0.24 0.31 -1 -1 -1 -1
Evo 1.04 0.50 1.00 0.71 0.50 0.50 1.00 0.25 0.01 0.14 0.07 0.09 219 0
Result 1 57.0 387 0.53 0.28 -1 0.18 -1 0.19 0.35 -1 -1 -1 -1
Evo 1.06 0.50 1.00 0.69 0.50 0.50 1.00 0.24 0.01 0.06 0.07 0.09 228 1
Result 1 56.0 378 0.52 0.31 -1 0.18 -1 0.22 0.30 -1 -1 -1 -1
Evo 1.02 0.50 1.00 0.73 0.50 0.50 1.00 0.25 0.01 0.08 0.08 0.09 155 0
Result 1 57.0 394 0.52 0.32 -1 0.17 -1 0.21 0.30 -1 -1 -1 -1
Evo 1.03 0.50 1.00 0.69 0.50 0.50 1.00 0.24 0.01 0.11 0.06 0.09 214 0
Result 1 58.0 368 0.51 0.31 -1 0.20 -1 0.22 0.26 -1 -1 -1 -1
Evo 1.05 0.50 1.00 0.73 0.50 0.50 1.00 0.25 0.01 0.07 0.06 0.09 143 0
Result 1 53.0 383 0.53 0.29 -1 0.18 -1 0.21 0.32 -1 -1 -1 -1
Evo 1.02 0.50 1.00 0.73 0.50 0.50 1.00 0.25 0.01 0.08 0.09 0.09 176 0
Result 1 59.0 329 0.53 0.28 -1 0.12 -1 0.26 0.34 -1 -1 -1 -1
Evo 1.07 0.50 1.00 0.71 0.50 0.50 1.00 0.25 0.01 0.16 0.08 0.09 154 0
Result 1 63.0 399 0.53 0.26 -1 0.19 -1 0.23 0.32 -1 -1 -1 -1
Evo 1.02 0.50 1.00 0.75 0.50 1.00 1.00 0.25 0.01 0.04 0.04 0.09 197 0
Result 1 51.0 398 0.52 0.29 -1 0.20 -1 0.21 0.30 -1 -1 -1 -1
Evo 1.04 0.50 1.00 0.73 0.50 0.50 1.00 0.25 0.01 0.02 0.06 0.09 147 0
Result 1 57.0 430 0.53 0.26 -1 0.19 -1 0.20 0.35 -1 -1 -1 -1
Evo 1.12 0.50 1.00 0.71 0.50 0.50 1.00 0.25 0.01 0.02 0.08 0.09 201 0
Result 1 59.0 348 0.51 0.32 -1 0.17 -1 0.24 0.27 -1 -1 -1 -1
Evo 1.05 0.50 1.00 0.72 0.50 0.50 1.00 0.25 0.01 0.06 0.08 0.09 202 0
Result 1 57.0 367 0.52 0.28 -1 0.19 -1 0.23 0.30 -1 -1 -1 -1
Evo 1.06 0.50 1.00 0.72 0.50 0.50 1.00 0.25 0.01 0.08 0.09 0.09 169 0
Result 1 58.0 329 0.53 0.28 -1 0.16 -1 0.23 0.33 -1 -1 -1 -1
Evo 1.04 0.50 1.00 0.67 0.50 0.50 1.00 0.24 0.01 0.09 0.09 0.09 233 0
Result 1 62.0 386 0.51 0.32 -1 0.17 -1 0.24 0.28 -1 -1 -1 -1
Evo 1.08 0.50 1.00 0.73 0.50 0.50 1.00 0.25 0.01 0.07 0.09 0.09 175 0
Result 1 56.0 382 0.52 0.27 -1 0.18 -1 0.25 0.30 -1 -1 -1 -1
