Evo 1.01 0.00 1.00 0.92 1.00 1.00 1.00 0.27 0.01 0.15 0.13 0.57 -1 0
Result 0 -1.0 2000 0.45 0.19 0.15 0.16 0.16 0.15 0.18 -1 -1 -1 -1
Evo 1.01 0.00 1.00 0.92 1.00 1.00 1.00 0.27 0.01 0.34 0.16 0.51 -1 0
Result 0 -1.0 2000 0.43 0.19 0.16 0.15 0.16 0.16 0.16 -1 -1 -1 -1
Evo 1.01 0.00 1.00 0.92 1.00 1.00 1.00 0.27 0.01 0.23 0.11 0.53 -1 0
Result 0 -1.0 2000 0.47 0.21 0.16 0.15 0.16 0.16 0.17 -1 -1 -1 -1
Evo 1.02 0.00 1.00 0.92 1.00 1.00 1.00 0.27 0.01 0.15 0.16 0.58 -1 0
Result 0 -2.0 2000 0.46 0.19 0.16 0.16 0.15 0.16 0.18 -1 -1 -1 -1
Evo 1.01 0.00 1.00 0.92 1.00 1.00 1.00 0.27 0.01 0.17 0.12 0.47 -1 0
Result 0 -1.0 2000 0.44 0.18 0.17 0.16 0.17 0.16 0.16 -1 -1 -1 -1
Evo 1.01 0.00 1.00 0.92 1.00 1.00 1.00 0.27 0.01 0.16 0.12 0.45 -1 0
Result 0 -1.0 2000 0.42 0.19 0.16 0.17 0.15 0.17 0.16 -1 -1 -1 -1
Evo 1.01 0.00 1.00 0.92 1.00 1.00 1.00 0.27 0.01 0.27 0.12 0.52 -1 0
Result 0 -1.0 2000 0.46 0.20 0.14 0.17 0.16 0.16 0.17 -1 -1 -1 -1
Evo 1.01 0.00 1.00 0.92 1.00 1.00 1.00 0.27 0.01 0.46 0.15 0.50 -1 0
Result 0 -2.0 2000 0.46 0.20 0.16 0.17 0.15 0.15 0.17 -1 -1 -1 -1
Evo 1.01 0.00 1.00 0.92 1.00 1.00 1.00 0.27 0.01 0.19 0.13 0.49 -1 0
Result 0 0.0 2000 0.44 0.20 0.17 0.15 0.14 0.16 0.17 -1 -1 -1 -1
Evo 1.01 0.00 1.00 0.92 1.00 1.00 1.00 0.27 0.01 0.14 0.13 0.53 -1 0
Result 0 -1.0 2000 0.45 0.18 0.16 0.16 0.16 0.15 0.18 -1 -1 -1 -1
Evo 1.01 0.00 1.00 0.92 1.00 1.00 1.00 0.27 0.01 0.24 0.12 0.56 -1 0
Result 0 -1.0 2000 0.47 0.21 0.16 0.15 0.17 0.15 0.16 -1 -1 -1 -1
Evo 1.01 0.00 1.00 0.92 1.00 1.00 1.00 0.27 0.01 0.16 0.13 0.48 -1 0
Result 0 0.0 2000 0.45 0.19 0.16 0.16 0.15 0.15 0.19 -1 -1 -1 -1
Evo 1.01 0.00 1.00 0.92 1.00 1.00 1.00 0.27 0.01 0.25 0.18 0.80 -1 0
Result 0 0.0 2000 0.45 0.18 0.15 0.16 0.16 0.17 0.17 -1 -1 -1 -1
Evo 1.00 0.00 1.00 0.92 1.00 1.00 1.00 0.27 0.01 0.15 0.11 0.48 -1 0
Result 0 -1.0 2000 0.44 0.20 0.16 0.17 0.15 0.16 0.17 -1 -1 -1 -1
Evo 1.01 0.00 1.00 0.92 1.00 1.00 1.00 0.27 0.01 0.44 0.15 0.60 -1 0
Result 0 -1.0 2000 0.45 0.19 0.16 0.16 0.16 0.16 0.18 -1 -1 -1 -1
Evo 1.01 0.00 1.00 0.92 1.00 1.00 1.00 0.27 0.01 0.11 0.15 0.52 -1 0
Result 0 -1.0 2000 0.45 0.20 0.16 0.15 0.16 0.15 0.18 -1 -1 -1 -1
Evo 1.01 0.00 1.00 0.92 1.00 1.00 1.00 0.27 0.01 0.01 0.13 0.47 -1 0
Result 0 0.0 2000 0.44 0.20 0.17 0.15 0.16 0.15 0.17 -1 -1 -1 -1
Evo 1.02 0.00 1.00 0.92 1.00 1.00 1.00 0.27 0.01 0.06 0.18 0.75 -1 0
Result 0 -1.0 2000 0.45 0.19 0.15 0.17 0.16 0.17 0.17 -1 -1 -1 -1
Evo 1.01 0.00 1.00 0.92 1.00 1.00 1.00 0.27 0.01 0.01 0.13 0.51 -1 0
Result 0 0.0 2000 0.43 0.20 0.16 0.16 0.16 0.15 0.17 -1 -1 -1 -1
Evo 1.01 0.00 1.00 0.92 1.00 1.00 1.00 0.27 0.01 0.01 0.15 0.58 -1 0
Result 0 -1.0 2000 0.43 0.20 0.16 0.16 0.16 0.15 0.17 -1 -1 -1 -1
Evo 1.00 0.00 1.00 0.92 1.00 1.00 1.00 0.27 0.01 0.11 0.12 0.80 -1 0
Result 0 0.0 2000 0.44 0.18 0.17 0.15 0.17 0.15 0.18 -1 -1 -1 -1
Evo 1.01 0.00 1.00 0.92 1.00 1.00 1.00 0.27 0.01 0.12 0.14 0.77 -1 0
Result 0 0.0 2000 0.42 0.18 0.16 0.16 0.16 0.17 0.16 -1 -1 -1 -1
Evo 1.01 0.00 1.00 0.92 1.00 1.00 1.00 0.27 0.01 0.11 0.10 0.75 -1 0
Result 0 0.0 2000 0.44 0.19 0.16 0.16 0.17 0.14 0.17 -1 -1 -1 -1
Evo 1.00 0.00 1.00 0.92 1.00 1.00 1.00 0.27 0.01 0.11 0.23 0.77 -1 0
Result 0 -1.0 2000 0.44 0.19 0.16 0.15 0.16 0.15 0.18 -1 -1 -1 -1
Evo 1.01 0.00 1.00 0.92 1.00 1.00 1.00 0.27 0.01 0.02 0.23 0.85 -1 0
Result 0 -1.0 2000 0.42 0.20 0.17 0.15 0.15 0.17 0.16 -1 -1 -1 -1
Evo 1.00 0.00 1.00 0.92 1.00 1.00 1.00 0.27 0.01 0.01 0.10 0.76 -1 0
Result 0 0.0 2000 0.46 0.20 0.16 0.15 0.17 0.15 0.17 -1 -1 -1 -1
Evo 1.01 0.00 1.00 0.92 1.00 1.00 1.00 0.27 0.01 0.12 0.12 0.75 -1 0
Result 0 0.0 2000 0.46 0.19 0.15 0.16 0.16 0.15 0.19 -1 -1 -1 -1
Evo 1.00 0.00 1.00 0.92 1.00 1.00 1.00 0.27 0.01 0.12 0.12 0.71 -1 0
Result 0 -1.0 2000 0.44 0.18 0.16 0.16 0.15 0.17 0.17 -1 -1 -1 -1
Evo 1.01 0.00 1.00 0.92 1.00 1.00 1.00 0.27 0.01 0.12 0.12 0.77 -1 0
Result 0 0.0 2000 0.46 0.19 0.16 0.15 0.15 0.16 0.18 -1 -1 -1 -1
Evo 1.00 0.00 1.00 0.92 1.00 1.00 1.00 0.27 0.01 0.11 0.13 0.84 -1 0
Result 0 0.0 2000 0.43 0.18 0.16 0.16 0.17 0.16 0.17 -1 -1 -1 -1
Evo 1.01 0.00 1.00 0.92 1.00 1.00 1.00 0.27 0.01 0.11 0.12 0.71 -1 0
Result 0 0.0 2000 0.45 0.19 0.16 0.15 0.17 0.15 0.18 -1 -1 -1 -1
Evo 1.00 0.00 1.00 0.92 1.00 1.00 1.00 0.27 0.01 0.01 0.11 0.78 -1 0
Result 0 0.0 2000 0.46 0.20 0.15 0.16 0.17 0.15 0.17 -1 -1 -1 -1
Evo 1.00 0.00 1.00 0.92 1.00 1.00 1.00 0.27 0.01 0.12 0.26 0.82 -1 0
Result 0 0.0 2000 0.43 0.18 0.16 0.16 0.17 0.16 0.16 -1 -1 -1 -1
Evo 1.00 0.00 1.00 0.92 1.00 1.00 1.00 0.27 0.01 0.12 0.26 0.86 -1 0
Result 0 0.0 2000 0.45 0.19 0.16 0.16 0.16 0.15 0.18 -1 -1 -1 -1
Evo 1.00 0.00 1.00 0.92 1.00 1.00 1.00 0.27 0.01 0.11 0.11 0.81 -1 0
Result 0 0.0 2000 0.42 0.18 0.16 0.16 0.16 0.18 0.15 -1 -1 -1 -1
Evo 1.00 0.00 1.00 0.92 1.00 1.00 1.00 0.27 0.01 0.11 0.11 0.76 -1 0
Result 0 0.0 2000 0.45 0.19 0.17 0.15 0.16 0.14 0.19 -1 -1 -1 -1
Evo 1.01 0.00 1.00 0.92 1.00 1.00 1.00 0.27 0.01 0.11 0.11 0.82 -1 0
Result 0 0.0 2000 0.46 0.19 0.15 0.16 0.16 0.16 0.18 -1 -1 -1 -1
Evo 1.01 0.00 1.00 0.92 1.00 1.00 1.00 0.27 0.01 0.12 0.23 0.82 -1 0
Result 0 0.0 2000 0.45 0.20 0.16 0.15 0.15 0.16 0.18 -1 -1 -1 -1
Evo 1.00 0.00 1.00 0.92 1.00 1.00 1.00 0.27 0.01 0.11 0.12 0.81 -1 0
Result 0 0.0 2000 0.43 0.19 0.16 0.16 0.16 0.16 0.17 -1 -1 -1 -1
Evo 1.01 1.00 1.00 1.00 1.00 1.00 1.00 0.00 0.00 0.10 0.25 0.77 1722 0
Result 1 1.0 1840 0.46 0.19 0.16 0.17 0.15 0.15 0.17 -1 -1 -1 -1
Evo 1.01 0.00 0.50 0.46 0.50 0.50 0.50 0.13 0.00 0.06 0.19 0.63 -1 0
Result 0 0.0 2000 0.46 0.20 0.15 0.16 0.15 0.17 0.17 -1 -1 -1 -1
Evo 1.01 0.00 0.50 0.46 0.50 0.50 0.50 0.13 0.00 0.09 0.16 0.65 -1 0
Result 0 0.0 2000 0.46 0.19 0.16 0.15 0.16 0.16 0.19 -1 -1 -1 -1
Evo 1.01 0.00 0.50 0.46 0.50 0.50 0.50 0.13 0.00 0.07 0.19 0.71 -1 0
Result 0 0.0 2000 0.46 0.20 0.16 0.15 0.15 0.17 0.17 -1 -1 -1 -1
Evo 1.00 0.00 0.50 0.46 0.50 0.50 0.50 0.13 0.00 0.10 0.11 0.57 -1 0
Result 0 -1.0 2000 0.44 0.18 0.16 0.17 0.16 0.16 0.17 -1 -1 -1 -1
Evo 1.01 0.00 0.50 0.46 0.50 0.50 0.50 0.13 0.00 0.08 0.17 0.65 -1 0
Result 0 0.0 2000 0.44 0.18 0.17 0.16 0.16 0.16 0.18 -1 -1 -1 -1
Evo 1.00 0.00 0.50 0.46 0.50 0.50 0.50 0.13 0.00 0.10 0.18 0.70 -1 0
Result 0 0.0 2000 0.46 0.19 0.15 0.15 0.16 0.17 0.18 -1 -1 -1 -1
Evo 1.01 0.00 0.50 0.46 0.50 0.50 0.50 0.13 0.00 0.13 0.15 0.61 -1 0
Result 0 0.0 2000 0.44 0.19 0.16 0.16 0.15 0.17 0.18 -1 -1 -1 -1
Evo 1.01 0.00 0.50 0.46 0.50 0.50 0.50 0.13 0.00 0.09 0.18 0.72 -1 0
Result 0 0.0 2000 0.45 0.19 0.15 0.15 0.16 0.16 0.18 -1 -1 -1 -1
Evo 1.01 0.00 0.50 0.46 0.50 0.50 0.50 0.13 0.00 0.12 0.21 0.65 -1 0
Result 0 0.0 2000 0.43 0.20 0.16 0.15 0.16 0.16 0.16 -1 -1 -1 -1
Evo 1.01 0.00 0.50 0.46 0.50 0.50 0.50 0.13 0.00 0.10 0.17 0.65 -1 0
Result 0 0.0 2000 0.45 0.20 0.15 0.15 0.15 0.15 0.19 -1 -1 -1 -1
Evo 1.01 0.00 0.50 0.46 0.50 0.50 0.50 0.13 0.00 0.12 0.18 0.67 -1 0
Result 0 -5.0 1995 0.45 0.19 0.16 0.15 0.15 0.16 0.18 -1 -1 -1 -1
Evo 1.01 0.00 0.50 0.46 0.50 0.50 0.50 0.13 0.00 0.04 0.16 0.69 -1 0
Result 0 0.0 2000 0.46 0.19 0.15 0.16 0.15 0.15 0.19 -1 -1 -1 -1
Evo 1.01 0.00 0.50 0.46 0.50 0.50 0.50 0.13 0.00 0.14 0.19 0.77 -1 0
Result 0 0.0 2000 0.46 0.20 0.15 0.15 0.15 0.16 0.18 -1 -1 -1 -1
Evo 1.01 0.00 0.50 0.46 0.50 0.50 0.50 0.13 0.00 0.10 0.20 0.58 -1 0
Result 0 0.0 2000 0.44 0.18 0.15 0.17 0.16 0.17 0.18 -1 -1 -1 -1
Evo 1.00 0.00 0.50 0.46 0.50 0.50 0.50 0.13 0.00 0.13 0.18 0.59 -1 0
Result 0 0.0 2000 0.44 0.21 0.15 0.15 0.16 0.16 0.18 -1 -1 -1 -1
Evo 1.01 0.00 0.50 0.46 0.50 0.50 0.50 0.13 0.00 0.08 0.18 0.64 -1 0
Result 0 0.0 2000 0.47 0.21 0.14 0.16 0.15 0.17 0.18 -1 -1 -1 -1
Evo 1.00 0.00 0.50 0.46 0.50 0.50 0.50 0.13 0.00 0.12 0.19 0.61 -1 0
Result 0 0.0 2000 0.46 0.19 0.16 0.17 0.15 0.17 0.16 -1 -1 -1 -1
Evo 1.01 0.00 0.50 0.46 0.50 0.50 0.50 0.13 0.00 0.09 0.19 0.72 -1 0
Result 0 0.0 2000 0.45 0.19 0.15 0.16 0.16 0.17 0.18 -1 -1 -1 -1
Evo 1.00 0.00 0.50 0.46 0.50 0.50 0.50 0.13 0.00 0.07 0.19 0.64 -1 0
Result 0 0.0 2000 0.44 0.20 0.16 0.16 0.16 0.16 0.17 -1 -1 -1 -1
Evo 1.01 0.00 0.50 0.46 0.50 0.50 0.50 0.13 0.00 0.10 0.16 0.62 -1 0
Result 0 0.0 2000 0.45 0.21 0.15 0.14 0.16 0.16 0.18 -1 -1 -1 -1
Evo 1.01 0.50 1.00 0.55 0.50 0.50 0.50 0.15 0.00 0.14 0.20 0.77 1304 0
Result 1 34.0 1460 0.44 0.19 0.15 0.18 0.15 0.16 0.17 -1 -1 -1 -1
Evo 1.01 0.50 1.00 0.54 0.50 0.50 0.50 0.13 0.00 0.21 0.26 0.96 1448 0
Result 1 32.0 1565 0.45 0.18 0.16 0.17 0.17 0.16 0.17 -1 -1 -1 -1
Evo 1.01 0.50 1.00 0.54 0.50 0.50 0.50 0.13 0.00 0.15 0.24 0.96 1296 0
Result 1 33.0 1405 0.43 0.19 0.15 0.17 0.16 0.16 0.17 -1 -1 -1 -1
Evo 1.01 0.00 0.50 0.46 0.50 0.50 0.50 0.13 0.00 0.17 0.13 0.71 -1 0
Result 0 0.0 2000 0.46 0.19 0.13 0.16 0.15 0.18 0.18 -1 -1 -1 -1
Evo 1.01 0.00 0.50 0.46 0.50 0.50 0.50 0.13 0.00 0.39 0.10 0.56 -1 0
Result 0 -4.0 2000 0.42 0.21 0.15 0.15 0.18 0.16 0.16 -1 -1 -1 -1
Evo 1.01 0.50 1.00 0.54 0.50 0.50 0.50 0.14 0.00 0.27 0.17 0.74 1539 0
Result 1 32.0 1690 0.42 0.19 0.15 0.18 0.15 0.18 0.15 -1 -1 -1 -1
Evo 1.01 0.00 0.50 0.46 0.50 0.50 0.50 0.13 0.00 0.52 0.16 0.73 -1 0
Result 0 -1.0 2000 0.43 0.19 0.15 0.17 0.15 0.17 0.16 -1 -1 -1 -1
Evo 1.01 0.00 0.50 0.46 0.50 0.50 0.50 0.13 0.00 0.52 0.12 0.55 -1 0
Result 0 -2.0 2000 0.43 0.20 0.15 0.17 0.15 0.17 0.16 -1 -1 -1 -1
Evo 1.01 0.00 0.50 0.46 0.50 0.50 0.50 0.13 0.00 0.18 0.16 0.62 -1 0
Result 0 -2.0 2000 0.47 0.20 0.14 0.17 0.16 0.17 0.15 -1 -1 -1 -1
Evo 1.00 0.50 1.00 0.55 0.50 0.50 0.50 0.15 0.00 0.21 0.21 0.79 1395 0
Result 1 31.0 1540 0.43 0.21 0.15 0.17 0.14 0.16 0.17 -1 -1 -1 -1
Evo 1.02 0.00 0.50 0.46 0.50 0.50 0.50 0.13 0.00 0.19 0.12 0.66 -1 0
Result 0 -1.0 2000 0.47 0.20 0.14 0.18 0.14 0.17 0.17 -1 -1 -1 -1
Evo 1.01 0.50 1.00 0.56 0.50 0.50 0.50 0.17 0.00 0.29 0.16 0.92 1019 0
Result 1 32.0 1165 0.45 0.19 0.15 0.18 0.16 0.15 0.17 -1 -1 -1 -1
Evo 1.01 0.00 0.50 0.46 0.50 0.50 0.50 0.13 0.00 0.10 0.17 0.67 -1 0
Result 0 -1.0 2000 0.44 0.20 0.14 0.18 0.14 0.16 0.17 -1 -1 -1 -1
Evo 1.01 0.00 0.50 0.46 0.50 0.50 0.50 0.13 0.00 0.15 0.14 0.68 -1 0
Result 0 0.0 2000 0.45 0.19 0.16 0.17 0.15 0.17 0.16 -1 -1 -1 -1
Evo 1.01 0.00 0.50 0.46 0.50 0.50 0.50 0.13 0.00 0.13 0.16 0.66 -1 0
Result 0 0.0 2000 0.41 0.19 0.15 0.18 0.15 0.17 0.15 -1 -1 -1 -1
Evo 1.01 0.00 0.50 0.46 0.50 0.50 0.50 0.13 0.00 0.26 0.15 0.67 -1 0
Result 0 -1.0 2000 0.43 0.20 0.15 0.17 0.14 0.17 0.17 -1 -1 -1 -1
Evo 1.01 0.50 1.00 0.56 0.50 0.50 0.50 0.16 0.00 0.13 0.24 0.86 1269 0
Result 1 30.0 1425 0.46 0.19 0.15 0.17 0.16 0.16 0.16 -1 -1 -1 -1
Evo 1.01 0.00 0.50 0.46 0.50 0.50 0.50 0.13 0.00 0.17 0.19 0.83 -1 0
Result 0 -1.0 2000 0.45 0.18 0.15 0.18 0.15 0.17 0.17 -1 -1 -1 -1
Evo 1.04 0.50 1.00 0.58 0.50 0.50 0.50 0.18 0.01 0.27 0.17 0.85 908 0
Result 1 27.0 1075 0.46 0.19 0.15 0.14 0.17 0.16 0.19 -1 -1 -1 -1
Evo 1.01 0.00 0.50 0.46 0.50 0.50 0.50 0.13 0.00 0.11 0.14 0.59 -1 0
Result 0 -1.0 2000 0.41 0.19 0.15 0.18 0.14 0.18 0.15 -1 -1 -1 -1
Evo 1.01 0.00 0.50 0.46 0.50 0.50 0.50 0.13 0.00 0.20 0.09 0.46 -1 0
Result 0 0.0 2000 0.46 0.19 0.17 0.16 0.15 0.15 0.17 -1 -1 -1 -1
Evo 1.00 0.00 0.50 0.46 0.50 0.50 0.50 0.13 0.00 0.18 0.11 0.47 -1 0
Result 0 0.0 2000 0.44 0.18 0.17 0.16 0.17 0.17 0.16 -1 -1 -1 -1
Evo 1.01 0.00 0.50 0.46 0.50 0.50 0.50 0.13 0.00 0.35 0.15 0.48 -1 0
Result 0 -1.0 2000 0.46 0.20 0.18 0.16 0.16 0.15 0.16 -1 -1 -1 -1
Evo 1.01 0.00 0.50 0.46 0.50 0.50 0.50 0.13 0.00 0.23 0.12 0.45 -1 2
Result 0 -1.0 2000 0.46 0.19 0.16 0.17 0.16 0.15 0.16 -1 -1 -1 -1
Evo 1.01 0.00 0.50 0.46 0.50 0.50 0.50 0.13 0.00 0.14 0.11 0.45 -1 0
Result 0 -1.0 2000 0.45 0.16 0.16 0.16 0.17 0.16 0.18 -1 -1 -1 -1
Evo 1.01 0.00 0.50 0.46 0.50 0.50 0.50 0.13 0.00 0.12 0.11 0.46 -1 0
Result 0 -1.0 2000 0.42 0.18 0.18 0.16 0.17 0.16 0.16 -1 -1 -1 -1
Evo 1.01 0.00 0.50 0.46 0.50 0.50 0.50 0.13 0.00 0.20 0.14 0.48 -1 0
Result 0 0.0 2000 0.42 0.20 0.17 0.15 0.17 0.16 0.16 -1 -1 -1 -1
Evo 1.01 0.00 0.50 0.46 0.50 0.50 0.50 0.13 0.00 0.19 0.13 0.50 -1 1
Result 0 0.0 2000 0.42 0.20 0.17 0.15 0.17 0.15 0.16 -1 -1 -1 -1
Evo 1.01 0.00 0.50 0.46 0.50 0.50 0.50 0.13 0.00 0.27 0.15 0.47 -1 0
Result 0 -1.0 2000 0.45 0.19 0.18 0.15 0.16 0.14 0.18 -1 -1 -1 -1
Evo 1.01 0.00 0.50 0.46 0.50 0.50 0.50 0.13 0.00 0.25 0.08 0.50 -1 0
Result 0 0.0 2000 0.41 0.19 0.17 0.16 0.17 0.16 0.15 -1 -1 -1 -1
Evo 1.01 0.00 0.50 0.46 0.50 0.50 0.50 0.13 0.00 0.24 0.10 0.46 -1 0
Result 0 0.0 2000 0.41 0.20 0.16 0.17 0.16 0.15 0.15 -1 -1 -1 -1
Evo 1.00 0.00 0.50 0.46 0.50 0.50 0.50 0.13 0.00 0.17 0.08 0.60 -1 0
Result 0 0.0 2000 0.46 0.19 0.16 0.17 0.16 0.16 0.16 -1 -1 -1 -1
Evo 1.01 0.00 0.50 0.46 0.50 0.50 0.50 0.13 0.00 0.23 0.13 0.47 -1 0
Result 0 0.0 2000 0.43 0.18 0.16 0.17 0.16 0.17 0.17 -1 -1 -1 -1
Evo 1.01 0.00 0.50 0.46 0.50 0.50 0.50 0.13 0.00 0.15 0.13 0.51 -1 0
Result 0 0.0 2000 0.46 0.20 0.15 0.16 0.16 0.15 0.17 -1 -1 -1 -1
Evo 1.01 0.00 0.50 0.46 0.50 0.50 0.50 0.13 0.00 0.17 0.13 0.51 -1 0
Result 0 -2.0 2000 0.42 0.18 0.18 0.17 0.15 0.16 0.16 -1 -1 -1 -1
Evo 1.01 0.00 0.50 0.46 0.50 0.50 0.50 0.13 0.00 0.52 0.15 0.55 -1 0
Result 0 -1.0 2000 0.44 0.20 0.16 0.15 0.16 0.15 0.18 -1 -1 -1 -1
Evo 1.00 0.00 0.50 0.46 0.50 0.50 0.50 0.13 0.00 0.13 0.14 0.46 -1 1
Result 0 0.0 2000 0.43 0.20 0.16 0.17 0.15 0.16 0.16 -1 -1 -1 -1
Evo 1.01 0.00 0.50 0.46 0.50 0.50 0.50 0.13 0.00 0.12 0.13 0.50 -1 0
Result 0 0.0 2000 0.45 0.18 0.16 0.16 0.16 0.16 0.17 -1 -1 -1 -1
Evo 1.00 0.00 0.50 0.46 0.50 0.50 0.50 0.13 0.00 0.15 0.07 0.50 -1 1
Result 0 0.0 2000 0.44 0.20 0.15 0.16 0.15 0.16 0.18 -1 -1 -1 -1
Evo 1.01 0.00 0.50 0.46 0.50 0.50 0.50 0.13 0.00 0.19 0.10 0.46 -1 0
Result 0 0.0 2000 0.46 0.19 0.16 0.16 0.16 0.17 0.17 -1 -1 -1 -1
