Evo 1.00 0.00 1.00 0.99 1.00 1.00 1.00 0.07 0.00 0.12 0.39 1.00 -1 17
Result 0 30.0 401 0.40 0.14 0.16 0.14 0.16 0.21 0.19 -1 -1 -1 -1
Evo 1.00 0.00 1.00 1.00 1.00 1.00 1.00 0.04 0.00 0.09 0.51 1.00 -1 21
Result 0 58.0 760 0.41 0.16 0.15 0.15 0.15 0.18 0.21 -1 -1 -1 -1
Evo 1.00 0.00 1.00 1.00 1.00 1.00 1.00 0.04 0.00 0.11 0.56 1.00 -1 14
Result 0 72.0 780 0.44 0.17 0.17 0.14 0.16 0.18 0.18 -1 -1 -1 -1
Evo 1.00 0.00 1.00 1.00 1.00 1.00 1.00 0.03 0.00 0.08 0.67 1.00 -1 16
Result 0 66.0 900 0.42 0.15 0.16 0.15 0.16 0.19 0.19 -1 -1 -1 -1
Evo 1.00 1.00 1.00 1.00 1.00 1.00 1.00 0.00 0.00 0.17 0.53 1.00 -1 21
Result 0 40.0 710 0.41 0.15 0.15 0.15 0.16 0.19 0.20 -1 -1 -1 -1
Evo 1.00 0.00 1.00 1.00 1.00 1.00 1.00 0.03 0.00 0.10 0.67 1.00 971 6
Result 1 64.0 1000 0.41 0.17 0.15 0.16 0.15 0.16 0.22 -1 -1 -1 -1
Evo 1.00 0.50 1.00 0.52 0.50 0.50 0.50 0.09 0.00 0.10 0.63 1.00 971 21
Result 1 76.0 1000 0.42 0.16 0.16 0.16 0.15 0.17 0.20 -1 -1 -1 -1
Evo 1.00 0.00 0.50 0.50 0.50 0.50 0.50 0.03 0.00 0.25 0.61 1.00 -1 2
Result 0 56.0 912 0.41 0.15 0.16 0.17 0.17 0.19 0.16 -1 -1 -1 -1
Evo 1.00 0.00 0.50 0.50 0.50 0.50 0.50 0.03 0.00 0.30 0.45 1.00 -1 19
Result 0 54.0 621 0.44 0.15 0.14 0.13 0.18 0.18 0.23 -1 -1 -1 -1
Evo 1.00 0.00 1.00 0.51 0.50 0.50 0.50 0.10 0.00 0.01 0.56 1.00 971 22
Result 1 64.0 1000 0.41 0.15 0.15 0.16 0.16 0.18 0.20 -1 -1 -1 -1
Evo 1.00 0.00 0.50 0.50 0.50 0.50 0.50 0.02 0.00 0.29 0.36 1.00 -1 20
Result 0 28.0 404 0.42 0.17 0.14 0.13 0.16 0.19 0.21 -1 -1 -1 -1
Evo 1.00 0.00 0.50 0.50 0.50 0.50 0.50 0.02 0.00 0.06 0.37 1.00 -1 14
Result 0 42.0 433 0.42 0.15 0.16 0.14 0.15 0.20 0.19 -1 -1 -1 -1
Evo 1.00 0.00 0.50 0.50 0.50 0.50 0.50 0.03 0.00 0.32 0.36 0.93 -1 18
Result 0 22.0 467 0.42 0.16 0.16 0.15 0.16 0.18 0.19 -1 -1 -1 -1
Evo 1.00 0.00 0.50 0.50 0.50 0.50 0.50 0.02 0.00 0.18 0.45 1.00 -1 17
Result 0 36.0 530 0.40 0.17 0.14 0.13 0.15 0.20 0.21 -1 -1 -1 -1
Evo 1.00 0.00 0.50 0.50 0.50 0.50 0.50 0.04 0.00 0.32 0.49 1.00 -1 23
Result 0 30.0 591 0.42 0.16 0.16 0.14 0.16 0.20 0.18 -1 -1 -1 -1
Evo 1.00 0.00 0.50 0.50 0.50 0.50 0.50 0.02 0.00 0.10 0.46 1.00 -1 6
Result 0 36.0 638 0.43 0.18 0.15 0.14 0.16 0.17 0.20 -1 -1 -1 -1
Evo 1.00 0.00 0.50 0.50 0.50 0.50 0.50 0.04 0.00 0.32 0.36 1.00 -1 16
Result 0 24.0 361 0.47 0.21 0.16 0.12 0.17 0.20 0.14 -1 -1 -1 -1
Evo 1.00 0.00 0.50 0.50 0.50 0.50 0.50 0.04 0.00 0.44 0.36 1.00 -1 12
Result 0 22.0 300 0.44 0.12 0.18 0.15 0.16 0.24 0.15 -1 -1 -1 -1
Evo 1.00 0.50 0.50 0.50 0.50 0.50 0.50 0.00 0.00 0.17 0.39 1.00 -1 16
Result 0 28.0 490 0.45 0.19 0.15 0.13 0.15 0.18 0.20 -1 -1 -1 -1
Evo 1.00 0.50 1.00 0.52 0.50 0.50 0.50 0.09 0.00 0.09 0.59 1.00 971 22
Result 1 76.0 1000 0.42 0.15 0.16 0.17 0.15 0.18 0.18 -1 -1 -1 -1
Evo 1.00 0.00 1.00 0.51 0.50 0.50 0.50 0.09 0.00 0.08 0.48 1.00 971 0
Result 1 70.0 1000 0.41 0.18 0.15 0.16 0.15 0.18 0.18 -1 -1 -1 -1
Evo 1.00 0.00 1.00 0.51 0.50 0.50 0.50 0.09 0.00 0.09 0.48 0.91 971 31
Result 1 60.0 1000 0.42 0.19 0.16 0.14 0.17 0.15 0.19 -1 -1 -1 -1
Evo 1.00 0.00 1.00 0.51 0.50 0.50 0.50 0.07 0.00 0.23 0.59 1.00 971 31
Result 0 52.0 990 0.42 0.16 0.16 0.16 0.16 0.19 0.17 -1 -1 -1 -1
Evo 1.00 0.00 0.50 0.50 0.50 0.50 0.50 0.02 0.00 0.19 0.38 1.00 -1 22
Result 0 28.0 496 0.41 0.14 0.16 0.15 0.15 0.20 0.20 -1 -1 -1 -1
Evo 1.00 0.50 1.00 0.51 0.50 0.50 0.50 0.09 0.00 0.15 0.53 1.00 971 31
Result 0 52.0 1000 0.42 0.16 0.14 0.16 0.16 0.19 0.19 -1 -1 -1 -1
Evo 1.00 0.00 0.50 0.50 0.50 0.50 0.50 0.02 0.00 0.33 0.34 0.91 -1 10
Result 0 28.0 460 0.43 0.16 0.15 0.14 0.14 0.18 0.23 -1 -1 -1 -1
Evo 1.00 0.50 0.50 0.50 0.50 0.50 0.50 0.00 0.00 0.23 0.35 0.99 -1 21
Result 0 32.0 580 0.41 0.15 0.17 0.14 0.15 0.19 0.20 -1 -1 -1 -1
Evo 1.00 0.00 1.00 0.50 0.50 0.50 0.50 0.03 0.00 0.20 0.53 1.00 971 9
Result 0 62.0 972 0.45 0.18 0.15 0.15 0.14 0.17 0.20 -1 -1 -1 -1
Evo 1.00 0.50 1.00 0.51 0.50 0.50 0.50 0.09 0.00 0.10 0.49 1.00 971 29
Result 1 70.0 1000 0.42 0.16 0.15 0.16 0.14 0.18 0.20 -1 -1 -1 -1
Evo 1.00 0.00 0.50 0.50 0.50 0.50 0.50 0.02 0.00 0.23 0.55 1.00 -1 5
Result 0 40.0 941 0.40 0.15 0.15 0.16 0.14 0.20 0.20 -1 -1 -1 -1
Evo 1.00 0.00 1.00 0.51 0.50 0.50 0.50 0.09 0.00 0.08 0.57 1.00 971 21
Result 1 56.0 1000 0.42 0.17 0.16 0.15 0.16 0.16 0.20 -1 -1 -1 -1
Evo 1.00 0.50 0.50 0.50 0.50 0.50 0.50 0.00 0.00 0.35 0.27 1.00 -1 0
Result 0 14.0 300 0.41 0.18 0.13 0.13 0.15 0.24 0.17 -1 -1 -1 -1
Evo 1.00 0.50 0.50 0.50 0.50 0.50 0.50 0.00 0.00 0.33 0.38 1.00 -1 41
Result 0 24.0 520 0.42 0.13 0.17 0.13 0.16 0.20 0.21 -1 -1 -1 -1
Evo 1.00 0.50 0.50 0.50 0.50 0.50 0.50 0.00 0.00 0.20 0.51 1.00 -1 4
Result 0 50.0 860 0.44 0.18 0.16 0.14 0.15 0.18 0.19 -1 -1 -1 -1
Evo 1.00 0.00 1.00 0.51 0.50 0.50 0.50 0.09 0.00 0.19 0.55 1.00 971 16
Result 1 58.0 1000 0.42 0.18 0.16 0.14 0.16 0.16 0.19 -1 -1 -1 -1
Evo 1.00 0.00 1.00 0.51 0.50 0.50 0.50 0.09 0.00 0.13 0.54 1.00 971 20
Result 1 70.0 1000 0.43 0.15 0.16 0.15 0.17 0.17 0.20 -1 -1 -1 -1
Evo 1.00 0.00 1.00 0.51 0.50 0.50 0.50 0.09 0.00 0.07 0.57 1.00 971 34
Result 1 58.0 1000 0.41 0.17 0.15 0.16 0.15 0.18 0.19 -1 -1 -1 -1
Evo 1.00 0.50 0.50 0.50 0.50 0.50 0.50 0.00 0.00 0.23 0.42 1.00 -1 8
Result 0 44.0 610 0.41 0.14 0.16 0.15 0.15 0.20 0.19 -1 -1 -1 -1
Evo 1.00 0.50 1.00 0.52 0.50 0.50 0.50 0.09 0.00 0.22 0.52 1.00 971 30
Result 1 72.0 1000 0.42 0.17 0.16 0.15 0.15 0.18 0.19 -1 -1 -1 -1
Evo 1.00 0.00 1.00 0.51 0.50 0.50 0.50 0.09 0.00 0.04 0.47 1.00 971 20
Result 1 68.0 1000 0.42 0.16 0.18 0.15 0.15 0.16 0.20 -1 -1 -1 -1
Evo 1.00 0.50 1.00 0.51 0.50 0.50 0.50 0.09 0.00 0.27 0.59 1.00 971 0
Result 1 36.0 1000 0.43 0.18 0.16 0.15 0.16 0.18 0.16 -1 -1 -1 -1
Evo 1.00 0.00 0.50 0.50 0.50 0.50 0.50 0.03 0.00 0.23 0.53 1.00 -1 0
Result 0 50.0 760 0.43 0.17 0.16 0.13 0.18 0.17 0.19 -1 -1 -1 -1
Evo 1.00 0.00 1.00 0.51 0.50 0.50 0.50 0.09 0.00 0.19 0.31 0.55 971 0
Result 1 46.0 1000 0.41 0.15 0.14 0.18 0.16 0.17 0.20 -1 -1 -1 -1
Evo 1.00 0.00 1.00 0.51 0.50 0.50 0.50 0.09 0.00 0.12 0.49 0.83 971 0
Result 1 44.0 1000 0.42 0.17 0.16 0.16 0.15 0.16 0.19 -1 -1 -1 -1
Evo 1.00 0.50 1.00 0.51 0.50 0.50 0.50 0.09 0.00 0.26 0.49 1.00 971 0
Result 1 46.0 1000 0.41 0.19 0.15 0.15 0.17 0.16 0.18 -1 -1 -1 -1
Evo 1.00 0.00 0.50 0.50 0.50 0.50 0.50 0.02 0.00 0.22 0.49 1.00 -1 0
Result 0 34.0 626 0.43 0.18 0.14 0.15 0.16 0.19 0.18 -1 -1 -1 -1
Evo 1.00 0.50 0.50 0.50 0.50 0.50 0.50 0.00 0.00 0.33 0.46 1.00 -1 0
Result 0 24.0 450 0.41 0.15 0.19 0.13 0.17 0.19 0.17 -1 -1 -1 -1
Evo 1.00 0.50 1.00 0.51 0.50 0.50 0.50 0.09 0.00 0.29 0.74 1.00 971 3
Result 1 42.0 1000 0.41 0.15 0.15 0.17 0.17 0.17 0.19 -1 -1 -1 -1
Evo 1.00 0.00 0.50 0.50 0.50 0.50 0.50 0.03 0.00 0.36 0.21 0.75 -1 7
Result 0 14.0 235 0.41 0.18 0.15 0.12 0.16 0.18 0.20 -1 -1 -1 -1
Evo 1.00 0.50 1.00 0.51 0.50 0.50 0.50 0.09 0.00 0.20 0.67 1.00 971 0
Result 1 26.0 1000 0.43 0.16 0.16 0.16 0.16 0.17 0.19 -1 -1 -1 -1
Evo 1.00 0.50 0.50 0.50 0.50 0.50 0.50 0.00 0.00 0.22 0.50 1.00 -1 0
Result 0 40.0 600 0.42 0.15 0.16 0.14 0.17 0.19 0.19 -1 -1 -1 -1
Evo 1.01 0.00 0.50 0.49 0.50 0.50 0.50 0.06 0.01 0.53 0.12 0.50 -1 0
Result 0 8.0 119 0.38 0.13 0.18 0.16 0.18 0.17 0.19 -1 -1 -1 -1
Evo 1.00 0.50 0.50 0.50 0.50 0.50 0.50 0.00 0.00 0.38 0.45 1.00 -1 0
Result 0 30.0 520 0.40 0.17 0.15 0.13 0.14 0.19 0.21 -1 -1 -1 -1
Evo 1.00 0.00 0.50 0.50 0.50 0.50 0.50 0.02 0.00 0.20 0.64 1.00 -1 9
Result 0 50.0 951 0.42 0.16 0.16 0.16 0.16 0.18 0.18 -1 -1 -1 -1
Evo 1.00 0.00 1.00 0.51 0.50 0.50 0.50 0.09 0.00 0.27 0.55 1.00 971 5
Result 1 46.0 1000 0.42 0.15 0.16 0.15 0.15 0.18 0.20 -1 -1 -1 -1
Evo 1.00 0.50 0.50 0.50 0.50 0.50 0.50 0.00 0.00 0.31 0.48 1.00 -1 0
Result 0 32.0 540 0.43 0.17 0.15 0.14 0.16 0.20 0.18 -1 -1 -1 -1
Evo 1.00 0.50 0.50 0.50 0.50 0.50 0.50 0.00 0.00 0.18 0.63 1.00 -1 19
Result 0 44.0 830 0.42 0.14 0.16 0.17 0.15 0.20 0.17 -1 -1 -1 -1
Evo 1.00 0.00 1.00 0.51 0.50 0.50 0.50 0.09 0.00 0.25 0.53 1.00 971 0
Result 1 38.0 1000 0.42 0.16 0.16 0.17 0.15 0.18 0.18 -1 -1 -1 -1
Evo 1.00 0.50 1.00 0.51 0.50 0.50 0.50 0.09 0.00 0.17 0.67 1.00 971 0
Result 1 48.0 1000 0.41 0.15 0.17 0.15 0.17 0.17 0.19 -1 -1 -1 -1
Evo 1.00 0.50 0.50 0.50 0.50 0.50 0.50 0.00 0.00 0.21 0.63 1.00 -1 0
Result 0 32.0 950 0.44 0.15 0.17 0.15 0.16 0.19 0.18 -1 -1 -1 -1
Evo 1.00 0.00 0.50 0.50 0.50 0.50 0.50 0.02 0.00 0.42 0.50 1.00 -1 0
Result 0 42.0 661 0.43 0.17 0.15 0.13 0.17 0.17 0.21 -1 -1 -1 -1
Evo 1.00 0.00 0.50 0.49 0.50 0.50 0.50 0.06 0.00 0.23 0.24 0.78 -1 0
Result 0 14.0 335 0.40 0.16 0.15 0.17 0.14 0.21 0.18 -1 -1 -1 -1
Evo 1.00 0.00 0.50 0.50 0.50 0.50 0.50 0.03 0.00 0.39 0.31 0.93 -1 0
Result 0 26.0 411 0.41 0.15 0.14 0.15 0.15 0.19 0.21 -1 -1 -1 -1
Evo 1.00 0.00 1.00 0.51 0.50 0.50 0.50 0.09 0.00 0.06 0.48 1.00 971 0
Result 1 82.0 1000 0.43 0.16 0.17 0.14 0.17 0.16 0.19 -1 -1 -1 -1
Evo 1.00 0.00 0.50 0.49 0.50 0.50 0.50 0.05 0.00 0.19 0.29 0.72 -1 0
Result 0 24.0 379 0.42 0.16 0.16 0.14 0.16 0.17 0.22 -1 -1 -1 -1
Evo 1.00 0.00 0.50 0.50 0.50 0.50 0.50 0.03 0.00 0.26 0.22 0.64 -1 0
Result 0 6.0 289 0.43 0.18 0.18 0.16 0.17 0.17 0.14 -1 -1 -1 -1
Evo 1.00 0.00 0.50 0.50 0.50 0.50 0.50 0.02 0.00 0.32 0.51 1.00 -1 0
Result 0 36.0 591 0.42 0.18 0.14 0.16 0.16 0.20 0.17 -1 -1 -1 -1
Evo 1.00 0.00 0.50 0.50 0.50 0.50 0.50 0.02 0.00 0.20 0.48 1.00 -1 0
Result 0 58.0 851 0.42 0.16 0.16 0.16 0.14 0.20 0.18 -1 -1 -1 -1
Evo 1.00 0.00 0.50 0.50 0.50 0.50 0.50 0.04 0.00 0.33 0.17 0.49 -1 11
Result 0 12.0 329 0.42 0.15 0.16 0.21 0.13 0.16 0.20 -1 -1 -1 -1
Evo 1.00 0.00 0.50 0.50 0.50 0.50 0.50 0.02 0.00 0.15 0.58 1.00 -1 0
Result 0 54.0 900 0.44 0.17 0.18 0.13 0.15 0.18 0.19 -1 -1 -1 -1
Evo 1.00 0.00 0.50 0.49 0.50 0.50 0.50 0.08 0.00 0.21 0.22 0.68 -1 0
Result 0 10.0 256 0.44 0.17 0.16 0.14 0.16 0.16 0.21 -1 -1 -1 -1
Evo 1.00 0.00 1.00 0.51 0.50 0.50 0.50 0.09 0.00 0.04 0.67 1.00 971 14
Result 1 72.0 1000 0.43 0.16 0.17 0.14 0.16 0.17 0.20 -1 -1 -1 -1
Evo 1.00 0.00 0.50 0.50 0.50 0.50 0.50 0.05 0.00 0.44 0.39 1.00 -1 0
Result 0 20.0 473 0.46 0.14 0.14 0.15 0.19 0.20 0.18 -1 -1 -1 -1
Evo 1.00 0.00 1.00 0.51 0.50 0.50 0.50 0.09 0.00 0.11 0.70 1.00 971 0
Result 1 80.0 1000 0.44 0.17 0.15 0.15 0.16 0.17 0.18 -1 -1 -1 -1
Evo 1.00 0.00 1.00 0.51 0.50 0.50 0.50 0.09 0.00 0.10 0.57 1.00 971 0
Result 1 68.0 1000 0.43 0.18 0.17 0.13 0.16 0.16 0.20 -1 -1 -1 -1
Evo 1.00 0.50 0.50 0.50 0.50 0.50 0.50 0.00 0.00 0.40 0.41 1.00 -1 0
Result 0 34.0 450 0.39 0.20 0.16 0.12 0.14 0.19 0.20 -1 -1 -1 -1
Evo 1.00 0.50 0.50 0.50 0.50 0.50 0.50 0.00 0.00 0.20 0.44 1.00 -1 0
Result 0 56.0 650 0.41 0.21 0.15 0.12 0.15 0.18 0.19 -1 -1 -1 -1
Evo 1.00 0.00 1.00 0.51 0.50 0.50 0.50 0.09 0.00 0.19 0.48 1.00 971 0
Result 1 60.0 1000 0.43 0.16 0.15 0.17 0.16 0.18 0.18 -1 -1 -1 -1
Evo 1.00 0.50 0.50 0.50 0.50 0.50 0.50 0.00 0.00 0.22 0.56 1.00 -1 6
Result 0 36.0 760 0.42 0.15 0.16 0.16 0.16 0.20 0.18 -1 -1 -1 -1
Evo 1.00 0.50 0.50 0.50 0.50 0.50 0.50 0.00 0.00 0.19 0.55 1.00 -1 0
Result 0 44.0 850 0.42 0.15 0.17 0.15 0.16 0.18 0.20 -1 -1 -1 -1
Evo 1.00 0.00 1.00 0.51 0.50 0.50 0.50 0.09 0.00 0.08 0.58 1.00 971 39
Result 1 86.0 1000 0.43 0.16 0.15 0.15 0.16 0.18 0.20 -1 -1 -1 -1
Evo 1.00 0.50 0.50 0.50 0.50 0.50 0.50 0.00 0.00 0.18 0.34 1.00 -1 55
Result 0 24.0 320 0.43 0.17 0.16 0.11 0.18 0.20 0.19 -1 -1 -1 -1
Evo 1.00 0.00 1.00 0.51 0.50 0.50 0.50 0.09 0.00 0.06 0.60 1.00 971 76
Result 1 88.0 1000 0.40 0.14 0.17 0.15 0.16 0.18 0.19 -1 -1 -1 -1
Evo 1.00 0.00 1.00 0.51 0.50 0.50 0.50 0.09 0.00 0.08 0.65 1.00 971 37
Result 1 82.0 1000 0.42 0.17 0.15 0.14 0.16 0.16 0.21 -1 -1 -1 -1
Evo 1.00 0.00 1.00 0.51 0.50 0.50 0.50 0.09 0.00 0.03 0.60 1.00 971 49
Result 1 64.0 1000 0.40 0.15 0.14 0.15 0.15 0.19 0.20 -1 -1 -1 -1
Evo 1.00 0.00 1.00 0.51 0.50 0.50 0.50 0.10 0.00 0.09 0.39 0.68 971 66
Result 1 70.0 1000 0.43 0.16 0.17 0.16 0.14 0.16 0.19 -1 -1 -1 -1
Evo 1.00 0.00 0.50 0.49 0.50 0.50 0.50 0.05 0.00 0.48 0.18 0.45 -1 73
Result 0 10.0 369 0.43 0.16 0.14 0.16 0.16 0.16 0.22 -1 -1 -1 -1
Evo 1.00 0.50 1.00 0.52 0.50 0.50 0.50 0.09 0.00 0.10 0.52 1.00 971 38
Result 1 82.0 1000 0.43 0.17 0.15 0.14 0.15 0.19 0.20 -1 -1 -1 -1
Evo 1.00 0.00 1.00 0.51 0.50 0.50 0.50 0.09 0.00 0.13 0.57 1.00 971 13
Result 1 72.0 1000 0.42 0.16 0.14 0.16 0.15 0.20 0.19 -1 -1 -1 -1
Evo 1.00 0.00 0.50 0.50 0.50 0.50 0.50 0.02 0.00 0.02 0.58 1.00 -1 70
Result 0 66.0 832 0.44 0.15 0.17 0.14 0.17 0.18 0.19 -1 -1 -1 -1
Evo 1.00 0.50 1.00 0.51 0.50 0.50 0.50 0.07 0.00 0.11 0.61 1.00 971 20
Result 0 72.0 990 0.43 0.15 0.16 0.14 0.17 0.18 0.20 -1 -1 -1 -1
Evo 1.00 0.00 0.50 0.50 0.50 0.50 0.50 0.05 0.00 0.46 0.28 0.80 -1 82
Result 0 24.0 354 0.43 0.18 0.17 0.14 0.15 0.18 0.19 -1 -1 -1 -1
Evo 1.00 0.00 0.50 0.50 0.50 0.50 0.50 0.03 0.00 0.27 0.45 1.00 -1 41
Result 0 42.0 530 0.40 0.17 0.16 0.14 0.14 0.19 0.20 -1 -1 -1 -1
Evo 1.00 0.50 1.00 0.51 0.50 0.50 0.50 0.09 0.00 0.14 0.37 0.70 971 145
Result 1 48.0 1000 0.45 0.18 0.13 0.17 0.15 0.17 0.20 -1 -1 -1 -1
Evo 1.00 0.50 1.00 0.52 0.50 0.50 0.50 0.09 0.00 0.08 0.67 1.00 971 55
Result 1 96.0 1000 0.41 0.17 0.16 0.14 0.15 0.18 0.20 -1 -1 -1 -1
Evo 1.00 0.00 0.50 0.50 0.50 0.50 0.50 0.04 0.00 0.14 0.50 1.00 -1 18
Result 0 68.0 866 0.41 0.15 0.15 0.15 0.16 0.19 0.20 -1 -1 -1 -1
Evo 1.00 0.00 1.00 0.51 0.50 0.50 0.50 0.09 0.00 0.03 0.66 1.00 971 30
Result 1 74.0 1000 0.40 0.15 0.15 0.15 0.14 0.19 0.22 -1 -1 -1 -1
Evo 1.00 0.50 0.50 0.50 0.50 0.50 0.50 0.00 0.00 0.19 0.43 1.00 -1 69
Result 0 48.0 560 0.42 0.16 0.16 0.14 0.16 0.19 0.19 -1 -1 -1 -1
Evo 1.00 0.00 0.50 0.49 0.50 0.50 0.50 0.05 0.00 0.11 0.45 1.00 -1 35
Result 0 66.0 909 0.41 0.18 0.16 0.14 0.15 0.18 0.19 -1 -1 -1 -1
Evo 1.00 0.50 1.00 0.52 0.50 0.50 0.50 0.09 0.00 0.16 0.58 1.00 971 63
Result 1 98.0 1000 0.42 0.17 0.15 0.15 0.15 0.18 0.20 -1 -1 -1 -1
