Evo 1.02 0.00 1.00 0.50 0.00 1.00 1.00 0.51 0.07 0.50 0.01 0.05 -1 12
Result 0 -10.0 49 0.45 0.16 0.20 0.20 0.18 0.26 -1 -1 -1 -1 -1
Evo 1.02 0.00 1.00 0.69 0.00 1.00 1.00 0.47 0.06 0.52 0.01 0.06 -1 8
Result 0 -10.0 51 0.49 0.13 0.21 0.33 0.23 0.10 -1 -1 -1 -1 -1
Evo 1.02 0.00 1.00 0.38 0.00 0.00 1.00 0.49 0.07 0.53 0.02 0.06 -1 8
Result 0 -10.0 55 0.49 0.25 0.23 0.20 0.21 0.11 -1 -1 -1 -1 -1
Evo 1.02 0.00 1.00 0.72 0.00 1.00 1.00 0.45 0.07 0.51 0.02 0.06 -1 8
Result 0 -10.0 46 0.41 0.26 0.21 0.19 0.15 0.19 -1 -1 -1 -1 -1
Evo 1.02 0.00 1.00 0.72 0.00 1.00 1.00 0.45 0.06 0.51 0.03 0.07 -1 11
Result 0 -10.0 57 0.45 0.19 0.16 0.14 0.22 0.29 -1 -1 -1 -1 -1
Evo 1.02 0.00 1.00 0.82 1.00 1.00 1.00 0.39 0.05 0.45 0.02 0.06 -1 11
Result 0 -10.0 49 0.51 0.28 0.14 0.28 0.18 0.12 -1 -1 -1 -1 -1
Evo 1.02 0.00 1.00 0.57 0.00 1.00 1.00 0.50 0.07 0.52 0.02 0.06 -1 8
Result 0 -10.0 45 0.41 0.20 0.15 0.11 0.35 0.20 -1 -1 -1 -1 -1
Evo 1.02 0.00 1.00 0.48 0.00 0.00 1.00 0.51 0.08 0.49 0.02 0.06 -1 10
Result 0 -10.0 43 0.36 0.18 0.11 0.18 0.25 0.27 -1 -1 -1 -1 -1
Evo 1.02 0.00 1.00 0.52 0.00 1.00 1.00 0.50 0.07 0.51 0.02 0.06 -1 12
Result 0 -10.0 51 0.47 0.21 0.21 0.19 0.19 0.19 -1 -1 -1 -1 -1
Evo 1.02 0.00 1.00 0.71 0.00 1.00 1.00 0.46 0.06 0.52 0.02 0.06 -1 13
Result 0 -10.0 57 0.50 0.21 0.19 0.12 0.26 0.22 -1 -1 -1 -1 -1
Evo 1.02 0.00 1.00 0.68 0.00 1.00 1.00 0.47 0.07 0.53 0.01 0.06 -1 9
Result 0 -10.0 49 0.46 0.26 0.12 0.20 0.20 0.22 -1 -1 -1 -1 -1
Evo 1.02 0.00 1.00 0.54 0.00 1.00 1.00 0.50 0.07 0.51 0.02 0.07 -1 8
Result 0 -10.0 53 0.43 0.17 0.22 0.26 0.19 0.17 -1 -1 -1 -1 -1
Evo 1.02 0.00 1.00 0.64 0.00 1.00 1.00 0.49 0.07 0.53 0.02 0.07 -1 13
Result 0 -10.0 54 0.38 0.24 0.22 0.18 0.13 0.24 -1 -1 -1 -1 -1
Evo 1.02 0.00 1.00 0.65 0.00 1.00 1.00 0.48 0.07 0.53 0.02 0.06 -1 9
Result 0 -10.0 50 0.52 0.29 0.22 0.20 0.27 0.02 -1 -1 -1 -1 -1
Evo 1.02 0.00 1.00 0.75 0.00 1.00 1.00 0.44 0.06 0.50 0.03 0.07 -1 10
Result 0 -10.0 55 0.44 0.18 0.20 0.18 0.16 0.29 -1 -1 -1 -1 -1
Evo 1.02 0.00 1.00 0.63 0.00 1.00 1.00 0.49 0.07 0.53 0.01 0.06 -1 8
Result 0 -10.0 48 0.45 0.18 0.18 0.24 0.14 0.24 -1 -1 -1 -1 -1
Evo 1.02 0.00 1.00 0.48 0.00 0.00 1.00 0.50 0.07 0.49 0.02 0.07 -1 7
Result 0 -10.0 47 0.43 0.23 0.17 0.21 0.17 0.23 -1 -1 -1 -1 -1
Evo 1.02 0.00 1.00 0.68 0.00 1.00 1.00 0.47 0.06 0.53 0.02 0.06 -1 8
Result 0 -10.0 52 0.32 0.21 0.09 0.34 0.17 0.19 -1 -1 -1 -1 -1
Evo 1.02 0.00 1.00 0.66 0.00 1.00 1.00 0.48 0.06 0.53 0.03 0.08 -1 10
Result 0 -10.0 55 0.46 0.20 0.21 0.11 0.23 0.25 -1 -1 -1 -1 -1
Evo 1.02 0.00 1.00 0.74 0.00 1.00 1.00 0.45 0.06 0.51 0.02 0.07 -1 11
Result 0 -10.0 52 0.41 0.15 0.23 0.15 0.21 0.26 -1 -1 -1 -1 -1
Evo 1.02 0.00 1.00 0.76 1.00 1.00 1.00 0.43 0.06 0.49 0.02 0.06 -1 14
Result 0 -10.0 53 0.48 0.22 0.17 0.11 0.28 0.22 -1 -1 -1 -1 -1
Evo 1.02 0.00 1.00 0.80 1.00 1.00 1.00 0.40 0.06 0.46 0.02 0.06 -1 14
Result 0 -10.0 49 0.51 0.26 0.22 0.18 0.20 0.14 -1 -1 -1 -1 -1
Evo 1.00 0.00 1.00 0.99 1.00 1.00 1.00 0.12 0.00 0.09 0.09 0.20 -1 18
Result 0 0.0 2000 0.47 0.20 0.20 0.19 0.20 0.20 -1 -1 -1 -1 -1
Evo 1.00 0.00 1.00 0.99 1.00 1.00 1.00 0.08 0.00 0.05 0.12 0.20 -1 19
Result 0 -10.0 1453 0.44 0.21 0.18 0.21 0.21 0.20 -1 -1 -1 -1 -1
Evo 1.00 0.00 1.00 0.98 1.00 1.00 1.00 0.13 0.00 0.10 0.10 0.19 -1 18
Result 0 0.0 2000 0.46 0.20 0.20 0.20 0.20 0.20 -1 -1 -1 -1 -1
Evo 1.02 0.00 1.00 0.63 0.00 1.00 1.00 0.49 0.07 0.53 0.03 0.09 -1 18
Result 0 -10.0 51 0.42 0.29 0.23 0.13 0.15 0.19 -1 -1 -1 -1 -1
Evo 1.00 0.00 1.00 0.98 1.00 1.00 1.00 0.15 0.00 0.13 0.11 0.19 -1 18
Result 0 0.0 2000 0.46 0.19 0.18 0.20 0.22 0.20 -1 -1 -1 -1 -1
Evo 1.00 0.00 1.00 0.98 1.00 1.00 1.00 0.14 0.00 0.12 0.10 0.23 -1 18
Result 0 0.0 2000 0.47 0.21 0.19 0.20 0.21 0.20 -1 -1 -1 -1 -1
Evo 1.00 0.00 1.00 0.98 1.00 1.00 1.00 0.13 0.00 0.11 0.10 0.20 -1 18
Result 0 0.0 2000 0.45 0.21 0.19 0.20 0.22 0.19 -1 -1 -1 -1 -1
Evo 1.01 0.00 1.00 0.96 1.00 1.00 1.00 0.20 0.02 0.19 0.06 0.13 -1 18
Result 0 -10.0 165 0.50 0.23 0.20 0.15 0.26 0.16 -1 -1 -1 -1 -1
Evo 1.00 0.00 1.00 0.98 1.00 1.00 1.00 0.13 0.00 0.10 0.11 0.23 -1 18
Result 0 -10.0 2000 0.47 0.21 0.19 0.19 0.22 0.19 -1 -1 -1 -1 -1
Evo 1.02 0.00 1.00 0.72 0.00 1.00 1.00 0.45 0.06 0.51 0.04 0.10 -1 18
Result 0 -10.0 49 0.46 0.20 0.20 0.22 0.22 0.16 -1 -1 -1 -1 -1
Evo 1.00 0.00 1.00 0.98 1.00 1.00 1.00 0.13 0.00 0.10 0.11 0.27 -1 18
Result 0 0.0 2000 0.45 0.19 0.20 0.20 0.21 0.20 -1 -1 -1 -1 -1
Evo 1.00 0.00 1.00 1.00 1.00 1.00 1.00 0.06 0.00 0.03 0.09 0.16 -1 35
Result 0 -10.0 629 0.46 0.20 0.20 0.19 0.22 0.19 -1 -1 -1 -1 -1
Evo 1.02 0.00 1.00 0.54 0.00 1.00 1.00 0.50 0.07 0.51 0.03 0.09 -1 18
Result 0 -10.0 51 0.44 0.19 0.17 0.29 0.19 0.15 -1 -1 -1 -1 -1
Evo 1.00 0.00 1.00 0.97 1.00 1.00 1.00 0.16 0.01 0.13 0.09 0.16 -1 18
Result 0 -10.0 748 0.47 0.21 0.20 0.19 0.21 0.19 -1 -1 -1 -1 -1
Evo 1.00 0.00 1.00 0.99 1.00 1.00 1.00 0.09 0.00 0.05 0.13 0.23 -1 18
Result 0 -10.0 1914 0.44 0.21 0.18 0.20 0.20 0.21 -1 -1 -1 -1 -1
Evo 1.02 0.00 1.00 0.69 0.00 1.00 1.00 0.47 0.07 0.52 0.04 0.09 -1 18
Result 0 -10.0 47 0.45 0.17 0.19 0.21 0.19 0.25 -1 -1 -1 -1 -1
Evo 1.01 0.00 1.00 0.79 1.00 1.00 1.00 0.41 0.03 0.48 0.06 0.13 -1 18
Result 0 -10.0 140 0.45 0.20 0.21 0.19 0.18 0.21 -1 -1 -1 -1 -1
Evo 1.00 0.00 1.00 0.98 1.00 1.00 1.00 0.13 0.01 0.10 0.08 0.16 -1 18
Result 0 -10.0 310 0.43 0.17 0.19 0.20 0.23 0.22 -1 -1 -1 -1 -1
Evo 1.02 0.00 1.00 0.60 0.00 1.00 1.00 0.49 0.07 0.53 0.03 0.09 -1 18
Result 0 -10.0 49 0.51 0.24 0.28 0.18 0.14 0.16 -1 -1 -1 -1 -1
Evo 1.02 0.00 1.00 0.62 0.00 1.00 1.00 0.49 0.07 0.53 0.04 0.09 -1 17
Result 0 -10.0 49 0.49 0.18 0.24 0.16 0.10 0.32 -1 -1 -1 -1 -1
Evo 1.01 0.00 1.00 0.94 1.00 1.00 1.00 0.24 0.03 0.24 0.08 0.37 -1 21
Result 0 -10.0 85 0.47 0.17 0.21 0.28 0.15 0.19 -1 -1 -1 -1 -1
Evo 1.00 0.00 1.00 0.98 1.00 1.00 1.00 0.14 0.01 0.11 0.17 0.42 -1 17
Result 0 -10.0 265 0.47 0.15 0.20 0.24 0.17 0.23 -1 -1 -1 -1 -1
Evo 1.01 0.00 1.00 0.95 1.00 1.00 1.00 0.22 0.02 0.22 0.08 0.35 -1 15
Result 0 -10.0 79 0.35 0.11 0.31 0.15 0.19 0.24 -1 -1 -1 -1 -1
Evo 1.00 0.00 1.00 0.99 1.00 1.00 1.00 0.12 0.00 0.09 0.17 0.89 -1 40
Result 0 0.0 2000 0.47 0.20 0.20 0.20 0.21 0.19 -1 -1 -1 -1 -1
Evo 1.01 0.00 1.00 0.83 1.00 1.00 1.00 0.38 0.04 0.44 0.06 0.32 -1 35
Result 0 -10.0 79 0.46 0.20 0.31 0.20 0.18 0.11 -1 -1 -1 -1 -1
Evo 1.01 0.00 1.00 0.96 1.00 1.00 1.00 0.21 0.02 0.20 0.09 0.37 -1 25
Result 0 -10.0 91 0.43 0.15 0.16 0.25 0.25 0.18 -1 -1 -1 -1 -1
Evo 1.00 0.00 1.00 0.99 1.00 1.00 1.00 0.11 0.01 0.08 0.14 0.40 -1 28
Result 0 -10.0 254 0.45 0.18 0.19 0.22 0.21 0.20 -1 -1 -1 -1 -1
Evo 1.01 0.00 1.00 0.98 1.00 1.00 1.00 0.13 0.01 0.11 0.10 0.36 -1 13
Result 0 -10.0 109 0.49 0.23 0.19 0.15 0.25 0.17 -1 -1 -1 -1 -1
Evo 1.01 0.00 1.00 0.93 1.00 1.00 1.00 0.25 0.02 0.26 0.09 0.37 -1 18
Result 0 -10.0 105 0.47 0.21 0.18 0.16 0.25 0.20 -1 -1 -1 -1 -1
Evo 1.00 0.00 1.00 0.99 1.00 1.00 1.00 0.08 0.00 0.05 0.24 0.72 -1 16
Result 0 -10.0 451 0.43 0.16 0.20 0.22 0.20 0.22 -1 -1 -1 -1 -1
Evo 1.01 0.00 1.00 0.95 1.00 1.00 1.00 0.22 0.03 0.22 0.08 0.37 -1 11
Result 0 -10.0 75 0.44 0.17 0.25 0.17 0.20 0.21 -1 -1 -1 -1 -1
Evo 1.00 0.00 1.00 1.00 1.00 1.00 1.00 0.07 0.00 0.04 0.11 0.41 -1 21
Result 0 -10.0 216 0.45 0.23 0.18 0.18 0.22 0.18 -1 -1 -1 -1 -1
Evo 1.01 0.00 1.00 0.92 1.00 1.00 1.00 0.27 0.03 0.29 0.06 0.32 -1 18
Result 0 -10.0 75 0.44 0.21 0.24 0.21 0.17 0.17 -1 -1 -1 -1 -1
Evo 1.01 0.00 1.00 0.92 1.00 1.00 1.00 0.27 0.03 0.28 0.07 0.35 -1 36
Result 0 -10.0 77 0.47 0.21 0.21 0.26 0.15 0.18 -1 -1 -1 -1 -1
Evo 1.02 0.00 1.00 0.97 1.00 1.00 1.00 0.18 0.02 0.16 0.05 0.33 -1 15
Result 0 -10.0 62 0.40 0.14 0.21 0.22 0.22 0.21 -1 -1 -1 -1 -1
Evo 1.00 0.00 1.00 0.99 1.00 1.00 1.00 0.09 0.00 0.06 0.23 0.69 -1 13
Result 0 -10.0 602 0.46 0.22 0.20 0.17 0.20 0.20 -1 -1 -1 -1 -1
Evo 1.02 1.00 1.00 1.00 1.00 1.00 1.00 0.00 0.00 0.00 0.05 0.33 -1 10
Result 0 -10.0 66 0.47 0.18 0.21 0.22 0.21 0.18 -1 -1 -1 -1 -1
Evo 1.01 0.00 1.00 0.92 1.00 1.00 1.00 0.28 0.02 0.30 0.13 0.61 -1 32
Result 0 -10.0 143 0.42 0.19 0.24 0.17 0.16 0.25 -1 -1 -1 -1 -1
Evo 1.00 0.00 1.00 0.98 1.00 1.00 1.00 0.13 0.01 0.11 0.15 0.69 -1 27
Result 0 -10.0 539 0.49 0.21 0.23 0.18 0.18 0.21 -1 -1 -1 -1 -1
Evo 1.02 1.00 1.00 1.00 1.00 1.00 1.00 0.00 0.00 0.00 0.05 0.34 -1 19
Result 0 -10.0 64 0.39 0.28 0.14 0.18 0.18 0.22 -1 -1 -1 -1 -1
Evo 1.08 0.00 0.00 0.00 0.00 0.00 0.00 0.00 0.00 0.00 0.02 0.18 -1 0
Result 0 -10.0 13 0.50 0.50 0.29 0.14 -1 0.07 -1 -1 -1 -1 -1
Evo 1.05 0.00 1.00 0.25 0.00 0.00 1.00 0.44 0.10 0.50 0.04 0.24 -1 0
Result 0 -10.0 19 0.33 0.05 0.20 0.45 0.10 0.20 -1 -1 -1 -1 -1
Evo 1.07 0.00 0.00 0.00 0.00 0.00 0.00 0.00 0.00 0.00 0.02 0.19 -1 0
Result 0 -10.0 14 0.26 0.33 0.40 0.07 0.07 0.13 -1 -1 -1 -1 -1
Evo 1.07 0.00 0.00 0.00 0.00 0.00 0.00 0.00 0.00 0.00 0.02 0.20 -1 0
Result 0 -10.0 14 0.51 0.27 0.27 0.20 0.13 0.13 -1 -1 -1 -1 -1
Evo 1.05 0.00 1.00 0.14 0.00 0.00 0.00 0.35 0.07 0.39 0.02 0.21 -1 0
Result 0 -10.0 21 0.20 0.14 0.05 0.36 0.14 0.32 -1 -1 -1 -1 -1
Evo 1.06 0.00 1.00 0.06 0.00 0.00 0.00 0.24 0.06 0.23 0.02 0.20 -1 0
Result 0 -10.0 17 0.43 0.17 0.17 0.28 0.22 0.17 -1 -1 -1 -1 -1
Evo 1.05 0.00 1.00 0.15 0.00 0.00 0.00 0.37 0.08 0.41 0.03 0.20 -1 0
Result 0 -10.0 19 0.41 0.30 0.15 0.30 0.20 0.05 -1 -1 -1 -1 -1
Evo 1.00 0.00 1.00 0.97 1.00 1.00 1.00 0.17 0.01 0.04 0.10 0.51 -1 0
Result 0 -10.0 682 0.45 0.18 0.22 0.19 0.20 0.20 -1 -1 -1 -1 -1
Evo 1.06 0.00 1.00 0.06 0.00 0.00 0.00 0.24 0.06 0.23 0.03 0.19 -1 0
Result 0 -10.0 17 0.43 0.17 0.33 0.11 0.22 0.17 -1 -1 -1 -1 -1
Evo 1.04 0.00 1.00 0.13 0.00 0.00 0.00 0.34 0.07 0.38 0.03 0.20 -1 0
Result 0 -10.0 23 0.53 0.17 0.17 0.21 0.33 0.13 -1 -1 -1 -1 -1
Evo 1.05 0.00 1.00 0.23 0.00 0.00 0.00 0.43 0.09 0.49 0.03 0.21 -1 0
Result 0 -10.0 21 0.39 0.27 0.18 0.32 0.14 0.09 -1 -1 -1 -1 -1
Evo 1.06 0.00 1.00 0.11 0.00 0.00 0.00 0.32 0.08 0.35 0.03 0.19 -1 0
Result 0 -10.0 17 0.51 0.17 0.28 0.06 0.22 0.28 -1 -1 -1 -1 -1
Evo 1.05 0.00 1.00 0.05 0.00 0.00 0.00 0.22 0.05 0.22 0.02 0.19 -1 0
Result 0 -10.0 19 0.46 0.20 0.20 0.20 0.30 0.10 -1 -1 -1 -1 -1
Evo 1.05 0.00 1.00 0.20 0.00 0.00 0.00 0.41 0.09 0.26 0.02 0.19 -1 0
Result 0 -10.0 19 0.41 0.15 0.25 0.20 0.30 0.10 -1 -1 -1 -1 -1
Evo 1.05 0.00 1.00 0.15 0.00 0.00 0.00 0.37 0.08 0.41 0.03 0.20 -1 0
Result 0 -10.0 19 0.50 0.15 0.25 0.30 0.20 0.10 -1 -1 -1 -1 -1
Evo 1.05 0.00 1.00 0.15 0.00 0.00 0.00 0.37 0.08 0.41 0.02 0.19 -1 0
Result 0 -10.0 19 0.33 0.10 0.25 0.10 0.25 0.30 -1 -1 -1 -1 -1
Evo 1.07 0.00 0.00 0.00 0.00 0.00 0.00 0.00 0.00 0.00 0.03 0.17 -1 0
Result 0 -10.0 15 0.38 0.13 0.44 0.19 0.13 0.13 -1 -1 -1 -1 -1
Evo 1.06 0.00 1.00 0.11 0.00 0.00 0.00 0.32 0.08 0.35 0.02 0.22 -1 0
Result 0 -10.0 17 0.51 0.22 0.17 0.11 0.28 0.22 -1 -1 -1 -1 -1
Evo 1.04 0.00 1.00 0.25 0.00 0.00 0.00 0.44 0.09 0.50 0.03 0.22 -1 0
Result 0 -10.0 23 0.43 0.17 0.13 0.38 0.21 0.13 -1 -1 -1 -1 -1
Evo 1.05 0.00 1.00 0.15 0.00 0.00 0.00 0.37 0.08 0.41 0.03 0.22 -1 0
Result 0 -10.0 19 0.33 0.30 0.20 0.30 0.10 0.10 -1 -1 -1 -1 -1
Evo 1.00 0.00 1.00 0.99 1.00 1.00 1.00 0.12 0.01 0.09 0.07 0.50 -1 0
Result 0 -10.0 425 0.47 0.15 0.19 0.21 0.20 0.25 -1 -1 -1 -1 -1
Evo 1.09 0.00 1.00 0.67 0.00 1.00 1.00 0.49 0.14 0.39 0.02 0.24 -1 0
Result 0 -10.0 11 0.30 0.17 0.08 0.33 0.25 0.17 -1 -1 -1 -1 -1
Evo 1.00 0.00 1.00 0.99 1.00 1.00 1.00 0.10 0.01 0.06 0.05 0.36 -1 0
Result 0 -10.0 219 0.45 0.25 0.19 0.20 0.19 0.19 -1 -1 -1 -1 -1
Evo 1.08 0.00 1.00 0.79 1.00 1.00 1.00 0.43 0.11 0.48 0.01 0.24 -1 0
Result 0 -10.0 13 0.27 0.21 0.07 0.07 0.21 0.43 -1 -1 -1 -1 -1
Evo 1.05 0.00 1.00 0.75 1.00 1.00 1.00 0.44 0.10 0.50 0.03 0.19 -1 0
Result 0 -10.0 19 0.33 0.15 0.30 0.20 0.10 0.25 -1 -1 -1 -1 -1
Evo 1.01 0.00 1.00 0.93 1.00 1.00 1.00 0.26 0.02 0.28 0.06 0.36 -1 0
Result 0 -10.0 161 0.47 0.21 0.20 0.19 0.22 0.18 -1 -1 -1 -1 -1
Evo 1.01 0.00 1.00 0.88 1.00 1.00 1.00 0.33 0.03 0.37 0.10 0.49 -1 0
Result 0 -10.0 155 0.47 0.15 0.19 0.28 0.21 0.17 -1 -1 -1 -1 -1
Evo 1.00 0.00 1.00 0.97 1.00 1.00 1.00 0.17 0.01 0.04 0.13 0.59 -1 0
Result 0 -10.0 708 0.46 0.20 0.19 0.18 0.20 0.23 -1 -1 -1 -1 -1
Evo 1.05 0.00 1.00 0.50 0.00 0.00 1.00 0.51 0.11 0.50 0.02 0.18 -1 0
Result 0 -10.0 19 0.22 0.05 0.40 0.40 0.05 0.10 -1 -1 -1 -1 -1
Evo 1.01 0.00 1.00 0.98 1.00 1.00 1.00 0.15 0.01 0.13 0.06 0.43 -1 0
Result 0 -10.0 122 0.47 0.26 0.15 0.20 0.20 0.18 -1 -1 -1 -1 -1
Evo 1.09 0.00 1.00 0.75 1.00 1.00 1.00 0.45 0.13 0.50 0.01 0.20 -1 0
Result 0 -10.0 11 0.43 0.50 0.17 0.17 0.08 0.08 -1 -1 -1 -1 -1
Evo 1.00 0.00 1.00 0.98 1.00 1.00 1.00 0.15 0.01 0.12 0.15 0.59 -1 0
Result 0 -10.0 495 0.42 0.18 0.16 0.20 0.25 0.21 -1 -1 -1 -1 -1
Evo 1.00 0.00 1.00 0.98 1.00 1.00 1.00 0.14 0.01 0.11 0.09 0.35 -1 0
Result 0 -10.0 610 0.46 0.22 0.19 0.19 0.20 0.20 -1 -1 -1 -1 -1
Evo 1.06 0.00 1.00 0.89 1.00 1.00 1.00 0.32 0.07 0.34 0.03 0.18 -1 0
Result 0 -10.0 18 0.47 0.16 0.32 0.21 0.21 0.11 -1 -1 -1 -1 -1
Evo 1.00 0.00 1.00 0.97 1.00 1.00 1.00 0.18 0.01 0.16 0.08 0.35 -1 0
Result 0 -10.0 216 0.42 0.16 0.20 0.24 0.22 0.19 -1 -1 -1 -1 -1
Evo 1.08 0.00 1.00 0.64 0.00 1.00 1.00 0.50 0.13 0.53 0.02 0.23 -1 0
Result 0 -10.0 13 0.27 0.07 0.29 0.29 0.14 0.21 -1 -1 -1 -1 -1
Evo 1.01 0.00 1.00 0.89 1.00 1.00 1.00 0.31 0.04 0.15 0.05 0.29 -1 0
Result 0 -10.0 74 0.42 0.32 0.16 0.17 0.16 0.19 -1 -1 -1 -1 -1
Evo 1.06 0.00 1.00 0.78 0.00 1.00 1.00 0.43 0.10 0.48 0.04 0.21 -1 0
Result 0 -10.0 17 0.23 0.17 0.28 0.17 0.06 0.33 -1 -1 -1 -1 -1
Evo 1.01 0.00 1.00 0.93 1.00 1.00 1.00 0.25 0.02 0.26 0.08 0.52 -1 0
Result 0 -10.0 106 0.37 0.12 0.19 0.21 0.16 0.33 -1 -1 -1 -1 -1
Evo 1.06 0.00 1.00 0.53 0.00 0.00 1.00 0.51 0.12 0.49 0.03 0.18 -1 0
Result 0 -10.0 16 0.36 0.12 0.41 0.18 0.12 0.18 -1 -1 -1 -1 -1
