Evo 1.00 0.00 1.00 0.00 0.00 0.00 0.00 0.07 0.00 0.04 0.15 0.16 -1 971
Result 0 0.0 1000 0.44 0.20 0.19 0.22 0.17 0.20 -1 -1 -1 -1 -1
Evo 1.00 0.00 1.00 0.97 1.00 1.00 1.00 0.17 0.01 0.25 0.31 0.31 -1 971
Result 0 1.0 1000 0.46 0.19 0.19 0.22 0.19 0.21 -1 -1 -1 -1 -1
Evo 1.00 0.00 1.00 0.97 1.00 1.00 1.00 0.17 0.01 0.03 0.29 0.31 -1 971
Result 0 1.0 1000 0.46 0.21 0.21 0.18 0.20 0.20 -1 -1 -1 -1 -1
Evo 1.00 0.00 1.00 0.50 0.33 0.33 1.00 0.37 0.01 0.49 0.31 0.31 -1 971
Result 0 1.0 1000 0.47 0.22 0.19 0.19 0.20 0.20 -1 -1 -1 -1 -1
Evo 1.00 0.00 1.00 0.97 1.00 1.00 1.00 0.17 0.01 0.14 0.15 0.15 -1 971
Result 0 0.0 1000 0.46 0.20 0.17 0.21 0.19 0.22 -1 -1 -1 -1 -1
Evo 1.00 0.00 1.00 0.97 1.00 1.00 1.00 0.17 0.01 0.07 0.31 0.31 -1 971
Result 0 1.0 1000 0.46 0.19 0.19 0.20 0.19 0.23 -1 -1 -1 -1 -1
Evo 1.00 0.00 1.00 0.97 1.00 1.00 1.00 0.17 0.01 0.07 0.15 0.15 -1 971
Result 0 0.0 1000 0.47 0.19 0.20 0.18 0.21 0.21 -1 -1 -1 -1 -1
Evo 1.00 0.00 1.00 0.97 1.00 1.00 1.00 0.17 0.01 0.11 0.31 0.31 -1 971
Result 0 1.0 1000 0.46 0.20 0.18 0.20 0.20 0.22 -1 -1 -1 -1 -1
Evo 1.00 0.00 1.00 0.97 1.00 1.00 1.00 0.17 0.01 0.02 0.15 0.15 -1 971
Result 0 0.0 1000 0.46 0.20 0.19 0.19 0.20 0.22 -1 -1 -1 -1 -1
Evo 1.00 0.00 1.00 0.97 1.00 1.00 1.00 0.17 0.01 0.03 0.15 0.18 -1 971
Result 0 0.0 1000 0.47 0.22 0.20 0.17 0.20 0.20 -1 -1 -1 -1 -1
Evo 1.00 0.00 1.00 0.97 1.00 1.00 1.00 0.17 0.01 0.07 0.16 0.31 -1 971
Result 0 1.0 1000 0.47 0.21 0.22 0.20 0.20 0.17 -1 -1 -1 -1 -1
Evo 1.00 0.00 1.00 0.97 1.00 1.00 1.00 0.17 0.01 0.05 0.31 0.31 -1 971
Result 0 1.0 1000 0.47 0.20 0.19 0.20 0.21 0.20 -1 -1 -1 -1 -1
Evo 1.00 0.00 1.00 0.97 1.00 1.00 1.00 0.17 0.01 0.21 0.31 0.31 -1 971
Result 0 1.0 1000 0.47 0.21 0.20 0.20 0.20 0.18 -1 -1 -1 -1 -1
Evo 1.00 0.00 1.00 0.97 1.00 1.00 1.00 0.17 0.01 0.07 0.15 0.17 -1 971
Result 0 0.0 1000 0.45 0.20 0.21 0.21 0.18 0.20 -1 -1 -1 -1 -1
Evo 1.00 0.00 1.00 0.97 1.00 1.00 1.00 0.17 0.01 0.09 0.30 0.32 -1 971
Result 0 1.0 1000 0.47 0.22 0.20 0.19 0.21 0.18 -1 -1 -1 -1 -1
Evo 1.00 0.00 1.00 0.97 1.00 1.00 1.00 0.17 0.01 0.10 0.30 0.31 -1 971
Result 0 1.0 1000 0.46 0.21 0.20 0.19 0.19 0.20 -1 -1 -1 -1 -1
Evo 1.00 0.00 1.00 0.97 1.00 1.00 1.00 0.17 0.01 0.08 0.15 0.15 -1 971
Result 0 0.0 1000 0.47 0.20 0.19 0.20 0.21 0.20 -1 -1 -1 -1 -1
Evo 1.00 0.00 1.00 0.97 1.00 1.00 1.00 0.17 0.01 0.44 0.32 0.47 -1 971
Result 0 3.0 1000 0.45 0.19 0.21 0.21 0.18 0.21 -1 -1 -1 -1 -1
Evo 1.00 0.00 1.00 0.97 1.00 1.00 1.00 0.17 0.01 0.05 0.31 0.31 -1 971
Result 0 1.0 1000 0.48 0.19 0.20 0.19 0.22 0.20 -1 -1 -1 -1 -1
Evo 1.00 0.00 1.00 0.97 1.00 1.00 1.00 0.17 0.01 0.13 0.21 0.31 -1 971
Result 0 1.0 1000 0.45 0.20 0.19 0.22 0.19 0.20 -1 -1 -1 -1 -1
Evo 1.00 0.00 1.00 0.97 1.00 1.00 1.00 0.17 0.01 0.27 0.28 0.47 -1 971
Result 0 3.0 1000 0.47 0.19 0.19 0.21 0.20 0.20 -1 -1 -1 -1 -1
Evo 1.00 0.00 1.00 0.97 1.00 1.00 1.00 0.17 0.01 0.14 0.30 0.31 -1 971
Result 0 1.0 1000 0.45 0.21 0.19 0.20 0.19 0.22 -1 -1 -1 -1 -1
Evo 1.00 0.00 1.00 0.97 1.00 1.00 1.00 0.17 0.01 0.52 0.44 0.47 -1 971
Result 0 3.0 1000 0.46 0.20 0.20 0.20 0.19 0.21 -1 -1 -1 -1 -1
Evo 1.00 0.00 1.00 0.97 1.00 1.00 1.00 0.17 0.01 0.02 0.22 0.23 -1 971
Result 0 1.0 1000 0.46 0.21 0.18 0.19 0.20 0.23 -1 -1 -1 -1 -1
Evo 1.00 0.00 1.00 0.97 1.00 1.00 1.00 0.17 0.01 0.09 0.23 0.23 -1 971
Result 0 1.0 1000 0.46 0.20 0.22 0.20 0.20 0.19 -1 -1 -1 -1 -1
Evo 1.00 0.00 1.00 0.97 1.00 1.00 1.00 0.17 0.01 0.04 0.10 0.10 -1 971
Result 0 0.0 1000 0.46 0.19 0.21 0.20 0.19 0.21 -1 -1 -1 -1 -1
Evo 1.00 0.00 1.00 0.97 1.00 1.00 1.00 0.17 0.01 0.05 0.10 0.10 -1 971
Result 0 0.0 1000 0.44 0.21 0.19 0.22 0.18 0.20 -1 -1 -1 -1 -1
Evo 1.00 0.00 1.00 0.97 1.00 1.00 1.00 0.17 0.01 0.51 0.35 0.53 -1 971
Result 0 7.0 1000 0.45 0.17 0.21 0.20 0.18 0.23 -1 -1 -1 -1 -1
Evo 1.00 0.00 1.00 0.97 1.00 1.00 1.00 0.17 0.01 0.05 0.10 0.11 -1 971
Result 0 0.0 1000 0.46 0.20 0.20 0.19 0.20 0.20 -1 -1 -1 -1 -1
Evo 1.00 0.00 1.00 0.97 1.00 1.00 1.00 0.17 0.01 0.05 0.10 0.12 -1 971
Result 0 0.0 1000 0.46 0.19 0.19 0.20 0.20 0.21 -1 -1 -1 -1 -1
Evo 1.00 0.00 1.00 0.97 1.00 1.00 1.00 0.17 0.01 0.06 0.10 0.12 -1 971
Result 0 0.0 1000 0.47 0.19 0.21 0.20 0.20 0.19 -1 -1 -1 -1 -1
Evo 1.00 0.00 1.00 0.97 1.00 1.00 1.00 0.17 0.01 0.04 0.23 0.23 -1 971
Result 0 1.0 1000 0.47 0.19 0.21 0.20 0.21 0.20 -1 -1 -1 -1 -1
Evo 1.00 0.00 1.00 0.97 1.00 1.00 1.00 0.17 0.01 0.26 0.25 0.38 -1 971
Result 0 3.0 1000 0.45 0.22 0.22 0.20 0.18 0.18 -1 -1 -1 -1 -1
Evo 1.00 0.00 1.00 0.97 1.00 1.00 1.00 0.17 0.01 0.03 0.23 0.23 -1 971
Result 0 1.0 1000 0.47 0.22 0.17 0.20 0.21 0.20 -1 -1 -1 -1 -1
Evo 1.00 0.00 1.00 0.97 1.00 1.00 1.00 0.17 0.01 0.05 0.10 0.11 -1 971
Result 0 0.0 1000 0.47 0.20 0.21 0.20 0.21 0.19 -1 -1 -1 -1 -1
Evo 1.00 0.00 1.00 0.97 1.00 1.00 1.00 0.17 0.01 0.06 0.10 0.10 -1 971
Result 0 0.0 1000 0.48 0.20 0.19 0.18 0.22 0.21 -1 -1 -1 -1 -1
Evo 1.00 0.00 1.00 0.97 1.00 1.00 1.00 0.17 0.01 0.52 0.24 0.37 -1 971
Result 0 3.0 1000 0.48 0.19 0.21 0.18 0.22 0.19 -1 -1 -1 -1 -1
Evo 1.00 0.00 1.00 0.97 1.00 1.00 1.00 0.17 0.01 0.03 0.21 0.23 -1 971
Result 0 1.0 1000 0.46 0.19 0.20 0.18 0.19 0.23 -1 -1 -1 -1 -1
Evo 1.00 0.00 1.00 0.97 1.00 1.00 1.00 0.17 0.01 0.06 0.10 0.12 -1 971
Result 0 0.0 1000 0.46 0.20 0.19 0.20 0.19 0.21 -1 -1 -1 -1 -1
Evo 1.00 0.00 1.00 0.97 1.00 1.00 1.00 0.17 0.01 0.01 0.11 0.23 -1 971
Result 0 1.0 1000 0.46 0.21 0.19 0.19 0.19 0.22 -1 -1 -1 -1 -1
Evo 1.00 0.00 1.00 0.97 1.00 1.00 1.00 0.17 0.01 0.25 0.29 0.38 -1 971
Result 0 3.0 1000 0.46 0.19 0.22 0.21 0.19 0.19 -1 -1 -1 -1 -1
Evo 1.00 0.00 1.00 0.97 1.00 1.00 1.00 0.17 0.01 0.04 0.23 0.24 -1 971
Result 0 1.0 1000 0.44 0.21 0.19 0.20 0.18 0.23 -1 -1 -1 -1 -1
Evo 1.00 0.00 1.00 0.97 1.00 1.00 1.00 0.17 0.01 0.04 0.10 0.10 -1 971
Result 0 0.0 1000 0.46 0.19 0.20 0.21 0.20 0.20 -1 -1 -1 -1 -1
Evo 1.00 0.00 1.00 0.97 1.00 1.00 1.00 0.17 0.01 0.07 0.06 0.08 -1 971
Result 0 0.0 1000 0.46 0.18 0.22 0.20 0.20 0.20 -1 -1 -1 -1 -1
Evo 1.00 0.00 1.00 0.97 1.00 1.00 1.00 0.17 0.01 0.38 0.35 0.36 -1 971
Result 0 3.0 1000 0.46 0.21 0.18 0.21 0.20 0.20 -1 -1 -1 -1 -1
Evo 1.00 0.00 1.00 0.97 1.00 1.00 1.00 0.17 0.01 0.04 0.36 0.36 -1 971
Result 0 1.0 1000 0.47 0.19 0.21 0.20 0.21 0.20 -1 -1 -1 -1 -1
Evo 1.00 0.00 1.00 0.97 1.00 1.00 1.00 0.17 0.01 0.01 0.32 0.36 -1 971
Result 0 1.0 1000 0.47 0.20 0.21 0.18 0.21 0.20 -1 -1 -1 -1 -1
Evo 1.00 0.00 1.00 0.97 1.00 1.00 1.00 0.17 0.01 0.08 0.32 0.36 -1 971
Result 0 1.0 1000 0.48 0.19 0.21 0.19 0.21 0.20 -1 -1 -1 -1 -1
Evo 1.00 0.00 1.00 0.97 1.00 1.00 1.00 0.17 0.01 0.16 0.16 0.30 -1 971
Result 0 3.0 1000 0.44 0.20 0.19 0.22 0.17 0.21 -1 -1 -1 -1 -1
Evo 1.00 0.00 1.00 0.97 1.00 1.00 1.00 0.17 0.01 0.02 0.16 0.34 -1 971
Result 0 1.0 1000 0.48 0.18 0.19 0.19 0.22 0.22 -1 -1 -1 -1 -1
Evo 1.00 0.00 1.00 0.97 1.00 1.00 1.00 0.17 0.01 0.01 0.34 0.36 -1 971
Result 0 1.0 1000 0.47 0.21 0.21 0.19 0.20 0.18 -1 -1 -1 -1 -1
Evo 1.00 0.00 1.00 0.97 1.00 1.00 1.00 0.17 0.01 0.04 0.17 0.33 -1 971
Result 0 1.0 1000 0.46 0.20 0.18 0.20 0.20 0.22 -1 -1 -1 -1 -1
Evo 1.00 0.00 1.00 0.97 1.00 1.00 1.00 0.17 0.01 0.02 0.34 0.36 -1 971
Result 0 1.0 1000 0.47 0.19 0.22 0.20 0.20 0.18 -1 -1 -1 -1 -1
Evo 1.00 0.00 1.00 0.97 1.00 1.00 1.00 0.17 0.01 0.02 0.16 0.34 -1 971
Result 0 1.0 1000 0.49 0.20 0.18 0.19 0.23 0.21 -1 -1 -1 -1 -1
Evo 1.00 0.00 1.00 0.97 1.00 1.00 1.00 0.17 0.01 0.01 0.35 0.36 -1 971
Result 0 1.0 1000 0.45 0.21 0.19 0.21 0.18 0.21 -1 -1 -1 -1 -1
Evo 1.00 0.00 1.00 0.97 1.00 1.00 1.00 0.17 0.01 0.29 0.29 0.49 -1 971
Result 0 3.0 1000 0.46 0.18 0.20 0.20 0.20 0.22 -1 -1 -1 -1 -1
Evo 1.00 0.00 1.00 0.97 1.00 1.00 1.00 0.17 0.01 0.02 0.36 0.36 -1 971
Result 0 1.0 1000 0.46 0.20 0.19 0.21 0.19 0.21 -1 -1 -1 -1 -1
Evo 1.00 0.00 1.00 0.97 1.00 1.00 1.00 0.17 0.01 0.02 0.21 0.36 -1 971
Result 0 1.0 1000 0.47 0.20 0.18 0.21 0.20 0.19 -1 -1 -1 -1 -1
Evo 1.00 0.00 1.00 0.97 1.00 1.00 1.00 0.17 0.01 0.03 0.33 0.36 -1 971
Result 0 1.0 1000 0.47 0.19 0.20 0.19 0.20 0.22 -1 -1 -1 -1 -1
Evo 1.00 0.00 1.00 0.97 1.00 1.00 1.00 0.17 0.01 0.02 0.26 0.36 -1 971
Result 0 1.0 1000 0.46 0.20 0.20 0.19 0.20 0.21 -1 -1 -1 -1 -1
Evo 1.00 0.00 1.00 0.97 1.00 1.00 1.00 0.17 0.01 0.01 0.22 0.36 -1 971
Result 0 1.0 1000 0.46 0.20 0.20 0.19 0.20 0.21 -1 -1 -1 -1 -1
Evo 1.00 0.00 1.00 0.97 1.00 1.00 1.00 0.17 0.01 0.01 0.23 0.36 -1 971
Result 0 1.0 1000 0.48 0.22 0.20 0.18 0.22 0.18 -1 -1 -1 -1 -1
Evo 1.00 0.00 1.00 0.97 1.00 1.00 1.00 0.17 0.01 0.03 0.17 0.32 -1 971
Result 0 1.0 1000 0.48 0.21 0.17 0.22 0.22 0.18 -1 -1 -1 -1 -1
Evo 1.00 0.00 1.00 0.97 1.00 1.00 1.00 0.17 0.01 0.04 0.32 0.33 -1 971
Result 0 0.0 1000 0.44 0.19 0.20 0.23 0.18 0.20 -1 -1 -1 -1 -1
Evo 1.00 0.00 1.00 0.97 1.00 1.00 1.00 0.17 0.01 0.04 0.32 0.33 -1 971
Result 0 0.0 1000 0.46 0.18 0.20 0.20 0.20 0.22 -1 -1 -1 -1 -1
Evo 1.00 0.00 1.00 0.97 1.00 1.00 1.00 0.17 0.01 0.04 0.32 0.33 -1 971
Result 0 0.0 1000 0.47 0.21 0.18 0.21 0.21 0.19 -1 -1 -1 -1 -1
Evo 1.00 0.00 1.00 0.97 1.00 1.00 1.00 0.17 0.01 0.04 0.33 0.33 -1 971
Result 0 0.0 1000 0.46 0.20 0.21 0.19 0.19 0.20 -1 -1 -1 -1 -1
Evo 1.00 0.00 1.00 0.97 1.00 1.00 1.00 0.17 0.01 0.05 0.32 0.33 -1 971
Result 0 0.0 1000 0.45 0.21 0.21 0.19 0.19 0.20 -1 -1 -1 -1 -1
Evo 1.00 0.00 1.00 0.97 1.00 1.00 1.00 0.17 0.01 0.04 0.32 0.33 -1 971
Result 0 0.0 1000 0.47 0.20 0.20 0.20 0.21 0.20 -1 -1 -1 -1 -1
Evo 1.00 0.00 1.00 0.97 1.00 1.00 1.00 0.17 0.01 0.04 0.32 0.33 -1 971
Result 0 0.0 1000 0.47 0.20 0.19 0.20 0.20 0.21 -1 -1 -1 -1 -1
Evo 1.00 0.00 1.00 0.97 1.00 1.00 1.00 0.17 0.01 0.04 0.33 0.33 -1 971
Result 0 0.0 1000 0.46 0.20 0.18 0.20 0.20 0.21 -1 -1 -1 -1 -1
Evo 1.00 0.00 1.00 0.97 1.00 1.00 1.00 0.17 0.01 0.04 0.32 0.33 -1 971
Result 0 0.0 1000 0.49 0.19 0.18 0.21 0.23 0.19 -1 -1 -1 -1 -1
Evo 1.00 0.00 1.00 0.97 1.00 1.00 1.00 0.17 0.01 0.04 0.33 0.33 -1 971
Result 0 0.0 1000 0.46 0.21 0.19 0.22 0.19 0.19 -1 -1 -1 -1 -1
Evo 1.00 0.00 1.00 0.97 1.00 1.00 1.00 0.17 0.01 0.04 0.31 0.33 -1 971
Result 0 0.0 1000 0.46 0.19 0.21 0.22 0.20 0.18 -1 -1 -1 -1 -1
Evo 1.00 0.00 1.00 0.97 1.00 1.00 1.00 0.17 0.01 0.04 0.31 0.33 -1 971
Result 0 0.0 1000 0.46 0.20 0.21 0.20 0.19 0.20 -1 -1 -1 -1 -1
Evo 1.00 0.00 1.00 0.97 1.00 1.00 1.00 0.17 0.01 0.04 0.33 0.33 -1 971
Result 0 0.0 1000 0.48 0.19 0.22 0.19 0.21 0.19 -1 -1 -1 -1 -1
Evo 1.00 0.00 1.00 0.97 1.00 1.00 1.00 0.17 0.01 0.04 0.33 0.33 -1 971
Result 0 0.0 1000 0.47 0.21 0.20 0.20 0.20 0.19 -1 -1 -1 -1 -1
Evo 1.00 0.00 1.00 0.97 1.00 1.00 1.00 0.17 0.01 0.04 0.32 0.33 -1 971
Result 0 0.0 1000 0.47 0.21 0.19 0.20 0.20 0.19 -1 -1 -1 -1 -1
Evo 1.00 0.00 1.00 0.97 1.00 1.00 1.00 0.17 0.01 0.04 0.32 0.33 -1 971
Result 0 0.0 1000 0.46 0.21 0.19 0.21 0.20 0.19 -1 -1 -1 -1 -1
Evo 1.00 0.00 1.00 0.97 1.00 1.00 1.00 0.17 0.01 0.04 0.33 0.33 -1 971
Result 0 0.0 1000 0.47 0.19 0.21 0.18 0.20 0.21 -1 -1 -1 -1 -1
Evo 1.00 0.00 1.00 0.97 1.00 1.00 1.00 0.17 0.01 0.04 0.30 0.33 -1 971
Result 0 0.0 1000 0.48 0.21 0.17 0.21 0.22 0.19 -1 -1 -1 -1 -1
Evo 1.00 0.00 1.00 0.97 1.00 1.00 1.00 0.17 0.01 0.04 0.33 0.33 -1 971
Result 0 0.0 1000 0.46 0.20 0.20 0.20 0.20 0.20 -1 -1 -1 -1 -1
Evo 1.00 0.00 1.00 0.97 1.00 1.00 1.00 0.17 0.01 0.04 0.33 0.33 -1 971
Result 0 0.0 1000 0.44 0.19 0.21 0.20 0.18 0.22 -1 -1 -1 -1 -1
Evo 1.00 0.00 1.00 0.97 1.00 1.00 1.00 0.17 0.01 0.05 0.09 0.25 -1 971
Result 0 1.0 1000 0.48 0.19 0.20 0.19 0.21 0.20 -1 -1 -1 -1 -1
Evo 1.00 0.00 1.00 0.97 1.00 1.00 1.00 0.17 0.01 0.04 0.27 0.27 -1 971
Result 0 1.0 1000 0.49 0.19 0.20 0.20 0.23 0.18 -1 -1 -1 -1 -1
Evo 1.00 0.00 1.00 0.97 1.00 1.00 1.00 0.17 0.01 0.01 0.25 0.27 -1 971
Result 0 1.0 1000 0.46 0.19 0.20 0.19 0.20 0.22 -1 -1 -1 -1 -1
Evo 1.00 0.00 1.00 0.97 1.00 1.00 1.00 0.17 0.01 0.49 0.38 0.40 -1 971
Result 0 7.0 1000 0.47 0.20 0.21 0.20 0.20 0.19 -1 -1 -1 -1 -1
Evo 1.00 0.00 1.00 0.97 1.00 1.00 1.00 0.17 0.01 0.03 0.18 0.27 -1 971
Result 0 1.0 1000 0.46 0.21 0.21 0.20 0.19 0.20 -1 -1 -1 -1 -1
Evo 1.00 0.00 1.00 0.97 1.00 1.00 1.00 0.17 0.01 0.01 0.18 0.27 -1 971
Result 0 1.0 1000 0.45 0.23 0.20 0.18 0.19 0.21 -1 -1 -1 -1 -1
Evo 1.00 0.00 1.00 0.97 1.00 1.00 1.00 0.17 0.01 0.04 0.25 0.27 -1 971
Result 0 1.0 1000 0.46 0.20 0.22 0.20 0.19 0.19 -1 -1 -1 -1 -1
Evo 1.00 0.00 1.00 0.97 1.00 1.00 1.00 0.17 0.01 0.02 0.16 0.27 -1 971
Result 0 1.0 1000 0.46 0.21 0.17 0.20 0.20 0.21 -1 -1 -1 -1 -1
Evo 1.00 0.00 1.00 0.97 1.00 1.00 1.00 0.17 0.01 0.52 0.27 0.39 -1 971
Result 0 3.0 1000 0.46 0.19 0.19 0.20 0.20 0.21 -1 -1 -1 -1 -1
Evo 1.00 0.00 1.00 0.97 1.00 1.00 1.00 0.17 0.01 0.04 0.17 0.27 -1 971
Result 0 1.0 1000 0.45 0.21 0.21 0.20 0.18 0.20 -1 -1 -1 -1 -1
Evo 1.00 0.00 1.00 0.97 1.00 1.00 1.00 0.17 0.01 0.02 0.24 0.27 -1 971
Result 0 1.0 1000 0.47 0.19 0.20 0.20 0.21 0.20 -1 -1 -1 -1 -1
Evo 1.00 0.00 1.00 0.97 1.00 1.00 1.00 0.17 0.01 0.04 0.27 0.27 -1 971
Result 0 1.0 1000 0.47 0.20 0.20 0.18 0.20 0.21 -1 -1 -1 -1 -1
Evo 1.00 0.00 1.00 0.97 1.00 1.00 1.00 0.17 0.01 0.04 0.23 0.27 -1 971
Result 0 1.0 1000 0.47 0.19 0.23 0.19 0.20 0.18 -1 -1 -1 -1 -1
Evo 1.00 0.00 1.00 0.97 1.00 1.00 1.00 0.17 0.01 0.01 0.09 0.24 -1 971
Result 0 1.0 1000 0.47 0.20 0.19 0.19 0.21 0.21 -1 -1 -1 -1 -1
Evo 1.00 0.00 1.00 0.97 1.00 1.00 1.00 0.17 0.01 0.01 0.23 0.27 -1 971
Result 0 1.0 1000 0.48 0.18 0.21 0.19 0.22 0.21 -1 -1 -1 -1 -1
Evo 1.00 0.00 1.00 0.97 1.00 1.00 1.00 0.17 0.01 0.04 0.23 0.27 -1 971
Result 0 1.0 1000 0.48 0.20 0.20 0.17 0.23 0.20 -1 -1 -1 -1 -1
Evo 1.00 0.00 1.00 0.97 1.00 1.00 1.00 0.17 0.01 0.02 0.24 0.27 -1 971
Result 0 1.0 1000 0.47 0.19 0.20 0.19 0.21 0.20 -1 -1 -1 -1 -1
Evo 1.00 0.00 1.00 0.97 1.00 1.00 1.00 0.17 0.01 0.02 0.25 0.27 -1 971
Result 0 1.0 1000 0.46 0.22 0.22 0.17 0.20 0.19 -1 -1 -1 -1 -1
Evo 1.00 0.00 1.00 0.97 1.00 1.00 1.00 0.17 0.01 0.03 0.24 0.27 -1 971
Result 0 1.0 1000 0.45 0.21 0.18 0.21 0.18 0.21 -1 -1 -1 -1 -1
Evo 1.00 0.00 1.00 0.97 1.00 1.00 1.00 0.17 0.01 0.04 0.22 0.27 -1 971
Result 0 1.0 1000 0.46 0.20 0.19 0.21 0.20 0.20 -1 -1 -1 -1 -1
