Evo 1.00 0.00 1.00 0.51 0.50 0.50 0.50 0.14 0.00 0.10 0.69 0.70 -1 1971
Result 0 4.0 2000 0.47 0.20 0.19 0.20 0.20 0.20 -1 -1 -1 -1 -1
Evo 1.00 0.00 1.00 0.99 1.00 1.00 1.00 0.12 0.00 0.30 0.66 0.70 -1 1971
Result 0 8.0 2000 0.46 0.20 0.20 0.19 0.22 0.19 -1 -1 -1 -1 -1
Evo 1.00 0.00 1.00 0.53 0.00 1.00 1.00 0.50 0.02 0.52 0.68 0.70 463 -1
Result 1 25.0 932 0.48 0.19 0.20 0.22 0.21 0.18 -1 -1 -1 -1 -1
Evo 1.00 0.00 1.00 0.42 0.50 0.50 0.50 0.22 0.01 0.39 0.64 0.70 557 116
Result 1 25.0 591 0.45 0.18 0.24 0.18 0.21 0.19 -1 -1 -1 -1 -1
Evo 1.00 0.00 0.50 0.49 0.50 0.50 0.50 0.06 0.00 0.31 0.69 0.70 -1 1971
Result 0 8.0 2000 0.46 0.20 0.20 0.20 0.20 0.21 -1 -1 -1 -1 -1
Evo 1.00 0.00 0.50 0.49 0.50 0.50 0.50 0.06 0.00 0.03 0.66 0.70 -1 147
Result 0 0.0 2000 0.45 0.21 0.19 0.19 0.22 0.19 -1 -1 -1 -1 -1
Evo 1.00 0.00 0.50 0.49 0.50 0.50 0.50 0.06 0.00 0.36 0.70 0.70 -1 96
Result 0 4.0 2000 0.47 0.20 0.20 0.21 0.20 0.20 -1 -1 -1 -1 -1
Evo 1.00 0.00 0.50 0.49 0.50 0.50 0.50 0.06 0.00 0.16 0.70 0.70 -1 374
Result 0 8.0 2000 0.47 0.19 0.19 0.20 0.21 0.20 -1 -1 -1 -1 -1
Evo 1.00 0.00 0.50 0.49 0.50 0.50 0.50 0.06 0.00 0.01 0.69 0.70 -1 386
Result 0 4.0 2000 0.47 0.20 0.19 0.20 0.19 0.21 -1 -1 -1 -1 -1
Evo 1.00 0.00 0.50 0.49 0.50 0.50 0.50 0.06 0.00 0.42 0.67 0.70 -1 1971
Result 0 4.0 2000 0.46 0.20 0.19 0.20 0.20 0.21 -1 -1 -1 -1 -1
Evo 1.00 0.00 0.50 0.49 0.50 0.50 0.50 0.06 0.00 0.01 0.68 0.70 -1 130
Result 0 0.0 2000 0.47 0.20 0.20 0.21 0.21 0.18 -1 -1 -1 -1 -1
Evo 1.00 0.00 0.50 0.49 0.50 0.50 0.50 0.06 0.00 0.07 0.60 0.70 -1 239
Result 0 4.0 2000 0.47 0.19 0.21 0.21 0.21 0.18 -1 -1 -1 -1 -1
Evo 1.00 0.00 0.50 0.49 0.50 0.50 0.50 0.06 0.00 0.02 0.70 0.70 -1 93
Result 0 0.0 2000 0.47 0.20 0.20 0.21 0.20 0.19 -1 -1 -1 -1 -1
Evo 1.00 0.00 0.50 0.49 0.50 0.50 0.50 0.06 0.00 0.04 0.69 0.70 -1 128
Result 0 4.0 2000 0.46 0.19 0.21 0.19 0.21 0.20 -1 -1 -1 -1 -1
Evo 1.00 0.50 1.00 0.51 0.50 0.50 0.50 0.08 0.00 0.51 0.69 0.70 1333 188
Result 1 25.0 1516 0.47 0.20 0.20 0.21 0.19 0.20 -1 -1 -1 -1 -1
Evo 1.00 0.00 0.50 0.49 0.50 0.50 0.50 0.06 0.00 0.48 0.69 0.70 -1 156
Result 0 8.0 2000 0.48 0.20 0.19 0.22 0.21 0.18 -1 -1 -1 -1 -1
Evo 1.00 0.00 0.50 0.49 0.50 0.50 0.50 0.06 0.00 0.06 0.69 0.70 -1 1971
Result 0 4.0 2000 0.47 0.18 0.21 0.21 0.21 0.19 -1 -1 -1 -1 -1
Evo 1.00 0.00 0.50 0.49 0.50 0.50 0.50 0.06 0.00 0.45 0.69 0.70 -1 69
Result 0 4.0 2000 0.46 0.20 0.21 0.20 0.20 0.20 -1 -1 -1 -1 -1
Evo 1.00 0.00 0.50 0.49 0.50 0.50 0.50 0.06 0.00 0.01 0.70 0.70 -1 51
Result 0 4.0 2000 0.47 0.19 0.20 0.20 0.21 0.20 -1 -1 -1 -1 -1
Evo 1.00 0.00 0.50 0.49 0.50 0.50 0.50 0.06 0.00 0.18 0.66 0.70 -1 62
Result 0 4.0 2000 0.45 0.22 0.21 0.18 0.19 0.20 -1 -1 -1 -1 -1
Evo 1.00 0.00 0.50 0.49 0.50 0.50 0.50 0.06 0.00 0.24 0.70 0.70 -1 265
Result 0 4.0 2000 0.47 0.22 0.19 0.21 0.20 0.18 -1 -1 -1 -1 -1
Evo 1.00 0.00 0.50 0.49 0.50 0.50 0.50 0.06 0.00 0.03 0.69 0.70 -1 1971
Result 0 4.0 2000 0.46 0.19 0.21 0.20 0.20 0.20 -1 -1 -1 -1 -1
Evo 1.00 0.00 0.50 0.49 0.50 0.50 0.50 0.06 0.00 0.05 0.49 0.55 -1 8
Result 0 1.0 2000 0.46 0.19 0.20 0.20 0.21 0.20 -1 -1 -1 -1 -1
Evo 1.00 0.00 0.50 0.49 0.50 0.50 0.50 0.06 0.00 0.04 0.53 0.55 -1 1971
Result 0 1.0 2000 0.48 0.20 0.19 0.21 0.20 0.19 -1 -1 -1 -1 -1
Evo 1.00 0.00 0.50 0.49 0.50 0.50 0.50 0.06 0.00 0.04 0.51 0.55 -1 4
Result 0 1.0 2000 0.46 0.21 0.21 0.20 0.19 0.20 -1 -1 -1 -1 -1
Evo 1.00 0.00 0.50 0.49 0.50 0.50 0.50 0.06 0.00 0.48 0.52 0.55 -1 3
Result 0 5.0 2000 0.47 0.19 0.20 0.21 0.20 0.20 -1 -1 -1 -1 -1
Evo 1.00 0.00 0.50 0.49 0.50 0.50 0.50 0.06 0.00 0.07 0.51 0.55 -1 14
Result 0 1.0 2000 0.48 0.21 0.19 0.22 0.19 0.19 -1 -1 -1 -1 -1
Evo 1.00 0.00 0.50 0.49 0.50 0.50 0.50 0.06 0.00 0.03 0.54 0.55 -1 1971
Result 0 1.0 2000 0.45 0.20 0.21 0.18 0.21 0.20 -1 -1 -1 -1 -1
Evo 1.00 0.00 0.50 0.49 0.50 0.50 0.50 0.06 0.00 0.03 0.28 0.45 -1 3
Result 0 1.0 2000 0.46 0.20 0.20 0.20 0.20 0.20 -1 -1 -1 -1 -1
Evo 1.00 0.00 0.50 0.49 0.50 0.50 0.50 0.06 0.00 0.06 0.49 0.55 -1 30
Result 0 1.0 2000 0.45 0.19 0.19 0.19 0.20 0.22 -1 -1 -1 -1 -1
Evo 1.00 0.00 0.50 0.49 0.50 0.50 0.50 0.06 0.00 0.03 0.34 0.55 -1 17
Result 0 1.0 2000 0.46 0.20 0.21 0.19 0.20 0.20 -1 -1 -1 -1 -1
Evo 1.00 0.00 0.50 0.49 0.50 0.50 0.50 0.06 0.00 0.04 0.41 0.55 -1 0
Result 0 1.0 2000 0.47 0.19 0.19 0.20 0.22 0.20 -1 -1 -1 -1 -1
Evo 1.00 0.00 0.50 0.49 0.50 0.50 0.50 0.06 0.00 0.17 0.49 0.55 -1 11
Result 0 5.0 2000 0.47 0.21 0.19 0.20 0.19 0.21 -1 -1 -1 -1 -1
Evo 1.00 0.00 0.50 0.49 0.50 0.50 0.50 0.06 0.00 0.08 0.51 0.55 -1 8
Result 0 1.0 2000 0.46 0.20 0.20 0.19 0.20 0.20 -1 -1 -1 -1 -1
Evo 1.00 0.00 0.50 0.49 0.50 0.50 0.50 0.06 0.00 0.04 0.27 0.47 -1 2
Result 0 1.0 2000 0.47 0.20 0.21 0.20 0.19 0.19 -1 -1 -1 -1 -1
Evo 1.00 0.00 0.50 0.49 0.50 0.50 0.50 0.06 0.00 0.04 0.53 0.55 -1 8
Result 0 1.0 2000 0.45 0.21 0.20 0.19 0.19 0.21 -1 -1 -1 -1 -1
Evo 1.00 0.00 0.50 0.49 0.50 0.50 0.50 0.06 0.00 0.26 0.37 0.55 -1 1971
Result 0 5.0 2000 0.46 0.21 0.20 0.19 0.19 0.21 -1 -1 -1 -1 -1
Evo 1.00 0.00 0.50 0.49 0.50 0.50 0.50 0.06 0.00 0.07 0.47 0.55 -1 5
Result 0 5.0 2000 0.45 0.20 0.21 0.19 0.20 0.20 -1 -1 -1 -1 -1
Evo 1.00 0.00 0.50 0.49 0.50 0.50 0.50 0.06 0.00 0.03 0.44 0.55 -1 516
Result 0 1.0 2000 0.46 0.20 0.20 0.20 0.19 0.21 -1 -1 -1 -1 -1
Evo 1.00 0.00 0.50 0.49 0.50 0.50 0.50 0.06 0.00 0.03 0.40 0.55 -1 3
Result 0 1.0 2000 0.46 0.19 0.21 0.20 0.21 0.20 -1 -1 -1 -1 -1
Evo 1.00 0.00 0.50 0.49 0.50 0.50 0.50 0.06 0.00 0.04 0.28 0.49 -1 7
Result 0 1.0 2000 0.47 0.21 0.19 0.21 0.21 0.18 -1 -1 -1 -1 -1
Evo 1.00 0.00 0.50 0.49 0.50 0.50 0.50 0.06 0.00 0.08 0.51 0.55 -1 9
Result 0 1.0 2000 0.45 0.18 0.19 0.19 0.23 0.21 -1 -1 -1 -1 -1
Evo 1.00 0.00 0.50 0.49 0.50 0.50 0.50 0.06 0.00 0.03 0.51 0.57 -1 1971
Result 0 1.0 2000 0.47 0.19 0.21 0.21 0.19 0.20 -1 -1 -1 -1 -1
Evo 1.00 0.00 0.50 0.49 0.50 0.50 0.50 0.06 0.00 0.03 0.53 0.57 -1 1971
Result 0 1.0 2000 0.46 0.20 0.20 0.20 0.20 0.20 -1 -1 -1 -1 -1
Evo 1.00 0.00 0.50 0.49 0.50 0.50 0.50 0.06 0.00 0.02 0.55 0.57 -1 1971
Result 0 1.0 2000 0.46 0.21 0.20 0.19 0.20 0.20 -1 -1 -1 -1 -1
Evo 1.00 0.00 0.50 0.49 0.50 0.50 0.50 0.06 0.00 0.12 0.43 0.57 -1 829
Result 0 1.0 2000 0.45 0.19 0.21 0.18 0.21 0.20 -1 -1 -1 -1 -1
Evo 1.00 0.00 0.50 0.49 0.50 0.50 0.50 0.06 0.00 0.03 0.37 0.57 -1 1971
Result 0 1.0 2000 0.47 0.20 0.20 0.21 0.20 0.19 -1 -1 -1 -1 -1
Evo 1.00 0.00 0.50 0.49 0.50 0.50 0.50 0.06 0.00 0.02 0.49 0.57 -1 1971
Result 0 1.0 2000 0.47 0.21 0.20 0.21 0.20 0.18 -1 -1 -1 -1 -1
Evo 1.00 0.00 0.50 0.49 0.50 0.50 0.50 0.06 0.00 0.19 0.53 0.57 -1 1971
Result 0 1.0 2000 0.47 0.21 0.20 0.20 0.20 0.20 -1 -1 -1 -1 -1
Evo 1.00 0.00 0.50 0.49 0.50 0.50 0.50 0.06 0.00 0.19 0.42 0.57 -1 1971
Result 0 1.0 2000 0.47 0.20 0.20 0.21 0.20 0.20 -1 -1 -1 -1 -1
Evo 1.00 0.00 0.50 0.49 0.50 0.50 0.50 0.06 0.00 0.03 0.51 0.57 -1 1971
Result 0 1.0 2000 0.46 0.19 0.22 0.19 0.20 0.20 -1 -1 -1 -1 -1
Evo 1.00 0.00 0.50 0.49 0.50 0.50 0.50 0.06 0.00 0.17 0.42 0.57 -1 1971
Result 0 1.0 2000 0.47 0.20 0.20 0.20 0.19 0.21 -1 -1 -1 -1 -1
Evo 1.00 0.00 0.50 0.49 0.50 0.50 0.50 0.06 0.00 0.05 0.38 0.57 -1 1971
Result 0 1.0 2000 0.46 0.21 0.18 0.19 0.21 0.21 -1 -1 -1 -1 -1
Evo 1.00 0.00 0.50 0.49 0.50 0.50 0.50 0.06 0.00 0.04 0.50 0.57 -1 1971
Result 0 1.0 2000 0.47 0.21 0.20 0.20 0.19 0.21 -1 -1 -1 -1 -1
Evo 1.00 0.00 0.50 0.49 0.50 0.50 0.50 0.06 0.00 0.30 0.49 0.57 -1 1971
Result 0 1.0 2000 0.47 0.19 0.19 0.21 0.20 0.20 -1 -1 -1 -1 -1
Evo 1.00 0.00 0.50 0.49 0.50 0.50 0.50 0.06 0.00 0.03 0.50 0.57 -1 492
Result 0 1.0 2000 0.48 0.18 0.20 0.22 0.21 0.19 -1 -1 -1 -1 -1
Evo 1.00 0.00 0.50 0.49 0.50 0.50 0.50 0.06 0.00 0.03 0.50 0.57 -1 1971
Result 0 1.0 2000 0.46 0.20 0.19 0.20 0.19 0.21 -1 -1 -1 -1 -1
Evo 1.00 0.00 0.50 0.49 0.50 0.50 0.50 0.06 0.00 0.03 0.56 0.57 -1 1971
Result 0 1.0 2000 0.47 0.21 0.18 0.21 0.19 0.20 -1 -1 -1 -1 -1
Evo 1.00 0.00 0.50 0.49 0.50 0.50 0.50 0.06 0.00 0.02 0.47 0.57 -1 1971
Result 0 1.0 2000 0.47 0.21 0.18 0.21 0.19 0.20 -1 -1 -1 -1 -1
Evo 1.00 0.00 0.50 0.49 0.50 0.50 0.50 0.06 0.00 0.03 0.42 0.57 -1 163
Result 0 1.0 2000 0.46 0.21 0.19 0.19 0.20 0.21 -1 -1 -1 -1 -1
Evo 1.00 0.00 0.50 0.49 0.50 0.50 0.50 0.06 0.00 0.02 0.49 0.57 -1 1971
Result 0 1.0 2000 0.45 0.18 0.20 0.19 0.20 0.23 -1 -1 -1 -1 -1
Evo 1.00 0.00 0.50 0.49 0.50 0.50 0.50 0.06 0.00 0.03 0.40 0.57 -1 697
Result 0 1.0 2000 0.46 0.20 0.19 0.19 0.21 0.20 -1 -1 -1 -1 -1
Evo 1.00 0.00 0.50 0.49 0.50 0.50 0.50 0.06 0.00 0.10 0.55 0.58 -1 1971
Result 0 1.0 2000 0.46 0.19 0.22 0.20 0.20 0.19 -1 -1 -1 -1 -1
Evo 1.00 0.00 0.50 0.49 0.50 0.50 0.50 0.06 0.00 0.04 0.55 0.58 -1 1971
Result 0 1.0 2000 0.45 0.21 0.19 0.19 0.21 0.19 -1 -1 -1 -1 -1
Evo 1.00 0.00 0.50 0.49 0.50 0.50 0.50 0.06 0.00 0.05 0.56 0.58 -1 1971
Result 0 1.0 2000 0.48 0.20 0.19 0.21 0.19 0.20 -1 -1 -1 -1 -1
Evo 1.00 0.00 0.50 0.49 0.50 0.50 0.50 0.06 0.00 0.17 0.56 0.58 -1 1971
Result 0 1.0 2000 0.46 0.21 0.20 0.19 0.20 0.20 -1 -1 -1 -1 -1
Evo 1.00 0.00 0.50 0.49 0.50 0.50 0.50 0.06 0.00 0.47 0.55 0.58 -1 1971
Result 0 1.0 2000 0.47 0.19 0.20 0.21 0.20 0.21 -1 -1 -1 -1 -1
Evo 1.00 0.00 0.50 0.49 0.50 0.50 0.50 0.06 0.00 0.34 0.56 0.58 -1 1971
Result 0 1.0 2000 0.47 0.21 0.19 0.21 0.21 0.19 -1 -1 -1 -1 -1
Evo 1.00 0.00 0.50 0.49 0.50 0.50 0.50 0.06 0.00 0.52 0.55 0.58 -1 1971
Result 0 1.0 2000 0.44 0.21 0.20 0.17 0.21 0.21 -1 -1 -1 -1 -1
Evo 1.00 0.00 0.50 0.49 0.50 0.50 0.50 0.06 0.00 0.11 0.55 0.58 -1 1971
Result 0 1.0 2000 0.45 0.20 0.20 0.19 0.19 0.22 -1 -1 -1 -1 -1
Evo 1.00 0.00 0.50 0.49 0.50 0.50 0.50 0.06 0.00 0.07 0.56 0.58 -1 1971
Result 0 1.0 2000 0.48 0.21 0.18 0.22 0.19 0.19 -1 -1 -1 -1 -1
Evo 1.00 0.00 0.50 0.49 0.50 0.50 0.50 0.06 0.00 0.07 0.57 0.58 -1 1971
Result 0 1.0 2000 0.46 0.19 0.20 0.20 0.21 0.20 -1 -1 -1 -1 -1
Evo 1.00 0.00 0.50 0.49 0.50 0.50 0.50 0.06 0.00 0.04 0.55 0.58 -1 1971
Result 0 1.0 2000 0.46 0.21 0.20 0.20 0.20 0.20 -1 -1 -1 -1 -1
Evo 1.00 0.00 0.50 0.49 0.50 0.50 0.50 0.06 0.00 0.04 0.34 0.58 -1 1971
Result 0 1.0 2000 0.46 0.21 0.20 0.20 0.20 0.20 -1 -1 -1 -1 -1
Evo 1.00 0.00 0.50 0.49 0.50 0.50 0.50 0.06 0.00 0.04 0.52 0.58 -1 1971
Result 0 1.0 2000 0.47 0.20 0.21 0.21 0.19 0.19 -1 -1 -1 -1 -1
Evo 1.00 0.00 0.50 0.49 0.50 0.50 0.50 0.06 0.00 0.05 0.53 0.58 -1 1971
Result 0 1.0 2000 0.46 0.19 0.20 0.19 0.21 0.20 -1 -1 -1 -1 -1
Evo 1.00 0.00 0.50 0.49 0.50 0.50 0.50 0.06 0.00 0.13 0.53 0.58 -1 1971
Result 0 1.0 2000 0.46 0.19 0.22 0.20 0.19 0.20 -1 -1 -1 -1 -1
Evo 1.00 0.00 0.50 0.49 0.50 0.50 0.50 0.06 0.00 0.26 0.46 0.58 -1 1971
Result 0 1.0 2000 0.46 0.21 0.20 0.19 0.20 0.20 -1 -1 -1 -1 -1
Evo 1.00 0.00 0.50 0.49 0.50 0.50 0.50 0.06 0.00 0.10 0.50 0.58 -1 1971
Result 0 1.0 2000 0.47 0.21 0.20 0.20 0.19 0.20 -1 -1 -1 -1 -1
Evo 1.00 0.00 0.50 0.49 0.50 0.50 0.50 0.06 0.00 0.25 0.54 0.58 -1 573
Result 0 1.0 2000 0.47 0.19 0.22 0.21 0.19 0.19 -1 -1 -1 -1 -1
Evo 1.00 0.00 0.50 0.49 0.50 0.50 0.50 0.06 0.00 0.28 0.51 0.58 -1 1971
Result 0 1.0 2000 0.46 0.18 0.22 0.20 0.21 0.20 -1 -1 -1 -1 -1
Evo 1.00 0.00 0.50 0.49 0.50 0.50 0.50 0.06 0.00 0.52 0.45 0.58 -1 1971
Result 0 1.0 2000 0.45 0.21 0.19 0.19 0.20 0.21 -1 -1 -1 -1 -1
Evo 1.00 0.00 0.50 0.49 0.50 0.50 0.50 0.06 0.00 0.01 0.39 0.52 -1 1971
Result 0 5.0 2000 0.46 0.20 0.22 0.19 0.20 0.18 -1 -1 -1 -1 -1
Evo 1.00 0.00 0.50 0.49 0.50 0.50 0.50 0.06 0.00 0.01 0.48 0.51 -1 1971
Result 0 5.0 2000 0.46 0.20 0.21 0.20 0.19 0.20 -1 -1 -1 -1 -1
Evo 1.00 0.00 0.50 0.49 0.50 0.50 0.50 0.06 0.00 0.01 0.49 0.51 -1 1971
Result 0 5.0 2000 0.46 0.20 0.20 0.20 0.20 0.20 -1 -1 -1 -1 -1
Evo 1.00 0.00 0.50 0.49 0.50 0.50 0.50 0.06 0.00 0.01 0.35 0.46 -1 1971
Result 0 5.0 2000 0.46 0.21 0.20 0.19 0.20 0.19 -1 -1 -1 -1 -1
Evo 1.00 0.00 0.50 0.49 0.50 0.50 0.50 0.06 0.00 0.09 0.26 0.38 -1 1971
Result 0 0.0 2000 0.47 0.20 0.19 0.21 0.20 0.20 -1 -1 -1 -1 -1
Evo 1.00 0.00 0.50 0.49 0.50 0.50 0.50 0.06 0.00 0.01 0.31 0.49 -1 1971
Result 0 0.0 2000 0.47 0.19 0.21 0.21 0.20 0.19 -1 -1 -1 -1 -1
Evo 1.00 0.00 0.50 0.49 0.50 0.50 0.50 0.06 0.00 0.01 0.34 0.47 -1 1971
Result 0 5.0 2000 0.45 0.19 0.20 0.19 0.19 0.22 -1 -1 -1 -1 -1
Evo 1.00 0.00 0.50 0.49 0.50 0.50 0.50 0.06 0.00 0.02 0.40 0.52 -1 117
Result 0 5.0 2000 0.45 0.22 0.19 0.19 0.20 0.21 -1 -1 -1 -1 -1
Evo 1.00 0.00 0.50 0.49 0.50 0.50 0.50 0.06 0.00 0.28 0.29 0.40 -1 1971
Result 0 4.0 2000 0.48 0.20 0.19 0.22 0.19 0.20 -1 -1 -1 -1 -1
Evo 1.00 0.00 0.50 0.49 0.50 0.50 0.50 0.06 0.00 0.03 0.31 0.46 -1 1971
Result 0 5.0 2000 0.46 0.21 0.21 0.19 0.20 0.18 -1 -1 -1 -1 -1
Evo 1.00 0.00 0.50 0.49 0.50 0.50 0.50 0.06 0.00 0.01 0.43 0.52 -1 1971
Result 0 5.0 2000 0.47 0.19 0.19 0.21 0.21 0.21 -1 -1 -1 -1 -1
Evo 1.00 0.00 0.50 0.49 0.50 0.50 0.50 0.06 0.00 0.04 0.36 0.50 -1 423
Result 0 5.0 2000 0.47 0.20 0.20 0.20 0.19 0.20 -1 -1 -1 -1 -1
Evo 1.00 0.00 0.50 0.49 0.50 0.50 0.50 0.06 0.00 0.04 0.36 0.51 -1 524
Result 0 5.0 2000 0.47 0.21 0.19 0.20 0.19 0.20 -1 -1 -1 -1 -1
Evo 1.00 0.00 0.50 0.49 0.50 0.50 0.50 0.06 0.00 0.03 0.34 0.51 -1 223
Result 0 0.0 2000 0.45 0.19 0.20 0.19 0.21 0.21 -1 -1 -1 -1 -1
Evo 1.00 0.00 0.50 0.49 0.50 0.50 0.50 0.06 0.00 0.02 0.36 0.49 -1 1971
Result 0 5.0 2000 0.46 0.20 0.19 0.20 0.21 0.20 -1 -1 -1 -1 -1
Evo 1.00 0.00 0.50 0.49 0.50 0.50 0.50 0.06 0.00 0.01 0.36 0.52 -1 156
Result 0 5.0 2000 0.45 0.21 0.21 0.19 0.20 0.20 -1 -1 -1 -1 -1
Evo 1.00 0.00 0.50 0.49 0.50 0.50 0.50 0.06 0.00 0.03 0.52 0.52 -1 157
Result 0 5.0 2000 0.46 0.19 0.20 0.20 0.21 0.20 -1 -1 -1 -1 -1
Evo 1.00 0.00 0.50 0.49 0.50 0.50 0.50 0.06 0.00 0.03 0.52 0.52 -1 162
Result 0 5.0 2000 0.47 0.21 0.18 0.21 0.20 0.20 -1 -1 -1 -1 -1
Evo 1.00 0.00 0.50 0.49 0.50 0.50 0.50 0.06 0.00 0.09 0.31 0.46 -1 1971
Result 0 0.0 2000 0.47 0.21 0.19 0.20 0.18 0.21 -1 -1 -1 -1 -1
Evo 1.00 0.00 0.50 0.49 0.50 0.50 0.50 0.06 0.00 0.01 0.42 0.52 -1 1077
Result 0 5.0 2000 0.47 0.20 0.20 0.20 0.20 0.20 -1 -1 -1 -1 -1
