Evo 1.00 0.00 0.00 0.00 0.00 0.00 0.00 0.00 0.00 0.00 0.25 0.62 -1 1471
Result 0 0.0 1500 0.41 0.16 0.15 0.16 0.18 0.16 0.18 -1 -1 -1 -1
Evo 1.00 0.00 1.00 0.18 0.00 0.00 0.00 0.38 0.01 0.44 0.35 0.81 -1 1471
Result 0 14.0 1500 0.42 0.17 0.16 0.18 0.16 0.18 0.16 -1 -1 -1 -1
Evo 1.00 0.00 1.00 0.98 1.00 1.00 1.00 0.14 0.00 0.03 0.26 0.72 -1 1471
Result 0 0.0 1500 0.42 0.16 0.17 0.16 0.17 0.18 0.17 -1 -1 -1 -1
Evo 1.00 0.00 1.00 0.98 1.00 1.00 1.00 0.14 0.00 0.03 0.29 0.74 -1 1471
Result 0 0.0 1500 0.40 0.16 0.14 0.18 0.17 0.18 0.17 -1 -1 -1 -1
Evo 1.00 0.00 1.00 0.98 1.00 1.00 1.00 0.14 0.00 0.03 0.31 0.81 -1 1471
Result 0 0.0 1500 0.42 0.17 0.16 0.16 0.17 0.17 0.18 -1 -1 -1 -1
Evo 1.00 0.00 1.00 0.98 1.00 1.00 1.00 0.14 0.00 0.03 0.30 0.75 -1 1471
Result 0 0.0 1500 0.42 0.17 0.16 0.17 0.18 0.17 0.16 -1 -1 -1 -1
Evo 1.00 0.00 1.00 0.98 1.00 1.00 1.00 0.14 0.00 0.03 0.15 0.41 -1 1471
Result 0 0.0 1500 0.45 0.18 0.18 0.18 0.15 0.17 0.15 -1 -1 -1 -1
Evo 1.00 0.00 1.00 0.98 1.00 1.00 1.00 0.14 0.00 0.03 0.27 0.69 -1 1471
Result 0 0.0 1500 0.43 0.17 0.16 0.17 0.16 0.17 0.18 -1 -1 -1 -1
Evo 1.00 0.00 1.00 0.98 1.00 1.00 1.00 0.14 0.00 0.03 0.17 0.51 -1 1471
Result 0 0.0 1500 0.42 0.16 0.17 0.18 0.16 0.16 0.17 -1 -1 -1 -1
Evo 1.00 0.00 1.00 0.98 1.00 1.00 1.00 0.14 0.00 0.03 0.33 0.79 -1 1471
Result 0 0.0 1500 0.45 0.18 0.16 0.17 0.16 0.18 0.15 -1 -1 -1 -1
Evo 1.00 0.00 1.00 0.98 1.00 1.00 1.00 0.14 0.00 0.03 0.26 0.91 -1 1471
Result 0 0.0 1500 0.45 0.17 0.18 0.15 0.17 0.17 0.17 -1 -1 -1 -1
Evo 1.00 0.00 1.00 0.98 1.00 1.00 1.00 0.14 0.00 0.03 0.20 0.45 -1 1471
Result 0 0.0 1500 0.43 0.17 0.16 0.19 0.16 0.15 0.16 -1 -1 -1 -1
Evo 1.00 0.00 1.00 0.98 1.00 1.00 1.00 0.14 0.00 0.03 0.26 0.76 -1 1471
Result 0 0.0 1500 0.41 0.17 0.15 0.17 0.18 0.18 0.15 -1 -1 -1 -1
Evo 1.00 0.00 1.00 0.98 1.00 1.00 1.00 0.14 0.00 0.02 0.33 0.81 -1 1471
Result 0 39.0 1500 0.44 0.17 0.17 0.15 0.16 0.17 0.18 -1 -1 -1 -1
Evo 1.00 0.00 1.00 0.98 1.00 1.00 1.00 0.14 0.00 0.03 0.19 0.55 -1 1471
Result 0 0.0 1500 0.41 0.15 0.18 0.16 0.15 0.16 0.18 -1 -1 -1 -1
Evo 1.00 0.00 1.00 0.98 1.00 1.00 1.00 0.14 0.00 0.03 0.27 0.78 -1 1471
Result 0 0.0 1500 0.42 0.20 0.16 0.16 0.16 0.15 0.17 -1 -1 -1 -1
Evo 1.00 0.00 1.00 0.98 1.00 1.00 1.00 0.14 0.00 0.03 0.30 0.75 -1 1471
Result 0 0.0 1500 0.43 0.17 0.17 0.16 0.16 0.18 0.16 -1 -1 -1 -1
Evo 1.00 0.00 1.00 0.98 1.00 1.00 1.00 0.14 0.00 0.03 0.15 0.53 -1 1471
Result 0 0.0 1500 0.45 0.15 0.18 0.18 0.15 0.17 0.17 -1 -1 -1 -1
Evo 1.00 0.00 1.00 0.98 1.00 1.00 1.00 0.14 0.00 0.03 0.27 0.69 -1 1471
Result 0 0.0 1500 0.42 0.18 0.16 0.17 0.17 0.17 0.16 -1 -1 -1 -1
Evo 1.00 0.00 1.00 0.98 1.00 1.00 1.00 0.14 0.00 0.03 0.24 0.58 -1 1471
Result 0 0.0 1500 0.43 0.17 0.16 0.17 0.16 0.18 0.16 -1 -1 -1 -1
Evo 1.00 0.00 1.00 0.98 1.00 1.00 1.00 0.14 0.00 0.08 0.31 0.83 -1 1471
Result 0 3.0 1500 0.43 0.15 0.17 0.16 0.17 0.18 0.17 -1 -1 -1 -1
Evo 1.00 0.00 1.00 0.98 1.00 1.00 1.00 0.14 0.00 0.03 0.23 0.68 -1 1471
Result 0 0.0 1500 0.45 0.18 0.15 0.17 0.18 0.15 0.17 -1 -1 -1 -1
Evo 1.00 0.00 1.00 0.98 1.00 1.00 1.00 0.14 0.00 0.03 0.27 0.75 -1 1471
Result 0 0.0 1500 0.44 0.18 0.17 0.16 0.17 0.16 0.16 -1 -1 -1 -1
Evo 1.00 0.00 1.00 0.98 1.00 1.00 1.00 0.14 0.00 0.03 0.29 0.75 -1 1471
Result 0 0.0 1500 0.42 0.17 0.15 0.17 0.16 0.18 0.17 -1 -1 -1 -1
Evo 1.00 0.00 1.00 0.98 1.00 1.00 1.00 0.14 0.00 0.03 0.26 0.77 -1 1471
Result 0 0.0 1500 0.43 0.16 0.15 0.17 0.17 0.17 0.18 -1 -1 -1 -1
Evo 1.00 0.00 1.00 0.98 1.00 1.00 1.00 0.14 0.00 0.03 0.18 0.62 -1 1471
Result 0 0.0 1500 0.43 0.16 0.14 0.17 0.19 0.17 0.17 -1 -1 -1 -1
Evo 1.00 0.00 1.00 0.98 1.00 1.00 1.00 0.14 0.00 0.03 0.25 0.63 -1 1471
Result 0 0.0 1500 0.45 0.18 0.17 0.15 0.16 0.15 0.18 -1 -1 -1 -1
Evo 1.00 0.00 1.00 0.98 1.00 1.00 1.00 0.14 0.00 0.03 0.19 0.66 -1 1471
Result 0 0.0 1500 0.44 0.17 0.17 0.17 0.16 0.17 0.17 -1 -1 -1 -1
Evo 1.00 0.00 1.00 0.98 1.00 1.00 1.00 0.14 0.00 0.03 0.30 0.77 -1 1471
Result 0 0.0 1500 0.42 0.17 0.16 0.17 0.16 0.18 0.17 -1 -1 -1 -1
Evo 1.00 0.00 1.00 0.98 1.00 1.00 1.00 0.14 0.00 0.03 0.30 0.77 -1 1471
Result 0 0.0 1500 0.43 0.16 0.17 0.18 0.16 0.17 0.17 -1 -1 -1 -1
Evo 1.00 0.00 1.00 0.98 1.00 1.00 1.00 0.14 0.00 0.03 0.25 0.64 -1 1471
Result 0 0.0 1500 0.44 0.18 0.15 0.18 0.17 0.16 0.17 -1 -1 -1 -1
Evo 1.00 0.00 1.00 0.98 1.00 1.00 1.00 0.14 0.00 0.03 0.29 0.66 -1 1471
Result 0 0.0 1500 0.44 0.16 0.18 0.16 0.15 0.18 0.17 -1 -1 -1 -1
Evo 1.00 0.00 1.00 0.98 1.00 1.00 1.00 0.14 0.00 0.03 0.24 0.82 -1 1471
Result 0 0.0 1500 0.45 0.17 0.19 0.17 0.15 0.16 0.17 -1 -1 -1 -1
Evo 1.00 0.00 1.00 0.98 1.00 1.00 1.00 0.14 0.00 0.03 0.27 0.71 -1 1471
Result 0 0.0 1500 0.44 0.18 0.16 0.17 0.16 0.17 0.16 -1 -1 -1 -1
Evo 1.00 0.00 1.00 0.98 1.00 1.00 1.00 0.14 0.00 0.03 0.27 0.77 -1 1471
Result 0 0.0 1500 0.44 0.15 0.18 0.16 0.18 0.18 0.16 -1 -1 -1 -1
Evo 1.00 0.00 1.00 0.98 1.00 1.00 1.00 0.14 0.00 0.03 0.21 0.68 -1 1471
Result 0 0.0 1500 0.42 0.16 0.16 0.18 0.16 0.16 0.18 -1 -1 -1 -1
Evo 1.00 0.00 1.00 0.98 1.00 1.00 1.00 0.14 0.00 0.03 0.23 0.72 -1 1471
Result 0 0.0 1500 0.42 0.16 0.17 0.17 0.17 0.17 0.16 -1 -1 -1 -1
Evo 1.00 0.00 1.00 0.98 1.00 1.00 1.00 0.14 0.00 0.03 0.35 0.78 -1 1471
Result 0 0.0 1500 0.41 0.15 0.17 0.17 0.16 0.17 0.18 -1 -1 -1 -1
Evo 1.00 0.00 1.00 0.98 1.00 1.00 1.00 0.14 0.00 0.03 0.26 0.77 -1 1471
Result 0 0.0 1500 0.44 0.18 0.17 0.16 0.17 0.15 0.17 -1 -1 -1 -1
Evo 1.00 0.00 1.00 0.98 1.00 1.00 1.00 0.14 0.00 0.03 0.23 0.65 -1 1471
Result 0 0.0 1500 0.42 0.16 0.17 0.17 0.18 0.17 0.16 -1 -1 -1 -1
Evo 1.00 0.00 1.00 0.98 1.00 1.00 1.00 0.14 0.00 0.03 0.34 0.78 -1 1471
Result 0 0.0 1500 0.44 0.17 0.17 0.16 0.17 0.15 0.18 -1 -1 -1 -1
Evo 1.00 0.00 1.00 0.98 1.00 1.00 1.00 0.14 0.00 0.03 0.23 0.65 -1 1471
Result 0 0.0 1500 0.44 0.17 0.17 0.17 0.18 0.16 0.16 -1 -1 -1 -1
Evo 1.00 0.00 1.00 0.98 1.00 1.00 1.00 0.14 0.00 0.03 0.31 0.67 -1 1471
Result 0 0.0 1500 0.43 0.18 0.16 0.16 0.17 0.17 0.16 -1 -1 -1 -1
Evo 1.00 0.00 1.00 0.98 1.00 1.00 1.00 0.14 0.00 0.03 0.23 0.63 -1 1471
Result 0 0.0 1500 0.41 0.18 0.15 0.17 0.18 0.15 0.17 -1 -1 -1 -1
Evo 1.00 0.00 1.00 0.98 1.00 1.00 1.00 0.14 0.00 0.03 0.21 0.66 -1 1471
Result 0 0.0 1500 0.42 0.17 0.16 0.17 0.18 0.17 0.16 -1 -1 -1 -1
Evo 1.00 0.00 1.00 0.98 1.00 1.00 1.00 0.14 0.00 0.03 0.27 0.66 -1 1471
Result 0 0.0 1500 0.44 0.16 0.18 0.17 0.17 0.16 0.15 -1 -1 -1 -1
Evo 1.00 0.00 1.00 0.98 1.00 1.00 1.00 0.14 0.00 0.03 0.24 0.59 -1 1471
Result 0 0.0 1500 0.44 0.17 0.18 0.17 0.17 0.16 0.15 -1 -1 -1 -1
Evo 1.00 0.00 1.00 0.98 1.00 1.00 1.00 0.14 0.00 0.03 0.31 0.77 -1 1471
Result 0 0.0 1500 0.42 0.16 0.17 0.16 0.17 0.17 0.17 -1 -1 -1 -1
Evo 1.00 0.00 1.00 0.98 1.00 1.00 1.00 0.14 0.00 0.03 0.25 0.70 -1 1471
Result 0 0.0 1500 0.42 0.16 0.16 0.18 0.17 0.17 0.15 -1 -1 -1 -1
Evo 1.00 0.00 1.00 0.98 1.00 1.00 1.00 0.14 0.00 0.03 0.31 0.72 -1 1471
Result 0 0.0 1500 0.42 0.17 0.16 0.19 0.16 0.17 0.16 -1 -1 -1 -1
Evo 1.00 0.00 1.00 0.98 1.00 1.00 1.00 0.14 0.00 0.03 0.21 0.61 -1 1471
Result 0 0.0 1500 0.42 0.16 0.15 0.18 0.17 0.17 0.17 -1 -1 -1 -1
Evo 1.00 0.00 1.00 0.98 1.00 1.00 1.00 0.14 0.00 0.03 0.25 0.65 -1 1471
Result 0 0.0 1500 0.42 0.16 0.16 0.17 0.16 0.15 0.20 -1 -1 -1 -1
Evo 1.00 0.00 1.00 0.98 1.00 1.00 1.00 0.14 0.00 0.03 0.24 0.66 -1 1471
Result 0 0.0 1500 0.43 0.15 0.17 0.19 0.17 0.14 0.18 -1 -1 -1 -1
Evo 1.00 0.00 1.00 0.98 1.00 1.00 1.00 0.14 0.00 0.03 0.27 0.63 -1 1471
Result 0 0.0 1500 0.43 0.16 0.17 0.18 0.16 0.17 0.16 -1 -1 -1 -1
Evo 1.00 0.00 1.00 0.98 1.00 1.00 1.00 0.14 0.00 0.03 0.22 0.59 -1 1471
Result 0 0.0 1500 0.45 0.18 0.16 0.16 0.16 0.16 0.17 -1 -1 -1 -1
Evo 1.00 0.00 1.00 0.98 1.00 1.00 1.00 0.14 0.00 0.03 0.28 0.73 -1 1471
Result 0 0.0 1500 0.42 0.17 0.16 0.17 0.16 0.15 0.20 -1 -1 -1 -1
Evo 1.00 0.00 1.00 0.98 1.00 1.00 1.00 0.14 0.00 0.03 0.29 0.72 -1 1471
Result 0 0.0 1500 0.42 0.16 0.16 0.16 0.18 0.18 0.16 -1 -1 -1 -1
Evo 1.00 0.00 1.00 0.98 1.00 1.00 1.00 0.14 0.00 0.03 0.23 0.66 -1 1471
Result 0 0.0 1500 0.42 0.18 0.15 0.16 0.17 0.16 0.17 -1 -1 -1 -1
Evo 1.00 0.00 1.00 0.98 1.00 1.00 1.00 0.14 0.00 0.03 0.24 0.73 -1 1471
Result 0 0.0 1500 0.44 0.18 0.16 0.17 0.18 0.15 0.16 -1 -1 -1 -1
Evo 1.00 0.00 1.00 0.98 1.00 1.00 1.00 0.14 0.00 0.03 0.23 0.67 -1 1471
Result 0 0.0 1500 0.43 0.17 0.17 0.17 0.17 0.15 0.17 -1 -1 -1 -1
Evo 1.00 0.00 1.00 0.98 1.00 1.00 1.00 0.14 0.00 0.03 0.33 0.79 -1 1471
Result 0 0.0 1500 0.44 0.17 0.17 0.16 0.16 0.17 0.17 -1 -1 -1 -1
Evo 1.00 0.00 1.00 0.98 1.00 1.00 1.00 0.14 0.00 0.03 0.31 1.43 -1 1471
Result 0 0.0 1500 0.44 0.15 0.17 0.18 0.16 0.18 0.16 -1 -1 -1 -1
Evo 1.00 0.00 1.00 0.98 1.00 1.00 1.00 0.14 0.00 0.03 0.24 0.63 -1 1471
Result 0 0.0 1500 0.44 0.17 0.16 0.15 0.17 0.18 0.17 -1 -1 -1 -1
Evo 1.00 0.00 1.00 0.98 1.00 1.00 1.00 0.14 0.00 0.03 0.26 0.72 -1 1471
Result 0 0.0 1500 0.42 0.15 0.16 0.17 0.17 0.17 0.17 -1 -1 -1 -1
Evo 1.00 0.00 1.00 0.98 1.00 1.00 1.00 0.14 0.00 0.03 0.17 0.57 -1 1471
Result 0 0.0 1500 0.41 0.16 0.15 0.16 0.19 0.18 0.16 -1 -1 -1 -1
Evo 1.00 0.00 1.00 0.98 1.00 1.00 1.00 0.14 0.00 0.03 0.27 0.75 -1 1471
Result 0 0.0 1500 0.43 0.17 0.16 0.18 0.15 0.18 0.16 -1 -1 -1 -1
Evo 1.00 0.00 1.00 0.98 1.00 1.00 1.00 0.14 0.00 0.03 0.31 0.80 -1 1471
Result 0 0.0 1500 0.44 0.18 0.15 0.16 0.18 0.15 0.19 -1 -1 -1 -1
Evo 1.00 0.00 1.00 0.98 1.00 1.00 1.00 0.14 0.00 0.03 0.37 1.58 -1 1471
Result 0 0.0 1500 0.43 0.14 0.17 0.17 0.17 0.17 0.18 -1 -1 -1 -1
Evo 1.00 0.00 1.00 0.98 1.00 1.00 1.00 0.14 0.00 0.03 0.31 0.79 -1 1471
Result 0 0.0 1500 0.44 0.17 0.15 0.18 0.15 0.17 0.17 -1 -1 -1 -1
Evo 1.00 0.00 1.00 0.98 1.00 1.00 1.00 0.14 0.00 0.03 0.27 0.75 -1 1471
Result 0 0.0 1500 0.44 0.17 0.17 0.19 0.17 0.16 0.14 -1 -1 -1 -1
Evo 1.00 0.00 1.00 0.98 1.00 1.00 1.00 0.14 0.00 0.03 0.29 0.65 -1 1471
Result 0 0.0 1500 0.43 0.16 0.17 0.16 0.17 0.17 0.18 -1 -1 -1 -1
Evo 1.00 0.00 1.00 0.98 1.00 1.00 1.00 0.14 0.00 0.03 0.24 0.65 -1 1471
Result 0 0.0 1500 0.45 0.18 0.17 0.15 0.16 0.17 0.17 -1 -1 -1 -1
Evo 1.00 0.00 1.00 0.98 1.00 1.00 1.00 0.14 0.00 0.03 0.26 0.78 -1 1471
Result 0 0.0 1500 0.41 0.19 0.15 0.17 0.17 0.17 0.16 -1 -1 -1 -1
Evo 1.00 0.00 1.00 0.98 1.00 1.00 1.00 0.14 0.00 0.03 0.31 0.74 -1 1471
Result 0 0.0 1500 0.42 0.16 0.16 0.17 0.16 0.16 0.19 -1 -1 -1 -1
Evo 1.00 0.00 1.00 0.98 1.00 1.00 1.00 0.14 0.00 0.03 0.22 0.78 -1 1471
Result 0 0.0 1500 0.45 0.17 0.19 0.16 0.16 0.17 0.16 -1 -1 -1 -1
Evo 1.00 0.00 1.00 0.98 1.00 1.00 1.00 0.14 0.00 0.03 0.27 0.73 -1 1471
Result 0 0.0 1500 0.43 0.17 0.15 0.16 0.18 0.18 0.16 -1 -1 -1 -1
Evo 1.00 0.00 1.00 0.98 1.00 1.00 1.00 0.14 0.00 0.03 0.21 0.61 -1 1471
Result 0 0.0 1500 0.45 0.17 0.18 0.15 0.16 0.18 0.15 -1 -1 -1 -1
Evo 1.00 0.00 1.00 0.98 1.00 1.00 1.00 0.14 0.00 0.03 0.25 0.85 -1 1471
Result 0 0.0 1500 0.43 0.16 0.16 0.17 0.16 0.17 0.17 -1 -1 -1 -1
Evo 1.00 0.00 1.00 0.98 1.00 1.00 1.00 0.14 0.00 0.03 0.30 0.71 -1 1471
Result 0 0.0 1500 0.42 0.17 0.16 0.17 0.17 0.17 0.17 -1 -1 -1 -1
Evo 1.00 0.00 1.00 0.98 1.00 1.00 1.00 0.14 0.00 0.03 0.32 1.02 -1 1471
Result 0 0.0 1500 0.42 0.17 0.16 0.18 0.15 0.17 0.17 -1 -1 -1 -1
Evo 1.00 0.00 1.00 0.98 1.00 1.00 1.00 0.14 0.00 0.03 0.21 0.61 -1 1471
Result 0 0.0 1500 0.44 0.17 0.17 0.16 0.19 0.17 0.15 -1 -1 -1 -1
Evo 1.00 0.00 1.00 0.98 1.00 1.00 1.00 0.14 0.00 0.03 0.31 0.76 -1 1471
Result 0 0.0 1500 0.44 0.18 0.16 0.17 0.15 0.16 0.18 -1 -1 -1 -1
Evo 1.00 0.00 1.00 0.98 1.00 1.00 1.00 0.14 0.00 0.03 0.25 0.63 -1 1471
Result 0 0.0 1500 0.43 0.17 0.16 0.17 0.18 0.17 0.16 -1 -1 -1 -1
Evo 1.00 0.00 1.00 0.98 1.00 1.00 1.00 0.14 0.00 0.03 0.32 0.75 -1 1471
Result 0 0.0 1500 0.43 0.17 0.17 0.17 0.15 0.18 0.17 -1 -1 -1 -1
Evo 1.00 0.00 1.00 0.98 1.00 1.00 1.00 0.14 0.00 0.03 0.26 0.64 -1 1471
Result 0 0.0 1500 0.43 0.18 0.16 0.15 0.17 0.17 0.16 -1 -1 -1 -1
Evo 1.00 0.00 1.00 0.98 1.00 1.00 1.00 0.14 0.00 0.53 0.19 0.59 -1 1471
Result 0 1.0 1500 0.44 0.17 0.15 0.15 0.16 0.19 0.17 -1 -1 -1 -1
Evo 1.00 0.00 1.00 0.98 1.00 1.00 1.00 0.14 0.00 0.53 0.25 0.66 -1 1471
Result 0 1.0 1500 0.43 0.18 0.17 0.15 0.19 0.17 0.16 -1 -1 -1 -1
Evo 1.00 0.00 1.00 0.98 1.00 1.00 1.00 0.14 0.00 0.03 0.28 0.66 -1 1471
Result 0 0.0 1500 0.42 0.16 0.17 0.18 0.18 0.15 0.16 -1 -1 -1 -1
Evo 1.00 0.00 1.00 0.98 1.00 1.00 1.00 0.14 0.00 0.03 0.21 0.66 -1 1471
Result 0 0.0 1500 0.44 0.18 0.14 0.17 0.19 0.17 0.16 -1 -1 -1 -1
Evo 1.00 0.00 1.00 0.98 1.00 1.00 1.00 0.14 0.00 0.03 0.17 0.67 -1 1471
Result 0 0.0 1500 0.46 0.17 0.19 0.17 0.15 0.16 0.15 -1 -1 -1 -1
Evo 1.00 0.00 1.00 0.98 1.00 1.00 1.00 0.14 0.00 0.03 0.28 0.72 -1 1471
Result 0 0.0 1500 0.44 0.16 0.18 0.16 0.16 0.16 0.17 -1 -1 -1 -1
Evo 1.00 0.00 1.00 0.98 1.00 1.00 1.00 0.14 0.00 0.03 0.20 0.68 -1 1471
Result 0 0.0 1500 0.42 0.17 0.16 0.17 0.17 0.17 0.17 -1 -1 -1 -1
Evo 1.00 0.00 1.00 0.98 1.00 1.00 1.00 0.14 0.00 0.03 0.26 0.62 -1 1471
Result 0 0.0 1500 0.44 0.15 0.17 0.17 0.17 0.16 0.19 -1 -1 -1 -1
Evo 1.00 0.00 1.00 0.98 1.00 1.00 1.00 0.14 0.00 0.03 0.28 0.69 -1 1471
Result 0 0.0 1500 0.43 0.16 0.16 0.18 0.17 0.17 0.15 -1 -1 -1 -1
Evo 1.00 0.00 1.00 0.98 1.00 1.00 1.00 0.14 0.00 0.03 0.22 0.70 -1 1471
Result 0 0.0 1500 0.44 0.17 0.17 0.16 0.17 0.17 0.16 -1 -1 -1 -1
Evo 1.00 0.00 1.00 0.98 1.00 1.00 1.00 0.14 0.00 0.03 0.27 0.65 -1 1471
Result 0 0.0 1500 0.42 0.17 0.16 0.17 0.16 0.18 0.17 -1 -1 -1 -1
Evo 1.00 0.00 1.00 0.98 1.00 1.00 1.00 0.14 0.00 0.03 0.21 0.66 -1 1471
Result 0 0.0 1500 0.43 0.17 0.17 0.17 0.16 0.15 0.18 -1 -1 -1 -1
Evo 1.00 0.00 1.00 0.98 1.00 1.00 1.00 0.14 0.00 0.03 0.31 1.10 -1 1471
Result 0 0.0 1500 0.42 0.16 0.17 0.16 0.17 0.18 0.16 -1 -1 -1 -1
Evo 1.00 0.00 1.00 0.98 1.00 1.00 1.00 0.14 0.00 0.03 0.25 0.75 -1 1471
Result 0 0.0 1500 0.43 0.17 0.16 0.18 0.15 0.16 0.18 -1 -1 -1 -1
Evo 1.00 0.00 1.00 0.98 1.00 1.00 1.00 0.14 0.00 0.03 0.29 0.67 -1 1471
Result 0 0.0 1500 0.45 0.17 0.18 0.16 0.15 0.17 0.17 -1 -1 -1 -1
Evo 1.00 0.00 1.00 0.98 1.00 1.00 1.00 0.14 0.00 0.03 0.25 1.12 -1 1471
Result 0 0.0 1500 0.42 0.16 0.18 0.17 0.16 0.18 0.15 -1 -1 -1 -1
