Evo 1.00 0.00 1.00 0.98 1.00 1.00 1.00 0.14 0.00 0.43 0.07 0.09 -1 1
Result 0 1.0 1500 0.44 0.17 0.18 0.18 0.16 0.16 0.17 -1 -1 -1 -1
Evo 1.00 0.00 1.00 0.98 1.00 1.00 1.00 0.14 0.00 0.44 0.06 0.09 -1 0
Result 0 0.0 1500 0.42 0.18 0.15 0.16 0.18 0.15 0.17 -1 -1 -1 -1
Evo 1.00 0.00 1.00 0.98 1.00 1.00 1.00 0.14 0.00 0.49 0.05 0.09 -1 0
Result 0 0.0 1500 0.44 0.17 0.17 0.16 0.17 0.17 0.16 -1 -1 -1 -1
Evo 1.00 0.00 1.00 0.98 1.00 1.00 1.00 0.13 0.00 0.53 0.07 0.09 -1 0
Result 0 0.0 1495 0.43 0.16 0.17 0.17 0.17 0.17 0.17 -1 -1 -1 -1
Evo 1.00 0.00 1.00 0.98 1.00 1.00 1.00 0.14 0.00 0.37 0.05 0.09 -1 0
Result 0 0.0 1500 0.42 0.19 0.16 0.16 0.15 0.16 0.18 -1 -1 -1 -1
Evo 1.00 0.00 1.00 0.98 1.00 1.00 1.00 0.14 0.00 0.50 0.06 0.09 -1 0
Result 0 1.0 1500 0.44 0.18 0.18 0.16 0.17 0.15 0.15 -1 -1 -1 -1
Evo 1.00 0.00 1.00 0.98 1.00 1.00 1.00 0.14 0.00 0.49 0.07 0.09 -1 0
Result 0 2.0 1500 0.42 0.17 0.16 0.18 0.17 0.16 0.17 -1 -1 -1 -1
Evo 1.00 0.00 1.00 0.98 1.00 1.00 1.00 0.14 0.00 0.42 0.08 0.09 -1 0
Result 0 1.0 1500 0.45 0.18 0.18 0.16 0.17 0.17 0.14 -1 -1 -1 -1
Evo 1.00 0.00 1.00 0.98 1.00 1.00 1.00 0.14 0.00 0.52 0.08 0.09 -1 0
Result 0 0.0 1500 0.43 0.17 0.16 0.19 0.15 0.16 0.16 -1 -1 -1 -1
Evo 1.00 0.00 1.00 0.98 1.00 1.00 1.00 0.14 0.00 0.46 0.06 0.09 -1 0
Result 0 0.0 1500 0.43 0.16 0.17 0.20 0.15 0.16 0.17 -1 -1 -1 -1
Evo 1.00 0.00 1.00 0.98 1.00 1.00 1.00 0.14 0.00 0.48 0.06 0.09 -1 0
Result 0 1.0 1500 0.41 0.17 0.15 0.18 0.17 0.16 0.17 -1 -1 -1 -1
Evo 1.00 0.00 1.00 0.98 1.00 1.00 1.00 0.14 0.00 0.52 0.08 0.09 -1 0
Result 0 1.0 1500 0.43 0.17 0.16 0.17 0.19 0.16 0.16 -1 -1 -1 -1
Evo 1.00 0.00 1.00 0.98 1.00 1.00 1.00 0.14 0.00 0.46 0.07 0.09 -1 0
Result 0 2.0 1500 0.44 0.17 0.17 0.17 0.17 0.16 0.17 -1 -1 -1 -1
Evo 1.00 0.00 1.00 0.98 1.00 1.00 1.00 0.14 0.00 0.53 0.07 0.09 -1 0
Result 0 0.0 1500 0.44 0.16 0.17 0.17 0.18 0.16 0.16 -1 -1 -1 -1
Evo 1.00 0.00 1.00 0.98 1.00 1.00 1.00 0.14 0.00 0.45 0.07 0.09 -1 0
Result 0 1.0 1500 0.43 0.17 0.17 0.19 0.16 0.15 0.16 -1 -1 -1 -1
Evo 1.00 0.00 1.00 0.98 1.00 1.00 1.00 0.14 0.00 0.42 0.08 0.09 -1 0
Result 0 1.0 1500 0.41 0.17 0.15 0.19 0.14 0.17 0.19 -1 -1 -1 -1
Evo 1.00 0.00 1.00 0.98 1.00 1.00 1.00 0.14 0.00 0.52 0.07 0.09 -1 0
Result 0 1.0 1500 0.42 0.16 0.16 0.19 0.17 0.15 0.17 -1 -1 -1 -1
Evo 1.00 0.00 1.00 0.98 1.00 1.00 1.00 0.14 0.00 0.51 0.06 0.09 -1 6
Result 0 0.0 1500 0.45 0.14 0.19 0.17 0.18 0.18 0.15 -1 -1 -1 -1
Evo 1.00 0.00 1.00 0.98 1.00 1.00 1.00 0.14 0.00 0.46 0.08 0.09 -1 0
Result 0 1.0 1500 0.43 0.17 0.16 0.16 0.17 0.16 0.18 -1 -1 -1 -1
Evo 1.00 0.00 1.00 0.98 1.00 1.00 1.00 0.14 0.00 0.51 0.08 0.09 -1 0
Result 0 2.0 1500 0.42 0.17 0.15 0.17 0.16 0.16 0.18 -1 -1 -1 -1
Evo 1.00 0.00 1.00 0.98 1.00 1.00 1.00 0.14 0.00 0.29 0.07 0.09 -1 0
Result 0 0.0 1500 0.43 0.16 0.16 0.19 0.17 0.15 0.16 -1 -1 -1 -1
Evo 1.00 0.00 1.00 1.00 1.00 1.00 1.00 0.05 0.00 0.20 0.06 0.09 -1 0
Result 0 0.0 1474 0.43 0.17 0.17 0.18 0.16 0.16 0.16 -1 -1 -1 -1
Evo 1.00 0.00 1.00 0.98 1.00 1.00 1.00 0.14 0.00 0.51 0.09 0.09 -1 1
Result 0 0.0 1500 0.45 0.17 0.18 0.18 0.17 0.15 0.15 -1 -1 -1 -1
Evo 1.00 0.00 1.00 0.98 1.00 1.00 1.00 0.14 0.00 0.36 0.06 0.09 -1 0
Result 0 1.0 1500 0.43 0.17 0.17 0.17 0.18 0.16 0.16 -1 -1 -1 -1
Evo 1.00 0.00 1.00 0.99 1.00 1.00 1.00 0.12 0.00 0.52 0.08 0.09 -1 1
Result 0 2.0 1491 0.43 0.15 0.16 0.17 0.16 0.17 0.18 -1 -1 -1 -1
Evo 1.00 0.00 1.00 0.98 1.00 1.00 1.00 0.14 0.00 0.53 0.08 0.09 -1 0
Result 0 1.0 1500 0.43 0.18 0.17 0.15 0.16 0.16 0.18 -1 -1 -1 -1
Evo 1.00 0.00 1.00 0.98 1.00 1.00 1.00 0.14 0.00 0.49 0.08 0.09 -1 0
Result 0 3.0 1500 0.43 0.15 0.17 0.18 0.17 0.17 0.16 -1 -1 -1 -1
Evo 1.00 0.00 1.00 0.98 1.00 1.00 1.00 0.14 0.00 0.43 0.06 0.09 -1 0
Result 0 1.0 1500 0.43 0.17 0.17 0.17 0.16 0.16 0.17 -1 -1 -1 -1
Evo 1.00 0.00 1.00 0.98 1.00 1.00 1.00 0.14 0.00 0.20 0.08 0.09 -1 0
Result 0 2.0 1500 0.43 0.17 0.17 0.16 0.18 0.17 0.16 -1 -1 -1 -1
Evo 1.00 0.00 1.00 0.98 1.00 1.00 1.00 0.14 0.00 0.53 0.07 0.09 -1 0
Result 0 1.0 1500 0.42 0.16 0.16 0.17 0.16 0.17 0.18 -1 -1 -1 -1
Evo 1.00 0.00 1.00 0.98 1.00 1.00 1.00 0.14 0.00 0.52 0.08 0.09 -1 2
Result 0 1.0 1500 0.42 0.17 0.16 0.16 0.17 0.17 0.17 -1 -1 -1 -1
Evo 1.00 0.00 1.00 0.98 1.00 1.00 1.00 0.14 0.00 0.43 0.06 0.09 -1 0
Result 0 0.0 1500 0.41 0.19 0.15 0.17 0.19 0.14 0.17 -1 -1 -1 -1
Evo 1.00 0.00 1.00 0.98 1.00 1.00 1.00 0.14 0.00 0.49 0.06 0.09 -1 1
Result 0 1.0 1500 0.44 0.16 0.18 0.18 0.15 0.16 0.17 -1 -1 -1 -1
Evo 1.00 0.00 1.00 0.98 1.00 1.00 1.00 0.14 0.00 0.52 0.08 0.09 -1 0
Result 0 1.0 1500 0.44 0.17 0.17 0.16 0.16 0.17 0.17 -1 -1 -1 -1
Evo 1.00 0.00 1.00 0.98 1.00 1.00 1.00 0.14 0.00 0.49 0.07 0.09 -1 0
Result 0 2.0 1500 0.43 0.15 0.17 0.17 0.18 0.17 0.17 -1 -1 -1 -1
Evo 1.00 0.00 1.00 0.98 1.00 1.00 1.00 0.14 0.00 0.22 0.06 0.09 -1 0
Result 0 2.0 1500 0.43 0.16 0.17 0.18 0.18 0.15 0.16 -1 -1 -1 -1
Evo 1.00 0.00 1.00 0.98 1.00 1.00 1.00 0.14 0.00 0.52 0.07 0.09 -1 0
Result 0 2.0 1500 0.43 0.17 0.17 0.16 0.17 0.16 0.18 -1 -1 -1 -1
Evo 1.00 0.00 1.00 0.98 1.00 1.00 1.00 0.14 0.00 0.53 0.07 0.09 -1 1
Result 0 1.0 1500 0.41 0.18 0.15 0.17 0.17 0.17 0.17 -1 -1 -1 -1
Evo 1.00 0.00 1.00 0.98 1.00 1.00 1.00 0.14 0.00 0.37 0.08 0.09 -1 0
Result 0 1.0 1500 0.44 0.16 0.17 0.17 0.17 0.15 0.17 -1 -1 -1 -1
Evo 1.00 0.00 1.00 0.98 1.00 1.00 1.00 0.14 0.00 0.53 0.08 0.09 -1 0
Result 0 0.0 1500 0.42 0.17 0.16 0.17 0.17 0.17 0.17 -1 -1 -1 -1
Evo 1.00 0.00 1.00 0.98 1.00 1.00 1.00 0.14 0.00 0.52 0.06 0.08 -1 2
Result 0 0.0 1500 0.43 0.16 0.16 0.17 0.16 0.19 0.16 -1 -1 -1 -1
Evo 1.00 0.00 1.00 0.98 1.00 1.00 1.00 0.14 0.00 0.52 0.05 0.08 -1 1
Result 0 0.0 1500 0.44 0.15 0.18 0.17 0.17 0.18 0.15 -1 -1 -1 -1
Evo 1.00 0.00 1.00 0.98 1.00 1.00 1.00 0.14 0.00 0.44 0.04 0.08 -1 8
Result 0 1.0 1500 0.43 0.17 0.17 0.15 0.18 0.18 0.15 -1 -1 -1 -1
Evo 1.00 0.00 1.00 0.98 1.00 1.00 1.00 0.14 0.00 0.46 0.07 0.08 -1 3
Result 0 2.0 1500 0.42 0.18 0.16 0.16 0.17 0.16 0.17 -1 -1 -1 -1
Evo 1.00 0.00 1.00 0.98 1.00 1.00 1.00 0.13 0.00 0.49 0.07 0.08 -1 1
Result 0 2.0 1494 0.44 0.18 0.17 0.16 0.18 0.16 0.15 -1 -1 -1 -1
Evo 1.00 0.00 1.00 0.98 1.00 1.00 1.00 0.14 0.00 0.53 0.07 0.08 -1 3
Result 0 2.0 1500 0.43 0.18 0.16 0.17 0.15 0.17 0.17 -1 -1 -1 -1
Evo 1.00 0.00 1.00 0.98 1.00 1.00 1.00 0.14 0.00 0.41 0.06 0.08 -1 0
Result 0 2.0 1500 0.44 0.18 0.17 0.15 0.17 0.16 0.16 -1 -1 -1 -1
Evo 1.00 0.00 1.00 0.98 1.00 1.00 1.00 0.14 0.00 0.42 0.06 0.08 -1 1
Result 0 0.0 1500 0.41 0.17 0.15 0.16 0.17 0.18 0.17 -1 -1 -1 -1
Evo 1.00 0.00 1.00 0.98 1.00 1.00 1.00 0.14 0.00 0.42 0.07 0.08 -1 0
Result 0 2.0 1500 0.43 0.17 0.17 0.15 0.17 0.18 0.17 -1 -1 -1 -1
Evo 1.00 0.00 1.00 0.99 1.00 1.00 1.00 0.11 0.00 0.39 0.05 0.08 -1 0
Result 0 1.0 1487 0.42 0.17 0.16 0.17 0.19 0.16 0.16 -1 -1 -1 -1
Evo 1.00 0.00 1.00 0.98 1.00 1.00 1.00 0.14 0.00 0.46 0.07 0.08 -1 3
Result 0 2.0 1500 0.44 0.16 0.17 0.16 0.17 0.18 0.17 -1 -1 -1 -1
Evo 1.00 0.00 1.00 0.98 1.00 1.00 1.00 0.14 0.00 0.48 0.05 0.08 -1 0
Result 0 1.0 1500 0.44 0.16 0.18 0.16 0.18 0.16 0.16 -1 -1 -1 -1
Evo 1.00 0.00 1.00 0.98 1.00 1.00 1.00 0.14 0.00 0.52 0.07 0.08 -1 1
Result 0 1.0 1500 0.44 0.17 0.17 0.16 0.17 0.18 0.15 -1 -1 -1 -1
Evo 1.00 0.00 1.00 0.98 1.00 1.00 1.00 0.14 0.00 0.46 0.06 0.08 -1 3
Result 0 2.0 1500 0.45 0.16 0.18 0.15 0.18 0.16 0.17 -1 -1 -1 -1
Evo 1.00 0.00 1.00 0.98 1.00 1.00 1.00 0.14 0.00 0.43 0.07 0.08 -1 2
Result 0 1.0 1500 0.44 0.17 0.18 0.15 0.16 0.17 0.17 -1 -1 -1 -1
Evo 1.00 0.00 1.00 0.98 1.00 1.00 1.00 0.14 0.00 0.23 0.05 0.08 -1 0
Result 0 0.0 1500 0.43 0.17 0.16 0.14 0.19 0.19 0.15 -1 -1 -1 -1
Evo 1.00 0.00 1.00 0.98 1.00 1.00 1.00 0.14 0.00 0.46 0.07 0.08 -1 6
Result 0 2.0 1500 0.42 0.19 0.16 0.16 0.15 0.17 0.17 -1 -1 -1 -1
Evo 1.00 0.00 1.00 0.98 1.00 1.00 1.00 0.14 0.00 0.48 0.06 0.08 -1 1
Result 0 1.0 1500 0.43 0.16 0.16 0.16 0.17 0.18 0.17 -1 -1 -1 -1
Evo 1.00 0.00 1.00 0.98 1.00 1.00 1.00 0.14 0.00 0.53 0.06 0.08 -1 5
Result 0 2.0 1500 0.44 0.17 0.18 0.15 0.17 0.16 0.17 -1 -1 -1 -1
Evo 1.00 0.00 1.00 0.98 1.00 1.00 1.00 0.14 0.00 0.34 0.07 0.08 -1 1
Result 0 2.0 1500 0.45 0.18 0.18 0.15 0.16 0.15 0.17 -1 -1 -1 -1
Evo 1.00 0.00 1.00 0.98 1.00 1.00 1.00 0.14 0.00 0.34 0.06 0.07 -1 23
Result 0 2.0 1500 0.43 0.15 0.17 0.16 0.17 0.19 0.17 -1 -1 -1 -1
Evo 1.00 0.00 1.00 0.98 1.00 1.00 1.00 0.14 0.00 0.52 0.07 0.07 -1 9
Result 0 2.0 1500 0.43 0.17 0.16 0.15 0.17 0.19 0.15 -1 -1 -1 -1
Evo 1.00 0.00 1.00 0.98 1.00 1.00 1.00 0.14 0.00 0.51 0.06 0.07 -1 10
Result 0 1.0 1500 0.44 0.16 0.17 0.15 0.18 0.17 0.17 -1 -1 -1 -1
Evo 1.00 0.00 1.00 0.98 1.00 1.00 1.00 0.14 0.00 0.48 0.04 0.07 -1 46
Result 0 1.0 1500 0.42 0.18 0.16 0.16 0.18 0.16 0.16 -1 -1 -1 -1
Evo 1.00 0.00 1.00 0.98 1.00 1.00 1.00 0.14 0.00 0.52 0.05 0.07 -1 248
Result 0 2.0 1500 0.42 0.18 0.16 0.17 0.16 0.18 0.15 -1 -1 -1 -1
Evo 1.00 0.00 1.00 0.98 1.00 1.00 1.00 0.14 0.00 0.53 0.04 0.07 -1 94
Result 0 1.0 1500 0.41 0.18 0.15 0.18 0.15 0.17 0.17 -1 -1 -1 -1
Evo 1.00 0.00 1.00 0.98 1.00 1.00 1.00 0.14 0.00 0.51 0.04 0.07 -1 22
Result 0 0.0 1500 0.43 0.17 0.17 0.17 0.15 0.18 0.16 -1 -1 -1 -1
Evo 1.00 0.00 1.00 0.99 1.00 1.00 1.00 0.09 0.00 0.53 0.06 0.07 -1 92
Result 0 1.0 1482 0.43 0.17 0.16 0.16 0.18 0.17 0.16 -1 -1 -1 -1
Evo 1.00 0.00 1.00 0.98 1.00 1.00 1.00 0.14 0.00 0.48 0.05 0.07 -1 18
Result 0 0.0 1500 0.43 0.16 0.17 0.18 0.17 0.18 0.15 -1 -1 -1 -1
Evo 1.00 0.00 1.00 0.98 1.00 1.00 1.00 0.14 0.00 0.39 0.04 0.07 -1 16
Result 0 1.0 1500 0.42 0.16 0.16 0.15 0.19 0.18 0.17 -1 -1 -1 -1
Evo 1.00 0.00 1.00 0.98 1.00 1.00 1.00 0.14 0.00 0.53 0.04 0.07 -1 22
Result 0 1.0 1500 0.41 0.17 0.15 0.15 0.17 0.19 0.17 -1 -1 -1 -1
Evo 1.00 0.00 1.00 0.98 1.00 1.00 1.00 0.13 0.00 0.37 0.06 0.07 -1 120
Result 0 1.0 1495 0.44 0.18 0.17 0.16 0.17 0.15 0.16 -1 -1 -1 -1
Evo 1.00 0.00 1.00 0.98 1.00 1.00 1.00 0.14 0.00 0.49 0.06 0.07 -1 20
Result 0 0.0 1500 0.42 0.16 0.16 0.17 0.15 0.18 0.17 -1 -1 -1 -1
Evo 1.00 0.00 1.00 0.98 1.00 1.00 1.00 0.14 0.00 0.51 0.05 0.07 -1 19
Result 0 1.0 1500 0.40 0.16 0.14 0.16 0.17 0.19 0.18 -1 -1 -1 -1
Evo 1.00 0.00 1.00 0.98 1.00 1.00 1.00 0.14 0.00 0.38 0.06 0.07 -1 35
Result 0 1.0 1500 0.44 0.17 0.17 0.15 0.16 0.17 0.18 -1 -1 -1 -1
Evo 1.00 0.00 1.00 0.98 1.00 1.00 1.00 0.14 0.00 0.53 0.06 0.07 -1 22
Result 0 0.0 1500 0.41 0.19 0.15 0.16 0.17 0.18 0.15 -1 -1 -1 -1
Evo 1.00 0.00 1.00 0.98 1.00 1.00 1.00 0.14 0.00 0.45 0.05 0.07 -1 28
Result 0 0.0 1500 0.43 0.18 0.17 0.17 0.17 0.16 0.16 -1 -1 -1 -1
Evo 1.00 0.00 1.00 0.98 1.00 1.00 1.00 0.14 0.00 0.35 0.04 0.07 -1 98
Result 0 0.0 1500 0.43 0.17 0.16 0.17 0.17 0.18 0.15 -1 -1 -1 -1
Evo 1.00 0.00 1.00 0.98 1.00 1.00 1.00 0.14 0.00 0.41 0.06 0.07 -1 5
Result 0 1.0 1500 0.43 0.18 0.16 0.16 0.17 0.18 0.15 -1 -1 -1 -1
Evo 1.00 0.00 1.00 0.98 1.00 1.00 1.00 0.14 0.00 0.53 0.03 0.07 -1 52
Result 0 0.0 1500 0.45 0.16 0.18 0.17 0.16 0.17 0.16 -1 -1 -1 -1
Evo 1.00 0.00 1.00 0.98 1.00 1.00 1.00 0.14 0.00 0.51 0.06 0.08 -1 24
Result 0 2.0 1500 0.43 0.18 0.16 0.16 0.17 0.14 0.18 -1 -1 -1 -1
Evo 1.00 0.00 1.00 0.98 1.00 1.00 1.00 0.14 0.00 0.53 0.06 0.08 -1 5
Result 0 1.0 1500 0.43 0.17 0.16 0.16 0.16 0.17 0.18 -1 -1 -1 -1
Evo 1.00 0.00 1.00 0.98 1.00 1.00 1.00 0.14 0.00 0.50 0.07 0.08 -1 36
Result 0 1.0 1500 0.43 0.17 0.16 0.16 0.17 0.17 0.18 -1 -1 -1 -1
Evo 1.00 0.00 1.00 0.98 1.00 1.00 1.00 0.14 0.00 0.19 0.05 0.08 -1 31
Result 0 0.0 1500 0.42 0.17 0.16 0.18 0.18 0.14 0.17 -1 -1 -1 -1
Evo 1.00 0.00 1.00 0.98 1.00 1.00 1.00 0.14 0.00 0.51 0.06 0.08 -1 46
Result 0 3.0 1500 0.41 0.17 0.15 0.16 0.16 0.18 0.17 -1 -1 -1 -1
Evo 1.00 0.00 1.00 0.98 1.00 1.00 1.00 0.14 0.00 0.46 0.05 0.08 -1 11
Result 0 1.0 1500 0.43 0.16 0.16 0.17 0.17 0.18 0.15 -1 -1 -1 -1
Evo 1.00 0.00 1.00 0.98 1.00 1.00 1.00 0.14 0.00 0.49 0.05 0.08 -1 20
Result 0 1.0 1500 0.44 0.17 0.17 0.17 0.17 0.15 0.17 -1 -1 -1 -1
Evo 1.00 0.00 1.00 0.98 1.00 1.00 1.00 0.14 0.00 0.53 0.05 0.08 -1 97
Result 0 1.0 1500 0.42 0.17 0.16 0.18 0.17 0.17 0.16 -1 -1 -1 -1
Evo 1.00 0.00 1.00 0.98 1.00 1.00 1.00 0.14 0.00 0.43 0.06 0.08 -1 104
Result 0 1.0 1500 0.42 0.17 0.16 0.16 0.17 0.16 0.18 -1 -1 -1 -1
Evo 1.00 0.00 1.00 0.98 1.00 1.00 1.00 0.14 0.00 0.26 0.05 0.08 -1 3
Result 0 1.0 1500 0.44 0.16 0.18 0.18 0.15 0.16 0.17 -1 -1 -1 -1
Evo 1.00 0.00 1.00 0.98 1.00 1.00 1.00 0.14 0.00 0.08 0.04 0.08 -1 31
Result 0 0.0 1500 0.42 0.17 0.16 0.17 0.18 0.15 0.18 -1 -1 -1 -1
Evo 1.00 0.00 1.00 0.98 1.00 1.00 1.00 0.14 0.00 0.53 0.05 0.08 -1 45
Result 0 0.0 1500 0.43 0.18 0.16 0.17 0.16 0.17 0.16 -1 -1 -1 -1
Evo 1.00 0.00 1.00 0.98 1.00 1.00 1.00 0.14 0.00 0.50 0.05 0.08 -1 8
Result 0 0.0 1500 0.42 0.16 0.16 0.18 0.17 0.17 0.16 -1 -1 -1 -1
Evo 1.00 0.00 1.00 0.98 1.00 1.00 1.00 0.14 0.00 0.48 0.07 0.08 -1 134
Result 0 1.0 1500 0.42 0.18 0.16 0.18 0.17 0.15 0.16 -1 -1 -1 -1
Evo 1.00 0.00 1.00 0.98 1.00 1.00 1.00 0.14 0.00 0.22 0.07 0.08 -1 40
Result 0 0.0 1500 0.43 0.17 0.16 0.18 0.16 0.16 0.17 -1 -1 -1 -1
Evo 1.00 0.00 1.00 0.98 1.00 1.00 1.00 0.14 0.00 0.34 0.07 0.08 -1 149
Result 0 1.0 1500 0.44 0.17 0.17 0.17 0.16 0.17 0.16 -1 -1 -1 -1
Evo 1.00 0.00 1.00 0.98 1.00 1.00 1.00 0.14 0.00 0.33 0.05 0.08 -1 22
Result 0 1.0 1500 0.42 0.19 0.16 0.16 0.17 0.16 0.16 -1 -1 -1 -1
Evo 1.00 0.00 1.00 0.98 1.00 1.00 1.00 0.14 0.00 0.50 0.04 0.08 -1 0
Result 0 0.0 1500 0.44 0.17 0.18 0.15 0.17 0.17 0.17 -1 -1 -1 -1
Evo 1.00 0.00 1.00 0.98 1.00 1.00 1.00 0.14 0.00 0.53 0.07 0.08 -1 3
Result 0 1.0 1500 0.42 0.17 0.16 0.17 0.17 0.17 0.16 -1 -1 -1 -1
Evo 1.00 0.00 1.00 0.98 1.00 1.00 1.00 0.14 0.00 0.50 0.07 0.08 -1 7
Result 0 1.0 1500 0.43 0.17 0.16 0.17 0.16 0.18 0.16 -1 -1 -1 -1
