Evo 1.02 0.00 1.00 0.75 1.00 1.00 1.00 0.44 0.06 0.36 0.03 0.13 -1 0
Result 0 7.0 51 0.51 0.04 0.27 0.13 0.12 0.23 0.21 -1 -1 -1 -1
Evo 1.00 0.00 1.00 0.99 1.00 1.00 1.00 0.12 0.00 0.36 0.11 0.24 -1 0
Result 0 19.0 733 0.45 0.18 0.18 0.18 0.18 0.13 0.15 -1 -1 -1 -1
Evo 1.01 0.00 1.00 0.93 1.00 1.00 1.00 0.26 0.02 0.17 0.03 0.18 -1 0
Result 0 7.0 113 0.44 0.23 0.18 0.24 0.13 0.10 0.13 -1 -1 -1 -1
Evo 1.00 0.00 1.00 0.97 1.00 1.00 1.00 0.16 0.01 0.48 0.08 0.18 -1 0
Result 0 19.0 399 0.47 0.13 0.21 0.18 0.19 0.17 0.13 -1 -1 -1 -1
Evo 1.03 0.00 1.00 0.90 1.00 1.00 1.00 0.30 0.05 0.28 0.02 0.09 -1 0
Result 0 3.0 40 0.44 0.20 0.17 0.20 0.22 0.12 0.10 -1 -1 -1 -1
Evo 1.02 0.00 1.00 0.90 1.00 1.00 1.00 0.30 0.04 0.17 0.03 0.11 -1 0
Result 0 4.0 58 0.41 0.20 0.15 0.14 0.19 0.19 0.14 -1 -1 -1 -1
Evo 1.05 0.00 1.00 0.68 0.00 1.00 1.00 0.48 0.10 0.39 0.01 0.07 -1 0
Result 0 1.0 21 0.39 0.05 0.14 0.18 0.23 0.14 0.27 -1 -1 -1 -1
Evo 1.06 0.00 1.00 0.83 1.00 1.00 1.00 0.38 0.09 0.43 0.01 0.07 -1 0
Result 0 2.0 17 0.35 0.06 0.11 0.28 0.17 0.22 0.17 -1 -1 -1 -1
Evo 1.02 0.00 1.00 0.84 1.00 1.00 1.00 0.37 0.05 0.40 0.04 0.16 -1 0
Result 0 12.0 63 0.47 0.17 0.20 0.13 0.22 0.17 0.11 -1 -1 -1 -1
Evo 1.02 0.00 1.00 0.91 1.00 1.00 1.00 0.30 0.04 0.23 0.02 0.12 -1 0
Result 0 1.0 52 0.47 0.09 0.21 0.17 0.19 0.21 0.13 -1 -1 -1 -1
Evo 1.01 0.00 1.00 0.94 1.00 1.00 1.00 0.24 0.02 0.18 0.04 0.24 -1 0
Result 0 12.0 101 0.42 0.23 0.16 0.21 0.19 0.12 0.11 -1 -1 -1 -1
Evo 1.01 0.00 1.00 0.98 1.00 1.00 1.00 0.15 0.01 0.18 0.04 0.15 -1 0
Result 0 5.0 127 0.38 0.16 0.13 0.14 0.18 0.22 0.17 -1 -1 -1 -1
Evo 1.02 0.00 1.00 0.82 1.00 1.00 1.00 0.39 0.06 0.12 0.03 0.11 -1 0
Result 0 3.0 44 0.42 0.11 0.16 0.20 0.16 0.20 0.18 -1 -1 -1 -1
Evo 1.03 0.00 1.00 0.87 1.00 1.00 1.00 0.35 0.06 0.33 0.01 0.09 -1 0
Result 0 4.0 29 0.33 0.20 0.10 0.07 0.20 0.27 0.17 -1 -1 -1 -1
Evo 1.00 0.00 1.00 0.97 1.00 1.00 1.00 0.18 0.01 0.11 0.09 0.19 -1 0
Result 0 14.0 324 0.39 0.18 0.14 0.18 0.19 0.19 0.13 -1 -1 -1 -1
Evo 1.06 0.00 1.00 0.41 0.00 0.00 1.00 0.51 0.12 0.36 0.01 0.07 -1 0
Result 0 1.0 16 0.53 0.12 0.35 0.06 0.24 0.06 0.18 -1 -1 -1 -1
Evo 1.01 0.00 1.00 0.88 1.00 1.00 1.00 0.33 0.03 0.15 0.03 0.22 -1 0
Result 0 6.0 98 0.46 0.22 0.19 0.13 0.17 0.15 0.13 -1 -1 -1 -1
Evo 1.02 0.00 1.00 0.88 1.00 1.00 1.00 0.32 0.05 0.43 0.01 0.07 -1 0
Result 0 2.0 42 0.36 0.09 0.12 0.14 0.21 0.26 0.19 -1 -1 -1 -1
Evo 1.00 0.00 1.00 0.98 1.00 1.00 1.00 0.15 0.00 0.25 0.13 0.27 -1 0
Result 0 29.0 1763 0.46 0.17 0.20 0.18 0.17 0.14 0.14 -1 -1 -1 -1
Evo 1.05 0.00 1.00 0.73 0.00 1.00 1.00 0.46 0.10 0.39 0.01 0.07 -1 0
Result 0 1.0 21 0.31 0.27 0.09 0.23 0.09 0.18 0.14 -1 -1 -1 -1
Evo 1.00 0.00 1.00 0.99 1.00 1.00 1.00 0.10 0.00 0.07 0.08 0.26 -1 0
Result 0 15.0 602 0.44 0.18 0.18 0.17 0.17 0.16 0.14 -1 -1 -1 -1
Evo 1.00 0.00 1.00 0.96 1.00 1.00 1.00 0.20 0.01 0.13 0.07 0.26 -1 0
Result 0 12.0 324 0.46 0.18 0.20 0.12 0.20 0.18 0.13 -1 -1 -1 -1
Evo 1.00 0.00 1.00 1.00 1.00 1.00 1.00 0.06 0.00 0.03 0.03 0.10 -1 0
Result 0 0.0 280 0.44 0.14 0.17 0.22 0.21 0.12 0.12 -1 -1 -1 -1
Evo 1.00 0.00 1.00 0.98 1.00 1.00 1.00 0.12 0.01 0.03 0.02 0.08 -1 0
Result 0 0.0 261 0.44 0.13 0.18 0.18 0.19 0.18 0.15 -1 -1 -1 -1
Evo 1.07 0.00 1.00 0.87 1.00 1.00 1.00 0.34 0.09 0.50 0.01 0.05 -1 0
Result 0 0.0 15 0.53 0.19 0.38 0.06 0.13 0.13 0.13 -1 -1 -1 -1
Evo 1.00 0.00 1.00 0.98 1.00 1.00 1.00 0.14 0.01 0.03 0.02 0.12 -1 0
Result 0 0.0 292 0.44 0.18 0.18 0.16 0.16 0.22 0.10 -1 -1 -1 -1
Evo 1.00 1.00 1.00 1.00 1.00 1.00 1.00 0.00 0.00 0.53 0.03 0.13 -1 0
Result 0 10.0 384 0.48 0.17 0.22 0.13 0.18 0.16 0.14 -1 -1 -1 -1
Evo 1.01 0.00 1.00 0.96 1.00 1.00 1.00 0.20 0.02 0.53 0.05 0.19 -1 0
Result 0 10.0 144 0.39 0.16 0.14 0.17 0.23 0.19 0.12 -1 -1 -1 -1
Evo 1.00 0.00 1.00 0.98 1.00 1.00 1.00 0.12 0.01 0.07 0.08 0.26 447 0
Result 0 8.0 450 0.45 0.15 0.19 0.19 0.16 0.18 0.13 -1 -1 -1 -1
Evo 1.01 0.00 0.50 0.49 0.50 0.50 0.50 0.06 0.01 0.08 0.02 0.09 -1 0
Result 0 0.0 72 0.37 0.15 0.12 0.18 0.29 0.15 0.11 -1 -1 -1 -1
Evo 1.00 0.00 1.00 0.50 0.50 0.50 0.50 0.10 0.01 0.11 0.07 0.26 275 0
Result 1 19.0 302 0.45 0.17 0.19 0.16 0.20 0.15 0.13 -1 -1 -1 -1
Evo 1.01 0.00 0.50 0.42 0.50 0.50 0.50 0.19 0.02 0.08 0.01 0.04 -1 0
Result 0 0.0 72 0.43 0.14 0.16 0.15 0.12 0.23 0.19 -1 -1 -1 -1
Evo 1.00 0.00 0.50 0.49 0.50 0.50 0.50 0.05 0.00 0.15 0.03 0.14 -1 0
Result 0 5.0 246 0.45 0.16 0.18 0.14 0.17 0.21 0.13 -1 -1 -1 -1
Evo 1.04 0.00 0.50 0.28 0.00 0.50 0.50 0.25 0.05 0.19 0.01 0.07 -1 0
Result 0 0.0 24 0.46 0.12 0.20 0.16 0.20 0.08 0.24 -1 -1 -1 -1
Evo 1.02 0.00 0.50 0.45 0.50 0.50 0.50 0.15 0.02 0.22 0.03 0.14 -1 0
Result 0 1.0 58 0.39 0.14 0.14 0.24 0.17 0.20 0.12 -1 -1 -1 -1
Evo 1.01 0.00 1.00 0.94 1.00 1.00 1.00 0.24 0.02 0.20 0.05 0.22 -1 0
Result 0 18.0 151 0.44 0.14 0.18 0.24 0.17 0.13 0.14 -1 -1 -1 -1
Evo 1.01 0.00 1.00 0.95 1.00 1.00 1.00 0.21 0.02 0.13 0.07 0.22 -1 0
Result 0 14.0 168 0.44 0.16 0.18 0.17 0.18 0.19 0.12 -1 -1 -1 -1
Evo 1.01 0.00 1.00 0.87 1.00 1.00 1.00 0.33 0.03 0.12 0.03 0.22 -1 0
Result 0 12.0 95 0.43 0.19 0.17 0.15 0.15 0.18 0.18 -1 -1 -1 -1
Evo 1.08 0.00 1.00 0.43 0.00 0.00 1.00 0.51 0.14 0.40 0.01 0.08 -1 0
Result 0 1.0 13 0.40 0.14 0.14 0.29 0.07 0.07 0.29 -1 -1 -1 -1
Evo 1.00 0.00 1.00 0.94 1.00 1.00 1.00 0.24 0.02 0.04 0.08 0.35 -1 0
Result 0 29.0 204 0.39 0.15 0.13 0.21 0.20 0.14 0.18 -1 -1 -1 -1
Evo 1.00 0.00 1.00 0.94 1.00 1.00 1.00 0.23 0.01 0.04 0.09 0.28 -1 0
Result 0 23.0 341 0.45 0.18 0.18 0.16 0.18 0.16 0.14 -1 -1 -1 -1
Evo 1.01 0.00 1.00 0.87 1.00 1.00 1.00 0.34 0.03 0.44 0.04 0.22 -1 0
Result 0 14.0 112 0.46 0.12 0.19 0.14 0.16 0.23 0.16 -1 -1 -1 -1
Evo 1.01 0.00 1.00 0.88 1.00 1.00 1.00 0.33 0.03 0.07 0.03 0.17 -1 0
Result 0 7.0 97 0.45 0.19 0.18 0.11 0.11 0.18 0.21 -1 -1 -1 -1
Evo 1.00 0.00 1.00 0.98 1.00 1.00 1.00 0.15 0.01 0.02 0.08 0.27 -1 0
Result 0 23.0 407 0.46 0.15 0.20 0.16 0.20 0.17 0.12 -1 -1 -1 -1
Evo 1.06 0.00 1.00 0.59 0.00 1.00 1.00 0.51 0.12 0.24 0.01 0.07 -1 0
Result 0 0.0 16 0.44 0.29 0.18 0.12 0.06 0.12 0.24 -1 -1 -1 -1
Evo 1.01 0.00 1.00 0.91 1.00 1.00 1.00 0.29 0.03 0.07 0.06 0.22 -1 0
Result 0 15.0 94 0.45 0.18 0.19 0.16 0.16 0.20 0.12 -1 -1 -1 -1
Evo 1.05 0.00 1.00 0.82 1.00 1.00 1.00 0.39 0.08 0.45 0.03 0.08 -1 0
Result 0 1.0 21 0.53 0.23 0.32 0.14 0.09 0.05 0.18 -1 -1 -1 -1
Evo 1.01 0.00 1.00 0.90 1.00 1.00 1.00 0.31 0.03 0.07 0.03 0.14 -1 0
Result 0 6.0 86 0.42 0.18 0.16 0.16 0.15 0.18 0.16 -1 -1 -1 -1
Evo 1.03 0.00 1.00 0.83 1.00 1.00 1.00 0.38 0.07 0.26 0.01 0.08 -1 0
Result 0 2.0 29 0.39 0.13 0.13 0.30 0.27 0.07 0.10 -1 -1 -1 -1
Evo 1.00 0.00 1.00 0.96 1.00 1.00 1.00 0.20 0.01 0.16 0.07 0.25 -1 0
Result 0 12.0 214 0.37 0.16 0.12 0.18 0.22 0.14 0.18 -1 -1 -1 -1
Evo 1.00 0.00 1.00 0.97 1.00 1.00 1.00 0.16 0.01 0.25 0.07 0.18 -1 0
Result 0 12.0 255 0.44 0.15 0.17 0.16 0.17 0.18 0.16 -1 -1 -1 -1
Evo 1.03 0.00 1.00 0.74 0.00 1.00 1.00 0.45 0.08 0.15 0.01 0.11 -1 0
Result 0 4.0 33 0.49 0.24 0.24 0.15 0.06 0.09 0.24 -1 -1 -1 -1
Evo 1.01 0.00 1.00 0.90 1.00 1.00 1.00 0.30 0.04 0.24 0.02 0.11 -1 0
Result 0 5.0 69 0.36 0.24 0.11 0.09 0.17 0.13 0.26 -1 -1 -1 -1
Evo 1.01 0.00 1.00 0.90 1.00 1.00 1.00 0.30 0.03 0.13 0.04 0.12 -1 0
Result 0 4.0 80 0.44 0.07 0.17 0.19 0.22 0.22 0.12 -1 -1 -1 -1
Evo 1.00 0.00 1.00 0.96 1.00 1.00 1.00 0.20 0.01 0.05 0.08 0.23 -1 0
Result 0 12.0 317 0.47 0.14 0.20 0.19 0.15 0.20 0.12 -1 -1 -1 -1
Evo 1.02 0.00 1.00 0.82 1.00 1.00 1.00 0.39 0.05 0.10 0.03 0.16 -1 0
Result 0 6.0 55 0.38 0.14 0.13 0.29 0.16 0.20 0.09 -1 -1 -1 -1
Evo 1.00 0.00 1.00 0.99 1.00 1.00 1.00 0.11 0.00 0.01 0.07 0.23 -1 0
Result 0 13.0 1473 0.44 0.19 0.18 0.17 0.17 0.15 0.15 -1 -1 -1 -1
Evo 1.00 1.00 1.00 1.00 1.00 1.00 1.00 0.00 0.00 0.03 0.02 0.06 -1 0
Result 0 5.0 328 0.44 0.23 0.18 0.09 0.18 0.18 0.14 -1 -1 -1 -1
Evo 1.04 0.00 1.00 0.84 1.00 1.00 1.00 0.37 0.07 0.19 0.02 0.09 -1 0
Result 0 0.0 24 0.37 0.16 0.12 0.16 0.24 0.24 0.08 -1 -1 -1 -1
Evo 1.00 0.00 1.00 1.00 1.00 1.00 1.00 0.05 0.00 0.02 0.02 0.09 -1 0
Result 0 5.0 406 0.43 0.15 0.17 0.18 0.17 0.20 0.13 -1 -1 -1 -1
Evo 1.01 0.00 1.00 0.97 1.00 1.00 1.00 0.16 0.01 0.04 0.04 0.17 -1 0
Result 0 5.0 179 0.46 0.19 0.19 0.21 0.14 0.14 0.13 -1 -1 -1 -1
Evo 1.01 0.00 1.00 0.91 1.00 1.00 1.00 0.29 0.03 0.19 0.01 0.06 -1 0
Result 0 0.0 96 0.50 0.13 0.25 0.16 0.16 0.15 0.13 -1 -1 -1 -1
Evo 1.01 0.00 1.00 0.90 1.00 1.00 1.00 0.30 0.03 0.08 0.03 0.09 -1 0
Result 0 6.0 72 0.39 0.27 0.14 0.23 0.18 0.10 0.08 -1 -1 -1 -1
Evo 1.00 0.00 1.00 0.92 1.00 1.00 1.00 0.27 0.02 0.10 0.07 0.19 -1 0
Result 0 20.0 222 0.40 0.16 0.14 0.17 0.18 0.20 0.14 -1 -1 -1 -1
Evo 1.00 0.00 1.00 0.95 1.00 1.00 1.00 0.21 0.01 0.03 0.02 0.09 -1 0
Result 0 5.0 334 0.48 0.19 0.22 0.18 0.17 0.12 0.12 -1 -1 -1 -1
Evo 1.00 0.00 1.00 0.95 1.00 1.00 1.00 0.21 0.01 0.36 0.11 0.34 -1 0
Result 0 20.0 276 0.47 0.14 0.21 0.19 0.17 0.14 0.15 -1 -1 -1 -1
Evo 1.01 0.00 1.00 0.96 1.00 1.00 1.00 0.19 0.02 0.44 0.01 0.04 -1 0
Result 0 0.0 78 0.48 0.23 0.22 0.14 0.22 0.09 0.11 -1 -1 -1 -1
Evo 1.03 0.00 1.00 0.83 1.00 1.00 1.00 0.38 0.06 0.14 0.02 0.12 -1 0
Result 0 1.0 35 0.50 0.06 0.25 0.22 0.25 0.11 0.11 -1 -1 -1 -1
Evo 1.00 0.00 1.00 0.98 1.00 1.00 1.00 0.14 0.01 0.09 0.03 0.13 -1 0
Result 0 17.0 582 0.41 0.14 0.15 0.17 0.20 0.18 0.15 -1 -1 -1 -1
Evo 1.00 0.00 1.00 0.98 1.00 1.00 1.00 0.13 0.01 0.12 0.03 0.18 -1 0
Result 0 2.0 405 0.45 0.17 0.19 0.20 0.15 0.15 0.14 -1 -1 -1 -1
Evo 1.01 0.00 1.00 0.96 1.00 1.00 1.00 0.21 0.02 0.08 0.06 0.21 -1 0
Result 0 11.0 157 0.44 0.15 0.18 0.15 0.14 0.18 0.20 -1 -1 -1 -1
Evo 1.00 0.00 1.00 0.97 1.00 1.00 1.00 0.17 0.01 0.08 0.02 0.11 -1 0
Result 0 0.0 410 0.45 0.18 0.18 0.16 0.18 0.17 0.14 -1 -1 -1 -1
Evo 1.00 0.00 1.00 0.99 1.00 1.00 1.00 0.10 0.00 0.11 0.05 0.22 -1 0
Result 0 8.0 674 0.46 0.15 0.20 0.16 0.18 0.16 0.14 -1 -1 -1 -1
Evo 1.01 0.00 1.00 0.86 1.00 1.00 1.00 0.35 0.04 0.08 0.02 0.11 -1 0
Result 0 0.0 72 0.46 0.22 0.19 0.21 0.11 0.14 0.14 -1 -1 -1 -1
Evo 1.00 0.00 1.00 0.95 1.00 1.00 1.00 0.23 0.02 0.04 0.02 0.06 -1 0
Result 0 5.0 204 0.44 0.11 0.18 0.16 0.20 0.20 0.17 -1 -1 -1 -1
Evo 1.02 0.00 1.00 0.75 0.50 1.00 1.00 0.36 0.05 0.17 0.04 0.21 37 0
Result 0 9.0 56 0.47 0.23 0.21 0.16 0.19 0.09 0.12 -1 -1 -1 -1
Evo 1.04 0.00 0.50 0.46 0.50 0.50 0.50 0.14 0.03 0.53 0.03 0.22 -1 0
Result 0 1.0 24 0.37 0.08 0.12 0.36 0.12 0.20 0.12 -1 -1 -1 -1
Evo 1.01 0.00 1.00 0.55 0.50 0.50 0.50 0.26 0.03 0.42 0.07 0.25 31 0
Result 1 28.0 82 0.42 0.14 0.16 0.23 0.17 0.24 0.06 -1 -1 -1 -1
Evo 1.04 0.00 0.50 0.46 0.50 0.50 0.50 0.13 0.02 0.35 0.02 0.24 -1 0
Result 0 0.0 27 0.48 0.29 0.21 0.25 0.11 0.11 0.04 -1 -1 -1 -1
Evo 1.02 0.00 0.50 0.44 0.50 0.50 0.50 0.17 0.02 0.29 0.03 0.27 -1 0
Result 0 11.0 61 0.40 0.11 0.15 0.15 0.26 0.10 0.24 -1 -1 -1 -1
Evo 1.06 0.00 0.50 0.36 0.00 0.50 0.50 0.23 0.05 0.23 0.01 0.18 -1 0
Result 0 0.0 17 0.48 0.22 0.22 0.22 0.22 -1 0.11 -1 -1 -1 -1
Evo 1.01 0.00 0.50 0.44 0.50 0.50 0.50 0.16 0.02 0.45 0.06 0.25 -1 0
Result 0 8.0 91 0.40 0.23 0.14 0.18 0.20 0.11 0.14 -1 -1 -1 -1
Evo 1.02 0.00 0.50 0.43 0.50 0.50 0.50 0.17 0.02 0.28 0.03 0.18 -1 0
Result 0 7.0 51 0.46 0.25 0.19 0.13 0.13 0.17 0.12 -1 -1 -1 -1
Evo 1.02 0.00 0.50 0.43 0.50 0.50 0.50 0.18 0.03 0.25 0.04 0.23 -1 0
Result 0 10.0 46 0.48 0.15 0.21 0.21 0.19 0.06 0.17 -1 -1 -1 -1
Evo 1.02 0.00 0.50 0.47 0.50 0.50 0.50 0.12 0.02 0.51 0.03 0.25 -1 0
Result 0 6.0 49 0.49 0.10 0.24 0.12 0.26 0.14 0.14 -1 -1 -1 -1
Evo 1.08 0.00 0.50 0.46 0.50 0.50 0.50 0.14 0.04 0.42 0.03 0.22 -1 0
Result 0 0.0 12 0.53 -1 0.38 0.23 0.23 -1 0.15 -1 -1 -1 -1
Evo 1.01 0.00 0.50 0.44 0.50 0.50 0.50 0.16 0.02 0.51 0.04 0.28 -1 0
Result 0 13.0 70 0.42 0.21 0.15 0.13 0.13 0.20 0.18 -1 -1 -1 -1
Evo 1.07 0.00 0.50 0.33 0.00 0.50 0.50 0.24 0.06 0.39 0.02 0.18 -1 0
Result 0 0.0 14 0.53 0.07 0.33 0.13 0.07 0.20 0.20 -1 -1 -1 -1
Evo 1.02 0.00 0.50 0.45 0.50 0.50 0.50 0.15 0.02 0.15 0.04 0.26 -1 0
Result 0 10.0 64 0.32 0.14 0.09 0.28 0.17 0.18 0.14 -1 -1 -1 -1
Evo 1.08 0.00 0.50 0.46 0.50 0.50 0.50 0.13 0.04 0.48 0.01 0.19 -1 0
Result 0 0.0 13 0.48 0.21 0.21 0.21 -1 0.21 0.14 -1 -1 -1 -1
Evo 1.04 0.00 0.50 0.48 0.50 0.50 0.50 0.09 0.02 0.52 0.02 0.22 -1 0
Result 0 5.0 28 0.44 0.28 0.17 0.07 0.17 0.14 0.17 -1 -1 -1 -1
Evo 1.05 0.00 0.50 0.35 0.00 0.50 0.50 0.24 0.05 0.52 0.01 0.21 -1 0
Result 0 0.0 22 0.44 0.22 0.17 0.13 0.09 0.22 0.17 -1 -1 -1 -1
Evo 1.01 0.00 1.00 0.48 0.50 0.50 0.50 0.12 0.01 0.49 0.10 0.32 121 0
Result 0 19.0 137 0.44 0.15 0.17 0.20 0.17 0.19 0.12 -1 -1 -1 -1
Evo 1.01 0.00 0.50 0.47 0.50 0.50 0.50 0.12 0.01 0.08 0.05 0.31 -1 0
Result 0 9.0 170 0.45 0.19 0.19 0.13 0.16 0.20 0.13 -1 -1 -1 -1
Evo 1.00 0.00 0.50 0.47 0.50 0.50 0.50 0.11 0.01 0.11 0.07 0.32 -1 0
Result 0 12.0 213 0.45 0.19 0.18 0.19 0.14 0.13 0.17 -1 -1 -1 -1
Evo 1.01 0.00 0.50 0.42 0.50 0.50 0.50 0.18 0.02 0.53 0.02 0.10 -1 0
Result 0 3.0 91 0.38 0.12 0.13 0.16 0.24 0.17 0.17 -1 -1 -1 -1
Evo 1.00 0.00 0.50 0.48 0.50 0.50 0.50 0.11 0.00 0.53 0.14 0.32 -1 0
Result 0 12.0 582 0.41 0.17 0.15 0.18 0.18 0.19 0.14 -1 -1 -1 -1
Evo 1.01 0.00 0.50 0.48 0.50 0.50 0.50 0.09 0.01 0.51 0.06 0.29 -1 0
Result 0 4.0 130 0.46 0.11 0.20 0.21 0.11 0.20 0.16 -1 -1 -1 -1
Evo 1.02 0.00 0.50 0.46 0.50 0.50 0.50 0.14 0.02 0.10 0.01 0.08 -1 0
Result 0 2.0 57 0.34 0.21 0.10 0.16 0.16 0.21 0.17 -1 -1 -1 -1
Evo 1.01 0.00 0.50 0.44 0.50 0.50 0.50 0.17 0.02 0.42 0.02 0.12 -1 0
Result 0 2.0 92 0.46 0.23 0.19 0.12 0.15 0.17 0.14 -1 -1 -1 -1
Evo 1.00 0.00 0.50 0.47 0.50 0.50 0.50 0.11 0.01 0.05 0.12 0.33 -1 0
Result 0 17.0 293 0.42 0.18 0.16 0.22 0.13 0.18 0.13 -1 -1 -1 -1
Evo 1.01 0.00 0.50 0.44 0.50 0.50 0.50 0.16 0.02 0.41 0.06 0.17 -1 0
Result 0 4.0 78 0.50 0.19 0.25 0.18 0.13 0.13 0.13 -1 -1 -1 -1
Evo 1.01 0.00 0.50 0.47 0.50 0.50 0.50 0.12 0.01 0.35 0.02 0.08 -1 0
Result 0 1.0 83 0.44 0.18 0.18 0.17 0.14 0.17 0.17 -1 -1 -1 -1
Evo 1.00 0.00 0.50 0.47 0.50 0.50 0.50 0.12 0.01 0.52 0.06 0.19 -1 0
Result 0 8.0 526 0.41 0.17 0.15 0.17 0.19 0.18 0.14 -1 -1 -1 -1
Evo 1.03 0.00 0.50 0.44 0.50 0.50 0.50 0.17 0.03 0.52 0.02 0.09 -1 0
Result 0 2.0 38 0.44 0.10 0.18 0.23 0.15 0.18 0.15 -1 -1 -1 -1
Evo 1.06 0.00 0.50 0.44 0.50 0.50 0.50 0.17 0.04 0.36 0.01 0.07 -1 0
Result 0 1.0 16 0.44 0.18 0.18 0.24 0.24 -1 0.18 -1 -1 -1 -1
Evo 1.02 0.00 0.50 0.45 0.50 0.50 0.50 0.15 0.02 0.53 0.02 0.13 -1 0
Result 0 2.0 51 0.46 0.12 0.19 0.19 0.19 0.13 0.17 -1 -1 -1 -1
Evo 1.01 0.00 0.50 0.43 0.50 0.50 0.50 0.17 0.02 0.29 0.03 0.12 -1 0
Result 0 8.0 114 0.48 0.15 0.23 0.17 0.10 0.17 0.19 -1 -1 -1 -1
Evo 1.07 0.00 0.50 0.38 0.00 0.50 0.50 0.22 0.06 0.50 0.01 0.06 -1 0
Result 0 1.0 15 0.45 0.19 0.19 0.13 0.31 0.06 0.13 -1 -1 -1 -1
Evo 1.01 0.00 0.50 0.47 0.50 0.50 0.50 0.12 0.01 0.53 0.04 0.17 -1 0
Result 0 3.0 84 0.47 0.14 0.21 0.19 0.13 0.24 0.09 -1 -1 -1 -1
Evo 1.00 0.00 0.50 0.45 0.50 0.50 0.50 0.15 0.01 0.52 0.06 0.29 -1 0
Result 0 3.0 204 0.42 0.18 0.16 0.20 0.17 0.17 0.14 -1 -1 -1 -1
Evo 1.00 0.00 0.50 0.49 0.50 0.50 0.50 0.08 0.00 0.50 0.11 0.27 -1 0
Result 0 14.0 297 0.44 0.19 0.18 0.17 0.17 0.16 0.12 -1 -1 -1 -1
Evo 1.01 0.00 0.50 0.38 0.50 0.50 0.50 0.21 0.02 0.49 0.02 0.12 -1 0
Result 0 8.0 75 0.42 0.16 0.16 0.18 0.12 0.16 0.22 -1 -1 -1 -1
Evo 1.00 0.00 0.50 0.48 0.50 0.50 0.50 0.10 0.01 0.27 0.09 0.21 -1 0
Result 0 12.0 209 0.46 0.17 0.20 0.19 0.13 0.20 0.12 -1 -1 -1 -1
Evo 1.00 0.00 0.50 0.46 0.50 0.50 0.50 0.14 0.01 0.52 0.08 0.29 -1 0
Result 0 12.0 250 0.49 0.19 0.24 0.21 0.08 0.17 0.12 -1 -1 -1 -1
Evo 1.03 0.00 0.50 0.38 0.50 0.50 0.50 0.21 0.03 0.14 0.02 0.18 -1 0
Result 0 9.0 38 0.34 0.10 0.10 0.13 0.21 0.21 0.26 -1 -1 -1 -1
Evo 1.01 0.00 0.50 0.46 0.50 0.50 0.50 0.13 0.01 0.08 0.03 0.18 -1 0
Result 0 8.0 79 0.33 0.29 0.10 0.16 0.13 0.16 0.16 -1 -1 -1 -1
Evo 1.00 0.00 0.50 0.45 0.50 0.50 0.50 0.15 0.01 0.06 0.14 0.37 -1 0
Result 0 13.0 229 0.44 0.18 0.17 0.13 0.20 0.19 0.13 -1 -1 -1 -1
Evo 1.03 0.00 0.50 0.44 0.50 0.50 0.50 0.17 0.03 0.34 0.02 0.14 -1 0
Result 0 2.0 38 0.49 0.18 0.23 0.18 0.28 0.05 0.08 -1 -1 -1 -1
Evo 1.08 0.00 0.50 0.39 0.50 0.50 0.50 0.21 0.06 0.27 0.01 0.10 -1 0
Result 0 0.0 13 0.27 0.14 0.07 0.29 0.07 0.21 0.21 -1 -1 -1 -1
Evo 1.04 0.00 0.50 0.38 0.00 0.50 0.50 0.22 0.05 0.53 0.01 0.13 -1 0
Result 0 1.0 23 0.30 0.17 0.08 0.25 0.13 0.17 0.21 -1 -1 -1 -1
Evo 1.09 0.00 0.50 0.08 0.00 0.00 0.00 0.19 0.06 0.30 0.01 0.08 -1 0
Result 0 0.0 11 0.43 0.08 0.17 0.08 0.08 0.25 0.33 -1 -1 -1 -1
Evo 1.01 0.00 0.50 0.43 0.50 0.50 0.50 0.17 0.02 0.25 0.05 0.22 -1 0
Result 0 14.0 80 0.37 0.17 0.12 0.20 0.19 0.20 0.12 -1 -1 -1 -1
Evo 1.05 0.00 0.50 0.43 0.50 0.50 0.50 0.18 0.04 0.52 0.01 0.12 -1 0
Result 0 0.0 19 0.52 0.30 0.30 0.05 0.05 0.20 0.10 -1 -1 -1 -1
Evo 1.01 0.00 0.50 0.46 0.50 0.50 0.50 0.13 0.01 0.17 0.06 0.27 -1 0
Result 0 4.0 140 0.43 0.14 0.16 0.13 0.23 0.23 0.10 -1 -1 -1 -1
Evo 1.05 0.00 0.50 0.40 0.50 0.50 0.50 0.21 0.05 0.33 0.02 0.15 -1 0
Result 0 2.0 19 0.46 0.05 0.20 -1 0.40 0.10 0.25 -1 -1 -1 -1
Evo 1.02 0.00 0.50 0.36 0.00 0.50 0.50 0.23 0.03 0.32 0.03 0.17 -1 0
Result 0 3.0 52 0.43 0.11 0.17 0.11 0.11 0.28 0.21 -1 -1 -1 -1
Evo 1.02 0.00 0.50 0.45 0.50 0.50 0.50 0.15 0.02 0.28 0.03 0.16 -1 0
Result 0 2.0 53 0.45 0.15 0.19 0.17 0.13 0.26 0.11 -1 -1 -1 -1
Evo 1.00 0.00 0.50 0.46 0.50 0.50 0.50 0.13 0.01 0.13 0.07 0.33 -1 0
Result 0 11.0 204 0.45 0.17 0.18 0.16 0.18 0.19 0.12 -1 -1 -1 -1
Evo 1.01 0.00 0.50 0.42 0.50 0.50 0.50 0.18 0.02 0.15 0.05 0.21 -1 0
Result 0 14.0 102 0.47 0.16 0.20 0.14 0.17 0.20 0.13 -1 -1 -1 -1
Evo 1.05 0.00 0.50 0.39 0.50 0.50 0.50 0.21 0.04 0.44 0.01 0.12 -1 0
Result 0 1.0 22 0.38 0.13 0.13 0.26 0.17 0.13 0.17 -1 -1 -1 -1
Evo 1.01 0.00 0.50 0.48 0.50 0.50 0.50 0.10 0.01 0.21 0.07 0.23 -1 0
Result 0 10.0 120 0.44 0.15 0.17 0.11 0.19 0.29 0.09 -1 -1 -1 -1
Evo 1.03 0.00 0.50 0.44 0.50 0.50 0.50 0.17 0.03 0.14 0.03 0.21 -1 0
Result 0 2.0 38 0.44 0.18 0.18 0.08 0.18 0.21 0.18 -1 -1 -1 -1
Evo 1.02 0.00 0.50 0.43 0.50 0.50 0.50 0.18 0.03 0.38 0.02 0.13 -1 0
Result 0 1.0 46 0.38 0.17 0.13 0.23 0.19 0.06 0.21 -1 -1 -1 -1
Evo 1.08 0.00 0.50 0.36 0.00 0.50 0.50 0.23 0.06 0.27 0.01 0.11 -1 0
Result 0 0.0 13 0.48 0.29 0.21 -1 0.14 -1 0.36 -1 -1 -1 -1
