Evo 1.00 0.00 1.00 0.67 0.67 0.67 0.67 0.13 0.00 0.09 0.46 0.48 -1 1971
Result 0 0.0 2000 0.46 0.21 0.19 0.17 0.21 0.22 -1 -1 -1 -1 -1
Evo 1.00 0.00 1.00 0.99 1.00 1.00 1.00 0.12 0.00 0.26 0.45 0.48 -1 1971
Result 0 1.0 2000 0.48 0.21 0.21 0.18 0.19 0.20 -1 -1 -1 -1 -1
Evo 1.00 0.00 1.00 0.99 1.00 1.00 1.00 0.12 0.00 0.05 0.43 0.48 -1 1971
Result 0 1.0 2000 0.44 0.21 0.17 0.22 0.21 0.19 -1 -1 -1 -1 -1
Evo 1.00 0.00 1.00 0.99 1.00 1.00 1.00 0.12 0.00 0.04 0.48 0.48 -1 1971
Result 0 1.0 2000 0.46 0.21 0.20 0.22 0.21 0.17 -1 -1 -1 -1 -1
Evo 1.00 0.00 1.00 0.99 1.00 1.00 1.00 0.12 0.00 0.36 0.46 0.48 -1 1971
Result 0 0.0 2000 0.45 0.20 0.18 0.22 0.21 0.19 -1 -1 -1 -1 -1
Evo 1.00 0.00 1.00 0.99 1.00 1.00 1.00 0.12 0.00 0.03 0.43 0.48 -1 1971
Result 0 2.0 2000 0.46 0.20 0.20 0.23 0.21 0.15 -1 -1 -1 -1 -1
Evo 1.00 0.00 1.00 0.99 1.00 1.00 1.00 0.12 0.00 0.22 0.46 0.48 -1 1971
Result 0 1.0 2000 0.48 0.19 0.22 0.21 0.19 0.20 -1 -1 -1 -1 -1
Evo 1.00 0.00 1.00 0.99 1.00 1.00 1.00 0.12 0.00 0.40 0.45 0.48 -1 1971
Result 0 1.0 2000 0.47 0.22 0.21 0.21 0.19 0.17 -1 -1 -1 -1 -1
Evo 1.00 0.00 1.00 0.99 1.00 1.00 1.00 0.12 0.00 0.03 0.45 0.48 -1 1971
Result 0 1.0 2000 0.47 0.22 0.21 0.18 0.19 0.20 -1 -1 -1 -1 -1
Evo 1.00 0.00 1.00 0.99 1.00 1.00 1.00 0.12 0.00 0.03 0.43 0.48 -1 1971
Result 0 0.0 2000 0.47 0.19 0.20 0.22 0.21 0.17 -1 -1 -1 -1 -1
Evo 1.00 0.00 1.00 0.99 1.00 1.00 1.00 0.12 0.00 0.03 0.46 0.48 -1 1971
Result 0 0.0 2000 0.46 0.21 0.20 0.22 0.21 0.17 -1 -1 -1 -1 -1
Evo 1.00 0.00 1.00 0.99 1.00 1.00 1.00 0.12 0.00 0.01 0.46 0.48 -1 1971
Result 0 1.0 2000 0.45 0.21 0.18 0.21 0.22 0.18 -1 -1 -1 -1 -1
Evo 1.00 0.00 1.00 0.99 1.00 1.00 1.00 0.12 0.00 0.04 0.46 0.48 -1 1971
Result 0 1.0 2000 0.46 0.21 0.20 0.21 0.20 0.18 -1 -1 -1 -1 -1
Evo 1.00 0.00 1.00 0.99 1.00 1.00 1.00 0.12 0.00 0.46 0.46 0.48 -1 1971
Result 0 1.0 2000 0.46 0.21 0.19 0.20 0.19 0.21 -1 -1 -1 -1 -1
Evo 1.00 0.00 1.00 0.99 1.00 1.00 1.00 0.12 0.00 0.19 0.48 0.48 -1 1971
Result 0 1.0 2000 0.47 0.20 0.20 0.23 0.21 0.16 -1 -1 -1 -1 -1
Evo 1.00 0.00 1.00 0.99 1.00 1.00 1.00 0.12 0.00 0.16 0.46 0.48 -1 1971
Result 0 1.0 2000 0.48 0.20 0.21 0.15 0.20 0.23 -1 -1 -1 -1 -1
Evo 1.00 0.00 1.00 0.99 1.00 1.00 1.00 0.12 0.00 0.03 0.48 0.48 -1 1971
Result 0 1.0 2000 0.46 0.20 0.20 0.20 0.21 0.20 -1 -1 -1 -1 -1
Evo 1.00 0.00 1.00 0.99 1.00 1.00 1.00 0.12 0.00 0.21 0.43 0.48 -1 1971
Result 0 1.0 2000 0.48 0.20 0.23 0.18 0.19 0.21 -1 -1 -1 -1 -1
Evo 1.00 0.00 1.00 0.99 1.00 1.00 1.00 0.12 0.00 0.35 0.46 0.48 -1 1971
Result 0 1.0 2000 0.45 0.21 0.19 0.20 0.21 0.19 -1 -1 -1 -1 -1
Evo 1.00 0.00 1.00 0.99 1.00 1.00 1.00 0.12 0.00 0.29 0.46 0.48 -1 1971
Result 0 0.0 2000 0.47 0.19 0.20 0.23 0.21 0.17 -1 -1 -1 -1 -1
Evo 1.00 0.00 1.00 0.99 1.00 1.00 1.00 0.12 0.00 0.02 0.31 0.33 -1 1971
Result 0 0.0 2000 0.47 0.20 0.21 0.20 0.20 0.19 -1 -1 -1 -1 -1
Evo 1.00 0.00 1.00 0.99 1.00 1.00 1.00 0.12 0.00 0.02 0.30 0.33 -1 1971
Result 0 0.0 2000 0.46 0.21 0.20 0.19 0.21 0.20 -1 -1 -1 -1 -1
Evo 1.00 0.00 1.00 0.99 1.00 1.00 1.00 0.12 0.00 0.02 0.30 0.33 -1 1971
Result 0 0.0 2000 0.46 0.22 0.19 0.18 0.19 0.22 -1 -1 -1 -1 -1
Evo 1.00 0.00 1.00 0.99 1.00 1.00 1.00 0.12 0.00 0.02 0.33 0.33 -1 1971
Result 0 0.0 2000 0.46 0.20 0.19 0.21 0.19 0.22 -1 -1 -1 -1 -1
Evo 1.00 0.00 1.00 0.99 1.00 1.00 1.00 0.12 0.00 0.02 0.33 0.33 -1 1971
Result 0 0.0 2000 0.47 0.19 0.21 0.20 0.20 0.20 -1 -1 -1 -1 -1
Evo 1.00 0.00 1.00 0.99 1.00 1.00 1.00 0.12 0.00 0.02 0.30 0.33 -1 1971
Result 0 0.0 2000 0.47 0.21 0.20 0.20 0.19 0.21 -1 -1 -1 -1 -1
Evo 1.00 0.00 1.00 0.99 1.00 1.00 1.00 0.12 0.00 0.02 0.30 0.33 -1 1971
Result 0 0.0 2000 0.48 0.20 0.21 0.19 0.19 0.20 -1 -1 -1 -1 -1
Evo 1.00 0.00 1.00 0.99 1.00 1.00 1.00 0.12 0.00 0.02 0.31 0.33 -1 1971
Result 0 0.0 2000 0.47 0.21 0.20 0.19 0.19 0.20 -1 -1 -1 -1 -1
Evo 1.00 0.00 1.00 0.99 1.00 1.00 1.00 0.12 0.00 0.02 0.31 0.33 -1 1971
Result 0 0.0 2000 0.48 0.18 0.22 0.21 0.19 0.20 -1 -1 -1 -1 -1
Evo 1.00 0.00 1.00 0.99 1.00 1.00 1.00 0.12 0.00 0.02 0.30 0.33 -1 1971
Result 0 0.0 2000 0.46 0.20 0.19 0.21 0.22 0.18 -1 -1 -1 -1 -1
Evo 1.00 0.00 1.00 0.99 1.00 1.00 1.00 0.12 0.00 0.02 0.31 0.33 -1 1971
Result 0 0.0 2000 0.46 0.19 0.20 0.20 0.21 0.20 -1 -1 -1 -1 -1
Evo 1.00 0.00 1.00 0.99 1.00 1.00 1.00 0.12 0.00 0.02 0.30 0.33 -1 1971
Result 0 0.0 2000 0.47 0.21 0.21 0.20 0.19 0.19 -1 -1 -1 -1 -1
Evo 1.00 0.00 1.00 0.99 1.00 1.00 1.00 0.12 0.00 0.02 0.31 0.33 -1 1971
Result 0 0.0 2000 0.47 0.19 0.21 0.18 0.21 0.21 -1 -1 -1 -1 -1
Evo 1.00 0.00 1.00 0.99 1.00 1.00 1.00 0.12 0.00 0.02 0.31 0.33 -1 1971
Result 0 0.0 2000 0.46 0.19 0.20 0.22 0.20 0.19 -1 -1 -1 -1 -1
Evo 1.00 0.00 1.00 0.99 1.00 1.00 1.00 0.12 0.00 0.02 0.33 0.33 -1 1971
Result 0 0.0 2000 0.47 0.20 0.21 0.22 0.18 0.19 -1 -1 -1 -1 -1
Evo 1.00 0.00 1.00 0.99 1.00 1.00 1.00 0.12 0.00 0.02 0.30 0.33 -1 1971
Result 0 0.0 2000 0.46 0.20 0.20 0.21 0.19 0.20 -1 -1 -1 -1 -1
Evo 1.00 0.00 1.00 0.99 1.00 1.00 1.00 0.12 0.00 0.02 0.30 0.33 -1 1971
Result 0 0.0 2000 0.46 0.19 0.20 0.20 0.19 0.22 -1 -1 -1 -1 -1
Evo 1.00 0.00 1.00 0.99 1.00 1.00 1.00 0.12 0.00 0.02 0.31 0.33 -1 1971
Result 0 0.0 2000 0.47 0.19 0.20 0.20 0.20 0.20 -1 -1 -1 -1 -1
Evo 1.00 0.00 1.00 0.99 1.00 1.00 1.00 0.12 0.00 0.02 0.33 0.33 -1 1971
Result 0 0.0 2000 0.46 0.21 0.20 0.20 0.20 0.20 -1 -1 -1 -1 -1
Evo 1.00 0.00 1.00 0.99 1.00 1.00 1.00 0.12 0.00 0.02 0.32 0.33 -1 1971
Result 0 0.0 2000 0.47 0.19 0.21 0.20 0.20 0.20 -1 -1 -1 -1 -1
Evo 1.00 0.00 1.00 0.99 1.00 1.00 1.00 0.12 0.00 0.40 0.52 0.54 -1 1971
Result 0 1.0 2000 0.43 0.22 0.16 0.19 0.23 0.21 -1 -1 -1 -1 -1
Evo 1.00 0.00 1.00 0.99 1.00 1.00 1.00 0.12 0.00 0.08 0.48 0.54 -1 1971
Result 0 4.0 2000 0.44 0.20 0.18 0.20 0.22 0.20 -1 -1 -1 -1 -1
Evo 1.00 0.00 1.00 0.99 1.00 1.00 1.00 0.12 0.00 0.08 0.52 0.54 -1 1971
Result 0 4.0 2000 0.46 0.21 0.20 0.20 0.18 0.22 -1 -1 -1 -1 -1
Evo 1.00 0.00 1.00 0.99 1.00 1.00 1.00 0.12 0.00 0.19 0.52 0.54 -1 1971
Result 0 3.0 2000 0.48 0.20 0.22 0.20 0.18 0.20 -1 -1 -1 -1 -1
Evo 1.00 0.00 1.00 0.99 1.00 1.00 1.00 0.12 0.00 0.07 0.54 0.54 -1 1971
Result 0 3.0 2000 0.46 0.22 0.19 0.19 0.21 0.20 -1 -1 -1 -1 -1
Evo 1.00 0.00 1.00 0.99 1.00 1.00 1.00 0.12 0.00 0.02 0.43 0.54 -1 1971
Result 0 3.0 2000 0.45 0.19 0.18 0.19 0.22 0.22 -1 -1 -1 -1 -1
Evo 1.00 0.00 1.00 0.99 1.00 1.00 1.00 0.12 0.00 0.08 0.48 0.54 -1 1971
Result 0 4.0 2000 0.47 0.21 0.21 0.18 0.20 0.20 -1 -1 -1 -1 -1
Evo 1.00 0.00 1.00 0.99 1.00 1.00 1.00 0.12 0.00 0.53 0.54 0.54 -1 1971
Result 0 2.0 2000 0.45 0.21 0.18 0.23 0.19 0.18 -1 -1 -1 -1 -1
Evo 1.00 0.00 1.00 0.99 1.00 1.00 1.00 0.12 0.00 0.37 0.50 0.54 -1 1971
Result 0 2.0 2000 0.49 0.21 0.23 0.20 0.13 0.22 -1 -1 -1 -1 -1
Evo 1.00 0.00 1.00 0.99 1.00 1.00 1.00 0.12 0.00 0.14 0.52 0.54 -1 1971
Result 0 5.0 2000 0.42 0.21 0.16 0.20 0.24 0.20 -1 -1 -1 -1 -1
Evo 1.00 0.00 1.00 0.99 1.00 1.00 1.00 0.12 0.00 0.11 0.48 0.54 -1 1971
Result 0 3.0 2000 0.41 0.21 0.15 0.20 0.24 0.20 -1 -1 -1 -1 -1
Evo 1.00 0.00 1.00 0.99 1.00 1.00 1.00 0.12 0.00 0.05 0.46 0.54 -1 1971
Result 0 4.0 2000 0.47 0.18 0.21 0.19 0.23 0.20 -1 -1 -1 -1 -1
Evo 1.00 0.00 1.00 0.99 1.00 1.00 1.00 0.12 0.00 0.05 0.52 0.54 -1 1971
Result 0 3.0 2000 0.43 0.21 0.17 0.20 0.23 0.19 -1 -1 -1 -1 -1
Evo 1.00 0.00 1.00 0.99 1.00 1.00 1.00 0.12 0.00 0.10 0.54 0.54 -1 1971
Result 0 4.0 2000 0.47 0.19 0.20 0.21 0.20 0.20 -1 -1 -1 -1 -1
Evo 1.00 0.00 1.00 0.99 1.00 1.00 1.00 0.12 0.00 0.41 0.52 0.54 -1 1971
Result 0 0.0 2000 0.48 0.20 0.22 0.20 0.16 0.21 -1 -1 -1 -1 -1
Evo 1.00 0.00 1.00 0.99 1.00 1.00 1.00 0.12 0.00 0.09 0.52 0.54 -1 1971
Result 0 4.0 2000 0.46 0.20 0.20 0.21 0.19 0.19 -1 -1 -1 -1 -1
Evo 1.00 0.00 1.00 0.99 1.00 1.00 1.00 0.12 0.00 0.25 0.52 0.54 -1 1971
Result 0 2.0 2000 0.46 0.21 0.20 0.21 0.20 0.18 -1 -1 -1 -1 -1
Evo 1.00 0.00 1.00 0.99 1.00 1.00 1.00 0.12 0.00 0.10 0.54 0.54 -1 1971
Result 0 4.0 2000 0.43 0.22 0.17 0.20 0.22 0.20 -1 -1 -1 -1 -1
Evo 1.00 0.00 1.00 0.99 1.00 1.00 1.00 0.12 0.00 0.48 0.45 0.54 -1 1971
Result 0 3.0 2000 0.47 0.20 0.20 0.17 0.22 0.21 -1 -1 -1 -1 -1
Evo 1.00 0.00 1.00 0.99 1.00 1.00 1.00 0.12 0.00 0.53 0.54 0.54 -1 1971
Result 0 2.0 2000 0.47 0.23 0.20 0.16 0.21 0.20 -1 -1 -1 -1 -1
Evo 1.00 0.00 1.00 0.99 1.00 1.00 1.00 0.12 0.00 0.03 0.31 0.31 -1 1971
Result 0 0.0 2000 0.48 0.19 0.22 0.19 0.21 0.19 -1 -1 -1 -1 -1
Evo 1.00 0.00 1.00 0.99 1.00 1.00 1.00 0.12 0.00 0.02 0.26 0.31 -1 1971
Result 0 0.0 2000 0.46 0.20 0.19 0.20 0.21 0.20 -1 -1 -1 -1 -1
Evo 1.00 0.00 1.00 0.99 1.00 1.00 1.00 0.12 0.00 0.09 0.31 0.31 -1 1971
Result 0 1.0 2000 0.46 0.20 0.20 0.19 0.23 0.18 -1 -1 -1 -1 -1
Evo 1.00 0.00 1.00 0.99 1.00 1.00 1.00 0.12 0.00 0.02 0.26 0.31 -1 1971
Result 0 0.0 2000 0.47 0.19 0.21 0.20 0.20 0.20 -1 -1 -1 -1 -1
Evo 1.00 0.00 1.00 0.99 1.00 1.00 1.00 0.12 0.00 0.06 0.29 0.31 -1 1971
Result 0 1.0 2000 0.46 0.20 0.19 0.21 0.19 0.20 -1 -1 -1 -1 -1
Evo 1.00 0.00 1.00 0.99 1.00 1.00 1.00 0.12 0.00 0.02 0.26 0.31 -1 1971
Result 0 0.0 2000 0.47 0.21 0.20 0.20 0.20 0.19 -1 -1 -1 -1 -1
Evo 1.00 0.00 1.00 0.99 1.00 1.00 1.00 0.12 0.00 0.02 0.26 0.31 -1 1971
Result 0 0.0 2000 0.48 0.21 0.21 0.20 0.20 0.18 -1 -1 -1 -1 -1
Evo 1.00 0.00 1.00 0.99 1.00 1.00 1.00 0.12 0.00 0.14 0.29 0.31 -1 1971
Result 0 1.0 2000 0.48 0.20 0.22 0.20 0.18 0.20 -1 -1 -1 -1 -1
Evo 1.00 0.00 1.00 0.99 1.00 1.00 1.00 0.12 0.00 0.05 0.29 0.31 -1 1971
Result 0 1.0 2000 0.46 0.21 0.19 0.19 0.22 0.19 -1 -1 -1 -1 -1
Evo 1.00 0.00 1.00 0.99 1.00 1.00 1.00 0.12 0.00 0.02 0.29 0.31 -1 1971
Result 0 0.0 2000 0.46 0.19 0.19 0.21 0.18 0.22 -1 -1 -1 -1 -1
Evo 1.00 0.00 1.00 0.99 1.00 1.00 1.00 0.12 0.00 0.02 0.26 0.31 -1 1971
Result 0 0.0 2000 0.46 0.19 0.20 0.21 0.20 0.21 -1 -1 -1 -1 -1
Evo 1.00 0.00 1.00 0.99 1.00 1.00 1.00 0.12 0.00 0.03 0.29 0.31 -1 1971
Result 0 0.0 2000 0.46 0.18 0.20 0.19 0.21 0.22 -1 -1 -1 -1 -1
Evo 1.00 0.00 1.00 0.99 1.00 1.00 1.00 0.12 0.00 0.11 0.29 0.31 -1 1971
Result 0 1.0 2000 0.47 0.20 0.20 0.19 0.20 0.20 -1 -1 -1 -1 -1
Evo 1.00 0.00 1.00 0.99 1.00 1.00 1.00 0.12 0.00 0.02 0.26 0.31 -1 1971
Result 0 0.0 2000 0.47 0.20 0.20 0.19 0.22 0.19 -1 -1 -1 -1 -1
Evo 1.00 0.00 1.00 0.99 1.00 1.00 1.00 0.12 0.00 0.02 0.26 0.31 -1 1971
Result 0 0.0 2000 0.48 0.21 0.22 0.20 0.19 0.18 -1 -1 -1 -1 -1
Evo 1.00 0.00 1.00 0.99 1.00 1.00 1.00 0.12 0.00 0.02 0.26 0.31 -1 1971
Result 0 0.0 2000 0.47 0.19 0.20 0.20 0.19 0.22 -1 -1 -1 -1 -1
Evo 1.00 0.00 1.00 0.99 1.00 1.00 1.00 0.12 0.00 0.02 0.26 0.31 -1 1971
Result 0 0.0 2000 0.47 0.20 0.20 0.21 0.18 0.20 -1 -1 -1 -1 -1
Evo 1.00 0.00 1.00 0.99 1.00 1.00 1.00 0.12 0.00 0.02 0.26 0.31 -1 1971
Result 0 0.0 2000 0.47 0.20 0.20 0.20 0.19 0.20 -1 -1 -1 -1 -1
Evo 1.00 0.00 1.00 0.99 1.00 1.00 1.00 0.12 0.00 0.08 0.29 0.31 -1 1971
Result 0 1.0 2000 0.46 0.21 0.20 0.21 0.20 0.19 -1 -1 -1 -1 -1
Evo 1.00 0.00 1.00 0.99 1.00 1.00 1.00 0.12 0.00 0.19 0.29 0.31 -1 1971
Result 0 1.0 2000 0.46 0.21 0.19 0.21 0.20 0.19 -1 -1 -1 -1 -1
Evo 1.00 0.00 1.00 0.99 1.00 1.00 1.00 0.12 0.00 0.02 0.24 0.28 -1 1971
Result 0 0.0 2000 0.47 0.20 0.21 0.18 0.20 0.21 -1 -1 -1 -1 -1
Evo 1.00 0.00 1.00 0.99 1.00 1.00 1.00 0.12 0.00 0.02 0.27 0.28 -1 1971
Result 0 0.0 2000 0.48 0.20 0.21 0.19 0.19 0.20 -1 -1 -1 -1 -1
Evo 1.00 0.00 1.00 0.99 1.00 1.00 1.00 0.12 0.00 0.02 0.27 0.28 -1 1971
Result 0 0.0 2000 0.45 0.21 0.18 0.19 0.22 0.21 -1 -1 -1 -1 -1
Evo 1.00 0.00 1.00 0.99 1.00 1.00 1.00 0.12 0.00 0.02 0.27 0.28 -1 1971
Result 0 0.0 2000 0.46 0.21 0.19 0.20 0.19 0.20 -1 -1 -1 -1 -1
Evo 1.00 0.00 1.00 0.99 1.00 1.00 1.00 0.12 0.00 0.02 0.27 0.28 -1 1971
Result 0 0.0 2000 0.46 0.21 0.20 0.21 0.20 0.19 -1 -1 -1 -1 -1
Evo 1.00 0.00 1.00 0.99 1.00 1.00 1.00 0.12 0.00 0.02 0.26 0.28 -1 1971
Result 0 0.0 2000 0.46 0.19 0.19 0.22 0.20 0.20 -1 -1 -1 -1 -1
Evo 1.00 0.00 1.00 0.99 1.00 1.00 1.00 0.12 0.00 0.02 0.27 0.28 -1 1971
Result 0 0.0 2000 0.46 0.19 0.20 0.21 0.21 0.20 -1 -1 -1 -1 -1
Evo 1.00 0.00 1.00 0.99 1.00 1.00 1.00 0.12 0.00 0.02 0.27 0.28 -1 1971
Result 0 0.0 2000 0.45 0.20 0.19 0.21 0.19 0.21 -1 -1 -1 -1 -1
Evo 1.00 0.00 1.00 0.99 1.00 1.00 1.00 0.12 0.00 0.02 0.27 0.28 -1 1971
Result 0 0.0 2000 0.47 0.22 0.21 0.19 0.18 0.20 -1 -1 -1 -1 -1
Evo 1.00 0.00 1.00 0.99 1.00 1.00 1.00 0.12 0.00 0.02 0.27 0.28 -1 1971
Result 0 0.0 2000 0.46 0.19 0.19 0.22 0.21 0.19 -1 -1 -1 -1 -1
Evo 1.00 0.00 1.00 0.99 1.00 1.00 1.00 0.12 0.00 0.02 0.28 0.28 -1 1971
Result 0 0.0 2000 0.46 0.20 0.19 0.20 0.21 0.19 -1 -1 -1 -1 -1
Evo 1.00 0.00 1.00 0.99 1.00 1.00 1.00 0.12 0.00 0.02 0.27 0.28 -1 1971
Result 0 0.0 2000 0.46 0.20 0.19 0.20 0.19 0.21 -1 -1 -1 -1 -1
Evo 1.00 0.00 1.00 0.99 1.00 1.00 1.00 0.12 0.00 0.02 0.26 0.28 -1 1971
Result 0 0.0 2000 0.47 0.19 0.20 0.20 0.20 0.20 -1 -1 -1 -1 -1
Evo 1.00 0.00 1.00 0.99 1.00 1.00 1.00 0.12 0.00 0.02 0.27 0.28 -1 1971
Result 0 0.0 2000 0.46 0.20 0.19 0.20 0.20 0.20 -1 -1 -1 -1 -1
Evo 1.00 0.00 1.00 0.99 1.00 1.00 1.00 0.12 0.00 0.02 0.27 0.28 -1 1971
Result 0 0.0 2000 0.47 0.19 0.20 0.20 0.19 0.21 -1 -1 -1 -1 -1
Evo 1.00 0.00 1.00 0.99 1.00 1.00 1.00 0.12 0.00 0.02 0.26 0.28 -1 1971
Result 0 0.0 2000 0.47 0.21 0.20 0.20 0.20 0.20 -1 -1 -1 -1 -1
Evo 1.00 0.00 1.00 0.99 1.00 1.00 1.00 0.12 0.00 0.02 0.27 0.28 -1 1971
Result 0 0.0 2000 0.47 0.19 0.21 0.20 0.19 0.20 -1 -1 -1 -1 -1
Evo 1.00 0.00 1.00 0.99 1.00 1.00 1.00 0.12 0.00 0.02 0.27 0.28 -1 1971
Result 0 0.0 2000 0.46 0.20 0.20 0.19 0.21 0.20 -1 -1 -1 -1 -1
Evo 1.00 0.00 1.00 0.99 1.00 1.00 1.00 0.12 0.00 0.02 0.26 0.28 -1 1971
Result 0 0.0 2000 0.47 0.20 0.21 0.21 0.18 0.19 -1 -1 -1 -1 -1
Evo 1.00 0.00 1.00 0.99 1.00 1.00 1.00 0.12 0.00 0.02 0.27 0.28 -1 1971
Result 0 0.0 2000 0.46 0.20 0.19 0.20 0.21 0.19 -1 -1 -1 -1 -1
