Evo 1.00 0.00 1.00 0.55 0.00 1.00 1.00 0.50 0.03 0.47 0.71 16.59 -1 134
Result 0 0.0 358 0.45 0.14 0.19 0.18 0.17 0.15 0.16 -1 -1 -1 -1
Evo 1.00 0.00 1.00 0.96 1.00 1.00 1.00 0.20 0.01 0.20 0.81 22.16 -1 135
Result 0 0.0 369 0.43 0.15 0.16 0.19 0.16 0.17 0.16 -1 -1 -1 -1
Evo 1.00 0.00 1.00 0.91 1.00 1.00 1.00 0.29 0.02 0.32 0.63 17.61 -1 120
Result 0 0.0 264 0.44 0.14 0.14 0.19 0.18 0.17 0.18 -1 -1 -1 -1
Evo 1.00 0.00 1.00 0.94 1.00 1.00 1.00 0.25 0.02 0.26 0.56 19.52 -1 53
Result 0 0.0 246 0.43 0.18 0.17 0.15 0.15 0.18 0.17 -1 -1 -1 -1
Evo 1.00 0.00 1.00 0.89 1.00 1.00 1.00 0.31 0.02 0.35 0.57 13.49 -1 96
Result 0 0.0 258 0.47 0.18 0.13 0.20 0.15 0.15 0.19 -1 -1 -1 -1
Evo 1.00 0.00 1.00 0.96 1.00 1.00 1.00 0.20 0.01 0.19 0.73 30.74 -1 122
Result 0 0.0 370 0.41 0.13 0.22 0.15 0.19 0.15 0.16 -1 -1 -1 -1
Evo 1.00 0.00 1.00 0.99 1.00 1.00 1.00 0.12 0.01 0.08 0.66 24.42 -1 139
Result 0 0.0 296 0.45 0.15 0.14 0.16 0.15 0.21 0.19 -1 -1 -1 -1
Evo 1.00 0.00 1.00 0.98 1.00 1.00 1.00 0.12 0.01 0.09 0.64 39.70 -1 146
Result 0 0.0 258 0.37 0.19 0.18 0.12 0.17 0.17 0.16 -1 -1 -1 -1
Evo 1.00 0.00 1.00 0.96 1.00 1.00 1.00 0.19 0.01 0.17 0.59 20.41 -1 73
Result 0 0.0 248 0.37 0.16 0.18 0.12 0.18 0.18 0.17 -1 -1 -1 -1
Evo 1.00 0.00 1.00 0.93 1.00 1.00 1.00 0.25 0.01 0.27 0.65 18.51 -1 133
Result 0 0.0 317 0.46 0.13 0.14 0.19 0.20 0.16 0.18 -1 -1 -1 -1
Evo 1.00 0.00 1.00 0.91 1.00 1.00 1.00 0.28 0.02 0.31 0.60 17.52 -1 69
Result 0 0.0 262 0.43 0.19 0.14 0.17 0.15 0.18 0.16 -1 -1 -1 -1
Evo 1.00 0.00 1.00 0.99 1.00 1.00 1.00 0.11 0.01 0.08 0.81 16.75 -1 176
Result 0 0.0 393 0.46 0.17 0.16 0.22 0.12 0.14 0.19 -1 -1 -1 -1
Evo 1.01 0.00 1.00 0.94 1.00 1.00 1.00 0.23 0.02 0.23 0.30 16.87 -1 82
Result 0 0.0 123 0.47 0.15 0.13 0.20 0.19 0.16 0.17 -1 -1 -1 -1
Evo 1.00 0.00 1.00 0.97 1.00 1.00 1.00 0.18 0.01 0.16 0.75 19.67 -1 145
Result 0 0.0 359 0.42 0.18 0.16 0.18 0.15 0.18 0.16 -1 -1 -1 -1
Evo 1.00 0.00 1.00 0.96 1.00 1.00 1.00 0.20 0.01 0.19 0.64 22.13 -1 94
Result 0 0.0 312 0.43 0.17 0.18 0.16 0.18 0.14 0.18 -1 -1 -1 -1
Evo 1.00 0.00 1.00 0.98 1.00 1.00 1.00 0.14 0.01 0.12 0.78 24.94 -1 88
Result 0 0.0 331 0.40 0.19 0.19 0.14 0.16 0.14 0.17 -1 -1 -1 -1
Evo 1.00 0.00 1.00 0.93 1.00 1.00 1.00 0.25 0.02 0.26 0.59 21.27 -1 123
Result 0 0.0 252 0.42 0.17 0.19 0.15 0.15 0.16 0.17 -1 -1 -1 -1
Evo 1.00 0.00 1.00 0.97 1.00 1.00 1.00 0.17 0.01 0.15 0.76 20.99 -1 118
Result 0 0.0 343 0.44 0.18 0.14 0.18 0.17 0.17 0.17 -1 -1 -1 -1
Evo 1.00 0.00 1.00 0.94 1.00 1.00 1.00 0.24 0.02 0.25 0.48 35.15 -1 71
Result 0 0.0 223 0.39 0.20 0.17 0.14 0.16 0.18 0.16 -1 -1 -1 -1
Evo 1.00 0.00 1.00 0.95 1.00 1.00 1.00 0.22 0.01 0.21 0.72 19.30 -1 145
Result 0 0.0 342 0.43 0.13 0.17 0.20 0.16 0.17 0.16 -1 -1 -1 -1
Evo 1.00 0.00 1.00 0.96 1.00 1.00 1.00 0.19 0.01 0.17 0.76 49.83 -1 102
Result 0 0.0 303 0.48 0.12 0.16 0.14 0.17 0.19 0.22 -1 -1 -1 -1
Evo 1.01 0.00 1.00 0.96 1.00 1.00 1.00 0.20 0.02 0.19 0.23 20.70 -1 48
Result 0 0.0 93 0.36 0.21 0.19 0.12 0.16 0.17 0.15 -1 -1 -1 -1
Evo 1.00 0.00 1.00 0.95 1.00 1.00 1.00 0.23 0.01 0.23 0.58 27.47 -1 33
Result 0 0.0 240 0.46 0.17 0.19 0.12 0.15 0.18 0.20 -1 -1 -1 -1
Evo 1.00 0.00 1.00 0.95 1.00 1.00 1.00 0.21 0.01 0.20 0.61 32.46 -1 70
Result 0 0.0 261 0.41 0.20 0.14 0.15 0.14 0.18 0.20 -1 -1 -1 -1
Evo 1.00 0.00 1.00 0.98 1.00 1.00 1.00 0.16 0.01 0.13 0.76 26.07 -1 124
Result 0 0.0 360 0.45 0.17 0.14 0.17 0.20 0.14 0.18 -1 -1 -1 -1
Evo 1.00 0.00 1.00 0.95 1.00 1.00 1.00 0.21 0.01 0.21 0.83 34.61 -1 116
Result 0 0.0 364 0.42 0.19 0.18 0.18 0.13 0.16 0.16 -1 -1 -1 -1
Evo 1.00 0.00 1.00 0.96 1.00 1.00 1.00 0.20 0.01 0.20 0.84 35.05 -1 104
Result 0 0.0 365 0.44 0.17 0.17 0.15 0.16 0.17 0.17 -1 -1 -1 -1
Evo 1.00 0.00 1.00 0.94 1.00 1.00 1.00 0.24 0.01 0.24 0.79 36.59 -1 112
Result 0 0.0 334 0.44 0.14 0.14 0.18 0.17 0.19 0.18 -1 -1 -1 -1
Evo 1.00 0.00 1.00 0.97 1.00 1.00 1.00 0.17 0.01 0.15 0.75 25.29 -1 87
Result 0 0.0 316 0.45 0.17 0.16 0.18 0.15 0.15 0.19 -1 -1 -1 -1
Evo 1.00 0.00 1.00 0.98 1.00 1.00 1.00 0.15 0.01 0.13 0.76 30.42 -1 98
Result 0 0.0 297 0.42 0.16 0.19 0.15 0.15 0.19 0.15 -1 -1 -1 -1
Evo 1.01 0.00 1.00 0.99 1.00 1.00 1.00 0.10 0.01 0.07 0.42 23.99 -1 33
Result 0 0.0 195 0.41 0.12 0.21 0.16 0.17 0.19 0.15 -1 -1 -1 -1
Evo 1.00 0.00 1.00 0.93 1.00 1.00 1.00 0.25 0.01 0.26 0.81 28.90 -1 128
Result 0 0.0 379 0.44 0.14 0.18 0.18 0.18 0.16 0.17 -1 -1 -1 -1
Evo 1.00 0.00 1.00 0.97 1.00 1.00 1.00 0.17 0.01 0.15 0.59 26.29 -1 123
Result 0 0.0 263 0.47 0.15 0.16 0.21 0.16 0.18 0.13 -1 -1 -1 -1
Evo 1.00 0.00 1.00 0.98 1.00 1.00 1.00 0.13 0.01 0.10 0.77 26.81 -1 85
Result 0 0.0 346 0.45 0.15 0.17 0.16 0.15 0.18 0.18 -1 -1 -1 -1
Evo 1.00 0.00 1.00 0.98 1.00 1.00 1.00 0.15 0.01 0.12 0.57 27.20 -1 114
Result 0 0.0 267 0.43 0.16 0.20 0.17 0.17 0.13 0.17 -1 -1 -1 -1
Evo 1.00 0.00 1.00 0.97 1.00 1.00 1.00 0.16 0.01 0.13 0.79 34.63 -1 120
Result 0 0.0 316 0.43 0.19 0.15 0.18 0.17 0.15 0.16 -1 -1 -1 -1
Evo 1.01 0.00 1.00 0.97 1.00 1.00 1.00 0.16 0.01 0.14 0.35 17.93 -1 30
Result 0 0.0 148 0.44 0.17 0.17 0.16 0.16 0.16 0.17 -1 -1 -1 -1
Evo 1.00 0.00 1.00 0.97 1.00 1.00 1.00 0.18 0.01 0.17 0.83 28.39 -1 129
Result 0 0.0 352 0.42 0.19 0.17 0.12 0.18 0.17 0.16 -1 -1 -1 -1
Evo 1.01 0.00 1.00 0.95 1.00 1.00 1.00 0.21 0.02 0.20 0.31 22.25 -1 42
Result 0 0.0 132 0.36 0.23 0.20 0.14 0.15 0.18 0.11 -1 -1 -1 -1
Evo 1.01 0.00 1.00 0.89 1.00 1.00 1.00 0.32 0.03 0.35 0.27 15.84 -1 25
Result 0 0.0 124 0.42 0.15 0.18 0.16 0.22 0.17 0.12 -1 -1 -1 -1
Evo 1.00 0.00 1.00 0.92 1.00 1.00 1.00 0.27 0.02 0.29 0.52 28.11 -1 136
Result 0 0.0 232 0.45 0.19 0.15 0.14 0.16 0.16 0.19 -1 -1 -1 -1
Evo 1.00 0.00 1.00 0.97 1.00 1.00 1.00 0.18 0.01 0.17 0.63 23.29 -1 81
Result 0 0.0 295 0.46 0.13 0.18 0.20 0.17 0.17 0.15 -1 -1 -1 -1
Evo 1.00 0.00 1.00 0.91 1.00 1.00 1.00 0.28 0.02 0.31 0.66 20.85 -1 78
Result 0 0.0 296 0.42 0.15 0.16 0.20 0.15 0.17 0.16 -1 -1 -1 -1
Evo 1.01 0.00 1.00 0.97 1.00 1.00 1.00 0.18 0.01 0.16 0.39 19.76 -1 52
Result 0 0.0 187 0.39 0.19 0.13 0.13 0.19 0.13 0.23 -1 -1 -1 -1
Evo 1.00 0.00 1.00 0.90 1.00 1.00 1.00 0.30 0.02 0.34 0.63 20.67 -1 39
Result 0 0.0 252 0.46 0.19 0.15 0.20 0.17 0.15 0.13 -1 -1 -1 -1
Evo 1.00 0.00 1.00 0.99 1.00 1.00 1.00 0.11 0.01 0.07 0.76 20.78 -1 77
Result 0 0.0 352 0.41 0.14 0.17 0.20 0.18 0.17 0.15 -1 -1 -1 -1
Evo 1.01 0.00 1.00 0.88 1.00 1.00 1.00 0.32 0.03 0.36 0.36 16.28 -1 76
Result 0 0.0 160 0.42 0.17 0.18 0.17 0.15 0.18 0.16 -1 -1 -1 -1
Evo 1.00 0.00 1.00 0.93 1.00 1.00 1.00 0.25 0.01 0.26 0.66 23.53 -1 71
Result 0 0.0 289 0.41 0.18 0.18 0.15 0.14 0.18 0.16 -1 -1 -1 -1
Evo 1.01 0.00 1.00 0.93 1.00 1.00 1.00 0.26 0.03 0.28 0.25 16.71 -1 55
Result 0 0.0 95 0.34 0.22 0.20 0.10 0.14 0.22 0.13 -1 -1 -1 -1
Evo 1.00 0.00 1.00 0.91 1.00 1.00 1.00 0.29 0.02 0.32 0.67 20.48 -1 62
Result 0 0.0 297 0.40 0.19 0.16 0.19 0.18 0.13 0.14 -1 -1 -1 -1
Evo 1.01 0.00 1.00 0.80 1.00 1.00 1.00 0.40 0.03 0.47 0.39 14.93 -1 30
Result 0 0.0 163 0.45 0.20 0.16 0.19 0.17 0.13 0.16 -1 -1 -1 -1
Evo 1.00 0.00 1.00 0.98 1.00 1.00 1.00 0.14 0.01 0.11 0.81 21.65 -1 78
Result 0 0.0 392 0.43 0.16 0.16 0.18 0.18 0.16 0.17 -1 -1 -1 -1
Evo 1.00 0.00 1.00 0.94 1.00 1.00 1.00 0.24 0.02 0.25 0.43 17.58 -1 55
Result 0 0.0 203 0.47 0.19 0.16 0.21 0.19 0.13 0.13 -1 -1 -1 -1
Evo 1.00 0.00 1.00 0.87 1.00 1.00 1.00 0.34 0.02 0.39 0.53 20.85 -1 59
Result 0 0.0 244 0.47 0.16 0.16 0.15 0.15 0.17 0.21 -1 -1 -1 -1
Evo 1.01 0.00 1.00 0.90 1.00 1.00 1.00 0.30 0.02 0.33 0.36 17.74 -1 68
Result 0 0.0 154 0.44 0.15 0.15 0.17 0.14 0.19 0.19 -1 -1 -1 -1
Evo 1.00 0.00 1.00 0.96 1.00 1.00 1.00 0.19 0.01 0.18 0.67 26.99 -1 73
Result 0 0.0 289 0.45 0.19 0.19 0.14 0.14 0.17 0.18 -1 -1 -1 -1
Evo 1.01 0.00 1.00 0.94 1.00 1.00 1.00 0.23 0.02 0.23 0.32 18.52 -1 102
Result 0 0.0 141 0.43 0.13 0.15 0.17 0.20 0.20 0.14 -1 -1 -1 -1
Evo 1.01 0.00 1.00 0.91 1.00 1.00 1.00 0.28 0.02 0.31 0.38 20.37 -1 70
Result 0 0.0 170 0.43 0.17 0.16 0.19 0.15 0.16 0.17 -1 -1 -1 -1
Evo 1.00 0.00 1.00 0.90 1.00 1.00 1.00 0.30 0.02 0.34 0.87 22.90 -1 96
Result 0 0.0 389 0.41 0.17 0.15 0.16 0.17 0.19 0.15 -1 -1 -1 -1
Evo 1.00 0.00 1.00 0.95 1.00 1.00 1.00 0.21 0.01 0.21 0.49 18.35 -1 50
Result 0 0.0 230 0.42 0.18 0.18 0.16 0.15 0.19 0.15 -1 -1 -1 -1
Evo 1.01 0.00 1.00 0.95 1.00 1.00 1.00 0.22 0.02 0.22 0.30 15.80 -1 40
Result 0 0.0 188 0.39 0.15 0.15 0.16 0.20 0.20 0.14 -1 -1 -1 -1
Evo 1.00 0.00 1.00 0.99 1.00 1.00 1.00 0.10 0.01 0.07 0.68 27.43 -1 164
Result 0 0.0 376 0.45 0.14 0.18 0.16 0.18 0.15 0.18 -1 -1 -1 -1
Evo 1.00 0.00 1.00 0.96 1.00 1.00 1.00 0.21 0.01 0.20 0.52 24.33 -1 174
Result 0 0.0 268 0.42 0.19 0.16 0.16 0.17 0.17 0.15 -1 -1 -1 -1
Evo 1.01 0.00 1.00 0.97 1.00 1.00 1.00 0.16 0.01 0.14 0.30 23.87 -1 118
Result 0 0.0 151 0.43 0.17 0.13 0.16 0.22 0.17 0.14 -1 -1 -1 -1
Evo 1.01 0.00 1.00 0.91 1.00 1.00 1.00 0.29 0.03 0.32 0.24 17.67 -1 45
Result 0 0.0 128 0.33 0.22 0.18 0.10 0.13 0.20 0.16 -1 -1 -1 -1
Evo 1.00 0.00 1.00 0.92 1.00 1.00 1.00 0.27 0.02 0.29 0.52 23.15 -1 90
Result 0 0.0 278 0.44 0.21 0.15 0.17 0.18 0.14 0.15 -1 -1 -1 -1
Evo 1.00 0.00 1.00 0.96 1.00 1.00 1.00 0.20 0.01 0.20 0.52 23.24 -1 77
Result 0 0.0 278 0.44 0.16 0.15 0.17 0.15 0.19 0.18 -1 -1 -1 -1
Evo 1.00 0.00 1.00 0.95 1.00 1.00 1.00 0.23 0.01 0.23 0.55 22.15 -1 106
Result 0 0.0 275 0.41 0.21 0.18 0.17 0.13 0.16 0.15 -1 -1 -1 -1
Evo 1.00 0.00 1.00 0.95 1.00 1.00 1.00 0.21 0.01 0.20 0.70 28.79 -1 122
Result 0 0.0 332 0.41 0.21 0.18 0.17 0.15 0.14 0.15 -1 -1 -1 -1
Evo 1.00 0.00 1.00 0.95 1.00 1.00 1.00 0.21 0.01 0.21 0.79 27.52 -1 169
Result 0 0.0 404 0.44 0.15 0.20 0.16 0.16 0.16 0.18 -1 -1 -1 -1
Evo 1.00 0.00 1.00 0.92 1.00 1.00 1.00 0.27 0.01 0.30 0.76 28.98 -1 104
Result 0 0.0 425 0.40 0.18 0.16 0.17 0.17 0.17 0.15 -1 -1 -1 -1
Evo 1.00 0.00 1.00 0.94 1.00 1.00 1.00 0.23 0.01 0.24 0.56 27.72 -1 156
Result 0 0.0 310 0.46 0.13 0.18 0.19 0.17 0.14 0.18 -1 -1 -1 -1
Evo 1.00 0.00 1.00 0.99 1.00 1.00 1.00 0.11 0.01 0.08 0.57 22.17 -1 172
Result 0 0.0 312 0.45 0.18 0.16 0.17 0.16 0.15 0.18 -1 -1 -1 -1
Evo 1.01 0.00 1.00 0.95 1.00 1.00 1.00 0.21 0.02 0.21 0.37 18.73 -1 51
Result 0 0.0 189 0.42 0.18 0.16 0.16 0.18 0.14 0.17 -1 -1 -1 -1
Evo 1.00 0.00 1.00 0.97 1.00 1.00 1.00 0.18 0.01 0.16 0.84 28.57 -1 190
Result 0 0.0 450 0.45 0.19 0.13 0.16 0.16 0.17 0.18 -1 -1 -1 -1
Evo 1.00 0.00 1.00 0.98 1.00 1.00 1.00 0.12 0.01 0.09 0.60 25.88 -1 123
Result 0 0.0 331 0.42 0.18 0.16 0.15 0.15 0.20 0.15 -1 -1 -1 -1
Evo 1.00 0.00 1.00 0.98 1.00 1.00 1.00 0.13 0.01 0.10 0.60 23.65 -1 125
Result 0 0.0 332 0.44 0.17 0.20 0.17 0.14 0.16 0.16 -1 -1 -1 -1
Evo 1.00 0.00 1.00 0.95 1.00 1.00 1.00 0.22 0.01 0.21 0.50 24.02 -1 101
Result 0 0.0 267 0.45 0.20 0.14 0.18 0.13 0.16 0.19 -1 -1 -1 -1
Evo 1.00 0.00 1.00 0.98 1.00 1.00 1.00 0.14 0.01 0.11 0.77 29.01 -1 214
Result 0 0.0 411 0.44 0.17 0.15 0.18 0.18 0.13 0.18 -1 -1 -1 -1
Evo 1.00 0.00 1.00 0.92 1.00 1.00 1.00 0.27 0.02 0.28 0.52 21.18 -1 64
Result 0 0.0 272 0.47 0.14 0.13 0.21 0.15 0.23 0.15 -1 -1 -1 -1
Evo 1.00 0.00 1.00 0.98 1.00 1.00 1.00 0.14 0.01 0.11 0.38 14.54 -1 138
Result 0 0.0 255 0.44 0.22 0.16 0.18 0.13 0.13 0.18 -1 -1 -1 -1
Evo 1.00 0.00 1.00 0.96 1.00 1.00 1.00 0.20 0.01 0.19 0.41 15.46 -1 71
Result 0 0.0 291 0.42 0.14 0.14 0.19 0.15 0.22 0.16 -1 -1 -1 -1
Evo 1.00 0.00 1.00 0.93 1.00 1.00 1.00 0.25 0.01 0.26 0.46 26.08 -1 162
Result 0 0.0 323 0.44 0.17 0.15 0.17 0.17 0.17 0.18 -1 -1 -1 -1
Evo 1.00 0.00 1.00 0.98 1.00 1.00 1.00 0.15 0.01 0.13 0.58 18.08 -1 181
Result 0 0.0 419 0.44 0.16 0.16 0.18 0.18 0.16 0.16 -1 -1 -1 -1
Evo 1.00 0.00 1.00 0.97 1.00 1.00 1.00 0.18 0.01 0.17 0.44 17.92 -1 111
Result 0 0.0 290 0.45 0.18 0.16 0.18 0.16 0.17 0.15 -1 -1 -1 -1
Evo 1.00 0.00 1.00 0.98 1.00 1.00 1.00 0.12 0.01 0.09 0.42 26.92 -1 109
Result 0 0.0 264 0.47 0.18 0.14 0.12 0.18 0.17 0.21 -1 -1 -1 -1
Evo 1.00 0.00 1.00 0.95 1.00 1.00 1.00 0.22 0.01 0.22 0.49 22.70 -1 210
Result 0 0.0 329 0.44 0.16 0.16 0.14 0.18 0.18 0.18 -1 -1 -1 -1
Evo 1.00 0.00 1.00 0.92 1.00 1.00 1.00 0.28 0.02 0.30 0.42 17.29 -1 76
Result 0 0.0 289 0.44 0.18 0.15 0.17 0.15 0.17 0.17 -1 -1 -1 -1
Evo 1.00 0.00 1.00 0.97 1.00 1.00 1.00 0.17 0.01 0.15 0.51 23.78 -1 141
Result 0 0.0 339 0.41 0.18 0.16 0.16 0.18 0.16 0.15 -1 -1 -1 -1
Evo 1.00 0.00 1.00 0.98 1.00 1.00 1.00 0.13 0.01 0.10 0.67 26.51 -1 256
Result 0 0.0 478 0.39 0.17 0.19 0.14 0.17 0.16 0.17 -1 -1 -1 -1
Evo 1.00 0.00 1.00 0.95 1.00 1.00 1.00 0.22 0.01 0.22 0.61 23.32 -1 198
Result 0 0.0 423 0.42 0.17 0.19 0.16 0.17 0.15 0.17 -1 -1 -1 -1
Evo 1.00 0.00 1.00 0.96 1.00 1.00 1.00 0.18 0.01 0.17 0.40 20.78 -1 141
Result 0 0.0 283 0.41 0.18 0.17 0.18 0.19 0.12 0.15 -1 -1 -1 -1
Evo 1.00 0.00 1.00 0.88 1.00 1.00 1.00 0.32 0.02 0.37 0.41 15.80 -1 71
Result 0 0.0 292 0.43 0.11 0.20 0.16 0.20 0.17 0.16 -1 -1 -1 -1
Evo 1.00 0.00 1.00 0.96 1.00 1.00 1.00 0.20 0.01 0.19 0.57 23.85 -1 84
Result 0 0.0 407 0.45 0.14 0.19 0.16 0.17 0.17 0.18 -1 -1 -1 -1
Evo 1.00 0.00 1.00 0.94 1.00 1.00 1.00 0.23 0.01 0.24 0.42 20.28 -1 77
Result 0 0.0 290 0.42 0.18 0.13 0.16 0.16 0.20 0.16 -1 -1 -1 -1
Evo 1.00 0.00 1.00 0.99 1.00 1.00 1.00 0.11 0.01 0.08 0.61 21.73 -1 134
Result 0 0.0 413 0.46 0.17 0.19 0.19 0.15 0.15 0.14 -1 -1 -1 -1
Evo 1.00 0.00 1.00 0.96 1.00 1.00 1.00 0.21 0.01 0.20 0.42 18.98 -1 161
Result 0 0.0 295 0.44 0.15 0.17 0.16 0.20 0.15 0.17 -1 -1 -1 -1
Evo 1.00 0.00 1.00 0.95 1.00 1.00 1.00 0.22 0.01 0.21 0.43 16.91 -1 150
Result 0 0.0 302 0.47 0.19 0.14 0.20 0.17 0.17 0.13 -1 -1 -1 -1
Evo 1.01 0.00 1.00 0.98 1.00 1.00 1.00 0.16 0.01 0.13 0.17 14.31 -1 70
Result 0 0.0 121 0.47 0.11 0.10 0.20 0.20 0.18 0.20 -1 -1 -1 -1
Evo 1.00 0.00 1.00 0.94 1.00 1.00 1.00 0.24 0.01 0.25 0.41 15.35 -1 90
Result 0 0.0 295 0.45 0.16 0.14 0.19 0.19 0.15 0.17 -1 -1 -1 -1
