Evo 1.00 0.00 1.00 0.99 1.00 1.00 1.00 0.12 0.00 0.09 0.19 0.36 -1 0
Result 0 0.0 2000 0.44 0.17 0.16 0.17 0.17 0.16 0.17 -1 -1 -1 -1
Evo 1.00 0.00 1.00 0.99 1.00 1.00 1.00 0.12 0.00 0.09 0.30 0.56 -1 0
Result 0 0.0 2000 0.44 0.17 0.15 0.16 0.17 0.16 0.18 -1 -1 -1 -1
Evo 1.00 0.00 1.00 1.00 1.00 1.00 1.00 0.02 0.00 0.01 0.28 0.53 -1 0
Result 0 0.0 1971 0.44 0.17 0.18 0.17 0.15 0.17 0.17 -1 -1 -1 -1
Evo 1.00 0.00 1.00 0.99 1.00 1.00 1.00 0.12 0.00 0.09 0.33 0.63 -1 0
Result 0 0.0 2000 0.44 0.17 0.17 0.16 0.16 0.17 0.17 -1 -1 -1 -1
Evo 1.00 0.00 1.00 0.99 1.00 1.00 1.00 0.12 0.00 0.09 0.25 0.46 -1 0
Result 0 0.0 2000 0.42 0.16 0.16 0.16 0.17 0.16 0.18 -1 -1 -1 -1
Evo 1.00 0.00 1.00 0.99 1.00 1.00 1.00 0.12 0.00 0.09 0.23 0.43 -1 0
Result 0 0.0 2000 0.43 0.17 0.17 0.16 0.17 0.17 0.16 -1 -1 -1 -1
Evo 1.00 0.00 1.00 1.00 1.00 1.00 1.00 0.05 0.00 0.02 0.11 0.29 -1 0
Result 0 0.0 1171 0.44 0.17 0.16 0.18 0.17 0.16 0.15 -1 -1 -1 -1
Evo 1.00 0.00 1.00 0.99 1.00 1.00 1.00 0.12 0.00 0.09 0.20 0.37 -1 0
Result 0 0.0 2000 0.44 0.16 0.17 0.18 0.17 0.16 0.16 -1 -1 -1 -1
Evo 1.00 0.00 1.00 0.99 1.00 1.00 1.00 0.12 0.00 0.09 0.24 0.48 -1 0
Result 0 0.0 2000 0.45 0.18 0.16 0.16 0.17 0.15 0.18 -1 -1 -1 -1
Evo 1.00 0.00 1.00 0.99 1.00 1.00 1.00 0.12 0.00 0.09 0.20 0.34 -1 0
Result 0 0.0 2000 0.42 0.16 0.17 0.19 0.16 0.15 0.17 -1 -1 -1 -1
Evo 1.00 0.00 1.00 0.99 1.00 1.00 1.00 0.11 0.00 0.08 0.35 0.59 -1 0
Result 0 0.0 1995 0.42 0.15 0.18 0.16 0.17 0.18 0.16 -1 -1 -1 -1
Evo 1.00 0.00 1.00 0.99 1.00 1.00 1.00 0.12 0.00 0.09 0.18 0.33 -1 0
Result 0 0.0 2000 0.42 0.15 0.17 0.17 0.17 0.16 0.17 -1 -1 -1 -1
Evo 1.00 0.00 1.00 0.99 1.00 1.00 1.00 0.12 0.00 0.09 0.19 0.38 -1 0
Result 0 0.0 2000 0.42 0.16 0.16 0.18 0.16 0.17 0.16 -1 -1 -1 -1
Evo 1.00 0.00 1.00 0.99 1.00 1.00 1.00 0.12 0.00 0.09 0.31 0.50 -1 0
Result 0 0.0 2000 0.43 0.17 0.17 0.17 0.16 0.17 0.15 -1 -1 -1 -1
Evo 1.00 0.00 1.00 0.99 1.00 1.00 1.00 0.12 0.00 0.09 0.36 0.60 -1 0
Result 0 0.0 1999 0.43 0.17 0.16 0.17 0.16 0.16 0.17 -1 -1 -1 -1
Evo 1.00 0.00 1.00 0.99 1.00 1.00 1.00 0.12 0.00 0.09 0.21 0.43 -1 0
Result 0 0.0 2000 0.41 0.18 0.17 0.17 0.15 0.17 0.15 -1 -1 -1 -1
Evo 1.00 0.00 1.00 0.99 1.00 1.00 1.00 0.10 0.00 0.07 0.38 0.58 -1 0
Result 0 0.0 1991 0.41 0.17 0.15 0.17 0.17 0.16 0.18 -1 -1 -1 -1
Evo 1.00 0.00 1.00 0.99 1.00 1.00 1.00 0.12 0.00 0.09 0.27 0.55 -1 0
Result 0 0.0 2000 0.44 0.17 0.16 0.17 0.16 0.16 0.18 -1 -1 -1 -1
Evo 1.00 0.00 1.00 0.99 1.00 1.00 1.00 0.12 0.00 0.09 0.18 0.36 -1 0
Result 0 0.0 2000 0.42 0.16 0.17 0.17 0.17 0.16 0.18 -1 -1 -1 -1
Evo 1.00 0.00 1.00 0.99 1.00 1.00 1.00 0.12 0.00 0.09 0.26 0.47 -1 0
Result 0 0.0 2000 0.41 0.16 0.16 0.19 0.15 0.17 0.16 -1 -1 -1 -1
Evo 1.00 0.00 1.00 1.00 1.00 1.00 1.00 0.03 0.00 0.01 0.20 0.29 -1 0
Result 0 0.0 1972 0.44 0.17 0.16 0.15 0.19 0.17 0.16 -1 -1 -1 -1
Evo 1.00 0.00 1.00 0.99 1.00 1.00 1.00 0.12 0.00 0.09 0.19 0.29 -1 11
Result 0 0.0 2000 0.42 0.17 0.16 0.17 0.18 0.16 0.16 -1 -1 -1 -1
Evo 1.00 0.00 1.00 0.99 1.00 1.00 1.00 0.09 0.00 0.06 0.13 0.26 -1 0
Result 0 0.0 1988 0.44 0.16 0.18 0.16 0.18 0.16 0.16 -1 -1 -1 -1
Evo 1.00 0.00 1.00 0.99 1.00 1.00 1.00 0.12 0.00 0.09 0.14 0.27 -1 9
Result 0 0.0 2000 0.45 0.16 0.15 0.19 0.18 0.15 0.16 -1 -1 -1 -1
Evo 1.00 0.00 1.00 0.99 1.00 1.00 1.00 0.12 0.00 0.09 0.19 0.31 -1 5
Result 0 0.0 2000 0.45 0.16 0.17 0.18 0.18 0.17 0.15 -1 -1 -1 -1
Evo 1.00 0.00 1.00 0.99 1.00 1.00 1.00 0.12 0.00 0.09 0.17 0.29 -1 3
Result 0 0.0 2000 0.43 0.17 0.16 0.18 0.17 0.16 0.16 -1 -1 -1 -1
Evo 1.00 0.00 1.00 0.99 1.00 1.00 1.00 0.12 0.00 0.09 0.26 0.51 -1 8
Result 0 0.0 2000 0.43 0.17 0.17 0.16 0.16 0.17 0.16 -1 -1 -1 -1
Evo 1.00 0.00 1.00 0.99 1.00 1.00 1.00 0.08 0.00 0.05 0.11 0.24 -1 10
Result 0 0.0 1982 0.45 0.18 0.16 0.15 0.18 0.16 0.18 -1 -1 -1 -1
Evo 1.00 0.00 1.00 0.99 1.00 1.00 1.00 0.12 0.00 0.09 0.27 0.45 -1 4
Result 0 0.0 2000 0.44 0.17 0.16 0.17 0.18 0.15 0.16 -1 -1 -1 -1
Evo 1.00 0.00 1.00 0.99 1.00 1.00 1.00 0.12 0.00 0.09 0.17 0.45 -1 12
Result 0 0.0 2000 0.42 0.17 0.16 0.17 0.17 0.17 0.16 -1 -1 -1 -1
Evo 1.00 0.00 1.00 0.99 1.00 1.00 1.00 0.12 0.00 0.09 0.21 0.34 -1 5
Result 0 0.0 2000 0.44 0.16 0.15 0.18 0.17 0.17 0.17 -1 -1 -1 -1
Evo 1.00 0.00 1.00 0.99 1.00 1.00 1.00 0.12 0.00 0.09 0.22 0.47 -1 8
Result 0 0.0 2000 0.42 0.18 0.16 0.15 0.17 0.18 0.15 -1 -1 -1 -1
Evo 1.00 0.00 1.00 0.99 1.00 1.00 1.00 0.12 0.00 0.09 0.08 0.26 -1 2
Result 0 0.0 2000 0.45 0.17 0.14 0.18 0.18 0.17 0.15 -1 -1 -1 -1
Evo 1.00 0.00 1.00 0.99 1.00 1.00 1.00 0.10 0.00 0.07 0.10 0.21 -1 1
Result 0 0.0 1991 0.43 0.16 0.14 0.16 0.19 0.17 0.18 -1 -1 -1 -1
Evo 1.00 0.00 1.00 0.99 1.00 1.00 1.00 0.12 0.00 0.09 0.20 0.30 -1 3
Result 0 0.0 2000 0.44 0.16 0.17 0.16 0.17 0.16 0.18 -1 -1 -1 -1
Evo 1.00 0.00 1.00 0.99 1.00 1.00 1.00 0.12 0.00 0.09 0.16 0.28 -1 14
Result 0 0.0 1998 0.43 0.17 0.16 0.18 0.18 0.15 0.17 -1 -1 -1 -1
Evo 1.00 0.00 1.00 1.00 1.00 1.00 1.00 0.06 0.00 0.03 0.23 0.32 -1 25
Result 0 0.0 1978 0.42 0.18 0.16 0.18 0.16 0.17 0.15 -1 -1 -1 -1
Evo 1.00 0.00 1.00 0.99 1.00 1.00 1.00 0.08 0.00 0.04 0.16 0.32 -1 7
Result 0 0.0 1981 0.45 0.19 0.16 0.15 0.18 0.16 0.17 -1 -1 -1 -1
Evo 1.00 0.00 1.00 0.99 1.00 1.00 1.00 0.12 0.00 0.09 0.17 0.33 -1 5
Result 0 0.0 2000 0.40 0.15 0.18 0.18 0.17 0.16 0.16 -1 -1 -1 -1
Evo 1.00 0.00 1.00 0.99 1.00 1.00 1.00 0.12 0.00 0.09 0.11 0.26 -1 4
Result 0 0.0 2000 0.43 0.16 0.17 0.16 0.17 0.16 0.17 -1 -1 -1 -1
Evo 1.00 0.00 1.00 0.99 1.00 1.00 1.00 0.12 0.00 0.09 0.19 0.34 -1 0
Result 0 0.0 2000 0.41 0.17 0.15 0.18 0.17 0.16 0.17 -1 -1 -1 -1
Evo 1.00 0.00 1.00 0.99 1.00 1.00 1.00 0.12 0.00 0.09 0.22 0.37 -1 0
Result 0 0.0 2000 0.42 0.16 0.15 0.18 0.17 0.18 0.17 -1 -1 -1 -1
Evo 1.00 0.00 1.00 0.99 1.00 1.00 1.00 0.12 0.00 0.09 0.24 0.41 -1 0
Result 0 0.0 2000 0.43 0.16 0.16 0.16 0.17 0.18 0.17 -1 -1 -1 -1
Evo 1.00 0.00 1.00 0.99 1.00 1.00 1.00 0.12 0.00 0.09 0.29 0.49 -1 0
Result 0 0.0 2000 0.42 0.16 0.16 0.15 0.18 0.17 0.18 -1 -1 -1 -1
Evo 1.00 0.00 1.00 0.99 1.00 1.00 1.00 0.12 0.00 0.09 0.23 0.39 -1 0
Result 0 0.0 2000 0.42 0.16 0.16 0.18 0.17 0.16 0.17 -1 -1 -1 -1
Evo 1.00 0.00 1.00 0.99 1.00 1.00 1.00 0.12 0.00 0.09 0.24 0.48 -1 0
Result 0 0.0 2000 0.44 0.16 0.17 0.17 0.18 0.16 0.16 -1 -1 -1 -1
Evo 1.00 0.00 1.00 1.00 1.00 1.00 1.00 0.05 0.00 0.02 0.20 0.39 -1 1
Result 0 0.0 1975 0.41 0.15 0.15 0.17 0.17 0.18 0.18 -1 -1 -1 -1
Evo 1.00 0.00 1.00 0.99 1.00 1.00 1.00 0.12 0.00 0.09 0.21 0.32 -1 0
Result 0 0.0 2000 0.44 0.18 0.16 0.17 0.16 0.17 0.17 -1 -1 -1 -1
Evo 1.00 0.00 1.00 0.99 1.00 1.00 1.00 0.12 0.00 0.09 0.27 0.44 -1 0
Result 0 0.0 2000 0.44 0.17 0.16 0.17 0.17 0.17 0.16 -1 -1 -1 -1
Evo 1.00 0.00 1.00 0.99 1.00 1.00 1.00 0.12 0.00 0.09 0.25 0.39 -1 0
Result 0 0.0 2000 0.42 0.17 0.16 0.18 0.16 0.17 0.17 -1 -1 -1 -1
Evo 1.00 0.00 1.00 0.99 1.00 1.00 1.00 0.12 0.00 0.09 0.19 0.45 -1 0
Result 0 0.0 2000 0.44 0.17 0.16 0.17 0.16 0.17 0.16 -1 -1 -1 -1
Evo 1.00 0.00 1.00 0.99 1.00 1.00 1.00 0.12 0.00 0.09 0.21 0.37 -1 0
Result 0 0.0 2000 0.42 0.18 0.15 0.18 0.16 0.17 0.16 -1 -1 -1 -1
Evo 1.00 0.00 1.00 0.99 1.00 1.00 1.00 0.12 0.00 0.09 0.27 0.46 -1 0
Result 0 0.0 2000 0.43 0.18 0.17 0.15 0.18 0.16 0.16 -1 -1 -1 -1
Evo 1.00 0.00 1.00 0.99 1.00 1.00 1.00 0.12 0.00 0.09 0.20 0.43 -1 0
Result 0 0.0 2000 0.41 0.17 0.17 0.17 0.15 0.17 0.16 -1 -1 -1 -1
Evo 1.00 0.00 1.00 0.99 1.00 1.00 1.00 0.12 0.00 0.09 0.24 0.41 -1 0
Result 0 0.0 2000 0.43 0.17 0.16 0.15 0.17 0.17 0.17 -1 -1 -1 -1
Evo 1.00 0.00 1.00 0.99 1.00 1.00 1.00 0.12 0.00 0.09 0.26 0.47 -1 0
Result 0 0.0 2000 0.42 0.15 0.16 0.17 0.17 0.17 0.17 -1 -1 -1 -1
Evo 1.00 0.00 1.00 0.99 1.00 1.00 1.00 0.12 0.00 0.09 0.32 0.41 -1 1
Result 0 0.0 2000 0.44 0.17 0.15 0.16 0.17 0.17 0.16 -1 -1 -1 -1
Evo 1.00 0.00 1.00 1.00 1.00 1.00 1.00 0.05 0.00 0.02 0.26 0.44 -1 0
Result 0 0.0 1975 0.42 0.17 0.16 0.17 0.16 0.16 0.17 -1 -1 -1 -1
Evo 1.00 0.00 1.00 0.99 1.00 1.00 1.00 0.12 0.00 0.09 0.27 0.48 -1 0
Result 0 0.0 2000 0.42 0.18 0.16 0.17 0.16 0.17 0.16 -1 -1 -1 -1
Evo 1.00 0.00 1.00 0.99 1.00 1.00 1.00 0.12 0.00 0.09 0.26 0.54 -1 0
Result 0 0.0 2000 0.43 0.17 0.16 0.16 0.16 0.18 0.17 -1 -1 -1 -1
Evo 1.00 0.00 1.00 0.99 1.00 1.00 1.00 0.09 0.00 0.06 0.24 0.47 -1 142
Result 0 0.0 1987 0.42 0.18 0.16 0.16 0.17 0.17 0.16 -1 -1 -1 -1
Evo 1.00 0.00 1.00 0.99 1.00 1.00 1.00 0.12 0.00 0.09 0.19 0.43 -1 1264
Result 0 0.0 2000 0.41 0.18 0.18 0.15 0.15 0.17 0.17 -1 -1 -1 -1
Evo 1.00 0.00 1.00 0.99 1.00 1.00 1.00 0.12 0.00 0.09 0.24 0.42 -1 515
Result 0 0.0 2000 0.44 0.18 0.17 0.18 0.16 0.18 0.15 -1 -1 -1 -1
Evo 1.00 0.00 1.00 0.99 1.00 1.00 1.00 0.12 0.00 0.09 0.06 0.21 -1 143
Result 0 0.0 2000 0.44 0.18 0.17 0.11 0.18 0.19 0.17 -1 -1 -1 -1
Evo 1.00 0.00 1.00 0.99 1.00 1.00 1.00 0.12 0.00 0.09 0.15 0.31 -1 617
Result 0 0.0 2000 0.42 0.16 0.18 0.17 0.16 0.15 0.17 -1 -1 -1 -1
Evo 1.00 0.00 1.00 0.99 1.00 1.00 1.00 0.12 0.00 0.09 0.21 0.57 -1 1276
Result 0 0.0 2000 0.43 0.17 0.17 0.17 0.17 0.17 0.16 -1 -1 -1 -1
Evo 1.00 0.00 1.00 0.99 1.00 1.00 1.00 0.12 0.00 0.09 0.23 0.38 -1 246
Result 0 0.0 2000 0.42 0.18 0.16 0.17 0.15 0.17 0.17 -1 -1 -1 -1
Evo 1.00 0.00 1.00 0.99 1.00 1.00 1.00 0.12 0.00 0.09 0.23 0.36 -1 272
Result 0 0.0 2000 0.43 0.17 0.17 0.16 0.16 0.17 0.18 -1 -1 -1 -1
Evo 1.00 0.00 1.00 0.99 1.00 1.00 1.00 0.12 0.00 0.09 0.24 0.48 -1 717
Result 0 0.0 2000 0.41 0.16 0.18 0.17 0.15 0.16 0.18 -1 -1 -1 -1
Evo 1.00 0.00 1.00 0.99 1.00 1.00 1.00 0.12 0.00 0.09 0.13 0.39 -1 1202
Result 0 0.0 2000 0.43 0.17 0.17 0.17 0.17 0.15 0.18 -1 -1 -1 -1
Evo 1.00 0.00 1.00 0.99 1.00 1.00 1.00 0.12 0.00 0.09 0.17 0.34 -1 410
Result 0 0.0 2000 0.43 0.17 0.19 0.17 0.17 0.16 0.14 -1 -1 -1 -1
Evo 1.00 0.00 1.00 0.99 1.00 1.00 1.00 0.12 0.00 0.09 0.21 0.38 -1 920
Result 0 0.0 2000 0.43 0.17 0.16 0.17 0.18 0.16 0.17 -1 -1 -1 -1
Evo 1.00 0.00 1.00 0.99 1.00 1.00 1.00 0.12 0.00 0.09 0.23 0.45 -1 639
Result 0 0.0 2000 0.44 0.17 0.18 0.15 0.17 0.16 0.17 -1 -1 -1 -1
Evo 1.00 0.00 1.00 0.99 1.00 1.00 1.00 0.12 0.00 0.09 0.18 0.36 -1 484
Result 0 0.0 2000 0.44 0.15 0.17 0.16 0.17 0.17 0.17 -1 -1 -1 -1
Evo 1.00 0.00 1.00 0.99 1.00 1.00 1.00 0.10 0.00 0.07 0.19 0.44 -1 795
Result 0 0.0 1990 0.42 0.16 0.17 0.15 0.17 0.18 0.18 -1 -1 -1 -1
Evo 1.00 0.00 1.00 0.99 1.00 1.00 1.00 0.12 0.00 0.09 0.21 0.35 -1 884
Result 0 0.0 2000 0.42 0.17 0.18 0.17 0.16 0.15 0.16 -1 -1 -1 -1
Evo 1.00 0.00 1.00 0.99 1.00 1.00 1.00 0.12 0.00 0.09 0.16 0.36 -1 967
Result 0 0.0 2000 0.41 0.17 0.17 0.19 0.15 0.15 0.16 -1 -1 -1 -1
Evo 1.00 0.00 1.00 0.99 1.00 1.00 1.00 0.12 0.00 0.09 0.14 0.39 -1 736
Result 0 0.0 2000 0.41 0.15 0.18 0.16 0.17 0.17 0.17 -1 -1 -1 -1
Evo 1.00 0.00 1.00 0.99 1.00 1.00 1.00 0.12 0.00 0.09 0.09 0.31 -1 1827
Result 0 0.0 2000 0.43 0.18 0.17 0.17 0.16 0.17 0.15 -1 -1 -1 -1
Evo 1.00 0.00 1.00 0.99 1.00 1.00 1.00 0.12 0.00 0.09 0.20 0.39 -1 871
Result 0 0.0 2000 0.43 0.16 0.16 0.16 0.19 0.15 0.17 -1 -1 -1 -1
Evo 1.00 0.00 1.00 0.99 1.00 1.00 1.00 0.12 0.00 0.09 0.26 0.41 -1 1
Result 0 0.0 2000 0.42 0.16 0.16 0.17 0.16 0.18 0.17 -1 -1 -1 -1
Evo 1.00 0.00 1.00 0.99 1.00 1.00 1.00 0.12 0.00 0.09 0.32 0.41 -1 2
Result 0 0.0 2000 0.43 0.17 0.17 0.17 0.17 0.16 0.16 -1 -1 -1 -1
Evo 1.00 0.00 1.00 0.99 1.00 1.00 1.00 0.12 0.00 0.09 0.26 0.40 -1 2
Result 0 0.0 2000 0.43 0.19 0.19 0.15 0.17 0.15 0.16 -1 -1 -1 -1
Evo 1.00 0.00 1.00 0.99 1.00 1.00 1.00 0.12 0.00 0.09 0.21 0.32 -1 2
Result 0 0.0 2000 0.44 0.17 0.16 0.16 0.17 0.17 0.17 -1 -1 -1 -1
Evo 1.00 0.00 1.00 0.99 1.00 1.00 1.00 0.12 0.00 0.09 0.28 0.41 -1 0
Result 0 0.0 2000 0.44 0.17 0.17 0.18 0.15 0.16 0.16 -1 -1 -1 -1
Evo 1.00 0.00 1.00 0.99 1.00 1.00 1.00 0.12 0.00 0.09 0.32 0.41 -1 0
Result 0 0.0 2000 0.44 0.16 0.18 0.18 0.18 0.15 0.15 -1 -1 -1 -1
Evo 1.00 0.00 1.00 0.99 1.00 1.00 1.00 0.12 0.00 0.09 0.25 0.41 -1 3
Result 0 0.0 2000 0.44 0.18 0.17 0.16 0.17 0.16 0.16 -1 -1 -1 -1
Evo 1.00 0.00 1.00 0.99 1.00 1.00 1.00 0.12 0.00 0.09 0.30 0.41 -1 1
Result 0 0.0 2000 0.43 0.17 0.17 0.18 0.17 0.15 0.17 -1 -1 -1 -1
Evo 1.00 0.00 1.00 0.99 1.00 1.00 1.00 0.12 0.00 0.09 0.25 0.34 -1 0
Result 0 0.0 2000 0.44 0.16 0.18 0.16 0.17 0.17 0.17 -1 -1 -1 -1
Evo 1.00 0.00 1.00 0.99 1.00 1.00 1.00 0.12 0.00 0.09 0.18 0.39 -1 0
Result 0 0.0 2000 0.44 0.15 0.17 0.18 0.18 0.15 0.17 -1 -1 -1 -1
Evo 1.00 0.00 1.00 0.99 1.00 1.00 1.00 0.12 0.00 0.09 0.22 0.33 -1 5
Result 0 0.0 2000 0.42 0.16 0.18 0.17 0.15 0.18 0.18 -1 -1 -1 -1
Evo 1.00 0.00 1.00 0.99 1.00 1.00 1.00 0.12 0.00 0.09 0.19 0.37 -1 3
Result 0 0.0 2000 0.43 0.15 0.18 0.15 0.16 0.19 0.17 -1 -1 -1 -1
Evo 1.00 0.00 1.00 0.99 1.00 1.00 1.00 0.12 0.00 0.09 0.30 0.41 -1 5
Result 0 0.0 2000 0.42 0.16 0.17 0.17 0.16 0.16 0.17 -1 -1 -1 -1
Evo 1.00 0.00 1.00 1.00 1.00 1.00 1.00 0.04 0.00 0.01 0.28 0.41 -1 83
Result 0 0.0 1973 0.42 0.17 0.16 0.18 0.16 0.16 0.16 -1 -1 -1 -1
Evo 1.00 0.00 1.00 0.99 1.00 1.00 1.00 0.12 0.00 0.09 0.23 0.32 -1 4
Result 0 0.0 2000 0.42 0.16 0.17 0.15 0.17 0.17 0.18 -1 -1 -1 -1
Evo 1.00 0.00 1.00 0.99 1.00 1.00 1.00 0.12 0.00 0.09 0.25 0.41 -1 5
Result 0 0.0 2000 0.44 0.17 0.18 0.18 0.15 0.15 0.17 -1 -1 -1 -1
Evo 1.00 0.00 1.00 1.00 1.00 1.00 1.00 0.06 0.00 0.03 0.14 0.41 -1 0
Result 0 0.0 966 0.42 0.15 0.16 0.20 0.18 0.14 0.16 -1 -1 -1 -1
Evo 1.00 0.00 1.00 0.99 1.00 1.00 1.00 0.12 0.00 0.09 0.18 0.39 -1 1
Result 0 0.0 2000 0.42 0.18 0.16 0.15 0.15 0.18 0.17 -1 -1 -1 -1
Evo 1.00 0.00 1.00 0.99 1.00 1.00 1.00 0.12 0.00 0.09 0.27 0.41 -1 4
Result 0 0.0 2000 0.43 0.16 0.17 0.16 0.17 0.19 0.16 -1 -1 -1 -1
Evo 1.00 0.00 1.00 0.99 1.00 1.00 1.00 0.12 0.00 0.09 0.23 0.41 -1 0
Result 0 0.0 2000 0.42 0.18 0.16 0.17 0.17 0.17 0.15 -1 -1 -1 -1
