Evo 53.40 0.93 1000000.48 169528.31 1.61 1.62 25642.43 354858.07 55419.52 0.13 0.15 0.19 -1 -1
Result 1 2.0 40 0.48 0.15 0.20 0.17 0.27 0.22 -1 -1 -1 -1 -1
Evo 66.70 0.83 1000000.45 31947.80 1.62 1.62 1.62 143478.11 8898.13 0.03 0.15 0.18 -1 -1
Result 1 2.0 259 0.46 0.22 0.21 0.20 0.17 0.20 -1 -1 -1 -1 -1
Evo 46.93 0.77 999999.71 242991.02 1.62 1.62 104478.87 402546.62 73494.62 0.16 0.15 0.19 -1 -1
Result 1 2.0 29 0.51 0.17 0.20 0.13 0.23 0.27 -1 -1 -1 -1 -1
Evo 57.36 0.98 999999.99 153387.19 1.62 1.62 1.62 331812.96 37331.87 0.08 0.15 0.19 -1 -1
Result 1 2.0 78 0.53 0.24 0.09 0.16 0.16 0.34 -1 -1 -1 -1 -1
Evo 38.64 0.72 999999.83 250609.63 1.48 1.62 500000.68 365787.39 71736.81 0.18 0.15 0.19 -1 -1
Result 1 2.0 25 0.53 0.27 -1 0.12 0.27 0.35 -1 -1 -1 -1 -1
Evo 67.50 0.92 999999.87 35037.47 1.62 1.62 1.62 166806.74 9006.72 0.02 0.15 0.19 -1 -1
Result 1 2.0 342 0.47 0.26 0.17 0.20 0.16 0.21 -1 -1 -1 -1 -1
Evo 65.97 0.68 1000000.34 50434.85 1.62 1.62 1.62 207313.18 19589.25 0.06 0.15 0.19 -1 -1
Result 1 2.0 111 0.50 0.23 0.16 0.13 0.21 0.26 -1 -1 -1 -1 -1
Evo 56.22 0.91 999999.99 109180.65 1.61 1.62 1.62 277013.07 44937.45 0.14 0.15 0.18 -1 -1
Result 1 2.0 37 0.51 0.13 0.11 0.24 0.26 0.26 -1 -1 -1 -1 -1
Evo 42.36 0.89 1000000.39 282568.48 1.61 1.62 747748.50 415026.60 81393.41 0.18 0.15 0.19 -1 -1
Result 1 2.0 25 0.52 0.12 0.15 0.08 0.35 0.31 -1 -1 -1 -1 -1
Evo 64.31 0.96 1000000.53 49207.95 1.62 1.62 1.62 200853.45 21171.81 0.07 0.15 0.19 -1 -1
Result 1 2.0 89 0.52 0.18 0.18 0.18 0.18 0.29 -1 -1 -1 -1 -1
Evo 53.25 0.92 999999.90 166638.87 1.62 1.62 1.62 333566.95 44182.02 0.10 0.15 0.19 -1 -1
Result 1 2.0 56 0.51 0.16 0.21 0.12 0.23 0.28 -1 -1 -1 -1 -1
Evo 44.35 0.82 999999.79 252797.12 1.61 1.62 400001.06 385310.05 78651.08 0.19 0.15 0.19 -1 -1
Result 1 2.0 23 0.52 0.04 0.17 0.13 0.21 0.46 -1 -1 -1 -1 -1
Evo 65.69 0.73 999999.93 44157.11 1.62 1.62 1.62 177037.83 13051.40 0.04 0.15 0.19 -1 -1
Result 1 2.0 183 0.50 0.22 0.17 0.20 0.16 0.24 -1 -1 -1 -1 -1
Evo 55.55 0.81 1000000.57 138488.84 1.61 1.62 1.62 318728.79 48605.68 0.13 0.15 0.19 -1 -1
Result 1 2.0 42 0.50 0.21 0.19 0.14 0.21 0.26 -1 -1 -1 -1 -1
Evo 66.62 0.90 1000000.46 31921.26 1.62 1.62 1.62 153374.81 9404.01 0.03 0.15 0.19 -1 -1
Result 1 2.0 265 0.46 0.20 0.18 0.18 0.24 0.19 -1 -1 -1 -1 -1
Evo 65.48 0.72 1000000.44 34146.43 1.62 1.62 1.62 169392.91 13519.03 0.05 0.15 0.19 -1 -1
Result 1 2.0 156 0.50 0.18 0.18 0.20 0.20 0.24 -1 -1 -1 -1 -1
Evo 68.75 0.84 999999.87 18952.40 1.62 1.62 1.62 122267.33 6867.22 0.03 0.15 0.19 -1 -1
Result 1 2.0 316 0.47 0.23 0.20 0.20 0.17 0.21 -1 -1 -1 -1 -1
Evo 54.67 0.72 1000000.27 143479.21 1.61 1.62 1.62 302507.02 47830.56 0.13 0.15 0.19 -1 -1
Result 1 2.0 39 0.51 0.10 0.08 0.13 0.43 0.28 -1 -1 -1 -1 -1
Evo 59.36 0.83 1000000.32 103146.23 1.61 1.62 1.62 259301.33 34650.60 0.10 0.15 0.19 -1 -1
Result 1 2.0 55 0.52 0.14 0.21 0.16 0.18 0.30 -1 -1 -1 -1 -1
Evo 37.96 0.79 1000000.43 307787.49 1.62 1.62 655172.88 386484.19 75795.78 0.18 0.15 0.19 -1 -1
Result 1 2.0 25 0.53 0.04 0.23 0.15 0.19 0.38 -1 -1 -1 -1 -1
Evo 68.95 1.17 999999.99 18256.38 1.62 1.62 1.62 119581.46 6419.47 0.02 0.09 0.10 -1 -1
Result 1 2.0 346 0.49 0.17 0.19 0.19 0.21 0.23 -1 -1 -1 -1 -1
Evo 67.61 1.03 1000000.06 29347.28 1.62 1.62 1.62 148264.41 7687.15 0.02 0.09 0.10 -1 -1
Result 1 2.0 371 0.49 0.19 0.17 0.21 0.19 0.24 -1 -1 -1 -1 -1
Evo 69.66 1.10 999999.86 11595.75 1.62 1.62 1.62 99476.06 3963.22 0.01 0.09 0.10 -1 -1
Result 1 2.0 629 0.46 0.20 0.18 0.20 0.23 0.20 -1 -1 -1 -1 -1
Evo 68.63 1.11 999999.79 23421.55 1.62 1.62 1.62 137500.04 7267.10 0.02 0.09 0.11 -1 -1
Result 1 2.0 357 0.48 0.19 0.18 0.20 0.21 0.22 -1 -1 -1 -1 -1
Evo 57.38 1.07 1000000.43 139551.14 1.62 1.62 1.62 302087.26 36367.03 0.09 0.09 0.10 -1 -1
Result 1 2.0 68 0.42 0.17 0.12 0.23 0.16 0.32 -1 -1 -1 -1 -1
Evo 69.78 1.12 999999.63 10345.99 1.62 1.62 1.62 91034.71 3453.14 0.01 0.09 0.11 -1 -1
Result 1 2.0 694 0.46 0.20 0.19 0.20 0.22 0.20 -1 -1 -1 -1 -1
Evo 69.16 1.10 1000000.56 14772.82 1.62 1.62 1.62 101963.45 3464.86 0.01 0.09 0.11 -1 -1
Result 1 2.0 865 0.46 0.19 0.21 0.19 0.21 0.20 -1 -1 -1 -1 -1
Evo 64.99 1.04 1000000.60 70092.50 1.62 1.62 1.62 228288.42 19090.44 0.05 0.09 0.11 -1 -1
Result 1 2.0 142 0.49 0.19 0.18 0.16 0.24 0.23 -1 -1 -1 -1 -1
Evo 65.97 0.90 1000000.23 46012.83 1.62 1.62 1.62 186841.62 12214.22 0.03 0.09 0.11 -1 -1
Result 1 2.0 233 0.48 0.22 0.20 0.18 0.19 0.22 -1 -1 -1 -1 -1
Evo 66.31 1.11 999999.98 49193.76 1.62 1.62 1.62 200994.68 17298.87 0.05 0.09 0.11 -1 -1
Result 1 2.0 134 0.49 0.14 0.23 0.19 0.21 0.23 -1 -1 -1 -1 -1
Evo 69.93 0.94 1000000.13 8399.71 1.62 1.62 1.62 82131.44 2768.65 0.01 0.09 0.11 -1 -1
Result 1 2.0 879 0.47 0.20 0.19 0.21 0.20 0.20 -1 -1 -1 -1 -1
Evo 69.34 1.01 1000000.17 13657.84 1.62 1.62 1.62 105935.62 4129.80 0.01 0.09 0.11 -1 -1
Result 1 2.0 657 0.48 0.21 0.19 0.17 0.21 0.22 -1 -1 -1 -1 -1
Evo 69.30 1.11 1000000.08 15572.14 1.62 1.62 1.62 113847.00 3801.24 0.01 0.09 0.11 -1 -1
Result 1 2.0 896 0.48 0.19 0.20 0.20 0.20 0.22 -1 -1 -1 -1 -1
Evo 69.38 0.90 999999.87 10284.28 1.62 1.62 1.62 93278.74 4017.80 0.02 0.09 0.11 -1 -1
Result 1 2.0 538 0.46 0.19 0.19 0.21 0.21 0.19 -1 -1 -1 -1 -1
Evo 69.84 1.01 1000000.57 8351.02 1.62 1.62 1.62 76532.55 2247.07 0.01 0.09 0.11 -1 -1
Result 1 2.0 1159 0.45 0.19 0.21 0.21 0.20 0.18 -1 -1 -1 -1 -1
Evo 64.82 1.03 1000000.51 62806.60 1.62 1.62 1.62 218728.30 20308.41 0.06 0.09 0.11 -1 -1
Result 1 2.0 115 0.51 0.21 0.16 0.16 0.20 0.28 -1 -1 -1 -1 -1
Evo 66.24 1.08 1000000.33 38104.40 1.62 1.62 1.62 167376.05 14095.61 0.05 0.09 0.10 -1 -1
Result 1 2.0 140 0.52 0.19 0.16 0.14 0.22 0.28 -1 -1 -1 -1 -1
Evo 68.07 1.13 1000000.39 31718.76 1.62 1.62 1.62 167217.26 10908.05 0.03 0.09 0.10 -1 -1
Result 1 2.0 234 0.45 0.20 0.18 0.22 0.22 0.19 -1 -1 -1 -1 -1
Evo 69.55 1.06 1000000.42 10326.41 1.62 1.62 1.62 88092.13 3866.82 0.02 0.09 0.11 -1 -1
Result 1 2.0 518 0.45 0.22 0.24 0.17 0.19 0.18 -1 -1 -1 -1 -1
Evo 67.18 1.07 999999.74 31774.59 1.62 1.62 1.62 150906.12 8892.23 0.03 0.09 0.11 -1 -1
Result 1 2.0 287 0.48 0.19 0.23 0.16 0.22 0.21 -1 -1 -1 -1 -1
Evo 71.63 -999999.94 1.62 -6994.89 1.62 1.62 1.62 83372.89 1863.81 0.01 0.05 0.07 -1 -1
Result 0 1.0 2000 0.46 0.21 0.20 0.21 0.19 0.20 -1 -1 -1 -1 -1
Evo 71.73 -1000000.07 55556.93 -6967.13 1.62 1.62 1.62 83384.48 1864.07 0.01 0.05 0.08 -1 -1
Result 0 1.0 2000 0.46 0.20 0.20 0.20 0.20 0.19 -1 -1 -1 -1 -1
Evo 68.84 1.22 999999.80 18448.37 1.62 1.62 1.62 117186.52 5918.81 0.02 0.07 0.08 -1 -1
Result 1 2.0 391 0.46 0.24 0.18 0.17 0.21 0.20 -1 -1 -1 -1 -1
Evo 68.12 1.17 999999.80 33083.20 1.62 1.62 1.62 162552.34 9464.16 0.03 0.07 0.08 -1 -1
Result 1 2.0 294 0.50 0.17 0.19 0.17 0.22 0.24 -1 -1 -1 -1 -1
Evo 68.90 1.24 1000000.56 17009.73 1.62 1.62 1.62 108923.09 4749.27 0.02 0.07 0.08 -1 -1
Result 1 2.0 525 0.48 0.21 0.21 0.17 0.20 0.22 -1 -1 -1 -1 -1
Evo 67.08 1.20 1000000.50 42770.51 1.62 1.62 1.62 183880.42 12780.57 0.04 0.07 0.08 -1 -1
Result 1 2.0 206 0.47 0.15 0.22 0.16 0.26 0.21 -1 -1 -1 -1 -1
Evo 65.36 1.17 999999.98 52856.03 1.62 1.62 1.62 190753.22 11319.12 0.03 0.07 0.08 -1 -1
Result 1 2.0 283 0.48 0.18 0.20 0.20 0.20 0.21 -1 -1 -1 -1 -1
Evo 67.50 1.05 1000000.40 32723.98 1.62 1.62 1.62 153589.77 9066.12 0.03 0.07 0.08 -1 -1
Result 1 2.0 286 0.49 0.21 0.14 0.21 0.20 0.24 -1 -1 -1 -1 -1
Evo 70.15 1.17 999999.65 6355.03 1.62 1.62 1.62 72536.06 1904.23 0.01 0.07 0.08 -1 -1
Result 1 2.0 1450 0.46 0.19 0.22 0.20 0.20 0.19 -1 -1 -1 -1 -1
Evo 68.51 1.28 1000000.39 19599.78 1.61 1.62 1.62 122197.07 6666.40 0.02 0.07 0.08 -1 -1
Result 1 2.0 335 0.49 0.21 0.19 0.16 0.20 0.24 -1 -1 -1 -1 -1
Evo 69.03 1.20 1000000.59 20616.53 1.62 1.62 1.62 130195.87 6509.79 0.02 0.07 0.08 -1 -1
Result 1 2.0 399 0.48 0.18 0.18 0.23 0.19 0.22 -1 -1 -1 -1 -1
Evo 68.02 1.17 999999.87 32808.24 1.62 1.62 1.62 160852.39 11207.12 0.04 0.07 0.08 -1 -1
Result 1 2.0 205 0.49 0.18 0.17 0.16 0.25 0.24 -1 -1 -1 -1 -1
Evo 69.22 1.22 999999.69 16910.48 1.62 1.62 1.62 116606.79 4981.20 0.02 0.07 0.08 -1 -1
Result 1 2.0 547 0.46 0.22 0.20 0.21 0.19 0.19 -1 -1 -1 -1 -1
Evo 68.03 1.26 1000000.06 30458.52 1.62 1.62 1.62 153375.78 10069.61 0.03 0.07 0.08 -1 -1
Result 1 2.0 231 0.48 0.13 0.21 0.19 0.25 0.22 -1 -1 -1 -1 -1
Evo 70.34 1.19 1000000.33 3952.26 1.62 1.62 1.62 56198.48 1638.78 0.01 0.07 0.08 -1 -1
Result 1 2.0 1175 0.47 0.22 0.18 0.20 0.19 0.21 -1 -1 -1 -1 -1
Evo 67.75 1.24 999999.77 29693.80 1.62 1.62 1.62 156413.72 11562.44 0.04 0.07 0.08 -1 -1
Result 1 2.0 182 0.47 0.20 0.16 0.20 0.23 0.21 -1 -1 -1 -1 -1
Evo 68.91 1.24 1000000.05 16235.70 1.62 1.62 1.62 106284.03 5274.79 0.02 0.07 0.08 -1 -1
Result 1 2.0 405 0.49 0.19 0.21 0.20 0.18 0.23 -1 -1 -1 -1 -1
Evo 63.93 1.17 1000000.51 68753.53 1.62 1.62 1.62 224311.98 18254.25 0.05 0.07 0.08 -1 -1
Result 1 2.0 150 0.51 0.15 0.21 0.17 0.21 0.28 -1 -1 -1 -1 -1
Evo 66.19 1.21 999999.63 46262.10 1.62 1.62 1.62 187530.58 14135.65 0.04 0.07 0.08 -1 -1
Result 1 2.0 175 0.51 0.18 0.19 0.18 0.18 0.27 -1 -1 -1 -1 -1
Evo 69.48 1.19 999999.91 12719.53 1.62 1.62 1.62 101987.50 4533.90 0.02 0.07 0.08 -1 -1
Result 1 2.0 505 0.47 0.20 0.23 0.21 0.16 0.21 -1 -1 -1 -1 -1
Evo 70.41 -1000000.07 4.62 -7546.62 4.58 4.61 4.62 83532.08 1867.37 0.01 0.21 0.24 -1 -1
Result 0 4.0 2000 0.46 0.19 0.20 0.20 0.20 0.21 -1 -1 -1 -1 -1
Evo 70.33 -1000000.19 4.62 -7776.29 4.61 4.62 4.62 83529.24 1867.30 0.01 0.21 0.24 -1 -1
Result 0 4.0 2000 0.46 0.20 0.20 0.20 0.19 0.21 -1 -1 -1 -1 -1
Evo 69.85 -1000000.08 4.62 -8244.46 4.58 4.61 4.62 83711.81 1871.39 0.01 0.21 0.25 -1 -1
Result 0 4.0 2000 0.46 0.21 0.19 0.20 0.20 0.20 -1 -1 -1 -1 -1
Evo 70.07 -1000000.10 4.62 -7740.63 4.58 4.61 4.62 83571.93 1868.26 0.01 0.21 0.24 -1 -1
Result 0 4.0 2000 0.46 0.21 0.20 0.20 0.19 0.20 -1 -1 -1 -1 -1
Evo 69.80 -1000000.19 4.62 -8268.22 4.58 4.61 4.62 83696.89 1871.05 0.01 0.21 0.24 -1 -1
Result 0 4.0 2000 0.46 0.20 0.20 0.20 0.19 0.20 -1 -1 -1 -1 -1
Evo 55.44 -873416.61 4.62 -97211.28 0.61 4.60 4.62 219269.27 11962.12 0.02 0.21 0.25 -1 -1
Result 0 4.0 335 0.47 0.21 0.19 0.17 0.21 0.22 -1 -1 -1 -1 -1
Evo 56.70 -999999.82 999999.97 -50991.33 1.54 4.61 4.62 256680.73 12915.01 0.02 0.26 0.27 -1 -1
Result 1 5.0 394 0.44 0.18 0.23 0.19 0.17 0.23 -1 -1 -1 -1 -1
Evo 71.09 -999999.98 4.62 -7043.98 4.62 4.62 4.62 83377.29 1863.91 0.01 0.21 0.24 -1 -1
Result 0 4.0 2000 0.47 0.19 0.21 0.18 0.20 0.22 -1 -1 -1 -1 -1
Evo 69.69 -999999.99 4.62 -9150.80 4.58 4.61 4.62 84078.09 1879.57 0.01 0.21 0.24 -1 -1
Result 0 4.0 2000 0.46 0.21 0.20 0.19 0.19 0.20 -1 -1 -1 -1 -1
Evo 69.83 -999999.84 4.62 -8600.92 4.58 4.61 4.62 83842.86 1874.31 0.01 0.21 0.24 -1 -1
Result 0 4.0 2000 0.46 0.19 0.21 0.19 0.21 0.19 -1 -1 -1 -1 -1
Evo 69.84 -999999.88 4.62 -8558.47 4.58 4.61 4.62 83926.50 1876.18 0.01 0.21 0.25 -1 -1
Result 0 4.0 2000 0.46 0.21 0.19 0.20 0.20 0.20 -1 -1 -1 -1 -1
Evo 71.22 -1000000.16 4.62 -7076.88 4.62 4.62 4.62 83405.90 1864.55 0.01 0.21 0.24 -1 -1
Result 0 4.0 2000 0.46 0.22 0.19 0.19 0.20 0.21 -1 -1 -1 -1 -1
Evo 69.43 -1000000.12 4.62 -8127.92 4.58 4.61 4.62 80874.47 1808.41 0.01 0.21 0.24 -1 -1
Result 0 4.0 1999 0.46 0.19 0.21 0.21 0.20 0.20 -1 -1 -1 -1 -1
Evo 70.14 -1000000.09 4.62 -8115.70 4.58 4.61 4.62 83625.80 1869.46 0.01 0.21 0.24 -1 -1
Result 0 4.0 2000 0.45 0.21 0.20 0.20 0.18 0.20 -1 -1 -1 -1 -1
Evo 67.52 -714283.97 4.62 -9960.05 4.61 4.62 4.62 62606.34 2235.94 0.01 0.21 0.25 -1 -1
Result 0 4.0 783 0.47 0.18 0.20 0.21 0.20 0.22 -1 -1 -1 -1 -1
Evo 69.64 -1000000.02 4.62 -8043.33 4.58 4.62 4.62 83662.65 1870.29 0.01 0.21 0.24 -1 -1
Result 0 4.0 2000 0.45 0.20 0.21 0.19 0.19 0.20 -1 -1 -1 -1 -1
Evo 67.63 -924242.11 4.62 -21107.10 4.61 4.62 4.62 114065.47 3360.69 0.01 0.21 0.24 -1 -1
Result 0 4.0 1151 0.45 0.19 0.22 0.18 0.19 0.22 -1 -1 -1 -1 -1
Evo 70.16 -999999.98 4.62 -8060.10 4.60 4.62 4.62 83779.53 1872.90 0.01 0.22 0.25 -1 -1
Result 0 4.0 2000 0.47 0.20 0.21 0.19 0.19 0.21 -1 -1 -1 -1 -1
Evo 57.48 -899999.49 999999.84 -49892.12 2.70 4.61 4.62 186776.93 8737.06 0.02 0.26 0.27 -1 -1
Result 1 5.0 456 0.47 0.18 0.19 0.20 0.19 0.24 -1 -1 -1 -1 -1
Evo 63.19 -955664.27 4.62 -42817.55 4.54 4.61 4.62 159342.55 6005.45 0.01 0.21 0.24 -1 -1
Result 0 4.0 703 0.46 0.18 0.21 0.19 0.20 0.21 -1 -1 -1 -1 -1
Evo 50.61 -69764.19 1000000.39 67225.64 3.58 3.62 3.71 214609.62 18968.99 0.05 0.09 0.13 -1 -1
Result 1 4.0 127 0.42 0.18 0.17 0.23 0.27 0.16 -1 -1 -1 -1 -1
Evo 46.90 -99995.82 1000000.28 49744.09 3.66 4.57 4.62 218410.70 22062.81 0.07 0.10 0.13 -1 -1
Result 1 5.0 97 0.41 0.17 0.16 0.29 0.22 0.15 -1 -1 -1 -1 -1
Evo 47.81 -62496.77 1000000.42 81865.78 3.60 3.62 3.87 243304.86 18771.38 0.04 0.10 0.14 -1 -1
Result 1 4.0 167 0.38 0.26 0.17 0.24 0.19 0.13 -1 -1 -1 -1 -1
Evo 45.53 -66663.20 1000000.12 80673.84 3.60 3.64 3.91 239584.61 25115.29 0.07 0.10 0.13 -1 -1
Result 1 4.0 90 0.43 0.12 0.13 0.29 0.30 0.16 -1 -1 -1 -1 -1
Evo 40.58 -99996.66 1000000.10 73931.28 2.76 3.55 3.72 242714.65 22535.49 0.06 0.10 0.14 -1 -1
Result 1 4.0 115 0.48 0.16 0.20 0.31 0.22 0.12 -1 -1 -1 -1 -1
Evo 53.23 -85103.20 1000000.20 42691.89 3.54 3.61 3.67 199051.08 16252.45 0.05 0.10 0.14 -1 -1
Result 1 4.0 149 0.51 0.18 0.17 0.21 0.27 0.17 -1 -1 -1 -1 -1
Evo 41.82 -106379.73 1000000.41 78998.39 3.54 3.62 3.80 250514.98 21887.60 0.05 0.10 0.13 -1 -1
Result 1 4.0 130 0.46 0.28 0.14 0.24 0.19 0.15 -1 -1 -1 -1 -1
Evo 57.54 -18863.61 999999.98 73103.02 4.60 4.62 4.62 232471.10 17989.15 0.04 0.10 0.13 -1 -1
Result 1 5.0 166 0.49 0.16 0.19 0.23 0.23 0.20 -1 -1 -1 -1 -1
Evo 45.22 -159087.65 1000000.08 29139.22 3.54 3.62 3.71 164936.39 13939.67 0.05 0.10 0.13 -1 -1
Result 1 4.0 139 0.46 0.25 0.15 0.23 0.18 0.19 -1 -1 -1 -1 -1
Evo 45.73 -88885.66 999999.98 80970.86 3.18 3.61 3.74 245495.77 22317.80 0.06 0.10 0.14 -1 -1
Result 1 4.0 120 0.43 0.21 0.19 0.24 0.17 0.19 -1 -1 -1 -1 -1
Evo 47.68 -66664.09 1000000.10 93279.74 2.62 2.67 3.41 269195.25 24472.30 0.06 0.09 0.15 -1 -1
Result 1 3.0 120 0.49 0.11 0.21 0.27 0.24 0.17 -1 -1 -1 -1 -1
Evo 50.90 -68961.25 999999.66 62668.05 4.49 4.62 4.62 217768.59 21151.56 0.06 0.10 0.14 -1 -1
Result 1 5.0 105 0.44 0.15 0.14 0.31 0.18 0.22 -1 -1 -1 -1 -1
Evo 49.82 -57138.61 999999.87 46774.30 4.09 4.60 4.62 200444.37 19750.37 0.06 0.10 0.13 -1 -1
Result 1 5.0 102 0.47 0.23 0.15 0.26 0.20 0.16 -1 -1 -1 -1 -1
Evo 48.98 -180324.17 999999.68 40623.38 -21272.26 4.57 4.62 217912.39 19569.11 0.06 0.10 0.14 -1 -1
Result 1 5.0 123 0.45 0.19 0.22 0.25 0.19 0.15 -1 -1 -1 -1 -1
Evo 58.80 -68961.27 1000000.48 36831.84 4.57 4.62 4.62 170804.55 13719.35 0.05 0.10 0.14 -1 -1
Result 1 5.0 154 0.47 0.19 0.19 0.22 0.21 0.19 -1 -1 -1 -1 -1
Evo 48.71 -72723.10 1000000.02 26937.36 3.47 4.58 4.62 159548.14 13159.31 0.05 0.10 0.14 -1 -1
Result 1 5.0 146 0.46 0.14 0.20 0.24 0.19 0.22 -1 -1 -1 -1 -1
Evo 52.98 -66662.32 1000000.55 66953.77 4.48 4.60 4.62 234211.23 20385.47 0.05 0.10 0.13 -1 -1
Result 1 5.0 131 0.43 0.21 0.17 0.23 0.23 0.17 -1 -1 -1 -1 -1
Evo 50.42 -66663.15 1000000.23 45753.01 3.59 3.62 3.65 179495.12 11733.96 0.03 0.10 0.13 -1 -1
Result 1 4.0 233 0.48 0.21 0.16 0.24 0.18 0.22 -1 -1 -1 -1 -1
Evo 50.03 -152538.61 999999.96 44460.04 3.75 4.60 4.63 207745.55 21542.21 0.07 0.10 0.14 -1 -1
Result 1 5.0 92 0.47 0.17 0.17 0.31 0.20 0.14 -1 -1 -1 -1 -1
Evo 47.05 -108691.65 1000000.53 28846.82 -27022.51 4.58 4.62 190797.10 14676.70 0.04 0.10 0.15 -1 -1
Result 1 5.0 168 0.42 0.25 0.17 0.21 0.22 0.15 -1 -1 -1 -1 -1
