Result 1 1.0 1000 -1189163824
Result 1 10.0 1000 -575697329
Result 1 1.0 1000 1777291789
Result 1 1.0 1000 -942281655
Result 1 20.0 1000 -1576625510
Result 1 10.0 1000 -1535164731
Result 1 1.0 1000 392658929
Result 1 1.0 1000 1653230450
Result 1 1.0 1000 -396489706
Result 1 10.0 1000 1909164155
Result 1 1.0 1000 -45330416
Result 1 1.0 1000 1359942856
Result 1 1.0 1000 1577409979
Result 1 1.0 1000 -806367932
Result 1 1.0 1000 1118320131
Result 1 1.0 1000 -1255736279
Result 1 1.0 1000 327122593
Result 1 1.0 1000 543952102
Result 1 5.0 1000 -491294006
Result 1 1.0 1000 752220503
Result 1 1.0 1000 578181003
Result 1 1.0 1000 -1183751117
Result 1 10.0 1000 1261389627
Result 1 1.0 1000 397504176
Result 1 1.0 1000 39003070
Result 1 1.0 1000 1993716362
Result 1 1.0 1000 212924148
Result 1 1.0 1000 -1613425609
Result 1 1.0 1000 -1628462687
Result 1 1.0 1000 23182810
Result 1 1.0 1000 1800250205
Result 1 1.0 1000 1999726742
Result 1 10.0 1000 -1595781174
Result 1 1.0 1000 998053538
Result 1 1.0 1000 334809881
Result 1 1.0 1000 -909241239
Result 1 10.0 1000 96117737
Result 1 1.0 1000 -820449123
Result 1 1.0 1000 -1114430080
Result 1 1.0 1000 -443606234
Result 1 1.0 1000 1763430322
Result 1 1.0 1000 630038025
Result 1 1.0 1000 1421138468
Result 1 10.0 1000 275997834
Result 1 1.0 1000 -2139618751
Result 1 10.0 1000 1358431483
Result 1 10.0 1000 2032852264
Result 1 1.0 1000 -1083479239
Result 1 1.0 1000 -1979643330
Result 1 10.0 1000 1393691810
Result 1 1.0 1000 -710246443
Result 1 10.0 1000 2090916759
Result 1 1.0 1000 -1651088239
Result 1 1.0 1000 1419154437
Result 1 10.0 1000 1945956318
Result 1 10.0 1000 1772974642
Result 1 1.0 1000 1665084824
Result 1 10.0 1000 454721928
Result 1 10.0 1000 1757805870
Result 1 1.0 1000 1458042821
Result 1 20.0 1000 24304035
Result 1 1.0 1000 866337150
Result 1 1.0 1000 1435763977
Result 1 1.0 1000 -211367931
Result 1 1.0 1000 1919854175
Result 1 1.0 1000 -1798476955
Result 1 1.0 1000 -58810992
Result 1 1.0 1000 916715996
Result 1 1.0 1000 -1634422654
Result 1 1.0 1000 -933539
Result 1 1.0 1000 -2046414530
Result 1 1.0 1000 807455074
Result 1 1.0 1000 390619435
Result 1 10.0 1000 -1168047835
Result 1 1.0 1000 965645935
Result 1 10.0 1000 -653923739
Result 1 10.0 1000 1024690639
Result 1 1.0 1000 1704846621
Result 1 1.0 1000 833090855
Result 1 10.0 1000 -988999264
Result 1 10.0 1000 788189689
Result 1 10.0 1000 -923433601
Result 1 10.0 1000 -1784230317
Result 1 10.0 1000 1687163232
Result 1 1.0 1000 -1132155177
Result 1 1.0 1000 1137976581
Result 1 20.0 1000 1008036036
Result 1 1.0 1000 67993670
Result 1 1.0 1000 -2135465490
Result 1 10.0 1000 1122120723
Result 1 1.0 1000 1338211366
Result 1 1.0 1000 1628820716
Result 1 1.0 1000 693438238
Result 1 1.0 1000 2096189747
Result 1 10.0 1000 -1805862767
Result 1 1.0 1000 -1784927158
Result 1 1.0 1000 -1783408964
Result 1 20.0 1000 -747713718
Result 1 1.0 1000 1722374244
Result 1 1.0 1000 649204380
