Result 0 16.0 2000 -565748271
Result 0 20.0 2000 474356377
Result 0 13.0 2000 1714432686
Result 0 17.0 2000 270006476
Result 0 17.0 2000 -1535534294
Result 0 8.0 2000 -1249505337
Result 0 22.0 2000 554857241
Result 0 24.0 2000 -83315111
Result 0 17.0 2000 -1111595438
Result 0 8.0 1671 1658486510
Result 0 10.0 1451 -1037697717
Result 0 14.0 2000 239072469
Result 0 18.0 2000 219809631
Result 0 16.0 2000 -1577018602
Result 0 11.0 759 1160368038
Result 0 18.0 2000 -1944829082
Result 0 13.0 2000 1831373098
Result 0 23.0 2000 -1048807726
Result 0 28.0 2000 -63970740
Result 0 17.0 2000 190385061
Result 0 12.0 2000 1856370992
Result 0 15.0 2000 -832422383
Result 0 12.0 2000 827938706
Result 0 11.0 2000 -634359889
Result 0 23.0 2000 1853106924
Result 0 17.0 2000 -1837577249
Result 0 26.0 2000 1784326831
Result 0 18.0 2000 273102600
Result 0 11.0 2000 1670433884
Result 0 22.0 2000 -1587616454
Result 0 10.0 2000 999060375
Result 0 14.0 2000 1965888755
Result 0 13.0 2000 -1985049388
Result 0 22.0 2000 -1636872997
Result 0 35.0 2000 -333728338
Result 0 15.0 2000 528755614
Result 0 20.0 2000 96667151
Result 0 23.0 2000 902203092
Result 0 6.0 2000 -1715740477
Result 0 8.0 2000 1611965676
Result 0 20.0 2000 59872384
Result 0 23.0 2000 -1276086645
Result 0 33.0 2000 1833300476
Result 0 32.0 2000 1972527061
Result 0 27.0 2000 -1237824342
Result 0 28.0 2000 -1385247181
Result 0 31.0 2000 1213500552
Result 0 29.0 2000 280265931
Result 0 29.0 2000 -1876572230
Result 0 28.0 2000 1959524980
Result 0 27.0 2000 969397917
Result 0 19.0 863 1865023879
Result 0 28.0 2000 1617854875
Result 0 23.0 2000 -235707350
Result 0 11.0 423 -870095860
Result 0 29.0 2000 1087775952
Result 0 22.0 1003 1523524947
Result 0 27.0 2000 738817650
Result 0 31.0 2000 -1221009036
Result 0 30.0 2000 -1870328955
Result 0 5.0 1999 845050470
Result 0 8.0 2000 1596909310
Result 0 2.0 2000 804591757
Result 0 4.0 2000 -1127788817
Result 0 4.0 2000 -1368246093
Result 0 12.0 2000 2101662566
Result 0 8.0 2000 1201381943
Result 0 3.0 2000 1413197664
Result 0 5.0 2000 -1805700369
Result 0 11.0 2000 -1559869979
Result 0 9.0 2000 234232781
Result 0 12.0 2000 557657534
Result 0 3.0 2000 1059454393
Result 0 6.0 2000 2066399226
Result 0 3.0 2000 1586760910
Result 0 2.0 2000 -952999834
Result 0 2.0 2000 -1450548722
Result 0 1.0 2000 1055316847
Result 0 12.0 2000 -2060104353
Result 0 5.0 2000 217522220
Result 0 0.0 2000 748628173
Result 0 -1.0 1135 -818992480
Result 0 0.0 2000 -293730738
Result 0 4.0 2000 238354499
Result 0 6.0 2000 1614623756
Result 0 0.0 2000 1038968328
Result 0 2.0 2000 -2035795426
Result 0 29.0 2000 -1608596744
Result 0 6.0 2000 -970799161
Result 0 0.0 2000 448368680
Result 0 8.0 2000 -540288698
Result 0 -1.0 1923 -709254441
Result 0 0.0 2000 1391374575
Result 0 0.0 2000 -738096290
Result 0 28.0 2000 -1485138642
Result 0 0.0 2000 720958351
Result 0 0.0 2000 1184363285
Result 0 21.0 2000 319727612
Result 0 4.0 2000 -2105028653
Result 0 2.0 2000 1334331789
