Result 1 71.0 551 166656517
Result 1 70.0 602 1545189245
Result 1 78.0 597 -1467534401
Result 0 66.0 1011 793700933
Result 1 71.0 791 -67713130
Result 1 81.0 675 -299521577
Result 1 58.0 835 1475602194
Result 1 80.0 546 -24613114
Result 1 62.0 631 -743427026
Result 1 75.0 544 -245691692
Result 1 67.0 507 -1533366772
Result 1 69.0 720 -838544895
Result 1 73.0 543 -989900642
Result 1 69.0 580 -699452171
Result 1 68.0 618 -318224488
Result 1 63.0 589 1565218087
Result 1 68.0 547 1534152682
Result 1 69.0 526 -1478226742
Result 1 77.0 736 1690532635
Result 1 85.0 707 2028461023
Result 1 74.0 477 155614119
Result 1 64.0 953 -986629723
Result 1 65.0 652 1489002585
Result 1 68.0 475 -764613924
Result 1 78.0 546 363564598
Result 1 79.0 593 -385242213
Result 1 78.0 590 -1357987959
Result 1 75.0 632 -1851386819
Result 1 66.0 536 201152199
Result 1 74.0 710 -303717993
Result 1 59.0 776 -1558943842
Result 1 66.0 577 391747005
Result 1 71.0 464 -1997310609
Result 1 63.0 804 1759637529
Result 1 71.0 507 550666749
Result 1 80.0 506 761214471
Result 1 67.0 693 -1962284034
Result 1 66.0 590 1356887477
Result 1 74.0 439 -1147741222
Result 1 76.0 640 1584755824
Result 0 55.0 839 -1196548945
Result 1 80.0 727 2090055169
Result 1 65.0 555 1085573561
Result 1 60.0 694 -597396142
Result 1 71.0 604 -684029157
Result 1 73.0 539 2063526853
Result 1 77.0 581 -1550830911
Result 1 80.0 611 -1228495684
Result 1 77.0 615 -2094569517
Result 1 62.0 461 -327098744
Result 1 65.0 523 -1560802844
Result 1 76.0 673 -811055720
Result 1 59.0 542 -139826696
Result 1 57.0 587 -424490500
Result 1 72.0 564 -863247206
Result 1 67.0 610 -60274666
Result 1 69.0 795 -774577610
Result 1 74.0 658 -753200108
Result 1 72.0 553 -1149504911
Result 1 66.0 460 -1956689216
Result 1 40.0 458 686767883
Result 1 40.0 614 251962973
Result 1 43.0 601 1712144734
Result 1 40.0 522 -930488583
Result 1 40.0 484 -149869096
Result 1 40.0 468 792537766
Result 1 40.0 561 697703045
Result 1 40.0 398 804531663
Result 1 40.0 483 2037630389
Result 1 40.0 559 -734587890
Result 1 41.0 511 1276094571
Result 1 40.0 531 -1338004698
Result 1 40.0 515 -1650179468
Result 1 40.0 419 150283160
Result 1 40.0 561 -1245108163
Result 1 44.0 650 -297401360
Result 1 40.0 529 -1035608214
Result 1 40.0 521 2125581778
Result 1 41.0 575 -1396715663
Result 1 40.0 468 2082442186
Result 1 68.0 537 1076498949
Result 1 67.0 580 881360481
Result 1 64.0 618 -830489234
Result 1 63.0 688 951201496
Result 1 68.0 546 1030807134
Result 1 69.0 555 -1836648479
Result 1 67.0 566 1208873327
Result 1 54.0 778 -1358056585
Result 1 68.0 581 -1653710304
Result 1 65.0 588 -447957194
Result 1 67.0 617 1373085343
Result 1 53.0 502 1301751581
Result 1 68.0 554 -1772601241
Result 1 68.0 512 1988335179
Result 1 65.0 703 -429412922
Result 1 56.0 747 -4773976
Result 1 69.0 548 1140761075
Result 1 69.0 639 63871377
Result 1 66.0 522 1201654322
Result 1 65.0 662 1438171270
