Evo 1.02 0.00 1.00 0.28 0.00 0.00 1.00 0.45 0.06 0.52 0.03 0.06 -1 26
Result 0 4.0 52 0.47 0.11 0.21 0.11 0.21 0.25 0.11 -1 -1 -1 -1
Evo 1.00 0.00 1.00 0.90 1.00 1.00 1.00 0.29 0.01 0.22 0.24 0.34 -1 12
Result 0 42.0 752 0.43 0.15 0.17 0.19 0.16 0.16 0.17 -1 -1 -1 -1
Evo 1.00 0.00 1.00 0.87 1.00 1.00 1.00 0.34 0.02 0.17 0.06 0.08 -1 5
Result 0 12.0 254 0.45 0.15 0.18 0.13 0.17 0.19 0.18 -1 -1 -1 -1
Evo 1.01 0.00 1.00 0.84 1.00 1.00 1.00 0.37 0.04 0.28 0.04 0.07 -1 19
Result 0 11.0 78 0.46 0.16 0.19 0.15 0.14 0.15 0.20 -1 -1 -1 -1
Evo 1.00 0.00 1.00 0.91 1.00 1.00 1.00 0.28 0.02 0.13 0.10 0.14 -1 14
Result 0 18.0 202 0.41 0.15 0.15 0.15 0.21 0.15 0.18 -1 -1 -1 -1
Evo 1.00 0.00 1.00 0.88 1.00 1.00 1.00 0.33 0.02 0.02 0.12 0.15 -1 26
Result 0 14.0 443 0.44 0.17 0.18 0.17 0.17 0.17 0.15 -1 -1 -1 -1
Evo 1.00 0.00 1.00 0.88 1.00 1.00 1.00 0.32 0.02 0.03 0.12 0.20 -1 5
Result 0 24.0 310 0.45 0.18 0.18 0.16 0.18 0.17 0.14 -1 -1 -1 -1
Evo 1.00 0.00 1.00 0.87 1.00 1.00 1.00 0.34 0.02 0.46 0.11 0.22 -1 36
Result 0 22.0 326 0.47 0.13 0.21 0.19 0.15 0.17 0.15 -1 -1 -1 -1
Evo 1.00 0.00 1.00 0.86 1.00 1.00 1.00 0.35 0.02 0.13 0.13 0.17 -1 13
Result 0 23.0 325 0.46 0.14 0.19 0.19 0.17 0.15 0.16 -1 -1 -1 -1
Evo 1.00 0.00 1.00 0.86 1.00 1.00 1.00 0.35 0.02 0.25 0.14 0.25 -1 21
Result 0 20.0 391 0.44 0.18 0.17 0.15 0.14 0.16 0.20 -1 -1 -1 -1
Evo 1.01 0.00 1.00 0.88 1.00 1.00 1.00 0.33 0.03 0.21 0.08 0.19 -1 8
Result 0 11.0 146 0.46 0.16 0.20 0.15 0.17 0.15 0.18 -1 -1 -1 -1
Evo 1.00 0.00 1.00 0.87 1.00 1.00 1.00 0.33 0.02 0.11 0.16 0.25 -1 31
Result 0 29.0 417 0.41 0.17 0.15 0.17 0.19 0.15 0.17 -1 -1 -1 -1
Evo 1.01 0.00 1.00 0.79 1.00 1.00 1.00 0.41 0.05 0.17 0.03 0.06 -1 25
Result 0 7.0 81 0.41 0.11 0.15 0.12 0.18 0.23 0.21 -1 -1 -1 -1
Evo 1.01 0.00 1.00 0.91 1.00 1.00 1.00 0.29 0.02 0.28 0.08 0.12 -1 21
Result 0 12.0 190 0.42 0.13 0.16 0.19 0.18 0.20 0.14 -1 -1 -1 -1
Evo 1.01 0.00 1.00 0.84 1.00 1.00 1.00 0.37 0.04 0.45 0.06 0.08 -1 36
Result 0 17.0 93 0.47 0.12 0.20 0.14 0.21 0.16 0.17 -1 -1 -1 -1
Evo 1.01 0.00 1.00 0.84 1.00 1.00 1.00 0.37 0.03 0.33 0.05 0.08 -1 28
Result 0 10.0 149 0.43 0.14 0.17 0.20 0.21 0.16 0.13 -1 -1 -1 -1
Evo 1.01 0.00 1.00 0.88 1.00 1.00 1.00 0.33 0.02 0.04 0.07 0.14 -1 10
Result 0 9.0 192 0.35 0.16 0.11 0.14 0.20 0.22 0.17 -1 -1 -1 -1
Evo 1.01 0.00 1.00 0.81 1.00 1.00 1.00 0.39 0.03 0.17 0.11 0.16 -1 6
Result 0 14.0 171 0.42 0.13 0.16 0.20 0.15 0.20 0.16 -1 -1 -1 -1
Evo 1.00 0.00 1.00 0.89 1.00 1.00 1.00 0.31 0.02 0.23 0.13 0.19 -1 24
Result 0 19.0 217 0.42 0.17 0.16 0.22 0.17 0.15 0.14 -1 -1 -1 -1
Evo 1.00 0.00 1.00 0.91 1.00 1.00 1.00 0.29 0.01 0.08 0.17 0.27 -1 16
Result 0 29.0 749 0.42 0.15 0.16 0.19 0.17 0.17 0.17 -1 -1 -1 -1
Evo 1.02 0.00 1.00 0.84 1.00 1.00 1.00 0.37 0.05 0.21 0.02 0.02 -1 42
Result 0 0.0 49 0.33 0.24 0.10 0.14 0.18 0.20 0.14 -1 -1 -1 -1
Evo 1.03 0.00 1.00 0.76 0.00 1.00 1.00 0.44 0.08 0.30 0.01 0.02 -1 25
Result 0 0.0 32 0.25 0.18 0.06 0.30 0.03 0.27 0.15 -1 -1 -1 -1
Evo 1.01 0.00 1.00 0.89 1.00 1.00 1.00 0.32 0.04 0.09 0.02 0.03 -1 63
Result 0 0.0 70 0.33 0.25 0.10 0.23 0.20 0.14 0.08 -1 -1 -1 -1
Evo 1.01 0.00 1.00 0.92 1.00 1.00 1.00 0.27 0.02 0.49 0.09 0.15 -1 7
Result 0 14.0 184 0.44 0.12 0.17 0.18 0.20 0.16 0.16 -1 -1 -1 -1
Evo 1.02 0.00 1.00 0.85 1.00 1.00 1.00 0.36 0.05 0.20 0.02 0.02 -1 44
Result 0 0.0 51 0.46 0.13 0.19 0.21 0.17 0.13 0.15 -1 -1 -1 -1
Evo 1.06 0.00 1.00 0.58 0.00 1.00 1.00 0.51 0.12 0.46 0.01 0.02 -1 11
Result 0 0.0 18 0.42 0.26 0.16 0.11 0.05 0.21 0.21 -1 -1 -1 -1
Evo 1.08 0.00 1.00 0.36 0.00 0.00 1.00 0.50 0.13 0.53 0.01 0.01 -1 5
Result 0 0.0 13 0.40 0.07 0.14 0.29 0.14 0.07 0.29 -1 -1 -1 -1
Evo 1.01 0.00 1.00 0.76 0.00 1.00 1.00 0.43 0.05 0.17 0.06 0.11 -1 25
Result 0 8.0 81 0.30 0.09 0.09 0.17 0.17 0.21 0.28 -1 -1 -1 -1
Evo 1.03 0.00 1.00 0.71 0.00 1.00 1.00 0.46 0.08 0.35 0.02 0.03 -1 6
Result 0 0.0 34 0.44 0.06 0.17 0.11 0.23 0.14 0.29 -1 -1 -1 -1
Evo 1.03 0.00 1.00 0.76 0.00 1.00 1.00 0.43 0.07 0.30 0.01 0.02 -1 26
Result 0 0.0 33 0.44 0.09 0.18 0.21 0.09 0.21 0.24 -1 -1 -1 -1
Evo 1.02 0.00 1.00 0.73 0.00 1.00 1.00 0.45 0.07 0.12 0.02 0.02 -1 11
Result 0 0.0 43 0.50 0.11 0.25 0.11 0.25 0.14 0.14 -1 -1 -1 -1
Evo 1.03 0.00 1.00 0.62 0.00 1.00 1.00 0.49 0.08 0.53 0.02 0.03 -1 6
Result 0 5.0 39 0.33 0.25 0.10 0.08 0.15 0.15 0.28 -1 -1 -1 -1
Evo 1.03 0.00 1.00 0.79 1.00 1.00 1.00 0.41 0.07 0.26 0.01 0.02 -1 31
Result 0 0.0 38 0.50 0.15 0.26 0.13 0.21 0.15 0.10 -1 -1 -1 -1
Evo 1.01 0.00 1.00 0.93 1.00 1.00 1.00 0.25 0.02 0.33 0.11 0.14 -1 84
Result 0 9.0 134 0.40 0.13 0.14 0.16 0.21 0.22 0.14 -1 -1 -1 -1
Evo 1.02 0.00 1.00 0.77 1.00 1.00 1.00 0.43 0.06 0.49 0.02 0.03 -1 22
Result 0 5.0 55 0.42 0.18 0.16 0.13 0.16 0.18 0.20 -1 -1 -1 -1
Evo 1.00 0.00 1.00 0.89 1.00 1.00 1.00 0.31 0.01 0.09 0.26 0.36 -1 8
Result 0 32.0 704 0.45 0.13 0.18 0.14 0.18 0.18 0.19 -1 -1 -1 -1
Evo 1.01 0.00 1.00 0.86 1.00 1.00 1.00 0.34 0.03 0.05 0.07 0.14 -1 27
Result 0 15.0 139 0.38 0.14 0.13 0.18 0.21 0.18 0.16 -1 -1 -1 -1
Evo 1.00 0.00 1.00 0.88 1.00 1.00 1.00 0.33 0.02 0.11 0.12 0.20 -1 9
Result 0 13.0 256 0.45 0.11 0.18 0.18 0.17 0.19 0.18 -1 -1 -1 -1
Evo 1.06 0.00 1.00 0.53 0.00 0.00 1.00 0.51 0.12 0.49 0.01 0.01 -1 9
Result 0 0.0 16 0.24 -1 0.06 0.29 0.18 0.35 0.12 -1 -1 -1 -1
Evo 1.02 0.00 1.00 0.56 0.00 1.00 1.00 0.50 0.07 0.52 0.02 0.03 -1 6
Result 0 5.0 44 0.35 0.18 0.11 0.13 0.18 0.24 0.16 -1 -1 -1 -1
Evo 1.01 0.00 1.00 0.88 1.00 1.00 1.00 0.32 0.03 0.24 0.08 0.14 -1 11
Result 0 9.0 103 0.43 0.14 0.16 0.28 0.11 0.15 0.15 -1 -1 -1 -1
Evo 1.00 0.00 1.00 0.90 1.00 1.00 1.00 0.30 0.01 0.51 0.22 0.31 -1 5
Result 0 33.0 470 0.41 0.14 0.15 0.18 0.17 0.21 0.15 -1 -1 -1 -1
Evo 1.02 0.00 1.00 0.79 1.00 1.00 1.00 0.41 0.05 0.52 0.06 0.07 -1 5
Result 0 14.0 61 0.38 0.13 0.13 0.19 0.18 0.21 0.16 -1 -1 -1 -1
Evo 1.03 0.00 1.00 0.74 0.00 1.00 1.00 0.45 0.07 0.14 0.05 0.07 -1 0
Result 0 1.0 37 0.38 0.13 0.13 0.18 0.24 0.21 0.11 -1 -1 -1 -1
Evo 1.00 0.00 1.00 0.85 1.00 1.00 1.00 0.36 0.01 0.10 0.24 0.35 -1 6
Result 0 27.0 687 0.39 0.16 0.14 0.18 0.19 0.17 0.16 -1 -1 -1 -1
Evo 1.01 0.00 1.00 0.76 1.00 1.00 1.00 0.43 0.05 0.33 0.05 0.10 -1 6
Result 0 18.0 88 0.35 0.19 0.11 0.22 0.21 0.07 0.19 -1 -1 -1 -1
Evo 1.01 0.00 1.00 0.79 1.00 1.00 1.00 0.40 0.03 0.13 0.12 0.21 154 4
Result 1 30.0 159 0.45 0.13 0.18 0.16 0.17 0.18 0.18 -1 -1 -1 -1
Evo 1.01 0.00 0.50 0.39 0.50 0.50 0.50 0.21 0.02 0.53 0.05 0.17 -1 6
Result 0 12.0 84 0.46 0.15 0.20 0.21 0.14 0.16 0.13 -1 -1 -1 -1
Evo 1.00 0.00 0.50 0.43 0.50 0.50 0.50 0.18 0.01 0.07 0.23 0.33 -1 8
Result 0 23.0 541 0.40 0.15 0.15 0.21 0.15 0.20 0.15 -1 -1 -1 -1
Evo 1.01 0.00 1.00 0.41 0.50 0.50 0.50 0.23 0.02 0.47 0.09 0.16 95 38
Result 1 18.0 97 0.46 0.09 0.19 0.18 0.13 0.19 0.20 -1 -1 -1 -1
Evo 1.00 0.00 0.50 0.45 0.50 0.50 0.50 0.15 0.01 0.15 0.15 0.26 -1 10
Result 0 21.0 269 0.43 0.14 0.16 0.20 0.15 0.19 0.16 -1 -1 -1 -1
Evo 1.00 0.00 0.50 0.45 0.50 0.50 0.50 0.16 0.01 0.16 0.17 0.25 -1 84
Result 0 20.0 511 0.43 0.18 0.16 0.19 0.18 0.16 0.13 -1 -1 -1 -1
Evo 1.02 0.00 0.50 0.42 0.50 0.50 0.50 0.18 0.02 0.49 0.06 0.11 -1 1
Result 0 4.0 56 0.42 0.25 0.16 0.28 0.05 0.21 0.05 -1 -1 -1 -1
Evo 1.01 0.00 1.00 0.42 0.50 0.50 0.50 0.22 0.03 0.53 0.06 0.11 70 9
Result 1 18.0 71 0.45 0.13 0.18 0.11 0.17 0.19 0.22 -1 -1 -1 -1
Evo 1.01 0.00 0.50 0.44 0.50 0.50 0.50 0.17 0.02 0.28 0.09 0.17 -1 12
Result 0 8.0 108 0.46 0.15 0.19 0.22 0.19 0.08 0.17 -1 -1 -1 -1
Evo 1.01 0.00 0.50 0.38 0.00 0.50 0.50 0.22 0.03 0.53 0.04 0.07 -1 4
Result 0 8.0 72 0.44 0.10 0.18 0.08 0.16 0.23 0.25 -1 -1 -1 -1
Evo 1.00 0.00 0.50 0.46 0.50 0.50 0.50 0.14 0.01 0.42 0.27 0.37 -1 9
Result 0 31.0 464 0.38 0.18 0.13 0.19 0.14 0.19 0.17 -1 -1 -1 -1
Evo 1.01 0.00 0.50 0.43 0.50 0.50 0.50 0.18 0.01 0.50 0.09 0.19 -1 7
Result 0 19.0 183 0.41 0.16 0.15 0.20 0.11 0.24 0.13 -1 -1 -1 -1
Evo 1.02 0.00 0.50 0.39 0.50 0.50 0.50 0.21 0.03 0.43 0.04 0.08 -1 10
Result 0 2.0 59 0.45 0.17 0.18 0.08 0.18 0.23 0.15 -1 -1 -1 -1
Evo 1.00 0.00 1.00 0.42 0.50 0.50 0.50 0.20 0.01 0.33 0.14 0.24 205 7
Result 1 31.0 210 0.41 0.14 0.15 0.18 0.20 0.17 0.17 -1 -1 -1 -1
Evo 1.00 0.00 0.50 0.44 0.50 0.50 0.50 0.16 0.01 0.05 0.26 0.41 -1 8
Result 0 33.0 620 0.45 0.17 0.18 0.16 0.15 0.16 0.18 -1 -1 -1 -1
Evo 1.01 0.00 0.50 0.45 0.50 0.50 0.50 0.15 0.02 0.46 0.04 0.06 -1 46
Result 0 8.0 70 0.38 0.15 0.13 0.24 0.13 0.10 0.25 -1 -1 -1 -1
Evo 1.00 0.00 0.50 0.42 0.50 0.50 0.50 0.18 0.01 0.03 0.23 0.38 -1 18
Result 0 27.0 490 0.44 0.13 0.18 0.18 0.18 0.14 0.19 -1 -1 -1 -1
Evo 1.00 0.00 0.50 0.44 0.50 0.50 0.50 0.16 0.01 0.16 0.29 0.44 -1 27
Result 0 37.0 875 0.43 0.16 0.17 0.18 0.18 0.16 0.16 -1 -1 -1 -1
Evo 1.01 0.00 0.50 0.43 0.50 0.50 0.50 0.17 0.01 0.32 0.05 0.09 -1 60
Result 0 13.0 150 0.48 0.17 0.23 0.17 0.12 0.19 0.13 -1 -1 -1 -1
Evo 1.00 0.00 0.50 0.43 0.50 0.50 0.50 0.17 0.01 0.19 0.09 0.16 -1 31
Result 0 14.0 487 0.44 0.15 0.17 0.15 0.18 0.19 0.16 -1 -1 -1 -1
Evo 1.04 0.00 0.50 0.30 0.00 0.50 0.50 0.25 0.05 0.45 0.02 0.03 -1 11
Result 0 3.0 26 0.45 0.07 0.19 0.11 0.30 0.15 0.19 -1 -1 -1 -1
Evo 1.00 0.00 1.00 0.45 0.50 0.50 0.50 0.15 0.00 0.08 0.48 0.54 1729 68
Result 1 51.0 1731 0.45 0.16 0.18 0.18 0.16 0.16 0.15 -1 -1 -1 -1
Evo 1.00 0.00 0.50 0.46 0.50 0.50 0.50 0.14 0.01 0.53 0.07 0.16 -1 33
Result 0 5.0 220 0.51 0.14 0.27 0.14 0.17 0.13 0.15 -1 -1 -1 -1
Evo 1.01 0.00 0.50 0.41 0.50 0.50 0.50 0.19 0.02 0.20 0.03 0.07 -1 39
Result 0 8.0 110 0.44 0.19 0.17 0.17 0.14 0.16 0.16 -1 -1 -1 -1
Evo 1.01 0.00 0.50 0.45 0.50 0.50 0.50 0.15 0.01 0.05 0.04 0.06 -1 10
Result 0 8.0 136 0.49 0.18 0.23 0.15 0.10 0.18 0.16 -1 -1 -1 -1
Evo 1.00 0.00 0.50 0.42 0.50 0.50 0.50 0.18 0.01 0.04 0.14 0.21 -1 5
Result 0 22.0 596 0.43 0.15 0.16 0.19 0.16 0.17 0.16 -1 -1 -1 -1
Evo 1.00 0.00 0.50 0.44 0.50 0.50 0.50 0.16 0.01 0.15 0.26 0.35 -1 42
Result 0 19.0 405 0.46 0.13 0.20 0.18 0.16 0.16 0.17 -1 -1 -1 -1
Evo 1.00 0.00 0.50 0.42 0.50 0.50 0.50 0.18 0.01 0.25 0.23 0.37 -1 6
Result 0 30.0 548 0.44 0.13 0.17 0.19 0.15 0.19 0.17 -1 -1 -1 -1
Evo 1.00 0.00 1.00 0.45 0.50 0.50 0.50 0.16 0.01 0.01 0.38 0.51 869 39
Result 1 50.0 870 0.43 0.17 0.16 0.18 0.17 0.16 0.15 -1 -1 -1 -1
Evo 1.00 0.00 0.50 0.41 0.50 0.50 0.50 0.19 0.01 0.20 0.16 0.28 -1 13
Result 0 26.0 321 0.45 0.15 0.18 0.19 0.16 0.15 0.16 -1 -1 -1 -1
Evo 1.00 0.00 0.50 0.43 0.50 0.50 0.50 0.17 0.01 0.21 0.15 0.29 -1 17
Result 0 20.0 356 0.42 0.19 0.15 0.17 0.17 0.14 0.17 -1 -1 -1 -1
Evo 1.00 0.00 0.50 0.44 0.50 0.50 0.50 0.16 0.00 0.01 0.46 0.56 -1 5
Result 0 42.0 1040 0.43 0.15 0.17 0.21 0.17 0.15 0.15 -1 -1 -1 -1
Evo 1.00 0.00 0.50 0.44 0.50 0.50 0.50 0.16 0.01 0.08 0.11 0.17 -1 13
Result 0 16.0 392 0.45 0.17 0.19 0.16 0.16 0.16 0.17 -1 -1 -1 -1
Evo 1.00 0.00 0.50 0.45 0.50 0.50 0.50 0.15 0.00 0.51 0.36 0.42 -1 15
Result 0 37.0 2000 0.43 0.15 0.17 0.17 0.17 0.19 0.15 -1 -1 -1 -1
Evo 1.01 0.00 1.00 0.42 0.50 0.50 0.50 0.22 0.02 0.10 0.06 0.09 110 4
Result 1 25.0 114 0.41 0.18 0.15 0.21 0.15 0.13 0.18 -1 -1 -1 -1
Evo 1.01 0.00 0.50 0.43 0.50 0.50 0.50 0.18 0.01 0.30 0.09 0.16 -1 8
Result 0 15.0 146 0.43 0.14 0.16 0.17 0.17 0.18 0.18 -1 -1 -1 -1
Evo 1.01 0.00 1.00 0.43 0.50 0.50 0.50 0.20 0.01 0.07 0.09 0.15 192 16
Result 1 32.0 195 0.44 0.18 0.18 0.16 0.16 0.15 0.17 -1 -1 -1 -1
Evo 1.01 0.00 1.00 0.43 0.50 0.50 0.50 0.20 0.02 0.25 0.06 0.09 125 7
Result 1 25.0 126 0.44 0.16 0.17 0.20 0.16 0.13 0.17 -1 -1 -1 -1
Evo 1.00 0.00 0.50 0.44 0.50 0.50 0.50 0.16 0.00 0.30 0.35 0.43 -1 4
Result 0 33.0 1279 0.43 0.15 0.16 0.17 0.15 0.19 0.17 -1 -1 -1 -1
Evo 1.01 0.00 1.00 0.43 0.50 0.50 0.50 0.22 0.02 0.19 0.04 0.09 92 7
Result 1 24.0 94 0.39 0.19 0.14 0.20 0.17 0.12 0.19 -1 -1 -1 -1
Evo 1.00 0.00 1.00 0.44 0.50 0.50 0.50 0.19 0.01 0.19 0.14 0.24 291 9
Result 1 37.0 294 0.46 0.17 0.20 0.15 0.20 0.12 0.16 -1 -1 -1 -1
Evo 1.00 0.00 0.50 0.43 0.50 0.50 0.50 0.18 0.01 0.03 0.14 0.21 -1 5
Result 0 29.0 322 0.44 0.16 0.18 0.16 0.17 0.18 0.16 -1 -1 -1 -1
Evo 1.00 0.00 1.00 0.44 0.50 0.50 0.50 0.17 0.01 0.25 0.21 0.34 402 4
Result 1 31.0 408 0.42 0.16 0.16 0.20 0.15 0.18 0.15 -1 -1 -1 -1
Evo 1.00 0.00 1.00 0.45 0.50 0.50 0.50 0.16 0.00 0.32 0.46 0.52 1918 27
Result 1 52.0 1921 0.43 0.16 0.17 0.17 0.17 0.18 0.15 -1 -1 -1 -1
Evo 1.01 0.00 1.00 0.43 0.50 0.50 0.50 0.21 0.02 0.12 0.11 0.17 132 10
Result 1 31.0 134 0.42 0.14 0.16 0.17 0.23 0.16 0.14 -1 -1 -1 -1
Evo 1.00 0.00 1.00 0.44 0.50 0.50 0.50 0.17 0.01 0.08 0.21 0.29 338 7
Result 1 33.0 339 0.40 0.17 0.14 0.16 0.19 0.19 0.15 -1 -1 -1 -1
Evo 1.02 0.00 1.00 0.39 0.00 0.50 0.50 0.26 0.03 0.10 0.04 0.08 57 4
Result 1 19.0 59 0.43 0.07 0.17 0.20 0.17 0.15 0.25 -1 -1 -1 -1
Evo 1.00 0.00 0.50 0.42 0.50 0.50 0.50 0.18 0.01 0.15 0.12 0.20 -1 13
Result 0 12.0 229 0.45 0.13 0.18 0.15 0.20 0.14 0.19 -1 -1 -1 -1
Evo 1.00 0.00 1.00 0.46 0.50 0.50 0.50 0.14 0.01 0.13 0.25 0.39 542 58
Result 1 47.0 543 0.44 0.15 0.17 0.18 0.18 0.17 0.16 -1 -1 -1 -1
Evo 1.00 0.00 0.50 0.45 0.50 0.50 0.50 0.16 0.01 0.11 0.29 0.44 -1 9
Result 0 34.0 702 0.44 0.16 0.17 0.14 0.20 0.17 0.15 -1 -1 -1 -1
Evo 1.00 0.00 0.50 0.44 0.50 0.50 0.50 0.16 0.00 0.07 0.44 0.51 -1 12
Result 0 41.0 1848 0.43 0.14 0.17 0.18 0.17 0.18 0.17 -1 -1 -1 -1
Evo 1.02 0.00 0.50 0.39 0.50 0.50 0.50 0.21 0.03 0.53 0.04 0.11 -1 11
Result 0 11.0 52 0.41 0.06 0.15 0.15 0.26 0.17 0.21 -1 -1 -1 -1
Evo 1.01 0.00 0.50 0.35 0.00 0.50 0.50 0.23 0.03 0.36 0.04 0.09 -1 8
Result 0 10.0 67 0.44 0.18 0.18 0.04 0.15 0.18 0.28 -1 -1 -1 -1
Evo 1.00 0.00 1.00 0.45 0.50 0.50 0.50 0.17 0.01 0.15 0.12 0.20 200 18
Result 1 37.0 201 0.44 0.15 0.17 0.20 0.13 0.19 0.15 -1 -1 -1 -1
