Evo 1.00 0.00 0.00 0.00 0.00 0.00 0.00 0.00 0.00 0.00 0.28 0.50 -1 1493
Result 0 0.0 1500 0.43 0.17 0.15 0.17 0.18 0.17 0.16 -1 -1 -1 -1
Evo 1.00 0.00 1.00 0.99 1.00 1.00 1.00 0.07 0.00 0.04 0.22 0.40 -1 1493
Result 0 0.0 1500 0.43 0.17 0.16 0.16 0.18 0.16 0.16 -1 -1 -1 -1
Evo 1.00 0.00 1.00 0.99 1.00 1.00 1.00 0.07 0.00 0.04 0.14 0.21 -1 1493
Result 0 0.0 1500 0.44 0.16 0.18 0.17 0.17 0.14 0.18 -1 -1 -1 -1
Evo 1.00 0.00 1.00 0.99 1.00 1.00 1.00 0.07 0.00 0.04 0.18 0.28 -1 1493
Result 0 0.0 1500 0.41 0.15 0.16 0.16 0.18 0.16 0.18 -1 -1 -1 -1
Evo 1.00 0.00 1.00 0.99 1.00 1.00 1.00 0.07 0.00 0.04 0.26 0.49 -1 1493
Result 0 0.0 1500 0.43 0.19 0.16 0.16 0.15 0.15 0.18 -1 -1 -1 -1
Evo 1.00 0.00 1.00 0.99 1.00 1.00 1.00 0.07 0.00 0.04 0.24 0.32 -1 1493
Result 0 0.0 1500 0.43 0.17 0.17 0.17 0.17 0.16 0.16 -1 -1 -1 -1
Evo 1.00 0.00 1.00 0.99 1.00 1.00 1.00 0.07 0.00 0.04 0.23 0.36 -1 1493
Result 0 0.0 1500 0.44 0.17 0.16 0.17 0.16 0.16 0.18 -1 -1 -1 -1
Evo 1.00 0.00 1.00 0.99 1.00 1.00 1.00 0.07 0.00 0.04 0.29 0.54 -1 1493
Result 0 0.0 1500 0.41 0.15 0.17 0.16 0.18 0.17 0.17 -1 -1 -1 -1
Evo 1.00 0.00 1.00 0.99 1.00 1.00 1.00 0.07 0.00 0.04 0.25 0.37 -1 1493
Result 0 0.0 1500 0.44 0.16 0.17 0.16 0.17 0.16 0.18 -1 -1 -1 -1
Evo 1.00 0.00 1.00 0.99 1.00 1.00 1.00 0.07 0.00 0.04 0.16 0.23 -1 1493
Result 0 0.0 1500 0.43 0.17 0.17 0.17 0.18 0.16 0.15 -1 -1 -1 -1
Evo 1.00 0.00 1.00 0.99 1.00 1.00 1.00 0.07 0.00 0.04 0.25 0.35 -1 1493
Result 0 0.0 1500 0.41 0.15 0.17 0.18 0.17 0.17 0.16 -1 -1 -1 -1
Evo 1.00 0.00 1.00 0.99 1.00 1.00 1.00 0.07 0.00 0.04 0.23 0.37 -1 1493
Result 0 0.0 1500 0.44 0.18 0.17 0.17 0.17 0.15 0.16 -1 -1 -1 -1
Evo 1.00 0.00 1.00 0.99 1.00 1.00 1.00 0.07 0.00 0.04 0.21 0.41 -1 1493
Result 0 0.0 1500 0.43 0.16 0.16 0.18 0.17 0.17 0.16 -1 -1 -1 -1
Evo 1.00 0.00 1.00 0.99 1.00 1.00 1.00 0.07 0.00 0.04 0.29 0.52 -1 1493
Result 0 0.0 1500 0.43 0.16 0.17 0.16 0.16 0.18 0.15 -1 -1 -1 -1
Evo 1.00 0.00 1.00 0.99 1.00 1.00 1.00 0.07 0.00 0.04 0.32 0.61 -1 1493
Result 0 0.0 1500 0.43 0.16 0.17 0.16 0.17 0.18 0.16 -1 -1 -1 -1
Evo 1.00 0.00 1.00 0.99 1.00 1.00 1.00 0.07 0.00 0.04 0.23 0.38 -1 1493
Result 0 0.0 1500 0.45 0.17 0.18 0.16 0.16 0.16 0.17 -1 -1 -1 -1
Evo 1.00 0.00 1.00 0.99 1.00 1.00 1.00 0.07 0.00 0.04 0.23 0.43 -1 1493
Result 0 0.0 1500 0.44 0.17 0.14 0.16 0.18 0.17 0.18 -1 -1 -1 -1
Evo 1.00 0.00 1.00 0.99 1.00 1.00 1.00 0.07 0.00 0.04 0.21 0.35 -1 1493
Result 0 0.0 1500 0.41 0.15 0.18 0.16 0.17 0.17 0.17 -1 -1 -1 -1
Evo 1.00 0.00 1.00 0.99 1.00 1.00 1.00 0.07 0.00 0.04 0.29 0.54 -1 1493
Result 0 0.0 1500 0.44 0.17 0.17 0.17 0.17 0.16 0.16 -1 -1 -1 -1
Evo 1.00 0.00 1.00 0.99 1.00 1.00 1.00 0.07 0.00 0.04 0.27 0.50 -1 1493
Result 0 0.0 1500 0.41 0.16 0.15 0.17 0.17 0.18 0.18 -1 -1 -1 -1
Evo 1.00 0.00 1.00 0.99 1.00 1.00 1.00 0.07 0.00 0.04 0.27 0.43 -1 1493
Result 0 0.0 1500 0.43 0.16 0.17 0.17 0.16 0.16 0.18 -1 -1 -1 -1
Evo 1.00 0.00 1.00 0.99 1.00 1.00 1.00 0.07 0.00 0.04 0.28 0.41 -1 1493
Result 0 0.0 1500 0.43 0.17 0.16 0.16 0.17 0.17 0.18 -1 -1 -1 -1
Evo 1.00 0.00 1.00 0.99 1.00 1.00 1.00 0.07 0.00 0.04 0.30 0.51 -1 1493
Result 0 0.0 1500 0.43 0.17 0.18 0.17 0.16 0.16 0.16 -1 -1 -1 -1
Evo 1.00 0.00 1.00 0.99 1.00 1.00 1.00 0.07 0.00 0.04 0.21 0.33 -1 1493
Result 0 0.0 1500 0.44 0.17 0.18 0.16 0.16 0.16 0.17 -1 -1 -1 -1
Evo 1.00 0.00 1.00 0.99 1.00 1.00 1.00 0.07 0.00 0.04 0.15 0.28 -1 1493
Result 0 0.0 1500 0.42 0.16 0.16 0.16 0.20 0.16 0.16 -1 -1 -1 -1
Evo 1.00 0.00 1.00 0.99 1.00 1.00 1.00 0.07 0.00 0.04 0.30 0.54 -1 1493
Result 0 0.0 1500 0.44 0.17 0.18 0.16 0.17 0.16 0.16 -1 -1 -1 -1
Evo 1.00 0.00 1.00 0.99 1.00 1.00 1.00 0.07 0.00 0.04 0.22 0.39 -1 1493
Result 0 0.0 1500 0.42 0.16 0.17 0.17 0.16 0.18 0.17 -1 -1 -1 -1
Evo 1.00 0.00 1.00 0.99 1.00 1.00 1.00 0.07 0.00 0.04 0.19 0.35 -1 1493
Result 0 0.0 1500 0.44 0.17 0.16 0.17 0.16 0.17 0.16 -1 -1 -1 -1
Evo 1.00 0.00 1.00 0.99 1.00 1.00 1.00 0.07 0.00 0.04 0.24 0.39 -1 1493
Result 0 0.0 1500 0.46 0.17 0.20 0.18 0.17 0.15 0.13 -1 -1 -1 -1
Evo 1.00 0.00 1.00 0.99 1.00 1.00 1.00 0.07 0.00 0.04 0.25 0.41 -1 1493
Result 0 0.0 1500 0.43 0.17 0.17 0.15 0.17 0.17 0.18 -1 -1 -1 -1
Evo 1.00 0.00 1.00 0.99 1.00 1.00 1.00 0.07 0.00 0.04 0.23 0.35 -1 1493
Result 0 0.0 1500 0.43 0.17 0.17 0.17 0.18 0.16 0.16 -1 -1 -1 -1
Evo 1.00 0.00 1.00 0.99 1.00 1.00 1.00 0.07 0.00 0.04 0.26 0.42 -1 1493
Result 0 0.0 1500 0.43 0.17 0.17 0.19 0.14 0.16 0.17 -1 -1 -1 -1
Evo 1.00 0.00 1.00 0.99 1.00 1.00 1.00 0.07 0.00 0.04 0.33 0.51 -1 1493
Result 0 0.0 1500 0.44 0.17 0.15 0.18 0.17 0.17 0.17 -1 -1 -1 -1
Evo 1.00 0.00 1.00 0.99 1.00 1.00 1.00 0.07 0.00 0.04 0.25 0.41 -1 1493
Result 0 0.0 1500 0.42 0.18 0.15 0.16 0.18 0.14 0.19 -1 -1 -1 -1
Evo 1.00 0.00 1.00 0.99 1.00 1.00 1.00 0.07 0.00 0.04 0.23 0.42 -1 1493
Result 0 0.0 1500 0.44 0.18 0.18 0.18 0.16 0.16 0.14 -1 -1 -1 -1
Evo 1.00 0.00 1.00 0.99 1.00 1.00 1.00 0.07 0.00 0.04 0.29 0.44 -1 1493
Result 0 0.0 1500 0.42 0.16 0.15 0.17 0.16 0.17 0.18 -1 -1 -1 -1
Evo 1.00 0.00 1.00 0.99 1.00 1.00 1.00 0.07 0.00 0.04 0.26 0.43 -1 1493
Result 0 0.0 1500 0.43 0.17 0.16 0.17 0.17 0.16 0.17 -1 -1 -1 -1
Evo 1.00 0.00 1.00 0.99 1.00 1.00 1.00 0.07 0.00 0.04 0.25 0.46 -1 1493
Result 0 0.0 1500 0.41 0.18 0.15 0.17 0.17 0.16 0.18 -1 -1 -1 -1
Evo 1.00 0.00 1.00 0.99 1.00 1.00 1.00 0.07 0.00 0.04 0.26 0.42 -1 1493
Result 0 0.0 1500 0.42 0.16 0.17 0.17 0.17 0.18 0.15 -1 -1 -1 -1
Evo 1.00 0.00 1.00 0.99 1.00 1.00 1.00 0.07 0.00 0.04 0.27 0.49 -1 1493
Result 0 0.0 1500 0.44 0.16 0.17 0.17 0.17 0.16 0.17 -1 -1 -1 -1
Evo 1.00 0.00 1.00 0.99 1.00 1.00 1.00 0.07 0.00 0.04 0.33 0.73 -1 1493
Result 0 0.0 1500 0.42 0.16 0.17 0.16 0.17 0.16 0.17 -1 -1 -1 -1
Evo 1.00 0.00 1.00 0.99 1.00 1.00 1.00 0.07 0.00 0.04 0.28 0.45 -1 1493
Result 0 0.0 1500 0.43 0.16 0.16 0.17 0.18 0.15 0.17 -1 -1 -1 -1
Evo 1.00 0.00 1.00 0.99 1.00 1.00 1.00 0.07 0.00 0.04 0.27 0.44 -1 1493
Result 0 0.0 1500 0.43 0.17 0.17 0.17 0.16 0.16 0.17 -1 -1 -1 -1
Evo 1.00 0.00 1.00 0.99 1.00 1.00 1.00 0.07 0.00 0.04 0.25 0.46 -1 1493
Result 0 0.0 1500 0.43 0.17 0.18 0.16 0.16 0.16 0.17 -1 -1 -1 -1
Evo 1.00 0.00 1.00 0.99 1.00 1.00 1.00 0.07 0.00 0.04 0.42 0.89 -1 1493
Result 0 0.0 1500 0.44 0.16 0.17 0.18 0.16 0.16 0.17 -1 -1 -1 -1
Evo 1.00 0.00 1.00 0.99 1.00 1.00 1.00 0.07 0.00 0.04 0.25 0.40 -1 1493
Result 0 0.0 1500 0.44 0.18 0.17 0.15 0.16 0.17 0.17 -1 -1 -1 -1
Evo 1.00 0.00 1.00 0.99 1.00 1.00 1.00 0.07 0.00 0.04 0.20 0.42 -1 1493
Result 0 0.0 1500 0.41 0.15 0.18 0.16 0.17 0.16 0.17 -1 -1 -1 -1
Evo 1.00 0.00 1.00 0.99 1.00 1.00 1.00 0.07 0.00 0.04 0.29 0.46 -1 1493
Result 0 0.0 1500 0.44 0.18 0.17 0.18 0.16 0.16 0.15 -1 -1 -1 -1
Evo 1.00 0.00 1.00 0.99 1.00 1.00 1.00 0.07 0.00 0.04 0.25 0.43 -1 1493
Result 0 0.0 1500 0.43 0.17 0.17 0.16 0.17 0.18 0.17 -1 -1 -1 -1
Evo 1.00 0.00 1.00 0.99 1.00 1.00 1.00 0.07 0.00 0.04 0.23 0.43 -1 1493
Result 0 0.0 1500 0.43 0.17 0.17 0.17 0.17 0.16 0.17 -1 -1 -1 -1
Evo 1.00 0.00 1.00 0.99 1.00 1.00 1.00 0.07 0.00 0.04 0.27 0.44 -1 1493
Result 0 0.0 1500 0.43 0.17 0.17 0.17 0.17 0.17 0.16 -1 -1 -1 -1
Evo 1.00 0.00 1.00 0.99 1.00 1.00 1.00 0.07 0.00 0.04 0.31 0.70 -1 1493
Result 0 0.0 1500 0.43 0.16 0.17 0.17 0.17 0.16 0.17 -1 -1 -1 -1
Evo 1.00 0.00 1.00 0.99 1.00 1.00 1.00 0.07 0.00 0.04 0.28 0.60 -1 1493
Result 0 0.0 1500 0.43 0.16 0.17 0.17 0.16 0.15 0.18 -1 -1 -1 -1
Evo 1.00 0.00 1.00 0.99 1.00 1.00 1.00 0.07 0.00 0.04 0.39 0.87 -1 1493
Result 0 0.0 1500 0.45 0.17 0.19 0.16 0.17 0.15 0.16 -1 -1 -1 -1
Evo 1.00 0.00 1.00 0.99 1.00 1.00 1.00 0.07 0.00 0.04 0.28 0.48 -1 1493
Result 0 0.0 1500 0.42 0.17 0.16 0.16 0.17 0.18 0.16 -1 -1 -1 -1
Evo 1.00 0.00 1.00 0.99 1.00 1.00 1.00 0.07 0.00 0.04 0.26 0.45 -1 1493
Result 0 0.0 1500 0.42 0.16 0.17 0.16 0.17 0.17 0.17 -1 -1 -1 -1
Evo 1.00 0.00 1.00 0.99 1.00 1.00 1.00 0.07 0.00 0.04 0.38 0.85 -1 1493
Result 0 0.0 1500 0.42 0.17 0.15 0.18 0.16 0.16 0.17 -1 -1 -1 -1
Evo 1.00 0.00 1.00 0.99 1.00 1.00 1.00 0.07 0.00 0.04 0.22 0.35 -1 1493
Result 0 0.0 1500 0.42 0.16 0.16 0.16 0.16 0.18 0.18 -1 -1 -1 -1
Evo 1.00 0.00 1.00 0.99 1.00 1.00 1.00 0.07 0.00 0.04 0.29 0.59 -1 1493
Result 0 0.0 1500 0.44 0.18 0.17 0.18 0.16 0.16 0.16 -1 -1 -1 -1
Evo 1.00 0.00 1.00 0.99 1.00 1.00 1.00 0.07 0.00 0.04 0.19 0.36 -1 1493
Result 0 0.0 1500 0.44 0.17 0.16 0.17 0.17 0.16 0.16 -1 -1 -1 -1
Evo 1.00 0.00 1.00 0.99 1.00 1.00 1.00 0.07 0.00 0.04 0.24 0.39 -1 1493
Result 0 0.0 1500 0.43 0.17 0.17 0.16 0.16 0.16 0.18 -1 -1 -1 -1
Evo 1.00 0.00 1.00 0.99 1.00 1.00 1.00 0.07 0.00 0.04 0.24 0.49 -1 1493
Result 0 0.0 1500 0.44 0.16 0.17 0.18 0.17 0.17 0.14 -1 -1 -1 -1
Evo 1.00 0.00 1.00 0.99 1.00 1.00 1.00 0.07 0.00 0.04 0.19 0.32 -1 1493
Result 0 0.0 1500 0.42 0.16 0.17 0.17 0.18 0.17 0.16 -1 -1 -1 -1
Evo 1.00 0.00 1.00 0.99 1.00 1.00 1.00 0.07 0.00 0.04 0.27 0.46 -1 1493
Result 0 0.0 1500 0.43 0.16 0.16 0.17 0.18 0.18 0.15 -1 -1 -1 -1
Evo 1.00 0.00 1.00 0.99 1.00 1.00 1.00 0.07 0.00 0.04 0.20 0.33 -1 1493
Result 0 0.0 1500 0.42 0.16 0.15 0.17 0.17 0.17 0.18 -1 -1 -1 -1
Evo 1.00 0.00 1.00 0.99 1.00 1.00 1.00 0.07 0.00 0.04 0.35 0.60 -1 1493
Result 0 12.0 1500 0.43 0.16 0.17 0.16 0.18 0.17 0.16 -1 -1 -1 -1
Evo 1.00 0.00 1.00 0.99 1.00 1.00 1.00 0.07 0.00 0.01 0.34 0.68 -1 1493
Result 0 0.0 1500 0.43 0.17 0.17 0.17 0.17 0.16 0.17 -1 -1 -1 -1
Evo 1.00 0.00 1.00 0.99 1.00 1.00 1.00 0.07 0.00 0.01 0.33 0.58 -1 1493
Result 0 0.0 1500 0.43 0.16 0.16 0.17 0.16 0.17 0.18 -1 -1 -1 -1
Evo 1.00 0.00 1.00 0.99 1.00 1.00 1.00 0.07 0.00 0.01 0.23 0.38 -1 1493
Result 0 0.0 1500 0.45 0.17 0.19 0.16 0.17 0.16 0.17 -1 -1 -1 -1
Evo 1.00 0.00 1.00 0.99 1.00 1.00 1.00 0.07 0.00 0.53 0.24 0.40 -1 1493
Result 0 1.0 1500 0.43 0.19 0.16 0.17 0.16 0.16 0.17 -1 -1 -1 -1
Evo 1.00 0.00 1.00 0.99 1.00 1.00 1.00 0.07 0.00 0.08 0.27 0.49 -1 1493
Result 0 24.0 1500 0.43 0.17 0.17 0.17 0.16 0.15 0.18 -1 -1 -1 -1
Evo 1.00 0.00 1.00 0.99 1.00 1.00 1.00 0.07 0.00 0.01 0.44 1.03 -1 1493
Result 0 0.0 1500 0.44 0.16 0.18 0.17 0.16 0.17 0.16 -1 -1 -1 -1
Evo 1.00 0.00 1.00 0.99 1.00 1.00 1.00 0.07 0.00 0.01 0.32 0.53 -1 1493
Result 0 0.0 1500 0.42 0.17 0.16 0.16 0.17 0.16 0.18 -1 -1 -1 -1
Evo 1.00 0.00 1.00 0.99 1.00 1.00 1.00 0.07 0.00 0.01 0.32 0.53 -1 1493
Result 0 0.0 1500 0.44 0.17 0.17 0.16 0.16 0.18 0.17 -1 -1 -1 -1
Evo 1.00 0.00 1.00 0.99 1.00 1.00 1.00 0.07 0.00 0.05 0.23 0.37 -1 1493
Result 0 3.0 1500 0.44 0.16 0.18 0.17 0.16 0.17 0.17 -1 -1 -1 -1
Evo 1.00 0.00 1.00 0.99 1.00 1.00 1.00 0.07 0.00 0.01 0.22 0.41 -1 1493
Result 0 0.0 1500 0.44 0.18 0.15 0.16 0.15 0.18 0.18 -1 -1 -1 -1
Evo 1.00 0.00 1.00 0.99 1.00 1.00 1.00 0.07 0.00 0.01 0.35 0.65 -1 1493
Result 0 0.0 1500 0.42 0.16 0.16 0.16 0.16 0.17 0.18 -1 -1 -1 -1
Evo 1.00 0.00 1.00 0.99 1.00 1.00 1.00 0.07 0.00 0.01 0.29 0.49 -1 1493
Result 0 0.0 1500 0.43 0.17 0.17 0.18 0.16 0.15 0.16 -1 -1 -1 -1
Evo 1.00 0.00 1.00 0.99 1.00 1.00 1.00 0.07 0.00 0.01 0.24 0.39 -1 1493
Result 0 0.0 1500 0.43 0.16 0.17 0.16 0.17 0.18 0.16 -1 -1 -1 -1
Evo 1.00 0.00 1.00 0.99 1.00 1.00 1.00 0.07 0.00 0.01 0.37 0.84 -1 1493
Result 0 0.0 1500 0.44 0.18 0.19 0.15 0.17 0.16 0.15 -1 -1 -1 -1
Evo 1.00 0.00 1.00 0.99 1.00 1.00 1.00 0.07 0.00 0.01 0.28 0.49 -1 1493
Result 0 0.0 1500 0.42 0.16 0.16 0.16 0.16 0.19 0.17 -1 -1 -1 -1
Evo 1.00 0.00 1.00 0.99 1.00 1.00 1.00 0.07 0.00 0.01 0.30 0.50 -1 1493
Result 0 0.0 1500 0.42 0.18 0.15 0.17 0.16 0.16 0.18 -1 -1 -1 -1
Evo 1.00 0.00 1.00 0.99 1.00 1.00 1.00 0.07 0.00 0.01 0.26 0.45 -1 1493
Result 0 0.0 1500 0.43 0.17 0.17 0.18 0.18 0.15 0.16 -1 -1 -1 -1
Evo 1.00 0.00 1.00 0.99 1.00 1.00 1.00 0.07 0.00 0.52 0.25 0.39 -1 1493
Result 0 1.0 1500 0.41 0.16 0.15 0.17 0.16 0.18 0.18 -1 -1 -1 -1
Evo 1.00 0.00 1.00 0.99 1.00 1.00 1.00 0.07 0.00 0.01 0.26 0.49 -1 1493
Result 0 0.0 1500 0.43 0.16 0.16 0.18 0.17 0.16 0.17 -1 -1 -1 -1
Evo 1.00 0.00 1.00 0.99 1.00 1.00 1.00 0.07 0.00 0.01 0.27 0.44 -1 1493
Result 0 0.0 1500 0.44 0.17 0.17 0.17 0.17 0.16 0.15 -1 -1 -1 -1
Evo 1.00 0.00 1.00 0.99 1.00 1.00 1.00 0.07 0.00 0.08 0.25 0.43 -1 1493
Result 0 29.0 1500 0.45 0.18 0.16 0.15 0.18 0.17 0.16 -1 -1 -1 -1
Evo 1.00 0.00 1.00 0.99 1.00 1.00 1.00 0.07 0.00 0.08 0.22 0.41 -1 1493
Result 0 6.0 1500 0.42 0.16 0.16 0.17 0.17 0.18 0.17 -1 -1 -1 -1
Evo 1.00 0.00 1.00 0.99 1.00 1.00 1.00 0.07 0.00 0.01 0.27 0.46 -1 1493
Result 0 0.0 1500 0.42 0.16 0.16 0.17 0.16 0.17 0.18 -1 -1 -1 -1
Evo 1.00 0.00 1.00 0.99 1.00 1.00 1.00 0.07 0.00 0.44 0.33 0.55 -1 1493
Result 0 2.0 1500 0.43 0.16 0.16 0.16 0.17 0.19 0.16 -1 -1 -1 -1
Evo 1.00 0.00 1.00 0.99 1.00 1.00 1.00 0.07 0.00 0.08 0.26 0.43 -1 1493
Result 0 38.0 1500 0.41 0.15 0.15 0.18 0.18 0.19 0.14 -1 -1 -1 -1
Evo 1.00 0.00 1.00 0.99 1.00 1.00 1.00 0.07 0.00 0.28 0.25 0.41 -1 1493
Result 0 14.0 1500 0.43 0.17 0.16 0.15 0.17 0.18 0.18 -1 -1 -1 -1
Evo 1.00 0.00 1.00 0.99 1.00 1.00 1.00 0.07 0.00 0.01 0.23 0.37 -1 1493
Result 0 0.0 1500 0.44 0.17 0.17 0.15 0.19 0.15 0.17 -1 -1 -1 -1
Evo 1.00 0.00 1.00 0.99 1.00 1.00 1.00 0.07 0.00 0.08 0.30 0.58 -1 1493
Result 0 24.0 1500 0.42 0.16 0.16 0.17 0.17 0.17 0.18 -1 -1 -1 -1
Evo 1.00 0.00 1.00 0.99 1.00 1.00 1.00 0.07 0.00 0.01 0.27 0.47 -1 1493
Result 0 0.0 1500 0.44 0.18 0.17 0.18 0.17 0.14 0.17 -1 -1 -1 -1
Evo 1.00 0.00 1.00 0.99 1.00 1.00 1.00 0.07 0.00 0.01 0.41 0.91 -1 1493
Result 0 0.0 1500 0.42 0.16 0.18 0.16 0.15 0.17 0.18 -1 -1 -1 -1
Evo 1.00 0.00 1.00 0.99 1.00 1.00 1.00 0.07 0.00 0.01 0.19 0.30 -1 1493
Result 0 0.0 1500 0.42 0.16 0.16 0.18 0.18 0.17 0.16 -1 -1 -1 -1
Evo 1.00 0.00 1.00 0.99 1.00 1.00 1.00 0.07 0.00 0.01 0.27 0.48 -1 1493
Result 0 0.0 1500 0.42 0.16 0.18 0.16 0.17 0.18 0.15 -1 -1 -1 -1
Evo 1.00 0.00 1.00 0.99 1.00 1.00 1.00 0.07 0.00 0.01 0.22 0.42 -1 1493
Result 0 0.0 1500 0.43 0.18 0.16 0.15 0.19 0.15 0.17 -1 -1 -1 -1
Evo 1.00 0.00 1.00 0.99 1.00 1.00 1.00 0.07 0.00 0.01 0.27 0.40 -1 1493
Result 0 0.0 1500 0.41 0.15 0.16 0.18 0.17 0.18 0.17 -1 -1 -1 -1
