Evo 1.00 0.00 1.00 0.73 0.00 1.00 1.00 0.44 0.03 0.03 0.07 0.10 -1 1
Result 0 2.0 251 0.39 0.24 0.23 0.13 0.15 0.24 -1 -1 -1 -1 -1
Evo 1.00 0.00 1.00 0.84 1.00 1.00 1.00 0.37 0.01 0.51 0.13 0.18 -1 0
Result 0 2.0 1000 0.45 0.20 0.26 0.19 0.12 0.23 -1 -1 -1 -1 -1
Evo 1.00 0.00 1.00 0.82 1.00 1.00 1.00 0.39 0.01 0.34 0.25 0.36 -1 2
Result 0 4.0 1000 0.42 0.22 0.23 0.16 0.13 0.25 -1 -1 -1 -1 -1
Evo 1.00 0.00 1.00 0.77 1.00 1.00 1.00 0.42 0.01 0.53 0.13 0.21 -1 1
Result 0 2.0 1000 0.45 0.23 0.24 0.18 0.12 0.23 -1 -1 -1 -1 -1
Evo 1.00 0.00 1.00 0.66 0.00 1.00 1.00 0.47 0.03 0.35 0.14 0.21 -1 0
Result 0 2.0 253 0.45 0.23 0.20 0.19 0.13 0.25 -1 -1 -1 -1 -1
Evo 1.00 0.00 1.00 0.91 1.00 1.00 1.00 0.29 0.01 0.01 0.14 0.24 -1 2
Result 0 2.0 1000 0.48 0.20 0.25 0.21 0.10 0.23 -1 -1 -1 -1 -1
Evo 1.00 0.00 1.00 0.73 0.00 1.00 1.00 0.45 0.02 0.24 0.08 0.11 -1 1
Result 0 2.0 431 0.41 0.22 0.26 0.15 0.12 0.26 -1 -1 -1 -1 -1
Evo 1.00 0.00 1.00 0.90 1.00 1.00 1.00 0.30 0.01 0.30 0.07 0.11 -1 1
Result 0 2.0 992 0.48 0.21 0.23 0.23 0.10 0.23 -1 -1 -1 -1 -1
Evo 1.00 0.00 1.00 0.88 1.00 1.00 1.00 0.32 0.01 0.36 0.09 0.14 -1 1
Result 0 2.0 1000 0.47 0.21 0.22 0.20 0.12 0.25 -1 -1 -1 -1 -1
Evo 1.00 0.00 1.00 0.78 1.00 1.00 1.00 0.41 0.01 0.46 0.43 0.61 -1 0
Result 0 3.0 996 0.43 0.21 0.25 0.16 0.14 0.24 -1 -1 -1 -1 -1
Evo 1.00 0.00 1.00 0.91 1.00 1.00 1.00 0.28 0.01 0.25 0.08 0.11 -1 3
Result 0 2.0 1000 0.49 0.22 0.22 0.23 0.09 0.24 -1 -1 -1 -1 -1
Evo 1.00 0.00 1.00 0.92 1.00 1.00 1.00 0.27 0.01 0.26 0.09 0.13 -1 1
Result 0 2.0 993 0.49 0.21 0.23 0.23 0.10 0.23 -1 -1 -1 -1 -1
Evo 1.00 0.00 1.00 0.85 1.00 1.00 1.00 0.36 0.01 0.42 0.11 0.15 -1 0
Result 0 2.0 1000 0.46 0.23 0.25 0.19 0.10 0.23 -1 -1 -1 -1 -1
Evo 1.00 0.00 1.00 0.77 1.00 1.00 1.00 0.42 0.03 0.27 0.38 0.50 276 0
Result 1 5.0 280 0.46 0.19 0.21 0.20 0.19 0.21 -1 -1 -1 -1 -1
Evo 1.00 0.00 0.50 0.45 0.50 0.50 0.50 0.16 0.00 0.35 0.08 0.12 -1 0
Result 0 2.0 998 0.47 0.22 0.25 0.21 0.10 0.23 -1 -1 -1 -1 -1
Evo 1.00 0.00 0.50 0.41 0.50 0.50 0.50 0.19 0.01 0.39 0.22 0.34 -1 0
Result 0 3.0 1000 0.41 0.22 0.24 0.15 0.13 0.25 -1 -1 -1 -1 -1
Evo 1.00 0.00 0.50 0.44 0.50 0.50 0.50 0.16 0.01 0.36 0.09 0.11 -1 0
Result 0 2.0 994 0.49 0.22 0.23 0.23 0.11 0.21 -1 -1 -1 -1 -1
Evo 1.00 0.00 0.50 0.39 0.50 0.50 0.50 0.21 0.01 0.18 0.27 0.39 -1 2
Result 0 4.0 1000 0.41 0.24 0.19 0.15 0.15 0.27 -1 -1 -1 -1 -1
Evo 1.00 0.00 0.50 0.45 0.50 0.50 0.50 0.16 0.00 0.32 0.15 0.22 -1 0
Result 0 2.0 1000 0.47 0.22 0.23 0.21 0.10 0.24 -1 -1 -1 -1 -1
Evo 1.01 0.00 0.50 0.38 0.50 0.50 0.50 0.21 0.02 0.31 0.11 0.18 -1 0
Result 0 2.0 143 0.41 0.19 0.25 0.15 0.15 0.26 -1 -1 -1 -1 -1
Evo 1.03 0.00 0.50 0.39 0.50 0.50 0.50 0.21 0.03 0.51 0.11 0.11 -1 29
Result 0 3.0 36 0.45 0.14 0.27 0.19 0.24 0.16 -1 -1 -1 -1 -1
Evo 1.03 0.00 0.50 0.34 0.00 0.50 0.50 0.24 0.04 0.50 0.10 0.11 -1 1
Result 0 3.0 36 0.45 0.14 0.24 0.19 0.27 0.16 -1 -1 -1 -1 -1
Evo 1.03 0.00 0.50 0.39 0.50 0.50 0.50 0.21 0.04 0.51 0.11 0.11 -1 16
Result 0 3.0 35 0.40 0.06 0.28 0.14 0.28 0.25 -1 -1 -1 -1 -1
Evo 1.03 0.00 0.50 0.38 0.00 0.50 0.50 0.22 0.03 0.50 0.11 0.11 -1 14
Result 0 3.0 39 0.50 0.30 0.13 0.25 0.20 0.13 -1 -1 -1 -1 -1
Evo 1.03 0.00 0.50 0.38 0.50 0.50 0.50 0.22 0.03 0.49 0.11 0.11 -1 14
Result 0 3.0 37 0.34 0.13 0.21 0.11 0.37 0.18 -1 -1 -1 -1 -1
Evo 1.02 0.00 0.50 0.37 0.00 0.50 0.50 0.22 0.03 0.48 0.11 0.11 -1 17
Result 0 3.0 48 0.47 0.18 0.18 0.20 0.29 0.14 -1 -1 -1 -1 -1
Evo 1.03 0.00 0.50 0.38 0.50 0.50 0.50 0.21 0.03 0.50 0.11 0.11 -1 16
Result 0 3.0 38 0.44 0.21 0.21 0.18 0.26 0.15 -1 -1 -1 -1 -1
Evo 1.03 0.00 0.50 0.33 0.00 0.50 0.50 0.24 0.04 0.50 0.10 0.11 -1 13
Result 0 3.0 34 0.44 0.11 0.20 0.17 0.34 0.17 -1 -1 -1 -1 -1
Evo 1.03 0.00 0.50 0.39 0.50 0.50 0.50 0.21 0.03 0.52 0.11 0.11 -1 29
Result 0 3.0 36 0.50 0.11 0.16 0.24 0.35 0.14 -1 -1 -1 -1 -1
Evo 1.03 0.00 0.50 0.38 0.50 0.50 0.50 0.22 0.03 0.52 0.11 0.12 -1 11
Result 0 3.0 37 0.49 0.16 0.24 0.24 0.26 0.11 -1 -1 -1 -1 -1
Evo 1.03 0.00 0.50 0.33 0.00 0.50 0.50 0.24 0.04 0.52 0.11 0.11 -1 12
Result 0 3.0 34 0.36 0.26 0.17 0.11 0.26 0.20 -1 -1 -1 -1 -1
Evo 1.03 0.00 0.50 0.38 0.50 0.50 0.50 0.22 0.04 0.51 0.11 0.11 -1 13
Result 0 3.0 35 0.53 0.08 0.17 0.36 0.17 0.22 -1 -1 -1 -1 -1
Evo 1.03 0.00 0.50 0.38 0.50 0.50 0.50 0.22 0.04 0.50 0.11 0.11 -1 14
Result 0 3.0 36 0.51 0.08 0.16 0.27 0.27 0.22 -1 -1 -1 -1 -1
Evo 1.02 0.00 0.50 0.42 0.50 0.50 0.50 0.18 0.02 0.42 0.11 0.13 -1 17
Result 0 3.0 57 0.49 0.19 0.17 0.24 0.19 0.21 -1 -1 -1 -1 -1
Evo 1.02 0.00 0.50 0.42 0.50 0.50 0.50 0.18 0.02 0.46 0.11 0.13 -1 6
Result 0 3.0 62 0.52 0.13 0.14 0.30 0.25 0.17 -1 -1 -1 -1 -1
Evo 1.03 0.00 0.50 0.38 0.50 0.50 0.50 0.22 0.04 0.50 0.11 0.11 -1 16
Result 0 3.0 36 0.43 0.32 0.30 0.16 0.16 0.05 -1 -1 -1 -1 -1
Evo 1.02 0.00 0.50 0.43 0.50 0.50 0.50 0.17 0.02 0.41 0.11 0.12 -1 51
Result 0 3.0 58 0.48 0.15 0.24 0.22 0.32 0.07 -1 -1 -1 -1 -1
Evo 1.03 0.00 0.50 0.37 0.00 0.50 0.50 0.22 0.04 0.51 0.11 0.11 -1 14
Result 0 3.0 37 0.49 0.16 0.29 0.24 0.18 0.13 -1 -1 -1 -1 -1
Evo 1.03 0.00 0.50 0.39 0.50 0.50 0.50 0.21 0.03 0.51 0.11 0.11 -1 29
Result 0 3.0 36 0.43 0.24 0.16 0.16 0.32 0.11 -1 -1 -1 -1 -1
Evo 1.03 0.00 0.50 0.38 0.50 0.50 0.50 0.22 0.03 0.51 0.11 0.11 -1 16
Result 0 3.0 37 0.51 0.18 0.26 0.26 0.21 0.08 -1 -1 -1 -1 -1
Evo 1.00 0.00 0.50 0.42 0.50 0.50 0.50 0.18 0.01 0.01 0.04 0.13 -1 0
Result 0 0.0 1000 0.48 0.21 0.24 0.22 0.09 0.24 -1 -1 -1 -1 -1
Evo 1.00 0.00 0.50 0.42 0.50 0.50 0.50 0.18 0.01 0.03 0.12 0.29 -1 0
Result 0 0.0 1000 0.47 0.25 0.24 0.21 0.08 0.21 -1 -1 -1 -1 -1
Evo 1.00 0.00 0.50 0.42 0.50 0.50 0.50 0.19 0.01 0.43 0.04 0.12 -1 1
Result 0 0.0 1000 0.47 0.23 0.26 0.20 0.09 0.22 -1 -1 -1 -1 -1
Evo 1.00 0.00 0.50 0.42 0.50 0.50 0.50 0.19 0.01 0.43 0.10 0.26 -1 12
Result 0 0.0 1000 0.48 0.22 0.27 0.21 0.09 0.21 -1 -1 -1 -1 -1
Evo 1.00 0.00 0.50 0.41 0.50 0.50 0.50 0.19 0.01 0.45 0.04 0.13 -1 2
Result 0 0.0 1000 0.48 0.22 0.26 0.23 0.07 0.23 -1 -1 -1 -1 -1
Evo 1.00 0.00 0.50 0.43 0.50 0.50 0.50 0.17 0.01 0.18 0.04 0.14 -1 0
Result 0 0.0 1000 0.49 0.23 0.24 0.23 0.07 0.23 -1 -1 -1 -1 -1
Evo 1.00 0.00 0.50 0.41 0.50 0.50 0.50 0.19 0.01 0.23 0.04 0.11 -1 0
Result 0 0.0 1000 0.48 0.23 0.22 0.22 0.09 0.24 -1 -1 -1 -1 -1
Evo 1.00 0.00 0.50 0.46 0.50 0.50 0.50 0.14 0.00 0.32 0.40 0.77 -1 4
Result 0 1.0 1000 0.45 0.19 0.21 0.19 0.20 0.21 -1 -1 -1 -1 -1
Evo 1.00 0.00 1.00 0.45 0.50 0.50 0.50 0.20 0.01 0.19 0.16 0.25 218 4
Result 1 5.0 225 0.42 0.22 0.21 0.16 0.16 0.25 -1 -1 -1 -1 -1
Evo 1.00 0.00 0.50 0.41 0.50 0.50 0.50 0.19 0.01 0.45 0.05 0.14 -1 1
Result 0 0.0 997 0.48 0.21 0.25 0.22 0.09 0.22 -1 -1 -1 -1 -1
Evo 1.00 0.00 0.50 0.42 0.50 0.50 0.50 0.19 0.01 0.51 0.30 0.68 -1 4
Result 0 1.0 1000 0.45 0.23 0.22 0.19 0.14 0.23 -1 -1 -1 -1 -1
Evo 1.00 0.00 0.50 0.42 0.50 0.50 0.50 0.18 0.01 0.01 0.04 0.14 -1 0
Result 0 0.0 1000 0.48 0.20 0.26 0.21 0.08 0.24 -1 -1 -1 -1 -1
Evo 1.00 0.00 0.50 0.42 0.50 0.50 0.50 0.18 0.01 0.52 0.26 0.64 -1 2
Result 0 1.0 1000 0.45 0.21 0.20 0.18 0.14 0.26 -1 -1 -1 -1 -1
Evo 1.00 0.00 0.50 0.42 0.50 0.50 0.50 0.18 0.01 0.01 0.09 0.25 -1 0
Result 0 0.0 1000 0.49 0.21 0.23 0.24 0.08 0.24 -1 -1 -1 -1 -1
Evo 1.00 0.00 0.50 0.41 0.50 0.50 0.50 0.19 0.01 0.44 0.04 0.11 -1 1
Result 0 0.0 1000 0.48 0.22 0.27 0.21 0.08 0.22 -1 -1 -1 -1 -1
Evo 1.00 0.00 0.50 0.41 0.50 0.50 0.50 0.19 0.01 0.01 0.09 0.23 -1 1
Result 0 0.0 1000 0.48 0.21 0.24 0.22 0.08 0.24 -1 -1 -1 -1 -1
Evo 1.01 0.00 0.50 0.30 0.00 0.50 0.50 0.25 0.02 0.53 0.15 0.23 -1 2
Result 0 0.0 135 0.50 0.18 0.26 0.24 0.11 0.21 -1 -1 -1 -1 -1
Evo 1.00 0.00 0.50 0.33 0.00 0.50 0.50 0.24 0.01 0.53 0.34 0.55 -1 0
Result 0 2.0 1000 0.43 0.25 0.21 0.17 0.18 0.19 -1 -1 -1 -1 -1
Evo 1.00 0.00 0.50 0.43 0.50 0.50 0.50 0.17 0.01 0.39 0.04 0.14 -1 1
Result 0 0.0 1000 0.49 0.23 0.23 0.23 0.07 0.23 -1 -1 -1 -1 -1
Evo 1.00 0.00 0.50 0.44 0.50 0.50 0.50 0.16 0.01 0.33 0.37 0.80 -1 1
Result 0 1.0 1000 0.44 0.20 0.20 0.18 0.20 0.22 -1 -1 -1 -1 -1
Evo 1.00 0.00 0.50 0.42 0.50 0.50 0.50 0.19 0.01 0.45 0.08 0.12 -1 1
Result 0 1.0 1000 0.47 0.21 0.15 0.21 0.21 0.21 -1 -1 -1 -1 -1
Evo 1.00 0.00 0.50 0.38 0.50 0.50 0.50 0.21 0.01 0.53 0.08 0.11 -1 0
Result 0 1.0 1000 0.44 0.20 0.16 0.17 0.26 0.21 -1 -1 -1 -1 -1
Evo 1.00 0.00 0.50 0.47 0.50 0.50 0.50 0.13 0.00 0.16 0.07 0.09 -1 0
Result 0 1.0 1000 0.47 0.20 0.16 0.21 0.18 0.24 -1 -1 -1 -1 -1
Evo 1.00 0.00 0.50 0.45 0.50 0.50 0.50 0.15 0.00 0.29 0.07 0.10 -1 0
Result 0 1.0 1000 0.45 0.21 0.18 0.18 0.21 0.22 -1 -1 -1 -1 -1
Evo 1.00 0.00 0.50 0.33 0.00 0.50 0.50 0.24 0.01 0.03 0.03 0.07 -1 0
Result 0 0.0 1000 0.42 0.23 0.14 0.16 0.30 0.18 -1 -1 -1 -1 -1
Evo 1.00 0.00 0.50 0.36 0.00 0.50 0.50 0.22 0.01 0.51 0.09 0.12 -1 0
Result 0 1.0 1000 0.45 0.22 0.15 0.19 0.24 0.20 -1 -1 -1 -1 -1
Evo 1.00 0.00 0.50 0.43 0.50 0.50 0.50 0.17 0.01 0.35 0.07 0.09 -1 3
Result 0 1.0 1000 0.46 0.21 0.15 0.19 0.21 0.24 -1 -1 -1 -1 -1
Evo 1.00 0.00 0.50 0.47 0.50 0.50 0.50 0.11 0.00 0.12 0.07 0.09 -1 0
Result 0 1.0 1000 0.46 0.22 0.16 0.19 0.19 0.23 -1 -1 -1 -1 -1
Evo 1.00 0.00 0.50 0.32 0.00 0.50 0.50 0.24 0.01 0.53 0.02 0.05 -1 0
Result 0 0.0 995 0.42 0.24 0.13 0.16 0.29 0.17 -1 -1 -1 -1 -1
Evo 1.00 0.00 0.50 0.43 0.50 0.50 0.50 0.18 0.01 0.41 0.07 0.09 -1 1
Result 0 1.0 1000 0.48 0.21 0.15 0.22 0.22 0.20 -1 -1 -1 -1 -1
Evo 1.00 0.00 0.50 0.44 0.50 0.50 0.50 0.16 0.00 0.29 0.08 0.12 -1 0
Result 0 1.0 1000 0.43 0.20 0.14 0.16 0.24 0.25 -1 -1 -1 -1 -1
Evo 1.00 0.00 0.50 0.46 0.50 0.50 0.50 0.14 0.00 0.17 0.08 0.12 -1 0
Result 0 1.0 1000 0.46 0.21 0.16 0.19 0.21 0.22 -1 -1 -1 -1 -1
Evo 1.00 0.00 0.50 0.47 0.50 0.50 0.50 0.13 0.00 0.13 0.07 0.12 -1 3
Result 0 1.0 1000 0.47 0.22 0.16 0.20 0.19 0.23 -1 -1 -1 -1 -1
Evo 1.00 0.00 0.50 0.44 0.50 0.50 0.50 0.16 0.01 0.30 0.09 0.13 -1 0
Result 0 1.0 1000 0.45 0.22 0.16 0.19 0.20 0.23 -1 -1 -1 -1 -1
Evo 1.00 0.00 0.50 0.45 0.50 0.50 0.50 0.16 0.00 0.30 0.07 0.10 -1 0
Result 0 1.0 1000 0.48 0.19 0.15 0.21 0.23 0.21 -1 -1 -1 -1 -1
Evo 1.00 0.00 0.50 0.44 0.50 0.50 0.50 0.17 0.01 0.33 0.08 0.13 -1 0
Result 0 1.0 1000 0.46 0.20 0.17 0.19 0.20 0.23 -1 -1 -1 -1 -1
Evo 1.00 0.00 0.50 0.30 0.00 0.50 0.50 0.24 0.01 0.03 0.03 0.07 -1 0
Result 0 0.0 1000 0.43 0.23 0.15 0.16 0.29 0.17 -1 -1 -1 -1 -1
Evo 1.00 0.00 0.50 0.41 0.50 0.50 0.50 0.20 0.01 0.49 0.07 0.10 -1 1
Result 0 1.0 1000 0.45 0.22 0.17 0.18 0.22 0.21 -1 -1 -1 -1 -1
Evo 1.00 0.00 0.50 0.33 0.00 0.50 0.50 0.24 0.01 0.02 0.02 0.05 -1 0
Result 0 0.0 994 0.41 0.22 0.16 0.15 0.29 0.18 -1 -1 -1 -1 -1
Evo 1.00 0.00 0.50 0.37 0.00 0.50 0.50 0.22 0.01 0.52 0.07 0.10 -1 1
Result 0 1.0 1000 0.46 0.22 0.16 0.19 0.25 0.18 -1 -1 -1 -1 -1
Evo 1.00 0.00 0.50 0.29 0.00 0.50 0.50 0.25 0.01 0.44 0.06 0.13 -1 15
Result 0 2.0 995 0.52 0.23 0.15 0.30 0.17 0.16 -1 -1 -1 -1 -1
Evo 1.00 0.00 0.50 0.29 0.00 0.50 0.50 0.25 0.01 0.48 0.09 0.14 -1 15
Result 0 3.0 1000 0.52 0.26 0.13 0.31 0.14 0.15 -1 -1 -1 -1 -1
Evo 1.00 0.00 0.50 0.27 0.00 0.50 0.50 0.25 0.01 0.46 0.10 0.13 -1 4
Result 0 3.0 998 0.53 0.24 0.14 0.32 0.16 0.15 -1 -1 -1 -1 -1
Evo 1.00 0.00 0.50 0.29 0.00 0.50 0.50 0.25 0.01 0.49 0.07 0.11 -1 30
Result 0 3.0 1000 0.52 0.26 0.13 0.31 0.16 0.14 -1 -1 -1 -1 -1
Evo 1.00 0.00 0.50 0.28 0.00 0.50 0.50 0.25 0.01 0.49 0.08 0.11 -1 12
Result 0 3.0 1000 0.52 0.22 0.13 0.31 0.18 0.16 -1 -1 -1 -1 -1
Evo 1.01 0.00 0.50 0.42 0.50 0.50 0.50 0.19 0.02 0.32 0.13 0.17 -1 14
Result 0 3.0 116 0.44 0.17 0.30 0.18 0.19 0.16 -1 -1 -1 -1 -1
Evo 1.00 0.00 0.50 0.28 0.00 0.50 0.50 0.25 0.01 0.47 0.07 0.11 -1 1
Result 0 3.0 1000 0.52 0.24 0.15 0.30 0.15 0.15 -1 -1 -1 -1 -1
Evo 1.00 0.00 0.50 0.27 0.00 0.50 0.50 0.25 0.01 0.45 0.08 0.11 -1 12
Result 0 3.0 1000 0.53 0.24 0.14 0.33 0.14 0.16 -1 -1 -1 -1 -1
Evo 1.00 0.00 0.50 0.28 0.00 0.50 0.50 0.25 0.01 0.46 0.06 0.14 -1 18
Result 0 2.0 1000 0.52 0.26 0.14 0.29 0.15 0.16 -1 -1 -1 -1 -1
Evo 1.00 0.00 0.50 0.29 0.00 0.50 0.50 0.25 0.01 0.46 0.07 0.12 -1 13
Result 0 3.0 1000 0.52 0.22 0.15 0.31 0.16 0.16 -1 -1 -1 -1 -1
Evo 1.00 0.00 0.50 0.29 0.00 0.50 0.50 0.25 0.01 0.45 0.09 0.14 -1 13
Result 0 3.0 998 0.53 0.23 0.13 0.32 0.16 0.17 -1 -1 -1 -1 -1
Evo 1.00 0.00 0.50 0.28 0.00 0.50 0.50 0.25 0.01 0.47 0.09 0.11 -1 1
Result 0 3.0 999 0.53 0.23 0.14 0.32 0.16 0.15 -1 -1 -1 -1 -1
Evo 1.00 0.00 0.50 0.28 0.00 0.50 0.50 0.25 0.01 0.45 0.09 0.12 -1 3
Result 0 3.0 1000 0.52 0.23 0.14 0.31 0.16 0.16 -1 -1 -1 -1 -1
Evo 1.00 0.00 0.50 0.29 0.00 0.50 0.50 0.25 0.01 0.46 0.06 0.10 -1 1
Result 0 2.0 993 0.53 0.23 0.14 0.33 0.15 0.14 -1 -1 -1 -1 -1
Evo 1.00 0.00 0.50 0.36 0.00 0.50 0.50 0.22 0.01 0.26 0.20 0.27 -1 12
Result 0 4.0 1000 0.51 0.22 0.24 0.27 0.11 0.16 -1 -1 -1 -1 -1
Evo 1.00 0.00 0.50 0.28 0.00 0.50 0.50 0.25 0.01 0.46 0.08 0.11 -1 28
Result 0 3.0 1000 0.52 0.26 0.15 0.31 0.15 0.13 -1 -1 -1 -1 -1
Evo 1.00 0.00 0.50 0.27 0.00 0.50 0.50 0.25 0.01 0.46 0.09 0.12 -1 14
Result 0 3.0 999 0.53 0.22 0.14 0.33 0.15 0.15 -1 -1 -1 -1 -1
Evo 1.01 0.00 0.50 0.43 0.50 0.50 0.50 0.17 0.02 0.29 0.14 0.20 -1 16
Result 0 3.0 113 0.49 0.18 0.14 0.23 0.22 0.23 -1 -1 -1 -1 -1
Evo 1.00 0.00 0.50 0.27 0.00 0.50 0.50 0.25 0.01 0.49 0.08 0.11 -1 3
Result 0 3.0 1000 0.52 0.21 0.14 0.31 0.17 0.16 -1 -1 -1 -1 -1
Evo 1.00 0.00 0.50 0.28 0.00 0.50 0.50 0.25 0.01 0.47 0.08 0.11 -1 17
Result 0 3.0 1000 0.52 0.23 0.15 0.30 0.16 0.16 -1 -1 -1 -1 -1
