Evo 1.00 0.00 1.00 0.95 1.00 1.00 1.00 0.23 0.01 0.53 0.06 0.08 -1 62
Result 0 0.0 1500 0.45 0.17 0.18 0.15 0.19 0.14 0.16 -1 -1 -1 -1
Evo 1.00 0.00 1.00 0.99 1.00 1.00 1.00 0.08 0.00 0.49 0.06 0.09 -1 543
Result 0 0.0 1500 0.43 0.17 0.16 0.17 0.18 0.16 0.17 -1 -1 -1 -1
Evo 1.00 0.00 1.00 0.99 1.00 1.00 1.00 0.09 0.00 0.43 0.06 0.08 -1 391
Result 0 0.0 1500 0.43 0.17 0.17 0.18 0.18 0.14 0.16 -1 -1 -1 -1
Evo 1.00 0.00 1.00 0.99 1.00 1.00 1.00 0.07 0.00 0.01 0.04 0.06 -1 1493
Result 0 0.0 1500 0.43 0.18 0.17 0.19 0.16 0.15 0.15 -1 -1 -1 -1
Evo 1.00 0.00 1.00 0.99 1.00 1.00 1.00 0.11 0.00 0.53 0.06 0.09 -1 4
Result 0 3.0 1500 0.42 0.17 0.16 0.17 0.17 0.15 0.18 -1 -1 -1 -1
Evo 1.00 0.00 1.00 0.98 1.00 1.00 1.00 0.13 0.00 0.50 0.06 0.09 -1 59
Result 0 2.0 1500 0.43 0.17 0.17 0.17 0.17 0.16 0.16 -1 -1 -1 -1
Evo 1.00 0.00 1.00 0.99 1.00 1.00 1.00 0.10 0.00 0.50 0.06 0.09 -1 549
Result 0 1.0 1500 0.44 0.17 0.17 0.17 0.17 0.16 0.17 -1 -1 -1 -1
Evo 1.00 0.00 1.00 0.99 1.00 1.00 1.00 0.10 0.00 0.50 0.06 0.09 -1 13
Result 0 1.0 1500 0.43 0.17 0.16 0.17 0.16 0.17 0.16 -1 -1 -1 -1
Evo 1.00 0.00 1.00 0.99 1.00 1.00 1.00 0.12 0.00 0.46 0.07 0.09 -1 6
Result 0 1.0 1500 0.43 0.15 0.17 0.18 0.16 0.16 0.18 -1 -1 -1 -1
Evo 1.00 0.00 1.00 0.99 1.00 1.00 1.00 0.10 0.00 0.53 0.06 0.09 -1 535
Result 0 1.0 1500 0.44 0.15 0.18 0.18 0.16 0.16 0.17 -1 -1 -1 -1
Evo 1.00 0.00 1.00 0.99 1.00 1.00 1.00 0.10 0.00 0.52 0.07 0.09 -1 167
Result 0 1.0 1500 0.43 0.16 0.17 0.18 0.16 0.15 0.17 -1 -1 -1 -1
Evo 1.00 0.00 1.00 0.99 1.00 1.00 1.00 0.11 0.00 0.51 0.05 0.09 -1 231
Result 0 2.0 1500 0.43 0.17 0.16 0.16 0.17 0.16 0.18 -1 -1 -1 -1
Evo 1.00 0.00 1.00 0.99 1.00 1.00 1.00 0.11 0.00 0.41 0.06 0.09 -1 381
Result 0 2.0 1500 0.41 0.18 0.15 0.17 0.18 0.16 0.17 -1 -1 -1 -1
Evo 1.00 0.00 1.00 0.99 1.00 1.00 1.00 0.10 0.00 0.53 0.06 0.07 -1 371
Result 0 1.0 1500 0.42 0.17 0.16 0.18 0.16 0.16 0.18 -1 -1 -1 -1
Evo 1.00 0.00 1.00 0.99 1.00 1.00 1.00 0.10 0.00 0.10 0.05 0.06 -1 987
Result 0 0.0 1500 0.43 0.18 0.17 0.18 0.17 0.15 0.16 -1 -1 -1 -1
Evo 1.00 0.00 1.00 0.99 1.00 1.00 1.00 0.11 0.00 0.52 0.06 0.09 -1 174
Result 0 1.0 1500 0.43 0.17 0.16 0.17 0.16 0.17 0.17 -1 -1 -1 -1
Evo 1.00 0.00 1.00 0.99 1.00 1.00 1.00 0.09 0.00 0.52 0.06 0.09 -1 481
Result 0 0.0 1500 0.43 0.16 0.16 0.19 0.15 0.16 0.17 -1 -1 -1 -1
Evo 1.00 0.00 1.00 0.99 1.00 1.00 1.00 0.09 0.00 0.53 0.06 0.09 -1 32
Result 0 0.0 1500 0.42 0.17 0.15 0.17 0.18 0.16 0.17 -1 -1 -1 -1
Evo 1.00 0.00 1.00 0.99 1.00 1.00 1.00 0.10 0.00 0.52 0.06 0.09 -1 479
Result 0 1.0 1500 0.42 0.16 0.16 0.17 0.19 0.16 0.16 -1 -1 -1 -1
Evo 1.00 0.00 1.00 0.99 1.00 1.00 1.00 0.11 0.00 0.51 0.07 0.09 -1 101
Result 0 0.0 1500 0.43 0.19 0.16 0.16 0.16 0.16 0.16 -1 -1 -1 -1
Evo 1.00 0.00 1.00 0.99 1.00 1.00 1.00 0.09 0.00 0.44 0.05 0.08 -1 45
Result 0 0.0 1500 0.42 0.18 0.16 0.15 0.18 0.16 0.18 -1 -1 -1 -1
Evo 1.00 0.00 1.00 0.99 1.00 1.00 1.00 0.09 0.00 0.04 0.05 0.08 -1 720
Result 0 0.0 1500 0.41 0.17 0.15 0.20 0.16 0.15 0.17 -1 -1 -1 -1
Evo 1.00 0.00 1.00 0.99 1.00 1.00 1.00 0.11 0.00 0.38 0.05 0.07 -1 363
Result 0 0.0 1500 0.43 0.17 0.17 0.17 0.17 0.16 0.17 -1 -1 -1 -1
Evo 1.00 0.00 1.00 0.99 1.00 1.00 1.00 0.10 0.00 0.49 0.07 0.09 -1 519
Result 0 0.0 1500 0.43 0.16 0.16 0.19 0.17 0.16 0.16 -1 -1 -1 -1
Evo 1.00 0.00 1.00 0.99 1.00 1.00 1.00 0.10 0.00 0.31 0.06 0.09 -1 106
Result 0 2.0 1500 0.43 0.17 0.17 0.16 0.15 0.17 0.18 -1 -1 -1 -1
Evo 1.00 0.00 1.00 0.99 1.00 1.00 1.00 0.10 0.00 0.49 0.06 0.09 -1 97
Result 0 2.0 1500 0.42 0.16 0.16 0.16 0.18 0.14 0.19 -1 -1 -1 -1
Evo 1.00 0.00 1.00 0.99 1.00 1.00 1.00 0.10 0.00 0.50 0.06 0.09 -1 86
Result 0 0.0 1500 0.43 0.17 0.16 0.18 0.16 0.14 0.19 -1 -1 -1 -1
Evo 1.00 0.00 1.00 0.99 1.00 1.00 1.00 0.11 0.00 0.36 0.06 0.09 -1 115
Result 0 1.0 1500 0.40 0.17 0.14 0.18 0.19 0.16 0.16 -1 -1 -1 -1
Evo 1.00 0.00 1.00 0.99 1.00 1.00 1.00 0.09 0.00 0.25 0.06 0.09 -1 119
Result 0 0.0 1500 0.44 0.16 0.17 0.17 0.17 0.16 0.17 -1 -1 -1 -1
Evo 1.00 0.00 1.00 0.99 1.00 1.00 1.00 0.11 0.00 0.44 0.06 0.08 -1 201
Result 0 1.0 1500 0.41 0.18 0.15 0.17 0.19 0.15 0.17 -1 -1 -1 -1
Evo 1.00 0.00 1.00 0.99 1.00 1.00 1.00 0.09 0.00 0.33 0.06 0.08 -1 588
Result 0 0.0 1500 0.43 0.18 0.17 0.16 0.18 0.16 0.16 -1 -1 -1 -1
Evo 1.00 0.00 1.00 0.99 1.00 1.00 1.00 0.10 0.00 0.49 0.06 0.08 -1 98
Result 0 1.0 1500 0.44 0.17 0.17 0.16 0.16 0.17 0.17 -1 -1 -1 -1
Evo 1.00 0.00 1.00 0.99 1.00 1.00 1.00 0.10 0.00 0.51 0.07 0.09 -1 148
Result 0 1.0 1500 0.40 0.18 0.14 0.18 0.17 0.14 0.18 -1 -1 -1 -1
Evo 1.00 0.00 1.00 0.99 1.00 1.00 1.00 0.08 0.00 0.51 0.05 0.07 -1 251
Result 0 1.0 1500 0.43 0.15 0.17 0.18 0.17 0.16 0.17 -1 -1 -1 -1
Evo 1.00 0.00 1.00 0.99 1.00 1.00 1.00 0.10 0.00 0.53 0.06 0.08 -1 6
Result 0 1.0 1500 0.45 0.18 0.18 0.18 0.16 0.16 0.15 -1 -1 -1 -1
Evo 1.00 0.00 1.00 0.99 1.00 1.00 1.00 0.11 0.00 0.35 0.07 0.09 -1 302
Result 0 1.0 1500 0.41 0.18 0.15 0.18 0.17 0.16 0.16 -1 -1 -1 -1
Evo 1.00 0.00 1.00 0.99 1.00 1.00 1.00 0.09 0.00 0.53 0.06 0.09 -1 130
Result 0 0.0 1500 0.43 0.16 0.17 0.17 0.17 0.16 0.16 -1 -1 -1 -1
Evo 1.00 0.00 1.00 0.99 1.00 1.00 1.00 0.10 0.00 0.53 0.06 0.08 -1 36
Result 0 0.0 1500 0.42 0.16 0.15 0.18 0.19 0.16 0.16 -1 -1 -1 -1
Evo 1.00 0.00 1.00 0.99 1.00 1.00 1.00 0.07 0.00 0.44 0.06 0.08 -1 50
Result 0 0.0 1500 0.44 0.16 0.18 0.16 0.19 0.14 0.18 -1 -1 -1 -1
Evo 1.00 0.00 1.00 0.98 1.00 1.00 1.00 0.13 0.00 0.53 0.07 0.09 -1 130
Result 0 1.0 1500 0.43 0.17 0.16 0.17 0.18 0.15 0.16 -1 -1 -1 -1
Evo 1.00 0.00 1.00 0.99 1.00 1.00 1.00 0.10 0.00 0.34 0.04 0.07 -1 21
Result 0 0.0 1500 0.45 0.15 0.18 0.16 0.17 0.17 0.17 -1 -1 -1 -1
Evo 1.00 0.00 1.00 0.99 1.00 1.00 1.00 0.09 0.00 0.35 0.05 0.08 -1 13
Result 0 0.0 1500 0.43 0.18 0.17 0.15 0.18 0.15 0.18 -1 -1 -1 -1
Evo 1.00 0.00 1.00 0.99 1.00 1.00 1.00 0.10 0.00 0.51 0.04 0.07 -1 173
Result 0 0.0 1500 0.43 0.17 0.16 0.16 0.16 0.18 0.16 -1 -1 -1 -1
Evo 1.00 0.00 1.00 0.99 1.00 1.00 1.00 0.12 0.00 0.51 0.06 0.08 -1 35
Result 0 0.0 1500 0.42 0.18 0.15 0.14 0.17 0.18 0.17 -1 -1 -1 -1
Evo 1.00 0.00 1.00 0.99 1.00 1.00 1.00 0.11 0.00 0.47 0.06 0.08 -1 187
Result 0 1.0 1500 0.42 0.17 0.15 0.17 0.16 0.19 0.16 -1 -1 -1 -1
Evo 1.00 0.00 1.00 0.99 1.00 1.00 1.00 0.10 0.00 0.21 0.05 0.07 -1 49
Result 0 0.0 1500 0.44 0.18 0.17 0.14 0.16 0.17 0.17 -1 -1 -1 -1
Evo 1.00 0.00 1.00 0.98 1.00 1.00 1.00 0.12 0.00 0.53 0.05 0.08 -1 120
Result 0 0.0 1500 0.41 0.19 0.15 0.16 0.16 0.17 0.17 -1 -1 -1 -1
Evo 1.00 0.00 1.00 0.99 1.00 1.00 1.00 0.11 0.00 0.53 0.05 0.07 -1 219
Result 0 1.0 1500 0.44 0.17 0.18 0.14 0.18 0.17 0.16 -1 -1 -1 -1
Evo 1.00 0.00 1.00 0.99 1.00 1.00 1.00 0.09 0.00 0.38 0.05 0.08 -1 165
Result 0 0.0 1500 0.44 0.16 0.18 0.14 0.17 0.18 0.16 -1 -1 -1 -1
Evo 1.00 0.00 1.00 0.99 1.00 1.00 1.00 0.11 0.00 0.49 0.05 0.07 -1 58
Result 0 1.0 1500 0.43 0.16 0.17 0.16 0.19 0.17 0.16 -1 -1 -1 -1
Evo 1.00 0.00 1.00 0.99 1.00 1.00 1.00 0.09 0.00 0.48 0.05 0.08 -1 551
Result 0 0.0 1500 0.44 0.16 0.17 0.15 0.17 0.17 0.18 -1 -1 -1 -1
Evo 1.00 0.00 1.00 0.98 1.00 1.00 1.00 0.13 0.00 0.53 0.05 0.08 -1 241
Result 0 2.0 1500 0.43 0.18 0.16 0.15 0.18 0.16 0.17 -1 -1 -1 -1
Evo 1.00 0.00 1.00 0.99 1.00 1.00 1.00 0.09 0.00 0.51 0.06 0.08 -1 58
Result 0 2.0 1500 0.42 0.17 0.16 0.16 0.17 0.18 0.16 -1 -1 -1 -1
Evo 1.00 0.00 1.00 0.99 1.00 1.00 1.00 0.10 0.00 0.49 0.05 0.07 -1 72
Result 0 1.0 1500 0.43 0.16 0.17 0.17 0.18 0.18 0.15 -1 -1 -1 -1
Evo 1.00 0.00 1.00 0.99 1.00 1.00 1.00 0.09 0.00 0.10 0.04 0.06 -1 39
Result 0 1.0 1500 0.43 0.16 0.17 0.15 0.17 0.18 0.17 -1 -1 -1 -1
Evo 1.00 0.00 1.00 0.99 1.00 1.00 1.00 0.11 0.00 0.45 0.04 0.06 -1 80
Result 0 1.0 1500 0.43 0.16 0.17 0.16 0.16 0.19 0.17 -1 -1 -1 -1
Evo 1.00 0.00 1.00 0.99 1.00 1.00 1.00 0.11 0.00 0.53 0.04 0.07 -1 166
Result 0 2.0 1500 0.43 0.17 0.16 0.16 0.16 0.18 0.16 -1 -1 -1 -1
Evo 1.00 0.00 1.00 0.99 1.00 1.00 1.00 0.11 0.00 0.47 0.06 0.08 -1 265
Result 0 1.0 1500 0.43 0.15 0.16 0.16 0.17 0.18 0.18 -1 -1 -1 -1
Evo 1.00 0.00 1.00 0.99 1.00 1.00 1.00 0.09 0.00 0.38 0.04 0.06 -1 143
Result 0 1.0 1500 0.44 0.15 0.18 0.17 0.16 0.18 0.16 -1 -1 -1 -1
Evo 1.00 0.00 1.00 0.99 1.00 1.00 1.00 0.09 0.00 0.51 0.06 0.07 -1 585
Result 0 0.0 1500 0.44 0.16 0.17 0.14 0.19 0.16 0.17 -1 -1 -1 -1
Evo 1.00 0.00 1.00 0.99 1.00 1.00 1.00 0.09 0.00 0.50 0.05 0.06 -1 146
Result 0 0.0 1500 0.42 0.16 0.16 0.16 0.17 0.18 0.17 -1 -1 -1 -1
Evo 1.00 0.00 1.00 0.99 1.00 1.00 1.00 0.08 0.00 0.50 0.05 0.06 -1 363
Result 0 1.0 1500 0.42 0.18 0.16 0.16 0.17 0.18 0.16 -1 -1 -1 -1
Evo 1.00 0.00 1.00 0.99 1.00 1.00 1.00 0.11 0.00 0.47 0.05 0.06 -1 318
Result 0 0.0 1500 0.43 0.16 0.17 0.16 0.17 0.18 0.16 -1 -1 -1 -1
Evo 1.00 0.00 1.00 0.99 1.00 1.00 1.00 0.09 0.00 0.51 0.05 0.06 -1 837
Result 0 2.0 1500 0.42 0.17 0.16 0.16 0.17 0.18 0.17 -1 -1 -1 -1
Evo 1.00 0.00 1.00 0.99 1.00 1.00 1.00 0.07 0.00 0.52 0.04 0.05 -1 1493
Result 0 0.0 1500 0.43 0.16 0.17 0.16 0.16 0.17 0.19 -1 -1 -1 -1
Evo 1.00 0.00 1.00 0.98 1.00 1.00 1.00 0.13 0.00 0.50 0.05 0.06 -1 38
Result 0 1.0 1500 0.44 0.16 0.17 0.17 0.16 0.16 0.17 -1 -1 -1 -1
Evo 1.00 0.00 1.00 0.99 1.00 1.00 1.00 0.07 0.00 0.43 0.05 0.06 -1 1493
Result 0 1.0 1500 0.43 0.15 0.16 0.18 0.17 0.16 0.18 -1 -1 -1 -1
Evo 1.00 0.00 1.00 0.99 1.00 1.00 1.00 0.11 0.00 0.37 0.05 0.06 -1 86
Result 0 1.0 1500 0.43 0.17 0.17 0.16 0.15 0.18 0.17 -1 -1 -1 -1
Evo 1.00 0.00 1.00 0.99 1.00 1.00 1.00 0.10 0.00 0.42 0.04 0.06 -1 707
Result 0 0.0 1500 0.42 0.16 0.16 0.16 0.19 0.17 0.16 -1 -1 -1 -1
Evo 1.00 0.00 1.00 0.99 1.00 1.00 1.00 0.11 0.00 0.46 0.05 0.06 -1 173
Result 0 1.0 1500 0.42 0.18 0.16 0.16 0.18 0.17 0.16 -1 -1 -1 -1
Evo 1.00 0.00 1.00 0.99 1.00 1.00 1.00 0.10 0.00 0.49 0.04 0.06 -1 396
Result 0 0.0 1500 0.43 0.18 0.17 0.16 0.17 0.16 0.16 -1 -1 -1 -1
Evo 1.00 0.00 1.00 0.99 1.00 1.00 1.00 0.10 0.00 0.42 0.04 0.06 -1 1065
Result 0 0.0 1500 0.43 0.16 0.17 0.17 0.17 0.17 0.17 -1 -1 -1 -1
Evo 1.00 0.00 1.00 0.99 1.00 1.00 1.00 0.08 0.00 0.39 0.04 0.05 -1 112
Result 0 1.0 1500 0.42 0.17 0.16 0.17 0.18 0.16 0.17 -1 -1 -1 -1
Evo 1.00 0.00 1.00 0.99 1.00 1.00 1.00 0.09 0.00 0.47 0.04 0.06 -1 222
Result 0 1.0 1500 0.42 0.16 0.16 0.18 0.19 0.17 0.15 -1 -1 -1 -1
Evo 1.00 0.00 1.00 0.99 1.00 1.00 1.00 0.10 0.00 0.49 0.05 0.06 -1 363
Result 0 2.0 1500 0.42 0.16 0.16 0.17 0.17 0.17 0.18 -1 -1 -1 -1
Evo 1.00 0.00 1.00 0.99 1.00 1.00 1.00 0.11 0.00 0.50 0.05 0.06 -1 315
Result 0 2.0 1500 0.41 0.17 0.15 0.16 0.16 0.18 0.18 -1 -1 -1 -1
Evo 1.00 0.00 1.00 0.99 1.00 1.00 1.00 0.12 0.00 0.51 0.05 0.06 -1 382
Result 0 0.0 1500 0.42 0.18 0.15 0.16 0.16 0.16 0.19 -1 -1 -1 -1
Evo 1.00 0.00 1.00 0.99 1.00 1.00 1.00 0.10 0.00 0.44 0.04 0.06 -1 1048
Result 0 1.0 1500 0.43 0.17 0.16 0.17 0.16 0.17 0.17 -1 -1 -1 -1
Evo 1.00 0.00 1.00 0.99 1.00 1.00 1.00 0.09 0.00 0.53 0.05 0.06 -1 1258
Result 0 0.0 1500 0.41 0.17 0.15 0.16 0.16 0.17 0.18 -1 -1 -1 -1
Evo 1.00 0.00 1.00 0.99 1.00 1.00 1.00 0.08 0.00 0.53 0.04 0.06 -1 735
Result 0 0.0 1500 0.43 0.17 0.17 0.17 0.16 0.17 0.17 -1 -1 -1 -1
Evo 1.00 0.00 1.00 0.99 1.00 1.00 1.00 0.07 0.00 0.50 0.04 0.05 -1 1493
Result 0 0.0 1500 0.41 0.16 0.15 0.17 0.16 0.16 0.19 -1 -1 -1 -1
Evo 1.00 0.00 1.00 0.99 1.00 1.00 1.00 0.07 0.00 0.48 0.04 0.05 -1 1493
Result 0 0.0 1500 0.42 0.16 0.16 0.16 0.16 0.18 0.18 -1 -1 -1 -1
Evo 1.00 0.00 1.00 0.99 1.00 1.00 1.00 0.07 0.00 0.52 0.04 0.05 -1 1493
Result 0 0.0 1500 0.42 0.17 0.16 0.17 0.16 0.18 0.16 -1 -1 -1 -1
Evo 1.00 0.00 1.00 0.99 1.00 1.00 1.00 0.08 0.00 0.52 0.06 0.07 -1 1126
Result 0 0.0 1500 0.42 0.18 0.16 0.15 0.17 0.16 0.17 -1 -1 -1 -1
Evo 1.00 0.00 1.00 0.99 1.00 1.00 1.00 0.08 0.00 0.43 0.06 0.07 -1 1215
Result 0 2.0 1500 0.41 0.18 0.15 0.17 0.16 0.16 0.18 -1 -1 -1 -1
Evo 1.00 0.00 1.00 0.99 1.00 1.00 1.00 0.08 0.00 0.41 0.06 0.07 -1 287
Result 0 1.0 1500 0.41 0.17 0.15 0.16 0.18 0.16 0.18 -1 -1 -1 -1
Evo 1.00 0.00 1.00 0.99 1.00 1.00 1.00 0.07 0.00 0.36 0.04 0.05 -1 1493
Result 0 1.0 1500 0.41 0.18 0.15 0.17 0.18 0.17 0.16 -1 -1 -1 -1
Evo 1.00 0.00 1.00 0.99 1.00 1.00 1.00 0.11 0.00 0.52 0.07 0.08 -1 294
Result 0 1.0 1500 0.41 0.18 0.15 0.16 0.18 0.18 0.16 -1 -1 -1 -1
Evo 1.00 0.00 1.00 0.99 1.00 1.00 1.00 0.07 0.00 0.36 0.04 0.05 -1 1493
Result 0 0.0 1500 0.43 0.17 0.17 0.17 0.17 0.16 0.17 -1 -1 -1 -1
Evo 1.00 0.00 1.00 0.99 1.00 1.00 1.00 0.09 0.00 0.47 0.07 0.07 -1 722
Result 0 2.0 1500 0.42 0.16 0.16 0.18 0.19 0.17 0.14 -1 -1 -1 -1
Evo 1.00 0.00 1.00 0.99 1.00 1.00 1.00 0.10 0.00 0.51 0.06 0.08 -1 216
Result 0 1.0 1500 0.42 0.18 0.16 0.17 0.16 0.17 0.16 -1 -1 -1 -1
Evo 1.00 0.00 1.00 0.99 1.00 1.00 1.00 0.08 0.00 0.35 0.06 0.07 -1 906
Result 0 0.0 1500 0.43 0.17 0.16 0.16 0.17 0.18 0.16 -1 -1 -1 -1
Evo 1.00 0.00 1.00 0.99 1.00 1.00 1.00 0.09 0.00 0.52 0.06 0.07 -1 1200
Result 0 1.0 1500 0.42 0.17 0.16 0.18 0.16 0.17 0.16 -1 -1 -1 -1
Evo 1.00 0.00 1.00 0.99 1.00 1.00 1.00 0.07 0.00 0.33 0.06 0.07 -1 195
Result 0 1.0 1500 0.42 0.16 0.16 0.16 0.19 0.18 0.17 -1 -1 -1 -1
Evo 1.00 0.00 1.00 0.99 1.00 1.00 1.00 0.07 0.00 0.39 0.04 0.05 -1 1493
Result 0 0.0 1500 0.45 0.17 0.18 0.15 0.17 0.16 0.17 -1 -1 -1 -1
Evo 1.00 0.00 1.00 0.99 1.00 1.00 1.00 0.07 0.00 0.50 0.05 0.06 -1 1493
Result 0 1.0 1500 0.41 0.18 0.15 0.16 0.18 0.17 0.17 -1 -1 -1 -1
Evo 1.00 0.00 1.00 0.99 1.00 1.00 1.00 0.07 0.00 0.30 0.04 0.05 -1 1493
Result 0 0.0 1500 0.44 0.15 0.18 0.17 0.16 0.17 0.16 -1 -1 -1 -1
Evo 1.00 0.00 1.00 0.99 1.00 1.00 1.00 0.07 0.00 0.52 0.05 0.06 -1 1493
Result 0 0.0 1500 0.43 0.16 0.17 0.17 0.17 0.16 0.17 -1 -1 -1 -1
Evo 1.00 0.00 1.00 0.99 1.00 1.00 1.00 0.07 0.00 0.51 0.04 0.05 -1 1493
Result 0 0.0 1500 0.42 0.19 0.15 0.18 0.16 0.17 0.16 -1 -1 -1 -1
Evo 1.00 0.00 1.00 0.99 1.00 1.00 1.00 0.07 0.00 0.53 0.04 0.05 -1 1493
Result 0 0.0 1500 0.45 0.17 0.18 0.15 0.16 0.18 0.16 -1 -1 -1 -1
