Evo 1.00 0.00 1.00 0.93 1.00 1.00 1.00 0.23 0.01 0.18 0.31 0.56 -1 257
Result 0 10.0 532 0.44 0.20 0.17 0.21 0.22 0.20 -1 -1 -1 -1 -1
Evo 1.00 0.00 1.00 0.98 1.00 1.00 1.00 0.12 0.01 0.04 0.28 0.50 -1 525
Result 0 217.0 532 0.42 0.22 0.16 0.20 0.22 0.21 -1 -1 -1 -1 -1
Evo 1.00 0.00 1.00 0.98 1.00 1.00 1.00 0.12 0.01 0.02 0.34 0.59 -1 525
Result 0 213.0 532 0.48 0.17 0.21 0.20 0.19 0.22 -1 -1 -1 -1 -1
Evo 1.00 0.00 1.00 0.97 1.00 1.00 1.00 0.17 0.01 0.49 0.15 0.32 -1 257
Result 0 6.0 264 0.43 0.21 0.17 0.25 0.19 0.18 -1 -1 -1 -1 -1
Evo 1.00 0.00 1.00 0.97 1.00 1.00 1.00 0.17 0.01 0.48 0.19 0.33 -1 257
Result 0 6.0 264 0.48 0.22 0.22 0.20 0.18 0.17 -1 -1 -1 -1 -1
Evo 1.00 0.00 1.00 0.97 1.00 1.00 1.00 0.17 0.01 0.42 0.20 0.34 -1 257
Result 0 2.0 264 0.45 0.18 0.19 0.18 0.20 0.25 -1 -1 -1 -1 -1
Evo 1.00 0.00 1.00 0.97 1.00 1.00 1.00 0.17 0.01 0.43 0.18 0.33 -1 257
Result 0 6.0 264 0.49 0.16 0.24 0.19 0.26 0.15 -1 -1 -1 -1 -1
Evo 1.00 0.00 1.00 0.97 1.00 1.00 1.00 0.17 0.01 0.48 0.21 0.46 -1 257
Result 0 6.0 264 0.49 0.19 0.23 0.20 0.20 0.18 -1 -1 -1 -1 -1
Evo 1.00 0.00 1.00 0.97 1.00 1.00 1.00 0.17 0.01 0.48 0.15 0.30 -1 257
Result 0 8.0 264 0.47 0.21 0.21 0.18 0.22 0.17 -1 -1 -1 -1 -1
Evo 1.00 0.00 1.00 0.97 1.00 1.00 1.00 0.17 0.01 0.22 0.24 0.57 -1 257
Result 0 110.0 264 0.46 0.18 0.20 0.20 0.18 0.25 -1 -1 -1 -1 -1
Evo 1.00 0.00 1.00 0.98 1.00 1.00 1.00 0.12 0.01 0.14 0.32 0.59 -1 525
Result 0 118.0 532 0.45 0.24 0.19 0.17 0.20 0.20 -1 -1 -1 -1 -1
Evo 1.00 0.00 1.00 0.97 1.00 1.00 1.00 0.17 0.01 0.48 0.12 0.23 -1 257
Result 0 6.0 264 0.45 0.24 0.18 0.20 0.20 0.18 -1 -1 -1 -1 -1
Evo 1.00 0.00 1.00 0.97 1.00 1.00 1.00 0.16 0.01 0.18 0.19 0.40 -1 312
Result 0 9.0 319 0.50 0.18 0.25 0.19 0.22 0.16 -1 -1 -1 -1 -1
Evo 1.00 0.00 1.00 0.98 1.00 1.00 1.00 0.13 0.01 0.41 0.26 0.45 -1 257
Result 0 8.0 500 0.47 0.17 0.20 0.19 0.22 0.22 -1 -1 -1 -1 -1
Evo 1.00 0.00 1.00 0.97 1.00 1.00 1.00 0.17 0.01 0.22 0.21 0.38 -1 257
Result 0 109.0 264 0.47 0.17 0.20 0.23 0.21 0.18 -1 -1 -1 -1 -1
Evo 1.00 0.00 1.00 0.97 1.00 1.00 1.00 0.17 0.01 0.48 0.13 0.27 -1 257
Result 0 6.0 264 0.43 0.19 0.17 0.25 0.24 0.15 -1 -1 -1 -1 -1
Evo 1.00 0.00 1.00 0.98 1.00 1.00 1.00 0.15 0.01 0.24 0.28 0.45 -1 257
Result 0 116.0 532 0.44 0.21 0.18 0.18 0.23 0.20 -1 -1 -1 -1 -1
Evo 1.00 0.00 1.00 0.97 1.00 1.00 1.00 0.17 0.01 0.22 0.13 0.23 -1 257
Result 0 107.0 264 0.46 0.18 0.19 0.21 0.24 0.17 -1 -1 -1 -1 -1
Evo 1.00 0.00 1.00 0.98 1.00 1.00 1.00 0.12 0.01 0.10 0.37 0.61 -1 525
Result 0 116.0 532 0.49 0.18 0.23 0.18 0.20 0.21 -1 -1 -1 -1 -1
Evo 1.00 0.00 1.00 0.97 1.00 1.00 1.00 0.17 0.01 0.22 0.17 0.32 -1 257
Result 0 107.0 264 0.44 0.14 0.18 0.26 0.19 0.24 -1 -1 -1 -1 -1
Evo 1.00 0.00 1.00 0.98 1.00 1.00 1.00 0.13 0.01 0.11 0.25 0.41 -1 444
Result 0 113.0 451 0.45 0.16 0.19 0.22 0.21 0.22 -1 -1 -1 -1 -1
Evo 1.00 0.00 1.00 0.98 1.00 1.00 1.00 0.15 0.01 0.34 0.33 0.65 -1 257
Result 0 5.0 451 0.45 0.17 0.18 0.25 0.19 0.20 -1 -1 -1 -1 -1
Evo 1.00 0.00 1.00 0.97 1.00 1.00 1.00 0.17 0.01 0.42 0.19 0.33 -1 257
Result 0 5.0 264 0.46 0.18 0.20 0.20 0.19 0.23 -1 -1 -1 -1 -1
Evo 1.00 0.00 1.00 0.97 1.00 1.00 1.00 0.17 0.01 0.43 0.19 0.34 -1 257
Result 0 4.0 264 0.43 0.22 0.16 0.21 0.17 0.24 -1 -1 -1 -1 -1
Evo 1.00 0.00 1.00 0.98 1.00 1.00 1.00 0.14 0.01 0.32 0.31 0.58 -1 208
Result 0 5.0 451 0.44 0.22 0.18 0.23 0.20 0.17 -1 -1 -1 -1 -1
Evo 1.00 0.00 1.00 0.97 1.00 1.00 1.00 0.17 0.01 0.43 0.18 0.32 -1 249
Result 0 6.0 256 0.49 0.16 0.23 0.23 0.21 0.18 -1 -1 -1 -1 -1
Evo 1.00 0.00 1.00 0.96 1.00 1.00 1.00 0.19 0.01 0.46 0.17 0.40 -1 202
Result 0 3.0 209 0.46 0.19 0.20 0.22 0.21 0.19 -1 -1 -1 -1 -1
Evo 1.00 1.00 1.00 1.00 1.00 1.00 1.00 0.00 0.00 0.12 0.42 0.55 993 -1
Result 1 131.0 1000 0.47 0.18 0.20 0.19 0.21 0.21 -1 -1 -1 -1 -1
Evo 1.00 0.00 0.50 0.48 0.50 0.50 0.50 0.09 0.01 0.40 0.18 0.33 -1 257
Result 0 7.0 264 0.45 0.18 0.19 0.20 0.20 0.23 -1 -1 -1 -1 -1
Evo 1.00 0.00 0.50 0.48 0.50 0.50 0.50 0.09 0.01 0.43 0.17 0.37 -1 208
Result 0 5.0 215 0.45 0.16 0.18 0.19 0.22 0.25 -1 -1 -1 -1 -1
Evo 1.00 0.00 0.50 0.48 0.50 0.50 0.50 0.09 0.01 0.41 0.17 0.36 -1 249
Result 0 5.0 256 0.49 0.17 0.24 0.21 0.21 0.17 -1 -1 -1 -1 -1
Evo 1.00 0.00 0.50 0.48 0.50 0.50 0.50 0.09 0.01 0.40 0.19 0.46 -1 249
Result 0 5.0 256 0.50 0.18 0.25 0.21 0.21 0.16 -1 -1 -1 -1 -1
Evo 1.00 0.00 0.50 0.49 0.50 0.50 0.50 0.07 0.00 0.09 0.28 0.48 -1 444
Result 0 12.0 451 0.47 0.22 0.20 0.18 0.21 0.19 -1 -1 -1 -1 -1
Evo 1.00 0.00 0.50 0.48 0.50 0.50 0.50 0.09 0.01 0.39 0.18 0.39 -1 249
Result 0 5.0 256 0.46 0.21 0.19 0.20 0.25 0.15 -1 -1 -1 -1 -1
Evo 1.00 0.00 0.50 0.48 0.50 0.50 0.50 0.09 0.01 0.45 0.14 0.31 -1 257
Result 0 2.0 264 0.45 0.17 0.18 0.20 0.23 0.22 -1 -1 -1 -1 -1
Evo 1.00 0.00 0.50 0.49 0.50 0.50 0.50 0.07 0.00 0.07 0.22 0.41 -1 249
Result 0 102.0 550 0.46 0.19 0.20 0.20 0.23 0.19 -1 -1 -1 -1 -1
Evo 1.00 0.00 0.50 0.48 0.50 0.50 0.50 0.09 0.01 0.39 0.17 0.33 -1 249
Result 0 4.0 256 0.46 0.25 0.20 0.17 0.22 0.16 -1 -1 -1 -1 -1
Evo 1.00 0.00 0.50 0.48 0.50 0.50 0.50 0.09 0.01 0.33 0.20 0.35 -1 249
Result 0 5.0 256 0.48 0.18 0.21 0.16 0.25 0.20 -1 -1 -1 -1 -1
Evo 1.00 0.00 0.50 0.48 0.50 0.50 0.50 0.09 0.01 0.41 0.13 0.24 -1 249
Result 0 5.0 256 0.45 0.20 0.19 0.14 0.22 0.25 -1 -1 -1 -1 -1
Evo 1.00 0.00 0.50 0.48 0.50 0.50 0.50 0.09 0.01 0.47 0.21 0.42 -1 257
Result 0 2.0 264 0.45 0.18 0.19 0.23 0.20 0.20 -1 -1 -1 -1 -1
Evo 1.00 0.00 0.50 0.48 0.50 0.50 0.50 0.09 0.01 0.13 0.19 0.43 -1 249
Result 0 5.0 256 0.47 0.19 0.21 0.23 0.19 0.19 -1 -1 -1 -1 -1
Evo 1.02 0.00 0.50 0.42 0.50 0.50 0.50 0.18 0.02 0.41 0.05 0.13 -1 45
Result 0 -1.0 52 0.41 0.28 0.15 0.17 0.26 0.13 -1 -1 -1 -1 -1
Evo 1.00 0.00 0.50 0.48 0.50 0.50 0.50 0.09 0.01 0.29 0.20 0.47 -1 255
Result 0 4.0 262 0.46 0.20 0.19 0.24 0.20 0.17 -1 -1 -1 -1 -1
Evo 1.02 0.00 0.50 0.42 0.50 0.50 0.50 0.18 0.02 0.41 0.04 0.12 -1 45
Result 0 -1.0 52 0.41 0.23 0.15 0.19 0.23 0.21 -1 -1 -1 -1 -1
Evo 1.00 0.00 0.50 0.48 0.50 0.50 0.50 0.09 0.01 0.24 0.18 0.40 -1 255
Result 0 4.0 262 0.46 0.21 0.20 0.24 0.19 0.17 -1 -1 -1 -1 -1
Evo 1.02 0.00 0.50 0.42 0.50 0.50 0.50 0.18 0.02 0.41 0.05 0.15 -1 45
Result 0 -1.0 52 0.43 0.21 0.17 0.28 0.15 0.19 -1 -1 -1 -1 -1
Evo 1.02 0.00 0.50 0.42 0.50 0.50 0.50 0.18 0.02 0.41 0.04 0.16 -1 45
Result 0 -1.0 52 0.53 0.21 0.34 0.17 0.09 0.19 -1 -1 -1 -1 -1
Evo 1.02 0.00 0.50 0.42 0.50 0.50 0.50 0.18 0.02 0.41 0.05 0.15 -1 45
Result 0 -1.0 52 0.41 0.25 0.15 0.15 0.25 0.21 -1 -1 -1 -1 -1
Evo 1.02 0.00 0.50 0.42 0.50 0.50 0.50 0.18 0.02 0.41 0.05 0.13 -1 45
Result 0 -1.0 52 0.43 0.13 0.17 0.25 0.19 0.26 -1 -1 -1 -1 -1
Evo 1.00 0.00 0.50 0.49 0.50 0.50 0.50 0.05 0.00 0.03 0.40 0.54 -1 735
Result 0 19.0 742 0.47 0.18 0.20 0.21 0.21 0.20 -1 -1 -1 -1 -1
Evo 1.00 0.00 0.50 0.48 0.50 0.50 0.50 0.09 0.01 0.36 0.18 0.42 -1 255
Result 0 5.0 262 0.42 0.22 0.16 0.25 0.22 0.15 -1 -1 -1 -1 -1
Evo 1.00 0.00 0.50 0.48 0.50 0.50 0.50 0.09 0.01 0.14 0.14 0.29 -1 249
Result 0 6.0 256 0.47 0.21 0.21 0.16 0.25 0.17 -1 -1 -1 -1 -1
Evo 1.00 0.00 0.50 0.48 0.50 0.50 0.50 0.09 0.01 0.41 0.20 0.42 -1 255
Result 0 7.0 262 0.44 0.22 0.18 0.19 0.20 0.21 -1 -1 -1 -1 -1
Evo 1.00 0.00 0.50 0.48 0.50 0.50 0.50 0.09 0.01 0.35 0.20 0.42 -1 255
Result 0 7.0 262 0.46 0.17 0.19 0.24 0.17 0.23 -1 -1 -1 -1 -1
Evo 1.00 0.00 0.50 0.48 0.50 0.50 0.50 0.09 0.01 0.19 0.15 0.31 -1 255
Result 0 6.0 262 0.45 0.21 0.18 0.20 0.24 0.17 -1 -1 -1 -1 -1
Evo 1.00 0.00 0.50 0.48 0.50 0.50 0.50 0.09 0.01 0.12 0.19 0.45 -1 255
Result 0 5.0 262 0.46 0.24 0.19 0.23 0.18 0.16 -1 -1 -1 -1 -1
Evo 1.02 0.00 0.50 0.42 0.50 0.50 0.50 0.18 0.02 0.41 0.06 0.20 -1 45
Result 0 -1.0 52 0.50 0.15 0.25 0.11 0.25 0.25 -1 -1 -1 -1 -1
Evo 1.02 0.00 0.50 0.42 0.50 0.50 0.50 0.18 0.02 0.41 0.06 0.13 -1 45
Result 0 -1.0 52 0.52 0.21 0.28 0.13 0.17 0.21 -1 -1 -1 -1 -1
Evo 1.00 0.00 0.50 0.48 0.50 0.50 0.50 0.09 0.01 0.12 0.15 0.31 -1 255
Result 0 5.0 262 0.46 0.19 0.20 0.21 0.23 0.17 -1 -1 -1 -1 -1
Evo 1.02 0.00 0.50 0.42 0.50 0.50 0.50 0.18 0.02 0.11 0.07 0.20 -1 45
Result 0 -1.0 52 0.50 0.08 0.25 0.34 0.17 0.17 -1 -1 -1 -1 -1
Evo 1.01 0.00 0.50 0.46 0.50 0.50 0.50 0.14 0.01 0.12 0.11 0.26 -1 87
Result 0 0.0 94 0.47 0.18 0.21 0.17 0.18 0.26 -1 -1 -1 -1 -1
Evo 1.01 0.00 0.50 0.46 0.50 0.50 0.50 0.14 0.01 0.48 0.05 0.12 -1 87
Result 0 0.0 94 0.48 0.22 0.22 0.24 0.20 0.12 -1 -1 -1 -1 -1
Evo 1.01 0.00 0.50 0.46 0.50 0.50 0.50 0.14 0.01 0.07 0.06 0.11 -1 87
Result 0 0.0 94 0.41 0.18 0.15 0.26 0.24 0.17 -1 -1 -1 -1 -1
Evo 1.00 0.00 0.50 0.48 0.50 0.50 0.50 0.09 0.01 0.12 0.22 0.46 -1 255
Result 0 8.0 262 0.41 0.26 0.15 0.19 0.14 0.26 -1 -1 -1 -1 -1
Evo 1.01 0.00 0.50 0.46 0.50 0.50 0.50 0.14 0.01 0.07 0.08 0.19 -1 87
Result 0 0.0 94 0.51 0.08 0.27 0.20 0.21 0.23 -1 -1 -1 -1 -1
Evo 1.01 0.00 0.50 0.46 0.50 0.50 0.50 0.14 0.01 0.48 0.05 0.10 -1 87
Result 0 0.0 94 0.34 0.20 0.11 0.24 0.29 0.16 -1 -1 -1 -1 -1
Evo 1.01 0.00 0.50 0.46 0.50 0.50 0.50 0.14 0.01 0.07 0.07 0.16 -1 87
Result 0 0.0 94 0.45 0.21 0.19 0.26 0.12 0.22 -1 -1 -1 -1 -1
Evo 1.01 0.00 0.50 0.46 0.50 0.50 0.50 0.14 0.01 0.48 0.07 0.20 -1 87
Result 0 0.0 94 0.42 0.26 0.16 0.15 0.18 0.25 -1 -1 -1 -1 -1
Evo 1.01 0.00 0.50 0.46 0.50 0.50 0.50 0.14 0.01 0.48 0.07 0.15 -1 87
Result 0 0.0 94 0.48 0.18 0.22 0.21 0.19 0.20 -1 -1 -1 -1 -1
Evo 1.01 0.00 0.50 0.46 0.50 0.50 0.50 0.14 0.01 0.48 0.09 0.17 -1 87
Result 0 0.0 94 0.36 0.24 0.12 0.20 0.20 0.24 -1 -1 -1 -1 -1
Evo 1.01 0.00 0.50 0.46 0.50 0.50 0.50 0.14 0.01 0.07 0.07 0.21 -1 87
Result 0 0.0 94 0.47 0.17 0.21 0.14 0.26 0.22 -1 -1 -1 -1 -1
Evo 1.01 0.00 0.50 0.46 0.50 0.50 0.50 0.14 0.01 0.07 0.06 0.18 -1 87
Result 0 0.0 94 0.43 0.23 0.17 0.22 0.17 0.21 -1 -1 -1 -1 -1
Evo 1.01 0.00 0.50 0.46 0.50 0.50 0.50 0.14 0.01 0.12 0.06 0.13 -1 87
Result 0 0.0 94 0.32 0.27 0.09 0.19 0.25 0.19 -1 -1 -1 -1 -1
Evo 1.01 0.00 0.50 0.46 0.50 0.50 0.50 0.14 0.01 0.48 0.06 0.11 -1 87
Result 0 0.0 94 0.45 0.24 0.19 0.21 0.16 0.20 -1 -1 -1 -1 -1
Evo 1.01 0.00 0.50 0.46 0.50 0.50 0.50 0.14 0.01 0.12 0.04 0.09 -1 87
Result 0 0.0 94 0.51 0.16 0.26 0.23 0.20 0.15 -1 -1 -1 -1 -1
Evo 1.01 0.00 0.50 0.46 0.50 0.50 0.50 0.14 0.01 0.07 0.07 0.17 -1 87
Result 0 0.0 94 0.48 0.17 0.22 0.23 0.19 0.19 -1 -1 -1 -1 -1
Evo 1.01 0.00 0.50 0.46 0.50 0.50 0.50 0.14 0.01 0.48 0.06 0.21 -1 87
Result 0 0.0 94 0.45 0.14 0.19 0.27 0.21 0.19 -1 -1 -1 -1 -1
Evo 1.01 0.00 0.50 0.46 0.50 0.50 0.50 0.14 0.01 0.48 0.06 0.16 -1 87
Result 0 0.0 94 0.49 0.21 0.23 0.21 0.18 0.17 -1 -1 -1 -1 -1
Evo 1.01 0.00 0.50 0.46 0.50 0.50 0.50 0.14 0.01 0.48 0.08 0.19 -1 87
Result 0 0.0 94 0.42 0.21 0.16 0.18 0.19 0.26 -1 -1 -1 -1 -1
Evo 1.01 0.00 0.50 0.46 0.50 0.50 0.50 0.14 0.01 0.48 0.07 0.18 -1 87
Result 0 0.0 94 0.41 0.22 0.15 0.19 0.26 0.18 -1 -1 -1 -1 -1
Evo 1.01 0.00 0.50 0.46 0.50 0.50 0.50 0.14 0.01 0.48 0.08 0.17 -1 87
Result 0 0.0 94 0.46 0.21 0.20 0.19 0.14 0.26 -1 -1 -1 -1 -1
Evo 1.01 0.00 0.50 0.46 0.50 0.50 0.50 0.14 0.01 0.48 0.06 0.15 -1 87
Result 0 0.0 94 0.50 0.22 0.24 0.15 0.19 0.20 -1 -1 -1 -1 -1
Evo 1.01 0.00 0.50 0.46 0.50 0.50 0.50 0.14 0.01 0.48 0.09 0.21 -1 87
Result 0 0.0 94 0.45 0.15 0.19 0.22 0.19 0.25 -1 -1 -1 -1 -1
Evo 1.00 0.00 0.50 0.48 0.50 0.50 0.50 0.09 0.01 0.07 0.20 0.46 -1 255
Result 0 6.0 262 0.46 0.14 0.19 0.20 0.20 0.26 -1 -1 -1 -1 -1
Evo 1.01 0.00 0.50 0.46 0.50 0.50 0.50 0.14 0.01 0.07 0.06 0.13 -1 87
Result 0 0.0 94 0.47 0.24 0.21 0.17 0.23 0.15 -1 -1 -1 -1 -1
Evo 1.01 0.00 0.50 0.46 0.50 0.50 0.50 0.14 0.01 0.12 0.09 0.17 -1 87
Result 0 0.0 94 0.50 0.20 0.24 0.16 0.19 0.21 -1 -1 -1 -1 -1
Evo 1.01 0.00 0.50 0.46 0.50 0.50 0.50 0.14 0.01 0.48 0.05 0.12 -1 87
Result 0 0.0 94 0.48 0.12 0.22 0.31 0.18 0.18 -1 -1 -1 -1 -1
Evo 1.01 0.00 0.50 0.46 0.50 0.50 0.50 0.14 0.01 0.48 0.09 0.21 -1 87
Result 0 0.0 94 0.42 0.19 0.16 0.21 0.22 0.22 -1 -1 -1 -1 -1
Evo 1.01 0.00 0.50 0.46 0.50 0.50 0.50 0.14 0.01 0.07 0.10 0.30 -1 87
Result 0 0.0 94 0.46 0.23 0.20 0.11 0.21 0.25 -1 -1 -1 -1 -1
Evo 1.01 0.00 0.50 0.46 0.50 0.50 0.50 0.14 0.01 0.12 0.07 0.19 -1 87
Result 0 0.0 94 0.48 0.23 0.22 0.16 0.23 0.16 -1 -1 -1 -1 -1
Evo 1.01 0.00 0.50 0.46 0.50 0.50 0.50 0.14 0.01 0.48 0.07 0.17 -1 87
Result 0 0.0 94 0.46 0.21 0.20 0.20 0.22 0.17 -1 -1 -1 -1 -1
Evo 1.01 0.00 0.50 0.46 0.50 0.50 0.50 0.14 0.01 0.48 0.09 0.18 -1 87
Result 0 0.0 94 0.50 0.17 0.24 0.22 0.20 0.17 -1 -1 -1 -1 -1
Evo 1.01 0.00 0.50 0.46 0.50 0.50 0.50 0.14 0.01 0.07 0.06 0.13 -1 87
Result 0 0.0 94 0.46 0.21 0.20 0.22 0.16 0.21 -1 -1 -1 -1 -1
Evo 1.01 0.00 0.50 0.46 0.50 0.50 0.50 0.14 0.01 0.48 0.09 0.22 -1 87
Result 0 0.0 94 0.43 0.20 0.17 0.15 0.25 0.23 -1 -1 -1 -1 -1
Evo 1.01 0.00 0.50 0.46 0.50 0.50 0.50 0.14 0.01 0.07 0.07 0.17 -1 87
Result 0 0.0 94 0.43 0.19 0.17 0.23 0.21 0.20 -1 -1 -1 -1 -1
Evo 1.01 0.00 0.50 0.46 0.50 0.50 0.50 0.14 0.01 0.48 0.06 0.19 -1 87
Result 0 0.0 94 0.44 0.21 0.18 0.20 0.21 0.20 -1 -1 -1 -1 -1
Evo 1.01 0.00 0.50 0.46 0.50 0.50 0.50 0.14 0.01 0.48 0.08 0.20 -1 87
Result 0 0.0 94 0.47 0.17 0.21 0.18 0.24 0.20 -1 -1 -1 -1 -1
Evo 1.01 0.00 0.50 0.46 0.50 0.50 0.50 0.14 0.01 0.48 0.06 0.13 -1 87
Result 0 0.0 94 0.49 0.20 0.23 0.22 0.19 0.16 -1 -1 -1 -1 -1
Evo 1.00 0.00 0.50 0.48 0.50 0.50 0.50 0.11 0.01 0.20 0.18 0.36 -1 87
Result 0 6.0 262 0.46 0.21 0.20 0.20 0.17 0.22 -1 -1 -1 -1 -1
Evo 1.01 0.00 0.50 0.46 0.50 0.50 0.50 0.14 0.01 0.07 0.07 0.19 -1 87
Result 0 0.0 94 0.47 0.24 0.21 0.15 0.17 0.23 -1 -1 -1 -1 -1
