Evo 1.00 0.00 1.00 0.81 0.83 0.83 0.83 0.12 0.00 0.05 0.14 0.19 1421 -1
Result 1 10.0 1433 0.44 0.15 0.18 0.16 0.17 0.17 0.16 -1 -1 -1 -1
Evo 1.00 0.00 1.00 0.00 0.00 0.00 0.00 0.06 0.00 0.21 0.30 0.41 522 -1
Result 1 32.0 1566 0.46 0.14 0.18 0.16 0.16 0.19 0.17 -1 -1 -1 -1
Evo 1.00 0.00 1.00 0.01 0.00 0.00 0.00 0.10 0.01 0.38 0.09 0.16 295 -1
Result 1 6.0 297 0.44 0.16 0.16 0.16 0.16 0.17 0.19 -1 -1 -1 -1
Evo 1.00 0.00 1.00 0.00 0.00 0.00 0.00 0.06 0.00 0.30 0.19 0.32 874 -1
Result 1 29.0 877 0.42 0.18 0.15 0.18 0.15 0.16 0.19 -1 -1 -1 -1
Evo 1.00 0.00 1.00 0.00 0.00 0.00 0.00 0.07 0.00 0.04 0.09 0.16 784 -1
Result 1 8.0 815 0.46 0.15 0.16 0.16 0.18 0.20 0.16 -1 -1 -1 -1
Evo 1.00 0.00 1.00 0.00 0.00 0.00 0.00 0.06 0.00 0.05 0.19 0.34 425 -1
Result 1 30.0 803 0.42 0.17 0.16 0.17 0.16 0.16 0.19 -1 -1 -1 -1
Evo 1.00 0.00 1.00 0.00 0.00 0.00 0.00 0.04 0.00 0.01 0.20 0.28 1080 -1
Result 1 12.0 1082 0.45 0.17 0.16 0.15 0.16 0.18 0.18 -1 -1 -1 -1
Evo 1.00 0.00 1.00 0.00 0.00 0.00 0.00 0.07 0.00 0.03 0.13 0.21 830 -1
Result 1 18.0 838 0.42 0.18 0.16 0.18 0.16 0.15 0.17 -1 -1 -1 -1
Evo 1.00 0.00 1.00 0.00 0.00 0.00 0.00 0.07 0.00 0.02 0.16 0.26 696 -1
Result 1 18.0 703 0.43 0.17 0.15 0.17 0.18 0.16 0.17 -1 -1 -1 -1
Evo 1.00 0.00 1.00 0.01 0.00 0.00 0.00 0.11 0.00 0.02 0.16 0.27 470 -1
Result 1 24.0 503 0.41 0.17 0.14 0.17 0.19 0.15 0.17 -1 -1 -1 -1
Evo 1.00 0.00 1.00 0.01 0.00 0.00 0.00 0.10 0.01 0.04 0.11 0.20 383 -1
Result 1 16.0 390 0.45 0.17 0.19 0.15 0.17 0.18 0.15 -1 -1 -1 -1
Evo 1.00 0.00 1.00 0.01 0.00 0.00 0.00 0.08 0.00 0.01 0.17 0.26 840 -1
Result 1 12.0 902 0.45 0.17 0.16 0.16 0.16 0.18 0.17 -1 -1 -1 -1
Evo 1.00 0.00 1.00 0.01 0.00 0.00 0.00 0.10 0.00 0.02 0.12 0.19 688 -1
Result 1 8.0 716 0.44 0.18 0.15 0.19 0.15 0.17 0.16 -1 -1 -1 -1
Evo 1.00 0.00 1.00 0.01 0.00 0.00 0.00 0.12 0.01 0.09 0.10 0.23 285 -1
Result 1 10.0 348 0.47 0.14 0.17 0.16 0.17 0.21 0.16 -1 -1 -1 -1
Evo 1.00 0.00 1.00 0.01 0.00 0.00 0.00 0.07 0.00 0.01 0.14 0.24 735 -1
Result 1 17.0 755 0.44 0.15 0.15 0.19 0.16 0.17 0.18 -1 -1 -1 -1
Evo 1.00 0.00 1.00 0.00 0.00 0.00 0.00 0.07 0.00 0.53 0.09 0.16 664 -1
Result 1 10.0 681 0.42 0.15 0.18 0.17 0.16 0.16 0.20 -1 -1 -1 -1
Evo 1.00 0.00 1.00 0.00 0.00 0.00 0.00 0.07 0.00 0.02 0.11 0.16 453 -1
Result 1 10.0 465 0.41 0.17 0.18 0.18 0.16 0.15 0.16 -1 -1 -1 -1
Evo 1.00 0.00 1.00 0.00 0.00 0.00 0.00 0.05 0.00 0.04 0.11 0.27 383 -1
Result 1 22.0 383 0.42 0.17 0.17 0.18 0.20 0.16 0.13 -1 -1 -1 -1
Evo 1.00 0.00 1.00 0.00 0.00 0.00 0.00 0.07 0.00 0.20 0.08 0.13 933 -1
Result 1 10.0 1055 0.45 0.18 0.16 0.15 0.16 0.18 0.16 -1 -1 -1 -1
Evo 1.00 0.00 1.00 0.01 0.00 0.00 0.00 0.12 0.00 0.04 0.22 0.37 646 -1
Result 1 28.0 1090 0.40 0.15 0.19 0.18 0.17 0.14 0.17 -1 -1 -1 -1
Evo 1.00 0.00 1.00 0.01 0.00 0.00 0.00 0.08 0.00 0.19 0.10 0.19 444 -1
Result 1 5.0 455 0.43 0.13 0.18 0.16 0.20 0.17 0.17 -1 -1 -1 -1
Evo 1.00 0.00 1.00 0.00 0.00 0.00 0.00 0.07 0.00 0.03 0.15 0.27 452 -1
Result 1 13.0 609 0.42 0.17 0.19 0.18 0.15 0.16 0.16 -1 -1 -1 -1
Evo 1.00 0.00 1.00 0.02 0.00 0.00 0.00 0.14 0.01 0.01 0.06 0.13 436 -1
Result 1 4.0 632 0.46 0.17 0.16 0.14 0.17 0.20 0.17 -1 -1 -1 -1
Evo 1.00 0.00 1.00 0.01 0.00 0.00 0.00 0.09 0.00 0.02 0.13 0.21 703 -1
Result 1 12.0 937 0.40 0.18 0.17 0.17 0.17 0.14 0.17 -1 -1 -1 -1
Evo 1.00 0.00 1.00 0.02 0.00 0.00 0.00 0.13 0.01 0.03 0.05 0.10 436 -1
Result 1 2.0 511 0.44 0.14 0.16 0.16 0.20 0.18 0.16 -1 -1 -1 -1
Evo 1.00 0.00 1.00 0.01 0.00 0.00 0.00 0.09 0.00 0.02 0.08 0.15 405 -1
Result 1 2.0 454 0.38 0.15 0.21 0.19 0.15 0.13 0.18 -1 -1 -1 -1
Evo 1.00 0.00 1.00 0.03 0.00 0.00 0.00 0.17 0.01 0.04 0.01 0.02 437 -1
Result 1 1.0 523 0.44 0.18 0.21 0.14 0.15 0.17 0.14 -1 -1 -1 -1
Evo 1.00 0.00 1.00 0.03 0.00 0.00 0.00 0.18 0.01 0.05 0.02 0.04 438 -1
Result 1 1.0 523 0.46 0.18 0.17 0.15 0.17 0.19 0.15 -1 -1 -1 -1
Evo 1.00 0.00 1.00 0.01 0.00 0.00 0.00 0.11 0.01 0.02 0.11 0.23 393 -1
Result 1 4.0 470 0.46 0.18 0.14 0.19 0.15 0.19 0.15 -1 -1 -1 -1
Evo 1.00 0.00 1.00 0.02 0.00 0.00 0.00 0.14 0.01 0.02 0.09 0.19 411 -1
Result 1 8.0 460 0.46 0.15 0.16 0.15 0.17 0.20 0.16 -1 -1 -1 -1
Evo 1.00 0.00 1.00 0.01 0.00 0.00 0.00 0.09 0.00 0.43 0.13 0.19 430 -1
Result 1 15.0 573 0.42 0.16 0.15 0.18 0.18 0.16 0.18 -1 -1 -1 -1
Evo 1.00 0.00 1.00 0.03 0.00 0.00 0.00 0.18 0.01 0.05 0.02 0.06 435 -1
Result 1 1.0 523 0.43 0.19 0.15 0.17 0.19 0.17 0.14 -1 -1 -1 -1
Evo 1.00 0.00 1.00 0.00 0.00 0.00 0.00 0.07 0.00 0.51 0.14 0.25 350 -1
Result 1 17.0 442 0.45 0.19 0.12 0.19 0.14 0.18 0.18 -1 -1 -1 -1
Evo 1.00 0.00 1.00 0.01 0.00 0.00 0.00 0.12 0.00 0.26 0.17 0.31 652 -1
Result 1 12.0 817 0.39 0.16 0.17 0.18 0.18 0.14 0.17 -1 -1 -1 -1
Evo 1.00 0.00 1.00 0.01 0.00 0.00 0.00 0.11 0.00 0.12 0.11 0.17 419 -1
Result 1 6.0 522 0.40 0.17 0.17 0.18 0.16 0.14 0.18 -1 -1 -1 -1
Evo 1.00 0.00 1.00 0.02 0.00 0.00 0.00 0.14 0.01 0.03 0.03 0.06 436 -1
Result 1 1.0 523 0.45 0.15 0.17 0.17 0.15 0.19 0.17 -1 -1 -1 -1
Evo 1.00 0.00 1.00 0.03 0.00 0.00 0.00 0.16 0.01 0.49 0.12 0.23 343 -1
Result 1 10.0 430 0.45 0.16 0.18 0.17 0.17 0.18 0.14 -1 -1 -1 -1
Evo 1.00 0.00 1.00 0.02 0.00 0.00 0.00 0.16 0.01 0.04 0.05 0.13 426 -1
Result 1 1.0 523 0.45 0.15 0.16 0.18 0.17 0.19 0.15 -1 -1 -1 -1
Evo 1.00 0.00 1.00 0.00 0.00 0.00 0.00 0.05 0.00 0.06 0.23 0.36 501 -1
Result 1 21.0 1365 0.42 0.17 0.15 0.17 0.18 0.16 0.17 -1 -1 -1 -1
Evo 1.00 0.00 1.00 0.03 0.00 0.00 0.00 0.18 0.01 0.02 0.04 0.11 428 -1
Result 1 1.0 523 0.41 0.18 0.16 0.15 0.18 0.15 0.17 -1 -1 -1 -1
Evo 1.00 0.00 1.00 0.00 0.00 0.00 0.00 0.05 0.00 0.10 0.20 0.30 874 -1
Result 1 28.0 875 0.45 0.18 0.17 0.15 0.15 0.19 0.17 -1 -1 -1 -1
Evo 1.00 0.00 1.00 0.01 0.00 0.00 0.00 0.09 0.00 0.05 0.22 0.34 1076 -1
Result 1 24.0 1152 0.44 0.16 0.16 0.17 0.17 0.18 0.17 -1 -1 -1 -1
Evo 1.00 0.00 1.00 0.00 0.00 0.00 0.00 0.06 0.00 0.04 0.24 0.31 1167 -1
Result 1 26.0 1198 0.42 0.17 0.16 0.17 0.16 0.16 0.18 -1 -1 -1 -1
Evo 1.00 0.00 1.00 0.01 0.00 0.00 0.00 0.09 0.00 0.01 0.18 0.28 681 -1
Result 1 18.0 701 0.44 0.16 0.16 0.17 0.17 0.17 0.18 -1 -1 -1 -1
Evo 1.00 0.00 1.00 0.01 0.00 0.00 0.00 0.10 0.00 0.03 0.21 0.30 628 -1
Result 1 30.0 637 0.45 0.13 0.17 0.16 0.16 0.18 0.19 -1 -1 -1 -1
Evo 1.00 0.00 1.00 0.00 0.00 0.00 0.00 0.05 0.00 0.01 0.19 0.36 696 -1
Result 1 33.0 700 0.45 0.15 0.17 0.18 0.16 0.18 0.16 -1 -1 -1 -1
Evo 1.00 0.00 1.00 0.00 0.00 0.00 0.00 0.06 0.00 0.01 0.19 0.29 708 -1
Result 1 32.0 717 0.45 0.16 0.18 0.17 0.15 0.18 0.16 -1 -1 -1 -1
Evo 1.00 0.00 1.00 0.00 0.00 0.00 0.00 0.05 0.00 0.03 0.19 0.28 678 -1
Result 1 26.0 681 0.42 0.13 0.20 0.15 0.18 0.15 0.18 -1 -1 -1 -1
Evo 1.00 0.00 1.00 0.01 0.00 0.00 0.00 0.08 0.00 0.05 0.19 0.35 629 -1
Result 1 29.0 634 0.42 0.19 0.17 0.18 0.15 0.16 0.16 -1 -1 -1 -1
Evo 1.00 0.00 1.00 0.02 0.00 0.00 0.00 0.12 0.01 0.12 0.14 0.27 487 -1
Result 1 18.0 524 0.44 0.15 0.12 0.17 0.16 0.18 0.21 -1 -1 -1 -1
Evo 1.00 0.00 1.00 0.02 0.00 0.00 0.00 0.12 0.00 0.04 0.18 0.27 600 -1
Result 1 16.0 633 0.42 0.15 0.15 0.17 0.17 0.16 0.21 -1 -1 -1 -1
Evo 1.00 0.00 1.00 0.00 0.00 0.00 0.00 0.06 0.00 0.03 0.12 0.20 569 -1
Result 1 12.0 571 0.44 0.16 0.16 0.16 0.18 0.17 0.16 -1 -1 -1 -1
Evo 1.00 0.00 1.00 0.00 0.00 0.00 0.00 0.05 0.00 0.41 0.13 0.24 1158 -1
Result 1 10.0 1163 0.45 0.16 0.17 0.16 0.16 0.18 0.17 -1 -1 -1 -1
Evo 1.00 0.00 1.00 0.00 0.00 0.00 0.00 0.05 0.00 0.05 0.18 0.30 1092 -1
Result 1 22.0 1100 0.42 0.18 0.16 0.19 0.14 0.16 0.17 -1 -1 -1 -1
Evo 1.00 0.00 1.00 0.01 0.00 0.00 0.00 0.10 0.00 0.45 0.18 0.27 1148 -1
Result 1 22.0 1200 0.44 0.14 0.18 0.15 0.18 0.17 0.17 -1 -1 -1 -1
Evo 1.00 0.00 1.00 0.00 0.00 0.00 0.00 0.02 0.00 0.02 0.23 0.29 1767 -1
Result 1 26.0 1771 0.43 0.16 0.16 0.18 0.17 0.17 0.16 -1 -1 -1 -1
Evo 1.00 0.00 1.00 0.01 0.00 0.00 0.00 0.07 0.00 0.01 0.22 0.38 1019 -1
Result 1 30.0 1101 0.46 0.16 0.17 0.15 0.14 0.20 0.18 -1 -1 -1 -1
Evo 1.00 0.00 1.00 0.01 0.00 0.00 0.00 0.11 0.00 0.03 0.10 0.20 685 -1
Result 1 16.0 698 0.45 0.17 0.17 0.16 0.13 0.19 0.18 -1 -1 -1 -1
Evo 1.00 0.00 1.00 0.00 0.00 0.00 0.00 0.06 0.00 0.03 0.18 0.29 648 -1
Result 1 22.0 650 0.45 0.18 0.17 0.16 0.15 0.18 0.16 -1 -1 -1 -1
Evo 1.00 0.00 1.00 0.00 0.00 0.00 0.00 0.07 0.00 0.01 0.21 0.31 1140 -1
Result 1 22.0 1168 0.43 0.18 0.17 0.15 0.17 0.17 0.16 -1 -1 -1 -1
Evo 1.00 0.00 1.00 0.06 0.00 0.00 0.00 0.24 0.02 0.10 0.08 0.19 145 -1
Result 1 9.0 233 0.43 0.17 0.15 0.19 0.17 0.16 0.17 -1 -1 -1 -1
Evo 1.00 0.00 1.00 0.02 0.00 0.00 0.00 0.14 0.01 0.48 0.15 0.25 127 -1
Result 1 16.0 605 0.45 0.15 0.17 0.15 0.15 0.19 0.19 -1 -1 -1 -1
Evo 1.00 0.00 1.00 0.01 0.00 0.00 0.00 0.11 0.00 0.50 0.06 0.13 38 -1
Result 1 14.0 533 0.38 0.17 0.19 0.16 0.16 0.13 0.21 -1 -1 -1 -1
Evo 1.00 0.00 1.00 0.02 0.00 0.00 0.00 0.16 0.01 0.35 0.06 0.11 226 -1
Result 1 10.0 243 0.38 0.18 0.18 0.14 0.18 0.13 0.19 -1 -1 -1 -1
Evo 1.00 0.00 1.00 0.02 0.00 0.00 0.00 0.13 0.01 0.03 0.18 0.34 390 -1
Result 1 8.0 481 0.46 0.16 0.17 0.18 0.16 0.19 0.14 -1 -1 -1 -1
Evo 1.00 0.00 1.00 0.02 0.00 0.00 0.00 0.13 0.01 0.37 0.06 0.11 208 -1
Result 1 10.0 244 0.38 0.14 0.17 0.20 0.16 0.13 0.20 -1 -1 -1 -1
Evo 1.01 0.00 1.00 0.09 0.00 0.00 0.00 0.29 0.02 0.25 0.06 0.14 82 -1
Result 1 6.0 161 0.44 0.17 0.24 0.17 0.13 0.18 0.12 -1 -1 -1 -1
Evo 1.00 0.00 1.00 0.00 0.00 0.00 0.00 0.06 0.00 0.19 0.20 0.43 502 -1
Result 1 10.0 522 0.45 0.15 0.18 0.15 0.15 0.18 0.19 -1 -1 -1 -1
Evo 1.01 0.00 1.00 0.03 0.00 0.00 0.00 0.18 0.02 0.30 0.02 0.07 103 -1
Result 1 4.0 119 0.36 0.16 0.18 0.19 0.18 0.12 0.18 -1 -1 -1 -1
Evo 1.00 0.00 1.00 0.06 0.00 0.00 0.00 0.24 0.02 0.53 0.02 0.06 176 -1
Result 1 4.0 214 0.43 0.15 0.16 0.18 0.20 0.16 0.15 -1 -1 -1 -1
Evo 1.00 0.00 1.00 0.04 0.00 0.00 0.00 0.19 0.01 0.51 0.09 0.22 92 -1
Result 1 4.0 258 0.48 0.20 0.15 0.14 0.14 0.22 0.15 -1 -1 -1 -1
Evo 1.01 0.00 1.00 0.03 0.00 0.00 0.00 0.18 0.02 0.06 0.06 0.14 118 -1
Result 1 4.0 126 0.44 0.19 0.18 0.13 0.14 0.17 0.18 -1 -1 -1 -1
Evo 1.01 0.00 1.00 0.07 0.00 0.00 0.00 0.25 0.02 0.50 0.05 0.10 109 -1
Result 1 8.0 134 0.38 0.16 0.24 0.17 0.16 0.13 0.14 -1 -1 -1 -1
Evo 1.00 0.00 1.00 0.06 0.00 0.00 0.00 0.23 0.02 0.52 0.05 0.09 83 -1
Result 1 4.0 223 0.38 0.17 0.15 0.17 0.22 0.13 0.16 -1 -1 -1 -1
Evo 1.01 0.00 1.00 0.04 0.00 0.00 0.00 0.19 0.02 0.39 0.07 0.15 98 -1
Result 1 6.0 104 0.49 0.10 0.23 0.11 0.16 0.23 0.16 -1 -1 -1 -1
Evo 1.00 0.00 1.00 0.02 0.00 0.00 0.00 0.13 0.01 0.47 0.08 0.16 345 -1
Result 1 10.0 397 0.42 0.18 0.15 0.17 0.17 0.16 0.18 -1 -1 -1 -1
Evo 1.00 0.00 1.00 0.03 0.00 0.00 0.00 0.18 0.01 0.06 0.05 0.14 239 -1
Result 1 8.0 310 0.42 0.16 0.17 0.19 0.16 0.15 0.17 -1 -1 -1 -1
Evo 1.01 0.00 1.00 0.04 0.00 0.00 0.00 0.19 0.01 0.28 0.08 0.19 83 -1
Result 1 4.0 169 0.49 0.14 0.15 0.21 0.14 0.24 0.14 -1 -1 -1 -1
Evo 1.00 0.00 1.00 0.02 0.00 0.00 0.00 0.14 0.01 0.09 0.05 0.12 168 -1
Result 1 6.0 213 0.43 0.14 0.16 0.15 0.19 0.16 0.19 -1 -1 -1 -1
Evo 1.00 0.00 1.00 0.03 0.00 0.00 0.00 0.18 0.01 0.39 0.04 0.10 94 -1
Result 1 8.0 232 0.42 0.15 0.18 0.18 0.15 0.16 0.19 -1 -1 -1 -1
Evo 1.00 0.00 1.00 0.00 0.00 0.00 0.00 0.07 0.00 0.07 0.08 0.16 389 -1
Result 1 12.0 405 0.40 0.18 0.14 0.17 0.17 0.14 0.20 -1 -1 -1 -1
Evo 1.00 0.00 1.00 0.01 0.00 0.00 0.00 0.10 0.00 0.02 0.19 0.33 96 -1
Result 1 19.0 911 0.42 0.16 0.16 0.16 0.18 0.16 0.19 -1 -1 -1 -1
Evo 1.00 0.00 1.00 0.05 0.00 0.00 0.00 0.21 0.01 0.50 0.06 0.13 194 -1
Result 1 5.0 231 0.39 0.16 0.20 0.16 0.16 0.14 0.18 -1 -1 -1 -1
Evo 1.00 0.00 1.00 0.03 0.00 0.00 0.00 0.16 0.01 0.45 0.10 0.24 179 -1
Result 1 6.0 263 0.45 0.14 0.19 0.13 0.18 0.19 0.17 -1 -1 -1 -1
Evo 1.00 0.00 1.00 0.01 0.00 0.00 0.00 0.09 0.00 0.01 0.10 0.18 488 -1
Result 1 12.0 692 0.42 0.15 0.14 0.18 0.20 0.16 0.17 -1 -1 -1 -1
Evo 1.00 0.00 1.00 0.01 0.00 0.00 0.00 0.12 0.00 0.53 0.10 0.19 175 -1
Result 1 14.0 667 0.42 0.14 0.20 0.17 0.16 0.16 0.18 -1 -1 -1 -1
Evo 1.00 0.00 1.00 0.00 0.00 0.00 0.00 0.05 0.00 0.45 0.07 0.12 354 -1
Result 1 8.0 363 0.42 0.17 0.13 0.18 0.20 0.15 0.17 -1 -1 -1 -1
Evo 1.00 0.00 1.00 0.01 0.00 0.00 0.00 0.12 0.00 0.50 0.15 0.25 401 -1
Result 1 14.0 581 0.44 0.14 0.17 0.20 0.17 0.17 0.15 -1 -1 -1 -1
Evo 1.00 0.00 1.00 0.03 0.00 0.00 0.00 0.18 0.01 0.48 0.06 0.13 192 -1
Result 1 8.0 211 0.43 0.16 0.18 0.14 0.16 0.17 0.20 -1 -1 -1 -1
Evo 1.00 0.00 1.00 0.00 0.00 0.00 0.00 0.06 0.00 0.24 0.10 0.18 250 -1
Result 1 12.0 577 0.43 0.18 0.19 0.14 0.16 0.16 0.17 -1 -1 -1 -1
Evo 1.00 0.00 1.00 0.01 0.00 0.00 0.00 0.12 0.00 0.52 0.08 0.16 387 -1
Result 1 10.0 570 0.44 0.17 0.13 0.14 0.20 0.17 0.18 -1 -1 -1 -1
Evo 1.00 0.00 1.00 0.07 0.00 0.00 0.00 0.26 0.01 0.02 0.10 0.19 214 -1
Result 1 4.0 443 0.44 0.15 0.14 0.18 0.18 0.17 0.17 -1 -1 -1 -1
Evo 1.00 0.00 1.00 0.01 0.00 0.00 0.00 0.09 0.00 0.16 0.21 0.33 754 -1
Result 1 14.0 773 0.44 0.17 0.15 0.15 0.18 0.17 0.19 -1 -1 -1 -1
Evo 1.00 0.00 1.00 0.01 0.00 0.00 0.00 0.11 0.00 0.44 0.18 0.23 279 -1
Result 1 14.0 1243 0.42 0.19 0.17 0.15 0.15 0.16 0.17 -1 -1 -1 -1
Evo 1.00 0.00 0.00 0.00 0.00 0.00 0.00 0.00 0.00 0.48 0.06 0.13 199 -1
Result 1 8.0 255 0.42 0.14 0.17 0.17 0.18 0.16 0.17 -1 -1 -1 -1
Evo 1.00 0.00 1.00 0.02 0.00 0.00 0.00 0.14 0.01 0.45 0.09 0.22 78 -1
Result 1 4.0 399 0.43 0.17 0.18 0.16 0.16 0.17 0.17 -1 -1 -1 -1
Evo 1.00 0.00 1.00 0.01 0.00 0.00 0.00 0.07 0.00 0.05 0.09 0.17 366 -1
Result 1 8.0 395 0.45 0.15 0.14 0.19 0.15 0.19 0.18 -1 -1 -1 -1
Evo 1.00 0.00 1.00 0.04 0.00 0.00 0.00 0.19 0.01 0.42 0.04 0.11 170 -1
Result 1 10.0 395 0.41 0.14 0.18 0.18 0.18 0.15 0.17 -1 -1 -1 -1
Evo 1.00 0.00 1.00 0.03 0.00 0.00 0.00 0.17 0.01 0.30 0.06 0.14 94 -1
Result 1 13.0 383 0.44 0.13 0.18 0.17 0.15 0.17 0.19 -1 -1 -1 -1
Evo 1.02 0.00 1.00 0.03 0.00 0.00 0.00 0.17 0.02 0.52 0.02 0.07 62 -1
Result 1 4.0 66 0.34 0.12 0.10 0.24 0.24 0.10 0.19 -1 -1 -1 -1
