Evo 1.00 0.00 1.00 0.58 0.25 0.67 0.87 0.36 0.01 0.03 0.35 0.47 993 -1
Result 1 16.0 1000 0.43 0.16 0.16 0.16 0.16 0.16 0.19 -1 -1 -1 -1
Evo 1.00 0.00 1.00 0.01 0.00 0.00 0.00 0.09 0.00 0.02 0.32 0.50 993 -1
Result 1 1.0 1000 0.41 0.15 0.19 0.17 0.16 0.16 0.17 -1 -1 -1 -1
Evo 1.00 0.00 0.00 0.00 0.00 0.00 0.00 0.00 0.00 0.08 0.29 0.47 -1 768
Result 0 -52.0 775 0.42 0.16 0.18 0.16 0.15 0.16 0.18 -1 -1 -1 -1
Evo 1.00 0.50 1.00 0.50 0.50 0.50 0.50 0.04 0.00 0.12 0.46 0.75 993 -1
Result 1 1.0 1000 0.43 0.17 0.19 0.15 0.17 0.16 0.16 -1 -1 -1 -1
Evo 1.00 0.50 1.00 0.50 0.50 0.50 0.50 0.04 0.00 0.04 0.36 0.54 993 -1
Result 1 1.0 1000 0.44 0.17 0.16 0.16 0.14 0.17 0.19 -1 -1 -1 -1
Evo 1.00 0.50 1.00 0.50 0.50 0.50 0.50 0.04 0.00 0.06 0.50 0.74 993 -1
Result 1 1.0 1000 0.45 0.18 0.15 0.16 0.17 0.18 0.16 -1 -1 -1 -1
Evo 1.00 0.00 0.50 0.50 0.50 0.50 0.50 0.05 0.00 0.13 0.41 0.69 -1 890
Result 0 -50.0 897 0.42 0.16 0.17 0.17 0.15 0.18 0.18 -1 -1 -1 -1
Evo 1.00 0.50 1.00 0.50 0.50 0.50 0.50 0.04 0.00 0.02 0.28 0.40 993 -1
Result 1 1.0 1000 0.41 0.15 0.15 0.16 0.15 0.17 0.21 -1 -1 -1 -1
Evo 1.00 0.50 1.00 0.50 0.50 0.50 0.50 0.04 0.00 0.09 0.48 0.73 993 -1
Result 1 1.0 1000 0.43 0.17 0.16 0.15 0.17 0.18 0.18 -1 -1 -1 -1
Evo 1.00 0.50 1.00 0.50 0.50 0.50 0.50 0.04 0.00 0.07 0.33 0.44 993 -1
Result 1 20.0 1000 0.41 0.15 0.18 0.16 0.15 0.17 0.19 -1 -1 -1 -1
Evo 1.00 0.50 1.00 0.50 0.50 0.50 0.50 0.04 0.00 0.07 0.47 0.64 993 -1
Result 1 1.0 1000 0.44 0.17 0.18 0.15 0.16 0.15 0.18 -1 -1 -1 -1
Evo 1.00 0.50 1.00 0.50 0.50 0.50 0.50 0.04 0.00 0.11 0.41 0.58 993 -1
Result 1 1.0 1000 0.41 0.15 0.16 0.17 0.15 0.18 0.19 -1 -1 -1 -1
Evo 1.00 0.50 1.00 0.50 0.50 0.50 0.50 0.04 0.00 0.04 0.38 0.60 993 -1
Result 1 1.0 1000 0.44 0.17 0.19 0.14 0.16 0.16 0.17 -1 -1 -1 -1
Evo 1.00 0.50 1.00 0.50 0.50 0.50 0.50 0.04 0.00 0.13 0.38 0.62 993 -1
Result 1 1.0 1000 0.45 0.18 0.16 0.15 0.14 0.20 0.17 -1 -1 -1 -1
Evo 1.00 0.50 1.00 0.50 0.50 0.50 0.50 0.04 0.00 0.10 0.28 0.42 993 -1
Result 1 9.0 1000 0.41 0.15 0.17 0.17 0.15 0.17 0.20 -1 -1 -1 -1
Evo 1.00 0.50 1.00 0.50 0.50 0.50 0.50 0.04 0.00 0.20 0.41 0.63 993 -1
Result 1 1.0 1000 0.44 0.17 0.15 0.16 0.16 0.18 0.18 -1 -1 -1 -1
Evo 1.00 0.50 1.00 0.50 0.50 0.50 0.50 0.04 0.00 0.10 0.38 0.53 993 -1
Result 1 1.0 1000 0.45 0.18 0.17 0.14 0.16 0.15 0.19 -1 -1 -1 -1
Evo 1.00 0.50 1.00 0.50 0.50 0.50 0.50 0.04 0.00 0.23 0.41 0.66 993 -1
Result 1 1.0 1000 0.41 0.15 0.16 0.15 0.16 0.17 0.20 -1 -1 -1 -1
Evo 1.00 0.50 1.00 0.50 0.50 0.50 0.50 0.04 0.00 0.27 0.36 0.48 993 -1
Result 1 18.0 1000 0.42 0.15 0.17 0.17 0.17 0.17 0.17 -1 -1 -1 -1
Evo 1.00 0.50 1.00 0.50 0.50 0.50 0.50 0.04 0.00 0.03 0.44 0.69 993 -1
Result 1 1.0 1000 0.41 0.15 0.16 0.16 0.16 0.18 0.18 -1 -1 -1 -1
Evo 1.00 0.50 1.00 0.50 0.50 0.50 0.50 0.04 0.00 0.11 0.23 0.32 993 -1
Result 1 24.0 1000 0.42 0.15 0.17 0.17 0.14 0.16 0.20 -1 -1 -1 -1
Evo 1.00 0.50 1.00 0.50 0.50 0.50 0.50 0.04 0.00 0.04 0.29 0.43 993 -1
Result 1 8.0 1000 0.41 0.15 0.17 0.18 0.16 0.17 0.17 -1 -1 -1 -1
Evo 1.00 0.50 1.00 0.50 0.50 0.50 0.50 0.04 0.00 0.39 0.46 0.73 993 -1
Result 1 1.0 1000 0.44 0.17 0.17 0.14 0.18 0.18 0.15 -1 -1 -1 -1
Evo 1.00 0.50 1.00 0.50 0.50 0.50 0.50 0.04 0.00 0.02 0.50 0.80 993 -1
Result 1 1.0 1000 0.44 0.17 0.15 0.16 0.15 0.19 0.18 -1 -1 -1 -1
Evo 1.00 0.50 1.00 0.50 0.50 0.50 0.50 0.04 0.00 0.10 0.26 0.36 993 -1
Result 1 1.0 1000 0.44 0.17 0.17 0.17 0.16 0.16 0.17 -1 -1 -1 -1
Evo 1.00 0.50 1.00 0.50 0.50 0.50 0.50 0.04 0.00 0.06 0.39 0.62 993 -1
Result 1 1.0 1000 0.43 0.16 0.17 0.16 0.16 0.16 0.19 -1 -1 -1 -1
Evo 1.00 0.00 0.50 0.50 0.50 0.50 0.50 0.05 0.00 0.14 0.37 0.55 -1 952
Result 0 -7.0 959 0.39 0.13 0.19 0.14 0.18 0.16 0.20 -1 -1 -1 -1
Evo 1.00 0.50 1.00 0.50 0.50 0.50 0.50 0.04 0.00 0.25 0.44 0.65 993 -1
Result 1 1.0 1000 0.42 0.16 0.16 0.17 0.16 0.18 0.17 -1 -1 -1 -1
Evo 1.00 0.50 1.00 0.50 0.50 0.50 0.50 0.04 0.00 0.02 0.28 0.40 993 -1
Result 1 12.0 1000 0.43 0.16 0.17 0.18 0.15 0.15 0.19 -1 -1 -1 -1
Evo 1.00 0.50 1.00 0.50 0.50 0.50 0.50 0.04 0.00 0.08 0.45 0.67 993 -1
Result 1 1.0 1000 0.43 0.16 0.17 0.16 0.16 0.17 0.18 -1 -1 -1 -1
Evo 1.00 0.50 1.00 0.50 0.50 0.50 0.50 0.04 0.00 0.06 0.43 0.65 993 -1
Result 1 1.0 1000 0.44 0.17 0.16 0.15 0.14 0.16 0.21 -1 -1 -1 -1
Evo 1.00 0.50 1.00 0.50 0.50 0.50 0.50 0.04 0.00 0.02 0.34 0.58 993 -1
Result 1 1.0 1000 0.42 0.16 0.16 0.16 0.15 0.19 0.17 -1 -1 -1 -1
Evo 1.00 0.50 1.00 0.50 0.50 0.50 0.50 0.04 0.00 0.03 0.35 0.56 993 -1
Result 1 1.0 1000 0.45 0.19 0.17 0.16 0.15 0.16 0.17 -1 -1 -1 -1
Evo 1.00 0.50 1.00 0.50 0.50 0.50 0.50 0.04 0.00 0.12 0.21 0.29 993 -1
Result 1 33.0 1000 0.42 0.16 0.17 0.18 0.14 0.16 0.20 -1 -1 -1 -1
Evo 1.00 0.50 1.00 0.50 0.50 0.50 0.50 0.04 0.00 0.31 0.43 0.65 993 -1
Result 1 1.0 1000 0.41 0.15 0.17 0.16 0.17 0.16 0.19 -1 -1 -1 -1
Evo 1.00 0.00 0.50 0.50 0.50 0.50 0.50 0.05 0.00 0.05 0.24 0.37 -1 902
Result 0 -8.0 909 0.43 0.17 0.16 0.17 0.16 0.17 0.17 -1 -1 -1 -1
Evo 1.00 0.50 1.00 0.50 0.50 0.50 0.50 0.04 0.00 0.16 0.48 0.74 993 -1
Result 1 1.0 1000 0.42 0.15 0.16 0.15 0.18 0.18 0.17 -1 -1 -1 -1
Evo 1.00 0.50 1.00 0.50 0.50 0.50 0.50 0.04 0.00 0.03 0.35 0.50 993 -1
Result 1 28.0 1000 0.42 0.16 0.16 0.18 0.15 0.18 0.17 -1 -1 -1 -1
Evo 1.00 0.50 1.00 0.50 0.50 0.50 0.50 0.04 0.00 0.19 0.44 0.59 993 -1
Result 1 1.0 1000 0.42 0.15 0.17 0.16 0.18 0.17 0.17 -1 -1 -1 -1
Evo 1.00 0.00 0.50 0.50 0.50 0.50 0.50 0.04 0.00 0.11 0.47 0.70 -1 982
Result 0 -21.0 989 0.42 0.16 0.18 0.15 0.16 0.17 0.18 -1 -1 -1 -1
Evo 1.00 0.00 0.50 0.50 0.50 0.50 0.50 0.05 0.00 0.01 0.36 0.56 -1 916
Result 0 -88.0 923 0.40 0.15 0.16 0.15 0.18 0.15 0.21 -1 -1 -1 -1
Evo 1.00 0.00 0.50 0.50 0.50 0.50 0.50 0.05 0.00 0.08 0.36 0.64 -1 874
Result 0 -82.0 881 0.42 0.16 0.16 0.15 0.16 0.20 0.18 -1 -1 -1 -1
Evo 1.00 0.00 0.50 0.49 0.50 0.50 0.50 0.05 0.00 0.04 0.28 0.49 -1 776
Result 0 -68.0 783 0.44 0.17 0.16 0.16 0.14 0.17 0.19 -1 -1 -1 -1
Evo 1.00 0.50 1.00 0.50 0.50 0.50 0.50 0.04 0.00 0.18 0.41 0.68 993 -1
Result 1 1.0 1000 0.44 0.17 0.16 0.14 0.16 0.17 0.19 -1 -1 -1 -1
Evo 1.00 0.50 1.00 0.50 0.50 0.50 0.50 0.04 0.00 0.05 0.30 0.48 993 -1
Result 1 1.0 1000 0.42 0.16 0.16 0.16 0.14 0.17 0.20 -1 -1 -1 -1
Evo 1.00 0.50 1.00 0.50 0.50 0.50 0.50 0.04 0.00 0.02 0.41 0.59 993 -1
Result 1 1.0 1000 0.45 0.18 0.17 0.15 0.15 0.16 0.19 -1 -1 -1 -1
Evo 1.00 0.00 0.50 0.50 0.50 0.50 0.50 0.04 0.00 0.06 0.42 0.64 -1 982
Result 0 0.0 989 0.40 0.14 0.14 0.16 0.16 0.19 0.20 -1 -1 -1 -1
Evo 1.00 0.50 1.00 0.50 0.50 0.50 0.50 0.04 0.00 0.07 0.39 0.63 993 -1
Result 1 1.0 1000 0.41 0.15 0.18 0.16 0.15 0.17 0.18 -1 -1 -1 -1
Evo 1.00 0.50 1.00 0.50 0.50 0.50 0.50 0.04 0.00 0.18 0.45 0.70 993 -1
Result 1 1.0 1000 0.42 0.16 0.16 0.16 0.16 0.18 0.17 -1 -1 -1 -1
Evo 1.00 0.50 1.00 0.50 0.50 0.50 0.50 0.04 0.00 0.03 0.34 0.53 993 951
Result 1 1.0 1000 0.44 0.18 0.16 0.16 0.15 0.17 0.17 -1 -1 -1 -1
Evo 1.00 0.50 1.00 0.50 0.50 0.50 0.50 0.04 0.00 0.19 0.39 0.56 993 -1
Result 1 10.0 1000 0.40 0.14 0.16 0.17 0.16 0.18 0.19 -1 -1 -1 -1
Evo 1.00 0.50 1.00 0.50 0.50 0.50 0.50 0.04 0.00 0.03 0.44 0.65 993 -1
Result 1 1.0 1000 0.43 0.17 0.17 0.16 0.17 0.16 0.17 -1 -1 -1 -1
Evo 1.00 0.00 0.50 0.50 0.50 0.50 0.50 0.05 0.00 0.07 0.41 0.64 -1 902
Result 0 -65.0 909 0.40 0.14 0.16 0.16 0.17 0.18 0.18 -1 -1 -1 -1
Evo 1.00 0.50 1.00 0.50 0.50 0.50 0.50 0.04 0.00 0.04 0.31 0.43 993 -1
Result 1 1.0 1000 0.43 0.16 0.16 0.16 0.17 0.15 0.19 -1 -1 -1 -1
Evo 1.00 0.50 1.00 0.50 0.50 0.50 0.50 0.04 0.00 0.03 0.45 0.66 993 -1
Result 1 1.0 1000 0.42 0.15 0.18 0.17 0.17 0.18 0.15 -1 -1 -1 -1
Evo 1.00 0.50 1.00 0.50 0.50 0.50 0.50 0.04 0.00 0.04 0.29 0.45 993 -1
Result 1 59.0 1000 0.43 0.16 0.17 0.15 0.16 0.15 0.20 -1 -1 -1 -1
Evo 1.00 0.00 0.50 0.50 0.50 0.50 0.50 0.05 0.00 0.27 0.44 0.69 -1 912
Result 0 -96.0 919 0.40 0.14 0.17 0.15 0.17 0.18 0.19 -1 -1 -1 -1
Evo 1.00 0.50 1.00 0.50 0.50 0.50 0.50 0.04 0.00 0.07 0.33 0.53 993 -1
Result 1 1.0 1000 0.43 0.17 0.15 0.17 0.15 0.17 0.19 -1 -1 -1 -1
Evo 1.00 0.50 1.00 0.50 0.50 0.50 0.50 0.04 0.00 0.01 0.35 0.60 993 -1
Result 1 1.0 1000 0.40 0.14 0.17 0.15 0.15 0.17 0.21 -1 -1 -1 -1
Evo 1.00 0.50 1.00 0.50 0.50 0.50 0.50 0.04 0.00 0.16 0.35 0.49 993 -1
Result 1 47.0 1000 0.41 0.15 0.17 0.16 0.16 0.16 0.20 -1 -1 -1 -1
Evo 1.00 0.50 1.00 0.50 0.50 0.50 0.50 0.04 0.00 0.06 0.34 0.50 993 -1
Result 1 1.0 1000 0.40 0.14 0.16 0.17 0.16 0.18 0.19 -1 -1 -1 -1
Evo 1.00 0.50 1.00 0.50 0.50 0.50 0.50 0.04 0.00 0.27 0.39 0.64 993 -1
Result 1 1.0 1000 0.45 0.18 0.15 0.15 0.16 0.18 0.19 -1 -1 -1 -1
Evo 1.00 0.50 1.00 0.50 0.50 0.50 0.50 0.04 0.00 0.01 0.38 0.55 993 -1
Result 1 10.0 1000 0.42 0.16 0.14 0.16 0.16 0.18 0.20 -1 -1 -1 -1
Evo 1.00 0.50 1.00 0.50 0.50 0.50 0.50 0.04 0.00 0.14 0.25 0.39 993 -1
Result 1 1.0 1000 0.44 0.17 0.18 0.15 0.16 0.14 0.19 -1 -1 -1 -1
Evo 1.00 0.50 1.00 0.50 0.50 0.50 0.50 0.04 0.00 0.06 0.33 0.53 993 -1
Result 1 1.0 1000 0.44 0.18 0.16 0.15 0.17 0.16 0.18 -1 -1 -1 -1
Evo 1.00 0.50 1.00 0.50 0.50 0.50 0.50 0.04 0.00 0.10 0.26 0.36 993 -1
Result 1 1.0 1000 0.42 0.15 0.17 0.17 0.17 0.16 0.18 -1 -1 -1 -1
Evo 1.00 0.50 1.00 0.50 0.50 0.50 0.50 0.04 0.00 0.13 0.34 0.54 993 -1
Result 1 1.0 1000 0.41 0.15 0.17 0.17 0.16 0.17 0.18 -1 -1 -1 -1
Evo 1.00 0.50 1.00 0.50 0.50 0.50 0.50 0.04 0.00 0.04 0.42 0.68 993 -1
Result 1 1.0 1000 0.41 0.15 0.17 0.17 0.16 0.17 0.18 -1 -1 -1 -1
Evo 1.00 0.50 1.00 0.50 0.50 0.50 0.50 0.04 0.00 0.11 0.34 0.54 993 -1
Result 1 1.0 1000 0.44 0.17 0.18 0.15 0.15 0.20 0.15 -1 -1 -1 -1
Evo 1.00 0.50 1.00 0.50 0.50 0.50 0.50 0.04 0.00 0.01 0.45 0.71 993 -1
Result 1 1.0 1000 0.45 0.18 0.15 0.15 0.18 0.17 0.17 -1 -1 -1 -1
Evo 1.00 0.50 1.00 0.50 0.50 0.50 0.50 0.04 0.00 0.16 0.35 0.55 993 -1
Result 1 1.0 1000 0.44 0.17 0.18 0.14 0.17 0.16 0.19 -1 -1 -1 -1
Evo 1.00 0.50 1.00 0.50 0.50 0.50 0.50 0.04 0.00 0.09 0.30 0.42 993 -1
Result 1 1.0 1000 0.43 0.17 0.18 0.16 0.17 0.15 0.17 -1 -1 -1 -1
Evo 1.00 0.00 0.50 0.50 0.50 0.50 0.50 0.04 0.00 0.09 0.23 0.31 -1 990
Result 0 -20.0 997 0.44 0.18 0.17 0.16 0.17 0.14 0.18 -1 -1 -1 -1
Evo 1.00 0.50 1.00 0.50 0.50 0.50 0.50 0.04 0.00 0.06 0.44 0.70 993 -1
Result 1 1.0 1000 0.43 0.17 0.15 0.17 0.16 0.18 0.18 -1 -1 -1 -1
Evo 1.00 0.50 1.00 0.50 0.50 0.50 0.50 0.04 0.00 0.08 0.32 0.52 993 -1
Result 1 1.0 1000 0.43 0.16 0.20 0.16 0.15 0.17 0.15 -1 -1 -1 -1
Evo 1.00 0.50 1.00 0.50 0.50 0.50 0.50 0.04 0.00 0.12 0.28 0.40 993 -1
Result 1 37.0 1000 0.43 0.17 0.16 0.16 0.14 0.16 0.21 -1 -1 -1 -1
Evo 1.00 0.50 1.00 0.50 0.50 0.50 0.50 0.04 0.00 0.03 0.27 0.43 993 -1
Result 1 1.0 1000 0.44 0.18 0.14 0.17 0.16 0.18 0.17 -1 -1 -1 -1
Evo 1.00 0.50 1.00 0.50 0.50 0.50 0.50 0.04 0.00 0.13 0.30 0.44 993 -1
Result 1 17.0 1000 0.42 0.16 0.18 0.15 0.16 0.15 0.21 -1 -1 -1 -1
Evo 1.00 0.50 1.00 0.50 0.50 0.50 0.50 0.04 0.00 0.13 0.44 0.70 993 -1
Result 1 1.0 1000 0.43 0.16 0.17 0.15 0.16 0.17 0.19 -1 -1 -1 -1
Evo 1.00 0.50 1.00 0.50 0.50 0.50 0.50 0.04 0.00 0.04 0.33 0.44 993 -1
Result 1 1.0 1000 0.42 0.16 0.17 0.17 0.16 0.16 0.19 -1 -1 -1 -1
Evo 1.00 0.00 0.50 0.50 0.50 0.50 0.50 0.05 0.00 0.05 0.21 0.27 -1 844
Result 0 -53.0 851 0.44 0.17 0.15 0.16 0.16 0.17 0.19 -1 -1 -1 -1
Evo 1.00 0.00 0.50 0.50 0.50 0.50 0.50 0.05 0.00 0.02 0.33 0.51 -1 942
Result 0 -22.0 949 0.43 0.16 0.14 0.16 0.16 0.17 0.20 -1 -1 -1 -1
Evo 1.00 0.00 0.50 0.50 0.50 0.50 0.50 0.05 0.00 0.07 0.33 0.51 -1 822
Result 0 -84.0 829 0.44 0.18 0.14 0.16 0.17 0.16 0.19 -1 -1 -1 -1
Evo 1.00 0.00 0.50 0.50 0.50 0.50 0.50 0.05 0.00 0.03 0.39 0.63 -1 916
Result 0 -54.0 923 0.43 0.16 0.20 0.13 0.16 0.17 0.18 -1 -1 -1 -1
Evo 1.00 0.00 0.50 0.49 0.50 0.50 0.50 0.05 0.00 0.08 0.25 0.35 -1 746
Result 0 -33.0 753 0.42 0.16 0.17 0.15 0.17 0.16 0.21 -1 -1 -1 -1
Evo 1.00 0.50 1.00 0.50 0.50 0.50 0.50 0.04 0.00 0.02 0.32 0.48 993 -1
Result 1 41.0 1000 0.39 0.14 0.17 0.17 0.14 0.17 0.21 -1 -1 -1 -1
Evo 1.00 0.00 0.50 0.49 0.50 0.50 0.50 0.05 0.00 0.02 0.36 0.61 -1 790
Result 0 -78.0 797 0.44 0.18 0.16 0.15 0.17 0.18 0.16 -1 -1 -1 -1
Evo 1.00 0.00 0.50 0.49 0.50 0.50 0.50 0.05 0.00 0.08 0.24 0.38 -1 764
Result 0 1.0 771 0.42 0.16 0.16 0.15 0.17 0.16 0.20 -1 -1 -1 -1
Evo 1.00 0.50 1.00 0.50 0.50 0.50 0.50 0.04 0.00 0.03 0.40 0.56 993 -1
Result 1 14.0 1000 0.39 0.13 0.16 0.15 0.15 0.17 0.23 -1 -1 -1 -1
Evo 1.00 0.50 1.00 0.50 0.50 0.50 0.50 0.04 0.00 0.10 0.40 0.56 993 -1
Result 1 1.0 1000 0.44 0.18 0.16 0.17 0.14 0.18 0.18 -1 -1 -1 -1
Evo 1.00 0.50 1.00 0.50 0.50 0.50 0.50 0.04 0.00 0.24 0.32 0.50 993 -1
Result 1 1.0 1000 0.43 0.17 0.15 0.16 0.15 0.17 0.20 -1 -1 -1 -1
Evo 1.00 0.50 1.00 0.50 0.50 0.50 0.50 0.04 0.00 0.03 0.43 0.68 993 -1
Result 1 1.0 1000 0.44 0.17 0.16 0.13 0.18 0.17 0.18 -1 -1 -1 -1
Evo 1.00 0.50 1.00 0.50 0.50 0.50 0.50 0.04 0.00 0.18 0.45 0.66 993 -1
Result 1 1.0 1000 0.43 0.16 0.17 0.18 0.15 0.18 0.16 -1 -1 -1 -1
Evo 1.00 0.00 0.50 0.50 0.50 0.50 0.50 0.05 0.00 0.06 0.24 0.33 -1 850
Result 0 -19.0 857 0.40 0.14 0.17 0.17 0.16 0.17 0.19 -1 -1 -1 -1
Evo 1.00 0.00 0.50 0.50 0.50 0.50 0.50 0.05 0.00 0.02 0.39 0.62 -1 852
Result 0 -52.0 859 0.40 0.14 0.18 0.15 0.18 0.18 0.17 -1 -1 -1 -1
Evo 1.00 0.00 0.50 0.50 0.50 0.50 0.50 0.05 0.00 0.15 0.36 0.52 -1 964
Result 0 -36.0 971 0.42 0.16 0.17 0.16 0.15 0.17 0.18 -1 -1 -1 -1
Evo 1.00 0.00 0.50 0.49 0.50 0.50 0.50 0.05 0.00 0.02 0.34 0.51 -1 766
Result 0 -73.0 773 0.42 0.16 0.16 0.18 0.16 0.17 0.17 -1 -1 -1 -1
Evo 1.00 0.50 1.00 0.50 0.50 0.50 0.50 0.04 0.00 0.04 0.34 0.49 993 -1
Result 1 8.0 1000 0.41 0.15 0.18 0.15 0.17 0.17 0.18 -1 -1 -1 -1
Evo 1.00 0.00 0.50 0.50 0.50 0.50 0.50 0.05 0.00 0.18 0.32 0.46 -1 920
Result 0 -89.0 927 0.40 0.14 0.17 0.19 0.16 0.17 0.17 -1 -1 -1 -1
Evo 1.00 0.50 1.00 0.50 0.50 0.50 0.50 0.04 0.00 0.03 0.44 0.63 993 -1
Result 1 1.0 1000 0.40 0.14 0.16 0.15 0.18 0.17 0.20 -1 -1 -1 -1
