Evo 1.00 0.00 0.00 0.00 0.00 0.00 0.00 0.00 0.00 0.00 0.03 0.03 -1 1993
Result 0 0.0 2000 0.47 0.20 0.20 0.20 0.20 0.20 -1 -1 -1 -1 -1
Evo 1.00 0.00 1.00 1.00 1.00 1.00 1.00 0.06 0.00 0.03 0.09 0.14 -1 1993
Result 0 0.0 2000 0.45 0.19 0.20 0.23 0.20 0.19 -1 -1 -1 -1 -1
Evo 1.00 0.00 1.00 1.00 1.00 1.00 1.00 0.06 0.00 0.03 0.03 0.03 -1 1993
Result 0 0.0 2000 0.45 0.18 0.22 0.19 0.20 0.21 -1 -1 -1 -1 -1
Evo 1.00 0.00 1.00 1.00 1.00 1.00 1.00 0.07 0.00 0.04 0.28 0.34 -1 1552
Result 0 1.0 2000 0.46 0.20 0.21 0.20 0.20 0.19 -1 -1 -1 -1 -1
Evo 1.00 0.00 1.00 1.00 1.00 1.00 1.00 0.06 0.00 0.01 0.03 0.03 -1 1993
Result 0 0.0 2000 0.47 0.19 0.20 0.20 0.21 0.20 -1 -1 -1 -1 -1
Evo 1.00 0.00 1.00 1.00 1.00 1.00 1.00 0.06 0.00 0.01 0.03 0.03 -1 1993
Result 0 0.0 2000 0.46 0.20 0.20 0.20 0.19 0.20 -1 -1 -1 -1 -1
Evo 1.00 0.00 1.00 1.00 1.00 1.00 1.00 0.06 0.00 0.01 0.03 0.03 -1 1993
Result 0 0.0 2000 0.45 0.20 0.19 0.20 0.20 0.21 -1 -1 -1 -1 -1
Evo 1.00 0.00 1.00 1.00 1.00 1.00 1.00 0.06 0.00 0.01 0.03 0.03 -1 1993
Result 0 0.0 2000 0.46 0.22 0.20 0.21 0.18 0.18 -1 -1 -1 -1 -1
Evo 1.00 0.00 1.00 0.99 1.00 1.00 1.00 0.08 0.00 0.27 0.37 0.48 -1 357
Result 0 4.0 2000 0.47 0.20 0.22 0.19 0.18 0.21 -1 -1 -1 -1 -1
Evo 1.00 0.00 1.00 1.00 1.00 1.00 1.00 0.06 0.00 0.01 0.03 0.03 -1 1993
Result 0 0.0 2000 0.48 0.21 0.20 0.19 0.20 0.20 -1 -1 -1 -1 -1
Evo 1.00 0.00 1.00 1.00 1.00 1.00 1.00 0.06 0.00 0.01 0.03 0.03 -1 1993
Result 0 0.0 2000 0.47 0.19 0.21 0.19 0.22 0.19 -1 -1 -1 -1 -1
Evo 1.00 0.00 1.00 1.00 1.00 1.00 1.00 0.06 0.00 0.01 0.04 0.05 -1 1993
Result 0 0.0 2000 0.45 0.19 0.20 0.21 0.21 0.19 -1 -1 -1 -1 -1
Evo 1.00 0.00 1.00 1.00 1.00 1.00 1.00 0.06 0.00 0.01 0.08 0.09 -1 1993
Result 0 0.0 2000 0.47 0.20 0.19 0.23 0.19 0.20 -1 -1 -1 -1 -1
Evo 1.00 0.00 1.00 0.99 1.00 1.00 1.00 0.07 0.00 0.26 0.31 0.35 -1 1765
Result 0 1.0 2000 0.45 0.21 0.18 0.20 0.21 0.20 -1 -1 -1 -1 -1
Evo 1.00 0.00 1.00 1.00 1.00 1.00 1.00 0.06 0.00 0.01 0.03 0.03 -1 1993
Result 0 0.0 2000 0.45 0.18 0.21 0.20 0.21 0.19 -1 -1 -1 -1 -1
Evo 1.00 0.00 1.00 1.00 1.00 1.00 1.00 0.06 0.00 0.01 0.03 0.03 -1 1993
Result 0 0.0 2000 0.46 0.22 0.19 0.19 0.20 0.20 -1 -1 -1 -1 -1
Evo 1.00 0.00 1.00 1.00 1.00 1.00 1.00 0.06 0.00 0.01 0.03 0.03 -1 1993
Result 0 0.0 2000 0.47 0.20 0.20 0.22 0.20 0.17 -1 -1 -1 -1 -1
Evo 1.00 0.00 1.00 1.00 1.00 1.00 1.00 0.06 0.00 0.01 0.03 0.03 -1 1993
Result 0 0.0 2000 0.46 0.21 0.19 0.20 0.20 0.19 -1 -1 -1 -1 -1
Evo 1.00 0.00 1.00 0.99 1.00 1.00 1.00 0.07 0.00 0.48 0.29 0.37 -1 716
Result 0 1.0 2000 0.48 0.22 0.21 0.19 0.20 0.18 -1 -1 -1 -1 -1
Evo 1.00 0.00 1.00 1.00 1.00 1.00 1.00 0.06 0.00 0.01 0.03 0.03 -1 1993
Result 0 0.0 2000 0.46 0.20 0.20 0.21 0.20 0.19 -1 -1 -1 -1 -1
Evo 1.00 0.00 1.00 1.00 1.00 1.00 1.00 0.06 0.00 0.01 0.49 0.54 -1 1993
Result 0 0.0 2000 0.46 0.20 0.19 0.21 0.19 0.21 -1 -1 -1 -1 -1
Evo 1.00 0.00 1.00 1.00 1.00 1.00 1.00 0.06 0.00 0.01 0.45 0.55 -1 1993
Result 0 0.0 2000 0.46 0.20 0.20 0.20 0.18 0.21 -1 -1 -1 -1 -1
Evo 1.00 0.00 1.00 1.00 1.00 1.00 1.00 0.06 0.00 0.01 0.50 0.56 -1 1993
Result 0 0.0 2000 0.46 0.21 0.20 0.20 0.20 0.20 -1 -1 -1 -1 -1
Evo 1.00 0.00 1.00 1.00 1.00 1.00 1.00 0.06 0.00 0.01 0.48 0.54 -1 1993
Result 0 0.0 2000 0.47 0.19 0.21 0.21 0.19 0.20 -1 -1 -1 -1 -1
Evo 1.00 0.00 1.00 1.00 1.00 1.00 1.00 0.06 0.00 0.01 0.52 0.59 -1 1993
Result 0 0.0 2000 0.46 0.21 0.20 0.20 0.18 0.21 -1 -1 -1 -1 -1
Evo 1.00 0.00 1.00 1.00 1.00 1.00 1.00 0.06 0.00 0.01 0.48 0.56 -1 1993
Result 0 0.0 2000 0.46 0.19 0.19 0.21 0.20 0.20 -1 -1 -1 -1 -1
Evo 1.00 0.00 1.00 1.00 1.00 1.00 1.00 0.06 0.00 0.01 0.44 0.55 -1 1993
Result 0 0.0 2000 0.46 0.21 0.19 0.22 0.19 0.20 -1 -1 -1 -1 -1
Evo 1.00 0.00 1.00 1.00 1.00 1.00 1.00 0.06 0.00 0.01 0.48 0.55 -1 1993
Result 0 0.0 2000 0.46 0.21 0.20 0.20 0.19 0.21 -1 -1 -1 -1 -1
Evo 1.00 0.00 1.00 1.00 1.00 1.00 1.00 0.06 0.00 0.01 0.48 0.55 -1 1993
Result 0 0.0 2000 0.46 0.19 0.19 0.20 0.21 0.21 -1 -1 -1 -1 -1
Evo 1.00 0.00 1.00 1.00 1.00 1.00 1.00 0.06 0.00 0.01 0.46 0.58 -1 1993
Result 0 0.0 2000 0.45 0.18 0.20 0.20 0.22 0.19 -1 -1 -1 -1 -1
Evo 1.00 0.00 1.00 1.00 1.00 1.00 1.00 0.06 0.00 0.01 0.47 0.54 -1 1993
Result 0 0.0 2000 0.47 0.20 0.20 0.21 0.20 0.19 -1 -1 -1 -1 -1
Evo 1.00 0.00 1.00 1.00 1.00 1.00 1.00 0.06 0.00 0.01 0.49 0.58 -1 1993
Result 0 0.0 2000 0.47 0.20 0.20 0.20 0.20 0.20 -1 -1 -1 -1 -1
Evo 1.00 0.00 1.00 1.00 1.00 1.00 1.00 0.06 0.00 0.01 0.46 0.54 -1 1993
Result 0 0.0 2000 0.46 0.20 0.20 0.20 0.20 0.20 -1 -1 -1 -1 -1
Evo 1.00 0.00 1.00 1.00 1.00 1.00 1.00 0.06 0.00 0.01 0.48 0.55 -1 1993
Result 0 0.0 2000 0.46 0.21 0.19 0.20 0.20 0.21 -1 -1 -1 -1 -1
Evo 1.00 0.00 1.00 1.00 1.00 1.00 1.00 0.06 0.00 0.01 0.48 0.54 -1 1993
Result 0 0.0 2000 0.47 0.21 0.21 0.20 0.20 0.18 -1 -1 -1 -1 -1
Evo 1.00 0.00 1.00 1.00 1.00 1.00 1.00 0.06 0.00 0.01 0.48 0.54 -1 1993
Result 0 0.0 2000 0.47 0.18 0.20 0.21 0.19 0.21 -1 -1 -1 -1 -1
Evo 1.00 0.00 1.00 1.00 1.00 1.00 1.00 0.06 0.00 0.01 0.51 0.55 -1 1993
Result 0 0.0 2000 0.47 0.21 0.20 0.19 0.21 0.18 -1 -1 -1 -1 -1
Evo 1.00 0.00 1.00 1.00 1.00 1.00 1.00 0.06 0.00 0.01 0.50 0.56 -1 1993
Result 0 0.0 2000 0.47 0.20 0.21 0.19 0.19 0.22 -1 -1 -1 -1 -1
Evo 1.00 0.00 1.00 1.00 1.00 1.00 1.00 0.06 0.00 0.01 0.49 0.55 -1 1993
Result 0 0.0 2000 0.47 0.19 0.21 0.19 0.20 0.21 -1 -1 -1 -1 -1
Evo 1.00 0.00 1.00 1.00 1.00 1.00 1.00 0.06 0.00 0.01 0.48 0.55 -1 1993
Result 0 0.0 2000 0.46 0.20 0.22 0.20 0.18 0.21 -1 -1 -1 -1 -1
Evo 1.00 0.00 1.00 0.95 1.00 1.00 1.00 0.21 0.00 0.07 0.06 0.08 -1 13
Result 0 0.0 2000 0.49 0.24 0.24 0.25 0.20 0.08 -1 -1 -1 -1 -1
Evo 1.00 0.00 1.00 0.96 1.00 1.00 1.00 0.20 0.00 0.06 0.16 0.24 -1 1
Result 0 0.0 2000 0.47 0.21 0.19 0.25 0.22 0.13 -1 -1 -1 -1 -1
Evo 1.00 0.00 1.00 0.95 1.00 1.00 1.00 0.23 0.01 0.08 0.06 0.08 -1 13
Result 0 0.0 2000 0.49 0.23 0.24 0.26 0.20 0.07 -1 -1 -1 -1 -1
Evo 1.00 0.00 1.00 0.95 1.00 1.00 1.00 0.22 0.00 0.07 0.06 0.10 -1 30
Result 0 0.0 2000 0.49 0.23 0.23 0.26 0.21 0.07 -1 -1 -1 -1 -1
Evo 1.00 0.00 1.00 0.95 1.00 1.00 1.00 0.21 0.00 0.06 0.06 0.08 -1 4
Result 0 0.0 2000 0.45 0.24 0.19 0.27 0.24 0.07 -1 -1 -1 -1 -1
Evo 1.00 0.00 1.00 0.95 1.00 1.00 1.00 0.22 0.00 0.07 0.05 0.08 -1 14
Result 0 0.0 2000 0.50 0.22 0.25 0.27 0.20 0.07 -1 -1 -1 -1 -1
Evo 1.00 0.00 1.00 0.95 1.00 1.00 1.00 0.21 0.00 0.06 0.16 0.26 -1 24
Result 0 0.0 2000 0.49 0.23 0.23 0.21 0.19 0.14 -1 -1 -1 -1 -1
Evo 1.00 0.00 1.00 0.94 1.00 1.00 1.00 0.23 0.01 0.08 0.06 0.09 -1 6
Result 0 0.0 2000 0.48 0.21 0.27 0.26 0.17 0.08 -1 -1 -1 -1 -1
Evo 1.00 0.00 1.00 0.94 1.00 1.00 1.00 0.24 0.01 0.09 0.06 0.08 -1 46
Result 0 0.0 2000 0.49 0.23 0.26 0.29 0.17 0.06 -1 -1 -1 -1 -1
Evo 1.00 0.00 1.00 0.95 1.00 1.00 1.00 0.22 0.00 0.07 0.05 0.08 -1 6
Result 0 0.0 2000 0.49 0.24 0.25 0.26 0.21 0.05 -1 -1 -1 -1 -1
Evo 1.00 0.00 1.00 0.95 1.00 1.00 1.00 0.22 0.00 0.07 0.19 0.26 -1 3
Result 0 0.0 2000 0.49 0.23 0.22 0.21 0.18 0.16 -1 -1 -1 -1 -1
Evo 1.00 0.00 1.00 0.95 1.00 1.00 1.00 0.22 0.00 0.07 0.05 0.08 -1 52
Result 0 0.0 2000 0.48 0.22 0.25 0.27 0.19 0.07 -1 -1 -1 -1 -1
Evo 1.00 0.00 1.00 0.94 1.00 1.00 1.00 0.23 0.01 0.08 0.06 0.08 -1 5
Result 0 0.0 2000 0.49 0.23 0.25 0.26 0.19 0.07 -1 -1 -1 -1 -1
Evo 1.00 0.00 1.00 0.95 1.00 1.00 1.00 0.23 0.01 0.08 0.05 0.09 -1 22
Result 0 0.0 2000 0.50 0.23 0.25 0.27 0.17 0.07 -1 -1 -1 -1 -1
Evo 1.00 0.00 1.00 0.95 1.00 1.00 1.00 0.23 0.01 0.08 0.06 0.08 -1 0
Result 0 0.0 2000 0.47 0.21 0.20 0.28 0.23 0.09 -1 -1 -1 -1 -1
Evo 1.00 0.00 1.00 0.94 1.00 1.00 1.00 0.24 0.01 0.09 0.05 0.08 -1 10
Result 0 0.0 2000 0.49 0.23 0.24 0.27 0.19 0.07 -1 -1 -1 -1 -1
Evo 1.00 0.00 1.00 0.96 1.00 1.00 1.00 0.19 0.00 0.06 0.17 0.26 -1 21
Result 0 0.0 2000 0.46 0.20 0.25 0.22 0.15 0.18 -1 -1 -1 -1 -1
Evo 1.00 0.00 1.00 0.96 1.00 1.00 1.00 0.20 0.00 0.06 0.06 0.08 -1 2
Result 0 0.0 2000 0.49 0.23 0.27 0.26 0.19 0.05 -1 -1 -1 -1 -1
Evo 1.00 0.00 1.00 0.95 1.00 1.00 1.00 0.21 0.00 0.07 0.06 0.08 -1 31
Result 0 0.0 2000 0.48 0.22 0.21 0.27 0.23 0.07 -1 -1 -1 -1 -1
Evo 1.00 0.00 1.00 0.97 1.00 1.00 1.00 0.18 0.00 0.05 0.06 0.09 -1 52
Result 0 0.0 2000 0.49 0.24 0.17 0.28 0.24 0.07 -1 -1 -1 -1 -1
Evo 1.00 0.00 1.00 1.00 1.00 1.00 1.00 0.06 0.00 0.01 0.37 0.40 -1 1993
Result 0 0.0 2000 0.47 0.21 0.20 0.20 0.20 0.20 -1 -1 -1 -1 -1
Evo 1.00 0.00 1.00 1.00 1.00 1.00 1.00 0.06 0.00 0.01 0.37 0.40 -1 1993
Result 0 0.0 2000 0.47 0.20 0.18 0.22 0.19 0.20 -1 -1 -1 -1 -1
Evo 1.00 0.00 1.00 1.00 1.00 1.00 1.00 0.06 0.00 0.01 0.34 0.40 -1 1993
Result 0 0.0 2000 0.47 0.20 0.21 0.21 0.19 0.19 -1 -1 -1 -1 -1
Evo 1.00 0.00 1.00 1.00 1.00 1.00 1.00 0.06 0.00 0.01 0.37 0.39 -1 1993
Result 0 0.0 2000 0.47 0.21 0.20 0.19 0.20 0.20 -1 -1 -1 -1 -1
Evo 1.00 0.00 1.00 1.00 1.00 1.00 1.00 0.06 0.00 0.01 0.39 0.41 -1 1993
Result 0 0.0 2000 0.47 0.21 0.20 0.18 0.20 0.21 -1 -1 -1 -1 -1
Evo 1.00 0.00 1.00 1.00 1.00 1.00 1.00 0.06 0.00 0.01 0.28 0.34 -1 1993
Result 0 0.0 2000 0.46 0.20 0.21 0.21 0.19 0.20 -1 -1 -1 -1 -1
Evo 1.00 0.00 1.00 1.00 1.00 1.00 1.00 0.06 0.00 0.35 0.39 0.40 -1 1993
Result 0 1.0 2000 0.47 0.19 0.20 0.21 0.21 0.19 -1 -1 -1 -1 -1
Evo 1.00 0.00 1.00 1.00 1.00 1.00 1.00 0.06 0.00 0.52 0.33 0.39 -1 1993
Result 0 1.0 2000 0.46 0.19 0.20 0.21 0.20 0.19 -1 -1 -1 -1 -1
Evo 1.00 0.00 1.00 1.00 1.00 1.00 1.00 0.06 0.00 0.01 0.37 0.39 -1 1993
Result 0 0.0 2000 0.47 0.20 0.20 0.20 0.21 0.19 -1 -1 -1 -1 -1
Evo 1.00 0.00 1.00 1.00 1.00 1.00 1.00 0.06 0.00 0.01 0.39 0.41 -1 1993
Result 0 0.0 2000 0.47 0.21 0.21 0.19 0.20 0.19 -1 -1 -1 -1 -1
Evo 1.00 0.00 1.00 1.00 1.00 1.00 1.00 0.06 0.00 0.01 0.37 0.40 -1 1993
Result 0 0.0 2000 0.47 0.21 0.20 0.20 0.19 0.20 -1 -1 -1 -1 -1
Evo 1.00 0.00 1.00 1.00 1.00 1.00 1.00 0.06 0.00 0.01 0.38 0.41 -1 1993
Result 0 0.0 2000 0.46 0.19 0.19 0.19 0.22 0.21 -1 -1 -1 -1 -1
Evo 1.00 0.00 1.00 1.00 1.00 1.00 1.00 0.06 0.00 0.53 0.37 0.41 -1 1993
Result 0 2.0 2000 0.46 0.20 0.19 0.21 0.21 0.18 -1 -1 -1 -1 -1
Evo 1.00 0.00 1.00 1.00 1.00 1.00 1.00 0.06 0.00 0.01 0.37 0.40 -1 1993
Result 0 0.0 2000 0.46 0.19 0.20 0.19 0.21 0.21 -1 -1 -1 -1 -1
Evo 1.00 0.00 1.00 1.00 1.00 1.00 1.00 0.06 0.00 0.01 0.38 0.41 -1 1993
Result 0 0.0 2000 0.47 0.19 0.20 0.19 0.22 0.19 -1 -1 -1 -1 -1
Evo 1.00 0.00 1.00 1.00 1.00 1.00 1.00 0.06 0.00 0.01 0.35 0.39 -1 1993
Result 0 0.0 2000 0.47 0.20 0.20 0.21 0.20 0.19 -1 -1 -1 -1 -1
Evo 1.00 0.00 1.00 1.00 1.00 1.00 1.00 0.06 0.00 0.02 0.37 0.40 -1 1993
Result 0 1.0 2000 0.46 0.21 0.20 0.20 0.20 0.20 -1 -1 -1 -1 -1
Evo 1.00 0.00 1.00 1.00 1.00 1.00 1.00 0.06 0.00 0.50 0.39 0.41 -1 1993
Result 0 1.0 2000 0.47 0.19 0.21 0.19 0.20 0.21 -1 -1 -1 -1 -1
Evo 1.00 0.00 1.00 1.00 1.00 1.00 1.00 0.06 0.00 0.01 0.31 0.37 -1 1993
Result 0 0.0 2000 0.48 0.19 0.22 0.20 0.20 0.20 -1 -1 -1 -1 -1
Evo 1.00 0.00 1.00 1.00 1.00 1.00 1.00 0.06 0.00 0.01 0.34 0.40 -1 1993
Result 0 0.0 2000 0.46 0.20 0.21 0.18 0.19 0.22 -1 -1 -1 -1 -1
Evo 1.00 0.00 1.00 1.00 1.00 1.00 1.00 0.06 0.00 0.47 0.39 0.45 -1 1993
Result 0 3.0 2000 0.46 0.20 0.21 0.19 0.21 0.19 -1 -1 -1 -1 -1
Evo 1.00 0.00 1.00 1.00 1.00 1.00 1.00 0.06 0.00 0.52 0.42 0.51 -1 1993
Result 0 3.0 2000 0.47 0.20 0.21 0.19 0.20 0.20 -1 -1 -1 -1 -1
Evo 1.00 0.00 1.00 1.00 1.00 1.00 1.00 0.06 0.00 0.46 0.39 0.53 -1 1993
Result 0 1.0 2000 0.46 0.20 0.20 0.21 0.20 0.19 -1 -1 -1 -1 -1
Evo 1.00 0.00 1.00 1.00 1.00 1.00 1.00 0.06 0.00 0.28 0.46 0.55 -1 1993
Result 0 1.0 2000 0.46 0.19 0.20 0.21 0.19 0.21 -1 -1 -1 -1 -1
Evo 1.00 0.00 1.00 1.00 1.00 1.00 1.00 0.06 0.00 0.30 0.35 0.44 -1 1993
Result 0 2.0 2000 0.46 0.20 0.19 0.20 0.21 0.19 -1 -1 -1 -1 -1
Evo 1.00 0.00 1.00 1.00 1.00 1.00 1.00 0.06 0.00 0.27 0.57 0.68 -1 1993
Result 0 3.0 2000 0.47 0.20 0.20 0.19 0.20 0.21 -1 -1 -1 -1 -1
Evo 1.00 0.00 1.00 1.00 1.00 1.00 1.00 0.06 0.00 0.41 0.39 0.49 -1 1993
Result 0 3.0 2000 0.47 0.21 0.19 0.19 0.22 0.20 -1 -1 -1 -1 -1
Evo 1.00 0.00 1.00 1.00 1.00 1.00 1.00 0.06 0.00 0.42 0.31 0.39 -1 1993
Result 0 1.0 2000 0.46 0.19 0.20 0.21 0.20 0.20 -1 -1 -1 -1 -1
Evo 1.00 0.00 1.00 1.00 1.00 1.00 1.00 0.06 0.00 0.31 0.41 0.52 -1 1993
Result 0 4.0 2000 0.48 0.20 0.22 0.20 0.19 0.18 -1 -1 -1 -1 -1
Evo 1.00 0.00 1.00 1.00 1.00 1.00 1.00 0.06 0.00 0.43 0.61 0.70 -1 1993
Result 0 6.0 2000 0.47 0.21 0.20 0.19 0.19 0.20 -1 -1 -1 -1 -1
Evo 1.00 0.00 1.00 1.00 1.00 1.00 1.00 0.06 0.00 0.45 0.56 0.68 -1 1993
Result 0 3.0 2000 0.47 0.21 0.20 0.20 0.21 0.18 -1 -1 -1 -1 -1
Evo 1.00 0.00 1.00 1.00 1.00 1.00 1.00 0.06 0.00 0.46 0.41 0.52 -1 1993
Result 0 2.0 2000 0.45 0.21 0.18 0.21 0.20 0.19 -1 -1 -1 -1 -1
Evo 1.00 0.00 1.00 1.00 1.00 1.00 1.00 0.06 0.00 0.50 0.40 0.52 -1 1993
Result 0 4.0 2000 0.46 0.20 0.19 0.20 0.21 0.19 -1 -1 -1 -1 -1
Evo 1.00 0.00 1.00 1.00 1.00 1.00 1.00 0.06 0.00 0.43 0.59 0.69 -1 1993
Result 0 4.0 2000 0.47 0.20 0.20 0.20 0.21 0.19 -1 -1 -1 -1 -1
Evo 1.00 0.00 1.00 1.00 1.00 1.00 1.00 0.06 0.00 0.51 0.48 0.60 -1 1993
Result 0 2.0 2000 0.45 0.19 0.21 0.19 0.20 0.21 -1 -1 -1 -1 -1
Evo 1.00 0.00 1.00 1.00 1.00 1.00 1.00 0.06 0.00 0.17 0.44 0.59 -1 1993
Result 0 4.0 2000 0.47 0.21 0.21 0.20 0.19 0.19 -1 -1 -1 -1 -1
Evo 1.00 0.00 1.00 1.00 1.00 1.00 1.00 0.06 0.00 0.40 0.45 0.63 -1 1993
Result 0 3.0 2000 0.45 0.19 0.18 0.22 0.20 0.21 -1 -1 -1 -1 -1
Evo 1.00 0.00 1.00 1.00 1.00 1.00 1.00 0.06 0.00 0.38 0.42 0.58 -1 1993
Result 0 3.0 2000 0.45 0.19 0.19 0.19 0.23 0.20 -1 -1 -1 -1 -1
Evo 1.00 0.00 1.00 1.00 1.00 1.00 1.00 0.06 0.00 0.23 0.36 0.51 -1 1993
Result 0 2.0 2000 0.47 0.21 0.19 0.19 0.20 0.20 -1 -1 -1 -1 -1
Evo 1.00 0.00 1.00 1.00 1.00 1.00 1.00 0.06 0.00 0.53 0.58 0.69 -1 1993
Result 0 4.0 2000 0.48 0.20 0.21 0.20 0.19 0.20 -1 -1 -1 -1 -1
