Evo 1.00 0.00 1.00 0.72 0.00 1.00 1.00 0.45 0.03 0.53 0.31 0.62 -1 166
Result 0 1.0 306 0.44 0.18 0.13 0.14 0.18 0.17 0.20 -1 -1 -1 -1
Evo 1.00 0.00 1.00 0.97 1.00 1.00 1.00 0.16 0.01 0.23 0.33 0.50 -1 37
Result 0 5.0 340 0.44 0.16 0.18 0.13 0.21 0.18 0.14 -1 -1 -1 -1
Evo 1.01 0.00 1.00 0.93 1.00 1.00 1.00 0.25 0.02 0.43 0.18 0.38 -1 166
Result 0 1.0 199 0.43 0.16 0.11 0.20 0.17 0.17 0.20 -1 -1 -1 -1
Evo 1.00 0.00 1.00 0.94 1.00 1.00 1.00 0.23 0.01 0.12 0.47 0.74 -1 145
Result 0 8.0 630 0.45 0.16 0.14 0.18 0.18 0.18 0.16 -1 -1 -1 -1
Evo 1.01 0.00 1.00 0.96 1.00 1.00 1.00 0.20 0.01 0.47 0.22 0.43 -1 147
Result 0 1.0 185 0.40 0.16 0.17 0.18 0.16 0.14 0.18 -1 -1 -1 -1
Evo 1.00 0.00 1.00 0.97 1.00 1.00 1.00 0.17 0.01 0.02 0.45 0.75 -1 224
Result 0 7.0 512 0.44 0.19 0.14 0.18 0.18 0.17 0.15 -1 -1 -1 -1
Evo 1.00 0.00 1.00 0.97 1.00 1.00 1.00 0.16 0.01 0.52 0.32 0.58 -1 291
Result 0 3.0 333 0.44 0.15 0.17 0.13 0.20 0.17 0.18 -1 -1 -1 -1
Evo 1.00 0.00 1.00 0.96 1.00 1.00 1.00 0.20 0.01 0.31 0.22 0.38 -1 115
Result 0 3.0 222 0.42 0.14 0.17 0.22 0.15 0.16 0.16 -1 -1 -1 -1
Evo 1.00 0.00 1.00 0.96 1.00 1.00 1.00 0.20 0.01 0.03 0.24 0.44 -1 136
Result 0 3.0 232 0.42 0.13 0.16 0.15 0.19 0.16 0.21 -1 -1 -1 -1
Evo 1.00 0.00 1.00 0.92 1.00 1.00 1.00 0.27 0.02 0.04 0.22 0.42 -1 95
Result 0 1.0 204 0.39 0.14 0.15 0.17 0.19 0.13 0.22 -1 -1 -1 -1
Evo 1.00 0.00 1.00 0.97 1.00 1.00 1.00 0.16 0.01 0.53 0.32 0.55 -1 101
Result 0 6.0 379 0.44 0.16 0.15 0.15 0.19 0.18 0.17 -1 -1 -1 -1
Evo 1.00 0.00 1.00 0.95 1.00 1.00 1.00 0.21 0.01 0.42 0.33 0.58 -1 146
Result 0 5.0 353 0.46 0.20 0.18 0.13 0.15 0.19 0.15 -1 -1 -1 -1
Evo 1.01 0.00 1.00 0.94 1.00 1.00 1.00 0.23 0.02 0.48 0.18 0.43 -1 168
Result 0 1.0 192 0.42 0.12 0.12 0.19 0.19 0.16 0.21 -1 -1 -1 -1
Evo 1.00 0.00 1.00 0.90 1.00 1.00 1.00 0.30 0.02 0.18 0.29 0.55 -1 41
Result 0 4.0 306 0.41 0.19 0.14 0.19 0.13 0.15 0.20 -1 -1 -1 -1
Evo 1.00 0.00 1.00 0.95 1.00 1.00 1.00 0.22 0.02 0.29 0.22 0.44 -1 123
Result 0 1.0 213 0.39 0.19 0.14 0.19 0.20 0.14 0.14 -1 -1 -1 -1
Evo 1.00 0.00 1.00 0.98 1.00 1.00 1.00 0.13 0.01 0.44 0.34 0.60 -1 232
Result 0 5.0 286 0.44 0.15 0.17 0.14 0.17 0.18 0.20 -1 -1 -1 -1
Evo 1.00 0.00 1.00 0.96 1.00 1.00 1.00 0.19 0.01 0.29 0.36 0.55 -1 100
Result 0 9.0 405 0.44 0.17 0.17 0.14 0.16 0.18 0.18 -1 -1 -1 -1
Evo 1.00 0.00 1.00 0.92 1.00 1.00 1.00 0.27 0.02 0.19 0.27 0.59 -1 123
Result 0 11.0 297 0.48 0.17 0.16 0.15 0.14 0.22 0.15 -1 -1 -1 -1
Evo 1.00 0.00 1.00 0.98 1.00 1.00 1.00 0.15 0.01 0.47 0.33 0.49 -1 86
Result 0 7.0 379 0.45 0.17 0.19 0.13 0.16 0.19 0.16 -1 -1 -1 -1
Evo 1.00 0.00 1.00 0.94 1.00 1.00 1.00 0.23 0.02 0.37 0.14 0.39 -1 147
Result 0 1.0 222 0.46 0.18 0.10 0.17 0.22 0.20 0.12 -1 -1 -1 -1
Evo 1.01 0.00 1.00 0.90 1.00 1.00 1.00 0.31 0.02 0.29 0.19 0.42 -1 67
Result 0 1.0 190 0.36 0.17 0.12 0.21 0.20 0.12 0.18 -1 -1 -1 -1
Evo 1.00 0.00 1.00 0.94 1.00 1.00 1.00 0.24 0.01 0.23 0.29 0.56 -1 154
Result 0 2.0 286 0.43 0.15 0.18 0.19 0.15 0.16 0.17 -1 -1 -1 -1
Evo 1.01 0.00 1.00 0.95 1.00 1.00 1.00 0.22 0.02 0.07 0.16 0.41 -1 84
Result 0 0.0 200 0.43 0.22 0.09 0.16 0.19 0.17 0.16 -1 -1 -1 -1
Evo 1.00 0.00 1.00 0.93 1.00 1.00 1.00 0.26 0.01 0.33 0.52 0.68 -1 107
Result 0 11.0 654 0.43 0.17 0.18 0.16 0.15 0.16 0.18 -1 -1 -1 -1
Evo 1.00 0.00 1.00 0.98 1.00 1.00 1.00 0.12 0.01 0.42 0.43 0.63 -1 427
Result 0 9.0 446 0.42 0.15 0.15 0.20 0.19 0.16 0.14 -1 -1 -1 -1
Evo 1.00 0.00 1.00 0.96 1.00 1.00 1.00 0.20 0.01 0.11 0.34 0.56 -1 120
Result 0 9.0 415 0.41 0.17 0.17 0.14 0.18 0.15 0.19 -1 -1 -1 -1
Evo 1.00 0.00 1.00 0.97 1.00 1.00 1.00 0.17 0.01 0.28 0.20 0.42 -1 71
Result 0 1.0 204 0.39 0.17 0.15 0.20 0.19 0.14 0.16 -1 -1 -1 -1
Evo 1.01 0.00 1.00 0.95 1.00 1.00 1.00 0.21 0.02 0.07 0.19 0.38 -1 117
Result 0 0.0 191 0.38 0.20 0.13 0.18 0.21 0.13 0.15 -1 -1 -1 -1
Evo 1.01 0.00 1.00 0.97 1.00 1.00 1.00 0.17 0.01 0.04 0.21 0.34 -1 132
Result 0 0.0 196 0.40 0.14 0.17 0.21 0.18 0.14 0.16 -1 -1 -1 -1
Evo 1.00 0.00 1.00 0.96 1.00 1.00 1.00 0.19 0.01 0.53 0.25 0.44 -1 81
Result 0 6.0 276 0.44 0.18 0.17 0.14 0.15 0.18 0.17 -1 -1 -1 -1
Evo 1.00 0.00 1.00 0.97 1.00 1.00 1.00 0.17 0.01 0.31 0.39 0.56 -1 333
Result 0 7.0 438 0.45 0.15 0.16 0.16 0.17 0.18 0.18 -1 -1 -1 -1
Evo 1.00 0.00 1.00 0.94 1.00 1.00 1.00 0.23 0.01 0.19 0.28 0.48 -1 26
Result 0 1.0 290 0.41 0.16 0.16 0.16 0.19 0.15 0.17 -1 -1 -1 -1
Evo 1.00 0.00 1.00 0.97 1.00 1.00 1.00 0.16 0.01 0.41 0.21 0.37 -1 177
Result 0 1.0 234 0.44 0.15 0.16 0.19 0.17 0.18 0.14 -1 -1 -1 -1
Evo 1.00 0.00 1.00 0.96 1.00 1.00 1.00 0.19 0.01 0.44 0.18 0.30 -1 112
Result 0 1.0 225 0.42 0.13 0.20 0.19 0.15 0.16 0.16 -1 -1 -1 -1
Evo 1.00 0.00 1.00 0.96 1.00 1.00 1.00 0.20 0.01 0.31 0.22 0.45 -1 85
Result 0 5.0 321 0.45 0.14 0.19 0.17 0.13 0.18 0.19 -1 -1 -1 -1
Evo 1.01 0.00 1.00 0.97 1.00 1.00 1.00 0.17 0.01 0.09 0.16 0.30 -1 158
Result 0 0.0 196 0.38 0.15 0.17 0.22 0.15 0.13 0.18 -1 -1 -1 -1
Evo 1.00 0.00 1.00 0.96 1.00 1.00 1.00 0.21 0.01 0.42 0.29 0.50 -1 321
Result 0 3.0 341 0.45 0.18 0.19 0.14 0.16 0.18 0.14 -1 -1 -1 -1
Evo 1.00 0.00 1.00 0.96 1.00 1.00 1.00 0.19 0.01 0.53 0.34 0.51 -1 321
Result 0 7.0 455 0.44 0.18 0.14 0.14 0.18 0.17 0.18 -1 -1 -1 -1
Evo 1.00 0.00 1.00 0.96 1.00 1.00 1.00 0.19 0.01 0.03 0.24 0.52 -1 96
Result 0 6.0 280 0.43 0.16 0.19 0.13 0.18 0.17 0.17 -1 -1 -1 -1
Evo 1.00 0.00 1.00 0.97 1.00 1.00 1.00 0.16 0.01 0.17 0.31 0.54 -1 126
Result 0 5.0 370 0.44 0.17 0.16 0.13 0.18 0.18 0.19 -1 -1 -1 -1
Evo 1.01 0.00 1.00 0.89 1.00 1.00 1.00 0.31 0.03 0.15 0.13 0.22 -1 133
Result 0 0.0 155 0.42 0.27 0.11 0.15 0.14 0.15 0.17 -1 -1 -1 -1
Evo 1.01 0.00 1.00 0.88 1.00 1.00 1.00 0.32 0.03 0.16 0.10 0.19 -1 133
Result 0 0.0 155 0.48 0.13 0.16 0.13 0.20 0.22 0.16 -1 -1 -1 -1
Evo 1.01 0.00 1.00 0.94 1.00 1.00 1.00 0.24 0.02 0.09 0.12 0.22 -1 137
Result 0 0.0 179 0.42 0.16 0.20 0.14 0.16 0.16 0.17 -1 -1 -1 -1
Evo 1.01 0.00 1.00 0.96 1.00 1.00 1.00 0.20 0.02 0.06 0.11 0.25 -1 121
Result 0 0.0 168 0.45 0.21 0.17 0.17 0.14 0.18 0.13 -1 -1 -1 -1
Evo 1.01 0.00 1.00 0.92 1.00 1.00 1.00 0.27 0.02 0.11 0.09 0.20 -1 135
Result 0 0.0 155 0.46 0.15 0.13 0.17 0.18 0.20 0.17 -1 -1 -1 -1
Evo 1.01 0.00 1.00 0.89 1.00 1.00 1.00 0.32 0.03 0.15 0.13 0.22 -1 136
Result 0 0.0 159 0.43 0.21 0.13 0.19 0.14 0.17 0.17 -1 -1 -1 -1
Evo 1.01 0.00 1.00 0.94 1.00 1.00 1.00 0.23 0.02 0.08 0.07 0.13 -1 133
Result 0 0.0 155 0.44 0.17 0.19 0.10 0.17 0.18 0.19 -1 -1 -1 -1
Evo 1.01 0.00 1.00 0.90 1.00 1.00 1.00 0.30 0.02 0.14 0.07 0.16 -1 135
Result 0 0.0 155 0.44 0.24 0.21 0.13 0.13 0.18 0.12 -1 -1 -1 -1
Evo 1.00 0.00 1.00 0.90 1.00 1.00 1.00 0.30 0.02 0.15 0.30 0.59 -1 135
Result 0 19.0 269 0.35 0.15 0.17 0.21 0.21 0.11 0.15 -1 -1 -1 -1
Evo 1.01 0.00 1.00 0.90 1.00 1.00 1.00 0.30 0.02 0.14 0.11 0.22 -1 135
Result 0 0.0 155 0.44 0.12 0.20 0.17 0.19 0.18 0.13 -1 -1 -1 -1
Evo 1.01 0.00 1.00 0.90 1.00 1.00 1.00 0.30 0.02 0.13 0.11 0.20 -1 133
Result 0 0.0 155 0.42 0.25 0.15 0.15 0.16 0.16 0.13 -1 -1 -1 -1
Evo 1.01 0.00 1.00 0.95 1.00 1.00 1.00 0.21 0.02 0.04 0.19 0.34 -1 91
Result 0 0.0 168 0.43 0.17 0.17 0.15 0.20 0.17 0.15 -1 -1 -1 -1
Evo 1.01 0.00 1.00 0.94 1.00 1.00 1.00 0.23 0.02 0.08 0.11 0.22 -1 122
Result 0 0.0 179 0.40 0.17 0.17 0.16 0.16 0.14 0.20 -1 -1 -1 -1
Evo 1.01 0.00 1.00 0.94 1.00 1.00 1.00 0.25 0.02 0.09 0.07 0.15 -1 136
Result 0 0.0 155 0.44 0.15 0.16 0.18 0.15 0.17 0.18 -1 -1 -1 -1
Evo 1.01 0.00 1.00 0.95 1.00 1.00 1.00 0.21 0.02 0.07 0.09 0.23 -1 124
Result 0 0.0 146 0.43 0.18 0.18 0.15 0.16 0.17 0.15 -1 -1 -1 -1
Evo 1.00 0.00 1.00 0.97 1.00 1.00 1.00 0.16 0.01 0.13 0.26 0.47 -1 272
Result 0 4.0 294 0.38 0.20 0.17 0.20 0.16 0.13 0.14 -1 -1 -1 -1
Evo 1.01 0.00 1.00 0.90 1.00 1.00 1.00 0.30 0.02 0.13 0.11 0.20 -1 137
Result 0 0.0 155 0.36 0.19 0.17 0.14 0.14 0.12 0.24 -1 -1 -1 -1
Evo 1.01 0.00 1.00 0.91 1.00 1.00 1.00 0.29 0.02 0.12 0.08 0.14 -1 131
Result 0 0.0 155 0.48 0.20 0.20 0.15 0.12 0.22 0.11 -1 -1 -1 -1
Evo 1.01 0.00 1.00 0.92 1.00 1.00 1.00 0.27 0.02 0.11 0.11 0.22 -1 131
Result 0 0.0 155 0.38 0.17 0.21 0.13 0.18 0.13 0.19 -1 -1 -1 -1
Evo 1.01 0.00 1.00 0.96 1.00 1.00 1.00 0.20 0.02 0.06 0.14 0.25 -1 160
Result 0 0.0 168 0.44 0.19 0.14 0.17 0.15 0.18 0.18 -1 -1 -1 -1
Evo 1.00 0.00 1.00 0.96 1.00 1.00 1.00 0.19 0.01 0.14 0.20 0.36 -1 133
Result 0 4.0 331 0.44 0.17 0.19 0.15 0.12 0.17 0.20 -1 -1 -1 -1
Evo 1.00 0.00 1.00 0.96 1.00 1.00 1.00 0.21 0.01 0.53 0.32 0.61 -1 41
Result 0 2.0 293 0.38 0.18 0.16 0.16 0.17 0.13 0.20 -1 -1 -1 -1
Evo 1.00 0.00 1.00 0.91 1.00 1.00 1.00 0.28 0.01 0.17 0.31 0.60 -1 43
Result 0 5.0 370 0.43 0.15 0.16 0.19 0.18 0.17 0.16 -1 -1 -1 -1
Evo 1.00 0.00 1.00 0.96 1.00 1.00 1.00 0.19 0.01 0.17 0.42 0.58 -1 44
Result 0 8.0 541 0.45 0.13 0.16 0.18 0.18 0.18 0.17 -1 -1 -1 -1
Evo 1.00 0.00 1.00 0.96 1.00 1.00 1.00 0.19 0.01 0.20 0.37 0.59 -1 71
Result 0 5.0 480 0.45 0.18 0.13 0.16 0.17 0.19 0.18 -1 -1 -1 -1
Evo 1.00 0.00 1.00 0.96 1.00 1.00 1.00 0.19 0.01 0.19 0.31 0.53 -1 36
Result 0 7.0 373 0.45 0.16 0.18 0.17 0.15 0.18 0.15 -1 -1 -1 -1
Evo 1.01 0.00 1.00 0.90 1.00 1.00 1.00 0.31 0.03 0.16 0.08 0.19 -1 40
Result 0 -1.0 85 0.45 0.17 0.09 0.12 0.22 0.19 0.21 -1 -1 -1 -1
Evo 1.00 0.00 1.00 0.98 1.00 1.00 1.00 0.15 0.01 0.08 0.52 0.70 -1 70
Result 0 16.0 682 0.43 0.14 0.17 0.17 0.16 0.16 0.19 -1 -1 -1 -1
Evo 1.00 0.00 1.00 0.97 1.00 1.00 1.00 0.17 0.01 0.40 0.25 0.41 -1 122
Result 0 1.0 299 0.43 0.14 0.18 0.20 0.12 0.16 0.19 -1 -1 -1 -1
Evo 1.00 0.00 1.00 0.92 1.00 1.00 1.00 0.27 0.01 0.24 0.35 0.63 -1 88
Result 0 14.0 366 0.42 0.13 0.16 0.22 0.16 0.16 0.16 -1 -1 -1 -1
Evo 1.00 0.00 1.00 0.96 1.00 1.00 1.00 0.20 0.01 0.03 0.30 0.56 -1 46
Result 0 2.0 249 0.37 0.17 0.18 0.20 0.16 0.12 0.16 -1 -1 -1 -1
Evo 1.00 0.00 1.00 0.92 1.00 1.00 1.00 0.27 0.02 0.52 0.25 0.49 -1 18
Result 0 1.0 289 0.37 0.17 0.12 0.18 0.21 0.12 0.19 -1 -1 -1 -1
Evo 1.00 0.00 1.00 0.94 1.00 1.00 1.00 0.24 0.01 0.53 0.24 0.46 -1 125
Result 0 1.0 318 0.41 0.16 0.23 0.18 0.14 0.15 0.14 -1 -1 -1 -1
Evo 1.00 0.00 1.00 0.95 1.00 1.00 1.00 0.22 0.01 0.31 0.59 0.72 -1 158
Result 0 18.0 733 0.42 0.17 0.15 0.18 0.15 0.16 0.19 -1 -1 -1 -1
Evo 1.00 0.00 1.00 0.97 1.00 1.00 1.00 0.17 0.01 0.51 0.31 0.60 -1 94
Result 0 2.0 315 0.44 0.14 0.17 0.17 0.18 0.18 0.17 -1 -1 -1 -1
Evo 1.00 0.00 1.00 0.94 1.00 1.00 1.00 0.23 0.01 0.15 0.38 0.67 -1 75
Result 0 16.0 415 0.41 0.16 0.16 0.19 0.15 0.15 0.18 -1 -1 -1 -1
Evo 1.01 0.00 1.00 0.90 1.00 1.00 1.00 0.30 0.02 0.40 0.21 0.42 -1 93
Result 0 0.0 181 0.39 0.14 0.21 0.23 0.12 0.13 0.16 -1 -1 -1 -1
Evo 1.00 0.00 1.00 0.93 1.00 1.00 1.00 0.25 0.01 0.53 0.42 0.64 -1 42
Result 0 7.0 502 0.42 0.17 0.17 0.16 0.17 0.16 0.17 -1 -1 -1 -1
Evo 1.00 0.00 1.00 0.97 1.00 1.00 1.00 0.17 0.01 0.15 0.28 0.49 -1 90
Result 0 7.0 276 0.47 0.14 0.17 0.19 0.15 0.21 0.14 -1 -1 -1 -1
Evo 1.01 0.00 1.00 0.90 1.00 1.00 1.00 0.30 0.03 0.13 0.08 0.18 -1 101
Result 0 -1.0 124 0.38 0.18 0.24 0.14 0.11 0.13 0.20 -1 -1 -1 -1
Evo 1.00 0.00 1.00 0.97 1.00 1.00 1.00 0.18 0.01 0.09 0.46 0.66 -1 191
Result 0 20.0 630 0.43 0.17 0.14 0.18 0.17 0.17 0.17 -1 -1 -1 -1
Evo 1.00 0.00 1.00 0.98 1.00 1.00 1.00 0.15 0.01 0.51 0.30 0.52 -1 69
Result 0 11.0 375 0.46 0.17 0.18 0.15 0.15 0.20 0.16 -1 -1 -1 -1
Evo 1.00 0.00 1.00 0.91 1.00 1.00 1.00 0.29 0.01 0.22 0.38 0.67 -1 65
Result 0 10.0 478 0.43 0.15 0.15 0.17 0.17 0.17 0.19 -1 -1 -1 -1
Evo 1.01 0.00 1.00 0.97 1.00 1.00 1.00 0.17 0.01 0.04 0.18 0.35 -1 59
Result 0 0.0 142 0.37 0.14 0.17 0.21 0.21 0.12 0.15 -1 -1 -1 -1
Evo 1.00 0.00 1.00 0.98 1.00 1.00 1.00 0.16 0.00 0.18 0.51 0.66 993 23
Result 1 36.0 1000 0.43 0.14 0.17 0.15 0.16 0.16 0.22 -1 -1 -1 -1
Evo 1.01 0.00 0.50 0.49 0.50 0.50 0.50 0.08 0.01 0.14 0.16 0.32 -1 131
Result 0 0.0 142 0.31 0.15 0.14 0.22 0.22 0.09 0.18 -1 -1 -1 -1
Evo 1.00 0.00 0.50 0.48 0.50 0.50 0.50 0.10 0.01 0.28 0.20 0.38 -1 63
Result 0 4.0 274 0.42 0.19 0.15 0.12 0.16 0.16 0.23 -1 -1 -1 -1
Evo 1.01 0.00 0.50 0.47 0.50 0.50 0.50 0.12 0.01 0.24 0.13 0.24 -1 36
Result 0 0.0 137 0.42 0.16 0.20 0.23 0.14 0.16 0.12 -1 -1 -1 -1
Evo 1.00 0.00 0.50 0.47 0.50 0.50 0.50 0.12 0.00 0.15 0.43 0.57 -1 30
Result 0 15.0 590 0.45 0.14 0.17 0.17 0.15 0.18 0.18 -1 -1 -1 -1
Evo 1.00 0.00 0.50 0.47 0.50 0.50 0.50 0.11 0.01 0.22 0.40 0.63 -1 15
Result 0 5.0 376 0.43 0.14 0.20 0.14 0.16 0.17 0.19 -1 -1 -1 -1
Evo 1.00 0.00 0.50 0.47 0.50 0.50 0.50 0.12 0.01 0.10 0.32 0.46 -1 10
Result 0 7.0 410 0.48 0.16 0.16 0.14 0.15 0.22 0.16 -1 -1 -1 -1
Evo 1.00 0.00 0.50 0.48 0.50 0.50 0.50 0.10 0.01 0.37 0.26 0.47 -1 70
Result 0 8.0 275 0.47 0.18 0.14 0.15 0.14 0.21 0.17 -1 -1 -1 -1
Evo 1.00 0.00 0.50 0.48 0.50 0.50 0.50 0.11 0.01 0.21 0.35 0.62 -1 72
Result 0 9.0 399 0.42 0.15 0.17 0.18 0.17 0.16 0.19 -1 -1 -1 -1
Evo 1.01 0.00 0.50 0.49 0.50 0.50 0.50 0.07 0.01 0.12 0.12 0.28 -1 128
Result 0 0.0 142 0.42 0.20 0.14 0.22 0.14 0.15 0.15 -1 -1 -1 -1
Evo 1.00 0.00 0.50 0.49 0.50 0.50 0.50 0.08 0.00 0.17 0.41 0.66 -1 90
Result 0 12.0 505 0.45 0.15 0.14 0.17 0.15 0.18 0.20 -1 -1 -1 -1
Evo 1.01 0.00 0.50 0.48 0.50 0.50 0.50 0.10 0.01 0.05 0.12 0.29 -1 42
Result 0 0.0 136 0.42 0.20 0.14 0.21 0.12 0.16 0.17 -1 -1 -1 -1
Evo 1.00 0.00 0.50 0.49 0.50 0.50 0.50 0.07 0.00 0.52 0.28 0.55 -1 254
Result 0 4.0 264 0.46 0.14 0.16 0.14 0.19 0.20 0.18 -1 -1 -1 -1
Evo 1.00 0.00 0.50 0.48 0.50 0.50 0.50 0.09 0.01 0.46 0.23 0.39 -1 50
Result 0 3.0 268 0.38 0.16 0.14 0.19 0.17 0.13 0.21 -1 -1 -1 -1
Evo 1.00 0.00 0.50 0.48 0.50 0.50 0.50 0.11 0.01 0.51 0.30 0.52 -1 40
Result 0 5.0 366 0.46 0.18 0.15 0.15 0.16 0.20 0.17 -1 -1 -1 -1
Evo 1.00 0.00 0.50 0.49 0.50 0.50 0.50 0.08 0.00 0.31 0.31 0.53 -1 32
Result 0 5.0 304 0.48 0.16 0.14 0.17 0.16 0.22 0.15 -1 -1 -1 -1
