Evo 1.00 0.00 1.00 0.74 0.00 1.00 1.00 0.44 0.02 0.43 0.27 0.44 612 149
Result 1 2.0 613 0.46 0.14 0.16 0.15 0.18 0.20 0.16 -1 -1 -1 -1
Evo 1.00 0.00 0.50 0.49 0.50 0.50 0.50 0.06 0.00 0.01 0.46 0.53 -1 124
Result 0 5.0 2000 0.45 0.15 0.18 0.16 0.17 0.18 0.17 -1 -1 -1 -1
Evo 1.00 0.00 0.50 0.49 0.50 0.50 0.50 0.07 0.00 0.38 0.44 0.53 -1 91
Result 0 5.0 2000 0.42 0.16 0.16 0.17 0.17 0.16 0.18 -1 -1 -1 -1
Evo 1.00 0.00 0.50 0.49 0.50 0.50 0.50 0.06 0.00 0.37 0.36 0.43 -1 62
Result 0 5.0 2000 0.44 0.16 0.17 0.16 0.17 0.17 0.16 -1 -1 -1 -1
Evo 1.00 0.00 0.50 0.49 0.50 0.50 0.50 0.06 0.00 0.51 0.41 0.50 -1 91
Result 0 7.0 2000 0.43 0.17 0.18 0.16 0.17 0.16 0.16 -1 -1 -1 -1
Evo 1.00 0.00 0.50 0.49 0.50 0.50 0.50 0.06 0.00 0.44 0.23 0.29 -1 33
Result 0 7.0 2000 0.42 0.16 0.17 0.17 0.17 0.16 0.16 -1 -1 -1 -1
Evo 1.00 0.00 0.50 0.49 0.50 0.50 0.50 0.06 0.00 0.53 0.32 0.49 -1 385
Result 0 6.0 2000 0.42 0.15 0.18 0.17 0.17 0.16 0.18 -1 -1 -1 -1
Evo 1.00 0.00 0.50 0.49 0.50 0.50 0.50 0.08 0.00 0.10 0.21 0.32 -1 77
Result 0 -1.0 872 0.44 0.17 0.16 0.17 0.17 0.17 0.15 -1 -1 -1 -1
Evo 1.00 0.00 0.50 0.49 0.50 0.50 0.50 0.06 0.00 0.27 0.44 0.48 -1 125
Result 0 7.0 2000 0.44 0.15 0.17 0.17 0.17 0.17 0.16 -1 -1 -1 -1
Evo 1.00 0.00 1.00 0.50 0.50 0.50 0.50 0.06 0.00 0.47 0.24 0.36 731 148
Result 1 4.0 740 0.44 0.19 0.16 0.16 0.18 0.18 0.13 -1 -1 -1 -1
Evo 1.00 0.00 0.50 0.49 0.50 0.50 0.50 0.06 0.00 0.01 0.32 0.43 -1 205
Result 0 4.0 2000 0.43 0.18 0.18 0.16 0.16 0.17 0.16 -1 -1 -1 -1
Evo 1.00 0.00 0.50 0.49 0.50 0.50 0.50 0.06 0.00 0.01 0.38 0.45 -1 140
Result 0 2.0 2000 0.44 0.16 0.16 0.17 0.16 0.17 0.18 -1 -1 -1 -1
Evo 1.00 0.00 0.50 0.50 0.50 0.50 0.50 0.05 0.00 0.44 0.46 0.54 -1 158
Result 0 7.0 2000 0.42 0.16 0.18 0.16 0.18 0.16 0.17 -1 -1 -1 -1
Evo 1.00 0.00 1.00 0.50 0.50 0.50 0.50 0.06 0.00 0.50 0.33 0.50 805 477
Result 1 6.0 807 0.43 0.18 0.18 0.15 0.16 0.17 0.16 -1 -1 -1 -1
Evo 1.00 0.00 0.50 0.49 0.50 0.50 0.50 0.05 0.00 0.16 0.27 0.38 -1 48
Result 0 7.0 2000 0.43 0.17 0.17 0.16 0.16 0.17 0.17 -1 -1 -1 -1
Evo 1.00 0.00 1.00 0.50 0.50 0.50 0.50 0.05 0.00 0.03 0.42 0.53 1112 34
Result 1 6.0 1116 0.43 0.17 0.16 0.16 0.17 0.17 0.16 -1 -1 -1 -1
Evo 1.00 0.00 0.50 0.49 0.50 0.50 0.50 0.05 0.00 0.51 0.34 0.44 -1 116
Result 0 6.0 2000 0.42 0.17 0.17 0.17 0.17 0.16 0.17 -1 -1 -1 -1
Evo 1.00 0.00 0.50 0.49 0.50 0.50 0.50 0.07 0.00 0.40 0.43 0.45 -1 201
Result 0 5.0 2000 0.43 0.17 0.18 0.17 0.16 0.17 0.15 -1 -1 -1 -1
Evo 1.00 0.00 1.00 0.49 0.50 0.50 0.50 0.06 0.00 0.52 0.39 0.51 1496 113
Result 1 8.0 1497 0.43 0.16 0.18 0.16 0.17 0.17 0.16 -1 -1 -1 -1
Evo 1.00 0.00 0.50 0.49 0.50 0.50 0.50 0.05 0.00 0.49 0.28 0.38 -1 80
Result 0 4.0 2000 0.43 0.16 0.17 0.18 0.17 0.16 0.16 -1 -1 -1 -1
Evo 1.00 0.00 0.50 0.50 0.50 0.50 0.50 0.05 0.00 0.01 0.40 0.46 -1 282
Result 0 7.0 2000 0.42 0.16 0.18 0.17 0.17 0.16 0.16 -1 -1 -1 -1
Evo 1.00 0.00 0.50 0.49 0.50 0.50 0.50 0.05 0.00 0.01 0.41 0.47 -1 19
Result 0 4.0 2000 0.43 0.17 0.16 0.16 0.17 0.17 0.17 -1 -1 -1 -1
Evo 1.00 0.00 0.50 0.49 0.50 0.50 0.50 0.07 0.00 0.35 0.43 0.46 -1 35
Result 0 6.0 2000 0.44 0.17 0.17 0.16 0.17 0.17 0.16 -1 -1 -1 -1
Evo 1.00 0.00 0.50 0.49 0.50 0.50 0.50 0.06 0.00 0.04 0.36 0.44 -1 132
Result 0 4.0 2000 0.42 0.15 0.18 0.19 0.16 0.16 0.16 -1 -1 -1 -1
Evo 1.00 0.00 1.00 0.49 0.50 0.50 0.50 0.08 0.00 0.38 0.39 0.46 798 128
Result 1 4.0 816 0.43 0.17 0.17 0.19 0.15 0.17 0.15 -1 -1 -1 -1
Evo 1.00 0.00 0.50 0.49 0.50 0.50 0.50 0.06 0.00 0.47 0.27 0.43 -1 96
Result 0 7.0 2000 0.43 0.16 0.16 0.15 0.18 0.16 0.18 -1 -1 -1 -1
Evo 1.00 0.00 0.50 0.49 0.50 0.50 0.50 0.06 0.00 0.52 0.21 0.27 -1 31
Result 0 6.0 2000 0.41 0.17 0.17 0.18 0.16 0.15 0.17 -1 -1 -1 -1
Evo 1.00 0.00 0.50 0.49 0.50 0.50 0.50 0.07 0.00 0.04 0.34 0.43 -1 30
Result 0 5.0 2000 0.43 0.17 0.15 0.18 0.17 0.17 0.17 -1 -1 -1 -1
Evo 1.00 0.00 0.50 0.49 0.50 0.50 0.50 0.06 0.00 0.03 0.39 0.50 -1 119
Result 0 5.0 2000 0.44 0.16 0.17 0.18 0.16 0.18 0.15 -1 -1 -1 -1
Evo 1.00 0.00 0.50 0.49 0.50 0.50 0.50 0.05 0.00 0.45 0.31 0.43 -1 112
Result 0 5.0 2000 0.43 0.17 0.16 0.16 0.17 0.17 0.17 -1 -1 -1 -1
Evo 1.00 0.00 1.00 0.50 0.50 0.50 0.50 0.06 0.00 0.43 0.37 0.44 1201 106
Result 1 6.0 1217 0.43 0.16 0.17 0.17 0.15 0.17 0.17 -1 -1 -1 -1
Evo 1.00 0.00 0.50 0.49 0.50 0.50 0.50 0.05 0.00 0.01 0.39 0.48 -1 40
Result 0 5.0 2000 0.42 0.16 0.18 0.18 0.17 0.16 0.16 -1 -1 -1 -1
Evo 1.00 0.00 0.50 0.49 0.50 0.50 0.50 0.07 0.00 0.52 0.47 0.55 -1 109
Result 0 5.0 2000 0.44 0.16 0.17 0.18 0.17 0.17 0.16 -1 -1 -1 -1
Evo 1.00 0.00 0.50 0.48 0.50 0.50 0.50 0.10 0.00 0.09 0.20 0.30 -1 119
Result 0 -1.0 426 0.42 0.16 0.20 0.14 0.19 0.16 0.15 -1 -1 -1 -1
Evo 1.00 0.00 0.50 0.50 0.50 0.50 0.50 0.05 0.00 0.41 0.46 0.53 -1 48
Result 0 7.0 2000 0.45 0.16 0.16 0.16 0.17 0.18 0.16 -1 -1 -1 -1
Evo 1.00 0.00 0.50 0.49 0.50 0.50 0.50 0.05 0.00 0.52 0.44 0.53 -1 138
Result 0 7.0 2000 0.42 0.17 0.17 0.16 0.18 0.16 0.16 -1 -1 -1 -1
Evo 1.00 0.00 0.50 0.49 0.50 0.50 0.50 0.06 0.00 0.49 0.41 0.47 -1 37
Result 0 6.0 2000 0.43 0.17 0.16 0.17 0.16 0.16 0.17 -1 -1 -1 -1
Evo 1.00 0.00 0.50 0.50 0.50 0.50 0.50 0.05 0.00 0.52 0.38 0.46 -1 125
Result 0 6.0 2000 0.44 0.16 0.17 0.17 0.17 0.18 0.15 -1 -1 -1 -1
Evo 1.00 0.00 0.50 0.50 0.50 0.50 0.50 0.05 0.00 0.36 0.48 0.55 -1 13
Result 0 7.0 2000 0.44 0.16 0.17 0.17 0.16 0.17 0.17 -1 -1 -1 -1
Evo 1.00 0.00 0.50 0.50 0.50 0.50 0.50 0.05 0.00 0.01 0.26 0.36 -1 94
Result 0 4.0 2000 0.42 0.17 0.16 0.17 0.17 0.16 0.17 -1 -1 -1 -1
Evo 1.00 0.00 0.50 0.50 0.50 0.50 0.50 0.05 0.00 0.11 0.32 0.40 -1 47
Result 0 5.0 2000 0.45 0.15 0.18 0.18 0.16 0.18 0.14 -1 -1 -1 -1
Evo 1.00 0.00 0.50 0.49 0.50 0.50 0.50 0.06 0.00 0.24 0.38 0.44 -1 34
Result 0 7.0 2000 0.43 0.16 0.16 0.17 0.18 0.17 0.15 -1 -1 -1 -1
Evo 1.00 0.00 0.50 0.50 0.50 0.50 0.50 0.04 0.00 0.04 0.13 0.17 -1 45
Result 0 2.0 2000 0.45 0.16 0.18 0.16 0.16 0.19 0.15 -1 -1 -1 -1
Evo 1.00 0.00 0.50 0.49 0.50 0.50 0.50 0.06 0.00 0.23 0.35 0.42 -1 42
Result 0 7.0 2000 0.42 0.18 0.17 0.16 0.17 0.15 0.16 -1 -1 -1 -1
Evo 1.00 0.00 0.50 0.49 0.50 0.50 0.50 0.06 0.00 0.15 0.36 0.41 -1 34
Result 0 7.0 2000 0.41 0.16 0.16 0.18 0.18 0.15 0.18 -1 -1 -1 -1
Evo 1.00 0.00 0.50 0.49 0.50 0.50 0.50 0.05 0.00 0.01 0.36 0.40 -1 47
Result 0 7.0 2000 0.41 0.18 0.16 0.19 0.16 0.15 0.16 -1 -1 -1 -1
Evo 1.00 0.00 0.50 0.50 0.50 0.50 0.50 0.05 0.00 0.32 0.43 0.47 -1 46
Result 0 7.0 2000 0.44 0.17 0.16 0.17 0.17 0.17 0.16 -1 -1 -1 -1
Evo 1.00 0.00 0.50 0.50 0.50 0.50 0.50 0.05 0.00 0.53 0.35 0.41 -1 47
Result 0 7.0 2000 0.41 0.17 0.16 0.17 0.19 0.15 0.16 -1 -1 -1 -1
Evo 1.00 0.00 0.50 0.49 0.50 0.50 0.50 0.06 0.00 0.03 0.10 0.15 -1 49
Result 0 4.0 2000 0.44 0.17 0.16 0.17 0.16 0.18 0.16 -1 -1 -1 -1
Evo 1.00 0.00 0.50 0.49 0.50 0.50 0.50 0.06 0.00 0.45 0.38 0.44 -1 48
Result 0 7.0 2000 0.41 0.16 0.18 0.16 0.17 0.15 0.17 -1 -1 -1 -1
Evo 1.00 0.00 0.50 0.49 0.50 0.50 0.50 0.05 0.00 0.24 0.33 0.38 -1 38
Result 0 7.0 2000 0.42 0.17 0.17 0.17 0.15 0.16 0.19 -1 -1 -1 -1
Evo 1.00 0.00 0.50 0.49 0.50 0.50 0.50 0.06 0.00 0.26 0.34 0.39 -1 49
Result 0 7.0 2000 0.44 0.15 0.17 0.17 0.17 0.18 0.17 -1 -1 -1 -1
Evo 1.00 0.00 0.50 0.49 0.50 0.50 0.50 0.06 0.00 0.01 0.43 0.45 -1 63
Result 0 7.0 2000 0.44 0.16 0.17 0.17 0.17 0.17 0.15 -1 -1 -1 -1
Evo 1.00 0.00 1.00 0.49 0.50 0.50 0.50 0.07 0.00 0.53 0.40 0.48 1587 46
Result 1 6.0 1588 0.43 0.17 0.16 0.17 0.17 0.17 0.16 -1 -1 -1 -1
Evo 1.00 0.00 0.50 0.50 0.50 0.50 0.50 0.05 0.00 0.05 0.21 0.26 -1 46
Result 0 2.0 2000 0.43 0.17 0.17 0.18 0.17 0.16 0.16 -1 -1 -1 -1
Evo 1.00 0.00 0.50 0.49 0.50 0.50 0.50 0.05 0.00 0.39 0.13 0.17 -1 61
Result 0 6.0 2000 0.44 0.17 0.17 0.16 0.15 0.17 0.17 -1 -1 -1 -1
Evo 1.00 0.00 0.50 0.50 0.50 0.50 0.50 0.05 0.00 0.01 0.32 0.41 -1 349
Result 0 7.0 2000 0.43 0.15 0.18 0.16 0.18 0.17 0.16 -1 -1 -1 -1
Evo 1.00 0.00 0.50 0.49 0.50 0.50 0.50 0.06 0.00 0.49 0.38 0.41 -1 56
Result 0 7.0 2000 0.43 0.18 0.18 0.16 0.16 0.16 0.16 -1 -1 -1 -1
Evo 1.00 0.00 0.50 0.49 0.50 0.50 0.50 0.06 0.00 0.15 0.32 0.44 -1 176
Result 0 2.0 2000 0.44 0.17 0.17 0.16 0.17 0.17 0.15 -1 -1 -1 -1
Evo 1.00 0.00 0.50 0.49 0.50 0.50 0.50 0.07 0.00 0.19 0.34 0.40 -1 42
Result 0 7.0 2000 0.41 0.15 0.17 0.18 0.18 0.15 0.16 -1 -1 -1 -1
Evo 1.00 0.00 0.50 0.49 0.50 0.50 0.50 0.07 0.00 0.53 0.27 0.47 -1 19
Result 0 8.0 2000 0.43 0.18 0.16 0.16 0.18 0.17 0.16 -1 -1 -1 -1
Evo 1.00 0.00 0.50 0.49 0.50 0.50 0.50 0.07 0.00 0.50 0.53 0.57 -1 2
Result 0 9.0 2000 0.43 0.17 0.16 0.17 0.17 0.17 0.16 -1 -1 -1 -1
Evo 1.00 0.00 0.50 0.49 0.50 0.50 0.50 0.06 0.00 0.38 0.53 0.56 -1 10
Result 0 6.0 2000 0.44 0.16 0.17 0.17 0.16 0.17 0.17 -1 -1 -1 -1
Evo 1.00 0.00 0.50 0.49 0.50 0.50 0.50 0.07 0.00 0.16 0.42 0.50 -1 13
Result 0 6.0 2000 0.43 0.17 0.16 0.16 0.17 0.17 0.18 -1 -1 -1 -1
Evo 1.00 0.00 0.50 0.49 0.50 0.50 0.50 0.05 0.00 0.45 0.28 0.41 -1 14
Result 0 9.0 2000 0.43 0.17 0.17 0.17 0.17 0.17 0.16 -1 -1 -1 -1
Evo 1.00 0.00 0.50 0.49 0.50 0.50 0.50 0.07 0.00 0.32 0.44 0.55 -1 5
Result 0 6.0 2000 0.44 0.16 0.18 0.16 0.15 0.18 0.17 -1 -1 -1 -1
Evo 1.00 0.00 0.50 0.50 0.50 0.50 0.50 0.04 0.00 0.03 0.41 0.55 -1 1
Result 0 9.0 2000 0.43 0.17 0.18 0.17 0.15 0.16 0.17 -1 -1 -1 -1
Evo 1.01 0.00 0.50 0.47 0.50 0.50 0.50 0.11 0.01 0.31 0.08 0.09 -1 5
Result 0 1.0 76 0.46 0.16 0.08 0.23 0.18 0.19 0.16 -1 -1 -1 -1
Evo 1.00 0.00 1.00 0.49 0.50 0.50 0.50 0.07 0.00 0.49 0.43 0.51 1795 1
Result 1 8.0 1800 0.44 0.17 0.16 0.18 0.16 0.17 0.16 -1 -1 -1 -1
Evo 1.00 0.00 1.00 0.49 0.50 0.50 0.50 0.07 0.00 0.51 0.46 0.56 1192 71
Result 1 10.0 1198 0.42 0.17 0.17 0.18 0.16 0.16 0.17 -1 -1 -1 -1
Evo 1.00 0.00 0.50 0.49 0.50 0.50 0.50 0.06 0.00 0.52 0.44 0.54 -1 2
Result 0 6.0 2000 0.44 0.17 0.16 0.16 0.17 0.18 0.16 -1 -1 -1 -1
Evo 1.00 0.00 0.50 0.49 0.50 0.50 0.50 0.07 0.00 0.51 0.42 0.50 -1 0
Result 0 8.0 2000 0.43 0.16 0.17 0.17 0.16 0.16 0.17 -1 -1 -1 -1
Evo 1.00 0.00 0.50 0.49 0.50 0.50 0.50 0.06 0.00 0.02 0.38 0.52 -1 4
Result 0 7.0 2000 0.42 0.17 0.16 0.17 0.17 0.16 0.17 -1 -1 -1 -1
Evo 1.00 0.00 0.50 0.49 0.50 0.50 0.50 0.05 0.00 0.51 0.22 0.33 -1 16
Result 0 7.0 2000 0.44 0.17 0.16 0.18 0.16 0.17 0.16 -1 -1 -1 -1
Evo 1.00 0.00 0.50 0.49 0.50 0.50 0.50 0.08 0.00 0.21 0.47 0.51 -1 12
Result 0 8.0 2000 0.44 0.17 0.17 0.17 0.17 0.18 0.14 -1 -1 -1 -1
Evo 1.00 0.00 0.50 0.50 0.50 0.50 0.50 0.05 0.00 0.52 0.39 0.52 -1 25
Result 0 8.0 2000 0.44 0.17 0.17 0.16 0.16 0.17 0.16 -1 -1 -1 -1
Evo 1.00 0.00 1.00 0.50 0.50 0.50 0.50 0.05 0.00 0.37 0.20 0.33 1782 9
Result 1 10.0 1783 0.42 0.16 0.18 0.17 0.17 0.16 0.17 -1 -1 -1 -1
Evo 1.00 0.00 0.50 0.50 0.50 0.50 0.50 0.05 0.00 0.33 0.40 0.53 -1 17
Result 0 8.0 2000 0.44 0.17 0.16 0.16 0.15 0.17 0.18 -1 -1 -1 -1
Evo 1.00 0.00 0.50 0.49 0.50 0.50 0.50 0.08 0.00 0.06 0.36 0.47 -1 5
Result 0 4.0 2000 0.42 0.18 0.16 0.16 0.16 0.16 0.18 -1 -1 -1 -1
Evo 1.00 0.00 0.50 0.49 0.50 0.50 0.50 0.08 0.00 0.44 0.50 0.54 -1 11
Result 0 6.0 2000 0.43 0.17 0.15 0.16 0.16 0.17 0.18 -1 -1 -1 -1
Evo 1.00 0.00 0.50 0.50 0.50 0.50 0.50 0.04 0.00 0.49 0.18 0.23 -1 64
Result 0 4.0 2000 0.43 0.14 0.17 0.17 0.18 0.17 0.18 -1 -1 -1 -1
Evo 1.01 0.00 0.50 0.49 0.50 0.50 0.50 0.06 0.00 0.08 0.10 0.15 -1 69
Result 0 -1.0 160 0.41 0.22 0.17 0.16 0.17 0.15 0.13 -1 -1 -1 -1
Evo 1.00 0.00 0.50 0.49 0.50 0.50 0.50 0.05 0.00 0.01 0.32 0.38 -1 66
Result 0 5.0 2000 0.42 0.17 0.18 0.17 0.17 0.16 0.16 -1 -1 -1 -1
Evo 1.01 0.00 0.50 0.48 0.50 0.50 0.50 0.09 0.01 0.44 0.13 0.20 -1 54
Result 0 1.0 132 0.40 0.17 0.19 0.18 0.17 0.14 0.16 -1 -1 -1 -1
Evo 1.00 0.00 1.00 0.50 0.50 0.50 0.50 0.05 0.00 0.47 0.26 0.35 921 69
Result 1 4.0 922 0.43 0.17 0.17 0.16 0.17 0.17 0.16 -1 -1 -1 -1
Evo 1.00 0.00 1.00 0.49 0.50 0.50 0.50 0.07 0.00 0.53 0.32 0.41 1247 64
Result 1 6.0 1277 0.42 0.17 0.16 0.16 0.18 0.16 0.16 -1 -1 -1 -1
Evo 1.00 0.00 0.50 0.50 0.50 0.50 0.50 0.04 0.00 0.38 0.18 0.22 -1 70
Result 0 6.0 2000 0.43 0.17 0.17 0.18 0.15 0.16 0.17 -1 -1 -1 -1
Evo 1.00 0.00 0.50 0.50 0.50 0.50 0.50 0.05 0.00 0.45 0.25 0.27 -1 72
Result 0 5.0 2000 0.42 0.17 0.17 0.16 0.17 0.16 0.17 -1 -1 -1 -1
Evo 1.00 0.00 1.00 0.50 0.50 0.50 0.50 0.06 0.00 0.51 0.35 0.40 1129 349
Result 1 5.0 1138 0.46 0.17 0.15 0.18 0.16 0.19 0.16 -1 -1 -1 -1
Evo 1.00 0.00 1.00 0.50 0.50 0.50 0.50 0.08 0.00 0.10 0.21 0.32 349 67
Result 1 6.0 352 0.40 0.20 0.20 0.15 0.15 0.14 0.16 -1 -1 -1 -1
Evo 1.00 0.00 0.50 0.50 0.50 0.50 0.50 0.04 0.00 0.48 0.34 0.39 -1 200
Result 0 7.0 2000 0.43 0.17 0.17 0.16 0.16 0.17 0.18 -1 -1 -1 -1
Evo 1.00 0.00 0.50 0.50 0.50 0.50 0.50 0.04 0.00 0.53 0.21 0.23 -1 131
Result 0 6.0 2000 0.42 0.16 0.18 0.17 0.17 0.15 0.16 -1 -1 -1 -1
Evo 1.00 0.00 1.00 0.49 0.50 0.50 0.50 0.10 0.00 0.46 0.23 0.36 418 63
Result 1 4.0 436 0.42 0.18 0.17 0.16 0.18 0.16 0.15 -1 -1 -1 -1
Evo 1.00 0.00 1.00 0.50 0.50 0.50 0.50 0.06 0.00 0.01 0.31 0.41 948 61
Result 1 6.0 951 0.44 0.15 0.21 0.14 0.15 0.17 0.17 -1 -1 -1 -1
Evo 1.00 0.00 0.50 0.49 0.50 0.50 0.50 0.06 0.00 0.45 0.34 0.38 -1 24
Result 0 7.0 2000 0.44 0.17 0.17 0.16 0.17 0.17 0.16 -1 -1 -1 -1
Evo 1.00 0.00 0.50 0.49 0.50 0.50 0.50 0.06 0.00 0.28 0.35 0.38 -1 8
Result 0 7.0 2000 0.43 0.17 0.18 0.17 0.15 0.16 0.16 -1 -1 -1 -1
Evo 1.00 0.00 1.00 0.49 0.50 0.50 0.50 0.07 0.00 0.51 0.34 0.41 1550 64
Result 1 4.0 1578 0.44 0.16 0.17 0.17 0.17 0.17 0.15 -1 -1 -1 -1
Evo 1.00 0.00 0.50 0.50 0.50 0.50 0.50 0.04 0.00 0.32 0.29 0.35 -1 17
Result 0 7.0 2000 0.43 0.16 0.18 0.15 0.18 0.17 0.17 -1 -1 -1 -1
Evo 1.00 0.00 1.00 0.50 0.50 0.50 0.50 0.04 0.00 0.48 0.38 0.42 1523 76
Result 1 8.0 1525 0.42 0.17 0.18 0.16 0.15 0.16 0.18 -1 -1 -1 -1
Evo 1.00 0.00 1.00 0.50 0.50 0.50 0.50 0.05 0.00 0.52 0.21 0.32 352 26
Result 1 6.0 354 0.46 0.14 0.17 0.13 0.17 0.19 0.19 -1 -1 -1 -1
