Evo 1.00 0.00 1.00 0.46 0.00 0.00 1.00 0.50 0.02 0.51 0.02 0.03 -1 335
Result 0 0.0 647 0.41 0.19 0.15 0.18 0.17 0.16 0.15 -1 -1 -1 -1
Evo 1.00 0.00 1.00 0.97 1.00 1.00 1.00 0.17 0.01 0.15 0.02 0.03 -1 100
Result 0 0.0 419 0.42 0.16 0.15 0.19 0.16 0.16 0.18 -1 -1 -1 -1
Evo 1.00 0.00 1.00 0.93 1.00 1.00 1.00 0.25 0.01 0.26 0.03 0.05 -1 80
Result 0 0.0 499 0.43 0.17 0.17 0.17 0.18 0.18 0.14 -1 -1 -1 -1
Evo 1.00 0.00 1.00 0.99 1.00 1.00 1.00 0.10 0.00 0.03 0.05 0.06 -1 93
Result 0 2.0 1887 0.44 0.18 0.18 0.16 0.16 0.17 0.15 -1 -1 -1 -1
Evo 1.00 0.00 1.00 0.98 1.00 1.00 1.00 0.14 0.00 0.18 0.05 0.07 -1 120
Result 0 2.0 1259 0.44 0.16 0.18 0.18 0.17 0.16 0.16 -1 -1 -1 -1
Evo 1.00 0.00 1.00 0.98 1.00 1.00 1.00 0.13 0.00 0.03 0.02 0.03 -1 80
Result 0 0.0 1301 0.44 0.18 0.16 0.17 0.16 0.17 0.16 -1 -1 -1 -1
Evo 1.00 0.00 1.00 0.97 1.00 1.00 1.00 0.18 0.01 0.05 0.03 0.04 -1 84
Result 0 0.0 431 0.40 0.14 0.18 0.18 0.17 0.18 0.15 -1 -1 -1 -1
Evo 1.00 0.00 1.00 0.99 1.00 1.00 1.00 0.09 0.00 0.53 0.04 0.05 -1 188
Result 0 1.0 2000 0.42 0.16 0.16 0.17 0.16 0.17 0.18 -1 -1 -1 -1
Evo 1.00 0.00 1.00 0.98 1.00 1.00 1.00 0.15 0.00 0.33 0.07 0.09 -1 390
Result 0 2.0 1947 0.43 0.17 0.16 0.18 0.16 0.16 0.16 -1 -1 -1 -1
Evo 1.00 0.00 1.00 0.95 1.00 1.00 1.00 0.22 0.00 0.15 0.04 0.05 -1 106
Result 0 2.0 1993 0.42 0.16 0.13 0.18 0.17 0.19 0.18 -1 -1 -1 -1
Evo 1.00 0.00 1.00 0.98 1.00 1.00 1.00 0.14 0.01 0.03 0.02 0.02 -1 311
Result 0 0.0 368 0.41 0.17 0.15 0.15 0.19 0.16 0.18 -1 -1 -1 -1
Evo 1.00 0.00 1.00 1.00 1.00 1.00 1.00 0.06 0.00 0.01 0.03 0.04 -1 537
Result 0 0.0 1915 0.41 0.17 0.15 0.17 0.17 0.18 0.16 -1 -1 -1 -1
Evo 1.00 0.00 1.00 0.97 1.00 1.00 1.00 0.18 0.01 0.05 0.02 0.02 -1 310
Result 0 0.0 521 0.44 0.16 0.18 0.17 0.17 0.16 0.16 -1 -1 -1 -1
Evo 1.00 0.00 1.00 0.99 1.00 1.00 1.00 0.08 0.00 0.52 0.03 0.05 -1 133
Result 0 1.0 1567 0.44 0.18 0.16 0.15 0.16 0.16 0.18 -1 -1 -1 -1
Evo 1.00 0.00 1.00 1.00 1.00 1.00 1.00 0.07 0.00 0.49 0.03 0.05 -1 1493
Result 0 1.0 2000 0.43 0.16 0.15 0.18 0.17 0.16 0.17 -1 -1 -1 -1
Evo 1.00 0.00 1.00 0.99 1.00 1.00 1.00 0.08 0.00 0.11 0.06 0.08 -1 210
Result 0 2.0 2000 0.43 0.17 0.17 0.16 0.17 0.16 0.17 -1 -1 -1 -1
Evo 1.00 0.00 1.00 0.99 1.00 1.00 1.00 0.10 0.00 0.01 0.03 0.05 -1 97
Result 0 0.0 1579 0.44 0.17 0.17 0.18 0.16 0.15 0.16 -1 -1 -1 -1
Evo 1.00 0.00 1.00 0.98 1.00 1.00 1.00 0.14 0.00 0.33 0.05 0.08 -1 391
Result 0 1.0 2000 0.44 0.17 0.16 0.18 0.16 0.15 0.17 -1 -1 -1 -1
Evo 1.00 0.00 1.00 0.99 1.00 1.00 1.00 0.10 0.00 0.33 0.05 0.06 -1 100
Result 0 2.0 1187 0.42 0.17 0.16 0.16 0.17 0.17 0.17 -1 -1 -1 -1
Evo 1.00 0.00 1.00 1.00 1.00 1.00 1.00 0.05 0.00 0.00 0.02 0.03 -1 371
Result 0 0.0 387 0.47 0.16 0.20 0.13 0.19 0.15 0.16 -1 -1 -1 -1
Evo 1.00 0.00 1.00 0.97 1.00 1.00 1.00 0.17 0.01 0.04 0.02 0.03 -1 252
Result 0 0.0 402 0.43 0.16 0.18 0.16 0.17 0.13 0.19 -1 -1 -1 -1
Evo 1.00 0.00 1.00 0.95 1.00 1.00 1.00 0.21 0.01 0.07 0.02 0.03 -1 263
Result 0 0.0 384 0.44 0.19 0.18 0.16 0.18 0.14 0.16 -1 -1 -1 -1
Evo 1.00 0.00 1.00 0.99 1.00 1.00 1.00 0.12 0.00 0.09 0.16 0.22 -1 59
Result 0 13.0 2000 0.42 0.16 0.17 0.16 0.18 0.17 0.16 -1 -1 -1 -1
Evo 1.00 0.00 1.00 0.99 1.00 1.00 1.00 0.09 0.00 0.10 0.17 0.20 -1 69
Result 0 11.0 2000 0.44 0.17 0.16 0.16 0.17 0.16 0.17 -1 -1 -1 -1
Evo 1.00 0.00 1.00 0.99 1.00 1.00 1.00 0.09 0.00 0.07 0.21 0.28 -1 60
Result 0 11.0 2000 0.43 0.18 0.17 0.15 0.17 0.17 0.16 -1 -1 -1 -1
Evo 1.00 0.00 1.00 0.99 1.00 1.00 1.00 0.12 0.00 0.11 0.15 0.25 -1 77
Result 0 13.0 2000 0.43 0.16 0.17 0.17 0.18 0.15 0.17 -1 -1 -1 -1
Evo 1.00 0.00 1.00 0.90 1.00 1.00 1.00 0.30 0.02 0.27 0.03 0.05 -1 166
Result 0 2.0 203 0.45 0.19 0.19 0.12 0.10 0.21 0.20 -1 -1 -1 -1
Evo 1.00 0.00 1.00 0.97 1.00 1.00 1.00 0.18 0.01 0.05 0.02 0.03 -1 349
Result 0 0.0 432 0.44 0.17 0.18 0.17 0.15 0.14 0.21 -1 -1 -1 -1
Evo 1.00 0.00 1.00 0.99 1.00 1.00 1.00 0.10 0.00 0.22 0.18 0.26 -1 158
Result 0 15.0 2000 0.43 0.16 0.16 0.17 0.17 0.17 0.17 -1 -1 -1 -1
Evo 1.00 0.00 1.00 0.99 1.00 1.00 1.00 0.10 0.00 0.01 0.03 0.03 -1 378
Result 0 0.0 402 0.41 0.17 0.15 0.17 0.18 0.16 0.17 -1 -1 -1 -1
Evo 1.00 0.00 1.00 0.96 1.00 1.00 1.00 0.19 0.01 0.18 0.05 0.08 -1 188
Result 0 2.0 432 0.45 0.17 0.18 0.16 0.18 0.14 0.17 -1 -1 -1 -1
Evo 1.00 0.00 1.00 0.90 1.00 1.00 1.00 0.30 0.02 0.24 0.02 0.05 -1 7
Result 0 2.0 203 0.41 0.18 0.15 0.14 0.13 0.18 0.22 -1 -1 -1 -1
Evo 1.00 0.00 1.00 0.97 1.00 1.00 1.00 0.18 0.01 0.05 0.02 0.03 -1 304
Result 0 0.0 354 0.42 0.19 0.16 0.17 0.19 0.13 0.17 -1 -1 -1 -1
Evo 1.00 0.00 1.00 0.96 1.00 1.00 1.00 0.20 0.01 0.06 0.02 0.03 -1 281
Result 0 0.0 414 0.43 0.17 0.16 0.18 0.19 0.14 0.16 -1 -1 -1 -1
Evo 1.00 0.00 1.00 0.94 1.00 1.00 1.00 0.24 0.01 0.09 0.03 0.03 -1 332
Result 0 0.0 390 0.41 0.15 0.15 0.21 0.16 0.18 0.15 -1 -1 -1 -1
Evo 1.00 0.00 1.00 0.99 1.00 1.00 1.00 0.09 0.00 0.23 0.17 0.21 -1 89
Result 0 11.0 2000 0.42 0.16 0.16 0.17 0.17 0.17 0.16 -1 -1 -1 -1
Evo 1.00 0.00 1.00 0.97 1.00 1.00 1.00 0.16 0.01 0.04 0.02 0.02 -1 323
Result 0 0.0 402 0.39 0.14 0.16 0.18 0.16 0.17 0.19 -1 -1 -1 -1
Evo 1.01 0.00 1.00 0.96 1.00 1.00 1.00 0.19 0.01 0.09 0.04 0.06 -1 150
Result 0 2.0 192 0.43 0.17 0.18 0.17 0.15 0.19 0.16 -1 -1 -1 -1
Evo 1.00 0.00 1.00 0.97 1.00 1.00 1.00 0.16 0.01 0.04 0.03 0.03 -1 364
Result 0 0.0 384 0.43 0.16 0.17 0.17 0.18 0.14 0.18 -1 -1 -1 -1
Evo 1.00 0.00 1.00 0.99 1.00 1.00 1.00 0.12 0.00 0.22 0.17 0.22 -1 347
Result 0 15.0 2000 0.43 0.18 0.16 0.17 0.16 0.17 0.16 -1 -1 -1 -1
Evo 1.00 0.00 1.00 0.97 1.00 1.00 1.00 0.18 0.00 0.35 0.08 0.10 -1 376
Result 0 15.0 1996 0.42 0.17 0.16 0.17 0.18 0.15 0.17 -1 -1 -1 -1
Evo 1.00 0.00 1.00 0.99 1.00 1.00 1.00 0.11 0.00 0.07 0.10 0.12 -1 490
Result 0 19.0 2000 0.42 0.16 0.18 0.18 0.16 0.16 0.15 -1 -1 -1 -1
Evo 1.00 0.00 1.00 0.98 1.00 1.00 1.00 0.14 0.00 0.30 0.09 0.11 -1 448
Result 0 9.0 2000 0.43 0.16 0.16 0.18 0.17 0.17 0.16 -1 -1 -1 -1
Evo 1.00 0.00 1.00 0.98 1.00 1.00 1.00 0.14 0.00 0.48 0.04 0.05 -1 525
Result 0 3.0 2000 0.42 0.16 0.18 0.18 0.16 0.17 0.16 -1 -1 -1 -1
Evo 1.00 0.00 1.00 0.99 1.00 1.00 1.00 0.12 0.00 0.40 0.08 0.10 -1 425
Result 0 9.0 1339 0.42 0.16 0.16 0.17 0.19 0.16 0.16 -1 -1 -1 -1
Evo 1.00 0.00 1.00 0.99 1.00 1.00 1.00 0.12 0.00 0.49 0.04 0.05 -1 529
Result 0 5.0 2000 0.41 0.15 0.16 0.17 0.17 0.17 0.17 -1 -1 -1 -1
Evo 1.00 0.00 1.00 0.99 1.00 1.00 1.00 0.09 0.00 0.44 0.04 0.05 -1 481
Result 0 3.0 579 0.43 0.15 0.17 0.17 0.17 0.17 0.18 -1 -1 -1 -1
Evo 1.00 0.00 1.00 0.99 1.00 1.00 1.00 0.11 0.00 0.45 0.08 0.10 -1 528
Result 0 11.0 2000 0.44 0.17 0.15 0.17 0.17 0.17 0.17 -1 -1 -1 -1
Evo 1.00 0.00 1.00 0.99 1.00 1.00 1.00 0.07 0.00 0.05 0.01 0.02 -1 528
Result 0 1.0 543 0.45 0.18 0.15 0.16 0.16 0.18 0.16 -1 -1 -1 -1
Evo 1.00 0.00 1.00 0.99 1.00 1.00 1.00 0.09 0.00 0.44 0.04 0.07 -1 585
Result 0 9.0 2000 0.44 0.18 0.17 0.16 0.15 0.18 0.16 -1 -1 -1 -1
Evo 1.00 0.00 1.00 1.00 1.00 1.00 1.00 0.06 0.00 0.02 0.01 0.02 -1 533
Result 0 1.0 543 0.42 0.19 0.15 0.14 0.15 0.17 0.19 -1 -1 -1 -1
Evo 1.00 0.00 1.00 0.99 1.00 1.00 1.00 0.10 0.00 0.49 0.04 0.06 -1 472
Result 0 11.0 2000 0.42 0.18 0.16 0.17 0.16 0.18 0.16 -1 -1 -1 -1
Evo 1.00 0.00 1.00 0.97 1.00 1.00 1.00 0.16 0.00 0.40 0.12 0.14 -1 639
Result 0 18.0 2000 0.43 0.16 0.16 0.16 0.18 0.18 0.16 -1 -1 -1 -1
Evo 1.00 0.00 1.00 0.99 1.00 1.00 1.00 0.10 0.00 0.46 0.05 0.06 -1 482
Result 0 7.0 2000 0.42 0.16 0.17 0.17 0.17 0.17 0.17 -1 -1 -1 -1
Evo 1.00 0.00 1.00 0.99 1.00 1.00 1.00 0.12 0.00 0.34 0.09 0.10 -1 482
Result 0 13.0 2000 0.44 0.17 0.17 0.18 0.17 0.16 0.15 -1 -1 -1 -1
Evo 1.00 0.00 1.00 0.99 1.00 1.00 1.00 0.12 0.00 0.02 0.01 0.03 -1 534
Result 0 1.0 2000 0.44 0.16 0.17 0.19 0.16 0.15 0.17 -1 -1 -1 -1
Evo 1.00 0.00 1.00 0.99 1.00 1.00 1.00 0.07 0.00 0.02 0.01 0.02 -1 541
Result 0 1.0 543 0.43 0.15 0.16 0.15 0.17 0.18 0.20 -1 -1 -1 -1
Evo 1.00 0.00 1.00 0.98 1.00 1.00 1.00 0.14 0.01 0.52 0.04 0.06 -1 487
Result 0 3.0 691 0.44 0.16 0.17 0.17 0.17 0.17 0.16 -1 -1 -1 -1
Evo 1.00 0.00 1.00 0.99 1.00 1.00 1.00 0.11 0.00 0.41 0.14 0.15 -1 378
Result 0 18.0 2000 0.43 0.17 0.16 0.18 0.16 0.17 0.16 -1 -1 -1 -1
Evo 1.00 0.00 1.00 0.99 1.00 1.00 1.00 0.10 0.00 0.36 0.11 0.13 -1 497
Result 0 11.0 2000 0.42 0.16 0.16 0.19 0.17 0.17 0.15 -1 -1 -1 -1
Evo 1.00 0.00 1.00 0.96 1.00 1.00 1.00 0.19 0.01 0.05 0.02 0.04 -1 257
Result 0 0.0 359 0.44 0.21 0.18 0.15 0.17 0.16 0.13 -1 -1 -1 -1
Evo 1.00 0.00 1.00 0.97 1.00 1.00 1.00 0.17 0.00 0.01 0.13 0.15 -1 72
Result 0 9.0 2000 0.43 0.16 0.18 0.16 0.16 0.16 0.18 -1 -1 -1 -1
Evo 1.00 0.00 1.00 0.99 1.00 1.00 1.00 0.11 0.00 0.01 0.11 0.15 -1 227
Result 0 11.0 2000 0.43 0.16 0.16 0.17 0.17 0.16 0.17 -1 -1 -1 -1
Evo 1.00 0.00 1.00 0.97 1.00 1.00 1.00 0.17 0.01 0.05 0.09 0.12 -1 73
Result 0 6.0 935 0.42 0.16 0.16 0.15 0.18 0.17 0.18 -1 -1 -1 -1
Evo 1.00 0.00 1.00 0.99 1.00 1.00 1.00 0.09 0.00 0.01 0.10 0.15 -1 35
Result 0 11.0 2000 0.43 0.17 0.17 0.17 0.17 0.16 0.16 -1 -1 -1 -1
Evo 1.00 0.00 1.00 0.98 1.00 1.00 1.00 0.15 0.01 0.03 0.02 0.04 -1 325
Result 0 0.0 359 0.43 0.16 0.16 0.13 0.19 0.20 0.15 -1 -1 -1 -1
Evo 1.00 0.00 1.00 0.99 1.00 1.00 1.00 0.11 0.00 0.13 0.14 0.19 -1 74
Result 0 14.0 2000 0.45 0.15 0.18 0.17 0.16 0.16 0.17 -1 -1 -1 -1
Evo 1.00 0.00 1.00 0.99 1.00 1.00 1.00 0.11 0.01 0.24 0.03 0.06 -1 142
Result 0 1.0 239 0.46 0.19 0.18 0.17 0.14 0.15 0.16 -1 -1 -1 -1
Evo 1.00 0.00 1.00 0.99 1.00 1.00 1.00 0.12 0.00 0.23 0.17 0.20 -1 74
Result 0 15.0 2000 0.42 0.16 0.15 0.16 0.17 0.17 0.18 -1 -1 -1 -1
Evo 1.00 0.00 1.00 0.98 1.00 1.00 1.00 0.13 0.00 0.01 0.13 0.15 -1 261
Result 0 11.0 2000 0.43 0.17 0.17 0.16 0.17 0.17 0.17 -1 -1 -1 -1
Evo 1.00 0.00 1.00 0.99 1.00 1.00 1.00 0.09 0.00 0.01 0.10 0.16 -1 183
Result 0 13.0 2000 0.42 0.17 0.16 0.18 0.17 0.15 0.17 -1 -1 -1 -1
Evo 1.00 0.00 1.00 0.99 1.00 1.00 1.00 0.09 0.00 0.05 0.09 0.12 -1 229
Result 0 9.0 2000 0.44 0.17 0.15 0.15 0.17 0.18 0.17 -1 -1 -1 -1
Evo 1.00 0.00 1.00 0.99 1.00 1.00 1.00 0.11 0.00 0.01 0.13 0.15 -1 171
Result 0 11.0 2000 0.43 0.16 0.17 0.16 0.16 0.17 0.17 -1 -1 -1 -1
Evo 1.00 0.00 1.00 0.96 1.00 1.00 1.00 0.20 0.01 0.06 0.02 0.03 -1 303
Result 0 0.0 539 0.43 0.16 0.17 0.14 0.18 0.20 0.15 -1 -1 -1 -1
Evo 1.00 0.00 1.00 0.97 1.00 1.00 1.00 0.16 0.01 0.04 0.02 0.03 -1 278
Result 0 0.0 317 0.44 0.18 0.20 0.14 0.14 0.19 0.17 -1 -1 -1 -1
Evo 1.00 0.00 1.00 0.97 1.00 1.00 1.00 0.18 0.00 0.01 0.11 0.14 -1 115
Result 0 7.0 2000 0.44 0.17 0.17 0.15 0.17 0.17 0.16 -1 -1 -1 -1
Evo 1.00 0.00 1.00 0.97 1.00 1.00 1.00 0.18 0.01 0.05 0.02 0.03 -1 260
Result 0 0.0 365 0.37 0.12 0.16 0.12 0.20 0.20 0.18 -1 -1 -1 -1
Evo 1.00 0.00 1.00 0.97 1.00 1.00 1.00 0.16 0.01 0.04 0.02 0.04 -1 232
Result 0 0.0 359 0.47 0.15 0.20 0.14 0.18 0.17 0.16 -1 -1 -1 -1
Evo 1.00 0.00 1.00 0.97 1.00 1.00 1.00 0.16 0.00 0.01 0.13 0.15 -1 32
Result 0 12.0 2000 0.44 0.17 0.17 0.15 0.16 0.17 0.18 -1 -1 -1 -1
Evo 1.00 0.00 1.00 0.97 1.00 1.00 1.00 0.18 0.01 0.05 0.02 0.04 -1 236
Result 0 0.0 641 0.40 0.14 0.19 0.13 0.17 0.20 0.17 -1 -1 -1 -1
Evo 1.00 0.00 1.00 0.98 1.00 1.00 1.00 0.15 0.01 0.47 0.04 0.06 -1 292
Result 0 1.0 306 0.44 0.18 0.18 0.16 0.17 0.16 0.14 -1 -1 -1 -1
Evo 1.00 0.00 1.00 0.99 1.00 1.00 1.00 0.08 0.00 0.34 0.14 0.16 -1 91
Result 0 12.0 2000 0.44 0.17 0.17 0.16 0.17 0.16 0.16 -1 -1 -1 -1
Evo 1.00 0.00 1.00 0.94 1.00 1.00 1.00 0.24 0.02 0.42 0.04 0.09 -1 168
Result 0 5.0 221 0.45 0.17 0.18 0.19 0.11 0.16 0.18 -1 -1 -1 -1
Evo 1.00 0.00 1.00 0.99 1.00 1.00 1.00 0.07 0.00 0.25 0.17 0.22 -1 161
Result 0 12.0 2000 0.41 0.15 0.18 0.17 0.16 0.17 0.17 -1 -1 -1 -1
Evo 1.00 0.00 1.00 0.94 1.00 1.00 1.00 0.24 0.01 0.27 0.05 0.07 -1 112
Result 0 1.0 414 0.41 0.16 0.15 0.15 0.19 0.17 0.18 -1 -1 -1 -1
Evo 1.00 0.00 1.00 0.99 1.00 1.00 1.00 0.08 0.00 0.32 0.13 0.18 -1 83
Result 0 10.0 2000 0.43 0.17 0.16 0.16 0.18 0.16 0.17 -1 -1 -1 -1
Evo 1.00 0.00 1.00 0.99 1.00 1.00 1.00 0.12 0.00 0.43 0.13 0.18 -1 95
Result 0 11.0 2000 0.43 0.17 0.17 0.17 0.16 0.16 0.18 -1 -1 -1 -1
Evo 1.00 0.00 1.00 0.99 1.00 1.00 1.00 0.11 0.00 0.35 0.13 0.15 -1 78
Result 0 12.0 2000 0.43 0.17 0.15 0.18 0.16 0.16 0.18 -1 -1 -1 -1
Evo 1.00 0.00 1.00 0.98 1.00 1.00 1.00 0.13 0.01 0.02 0.03 0.03 -1 205
Result 0 0.0 293 0.47 0.21 0.17 0.12 0.13 0.18 0.20 -1 -1 -1 -1
Evo 1.00 0.00 1.00 0.95 1.00 1.00 1.00 0.23 0.01 0.08 0.03 0.05 -1 244
Result 0 0.0 317 0.41 0.18 0.15 0.18 0.17 0.19 0.14 -1 -1 -1 -1
Evo 1.00 0.00 1.00 0.99 1.00 1.00 1.00 0.08 0.00 0.51 0.16 0.18 -1 114
Result 0 12.0 2000 0.42 0.16 0.16 0.17 0.18 0.17 0.16 -1 -1 -1 -1
Evo 1.00 0.00 1.00 0.96 1.00 1.00 1.00 0.21 0.01 0.06 0.03 0.03 -1 282
Result 0 0.0 341 0.42 0.16 0.19 0.12 0.18 0.20 0.16 -1 -1 -1 -1
Evo 1.00 0.00 1.00 0.99 1.00 1.00 1.00 0.09 0.00 0.52 0.13 0.18 -1 192
Result 0 10.0 2000 0.43 0.17 0.16 0.17 0.16 0.17 0.17 -1 -1 -1 -1
Evo 1.00 0.00 1.00 1.00 1.00 1.00 1.00 0.06 0.00 0.51 0.16 0.18 -1 72
Result 0 12.0 2000 0.43 0.17 0.17 0.18 0.15 0.18 0.16 -1 -1 -1 -1
Evo 1.00 0.00 1.00 0.96 1.00 1.00 1.00 0.20 0.01 0.06 0.03 0.04 -1 276
Result 0 0.0 383 0.43 0.17 0.18 0.15 0.14 0.20 0.16 -1 -1 -1 -1
Evo 1.00 0.00 1.00 0.93 1.00 1.00 1.00 0.26 0.01 0.10 0.03 0.04 -1 233
Result 0 0.0 353 0.39 0.14 0.18 0.17 0.19 0.18 0.15 -1 -1 -1 -1
Evo 1.00 0.00 1.00 0.99 1.00 1.00 1.00 0.10 0.00 0.34 0.15 0.19 -1 105
Result 0 12.0 2000 0.43 0.17 0.17 0.17 0.17 0.16 0.16 -1 -1 -1 -1
Evo 1.00 0.00 1.00 0.99 1.00 1.00 1.00 0.10 0.00 0.33 0.16 0.21 -1 101
Result 0 13.0 2000 0.43 0.17 0.16 0.16 0.17 0.17 0.17 -1 -1 -1 -1
Evo 1.00 0.00 1.00 0.92 1.00 1.00 1.00 0.27 0.01 0.11 0.03 0.05 -1 293
Result 0 0.0 395 0.42 0.20 0.16 0.13 0.15 0.17 0.18 -1 -1 -1 -1
Evo 1.00 0.00 1.00 0.99 1.00 1.00 1.00 0.09 0.00 0.42 0.12 0.16 -1 296
Result 0 12.0 2000 0.43 0.15 0.17 0.16 0.17 0.17 0.17 -1 -1 -1 -1
