Evo 1.00 0.00 1.00 0.93 1.00 1.00 1.00 0.26 0.01 0.10 0.04 0.07 -1 124
Result 0 0.0 2000 0.46 0.21 0.22 0.21 0.18 0.19 -1 -1 -1 -1 -1
Evo 1.00 0.00 1.00 0.99 1.00 1.00 1.00 0.11 0.00 0.08 0.05 0.11 -1 58
Result 0 0.0 2000 0.45 0.20 0.22 0.21 0.18 0.18 -1 -1 -1 -1 -1
Evo 1.00 0.00 1.00 0.99 1.00 1.00 1.00 0.11 0.00 0.07 0.06 0.11 -1 15
Result 0 0.0 2000 0.46 0.20 0.22 0.22 0.16 0.20 -1 -1 -1 -1 -1
Evo 1.00 0.00 1.00 0.95 1.00 1.00 1.00 0.22 0.00 0.22 0.15 0.28 -1 76
Result 0 0.0 2000 0.47 0.22 0.20 0.21 0.17 0.20 -1 -1 -1 -1 -1
Evo 1.00 0.00 1.00 0.99 1.00 1.00 1.00 0.11 0.00 0.07 0.04 0.08 -1 71
Result 0 0.0 2000 0.47 0.20 0.23 0.20 0.17 0.20 -1 -1 -1 -1 -1
Evo 1.00 0.00 1.00 0.98 1.00 1.00 1.00 0.14 0.00 0.11 0.07 0.15 -1 17
Result 0 0.0 2000 0.44 0.22 0.24 0.20 0.17 0.18 -1 -1 -1 -1 -1
Evo 1.00 0.00 1.00 0.98 1.00 1.00 1.00 0.14 0.00 0.11 0.08 0.15 -1 53
Result 0 0.0 2000 0.46 0.21 0.21 0.21 0.18 0.20 -1 -1 -1 -1 -1
Evo 1.00 0.00 1.00 0.98 1.00 1.00 1.00 0.13 0.00 0.11 0.08 0.14 -1 28
Result 0 0.0 2000 0.46 0.21 0.22 0.19 0.18 0.19 -1 -1 -1 -1 -1
Evo 1.00 0.00 1.00 0.99 1.00 1.00 1.00 0.11 0.00 0.08 0.04 0.10 -1 8
Result 0 0.0 2000 0.45 0.20 0.22 0.21 0.19 0.18 -1 -1 -1 -1 -1
Evo 1.00 0.00 1.00 0.97 1.00 1.00 1.00 0.18 0.00 0.16 0.12 0.20 -1 12
Result 0 0.0 2000 0.46 0.19 0.24 0.20 0.18 0.19 -1 -1 -1 -1 -1
Evo 1.00 0.00 1.00 0.97 1.00 1.00 1.00 0.17 0.00 0.15 0.10 0.18 -1 138
Result 0 0.0 2000 0.46 0.21 0.23 0.21 0.15 0.20 -1 -1 -1 -1 -1
Evo 1.00 0.00 1.00 0.98 1.00 1.00 1.00 0.13 0.00 0.10 0.09 0.18 -1 31
Result 0 0.0 2000 0.46 0.19 0.23 0.21 0.18 0.19 -1 -1 -1 -1 -1
Evo 1.00 0.00 1.00 0.99 1.00 1.00 1.00 0.11 0.00 0.08 0.06 0.12 -1 15
Result 0 0.0 2000 0.46 0.21 0.21 0.21 0.17 0.19 -1 -1 -1 -1 -1
Evo 1.00 0.00 1.00 0.98 1.00 1.00 1.00 0.15 0.00 0.12 0.13 0.28 -1 29
Result 0 -1.0 1833 0.46 0.19 0.23 0.21 0.18 0.19 -1 -1 -1 -1 -1
Evo 1.00 0.00 1.00 0.99 1.00 1.00 1.00 0.12 0.00 0.09 0.06 0.13 -1 13
Result 0 0.0 2000 0.47 0.21 0.21 0.21 0.17 0.20 -1 -1 -1 -1 -1
Evo 1.00 0.00 1.00 0.93 1.00 1.00 1.00 0.26 0.01 0.28 0.14 0.26 -1 24
Result 0 0.0 2000 0.47 0.21 0.20 0.20 0.18 0.20 -1 -1 -1 -1 -1
Evo 1.00 0.00 1.00 0.99 1.00 1.00 1.00 0.12 0.00 0.09 0.05 0.11 -1 7
Result 0 0.0 2000 0.45 0.22 0.21 0.20 0.18 0.18 -1 -1 -1 -1 -1
Evo 1.00 0.00 1.00 0.99 1.00 1.00 1.00 0.10 0.00 0.07 0.05 0.11 -1 105
Result 0 0.0 2000 0.47 0.21 0.21 0.19 0.19 0.20 -1 -1 -1 -1 -1
Evo 1.00 0.00 1.00 0.96 1.00 1.00 1.00 0.20 0.00 0.19 0.13 0.25 -1 7
Result 0 0.0 2000 0.46 0.20 0.21 0.20 0.19 0.20 -1 -1 -1 -1 -1
Evo 1.00 0.00 1.00 0.99 1.00 1.00 1.00 0.12 0.00 0.09 0.08 0.15 -1 60
Result 0 0.0 2000 0.46 0.20 0.22 0.21 0.16 0.20 -1 -1 -1 -1 -1
Evo 1.00 0.00 1.00 0.99 1.00 1.00 1.00 0.07 0.00 0.04 0.07 0.13 -1 242
Result 0 0.0 2000 0.45 0.20 0.21 0.19 0.21 0.18 -1 -1 -1 -1 -1
Evo 1.00 0.00 1.00 1.00 1.00 1.00 1.00 0.07 0.00 0.04 0.04 0.08 -1 335
Result 0 0.0 2000 0.47 0.18 0.22 0.20 0.19 0.21 -1 -1 -1 -1 -1
Evo 1.00 0.00 1.00 0.99 1.00 1.00 1.00 0.07 0.00 0.04 0.08 0.16 -1 447
Result 0 0.0 2000 0.45 0.20 0.21 0.19 0.20 0.19 -1 -1 -1 -1 -1
Evo 1.00 0.00 1.00 0.98 1.00 1.00 1.00 0.14 0.00 0.11 0.15 0.27 -1 98
Result 0 0.0 2000 0.45 0.22 0.21 0.20 0.19 0.18 -1 -1 -1 -1 -1
Evo 1.00 0.00 1.00 0.99 1.00 1.00 1.00 0.09 0.00 0.05 0.09 0.19 -1 39
Result 0 0.0 2000 0.47 0.20 0.22 0.19 0.19 0.21 -1 -1 -1 -1 -1
Evo 1.00 0.00 1.00 1.00 1.00 1.00 1.00 0.06 0.00 0.03 0.08 0.15 -1 125
Result 0 0.0 2000 0.46 0.18 0.23 0.21 0.19 0.19 -1 -1 -1 -1 -1
Evo 1.00 0.00 1.00 0.99 1.00 1.00 1.00 0.08 0.00 0.05 0.09 0.18 -1 54
Result 0 0.0 2000 0.44 0.21 0.22 0.21 0.18 0.18 -1 -1 -1 -1 -1
Evo 1.00 0.00 1.00 0.99 1.00 1.00 1.00 0.08 0.00 0.04 0.08 0.15 -1 275
Result 0 0.0 2000 0.46 0.19 0.22 0.22 0.18 0.19 -1 -1 -1 -1 -1
Evo 1.00 0.00 1.00 0.99 1.00 1.00 1.00 0.10 0.00 0.07 0.12 0.23 -1 347
Result 0 0.0 2000 0.47 0.21 0.21 0.19 0.18 0.21 -1 -1 -1 -1 -1
Evo 1.00 0.00 1.00 0.99 1.00 1.00 1.00 0.09 0.00 0.05 0.11 0.19 -1 781
Result 0 0.0 2000 0.46 0.20 0.21 0.20 0.19 0.20 -1 -1 -1 -1 -1
Evo 1.00 0.00 1.00 0.99 1.00 1.00 1.00 0.09 0.00 0.06 0.10 0.21 -1 93
Result 0 0.0 2000 0.46 0.20 0.22 0.20 0.19 0.19 -1 -1 -1 -1 -1
Evo 1.00 0.00 1.00 0.98 1.00 1.00 1.00 0.13 0.00 0.11 0.12 0.20 -1 147
Result 0 0.0 2000 0.46 0.20 0.23 0.20 0.18 0.19 -1 -1 -1 -1 -1
Evo 1.00 0.00 1.00 0.98 1.00 1.00 1.00 0.14 0.00 0.11 0.12 0.21 -1 648
Result 0 0.0 2000 0.46 0.19 0.23 0.20 0.19 0.20 -1 -1 -1 -1 -1
Evo 1.00 0.00 1.00 0.99 1.00 1.00 1.00 0.07 0.00 0.04 0.09 0.18 -1 747
Result 0 0.0 2000 0.46 0.20 0.22 0.19 0.20 0.19 -1 -1 -1 -1 -1
Evo 1.00 0.00 1.00 0.98 1.00 1.00 1.00 0.14 0.00 0.11 0.11 0.20 -1 858
Result 0 0.0 2000 0.46 0.20 0.22 0.18 0.20 0.20 -1 -1 -1 -1 -1
Evo 1.00 0.00 1.00 0.99 1.00 1.00 1.00 0.07 0.00 0.04 0.07 0.12 -1 512
Result 0 0.0 2000 0.47 0.20 0.19 0.21 0.19 0.21 -1 -1 -1 -1 -1
Evo 1.00 0.00 1.00 0.99 1.00 1.00 1.00 0.08 0.00 0.05 0.08 0.15 -1 242
Result 0 0.0 2000 0.46 0.20 0.20 0.20 0.19 0.20 -1 -1 -1 -1 -1
Evo 1.00 0.00 1.00 0.99 1.00 1.00 1.00 0.08 0.00 0.05 0.06 0.11 -1 473
Result 0 0.0 2000 0.47 0.19 0.21 0.20 0.20 0.20 -1 -1 -1 -1 -1
Evo 1.00 0.00 1.00 0.99 1.00 1.00 1.00 0.08 0.00 0.05 0.08 0.16 -1 106
Result 0 0.0 2000 0.47 0.20 0.19 0.21 0.20 0.20 -1 -1 -1 -1 -1
Evo 1.00 0.00 1.00 0.99 1.00 1.00 1.00 0.07 0.00 0.04 0.08 0.17 -1 46
Result 0 0.0 2000 0.45 0.20 0.22 0.20 0.20 0.19 -1 -1 -1 -1 -1
Evo 1.00 0.00 1.00 0.91 1.00 1.00 1.00 0.29 0.01 0.32 0.10 0.20 -1 33
Result 0 0.0 2000 0.43 0.21 0.22 0.22 0.19 0.16 -1 -1 -1 -1 -1
Evo 1.00 0.00 1.00 0.92 1.00 1.00 1.00 0.27 0.01 0.29 0.06 0.10 -1 40
Result 0 0.0 2000 0.42 0.21 0.22 0.24 0.17 0.16 -1 -1 -1 -1 -1
Evo 1.00 0.00 1.00 0.92 1.00 1.00 1.00 0.27 0.01 0.29 0.10 0.20 -1 41
Result 0 0.0 2000 0.41 0.21 0.22 0.23 0.19 0.15 -1 -1 -1 -1 -1
Evo 1.00 0.00 1.00 0.93 1.00 1.00 1.00 0.26 0.01 0.27 0.12 0.22 -1 36
Result 0 0.0 2000 0.41 0.19 0.23 0.25 0.18 0.15 -1 -1 -1 -1 -1
Evo 1.00 0.00 1.00 0.92 1.00 1.00 1.00 0.27 0.01 0.29 0.08 0.14 -1 33
Result 0 0.0 2000 0.43 0.21 0.22 0.21 0.20 0.16 -1 -1 -1 -1 -1
Evo 1.00 0.00 1.00 0.93 1.00 1.00 1.00 0.26 0.01 0.01 0.16 0.27 1964 18
Result 1 5.0 1969 0.43 0.21 0.20 0.22 0.22 0.17 -1 -1 -1 -1 -1
Evo 1.00 0.00 0.50 0.46 0.50 0.50 0.50 0.14 0.00 0.29 0.07 0.13 -1 33
Result 0 0.0 2000 0.42 0.22 0.22 0.23 0.16 0.16 -1 -1 -1 -1 -1
Evo 1.00 0.00 0.50 0.47 0.50 0.50 0.50 0.13 0.00 0.26 0.07 0.12 -1 37
Result 0 0.0 2000 0.42 0.21 0.22 0.23 0.19 0.15 -1 -1 -1 -1 -1
Evo 1.00 0.00 0.50 0.46 0.50 0.50 0.50 0.13 0.00 0.27 0.12 0.23 -1 36
Result 0 -1.0 1242 0.42 0.21 0.21 0.25 0.18 0.16 -1 -1 -1 -1 -1
Evo 1.00 0.00 0.50 0.46 0.50 0.50 0.50 0.13 0.00 0.28 0.06 0.11 -1 55
Result 0 0.0 2000 0.41 0.20 0.23 0.23 0.19 0.15 -1 -1 -1 -1 -1
Evo 1.00 0.00 0.50 0.46 0.50 0.50 0.50 0.14 0.00 0.29 0.06 0.12 -1 34
Result 0 0.0 2000 0.41 0.19 0.24 0.23 0.19 0.15 -1 -1 -1 -1 -1
Evo 1.00 0.00 0.50 0.46 0.50 0.50 0.50 0.13 0.00 0.28 0.05 0.10 -1 2
Result 0 0.0 2000 0.40 0.22 0.23 0.23 0.18 0.14 -1 -1 -1 -1 -1
Evo 1.00 0.00 0.50 0.46 0.50 0.50 0.50 0.14 0.00 0.30 0.15 0.31 -1 29
Result 0 0.0 2000 0.42 0.20 0.21 0.24 0.19 0.16 -1 -1 -1 -1 -1
Evo 1.00 0.00 1.00 0.47 0.50 0.50 0.50 0.12 0.00 0.02 0.14 0.23 1495 30
Result 1 5.0 1499 0.41 0.21 0.22 0.23 0.19 0.15 -1 -1 -1 -1 -1
Evo 1.00 0.00 0.50 0.46 0.50 0.50 0.50 0.14 0.00 0.29 0.13 0.23 -1 40
Result 0 -1.0 1464 0.42 0.20 0.23 0.22 0.20 0.16 -1 -1 -1 -1 -1
Evo 1.00 0.00 0.50 0.46 0.50 0.50 0.50 0.14 0.00 0.30 0.13 0.24 -1 32
Result 0 0.0 2000 0.43 0.21 0.21 0.22 0.20 0.16 -1 -1 -1 -1 -1
Evo 1.00 0.00 0.50 0.46 0.50 0.50 0.50 0.13 0.00 0.27 0.06 0.11 -1 24
Result 0 0.0 2000 0.41 0.20 0.23 0.23 0.18 0.15 -1 -1 -1 -1 -1
Evo 1.00 0.00 0.50 0.46 0.50 0.50 0.50 0.14 0.00 0.30 0.20 0.34 -1 40
Result 0 0.0 2000 0.41 0.21 0.22 0.22 0.20 0.15 -1 -1 -1 -1 -1
Evo 1.00 0.00 1.00 0.46 0.50 0.50 0.50 0.14 0.00 0.02 0.17 0.25 806 50
Result 1 5.0 807 0.43 0.21 0.23 0.23 0.17 0.16 -1 -1 -1 -1 -1
Evo 1.00 0.00 0.50 0.47 0.50 0.50 0.50 0.13 0.00 0.26 0.07 0.12 -1 33
Result 0 0.0 2000 0.42 0.20 0.22 0.24 0.18 0.16 -1 -1 -1 -1 -1
Evo 1.00 0.00 0.50 0.49 0.50 0.50 0.50 0.06 0.00 0.09 0.07 0.12 -1 73
Result 0 0.0 2000 0.47 0.20 0.19 0.18 0.22 0.21 -1 -1 -1 -1 -1
Evo 1.00 0.00 0.50 0.49 0.50 0.50 0.50 0.07 0.00 0.11 0.08 0.15 -1 15
Result 0 0.0 2000 0.48 0.21 0.17 0.19 0.20 0.22 -1 -1 -1 -1 -1
Evo 1.00 0.00 0.50 0.49 0.50 0.50 0.50 0.06 0.00 0.08 0.08 0.12 -1 94
Result 0 0.0 2000 0.48 0.20 0.16 0.19 0.22 0.22 -1 -1 -1 -1 -1
Evo 1.00 0.00 0.50 0.49 0.50 0.50 0.50 0.06 0.00 0.08 0.07 0.11 -1 127
Result 0 0.0 2000 0.48 0.19 0.19 0.17 0.23 0.23 -1 -1 -1 -1 -1
Evo 1.00 0.00 0.50 0.49 0.50 0.50 0.50 0.06 0.00 0.09 0.07 0.12 -1 48
Result 0 0.0 2000 0.48 0.20 0.19 0.19 0.21 0.21 -1 -1 -1 -1 -1
Evo 1.00 0.00 0.50 0.49 0.50 0.50 0.50 0.06 0.00 0.09 0.07 0.12 -1 52
Result 0 0.0 2000 0.48 0.22 0.19 0.17 0.20 0.22 -1 -1 -1 -1 -1
Evo 1.00 0.00 0.50 0.49 0.50 0.50 0.50 0.06 0.00 0.09 0.08 0.15 -1 26
Result 0 0.0 2000 0.49 0.20 0.20 0.18 0.19 0.23 -1 -1 -1 -1 -1
Evo 1.00 0.00 0.50 0.49 0.50 0.50 0.50 0.06 0.00 0.09 0.07 0.11 -1 24
Result 0 0.0 2000 0.48 0.19 0.19 0.19 0.22 0.22 -1 -1 -1 -1 -1
Evo 1.00 0.00 0.50 0.49 0.50 0.50 0.50 0.06 0.00 0.08 0.06 0.11 -1 30
Result 0 0.0 2000 0.49 0.21 0.18 0.16 0.22 0.24 -1 -1 -1 -1 -1
Evo 1.00 0.00 0.50 0.49 0.50 0.50 0.50 0.06 0.00 0.09 0.06 0.11 -1 312
Result 0 0.0 2000 0.49 0.20 0.19 0.17 0.20 0.24 -1 -1 -1 -1 -1
Evo 1.00 0.00 0.50 0.49 0.50 0.50 0.50 0.06 0.00 0.09 0.07 0.12 -1 14
Result 0 0.0 2000 0.49 0.20 0.18 0.17 0.21 0.23 -1 -1 -1 -1 -1
Evo 1.00 0.00 0.50 0.49 0.50 0.50 0.50 0.08 0.00 0.13 0.08 0.16 -1 78
Result 0 0.0 2000 0.48 0.20 0.19 0.18 0.22 0.22 -1 -1 -1 -1 -1
Evo 1.00 0.00 0.50 0.49 0.50 0.50 0.50 0.06 0.00 0.09 0.06 0.11 -1 158
Result 0 0.0 2000 0.49 0.21 0.19 0.17 0.20 0.23 -1 -1 -1 -1 -1
Evo 1.00 0.00 0.50 0.49 0.50 0.50 0.50 0.07 0.00 0.10 0.07 0.11 -1 123
Result 0 0.0 2000 0.49 0.20 0.19 0.17 0.21 0.23 -1 -1 -1 -1 -1
Evo 1.00 0.00 0.50 0.49 0.50 0.50 0.50 0.07 0.00 0.11 0.08 0.12 -1 23
Result 0 0.0 2000 0.48 0.20 0.18 0.18 0.23 0.22 -1 -1 -1 -1 -1
Evo 1.00 0.00 0.50 0.49 0.50 0.50 0.50 0.06 0.00 0.09 0.06 0.10 -1 8
Result 0 0.0 2000 0.49 0.20 0.20 0.16 0.21 0.23 -1 -1 -1 -1 -1
Evo 1.00 0.00 0.50 0.49 0.50 0.50 0.50 0.06 0.00 0.10 0.06 0.11 -1 146
Result 0 0.0 2000 0.49 0.20 0.20 0.17 0.20 0.23 -1 -1 -1 -1 -1
Evo 1.00 0.00 0.50 0.49 0.50 0.50 0.50 0.05 0.00 0.07 0.12 0.19 -1 2
Result 0 0.0 2000 0.47 0.19 0.19 0.20 0.21 0.21 -1 -1 -1 -1 -1
Evo 1.00 0.00 0.50 0.49 0.50 0.50 0.50 0.06 0.00 0.08 0.07 0.11 -1 12
Result 0 0.0 2000 0.49 0.20 0.19 0.17 0.21 0.23 -1 -1 -1 -1 -1
Evo 1.00 0.00 0.50 0.49 0.50 0.50 0.50 0.07 0.00 0.11 0.07 0.12 -1 47
Result 0 0.0 2000 0.49 0.20 0.17 0.18 0.22 0.23 -1 -1 -1 -1 -1
Evo 1.00 0.00 0.50 0.50 0.50 0.50 0.50 0.04 0.00 0.04 0.09 0.15 -1 421
Result 0 0.0 2000 0.45 0.19 0.21 0.22 0.19 0.19 -1 -1 -1 -1 -1
Evo 1.00 0.00 0.50 0.50 0.50 0.50 0.50 0.04 0.00 0.06 0.10 0.16 -1 76
Result 0 0.0 2000 0.46 0.22 0.17 0.21 0.20 0.20 -1 -1 -1 -1 -1
Evo 1.00 0.00 0.50 0.50 0.50 0.50 0.50 0.04 0.00 0.05 0.10 0.15 -1 217
Result 0 0.0 2000 0.44 0.20 0.21 0.20 0.21 0.17 -1 -1 -1 -1 -1
Evo 1.00 0.00 0.50 0.50 0.50 0.50 0.50 0.04 0.00 0.04 0.09 0.15 -1 177
Result 0 0.0 2000 0.46 0.19 0.19 0.20 0.22 0.20 -1 -1 -1 -1 -1
Evo 1.00 0.00 0.50 0.50 0.50 0.50 0.50 0.04 0.00 0.04 0.09 0.14 -1 278
Result 0 0.0 2000 0.46 0.19 0.18 0.21 0.21 0.20 -1 -1 -1 -1 -1
Evo 1.00 0.00 0.50 0.50 0.50 0.50 0.50 0.04 0.00 0.04 0.10 0.15 -1 1012
Result 0 0.0 2000 0.46 0.20 0.18 0.21 0.21 0.19 -1 -1 -1 -1 -1
Evo 1.00 0.00 0.50 0.50 0.50 0.50 0.50 0.04 0.00 0.05 0.10 0.14 -1 301
Result 0 0.0 2000 0.46 0.20 0.18 0.21 0.22 0.19 -1 -1 -1 -1 -1
Evo 1.00 0.00 0.50 0.50 0.50 0.50 0.50 0.05 0.00 0.06 0.10 0.16 -1 210
Result 0 0.0 2000 0.46 0.22 0.18 0.21 0.20 0.19 -1 -1 -1 -1 -1
Evo 1.00 0.00 0.50 0.50 0.50 0.50 0.50 0.04 0.00 0.05 0.10 0.16 -1 295
Result 0 0.0 2000 0.45 0.21 0.21 0.20 0.21 0.18 -1 -1 -1 -1 -1
Evo 1.00 0.00 0.50 0.49 0.50 0.50 0.50 0.06 0.00 0.08 0.10 0.16 -1 48
Result 0 0.0 2000 0.46 0.21 0.19 0.20 0.22 0.19 -1 -1 -1 -1 -1
Evo 1.00 0.00 0.50 0.50 0.50 0.50 0.50 0.04 0.00 0.05 0.09 0.16 -1 89
Result 0 0.0 2000 0.46 0.20 0.18 0.21 0.22 0.19 -1 -1 -1 -1 -1
Evo 1.00 0.00 0.50 0.49 0.50 0.50 0.50 0.06 0.00 0.08 0.16 0.24 -1 215
Result 0 0.0 2000 0.47 0.20 0.18 0.20 0.22 0.20 -1 -1 -1 -1 -1
Evo 1.00 0.00 0.50 0.50 0.50 0.50 0.50 0.04 0.00 0.04 0.09 0.14 -1 1248
Result 0 0.0 2000 0.46 0.21 0.19 0.22 0.19 0.20 -1 -1 -1 -1 -1
Evo 1.00 0.00 0.50 0.50 0.50 0.50 0.50 0.05 0.00 0.06 0.11 0.17 -1 527
Result 0 0.0 2000 0.45 0.20 0.20 0.19 0.22 0.18 -1 -1 -1 -1 -1
Evo 1.00 0.00 0.50 0.50 0.50 0.50 0.50 0.04 0.00 0.06 0.09 0.15 -1 157
Result 0 0.0 2000 0.46 0.20 0.18 0.20 0.21 0.19 -1 -1 -1 -1 -1
Evo 1.00 0.00 0.50 0.49 0.50 0.50 0.50 0.06 0.00 0.08 0.14 0.21 -1 282
Result 0 0.0 2000 0.47 0.20 0.19 0.19 0.21 0.21 -1 -1 -1 -1 -1
Evo 1.00 0.00 0.50 0.50 0.50 0.50 0.50 0.04 0.00 0.04 0.09 0.14 -1 763
Result 0 0.0 2000 0.45 0.20 0.19 0.21 0.21 0.19 -1 -1 -1 -1 -1
Evo 1.00 0.00 0.50 0.50 0.50 0.50 0.50 0.04 0.00 0.04 0.10 0.15 -1 127
Result 0 0.0 2000 0.46 0.19 0.20 0.21 0.21 0.19 -1 -1 -1 -1 -1
Evo 1.00 0.00 0.50 0.50 0.50 0.50 0.50 0.03 0.00 0.04 0.08 0.12 -1 1053
Result 0 0.0 2000 0.45 0.20 0.20 0.20 0.21 0.18 -1 -1 -1 -1 -1
Evo 1.00 0.00 0.50 0.50 0.50 0.50 0.50 0.03 0.00 0.04 0.09 0.13 -1 405
Result 0 0.0 2000 0.46 0.20 0.18 0.23 0.20 0.20 -1 -1 -1 -1 -1
