Evo 1.00 0.00 2.00 0.97 1.00 1.00 1.00 0.23 0.01 0.08 1.45 5.31 -1 97
Result 0 10.0 234 0.45 0.29 0.21 0.18 0.20 0.11 -1 -1 -1 -1 -1
Evo 1.01 0.00 1.00 0.78 1.00 1.00 1.00 0.42 0.05 0.29 0.45 1.72 -1 54
Result 0 1.0 76 0.34 0.19 0.19 0.10 0.27 0.23 -1 -1 -1 -1 -1
Evo 1.00 0.00 1.00 0.96 1.00 1.00 1.00 0.18 0.01 0.12 2.65 7.91 -1 403
Result 0 12.0 455 0.46 0.26 0.16 0.20 0.20 0.20 -1 -1 -1 -1 -1
Evo 1.01 0.00 1.00 0.80 1.00 1.00 1.00 0.40 0.05 0.08 0.61 1.99 -1 49
Result 0 1.0 75 0.40 0.33 0.17 0.14 0.21 0.14 -1 -1 -1 -1 -1
Evo 1.00 0.00 1.00 0.95 1.00 1.00 1.00 0.21 0.01 0.13 4.41 13.26 -1 114
Result 0 20.0 723 0.43 0.24 0.20 0.17 0.22 0.18 -1 -1 -1 -1 -1
Evo 1.00 0.00 1.00 0.97 1.00 1.00 1.00 0.18 0.01 0.51 2.32 7.51 -1 107
Result 0 16.0 408 0.47 0.24 0.15 0.21 0.18 0.22 -1 -1 -1 -1 -1
Evo 1.00 0.00 1.00 0.96 1.00 1.00 1.00 0.20 0.01 0.14 2.73 9.25 -1 66
Result 0 15.0 468 0.43 0.25 0.19 0.17 0.21 0.19 -1 -1 -1 -1 -1
Evo 1.00 1.00 1.00 1.00 1.00 1.00 1.00 0.00 0.00 0.29 2.59 9.05 395 -1
Result 1 32.0 397 0.44 0.27 0.18 0.17 0.19 0.19 -1 -1 -1 -1 -1
Evo 1.00 0.00 0.50 0.49 0.50 0.50 0.50 0.07 0.00 0.09 2.98 7.72 -1 196
Result 0 10.0 594 0.47 0.25 0.16 0.21 0.22 0.16 -1 -1 -1 -1 -1
Evo 1.00 0.00 0.50 0.48 0.50 0.50 0.50 0.10 0.00 0.05 2.44 7.42 -1 106
Result 0 14.0 457 0.42 0.21 0.20 0.16 0.24 0.19 -1 -1 -1 -1 -1
Evo 1.00 0.00 0.50 0.49 0.50 0.50 0.50 0.08 0.00 0.13 1.79 7.13 -1 134
Result 0 17.0 255 0.44 0.30 0.23 0.18 0.16 0.13 -1 -1 -1 -1 -1
Evo 1.01 0.00 0.50 0.46 0.50 0.50 0.50 0.13 0.01 0.34 0.61 2.42 -1 88
Result 0 0.0 96 0.34 0.18 0.19 0.10 0.37 0.16 -1 -1 -1 -1 -1
Evo 1.00 0.00 1.00 0.50 0.50 0.50 0.50 0.09 0.00 0.09 2.77 9.23 431 82
Result 1 32.0 435 0.45 0.25 0.19 0.19 0.21 0.17 -1 -1 -1 -1 -1
Evo 1.00 0.00 0.50 0.49 0.50 0.50 0.50 0.08 0.00 0.28 2.15 8.21 -1 130
Result 0 18.0 329 0.44 0.26 0.17 0.18 0.17 0.22 -1 -1 -1 -1 -1
Evo 1.01 0.00 0.50 0.45 0.50 0.50 0.50 0.14 0.01 0.22 1.08 3.79 -1 126
Result 0 5.0 153 0.43 0.32 0.10 0.16 0.21 0.19 -1 -1 -1 -1 -1
Evo 1.02 0.00 0.50 0.41 0.50 0.50 0.50 0.19 0.02 0.38 0.34 1.38 -1 50
Result 0 -1.0 60 0.41 0.26 0.23 0.15 0.15 0.21 -1 -1 -1 -1 -1
Evo 1.00 0.00 0.50 0.48 0.50 0.50 0.50 0.11 0.01 0.17 1.96 4.79 -1 379
Result 0 8.0 407 0.45 0.21 0.19 0.18 0.21 0.21 -1 -1 -1 -1 -1
Evo 1.00 0.00 1.00 0.50 0.50 0.50 0.50 0.08 0.00 0.15 2.69 9.67 416 51
Result 1 32.0 425 0.46 0.24 0.19 0.20 0.18 0.19 -1 -1 -1 -1 -1
Evo 1.00 0.00 0.50 0.48 0.50 0.50 0.50 0.11 0.01 0.16 2.17 6.85 -1 122
Result 0 14.0 344 0.44 0.28 0.20 0.17 0.19 0.16 -1 -1 -1 -1 -1
Evo 1.00 0.00 0.50 0.48 0.50 0.50 0.50 0.10 0.00 0.10 2.94 9.72 -1 130
Result 0 21.0 470 0.42 0.24 0.18 0.16 0.22 0.20 -1 -1 -1 -1 -1
Evo 1.00 0.00 0.50 0.49 0.50 0.50 0.50 0.07 0.00 0.08 2.98 8.27 -1 86
Result 0 7.0 585 0.47 0.22 0.19 0.20 0.21 0.18 -1 -1 -1 -1 -1
Evo 1.00 0.00 0.50 0.48 0.50 0.50 0.50 0.09 0.00 0.18 2.82 8.97 -1 93
Result 0 14.0 589 0.47 0.24 0.17 0.20 0.23 0.16 -1 -1 -1 -1 -1
Evo 1.02 0.00 0.50 0.39 0.50 0.50 0.50 0.21 0.03 0.17 0.40 1.71 -1 45
Result 0 1.0 56 0.34 0.30 0.28 0.11 0.12 0.19 -1 -1 -1 -1 -1
Evo 1.01 0.00 0.50 0.48 0.50 0.50 0.50 0.10 0.01 0.12 0.65 2.94 -1 85
Result 0 3.0 93 0.45 0.23 0.10 0.18 0.29 0.20 -1 -1 -1 -1 -1
Evo 1.01 0.00 0.50 0.47 0.50 0.50 0.50 0.11 0.01 0.09 0.85 2.27 -1 114
Result 0 -1.0 136 0.47 0.23 0.19 0.20 0.21 0.16 -1 -1 -1 -1 -1
Evo 1.00 0.00 0.50 0.48 0.50 0.50 0.50 0.10 0.00 0.13 2.51 7.52 -1 153
Result 0 7.0 470 0.44 0.24 0.17 0.17 0.20 0.21 -1 -1 -1 -1 -1
Evo 1.01 0.00 0.50 0.44 0.50 0.50 0.50 0.16 0.02 0.18 0.58 2.29 -1 68
Result 0 2.0 76 0.34 0.27 0.18 0.10 0.26 0.18 -1 -1 -1 -1 -1
Evo 1.00 0.00 0.50 0.48 0.50 0.50 0.50 0.10 0.00 0.02 2.89 7.33 -1 66
Result 0 5.0 586 0.47 0.19 0.21 0.20 0.22 0.18 -1 -1 -1 -1 -1
Evo 1.01 0.00 0.50 0.46 0.50 0.50 0.50 0.13 0.01 0.18 1.05 3.99 -1 144
Result 0 7.0 157 0.46 0.28 0.11 0.20 0.23 0.18 -1 -1 -1 -1 -1
Evo 1.00 0.00 0.50 0.48 0.50 0.50 0.50 0.10 0.00 0.07 3.21 8.95 -1 228
Result 0 11.0 566 0.45 0.23 0.20 0.19 0.21 0.17 -1 -1 -1 -1 -1
Evo 1.00 0.00 0.50 0.47 0.50 0.50 0.50 0.11 0.01 0.06 1.40 5.12 -1 200
Result 0 6.0 214 0.48 0.23 0.16 0.22 0.24 0.15 -1 -1 -1 -1 -1
Evo 1.01 0.00 0.50 0.43 0.50 0.50 0.50 0.17 0.02 0.13 0.56 2.05 -1 71
Result 0 1.0 85 0.43 0.24 0.14 0.16 0.26 0.20 -1 -1 -1 -1 -1
Evo 1.01 0.00 0.50 0.45 0.50 0.50 0.50 0.15 0.01 0.16 0.65 2.65 -1 87
Result 0 1.0 96 0.36 0.29 0.13 0.11 0.27 0.20 -1 -1 -1 -1 -1
Evo 1.01 0.00 0.50 0.46 0.50 0.50 0.50 0.14 0.01 0.11 0.74 2.74 -1 87
Result 0 1.0 97 0.30 0.34 0.10 0.08 0.31 0.17 -1 -1 -1 -1 -1
Evo 1.00 0.00 0.50 0.49 0.50 0.50 0.50 0.08 0.00 0.05 1.81 4.67 -1 231
Result 0 4.0 383 0.44 0.21 0.23 0.18 0.20 0.18 -1 -1 -1 -1 -1
Evo 1.00 0.00 0.50 0.48 0.50 0.50 0.50 0.10 0.01 0.02 1.80 5.48 -1 92
Result 0 7.0 367 0.47 0.25 0.17 0.21 0.19 0.18 -1 -1 -1 -1 -1
Evo 1.01 0.00 0.50 0.47 0.50 0.50 0.50 0.12 0.01 0.08 0.91 3.52 -1 109
Result 0 6.0 155 0.50 0.20 0.12 0.25 0.22 0.21 -1 -1 -1 -1 -1
Evo 1.01 0.00 0.50 0.46 0.50 0.50 0.50 0.14 0.01 0.11 1.09 4.11 -1 96
Result 0 6.0 151 0.44 0.30 0.20 0.17 0.17 0.15 -1 -1 -1 -1 -1
Evo 1.00 0.00 0.50 0.48 0.50 0.50 0.50 0.11 0.01 0.05 2.11 5.54 -1 84
Result 0 6.0 408 0.47 0.19 0.19 0.21 0.21 0.21 -1 -1 -1 -1 -1
Evo 1.01 0.00 0.50 0.44 0.50 0.50 0.50 0.16 0.01 0.06 0.77 3.12 -1 38
Result 0 5.0 119 0.46 0.27 0.20 0.19 0.21 0.13 -1 -1 -1 -1 -1
Evo 1.00 0.00 0.50 0.47 0.50 0.50 0.50 0.12 0.01 0.15 1.35 4.74 -1 197
Result 0 5.0 212 0.45 0.25 0.21 0.18 0.22 0.14 -1 -1 -1 -1 -1
Evo 1.01 0.00 0.50 0.46 0.50 0.50 0.50 0.13 0.01 0.34 0.66 2.83 -1 75
Result 0 1.0 95 0.39 0.32 0.13 0.14 0.25 0.17 -1 -1 -1 -1 -1
Evo 1.00 0.00 0.50 0.46 0.50 0.50 0.50 0.14 0.01 0.20 1.57 5.83 -1 59
Result 0 11.0 221 0.48 0.21 0.21 0.23 0.21 0.15 -1 -1 -1 -1 -1
Evo 1.00 0.00 1.00 0.50 0.50 0.50 0.50 0.06 0.00 0.09 3.54 12.05 534 61
Result 1 34.0 536 0.46 0.27 0.18 0.19 0.20 0.15 -1 -1 -1 -1 -1
Evo 1.00 0.00 0.50 0.48 0.50 0.50 0.50 0.10 0.01 0.10 2.55 8.48 -1 222
Result 0 22.0 390 0.46 0.28 0.19 0.19 0.17 0.16 -1 -1 -1 -1 -1
Evo 1.00 0.00 0.50 0.48 0.50 0.50 0.50 0.10 0.00 0.17 3.14 11.45 -1 77
Result 0 22.0 443 0.41 0.26 0.20 0.15 0.20 0.19 -1 -1 -1 -1 -1
Evo 1.00 0.00 0.50 0.49 0.50 0.50 0.50 0.08 0.00 0.16 2.43 6.84 -1 92
Result 0 12.0 406 0.44 0.28 0.18 0.18 0.19 0.17 -1 -1 -1 -1 -1
Evo 1.00 0.00 0.50 0.48 0.50 0.50 0.50 0.09 0.00 0.13 2.54 8.95 -1 64
Result 0 19.0 384 0.45 0.23 0.19 0.19 0.18 0.21 -1 -1 -1 -1 -1
Evo 1.00 0.00 0.50 0.48 0.50 0.50 0.50 0.10 0.00 0.10 3.59 12.56 -1 118
Result 0 23.0 585 0.47 0.25 0.18 0.20 0.20 0.17 -1 -1 -1 -1 -1
Evo 1.00 0.00 0.50 0.49 0.50 0.50 0.50 0.07 0.00 0.07 2.93 9.11 -1 57
Result 0 17.0 558 0.45 0.25 0.19 0.18 0.19 0.18 -1 -1 -1 -1 -1
Evo 1.00 0.00 0.50 0.48 0.50 0.50 0.50 0.11 0.01 0.15 1.54 5.31 -1 189
Result 0 13.0 244 0.49 0.27 0.18 0.23 0.16 0.17 -1 -1 -1 -1 -1
Evo 1.00 0.00 0.50 0.47 0.50 0.50 0.50 0.12 0.01 0.10 2.71 7.79 -1 81
Result 0 9.0 531 0.45 0.21 0.20 0.18 0.20 0.21 -1 -1 -1 -1 -1
Evo 1.01 0.00 0.50 0.46 0.50 0.50 0.50 0.14 0.01 0.25 0.89 3.31 -1 59
Result 0 2.0 131 0.50 0.26 0.20 0.24 0.09 0.21 -1 -1 -1 -1 -1
Evo 1.01 0.00 0.50 0.47 0.50 0.50 0.50 0.12 0.01 0.23 1.15 4.29 -1 58
Result 0 2.0 184 0.46 0.23 0.14 0.20 0.23 0.20 -1 -1 -1 -1 -1
Evo 1.01 0.00 0.50 0.41 0.50 0.50 0.50 0.19 0.02 0.34 0.68 2.57 -1 59
Result 0 3.0 87 0.39 0.26 0.10 0.14 0.30 0.20 -1 -1 -1 -1 -1
Evo 1.00 0.00 0.50 0.47 0.50 0.50 0.50 0.11 0.00 0.06 4.97 15.34 -1 119
Result 0 22.0 923 0.44 0.23 0.22 0.17 0.20 0.19 -1 -1 -1 -1 -1
Evo 1.00 0.00 0.50 0.46 0.50 0.50 0.50 0.13 0.01 0.24 2.54 9.58 -1 75
Result 0 20.0 381 0.46 0.24 0.18 0.20 0.16 0.21 -1 -1 -1 -1 -1
Evo 1.00 0.00 0.50 0.46 0.50 0.50 0.50 0.14 0.01 0.26 1.84 6.02 -1 111
Result 0 8.0 338 0.43 0.25 0.19 0.16 0.21 0.19 -1 -1 -1 -1 -1
Evo 1.00 0.00 0.50 0.48 0.50 0.50 0.50 0.10 0.01 0.16 1.47 4.76 -1 46
Result 0 3.0 352 0.43 0.21 0.20 0.17 0.23 0.20 -1 -1 -1 -1 -1
Evo 1.00 0.00 0.50 0.48 0.50 0.50 0.50 0.11 0.00 0.13 3.13 10.98 -1 87
Result 0 22.0 514 0.45 0.25 0.21 0.18 0.15 0.20 -1 -1 -1 -1 -1
Evo 1.00 0.00 0.50 0.47 0.50 0.50 0.50 0.11 0.01 0.05 1.95 6.98 -1 216
Result 0 38.0 306 0.45 0.27 0.18 0.18 0.16 0.21 -1 -1 -1 -1 -1
Evo 1.00 0.00 0.50 0.49 0.50 0.50 0.50 0.08 0.00 0.02 3.26 10.96 -1 345
Result 0 54.0 479 0.45 0.28 0.19 0.18 0.16 0.19 -1 -1 -1 -1 -1
Evo 1.01 0.00 0.50 0.46 0.50 0.50 0.50 0.13 0.01 0.11 0.69 2.40 -1 85
Result 0 13.0 98 0.48 0.29 0.17 0.22 0.19 0.12 -1 -1 -1 -1 -1
Evo 1.01 0.00 0.50 0.45 0.50 0.50 0.50 0.15 0.01 0.13 0.84 3.00 -1 111
Result 0 16.0 125 0.44 0.25 0.29 0.17 0.12 0.17 -1 -1 -1 -1 -1
Evo 1.01 0.00 0.50 0.42 0.50 0.50 0.50 0.18 0.02 0.14 0.46 2.04 -1 54
Result 0 13.0 72 0.39 0.27 0.15 0.14 0.27 0.16 -1 -1 -1 -1 -1
Evo 1.01 0.00 0.50 0.46 0.50 0.50 0.50 0.13 0.01 0.06 0.79 2.96 -1 99
Result 0 16.0 117 0.41 0.33 0.21 0.15 0.10 0.20 -1 -1 -1 -1 -1
Evo 1.00 0.00 0.50 0.48 0.50 0.50 0.50 0.09 0.00 0.01 4.10 13.85 -1 300
Result 0 54.0 718 0.46 0.24 0.19 0.19 0.19 0.18 -1 -1 -1 -1 -1
Evo 1.01 0.00 0.50 0.43 0.50 0.50 0.50 0.18 0.02 0.06 0.73 2.83 -1 89
Result 0 14.0 105 0.40 0.27 0.26 0.14 0.15 0.17 -1 -1 -1 -1 -1
Evo 1.00 0.00 0.50 0.48 0.50 0.50 0.50 0.09 0.00 0.04 2.49 9.62 -1 323
Result 0 56.0 359 0.40 0.31 0.17 0.14 0.21 0.18 -1 -1 -1 -1 -1
Evo 1.00 0.00 0.50 0.48 0.50 0.50 0.50 0.10 0.01 0.03 1.55 5.10 -1 112
Result 0 28.0 265 0.49 0.22 0.13 0.23 0.21 0.20 -1 -1 -1 -1 -1
Evo 1.00 0.00 0.50 0.49 0.50 0.50 0.50 0.07 0.00 0.05 2.51 8.38 -1 419
Result 0 46.0 477 0.47 0.24 0.16 0.20 0.20 0.20 -1 -1 -1 -1 -1
Evo 1.01 0.00 0.50 0.40 0.50 0.50 0.50 0.20 0.02 0.08 0.49 2.01 -1 56
Result 0 12.0 73 0.35 0.19 0.12 0.11 0.38 0.20 -1 -1 -1 -1 -1
Evo 1.01 0.00 0.50 0.47 0.50 0.50 0.50 0.12 0.01 0.13 0.56 2.35 -1 73
Result 0 15.0 78 0.33 0.28 0.10 0.10 0.37 0.15 -1 -1 -1 -1 -1
Evo 1.00 0.00 0.50 0.49 0.50 0.50 0.50 0.07 0.00 0.02 3.05 9.51 -1 40
Result 0 44.0 491 0.45 0.25 0.18 0.18 0.20 0.19 -1 -1 -1 -1 -1
Evo 1.00 0.00 0.50 0.49 0.50 0.50 0.50 0.08 0.00 0.17 3.29 11.52 -1 76
Result 0 48.0 588 0.46 0.23 0.19 0.19 0.22 0.17 -1 -1 -1 -1 -1
Evo 1.00 0.00 0.50 0.49 0.50 0.50 0.50 0.08 0.00 0.09 5.88 16.57 -1 109
Result 0 56.0 1010 0.44 0.25 0.18 0.18 0.20 0.19 -1 -1 -1 -1 -1
Evo 1.00 0.00 0.50 0.44 0.50 0.50 0.50 0.16 0.01 0.03 1.62 5.52 -1 108
Result 0 32.0 232 0.43 0.26 0.18 0.17 0.21 0.18 -1 -1 -1 -1 -1
Evo 1.01 0.00 0.50 0.42 0.50 0.50 0.50 0.18 0.02 0.07 0.58 2.44 -1 65
Result 0 12.0 85 0.43 0.28 0.16 0.16 0.19 0.21 -1 -1 -1 -1 -1
Evo 1.01 0.00 0.50 0.47 0.50 0.50 0.50 0.13 0.01 0.45 0.75 2.83 -1 106
Result 0 12.0 114 0.48 0.32 0.19 0.23 0.15 0.11 -1 -1 -1 -1 -1
Evo 1.00 0.00 0.50 0.49 0.50 0.50 0.50 0.08 0.00 0.01 2.66 6.58 -1 66
Result 0 25.0 991 0.46 0.22 0.20 0.19 0.20 0.18 -1 -1 -1 -1 -1
Evo 1.00 0.00 0.50 0.49 0.50 0.50 0.50 0.08 0.00 0.04 2.15 5.96 -1 254
Result 0 16.0 394 0.46 0.25 0.17 0.19 0.19 0.19 -1 -1 -1 -1 -1
Evo 1.00 0.00 0.50 0.47 0.50 0.50 0.50 0.11 0.01 0.05 1.42 4.02 -1 69
Result 0 14.0 291 0.47 0.21 0.23 0.21 0.21 0.15 -1 -1 -1 -1 -1
Evo 1.01 0.00 0.50 0.42 0.50 0.50 0.50 0.19 0.02 0.14 0.45 2.11 -1 34
Result 0 4.0 71 0.40 0.29 0.15 0.14 0.32 0.10 -1 -1 -1 -1 -1
Evo 1.01 0.00 0.50 0.38 0.50 0.50 0.50 0.22 0.02 0.18 0.55 2.15 -1 39
Result 0 9.0 78 0.36 0.24 0.14 0.11 0.25 0.25 -1 -1 -1 -1 -1
Evo 1.00 0.00 0.50 0.47 0.50 0.50 0.50 0.11 0.01 0.02 2.29 8.11 -1 246
Result 0 28.0 388 0.42 0.29 0.18 0.15 0.17 0.21 -1 -1 -1 -1 -1
Evo 1.00 0.00 0.50 0.49 0.50 0.50 0.50 0.08 0.00 0.03 3.41 10.18 -1 65
Result 0 28.0 629 0.46 0.23 0.20 0.20 0.20 0.18 -1 -1 -1 -1 -1
Evo 1.00 0.00 0.50 0.48 0.50 0.50 0.50 0.09 0.00 0.02 1.95 5.39 -1 43
Result 0 16.0 344 0.47 0.18 0.25 0.20 0.21 0.16 -1 -1 -1 -1 -1
Evo 1.02 0.00 0.50 0.37 0.00 0.50 0.50 0.22 0.03 0.27 0.39 1.32 -1 37
Result 0 2.0 57 0.47 0.28 0.14 0.21 0.24 0.14 -1 -1 -1 -1 -1
Evo 1.00 0.00 0.50 0.48 0.50 0.50 0.50 0.11 0.01 0.05 2.05 6.90 -1 31
Result 0 24.0 324 0.49 0.21 0.17 0.23 0.22 0.16 -1 -1 -1 -1 -1
Evo 1.01 0.00 0.50 0.46 0.50 0.50 0.50 0.13 0.02 0.09 0.47 1.86 -1 62
Result 0 6.0 67 0.43 0.24 0.15 0.16 0.29 0.16 -1 -1 -1 -1 -1
Evo 1.01 0.00 0.50 0.44 0.50 0.50 0.50 0.16 0.02 0.10 0.76 2.68 -1 90
Result 0 9.0 112 0.37 0.29 0.20 0.12 0.20 0.18 -1 -1 -1 -1 -1
Evo 1.00 0.00 0.50 0.48 0.50 0.50 0.50 0.10 0.00 0.02 2.75 7.98 -1 131
Result 0 26.0 481 0.47 0.23 0.18 0.21 0.20 0.18 -1 -1 -1 -1 -1
Evo 1.00 0.00 0.50 0.49 0.50 0.50 0.50 0.08 0.00 0.01 7.95 14.91 -1 165
Result 0 38.0 2000 0.45 0.21 0.20 0.19 0.21 0.19 -1 -1 -1 -1 -1
Evo 1.00 0.00 0.50 0.48 0.50 0.50 0.50 0.10 0.00 0.04 2.35 7.22 -1 249
Result 0 18.0 427 0.46 0.23 0.17 0.20 0.22 0.18 -1 -1 -1 -1 -1
Evo 1.00 0.00 0.50 0.49 0.50 0.50 0.50 0.07 0.00 0.02 2.29 5.96 -1 463
Result 0 17.0 491 0.47 0.21 0.18 0.21 0.21 0.19 -1 -1 -1 -1 -1
Evo 1.00 0.00 0.50 0.48 0.50 0.50 0.50 0.09 0.00 0.02 2.29 6.55 -1 46
Result 0 18.0 381 0.45 0.26 0.19 0.19 0.17 0.19 -1 -1 -1 -1 -1
Evo 1.00 0.00 0.50 0.48 0.50 0.50 0.50 0.09 0.00 0.02 5.11 12.56 -1 80
Result 0 30.0 1031 0.45 0.24 0.19 0.19 0.18 0.20 -1 -1 -1 -1 -1
Evo 1.00 0.00 0.50 0.47 0.50 0.50 0.50 0.12 0.01 0.03 1.76 5.74 -1 59
Result 0 16.0 316 0.46 0.27 0.17 0.20 0.21 0.15 -1 -1 -1 -1 -1
Evo 1.00 0.00 0.50 0.48 0.50 0.50 0.50 0.10 0.00 0.04 1.85 5.41 -1 103
Result 0 16.0 400 0.45 0.19 0.18 0.19 0.20 0.23 -1 -1 -1 -1 -1
Evo 1.00 0.00 0.50 0.49 0.50 0.50 0.50 0.08 0.00 0.04 2.16 6.53 -1 164
Result 0 16.0 432 0.45 0.22 0.23 0.18 0.18 0.19 -1 -1 -1 -1 -1
