Evo 1.00 0.00 1.00 0.20 0.00 0.00 0.00 0.40 0.01 0.04 0.13 0.17 -1 1747
Result 0 10.0 2000 0.43 0.17 0.17 0.17 0.16 0.17 0.15 -1 -1 -1 -1
Evo 1.00 0.00 1.00 0.99 1.00 1.00 1.00 0.09 0.00 0.32 0.12 0.16 -1 1760
Result 0 10.0 2000 0.43 0.17 0.17 0.15 0.18 0.16 0.17 -1 -1 -1 -1
Evo 1.00 0.00 1.00 0.99 1.00 1.00 1.00 0.08 0.00 0.08 0.09 0.13 -1 1804
Result 0 7.0 2000 0.42 0.17 0.16 0.18 0.16 0.18 0.16 -1 -1 -1 -1
Evo 1.00 0.00 1.00 1.00 1.00 1.00 1.00 0.06 0.00 0.01 0.05 0.07 -1 1993
Result 0 0.0 2000 0.42 0.18 0.16 0.18 0.16 0.17 0.16 -1 -1 -1 -1
Evo 1.00 0.00 1.00 0.99 1.00 1.00 1.00 0.08 0.00 0.01 0.09 0.14 -1 1711
Result 0 11.0 2000 0.42 0.16 0.16 0.17 0.17 0.18 0.16 -1 -1 -1 -1
Evo 1.00 0.00 1.00 1.00 1.00 1.00 1.00 0.06 0.00 0.01 0.03 0.04 -1 1993
Result 0 0.0 2000 0.43 0.16 0.17 0.15 0.16 0.17 0.18 -1 -1 -1 -1
Evo 1.00 0.00 1.00 0.98 1.00 1.00 1.00 0.13 0.00 0.06 0.17 0.25 -1 613
Result 0 20.0 2000 0.44 0.17 0.17 0.15 0.19 0.14 0.18 -1 -1 -1 -1
Evo 1.00 0.00 1.00 1.00 1.00 1.00 1.00 0.06 0.00 0.01 0.04 0.06 -1 1993
Result 0 0.0 2000 0.42 0.16 0.16 0.17 0.19 0.16 0.16 -1 -1 -1 -1
Evo 1.00 0.00 1.00 0.99 1.00 1.00 1.00 0.10 0.00 0.04 0.09 0.11 -1 1473
Result 0 11.0 2000 0.45 0.18 0.18 0.16 0.15 0.17 0.16 -1 -1 -1 -1
Evo 1.00 0.00 1.00 0.99 1.00 1.00 1.00 0.11 0.00 0.04 0.14 0.18 -1 349
Result 0 11.0 2000 0.44 0.18 0.18 0.15 0.17 0.16 0.16 -1 -1 -1 -1
Evo 1.00 0.00 1.00 0.99 1.00 1.00 1.00 0.07 0.00 0.01 0.08 0.11 -1 1778
Result 0 5.0 2000 0.42 0.18 0.16 0.16 0.16 0.16 0.18 -1 -1 -1 -1
Evo 1.00 0.00 1.00 1.00 1.00 1.00 1.00 0.06 0.00 0.11 0.07 0.10 -1 1993
Result 0 2.0 2000 0.44 0.17 0.16 0.16 0.17 0.16 0.17 -1 -1 -1 -1
Evo 1.00 0.00 1.00 1.00 1.00 1.00 1.00 0.06 0.00 0.01 0.07 0.09 -1 1993
Result 0 0.0 2000 0.40 0.17 0.14 0.16 0.18 0.18 0.16 -1 -1 -1 -1
Evo 1.00 0.00 1.00 1.00 1.00 1.00 1.00 0.06 0.00 0.01 0.04 0.05 -1 1993
Result 0 0.0 2000 0.43 0.17 0.16 0.17 0.18 0.15 0.16 -1 -1 -1 -1
Evo 1.00 0.00 1.00 1.00 1.00 1.00 1.00 0.06 0.00 0.01 0.04 0.05 -1 1993
Result 0 0.0 2000 0.43 0.16 0.17 0.16 0.17 0.18 0.16 -1 -1 -1 -1
Evo 1.00 0.00 1.00 1.00 1.00 1.00 1.00 0.06 0.00 0.01 0.04 0.05 -1 1993
Result 0 0.0 2000 0.42 0.16 0.17 0.17 0.17 0.18 0.16 -1 -1 -1 -1
Evo 1.00 0.00 1.00 1.00 1.00 1.00 1.00 0.06 0.00 0.01 0.04 0.04 -1 1993
Result 0 0.0 2000 0.43 0.17 0.19 0.15 0.17 0.16 0.16 -1 -1 -1 -1
Evo 1.00 0.00 1.00 1.00 1.00 1.00 1.00 0.06 0.00 0.01 0.04 0.05 -1 1993
Result 0 0.0 2000 0.42 0.16 0.16 0.17 0.16 0.16 0.19 -1 -1 -1 -1
Evo 1.00 0.00 1.00 0.99 1.00 1.00 1.00 0.11 0.00 0.10 0.17 0.25 -1 759
Result 0 20.0 2000 0.42 0.17 0.15 0.18 0.18 0.15 0.16 -1 -1 -1 -1
Evo 1.00 0.00 1.00 0.99 1.00 1.00 1.00 0.09 0.00 0.09 0.08 0.12 -1 1822
Result 0 5.0 2000 0.43 0.17 0.16 0.18 0.16 0.16 0.16 -1 -1 -1 -1
Evo 1.00 0.00 1.00 0.99 1.00 1.00 1.00 0.07 0.00 0.11 0.15 0.25 -1 1487
Result 0 20.0 2000 0.43 0.17 0.16 0.17 0.16 0.18 0.16 -1 -1 -1 -1
Evo 1.00 0.00 1.00 0.99 1.00 1.00 1.00 0.08 0.00 0.01 0.14 0.21 -1 1603
Result 0 18.0 2000 0.44 0.18 0.16 0.16 0.18 0.16 0.16 -1 -1 -1 -1
Evo 1.00 0.00 1.00 0.99 1.00 1.00 1.00 0.12 0.00 0.03 0.20 0.31 -1 369
Result 0 28.0 2000 0.43 0.16 0.16 0.17 0.16 0.17 0.17 -1 -1 -1 -1
Evo 1.00 0.00 1.00 1.00 1.00 1.00 1.00 0.06 0.00 0.01 0.03 0.04 -1 1993
Result 0 0.0 2000 0.43 0.16 0.17 0.16 0.16 0.18 0.17 -1 -1 -1 -1
Evo 1.00 0.00 1.00 0.98 1.00 1.00 1.00 0.13 0.00 0.05 0.18 0.24 -1 923
Result 0 20.0 2000 0.44 0.17 0.15 0.16 0.17 0.18 0.17 -1 -1 -1 -1
Evo 1.00 0.00 1.00 0.99 1.00 1.00 1.00 0.07 0.00 0.23 0.07 0.09 -1 592
Result 0 7.0 2000 0.43 0.17 0.17 0.17 0.16 0.17 0.16 -1 -1 -1 -1
Evo 1.00 0.00 1.00 0.99 1.00 1.00 1.00 0.10 0.00 0.22 0.13 0.21 -1 1499
Result 0 19.0 2000 0.44 0.16 0.17 0.17 0.15 0.18 0.17 -1 -1 -1 -1
Evo 1.00 0.00 1.00 0.98 1.00 1.00 1.00 0.13 0.00 0.13 0.18 0.24 -1 1086
Result 0 20.0 2000 0.45 0.19 0.15 0.18 0.16 0.17 0.16 -1 -1 -1 -1
Evo 1.00 0.00 1.00 1.00 1.00 1.00 1.00 0.06 0.00 0.01 0.05 0.05 -1 1993
Result 0 0.0 2000 0.43 0.17 0.16 0.17 0.18 0.16 0.17 -1 -1 -1 -1
Evo 1.00 0.00 1.00 1.00 1.00 1.00 1.00 0.06 0.00 0.01 0.03 0.03 -1 1993
Result 0 0.0 2000 0.44 0.17 0.17 0.17 0.15 0.17 0.17 -1 -1 -1 -1
Evo 1.00 0.00 1.00 1.00 1.00 1.00 1.00 0.06 0.00 0.01 0.03 0.03 -1 1993
Result 0 0.0 2000 0.44 0.17 0.17 0.15 0.17 0.17 0.16 -1 -1 -1 -1
Evo 1.00 0.00 1.00 1.00 1.00 1.00 1.00 0.06 0.00 0.01 0.03 0.04 -1 1993
Result 0 0.0 2000 0.43 0.17 0.16 0.15 0.18 0.18 0.16 -1 -1 -1 -1
Evo 1.00 0.00 1.00 1.00 1.00 1.00 1.00 0.06 0.00 0.01 0.05 0.05 -1 1993
Result 0 0.0 2000 0.45 0.16 0.19 0.16 0.17 0.16 0.17 -1 -1 -1 -1
Evo 1.00 0.00 1.00 0.99 1.00 1.00 1.00 0.11 0.00 0.07 0.17 0.25 -1 411
Result 0 20.0 2000 0.42 0.16 0.17 0.15 0.17 0.17 0.18 -1 -1 -1 -1
Evo 1.00 0.00 1.00 0.99 1.00 1.00 1.00 0.08 0.00 0.52 0.07 0.08 -1 619
Result 0 1.0 2000 0.42 0.17 0.16 0.17 0.19 0.16 0.16 -1 -1 -1 -1
Evo 1.00 0.00 1.00 0.99 1.00 1.00 1.00 0.09 0.00 0.03 0.11 0.17 -1 1418
Result 0 14.0 2000 0.43 0.17 0.17 0.15 0.16 0.17 0.18 -1 -1 -1 -1
Evo 1.00 0.00 1.00 0.98 1.00 1.00 1.00 0.12 0.00 0.02 0.22 0.33 -1 286
Result 0 29.0 2000 0.44 0.16 0.17 0.16 0.16 0.17 0.17 -1 -1 -1 -1
Evo 1.00 0.00 1.00 1.00 1.00 1.00 1.00 0.06 0.00 0.01 0.03 0.04 -1 1993
Result 0 0.0 2000 0.43 0.17 0.17 0.17 0.17 0.17 0.15 -1 -1 -1 -1
Evo 1.00 0.00 1.00 0.99 1.00 1.00 1.00 0.11 0.00 0.08 0.22 0.34 -1 810
Result 0 27.0 2000 0.43 0.16 0.16 0.17 0.17 0.16 0.18 -1 -1 -1 -1
Evo 1.00 0.00 1.00 1.00 1.00 1.00 1.00 0.06 0.00 0.01 0.04 0.05 -1 1993
Result 0 0.0 2000 0.42 0.16 0.16 0.16 0.19 0.18 0.15 -1 -1 -1 -1
Evo 1.00 0.00 1.00 0.99 1.00 1.00 1.00 0.11 0.00 0.01 0.15 0.17 -1 630
Result 0 13.0 2000 0.44 0.15 0.18 0.16 0.18 0.17 0.16 -1 -1 -1 -1
Evo 1.00 0.00 1.00 1.00 1.00 1.00 1.00 0.06 0.00 0.01 0.04 0.05 -1 1993
Result 0 0.0 2000 0.46 0.19 0.16 0.16 0.17 0.16 0.16 -1 -1 -1 -1
Evo 1.00 0.00 1.00 1.00 1.00 1.00 1.00 0.06 0.00 0.01 0.04 0.05 -1 1993
Result 0 0.0 2000 0.41 0.15 0.18 0.17 0.17 0.16 0.17 -1 -1 -1 -1
Evo 1.00 0.00 1.00 0.99 1.00 1.00 1.00 0.11 0.00 0.04 0.14 0.18 -1 709
Result 0 11.0 2000 0.41 0.16 0.15 0.16 0.16 0.19 0.18 -1 -1 -1 -1
Evo 1.00 0.00 1.00 0.99 1.00 1.00 1.00 0.08 0.00 0.01 0.13 0.16 -1 812
Result 0 11.0 2000 0.44 0.17 0.17 0.16 0.16 0.18 0.16 -1 -1 -1 -1
Evo 1.00 0.00 1.00 0.99 1.00 1.00 1.00 0.07 0.00 0.04 0.15 0.17 -1 741
Result 0 15.0 2000 0.43 0.17 0.16 0.16 0.17 0.17 0.16 -1 -1 -1 -1
Evo 1.00 0.00 1.00 0.99 1.00 1.00 1.00 0.07 0.00 0.22 0.07 0.09 -1 1714
Result 0 4.0 2000 0.43 0.16 0.18 0.17 0.15 0.16 0.17 -1 -1 -1 -1
Evo 1.00 0.00 1.00 1.00 1.00 1.00 1.00 0.06 0.00 0.01 0.03 0.04 -1 1993
Result 0 0.0 2000 0.44 0.18 0.16 0.16 0.17 0.17 0.17 -1 -1 -1 -1
Evo 1.00 0.00 1.00 0.99 1.00 1.00 1.00 0.11 0.00 0.07 0.23 0.30 -1 846
Result 0 20.0 2000 0.44 0.17 0.16 0.17 0.17 0.16 0.17 -1 -1 -1 -1
Evo 1.00 0.00 1.00 0.99 1.00 1.00 1.00 0.07 0.00 0.03 0.13 0.17 -1 1171
Result 0 11.0 2000 0.43 0.15 0.17 0.17 0.17 0.17 0.17 -1 -1 -1 -1
Evo 1.00 0.00 1.00 1.00 1.00 1.00 1.00 0.06 0.00 0.01 0.02 0.03 -1 1993
Result 0 0.0 2000 0.45 0.18 0.16 0.15 0.18 0.16 0.17 -1 -1 -1 -1
Evo 1.00 0.00 1.00 1.00 1.00 1.00 1.00 0.06 0.00 0.01 0.02 0.03 -1 1993
Result 0 0.0 2000 0.44 0.17 0.17 0.15 0.18 0.17 0.16 -1 -1 -1 -1
Evo 1.00 0.00 1.00 0.99 1.00 1.00 1.00 0.09 0.00 0.03 0.15 0.20 -1 1230
Result 0 17.0 2000 0.43 0.17 0.16 0.17 0.17 0.17 0.16 -1 -1 -1 -1
Evo 1.00 0.00 1.00 1.00 1.00 1.00 1.00 0.06 0.00 0.01 0.04 0.05 -1 1993
Result 0 0.0 2000 0.41 0.15 0.17 0.17 0.16 0.18 0.17 -1 -1 -1 -1
Evo 1.00 0.00 1.00 0.99 1.00 1.00 1.00 0.09 0.00 0.07 0.11 0.15 -1 1378
Result 0 10.0 2000 0.44 0.17 0.15 0.16 0.17 0.17 0.17 -1 -1 -1 -1
Evo 1.00 0.00 1.00 1.00 1.00 1.00 1.00 0.06 0.00 0.01 0.04 0.04 -1 1993
Result 0 0.0 2000 0.42 0.18 0.16 0.17 0.17 0.18 0.14 -1 -1 -1 -1
Evo 1.00 0.00 1.00 1.00 1.00 1.00 1.00 0.06 0.00 0.01 0.05 0.06 -1 1993
Result 0 0.0 2000 0.42 0.15 0.17 0.18 0.17 0.16 0.17 -1 -1 -1 -1
Evo 1.00 0.00 1.00 1.00 1.00 1.00 1.00 0.06 0.00 0.01 0.04 0.04 -1 1993
Result 0 0.0 2000 0.43 0.17 0.16 0.18 0.16 0.17 0.16 -1 -1 -1 -1
Evo 1.00 0.00 1.00 1.00 1.00 1.00 1.00 0.06 0.00 0.01 0.03 0.04 -1 1993
Result 0 0.0 2000 0.43 0.17 0.16 0.18 0.17 0.15 0.17 -1 -1 -1 -1
Evo 1.00 0.00 1.00 1.00 1.00 1.00 1.00 0.06 0.00 0.01 0.04 0.04 -1 1993
Result 0 0.0 2000 0.42 0.17 0.15 0.16 0.17 0.16 0.19 -1 -1 -1 -1
Evo 1.00 0.00 1.00 0.98 1.00 1.00 1.00 0.12 0.00 0.03 0.15 0.22 -1 358
Result 0 20.0 2000 0.44 0.17 0.17 0.17 0.15 0.17 0.17 -1 -1 -1 -1
Evo 1.00 0.00 1.00 0.99 1.00 1.00 1.00 0.10 0.00 0.45 0.17 0.23 -1 713
Result 0 20.0 2000 0.44 0.17 0.16 0.18 0.17 0.15 0.17 -1 -1 -1 -1
Evo 1.00 0.00 1.00 0.98 1.00 1.00 1.00 0.13 0.00 0.51 0.18 0.23 -1 586
Result 0 20.0 2000 0.44 0.17 0.16 0.17 0.17 0.16 0.17 -1 -1 -1 -1
Evo 1.00 0.00 1.00 1.00 1.00 1.00 1.00 0.06 0.00 0.01 0.03 0.04 -1 1993
Result 0 0.0 2000 0.44 0.17 0.17 0.16 0.16 0.16 0.17 -1 -1 -1 -1
Evo 1.00 0.00 1.00 0.98 1.00 1.00 1.00 0.12 0.00 0.14 0.19 0.26 -1 721
Result 0 25.0 2000 0.42 0.18 0.16 0.17 0.16 0.16 0.17 -1 -1 -1 -1
Evo 1.00 0.00 1.00 1.00 1.00 1.00 1.00 0.06 0.00 0.01 0.03 0.03 -1 1993
Result 0 0.0 2000 0.44 0.16 0.17 0.18 0.16 0.16 0.17 -1 -1 -1 -1
Evo 1.00 0.00 1.00 1.00 1.00 1.00 1.00 0.06 0.00 0.01 0.03 0.04 -1 1993
Result 0 0.0 2000 0.43 0.16 0.17 0.17 0.15 0.18 0.17 -1 -1 -1 -1
Evo 1.00 0.00 1.00 0.99 1.00 1.00 1.00 0.07 0.00 0.09 0.08 0.10 -1 1595
Result 0 9.0 2000 0.45 0.17 0.19 0.16 0.14 0.17 0.17 -1 -1 -1 -1
Evo 1.00 0.00 1.00 0.99 1.00 1.00 1.00 0.07 0.00 0.02 0.10 0.16 -1 1804
Result 0 14.0 2000 0.42 0.16 0.16 0.17 0.17 0.17 0.17 -1 -1 -1 -1
Evo 1.00 0.00 1.00 0.99 1.00 1.00 1.00 0.10 0.00 0.27 0.15 0.22 -1 1159
Result 0 20.0 2000 0.43 0.16 0.17 0.17 0.17 0.16 0.18 -1 -1 -1 -1
Evo 1.00 0.00 1.00 0.99 1.00 1.00 1.00 0.09 0.00 0.08 0.11 0.17 -1 1771
Result 0 14.0 2000 0.43 0.17 0.18 0.16 0.17 0.17 0.16 -1 -1 -1 -1
Evo 1.00 0.00 1.00 1.00 1.00 1.00 1.00 0.06 0.00 0.01 0.03 0.04 -1 1993
Result 0 0.0 2000 0.43 0.16 0.16 0.16 0.17 0.17 0.17 -1 -1 -1 -1
Evo 1.00 0.00 1.00 0.98 1.00 1.00 1.00 0.14 0.00 0.04 0.20 0.24 -1 150
Result 0 20.0 2000 0.41 0.15 0.15 0.17 0.17 0.17 0.18 -1 -1 -1 -1
Evo 1.00 0.00 1.00 0.98 1.00 1.00 1.00 0.13 0.00 0.01 0.17 0.24 -1 490
Result 0 20.0 2000 0.42 0.16 0.16 0.17 0.16 0.16 0.19 -1 -1 -1 -1
Evo 1.00 0.00 1.00 0.99 1.00 1.00 1.00 0.10 0.00 0.03 0.08 0.10 -1 998
Result 0 13.0 2000 0.43 0.17 0.17 0.16 0.16 0.18 0.17 -1 -1 -1 -1
Evo 1.00 0.00 1.00 1.00 1.00 1.00 1.00 0.06 0.00 0.01 0.03 0.04 -1 1993
Result 0 0.0 2000 0.43 0.16 0.17 0.16 0.16 0.15 0.19 -1 -1 -1 -1
Evo 1.00 0.00 1.00 0.99 1.00 1.00 1.00 0.07 0.00 0.05 0.06 0.08 -1 1096
Result 0 7.0 2000 0.42 0.15 0.15 0.17 0.17 0.17 0.18 -1 -1 -1 -1
Evo 1.00 0.00 1.00 1.00 1.00 1.00 1.00 0.07 0.00 0.01 0.06 0.08 -1 1403
Result 0 7.0 2000 0.44 0.15 0.17 0.16 0.17 0.16 0.17 -1 -1 -1 -1
Evo 1.00 0.00 1.00 0.99 1.00 1.00 1.00 0.08 0.00 0.42 0.17 0.28 -1 477
Result 0 20.0 2000 0.42 0.16 0.15 0.17 0.17 0.17 0.17 -1 -1 -1 -1
Evo 1.00 0.00 1.00 1.00 1.00 1.00 1.00 0.06 0.00 0.01 0.03 0.04 -1 1993
Result 0 0.0 2000 0.42 0.17 0.15 0.17 0.17 0.17 0.15 -1 -1 -1 -1
Evo 1.00 0.00 1.00 1.00 1.00 1.00 1.00 0.06 0.00 0.04 0.10 0.14 -1 515
Result 0 8.0 2000 0.42 0.17 0.16 0.17 0.16 0.18 0.17 -1 -1 -1 -1
Evo 1.00 0.00 1.00 0.98 1.00 1.00 1.00 0.14 0.00 0.02 0.13 0.16 -1 347
Result 0 14.0 2000 0.41 0.15 0.17 0.16 0.18 0.18 0.17 -1 -1 -1 -1
Evo 1.00 0.00 1.00 0.98 1.00 1.00 1.00 0.13 0.00 0.50 0.13 0.17 -1 123
Result 0 14.0 2000 0.45 0.17 0.19 0.16 0.14 0.17 0.16 -1 -1 -1 -1
Evo 1.00 0.00 1.00 1.00 1.00 1.00 1.00 0.07 0.00 0.01 0.14 0.19 -1 1939
Result 0 12.0 2000 0.43 0.17 0.18 0.17 0.17 0.16 0.16 -1 -1 -1 -1
Evo 1.00 0.00 1.00 0.99 1.00 1.00 1.00 0.12 0.00 0.03 0.13 0.17 -1 252
Result 0 8.0 2000 0.43 0.17 0.15 0.18 0.17 0.16 0.17 -1 -1 -1 -1
Evo 1.00 0.00 1.00 0.99 1.00 1.00 1.00 0.11 0.00 0.02 0.08 0.15 -1 1519
Result 0 13.0 2000 0.43 0.16 0.17 0.17 0.18 0.16 0.16 -1 -1 -1 -1
Evo 1.00 0.00 1.00 0.99 1.00 1.00 1.00 0.07 0.00 0.22 0.11 0.16 -1 329
Result 0 12.0 2000 0.45 0.19 0.17 0.16 0.16 0.16 0.17 -1 -1 -1 -1
Evo 1.00 0.00 1.00 0.99 1.00 1.00 1.00 0.10 0.00 0.02 0.11 0.15 -1 300
Result 0 14.0 2000 0.45 0.15 0.19 0.15 0.16 0.16 0.19 -1 -1 -1 -1
Evo 1.00 0.00 1.00 0.99 1.00 1.00 1.00 0.10 0.00 0.08 0.10 0.14 -1 133
Result 0 14.0 2000 0.44 0.17 0.18 0.14 0.16 0.17 0.17 -1 -1 -1 -1
Evo 1.00 0.00 1.00 0.99 1.00 1.00 1.00 0.11 0.00 0.06 0.13 0.17 -1 501
Result 0 14.0 2000 0.43 0.17 0.18 0.15 0.17 0.17 0.16 -1 -1 -1 -1
Evo 1.00 0.00 1.00 0.99 1.00 1.00 1.00 0.11 0.00 0.01 0.11 0.16 -1 318
Result 0 14.0 2000 0.44 0.17 0.18 0.15 0.15 0.19 0.17 -1 -1 -1 -1
Evo 1.00 0.00 1.00 0.99 1.00 1.00 1.00 0.10 0.00 0.52 0.14 0.20 -1 70
Result 0 13.0 2000 0.44 0.18 0.18 0.15 0.16 0.16 0.17 -1 -1 -1 -1
Evo 1.00 0.00 1.00 1.00 1.00 1.00 1.00 0.06 0.00 0.01 0.09 0.11 -1 460
Result 0 6.0 2000 0.43 0.16 0.16 0.17 0.17 0.17 0.17 -1 -1 -1 -1
Evo 1.00 0.00 1.00 0.99 1.00 1.00 1.00 0.07 0.00 0.53 0.14 0.19 -1 258
Result 0 19.0 2000 0.42 0.16 0.16 0.16 0.16 0.18 0.17 -1 -1 -1 -1
Evo 1.00 0.00 1.00 0.99 1.00 1.00 1.00 0.12 0.00 0.01 0.10 0.16 -1 1282
Result 0 14.0 2000 0.44 0.18 0.17 0.15 0.17 0.17 0.17 -1 -1 -1 -1
Evo 1.00 0.00 1.00 0.99 1.00 1.00 1.00 0.11 0.00 0.09 0.14 0.22 -1 1268
Result 0 22.0 2000 0.44 0.17 0.17 0.14 0.16 0.18 0.18 -1 -1 -1 -1
Evo 1.00 0.00 1.00 0.99 1.00 1.00 1.00 0.07 0.00 0.04 0.08 0.13 -1 456
Result 0 13.0 2000 0.42 0.16 0.17 0.17 0.18 0.16 0.17 -1 -1 -1 -1
Evo 1.00 0.00 1.00 0.99 1.00 1.00 1.00 0.09 0.00 0.01 0.14 0.17 -1 148
Result 0 6.0 2000 0.43 0.18 0.17 0.18 0.15 0.17 0.16 -1 -1 -1 -1
Evo 1.00 0.00 1.00 1.00 1.00 1.00 1.00 0.06 0.00 0.01 0.08 0.10 -1 1993
Result 0 6.0 2000 0.43 0.18 0.17 0.17 0.17 0.15 0.17 -1 -1 -1 -1
Evo 1.00 0.00 1.00 0.99 1.00 1.00 1.00 0.08 0.00 0.37 0.17 0.25 -1 1709
Result 0 16.0 2000 0.42 0.16 0.17 0.16 0.16 0.18 0.17 -1 -1 -1 -1
