Evo 74.46 -1000000.09 0.67 -113665.05 0.65 0.65 0.65 309669.69 13698.98 0.02 0.23 0.26 -1 -1
Result 0 0.0 510 0.47 0.19 0.23 0.19 0.18 0.21 -1 -1 -1 -1 -1
Evo 87.26 -1000000.13 0.67 -174824.55 0.65 0.65 0.65 380483.33 22498.45 0.03 0.05 0.07 -1 -1
Result 0 0.0 285 0.48 0.23 0.18 0.19 0.18 0.22 -1 -1 -1 -1 -1
Evo 83.01 -999999.90 0.67 -175083.53 0.65 0.65 0.65 380389.05 22492.88 0.03 0.04 0.06 -1 -1
Result 0 0.0 285 0.46 0.19 0.21 0.16 0.24 0.19 -1 -1 -1 -1 -1
Evo 74.74 -999999.93 0.67 -113981.79 0.65 0.65 0.65 310362.40 13729.62 0.02 0.26 0.28 -1 -1
Result 0 0.0 510 0.47 0.21 0.19 0.19 0.20 0.21 -1 -1 -1 -1 -1
Evo 83.02 -1000000.17 0.67 -173568.10 0.65 0.65 0.65 377819.10 22340.91 0.03 0.06 0.10 -1 -1
Result 0 0.0 285 0.51 0.17 0.23 0.20 0.14 0.27 -1 -1 -1 -1 -1
Evo 87.03 -1000000.05 0.67 -174690.06 0.65 0.65 0.65 380197.32 22481.54 0.03 0.05 0.06 -1 -1
Result 0 0.0 285 0.46 0.23 0.20 0.17 0.19 0.20 -1 -1 -1 -1 -1
Evo 63.60 -1000000.08 40.67 -59689.02 0.65 0.65 40.65 228708.54 6641.10 0.01 0.18 0.21 -1 -1
Result 0 40.0 1185 0.46 0.18 0.21 0.22 0.19 0.19 -1 -1 -1 -1 -1
Evo 63.24 -1000000.17 40.67 -56665.91 0.65 0.65 40.65 222865.47 6471.43 0.01 0.14 0.16 -1 -1
Result 0 40.0 1185 0.45 0.21 0.19 0.21 0.20 0.19 -1 -1 -1 -1 -1
Evo 63.30 -1000000.33 40.67 -69484.13 0.65 0.65 40.65 239798.65 6963.13 0.01 0.16 0.19 -1 -1
Result 0 40.0 1185 0.45 0.20 0.20 0.22 0.19 0.19 -1 -1 -1 -1 -1
Evo 72.33 -999999.94 0.67 -96738.05 0.65 0.65 0.65 294332.17 13020.49 0.02 0.15 0.18 -1 -1
Result 0 0.0 510 0.45 0.19 0.24 0.21 0.18 0.18 -1 -1 -1 -1 -1
Evo 76.84 -1000000.11 0.67 -97708.09 0.65 0.65 0.65 296987.35 13137.95 0.02 0.21 0.24 -1 -1
Result 0 0.0 510 0.45 0.17 0.21 0.22 0.22 0.18 -1 -1 -1 -1 -1
Evo 69.22 -1000000.25 0.67 -67571.94 0.65 0.65 0.65 250496.51 9233.42 0.01 0.20 0.23 -1 -1
Result 0 0.0 735 0.47 0.19 0.22 0.20 0.19 0.20 -1 -1 -1 -1 -1
Evo 67.72 -1000000.07 0.67 -127393.78 0.65 0.65 0.65 312236.43 11509.19 0.01 0.26 0.28 -1 -1
Result 0 0.0 735 0.46 0.18 0.21 0.21 0.19 0.20 -1 -1 -1 -1 -1
Evo 63.09 -1000000.10 40.67 -59194.45 0.65 0.65 40.65 231219.29 6714.01 0.01 0.16 0.18 -1 -1
Result 0 40.0 1185 0.45 0.21 0.20 0.20 0.21 0.18 -1 -1 -1 -1 -1
Evo 70.45 -1000000.11 0.67 -74399.05 0.65 0.65 0.65 257436.00 9489.22 0.01 0.18 0.20 -1 -1
Result 0 0.0 735 0.45 0.23 0.22 0.19 0.17 0.18 -1 -1 -1 -1 -1
Evo 87.75 -1000000.21 0.67 -174468.07 0.65 0.65 0.65 379731.25 22453.98 0.03 0.05 0.13 -1 -1
Result 0 0.0 285 0.48 0.20 0.18 0.19 0.21 0.22 -1 -1 -1 -1 -1
Evo 63.00 -1000000.24 40.67 -60225.83 0.65 0.65 40.65 228560.81 6636.81 0.01 0.17 0.19 -1 -1
Result 0 40.0 1185 0.46 0.19 0.20 0.22 0.19 0.19 -1 -1 -1 -1 -1
Evo 87.49 -1000000.13 0.67 -174824.53 0.65 0.65 0.65 380483.30 22498.45 0.03 0.16 0.22 -1 -1
Result 0 0.0 285 0.48 0.17 0.20 0.23 0.18 0.22 -1 -1 -1 -1 -1
Evo 87.90 -1000000.13 0.67 -173785.53 0.65 0.65 0.65 378431.62 22377.13 0.03 0.05 0.14 -1 -1
Result 0 0.0 285 0.45 0.23 0.21 0.16 0.20 0.19 -1 -1 -1 -1 -1
Evo 63.53 -1000000.18 40.67 -60555.88 0.65 0.65 40.65 233137.41 6769.70 0.01 0.19 0.22 -1 -1
Result 0 40.0 1185 0.47 0.20 0.21 0.20 0.18 0.21 -1 -1 -1 -1 -1
Evo 62.03 -1000000.17 40.67 -64558.58 0.65 0.65 40.65 236233.16 6859.60 0.01 0.15 0.22 -1 -1
Result 0 40.0 1185 0.46 0.19 0.19 0.23 0.19 0.20 -1 -1 -1 -1 -1
Evo 53.95 0.65 1000000.09 38715.90 0.65 0.65 0.67 158698.28 10533.17 0.03 0.28 0.44 -1 -1
Result 1 100.0 226 0.44 0.17 0.21 0.20 0.24 0.18 -1 -1 -1 -1 -1
Evo 54.60 0.65 1000000.43 43230.80 0.65 0.65 0.65 180199.09 14812.27 0.05 0.27 0.44 -1 -1
Result 1 100.0 147 0.44 0.21 0.20 0.20 0.21 0.18 -1 -1 -1 -1 -1
Evo 87.76 -1000000.10 20833.73 -174688.12 0.65 0.65 0.65 380549.70 22502.38 0.03 0.21 0.30 -1 -1
Result 0 0.0 285 0.48 0.18 0.20 0.21 0.19 0.22 -1 -1 -1 -1 -1
Evo 70.59 -1000000.27 0.67 -95844.50 0.65 0.65 0.65 288936.50 10650.34 0.01 0.21 0.25 -1 -1
Result 0 0.0 735 0.47 0.18 0.20 0.21 0.20 0.20 -1 -1 -1 -1 -1
Evo 59.91 -1000000.04 40.67 -66832.67 0.65 0.65 40.65 244897.99 7111.20 0.01 0.21 0.25 -1 -1
Result 0 40.0 1185 0.46 0.20 0.19 0.20 0.22 0.20 -1 -1 -1 -1 -1
Evo 84.88 -1000000.11 504854.58 -170717.41 0.65 0.65 0.65 372994.15 22055.61 0.03 0.25 0.44 -1 -1
Result 0 0.0 285 0.43 0.23 0.19 0.21 0.21 0.17 -1 -1 -1 -1 -1
Evo 71.20 -1000000.35 62500.57 -67745.07 0.65 0.65 0.65 251457.89 9268.86 0.01 0.19 0.23 -1 -1
Result 0 0.0 735 0.45 0.24 0.18 0.21 0.18 0.18 -1 -1 -1 -1 -1
Evo 86.81 -1000000.05 0.67 -174824.55 0.65 0.65 0.65 380483.33 22498.45 0.03 0.17 0.25 -1 -1
Result 0 0.0 285 0.47 0.20 0.17 0.21 0.22 0.20 -1 -1 -1 -1 -1
Evo 81.85 -1000000.21 43478.78 -174061.83 0.65 0.65 0.65 380872.04 22521.44 0.03 0.19 0.35 -1 -1
Result 0 0.0 285 0.46 0.19 0.23 0.21 0.17 0.19 -1 -1 -1 -1 -1
Evo 63.03 -1000000.12 40.67 -57453.62 0.65 0.65 40.65 221734.04 6438.58 0.01 0.13 0.19 -1 -1
Result 0 40.0 1185 0.43 0.23 0.18 0.21 0.21 0.17 -1 -1 -1 -1 -1
Evo 90.70 -1000000.17 0.67 -179398.61 0.65 0.65 0.65 379714.07 22452.96 0.03 0.13 0.18 -1 -1
Result 0 0.0 285 0.47 0.22 0.17 0.18 0.21 0.21 -1 -1 -1 -1 -1
Evo 50.40 0.65 999999.60 49198.01 0.65 0.65 0.67 174262.10 11857.03 0.04 0.34 0.43 -1 -1
Result 1 100.0 215 0.46 0.15 0.19 0.21 0.26 0.19 -1 -1 -1 -1 -1
Evo 89.75 -1000000.12 0.67 -175100.58 0.65 0.65 0.65 380384.66 22492.62 0.03 0.13 0.20 -1 -1
Result 0 0.0 285 0.47 0.23 0.21 0.20 0.17 0.20 -1 -1 -1 -1 -1
Evo 47.50 0.65 999999.83 118867.38 0.65 0.65 33333.82 282751.30 29009.67 0.07 0.24 0.42 -1 -1
Result 1 100.0 94 0.39 0.16 0.25 0.21 0.24 0.14 -1 -1 -1 -1 -1
Evo 83.15 -1000000.03 0.67 -174824.53 0.65 0.65 0.65 380483.29 22498.45 0.03 0.14 0.20 -1 -1
Result 0 0.0 285 0.47 0.20 0.22 0.19 0.20 0.20 -1 -1 -1 -1 -1
Evo 88.44 -1000000.13 52632.12 -174075.66 0.65 0.65 0.65 380345.99 22490.33 0.03 0.20 0.28 -1 -1
Result 0 0.0 285 0.44 0.22 0.25 0.21 0.15 0.17 -1 -1 -1 -1 -1
Evo 51.66 0.65 999999.90 60419.07 0.65 0.65 0.67 205156.39 14434.75 0.04 0.28 0.44 -1 -1
Result 1 100.0 201 0.42 0.16 0.22 0.22 0.25 0.16 -1 -1 -1 -1 -1
Evo 70.07 -999999.95 0.67 -67877.52 0.65 0.65 0.65 251599.87 9274.09 0.01 0.17 0.23 -1 -1
Result 0 0.0 735 0.44 0.20 0.22 0.19 0.21 0.18 -1 -1 -1 -1 -1
Evo 54.10 -892856.66 1000000.54 22521.60 0.65 0.65 0.67 177688.97 11171.21 0.03 0.29 0.42 -1 -1
Result 1 100.0 252 0.46 0.15 0.20 0.25 0.21 0.20 -1 -1 -1 -1 -1
Evo 81.92 -1000000.17 0.67 -175800.81 0.65 0.65 0.65 377988.69 22350.94 0.03 0.09 0.18 -1 -1
Result 0 0.0 285 0.48 0.19 0.20 0.20 0.19 0.22 -1 -1 -1 -1 -1
Evo 91.51 -1000000.07 0.67 -174824.53 0.65 0.65 0.65 380483.30 22498.45 0.03 0.08 0.12 -1 -1
Result 0 0.0 285 0.47 0.20 0.17 0.26 0.17 0.20 -1 -1 -1 -1 -1
Evo 87.40 -1000000.19 0.67 -174824.54 0.65 0.65 0.65 380483.32 22498.45 0.03 0.07 0.11 -1 -1
Result 0 0.0 285 0.42 0.23 0.22 0.23 0.16 0.16 -1 -1 -1 -1 -1
Evo 91.96 -1000000.29 0.67 -174824.54 0.65 0.65 0.65 380483.30 22498.45 0.03 0.06 0.11 -1 -1
Result 0 0.0 285 0.47 0.19 0.20 0.19 0.22 0.21 -1 -1 -1 -1 -1
Evo 54.71 -980392.02 999999.68 -16775.56 0.65 0.65 40.65 150370.35 4432.25 0.01 0.25 0.30 -1 -1
Result 1 140.0 1150 0.46 0.19 0.20 0.20 0.21 0.20 -1 -1 -1 -1 -1
Evo 85.03 -1000000.27 0.67 -174824.53 0.65 0.65 0.65 380483.30 22498.45 0.03 0.08 0.11 -1 -1
Result 0 0.0 285 0.51 0.14 0.21 0.19 0.19 0.26 -1 -1 -1 -1 -1
Evo 85.16 -1000000.07 0.67 -174824.53 0.65 0.65 0.65 380483.29 22498.45 0.03 0.10 0.14 -1 -1
Result 0 0.0 285 0.46 0.21 0.20 0.18 0.22 0.19 -1 -1 -1 -1 -1
Evo 43.17 0.65 1000000.21 149821.06 0.65 0.65 90909.58 294055.15 25031.64 0.05 0.12 0.16 -1 -1
Result 1 100.0 137 0.44 0.22 0.22 0.24 0.15 0.17 -1 -1 -1 -1 -1
Evo 84.28 -1000000.24 35714.77 -174038.83 0.65 0.65 0.65 379591.42 22445.71 0.03 0.08 0.16 -1 -1
Result 0 0.0 285 0.50 0.17 0.19 0.19 0.20 0.24 -1 -1 -1 -1 -1
Evo 48.83 -90908.69 1000000.31 101921.05 0.65 0.65 0.67 238752.32 17412.80 0.04 0.13 0.16 -1 -1
Result 1 100.0 187 0.48 0.20 0.23 0.17 0.19 0.21 -1 -1 -1 -1 -1
Evo 47.80 0.65 999999.96 62822.15 0.65 0.65 0.67 184023.61 14326.22 0.04 0.13 0.17 -1 -1
Result 1 100.0 164 0.47 0.20 0.22 0.19 0.18 0.21 -1 -1 -1 -1 -1
Evo 87.54 -1000000.00 0.67 -174187.74 0.65 0.65 0.65 379130.25 22418.44 0.03 0.06 0.10 -1 -1
Result 0 0.0 285 0.46 0.22 0.19 0.21 0.19 0.19 -1 -1 -1 -1 -1
Evo 46.85 -272726.81 1000000.45 64002.40 0.65 0.65 0.67 189443.27 14703.65 0.04 0.13 0.18 -1 -1
Result 1 100.0 165 0.51 0.19 0.22 0.17 0.14 0.27 -1 -1 -1 -1 -1
Evo 90.38 -999999.99 0.67 -174824.53 0.65 0.65 0.65 380483.28 22498.45 0.03 0.09 0.13 -1 -1
Result 0 0.0 285 0.45 0.20 0.22 0.16 0.24 0.18 -1 -1 -1 -1 -1
Evo 91.03 -1000000.11 0.67 -174824.54 0.65 0.65 0.65 380483.32 22498.45 0.03 0.03 0.08 -1 -1
Result 0 0.0 285 0.47 0.26 0.15 0.16 0.22 0.21 -1 -1 -1 -1 -1
Evo 90.57 -1000000.16 0.67 -174824.52 0.65 0.65 0.65 380483.27 22498.45 0.03 0.08 0.11 -1 -1
Result 0 0.0 285 0.44 0.17 0.20 0.23 0.22 0.18 -1 -1 -1 -1 -1
Evo 88.75 -1000000.23 0.67 -174824.53 0.65 0.65 0.65 380483.29 22498.45 0.03 0.05 0.08 -1 -1
Result 0 0.0 285 0.46 0.19 0.21 0.19 0.21 0.20 -1 -1 -1 -1 -1
Evo 47.52 -235293.69 1000000.11 98836.67 0.65 0.65 22222.64 262134.34 22154.40 0.05 0.13 0.15 -1 -1
Result 1 100.0 139 0.49 0.15 0.26 0.20 0.16 0.23 -1 -1 -1 -1 -1
Evo 90.21 -1000000.16 0.67 -174824.54 0.65 0.65 0.65 380483.31 22498.45 0.03 0.06 0.08 -1 -1
Result 0 0.0 285 0.48 0.19 0.23 0.19 0.18 0.22 -1 -1 -1 -1 -1
Evo 91.60 -1000000.08 0.67 -174824.55 0.65 0.65 0.65 380483.32 22498.45 0.03 0.09 0.13 -1 -1
Result 0 0.0 285 0.47 0.20 0.22 0.19 0.18 0.21 -1 -1 -1 -1 -1
Evo 88.67 -1000000.10 0.67 -174824.55 0.65 0.65 0.65 380483.34 22498.45 0.03 0.15 0.24 -1 -1
Result 0 0.0 285 0.44 0.19 0.22 0.19 0.22 0.17 -1 -1 -1 -1 -1
Evo 86.74 -1000000.13 0.67 -174767.23 0.65 0.65 0.65 380359.79 22491.15 0.03 0.05 0.10 -1 -1
Result 0 0.0 285 0.45 0.23 0.20 0.22 0.15 0.19 -1 -1 -1 -1 -1
Evo 66.91 -1000000.09 0.67 -107833.15 0.65 0.65 0.65 296448.86 10927.25 0.01 0.17 0.25 -1 -1
Result 0 0.0 735 0.48 0.20 0.20 0.18 0.21 0.21 -1 -1 -1 -1 -1
Evo 73.88 -1000000.16 0.67 -107376.62 0.65 0.65 0.65 301039.63 13317.21 0.02 0.18 0.25 -1 -1
Result 0 0.0 510 0.46 0.20 0.18 0.21 0.22 0.19 -1 -1 -1 -1 -1
Evo 70.21 -1000000.23 0.67 -71453.39 0.65 0.65 0.65 254746.04 9390.06 0.01 0.19 0.26 -1 -1
Result 0 0.0 735 0.48 0.19 0.20 0.18 0.21 0.22 -1 -1 -1 -1 -1
Evo 84.38 -999999.99 0.67 -194332.95 0.65 0.65 0.65 382584.67 22622.71 0.03 0.11 0.25 -1 -1
Result 0 0.0 285 0.46 0.25 0.20 0.19 0.17 0.19 -1 -1 -1 -1 -1
Evo 65.42 -1000000.30 40.67 -76808.66 0.65 0.65 40.65 263769.73 7659.19 0.01 0.21 0.29 -1 -1
Result 0 40.0 1185 0.46 0.21 0.18 0.20 0.21 0.19 -1 -1 -1 -1 -1
Evo 74.78 -1000000.33 0.67 -146034.24 0.65 0.65 0.65 343712.27 15204.94 0.02 0.22 0.28 -1 -1
Result 0 0.0 510 0.48 0.19 0.19 0.21 0.21 0.21 -1 -1 -1 -1 -1
Evo 74.19 -1000000.14 0.67 -131939.96 0.65 0.65 0.65 326917.93 14462.00 0.02 0.20 0.27 -1 -1
Result 0 0.0 510 0.45 0.18 0.18 0.24 0.22 0.18 -1 -1 -1 -1 -1
Evo 63.71 -999999.95 40.67 -81910.81 0.65 0.65 40.65 266324.60 7733.37 0.01 0.17 0.23 -1 -1
Result 0 40.0 1185 0.47 0.20 0.21 0.18 0.21 0.20 -1 -1 -1 -1 -1
Evo 89.83 -1000000.17 0.67 -174824.55 0.65 0.65 0.65 380483.33 22498.45 0.03 0.09 0.17 -1 -1
Result 0 0.0 285 0.47 0.18 0.19 0.22 0.21 0.21 -1 -1 -1 -1 -1
Evo 89.17 -1000000.21 0.67 -185073.74 0.65 0.65 0.65 383652.81 22685.87 0.03 0.09 0.17 -1 -1
Result 0 0.0 285 0.47 0.19 0.19 0.21 0.21 0.21 -1 -1 -1 -1 -1
Evo 76.56 -1000000.17 0.67 -97846.71 0.65 0.65 0.65 297399.33 13156.17 0.02 0.21 0.26 -1 -1
Result 0 0.0 510 0.46 0.20 0.19 0.21 0.20 0.20 -1 -1 -1 -1 -1
Evo 87.69 -1000000.22 0.67 -174824.55 0.65 0.65 0.65 380483.32 22498.45 0.03 0.05 0.10 -1 -1
Result 0 0.0 285 0.41 0.24 0.20 0.21 0.20 0.15 -1 -1 -1 -1 -1
Evo 65.09 -1000000.14 40.67 -85418.95 0.65 0.65 40.65 272886.18 7923.90 0.01 0.21 0.25 -1 -1
Result 0 40.0 1185 0.46 0.20 0.17 0.21 0.22 0.20 -1 -1 -1 -1 -1
Evo 85.95 -1000000.32 0.67 -174264.57 0.65 0.65 0.65 379287.86 22427.76 0.03 0.06 0.09 -1 -1
Result 0 0.0 285 0.49 0.25 0.19 0.17 0.16 0.23 -1 -1 -1 -1 -1
Evo 65.37 -1000000.07 40.67 -68107.70 0.65 0.65 40.65 248632.42 7219.64 0.01 0.18 0.26 -1 -1
Result 0 40.0 1185 0.47 0.19 0.20 0.19 0.21 0.21 -1 -1 -1 -1 -1
Evo 83.07 -1000000.27 0.67 -172792.97 0.65 0.65 0.65 376223.53 22246.56 0.03 0.07 0.12 -1 -1
Result 0 0.0 285 0.49 0.21 0.19 0.18 0.19 0.24 -1 -1 -1 -1 -1
Evo 85.02 -1000000.27 0.67 -174824.54 0.65 0.65 0.65 380483.30 22498.45 0.03 0.13 0.21 -1 -1
Result 0 0.0 285 0.44 0.20 0.23 0.19 0.21 0.17 -1 -1 -1 -1 -1
Evo 89.25 -1000000.13 0.67 -174824.54 0.65 0.65 0.65 380483.31 22498.45 0.03 0.08 0.14 -1 -1
Result 0 0.0 285 0.45 0.19 0.19 0.24 0.19 0.18 -1 -1 -1 -1 -1
Evo 87.81 -1000000.28 0.67 -174824.54 0.65 0.65 0.65 380483.33 22498.45 0.03 0.03 0.04 -1 -1
Result 0 0.0 285 0.46 0.20 0.23 0.20 0.17 0.20 -1 -1 -1 -1 -1
Evo 63.53 -1000000.04 40.67 -61320.32 0.65 0.65 40.65 236044.21 6854.11 0.01 0.18 0.21 -1 -1
Result 0 40.0 1185 0.46 0.21 0.18 0.22 0.20 0.20 -1 -1 -1 -1 -1
Evo 86.51 -1000000.16 0.67 -174592.73 0.65 0.65 0.65 379985.41 22469.01 0.03 0.08 0.12 -1 -1
Result 0 0.0 285 0.47 0.17 0.16 0.22 0.23 0.21 -1 -1 -1 -1 -1
Evo 90.46 -1000000.22 0.67 -174824.54 0.65 0.65 0.65 380483.31 22498.45 0.03 0.04 0.06 -1 -1
Result 0 0.0 285 0.48 0.23 0.18 0.22 0.15 0.22 -1 -1 -1 -1 -1
Evo 70.68 -1000000.12 0.67 -120766.31 0.65 0.65 0.65 317949.58 11719.78 0.01 0.20 0.24 -1 -1
Result 0 0.0 735 0.44 0.18 0.22 0.22 0.21 0.18 -1 -1 -1 -1 -1
Evo 85.04 -1000000.07 0.67 -174824.53 0.65 0.65 0.65 380483.30 22498.45 0.03 0.09 0.13 -1 -1
Result 0 0.0 285 0.45 0.22 0.16 0.18 0.24 0.19 -1 -1 -1 -1 -1
Evo 87.24 -1000000.26 0.67 -175816.51 0.65 0.65 0.65 380245.39 22484.38 0.03 0.04 0.05 -1 -1
Result 0 0.0 285 0.43 0.25 0.20 0.20 0.19 0.16 -1 -1 -1 -1 -1
Evo 89.95 -1000000.29 0.67 -174824.54 0.65 0.65 0.65 380483.32 22498.45 0.03 0.07 0.09 -1 -1
Result 0 0.0 285 0.47 0.21 0.17 0.17 0.24 0.20 -1 -1 -1 -1 -1
Evo 90.14 -1000000.29 0.67 -174824.55 0.65 0.65 0.65 380483.32 22498.45 0.03 0.04 0.06 -1 -1
Result 0 0.0 285 0.47 0.19 0.19 0.21 0.19 0.21 -1 -1 -1 -1 -1
Evo 89.20 -1000000.20 0.67 -174824.53 0.65 0.65 0.65 380483.30 22498.45 0.03 0.05 0.07 -1 -1
Result 0 0.0 285 0.47 0.17 0.19 0.21 0.22 0.21 -1 -1 -1 -1 -1
Evo 90.24 -1000000.17 0.67 -174824.53 0.65 0.65 0.65 380483.29 22498.45 0.03 0.06 0.08 -1 -1
Result 0 0.0 285 0.45 0.15 0.18 0.26 0.23 0.19 -1 -1 -1 -1 -1
Evo 85.78 -1000000.24 0.67 -174824.54 0.65 0.65 0.65 380483.32 22498.45 0.03 0.07 0.10 -1 -1
Result 0 0.0 285 0.49 0.19 0.19 0.19 0.21 0.23 -1 -1 -1 -1 -1
Evo 90.38 -1000000.27 0.67 -174824.54 0.65 0.65 0.65 380483.30 22498.45 0.03 0.03 0.04 -1 -1
Result 0 0.0 285 0.47 0.20 0.25 0.15 0.20 0.20 -1 -1 -1 -1 -1
Evo 87.53 -1000000.18 0.67 -175019.44 0.65 0.65 0.65 379700.84 22452.18 0.03 0.09 0.12 -1 -1
Result 0 0.0 285 0.40 0.21 0.22 0.21 0.22 0.14 -1 -1 -1 -1 -1
Evo 86.98 -1000000.25 0.67 -174824.54 0.65 0.65 0.65 380483.32 22498.45 0.03 0.07 0.09 -1 -1
Result 0 0.0 285 0.46 0.20 0.19 0.20 0.22 0.19 -1 -1 -1 -1 -1
Evo 87.26 -1000000.16 0.67 -174824.53 0.65 0.65 0.65 380483.29 22498.45 0.03 0.04 0.05 -1 -1
Result 0 0.0 285 0.44 0.22 0.22 0.19 0.19 0.18 -1 -1 -1 -1 -1
Evo 87.09 -1000000.26 0.67 -174824.54 0.65 0.65 0.65 380483.31 22498.45 0.03 0.05 0.07 -1 -1
Result 0 0.0 285 0.48 0.19 0.22 0.18 0.20 0.22 -1 -1 -1 -1 -1
Evo 68.07 -1000000.24 0.67 -113000.34 0.65 0.65 0.65 310253.00 11436.08 0.01 0.22 0.26 -1 -1
Result 0 0.0 735 0.45 0.22 0.21 0.19 0.20 0.19 -1 -1 -1 -1 -1
Evo 89.13 -1000000.25 0.67 -174824.53 0.65 0.65 0.65 380483.30 22498.45 0.03 0.05 0.07 -1 -1
Result 0 0.0 285 0.49 0.22 0.17 0.20 0.17 0.23 -1 -1 -1 -1 -1
Evo 88.22 -1000000.27 0.67 -176004.50 0.65 0.65 0.65 380252.75 22484.82 0.03 0.04 0.05 -1 -1
Result 0 0.0 285 0.49 0.16 0.21 0.19 0.20 0.23 -1 -1 -1 -1 -1
