Evo 31.61 -2.80 1000001.05 49949.11 -1.28 -0.95 -0.62 217950.99 6888.77 0.01 0.07 0.13 -1 -1
Result 1 1.0 1000 0.40 0.22 0.14 0.17 0.24 0.22 -1 -1 -1 -1 -1
Evo 32.09 -2.74 1000001.00 49949.15 -1.27 -0.94 -0.60 217950.98 6888.77 0.01 0.09 0.18 -1 -1
Result 1 1.0 1000 0.41 0.21 0.15 0.17 0.23 0.24 -1 -1 -1 -1 -1
Evo 30.41 -2.66 1000000.90 49949.08 -1.34 -0.98 -0.63 217950.98 6888.77 0.01 0.07 0.12 -1 -1
Result 1 1.0 1000 0.41 0.21 0.15 0.16 0.25 0.23 -1 -1 -1 -1 -1
Evo 31.54 -2.88 1000000.93 49949.11 -1.28 -0.95 -0.63 217950.98 6888.77 0.01 0.07 0.13 -1 -1
Result 1 1.0 1000 0.42 0.21 0.15 0.17 0.22 0.24 -1 -1 -1 -1 -1
Evo 32.50 -3.07 1000000.92 49949.14 -1.26 -0.94 -0.60 217950.99 6888.77 0.01 0.07 0.16 -1 -1
Result 1 1.0 1000 0.38 0.20 0.13 0.16 0.26 0.25 -1 -1 -1 -1 -1
Evo 32.95 -3.07 1000001.01 49949.11 -1.29 -0.95 -0.60 217950.99 6888.77 0.01 0.07 0.13 -1 -1
Result 1 1.0 1000 0.42 0.19 0.16 0.16 0.25 0.23 -1 -1 -1 -1 -1
Evo 29.84 -3.53 1000000.91 49949.08 -1.36 -0.98 -0.59 217951.00 6888.77 0.01 0.09 0.17 -1 -1
Result 1 1.0 1000 0.40 0.21 0.14 0.17 0.24 0.23 -1 -1 -1 -1 -1
Evo 30.95 -3.50 1000000.97 49949.02 -1.40 -1.03 -0.69 217951.02 6888.77 0.01 0.09 0.16 -1 -1
Result 1 1.0 1000 0.41 0.20 0.15 0.17 0.25 0.23 -1 -1 -1 -1 -1
Evo 29.31 -3.48 1000000.93 49949.03 -1.37 -1.01 -0.68 217951.00 6888.77 0.01 0.07 0.13 -1 -1
Result 1 1.0 1000 0.40 0.19 0.14 0.17 0.25 0.24 -1 -1 -1 -1 -1
Evo 32.91 -2.82 1000000.95 49949.13 -1.29 -0.96 -0.61 217950.99 6888.77 0.01 0.07 0.15 -1 -1
Result 1 1.0 1000 0.39 0.22 0.13 0.17 0.26 0.23 -1 -1 -1 -1 -1
Evo 32.13 -3.61 1000001.02 49949.11 -1.29 -0.96 -0.63 217950.99 6888.77 0.01 0.07 0.15 -1 -1
Result 1 1.0 1000 0.41 0.21 0.15 0.17 0.23 0.24 -1 -1 -1 -1 -1
Evo 32.13 -3.04 1000001.00 49949.10 -1.31 -0.97 -0.65 217951.01 6888.77 0.01 0.07 0.13 -1 -1
Result 1 1.0 1000 0.41 0.21 0.15 0.18 0.22 0.24 -1 -1 -1 -1 -1
Evo 31.54 -3.02 1000000.98 49949.11 -1.30 -0.94 -0.63 217951.00 6888.77 0.01 0.08 0.16 -1 -1
Result 1 1.0 1000 0.40 0.20 0.14 0.17 0.24 0.25 -1 -1 -1 -1 -1
Evo 31.70 -2.73 1000001.09 49949.07 -1.34 -1.01 -0.66 217950.99 6888.77 0.01 0.08 0.15 -1 -1
Result 1 1.0 1000 0.41 0.21 0.15 0.17 0.25 0.21 -1 -1 -1 -1 -1
Evo 33.71 -2.35 1000000.98 49949.17 -1.24 -0.90 -0.55 217950.98 6888.77 0.01 0.06 0.13 -1 -1
Result 1 1.0 1000 0.39 0.22 0.13 0.16 0.25 0.23 -1 -1 -1 -1 -1
Evo 32.18 -3.21 1000001.06 49949.17 -1.19 -0.90 -0.60 217950.98 6888.77 0.01 0.06 0.13 -1 -1
Result 1 1.0 1000 0.39 0.23 0.13 0.16 0.24 0.24 -1 -1 -1 -1 -1
Evo 32.42 -2.54 1000000.98 49949.14 -1.25 -0.93 -0.62 217950.98 6888.77 0.01 0.06 0.12 -1 -1
Result 1 1.0 1000 0.39 0.21 0.14 0.16 0.24 0.25 -1 -1 -1 -1 -1
Evo 30.59 -3.22 1000000.98 49948.99 -1.48 -1.06 -0.72 217951.01 6888.77 0.01 0.10 0.19 -1 -1
Result 1 1.0 1000 0.40 0.21 0.14 0.18 0.23 0.23 -1 -1 -1 -1 -1
Evo 32.71 -2.65 1000000.95 49949.06 -1.34 -0.98 -0.66 217951.01 6888.77 0.01 0.07 0.14 -1 -1
Result 1 1.0 1000 0.42 0.21 0.15 0.16 0.23 0.23 -1 -1 -1 -1 -1
Evo 31.41 -2.34 1000000.97 49949.18 -1.21 -0.90 -0.59 217950.97 6888.77 0.01 0.05 0.12 -1 -1
Result 1 1.0 1000 0.40 0.21 0.14 0.16 0.25 0.24 -1 -1 -1 -1 -1
Evo 31.93 -2.98 1000000.93 49949.18 -1.19 -0.87 -0.55 217950.96 6888.77 0.01 0.07 0.14 -1 -1
Result 1 1.0 1000 0.40 0.21 0.14 0.24 0.24 0.16 -1 -1 -1 -1 -1
Evo 32.50 -2.35 1000000.96 49949.33 -1.03 -0.74 -0.45 217950.94 6888.77 0.01 0.06 0.17 -1 -1
Result 1 1.0 1000 0.43 0.22 0.16 0.26 0.23 0.13 -1 -1 -1 -1 -1
Evo 32.64 -2.31 1000001.08 49949.27 -1.10 -0.80 -0.49 217950.95 6888.77 0.01 0.06 0.12 -1 -1
Result 1 1.0 1000 0.44 0.21 0.17 0.24 0.24 0.13 -1 -1 -1 -1 -1
Evo 31.98 -2.53 1000001.05 49949.28 -1.09 -0.78 -0.49 217950.94 6888.77 0.01 0.07 0.12 -1 -1
Result 1 1.0 1000 0.43 0.21 0.17 0.25 0.23 0.13 -1 -1 -1 -1 -1
Evo 32.07 -2.66 1000000.95 49949.13 -1.31 -0.89 -0.57 217950.99 6888.77 0.01 0.09 0.17 -1 -1
Result 1 1.0 1000 0.43 0.20 0.17 0.24 0.25 0.15 -1 -1 -1 -1 -1
Evo 32.10 -3.13 1000001.00 49949.30 -1.07 -0.77 -0.48 217950.95 6888.77 0.01 0.09 0.21 -1 -1
Result 1 1.0 1000 0.44 0.21 0.17 0.24 0.24 0.14 -1 -1 -1 -1 -1
Evo 30.11 -2.80 1000001.00 49949.21 -1.19 -0.85 -0.51 217950.99 6888.77 0.01 0.07 0.13 -1 -1
Result 1 1.0 1000 0.41 0.21 0.15 0.24 0.26 0.14 -1 -1 -1 -1 -1
Evo 32.52 -2.40 1000000.96 49949.29 -1.07 -0.78 -0.48 217950.96 6888.77 0.01 0.06 0.13 -1 -1
Result 1 1.0 1000 0.43 0.21 0.16 0.25 0.24 0.14 -1 -1 -1 -1 -1
Evo 32.78 -2.70 1000001.08 49949.27 -1.10 -0.80 -0.49 217950.96 6888.77 0.01 0.09 0.19 -1 -1
Result 1 1.0 1000 0.39 0.22 0.14 0.26 0.23 0.15 -1 -1 -1 -1 -1
Evo 33.23 -3.30 1000001.04 49949.26 -1.12 -0.78 -0.48 217950.96 6888.77 0.01 0.07 0.15 -1 -1
Result 1 1.0 1000 0.43 0.21 0.16 0.26 0.23 0.13 -1 -1 -1 -1 -1
Evo 31.17 -3.07 1000001.07 49949.13 -1.30 -0.90 -0.53 217950.99 6888.77 0.01 0.09 0.17 -1 -1
Result 1 1.0 1000 0.44 0.22 0.18 0.24 0.22 0.14 -1 -1 -1 -1 -1
Evo 32.26 -2.59 1000001.02 49949.28 -1.10 -0.78 -0.46 217950.96 6888.77 0.01 0.08 0.14 -1 -1
Result 1 1.0 1000 0.43 0.20 0.17 0.28 0.23 0.13 -1 -1 -1 -1 -1
Evo 31.59 -2.39 1000001.07 49949.28 -1.10 -0.80 -0.46 217950.96 6888.77 0.01 0.07 0.15 -1 -1
Result 1 1.0 1000 0.38 0.22 0.13 0.25 0.25 0.15 -1 -1 -1 -1 -1
Evo 32.44 -2.78 1000000.91 49949.17 -1.23 -0.88 -0.54 217950.98 6888.77 0.01 0.08 0.15 -1 -1
Result 1 1.0 1000 0.42 0.21 0.16 0.23 0.25 0.15 -1 -1 -1 -1 -1
Evo 32.27 -2.31 1000000.94 49949.34 -1.03 -0.72 -0.44 217950.95 6888.77 0.01 0.06 0.13 -1 -1
Result 1 1.0 1000 0.44 0.22 0.17 0.25 0.23 0.12 -1 -1 -1 -1 -1
Evo 31.72 -3.25 1000001.02 49949.12 -1.34 -0.90 -0.55 217950.98 6888.77 0.01 0.10 0.17 -1 -1
Result 1 1.0 1000 0.41 0.20 0.15 0.25 0.23 0.17 -1 -1 -1 -1 -1
Evo 31.34 -2.74 1000001.00 49949.27 -1.10 -0.81 -0.50 217950.96 6888.77 0.01 0.07 0.16 -1 -1
Result 1 1.0 1000 0.44 0.20 0.17 0.26 0.24 0.13 -1 -1 -1 -1 -1
Evo 29.76 -2.39 1000001.09 49949.20 -1.19 -0.86 -0.52 217950.97 6888.77 0.01 0.08 0.12 -1 -1
Result 1 1.0 1000 0.41 0.21 0.15 0.23 0.26 0.14 -1 -1 -1 -1 -1
Evo 32.21 -2.65 1000001.02 49949.19 -1.24 -0.85 -0.54 217950.99 6888.77 0.01 0.07 0.12 -1 -1
Result 1 1.0 1000 0.42 0.23 0.15 0.25 0.22 0.14 -1 -1 -1 -1 -1
Evo 32.11 -2.76 1000001.00 49949.27 -1.14 -0.80 -0.45 217950.96 6888.77 0.01 0.07 0.13 -1 -1
Result 1 1.0 1000 0.41 0.21 0.15 0.26 0.24 0.14 -1 -1 -1 -1 -1
Evo 31.57 -3.07 1000001.02 49948.83 -1.63 -1.25 -0.89 217951.07 6888.77 0.01 0.08 0.13 -1 -1
Result 1 1.0 1000 0.49 0.22 0.23 0.21 0.15 0.19 -1 -1 -1 -1 -1
Evo 28.21 -3.70 1000000.94 49948.80 -1.65 -1.28 -0.90 217951.07 6888.77 0.01 0.09 0.14 -1 -1
Result 1 1.0 1000 0.50 0.21 0.25 0.20 0.15 0.19 -1 -1 -1 -1 -1
Evo 31.56 -3.20 1000001.00 49948.80 -1.67 -1.29 -0.93 217951.07 6888.77 0.01 0.08 0.14 -1 -1
Result 1 1.0 1000 0.49 0.22 0.24 0.20 0.15 0.20 -1 -1 -1 -1 -1
Evo 31.03 -2.97 1000001.02 49948.74 -1.72 -1.36 -0.98 217951.07 6888.77 0.01 0.10 0.16 -1 -1
Result 1 1.0 1000 0.50 0.20 0.24 0.20 0.13 0.22 -1 -1 -1 -1 -1
Evo 30.05 -3.59 1000001.07 49948.77 -1.70 -1.31 -0.90 217951.06 6888.77 0.01 0.09 0.14 -1 -1
Result 1 1.0 1000 0.50 0.20 0.26 0.20 0.14 0.20 -1 -1 -1 -1 -1
Evo 31.26 -3.25 1000000.90 49948.79 -1.67 -1.28 -0.94 217951.06 6888.77 0.01 0.08 0.14 -1 -1
Result 1 1.0 1000 0.49 0.23 0.23 0.20 0.15 0.20 -1 -1 -1 -1 -1
Evo 29.10 -2.90 1000001.04 49948.80 -1.66 -1.26 -0.93 217951.07 6888.77 0.01 0.08 0.13 -1 -1
Result 1 1.0 1000 0.49 0.23 0.24 0.20 0.15 0.18 -1 -1 -1 -1 -1
Evo 31.18 -3.25 1000000.95 49948.75 -1.72 -1.32 -0.95 217951.09 6888.78 0.01 0.09 0.13 -1 -1
Result 1 1.0 1000 0.50 0.20 0.24 0.20 0.17 0.19 -1 -1 -1 -1 -1
Evo 31.84 -3.41 1000001.03 49948.82 -1.63 -1.28 -0.90 217951.05 6888.77 0.01 0.08 0.13 -1 -1
Result 1 1.0 1000 0.49 0.22 0.23 0.21 0.12 0.22 -1 -1 -1 -1 -1
Evo 30.55 -3.26 1000001.06 49948.82 -1.63 -1.28 -0.89 217951.05 6888.77 0.01 0.09 0.15 -1 -1
Result 1 1.0 1000 0.50 0.23 0.25 0.20 0.14 0.19 -1 -1 -1 -1 -1
Evo 32.39 -3.94 1000000.95 49948.80 -1.66 -1.29 -0.92 217951.07 6888.77 0.01 0.09 0.14 -1 -1
Result 1 1.0 1000 0.47 0.23 0.21 0.23 0.13 0.20 -1 -1 -1 -1 -1
Evo 30.84 -3.16 1000000.96 49948.81 -1.62 -1.27 -0.93 217951.07 6888.77 0.01 0.08 0.14 -1 -1
Result 1 1.0 1000 0.49 0.22 0.23 0.20 0.14 0.21 -1 -1 -1 -1 -1
Evo 30.98 -3.64 1000000.93 49948.81 -1.65 -1.25 -0.90 217951.09 6888.78 0.01 0.11 0.17 -1 -1
Result 1 1.0 1000 0.49 0.20 0.23 0.22 0.16 0.20 -1 -1 -1 -1 -1
Evo 29.94 -3.41 1000000.97 49948.80 -1.65 -1.30 -0.92 217951.08 6888.77 0.01 0.11 0.22 -1 -1
Result 1 1.0 1000 0.48 0.20 0.23 0.21 0.16 0.20 -1 -1 -1 -1 -1
Evo 31.51 -4.10 1000001.01 49948.79 -1.66 -1.30 -0.89 217951.09 6888.78 0.01 0.09 0.15 -1 -1
Result 1 1.0 1000 0.49 0.21 0.24 0.21 0.15 0.19 -1 -1 -1 -1 -1
Evo 31.18 -3.44 1000001.00 49948.79 -1.65 -1.30 -0.94 217951.07 6888.77 0.01 0.10 0.21 -1 -1
Result 1 1.0 1000 0.50 0.22 0.26 0.20 0.14 0.19 -1 -1 -1 -1 -1
Evo 31.98 -3.32 1000000.92 49948.79 -1.69 -1.28 -0.90 217951.06 6888.77 0.01 0.08 0.13 -1 -1
Result 1 1.0 1000 0.50 0.20 0.25 0.21 0.16 0.18 -1 -1 -1 -1 -1
Evo 29.29 -3.14 1000000.92 49948.77 -1.70 -1.30 -0.95 217951.08 6888.77 0.01 0.10 0.19 -1 -1
Result 1 1.0 1000 0.48 0.21 0.22 0.21 0.13 0.22 -1 -1 -1 -1 -1
Evo 29.49 -3.21 1000000.99 49948.82 -1.65 -1.26 -0.88 217951.06 6888.77 0.01 0.10 0.16 -1 -1
Result 1 1.0 1000 0.50 0.20 0.25 0.20 0.16 0.19 -1 -1 -1 -1 -1
Evo 30.92 -2.98 1000000.99 49948.82 -1.65 -1.25 -0.86 217951.05 6888.77 0.01 0.08 0.12 -1 -1
Result 1 1.0 1000 0.50 0.19 0.25 0.22 0.14 0.20 -1 -1 -1 -1 -1
Evo 30.21 -3.02 1000000.99 49948.56 -1.95 -1.53 -1.16 217951.11 6888.78 0.01 0.09 0.17 -1 -1
Result 1 1.0 1000 0.49 0.22 0.23 0.19 0.14 0.23 -1 -1 -1 -1 -1
Evo 30.18 -3.34 1000000.94 49948.58 -1.92 -1.50 -1.15 217951.12 6888.78 0.01 0.09 0.13 -1 -1
Result 1 1.0 1000 0.50 0.19 0.25 0.21 0.14 0.20 -1 -1 -1 -1 -1
Evo 29.76 -3.53 1000001.09 49948.55 -1.93 -1.56 -1.16 217951.14 6888.78 0.01 0.10 0.19 -1 -1
Result 1 1.0 1000 0.48 0.22 0.22 0.22 0.12 0.22 -1 -1 -1 -1 -1
Evo 29.08 -3.63 1000000.96 49948.57 -1.90 -1.54 -1.14 217951.13 6888.78 0.01 0.08 0.14 -1 -1
Result 1 1.0 1000 0.49 0.20 0.24 0.20 0.15 0.21 -1 -1 -1 -1 -1
Evo 29.80 -3.40 1000000.99 49948.59 -1.87 -1.52 -1.15 217951.11 6888.78 0.01 0.08 0.14 -1 -1
Result 1 1.0 1000 0.49 0.20 0.23 0.20 0.13 0.23 -1 -1 -1 -1 -1
Evo 29.47 -3.51 1000000.99 49948.59 -1.89 -1.52 -1.13 217951.12 6888.78 0.01 0.09 0.15 -1 -1
Result 1 1.0 1000 0.49 0.22 0.24 0.18 0.13 0.23 -1 -1 -1 -1 -1
Evo 30.72 -3.29 1000000.91 49948.62 -1.85 -1.50 -1.11 217951.10 6888.78 0.01 0.09 0.13 -1 -1
Result 1 1.0 1000 0.51 0.19 0.27 0.21 0.13 0.21 -1 -1 -1 -1 -1
Evo 30.72 -5.08 1000001.01 49948.57 -1.89 -1.52 -1.14 217951.11 6888.78 0.01 0.10 0.15 -1 -1
Result 1 1.0 1000 0.49 0.20 0.23 0.20 0.13 0.24 -1 -1 -1 -1 -1
Evo 29.46 -3.90 1000001.02 49948.56 -1.93 -1.52 -1.15 217951.11 6888.78 0.01 0.09 0.13 -1 -1
Result 1 1.0 1000 0.51 0.18 0.27 0.20 0.14 0.21 -1 -1 -1 -1 -1
Evo 29.79 -3.87 1000000.95 49948.63 -1.86 -1.47 -1.09 217951.10 6888.78 0.01 0.09 0.13 -1 -1
Result 1 1.0 1000 0.50 0.24 0.25 0.19 0.12 0.20 -1 -1 -1 -1 -1
Evo 30.01 -4.02 1000001.08 49948.60 -1.88 -1.52 -1.14 217951.12 6888.78 0.01 0.10 0.17 -1 -1
Result 1 1.0 1000 0.49 0.21 0.24 0.19 0.14 0.23 -1 -1 -1 -1 -1
Evo 28.24 -3.40 1000000.95 49948.57 -1.91 -1.55 -1.14 217951.13 6888.78 0.01 0.09 0.16 -1 -1
Result 1 1.0 1000 0.50 0.22 0.24 0.22 0.12 0.19 -1 -1 -1 -1 -1
Evo 30.56 -4.29 1000000.96 49948.60 -1.86 -1.50 -1.12 217951.11 6888.78 0.01 0.10 0.15 -1 -1
Result 1 1.0 1000 0.50 0.20 0.25 0.19 0.13 0.21 -1 -1 -1 -1 -1
Evo 29.20 -3.25 1000000.96 49948.56 -1.91 -1.55 -1.16 217951.11 6888.78 0.01 0.09 0.14 -1 -1
Result 1 1.0 1000 0.50 0.21 0.25 0.21 0.13 0.20 -1 -1 -1 -1 -1
Evo 30.84 -4.26 1000000.97 49948.60 -1.90 -1.50 -1.11 217951.12 6888.78 0.01 0.09 0.14 -1 -1
Result 1 1.0 1000 0.50 0.22 0.25 0.18 0.13 0.22 -1 -1 -1 -1 -1
Evo 29.74 -4.38 1000000.98 49948.56 -1.92 -1.55 -1.15 217951.11 6888.78 0.01 0.10 0.15 -1 -1
Result 1 1.0 1000 0.49 0.22 0.23 0.21 0.13 0.20 -1 -1 -1 -1 -1
Evo 27.06 -3.45 1000000.97 49948.52 -1.98 -1.57 -1.19 217951.13 6888.78 0.01 0.07 0.18 -1 -1
Result 1 1.0 1000 0.49 0.19 0.23 0.22 0.16 0.20 -1 -1 -1 -1 -1
Evo 30.16 -4.95 1000001.02 49948.55 -1.90 -1.55 -1.15 217951.11 6888.78 0.01 0.11 0.17 -1 -1
Result 1 1.0 1000 0.50 0.21 0.24 0.19 0.16 0.21 -1 -1 -1 -1 -1
Evo 28.49 -3.48 1000000.98 49948.58 -1.89 -1.51 -1.17 217951.09 6888.78 0.01 0.08 0.12 -1 -1
Result 1 1.0 1000 0.49 0.22 0.24 0.21 0.13 0.20 -1 -1 -1 -1 -1
Evo 29.06 -4.14 1000000.92 49948.58 -1.91 -1.51 -1.13 217951.12 6888.78 0.01 0.10 0.15 -1 -1
Result 1 1.0 1000 0.50 0.20 0.25 0.19 0.14 0.22 -1 -1 -1 -1 -1
Evo 29.88 -3.32 1000000.98 49948.69 -1.74 -1.42 -1.08 217951.09 6888.78 0.01 0.10 0.18 -1 -1
Result 1 1.0 1000 0.50 0.18 0.25 0.20 0.14 0.23 -1 -1 -1 -1 -1
Evo 31.32 -2.92 1000001.04 49948.76 -1.67 -1.30 -0.98 217951.08 6888.77 0.01 0.09 0.13 -1 -1
Result 1 1.0 1000 0.50 0.21 0.25 0.20 0.11 0.23 -1 -1 -1 -1 -1
Evo 28.89 -3.15 1000001.00 49948.71 -1.71 -1.40 -1.05 217951.08 6888.77 0.01 0.09 0.17 -1 -1
Result 1 1.0 1000 0.50 0.22 0.25 0.18 0.14 0.21 -1 -1 -1 -1 -1
Evo 28.09 -2.96 1000000.96 49948.66 -1.78 -1.44 -1.10 217951.11 6888.78 0.01 0.09 0.14 -1 -1
Result 1 1.0 1000 0.50 0.21 0.25 0.21 0.13 0.20 -1 -1 -1 -1 -1
Evo 30.28 -3.22 1000001.13 49948.74 -1.69 -1.37 -1.01 217951.09 6888.77 0.01 0.08 0.14 -1 -1
Result 1 1.0 1000 0.50 0.22 0.25 0.18 0.13 0.22 -1 -1 -1 -1 -1
Evo 29.66 -3.70 1000000.96 49948.63 -1.85 -1.48 -1.10 217951.12 6888.78 0.01 0.09 0.14 -1 -1
Result 1 1.0 1000 0.50 0.21 0.25 0.22 0.12 0.20 -1 -1 -1 -1 -1
Evo 28.45 -2.98 1000000.99 49948.70 -1.74 -1.42 -1.06 217951.09 6888.78 0.01 0.09 0.17 -1 -1
Result 1 1.0 1000 0.50 0.20 0.26 0.20 0.12 0.21 -1 -1 -1 -1 -1
Evo 26.71 -3.87 1000001.00 49948.61 -1.83 -1.49 -1.12 217951.12 6888.78 0.01 0.09 0.17 -1 -1
Result 1 1.0 1000 0.50 0.23 0.24 0.21 0.12 0.19 -1 -1 -1 -1 -1
Evo 30.65 -3.30 1000001.00 49948.68 -1.80 -1.41 -1.05 217951.10 6888.78 0.01 0.09 0.15 -1 -1
Result 1 1.0 1000 0.50 0.20 0.25 0.19 0.13 0.22 -1 -1 -1 -1 -1
Evo 29.91 -3.44 1000001.00 49948.73 -1.74 -1.36 -1.04 217951.10 6888.78 0.01 0.09 0.15 -1 -1
Result 1 1.0 1000 0.50 0.21 0.25 0.18 0.16 0.20 -1 -1 -1 -1 -1
Evo 29.20 -3.23 1000000.94 49948.72 -1.75 -1.37 -1.03 217951.08 6888.77 0.01 0.09 0.16 -1 -1
Result 1 1.0 1000 0.50 0.20 0.25 0.19 0.13 0.22 -1 -1 -1 -1 -1
Evo 28.78 -3.23 1000001.05 49948.70 -1.76 -1.40 -1.03 217951.08 6888.77 0.01 0.10 0.17 -1 -1
Result 1 1.0 1000 0.50 0.19 0.25 0.19 0.15 0.23 -1 -1 -1 -1 -1
Evo 29.48 -3.32 1000001.03 49948.70 -1.77 -1.40 -1.05 217951.10 6888.78 0.01 0.09 0.15 -1 -1
Result 1 1.0 1000 0.51 0.20 0.26 0.18 0.14 0.21 -1 -1 -1 -1 -1
Evo 29.46 -3.07 1000001.01 49948.69 -1.74 -1.40 -1.06 217951.09 6888.77 0.01 0.09 0.20 -1 -1
Result 1 1.0 1000 0.51 0.21 0.26 0.20 0.12 0.21 -1 -1 -1 -1 -1
Evo 29.19 -3.58 1000001.04 49948.67 -1.77 -1.44 -1.06 217951.09 6888.78 0.01 0.10 0.16 -1 -1
Result 1 1.0 1000 0.49 0.19 0.23 0.20 0.15 0.23 -1 -1 -1 -1 -1
Evo 26.47 -3.07 1000001.10 49948.62 -1.81 -1.48 -1.12 217951.11 6888.78 0.01 0.09 0.15 -1 -1
Result 1 1.0 1000 0.48 0.22 0.22 0.18 0.15 0.22 -1 -1 -1 -1 -1
Evo 30.03 -3.13 1000001.00 49948.67 -1.78 -1.47 -1.10 217951.10 6888.78 0.01 0.10 0.19 -1 -1
Result 1 1.0 1000 0.49 0.20 0.24 0.22 0.12 0.22 -1 -1 -1 -1 -1
Evo 28.81 -3.27 1000001.02 49948.70 -1.74 -1.40 -1.06 217951.10 6888.78 0.01 0.10 0.17 -1 -1
Result 1 1.0 1000 0.48 0.20 0.23 0.20 0.14 0.23 -1 -1 -1 -1 -1
Evo 29.89 -3.33 1000001.04 49948.64 -1.80 -1.44 -1.10 217951.11 6888.78 0.01 0.09 0.17 -1 -1
Result 1 1.0 1000 0.50 0.22 0.25 0.20 0.14 0.19 -1 -1 -1 -1 -1
Evo 29.44 -3.16 1000000.98 49948.66 -1.80 -1.44 -1.10 217951.09 6888.78 0.01 0.09 0.15 -1 -1
Result 1 1.0 1000 0.48 0.24 0.22 0.19 0.13 0.21 -1 -1 -1 -1 -1
