Evo 36.15 -619998.34 1000000.62 -38284.12 -58819.96 2.64 4.85 95602.78 2307.87 0.01 0.44 0.50 -1 -1
Result 1 5.0 1715 0.42 0.18 0.18 0.16 0.14 0.15 0.18 -1 -1 -1 -1
Evo 36.67 -1000000.03 8.90 -145828.48 -181818.85 -85106.91 -0.51 198241.54 4431.71 0.01 0.41 0.49 -1 -1
Result 0 0.0 2000 0.41 0.17 0.17 0.15 0.16 0.17 0.17 -1 -1 -1 -1
Evo 30.02 -999999.43 4.99 -173487.92 -245898.84 -145830.75 -52631.00 157221.93 4355.53 0.01 0.33 0.38 -1 -1
Result 0 -10.0 1302 0.42 0.18 0.18 0.16 0.17 0.16 0.15 -1 -1 -1 -1
Evo 38.69 -758927.85 1000000.59 -58016.67 -93746.84 0.48 1.64 126640.14 3058.90 0.01 0.42 0.50 -1 -1
Result 1 3.0 1713 0.45 0.15 0.16 0.19 0.16 0.17 0.16 -1 -1 -1 -1
Evo 38.40 -406772.86 1000000.42 -23625.69 -47609.78 3.64 10.60 96130.64 2611.51 0.01 0.22 0.28 -1 -1
Result 1 14.0 1354 0.45 0.16 0.17 0.18 0.15 0.15 0.19 -1 -1 -1 -1
Evo 32.22 -928909.78 4.96 -119104.64 -163639.10 -71429.67 -0.68 158023.89 4226.39 0.01 0.34 0.44 -1 -1
Result 0 -3.0 1397 0.40 0.16 0.17 0.14 0.17 0.17 0.19 -1 -1 -1 -1
Evo 38.90 -686273.43 1000000.62 -55654.62 -88887.85 1.48 3.67 137582.96 3174.80 0.01 0.47 0.50 -1 -1
Result 1 4.0 1877 0.42 0.16 0.18 0.16 0.16 0.16 0.17 -1 -1 -1 -1
Evo 40.57 -679997.50 1000000.66 -37943.62 -58818.16 2.65 5.79 120307.32 3052.86 0.01 0.43 0.49 -1 -1
Result 1 7.0 1552 0.42 0.16 0.17 0.16 0.15 0.18 0.17 -1 -1 -1 -1
Evo 34.53 -999999.66 5.49 -99621.84 -142851.70 -71427.47 0.67 120504.97 3494.73 0.01 0.39 0.46 -1 -1
Result 0 -5.0 1188 0.42 0.17 0.18 0.16 0.16 0.16 0.17 -1 -1 -1 -1
Evo 43.60 -424994.53 1000000.75 -6587.46 0.47 8.62 14.65 105076.92 3039.65 0.01 0.19 0.23 -1 -1
Result 1 14.0 1194 0.44 0.16 0.17 0.17 0.16 0.15 0.17 -1 -1 -1 -1
Evo 38.98 -579540.95 1000000.32 -39977.61 -76912.92 0.76 7.01 122272.88 3156.02 0.01 0.39 0.44 -1 -1
Result 1 8.0 1500 0.42 0.16 0.19 0.16 0.16 0.17 0.17 -1 -1 -1 -1
Evo 43.09 -263156.02 1000000.46 15961.29 2.71 9.94 15.79 114294.54 3924.89 0.01 0.20 0.31 -1 -1
Result 1 20.0 847 0.40 0.17 0.22 0.14 0.16 0.12 0.18 -1 -1 -1 -1
Evo 40.34 -487174.38 1000000.75 -30496.09 -62497.35 2.71 5.70 106984.20 2751.34 0.01 0.41 0.50 -1 -1
Result 1 6.0 1511 0.42 0.18 0.16 0.16 0.18 0.16 0.17 -1 -1 -1 -1
Evo 39.01 -639533.93 1000000.69 -38469.65 -76912.45 0.67 11.58 120403.10 3168.50 0.01 0.38 0.44 -1 -1
Result 1 14.0 1443 0.43 0.17 0.17 0.17 0.15 0.17 0.17 -1 -1 -1 -1
Evo 37.20 -869564.46 999999.98 -51780.57 -76915.04 2.70 6.34 124949.75 2820.89 0.01 0.45 0.50 -1 -1
Result 1 7.0 1961 0.42 0.17 0.16 0.16 0.17 0.17 0.17 -1 -1 -1 -1
Evo 33.74 -1000000.21 6.79 -108371.26 -142860.86 -83329.08 -4.95 121402.06 3315.21 0.01 0.38 0.47 -1 -1
Result 0 -5.0 1340 0.42 0.17 0.17 0.16 0.16 0.16 0.19 -1 -1 -1 -1
Evo 34.55 -1000000.15 4.99 -126954.84 -206898.51 -83331.65 -1.31 142852.62 3786.92 0.01 0.46 0.50 -1 -1
Result 0 -3.0 1422 0.43 0.15 0.17 0.17 0.16 0.17 0.17 -1 -1 -1 -1
Evo 38.70 -1000000.07 8.21 -91704.32 -114277.97 -34482.36 2.68 179266.59 4007.52 0.01 0.40 0.49 -1 -1
Result 0 2.0 2000 0.42 0.16 0.17 0.15 0.17 0.17 0.17 -1 -1 -1 -1
Evo 38.95 -416662.21 1000000.53 -29668.47 -64512.86 2.61 5.48 104468.23 2620.73 0.01 0.40 0.45 -1 -1
Result 1 7.0 1588 0.43 0.17 0.17 0.16 0.16 0.16 0.17 -1 -1 -1 -1
Evo 40.03 -1000000.20 6.87 -93207.42 -106382.50 -29410.37 0.79 178473.92 3989.80 0.01 0.48 0.50 -1 -1
Result 0 0.0 2000 0.43 0.14 0.19 0.16 0.16 0.17 0.17 -1 -1 -1 -1
Evo 33.47 -1000000.02 4.07 -156291.33 -237291.92 -86953.24 0.55 189885.14 5582.44 0.01 0.22 0.26 -1 -1
Result 0 -8.0 1156 0.43 0.17 0.17 0.17 0.15 0.16 0.19 -1 -1 -1 -1
Evo 31.59 -771085.53 4.29 -132549.57 -187498.99 -105262.30 -33331.64 133916.73 3526.57 0.01 0.27 0.31 -1 -1
Result 0 -7.0 1441 0.42 0.18 0.18 0.16 0.17 0.14 0.16 -1 -1 -1 -1
Evo 33.64 -999999.65 6.69 -136498.86 -195646.95 -81076.45 0.64 167833.97 4715.11 0.01 0.29 0.35 -1 -1
Result 0 -11.0 1266 0.45 0.16 0.18 0.18 0.14 0.16 0.17 -1 -1 -1 -1
Evo 29.03 -880735.62 1.85 -197416.26 -278691.51 -157895.22 -47618.65 194700.90 5843.95 0.01 0.30 0.49 -1 -1
Result 0 -16.0 1109 0.43 0.17 0.20 0.17 0.14 0.18 0.15 -1 -1 -1 -1
Evo 30.59 -999999.41 4.30 -203638.13 -316671.10 -153855.75 -24997.61 198194.67 5424.40 0.01 0.41 0.50 -1 -1
Result 0 -8.0 1334 0.44 0.17 0.19 0.17 0.14 0.16 0.16 -1 -1 -1 -1
Evo 33.02 -999999.44 4.65 -180080.07 -239133.86 -125004.30 0.61 209611.84 6232.82 0.01 0.30 0.43 -1 -1
Result 0 -10.0 1130 0.42 0.14 0.16 0.15 0.16 0.22 0.16 -1 -1 -1 -1
Evo 30.64 -930394.89 5.35 -135266.12 -190473.27 -99999.58 -32255.74 142667.72 3568.92 0.01 0.36 0.44 -1 -1
Result 0 -4.0 1597 0.42 0.16 0.17 0.16 0.16 0.17 0.18 -1 -1 -1 -1
Evo 33.23 -907285.40 4.63 -114642.33 -170735.00 -83331.83 -4.51 122304.06 3092.59 0.01 0.31 0.45 -1 -1
Result 0 -7.0 1563 0.42 0.19 0.17 0.16 0.15 0.15 0.18 -1 -1 -1 -1
Evo 30.22 -807339.88 2.87 -150586.89 -222228.16 -129039.56 -52637.20 127327.19 3189.17 0.01 0.36 0.43 -1 -1
Result 0 -5.0 1593 0.44 0.16 0.18 0.18 0.15 0.16 0.17 -1 -1 -1 -1
Evo 39.59 -1000000.12 7.00 -87661.90 -115381.41 -28567.19 2.55 171992.94 3844.92 0.01 0.27 0.31 -1 -1
Result 0 0.0 2000 0.45 0.17 0.17 0.18 0.15 0.15 0.17 -1 -1 -1 -1
Evo 37.23 -685712.91 1000000.51 -75382.98 -133329.49 -33329.22 3.85 145075.50 3513.43 0.01 0.47 0.50 -1 -1
Result 1 6.0 1704 0.43 0.16 0.17 0.17 0.16 0.16 0.18 -1 -1 -1 -1
Evo 33.39 -1000000.08 6.62 -133272.34 -214288.46 -81629.46 -1.24 160280.23 3918.61 0.01 0.47 0.50 -1 -1
Result 0 -3.0 1672 0.43 0.15 0.18 0.16 0.17 0.16 0.17 -1 -1 -1 -1
Evo 27.87 -874016.21 1.75 -227354.25 -312503.32 -153852.62 -58822.94 226272.39 6204.49 0.01 0.45 0.50 -1 -1
Result 0 -9.0 1329 0.45 0.15 0.18 0.18 0.16 0.18 0.15 -1 -1 -1 -1
Evo 39.09 -663367.06 1000000.36 -56387.73 -95237.55 -28570.98 1.69 109781.66 2508.03 0.01 0.42 0.49 -1 -1
Result 1 4.0 1915 0.42 0.18 0.18 0.16 0.16 0.17 0.15 -1 -1 -1 -1
Evo 35.13 -999999.90 8.90 -100322.08 -147053.27 -52631.00 1.62 155741.13 3496.49 0.01 0.38 0.43 -1 -1
Result 0 1.0 1983 0.44 0.16 0.17 0.17 0.15 0.16 0.18 -1 -1 -1 -1
Evo 31.64 -702702.33 4.13 -130206.79 -205129.49 -90906.36 -0.44 135318.23 3519.81 0.01 0.46 0.50 -1 -1
Result 0 -2.0 1477 0.43 0.17 0.17 0.16 0.15 0.18 0.17 -1 -1 -1 -1
Evo 29.30 -925926.51 6.60 -155195.11 -218749.63 -135133.36 -48780.88 145223.67 3672.14 0.01 0.44 0.50 -1 -1
Result 0 -6.0 1563 0.43 0.19 0.14 0.17 0.15 0.17 0.17 -1 -1 -1 -1
Evo 31.14 -693695.05 4.88 -128457.43 -204548.64 -95241.98 0.62 134981.09 3695.69 0.01 0.38 0.43 -1 -1
Result 0 -6.0 1333 0.42 0.17 0.18 0.16 0.15 0.18 0.17 -1 -1 -1 -1
Evo 32.27 -999999.79 5.90 -125308.44 -166670.39 -81633.20 0.34 165112.86 3714.39 0.01 0.45 0.50 -1 -1
Result 0 -5.0 1975 0.44 0.15 0.18 0.17 0.16 0.17 0.16 -1 -1 -1 -1
Evo 40.21 -1000000.20 10.91 -64479.89 -66662.47 4.68 6.63 165204.43 3693.16 0.01 0.34 0.43 -1 -1
Result 0 6.0 2000 0.41 0.18 0.18 0.15 0.16 0.18 0.15 -1 -1 -1 -1
Evo 39.67 -1000000.10 8.32 -96474.82 -133331.82 -49999.41 1.59 169385.92 3786.64 0.01 0.48 0.50 -1 -1
Result 0 3.0 2000 0.43 0.17 0.17 0.17 0.18 0.16 0.16 -1 -1 -1 -1
Evo 32.75 -999999.46 3.24 -175143.72 -244899.31 -131584.45 -51279.89 172907.26 4683.44 0.01 0.38 0.49 -1 -1
Result 0 -10.0 1362 0.41 0.19 0.18 0.15 0.15 0.17 0.17 -1 -1 -1 -1
Evo 31.39 -999999.52 5.22 -160876.44 -232146.29 -99998.61 -3.85 184529.56 4387.35 0.01 0.45 0.50 -1 -1
Result 0 -5.0 1768 0.43 0.16 0.17 0.16 0.16 0.18 0.17 -1 -1 -1 -1
Evo 38.18 -523072.80 1000000.48 -45837.61 -95233.76 0.57 3.06 121266.21 2999.95 0.01 0.32 0.37 -1 -1
Result 1 4.0 1633 0.43 0.15 0.20 0.17 0.16 0.16 0.16 -1 -1 -1 -1
Evo 33.81 -765217.11 2.05 -113936.95 -180003.78 -71429.98 -2.28 130584.16 3850.72 0.01 0.39 0.49 -1 -1
Result 0 -4.0 1149 0.43 0.16 0.17 0.17 0.15 0.18 0.17 -1 -1 -1 -1
Evo 30.46 -999999.35 1.65 -182407.30 -280708.94 -134614.48 -45453.89 172056.41 4944.23 0.01 0.40 0.49 -1 -1
Result 0 -8.0 1210 0.41 0.17 0.20 0.15 0.16 0.16 0.16 -1 -1 -1 -1
Evo 30.24 -891985.96 8.89 -159825.13 -233336.84 -136357.77 -24388.44 163477.61 4136.35 0.01 0.39 0.49 -1 -1
Result 0 -7.0 1561 0.42 0.17 0.18 0.16 0.15 0.17 0.17 -1 -1 -1 -1
Evo 35.68 -749998.50 1000000.33 -94333.15 -155554.11 -57144.26 2.70 151026.37 3531.39 0.01 0.27 0.33 -1 -1
Result 1 6.0 1828 0.44 0.16 0.17 0.17 0.18 0.15 0.17 -1 -1 -1 -1
Evo 30.57 -841728.20 3.90 -173249.04 -263157.71 -124996.32 -21738.55 180039.15 5250.05 0.01 0.35 0.45 -1 -1
Result 0 -11.0 1175 0.41 0.17 0.18 0.15 0.15 0.17 0.17 -1 -1 -1 -1
Evo 31.74 -910448.59 2.97 -171760.11 -249998.71 -100006.48 0.47 199917.91 6217.15 0.01 0.34 0.49 -1 -1
Result 0 -9.0 1033 0.41 0.18 0.17 0.15 0.16 0.18 0.17 -1 -1 -1 -1
Evo 32.37 -944827.54 3.74 -143902.81 -195655.05 -100003.08 -38461.01 163208.02 3768.12 0.01 0.44 0.50 -1 -1
Result 0 -1.0 1875 0.42 0.16 0.18 0.16 0.16 0.17 0.18 -1 -1 -1 -1
Evo 31.10 -999999.72 2.20 -175937.34 -261911.57 -166672.68 -49999.09 145282.91 4081.56 0.01 0.35 0.41 -1 -1
Result 0 -10.0 1266 0.42 0.16 0.19 0.16 0.16 0.16 0.17 -1 -1 -1 -1
Evo 34.21 -711711.10 4.97 -106078.10 -166666.91 -58820.65 0.53 136135.86 4185.33 0.01 0.25 0.32 -1 -1
Result 0 -11.0 1057 0.45 0.17 0.17 0.19 0.14 0.16 0.17 -1 -1 -1 -1
Evo 40.24 -1000000.16 14.05 -77551.68 -90908.52 -26315.37 4.34 167192.16 3737.60 0.01 0.47 0.50 -1 -1
Result 0 4.0 2000 0.42 0.18 0.17 0.15 0.15 0.16 0.18 -1 -1 -1 -1
Evo 38.08 -752473.07 1000000.39 -56499.47 -85707.43 -27023.44 6.72 114988.28 3211.51 0.01 0.36 0.49 -1 -1
Result 1 13.0 1281 0.42 0.16 0.18 0.16 0.15 0.18 0.16 -1 -1 -1 -1
Evo 30.36 -898734.09 4.74 -161027.88 -249998.61 -124998.71 -33329.05 156052.83 4467.78 0.01 0.43 0.49 -1 -1
Result 0 -7.0 1219 0.42 0.17 0.19 0.15 0.15 0.18 0.16 -1 -1 -1 -1
Evo 33.61 -999999.37 6.90 -111107.70 -180001.02 -58823.04 -1.28 142682.32 3494.64 0.01 0.48 0.50 -1 -1
Result 0 -2.0 1666 0.44 0.16 0.18 0.17 0.17 0.16 0.15 -1 -1 -1 -1
Evo 29.68 -762888.29 3.91 -168288.92 -254905.36 -140350.53 -48778.27 152750.07 4373.22 0.01 0.30 0.37 -1 -1
Result 0 -11.0 1219 0.45 0.17 0.17 0.18 0.16 0.15 0.17 -1 -1 -1 -1
Evo 31.12 -920792.41 5.79 -143378.56 -225805.89 -88240.06 0.60 175563.82 4739.78 0.01 0.20 0.24 -1 -1
Result 0 -7.0 1371 0.44 0.18 0.18 0.18 0.14 0.16 0.16 -1 -1 -1 -1
Evo 31.75 -1000000.25 5.05 -194720.13 -291670.83 -137261.37 -30304.31 205950.07 5134.33 0.01 0.22 0.26 -1 -1
Result 0 -9.0 1608 0.44 0.18 0.17 0.18 0.16 0.16 0.16 -1 -1 -1 -1
Evo 33.86 -999999.84 5.81 -100234.80 -150000.09 -45454.04 0.61 143394.16 3382.65 0.01 0.34 0.50 -1 -1
Result 0 -2.0 1796 0.44 0.17 0.18 0.18 0.14 0.15 0.17 -1 -1 -1 -1
Evo 29.32 -852791.79 1.97 -150060.87 -218185.88 -117652.28 -41665.90 147014.84 4290.69 0.01 0.42 0.50 -1 -1
Result 0 -5.0 1173 0.42 0.17 0.17 0.16 0.16 0.17 0.17 -1 -1 -1 -1
Evo 34.17 -1000000.06 7.34 -133527.23 -200002.62 -102563.61 0.67 142432.04 3886.60 0.01 0.34 0.46 -1 -1
Result 0 -6.0 1342 0.41 0.17 0.18 0.15 0.15 0.19 0.17 -1 -1 -1 -1
Evo 36.48 -919999.89 999999.83 -44372.56 -74066.88 2.81 9.91 102537.43 2311.96 0.01 0.27 0.35 -1 -1
Result 1 11.0 1966 0.43 0.17 0.16 0.17 0.17 0.16 0.17 -1 -1 -1 -1
Evo 35.24 -1000000.20 6.41 -91699.38 -120001.52 -38460.90 0.72 155371.78 4307.58 0.01 0.35 0.48 -1 -1
Result 0 -5.0 1300 0.41 0.18 0.18 0.15 0.19 0.16 0.15 -1 -1 -1 -1
Evo 39.05 -1000000.04 8.23 -86853.27 -113633.38 -41661.11 3.46 166252.54 3716.59 0.01 0.45 0.50 -1 -1
Result 0 3.0 2000 0.42 0.17 0.17 0.16 0.16 0.18 0.17 -1 -1 -1 -1
Evo 37.93 -781817.45 1000000.65 -66409.85 -114281.51 -0.63 2.47 142451.52 3761.77 0.01 0.39 0.49 -1 -1
Result 1 4.0 1433 0.42 0.17 0.18 0.16 0.15 0.17 0.17 -1 -1 -1 -1
Evo 42.00 -1000000.14 83341.20 -83921.49 -99989.60 0.57 7.62 177430.88 3966.48 0.01 0.47 0.50 -1 -1
Result 0 6.0 2000 0.43 0.18 0.17 0.16 0.17 0.16 0.16 -1 -1 -1 -1
Evo 32.34 -999999.52 6.13 -129330.40 -190472.41 -97564.78 -3.65 145228.66 3449.04 0.01 0.41 0.49 -1 -1
Result 0 -6.0 1772 0.42 0.16 0.19 0.16 0.15 0.17 0.18 -1 -1 -1 -1
Evo 33.71 -754237.21 1000000.56 -128637.14 -208330.64 -100001.36 -3.95 158027.18 3827.10 0.01 0.30 0.35 -1 -1
Result 1 3.0 1704 0.44 0.17 0.17 0.17 0.15 0.15 0.18 -1 -1 -1 -1
Evo 39.30 -487800.84 1000000.54 -27426.59 -58816.34 2.75 12.61 92305.76 2154.82 0.01 0.28 0.34 -1 -1
Result 1 14.0 1834 0.44 0.17 0.18 0.17 0.16 0.14 0.18 -1 -1 -1 -1
Evo 33.54 -1000000.23 3.79 -130285.84 -193549.27 -100001.37 -27026.31 133702.41 3595.24 0.01 0.40 0.47 -1 -1
Result 0 -3.0 1382 0.44 0.16 0.18 0.17 0.15 0.16 0.18 -1 -1 -1 -1
Evo 40.50 -593744.35 1000000.57 -33854.33 -64515.63 0.73 14.22 106997.17 2799.29 0.01 0.39 0.45 -1 -1
Result 1 16.0 1460 0.42 0.19 0.16 0.16 0.16 0.16 0.18 -1 -1 -1 -1
Evo 41.35 -246143.65 1000000.43 -10120.38 0.18 7.59 14.81 79187.47 2248.77 0.01 0.31 0.36 -1 -1
Result 1 18.0 1239 0.44 0.17 0.16 0.17 0.16 0.16 0.18 -1 -1 -1 -1
Evo 33.57 -999999.77 9.02 -95149.06 -139992.43 -49999.55 0.60 134126.86 3194.40 0.01 0.41 0.49 -1 -1
Result 0 -4.0 1762 0.42 0.16 0.18 0.16 0.15 0.18 0.16 -1 -1 -1 -1
Evo 33.50 -611762.33 9.39 -75298.16 -111109.22 -32250.02 1.26 109311.80 2841.42 0.01 0.41 0.50 -1 -1
Result 0 -4.0 1479 0.40 0.16 0.18 0.14 0.16 0.19 0.16 -1 -1 -1 -1
Evo 30.95 -999999.50 3.07 -163206.23 -254553.95 -97560.55 -27026.46 180642.52 5283.39 0.01 0.36 0.48 -1 -1
Result 0 -14.0 1168 0.39 0.18 0.18 0.13 0.14 0.18 0.19 -1 -1 -1 -1
Evo 37.49 -999999.90 6.10 -115783.47 -146343.94 -76921.26 -1.72 172063.26 3846.49 0.01 0.47 0.50 -1 -1
Result 0 -3.0 2000 0.42 0.16 0.18 0.16 0.17 0.16 0.17 -1 -1 -1 -1
Evo 36.23 -530863.33 1000000.74 -63959.87 -116272.50 -37031.78 4.09 119286.99 2987.78 0.01 0.28 0.33 -1 -1
Result 1 5.0 1593 0.43 0.18 0.16 0.17 0.17 0.15 0.16 -1 -1 -1 -1
Evo 37.74 -1000000.14 7.79 -157537.63 -193541.93 -90911.14 0.52 215063.08 4807.75 0.01 0.47 0.50 -1 -1
Result 0 -1.0 2000 0.43 0.16 0.17 0.17 0.17 0.16 0.16 -1 -1 -1 -1
Evo 45.68 -478257.50 1000000.66 -2000.65 0.76 10.72 18.56 99918.29 2865.35 0.01 0.31 0.41 -1 -1
Result 1 20.0 1215 0.43 0.16 0.18 0.16 0.16 0.17 0.16 -1 -1 -1 -1
Evo 35.62 -1000000.00 7.25 -77063.03 -124995.78 -54047.98 0.55 95706.43 2816.11 0.01 0.34 0.48 -1 -1
Result 0 -6.0 1154 0.44 0.16 0.18 0.17 0.17 0.18 0.15 -1 -1 -1 -1
Evo 37.73 -1000000.07 11.77 -108893.11 -138880.80 -39999.50 2.44 189747.88 4241.83 0.01 0.47 0.50 -1 -1
Result 0 -1.0 2000 0.42 0.17 0.18 0.16 0.16 0.17 0.16 -1 -1 -1 -1
Evo 35.83 -555554.12 999999.83 -65575.24 -114282.68 -32257.50 0.72 104900.82 2536.77 0.01 0.19 0.23 -1 -1
Result 1 4.0 1709 0.44 0.15 0.18 0.18 0.16 0.15 0.17 -1 -1 -1 -1
Evo 33.13 -695652.26 1000000.28 -76605.93 -142853.25 -52630.90 1.61 130707.24 3115.61 0.01 0.44 0.49 -1 -1
Result 1 3.0 1759 0.42 0.18 0.18 0.16 0.15 0.17 0.16 -1 -1 -1 -1
Evo 34.80 -1000000.18 5.98 -104462.74 -166661.97 -57140.50 0.61 137375.76 3621.43 0.01 0.25 0.31 -1 -1
Result 0 -4.0 1438 0.44 0.17 0.17 0.18 0.16 0.15 0.18 -1 -1 -1 -1
Evo 34.73 -999999.94 6.81 -93327.76 -124994.07 -49999.40 0.64 136087.11 3373.83 0.01 0.46 0.50 -1 -1
Result 0 -3.0 1626 0.43 0.16 0.17 0.17 0.15 0.17 0.17 -1 -1 -1 -1
Evo 43.17 -1000000.04 150007.66 -64006.73 -66666.02 2.67 8.90 167723.34 3749.47 0.01 0.42 0.49 -1 -1
Result 0 9.0 2000 0.42 0.17 0.15 0.16 0.17 0.17 0.18 -1 -1 -1 -1
Evo 34.22 -886904.69 1000000.21 -95386.88 -148149.34 -60606.56 -0.19 147476.11 3593.77 0.01 0.36 0.42 -1 -1
Result 1 4.0 1683 0.45 0.17 0.16 0.18 0.16 0.16 0.17 -1 -1 -1 -1
Evo 31.72 -999999.69 3.82 -146461.50 -206901.13 -124997.57 -51280.51 130149.17 3447.74 0.01 0.28 0.33 -1 -1
Result 0 -4.0 1424 0.44 0.16 0.17 0.18 0.16 0.16 0.16 -1 -1 -1 -1
Evo 42.09 -660374.66 1000000.65 -43177.24 -71426.05 2.41 4.64 113505.99 2664.28 0.01 0.37 0.49 -1 -1
Result 1 5.0 1814 0.44 0.17 0.17 0.18 0.15 0.16 0.18 -1 -1 -1 -1
Evo 39.15 -766915.20 1000000.64 -42454.58 -83332.78 0.53 8.64 125276.78 3414.66 0.01 0.40 0.50 -1 -1
Result 1 16.0 1345 0.43 0.18 0.18 0.16 0.16 0.16 0.16 -1 -1 -1 -1
Evo 42.81 -391886.35 1000000.62 -20143.09 -38454.93 10.35 13.51 92338.15 2122.30 0.01 0.45 0.50 -1 -1
Result 1 14.0 1892 0.44 0.17 0.17 0.17 0.17 0.16 0.16 -1 -1 -1 -1
Evo 42.90 -265613.30 1000000.21 -8978.55 0.60 7.82 15.70 86685.66 2529.96 0.01 0.30 0.34 -1 -1
Result 1 18.0 1173 0.43 0.15 0.17 0.16 0.17 0.15 0.19 -1 -1 -1 -1
Evo 32.12 -851351.94 5.29 -103547.49 -148149.62 -63825.83 -1.95 129319.67 3473.63 0.01 0.34 0.42 -1 -1
Result 0 -3.0 1385 0.44 0.17 0.18 0.17 0.16 0.15 0.16 -1 -1 -1 -1
Evo 31.38 -999999.81 2.05 -168317.10 -258624.33 -115383.26 0.48 178780.78 5316.06 0.01 0.35 0.46 -1 -1
Result 0 -12.0 1130 0.40 0.16 0.18 0.14 0.16 0.17 0.18 -1 -1 -1 -1
Evo 40.21 -1000000.24 7.81 -89793.16 -111104.41 0.65 3.89 182280.07 4074.89 0.01 0.37 0.47 -1 -1
Result 0 0.0 2000 0.41 0.17 0.17 0.15 0.17 0.17 0.17 -1 -1 -1 -1
Evo 34.55 -999999.96 5.13 -100934.11 -133331.99 -51278.46 0.65 153895.65 3773.81 0.01 0.43 0.50 -1 -1
Result 0 -4.0 1662 0.42 0.18 0.19 0.16 0.15 0.16 0.16 -1 -1 -1 -1
Evo 39.98 -1000000.08 10.87 -90426.00 -108688.23 1.70 8.48 184910.98 4133.70 0.01 0.22 0.27 -1 -1
Result 0 6.0 2000 0.44 0.16 0.17 0.18 0.15 0.16 0.18 -1 -1 -1 -1
Evo 41.01 -1000000.15 9.06 -86625.06 -104166.29 -24999.61 1.69 174758.31 3906.74 0.01 0.39 0.49 -1 -1
Result 0 -1.0 2000 0.45 0.17 0.16 0.19 0.15 0.16 0.16 -1 -1 -1 -1
