Evo 42.65 -99993.20 1000000.94 49110.88 3.35 4.35 8.01 218246.64 6898.12 0.01 0.20 0.28 -1 -1
Result 1 8.0 1000 0.47 0.21 0.20 0.24 0.18 0.17 -1 -1 -1 -1 -1
Evo 48.96 -93016.65 1000000.97 49353.75 7.57 7.67 8.49 218158.78 6895.34 0.01 0.18 0.28 -1 -1
Result 1 8.0 1000 0.48 0.22 0.22 0.20 0.20 0.16 -1 -1 -1 -1 -1
Evo 40.61 -175433.07 1000001.00 39305.35 3.00 3.61 4.10 219311.35 6931.77 0.01 0.27 0.40 -1 -1
Result 1 8.0 1000 0.48 0.20 0.22 0.22 0.20 0.17 -1 -1 -1 -1 -1
Evo 48.32 -90901.79 1000001.01 49334.52 7.41 7.91 8.60 218161.65 6895.43 0.01 0.23 0.31 -1 -1
Result 1 8.0 1000 0.48 0.17 0.21 0.22 0.22 0.16 -1 -1 -1 -1 -1
Evo 43.69 -111103.83 1000000.94 46407.66 6.13 6.57 8.27 218917.64 6919.32 0.01 0.20 0.29 -1 -1
Result 1 8.0 1000 0.46 0.20 0.19 0.25 0.21 0.14 -1 -1 -1 -1 -1
Evo 40.31 -360654.42 1000000.97 43486.74 4.54 5.68 7.38 221610.55 7004.44 0.01 0.19 0.31 -1 -1
Result 1 5.0 1000 0.46 0.18 0.19 0.26 0.20 0.16 -1 -1 -1 -1 -1
Evo 40.78 -81074.86 1000000.99 48999.41 5.38 5.62 6.78 217718.50 6881.42 0.01 0.20 0.32 -1 -1
Result 1 7.0 1000 0.46 0.21 0.20 0.22 0.22 0.15 -1 -1 -1 -1 -1
Evo 45.27 -71421.49 1000001.01 49635.50 7.52 7.62 7.68 218060.92 6892.25 0.01 0.19 0.28 -1 -1
Result 1 7.0 1000 0.45 0.21 0.19 0.21 0.21 0.18 -1 -1 -1 -1 -1
Evo 47.34 -119995.50 1000001.05 48247.47 6.33 7.34 8.54 218557.78 6907.95 0.01 0.22 0.35 -1 -1
Result 1 8.0 1000 0.48 0.22 0.21 0.22 0.20 0.15 -1 -1 -1 -1 -1
Evo 42.93 -89280.42 1000001.01 49303.29 5.45 6.60 8.07 218181.35 6896.05 0.01 0.19 0.30 -1 -1
Result 1 8.0 1000 0.46 0.20 0.19 0.24 0.21 0.15 -1 -1 -1 -1 -1
Evo 44.13 -148929.92 1000001.00 41260.10 5.38 7.46 7.72 220608.22 6972.76 0.01 0.19 0.32 -1 -1
Result 1 8.0 1000 0.45 0.21 0.19 0.24 0.22 0.15 -1 -1 -1 -1 -1
Evo 56.20 -149993.04 1000000.97 48500.76 7.49 8.58 8.65 218534.67 6907.22 0.01 0.21 0.30 -1 -1
Result 1 8.0 1000 0.48 0.20 0.21 0.20 0.20 0.18 -1 -1 -1 -1 -1
Evo 45.73 -93745.08 1000000.98 48669.50 5.45 5.65 8.30 218390.32 6902.66 0.01 0.22 0.31 -1 -1
Result 1 8.0 1000 0.47 0.19 0.21 0.23 0.20 0.17 -1 -1 -1 -1 -1
Evo 41.30 -103441.77 1000000.95 47745.84 4.85 6.57 6.85 218712.73 6912.85 0.01 0.18 0.28 -1 -1
Result 1 7.0 1000 0.46 0.20 0.19 0.25 0.20 0.15 -1 -1 -1 -1 -1
Evo 49.86 -113629.23 1000001.07 48777.37 7.72 8.37 8.54 218392.09 6902.71 0.01 0.23 0.33 -1 -1
Result 1 8.0 1000 0.47 0.21 0.21 0.22 0.21 0.15 -1 -1 -1 -1 -1
Evo 44.67 -189182.88 1000000.98 44546.54 6.91 7.54 7.69 219200.49 6928.26 0.01 0.18 0.27 -1 -1
Result 1 7.0 1000 0.47 0.18 0.20 0.24 0.21 0.16 -1 -1 -1 -1 -1
Evo 41.23 -106377.05 1000000.91 45193.37 5.47 5.72 6.86 214612.19 6783.24 0.01 0.23 0.38 -1 -1
Result 1 6.0 1000 0.45 0.20 0.18 0.25 0.22 0.15 -1 -1 -1 -1 -1
Evo 44.44 -166662.60 1000001.04 43534.74 4.34 4.56 4.68 219078.05 6924.39 0.01 0.21 0.31 -1 -1
Result 1 4.0 1000 0.47 0.18 0.20 0.24 0.21 0.17 -1 -1 -1 -1 -1
Evo 39.09 -166660.82 1000000.97 43128.81 4.79 5.48 5.85 218469.26 6905.15 0.01 0.29 0.44 -1 -1
Result 1 8.0 1000 0.49 0.21 0.23 0.20 0.19 0.17 -1 -1 -1 -1 -1
Evo 42.49 -111104.21 1000000.94 47612.70 5.49 6.39 7.49 218107.98 6893.73 0.01 0.20 0.33 -1 -1
Result 1 7.0 1000 0.47 0.17 0.20 0.24 0.23 0.16 -1 -1 -1 -1 -1
Evo 36.28 -344260.26 1000001.12 38572.81 2.62 3.34 3.97 223602.30 7067.39 0.01 0.18 0.25 -1 -1
Result 1 2.0 1000 0.47 0.19 0.21 0.19 0.19 0.23 -1 -1 -1 -1 -1
Evo 43.67 -169807.49 1000000.88 45659.60 4.60 4.73 4.87 214724.76 6786.80 0.01 0.14 0.23 -1 -1
Result 1 5.0 1000 0.46 0.21 0.20 0.18 0.18 0.23 -1 -1 -1 -1 -1
Evo 42.40 -133328.63 1000000.84 47249.12 5.47 5.65 5.74 218942.00 6920.09 0.01 0.13 0.23 -1 -1
Result 1 5.0 1000 0.47 0.20 0.20 0.17 0.20 0.23 -1 -1 -1 -1 -1
Evo 33.47 -630950.85 1000000.94 -92278.29 -233328.61 -90904.87 4.61 286571.68 9057.66 0.01 0.27 0.41 -1 -1
Result 1 3.0 1000 0.41 0.21 0.15 0.21 0.22 0.21 -1 -1 -1 -1 -1
Evo 46.65 -259256.16 1000001.00 45016.99 4.48 4.62 4.67 219697.26 6943.97 0.01 0.11 0.21 -1 -1
Result 1 4.0 1000 0.47 0.22 0.20 0.16 0.19 0.23 -1 -1 -1 -1 -1
Evo 34.30 -478259.91 1000000.43 2046.87 1.79 3.25 4.85 167546.84 5295.65 0.01 0.17 0.30 -1 -1
Result 1 1.0 1000 0.48 0.20 0.22 0.22 0.16 0.20 -1 -1 -1 -1 -1
Evo 36.37 -499997.69 1000000.93 -17890.72 -90904.28 -45448.13 4.94 241174.09 7622.78 0.01 0.23 0.39 -1 -1
Result 1 5.0 1000 0.40 0.20 0.14 0.22 0.24 0.19 -1 -1 -1 -1 -1
Evo 46.55 -113632.34 1000000.96 47622.83 4.58 4.64 4.68 218785.12 6915.14 0.01 0.13 0.20 -1 -1
Result 1 4.0 1000 0.48 0.20 0.22 0.16 0.17 0.25 -1 -1 -1 -1 -1
Evo 44.42 -111107.01 1000000.97 48086.33 4.58 4.64 4.69 218616.62 6909.81 0.01 0.14 0.23 -1 -1
Result 1 4.0 1000 0.47 0.18 0.21 0.17 0.19 0.25 -1 -1 -1 -1 -1
Evo 47.05 -111107.21 1000000.99 48783.12 4.57 4.64 4.69 217553.90 6876.22 0.01 0.11 0.21 -1 -1
Result 1 4.0 1000 0.48 0.21 0.22 0.16 0.20 0.21 -1 -1 -1 -1 -1
Evo 46.05 -117642.73 1000000.98 47455.05 4.59 4.64 4.70 218818.01 6916.18 0.01 0.14 0.22 -1 -1
Result 1 4.0 1000 0.46 0.20 0.20 0.15 0.21 0.24 -1 -1 -1 -1 -1
Evo 47.77 -153841.98 1000000.94 47136.19 4.55 4.63 4.68 218834.39 6916.69 0.01 0.15 0.23 -1 -1
Result 1 4.0 1000 0.47 0.22 0.21 0.15 0.18 0.23 -1 -1 -1 -1 -1
Evo 35.76 -1000000.11 6.62 -314671.98 -639999.05 -128202.07 -43474.71 341371.31 12016.84 0.01 0.30 0.39 -1 -1
Result 0 0.0 806 0.44 0.22 0.17 0.19 0.23 0.19 -1 -1 -1 -1 -1
Evo 48.98 -113632.55 1000000.99 46634.38 4.56 4.63 4.67 215886.48 6823.52 0.01 0.12 0.21 -1 -1
Result 1 4.0 1000 0.46 0.21 0.20 0.16 0.19 0.24 -1 -1 -1 -1 -1
Evo 46.21 -117643.26 1000000.95 47920.16 4.57 4.64 4.69 218699.96 6912.44 0.01 0.10 0.20 -1 -1
Result 1 4.0 1000 0.48 0.20 0.23 0.15 0.19 0.23 -1 -1 -1 -1 -1
Evo 48.30 -99995.83 1000001.04 48403.16 4.58 4.64 4.68 218504.53 6906.27 0.01 0.12 0.22 -1 -1
Result 1 4.0 1000 0.47 0.22 0.20 0.16 0.19 0.23 -1 -1 -1 -1 -1
Evo 41.22 -160708.21 1000000.97 44376.09 5.28 7.60 7.70 219824.24 6947.98 0.01 0.17 0.26 -1 -1
Result 1 7.0 1000 0.46 0.22 0.20 0.18 0.19 0.22 -1 -1 -1 -1 -1
Evo 47.29 -226411.85 1000001.00 46414.26 4.55 4.63 4.68 219430.11 6935.52 0.01 0.13 0.21 -1 -1
Result 1 4.0 1000 0.45 0.21 0.19 0.16 0.21 0.23 -1 -1 -1 -1 -1
Evo 38.21 -295452.02 1000001.04 28357.04 0.63 0.81 1.05 228199.63 7212.70 0.01 0.16 0.22 -1 -1
Result 1 1.0 1000 0.47 0.21 0.21 0.18 0.17 0.22 -1 -1 -1 -1 -1
Evo 49.15 -102036.78 1000001.05 49121.70 4.60 4.65 4.70 218230.98 6897.62 0.01 0.12 0.22 -1 -1
Result 1 4.0 1000 0.46 0.20 0.20 0.14 0.20 0.25 -1 -1 -1 -1 -1
Evo 43.48 -246150.14 1000001.00 26975.61 -26310.91 6.17 6.54 217891.06 6886.88 0.01 0.15 0.21 -1 -1
Result 1 5.0 1000 0.49 0.19 0.24 0.23 0.19 0.16 -1 -1 -1 -1 -1
Evo 41.86 -220334.69 1000000.94 41172.69 5.74 6.10 6.46 214932.46 6793.37 0.01 0.15 0.22 -1 -1
Result 1 6.0 1000 0.49 0.21 0.24 0.23 0.16 0.16 -1 -1 -1 -1 -1
Evo 41.84 -299998.15 1000000.82 22446.82 3.05 5.20 5.48 216954.75 6857.28 0.01 0.14 0.22 -1 -1
Result 1 3.0 1000 0.47 0.20 0.21 0.26 0.17 0.15 -1 -1 -1 -1 -1
Evo 38.31 -249996.90 1000000.92 10826.19 -66662.66 4.96 5.53 223327.96 7058.72 0.01 0.16 0.22 -1 -1
Result 1 4.0 1000 0.48 0.19 0.23 0.23 0.18 0.17 -1 -1 -1 -1 -1
Evo 41.20 -249995.93 1000000.85 16337.04 -54540.62 4.92 5.40 218153.87 6895.18 0.01 0.14 0.18 -1 -1
Result 1 5.0 1000 0.50 0.21 0.24 0.21 0.17 0.17 -1 -1 -1 -1 -1
Evo 38.68 -389828.13 1000000.82 -33909.00 -138885.07 -71423.72 5.42 232585.10 7351.31 0.01 0.15 0.21 -1 -1
Result 1 4.0 1000 0.50 0.19 0.24 0.23 0.18 0.16 -1 -1 -1 -1 -1
Evo 42.10 -133329.52 1000001.07 48775.88 4.99 5.24 5.44 218307.31 6900.03 0.01 0.15 0.21 -1 -1
Result 1 5.0 1000 0.50 0.18 0.25 0.24 0.18 0.15 -1 -1 -1 -1 -1
Evo 40.59 -344259.50 1000000.94 -1038.74 -88885.23 6.15 6.46 228883.56 7234.32 0.01 0.14 0.22 -1 -1
Result 1 4.0 1000 0.50 0.19 0.24 0.25 0.17 0.14 -1 -1 -1 -1 -1
Evo 44.95 -62493.36 1000001.00 49518.87 6.63 6.73 6.85 218090.30 6893.18 0.01 0.15 0.22 -1 -1
Result 1 6.0 1000 0.47 0.18 0.20 0.24 0.17 0.21 -1 -1 -1 -1 -1
Evo 42.23 -66660.63 1000000.94 49677.33 5.95 6.21 6.57 218042.40 6891.66 0.01 0.15 0.22 -1 -1
Result 1 6.0 1000 0.49 0.22 0.23 0.24 0.15 0.16 -1 -1 -1 -1 -1
Evo 37.19 -322576.36 1000001.06 -29945.53 -136357.94 -71422.70 6.07 233953.09 7394.55 0.01 0.14 0.21 -1 -1
Result 1 5.0 1000 0.49 0.18 0.24 0.24 0.18 0.15 -1 -1 -1 -1 -1
Evo 43.05 -121207.92 1000000.90 45547.79 6.20 7.73 8.38 214491.15 6779.42 0.01 0.12 0.21 -1 -1
Result 1 5.0 1000 0.48 0.21 0.21 0.25 0.16 0.16 -1 -1 -1 -1 -1
Evo 42.52 -205878.34 1000000.95 46893.13 5.65 6.21 6.49 216717.18 6849.77 0.01 0.15 0.21 -1 -1
Result 1 5.0 1000 0.47 0.19 0.21 0.21 0.19 0.20 -1 -1 -1 -1 -1
Evo 38.42 -424241.18 1000000.77 8339.41 -51276.97 4.99 5.40 212663.51 6721.65 0.01 0.13 0.20 -1 -1
Result 1 3.0 1000 0.50 0.20 0.24 0.24 0.17 0.15 -1 -1 -1 -1 -1
Evo 37.78 -412697.00 1000000.82 -9571.42 -111109.81 3.94 4.42 227921.33 7203.90 0.01 0.15 0.22 -1 -1
Result 1 1.0 1000 0.48 0.21 0.22 0.24 0.19 0.15 -1 -1 -1 -1 -1
Evo 40.35 -323940.45 1000000.85 3402.45 -90904.18 5.34 5.58 224920.90 7109.07 0.01 0.15 0.24 -1 -1
Result 1 4.0 1000 0.48 0.19 0.22 0.23 0.20 0.15 -1 -1 -1 -1 -1
Evo 40.73 -324996.46 1000000.86 2499.72 -88231.23 5.03 5.55 226476.94 7158.25 0.01 0.16 0.20 -1 -1
Result 1 4.0 1000 0.48 0.20 0.22 0.23 0.19 0.16 -1 -1 -1 -1 -1
Evo 39.76 -212761.43 1000001.00 39614.70 5.69 6.07 6.33 219019.91 6922.56 0.01 0.17 0.23 -1 -1
Result 1 3.0 1000 0.47 0.20 0.21 0.24 0.15 0.19 -1 -1 -1 -1 -1
Evo 39.40 -344824.81 1000000.81 6495.76 -66661.59 5.07 5.42 208754.49 6598.10 0.01 0.12 0.21 -1 -1
Result 1 4.0 1000 0.48 0.24 0.22 0.24 0.15 0.15 -1 -1 -1 -1 -1
Evo 42.67 -290904.85 1000000.91 29386.28 5.83 6.19 6.45 214523.95 6780.45 0.01 0.13 0.22 -1 -1
Result 1 4.0 1000 0.49 0.21 0.24 0.23 0.17 0.15 -1 -1 -1 -1 -1
Evo 64.00 -1000000.11 -469386.74 -818117.93 -985074.42 -872092.91 -657894.45 168433.78 18269.21 0.08 0.11 0.26 -1 -1
Result 0 0.0 84 0.50 0.22 0.25 0.13 0.20 0.20 -1 -1 -1 -1 -1
Evo 71.76 -1000000.06 -451611.53 -865952.29 -974999.66 -910111.90 -810526.04 143723.16 11326.97 0.05 0.17 0.32 -1 -1
Result 0 0.0 160 0.47 0.20 0.21 0.22 0.16 0.21 -1 -1 -1 -1 -1
Evo 87.74 -1000000.14 -417909.11 -802372.67 -999999.13 -839079.88 -649121.85 183886.38 18866.34 0.07 0.07 0.26 -1 -1
Result 0 0.0 94 0.43 0.13 0.17 0.14 0.32 0.25 -1 -1 -1 -1 -1
Evo 39.65 -999999.93 -266664.58 -754293.65 -943395.78 -822784.69 -580644.02 203890.09 16324.27 0.05 0.17 0.31 -1 -1
Result 0 0.0 155 0.51 0.18 0.27 0.22 0.13 0.20 -1 -1 -1 -1 -1
Evo 58.04 -999999.98 -301884.35 -775080.43 -953845.75 -868131.61 -597013.81 205766.07 16421.92 0.05 0.18 0.31 -1 -1
Result 0 0.0 156 0.49 0.18 0.24 0.23 0.17 0.18 -1 -1 -1 -1 -1
Evo 50.71 -1000000.14 -353844.20 -813164.71 -969071.61 -858695.34 -716215.75 172153.61 12656.99 0.04 0.21 0.32 -1 -1
Result 0 0.0 184 0.47 0.21 0.21 0.22 0.14 0.23 -1 -1 -1 -1 -1
Evo 41.40 -1000000.15 -468748.96 -844084.12 -954127.74 -877048.32 -746987.48 134276.67 9715.92 0.04 0.17 0.33 -1 -1
Result 0 0.0 190 0.50 0.19 0.25 0.20 0.17 0.18 -1 -1 -1 -1 -1
Evo 95.13 -1000000.23 -420288.65 -828397.88 -999999.03 -853932.06 -715907.76 156642.49 10887.41 0.04 0.21 0.32 -1 -1
Result 0 0.0 206 0.49 0.15 0.23 0.23 0.18 0.21 -1 -1 -1 -1 -1
Evo 30.53 -1000000.02 -447760.27 -771272.45 -909090.63 -781608.86 -648647.55 145438.20 12119.85 0.05 0.19 0.32 -1 -1
Result 0 0.0 143 0.45 0.22 0.19 0.22 0.15 0.23 -1 -1 -1 -1 -1
Evo 50.02 -1000000.12 -409089.66 -834758.82 -926828.64 -867346.27 -787499.63 135184.86 9032.42 0.03 0.16 0.32 -1 -1
Result 0 0.0 223 0.46 0.27 0.19 0.24 0.13 0.17 -1 -1 -1 -1 -1
Evo 40.13 -1000000.05 -378786.40 -815139.02 -932432.49 -873239.04 -704224.53 153741.85 9571.55 0.03 0.15 0.32 -1 -1
Result 0 0.0 257 0.48 0.20 0.21 0.20 0.09 0.29 -1 -1 -1 -1 -1
Evo 67.17 -1000000.19 -373132.67 -822744.45 -979591.38 -938271.05 -649350.01 197129.27 18881.56 0.06 0.13 0.28 -1 -1
Result 0 0.0 108 0.47 0.25 0.20 0.17 0.16 0.23 -1 -1 -1 -1 -1
Evo 18.31 -999999.30 -446152.49 -804865.33 -914633.43 -822221.56 -705881.74 127585.13 10632.09 0.05 0.12 0.32 -1 -1
Result 0 0.0 143 0.50 0.18 0.24 0.26 0.15 0.17 -1 -1 -1 -1 -1
Evo 53.27 -1000000.15 -403844.71 -799432.55 -938143.69 -835615.69 -671427.65 156477.03 10721.63 0.04 0.25 0.33 -1 -1
Result 0 0.0 212 0.46 0.23 0.19 0.26 0.15 0.17 -1 -1 -1 -1 -1
Evo 43.18 -1000000.06 -288886.55 -737112.30 -935483.44 -787878.43 -557141.15 204199.26 17840.97 0.05 0.13 0.33 -1 -1
Result 0 0.0 130 0.46 0.23 0.20 0.17 0.18 0.22 -1 -1 -1 -1 -1
Evo 49.51 -999999.63 -579708.92 -817565.39 -947367.68 -855669.52 -688524.05 135431.59 15535.07 0.08 0.07 0.29 -1 -1
Result 0 0.0 75 0.42 0.26 0.16 0.12 0.17 0.29 -1 -1 -1 -1 -1
Evo 69.54 -999999.99 -471427.53 -825071.91 -976470.60 -837499.30 -675675.13 153963.75 15796.35 0.07 0.09 0.29 -1 -1
Result 0 0.0 94 0.46 0.18 0.20 0.16 0.19 0.27 -1 -1 -1 -1 -1
Evo 56.99 -1000000.00 -406248.81 -829469.73 -972972.94 -924528.29 -636362.83 177250.62 16457.31 0.06 0.13 0.28 -1 -1
Result 0 0.0 115 0.50 0.18 0.25 0.14 0.21 0.22 -1 -1 -1 -1 -1
Evo 61.45 -1000000.18 -378786.53 -842453.46 -955356.70 -880596.73 -768291.93 144245.26 9977.65 0.04 0.21 0.32 -1 -1
Result 0 0.0 208 0.46 0.23 0.20 0.22 0.13 0.22 -1 -1 -1 -1 -1
Evo 62.52 -1000000.06 -517855.93 -842698.27 -981651.32 -895833.36 -738094.64 157549.48 14821.01 0.06 0.11 0.32 -1 -1
Result 0 0.0 112 0.49 0.21 0.24 0.18 0.14 0.23 -1 -1 -1 -1 -1
Evo 29.87 -999999.80 -244443.92 -671369.20 -883720.74 -707864.66 -451612.36 233398.15 21044.80 0.06 0.08 0.19 -1 -1
Result 0 0.0 122 0.49 0.28 0.23 0.14 0.16 0.19 -1 -1 -1 -1 -1
Evo 48.93 -1000000.00 -124999.27 -710931.30 -959999.62 -746666.22 -461537.97 255551.87 20796.52 0.05 0.07 0.24 -1 -1
Result 0 0.0 150 0.50 0.13 0.26 0.15 0.24 0.22 -1 -1 -1 -1 -1
Evo 64.97 -1000000.20 -222221.58 -669200.02 -942528.62 -637681.07 -499999.27 240294.02 20914.91 0.05 0.09 0.17 -1 -1
Result 0 0.0 131 0.49 0.23 0.23 0.17 0.14 0.23 -1 -1 -1 -1 -1
Evo 59.23 -1000000.10 -205127.59 -703932.59 -959999.64 -740740.54 -465516.54 252548.67 20901.08 0.05 0.06 0.17 -1 -1
Result 0 0.0 145 0.48 0.23 0.22 0.15 0.23 0.17 -1 -1 -1 -1 -1
Evo 51.69 -1000000.07 -291666.02 -711679.71 -954545.19 -794871.62 -431033.96 252927.55 20790.52 0.05 0.06 0.17 -1 -1
Result 0 0.0 147 0.43 0.21 0.16 0.14 0.27 0.22 -1 -1 -1 -1 -1
Evo 49.13 -999999.99 -249999.45 -699415.78 -877550.62 -718749.78 -547944.63 217214.00 16562.41 0.04 0.09 0.22 -1 -1
Result 0 0.0 171 0.48 0.20 0.22 0.17 0.17 0.24 -1 -1 -1 -1 -1
Evo 51.53 -1000000.04 -226414.54 -720692.05 -954545.27 -771738.96 -507245.91 233905.97 18377.39 0.05 0.11 0.28 -1 -1
Result 0 0.0 161 0.46 0.19 0.20 0.20 0.16 0.26 -1 -1 -1 -1 -1
Evo 122.74 -1000000.19 -163264.91 -732182.27 -999999.20 -813952.73 -492753.40 254152.65 20821.00 0.05 0.06 0.16 -1 -1
Result 0 0.0 148 0.42 0.21 0.15 0.18 0.23 0.23 -1 -1 -1 -1 -1
Evo 42.30 -1000000.00 -140350.40 -682423.79 -851562.28 -706521.12 -484848.25 220871.04 17516.21 0.05 0.08 0.22 -1 -1
Result 0 0.0 158 0.44 0.21 0.18 0.19 0.18 0.24 -1 -1 -1 -1 -1
Evo 22.95 -999999.84 -224137.41 -577634.74 -704224.64 -537313.00 -415384.02 199872.13 18557.66 0.06 0.06 0.18 -1 -1
Result 0 0.0 115 0.45 0.20 0.19 0.18 0.22 0.21 -1 -1 -1 -1 -1
Evo 70.02 -1000000.09 -176470.03 -721713.88 -969230.85 -777777.65 -507246.10 238613.07 17265.44 0.04 0.09 0.19 -1 -1
Result 0 0.0 190 0.45 0.20 0.18 0.16 0.24 0.23 -1 -1 -1 -1 -1
Evo 59.49 -1000000.15 -233332.82 -715726.22 -943396.02 -765431.52 -514285.03 233814.66 18313.78 0.05 0.08 0.18 -1 -1
Result 0 0.0 162 0.47 0.23 0.20 0.13 0.25 0.19 -1 -1 -1 -1 -1
Evo 34.22 -999999.71 -210525.68 -672036.75 -917355.32 -674698.63 -449999.45 240410.90 19186.88 0.05 0.06 0.22 -1 -1
Result 0 0.0 156 0.44 0.18 0.17 0.18 0.24 0.22 -1 -1 -1 -1 -1
Evo 33.55 -1000000.03 -229166.31 -660164.72 -886597.16 -666666.04 -464284.92 232207.27 19350.61 0.05 0.07 0.15 -1 -1
Result 0 0.0 143 0.50 0.17 0.26 0.17 0.22 0.19 -1 -1 -1 -1 -1
Evo 25.13 -999999.97 -241378.88 -673734.87 -869564.98 -637930.63 -492753.27 216390.85 17215.13 0.05 0.09 0.17 -1 -1
Result 0 0.0 157 0.51 0.19 0.27 0.17 0.18 0.20 -1 -1 -1 -1 -1
Evo 40.40 -999999.91 -142856.37 -679891.52 -939999.34 -711538.04 -467741.49 246777.25 19821.63 0.05 0.05 0.16 -1 -1
Result 0 0.0 154 0.45 0.20 0.18 0.19 0.21 0.22 -1 -1 -1 -1 -1
Evo 31.38 -1000000.01 -172413.21 -663753.27 -880434.45 -635134.85 -472221.92 223961.84 18047.36 0.05 0.04 0.18 -1 -1
Result 0 0.0 153 0.43 0.16 0.16 0.25 0.16 0.26 -1 -1 -1 -1 -1
Evo 68.30 -1000000.18 -199999.18 -742686.08 -973214.26 -780487.53 -551723.54 234345.63 16488.50 0.04 0.08 0.18 -1 -1
Result 0 0.0 201 0.49 0.22 0.23 0.15 0.20 0.20 -1 -1 -1 -1 -1
Evo 25.78 -999999.95 -208332.65 -626776.05 -837209.05 -594202.34 -428570.89 230979.69 19806.35 0.05 0.06 0.18 -1 -1
Result 0 0.0 135 0.45 0.28 0.18 0.17 0.15 0.22 -1 -1 -1 -1 -1
Evo 58.47 -1000000.06 -207546.78 -717011.20 -967212.48 -784809.80 -460316.82 266083.26 22329.21 0.05 0.07 0.19 -1 -1
Result 0 0.0 141 0.46 0.23 0.19 0.15 0.19 0.24 -1 -1 -1 -1 -1
