Evo 36.78 -1000000.21 -0.33 -26943.09 -4.46 -3.82 -1.95 156224.37 3492.41 0.01 0.10 0.21 -1 -1
Result 0 -4.0 2000 0.44 0.17 0.18 0.17 0.18 0.15 0.15 -1 -1 -1 -1
Evo 37.59 -1000000.31 -0.35 -29872.65 -7.59 -6.45 -3.45 156392.00 3496.16 0.01 0.13 0.25 -1 -1
Result 0 -9.0 2000 0.42 0.18 0.20 0.16 0.16 0.15 0.15 -1 -1 -1 -1
Evo 36.69 -1000000.09 0.05 -27041.21 -2.55 -1.39 -0.96 156141.53 3490.56 0.01 0.10 0.23 -1 -1
Result 0 -4.0 2000 0.43 0.18 0.18 0.18 0.17 0.14 0.15 -1 -1 -1 -1
Evo 37.30 -1000000.23 -0.35 -26373.23 -4.42 -3.73 -3.40 156148.32 3490.71 0.01 0.10 0.20 -1 -1
Result 0 -6.0 2000 0.44 0.15 0.19 0.18 0.18 0.13 0.17 -1 -1 -1 -1
Evo 36.93 -1000000.08 -1.31 -28502.99 -6.38 -4.36 -2.82 156235.94 3492.67 0.01 0.14 0.25 -1 -1
Result 0 -11.0 2000 0.45 0.18 0.18 0.16 0.19 0.14 0.16 -1 -1 -1 -1
Evo 38.35 -1000000.27 -0.71 -26238.37 -6.93 -6.57 -3.19 156241.86 3492.80 0.01 0.10 0.19 -1 -1
Result 0 -7.0 2000 0.44 0.18 0.18 0.19 0.17 0.13 0.16 -1 -1 -1 -1
Evo 37.63 -1000000.08 0.05 -29010.67 -7.23 -5.19 -2.66 156369.91 3495.66 0.01 0.12 0.23 -1 -1
Result 0 -8.0 2000 0.42 0.19 0.16 0.19 0.16 0.14 0.16 -1 -1 -1 -1
Evo 36.88 -1000000.32 -0.69 -26460.27 -5.35 -3.97 -2.94 156158.91 3490.95 0.01 0.10 0.21 -1 -1
Result 0 -5.0 2000 0.45 0.16 0.17 0.18 0.18 0.15 0.15 -1 -1 -1 -1
Evo 37.51 -1000000.18 0.05 -26660.10 -3.29 -2.65 -1.15 156167.28 3491.13 0.01 0.10 0.20 -1 -1
Result 0 -4.0 2000 0.44 0.17 0.17 0.18 0.17 0.14 0.16 -1 -1 -1 -1
Evo 36.05 -1000000.03 -1.02 -26922.44 -5.37 -4.69 -4.17 156143.96 3490.61 0.01 0.09 0.20 -1 -1
Result 0 -5.0 2000 0.45 0.17 0.19 0.16 0.18 0.15 0.15 -1 -1 -1 -1
Evo 37.91 -1000000.13 -1.10 -25829.79 -7.88 -5.70 -5.09 156132.92 3490.37 0.01 0.10 0.22 -1 -1
Result 0 -8.0 2000 0.42 0.18 0.16 0.19 0.16 0.14 0.17 -1 -1 -1 -1
Evo 37.11 -1000000.32 -0.37 -26663.47 -5.43 -5.27 -5.02 156244.24 3492.85 0.01 0.09 0.18 -1 -1
Result 0 -6.0 2000 0.43 0.17 0.16 0.18 0.17 0.15 0.18 -1 -1 -1 -1
Evo 37.94 -1000000.05 -1.43 -29171.59 -6.13 -5.69 -5.34 156449.89 3497.45 0.01 0.08 0.17 -1 -1
Result 0 -7.0 2000 0.46 0.19 0.18 0.15 0.19 0.13 0.16 -1 -1 -1 -1
Evo 37.18 -1000000.15 0.05 -26309.99 -3.21 -2.61 -1.72 156173.13 3491.26 0.01 0.08 0.21 -1 -1
Result 0 -3.0 2000 0.45 0.17 0.18 0.16 0.18 0.15 0.16 -1 -1 -1 -1
Evo 36.77 -1000000.15 -0.03 -26980.40 -3.85 -3.49 -1.95 156226.51 3492.46 0.01 0.11 0.22 -1 -1
Result 0 -4.0 2000 0.44 0.17 0.17 0.17 0.17 0.14 0.17 -1 -1 -1 -1
Evo 37.70 -999999.96 -1.10 -28565.01 -5.61 -2.99 -2.72 156229.93 3492.53 0.01 0.10 0.23 -1 -1
Result 0 -7.0 2000 0.45 0.18 0.18 0.16 0.18 0.15 0.15 -1 -1 -1 -1
Evo 38.08 -1000000.19 0.05 -26085.49 -4.08 -3.03 -1.84 156123.79 3490.16 0.01 0.10 0.20 -1 -1
Result 0 -6.0 2000 0.44 0.17 0.18 0.17 0.18 0.13 0.18 -1 -1 -1 -1
Evo 36.97 -1000000.11 -0.15 -26750.71 -3.35 -2.80 -1.22 156157.24 3490.91 0.01 0.10 0.20 -1 -1
Result 0 -5.0 2000 0.43 0.18 0.18 0.18 0.16 0.13 0.17 -1 -1 -1 -1
Evo 37.05 -1000000.10 -0.51 -25725.26 -5.13 -4.54 -2.63 156165.44 3491.09 0.01 0.09 0.20 -1 -1
Result 0 -6.0 2000 0.43 0.17 0.16 0.18 0.17 0.15 0.18 -1 -1 -1 -1
Evo 37.46 -1000000.00 -0.06 -26840.03 -3.77 -2.88 -1.86 156201.07 3491.89 0.01 0.10 0.21 -1 -1
Result 0 -6.0 2000 0.44 0.17 0.17 0.18 0.17 0.14 0.16 -1 -1 -1 -1
Evo 38.52 -1000000.19 0.20 -39016.84 -6.09 -4.92 -3.38 156928.26 3508.15 0.01 0.10 0.19 -1 -1
Result 0 -6.0 2000 0.41 0.17 0.20 0.15 0.15 0.14 0.18 -1 -1 -1 -1
Evo 37.98 -1000000.19 -0.20 -34057.53 -11.15 -7.95 -3.17 156641.72 3501.74 0.01 0.16 0.33 -1 -1
Result 0 -11.0 2000 0.42 0.17 0.19 0.16 0.15 0.17 0.16 -1 -1 -1 -1
Evo 35.59 -999999.97 -0.10 -29154.61 -2.42 -1.29 -1.09 156491.36 3498.38 0.01 0.10 0.24 -1 -1
Result 0 -4.0 2000 0.44 0.18 0.18 0.16 0.17 0.16 0.15 -1 -1 -1 -1
Evo 36.67 -1000000.19 -0.21 -30144.55 -5.51 -5.11 -2.51 156442.98 3497.30 0.01 0.14 0.29 -1 -1
Result 0 -9.0 2000 0.43 0.17 0.16 0.16 0.17 0.17 0.17 -1 -1 -1 -1
Evo 35.94 -1000000.12 0.40 -29751.32 -2.85 -2.53 -1.95 156362.66 3495.50 0.01 0.13 0.26 -1 -1
Result 0 -2.0 2000 0.43 0.16 0.17 0.18 0.16 0.16 0.16 -1 -1 -1 -1
Evo 36.08 -1000000.08 0.15 -36766.00 -7.45 -3.00 -2.69 157188.13 3513.96 0.01 0.16 0.29 -1 -1
Result 0 -9.0 2000 0.44 0.17 0.16 0.17 0.18 0.15 0.17 -1 -1 -1 -1
Evo 33.54 -999999.93 -0.04 -25007.44 -4.50 -4.21 -3.51 142652.87 3196.21 0.01 0.15 0.32 -1 -1
Result 0 -10.0 1991 0.43 0.17 0.18 0.16 0.17 0.15 0.17 -1 -1 -1 -1
Evo 38.08 -999999.99 0.25 -36653.66 -7.15 -6.24 -3.57 156865.42 3506.74 0.01 0.14 0.26 -1 -1
Result 0 -8.0 2000 0.44 0.17 0.17 0.16 0.18 0.15 0.17 -1 -1 -1 -1
Evo 36.24 -1000000.21 0.14 -29469.99 -3.41 -1.98 -1.15 156365.85 3495.57 0.01 0.11 0.25 -1 -1
Result 0 -4.0 2000 0.44 0.17 0.17 0.17 0.17 0.16 0.16 -1 -1 -1 -1
Evo 37.15 -1000000.21 -0.51 -33651.37 -7.59 -5.00 -3.78 156585.68 3500.49 0.01 0.15 0.27 -1 -1
Result 0 -11.0 2000 0.44 0.17 0.17 0.15 0.17 0.15 0.18 -1 -1 -1 -1
Evo 37.44 -1000000.12 0.40 -34243.68 -4.66 -4.31 -3.81 156567.99 3500.09 0.01 0.12 0.25 -1 -1
Result 0 -4.0 2000 0.44 0.18 0.18 0.15 0.17 0.16 0.16 -1 -1 -1 -1
Evo 37.72 -1000000.13 0.15 -37344.64 -8.53 -6.41 -5.84 156657.26 3502.09 0.01 0.16 0.30 -1 -1
Result 0 -10.0 2000 0.44 0.17 0.18 0.16 0.18 0.16 0.15 -1 -1 -1 -1
Evo 36.96 -999999.93 -0.26 -28764.95 -5.45 -4.43 -3.89 156267.10 3493.37 0.01 0.09 0.24 -1 -1
Result 0 -6.0 2000 0.44 0.18 0.18 0.14 0.17 0.16 0.17 -1 -1 -1 -1
Evo 38.39 -1000000.27 0.13 -36840.90 -5.78 -5.33 -5.04 156597.31 3500.75 0.01 0.10 0.22 -1 -1
Result 0 -7.0 2000 0.45 0.17 0.18 0.14 0.18 0.14 0.18 -1 -1 -1 -1
Evo 37.53 -1000000.12 0.15 -38397.30 -6.80 -4.74 -4.31 156801.83 3505.32 0.01 0.13 0.29 -1 -1
Result 0 -9.0 2000 0.44 0.17 0.17 0.15 0.17 0.16 0.16 -1 -1 -1 -1
Evo 37.36 -1000000.07 0.05 -35304.68 -6.45 -5.10 -2.38 156792.53 3505.11 0.01 0.19 0.39 -1 -1
Result 0 -6.0 2000 0.45 0.17 0.18 0.15 0.18 0.16 0.16 -1 -1 -1 -1
Evo 38.10 -1000000.05 -0.06 -38276.40 -8.34 -5.96 -4.33 156705.93 3503.18 0.01 0.13 0.27 -1 -1
Result 0 -9.0 2000 0.41 0.17 0.20 0.16 0.15 0.16 0.16 -1 -1 -1 -1
Evo 34.92 -1000000.13 0.31 -27888.62 -1.65 -1.46 -1.32 156384.17 3495.98 0.01 0.19 0.41 -1 -1
Result 0 -1.0 2000 0.46 0.18 0.20 0.14 0.20 0.13 0.16 -1 -1 -1 -1
Evo 36.30 -1000000.07 -0.17 -35468.11 -4.86 -4.48 -4.11 156839.61 3506.16 0.01 0.12 0.27 -1 -1
Result 0 -7.0 2000 0.45 0.17 0.19 0.14 0.19 0.14 0.17 -1 -1 -1 -1
Evo 36.33 -1000000.16 0.15 -32966.54 -6.41 -2.97 -2.54 156629.73 3501.47 0.01 0.13 0.28 -1 -1
Result 0 -8.0 2000 0.45 0.17 0.18 0.15 0.18 0.14 0.17 -1 -1 -1 -1
Evo 34.17 -1000000.31 0.29 -25129.42 -1.40 -0.66 -0.51 156135.42 3490.42 0.01 0.07 0.15 -1 -1
Result 0 -2.0 2000 0.41 0.18 0.16 0.16 0.15 0.17 0.18 -1 -1 -1 -1
Evo 34.35 -999999.95 0.15 -25013.68 -0.72 -0.58 -0.46 156125.88 3490.21 0.01 0.08 0.17 -1 -1
Result 0 -1.0 2000 0.41 0.17 0.15 0.17 0.15 0.18 0.18 -1 -1 -1 -1
Evo 34.36 -1000000.18 0.29 -25025.56 -0.69 -0.57 -0.45 156124.52 3490.18 0.01 0.09 0.20 -1 -1
Result 0 -3.0 2000 0.43 0.19 0.15 0.16 0.16 0.16 0.16 -1 -1 -1 -1
Evo 34.49 -1000000.14 0.29 -25120.58 -1.41 -0.69 -0.50 156128.33 3490.26 0.01 0.06 0.15 -1 -1
Result 0 -1.0 2000 0.41 0.18 0.16 0.16 0.15 0.17 0.18 -1 -1 -1 -1
Evo 34.72 -1000000.15 0.29 -24988.04 -0.70 -0.57 -0.45 156125.79 3490.21 0.01 0.08 0.19 -1 -1
Result 0 -2.0 2000 0.42 0.16 0.15 0.17 0.16 0.18 0.18 -1 -1 -1 -1
Evo 35.28 -1000000.05 0.45 -25177.43 -0.86 -0.62 -0.49 156144.81 3490.63 0.01 0.09 0.19 -1 -1
Result 0 -2.0 2000 0.41 0.19 0.16 0.17 0.15 0.16 0.16 -1 -1 -1 -1
Evo 34.11 -1000000.13 0.29 -25053.32 -0.72 -0.58 -0.46 156124.68 3490.18 0.01 0.07 0.21 -1 -1
Result 0 -2.0 2000 0.43 0.17 0.16 0.17 0.16 0.16 0.18 -1 -1 -1 -1
Evo 35.80 -1000000.21 0.34 -25014.86 -1.57 -1.31 -0.58 156125.91 3490.21 0.01 0.08 0.19 -1 -1
Result 0 -2.0 2000 0.40 0.18 0.16 0.17 0.14 0.17 0.18 -1 -1 -1 -1
Evo 35.08 -1000000.06 0.29 -25057.78 -0.70 -0.56 -0.44 156125.72 3490.20 0.01 0.08 0.17 -1 -1
Result 0 -2.0 2000 0.43 0.17 0.16 0.17 0.16 0.16 0.17 -1 -1 -1 -1
Evo 35.65 -1000000.09 0.29 -25409.47 -1.47 -1.28 -0.76 156130.98 3490.32 0.01 0.08 0.17 -1 -1
Result 0 -2.0 2000 0.41 0.17 0.16 0.17 0.15 0.17 0.18 -1 -1 -1 -1
Evo 35.20 -1000000.07 0.24 -25051.28 -0.70 -0.56 -0.44 156129.47 3490.29 0.01 0.07 0.18 -1 -1
Result 0 0.0 2000 0.42 0.19 0.16 0.16 0.16 0.16 0.18 -1 -1 -1 -1
Evo 34.96 -1000000.28 0.15 -25065.99 -0.95 -0.65 -0.48 156127.63 3490.25 0.01 0.07 0.18 -1 -1
Result 0 -3.0 2000 0.41 0.18 0.17 0.16 0.15 0.17 0.17 -1 -1 -1 -1
Evo 34.57 -1000000.26 0.37 -25005.28 -0.71 -0.58 -0.44 156124.93 3490.19 0.01 0.07 0.16 -1 -1
Result 0 -1.0 2000 0.41 0.18 0.15 0.16 0.15 0.16 0.19 -1 -1 -1 -1
Evo 34.65 -1000000.26 0.34 -25015.80 -0.70 -0.57 -0.45 156126.27 3490.22 0.01 0.06 0.13 -1 -1
Result 0 -1.0 2000 0.41 0.18 0.16 0.16 0.15 0.16 0.18 -1 -1 -1 -1
Evo 33.74 -1000000.11 0.45 -25010.76 -0.70 -0.57 -0.44 156125.45 3490.20 0.01 0.07 0.15 -1 -1
Result 0 -3.0 2000 0.41 0.18 0.15 0.16 0.15 0.17 0.19 -1 -1 -1 -1
Evo 35.17 -1000000.21 0.25 -24988.04 -0.69 -0.57 -0.45 156125.77 3490.21 0.01 0.06 0.14 -1 -1
Result 0 -2.0 2000 0.42 0.17 0.16 0.18 0.16 0.17 0.16 -1 -1 -1 -1
Evo 34.72 -1000000.15 0.29 -25041.86 -0.70 -0.57 -0.45 156123.44 3490.15 0.01 0.07 0.15 -1 -1
Result 0 -1.0 2000 0.41 0.19 0.16 0.17 0.15 0.17 0.16 -1 -1 -1 -1
Evo 33.82 -1000000.09 0.40 -25006.55 -0.69 -0.57 -0.45 156125.01 3490.19 0.01 0.06 0.15 -1 -1
Result 0 -1.0 2000 0.42 0.16 0.16 0.17 0.15 0.18 0.17 -1 -1 -1 -1
Evo 34.13 -1000000.10 0.31 -25015.25 -0.72 -0.59 -0.46 156123.79 3490.16 0.01 0.07 0.16 -1 -1
Result 0 -1.0 2000 0.42 0.17 0.16 0.16 0.16 0.15 0.20 -1 -1 -1 -1
Evo 34.85 -1000000.07 0.31 -24988.05 -0.71 -0.56 -0.45 156125.77 3490.21 0.01 0.08 0.14 -1 -1
Result 0 -2.0 2000 0.41 0.17 0.16 0.18 0.15 0.18 0.17 -1 -1 -1 -1
Evo 36.86 -1000000.28 -1.34 -26075.25 -4.59 -4.40 -3.89 156199.71 3491.86 0.01 0.05 0.12 -1 -1
Result 0 -5.0 2000 0.41 0.17 0.16 0.15 0.15 0.21 0.17 -1 -1 -1 -1
Evo 37.84 -1000000.04 -0.88 -25079.69 -3.36 -3.22 -3.09 156123.44 3490.15 0.01 0.03 0.07 -1 -1
Result 0 -4.0 2000 0.46 0.17 0.12 0.12 0.19 0.21 0.18 -1 -1 -1 -1
Evo 38.64 -1000000.23 -1.38 -33330.64 -8.88 -6.49 -5.40 156496.84 3498.50 0.01 0.09 0.14 -1 -1
Result 0 -10.0 2000 0.47 0.17 0.13 0.17 0.21 0.16 0.16 -1 -1 -1 -1
Evo 35.66 -1000000.03 -0.35 -25446.67 -4.81 -4.54 -2.26 156123.42 3490.15 0.01 0.17 0.31 -1 -1
Result 0 -6.0 2000 0.40 0.18 0.17 0.18 0.15 0.16 0.16 -1 -1 -1 -1
Evo 36.96 -1000000.03 -0.35 -25377.43 -3.30 -3.11 -2.72 156160.51 3490.98 0.01 0.03 0.08 -1 -1
Result 0 -4.0 2000 0.45 0.18 0.13 0.13 0.18 0.21 0.17 -1 -1 -1 -1
Evo 36.51 -1000000.27 -0.71 -28171.93 -4.51 -4.05 -3.69 156402.34 3496.39 0.01 0.05 0.12 -1 -1
Result 0 -8.0 2000 0.45 0.18 0.15 0.16 0.19 0.16 0.16 -1 -1 -1 -1
Evo 38.79 -1000000.24 -0.80 -29489.95 -6.60 -6.16 -5.44 156274.20 3493.52 0.01 0.06 0.13 -1 -1
Result 0 -8.0 2000 0.47 0.18 0.12 0.16 0.21 0.17 0.16 -1 -1 -1 -1
Evo 39.23 -1000000.12 -1.71 -33004.60 -7.31 -6.98 -6.30 156419.15 3496.76 0.01 0.07 0.15 -1 -1
Result 0 -9.0 2000 0.47 0.17 0.12 0.17 0.20 0.18 0.16 -1 -1 -1 -1
Evo 37.31 -999999.89 -1.01 -32173.89 -8.04 -6.43 -2.37 156384.18 3495.98 0.01 0.09 0.16 -1 -1
Result 0 -8.0 2000 0.45 0.17 0.13 0.17 0.19 0.18 0.16 -1 -1 -1 -1
Evo 36.86 -1000000.21 -0.95 -25884.18 -4.06 -3.95 -3.73 156298.57 3494.07 0.01 0.05 0.10 -1 -1
Result 0 -4.0 2000 0.46 0.16 0.12 0.14 0.20 0.20 0.18 -1 -1 -1 -1
Evo 38.37 -1000000.27 -0.87 -28543.27 -4.65 -4.24 -3.61 156353.69 3495.30 0.01 0.05 0.11 -1 -1
Result 0 -6.0 2000 0.48 0.19 0.13 0.16 0.22 0.15 0.16 -1 -1 -1 -1
Evo 34.51 -999999.96 -0.61 -26493.90 -3.08 -2.90 -2.72 156256.41 3493.13 0.01 0.19 0.39 -1 -1
Result 0 -3.0 2000 0.41 0.18 0.15 0.17 0.15 0.17 0.18 -1 -1 -1 -1
Evo 35.20 -1000000.23 -0.35 -25399.64 -3.41 -2.93 -1.65 156142.86 3490.59 0.01 0.13 0.24 -1 -1
Result 0 -3.0 2000 0.40 0.17 0.18 0.18 0.14 0.19 0.15 -1 -1 -1 -1
Evo 37.17 -1000000.08 -0.76 -26640.10 -5.47 -5.11 -3.47 156242.91 3492.82 0.01 0.06 0.11 -1 -1
Result 0 -6.0 2000 0.41 0.18 0.15 0.14 0.15 0.21 0.17 -1 -1 -1 -1
Evo 38.39 -1000000.13 -1.84 -31979.71 -8.73 -8.00 -6.40 156388.11 3496.07 0.01 0.18 0.29 -1 -1
Result 0 -11.0 2000 0.46 0.17 0.14 0.16 0.20 0.16 0.17 -1 -1 -1 -1
Evo 36.22 -1000000.14 -0.90 -25344.58 -4.30 -3.12 -2.51 156131.73 3490.34 0.01 0.04 0.10 -1 -1
Result 0 -5.0 2000 0.43 0.17 0.14 0.13 0.17 0.22 0.17 -1 -1 -1 -1
Evo 34.19 -1000000.15 -1.17 -25784.43 -3.06 -2.87 -2.58 156172.94 3491.26 0.01 0.24 0.51 -1 -1
Result 0 -4.0 2000 0.40 0.20 0.15 0.18 0.14 0.17 0.18 -1 -1 -1 -1
Evo 37.46 -999999.98 -1.13 -25747.90 -5.04 -4.93 -4.67 156129.57 3490.29 0.01 0.04 0.08 -1 -1
Result 0 -5.0 2000 0.47 0.18 0.11 0.13 0.20 0.18 0.19 -1 -1 -1 -1
Evo 36.64 -1000000.10 -0.96 -25418.13 -3.49 -3.36 -3.15 156183.94 3491.51 0.01 0.05 0.11 -1 -1
Result 0 -4.0 2000 0.47 0.16 0.15 0.11 0.20 0.20 0.18 -1 -1 -1 -1
Evo 34.95 -1000000.08 -0.53 -26128.01 -2.23 -2.01 -1.85 156154.20 3490.84 0.01 0.23 0.47 -1 -1
Result 0 -2.0 2000 0.40 0.18 0.16 0.18 0.14 0.18 0.15 -1 -1 -1 -1
Evo 33.75 -1000000.17 0.06 -24988.81 -1.75 -1.53 -0.87 156125.65 3490.20 0.01 0.10 0.19 -1 -1
Result 0 -2.0 2000 0.44 0.17 0.18 0.14 0.17 0.15 0.18 -1 -1 -1 -1
Evo 34.28 -999999.98 0.40 -25034.53 -1.29 -0.90 -0.72 156125.64 3490.20 0.01 0.11 0.24 -1 -1
Result 0 -3.0 2000 0.43 0.17 0.19 0.15 0.17 0.15 0.18 -1 -1 -1 -1
Evo 33.36 -1000000.16 0.25 -25007.66 -1.35 -0.85 -0.67 156125.00 3490.19 0.01 0.11 0.21 -1 -1
Result 0 -3.0 2000 0.42 0.18 0.16 0.17 0.15 0.16 0.18 -1 -1 -1 -1
Evo 33.52 -1000000.11 0.15 -24988.76 -1.69 -1.47 -0.88 156125.66 3490.20 0.01 0.11 0.20 -1 -1
Result 0 -2.0 2000 0.44 0.17 0.18 0.16 0.17 0.15 0.17 -1 -1 -1 -1
Evo 33.34 -1000000.12 0.05 -25002.97 -1.88 -1.75 -1.56 156124.61 3490.18 0.01 0.10 0.21 -1 -1
Result 0 -2.0 2000 0.45 0.18 0.17 0.15 0.18 0.15 0.17 -1 -1 -1 -1
Evo 34.05 -1000000.04 0.29 -24988.21 -0.87 -0.74 -0.60 156125.75 3490.21 0.01 0.07 0.16 -1 -1
Result 0 -3.0 2000 0.43 0.17 0.17 0.16 0.17 0.15 0.18 -1 -1 -1 -1
Evo 34.17 -1000000.15 0.47 -25000.77 -0.97 -0.82 -0.66 156124.74 3490.18 0.01 0.10 0.20 -1 -1
Result 0 0.0 2000 0.44 0.19 0.17 0.15 0.17 0.15 0.16 -1 -1 -1 -1
Evo 34.48 -1000000.22 0.31 -25007.47 -0.94 -0.79 -0.65 156125.03 3490.19 0.01 0.09 0.19 -1 -1
Result 0 0.0 2000 0.43 0.17 0.17 0.15 0.17 0.16 0.18 -1 -1 -1 -1
Evo 33.67 -1000000.09 0.29 -24988.25 -0.91 -0.76 -0.61 156125.74 3490.21 0.01 0.10 0.19 -1 -1
Result 0 -2.0 2000 0.43 0.18 0.18 0.15 0.17 0.15 0.18 -1 -1 -1 -1
Evo 34.29 -1000000.25 0.40 -24988.23 -0.90 -0.76 -0.63 156125.75 3490.21 0.01 0.09 0.19 -1 -1
Result 0 -2.0 2000 0.42 0.17 0.17 0.16 0.16 0.15 0.19 -1 -1 -1 -1
Evo 33.64 -1000000.26 0.40 -24988.21 -0.87 -0.75 -0.62 156125.74 3490.21 0.01 0.08 0.18 -1 -1
Result 0 -1.0 2000 0.43 0.17 0.17 0.15 0.17 0.16 0.18 -1 -1 -1 -1
Evo 33.75 -1000000.08 0.29 -25048.56 -0.91 -0.76 -0.63 156124.10 3490.17 0.01 0.09 0.21 -1 -1
Result 0 0.0 2000 0.44 0.17 0.17 0.15 0.18 0.15 0.17 -1 -1 -1 -1
Evo 33.44 -1000000.27 0.31 -25034.99 -0.95 -0.81 -0.66 156125.29 3490.20 0.01 0.11 0.22 -1 -1
Result 0 -3.0 2000 0.45 0.18 0.18 0.14 0.18 0.14 0.17 -1 -1 -1 -1
Evo 32.91 -1000000.29 0.40 -24988.21 -0.89 -0.75 -0.62 156125.74 3490.21 0.01 0.07 0.18 -1 -1
Result 0 -1.0 2000 0.44 0.18 0.18 0.15 0.17 0.16 0.17 -1 -1 -1 -1
Evo 33.74 -1000000.10 0.15 -25017.33 -1.78 -1.51 -0.82 156126.31 3490.22 0.01 0.10 0.21 -1 -1
Result 0 -2.0 2000 0.44 0.18 0.18 0.15 0.17 0.14 0.18 -1 -1 -1 -1
Evo 34.03 -1000000.09 0.40 -24988.22 -0.89 -0.77 -0.62 156125.74 3490.21 0.01 0.07 0.17 -1 -1
Result 0 0.0 2000 0.43 0.17 0.16 0.16 0.17 0.16 0.18 -1 -1 -1 -1
Evo 36.59 -1000000.00 -0.04 -26896.46 -4.51 -4.18 -2.51 156259.21 3493.19 0.01 0.13 0.23 -1 -1
Result 0 -6.0 2000 0.43 0.17 0.21 0.15 0.16 0.14 0.17 -1 -1 -1 -1
Evo 34.03 -1000000.08 0.40 -25017.64 -0.92 -0.78 -0.63 156126.57 3490.22 0.01 0.10 0.21 -1 -1
Result 0 -2.0 2000 0.43 0.17 0.18 0.16 0.17 0.15 0.17 -1 -1 -1 -1
Evo 34.54 -1000000.00 0.05 -25489.51 -2.61 -1.81 -0.95 156141.36 3490.55 0.01 0.11 0.22 -1 -1
Result 0 -4.0 2000 0.44 0.17 0.19 0.15 0.17 0.15 0.18 -1 -1 -1 -1
Evo 32.93 -1000000.28 0.25 -24988.20 -0.88 -0.74 -0.60 156125.75 3490.21 0.01 0.08 0.18 -1 -1
Result 0 -4.0 2000 0.44 0.17 0.18 0.15 0.17 0.15 0.17 -1 -1 -1 -1
