Result 0 0.0 127 -499644761
Result 0 0.0 286 -1078641819
Result 1 11.0 1521 43985694
Result 1 10.0 1259 -2058892046
Result 1 16.0 791 -1374707866
Result 1 10.0 1312 -151008009
Result 1 8.0 880 -1266908488
Result 0 -9.0 698 -1518389450
Result 1 7.0 1108 -862642212
Result 1 5.0 1339 -351974681
Result 1 17.0 1131 -803251914
Result 1 18.0 984 -411384815
Result 0 3.0 2000 1573006422
Result 1 14.0 923 574368571
Result 0 0.0 61 1174577667
Result 1 17.0 1153 915059796
Result 0 -11.0 1086 555153285
Result 1 18.0 1394 -1704344707
Result 1 10.0 1386 393828628
Result 1 13.0 1085 -283042686
Result 0 1.0 576 -116425259
Result 1 16.0 1621 819935217
Result 0 0.0 242 1232477603
Result 0 0.0 87 -386268469
Result 1 9.0 1683 41067360
Result 0 0.0 376 -858473757
Result 0 0.0 161 477312866
Result 0 1.0 124 -1940192136
Result 1 5.0 1619 -884190613
Result 0 -5.0 516 -32102548
Result 1 12.0 1256 117896468
Result 1 7.0 1727 -1045354390
Result 0 0.0 483 801469686
Result 1 10.0 1720 951433181
Result 1 8.0 1242 2036004121
Result 1 3.0 1433 709762070
Result 1 18.0 1150 1475284614
Result 0 -2.0 232 -494684310
Result 0 -2.0 446 983647602
Result 0 -6.0 928 -21837242
Result 0 6.0 2000 -766109718
Result 0 -5.0 826 964504001
Result 1 18.0 1334 -552823771
Result 0 -2.0 387 -511350825
Result 0 0.0 120 -528068028
Result 0 0.0 188 -2065452756
Result 1 7.0 1858 447180318
Result 0 0.0 143 -71491414
Result 0 2.0 316 1907139435
Result 0 0.0 135 -1678367540
Result 0 0.0 92 -1836429161
Result 0 -5.0 665 -1321186967
Result 1 16.0 1604 -760406053
Result 1 15.0 1726 812059713
Result 0 3.0 2000 -2102242418
Result 1 7.0 1473 1529575157
Result 0 0.0 222 -661516145
Result 0 0.0 2000 -2089631488
Result 1 9.0 1463 -1831585908
Result 0 0.0 135 1279930029
Result 0 -6.0 464 460983563
Result 1 17.0 1019 -1476144183
Result 1 19.0 792 -972078617
Result 0 2.0 470 320743579
Result 0 1.0 468 988638755
Result 1 19.0 1391 -1726432910
Result 0 0.0 149 1776726363
Result 1 9.0 1619 -612166936
Result 0 -1.0 487 1370259031
Result 0 3.0 540 1713628346
Result 1 15.0 1339 218627238
Result 1 17.0 1173 130992235
Result 1 19.0 993 638581825
Result 0 0.0 147 453715090
Result 1 15.0 978 -329379019
Result 1 19.0 1101 -920415112
Result 1 20.0 1143 -847403781
Result 0 -1.0 604 -793822022
Result 1 15.0 879 -72306960
Result 0 0.0 149 -1132614554
Result 0 1.0 333 2010502762
Result 0 0.0 147 1583845096
Result 0 0.0 221 -58679888
Result 0 1.0 227 1743266418
Result 1 18.0 1117 55296193
Result 0 0.0 416 1181011185
Result 1 19.0 824 1198752012
Result 1 10.0 1512 1163476612
Result 1 17.0 1148 -1369842208
Result 1 12.0 1779 -1886915799
Result 0 -1.0 452 -867535381
Result 0 0.0 264 543360744
Result 0 0.0 100 1634411223
Result 1 6.0 1760 1623150644
Result 0 -1.0 187 -2025301727
Result 0 0.0 83 132221250
Result 1 10.0 1144 -1841507952
Result 1 17.0 800 1036708878
Result 1 18.0 926 -1310085310
Result 0 1.0 168 -101201019
