Result 1 1.0 19 1827931544
Result 1 1.0 7 -1469047821
Result 1 1.0 24 -605021289
Result 1 1.0 8 1163236615
Result 1 1.0 12 1475740503
Result 1 1.0 9 -827102398
Result 1 1.0 21 1285345564
Result 1 1.0 23 1692511773
Result 1 1.0 17 1023759760
Result 1 1.0 23 607860458
Result 1 1.0 28 990380292
Result 1 1.0 12 210936810
Result 1 1.0 26 -937187272
Result 1 1.0 32 -1466386741
Result 1 1.0 10 -917126489
Result 1 1.0 55 1178557074
Result 1 1.0 42 1462057179
Result 1 1.0 23 -1865003676
Result 1 1.0 22 -873103239
Result 1 1.0 12 736978171
Result 1 1.0 641 1514216129
Result 0 0.0 2000 -1745161142
Result 0 0.0 2000 527858914
Result 0 0.0 2000 -252936667
Result 0 0.0 2000 232822528
Result 0 0.0 2000 2083773545
Result 1 1.0 485 1768740443
Result 0 0.0 2000 703992447
Result 0 0.0 2000 2028458988
Result 0 0.0 2000 1687491462
Result 0 0.0 2000 542051327
Result 0 0.0 2000 -906090258
Result 0 0.0 2000 678613059
Result 0 0.0 2000 -331918115
Result 0 0.0 2000 34903725
Result 0 0.0 2000 -317534910
Result 0 0.0 2000 1988641987
Result 0 0.0 2000 -1120183031
Result 0 0.0 2000 -1827956615
Result 1 1.0 1287 -1570374673
Result 0 0.0 2000 -1016639879
Result 0 0.0 2000 1432646564
Result 0 0.0 2000 -112941775
Result 0 0.0 2000 494369594
Result 0 0.0 2000 -1774357147
Result 0 0.0 2000 -308290066
Result 0 0.0 2000 -592335130
Result 0 0.0 2000 -1325268518
Result 0 0.0 2000 -1239882283
Result 0 0.0 2000 441483457
Result 0 0.0 2000 -1629688846
Result 0 0.0 2000 -1442758493
Result 0 0.0 2000 853803877
Result 0 0.0 2000 -824802437
Result 0 0.0 2000 -15075855
Result 0 0.0 2000 1078670142
Result 0 0.0 2000 -835100532
Result 0 0.0 2000 -39779351
Result 0 0.0 2000 -1278166279
Result 0 0.0 2000 2088167501
Result 0 0.0 2000 1282780336
Result 0 0.0 2000 259216539
Result 0 0.0 2000 1193172210
Result 0 0.0 2000 32421605
Result 0 0.0 2000 1587680172
Result 0 0.0 2000 1015736789
Result 0 0.0 2000 1050563160
Result 0 0.0 2000 -168611526
Result 0 0.0 2000 104833046
Result 0 0.0 2000 1895619095
Result 0 0.0 2000 637089792
Result 0 0.0 2000 1079575131
Result 0 0.0 2000 1872795553
Result 0 0.0 2000 -766274100
Result 0 0.0 2000 -383350602
Result 0 0.0 2000 2143028716
Result 0 0.0 2000 -469102902
Result 0 0.0 2000 114736992
Result 0 0.0 2000 -67502648
Result 0 0.0 2000 850952113
Result 0 0.0 2000 -1727796147
Result 0 0.0 2000 -843589531
Result 1 1.0 1064 -778160633
Result 0 0.0 2000 1162374886
Result 0 0.0 2000 1845083245
Result 1 1.0 634 -1286959183
Result 0 0.0 2000 -605129815
Result 0 0.0 2000 -613566154
Result 0 0.0 2000 998493423
Result 1 1.0 948 -1733009811
Result 0 0.0 2000 -320439837
Result 0 0.0 2000 -604514060
Result 0 0.0 2000 -1254231224
Result 0 0.0 2000 -176172204
Result 0 0.0 2000 1546712762
Result 0 0.0 2000 1770862705
Result 1 1.0 254 -1786999994
Result 0 0.0 2000 -1289269510
Result 0 0.0 2000 1915285779
Result 0 0.0 2000 1435481751
