Result 1 72.0 532 -506520328
Result 1 61.0 652 2044863598
Result 0 68.0 904 232617824
Result 0 21.0 185 475505979
Result 0 17.0 154 2128526413
Result 1 65.0 532 2042407600
Result 0 33.0 349 1936274308
Result 1 70.0 429 1387524232
Result 0 67.0 817 1566886183
Result 1 70.0 557 -1886551284
Result 0 65.0 782 1267527066
Result 1 79.0 504 -1991352930
Result 1 71.0 815 -111013636
Result 0 66.0 868 2112847278
Result 1 76.0 560 -1848365325
Result 1 75.0 607 -182567103
Result 1 81.0 621 988375560
Result 1 75.0 538 1106261733
Result 0 62.0 990 574291891
Result 1 78.0 546 -1367512289
Result 0 39.0 279 83411882
Result 1 65.0 458 -671347011
Result 1 54.0 762 -653875115
Result 0 56.0 498 784397549
Result 1 71.0 516 897486642
Result 1 80.0 520 -1609804360
Result 1 70.0 638 -1216405461
Result 1 69.0 451 893387268
Result 1 74.0 488 1372575306
Result 1 65.0 725 693686010
Result 1 78.0 504 -1817325391
Result 1 76.0 444 1106747278
Result 1 73.0 472 1204320026
Result 1 63.0 502 581759555
Result 0 12.0 132 511366926
Result 0 15.0 172 852014293
Result 0 47.0 544 251850912
Result 1 80.0 512 -1219547482
Result 0 50.0 585 -2136166572
Result 0 54.0 722 -637603244
Result 1 77.0 511 1335429162
Result 1 67.0 479 -572892190
Result 1 80.0 613 394441417
Result 1 62.0 768 -810170122
Result 1 61.0 801 258844904
Result 1 78.0 591 1423123765
Result 0 33.0 358 -1686433110
Result 1 56.0 764 -748548810
Result 1 70.0 597 -604418832
Result 0 39.0 389 -1302500583
Result 1 75.0 509 872393209
Result 0 57.0 910 -1812723720
Result 1 58.0 520 -1016893040
Result 1 63.0 512 2021608219
Result 1 62.0 507 1121155509
Result 1 67.0 967 2015464387
Result 1 74.0 543 773975716
Result 1 63.0 832 -1640209832
Result 0 33.0 309 -11519703
Result 0 29.0 332 1954253857
Result 1 40.0 543 -694207937
Result 0 33.0 483 -1940379476
Result 0 1.0 115 1548390657
Result 1 40.0 395 -832123945
Result 0 3.0 127 -152023936
Result 1 40.0 709 2137652398
Result 1 40.0 679 -534988664
Result 1 40.0 540 -868751908
Result 1 40.0 634 -845814560
Result 1 40.0 548 -1622987286
Result 1 40.0 548 9550814
Result 1 40.0 400 908092435
Result 1 40.0 648 -1662269097
Result 1 40.0 603 -387129037
Result 0 13.0 193 460893533
Result 1 40.0 483 -1522885939
Result 0 17.0 256 303290757
Result 1 40.0 414 1780600034
Result 1 40.0 673 -912293935
Result 1 40.0 791 -407073662
Result 1 58.0 473 -1529438953
Result 0 22.0 236 333760654
Result 1 57.0 454 -1132003100
Result 1 65.0 608 -1450261173
Result 1 68.0 438 24726630
Result 1 52.0 758 1545601295
Result 1 54.0 571 -2077857522
Result 1 55.0 444 -1295098573
Result 0 20.0 200 2115184328
Result 1 62.0 490 -677152070
Result 0 8.0 106 1201888928
Result 0 48.0 745 -1849248425
Result 1 72.0 492 399411457
Result 1 67.0 455 368665148
Result 0 25.0 268 -770006375
Result 1 54.0 755 794311211
Result 1 64.0 569 1567044346
Result 1 58.0 440 -5850362
Result 1 60.0 553 -1322449839
Result 1 68.0 465 -965834982
