Result 0 16.0 2000 1580165498
Result 0 0.0 135 1206404386
Result 0 22.0 2000 1531608587
Result 0 13.0 2000 1031963249
Result 0 1.0 220 -1268628889
Result 0 19.0 2000 -757869257
Result 0 14.0 2000 -1937320310
Result 0 22.0 2000 872787051
Result 0 1.0 75 -885073362
Result 0 2.0 127 1582615831
Result 0 20.0 2000 1612545167
Result 0 0.0 47 629954030
Result 0 22.0 2000 -316530707
Result 0 3.0 963 997252148
Result 0 2.0 311 -194122593
Result 0 0.0 300 1648748
Result 0 1.0 507 252064241
Result 0 24.0 2000 -729488304
Result 0 0.0 123 27411602
Result 0 16.0 2000 -113878291
Result 0 3.0 255 200921550
Result 0 1.0 54 142648376
Result 0 1.0 423 -1328174437
Result 0 33.0 2000 -734797381
Result 0 1.0 111 1851311693
Result 0 4.0 503 1867330672
Result 0 0.0 224 -857338430
Result 0 7.0 2000 -1269204209
Result 0 0.0 591 -1461544895
Result 0 -1.0 43 548741512
Result 0 0.0 404 -1934292728
Result 0 0.0 143 841746904
Result 0 11.0 2000 1947626277
Result 0 1.0 272 1375227803
Result 0 1.0 183 -115458676
Result 0 14.0 2000 -1388364588
Result 0 12.0 2000 -848554524
Result 0 0.0 279 -854319388
Result 0 32.0 2000 -908230881
Result 0 3.0 163 -1533054642
Result 0 2.0 212 -1527750154
Result 0 24.0 1287 -1447727113
Result 0 1.0 558 258241314
Result 0 32.0 2000 1770618430
Result 0 5.0 423 -1768979741
Result 0 28.0 2000 -888165525
Result 0 36.0 2000 1414499922
Result 0 4.0 585 1014853849
Result 0 31.0 2000 -66208572
Result 0 6.0 1010 1463370124
Result 0 1.0 479 60179244
Result 0 0.0 110 -717706495
Result 0 5.0 850 1156273407
Result 0 13.0 807 -2108005851
Result 0 0.0 228 -1162055263
Result 0 -1.0 375 -590525345
Result 0 27.0 2000 1657745738
Result 0 1.0 264 706678085
Result 0 6.0 253 -1426038284
Result 0 27.0 2000 1730728370
Result 0 -1.0 135 2055566452
Result 0 4.0 2000 292137820
Result 0 1.0 299 77194247
Result 0 3.0 2000 -440682909
Result 0 -1.0 298 -23258872
Result 0 -1.0 771 -498081900
Result 0 0.0 2000 -699896106
Result 0 7.0 2000 -1885293914
Result 0 1.0 739 -1458137156
Result 0 2.0 2000 -886795706
Result 0 3.0 2000 -135724191
Result 0 -1.0 715 1634013313
Result 0 -1.0 111 1130760692
Result 0 -1.0 119 -1455224236
Result 0 5.0 2000 -282031945
Result 0 2.0 2000 1471178374
Result 0 3.0 2000 -105315351
Result 0 -1.0 507 -98985768
Result 0 -1.0 96 1658171060
Result 0 10.0 2000 -988072776
Result 0 -1.0 119 -633095823
Result 0 0.0 238 -909842600
Result 0 0.0 2000 1310837120
Result 0 -2.0 459 2067664207
Result 0 -1.0 145 -760200235
Result 0 16.0 2000 1655184104
Result 0 -1.0 334 -1549050247
Result 0 -1.0 295 1815740789
Result 0 1.0 223 -1342826430
Result 0 2.0 245 1729307126
Result 0 17.0 1431 -188743935
Result 0 49.0 2000 -72275205
Result 0 -1.0 467 -564950486
Result 0 0.0 2000 -699338259
Result 0 0.0 2000 512238665
Result 0 6.0 2000 1004788485
Result 0 2.0 2000 2119233023
Result 0 0.0 2000 1743708136
Result 0 32.0 771 239444874
Result 0 -1.0 121 797917093
