Evo 1.03 0.00 1.00 0.95 1.00 1.00 1.00 0.23 0.01 0.01 0.29 0.86 -1 0
Result 0 23.0 2000 0.45 0.19 0.15 0.15 0.18 0.14 0.19 -1 -1 -1 -1
Evo 1.07 0.00 1.00 0.95 1.00 1.00 1.00 0.23 0.01 0.53 0.26 0.84 -1 0
Result 0 30.0 2000 0.44 0.17 0.16 0.16 0.16 0.16 0.18 -1 -1 -1 -1
Evo 1.02 0.00 1.00 0.95 1.00 1.00 1.00 0.23 0.01 0.26 0.27 0.86 -1 1
Result 0 25.0 2000 0.44 0.17 0.18 0.17 0.15 0.15 0.17 -1 -1 -1 -1
Evo 1.00 0.00 1.00 0.95 1.00 1.00 1.00 0.23 0.01 0.05 0.14 0.41 -1 0
Result 0 14.0 2000 0.42 0.16 0.18 0.17 0.17 0.15 0.17 -1 -1 -1 -1
Evo 1.04 0.00 1.00 0.95 1.00 1.00 1.00 0.23 0.01 0.16 0.26 0.92 -1 0
Result 0 22.0 2000 0.45 0.18 0.16 0.16 0.15 0.17 0.18 -1 -1 -1 -1
Evo 1.03 0.00 1.00 0.95 1.00 1.00 1.00 0.23 0.01 0.03 0.18 0.66 -1 0
Result 0 12.0 2000 0.44 0.18 0.16 0.15 0.16 0.16 0.19 -1 -1 -1 -1
Evo 1.01 0.00 1.00 0.95 1.00 1.00 1.00 0.23 0.01 0.53 0.27 0.90 -1 0
Result 0 17.0 2000 0.42 0.16 0.16 0.16 0.16 0.17 0.19 -1 -1 -1 -1
Evo 1.08 0.00 1.00 0.95 1.00 1.00 1.00 0.22 0.00 0.22 0.24 0.83 -1 0
Result 0 35.0 1995 0.45 0.18 0.18 0.16 0.16 0.15 0.17 -1 -1 -1 -1
Evo 1.02 0.00 1.00 0.95 1.00 1.00 1.00 0.23 0.01 0.04 0.19 0.54 -1 0
Result 0 21.0 2000 0.45 0.18 0.16 0.16 0.16 0.16 0.19 -1 -1 -1 -1
Evo 1.03 0.00 1.00 0.97 1.00 1.00 1.00 0.17 0.00 0.30 0.24 0.88 -1 0
Result 0 22.0 1952 0.45 0.18 0.16 0.15 0.15 0.17 0.19 -1 -1 -1 -1
Evo 1.01 0.00 1.00 0.95 1.00 1.00 1.00 0.23 0.01 0.09 0.31 0.92 -1 1
Result 0 25.0 2000 0.46 0.20 0.15 0.15 0.15 0.16 0.20 -1 -1 -1 -1
Evo 1.02 0.00 1.00 0.95 1.00 1.00 1.00 0.23 0.01 0.07 0.27 0.86 -1 0
Result 0 27.0 2000 0.44 0.17 0.15 0.16 0.17 0.17 0.18 -1 -1 -1 -1
Evo 1.03 0.00 1.00 0.95 1.00 1.00 1.00 0.23 0.01 0.04 0.24 0.53 -1 0
Result 0 20.0 2000 0.44 0.17 0.18 0.16 0.16 0.16 0.17 -1 -1 -1 -1
Evo 1.02 0.00 1.00 0.95 1.00 1.00 1.00 0.23 0.01 0.10 0.27 0.89 -1 1
Result 0 22.0 2000 0.45 0.18 0.17 0.15 0.15 0.16 0.17 -1 -1 -1 -1
Evo 1.01 0.00 1.00 0.95 1.00 1.00 1.00 0.23 0.01 0.01 0.22 0.57 -1 0
Result 0 20.0 2000 0.46 0.19 0.15 0.15 0.16 0.15 0.19 -1 -1 -1 -1
Evo 1.03 0.00 1.00 0.95 1.00 1.00 1.00 0.23 0.01 0.11 0.21 0.52 -1 1
Result 0 18.0 2000 0.44 0.18 0.16 0.16 0.15 0.17 0.18 -1 -1 -1 -1
Evo 1.05 0.00 1.00 0.95 1.00 1.00 1.00 0.23 0.01 0.08 0.30 0.86 -1 0
Result 0 26.0 2000 0.46 0.20 0.16 0.16 0.15 0.15 0.19 -1 -1 -1 -1
Evo 1.04 0.00 1.00 0.95 1.00 1.00 1.00 0.22 0.00 0.07 0.31 0.94 -1 0
Result 0 23.0 1995 0.44 0.17 0.17 0.16 0.14 0.16 0.19 -1 -1 -1 -1
Evo 1.03 0.00 1.00 0.95 1.00 1.00 1.00 0.23 0.01 0.09 0.28 0.87 -1 0
Result 0 33.0 2000 0.44 0.18 0.17 0.15 0.17 0.16 0.17 -1 -1 -1 -1
Evo 1.03 0.00 1.00 0.95 1.00 1.00 1.00 0.23 0.01 0.03 0.16 0.45 -1 1
Result 0 15.0 2000 0.45 0.18 0.17 0.16 0.15 0.15 0.19 -1 -1 -1 -1
Evo 1.00 0.00 1.00 0.95 1.00 1.00 1.00 0.23 0.01 0.37 0.25 0.73 -1 0
Result 0 12.0 2000 0.45 0.19 0.16 0.15 0.15 0.17 0.18 -1 -1 -1 -1
Evo 1.07 0.00 1.00 0.95 1.00 1.00 1.00 0.23 0.01 0.04 0.24 0.72 -1 0
Result 0 36.0 2000 0.46 0.20 0.16 0.15 0.16 0.15 0.18 -1 -1 -1 -1
Evo 1.12 0.00 1.00 0.95 1.00 1.00 1.00 0.23 0.01 0.14 0.24 0.92 -1 0
Result 0 32.0 2000 0.46 0.19 0.16 0.14 0.15 0.15 0.21 -1 -1 -1 -1
Evo 1.03 0.00 1.00 0.95 1.00 1.00 1.00 0.23 0.01 0.30 0.25 0.69 -1 0
Result 0 32.0 2000 0.46 0.20 0.15 0.16 0.16 0.16 0.17 -1 -1 -1 -1
Evo 1.01 0.00 1.00 0.95 1.00 1.00 1.00 0.23 0.01 0.25 0.23 0.68 -1 0
Result 0 20.0 2000 0.44 0.17 0.17 0.17 0.15 0.16 0.18 -1 -1 -1 -1
Evo 1.10 0.00 1.00 0.95 1.00 1.00 1.00 0.23 0.01 0.12 0.29 0.93 -1 0
Result 0 38.0 2000 0.45 0.18 0.16 0.15 0.15 0.17 0.19 -1 -1 -1 -1
Evo 1.02 0.00 1.00 0.95 1.00 1.00 1.00 0.23 0.01 0.40 0.28 0.74 -1 0
Result 0 24.0 2000 0.44 0.18 0.18 0.16 0.15 0.16 0.17 -1 -1 -1 -1
Evo 1.01 0.00 1.00 0.95 1.00 1.00 1.00 0.23 0.01 0.01 0.22 0.70 -1 0
Result 0 14.0 2000 0.44 0.17 0.16 0.18 0.17 0.14 0.18 -1 -1 -1 -1
Evo 1.06 0.00 1.00 0.95 1.00 1.00 1.00 0.23 0.01 0.39 0.27 0.84 -1 0
Result 0 19.0 2000 0.46 0.19 0.15 0.16 0.16 0.16 0.17 -1 -1 -1 -1
Evo 1.02 0.00 1.00 0.95 1.00 1.00 1.00 0.23 0.01 0.37 0.27 0.88 -1 0
Result 0 31.0 2000 0.46 0.19 0.15 0.15 0.15 0.16 0.19 -1 -1 -1 -1
Evo 1.02 0.00 1.00 0.95 1.00 1.00 1.00 0.23 0.01 0.02 0.26 0.78 -1 0
Result 0 16.0 2000 0.42 0.16 0.16 0.16 0.16 0.17 0.18 -1 -1 -1 -1
Evo 1.12 0.00 1.00 0.95 1.00 1.00 1.00 0.23 0.01 0.04 0.23 0.71 -1 0
Result 0 30.0 2000 0.45 0.18 0.16 0.16 0.14 0.16 0.20 -1 -1 -1 -1
Evo 1.01 0.00 1.00 0.95 1.00 1.00 1.00 0.23 0.01 0.15 0.29 0.88 -1 0
Result 0 26.0 2000 0.45 0.18 0.16 0.16 0.15 0.16 0.19 -1 -1 -1 -1
Evo 1.01 0.00 1.00 0.95 1.00 1.00 1.00 0.23 0.01 0.47 0.28 0.89 -1 0
Result 0 16.0 2000 0.44 0.18 0.15 0.16 0.16 0.17 0.18 -1 -1 -1 -1
Evo 1.01 0.00 1.00 0.95 1.00 1.00 1.00 0.23 0.01 0.39 0.18 0.71 -1 0
Result 0 25.0 2000 0.44 0.18 0.17 0.14 0.17 0.17 0.16 -1 -1 -1 -1
Evo 1.01 0.00 1.00 0.95 1.00 1.00 1.00 0.23 0.01 0.05 0.27 0.88 -1 0
Result 0 18.0 2000 0.43 0.17 0.15 0.16 0.18 0.18 0.16 -1 -1 -1 -1
Evo 1.06 0.00 1.00 0.95 1.00 1.00 1.00 0.23 0.01 0.29 0.28 0.85 -1 0
Result 0 30.0 2000 0.45 0.19 0.15 0.15 0.15 0.17 0.19 -1 -1 -1 -1
Evo 1.03 0.00 1.00 0.95 1.00 1.00 1.00 0.23 0.01 0.06 0.21 0.66 -1 0
Result 0 26.0 2000 0.44 0.18 0.15 0.16 0.16 0.17 0.18 -1 -1 -1 -1
Evo 1.08 0.00 1.00 0.95 1.00 1.00 1.00 0.23 0.01 0.18 0.25 0.75 -1 0
Result 0 36.0 2000 0.46 0.19 0.16 0.16 0.15 0.15 0.19 -1 -1 -1 -1
Evo 1.04 0.00 1.00 0.95 1.00 1.00 1.00 0.23 0.01 0.01 0.25 0.88 -1 0
Result 0 30.0 2000 0.44 0.17 0.16 0.16 0.17 0.17 0.18 -1 -1 -1 -1
Evo 1.03 0.00 1.00 0.95 1.00 1.00 1.00 0.23 0.01 0.05 0.37 0.99 -1 0
Result 0 35.0 2000 0.45 0.19 0.16 0.15 0.16 0.15 0.19 -1 -1 -1 -1
Evo 1.04 0.00 1.00 0.95 1.00 1.00 1.00 0.23 0.01 0.03 0.33 0.92 -1 0
Result 0 42.0 2000 0.45 0.18 0.14 0.16 0.17 0.15 0.21 -1 -1 -1 -1
Evo 1.04 0.00 1.00 0.95 1.00 1.00 1.00 0.23 0.01 0.01 0.35 0.97 -1 1
Result 0 45.0 2000 0.43 0.17 0.16 0.16 0.16 0.17 0.18 -1 -1 -1 -1
Evo 1.02 0.00 1.00 0.95 1.00 1.00 1.00 0.23 0.01 0.03 0.33 0.90 -1 0
Result 0 30.0 2000 0.44 0.17 0.15 0.15 0.16 0.17 0.18 -1 -1 -1 -1
Evo 1.08 0.00 1.00 0.95 1.00 1.00 1.00 0.23 0.01 0.03 0.36 0.97 -1 0
Result 0 45.0 2000 0.45 0.18 0.14 0.16 0.16 0.18 0.18 -1 -1 -1 -1
Evo 1.03 0.00 1.00 0.95 1.00 1.00 1.00 0.23 0.01 0.01 0.30 0.97 -1 0
Result 0 36.0 2000 0.47 0.21 0.14 0.16 0.15 0.15 0.19 -1 -1 -1 -1
Evo 1.01 0.00 1.00 0.95 1.00 1.00 1.00 0.23 0.01 0.02 0.36 0.97 -1 0
Result 0 38.0 2000 0.43 0.16 0.17 0.16 0.17 0.17 0.18 -1 -1 -1 -1
Evo 1.03 0.00 1.00 0.95 1.00 1.00 1.00 0.23 0.01 0.04 0.30 0.89 -1 0
Result 0 30.0 2000 0.44 0.17 0.15 0.17 0.14 0.16 0.21 -1 -1 -1 -1
Evo 1.04 0.00 1.00 0.95 1.00 1.00 1.00 0.23 0.01 0.03 0.35 0.87 -1 0
Result 0 35.0 2000 0.43 0.16 0.15 0.16 0.19 0.16 0.18 -1 -1 -1 -1
Evo 1.05 0.00 1.00 0.95 1.00 1.00 1.00 0.23 0.01 0.06 0.31 0.89 -1 0
Result 0 48.0 2000 0.44 0.17 0.17 0.16 0.16 0.16 0.19 -1 -1 -1 -1
Evo 1.04 0.00 1.00 0.95 1.00 1.00 1.00 0.23 0.01 0.05 0.29 0.87 -1 0
Result 0 36.0 2000 0.45 0.19 0.16 0.16 0.15 0.14 0.19 -1 -1 -1 -1
Evo 1.04 0.00 1.00 0.95 1.00 1.00 1.00 0.23 0.01 0.06 0.35 0.86 -1 0
Result 0 31.0 2000 0.44 0.17 0.16 0.15 0.17 0.15 0.19 -1 -1 -1 -1
Evo 1.02 0.00 1.00 0.95 1.00 1.00 1.00 0.23 0.01 0.03 0.34 0.91 -1 0
Result 0 38.0 2000 0.45 0.18 0.16 0.17 0.15 0.15 0.18 -1 -1 -1 -1
Evo 1.02 0.00 1.00 0.95 1.00 1.00 1.00 0.23 0.01 0.02 0.24 0.84 -1 0
Result 0 23.0 2000 0.43 0.17 0.16 0.17 0.16 0.17 0.17 -1 -1 -1 -1
Evo 1.08 0.00 1.00 0.95 1.00 1.00 1.00 0.22 0.00 0.40 0.38 1.00 -1 0
Result 0 48.0 1991 0.42 0.16 0.16 0.16 0.16 0.17 0.19 -1 -1 -1 -1
Evo 1.03 0.00 1.00 0.95 1.00 1.00 1.00 0.23 0.01 0.06 0.38 1.00 -1 0
Result 0 37.0 2000 0.43 0.16 0.16 0.16 0.15 0.17 0.19 -1 -1 -1 -1
Evo 1.01 0.00 1.00 0.95 1.00 1.00 1.00 0.23 0.01 0.01 0.24 0.81 -1 0
Result 0 24.0 2000 0.45 0.18 0.17 0.16 0.14 0.17 0.18 -1 -1 -1 -1
Evo 1.03 0.00 1.00 0.95 1.00 1.00 1.00 0.23 0.01 0.06 0.33 0.86 -1 0
Result 0 53.0 2000 0.44 0.18 0.16 0.17 0.16 0.16 0.17 -1 -1 -1 -1
Evo 1.02 0.00 1.00 0.95 1.00 1.00 1.00 0.23 0.01 0.01 0.32 0.93 -1 0
Result 0 30.0 2000 0.43 0.17 0.15 0.17 0.16 0.17 0.18 -1 -1 -1 -1
Evo 1.05 0.00 1.00 0.95 1.00 1.00 1.00 0.23 0.01 0.18 0.30 0.90 -1 0
Result 0 36.0 2000 0.44 0.17 0.16 0.17 0.16 0.16 0.19 -1 -1 -1 -1
Evo 1.03 0.00 1.00 0.95 1.00 1.00 1.00 0.23 0.01 0.15 0.30 0.94 -1 0
Result 0 14.0 2000 0.44 0.18 0.15 0.15 0.17 0.15 0.20 -1 -1 -1 -1
Evo 1.00 0.00 1.00 0.95 1.00 1.00 1.00 0.23 0.01 0.13 0.25 0.81 -1 0
Result 0 6.0 2000 0.42 0.16 0.18 0.18 0.15 0.17 0.16 -1 -1 -1 -1
Evo 1.00 0.00 1.00 0.95 1.00 1.00 1.00 0.23 0.01 0.03 0.30 0.98 -1 0
Result 0 14.0 2000 0.44 0.17 0.17 0.14 0.17 0.17 0.18 -1 -1 -1 -1
Evo 1.00 0.00 1.00 0.95 1.00 1.00 1.00 0.23 0.01 0.01 0.31 0.85 -1 0
Result 0 5.0 2000 0.44 0.18 0.17 0.16 0.16 0.17 0.16 -1 -1 -1 -1
Evo 1.00 0.00 1.00 0.95 1.00 1.00 1.00 0.23 0.01 0.11 0.31 0.96 -1 0
Result 0 6.0 2000 0.43 0.17 0.16 0.17 0.16 0.18 0.17 -1 -1 -1 -1
Evo 1.00 0.00 1.00 0.95 1.00 1.00 1.00 0.23 0.01 0.52 0.29 0.92 -1 0
Result 0 6.0 2000 0.42 0.16 0.16 0.17 0.16 0.17 0.17 -1 -1 -1 -1
Evo 1.00 0.00 1.00 0.95 1.00 1.00 1.00 0.23 0.01 0.04 0.31 0.95 -1 0
Result 0 6.0 2000 0.43 0.17 0.17 0.16 0.16 0.18 0.16 -1 -1 -1 -1
Evo 1.00 0.00 1.00 0.95 1.00 1.00 1.00 0.23 0.01 0.15 0.24 0.76 -1 0
Result 0 13.0 2000 0.44 0.17 0.16 0.16 0.16 0.17 0.17 -1 -1 -1 -1
Evo 1.00 0.00 1.00 0.95 1.00 1.00 1.00 0.23 0.01 0.19 0.29 0.83 -1 0
Result 0 6.0 2000 0.43 0.17 0.17 0.17 0.16 0.18 0.15 -1 -1 -1 -1
Evo 1.00 0.00 1.00 0.95 1.00 1.00 1.00 0.23 0.01 0.52 0.28 0.92 -1 0
Result 0 6.0 2000 0.44 0.17 0.16 0.16 0.16 0.16 0.18 -1 -1 -1 -1
Evo 1.00 0.00 1.00 0.95 1.00 1.00 1.00 0.23 0.01 0.04 0.31 0.96 -1 0
Result 0 6.0 2000 0.43 0.16 0.16 0.15 0.17 0.18 0.17 -1 -1 -1 -1
Evo 1.00 0.00 1.00 0.95 1.00 1.00 1.00 0.23 0.01 0.25 0.24 0.83 -1 0
Result 0 6.0 2000 0.44 0.17 0.17 0.17 0.16 0.17 0.16 -1 -1 -1 -1
Evo 1.00 0.00 1.00 0.95 1.00 1.00 1.00 0.23 0.01 0.04 0.31 0.93 -1 0
Result 0 6.0 2000 0.43 0.16 0.17 0.15 0.16 0.17 0.18 -1 -1 -1 -1
Evo 1.00 0.00 1.00 0.95 1.00 1.00 1.00 0.23 0.01 0.29 0.27 0.92 -1 0
Result 0 6.0 2000 0.45 0.19 0.16 0.16 0.15 0.16 0.17 -1 -1 -1 -1
Evo 1.00 0.00 1.00 0.95 1.00 1.00 1.00 0.23 0.01 0.21 0.26 0.88 -1 0
Result 0 6.0 2000 0.45 0.19 0.16 0.15 0.16 0.16 0.17 -1 -1 -1 -1
Evo 1.00 0.00 1.00 0.95 1.00 1.00 1.00 0.23 0.01 0.41 0.20 0.61 -1 0
Result 0 4.0 2000 0.45 0.19 0.15 0.17 0.16 0.17 0.16 -1 -1 -1 -1
Evo 1.00 0.00 1.00 0.95 1.00 1.00 1.00 0.23 0.01 0.02 0.20 0.83 -1 0
Result 0 5.0 2000 0.43 0.17 0.14 0.17 0.17 0.16 0.18 -1 -1 -1 -1
Evo 1.01 0.00 1.00 0.95 1.00 1.00 1.00 0.23 0.01 0.01 0.24 0.77 -1 0
Result 0 13.0 2000 0.45 0.18 0.15 0.15 0.17 0.18 0.16 -1 -1 -1 -1
Evo 1.00 0.00 1.00 0.95 1.00 1.00 1.00 0.23 0.01 0.03 0.29 0.94 -1 0
Result 0 6.0 2000 0.44 0.18 0.17 0.16 0.15 0.17 0.16 -1 -1 -1 -1
Evo 1.00 0.00 1.00 0.95 1.00 1.00 1.00 0.23 0.01 0.15 0.27 0.85 -1 0
Result 0 6.0 2000 0.44 0.18 0.18 0.16 0.15 0.17 0.16 -1 -1 -1 -1
Evo 1.01 0.00 1.00 0.95 1.00 1.00 1.00 0.23 0.01 0.03 0.28 0.88 -1 0
Result 0 18.0 2000 0.45 0.18 0.16 0.16 0.15 0.16 0.19 -1 -1 -1 -1
Evo 1.00 0.00 1.00 0.95 1.00 1.00 1.00 0.23 0.01 0.08 0.15 0.42 -1 0
Result 0 2.0 2000 0.45 0.18 0.16 0.17 0.15 0.16 0.18 -1 -1 -1 -1
Evo 1.01 0.00 1.00 0.95 1.00 1.00 1.00 0.23 0.01 0.10 0.21 0.73 -1 0
Result 0 2.0 2000 0.43 0.17 0.16 0.15 0.16 0.17 0.18 -1 -1 -1 -1
Evo 1.01 0.00 1.00 0.95 1.00 1.00 1.00 0.23 0.01 0.53 0.24 0.81 -1 0
Result 0 12.0 2000 0.45 0.18 0.15 0.16 0.16 0.17 0.17 -1 -1 -1 -1
Evo 1.00 0.00 1.00 0.95 1.00 1.00 1.00 0.23 0.01 0.45 0.29 0.77 -1 0
Result 0 8.0 2000 0.43 0.16 0.16 0.16 0.17 0.17 0.19 -1 -1 -1 -1
Evo 1.00 0.00 1.00 0.95 1.00 1.00 1.00 0.23 0.01 0.08 0.21 0.58 -1 0
Result 0 2.0 2000 0.45 0.18 0.16 0.16 0.17 0.16 0.16 -1 -1 -1 -1
Evo 1.04 0.00 1.00 0.95 1.00 1.00 1.00 0.23 0.01 0.01 0.33 0.98 -1 0
Result 0 21.0 2000 0.45 0.19 0.16 0.15 0.15 0.16 0.18 -1 -1 -1 -1
Evo 1.00 0.00 1.00 0.95 1.00 1.00 1.00 0.23 0.01 0.08 0.19 0.56 -1 0
Result 0 2.0 2000 0.44 0.17 0.16 0.16 0.16 0.16 0.18 -1 -1 -1 -1
Evo 1.00 0.00 1.00 0.95 1.00 1.00 1.00 0.23 0.01 0.37 0.26 0.78 -1 0
Result 0 10.0 2000 0.42 0.16 0.17 0.15 0.18 0.17 0.17 -1 -1 -1 -1
Evo 1.04 0.00 1.00 0.95 1.00 1.00 1.00 0.23 0.01 0.08 0.28 0.75 -1 0
Result 0 14.0 2000 0.45 0.18 0.16 0.15 0.16 0.16 0.18 -1 -1 -1 -1
Evo 1.08 0.00 1.00 0.95 1.00 1.00 1.00 0.23 0.01 0.09 0.31 0.97 -1 0
Result 0 20.0 2000 0.44 0.17 0.16 0.16 0.15 0.16 0.19 -1 -1 -1 -1
Evo 1.04 0.00 1.00 0.95 1.00 1.00 1.00 0.23 0.01 0.08 0.29 0.94 -1 0
Result 0 27.0 2000 0.45 0.18 0.18 0.16 0.14 0.16 0.18 -1 -1 -1 -1
Evo 1.00 0.00 1.00 0.95 1.00 1.00 1.00 0.23 0.01 0.09 0.18 0.50 -1 0
Result 0 2.0 2000 0.44 0.18 0.17 0.17 0.16 0.16 0.17 -1 -1 -1 -1
Evo 1.00 0.00 1.00 0.95 1.00 1.00 1.00 0.23 0.01 0.08 0.15 0.42 -1 0
Result 0 2.0 2000 0.44 0.18 0.16 0.17 0.16 0.17 0.17 -1 -1 -1 -1
Evo 1.02 0.00 1.00 0.95 1.00 1.00 1.00 0.23 0.01 0.35 0.30 0.81 -1 0
Result 0 16.0 2000 0.44 0.18 0.16 0.16 0.15 0.18 0.17 -1 -1 -1 -1
Evo 1.01 0.00 1.00 0.95 1.00 1.00 1.00 0.23 0.01 0.39 0.26 0.80 -1 0
Result 0 10.0 2000 0.45 0.18 0.17 0.14 0.16 0.17 0.18 -1 -1 -1 -1
Evo 1.00 0.00 1.00 0.95 1.00 1.00 1.00 0.23 0.01 0.08 0.18 0.48 -1 0
Result 0 2.0 2000 0.45 0.18 0.15 0.16 0.16 0.16 0.18 -1 -1 -1 -1
Evo 1.00 0.00 1.00 0.95 1.00 1.00 1.00 0.23 0.01 0.08 0.26 0.64 -1 0
Result 0 2.0 2000 0.44 0.18 0.15 0.17 0.15 0.16 0.18 -1 -1 -1 -1
Evo 1.00 0.00 1.00 0.95 1.00 1.00 1.00 0.23 0.01 0.10 0.25 0.75 -1 0
Result 0 2.0 2000 0.43 0.17 0.16 0.16 0.16 0.17 0.17 -1 -1 -1 -1
Evo 1.00 0.00 1.00 0.95 1.00 1.00 1.00 0.23 0.01 0.08 0.15 0.51 -1 0
Result 0 2.0 2000 0.45 0.19 0.15 0.17 0.16 0.16 0.17 -1 -1 -1 -1
