Evo 1.00 1.00 1.00 1.00 1.00 1.00 1.00 0.00 0.00 0.03 0.33 0.57 894 4
Result 1 8.0 1000 0.47 0.22 0.21 0.20 0.19 0.17 -1 -1 -1 -1 -1
Evo 1.02 0.50 1.00 0.55 0.50 0.50 0.50 0.15 0.00 0.04 0.35 0.57 894 3
Result 1 8.0 1000 0.47 0.22 0.19 0.20 0.19 0.19 -1 -1 -1 -1 -1
Evo 1.01 0.50 1.00 0.55 0.50 0.50 0.50 0.15 0.00 0.02 0.37 0.57 894 0
Result 1 8.0 1000 0.46 0.23 0.19 0.20 0.21 0.18 -1 -1 -1 -1 -1
Evo 1.01 0.50 1.00 0.55 0.50 0.50 0.50 0.15 0.00 0.03 0.49 0.57 894 0
Result 1 7.0 1000 0.45 0.21 0.18 0.18 0.21 0.22 -1 -1 -1 -1 -1
Evo 1.00 0.50 1.00 0.55 0.50 0.50 0.50 0.15 0.00 0.15 0.36 0.57 894 0
Result 1 7.0 1000 0.48 0.21 0.19 0.21 0.20 0.18 -1 -1 -1 -1 -1
Evo 1.00 0.50 1.00 0.55 0.50 0.50 0.50 0.15 0.00 0.03 0.39 0.57 894 0
Result 1 8.0 1000 0.47 0.20 0.18 0.21 0.21 0.20 -1 -1 -1 -1 -1
Evo 1.01 0.50 1.00 0.55 0.50 0.50 0.50 0.15 0.00 0.03 0.44 0.57 894 0
Result 1 8.0 1000 0.46 0.22 0.17 0.20 0.20 0.21 -1 -1 -1 -1 -1
Evo 1.03 0.50 1.00 0.55 0.50 0.50 0.50 0.15 0.00 0.12 0.50 0.57 894 0
Result 1 8.0 1000 0.46 0.23 0.17 0.20 0.19 0.21 -1 -1 -1 -1 -1
Evo 1.00 0.50 1.00 0.55 0.50 0.50 0.50 0.15 0.00 0.06 0.36 0.57 894 1
Result 1 8.0 1000 0.46 0.21 0.20 0.19 0.21 0.19 -1 -1 -1 -1 -1
Evo 1.00 0.50 1.00 0.55 0.50 0.50 0.50 0.15 0.00 0.02 0.33 0.57 894 0
Result 1 8.0 1000 0.47 0.24 0.17 0.20 0.21 0.18 -1 -1 -1 -1 -1
Evo 1.01 0.50 1.00 0.55 0.50 0.50 0.50 0.15 0.00 0.04 0.25 0.57 894 0
Result 1 8.0 1000 0.48 0.20 0.20 0.22 0.19 0.19 -1 -1 -1 -1 -1
Evo 1.01 0.50 1.00 0.55 0.50 0.50 0.50 0.15 0.00 0.03 0.49 0.57 894 4
Result 1 8.0 1000 0.47 0.22 0.18 0.20 0.20 0.19 -1 -1 -1 -1 -1
Evo 1.00 0.50 1.00 0.55 0.50 0.50 0.50 0.15 0.00 0.02 0.38 0.57 894 0
Result 1 8.0 1000 0.46 0.23 0.20 0.20 0.17 0.19 -1 -1 -1 -1 -1
Evo 1.00 0.50 1.00 0.55 0.50 0.50 0.50 0.15 0.00 0.15 0.41 0.57 894 0
Result 1 8.0 1000 0.46 0.24 0.18 0.19 0.18 0.19 -1 -1 -1 -1 -1
Evo 1.00 0.50 1.00 0.55 0.50 0.50 0.50 0.15 0.00 0.01 0.36 0.57 894 0
Result 1 8.0 1000 0.47 0.22 0.20 0.21 0.18 0.19 -1 -1 -1 -1 -1
Evo 1.00 0.50 1.00 0.55 0.50 0.50 0.50 0.15 0.00 0.03 0.37 0.57 894 0
Result 1 8.0 1000 0.48 0.22 0.21 0.21 0.17 0.19 -1 -1 -1 -1 -1
Evo 1.01 0.50 1.00 0.55 0.50 0.50 0.50 0.15 0.00 0.01 0.28 0.57 894 0
Result 1 8.0 1000 0.48 0.21 0.18 0.22 0.20 0.19 -1 -1 -1 -1 -1
Evo 1.01 0.50 1.00 0.55 0.50 0.50 0.50 0.15 0.00 0.09 0.33 0.57 894 2
Result 1 8.0 1000 0.49 0.19 0.18 0.23 0.20 0.20 -1 -1 -1 -1 -1
Evo 1.01 0.50 1.00 0.55 0.50 0.50 0.50 0.15 0.00 0.03 0.31 0.57 894 3
Result 1 8.0 1000 0.47 0.20 0.19 0.21 0.21 0.19 -1 -1 -1 -1 -1
Evo 1.01 0.50 1.00 0.55 0.50 0.50 0.50 0.15 0.00 0.01 0.34 0.57 894 0
Result 1 8.0 1000 0.47 0.23 0.19 0.20 0.18 0.19 -1 -1 -1 -1 -1
Evo 1.00 0.50 1.00 0.55 0.50 0.50 0.50 0.15 0.00 0.03 0.38 0.58 894 0
Result 1 8.0 1000 0.47 0.23 0.21 0.20 0.18 0.18 -1 -1 -1 -1 -1
Evo 1.00 0.50 1.00 0.55 0.50 0.50 0.50 0.15 0.00 0.06 0.18 0.52 894 0
Result 1 8.0 1000 0.45 0.18 0.21 0.18 0.20 0.23 -1 -1 -1 -1 -1
Evo 1.10 0.00 0.50 0.42 0.50 0.50 0.50 0.18 0.01 0.05 0.28 0.58 -1 0
Result 0 0.0 552 0.46 0.24 0.20 0.20 0.20 0.17 -1 -1 -1 -1 -1
Evo 1.11 0.00 1.00 0.55 0.50 0.50 0.50 0.17 0.01 0.22 0.49 0.58 894 1
Result 1 7.0 1000 0.45 0.23 0.19 0.19 0.19 0.19 -1 -1 -1 -1 -1
Evo 1.00 0.50 1.00 0.55 0.50 0.50 0.50 0.15 0.00 0.01 0.26 0.58 894 0
Result 1 4.0 1000 0.46 0.23 0.21 0.19 0.19 0.18 -1 -1 -1 -1 -1
Evo 1.02 0.50 1.00 0.55 0.50 0.50 0.50 0.15 0.00 0.03 0.46 0.58 894 0
Result 1 8.0 1000 0.45 0.25 0.19 0.18 0.19 0.19 -1 -1 -1 -1 -1
Evo 1.09 0.50 1.00 0.55 0.50 0.50 0.50 0.15 0.00 0.03 0.45 0.58 894 0
Result 1 8.0 1000 0.45 0.23 0.18 0.18 0.20 0.21 -1 -1 -1 -1 -1
Evo 1.01 0.50 1.00 0.55 0.50 0.50 0.50 0.15 0.00 0.06 0.28 0.58 894 0
Result 1 8.0 1000 0.45 0.24 0.20 0.18 0.18 0.20 -1 -1 -1 -1 -1
Evo 1.04 0.00 1.00 0.55 0.50 0.50 0.50 0.16 0.00 0.04 0.42 0.58 894 0
Result 1 8.0 1000 0.46 0.21 0.19 0.19 0.21 0.20 -1 -1 -1 -1 -1
Evo 1.01 0.50 1.00 0.55 0.50 0.50 0.50 0.15 0.00 0.16 0.27 0.58 894 0
Result 1 8.0 1000 0.45 0.24 0.19 0.19 0.17 0.21 -1 -1 -1 -1 -1
Evo 1.03 0.50 1.00 0.55 0.50 0.50 0.50 0.15 0.00 0.03 0.28 0.58 894 0
Result 1 8.0 1000 0.45 0.23 0.22 0.18 0.18 0.19 -1 -1 -1 -1 -1
Evo 1.04 0.50 1.00 0.55 0.50 0.50 0.50 0.15 0.00 0.11 0.28 0.58 894 0
Result 1 8.0 1000 0.45 0.25 0.20 0.18 0.19 0.19 -1 -1 -1 -1 -1
Evo 1.06 0.50 1.00 0.55 0.50 0.50 0.50 0.15 0.00 0.19 0.29 0.58 894 0
Result 1 7.0 1000 0.47 0.26 0.17 0.20 0.17 0.20 -1 -1 -1 -1 -1
Evo 1.11 0.00 1.00 0.50 0.50 0.50 0.50 0.05 0.00 0.34 0.26 0.58 894 0
Result 0 0.0 901 0.44 0.26 0.18 0.18 0.19 0.19 -1 -1 -1 -1 -1
Evo 1.14 0.00 1.00 0.55 0.50 0.50 0.50 0.16 0.00 0.31 0.22 0.58 894 0
Result 1 2.0 1000 0.45 0.26 0.19 0.19 0.17 0.19 -1 -1 -1 -1 -1
Evo 1.02 0.50 1.00 0.55 0.50 0.50 0.50 0.15 0.00 0.01 0.33 0.58 894 0
Result 1 6.0 1000 0.45 0.23 0.20 0.18 0.19 0.20 -1 -1 -1 -1 -1
Evo 1.09 0.00 0.50 0.46 0.50 0.50 0.50 0.14 0.01 0.24 0.30 0.58 -1 0
Result 0 0.0 732 0.44 0.27 0.18 0.18 0.18 0.20 -1 -1 -1 -1 -1
Evo 1.01 0.50 1.00 0.55 0.50 0.50 0.50 0.15 0.00 0.03 0.22 0.58 894 0
Result 1 8.0 1000 0.43 0.21 0.21 0.17 0.19 0.22 -1 -1 -1 -1 -1
Evo 1.03 0.50 1.00 0.55 0.50 0.50 0.50 0.15 0.00 0.02 0.54 0.58 894 0
Result 1 8.0 1000 0.46 0.23 0.18 0.20 0.20 0.18 -1 -1 -1 -1 -1
Evo 1.01 0.50 1.00 0.55 0.50 0.50 0.50 0.15 0.00 0.01 0.39 0.58 894 0
Result 1 8.0 1000 0.47 0.23 0.15 0.21 0.19 0.22 -1 -1 -1 -1 -1
Evo 1.02 0.50 1.00 0.55 0.50 0.50 0.50 0.15 0.00 0.01 0.19 0.59 894 0
Result 1 5.0 1000 0.46 0.24 0.18 0.19 0.18 0.21 -1 -1 -1 -1 -1
Evo 1.00 0.50 1.00 0.55 0.50 0.50 0.50 0.15 0.00 0.42 0.18 0.58 894 2
Result 1 7.0 1000 0.49 0.21 0.21 0.23 0.18 0.17 -1 -1 -1 -1 -1
Evo 1.05 0.50 1.00 0.55 0.50 0.50 0.50 0.15 0.00 0.15 0.26 0.59 894 0
Result 1 8.0 1000 0.45 0.24 0.21 0.18 0.19 0.18 -1 -1 -1 -1 -1
Evo 1.01 0.50 1.00 0.55 0.50 0.50 0.50 0.15 0.00 0.02 0.30 0.59 894 1
Result 1 7.0 1000 0.46 0.23 0.20 0.19 0.18 0.20 -1 -1 -1 -1 -1
Evo 1.01 0.50 1.00 0.55 0.50 0.50 0.50 0.15 0.00 0.08 0.19 0.59 894 0
Result 1 5.0 1000 0.46 0.23 0.19 0.20 0.19 0.19 -1 -1 -1 -1 -1
Evo 1.01 0.50 1.00 0.55 0.50 0.50 0.50 0.15 0.00 0.03 0.19 0.59 894 0
Result 1 7.0 1000 0.46 0.24 0.20 0.19 0.18 0.18 -1 -1 -1 -1 -1
Evo 1.00 0.50 1.00 0.55 0.50 0.50 0.50 0.15 0.00 0.02 0.16 0.59 894 18
Result 1 8.0 1000 0.47 0.24 0.21 0.20 0.18 0.17 -1 -1 -1 -1 -1
Evo 1.00 0.50 1.00 0.55 0.50 0.50 0.50 0.15 0.00 0.01 0.16 0.59 894 1
Result 1 8.0 1000 0.47 0.22 0.22 0.20 0.17 0.18 -1 -1 -1 -1 -1
Evo 1.07 0.50 1.00 0.55 0.50 0.50 0.50 0.15 0.00 0.01 0.18 0.59 894 3
Result 1 3.0 1000 0.46 0.23 0.21 0.19 0.19 0.18 -1 -1 -1 -1 -1
Evo 1.01 0.50 1.00 0.55 0.50 0.50 0.50 0.15 0.00 0.04 0.19 0.59 894 23
Result 1 8.0 1000 0.45 0.22 0.20 0.19 0.20 0.19 -1 -1 -1 -1 -1
Evo 1.01 0.50 1.00 0.55 0.50 0.50 0.50 0.15 0.00 0.02 0.21 0.59 894 0
Result 1 8.0 1000 0.47 0.24 0.21 0.21 0.16 0.17 -1 -1 -1 -1 -1
Evo 1.00 0.50 1.00 0.55 0.50 0.50 0.50 0.15 0.00 0.01 0.18 0.56 894 0
Result 1 8.0 1000 0.47 0.22 0.21 0.20 0.19 0.18 -1 -1 -1 -1 -1
Evo 1.03 0.50 1.00 0.55 0.50 0.50 0.50 0.15 0.00 0.17 0.20 0.59 894 0
Result 1 8.0 1000 0.46 0.23 0.22 0.19 0.17 0.19 -1 -1 -1 -1 -1
Evo 1.02 0.50 1.00 0.55 0.50 0.50 0.50 0.15 0.00 0.08 0.19 0.59 894 0
Result 1 8.0 1000 0.46 0.25 0.19 0.20 0.17 0.19 -1 -1 -1 -1 -1
Evo 1.01 0.50 1.00 0.55 0.50 0.50 0.50 0.15 0.00 0.12 0.18 0.59 894 0
Result 1 7.0 1000 0.47 0.23 0.22 0.20 0.16 0.18 -1 -1 -1 -1 -1
Evo 1.01 0.50 1.00 0.55 0.50 0.50 0.50 0.15 0.00 0.02 0.21 0.59 894 6
Result 1 6.0 1000 0.47 0.22 0.19 0.21 0.19 0.19 -1 -1 -1 -1 -1
Evo 1.01 0.50 1.00 0.55 0.50 0.50 0.50 0.15 0.00 0.01 0.20 0.59 894 0
Result 1 8.0 1000 0.46 0.23 0.19 0.20 0.18 0.20 -1 -1 -1 -1 -1
Evo 1.01 0.50 1.00 0.55 0.50 0.50 0.50 0.15 0.00 0.02 0.17 0.59 894 10
Result 1 7.0 1000 0.46 0.24 0.21 0.20 0.17 0.18 -1 -1 -1 -1 -1
Evo 1.02 0.50 1.00 0.55 0.50 0.50 0.50 0.15 0.00 0.05 0.18 0.59 894 1
Result 1 8.0 1000 0.46 0.20 0.22 0.20 0.18 0.21 -1 -1 -1 -1 -1
Evo 1.09 0.50 1.00 0.55 0.50 0.50 0.50 0.15 0.00 0.03 0.20 0.59 894 0
Result 1 4.0 1000 0.44 0.26 0.19 0.17 0.21 0.17 -1 -1 -1 -1 -1
Evo 1.10 0.00 0.50 0.35 0.00 0.50 0.50 0.23 0.01 0.49 0.20 0.38 -1 0
Result 0 0.0 336 0.47 0.25 0.19 0.20 0.17 0.19 -1 -1 -1 -1 -1
Evo 1.18 0.00 0.50 0.21 0.00 0.00 0.50 0.25 0.03 0.32 0.11 0.29 -1 0
Result 0 0.0 84 0.44 0.24 0.27 0.18 0.14 0.18 -1 -1 -1 -1 -1
Evo 1.04 0.00 0.00 0.00 0.00 0.00 0.00 0.00 0.00 0.00 0.05 0.33 -1 0
Result 0 -1.0 25 0.53 0.12 0.15 0.38 0.15 0.19 -1 -1 -1 -1 -1
Evo 1.03 0.00 0.00 0.00 0.00 0.00 0.00 0.00 0.00 0.00 0.06 0.33 -1 0
Result 0 0.0 30 0.46 0.29 0.19 0.19 0.23 0.10 -1 -1 -1 -1 -1
Evo 1.25 0.00 0.50 0.18 0.00 0.00 0.50 0.24 0.02 0.27 0.12 0.33 -1 0
Result 0 0.0 110 0.39 0.27 0.23 0.14 0.18 0.18 -1 -1 -1 -1 -1
Evo 1.18 0.00 0.50 0.13 0.00 0.00 0.50 0.22 0.02 0.23 0.11 0.30 -1 0
Result 0 0.0 91 0.41 0.21 0.25 0.15 0.14 0.25 -1 -1 -1 -1 -1
Evo 1.47 0.00 0.50 0.19 0.00 0.00 0.50 0.24 0.03 0.21 0.12 0.33 -1 0
Result 0 0.0 83 0.44 0.18 0.25 0.18 0.20 0.19 -1 -1 -1 -1 -1
Evo 1.06 0.00 0.50 0.16 0.00 0.00 0.50 0.24 0.02 0.19 0.14 0.30 -1 0
Result 0 0.0 143 0.44 0.20 0.22 0.17 0.15 0.26 -1 -1 -1 -1 -1
Evo 1.07 0.00 0.50 0.15 0.00 0.00 0.50 0.23 0.04 0.16 0.03 0.31 -1 0
Result 0 0.0 29 0.46 0.33 0.10 0.20 0.13 0.23 -1 -1 -1 -1 -1
Evo 1.07 0.00 0.50 0.22 0.00 0.00 0.50 0.25 0.02 0.19 0.16 0.35 -1 0
Result 0 0.0 191 0.48 0.28 0.20 0.22 0.14 0.16 -1 -1 -1 -1 -1
Evo 1.20 0.00 0.50 0.21 0.00 0.00 0.50 0.25 0.02 0.41 0.16 0.35 -1 0
Result 0 0.0 127 0.39 0.26 0.21 0.13 0.20 0.20 -1 -1 -1 -1 -1
Evo 1.29 0.00 0.50 0.23 0.00 0.00 0.50 0.25 0.03 0.38 0.07 0.31 -1 0
Result 0 0.0 62 0.48 0.21 0.17 0.22 0.19 0.21 -1 -1 -1 -1 -1
Evo 1.17 0.00 0.50 0.25 0.00 0.00 0.50 0.25 0.02 0.24 0.22 0.35 -1 0
Result 0 0.0 183 0.46 0.23 0.17 0.19 0.16 0.24 -1 -1 -1 -1 -1
Evo 1.11 0.00 0.50 0.21 0.00 0.00 0.50 0.25 0.02 0.24 0.17 0.33 -1 0
Result 0 0.0 165 0.40 0.23 0.26 0.14 0.16 0.21 -1 -1 -1 -1 -1
Evo 1.22 0.00 0.50 0.24 0.00 0.00 0.50 0.25 0.03 0.42 0.13 0.28 -1 0
Result 0 0.0 94 0.43 0.22 0.23 0.17 0.20 0.18 -1 -1 -1 -1 -1
Evo 1.03 0.00 0.50 0.29 0.00 0.50 0.50 0.25 0.02 0.31 0.14 0.37 -1 0
Result 0 0.0 175 0.49 0.22 0.15 0.24 0.20 0.19 -1 -1 -1 -1 -1
Evo 1.13 0.00 0.50 0.15 0.00 0.00 0.50 0.23 0.03 0.25 0.10 0.32 -1 0
Result 0 0.0 77 0.40 0.24 0.24 0.14 0.18 0.19 -1 -1 -1 -1 -1
Evo 1.08 0.00 0.50 0.15 0.00 0.00 0.50 0.23 0.02 0.23 0.13 0.28 -1 0
Result 0 0.0 145 0.34 0.26 0.23 0.10 0.19 0.22 -1 -1 -1 -1 -1
Evo 1.07 0.00 0.50 0.08 0.00 0.00 0.00 0.19 0.02 0.14 0.14 0.33 -1 0
Result 0 0.0 114 0.41 0.30 0.20 0.15 0.12 0.23 -1 -1 -1 -1 -1
Evo 1.02 0.00 0.50 0.23 0.00 0.00 0.50 0.25 0.04 0.39 0.09 0.35 -1 0
Result 0 0.0 50 0.39 0.18 0.29 0.14 0.18 0.22 -1 -1 -1 -1 -1
Evo 1.15 0.00 0.50 0.35 0.00 0.50 0.50 0.23 0.02 0.29 0.06 0.34 -1 0
Result 0 0.0 125 0.46 0.23 0.21 0.19 0.17 0.20 -1 -1 -1 -1 -1
Evo 1.42 0.00 0.50 0.43 0.50 0.50 0.50 0.18 0.02 0.48 0.09 0.32 -1 0
Result 0 0.0 97 0.44 0.32 0.16 0.17 0.15 0.19 -1 -1 -1 -1 -1
Evo 1.13 0.00 0.50 0.33 0.00 0.50 0.50 0.24 0.02 0.49 0.11 0.36 -1 0
Result 0 0.0 111 0.43 0.24 0.22 0.17 0.13 0.24 -1 -1 -1 -1 -1
Evo 1.09 0.00 0.50 0.23 0.00 0.00 0.50 0.25 0.02 0.24 0.12 0.37 -1 0
Result 0 0.0 186 0.44 0.24 0.17 0.17 0.18 0.24 -1 -1 -1 -1 -1
Evo 1.03 0.00 0.50 0.18 0.00 0.00 0.50 0.24 0.02 0.26 0.10 0.36 -1 0
Result 0 0.0 197 0.42 0.23 0.20 0.16 0.22 0.19 -1 -1 -1 -1 -1
Evo 2.36 0.00 0.50 0.27 0.00 0.50 0.50 0.25 0.02 0.38 0.13 0.34 -1 0
Result 0 0.0 205 0.40 0.28 0.16 0.15 0.16 0.26 -1 -1 -1 -1 -1
Evo 1.16 0.00 0.50 0.36 0.00 0.50 0.50 0.23 0.02 0.50 0.12 0.33 -1 0
Result 0 0.0 161 0.38 0.25 0.27 0.13 0.18 0.17 -1 -1 -1 -1 -1
Evo 1.10 0.00 0.50 0.30 0.00 0.50 0.50 0.25 0.01 0.35 0.18 0.41 -1 0
Result 0 0.0 323 0.46 0.27 0.16 0.19 0.19 0.19 -1 -1 -1 -1 -1
Evo 1.15 0.00 0.50 0.34 0.00 0.50 0.50 0.23 0.01 0.40 0.23 0.38 -1 0
Result 0 0.0 360 0.46 0.25 0.16 0.20 0.20 0.19 -1 -1 -1 -1 -1
Evo 1.05 0.00 0.50 0.20 0.00 0.00 0.50 0.25 0.02 0.33 0.12 0.29 -1 0
Result 0 0.0 190 0.43 0.24 0.23 0.16 0.18 0.20 -1 -1 -1 -1 -1
Evo 1.05 0.00 0.50 0.22 0.00 0.00 0.50 0.25 0.02 0.38 0.11 0.30 -1 0
Result 0 0.0 182 0.48 0.19 0.19 0.22 0.15 0.25 -1 -1 -1 -1 -1
Evo 1.16 0.00 0.50 0.27 0.00 0.50 0.50 0.25 0.02 0.30 0.13 0.33 -1 0
Result 0 0.0 192 0.43 0.22 0.19 0.17 0.21 0.22 -1 -1 -1 -1 -1
Evo 1.31 0.00 0.50 0.41 0.50 0.50 0.50 0.19 0.02 0.51 0.12 0.34 -1 0
Result 0 0.0 118 0.39 0.34 0.20 0.13 0.13 0.20 -1 -1 -1 -1 -1
Evo 1.21 0.00 0.50 0.38 0.00 0.50 0.50 0.22 0.02 0.46 0.13 0.39 -1 0
Result 0 0.0 127 0.43 0.26 0.23 0.16 0.14 0.21 -1 -1 -1 -1 -1
Evo 1.38 0.00 0.50 0.45 0.50 0.50 0.50 0.15 0.02 0.45 0.07 0.35 -1 0
Result 0 0.0 86 0.49 0.13 0.21 0.23 0.16 0.28 -1 -1 -1 -1 -1
Evo 1.09 0.00 0.50 0.23 0.00 0.00 0.50 0.25 0.02 0.38 0.11 0.35 -1 0
Result 0 0.0 191 0.38 0.22 0.23 0.13 0.22 0.19 -1 -1 -1 -1 -1
Evo 1.09 0.00 0.50 0.41 0.50 0.50 0.50 0.19 0.02 0.46 0.07 0.28 -1 0
Result 0 0.0 81 0.46 0.17 0.23 0.20 0.17 0.23 -1 -1 -1 -1 -1
Evo 1.05 0.00 0.50 0.28 0.00 0.50 0.50 0.25 0.02 0.38 0.11 0.33 -1 0
Result 0 0.0 141 0.43 0.24 0.19 0.16 0.20 0.21 -1 -1 -1 -1 -1
Evo 1.11 0.00 0.50 0.33 0.00 0.50 0.50 0.24 0.02 0.47 0.13 0.34 -1 0
Result 0 0.0 213 0.44 0.20 0.21 0.18 0.19 0.22 -1 -1 -1 -1 -1
Evo 1.14 0.00 0.50 0.30 0.00 0.50 0.50 0.24 0.02 0.32 0.13 0.34 -1 0
Result 0 0.0 155 0.43 0.21 0.18 0.17 0.19 0.26 -1 -1 -1 -1 -1
