Evo 1.02 1.00 1.00 1.00 1.00 1.00 1.00 0.00 0.00 0.05 0.06 0.09 273 1
Result 1 66.0 391 0.53 0.28 -1 0.21 -1 0.18 0.32 -1 -1 -1 -1
Evo 1.02 0.50 1.00 0.61 0.50 0.50 0.50 0.21 0.01 0.10 0.06 0.09 376 0
Result 1 68.0 482 0.53 0.26 -1 0.21 -1 0.19 0.34 -1 -1 -1 -1
Evo 1.02 0.50 1.00 0.63 0.50 0.50 1.00 0.22 0.01 0.02 0.05 0.09 267 2
Result 1 67.0 361 0.53 0.29 -1 0.17 -1 0.17 0.37 -1 -1 -1 -1
Evo 1.02 0.50 1.00 0.63 0.50 0.50 1.00 0.22 0.01 0.04 0.06 0.09 299 0
Result 1 62.0 398 0.52 0.30 -1 0.20 -1 0.19 0.31 -1 -1 -1 -1
Evo 1.06 0.50 1.00 0.64 0.50 0.50 1.00 0.23 0.01 0.10 0.05 0.09 303 3
Result 1 69.0 435 0.53 0.27 -1 0.19 -1 0.21 0.33 -1 -1 -1 -1
Evo 1.05 0.50 1.00 0.64 0.50 0.50 1.00 0.23 0.01 0.07 0.05 0.09 261 0
Result 1 66.0 365 0.53 0.23 -1 0.20 -1 0.21 0.36 -1 -1 -1 -1
Evo 1.04 0.50 1.00 0.66 0.50 0.50 1.00 0.23 0.01 0.08 0.06 0.09 282 0
Result 1 70.0 411 0.53 0.27 -1 0.19 -1 0.20 0.34 -1 -1 -1 -1
Evo 1.02 0.50 1.00 0.65 0.50 0.50 1.00 0.23 0.01 0.07 0.06 0.09 261 1
Result 1 65.0 367 0.52 0.29 -1 0.24 -1 0.17 0.31 -1 -1 -1 -1
Evo 1.04 0.50 1.00 0.63 0.50 0.50 1.00 0.22 0.01 0.12 0.06 0.09 267 0
Result 1 69.0 361 0.52 0.27 -1 0.21 -1 0.21 0.31 -1 -1 -1 -1
Evo 1.06 0.50 1.00 0.63 0.50 0.50 0.50 0.22 0.01 0.15 0.05 0.09 320 0
Result 1 62.0 426 0.52 0.28 -1 0.22 -1 0.21 0.29 -1 -1 -1 -1
Evo 1.03 0.50 1.00 0.62 0.50 0.50 0.50 0.21 0.01 0.12 0.08 0.09 303 2
Result 1 68.0 395 0.51 0.30 -1 0.20 -1 0.22 0.28 -1 -1 -1 -1
Evo 1.04 0.50 1.00 0.62 0.50 0.50 0.50 0.22 0.01 0.02 0.06 0.09 322 0
Result 1 63.0 426 0.53 0.29 -1 0.20 -1 0.20 0.32 -1 -1 -1 -1
Evo 1.04 0.50 1.00 0.61 0.50 0.50 0.50 0.21 0.01 0.07 0.05 0.09 299 0
Result 1 68.0 388 0.52 0.28 -1 0.21 -1 0.22 0.30 -1 -1 -1 -1
Evo 1.05 0.50 1.00 0.63 0.50 0.50 1.00 0.22 0.01 0.04 0.07 0.09 312 3
Result 1 73.0 418 0.53 0.26 -1 0.21 -1 0.19 0.34 -1 -1 -1 -1
Evo 1.04 0.50 1.00 0.66 0.50 0.50 1.00 0.23 0.01 0.08 0.07 0.09 275 0
Result 1 70.0 407 0.52 0.30 -1 0.21 -1 0.19 0.30 -1 -1 -1 -1
Evo 1.02 0.50 1.00 0.67 0.50 0.50 1.00 0.24 0.01 0.16 0.05 0.09 230 0
Result 1 58.0 344 0.53 0.30 -1 0.21 -1 0.18 0.32 -1 -1 -1 -1
Evo 1.02 0.50 1.00 0.62 0.50 0.50 0.50 0.21 0.01 0.10 0.06 0.09 302 1
Result 1 66.0 403 0.53 0.25 -1 0.18 -1 0.24 0.33 -1 -1 -1 -1
Evo 1.05 0.50 1.00 0.62 0.50 0.50 0.50 0.21 0.01 0.04 0.05 0.09 297 0
Result 1 70.0 385 0.53 0.25 -1 0.20 -1 0.21 0.33 -1 -1 -1 -1
Evo 1.03 0.50 1.00 0.66 0.50 0.50 1.00 0.23 0.01 0.15 0.05 0.09 243 2
Result 1 66.0 357 0.52 0.27 -1 0.23 -1 0.19 0.31 -1 -1 -1 -1
Evo 1.02 0.50 1.00 0.60 0.50 0.50 0.50 0.20 0.01 0.02 0.08 0.09 361 3
Result 1 70.0 466 0.52 0.31 -1 0.21 -1 0.19 0.29 -1 -1 -1 -1
Evo 1.03 0.50 1.00 0.65 0.50 0.50 1.00 0.23 0.01 0.07 0.05 0.09 201 0
Result 1 56.0 286 0.53 0.26 -1 0.20 -1 0.21 0.33 -1 -1 -1 -1
Evo 1.02 0.50 1.00 0.65 0.50 0.50 1.00 0.23 0.01 0.07 0.06 0.08 260 0
Result 1 64.0 368 0.53 0.27 -1 0.20 -1 0.18 0.35 -1 -1 -1 -1
Evo 1.03 0.50 1.00 0.66 0.50 0.50 1.00 0.24 0.01 0.11 0.05 0.09 212 0
Result 1 58.0 316 0.53 0.26 -1 0.21 -1 0.18 0.35 -1 -1 -1 -1
Evo 1.05 0.50 1.00 0.63 0.50 0.50 1.00 0.22 0.01 0.05 0.08 0.09 309 1
Result 1 73.0 416 0.53 0.26 -1 0.17 -1 0.22 0.35 -1 -1 -1 -1
Evo 1.07 0.50 1.00 0.64 0.50 0.50 1.00 0.23 0.01 0.13 0.06 0.09 255 0
Result 1 65.0 367 0.51 0.29 -1 0.21 -1 0.22 0.27 -1 -1 -1 -1
Evo 1.02 0.50 1.00 0.66 0.50 0.50 1.00 0.23 0.01 0.14 0.05 0.09 229 0
Result 1 59.0 334 0.52 0.29 -1 0.19 -1 0.21 0.31 -1 -1 -1 -1
Evo 1.05 0.50 1.00 0.65 0.50 0.50 1.00 0.23 0.01 0.02 0.06 0.09 204 0
Result 1 66.0 346 0.53 0.27 -1 0.21 -1 0.19 0.33 -1 -1 -1 -1
Evo 1.06 0.50 1.00 0.65 0.50 0.50 1.00 0.23 0.01 0.12 0.05 0.09 226 0
Result 1 69.0 328 0.53 0.23 -1 0.19 -1 0.23 0.35 -1 -1 -1 -1
Evo 1.02 0.50 1.00 0.64 0.50 0.50 1.00 0.23 0.01 0.12 0.05 0.09 229 0
Result 1 64.0 323 0.53 0.30 -1 0.18 -1 0.19 0.34 -1 -1 -1 -1
Evo 1.08 0.50 1.00 0.61 0.50 0.50 0.50 0.21 0.01 0.18 0.05 0.09 238 1
Result 1 67.0 306 0.52 0.27 -1 0.21 -1 0.23 0.29 -1 -1 -1 -1
Evo 1.01 0.50 1.00 0.64 0.50 0.50 1.00 0.22 0.01 0.05 0.06 0.08 289 0
Result 1 66.0 399 0.52 0.29 -1 0.23 -1 0.18 0.30 -1 -1 -1 -1
Evo 1.05 0.50 1.00 0.64 0.50 0.50 1.00 0.23 0.01 0.13 0.05 0.08 257 1
Result 1 65.0 360 0.53 0.27 -1 0.19 -1 0.20 0.34 -1 -1 -1 -1
Evo 1.03 0.50 1.00 0.66 0.50 0.50 1.00 0.23 0.01 0.16 0.05 0.09 228 0
Result 1 65.0 332 0.53 0.26 -1 0.21 -1 0.21 0.32 -1 -1 -1 -1
Evo 1.02 0.50 1.00 0.66 0.50 0.50 1.00 0.23 0.01 0.06 0.06 0.09 239 0
Result 1 67.0 346 0.52 0.29 -1 0.17 -1 0.24 0.30 -1 -1 -1 -1
Evo 1.05 0.50 1.00 0.69 0.50 0.50 1.00 0.24 0.01 0.08 0.05 0.08 190 0
Result 1 59.0 307 0.52 0.27 -1 0.22 -1 0.21 0.30 -1 -1 -1 -1
Evo 1.03 0.50 1.00 0.67 0.50 0.50 1.00 0.24 0.01 0.06 0.05 0.09 207 1
Result 1 66.0 311 0.52 0.27 -1 0.20 -1 0.23 0.30 -1 -1 -1 -1
Evo 1.03 0.50 1.00 0.63 0.50 0.50 1.00 0.22 0.01 0.10 0.05 0.09 296 0
Result 1 60.0 395 0.53 0.32 -1 0.18 -1 0.16 0.33 -1 -1 -1 -1
Evo 1.11 0.50 1.00 0.62 0.50 0.50 0.50 0.22 0.01 0.02 0.04 0.09 202 0
Result 1 64.0 337 0.53 0.28 -1 0.19 -1 0.21 0.32 -1 -1 -1 -1
Evo 1.05 0.50 1.00 0.62 0.50 0.50 0.50 0.22 0.01 0.11 0.05 0.08 238 0
Result 1 67.0 317 0.53 0.29 -1 0.17 -1 0.18 0.36 -1 -1 -1 -1
Evo 1.02 0.50 1.00 0.63 0.50 0.50 1.00 0.22 0.01 0.10 0.06 0.09 297 0
Result 1 68.0 400 0.53 0.28 -1 0.22 -1 0.18 0.32 -1 -1 -1 -1
Evo 1.04 0.50 1.00 0.60 0.50 0.50 0.50 0.20 0.01 0.04 0.05 0.09 286 1
Result 1 62.0 362 0.52 0.26 -1 0.21 -1 0.21 0.31 -1 -1 -1 -1
Evo 1.03 0.50 1.00 0.62 0.50 0.50 0.50 0.22 0.01 0.10 0.08 0.09 311 0
Result 1 66.0 447 0.52 0.32 -1 0.19 -1 0.19 0.29 -1 -1 -1 -1
Evo 1.02 0.50 1.00 0.66 0.50 0.50 1.00 0.23 0.01 0.09 0.08 0.09 294 1
Result 1 67.0 432 0.51 0.30 -1 0.19 -1 0.23 0.28 -1 -1 -1 -1
Evo 1.02 0.50 1.00 0.66 0.50 0.50 1.00 0.23 0.01 0.09 0.08 0.09 313 0
Result 1 71.0 463 0.53 0.29 -1 0.20 -1 0.18 0.34 -1 -1 -1 -1
Evo 1.05 0.50 1.00 0.64 0.50 0.50 1.00 0.22 0.01 0.02 0.05 0.09 279 1
Result 1 62.0 386 0.53 0.28 -1 0.18 -1 0.20 0.34 -1 -1 -1 -1
Evo 1.06 0.50 1.00 0.63 0.50 0.50 1.00 0.22 0.01 0.08 0.08 0.09 291 0
Result 1 72.0 393 0.51 0.31 -1 0.22 -1 0.20 0.27 -1 -1 -1 -1
Evo 1.03 0.50 1.00 0.59 0.50 0.50 0.50 0.19 0.01 0.09 0.06 0.09 315 2
Result 1 66.0 386 0.52 0.30 -1 0.20 -1 0.20 0.29 -1 -1 -1 -1
Evo 1.05 0.50 1.00 0.62 0.50 0.50 0.50 0.22 0.01 0.14 0.08 0.09 317 8
Result 1 72.0 421 0.53 0.24 -1 0.22 -1 0.21 0.33 -1 -1 -1 -1
Evo 1.06 0.50 1.00 0.61 0.50 0.50 0.50 0.21 0.01 0.18 0.05 0.09 284 3
Result 1 62.0 361 0.52 0.27 -1 0.21 -1 0.21 0.31 -1 -1 -1 -1
Evo 1.04 0.50 1.00 0.61 0.50 0.50 0.50 0.21 0.01 0.02 0.08 0.09 344 1
Result 1 78.0 439 0.53 0.26 -1 0.21 -1 0.20 0.33 -1 -1 -1 -1
Evo 1.04 0.50 1.00 0.66 0.50 0.50 1.00 0.23 0.01 0.02 0.07 0.09 287 2
Result 1 69.0 427 0.53 0.28 -1 0.20 -1 0.20 0.32 -1 -1 -1 -1
Evo 1.03 0.50 1.00 0.67 0.50 0.50 1.00 0.24 0.01 0.11 0.06 0.09 275 4
Result 1 62.0 421 0.52 0.29 -1 0.23 -1 0.19 0.29 -1 -1 -1 -1
Evo 1.02 0.50 1.00 0.63 0.50 0.50 1.00 0.22 0.01 0.02 0.08 0.09 306 3
Result 1 71.0 412 0.53 0.25 -1 0.21 -1 0.22 0.33 -1 -1 -1 -1
Evo 1.04 0.50 1.00 0.63 0.50 0.50 1.00 0.22 0.01 0.11 0.07 0.09 250 0
Result 1 67.0 353 0.52 0.31 -1 0.19 -1 0.18 0.31 -1 -1 -1 -1
Evo 1.04 0.50 1.00 0.64 0.50 0.50 1.00 0.22 0.01 0.04 0.05 0.09 275 13
Result 1 59.0 381 0.53 0.27 -1 0.20 -1 0.21 0.32 -1 -1 -1 -1
Evo 1.05 0.50 1.00 0.63 0.50 0.50 1.00 0.22 0.01 0.14 0.06 0.09 296 3
Result 1 65.0 403 0.52 0.26 -1 0.21 -1 0.22 0.31 -1 -1 -1 -1
Evo 1.05 0.50 1.00 0.65 0.50 0.50 1.00 0.23 0.01 0.13 0.06 0.09 217 2
Result 1 62.0 334 0.51 0.33 -1 0.23 -1 0.18 0.27 -1 -1 -1 -1
Evo 1.03 0.50 1.00 0.62 0.50 0.50 0.50 0.22 0.01 0.13 0.06 0.09 299 2
Result 1 68.0 396 0.53 0.28 -1 0.20 -1 0.20 0.32 -1 -1 -1 -1
Evo 1.02 0.50 1.00 0.65 0.50 0.50 1.00 0.23 0.01 0.09 0.06 0.09 269 0
Result 1 62.0 392 0.52 0.27 -1 0.21 -1 0.22 0.30 -1 -1 -1 -1
Evo 1.01 0.50 1.00 0.61 0.50 0.50 0.50 0.20 0.01 0.18 0.08 0.09 390 0
Result 1 77.0 494 0.52 0.29 -1 0.20 -1 0.19 0.31 -1 -1 -1 -1
Evo 1.01 0.50 1.00 0.68 0.50 0.50 1.00 0.24 0.01 0.04 0.05 0.09 217 1
Result 1 40.0 343 0.52 0.27 -1 0.22 -1 0.22 0.30 -1 -1 -1 -1
Evo 1.02 0.50 1.00 0.64 0.50 0.50 1.00 0.22 0.01 0.19 0.05 0.09 214 0
Result 1 40.0 294 0.52 0.36 -1 0.18 -1 0.15 0.31 -1 -1 -1 -1
Evo 1.01 0.50 1.00 0.66 0.50 0.50 1.00 0.24 0.01 0.02 0.06 0.09 241 5
Result 1 40.0 375 0.52 0.29 -1 0.21 -1 0.19 0.30 -1 -1 -1 -1
Evo 1.03 0.50 1.00 0.67 0.50 0.50 1.00 0.24 0.01 0.27 0.03 0.08 220 4
Result 1 40.0 339 0.52 0.24 -1 0.21 -1 0.24 0.30 -1 -1 -1 -1
Evo 1.04 0.50 1.00 0.66 0.50 0.50 1.00 0.23 0.01 0.13 0.05 0.09 234 3
Result 1 40.0 342 0.52 0.27 -1 0.23 -1 0.18 0.31 -1 -1 -1 -1
Evo 1.02 0.50 1.00 0.66 0.50 0.50 1.00 0.23 0.01 0.08 0.05 0.08 205 0
Result 1 40.0 300 0.53 0.31 -1 0.19 -1 0.17 0.33 -1 -1 -1 -1
Evo 1.01 0.50 1.00 0.66 0.50 0.50 1.00 0.23 0.01 0.11 0.09 0.09 290 0
Result 1 45.0 430 0.53 0.25 -1 0.23 -1 0.17 0.34 -1 -1 -1 -1
Evo 1.03 0.50 1.00 0.69 0.50 0.50 1.00 0.24 0.01 0.05 0.06 0.09 178 1
Result 1 40.0 284 0.53 0.27 -1 0.22 -1 0.18 0.33 -1 -1 -1 -1
Evo 1.01 0.50 1.00 0.68 0.50 0.50 1.00 0.24 0.01 0.16 0.04 0.08 210 0
Result 1 40.0 327 0.52 0.29 -1 0.21 -1 0.21 0.29 -1 -1 -1 -1
Evo 1.04 0.50 1.00 0.70 0.50 0.50 1.00 0.25 0.01 0.16 0.05 0.08 195 0
Result 1 40.0 332 0.52 0.26 -1 0.23 -1 0.20 0.31 -1 -1 -1 -1
Evo 1.04 0.50 1.00 0.68 0.50 0.50 1.00 0.24 0.01 0.13 0.05 0.09 215 0
Result 1 40.0 412 0.53 0.29 -1 0.20 -1 0.19 0.32 -1 -1 -1 -1
Evo 1.05 0.50 1.00 0.68 0.50 0.50 1.00 0.24 0.01 0.13 0.07 0.09 181 1
Result 1 40.0 286 0.52 0.28 -1 0.24 -1 0.19 0.29 -1 -1 -1 -1
Evo 1.02 0.50 1.00 0.70 0.50 0.50 1.00 0.24 0.01 0.17 0.05 0.08 188 0
Result 1 40.0 311 0.52 0.28 -1 0.21 -1 0.20 0.31 -1 -1 -1 -1
Evo 1.04 0.50 1.00 0.64 0.50 0.50 1.00 0.22 0.01 0.08 0.04 0.08 291 0
Result 1 40.0 399 0.51 0.27 -1 0.21 -1 0.26 0.26 -1 -1 -1 -1
Evo 1.01 0.50 1.00 0.71 0.50 0.50 1.00 0.25 0.01 0.18 0.05 0.09 201 0
Result 1 40.0 344 0.53 0.28 -1 0.21 -1 0.17 0.34 -1 -1 -1 -1
Evo 1.02 0.50 1.00 0.63 0.50 0.50 1.00 0.22 0.01 0.09 0.09 0.09 296 0
Result 1 42.0 402 0.52 0.33 -1 0.21 -1 0.16 0.30 -1 -1 -1 -1
Evo 1.01 0.50 1.00 0.64 0.50 0.50 1.00 0.22 0.01 0.25 0.09 0.09 280 2
Result 1 41.0 386 0.51 0.25 -1 0.28 -1 0.19 0.28 -1 -1 -1 -1
Evo 1.02 0.50 1.00 0.67 0.50 0.50 1.00 0.24 0.01 0.12 0.06 0.08 202 1
Result 1 40.0 307 0.50 0.27 -1 0.26 -1 0.22 0.25 -1 -1 -1 -1
Evo 1.03 0.50 1.00 0.63 0.50 0.50 1.00 0.22 0.01 0.05 0.05 0.09 228 1
Result 1 40.0 307 0.53 0.28 -1 0.22 -1 0.19 0.32 -1 -1 -1 -1
Evo 1.01 0.50 1.00 0.68 0.50 0.50 1.00 0.24 0.01 0.02 0.05 0.09 200 3
Result 1 40.0 337 0.52 0.24 -1 0.22 -1 0.23 0.30 -1 -1 -1 -1
Evo 1.05 0.50 1.00 0.66 0.50 0.50 1.00 0.23 0.01 0.05 0.08 0.09 204 0
Result 1 60.0 312 0.53 0.29 -1 0.14 -1 0.22 0.35 -1 -1 -1 -1
Evo 1.06 0.50 1.00 0.65 0.50 0.50 1.00 0.23 0.01 0.08 0.09 0.09 216 2
Result 1 60.0 317 0.53 0.26 -1 0.16 -1 0.25 0.33 -1 -1 -1 -1
Evo 1.08 0.50 1.00 0.66 0.50 0.50 1.00 0.23 0.01 0.08 0.08 0.09 226 0
Result 1 60.0 335 0.52 0.31 -1 0.16 -1 0.23 0.31 -1 -1 -1 -1
Evo 1.06 0.50 1.00 0.69 0.50 0.50 1.00 0.24 0.01 0.14 0.09 0.09 207 0
Result 1 63.0 339 0.53 0.24 -1 0.16 -1 0.23 0.37 -1 -1 -1 -1
Evo 1.04 0.50 1.00 0.67 0.50 0.50 1.00 0.24 0.01 0.13 0.06 0.09 198 0
Result 1 54.0 303 0.53 0.29 -1 0.16 -1 0.22 0.34 -1 -1 -1 -1
Evo 1.05 0.50 1.00 0.71 0.50 0.50 1.00 0.25 0.01 0.11 0.09 0.09 208 1
Result 1 58.0 354 0.53 0.25 -1 0.17 -1 0.23 0.35 -1 -1 -1 -1
Evo 1.02 0.50 1.00 0.66 0.50 0.50 1.00 0.23 0.01 0.10 0.09 0.09 227 2
Result 1 63.0 335 0.52 0.28 -1 0.15 -1 0.25 0.31 -1 -1 -1 -1
Evo 1.10 0.50 1.00 0.65 0.50 0.50 1.00 0.23 0.01 0.04 0.09 0.09 230 0
Result 1 64.0 341 0.53 0.28 -1 0.13 -1 0.24 0.35 -1 -1 -1 -1
Evo 1.06 0.50 1.00 0.65 0.50 0.50 1.00 0.23 0.01 0.10 0.06 0.09 210 0
Result 1 56.0 297 0.52 0.27 -1 0.19 -1 0.23 0.31 -1 -1 -1 -1
Evo 1.04 0.50 1.00 0.68 0.50 0.50 1.00 0.24 0.01 0.03 0.05 0.09 181 0
Result 1 52.0 280 0.53 0.31 -1 0.16 -1 0.20 0.33 -1 -1 -1 -1
Evo 1.04 0.50 1.00 0.66 0.50 0.50 1.00 0.23 0.01 0.04 0.08 0.09 207 0
Result 1 57.0 339 0.53 0.27 -1 0.18 -1 0.23 0.33 -1 -1 -1 -1
Evo 1.03 0.50 1.00 0.68 0.50 0.50 1.00 0.24 0.01 0.03 0.05 0.09 183 0
Result 1 52.0 286 0.53 0.27 -1 0.18 -1 0.22 0.33 -1 -1 -1 -1
Evo 1.02 0.50 1.00 0.66 0.50 0.50 1.00 0.23 0.01 0.03 0.08 0.09 218 0
Result 1 56.0 320 0.51 0.28 -1 0.19 -1 0.25 0.28 -1 -1 -1 -1
Evo 1.07 0.50 1.00 0.65 0.50 0.50 1.00 0.23 0.01 0.09 0.09 0.09 233 0
Result 1 61.0 339 0.53 0.26 -1 0.14 -1 0.24 0.36 -1 -1 -1 -1
Evo 1.05 0.50 1.00 0.67 0.50 0.50 1.00 0.24 0.01 0.09 0.09 0.09 219 0
Result 1 65.0 326 0.53 0.29 -1 0.14 -1 0.23 0.34 -1 -1 -1 -1
Evo 1.04 0.50 1.00 0.66 0.50 0.50 1.00 0.23 0.01 0.15 0.07 0.09 225 0
Result 1 59.0 342 0.53 0.21 -1 0.18 -1 0.24 0.36 -1 -1 -1 -1
Evo 1.08 0.50 1.00 0.66 0.50 0.50 1.00 0.23 0.01 0.09 0.08 0.09 215 0
Result 1 62.0 317 0.53 0.26 -1 0.15 -1 0.23 0.36 -1 -1 -1 -1
Evo 1.07 0.50 1.00 0.64 0.50 0.50 1.00 0.23 0.01 0.14 0.09 0.09 253 0
Result 1 62.0 357 0.52 0.28 -1 0.20 -1 0.23 0.29 -1 -1 -1 -1
Evo 1.02 0.50 1.00 0.65 0.50 0.50 1.00 0.23 0.01 0.09 0.05 0.09 200 0
Result 1 55.0 283 0.52 0.33 -1 0.17 -1 0.19 0.31 -1 -1 -1 -1
Evo 1.04 0.50 1.00 0.67 0.50 0.50 1.00 0.24 0.01 0.12 0.07 0.09 241 3
Result 1 55.0 365 0.52 0.30 -1 0.19 -1 0.22 0.29 -1 -1 -1 -1
