Result 1 72.0 446 -1712097025
Result 1 70.0 443 -932690130
Result 1 70.0 462 1955498927
Result 1 76.0 684 -474842225
Result 1 75.0 620 -1082611170
Result 1 66.0 649 -1463255597
Result 1 68.0 407 1267458994
Result 1 68.0 417 -2112973074
Result 1 59.0 464 -2039349801
Result 1 57.0 381 -534401522
Result 1 74.0 740 -1980233129
Result 1 66.0 570 -1285898522
Result 1 75.0 561 1448376324
Result 1 60.0 419 -172035982
Result 1 62.0 364 1606897768
Result 1 77.0 642 -1774342054
Result 1 73.0 485 -1667405090
Result 1 64.0 521 484924428
Result 1 70.0 523 -170996210
Result 0 64.0 791 -1439610014
Result 1 60.0 504 -489707208
Result 1 59.0 333 339033577
Result 1 69.0 551 302323266
Result 1 63.0 386 -414047325
Result 1 69.0 443 1875884630
Result 1 79.0 398 143394836
Result 1 74.0 533 -465735262
Result 1 66.0 599 1661533928
Result 1 67.0 548 1408033110
Result 1 72.0 617 -985230983
Result 1 70.0 425 333671851
Result 1 76.0 419 42588805
Result 1 78.0 677 226968735
Result 1 66.0 654 -1050774115
Result 1 67.0 435 2030353153
Result 1 72.0 431 -1670592825
Result 0 54.0 359 -1769684555
Result 1 53.0 464 618057555
Result 1 74.0 420 -1920432432
Result 0 54.0 693 -1816011810
Result 1 68.0 496 -1500124268
Result 1 67.0 490 1098014146
Result 1 78.0 597 -1601692606
Result 1 79.0 455 1536602637
Result 1 62.0 375 2069915159
Result 1 69.0 513 -13042642
Result 1 75.0 389 708553446
Result 1 79.0 480 2035089594
Result 1 65.0 411 1830090172
Result 1 64.0 600 1675558793
Result 1 67.0 402 1032091285
Result 1 62.0 699 -1863317704
Result 1 67.0 392 1548129765
Result 1 65.0 777 1248727238
Result 1 72.0 554 -202175920
Result 1 57.0 498 1001405294
Result 1 75.0 509 409324844
Result 1 62.0 529 -1087575731
Result 1 65.0 491 -2027596745
Result 0 62.0 887 427729292
Result 1 40.0 371 2097137398
Result 1 40.0 348 -1992748611
Result 1 40.0 494 -645100035
Result 1 42.0 436 -1509659508
Result 1 40.0 461 1510771662
Result 1 40.0 380 2016464877
Result 1 40.0 336 -1492744716
Result 1 40.0 357 1205944722
Result 1 40.0 525 811615130
Result 1 40.0 488 2067619916
Result 1 40.0 347 -113989411
Result 1 40.0 386 -59449147
Result 1 40.0 405 1779976266
Result 1 40.0 418 88896489
Result 1 40.0 350 -815909144
Result 1 40.0 329 758796061
Result 1 40.0 404 1105255734
Result 1 40.0 416 1393222890
Result 1 40.0 399 -303049400
Result 1 40.0 386 723498878
Result 1 63.0 551 1393345485
Result 1 60.0 420 -731727715
Result 1 57.0 649 -675521713
Result 1 60.0 460 1487390671
Result 1 55.0 379 -1245917927
Result 1 70.0 545 -1783173070
Result 1 57.0 421 -111164349
Result 1 61.0 375 383729544
Result 1 66.0 593 -396298371
Result 1 59.0 396 -905459169
Result 1 65.0 374 -72195412
Result 1 64.0 444 1361883580
Result 1 57.0 406 -1585286812
Result 1 63.0 455 -64623443
Result 1 65.0 356 -1716563005
Result 1 62.0 404 720111874
Result 1 54.0 429 1841384750
Result 1 55.0 374 -1957644624
Result 1 70.0 548 626320237
Result 1 66.0 371 989662051
