Result 0 4.0 2000 166928911
Result 0 2.0 1113 96349955
Result 0 3.0 581 -114174814
Result 0 2.0 1055 1238932971
Result 0 1.0 643 1815395880
Result 0 3.0 2000 -737492223
Result 0 1.0 931 57812528
Result 0 1.0 787 -162514013
Result 0 1.0 1017 -1583112316
Result 0 0.0 413 400270581
Result 0 1.0 510 872851399
Result 0 3.0 2000 -859431478
Result 0 1.0 1746 1364130188
Result 0 2.0 1601 -230819357
Result 0 2.0 1035 352990837
Result 0 2.0 1440 1533594108
Result 0 2.0 1017 604540078
Result 0 2.0 2000 130063714
Result 0 1.0 1374 -1271533487
Result 0 3.0 897 605571370
Result 0 3.0 2000 145800760
Result 0 3.0 2000 1266283127
Result 0 1.0 580 -1229534744
Result 0 1.0 1347 1088448616
Result 0 4.0 733 350324834
Result 0 3.0 570 -1659504628
Result 0 1.0 485 -1921860235
Result 0 0.0 2000 -1196664266
Result 0 4.0 1044 1240791287
Result 0 0.0 2000 1530388732
Result 0 1.0 1252 -1243477790
Result 0 4.0 2000 -1133865728
Result 0 2.0 2000 1556519629
Result 0 4.0 2000 -1915034690
Result 0 4.0 1394 1870611660
Result 0 0.0 1096 1798287319
Result 0 1.0 698 -1850432737
Result 0 0.0 361 894686316
Result 0 3.0 1371 -1411636415
Result 0 1.0 2000 -2075678677
Result 0 5.0 1862 1119812976
Result 0 0.0 2000 -469870430
Result 0 0.0 43 993781369
Result 0 4.0 1723 -2056672057
Result 0 1.0 663 -1085931285
Result 0 2.0 1204 1376057862
Result 0 0.0 32 338419806
Result 0 3.0 847 -1107135432
Result 0 1.0 702 -322289676
Result 0 1.0 385 -307689571
Result 0 1.0 396 -2114382043
Result 0 5.0 450 2053467119
Result 0 0.0 24 966784654
Result 0 0.0 162 1157597402
Result 0 8.0 1134 -771683402
Result 0 2.0 2000 646936552
Result 0 3.0 2000 1315654808
Result 0 3.0 576 -1177823972
Result 0 0.0 700 1385242990
Result 0 1.0 2000 1523001020
Result 0 0.0 2000 105388446
Result 0 3.0 1220 -318486191
Result 0 0.0 2000 -499695820
Result 0 0.0 735 -2044088099
Result 0 0.0 2000 -73973310
Result 0 1.0 426 1383851998
Result 0 2.0 466 -233584441
Result 0 0.0 2000 312133246
Result 0 2.0 824 -500951821
Result 0 1.0 1183 -561589972
Result 0 1.0 107 1871268514
Result 0 1.0 2000 906403543
Result 0 2.0 1256 -858992136
Result 0 1.0 2000 -400668455
Result 0 0.0 1774 1112761482
Result 0 0.0 509 -411802573
Result 0 1.0 1680 -1221666661
Result 0 0.0 400 1852912358
Result 0 0.0 2000 -528475929
Result 0 0.0 2000 -1485049164
Result 0 3.0 889 1026519775
Result 0 0.0 2000 1037446406
Result 0 2.0 454 15295555
Result 0 1.0 1032 1543815843
Result 0 3.0 2000 -359543640
Result 0 2.0 649 -796026223
Result 0 1.0 353 173117315
Result 0 2.0 535 -2018817419
Result 0 1.0 2000 -377480540
Result 0 6.0 919 2116026592
Result 0 4.0 795 358361460
Result 0 0.0 2000 -1420260571
Result 0 0.0 2000 -1444159758
Result 0 3.0 552 2144052840
Result 0 1.0 960 755267731
Result 0 6.0 2000 -877787732
Result 0 0.0 2000 1287321326
Result 0 3.0 1740 1615256326
Result 0 2.0 1043 -392924351
Result 0 4.0 482 2092823878
