Result 1 1059.0 1000 -1754531357
Result 0 22.0 442 -71845553
Result 1 52.0 1000 1333952360
Result 1 1045.0 1000 1552210645
Result 1 1052.0 1000 1601731854
Result 0 1051.0 936 -299023261
Result 1 1060.0 1000 729711275
Result 1 1056.0 1000 742051368
Result 0 30.0 442 -144439886
Result 0 32.0 702 -980537604
Result 1 1068.0 1000 -2023684523
Result 1 1040.0 1000 -1617322287
Result 0 27.0 442 -1498976319
Result 0 20.0 442 2006146000
Result 1 41.0 1000 737191742
Result 0 25.0 442 1009499305
Result 0 26.0 442 546395442
Result 0 30.0 728 1350959557
Result 1 1052.0 1000 -1612861117
Result 1 1041.0 1000 1201150207
Result 0 19.0 442 2063751550
Result 1 43.0 1000 491170815
Result 1 1051.0 1000 -172582634
Result 1 37.0 1000 499314526
Result 0 28.0 728 -1195392486
Result 1 1073.0 1000 -499718085
Result 0 7.0 289 128648203
Result 0 33.0 442 1268384357
Result 1 35.0 1000 -993578016
Result 0 49.0 780 229702322
Result 1 39.0 1000 1710718428
Result 0 19.0 442 749623860
Result 0 37.0 675 -1077398486
Result 0 17.0 332 450237077
Result 0 28.0 442 1385725135
Result 0 72.0 858 2109916705
Result 1 63.0 1000 -1297831423
Result 0 1052.0 988 -304905508
Result 1 2056.0 1000 -1729627513
Result 0 64.0 988 759537231
Result 1 2034.0 1000 1639310804
Result 1 4031.0 1000 2045356349
Result 1 3020.0 1000 201673555
Result 1 4043.0 1000 -1640185821
Result 1 3046.0 1000 772025433
Result 1 2030.0 1000 1792800208
Result 1 3033.0 1000 -124172283
Result 0 1033.0 827 -175497522
Result 0 1024.0 754 757578272
Result 1 2051.0 1000 -1194877084
Result 1 2051.0 1000 1524793688
Result 1 2037.0 1000 -412411671
Result 1 3020.0 1000 -934250404
Result 1 3027.0 1000 -1043873484
Result 0 1050.0 884 -1422600245
Result 1 2058.0 1000 1533943909
Result 1 4042.0 1000 1158320745
Result 1 2032.0 1000 1221913108
Result 0 1026.0 858 -332988596
Result 0 7.0 442 1140795994
Result 1 2099.0 1000 -643689099
Result 1 4079.0 1000 -190674483
Result 1 3094.0 1000 -2097852266
Result 1 3113.0 1000 262074769
Result 1 3071.0 1000 531131705
Result 1 1092.0 1000 2147480980
Result 1 3058.0 1000 -1207238404
Result 1 4082.0 1000 1243001841
Result 1 5097.0 1000 1778811377
Result 1 4068.0 1000 -1299243127
Result 1 2077.0 1000 -1806111583
Result 0 1037.0 494 -807168614
Result 1 4068.0 1000 -1961298637
Result 0 3092.0 996 1129162172
Result 0 4040.0 698 170405677
Result 1 4083.0 1000 1610779318
Result 1 3097.0 1000 -1748855468
Result 1 4091.0 1000 -2009169779
Result 1 6077.0 1000 -1606027982
Result 1 3092.0 1000 1629685304
Result 0 1038.0 676 -992308761
Result 1 5040.0 1000 1338741435
Result 1 5040.0 1000 2078161023
Result 1 3024.0 1000 -1439623809
Result 0 2045.0 884 977961855
Result 1 3040.0 1000 1197708849
Result 1 8044.0 1000 664403964
Result 1 6047.0 1000 461543404
Result 1 3049.0 1000 2103111253
Result 1 3049.0 1000 467797307
Result 1 7042.0 1000 1255335514
Result 0 5043.0 879 228864819
Result 1 4038.0 1000 1473072320
Result 0 1026.0 754 300775971
Result 1 7035.0 1000 -57228172
Result 0 27.0 442 -655569013
Result 1 3049.0 1000 -1803642522
Result 1 6042.0 1000 1571671517
Result 1 5052.0 1000 1472539259
Result 1 2048.0 1000 -1691387984
