Result 1 1.0 19 30626492
Result 1 1.0 24 -983564304
Result 1 1.0 38 -1853099334
Result 1 1.0 12 2057156655
Result 1 1.0 17 -1732193350
Result 1 1.0 36 219743594
Result 1 1.0 22 -1483360357
Result 1 1.0 10 -889585239
Result 1 1.0 19 -2016453765
Result 1 1.0 10 1267348900
Result 1 1.0 9 -1973354127
Result 1 1.0 12 2038158539
Result 1 1.0 20 815638587
Result 1 1.0 20 -1696923829
Result 1 1.0 22 -145191744
Result 1 1.0 14 1897595578
Result 1 1.0 46 -1125724118
Result 1 1.0 41 991368197
Result 1 1.0 8 -1313221036
Result 1 1.0 12 -1117067190
Result 0 0.0 2000 1979523277
Result 0 0.0 2000 -845736576
Result 1 1.0 696 -439721060
Result 0 0.0 2000 1546685307
Result 1 1.0 1798 1447540507
Result 0 0.0 2000 1119262293
Result 0 0.0 2000 1602795225
Result 0 0.0 2000 1930700904
Result 0 0.0 2000 -1154598868
Result 0 0.0 2000 -1577427192
Result 0 0.0 2000 23525750
Result 0 0.0 2000 1406635989
Result 0 0.0 2000 -840641142
Result 0 0.0 2000 239717650
Result 0 0.0 2000 -1681333373
Result 1 1.0 1747 -530259658
Result 1 1.0 236 -1736278534
Result 0 0.0 2000 -394313032
Result 0 0.0 2000 -1001292353
Result 0 0.0 2000 -2104750043
Result 0 0.0 2000 -1630686947
Result 0 0.0 2000 1976608261
Result 0 0.0 2000 -23669111
Result 0 0.0 2000 -1916784888
Result 0 0.0 2000 -1922577931
Result 0 0.0 2000 1292225764
Result 0 0.0 2000 1220496887
Result 0 0.0 2000 1903007279
Result 0 0.0 2000 -782405192
Result 0 0.0 2000 917414504
Result 0 0.0 2000 1117512790
Result 0 0.0 2000 399048370
Result 0 0.0 2000 667366773
Result 0 0.0 2000 1997735191
Result 0 0.0 2000 1782699304
Result 0 0.0 2000 35601241
Result 0 0.0 2000 -1290037348
Result 0 0.0 2000 -1321886003
Result 0 0.0 2000 -232062366
Result 0 0.0 2000 -1990604382
Result 0 0.0 2000 -748868390
Result 0 0.0 2000 -2026256666
Result 0 0.0 2000 -1912049472
Result 0 0.0 2000 -1166346495
Result 0 0.0 2000 -2013249775
Result 0 0.0 2000 -2077881202
Result 0 0.0 2000 -958356004
Result 0 0.0 2000 1914512695
Result 0 0.0 2000 1243129610
Result 0 0.0 2000 1091927178
Result 0 0.0 2000 250560983
Result 0 0.0 2000 1113966749
Result 0 0.0 2000 -497797792
Result 0 0.0 2000 2062239164
Result 0 0.0 2000 1211500803
Result 0 0.0 2000 1288140949
Result 0 0.0 2000 20959555
Result 0 0.0 2000 1455442039
Result 0 0.0 2000 -1491368048
Result 0 0.0 2000 -1539878108
Result 0 0.0 2000 599907102
Result 0 0.0 2000 -1451345416
Result 0 0.0 2000 -1442437219
Result 0 0.0 2000 1364284569
Result 1 1.0 1035 -380962271
Result 0 0.0 2000 211759088
Result 0 0.0 2000 -1381736612
Result 1 1.0 279 -1702192166
Result 0 0.0 2000 582943569
Result 0 0.0 2000 -88262850
Result 0 0.0 2000 -1532574408
Result 0 0.0 2000 1353705615
Result 0 0.0 2000 -314576094
Result 1 1.0 1004 -1148518358
Result 0 0.0 2000 -1786906655
Result 0 0.0 2000 -1234936955
Result 0 0.0 2000 -805473942
Result 1 1.0 1399 301563518
Result 0 0.0 2000 -668439996
Result 0 0.0 2000 644012268
