Result 1 1.0 114 -1793409047
Result 1 1.0 62 172603526
Result 1 1.0 499 -936831553
Result 1 1.0 32 -112181066
Result 0 0.0 96 1210553424
Result 1 1.0 209 320309976
Result 1 1.0 57 -846367231
Result 1 1.0 36 475507701
Result 1 1.0 41 -1871789698
Result 1 1.0 218 -130689829
Result 1 1.0 66 -1009216768
Result 1 1.0 107 -100533424
Result 1 1.0 33 1595640842
Result 1 1.0 89 -1060838585
Result 1 1.0 284 -2099587269
Result 1 1.0 38 -406547027
Result 1 1.0 25 -1107398469
Result 1 1.0 65 -766932803
Result 1 1.0 1405 -1331800695
Result 1 1.0 30 -764547342
Result 1 1.0 523 -310334767
Result 1 1.0 1034 301857222
Result 1 1.0 1118 -2133482536
Result 1 1.0 889 -551083421
Result 1 1.0 109 -629195330
Result 1 1.0 366 -1505905041
Result 1 1.0 809 -2033465052
Result 1 1.0 1410 -1519123679
Result 1 1.0 801 -1097229945
Result 1 1.0 242 -256671256
Result 1 1.0 634 594921444
Result 1 1.0 651 695937617
Result 1 1.0 457 -1938089316
Result 1 1.0 744 178018466
Result 1 1.0 186 -1105593087
Result 1 1.0 299 1868573007
Result 1 1.0 597 -737336203
Result 1 1.0 631 -1676074542
Result 0 0.0 1500 1474400330
Result 1 1.0 372 1231850732
Result 1 1.0 810 1058001419
Result 1 1.0 515 1941895626
Result 0 0.0 1500 2031061632
Result 1 1.0 754 327033925
Result 1 1.0 222 553527167
Result 0 0.0 674 123933036
Result 1 1.0 1261 -349067310
Result 1 1.0 674 898858130
Result 1 1.0 983 -343440442
Result 1 1.0 1271 -423110252
Result 1 1.0 481 -396748615
Result 1 1.0 451 -757067940
Result 1 1.0 887 836279596
Result 1 1.0 569 1991480256
Result 0 0.0 1500 -1209023078
Result 1 1.0 974 -91968718
Result 1 1.0 412 -1833793420
Result 1 1.0 223 828200843
Result 1 1.0 462 1687268454
Result 1 1.0 613 1465200016
Result 0 0.0 1500 1630743361
Result 0 0.0 1500 -1766078647
Result 1 1.0 819 1988648361
Result 0 0.0 1500 -1877292015
Result 1 1.0 373 -1700391597
Result 0 0.0 1500 -733856815
Result 0 0.0 1500 17471169
Result 1 1.0 1056 -1448532290
Result 1 1.0 302 1426823617
Result 0 0.0 1500 -1494257130
Result 0 0.0 1500 -1261362919
Result 0 0.0 1500 1464762573
Result 0 0.0 1500 -636771387
Result 0 0.0 1500 -372088435
Result 1 1.0 1416 500669044
Result 0 0.0 1500 388695154
Result 0 0.0 1500 -1539362539
Result 1 1.0 892 -202964681
Result 0 0.0 1500 41316952
Result 1 1.0 781 -1575416231
Result 0 0.0 1500 -1432972330
Result 1 1.0 332 811099572
Result 1 1.0 791 -1534776480
Result 1 1.0 88 -1363106888
Result 0 0.0 1500 -804375897
Result 0 0.0 1500 1198294280
Result 1 1.0 104 -45500460
Result 1 1.0 104 795967450
Result 0 0.0 1500 -1335269254
Result 0 0.0 1500 -480976453
Result 0 0.0 472 -972009334
Result 1 1.0 302 1993155210
Result 0 0.0 1500 636247196
Result 0 0.0 1500 1672639383
Result 0 0.0 1500 -83763198
Result 1 1.0 166 -417292805
Result 0 0.0 1500 -1355122183
Result 1 1.0 381 -1282099881
Result 0 0.0 1500 -883721937
Result 1 1.0 553 -187653151
