Evo 11.64 0.62 976729.47 767837.23 851535.66 936178.37 968639.23 361035.06 104221.85 0.30 0.26 0.40 -1 -1
Result 1 1.0 11 0.43 0.08 0.25 0.42 0.17 0.08 -1 -1 -1 -1 -1
Evo 9.85 0.62 972606.64 773647.36 790464.47 943157.03 957349.74 337841.18 90291.85 0.27 0.23 0.37 -1 -1
Result 1 1.0 13 0.40 0.21 0.14 0.29 0.29 0.07 -1 -1 -1 -1 -1
Evo 2.33 550561.93 984824.33 904002.49 908205.64 970657.15 981866.78 158075.63 59746.97 0.40 0.17 0.37 -1 -1
Result 1 1.0 6 0.40 0.14 0.14 0.57 0.14 -1 -1 -1 -1 -1 -1
Evo 6.56 62500.48 979144.91 832881.17 701451.89 955725.13 972275.30 283544.03 89664.50 0.33 0.20 0.37 -1 -1
Result 1 1.0 9 0.46 0.20 0.20 0.40 0.20 -1 -1 -1 -1 -1 -1
Evo 6.75 62500.58 973973.58 794345.58 810124.98 903993.39 962545.25 289845.44 80388.66 0.28 0.20 0.40 -1 -1
Result 1 1.0 12 0.42 0.15 0.15 0.31 0.23 0.15 -1 -1 -1 -1 -1
Evo 23.17 0.57 979124.29 642831.86 33333.80 874538.18 967613.14 445593.79 123585.48 0.28 0.26 0.37 -1 -1
Result 1 1.0 12 0.52 0.15 0.31 0.31 0.23 -1 -1 -1 -1 -1 -1
Evo 24.75 0.57 979435.03 637656.56 41667.20 860221.24 965826.21 442772.88 122803.10 0.28 0.23 0.37 -1 -1
Result 1 1.0 12 0.42 0.15 0.15 0.38 0.15 0.15 -1 -1 -1 -1 -1
Evo 21.08 0.57 976773.76 657606.32 50000.45 932411.76 957665.34 430078.30 114943.26 0.27 0.20 0.40 -1 -1
Result 1 1.0 13 0.27 0.29 0.14 0.36 0.14 0.07 -1 -1 -1 -1 -1
Evo 2.11 109375.32 978682.90 832216.55 672202.66 963447.91 973167.12 272150.57 86061.57 0.33 0.20 0.40 -1 -1
Result 1 1.0 9 0.46 -1 0.20 0.40 0.40 -1 -1 -1 -1 -1 -1
Evo 7.57 138889.29 983375.28 846750.55 842121.43 956798.22 975334.99 289781.81 102453.34 0.38 0.17 0.40 -1 -1
Result 1 1.0 7 0.38 0.13 0.13 0.63 0.13 -1 -1 -1 -1 -1 -1
Evo 3.60 245283.46 976088.32 865510.21 755878.39 952853.32 965370.03 215740.99 65048.36 0.31 0.26 0.37 -1 -1
Result 1 1.0 10 0.45 -1 0.18 0.45 0.18 0.18 -1 -1 -1 -1 -1
Evo 22.92 0.57 977712.39 633228.18 50000.56 912327.61 954449.58 427443.53 114239.09 0.27 0.23 0.40 -1 -1
Result 1 1.0 13 0.40 0.29 0.21 0.29 0.14 0.07 -1 -1 -1 -1 -1
Evo 21.08 0.56 978312.91 685922.77 450704.75 903673.33 968668.42 415668.47 115285.69 0.28 0.20 0.40 -1 -1
Result 1 1.0 12 0.42 0.31 0.15 0.31 0.15 0.08 -1 -1 -1 -1 -1
Evo 12.60 148148.57 988256.67 832877.94 924340.24 981526.05 981526.05 336281.16 137286.21 0.43 0.17 0.37 -1 -1
Result 1 1.0 5 0.43 -1 0.17 0.67 0.17 -1 -1 -1 -1 -1 -1
Evo 16.67 0.58 982588.00 712123.43 0.61 960578.79 975599.61 399928.80 126468.59 0.33 0.17 0.37 -1 -1
Result 1 1.0 9 0.33 0.10 0.10 0.40 0.10 0.30 -1 -1 -1 -1 -1
Evo 3.57 513889.11 982583.48 892977.99 849904.28 949370.93 976306.45 159503.44 56392.98 0.38 0.17 0.40 -1 -1
Result 1 1.0 7 0.38 0.13 0.13 0.50 0.13 0.13 -1 -1 -1 -1 -1
Evo 28.50 0.56 986880.48 635098.03 0.58 848921.05 969916.53 478164.16 159388.05 0.35 0.20 0.40 -1 -1
Result 1 1.0 8 0.48 0.11 0.22 0.44 0.22 -1 -1 -1 -1 -1 -1
Evo 29.13 0.58 986988.17 624613.60 0.58 770642.31 969258.03 473143.25 157714.42 0.35 0.23 0.40 -1 -1
Result 1 1.0 8 0.53 -1 0.22 0.44 0.33 -1 -1 -1 -1 -1 -1
Evo 21.86 0.57 986773.09 701648.51 0.62 924209.26 980374.53 438357.28 154982.70 0.38 0.17 0.40 -1 -1
Result 1 1.0 7 0.38 -1 0.13 0.50 0.13 0.25 -1 -1 -1 -1 -1
Evo 8.10 0.62 978415.17 793652.54 409639.00 932200.13 968959.51 312061.70 94090.14 0.31 0.20 0.40 -1 -1
Result 1 1.0 10 0.45 0.27 0.18 0.36 0.18 -1 -1 -1 -1 -1 -1
Evo 952.93 -999999.47 0.61 -499.51 0.23 0.23 0.23 22355.09 499.75 0.01 0.51 0.53 -1 -1
Result 0 0.0 2000 0.45 0.20 0.22 0.19 0.18 0.20 -1 -1 -1 -1 -1
Evo 963.91 -999999.85 0.62 -499.51 0.23 0.23 0.23 22355.09 499.75 0.01 0.51 0.53 -1 -1
Result 0 0.0 2000 0.47 0.20 0.22 0.18 0.20 0.19 -1 -1 -1 -1 -1
Evo 973.55 -999999.84 0.62 -499.52 0.23 0.23 0.23 22355.09 499.75 0.01 0.51 0.53 -1 -1
Result 0 0.0 2000 0.46 0.21 0.20 0.20 0.20 0.19 -1 -1 -1 -1 -1
Evo 961.25 -999999.55 0.62 -499.51 0.23 0.23 0.23 22355.09 499.75 0.01 0.51 0.53 -1 -1
Result 0 0.0 2000 0.47 0.19 0.20 0.19 0.21 0.20 -1 -1 -1 -1 -1
Evo 966.08 -999999.84 0.62 -499.51 0.23 0.23 0.23 22355.09 499.75 0.01 0.51 0.53 -1 -1
Result 0 0.0 2000 0.46 0.21 0.20 0.19 0.21 0.20 -1 -1 -1 -1 -1
Evo 967.92 -1000000.06 0.62 -499.52 0.23 0.23 0.23 22355.10 499.75 0.01 0.51 0.53 -1 -1
Result 0 0.0 2000 0.45 0.20 0.22 0.20 0.21 0.18 -1 -1 -1 -1 -1
Evo 955.38 -999999.85 0.62 -499.51 0.23 0.23 0.23 22355.09 499.75 0.01 0.51 0.53 -1 -1
Result 0 0.0 2000 0.47 0.20 0.21 0.19 0.20 0.20 -1 -1 -1 -1 -1
Evo 955.41 -999999.56 0.62 -499.51 0.23 0.23 0.23 22355.09 499.75 0.01 0.51 0.53 -1 -1
Result 0 0.0 2000 0.47 0.19 0.21 0.19 0.20 0.21 -1 -1 -1 -1 -1
Evo 969.75 -999999.98 0.62 -499.51 0.23 0.23 0.23 22355.10 499.75 0.01 0.47 0.51 -1 -1
Result 0 0.0 2000 0.47 0.20 0.20 0.19 0.21 0.19 -1 -1 -1 -1 -1
Evo 974.47 -999999.83 0.62 -499.52 0.23 0.23 0.23 22355.09 499.75 0.01 0.51 0.53 -1 -1
Result 0 0.0 2000 0.46 0.19 0.20 0.20 0.21 0.19 -1 -1 -1 -1 -1
Evo 972.38 -1000000.15 0.62 -499.52 0.23 0.23 0.23 22355.10 499.75 0.01 0.51 0.53 -1 -1
Result 0 0.0 2000 0.47 0.20 0.20 0.21 0.20 0.19 -1 -1 -1 -1 -1
Evo 962.00 -1000000.17 0.61 -499.51 0.23 0.23 0.23 22355.10 499.75 0.01 0.49 0.53 -1 -1
Result 0 0.0 2000 0.47 0.19 0.19 0.20 0.20 0.22 -1 -1 -1 -1 -1
Evo 909.96 0.22 999999.69 1852.10 0.23 0.23 0.23 43033.12 1851.85 0.02 0.47 0.51 -1 -1
Result 1 1.0 539 0.43 0.21 0.16 0.19 0.20 0.23 -1 -1 -1 -1 -1
Evo 967.97 -999999.57 0.62 -499.51 0.23 0.23 0.23 22355.09 499.75 0.01 0.51 0.53 -1 -1
Result 0 0.0 2000 0.47 0.20 0.20 0.20 0.20 0.21 -1 -1 -1 -1 -1
Evo 963.13 -999999.54 0.62 -499.51 0.23 0.23 0.23 22355.09 499.75 0.01 0.51 0.53 -1 -1
Result 0 0.0 2000 0.47 0.20 0.21 0.21 0.19 0.20 -1 -1 -1 -1 -1
Evo 972.69 -1000000.13 0.62 -499.52 0.23 0.23 0.23 22355.10 499.75 0.01 0.51 0.53 -1 -1
Result 0 0.0 2000 0.46 0.21 0.22 0.19 0.19 0.19 -1 -1 -1 -1 -1
Evo 964.55 -1000000.14 0.62 -499.51 0.23 0.23 0.23 22355.10 499.75 0.01 0.51 0.53 -1 -1
Result 0 0.0 2000 0.47 0.22 0.19 0.20 0.20 0.19 -1 -1 -1 -1 -1
Evo 961.78 -999999.54 0.61 -499.51 0.23 0.23 0.23 22355.09 499.75 0.01 0.51 0.53 -1 -1
Result 0 0.0 2000 0.47 0.19 0.19 0.21 0.20 0.21 -1 -1 -1 -1 -1
Evo 964.53 -999999.84 0.62 -499.51 0.23 0.23 0.23 22355.09 499.75 0.01 0.51 0.53 -1 -1
Result 0 0.0 2000 0.46 0.20 0.20 0.20 0.19 0.20 -1 -1 -1 -1 -1
Evo 843.04 0.22 999999.98 2415.72 0.23 0.23 0.23 49147.30 2415.46 0.02 0.49 0.53 -1 -1
Result 1 1.0 413 0.45 0.20 0.19 0.20 0.23 0.19 -1 -1 -1 -1 -1
Evo 965.80 -999999.74 0.62 -499.51 0.23 0.23 0.23 22355.09 499.75 0.01 0.47 0.50 -1 -1
Result 0 0.0 2000 0.47 0.19 0.21 0.20 0.19 0.20 -1 -1 -1 -1 -1
Evo 967.59 -999999.81 0.62 -499.51 0.23 0.23 0.23 22355.09 499.75 0.01 0.45 0.48 -1 -1
Result 0 0.0 2000 0.47 0.21 0.19 0.19 0.20 0.20 -1 -1 -1 -1 -1
Evo 962.70 -999999.72 0.62 -499.51 0.23 0.23 0.23 22355.09 499.75 0.01 0.56 0.58 -1 -1
Result 0 0.0 2000 0.45 0.19 0.21 0.20 0.18 0.22 -1 -1 -1 -1 -1
Evo 967.62 -999999.53 0.62 -499.51 0.23 0.23 0.23 22355.09 499.75 0.01 0.34 0.39 -1 -1
Result 0 0.0 2000 0.48 0.20 0.20 0.18 0.21 0.20 -1 -1 -1 -1 -1
Evo 964.71 -999999.30 0.62 -499.51 0.23 0.23 0.23 22355.08 499.75 0.01 0.42 0.45 -1 -1
Result 0 0.0 2000 0.46 0.21 0.20 0.19 0.20 0.20 -1 -1 -1 -1 -1
Evo 962.63 -999999.27 0.62 -499.51 0.23 0.23 0.23 22355.08 499.75 0.01 0.52 0.55 -1 -1
Result 0 0.0 2000 0.46 0.21 0.20 0.19 0.21 0.19 -1 -1 -1 -1 -1
Evo 967.29 -999999.92 0.62 -499.51 0.23 0.23 0.23 22355.10 499.75 0.01 0.56 0.58 -1 -1
Result 0 0.0 2000 0.45 0.20 0.21 0.20 0.19 0.20 -1 -1 -1 -1 -1
Evo 970.69 -1000000.11 0.62 -499.51 0.23 0.23 0.23 22355.10 499.75 0.01 0.56 0.58 -1 -1
Result 0 0.0 2000 0.48 0.20 0.19 0.21 0.21 0.18 -1 -1 -1 -1 -1
Evo 965.59 -999999.46 0.62 -499.51 0.23 0.23 0.23 22355.08 499.75 0.01 0.45 0.48 -1 -1
Result 0 0.0 2000 0.47 0.20 0.18 0.21 0.20 0.20 -1 -1 -1 -1 -1
Evo 971.94 -999999.41 0.62 -499.51 0.23 0.23 0.23 22355.08 499.75 0.01 0.48 0.53 -1 -1
Result 0 0.0 2000 0.46 0.22 0.19 0.20 0.20 0.20 -1 -1 -1 -1 -1
Evo 958.31 -999999.32 0.62 -499.51 0.23 0.23 0.23 22355.08 499.75 0.01 0.53 0.56 -1 -1
Result 0 0.0 2000 0.47 0.19 0.19 0.20 0.22 0.20 -1 -1 -1 -1 -1
Evo 962.42 -999999.29 0.62 -499.51 0.23 0.23 0.23 22355.08 499.75 0.01 0.55 0.58 -1 -1
Result 0 0.0 2000 0.46 0.21 0.19 0.20 0.20 0.20 -1 -1 -1 -1 -1
Evo 971.63 -999999.97 0.62 -499.52 0.23 0.23 0.23 22355.10 499.75 0.01 0.52 0.53 -1 -1
Result 0 0.0 2000 0.48 0.22 0.18 0.19 0.22 0.19 -1 -1 -1 -1 -1
Evo 960.35 -999999.63 0.62 -499.51 0.23 0.23 0.23 22355.09 499.75 0.01 0.44 0.47 -1 -1
Result 0 0.0 2000 0.46 0.21 0.19 0.20 0.21 0.20 -1 -1 -1 -1 -1
Evo 971.12 -999999.92 0.62 -499.52 0.23 0.23 0.23 22355.10 499.75 0.01 0.56 0.58 -1 -1
Result 0 0.0 2000 0.45 0.19 0.22 0.20 0.19 0.20 -1 -1 -1 -1 -1
Evo 971.88 -1000000.10 0.62 -499.52 0.23 0.23 0.23 22355.10 499.75 0.01 0.53 0.56 -1 -1
Result 0 0.0 2000 0.46 0.20 0.19 0.21 0.19 0.21 -1 -1 -1 -1 -1
Evo 970.85 -999999.57 0.62 -499.51 0.23 0.23 0.23 22355.09 499.75 0.01 0.44 0.47 -1 -1
Result 0 0.0 2000 0.47 0.19 0.20 0.19 0.20 0.22 -1 -1 -1 -1 -1
Evo 973.91 -1000000.00 0.62 -499.52 0.23 0.23 0.23 22355.10 499.75 0.01 0.56 0.58 -1 -1
Result 0 0.0 2000 0.47 0.19 0.20 0.20 0.21 0.20 -1 -1 -1 -1 -1
Evo 960.27 -999999.68 0.62 -499.51 0.23 0.23 0.23 22355.09 499.75 0.01 0.55 0.58 -1 -1
Result 0 0.0 2000 0.47 0.19 0.19 0.21 0.20 0.21 -1 -1 -1 -1 -1
Evo 957.72 -1000000.08 0.61 -499.51 0.23 0.23 0.23 22355.10 499.75 0.01 0.53 0.56 -1 -1
Result 0 0.0 2000 0.45 0.19 0.22 0.21 0.20 0.18 -1 -1 -1 -1 -1
Evo 962.81 -999999.26 0.62 -499.51 0.23 0.23 0.23 22355.08 499.75 0.01 0.25 0.38 -1 -1
Result 0 0.0 2000 0.46 0.19 0.21 0.19 0.21 0.19 -1 -1 -1 -1 -1
Evo 966.93 -999999.29 0.61 -499.51 0.23 0.23 0.23 22355.08 499.75 0.01 0.31 0.38 -1 -1
Result 0 0.0 2000 0.48 0.21 0.21 0.17 0.21 0.19 -1 -1 -1 -1 -1
Evo 960.18 -999999.40 0.61 -499.51 0.23 0.23 0.23 22355.08 499.75 0.01 0.48 0.50 -1 -1
Result 0 0.0 2000 0.47 0.20 0.21 0.19 0.20 0.21 -1 -1 -1 -1 -1
Evo 969.13 -999999.27 0.62 -499.51 0.23 0.23 0.23 22355.08 499.75 0.01 0.31 0.38 -1 -1
Result 0 0.0 2000 0.47 0.19 0.19 0.21 0.21 0.20 -1 -1 -1 -1 -1
Evo 974.20 -1000000.15 0.62 -499.52 0.23 0.23 0.23 22355.10 499.75 0.01 0.42 0.45 -1 -1
Result 0 0.0 2000 0.47 0.20 0.20 0.19 0.21 0.20 -1 -1 -1 -1 -1
Evo 963.61 -1000000.14 0.62 -499.51 0.23 0.23 0.23 22355.10 499.75 0.01 0.39 0.43 -1 -1
Result 0 0.0 2000 0.46 0.20 0.20 0.21 0.19 0.20 -1 -1 -1 -1 -1
Evo 967.00 -1000000.09 0.62 -499.51 0.23 0.23 0.23 22355.10 499.75 0.01 0.35 0.39 -1 -1
Result 0 0.0 2000 0.46 0.21 0.20 0.20 0.20 0.19 -1 -1 -1 -1 -1
Evo 951.87 -999999.87 0.61 -499.51 0.23 0.23 0.23 22355.09 499.75 0.01 0.38 0.44 -1 -1
Result 0 0.0 2000 0.47 0.19 0.21 0.20 0.22 0.18 -1 -1 -1 -1 -1
Evo 971.51 -999999.94 0.62 -499.51 0.23 0.23 0.23 22355.10 499.75 0.01 0.54 0.58 -1 -1
Result 0 0.0 2000 0.46 0.20 0.20 0.21 0.20 0.20 -1 -1 -1 -1 -1
Evo 974.15 -999999.44 0.61 -499.52 0.23 0.23 0.23 22355.08 499.75 0.01 0.27 0.30 -1 -1
Result 0 0.0 2000 0.48 0.19 0.20 0.19 0.21 0.20 -1 -1 -1 -1 -1
Evo 959.26 -999999.75 0.62 -499.51 0.23 0.23 0.23 22355.09 499.75 0.01 0.30 0.34 -1 -1
Result 0 0.0 2000 0.45 0.19 0.20 0.21 0.19 0.21 -1 -1 -1 -1 -1
Evo 961.96 -999999.37 0.62 -499.51 0.23 0.23 0.23 22355.08 499.75 0.01 0.49 0.52 -1 -1
Result 0 0.0 2000 0.46 0.18 0.21 0.20 0.20 0.21 -1 -1 -1 -1 -1
Evo 959.64 -999999.71 0.61 -499.51 0.23 0.23 0.23 22355.09 499.75 0.01 0.27 0.42 -1 -1
Result 0 0.0 2000 0.46 0.20 0.21 0.21 0.20 0.19 -1 -1 -1 -1 -1
Evo 967.36 -999999.75 0.62 -499.51 0.23 0.23 0.23 22355.09 499.75 0.01 0.57 0.58 -1 -1
Result 0 0.0 2000 0.46 0.21 0.19 0.21 0.20 0.19 -1 -1 -1 -1 -1
Evo 967.73 -999999.54 0.62 -499.51 0.23 0.23 0.23 22355.09 499.75 0.01 0.44 0.48 -1 -1
Result 0 0.0 2000 0.46 0.20 0.20 0.20 0.20 0.20 -1 -1 -1 -1 -1
Evo 965.17 -999999.94 0.62 -499.51 0.23 0.23 0.23 22355.10 499.75 0.01 0.46 0.49 -1 -1
Result 0 0.0 2000 0.46 0.21 0.20 0.19 0.20 0.20 -1 -1 -1 -1 -1
Evo 967.97 -999999.31 0.61 -499.51 0.23 0.23 0.23 22355.08 499.75 0.01 0.50 0.52 -1 -1
Result 0 0.0 2000 0.47 0.21 0.19 0.21 0.19 0.20 -1 -1 -1 -1 -1
Evo 968.71 -999999.76 0.62 -499.51 0.23 0.23 0.23 22355.09 499.75 0.01 0.61 0.64 -1 -1
Result 0 0.0 2000 0.46 0.20 0.19 0.21 0.21 0.19 -1 -1 -1 -1 -1
Evo 960.14 -999999.94 0.62 -499.51 0.23 0.23 0.23 22355.10 499.75 0.01 0.34 0.41 -1 -1
Result 0 0.0 2000 0.48 0.20 0.19 0.20 0.19 0.23 -1 -1 -1 -1 -1
Evo 967.31 -1000000.09 0.62 -499.51 0.23 0.23 0.23 22355.10 499.75 0.01 0.36 0.40 -1 -1
Result 0 0.0 2000 0.47 0.19 0.19 0.20 0.20 0.21 -1 -1 -1 -1 -1
Evo 962.77 -999999.74 0.62 -499.51 0.23 0.23 0.23 22355.09 499.75 0.01 0.38 0.43 -1 -1
Result 0 0.0 2000 0.47 0.18 0.21 0.21 0.20 0.21 -1 -1 -1 -1 -1
Evo 949.45 0.22 999999.77 1186.48 0.23 0.23 0.23 34441.81 1186.24 0.01 0.43 0.45 -1 -1
Result 1 1.0 842 0.47 0.20 0.18 0.20 0.20 0.21 -1 -1 -1 -1 -1
Evo 963.15 -999999.87 0.62 -499.51 0.23 0.23 0.23 22355.09 499.75 0.01 0.38 0.45 -1 -1
Result 0 0.0 2000 0.46 0.21 0.20 0.19 0.19 0.21 -1 -1 -1 -1 -1
Evo 973.21 -999999.74 0.62 -499.51 0.23 0.23 0.23 22355.09 499.75 0.01 0.38 0.40 -1 -1
Result 0 0.0 2000 0.47 0.20 0.20 0.19 0.21 0.20 -1 -1 -1 -1 -1
Evo 960.69 -999999.83 0.62 -499.51 0.23 0.23 0.23 22355.09 499.75 0.01 0.29 0.31 -1 -1
Result 0 0.0 2000 0.46 0.20 0.20 0.20 0.20 0.20 -1 -1 -1 -1 -1
Evo 970.22 -999999.33 0.62 -499.51 0.23 0.23 0.23 22355.08 499.75 0.01 0.29 0.31 -1 -1
Result 0 0.0 2000 0.46 0.20 0.20 0.20 0.21 0.20 -1 -1 -1 -1 -1
Evo 971.56 -999999.80 0.61 -499.52 0.23 0.23 0.23 22355.09 499.75 0.01 0.38 0.45 -1 -1
Result 0 0.0 2000 0.47 0.20 0.21 0.19 0.21 0.19 -1 -1 -1 -1 -1
Evo 959.37 -999999.72 0.62 -499.51 0.23 0.23 0.23 22355.09 499.75 0.01 0.29 0.31 -1 -1
Result 0 0.0 2000 0.47 0.20 0.18 0.22 0.20 0.20 -1 -1 -1 -1 -1
Evo 962.35 -1000000.07 0.62 -499.51 0.23 0.23 0.23 22355.10 499.75 0.01 0.43 0.45 -1 -1
Result 0 0.0 2000 0.46 0.21 0.19 0.20 0.20 0.20 -1 -1 -1 -1 -1
Evo 973.15 -1000000.09 0.62 -499.52 0.23 0.23 0.23 22355.10 499.75 0.01 0.43 0.45 -1 -1
Result 0 0.0 2000 0.46 0.20 0.21 0.19 0.20 0.20 -1 -1 -1 -1 -1
Evo 966.98 -1000000.18 0.62 -499.51 0.23 0.23 0.23 22355.10 499.75 0.01 0.38 0.45 -1 -1
Result 0 0.0 2000 0.46 0.19 0.20 0.20 0.21 0.20 -1 -1 -1 -1 -1
Evo 961.14 -999999.46 0.62 -499.51 0.23 0.23 0.23 22355.08 499.75 0.01 0.43 0.45 -1 -1
Result 0 0.0 2000 0.45 0.21 0.20 0.19 0.19 0.21 -1 -1 -1 -1 -1
Evo 966.21 -999999.43 0.62 -499.51 0.23 0.23 0.23 22355.08 499.75 0.01 0.43 0.45 -1 -1
Result 0 0.0 2000 0.47 0.21 0.19 0.21 0.20 0.19 -1 -1 -1 -1 -1
Evo 964.97 -999999.58 0.61 -499.51 0.23 0.23 0.23 22355.09 499.75 0.01 0.38 0.45 -1 -1
Result 0 0.0 2000 0.47 0.20 0.19 0.20 0.21 0.20 -1 -1 -1 -1 -1
Evo 964.04 -999999.91 0.61 -499.51 0.23 0.23 0.23 22355.10 499.75 0.01 0.29 0.36 -1 -1
Result 0 0.0 2000 0.46 0.21 0.20 0.21 0.19 0.20 -1 -1 -1 -1 -1
Evo 964.17 0.22 1000000.13 1049.55 0.23 0.23 0.23 32393.17 1049.32 0.01 0.43 0.45 -1 -1
Result 1 1.0 952 0.48 0.19 0.19 0.17 0.22 0.22 -1 -1 -1 -1 -1
Evo 969.58 -999999.64 0.62 -499.51 0.23 0.23 0.23 22355.09 499.75 0.01 0.38 0.43 -1 -1
Result 0 0.0 2000 0.46 0.20 0.19 0.22 0.20 0.19 -1 -1 -1 -1 -1
Evo 956.13 -999999.78 0.62 -499.51 0.23 0.23 0.23 22355.09 499.75 0.01 0.29 0.36 -1 -1
Result 0 0.0 2000 0.47 0.20 0.21 0.20 0.19 0.20 -1 -1 -1 -1 -1
Evo 893.39 0.22 999999.92 1526.97 0.23 0.23 0.23 39073.22 1526.72 0.01 0.43 0.45 -1 -1
Result 1 1.0 654 0.48 0.18 0.22 0.21 0.19 0.20 -1 -1 -1 -1 -1
Evo 963.01 -999999.93 0.61 -499.51 0.23 0.23 0.23 22355.10 499.75 0.01 0.29 0.33 -1 -1
Result 0 0.0 2000 0.45 0.21 0.18 0.20 0.21 0.20 -1 -1 -1 -1 -1
