Evo 922.75 2.94 1000000.70 1635.47 16.21 33.21 55.21 39998.61 1599.94 0.01 0.07 0.08 -1 -1
Result 1 65.0 624 0.49 0.23 -1 0.24 -1 0.28 0.25 -1 -1 -1 -1
Evo 916.35 3.14 1000000.09 1249.93 25.21 50.21 62.21 34729.93 1206.22 0.01 0.05 0.07 -1 -1
Result 1 66.0 828 0.51 0.26 -1 0.22 -1 0.26 0.25 -1 -1 -1 -1
Evo 943.47 3.24 1000000.31 1054.15 36.21 60.21 70.21 31652.81 1001.95 0.01 0.09 0.09 -1 -1
Result 1 73.0 997 0.49 0.23 -1 0.24 -1 0.25 0.28 -1 -1 -1 -1
Evo 930.66 -1000000.19 68.21 -1218.82 24.21 47.21 65.21 35535.02 1262.68 0.01 0.08 0.09 -1 -1
Result 0 67.0 791 0.50 0.24 -1 0.23 -1 0.26 0.27 -1 -1 -1 -1
Evo 3.76 -1566.41 998843.27 2320.12 30.08 57.03 65.01 45478.82 1617.04 0.01 0.06 0.07 -1 -1
Result 1 69.0 790 0.50 0.25 -1 0.23 -1 0.23 0.30 -1 -1 -1 -1
Evo 915.85 -999999.48 61.21 -1147.17 30.21 47.21 60.21 34504.76 1190.53 0.01 0.09 0.09 -1 -1
Result 0 60.0 839 0.50 0.25 -1 0.24 -1 0.26 0.25 -1 -1 -1 -1
Evo 938.19 2.87 1000000.06 1418.62 25.21 42.21 59.21 37137.61 1379.26 0.01 0.07 0.08 -1 -1
Result 1 62.0 724 0.50 0.25 -1 0.26 -1 0.24 0.25 -1 -1 -1 -1
Evo 938.50 -999999.43 56.21 -1068.35 23.21 43.21 53.21 33260.75 1106.24 0.01 0.09 0.09 -1 -1
Result 0 55.0 903 0.51 0.26 -1 0.25 -1 0.24 0.25 -1 -1 -1 -1
Evo 20.21 3.22 1000000.60 1048.77 38.07 59.03 62.02 31637.11 1000.95 0.01 0.07 0.08 -1 -1
Result 1 64.0 998 0.51 0.26 -1 0.25 -1 0.24 0.25 -1 -1 -1 -1
Evo 931.37 2.87 999999.89 1382.64 22.21 37.21 52.21 36685.09 1345.85 0.01 0.08 0.09 -1 -1
Result 1 60.0 742 0.51 0.26 -1 0.23 -1 0.23 0.28 -1 -1 -1 -1
Evo 942.87 2.67 1000000.25 1049.47 20.21 48.21 54.21 31780.85 1010.06 0.01 0.07 0.08 -1 -1
Result 1 60.0 989 0.50 0.25 -1 0.26 -1 0.26 0.23 -1 -1 -1 -1
Evo 934.60 -999999.91 58.21 -1150.74 24.21 42.21 56.21 34504.65 1190.52 0.01 0.04 0.05 -1 -1
Result 0 59.0 839 0.50 0.25 -1 0.24 -1 0.27 0.24 -1 -1 -1 -1
Evo 933.02 -999999.37 50.21 -1751.81 16.21 27.21 40.21 42183.59 1779.41 0.02 0.05 0.06 -1 -1
Result 0 49.0 561 0.52 0.28 -1 0.27 -1 0.21 0.23 -1 -1 -1 -1
Evo 934.58 2.90 999999.72 1538.60 27.21 42.21 55.21 38718.62 1499.19 0.01 0.05 0.06 -1 -1
Result 1 63.0 666 0.50 0.26 -1 0.24 -1 0.25 0.26 -1 -1 -1 -1
Evo 939.65 2.69 1000000.00 1252.77 23.21 45.21 58.21 34835.29 1213.54 0.01 0.09 0.09 -1 -1
Result 1 62.0 823 0.51 0.27 -1 0.27 -1 0.23 0.23 -1 -1 -1 -1
Evo 922.39 2.90 999999.76 1158.82 31.21 56.21 67.21 33313.20 1109.82 0.01 0.08 0.08 -1 -1
Result 1 71.0 900 0.49 0.24 -1 0.25 -1 0.24 0.28 -1 -1 -1 -1
Evo 915.03 -1000000.18 66.21 -939.20 28.21 48.21 59.19 31374.22 984.30 0.01 0.08 0.09 -1 -1
Result 0 65.0 1015 0.48 0.22 -1 0.24 -1 0.26 0.27 -1 -1 -1 -1
Evo 936.25 2.88 1000000.71 1600.51 18.21 36.21 52.21 39558.01 1564.89 0.01 0.07 0.08 -1 -1
Result 1 62.0 638 0.51 0.27 -1 0.25 -1 0.23 0.25 -1 -1 -1 -1
Evo 886.45 -1910.95 999999.86 1364.56 29.21 48.21 55.21 36416.52 1326.21 0.01 0.05 0.06 -1 -1
Result 1 65.0 753 0.48 0.22 -1 0.23 -1 0.26 0.29 -1 -1 -1 -1
Evo 930.14 3.04 1000000.52 1593.29 20.21 43.21 51.21 39434.67 1555.15 0.01 0.06 0.06 -1 -1
Result 1 62.0 642 0.50 0.24 -1 0.26 -1 0.23 0.26 -1 -1 -1 -1
Evo 889.35 3.46 1000000.53 1384.69 27.21 47.21 57.21 36635.63 1342.23 0.01 0.08 0.08 -1 -1
Result 1 64.0 744 0.50 0.25 -1 0.25 -1 0.25 0.26 -1 -1 -1 -1
Evo 918.37 2.79 999999.72 1456.53 26.21 52.21 60.21 37580.64 1412.37 0.01 0.06 0.08 -1 -1
Result 1 66.0 707 0.50 0.25 -1 0.24 -1 0.22 0.29 -1 -1 -1 -1
Evo 926.95 2.80 1000000.46 1574.41 19.21 48.21 52.21 39191.61 1536.04 0.01 0.06 0.07 -1 -1
Result 1 60.0 650 0.51 0.28 -1 0.21 -1 0.25 0.26 -1 -1 -1 -1
Evo 935.44 -999999.56 59.21 -1101.66 25.21 43.21 56.21 33788.21 1141.60 0.01 0.09 0.09 -1 -1
Result 0 58.0 875 0.50 0.25 -1 0.25 -1 0.26 0.24 -1 -1 -1 -1
Evo 919.35 3.13 1000000.39 1530.74 25.21 48.21 61.21 38574.21 1488.03 0.01 0.05 0.07 -1 -1
Result 1 66.0 671 0.49 0.24 -1 0.23 -1 0.27 0.26 -1 -1 -1 -1
Evo 947.36 2.70 999999.92 1315.55 22.21 43.21 54.21 35735.71 1277.09 0.01 0.07 0.08 -1 -1
Result 1 62.0 782 0.50 0.25 -1 0.26 -1 0.24 0.24 -1 -1 -1 -1
Evo 930.54 -999999.87 63.21 -1216.27 30.21 57.21 61.21 35535.10 1262.68 0.01 0.06 0.07 -1 -1
Result 0 62.0 791 0.50 0.25 -1 0.23 -1 0.25 0.27 -1 -1 -1 -1
Evo 940.45 3.08 999999.83 1256.46 33.21 54.21 69.21 34729.69 1206.21 0.01 0.09 0.09 -1 -1
Result 1 74.0 828 0.48 0.22 -1 0.26 -1 0.23 0.29 -1 -1 -1 -1
Evo 944.73 2.97 999999.97 1078.83 33.21 51.21 63.21 32123.13 1031.94 0.01 0.06 0.07 -1 -1
Result 1 67.0 968 0.49 0.24 -1 0.23 -1 0.27 0.27 -1 -1 -1 -1
Evo 907.25 2.80 1000000.44 1151.23 29.21 51.21 60.21 33276.48 1107.37 0.01 0.08 0.08 -1 -1
Result 1 65.0 902 0.51 0.26 -1 0.24 -1 0.26 0.24 -1 -1 -1 -1
Evo 912.45 3.06 1000000.18 1836.82 16.21 33.21 53.21 42446.16 1801.74 0.02 0.07 0.08 -1 -1
Result 1 63.0 554 0.49 0.24 -1 0.23 -1 0.26 0.26 -1 -1 -1 -1
Evo 943.90 -999999.55 67.21 -1128.45 29.21 50.21 65.19 34260.98 1173.76 0.01 0.09 0.09 -1 -1
Result 0 66.0 851 0.50 0.24 -1 0.25 -1 0.25 0.25 -1 -1 -1 -1
Evo 946.08 2.97 999999.68 1211.60 25.21 51.21 64.21 34137.86 1165.45 0.01 0.09 0.09 -1 -1
Result 1 71.0 857 0.50 0.25 -1 0.23 -1 0.26 0.26 -1 -1 -1 -1
Evo 914.76 2.88 999999.91 1929.11 19.21 37.21 50.21 43517.88 1893.87 0.02 0.05 0.06 -1 -1
Result 1 58.0 527 0.51 0.27 -1 0.25 -1 0.25 0.23 -1 -1 -1 -1
Evo 946.93 -1000000.01 56.21 -1058.40 27.21 44.21 51.21 33114.58 1096.53 0.01 0.09 0.09 -1 -1
Result 0 57.0 911 0.50 0.25 -1 0.24 -1 0.25 0.26 -1 -1 -1 -1
Evo 917.86 2.95 1000000.66 1536.11 29.21 52.21 61.21 38602.83 1490.25 0.01 0.06 0.07 -1 -1
Result 1 69.0 670 0.50 0.24 -1 0.23 -1 0.25 0.28 -1 -1 -1 -1
Evo 925.87 2.86 1000000.12 1400.22 28.21 51.21 61.21 36808.85 1354.95 0.01 0.05 0.07 -1 -1
Result 1 67.0 737 0.49 0.23 -1 0.23 -1 0.27 0.27 -1 -1 -1 -1
Evo 932.83 3.04 1000000.56 1202.31 25.21 47.21 57.21 34078.54 1161.39 0.01 0.05 0.06 -1 -1
Result 1 61.0 860 0.51 0.26 -1 0.24 -1 0.24 0.26 -1 -1 -1 -1
Evo 926.32 2.94 1000000.29 1411.07 23.21 48.21 63.21 36984.76 1367.93 0.01 0.06 0.07 -1 -1
Result 1 69.0 730 0.50 0.24 -1 0.24 -1 0.25 0.26 -1 -1 -1 -1
Evo 948.31 -999999.82 60.21 -977.52 23.21 41.21 54.19 31880.07 1016.30 0.01 0.09 0.09 -1 -1
Result 0 59.0 983 0.50 0.25 -1 0.25 -1 0.26 0.23 -1 -1 -1 -1
Evo 943.34 -999999.31 61.21 -990.46 29.21 50.21 56.21 32142.57 1033.10 0.01 0.09 0.09 -1 -1
Result 0 60.0 967 0.50 0.24 -1 0.25 -1 0.25 0.26 -1 -1 -1 -1
Evo 924.58 2.42 1000000.48 1136.56 32.21 55.21 63.21 33021.41 1090.46 0.01 0.08 0.09 -1 -1
Result 1 68.0 916 0.51 0.28 -1 0.22 -1 0.27 0.23 -1 -1 -1 -1
Evo 938.83 -999999.78 63.21 -1194.66 26.21 51.21 61.21 35181.39 1237.68 0.01 0.06 0.07 -1 -1
Result 0 64.0 807 0.51 0.27 -1 0.23 -1 0.27 0.23 -1 -1 -1 -1
Evo 933.56 2.70 1000000.67 1539.57 21.21 45.21 54.21 38747.77 1501.45 0.01 0.09 0.09 -1 -1
Result 1 62.0 665 0.50 0.25 -1 0.23 -1 0.25 0.26 -1 -1 -1 -1
Evo 938.27 -999999.54 58.21 -1108.51 23.21 42.21 54.21 33865.56 1146.83 0.01 0.05 0.06 -1 -1
Result 0 59.0 871 0.49 0.24 -1 0.23 -1 0.26 0.27 -1 -1 -1 -1
Evo 917.93 2.90 999999.99 1387.95 22.21 39.21 48.21 36784.32 1353.13 0.01 0.04 0.05 -1 -1
Result 1 54.0 738 0.50 0.24 -1 0.25 -1 0.24 0.26 -1 -1 -1 -1
Evo 930.00 2.63 999999.97 1079.37 26.21 55.21 66.21 32123.11 1031.94 0.01 0.09 0.09 -1 -1
Result 1 71.0 968 0.50 0.24 -1 0.24 -1 0.26 0.25 -1 -1 -1 -1
Evo 889.64 2.85 1000000.44 1624.49 22.21 45.21 59.21 39807.81 1584.72 0.01 0.06 0.07 -1 -1
Result 1 64.0 630 0.50 0.26 -1 0.24 -1 0.22 0.29 -1 -1 -1 -1
Evo 942.90 -999999.72 67.21 -1062.06 27.21 50.21 63.21 33260.97 1106.24 0.01 0.09 0.09 -1 -1
Result 0 68.0 903 0.50 0.25 -1 0.23 -1 0.25 0.27 -1 -1 -1 -1
Evo 930.85 -999999.60 65.21 -1168.58 27.21 49.21 65.19 34838.21 1213.65 0.01 0.09 0.09 -1 -1
Result 0 64.0 823 0.50 0.25 -1 0.24 -1 0.24 0.27 -1 -1 -1 -1
Evo 867.71 2.59 1000000.51 1852.19 16.21 30.21 44.21 42677.67 1821.44 0.02 0.06 0.07 -1 -1
Result 1 61.0 548 0.50 0.26 -1 0.24 -1 0.23 0.27 -1 -1 -1 -1
Evo 931.14 -999999.71 65.19 -921.09 38.21 53.21 63.21 31130.13 969.04 0.01 0.09 0.09 -1 -1
Result 0 64.0 1031 0.50 0.25 -1 0.24 -1 0.26 0.26 -1 -1 -1 -1
Evo 926.30 2.62 999999.84 1373.21 25.21 42.21 58.21 36513.38 1333.28 0.01 0.07 0.08 -1 -1
Result 1 60.0 749 0.49 0.24 -1 0.25 -1 0.25 0.26 -1 -1 -1 -1
Evo 929.15 2.31 999999.76 1193.43 30.21 54.21 62.21 33862.69 1146.74 0.01 0.07 0.08 -1 -1
Result 1 66.0 871 0.50 0.26 -1 0.26 -1 0.22 0.27 -1 -1 -1 -1
Evo 929.51 2.57 1000000.35 1097.08 31.21 47.21 56.21 32459.98 1053.70 0.01 0.09 0.09 -1 -1
Result 1 65.0 948 0.50 0.24 -1 0.23 -1 0.26 0.26 -1 -1 -1 -1
Evo 924.36 2.49 1000000.21 1124.19 27.21 43.21 52.21 32949.86 1085.73 0.01 0.05 0.06 -1 -1
Result 1 60.0 920 0.50 0.25 -1 0.24 -1 0.27 0.24 -1 -1 -1 -1
Evo 939.58 2.28 1000000.16 1345.98 19.21 39.21 57.21 36153.68 1307.14 0.01 0.07 0.08 -1 -1
Result 1 63.0 764 0.50 0.25 -1 0.25 -1 0.24 0.27 -1 -1 -1 -1
Evo 909.77 2.32 1000000.55 1762.56 20.21 38.21 55.21 41521.17 1724.07 0.02 0.06 0.07 -1 -1
Result 1 65.0 579 0.50 0.25 -1 0.24 -1 0.25 0.26 -1 -1 -1 -1
Evo 924.44 2.59 999999.98 1288.78 27.21 45.21 55.21 35331.84 1248.39 0.01 0.06 0.07 -1 -1
Result 1 59.0 800 0.50 0.25 -1 0.24 -1 0.24 0.28 -1 -1 -1 -1
Evo 867.79 3.03 999999.73 1674.92 23.21 42.21 52.21 40454.11 1636.60 0.02 0.06 0.07 -1 -1
Result 1 64.0 610 0.50 0.25 -1 0.29 -1 0.22 0.25 -1 -1 -1 -1
Evo 928.40 0.20 1000000.26 1841.44 6.21 22.21 34.21 42678.12 1821.46 0.02 0.07 0.07 -1 -1
Result 1 40.0 548 0.51 0.27 -1 0.23 -1 0.24 0.25 -1 -1 -1 -1
Evo 912.39 0.20 1000000.70 1495.02 2.21 22.21 38.21 38404.03 1474.90 0.01 0.08 0.08 -1 -1
Result 1 40.0 677 0.50 0.24 -1 0.25 -1 0.24 0.26 -1 -1 -1 -1
Evo 929.63 -1000000.09 36.21 -1057.20 14.21 34.21 36.21 32898.42 1082.28 0.01 0.05 0.05 -1 -1
Result 0 35.0 923 0.49 0.24 -1 0.25 -1 0.27 0.24 -1 -1 -1 -1
Evo 910.62 0.20 1000000.46 1616.08 4.21 26.21 36.21 39935.33 1594.86 0.01 0.07 0.08 -1 -1
Result 1 40.0 626 0.50 0.24 -1 0.27 -1 0.25 0.24 -1 -1 -1 -1
Evo 940.52 0.20 1000000.49 1679.21 6.21 23.21 35.21 40722.32 1658.34 0.02 0.09 0.09 -1 -1
Result 1 43.0 602 0.48 0.22 -1 0.25 -1 0.25 0.28 -1 -1 -1 -1
Evo 921.14 0.20 999999.80 1250.21 10.21 34.21 38.21 34984.65 1223.96 0.01 0.09 0.09 -1 -1
Result 1 40.0 816 0.49 0.23 -1 0.26 -1 0.25 0.26 -1 -1 -1 -1
Evo 912.85 0.20 1000000.27 1318.38 16.21 26.21 36.21 35989.97 1295.31 0.01 0.05 0.06 -1 -1
Result 1 40.0 771 0.49 0.24 -1 0.23 -1 0.25 0.28 -1 -1 -1 -1
Evo 933.99 0.20 1000000.33 1288.94 14.21 36.21 38.21 35532.53 1262.59 0.01 0.05 0.06 -1 -1
Result 1 40.0 791 0.50 0.26 -1 0.24 -1 0.25 0.26 -1 -1 -1 -1
Evo 926.34 -999999.31 38.21 -1133.14 10.21 32.21 36.21 34021.50 1157.43 0.01 0.09 0.09 -1 -1
Result 0 37.0 863 0.51 0.26 -1 0.25 -1 0.26 0.23 -1 -1 -1 -1
Evo 908.41 0.20 999999.91 1524.37 10.21 32.21 34.21 38748.32 1501.47 0.01 0.09 0.09 -1 -1
Result 1 40.0 665 0.51 0.26 -1 0.24 -1 0.21 0.29 -1 -1 -1 -1
Evo 944.30 -1000000.16 38.21 -954.29 16.21 32.21 38.21 31312.04 980.42 0.01 0.07 0.08 -1 -1
Result 0 37.0 1019 0.50 0.26 -1 0.24 -1 0.25 0.25 -1 -1 -1 -1
Evo 885.94 0.20 1000000.48 1861.85 4.21 22.21 36.21 42913.26 1841.58 0.02 0.07 0.08 -1 -1
Result 1 40.0 542 0.50 0.26 -1 0.25 -1 0.24 0.24 -1 -1 -1 -1
Evo 929.99 0.20 1000000.10 1828.19 6.21 22.21 32.21 42523.49 1808.28 0.02 0.03 0.04 -1 -1
Result 1 40.0 552 0.52 0.28 -1 0.24 -1 0.25 0.23 -1 -1 -1 -1
Evo 918.36 0.20 999999.80 1413.74 10.21 26.21 38.21 37292.85 1390.79 0.01 0.08 0.08 -1 -1
Result 1 40.0 718 0.50 0.25 -1 0.28 -1 0.25 0.23 -1 -1 -1 -1
Evo 927.10 0.20 1000000.24 1939.96 2.21 14.21 30.21 43852.17 1923.04 0.02 0.05 0.05 -1 -1
Result 1 40.0 519 0.51 0.27 -1 0.23 -1 0.27 0.23 -1 -1 -1 -1
Evo 941.85 0.20 1000000.47 1368.28 10.21 28.21 36.21 36660.91 1344.05 0.01 0.07 0.07 -1 -1
Result 1 40.0 743 0.48 0.22 -1 0.26 -1 0.26 0.26 -1 -1 -1 -1
Evo 907.84 0.20 1000000.47 1169.44 20.21 36.21 38.21 33785.94 1141.52 0.01 0.09 0.09 -1 -1
Result 1 40.0 875 0.49 0.23 -1 0.24 -1 0.25 0.28 -1 -1 -1 -1
Evo 940.12 0.19 1000000.18 1977.79 0.53 18.19 32.21 44280.00 1960.75 0.02 0.07 0.08 -1 -1
Result 1 40.0 509 0.51 0.28 -1 0.25 -1 0.24 0.23 -1 -1 -1 -1
Evo 952.50 -999999.35 38.21 -1027.87 14.21 36.21 38.21 32479.35 1054.88 0.01 0.05 0.05 -1 -1
Result 0 37.0 947 0.49 0.23 -1 0.24 -1 0.28 0.26 -1 -1 -1 -1
Evo 927.36 -999999.70 36.21 -1220.86 12.21 28.21 34.21 35268.08 1243.81 0.01 0.07 0.07 -1 -1
Result 0 35.0 803 0.50 0.25 -1 0.25 -1 0.25 0.25 -1 -1 -1 -1
Evo 926.41 -1000000.24 53.21 -1088.13 21.21 47.21 53.21 33559.09 1126.17 0.01 0.09 0.09 -1 -1
Result 0 52.0 887 0.50 0.25 -1 0.25 -1 0.25 0.25 -1 -1 -1 -1
Evo 938.00 -999999.68 56.21 -1026.07 30.21 51.21 56.21 32687.40 1068.42 0.01 0.09 0.09 -1 -1
Result 0 55.0 935 0.50 0.24 -1 0.23 -1 0.26 0.27 -1 -1 -1 -1
Evo 941.86 2.22 1000000.57 1250.14 27.21 43.21 48.21 34814.23 1212.08 0.01 0.04 0.05 -1 -1
Result 1 56.0 824 0.49 0.23 -1 0.26 -1 0.25 0.26 -1 -1 -1 -1
Evo 945.01 2.18 999999.76 1625.74 16.21 41.21 52.21 39871.17 1589.77 0.01 0.09 0.09 -1 -1
Result 1 60.0 628 0.49 0.24 -1 0.24 -1 0.27 0.26 -1 -1 -1 -1
Evo 947.82 2.09 1000000.37 1180.21 15.21 37.21 53.21 33843.71 1145.44 0.01 0.06 0.07 -1 -1
Result 1 57.0 872 0.51 0.26 -1 0.26 -1 0.26 0.22 -1 -1 -1 -1
Evo 945.73 -1000000.02 53.21 -1122.21 23.21 46.21 53.21 34061.43 1160.14 0.01 0.09 0.09 -1 -1
Result 0 52.0 861 0.50 0.24 -1 0.24 -1 0.26 0.26 -1 -1 -1 -1
Evo 933.92 2.28 999999.87 1482.59 19.21 40.21 48.21 38068.08 1449.23 0.01 0.08 0.08 -1 -1
Result 1 54.0 689 0.51 0.27 -1 0.23 -1 0.25 0.25 -1 -1 -1 -1
Evo 944.01 -999999.81 57.21 -1083.94 25.21 52.21 55.21 33559.22 1126.17 0.01 0.09 0.09 -1 -1
Result 0 58.0 887 0.49 0.23 -1 0.23 -1 0.27 0.27 -1 -1 -1 -1
Evo 917.51 2.13 1000000.18 1124.21 19.21 47.21 55.21 32949.86 1085.73 0.01 0.07 0.08 -1 -1
Result 1 57.0 920 0.50 0.25 -1 0.25 -1 0.27 0.23 -1 -1 -1 -1
Evo 926.21 2.14 1000000.48 1711.23 12.21 35.21 46.21 40994.77 1680.62 0.02 0.07 0.08 -1 -1
Result 1 54.0 594 0.51 0.28 -1 0.24 -1 0.25 0.24 -1 -1 -1 -1
Evo 937.63 -999999.98 63.21 -1065.78 34.21 51.21 61.21 33334.85 1111.16 0.01 0.09 0.09 -1 -1
Result 0 64.0 899 0.49 0.24 -1 0.24 -1 0.28 0.25 -1 -1 -1 -1
Evo 905.05 2.18 1000000.47 1326.98 26.21 46.21 52.21 35873.38 1286.95 0.01 0.07 0.08 -1 -1
Result 1 58.0 776 0.50 0.25 -1 0.24 -1 0.25 0.26 -1 -1 -1 -1
Evo 927.29 2.18 1000000.02 1444.05 21.21 36.21 51.21 37528.00 1408.40 0.01 0.07 0.07 -1 -1
Result 1 60.0 709 0.47 0.20 -1 0.27 -1 0.26 0.27 -1 -1 -1 -1
Evo 948.43 -999999.85 51.21 -1089.48 21.21 45.21 51.21 33559.03 1126.17 0.01 0.09 0.09 -1 -1
Result 0 50.0 887 0.49 0.23 -1 0.24 -1 0.27 0.26 -1 -1 -1 -1
Evo 929.32 2.28 1000000.57 1276.19 23.21 46.21 61.21 35134.98 1234.52 0.01 0.09 0.09 -1 -1
Result 1 67.0 809 0.51 0.26 -1 0.22 -1 0.24 0.27 -1 -1 -1 -1
Evo 916.52 -999999.45 54.21 -1134.19 25.21 47.21 52.21 34260.78 1173.75 0.01 0.09 0.09 -1 -1
Result 0 53.0 851 0.48 0.22 -1 0.24 -1 0.27 0.27 -1 -1 -1 -1
Evo 935.20 -999999.69 58.21 -1013.44 32.21 48.21 54.21 32479.83 1054.90 0.01 0.09 0.09 -1 -1
Result 0 57.0 947 0.49 0.23 -1 0.24 -1 0.28 0.26 -1 -1 -1 -1
Evo 924.95 2.30 1000000.49 1452.67 21.21 43.21 56.21 37607.45 1414.37 0.01 0.09 0.09 -1 -1
Result 1 61.0 706 0.49 0.24 -1 0.25 -1 0.28 0.23 -1 -1 -1 -1
Evo 932.73 2.02 1000000.32 1854.27 16.21 35.21 49.21 42677.58 1821.43 0.02 0.05 0.06 -1 -1
Result 1 61.0 548 0.48 0.22 -1 0.25 -1 0.26 0.27 -1 -1 -1 -1
Evo 938.01 2.20 999999.73 1405.59 21.21 39.21 52.21 37010.33 1369.81 0.01 0.09 0.09 -1 -1
Result 1 56.0 729 0.49 0.24 -1 0.24 -1 0.26 0.26 -1 -1 -1 -1
