Evo 57.50 0.53 988204.78 272311.54 0.56 0.57 834586.49 442203.54 96496.72 0.21 0.20 0.27 -1 -1
Result 1 5.0 20 0.46 0.19 0.33 0.19 0.19 0.10 -1 -1 -1 -1 -1
Evo 654.80 0.22 1000000.15 8695.96 0.23 0.23 0.40 93250.47 8695.65 0.06 0.20 0.27 -1 -1
Result 1 5.0 114 0.51 0.09 0.25 0.26 0.17 0.23 -1 -1 -1 -1 -1
Evo 973.32 -1000000.19 0.61 -499.52 0.23 0.23 0.23 22355.10 499.75 0.01 0.20 0.27 -1 -1
Result 0 0.0 2000 0.46 0.20 0.21 0.19 0.20 0.20 -1 -1 -1 -1 -1
Evo 961.12 -999999.42 0.61 -499.51 0.23 0.23 0.23 22355.08 499.75 0.01 0.20 0.23 -1 -1
Result 0 0.0 2000 0.45 0.20 0.21 0.19 0.20 0.21 -1 -1 -1 -1 -1
Evo 968.98 -999999.61 0.62 -499.51 0.23 0.23 0.23 22355.09 499.75 0.01 0.20 0.27 -1 -1
Result 0 0.0 2000 0.46 0.19 0.20 0.20 0.21 0.20 -1 -1 -1 -1 -1
Evo 957.56 -999999.56 0.61 -499.51 0.23 0.23 0.23 22355.09 499.75 0.01 0.20 0.27 -1 -1
Result 0 0.0 2000 0.47 0.20 0.20 0.19 0.20 0.20 -1 -1 -1 -1 -1
Evo 960.39 -999999.88 0.62 -499.51 0.23 0.23 0.23 22355.09 499.75 0.01 0.20 0.23 -1 -1
Result 0 0.0 2000 0.47 0.20 0.18 0.20 0.21 0.20 -1 -1 -1 -1 -1
Evo 959.99 -999999.66 0.61 -499.51 0.23 0.23 0.23 22355.09 499.75 0.01 0.20 0.23 -1 -1
Result 0 0.0 2000 0.46 0.19 0.20 0.21 0.20 0.20 -1 -1 -1 -1 -1
Evo 13.21 0.58 972363.11 729026.34 650325.47 933719.08 961992.00 382942.83 98875.41 0.26 0.20 0.27 -1 -1
Result 1 5.0 14 0.26 0.13 0.27 0.33 0.20 0.07 -1 -1 -1 -1 -1
Evo 973.59 -999999.70 0.62 -499.52 0.23 0.23 0.23 22355.09 499.75 0.01 0.20 0.27 -1 -1
Result 0 0.0 2000 0.47 0.20 0.19 0.20 0.20 0.20 -1 -1 -1 -1 -1
Evo 974.37 -999999.57 0.61 -499.52 0.23 0.23 0.23 22355.09 499.75 0.01 0.20 0.27 -1 -1
Result 0 0.0 2000 0.47 0.19 0.21 0.20 0.19 0.21 -1 -1 -1 -1 -1
Evo 963.92 -999999.72 0.62 -499.51 0.23 0.23 0.23 22355.09 499.75 0.01 0.20 0.23 -1 -1
Result 0 0.0 2000 0.48 0.19 0.20 0.21 0.20 0.19 -1 -1 -1 -1 -1
Evo 971.75 -999999.87 0.62 -499.51 0.23 0.23 0.23 22355.09 499.75 0.01 0.20 0.23 -1 -1
Result 0 0.0 2000 0.46 0.20 0.21 0.20 0.19 0.21 -1 -1 -1 -1 -1
Evo 971.76 -999999.81 0.62 -499.52 0.23 0.23 0.23 22355.09 499.75 0.01 0.20 0.23 -1 -1
Result 0 0.0 2000 0.46 0.19 0.21 0.20 0.20 0.20 -1 -1 -1 -1 -1
Evo 956.27 -999999.28 0.62 -499.51 0.23 0.23 0.23 22355.08 499.75 0.01 0.20 0.23 -1 -1
Result 0 0.0 2000 0.45 0.21 0.19 0.22 0.19 0.19 -1 -1 -1 -1 -1
Evo 967.54 -1000000.08 0.62 -499.51 0.23 0.23 0.23 22355.10 499.75 0.01 0.20 0.23 -1 -1
Result 0 0.0 2000 0.46 0.18 0.22 0.19 0.21 0.20 -1 -1 -1 -1 -1
Evo 959.10 -1000000.05 0.62 -499.51 0.23 0.23 0.23 22355.10 499.75 0.01 0.20 0.23 -1 -1
Result 0 0.0 2000 0.47 0.19 0.20 0.21 0.20 0.21 -1 -1 -1 -1 -1
Evo 717.38 0.22 1000000.24 5682.11 0.23 0.23 0.33 75377.83 5681.82 0.04 0.20 0.27 -1 -1
Result 1 5.0 175 0.49 0.18 0.18 0.23 0.16 0.25 -1 -1 -1 -1 -1
Evo 47.40 0.53 978283.93 411993.14 0.55 0.58 951733.41 469082.20 102362.13 0.21 0.20 0.27 -1 -1
Result 1 5.0 20 0.46 0.10 0.29 0.24 0.19 0.19 -1 -1 -1 -1 -1
Evo 36.50 0.57 985850.20 526554.50 0.57 885657.13 972100.79 498577.86 150326.88 0.31 0.20 0.27 -1 -1
Result 1 5.0 10 0.45 -1 0.27 0.18 0.27 0.27 -1 -1 -1 -1 -1
Evo 966.20 -1000000.10 0.36 -803.34 0.23 0.23 0.23 22879.14 511.47 0.01 0.20 0.21 -1 -1
Result 0 0.0 2000 0.47 0.21 0.21 0.21 0.18 0.19 -1 -1 -1 -1 -1
Evo 967.21 -999999.55 0.36 -1148.44 0.23 0.23 0.23 24155.26 539.99 0.01 0.20 0.22 -1 -1
Result 0 0.0 2000 0.46 0.21 0.20 0.20 0.20 0.19 -1 -1 -1 -1 -1
Evo 963.03 -1000000.13 0.36 -945.21 0.23 0.23 0.23 23166.54 517.89 0.01 0.20 0.21 -1 -1
Result 0 0.0 2000 0.46 0.21 0.21 0.20 0.20 0.19 -1 -1 -1 -1 -1
Evo 968.74 -999999.94 0.36 -899.23 0.23 0.23 0.23 22919.67 512.37 0.01 0.20 0.21 -1 -1
Result 0 0.0 2000 0.45 0.20 0.22 0.20 0.19 0.18 -1 -1 -1 -1 -1
Evo 976.42 -999999.91 0.36 -786.95 0.23 0.23 0.23 22734.32 508.23 0.01 0.20 0.21 -1 -1
Result 0 0.0 2000 0.46 0.20 0.20 0.21 0.20 0.19 -1 -1 -1 -1 -1
Evo 970.97 -1000000.10 1.23 -942.13 0.23 1.23 1.23 23393.27 522.96 0.01 0.21 0.23 -1 -1
Result 0 1.0 2000 0.47 0.20 0.21 0.21 0.18 0.20 -1 -1 -1 -1 -1
Evo 961.92 -999999.66 0.37 -850.16 0.23 0.23 0.23 23120.42 516.86 0.01 0.20 0.21 -1 -1
Result 0 0.0 2000 0.47 0.19 0.22 0.19 0.19 0.21 -1 -1 -1 -1 -1
Evo 972.07 -999999.57 0.36 -881.14 0.23 0.23 0.23 23272.15 520.25 0.01 0.20 0.21 -1 -1
Result 0 0.0 2000 0.46 0.20 0.21 0.19 0.19 0.20 -1 -1 -1 -1 -1
Evo 972.59 -999999.92 0.34 -932.72 0.23 0.23 0.23 23399.96 523.11 0.01 0.20 0.21 -1 -1
Result 0 0.0 2000 0.45 0.20 0.21 0.18 0.20 0.21 -1 -1 -1 -1 -1
Evo 970.62 -999999.52 0.34 -802.01 0.23 0.23 0.23 22963.89 513.36 0.01 0.21 0.21 -1 -1
Result 0 0.0 2000 0.46 0.20 0.22 0.19 0.19 0.19 -1 -1 -1 -1 -1
Evo 972.05 -999999.34 1.23 -931.17 0.23 0.23 1.23 23327.62 521.49 0.01 0.21 0.22 -1 -1
Result 0 1.0 2000 0.45 0.21 0.20 0.21 0.19 0.19 -1 -1 -1 -1 -1
Evo 963.55 -1000000.26 0.36 -1038.91 0.23 0.23 0.23 23614.44 527.90 0.01 0.20 0.21 -1 -1
Result 0 0.0 2000 0.46 0.20 0.21 0.19 0.19 0.21 -1 -1 -1 -1 -1
Evo 960.12 -1000000.10 0.38 -869.15 0.23 0.23 0.23 23005.42 514.29 0.01 0.16 0.20 -1 -1
Result 0 0.0 2000 0.44 0.20 0.20 0.23 0.19 0.18 -1 -1 -1 -1 -1
Evo 970.48 -1000000.16 0.37 -933.64 0.23 0.23 0.23 23208.50 518.83 0.01 0.16 0.18 -1 -1
Result 0 0.0 2000 0.45 0.20 0.22 0.19 0.21 0.19 -1 -1 -1 -1 -1
Evo 975.12 -1000000.06 0.35 -856.17 0.23 0.23 0.23 22963.07 513.34 0.01 0.20 0.21 -1 -1
Result 0 0.0 2000 0.46 0.20 0.21 0.20 0.19 0.20 -1 -1 -1 -1 -1
Evo 965.44 -999999.71 0.38 -1028.17 0.23 0.23 0.23 23695.63 529.72 0.01 0.20 0.21 -1 -1
Result 0 0.0 2000 0.47 0.20 0.20 0.20 0.19 0.20 -1 -1 -1 -1 -1
Evo 953.23 -1000000.13 0.36 -1094.79 0.23 0.23 0.23 23495.31 525.24 0.01 0.20 0.21 -1 -1
Result 0 0.0 2000 0.47 0.19 0.22 0.19 0.20 0.21 -1 -1 -1 -1 -1
Evo 968.64 -1000000.25 0.33 -969.58 0.23 0.23 0.23 23414.53 523.43 0.01 0.20 0.21 -1 -1
Result 0 0.0 2000 0.47 0.19 0.21 0.20 0.20 0.20 -1 -1 -1 -1 -1
Evo 974.76 -999999.68 0.35 -866.21 0.23 0.23 0.23 23038.73 515.03 0.01 0.21 0.21 -1 -1
Result 0 0.0 2000 0.47 0.21 0.19 0.21 0.18 0.21 -1 -1 -1 -1 -1
Evo 968.48 -1000000.02 0.33 -963.37 0.23 0.23 0.23 23125.38 516.97 0.01 0.20 0.21 -1 -1
Result 0 0.0 2000 0.46 0.22 0.21 0.19 0.18 0.19 -1 -1 -1 -1 -1
Evo 971.49 -999999.91 2.23 -499.04 0.23 0.23 1.21 22355.11 499.75 0.01 0.33 0.35 -1 -1
Result 0 2.0 2000 0.45 0.19 0.20 0.20 0.22 0.19 -1 -1 -1 -1 -1
Evo 967.03 -999999.66 0.61 -499.52 0.23 0.23 0.23 22355.09 499.75 0.01 0.25 0.25 -1 -1
Result 0 0.0 2000 0.41 0.22 0.22 0.21 0.19 0.15 -1 -1 -1 -1 -1
Evo 969.44 -1000000.01 2.23 -497.89 2.19 2.23 2.23 22355.13 499.75 0.01 0.28 0.29 -1 -1
Result 0 2.0 2000 0.43 0.23 0.20 0.21 0.20 0.16 -1 -1 -1 -1 -1
Evo 965.49 -999999.81 2.23 -497.76 2.21 2.23 2.23 22355.13 499.75 0.01 0.23 0.25 -1 -1
Result 0 2.0 2000 0.47 0.20 0.20 0.21 0.21 0.18 -1 -1 -1 -1 -1
Evo 969.40 -1000000.19 0.62 -499.52 0.23 0.23 0.23 22355.10 499.75 0.01 0.25 0.25 -1 -1
Result 0 0.0 2000 0.47 0.21 0.20 0.21 0.20 0.18 -1 -1 -1 -1 -1
Evo 970.43 -1000000.11 2.23 -498.07 1.23 2.23 2.23 22355.13 499.75 0.01 0.25 0.27 -1 -1
Result 0 2.0 2000 0.43 0.22 0.21 0.20 0.20 0.16 -1 -1 -1 -1 -1
Evo 955.95 -1000000.02 0.62 -499.51 0.23 0.23 0.23 22355.10 499.75 0.01 0.23 0.25 -1 -1
Result 0 0.0 2000 0.47 0.17 0.20 0.21 0.22 0.20 -1 -1 -1 -1 -1
Evo 954.00 -999999.38 2.23 -498.52 1.21 1.23 1.23 22355.11 499.75 0.01 0.20 0.22 -1 -1
Result 0 2.0 2000 0.46 0.21 0.20 0.20 0.20 0.19 -1 -1 -1 -1 -1
Evo 971.19 -1000000.09 0.61 -499.52 0.23 0.23 0.23 22355.10 499.75 0.01 0.18 0.19 -1 -1
Result 0 0.0 2000 0.48 0.22 0.20 0.22 0.20 0.15 -1 -1 -1 -1 -1
Evo 961.03 -1000000.10 1.36 -500.26 1.23 1.23 1.23 22355.22 499.75 0.01 0.35 0.36 -1 -1
Result 0 1.0 2000 0.47 0.20 0.19 0.19 0.21 0.21 -1 -1 -1 -1 -1
Evo 962.22 -999999.84 0.61 -499.52 0.23 0.23 0.23 22355.09 499.75 0.01 0.24 0.25 -1 -1
Result 0 0.0 2000 0.42 0.20 0.21 0.16 0.22 0.21 -1 -1 -1 -1 -1
Evo 962.47 -1000000.06 1.23 -498.72 1.21 1.23 1.23 22355.12 499.75 0.01 0.26 0.28 -1 -1
Result 0 1.0 2000 0.47 0.20 0.21 0.18 0.20 0.21 -1 -1 -1 -1 -1
Evo 952.83 -999999.85 2.23 -497.98 1.23 2.23 2.23 22355.13 499.75 0.01 0.23 0.25 -1 -1
Result 0 2.0 2000 0.48 0.21 0.20 0.22 0.20 0.17 -1 -1 -1 -1 -1
Evo 963.55 -999999.60 2.23 -499.83 2.23 2.23 2.23 22355.30 499.75 0.01 0.27 0.28 -1 -1
Result 0 2.0 2000 0.48 0.21 0.19 0.22 0.20 0.18 -1 -1 -1 -1 -1
Evo 964.46 -1000000.21 0.62 -499.52 0.23 0.23 0.23 22355.10 499.75 0.01 0.25 0.25 -1 -1
Result 0 0.0 2000 0.47 0.20 0.21 0.20 0.21 0.18 -1 -1 -1 -1 -1
Evo 964.82 -1000000.15 0.62 -499.52 0.23 0.23 0.23 22355.10 499.75 0.01 0.25 0.25 -1 -1
Result 0 0.0 2000 0.47 0.21 0.20 0.20 0.21 0.18 -1 -1 -1 -1 -1
Evo 960.98 -1000000.14 2.23 -499.45 2.23 2.23 2.23 22355.24 499.75 0.01 0.38 0.39 -1 -1
Result 0 2.0 2000 0.46 0.20 0.19 0.19 0.21 0.21 -1 -1 -1 -1 -1
Evo 967.40 -1000000.20 2.23 -498.14 0.37 2.23 2.23 22355.13 499.75 0.01 0.25 0.27 -1 -1
Result 0 2.0 2000 0.48 0.21 0.20 0.21 0.19 0.19 -1 -1 -1 -1 -1
Evo 953.18 -999999.33 0.62 -499.51 0.23 0.23 0.23 22355.08 499.75 0.01 0.18 0.19 -1 -1
Result 0 0.0 2000 0.43 0.22 0.21 0.21 0.20 0.17 -1 -1 -1 -1 -1
Evo 964.39 -999999.71 2.23 -498.03 1.23 2.23 2.23 22355.12 499.75 0.01 0.28 0.29 -1 -1
Result 0 2.0 2000 0.46 0.20 0.19 0.22 0.19 0.20 -1 -1 -1 -1 -1
Evo 962.71 -1000000.15 23.23 -938.20 15.23 15.23 17.23 23121.03 516.87 0.01 0.46 0.48 -1 -1
Result 0 23.0 2000 0.45 0.21 0.20 0.22 0.18 0.19 -1 -1 -1 -1 -1
Evo 965.01 -1000000.19 16.23 -845.35 12.23 13.23 14.21 22892.84 511.77 0.01 0.36 0.41 -1 -1
Result 0 16.0 2000 0.45 0.20 0.21 0.20 0.20 0.19 -1 -1 -1 -1 -1
Evo 963.96 -999999.33 17.23 -1053.18 10.19 11.19 13.23 23737.42 530.65 0.01 0.41 0.44 -1 -1
Result 0 17.0 2000 0.45 0.21 0.20 0.22 0.19 0.19 -1 -1 -1 -1 -1
Evo 955.02 -999999.41 17.23 -900.65 13.23 16.23 16.23 23140.52 517.31 0.01 0.38 0.43 -1 -1
Result 0 17.0 2000 0.47 0.22 0.19 0.21 0.18 0.20 -1 -1 -1 -1 -1
Evo 961.91 -1000000.23 14.23 -933.83 14.21 14.23 14.23 23587.02 527.29 0.01 0.32 0.37 -1 -1
Result 0 14.0 2000 0.45 0.20 0.22 0.20 0.19 0.19 -1 -1 -1 -1 -1
Evo 961.90 -999999.59 19.23 -1047.89 9.12 16.23 17.23 23531.00 526.04 0.01 0.43 0.45 -1 -1
Result 0 19.0 2000 0.46 0.22 0.21 0.19 0.19 0.18 -1 -1 -1 -1 -1
Evo 962.09 -999999.96 18.23 -1145.73 8.23 15.23 15.23 23577.18 527.07 0.01 0.38 0.42 -1 -1
Result 0 18.0 2000 0.45 0.22 0.21 0.20 0.19 0.18 -1 -1 -1 -1 -1
Evo 961.67 -1000000.19 18.23 -1254.63 11.23 16.23 17.23 23920.12 534.74 0.01 0.41 0.45 -1 -1
Result 0 18.0 2000 0.44 0.21 0.22 0.20 0.19 0.18 -1 -1 -1 -1 -1
Evo 958.00 -999999.84 16.23 -966.66 13.23 15.23 16.23 23349.20 521.97 0.01 0.37 0.38 -1 -1
Result 0 16.0 2000 0.46 0.21 0.20 0.21 0.18 0.19 -1 -1 -1 -1 -1
Evo 952.99 -999999.57 20.23 -1013.55 12.23 18.21 20.21 23215.34 518.98 0.01 0.42 0.48 -1 -1
Result 0 20.0 2000 0.45 0.21 0.20 0.21 0.19 0.19 -1 -1 -1 -1 -1
Evo 961.09 -999999.64 17.23 -1272.63 7.23 12.23 16.23 23733.85 530.57 0.01 0.38 0.41 -1 -1
Result 0 17.0 2000 0.47 0.21 0.20 0.21 0.19 0.18 -1 -1 -1 -1 -1
Evo 957.28 -999999.85 10.23 -1085.34 7.23 7.23 10.23 23848.40 533.13 0.01 0.24 0.28 -1 -1
Result 0 10.0 2000 0.45 0.20 0.22 0.21 0.18 0.19 -1 -1 -1 -1 -1
Evo 963.43 -1000000.10 18.23 -1077.54 11.19 15.16 17.23 23575.81 527.04 0.01 0.41 0.43 -1 -1
Result 0 18.0 2000 0.46 0.21 0.22 0.19 0.19 0.18 -1 -1 -1 -1 -1
Evo 966.26 -999999.58 11.23 -975.51 11.19 11.23 11.23 23288.85 520.62 0.01 0.27 0.31 -1 -1
Result 0 11.0 2000 0.46 0.22 0.21 0.20 0.19 0.19 -1 -1 -1 -1 -1
Evo 964.47 -999999.99 10.23 -926.94 10.19 10.23 10.23 23115.06 516.74 0.01 0.25 0.35 -1 -1
Result 0 10.0 2000 0.47 0.21 0.22 0.21 0.18 0.18 -1 -1 -1 -1 -1
Evo 966.77 -999999.28 10.23 -945.83 10.23 10.23 10.23 23185.95 518.32 0.01 0.24 0.29 -1 -1
Result 0 10.0 2000 0.47 0.19 0.23 0.20 0.19 0.18 -1 -1 -1 -1 -1
Evo 959.85 -1000000.03 20.23 -933.49 12.19 19.23 19.23 23056.61 515.43 0.01 0.43 0.45 -1 -1
Result 0 20.0 2000 0.46 0.20 0.21 0.20 0.18 0.20 -1 -1 -1 -1 -1
Evo 963.62 -999999.55 18.23 -913.42 13.23 17.23 17.23 23103.28 516.48 0.01 0.39 0.42 -1 -1
Result 0 18.0 2000 0.47 0.21 0.20 0.21 0.19 0.20 -1 -1 -1 -1 -1
Evo 964.38 -999999.37 19.23 -1051.73 6.23 15.23 19.23 23449.27 524.21 0.01 0.42 0.44 -1 -1
Result 0 19.0 2000 0.46 0.21 0.21 0.20 0.19 0.19 -1 -1 -1 -1 -1
Evo 966.53 -999999.57 4.23 -1107.69 4.23 4.23 4.23 23492.32 525.17 0.01 0.11 0.13 -1 -1
Result 0 4.0 2000 0.48 0.23 0.19 0.22 0.19 0.17 -1 -1 -1 -1 -1
Evo 965.99 -999999.65 5.32 -874.46 5.23 5.23 5.23 22848.17 510.77 0.01 0.30 0.33 -1 -1
Result 0 5.0 2000 0.47 0.20 0.19 0.20 0.21 0.21 -1 -1 -1 -1 -1
Evo 963.08 -1000000.12 5.32 -992.08 5.23 5.23 5.23 23088.74 516.15 0.01 0.29 0.30 -1 -1
Result 0 5.0 2000 0.47 0.21 0.16 0.20 0.21 0.20 -1 -1 -1 -1 -1
Evo 962.20 -999999.57 5.35 -840.54 5.23 5.23 5.23 22711.61 507.72 0.01 0.32 0.38 -1 -1
Result 0 5.0 2000 0.48 0.21 0.17 0.20 0.21 0.22 -1 -1 -1 -1 -1
Evo 970.02 -1000000.09 5.23 -794.87 5.21 5.23 5.23 22770.45 509.04 0.01 0.33 0.37 -1 -1
Result 0 5.0 2000 0.47 0.20 0.18 0.21 0.20 0.21 -1 -1 -1 -1 -1
Evo 967.66 -1000000.16 5.28 -860.94 5.23 5.23 5.23 22751.32 508.61 0.01 0.32 0.38 -1 -1
Result 0 5.0 2000 0.46 0.19 0.18 0.20 0.23 0.20 -1 -1 -1 -1 -1
Evo 968.26 -999999.50 5.23 -778.46 5.19 5.23 5.23 22696.20 507.38 0.01 0.32 0.38 -1 -1
Result 0 5.0 2000 0.46 0.21 0.19 0.19 0.22 0.18 -1 -1 -1 -1 -1
Evo 961.38 -1000000.25 5.28 -683.49 5.23 5.23 5.23 22546.12 504.02 0.01 0.33 0.37 -1 -1
Result 0 5.0 2000 0.45 0.21 0.19 0.18 0.21 0.21 -1 -1 -1 -1 -1
Evo 956.56 -1000000.15 4.36 -710.32 4.23 4.23 4.23 22622.17 505.72 0.01 0.27 0.35 -1 -1
Result 0 4.0 2000 0.44 0.21 0.18 0.17 0.22 0.21 -1 -1 -1 -1 -1
Evo 964.29 -999999.77 5.35 -935.78 5.23 5.23 5.23 22780.25 509.25 0.01 0.29 0.32 -1 -1
Result 0 5.0 2000 0.47 0.21 0.17 0.19 0.22 0.21 -1 -1 -1 -1 -1
Evo 964.01 -1000000.08 6.23 -733.95 6.21 6.23 6.23 22587.14 504.94 0.01 0.32 0.35 -1 -1
Result 0 6.0 2000 0.47 0.19 0.18 0.21 0.21 0.21 -1 -1 -1 -1 -1
Evo 968.01 -1000000.17 5.32 -739.36 5.23 5.23 5.23 22571.54 504.59 0.01 0.30 0.33 -1 -1
Result 0 5.0 2000 0.47 0.22 0.16 0.21 0.19 0.21 -1 -1 -1 -1 -1
Evo 960.58 -1000000.01 5.32 -625.10 5.23 5.23 5.23 22455.12 501.99 0.01 0.33 0.38 -1 -1
Result 0 5.0 2000 0.47 0.21 0.18 0.20 0.19 0.21 -1 -1 -1 -1 -1
Evo 957.89 -999999.73 6.23 -693.95 6.23 6.23 6.23 22516.01 503.35 0.01 0.35 0.38 -1 -1
Result 0 6.0 2000 0.47 0.21 0.18 0.21 0.20 0.21 -1 -1 -1 -1 -1
Evo 965.67 -999999.70 6.23 -774.49 6.23 6.23 6.23 22651.12 506.37 0.01 0.32 0.38 -1 -1
Result 0 6.0 2000 0.47 0.19 0.19 0.19 0.22 0.20 -1 -1 -1 -1 -1
Evo 965.24 -999999.56 6.23 -784.17 6.21 6.23 6.23 22568.07 504.51 0.01 0.33 0.37 -1 -1
Result 0 6.0 2000 0.45 0.20 0.18 0.22 0.21 0.18 -1 -1 -1 -1 -1
Evo 956.85 -999999.35 6.27 -864.30 6.23 6.23 6.23 22729.91 508.13 0.01 0.32 0.33 -1 -1
Result 0 6.0 2000 0.47 0.20 0.20 0.17 0.21 0.21 -1 -1 -1 -1 -1
Evo 966.57 -999999.65 5.23 -829.04 5.23 5.23 5.23 22719.27 507.89 0.01 0.30 0.38 -1 -1
Result 0 5.0 2000 0.46 0.20 0.18 0.19 0.21 0.20 -1 -1 -1 -1 -1
Evo 961.06 -999999.75 4.23 -1126.66 4.23 4.23 4.23 22860.60 511.05 0.01 0.27 0.30 -1 -1
Result 0 4.0 2000 0.47 0.21 0.18 0.18 0.22 0.21 -1 -1 -1 -1 -1
Evo 967.22 -1000000.07 4.23 -805.27 4.23 4.23 4.23 22630.39 505.90 0.01 0.29 0.35 -1 -1
Result 0 4.0 2000 0.48 0.21 0.17 0.17 0.22 0.22 -1 -1 -1 -1 -1
Evo 954.29 -1000000.19 5.32 -774.14 5.23 5.23 5.23 22593.77 505.09 0.01 0.30 0.35 -1 -1
Result 0 5.0 2000 0.46 0.21 0.17 0.23 0.19 0.19 -1 -1 -1 -1 -1
