Evo 864.38 -999999.78 0.62 -3496.24 0.23 0.23 0.23 59131.24 3496.50 0.03 0.05 0.06 -1 -1
Result 0 0.0 285 0.48 0.22 0.19 0.21 0.17 0.22 -1 -1 -1 -1 -1
Evo 831.31 -999999.85 0.62 -3496.24 0.23 0.23 0.23 59131.25 3496.50 0.03 0.14 0.15 -1 -1
Result 0 0.0 285 0.47 0.17 0.16 0.26 0.20 0.20 -1 -1 -1 -1 -1
Evo 857.41 -999999.32 0.62 -3496.24 0.23 0.23 0.23 59131.21 3496.50 0.03 0.06 0.07 -1 -1
Result 0 0.0 285 0.47 0.17 0.21 0.22 0.19 0.20 -1 -1 -1 -1 -1
Evo 815.60 -999999.67 0.62 -3496.23 0.23 0.23 0.23 59131.24 3496.50 0.03 0.06 0.07 -1 -1
Result 0 0.0 285 0.47 0.20 0.20 0.22 0.17 0.21 -1 -1 -1 -1 -1
Evo 781.91 -999999.83 0.61 -3496.23 0.23 0.23 0.28 59131.25 3496.50 0.03 0.11 0.13 -1 -1
Result 0 0.0 285 0.45 0.21 0.17 0.20 0.24 0.19 -1 -1 -1 -1 -1
Evo 905.31 -999999.41 0.62 -3496.25 0.23 0.23 0.23 59131.22 3496.50 0.03 0.11 0.13 -1 -1
Result 0 0.0 285 0.47 0.19 0.17 0.22 0.21 0.21 -1 -1 -1 -1 -1
Evo 834.04 -1000000.16 0.61 -3496.24 0.23 0.23 0.23 59131.26 3496.50 0.03 0.16 0.19 -1 -1
Result 0 0.0 285 0.48 0.20 0.22 0.21 0.16 0.21 -1 -1 -1 -1 -1
Evo 887.64 -1000000.13 0.62 -1956.69 0.23 0.23 0.23 44237.41 1956.95 0.02 0.16 0.18 -1 -1
Result 0 0.0 510 0.42 0.23 0.23 0.21 0.18 0.15 -1 -1 -1 -1 -1
Evo 785.68 -999999.98 0.62 -3496.23 0.23 0.23 0.28 59131.25 3496.50 0.03 0.04 0.06 -1 -1
Result 0 0.0 285 0.48 0.22 0.20 0.20 0.16 0.22 -1 -1 -1 -1 -1
Evo 881.21 -999999.58 0.62 -3496.24 0.23 0.23 0.23 59131.23 3496.50 0.03 0.12 0.14 -1 -1
Result 0 0.0 285 0.46 0.22 0.21 0.21 0.16 0.20 -1 -1 -1 -1 -1
Evo 796.00 -999999.84 0.62 -3496.23 0.23 0.23 0.28 59131.25 3496.50 0.03 0.02 0.05 -1 -1
Result 0 0.0 285 0.49 0.17 0.23 0.16 0.19 0.24 -1 -1 -1 -1 -1
Evo 829.14 -999999.28 0.62 -3496.23 0.23 0.23 0.23 59131.21 3496.50 0.03 0.16 0.17 -1 -1
Result 0 0.0 285 0.44 0.20 0.21 0.21 0.20 0.18 -1 -1 -1 -1 -1
Evo 835.37 -999999.73 0.61 -3496.23 0.23 0.23 0.23 59131.24 3496.50 0.03 0.06 0.07 -1 -1
Result 0 0.0 285 0.48 0.16 0.21 0.22 0.20 0.22 -1 -1 -1 -1 -1
Evo 854.26 -1000000.10 0.62 -3496.23 0.23 0.23 0.23 59131.26 3496.50 0.03 0.10 0.13 -1 -1
Result 0 0.0 285 0.44 0.18 0.23 0.20 0.22 0.18 -1 -1 -1 -1 -1
Evo 944.83 -1000000.07 0.62 -1040.34 0.23 0.23 0.23 32258.07 1040.58 0.01 0.14 0.15 -1 -1
Result 0 0.0 960 0.47 0.20 0.20 0.21 0.19 0.20 -1 -1 -1 -1 -1
Evo 937.98 -999999.90 0.61 -1040.34 0.23 0.23 0.23 32258.07 1040.58 0.01 0.18 0.19 -1 -1
Result 0 0.0 960 0.46 0.19 0.20 0.21 0.19 0.20 -1 -1 -1 -1 -1
Evo 930.73 -999999.86 0.62 -1956.70 0.23 0.23 0.23 44237.40 1956.95 0.02 0.22 0.23 -1 -1
Result 0 0.0 510 0.47 0.19 0.21 0.20 0.20 0.20 -1 -1 -1 -1 -1
Evo 904.42 -999999.63 0.62 -3496.25 0.23 0.23 0.23 59131.23 3496.50 0.03 0.10 0.13 -1 -1
Result 0 0.0 285 0.44 0.17 0.22 0.21 0.22 0.17 -1 -1 -1 -1 -1
Evo 801.77 -999999.56 0.62 -3496.22 0.23 0.23 0.23 59131.23 3496.50 0.03 0.05 0.06 -1 -1
Result 0 0.0 285 0.48 0.19 0.22 0.19 0.18 0.22 -1 -1 -1 -1 -1
Evo 820.99 -999999.95 0.62 -3496.23 0.23 0.23 0.23 59131.25 3496.50 0.03 0.11 0.13 -1 -1
Result 0 0.0 285 0.46 0.17 0.21 0.22 0.21 0.19 -1 -1 -1 -1 -1
Evo 123.18 -998221.98 0.62 -110199.05 0.45 0.45 0.45 309513.01 39629.08 0.10 0.08 0.17 -1 -1
Result 0 0.0 60 0.41 0.28 0.15 0.23 0.20 0.15 -1 -1 -1 -1 -1
Evo 826.30 -999999.38 0.61 -3496.23 0.23 0.23 0.23 59131.22 3496.50 0.03 0.13 0.15 -1 -1
Result 0 0.0 285 0.46 0.17 0.20 0.22 0.21 0.20 -1 -1 -1 -1 -1
Evo 832.98 -1000000.08 0.62 -3496.24 0.23 0.23 0.23 59131.26 3496.50 0.03 0.12 0.17 -1 -1
Result 0 0.0 285 0.49 0.21 0.18 0.19 0.20 0.23 -1 -1 -1 -1 -1
Evo 748.44 -999999.69 0.62 -3496.22 0.23 0.23 0.28 59131.24 3496.50 0.03 0.13 0.18 -1 -1
Result 0 0.0 285 0.49 0.17 0.22 0.19 0.20 0.23 -1 -1 -1 -1 -1
Evo 868.09 -1000000.01 0.62 -3496.24 0.23 0.23 0.23 59131.26 3496.50 0.03 0.19 0.24 -1 -1
Result 0 0.0 285 0.48 0.17 0.22 0.18 0.21 0.22 -1 -1 -1 -1 -1
Evo 833.06 -999999.96 0.62 -3496.24 0.23 0.23 0.23 59131.25 3496.50 0.03 0.12 0.22 -1 -1
Result 0 0.0 285 0.46 0.22 0.23 0.17 0.19 0.19 -1 -1 -1 -1 -1
Evo 828.08 -999999.51 0.62 -3496.24 0.23 0.23 0.23 59131.23 3496.50 0.03 0.13 0.17 -1 -1
Result 0 0.0 285 0.49 0.21 0.17 0.22 0.17 0.24 -1 -1 -1 -1 -1
Evo 828.20 -999999.62 0.62 -3496.23 0.23 0.23 0.23 59131.23 3496.50 0.03 0.19 0.25 -1 -1
Result 0 0.0 285 0.47 0.19 0.21 0.17 0.23 0.20 -1 -1 -1 -1 -1
Evo 886.98 -999999.32 0.62 -3496.25 0.23 0.23 0.23 59131.21 3496.50 0.03 0.20 0.24 -1 -1
Result 0 0.0 285 0.45 0.22 0.21 0.15 0.23 0.19 -1 -1 -1 -1 -1
Evo 854.84 -1000000.19 0.61 -3496.24 0.23 0.23 0.23 59131.27 3496.51 0.03 0.14 0.19 -1 -1
Result 0 0.0 285 0.51 0.21 0.16 0.19 0.17 0.26 -1 -1 -1 -1 -1
Evo 831.35 -1000000.24 0.62 -3496.24 0.23 0.23 0.23 59131.27 3496.51 0.03 0.28 0.40 -1 -1
Result 0 0.0 285 0.46 0.19 0.20 0.23 0.19 0.20 -1 -1 -1 -1 -1
Evo 324.10 -999999.65 0.62 -30007.96 0.28 0.33 0.47 165066.38 21134.58 0.10 0.10 0.18 -1 -1
Result 0 0.0 60 0.45 0.20 0.28 0.16 0.18 0.18 -1 -1 -1 -1 -1
Evo 863.39 -1000000.19 0.62 -3496.24 0.23 0.23 0.23 59131.27 3496.51 0.03 0.13 0.20 -1 -1
Result 0 0.0 285 0.43 0.15 0.22 0.19 0.27 0.17 -1 -1 -1 -1 -1
Evo 654.80 -999999.44 0.62 -16393.12 0.23 0.23 0.37 128036.85 16393.44 0.10 0.08 0.15 -1 -1
Result 0 0.0 60 0.49 0.36 0.13 0.13 0.15 0.23 -1 -1 -1 -1 -1
Evo 863.72 -999999.62 0.62 -3496.24 0.23 0.23 0.23 59131.23 3496.50 0.03 0.15 0.24 -1 -1
Result 0 0.0 285 0.46 0.23 0.20 0.16 0.22 0.20 -1 -1 -1 -1 -1
Evo 750.95 -999999.68 0.62 -3496.23 0.23 0.23 0.28 59131.24 3496.50 0.03 0.18 0.28 -1 -1
Result 0 0.0 285 0.49 0.17 0.17 0.25 0.17 0.23 -1 -1 -1 -1 -1
Evo 896.46 -999999.53 0.62 -3496.25 0.23 0.23 0.23 59131.23 3496.50 0.03 0.14 0.19 -1 -1
Result 0 0.0 285 0.47 0.23 0.20 0.16 0.21 0.20 -1 -1 -1 -1 -1
Evo 800.60 -999999.89 0.62 -3496.22 0.23 0.23 0.28 59131.25 3496.50 0.03 0.22 0.31 -1 -1
Result 0 0.0 285 0.47 0.21 0.19 0.20 0.19 0.21 -1 -1 -1 -1 -1
Evo 872.69 -999999.56 0.62 -3496.24 0.23 0.23 0.23 59131.23 3496.50 0.03 0.26 0.38 -1 -1
Result 0 0.0 285 0.44 0.21 0.22 0.21 0.19 0.17 -1 -1 -1 -1 -1
Evo 245.68 -998706.87 0.62 -45566.95 0.33 0.33 0.45 202945.23 25984.47 0.10 0.08 0.18 -1 -1
Result 0 0.0 60 0.41 0.13 0.31 0.23 0.18 0.15 -1 -1 -1 -1 -1
Evo 907.53 -999999.75 0.62 -3496.25 0.23 0.23 0.23 59131.24 3496.50 0.03 0.09 0.13 -1 -1
Result 0 0.0 285 0.48 0.24 0.17 0.17 0.19 0.22 -1 -1 -1 -1 -1
Evo 878.28 -999999.54 0.62 -3496.24 0.23 0.23 0.23 59131.23 3496.50 0.03 0.09 0.11 -1 -1
Result 0 0.0 285 0.48 0.20 0.19 0.22 0.18 0.21 -1 -1 -1 -1 -1
Evo 770.88 -999999.75 0.62 -3496.23 0.23 0.23 0.28 59131.24 3496.50 0.03 0.13 0.17 -1 -1
Result 0 0.0 285 0.48 0.20 0.19 0.20 0.19 0.22 -1 -1 -1 -1 -1
Evo 790.21 -999999.71 0.62 -3496.23 0.23 0.23 0.33 59131.24 3496.50 0.03 0.10 0.14 -1 -1
Result 0 0.0 285 0.48 0.22 0.22 0.16 0.19 0.21 -1 -1 -1 -1 -1
Evo 840.42 -999999.46 0.62 -3496.24 0.23 0.23 0.23 59131.22 3496.50 0.03 0.07 0.10 -1 -1
Result 0 0.0 285 0.45 0.20 0.19 0.22 0.20 0.19 -1 -1 -1 -1 -1
Evo 836.75 -999999.63 0.61 -3496.24 0.23 0.23 0.23 59131.23 3496.50 0.03 0.08 0.11 -1 -1
Result 0 0.0 285 0.46 0.19 0.21 0.23 0.19 0.19 -1 -1 -1 -1 -1
Evo 882.27 -999999.57 0.62 -3496.24 0.23 0.23 0.23 59131.23 3496.50 0.03 0.10 0.12 -1 -1
Result 0 0.0 285 0.47 0.19 0.19 0.19 0.22 0.21 -1 -1 -1 -1 -1
Evo 777.09 -999999.71 0.62 -3496.23 0.23 0.23 0.28 59131.24 3496.50 0.03 0.06 0.10 -1 -1
Result 0 0.0 285 0.46 0.23 0.20 0.17 0.20 0.19 -1 -1 -1 -1 -1
Evo 870.61 -999999.62 0.62 -3496.24 0.23 0.23 0.23 59131.23 3496.50 0.03 0.08 0.11 -1 -1
Result 0 0.0 285 0.45 0.20 0.16 0.21 0.24 0.19 -1 -1 -1 -1 -1
Evo 861.47 -999999.29 0.62 -3496.24 0.23 0.23 0.23 59131.21 3496.50 0.03 0.08 0.10 -1 -1
Result 0 0.0 285 0.43 0.24 0.20 0.21 0.19 0.17 -1 -1 -1 -1 -1
Evo 890.71 -999999.46 0.62 -3496.25 0.23 0.23 0.23 59131.22 3496.50 0.03 0.07 0.08 -1 -1
Result 0 0.0 285 0.42 0.22 0.23 0.18 0.21 0.16 -1 -1 -1 -1 -1
Evo 744.97 -999999.70 0.62 -3496.22 0.23 0.23 0.33 59131.24 3496.50 0.03 0.11 0.14 -1 -1
Result 0 0.0 285 0.47 0.20 0.21 0.19 0.21 0.20 -1 -1 -1 -1 -1
Evo 469.12 -999999.74 0.61 -16393.08 0.23 0.33 0.45 128036.89 16393.44 0.10 0.06 0.09 -1 -1
Result 0 0.0 60 0.41 0.25 0.28 0.16 0.16 0.15 -1 -1 -1 -1 -1
Evo 849.64 -999999.98 0.62 -3496.24 0.23 0.23 0.23 59131.25 3496.50 0.03 0.08 0.11 -1 -1
Result 0 0.0 285 0.45 0.21 0.21 0.21 0.19 0.19 -1 -1 -1 -1 -1
Evo 818.74 -1000000.01 0.62 -3496.24 0.23 0.23 0.23 59131.26 3496.50 0.03 0.07 0.09 -1 -1
Result 0 0.0 285 0.49 0.19 0.17 0.19 0.21 0.23 -1 -1 -1 -1 -1
Evo 859.56 -999999.47 0.61 -3496.24 0.23 0.23 0.23 59131.22 3496.50 0.03 0.08 0.10 -1 -1
Result 0 0.0 285 0.44 0.22 0.21 0.20 0.20 0.18 -1 -1 -1 -1 -1
Evo 915.25 -999999.97 0.61 -3496.25 0.23 0.23 0.23 59131.25 3496.50 0.03 0.08 0.12 -1 -1
Result 0 0.0 285 0.45 0.25 0.22 0.14 0.21 0.19 -1 -1 -1 -1 -1
Evo 812.79 -999999.64 0.62 -3496.23 0.23 0.23 0.23 59131.23 3496.50 0.03 0.06 0.08 -1 -1
Result 0 0.0 285 0.45 0.20 0.18 0.24 0.20 0.19 -1 -1 -1 -1 -1
Evo 855.15 -999999.76 0.62 -3496.23 0.23 0.23 0.23 59131.24 3496.50 0.03 0.08 0.12 -1 -1
Result 0 0.0 285 0.45 0.25 0.16 0.20 0.20 0.19 -1 -1 -1 -1 -1
Evo 818.93 -999999.53 0.61 -3496.23 0.23 0.23 0.23 59131.23 3496.50 0.03 0.09 0.12 -1 -1
Result 0 0.0 285 0.47 0.19 0.23 0.19 0.18 0.21 -1 -1 -1 -1 -1
Evo 862.88 -999999.38 0.62 -3496.24 0.23 0.23 0.23 59131.22 3496.50 0.03 0.09 0.11 -1 -1
Result 0 0.0 285 0.47 0.23 0.19 0.17 0.21 0.20 -1 -1 -1 -1 -1
Evo 859.82 -999999.39 0.62 -3496.24 0.23 0.23 0.23 59131.22 3496.50 0.03 0.13 0.16 -1 -1
Result 0 0.0 285 0.47 0.17 0.23 0.20 0.19 0.21 -1 -1 -1 -1 -1
Evo 811.87 -999999.37 0.62 -3496.23 0.23 0.23 0.23 59131.22 3496.50 0.03 0.06 0.08 -1 -1
Result 0 0.0 285 0.49 0.17 0.21 0.18 0.20 0.23 -1 -1 -1 -1 -1
Evo 837.74 -999999.40 0.62 -3496.23 0.23 0.23 0.23 59131.22 3496.50 0.03 0.09 0.12 -1 -1
Result 0 0.0 285 0.49 0.14 0.23 0.20 0.19 0.24 -1 -1 -1 -1 -1
Evo 884.00 -999999.85 0.62 -3496.25 0.23 0.23 0.23 59131.25 3496.50 0.03 0.07 0.08 -1 -1
Result 0 0.0 285 0.45 0.19 0.23 0.20 0.19 0.19 -1 -1 -1 -1 -1
Evo 901.39 -1000000.07 0.62 -3496.25 0.23 0.23 0.23 59131.26 3496.50 0.03 0.09 0.12 -1 -1
Result 0 0.0 285 0.46 0.19 0.22 0.21 0.18 0.19 -1 -1 -1 -1 -1
Evo 550.92 -1000000.22 0.62 -16393.11 0.23 0.28 0.43 128036.95 16393.45 0.10 0.07 0.12 -1 -1
Result 0 0.0 60 0.48 0.18 0.15 0.18 0.28 0.21 -1 -1 -1 -1 -1
Evo 874.40 -999999.87 0.61 -3496.25 0.23 0.23 0.23 59131.25 3496.50 0.03 0.08 0.11 -1 -1
Result 0 0.0 285 0.46 0.18 0.20 0.24 0.18 0.20 -1 -1 -1 -1 -1
Evo 767.55 -999999.42 0.61 -3496.23 0.23 0.23 0.28 59131.22 3496.50 0.03 0.12 0.16 -1 -1
Result 0 0.0 285 0.48 0.24 0.19 0.16 0.19 0.22 -1 -1 -1 -1 -1
Evo 889.52 -999999.74 0.62 -3496.24 0.23 0.23 0.23 59131.24 3496.50 0.03 0.07 0.08 -1 -1
Result 0 0.0 285 0.48 0.20 0.19 0.21 0.19 0.22 -1 -1 -1 -1 -1
Evo 885.98 -1000000.02 0.62 -3496.25 0.23 0.23 0.23 59131.26 3496.50 0.03 0.07 0.10 -1 -1
Result 0 0.0 285 0.45 0.21 0.23 0.17 0.21 0.18 -1 -1 -1 -1 -1
Evo 846.13 -999999.76 0.62 -3496.24 0.23 0.23 0.23 59131.24 3496.50 0.03 0.05 0.08 -1 -1
Result 0 0.0 285 0.47 0.18 0.23 0.18 0.20 0.21 -1 -1 -1 -1 -1
Evo 825.02 -999999.50 0.62 -3496.24 0.23 0.23 0.23 59131.23 3496.50 0.03 0.14 0.18 -1 -1
Result 0 0.0 285 0.44 0.21 0.17 0.23 0.21 0.18 -1 -1 -1 -1 -1
Evo 791.25 -999999.46 0.62 -3496.23 0.23 0.23 0.28 59131.22 3496.50 0.03 0.04 0.06 -1 -1
Result 0 0.0 285 0.38 0.18 0.26 0.22 0.22 0.13 -1 -1 -1 -1 -1
Evo 819.26 -999999.46 0.62 -3496.23 0.23 0.23 0.23 59131.22 3496.50 0.03 0.13 0.15 -1 -1
Result 0 0.0 285 0.48 0.19 0.21 0.20 0.19 0.22 -1 -1 -1 -1 -1
Evo 849.40 -999999.43 0.62 -3496.24 0.23 0.23 0.23 59131.22 3496.50 0.03 0.06 0.08 -1 -1
Result 0 0.0 285 0.46 0.19 0.24 0.20 0.19 0.19 -1 -1 -1 -1 -1
Evo 858.10 -1000000.11 0.61 -3496.24 0.23 0.23 0.23 59131.26 3496.50 0.03 0.04 0.06 -1 -1
Result 0 0.0 285 0.43 0.21 0.21 0.24 0.18 0.17 -1 -1 -1 -1 -1
Evo 805.96 -1000000.18 0.62 -3496.23 0.23 0.23 0.28 59131.27 3496.51 0.03 0.14 0.20 -1 -1
Result 0 0.0 285 0.45 0.20 0.17 0.23 0.21 0.18 -1 -1 -1 -1 -1
Evo 491.80 -999999.87 0.62 -16393.10 0.23 0.28 0.43 128036.91 16393.45 0.10 0.04 0.07 -1 -1
Result 0 0.0 60 0.51 0.21 0.26 0.13 0.13 0.26 -1 -1 -1 -1 -1
Evo 843.98 -999999.78 0.62 -3496.24 0.23 0.23 0.23 59131.24 3496.50 0.03 0.10 0.14 -1 -1
Result 0 0.0 285 0.44 0.23 0.15 0.27 0.18 0.17 -1 -1 -1 -1 -1
Evo 481.20 -999999.61 0.62 -16393.10 0.28 0.28 0.39 128036.87 16393.44 0.10 0.06 0.07 -1 -1
Result 0 0.0 60 0.43 0.25 0.13 0.15 0.31 0.16 -1 -1 -1 -1 -1
Evo 786.42 -1000000.24 0.62 -3496.22 0.23 0.23 0.28 59131.27 3496.51 0.03 0.05 0.06 -1 -1
Result 0 0.0 285 0.44 0.23 0.22 0.18 0.19 0.17 -1 -1 -1 -1 -1
Evo 372.55 -999999.66 0.62 -16393.05 0.28 0.40 0.50 128036.89 16393.44 0.10 0.05 0.07 -1 -1
Result 0 0.0 60 0.41 0.23 0.11 0.20 0.31 0.15 -1 -1 -1 -1 -1
Evo 835.25 -1000000.21 0.61 -3496.24 0.23 0.23 0.23 59131.27 3496.51 0.03 0.06 0.07 -1 -1
Result 0 0.0 285 0.44 0.20 0.22 0.20 0.21 0.17 -1 -1 -1 -1 -1
Evo 841.40 -1000000.21 0.61 -3496.25 0.23 0.23 0.23 59131.27 3496.51 0.03 0.04 0.05 -1 -1
Result 0 0.0 285 0.44 0.24 0.21 0.19 0.18 0.18 -1 -1 -1 -1 -1
Evo 865.85 -1000000.22 0.62 -3496.24 0.23 0.23 0.23 59131.27 3496.51 0.03 0.05 0.06 -1 -1
Result 0 0.0 285 0.46 0.19 0.21 0.20 0.20 0.19 -1 -1 -1 -1 -1
Evo 247.67 -998706.26 0.62 -45527.44 0.33 0.33 0.47 202795.12 25965.25 0.10 0.05 0.07 -1 -1
Result 0 0.0 60 0.50 0.18 0.15 0.20 0.23 0.25 -1 -1 -1 -1 -1
Evo 851.73 -999999.70 0.62 -3496.24 0.23 0.23 0.23 59131.24 3496.50 0.03 0.04 0.05 -1 -1
Result 0 0.0 285 0.48 0.19 0.22 0.20 0.17 0.21 -1 -1 -1 -1 -1
Evo 214.13 -999078.17 0.62 -30016.15 0.34 0.42 0.54 165091.38 21137.79 0.10 0.03 0.05 -1 -1
Result 0 0.0 60 0.50 0.16 0.20 0.23 0.16 0.25 -1 -1 -1 -1 -1
Evo 829.01 -999999.36 0.62 -3496.23 0.23 0.23 0.23 59131.22 3496.50 0.03 0.07 0.08 -1 -1
Result 0 0.0 285 0.49 0.19 0.16 0.19 0.22 0.24 -1 -1 -1 -1 -1
Evo 833.49 -999999.44 0.62 -3496.23 0.23 0.23 0.23 59131.22 3496.50 0.03 0.05 0.06 -1 -1
Result 0 0.0 285 0.48 0.21 0.19 0.20 0.17 0.22 -1 -1 -1 -1 -1
Evo 868.48 -999999.31 0.62 -3496.24 0.23 0.23 0.23 59131.21 3496.50 0.03 0.03 0.04 -1 -1
Result 0 0.0 285 0.45 0.24 0.21 0.20 0.17 0.19 -1 -1 -1 -1 -1
Evo 862.94 -1000000.18 0.62 -3496.24 0.23 0.23 0.23 59131.27 3496.51 0.03 0.17 0.18 -1 -1
Result 0 0.0 285 0.42 0.24 0.15 0.24 0.21 0.15 -1 -1 -1 -1 -1
Evo 807.57 -999999.47 0.62 -3496.23 0.23 0.23 0.23 59131.22 3496.50 0.03 0.07 0.08 -1 -1
Result 0 0.0 285 0.50 0.20 0.16 0.16 0.23 0.24 -1 -1 -1 -1 -1
Evo 886.56 -999999.73 0.62 -3496.25 0.23 0.23 0.23 59131.24 3496.50 0.03 0.04 0.04 -1 -1
Result 0 0.0 285 0.45 0.20 0.22 0.19 0.20 0.19 -1 -1 -1 -1 -1
Evo 820.29 -1000000.02 0.62 -3496.24 0.23 0.23 0.23 59131.26 3496.50 0.03 0.06 0.07 -1 -1
Result 0 0.0 285 0.49 0.20 0.21 0.17 0.19 0.23 -1 -1 -1 -1 -1
Evo 891.98 -999999.95 0.62 -3496.25 0.23 0.23 0.23 59131.25 3496.50 0.03 0.06 0.07 -1 -1
Result 0 0.0 285 0.46 0.25 0.17 0.16 0.22 0.19 -1 -1 -1 -1 -1
Evo 919.29 -999999.40 0.62 -3496.25 0.23 0.23 0.23 59131.22 3496.50 0.03 0.09 0.11 -1 -1
Result 0 0.0 285 0.42 0.21 0.21 0.20 0.23 0.16 -1 -1 -1 -1 -1
Evo 857.73 -999999.35 0.62 -3496.24 0.23 0.23 0.23 59131.22 3496.50 0.03 0.10 0.11 -1 -1
Result 0 0.0 285 0.45 0.25 0.15 0.21 0.21 0.19 -1 -1 -1 -1 -1
Evo 172.52 -998787.94 0.62 -45499.86 0.40 0.47 0.53 202667.03 25948.85 0.10 0.04 0.06 -1 -1
Result 0 0.0 60 0.49 0.23 0.13 0.21 0.20 0.23 -1 -1 -1 -1 -1
