Evo 1.00 0.00 1.00 0.28 0.00 0.00 1.00 0.45 0.01 0.01 0.23 0.39 -1 1811
Result 0 4.0 1900 0.48 0.20 0.22 0.20 0.19 0.20 -1 -1 -1 -1 -1
Evo 1.00 0.00 1.00 0.95 1.00 1.00 1.00 0.21 0.00 0.01 0.39 0.39 -1 1811
Result 0 12.0 1900 0.47 0.18 0.21 0.20 0.21 0.19 -1 -1 -1 -1 -1
Evo 1.00 0.00 1.00 0.95 1.00 1.00 1.00 0.21 0.00 0.06 0.24 0.41 -1 1811
Result 0 4.0 1900 0.47 0.20 0.21 0.19 0.20 0.20 -1 -1 -1 -1 -1
Evo 1.00 0.00 1.00 0.95 1.00 1.00 1.00 0.21 0.00 0.02 0.24 0.39 -1 1811
Result 0 4.0 1900 0.47 0.21 0.20 0.20 0.20 0.19 -1 -1 -1 -1 -1
Evo 1.00 0.00 1.00 0.95 1.00 1.00 1.00 0.21 0.00 0.46 0.43 0.50 -1 1811
Result 0 2.0 1900 0.46 0.22 0.20 0.19 0.19 0.20 -1 -1 -1 -1 -1
Evo 1.00 0.00 1.00 0.95 1.00 1.00 1.00 0.21 0.00 0.14 0.24 0.39 -1 1811
Result 0 4.0 1900 0.44 0.20 0.18 0.21 0.21 0.21 -1 -1 -1 -1 -1
Evo 1.00 0.00 1.00 0.95 1.00 1.00 1.00 0.21 0.00 0.53 0.23 0.39 -1 1811
Result 0 2.0 1900 0.47 0.20 0.21 0.20 0.18 0.21 -1 -1 -1 -1 -1
Evo 1.00 0.00 1.00 0.95 1.00 1.00 1.00 0.21 0.00 0.02 0.22 0.39 -1 1811
Result 0 0.0 1900 0.46 0.21 0.19 0.19 0.20 0.21 -1 -1 -1 -1 -1
Evo 1.00 0.00 1.00 0.95 1.00 1.00 1.00 0.21 0.00 0.47 0.24 0.39 -1 1811
Result 0 4.0 1900 0.47 0.19 0.20 0.20 0.21 0.20 -1 -1 -1 -1 -1
Evo 1.00 0.00 1.00 0.95 1.00 1.00 1.00 0.21 0.00 0.03 0.24 0.39 -1 1811
Result 0 0.0 1900 0.46 0.20 0.20 0.20 0.20 0.20 -1 -1 -1 -1 -1
Evo 1.00 0.00 1.00 0.95 1.00 1.00 1.00 0.21 0.00 0.03 0.20 0.39 -1 1811
Result 0 0.0 1900 0.48 0.20 0.22 0.19 0.20 0.19 -1 -1 -1 -1 -1
Evo 1.00 0.00 1.00 0.95 1.00 1.00 1.00 0.21 0.00 0.53 0.24 0.39 -1 1811
Result 0 2.0 1900 0.47 0.20 0.21 0.20 0.19 0.21 -1 -1 -1 -1 -1
Evo 1.00 0.00 1.00 0.95 1.00 1.00 1.00 0.21 0.00 0.47 0.23 0.39 -1 1811
Result 0 2.0 1900 0.47 0.21 0.20 0.18 0.21 0.20 -1 -1 -1 -1 -1
Evo 1.00 0.00 1.00 0.95 1.00 1.00 1.00 0.21 0.00 0.02 0.34 0.39 -1 1811
Result 0 0.0 1900 0.46 0.20 0.20 0.20 0.19 0.21 -1 -1 -1 -1 -1
Evo 1.00 0.00 1.00 0.95 1.00 1.00 1.00 0.21 0.00 0.30 0.37 0.50 -1 1811
Result 0 9.0 1900 0.46 0.20 0.19 0.18 0.21 0.22 -1 -1 -1 -1 -1
Evo 1.00 0.00 1.00 0.95 1.00 1.00 1.00 0.21 0.00 0.01 0.38 0.39 -1 1811
Result 0 4.0 1900 0.47 0.21 0.21 0.18 0.20 0.20 -1 -1 -1 -1 -1
Evo 1.00 0.00 1.00 0.95 1.00 1.00 1.00 0.21 0.00 0.50 0.27 0.39 -1 1811
Result 0 2.0 1900 0.47 0.20 0.20 0.19 0.19 0.21 -1 -1 -1 -1 -1
Evo 1.00 0.00 1.00 0.95 1.00 1.00 1.00 0.21 0.00 0.53 0.20 0.39 -1 1811
Result 0 2.0 1900 0.47 0.20 0.21 0.21 0.19 0.19 -1 -1 -1 -1 -1
Evo 1.00 0.00 1.00 0.95 1.00 1.00 1.00 0.21 0.00 0.34 0.21 0.40 -1 1811
Result 0 2.0 1900 0.47 0.20 0.20 0.18 0.21 0.21 -1 -1 -1 -1 -1
Evo 1.00 0.00 1.00 0.95 1.00 1.00 1.00 0.21 0.00 0.19 0.38 0.39 -1 1811
Result 0 4.0 1900 0.45 0.22 0.19 0.20 0.19 0.20 -1 -1 -1 -1 -1
Evo 1.00 0.00 1.00 0.95 1.00 1.00 1.00 0.21 0.00 0.04 0.29 0.39 -1 1811
Result 0 14.0 1900 0.45 0.21 0.19 0.20 0.20 0.21 -1 -1 -1 -1 -1
Evo 1.00 0.00 1.00 0.95 1.00 1.00 1.00 0.21 0.00 0.37 0.38 0.39 -1 1811
Result 0 4.0 1900 0.45 0.21 0.18 0.20 0.21 0.20 -1 -1 -1 -1 -1
Evo 1.00 0.00 1.00 0.95 1.00 1.00 1.00 0.21 0.00 0.02 0.39 0.39 -1 1811
Result 0 4.0 1900 0.46 0.21 0.20 0.20 0.18 0.21 -1 -1 -1 -1 -1
Evo 1.00 0.00 1.00 0.95 1.00 1.00 1.00 0.21 0.00 0.07 0.13 0.23 -1 1811
Result 0 4.0 1900 0.46 0.20 0.20 0.22 0.18 0.20 -1 -1 -1 -1 -1
Evo 1.00 0.00 1.00 0.95 1.00 1.00 1.00 0.21 0.00 0.06 0.20 0.24 -1 1811
Result 0 14.0 1900 0.46 0.20 0.20 0.20 0.19 0.21 -1 -1 -1 -1 -1
Evo 1.00 0.00 1.00 0.95 1.00 1.00 1.00 0.21 0.00 0.01 0.22 0.38 -1 1811
Result 0 4.0 1900 0.45 0.21 0.18 0.20 0.20 0.21 -1 -1 -1 -1 -1
Evo 1.00 0.00 1.00 0.95 1.00 1.00 1.00 0.21 0.00 0.03 0.20 0.31 -1 1811
Result 0 14.0 1900 0.46 0.21 0.19 0.22 0.20 0.18 -1 -1 -1 -1 -1
Evo 1.00 0.00 1.00 0.95 1.00 1.00 1.00 0.21 0.00 0.53 0.23 0.39 -1 1811
Result 0 14.0 1900 0.46 0.19 0.20 0.21 0.20 0.21 -1 -1 -1 -1 -1
Evo 1.00 0.00 1.00 0.95 1.00 1.00 1.00 0.21 0.00 0.01 0.38 0.39 -1 1811
Result 0 4.0 1900 0.46 0.20 0.19 0.20 0.21 0.19 -1 -1 -1 -1 -1
Evo 1.00 0.00 1.00 0.95 1.00 1.00 1.00 0.21 0.00 0.53 0.23 0.39 -1 1811
Result 0 9.0 1900 0.46 0.21 0.20 0.20 0.19 0.20 -1 -1 -1 -1 -1
Evo 1.00 0.00 1.00 0.95 1.00 1.00 1.00 0.21 0.00 0.04 0.20 0.26 -1 1811
Result 0 14.0 1900 0.47 0.19 0.21 0.21 0.20 0.19 -1 -1 -1 -1 -1
Evo 1.00 0.00 1.00 0.95 1.00 1.00 1.00 0.21 0.00 0.01 0.38 0.39 -1 1811
Result 0 4.0 1900 0.47 0.19 0.20 0.19 0.22 0.20 -1 -1 -1 -1 -1
Evo 1.00 0.00 1.00 0.95 1.00 1.00 1.00 0.21 0.00 0.33 0.13 0.24 -1 1811
Result 0 4.0 1900 0.46 0.20 0.20 0.19 0.21 0.19 -1 -1 -1 -1 -1
Evo 1.00 0.00 1.00 0.95 1.00 1.00 1.00 0.21 0.00 0.02 0.20 0.30 -1 1811
Result 0 14.0 1900 0.47 0.19 0.20 0.22 0.20 0.19 -1 -1 -1 -1 -1
Evo 1.00 0.00 1.00 0.95 1.00 1.00 1.00 0.21 0.00 0.01 0.20 0.23 -1 1811
Result 0 4.0 1900 0.46 0.20 0.20 0.21 0.19 0.19 -1 -1 -1 -1 -1
Evo 1.00 0.00 1.00 0.95 1.00 1.00 1.00 0.21 0.00 0.01 0.16 0.24 -1 1811
Result 0 4.0 1900 0.46 0.20 0.19 0.20 0.21 0.21 -1 -1 -1 -1 -1
Evo 1.00 0.00 1.00 0.95 1.00 1.00 1.00 0.21 0.00 0.13 0.18 0.24 -1 1811
Result 0 4.0 1900 0.47 0.19 0.20 0.21 0.19 0.21 -1 -1 -1 -1 -1
Evo 1.00 0.00 1.00 0.95 1.00 1.00 1.00 0.21 0.00 0.03 0.19 0.26 -1 1811
Result 0 14.0 1900 0.45 0.19 0.19 0.21 0.21 0.19 -1 -1 -1 -1 -1
Evo 1.00 0.00 1.00 0.95 1.00 1.00 1.00 0.21 0.00 0.10 0.13 0.20 -1 1811
Result 0 4.0 1900 0.45 0.19 0.18 0.21 0.20 0.21 -1 -1 -1 -1 -1
Evo 1.00 0.00 1.00 0.89 1.00 1.00 1.00 0.22 0.00 0.01 0.38 0.51 1398 1811
Result 1 114.0 1850 0.47 0.19 0.20 0.20 0.21 0.20 -1 -1 -1 -1 -1
Evo 1.00 0.00 0.50 0.48 0.50 0.50 0.50 0.11 0.00 0.03 0.27 0.33 -1 1811
Result 0 4.0 1900 0.45 0.20 0.19 0.21 0.21 0.19 -1 -1 -1 -1 -1
Evo 1.00 0.00 0.50 0.48 0.50 0.50 0.50 0.11 0.00 0.02 0.27 0.37 -1 1811
Result 0 4.0 1900 0.46 0.23 0.20 0.20 0.19 0.19 -1 -1 -1 -1 -1
Evo 1.00 0.00 0.50 0.48 0.50 0.50 0.50 0.11 0.00 0.09 0.25 0.37 -1 1811
Result 0 4.0 1900 0.48 0.19 0.22 0.19 0.19 0.21 -1 -1 -1 -1 -1
Evo 1.00 0.00 0.50 0.48 0.50 0.50 0.50 0.11 0.00 0.03 0.30 0.39 -1 1811
Result 0 4.0 1900 0.46 0.21 0.20 0.20 0.19 0.20 -1 -1 -1 -1 -1
Evo 1.00 0.00 0.50 0.48 0.50 0.50 0.50 0.11 0.00 0.21 0.13 0.32 -1 1811
Result 0 0.0 1900 0.47 0.18 0.21 0.19 0.23 0.19 -1 -1 -1 -1 -1
Evo 1.00 0.00 0.50 0.48 0.50 0.50 0.50 0.11 0.00 0.04 0.26 0.33 -1 1811
Result 0 4.0 1900 0.47 0.19 0.21 0.20 0.20 0.19 -1 -1 -1 -1 -1
Evo 1.00 0.00 0.50 0.48 0.50 0.50 0.50 0.11 0.00 0.21 0.14 0.31 -1 1811
Result 0 0.0 1900 0.46 0.20 0.19 0.21 0.22 0.19 -1 -1 -1 -1 -1
Evo 1.00 0.00 0.50 0.48 0.50 0.50 0.50 0.11 0.00 0.04 0.28 0.32 -1 1811
Result 0 4.0 1900 0.48 0.19 0.21 0.19 0.20 0.19 -1 -1 -1 -1 -1
Evo 1.00 0.00 0.50 0.48 0.50 0.50 0.50 0.11 0.00 0.03 0.30 0.39 -1 1811
Result 0 4.0 1900 0.46 0.21 0.20 0.20 0.21 0.19 -1 -1 -1 -1 -1
Evo 1.00 0.00 0.50 0.48 0.50 0.50 0.50 0.11 0.00 0.03 0.33 0.39 -1 1811
Result 0 4.0 1900 0.46 0.21 0.19 0.20 0.19 0.21 -1 -1 -1 -1 -1
Evo 1.00 0.00 0.50 0.48 0.50 0.50 0.50 0.11 0.00 0.03 0.29 0.32 -1 1811
Result 0 0.0 1900 0.48 0.20 0.22 0.19 0.20 0.20 -1 -1 -1 -1 -1
Evo 1.00 0.00 0.50 0.48 0.50 0.50 0.50 0.11 0.00 0.53 0.22 0.35 -1 1811
Result 0 2.0 1900 0.49 0.18 0.23 0.19 0.20 0.19 -1 -1 -1 -1 -1
Evo 1.00 0.00 0.50 0.48 0.50 0.50 0.50 0.11 0.00 0.05 0.28 0.39 -1 1811
Result 0 4.0 1900 0.46 0.20 0.19 0.20 0.21 0.20 -1 -1 -1 -1 -1
Evo 1.00 0.00 0.50 0.48 0.50 0.50 0.50 0.11 0.00 0.01 0.28 0.39 -1 1811
Result 0 0.0 1900 0.46 0.22 0.20 0.20 0.18 0.19 -1 -1 -1 -1 -1
Evo 1.00 0.00 0.50 0.48 0.50 0.50 0.50 0.11 0.00 0.01 0.27 0.38 -1 1811
Result 0 0.0 1900 0.46 0.19 0.20 0.21 0.20 0.20 -1 -1 -1 -1 -1
Evo 1.00 0.00 0.50 0.48 0.50 0.50 0.50 0.11 0.00 0.05 0.30 0.39 -1 1811
Result 0 4.0 1900 0.46 0.20 0.19 0.20 0.21 0.20 -1 -1 -1 -1 -1
Evo 1.00 0.00 0.50 0.48 0.50 0.50 0.50 0.11 0.00 0.01 0.19 0.38 -1 1811
Result 0 0.0 1900 0.46 0.20 0.20 0.21 0.21 0.19 -1 -1 -1 -1 -1
Evo 1.00 0.00 0.50 0.48 0.50 0.50 0.50 0.11 0.00 0.51 0.24 0.39 -1 1811
Result 0 2.0 1900 0.47 0.20 0.20 0.22 0.19 0.20 -1 -1 -1 -1 -1
Evo 1.00 0.00 0.50 0.48 0.50 0.50 0.50 0.11 0.00 0.11 0.36 0.39 -1 1811
Result 0 4.0 1900 0.46 0.19 0.20 0.21 0.20 0.20 -1 -1 -1 -1 -1
Evo 1.00 0.00 0.50 0.48 0.50 0.50 0.50 0.11 0.00 0.01 0.23 0.33 -1 1811
Result 0 0.0 1900 0.47 0.20 0.20 0.21 0.19 0.20 -1 -1 -1 -1 -1
Evo 1.00 0.00 0.50 0.48 0.50 0.50 0.50 0.11 0.00 0.03 0.20 0.20 -1 1811
Result 0 4.0 1900 0.47 0.21 0.21 0.19 0.20 0.19 -1 -1 -1 -1 -1
Evo 1.00 0.00 0.50 0.48 0.50 0.50 0.50 0.11 0.00 0.12 0.19 0.20 -1 1811
Result 0 0.0 1900 0.45 0.21 0.19 0.21 0.19 0.20 -1 -1 -1 -1 -1
Evo 1.00 0.00 0.50 0.48 0.50 0.50 0.50 0.11 0.00 0.02 0.19 0.32 -1 1811
Result 0 4.0 1900 0.45 0.20 0.19 0.21 0.20 0.20 -1 -1 -1 -1 -1
Evo 1.00 0.00 0.50 0.48 0.50 0.50 0.50 0.11 0.00 0.01 0.19 0.20 -1 1811
Result 0 0.0 1900 0.47 0.19 0.21 0.20 0.20 0.21 -1 -1 -1 -1 -1
Evo 1.00 0.00 0.50 0.48 0.50 0.50 0.50 0.11 0.00 0.04 0.31 0.32 -1 1811
Result 0 4.0 1900 0.46 0.20 0.20 0.20 0.20 0.20 -1 -1 -1 -1 -1
Evo 1.00 0.00 0.50 0.48 0.50 0.50 0.50 0.11 0.00 0.01 0.11 0.20 -1 1811
Result 0 0.0 1900 0.47 0.20 0.20 0.21 0.20 0.19 -1 -1 -1 -1 -1
Evo 1.00 0.00 0.50 0.48 0.50 0.50 0.50 0.11 0.00 0.03 0.20 0.30 -1 1811
Result 0 4.0 1900 0.45 0.20 0.19 0.21 0.20 0.20 -1 -1 -1 -1 -1
Evo 1.00 0.00 0.50 0.48 0.50 0.50 0.50 0.11 0.00 0.49 0.30 0.32 -1 1811
Result 0 2.0 1900 0.47 0.19 0.20 0.19 0.20 0.21 -1 -1 -1 -1 -1
Evo 1.00 0.00 0.50 0.48 0.50 0.50 0.50 0.11 0.00 0.21 0.15 0.32 -1 1811
Result 0 0.0 1900 0.47 0.19 0.20 0.20 0.20 0.21 -1 -1 -1 -1 -1
Evo 1.00 0.00 0.50 0.48 0.50 0.50 0.50 0.11 0.00 0.06 0.20 0.20 -1 1811
Result 0 0.0 1900 0.47 0.20 0.20 0.20 0.20 0.20 -1 -1 -1 -1 -1
Evo 1.00 0.00 0.50 0.48 0.50 0.50 0.50 0.11 0.00 0.21 0.16 0.32 -1 1811
Result 0 0.0 1900 0.47 0.19 0.21 0.20 0.21 0.19 -1 -1 -1 -1 -1
Evo 1.00 0.00 0.50 0.48 0.50 0.50 0.50 0.11 0.00 0.02 0.19 0.32 -1 1811
Result 0 4.0 1900 0.46 0.21 0.19 0.19 0.20 0.21 -1 -1 -1 -1 -1
Evo 1.00 0.00 0.50 0.48 0.50 0.50 0.50 0.11 0.00 0.21 0.12 0.20 -1 1811
Result 0 0.0 1900 0.47 0.21 0.20 0.19 0.20 0.20 -1 -1 -1 -1 -1
Evo 1.00 0.00 0.50 0.48 0.50 0.50 0.50 0.11 0.00 0.06 0.20 0.24 -1 1811
Result 0 4.0 1900 0.48 0.19 0.22 0.20 0.19 0.20 -1 -1 -1 -1 -1
Evo 1.00 0.00 0.50 0.48 0.50 0.50 0.50 0.11 0.00 0.52 0.26 0.32 -1 1811
Result 0 2.0 1900 0.46 0.20 0.19 0.20 0.21 0.20 -1 -1 -1 -1 -1
Evo 1.00 0.00 0.50 0.48 0.50 0.50 0.50 0.11 0.00 0.01 0.20 0.22 -1 1811
Result 0 4.0 1900 0.46 0.21 0.19 0.20 0.20 0.20 -1 -1 -1 -1 -1
Evo 1.00 0.00 0.50 0.48 0.50 0.50 0.50 0.11 0.00 0.02 0.20 0.32 -1 1811
Result 0 4.0 1900 0.46 0.20 0.20 0.22 0.19 0.19 -1 -1 -1 -1 -1
Evo 1.00 0.00 0.50 0.48 0.50 0.50 0.50 0.11 0.00 0.02 0.20 0.20 -1 1811
Result 0 4.0 1900 0.47 0.21 0.21 0.19 0.20 0.19 -1 -1 -1 -1 -1
Evo 1.00 0.00 0.50 0.48 0.50 0.50 0.50 0.11 0.00 0.03 0.20 0.32 -1 1811
Result 0 4.0 1900 0.46 0.20 0.20 0.19 0.22 0.19 -1 -1 -1 -1 -1
Evo 1.00 0.00 0.50 0.48 0.50 0.50 0.50 0.11 0.00 0.01 0.29 0.32 -1 1811
Result 0 4.0 1900 0.48 0.19 0.22 0.21 0.19 0.20 -1 -1 -1 -1 -1
Evo 1.00 0.00 0.50 0.48 0.50 0.50 0.50 0.11 0.00 0.01 0.13 0.38 -1 1811
Result 0 0.0 1900 0.47 0.20 0.21 0.19 0.20 0.20 -1 -1 -1 -1 -1
Evo 1.00 0.00 0.50 0.48 0.50 0.50 0.50 0.11 0.00 0.51 0.25 0.38 -1 1811
Result 0 2.0 1900 0.46 0.21 0.19 0.20 0.20 0.20 -1 -1 -1 -1 -1
Evo 1.00 0.00 0.50 0.48 0.50 0.50 0.50 0.11 0.00 0.39 0.24 0.38 -1 1811
Result 0 2.0 1900 0.45 0.20 0.19 0.21 0.20 0.20 -1 -1 -1 -1 -1
Evo 1.00 0.00 0.50 0.48 0.50 0.50 0.50 0.11 0.00 0.02 0.29 0.38 -1 1811
Result 0 0.0 1900 0.46 0.21 0.19 0.22 0.20 0.19 -1 -1 -1 -1 -1
Evo 1.00 0.00 0.50 0.48 0.50 0.50 0.50 0.11 0.00 0.03 0.33 0.38 -1 1811
Result 0 0.0 1900 0.45 0.20 0.19 0.21 0.21 0.19 -1 -1 -1 -1 -1
Evo 1.00 0.00 0.50 0.48 0.50 0.50 0.50 0.11 0.00 0.01 0.15 0.38 -1 1811
Result 0 0.0 1900 0.46 0.19 0.19 0.20 0.21 0.20 -1 -1 -1 -1 -1
Evo 1.00 0.00 0.50 0.48 0.50 0.50 0.50 0.11 0.00 0.29 0.30 0.38 -1 1811
Result 0 0.0 1900 0.47 0.19 0.21 0.21 0.19 0.20 -1 -1 -1 -1 -1
Evo 1.00 0.00 0.50 0.48 0.50 0.50 0.50 0.11 0.00 0.04 0.39 0.51 -1 1811
Result 0 4.0 1900 0.46 0.20 0.19 0.20 0.21 0.20 -1 -1 -1 -1 -1
Evo 1.00 0.00 0.50 0.48 0.50 0.50 0.50 0.11 0.00 0.42 0.21 0.38 -1 1811
Result 0 2.0 1900 0.46 0.22 0.19 0.19 0.20 0.19 -1 -1 -1 -1 -1
Evo 1.00 0.00 0.50 0.48 0.50 0.50 0.50 0.11 0.00 0.06 0.25 0.38 -1 1811
Result 0 4.0 1900 0.46 0.19 0.20 0.20 0.21 0.21 -1 -1 -1 -1 -1
Evo 1.00 0.00 0.50 0.48 0.50 0.50 0.50 0.11 0.00 0.06 0.23 0.32 -1 1811
Result 0 4.0 1900 0.46 0.22 0.19 0.21 0.19 0.18 -1 -1 -1 -1 -1
Evo 1.00 0.00 0.50 0.48 0.50 0.50 0.50 0.11 0.00 0.11 0.27 0.38 -1 1811
Result 0 4.0 1900 0.45 0.21 0.18 0.20 0.21 0.20 -1 -1 -1 -1 -1
Evo 1.00 0.00 0.50 0.48 0.50 0.50 0.50 0.11 0.00 0.14 0.25 0.38 -1 1811
Result 0 4.0 1900 0.45 0.20 0.19 0.21 0.19 0.22 -1 -1 -1 -1 -1
Evo 1.00 0.00 0.50 0.48 0.50 0.50 0.50 0.11 0.00 0.21 0.13 0.35 -1 1811
Result 0 0.0 1900 0.47 0.20 0.21 0.20 0.20 0.19 -1 -1 -1 -1 -1
Evo 1.00 0.00 0.50 0.48 0.50 0.50 0.50 0.11 0.00 0.47 0.35 0.38 -1 1811
Result 0 2.0 1900 0.45 0.20 0.19 0.21 0.20 0.20 -1 -1 -1 -1 -1
Evo 1.00 0.00 0.50 0.48 0.50 0.50 0.50 0.11 0.00 0.51 0.18 0.38 -1 1811
Result 0 2.0 1900 0.46 0.20 0.20 0.19 0.22 0.19 -1 -1 -1 -1 -1
Evo 1.00 0.00 0.50 0.48 0.50 0.50 0.50 0.11 0.00 0.28 0.27 0.38 -1 1811
Result 0 2.0 1900 0.46 0.23 0.20 0.18 0.19 0.20 -1 -1 -1 -1 -1
Evo 1.00 0.00 0.50 0.48 0.50 0.50 0.50 0.11 0.00 0.50 0.25 0.40 -1 1811
Result 0 4.0 1900 0.47 0.20 0.20 0.21 0.20 0.19 -1 -1 -1 -1 -1
Evo 1.00 0.00 0.50 0.48 0.50 0.50 0.50 0.11 0.00 0.26 0.38 0.38 -1 1811
Result 0 2.0 1900 0.46 0.21 0.20 0.20 0.19 0.20 -1 -1 -1 -1 -1
Evo 1.00 0.00 0.50 0.48 0.50 0.50 0.50 0.11 0.00 0.08 0.25 0.38 -1 1811
Result 0 4.0 1900 0.46 0.19 0.19 0.20 0.22 0.19 -1 -1 -1 -1 -1
