Evo 1.00 0.50 1.00 1.00 1.00 1.00 1.00 0.03 0.00 0.02 0.47 0.57 911 13
Result 1 8.0 1000 0.47 0.20 0.20 0.20 0.19 0.21 -1 -1 -1 -1 -1
Evo 1.00 0.50 1.00 0.54 0.50 0.50 0.50 0.14 0.00 0.04 0.46 0.57 911 15
Result 1 4.0 1000 0.47 0.19 0.19 0.21 0.20 0.22 -1 -1 -1 -1 -1
Evo 1.00 0.50 1.00 0.54 0.50 0.50 0.50 0.14 0.00 0.04 0.34 0.57 911 0
Result 1 8.0 1000 0.48 0.18 0.21 0.21 0.19 0.21 -1 -1 -1 -1 -1
Evo 1.00 0.00 1.00 0.54 0.50 0.50 0.50 0.15 0.00 0.01 0.48 0.57 911 9
Result 1 8.0 1000 0.48 0.20 0.18 0.21 0.19 0.22 -1 -1 -1 -1 -1
Evo 1.00 0.50 1.00 0.54 0.50 0.50 0.50 0.14 0.00 0.09 0.27 0.57 911 6
Result 1 8.0 1000 0.47 0.20 0.21 0.21 0.18 0.20 -1 -1 -1 -1 -1
Evo 1.00 0.50 1.00 0.54 0.50 0.50 0.50 0.14 0.00 0.03 0.48 0.57 911 13
Result 1 3.0 1000 0.47 0.18 0.20 0.21 0.20 0.21 -1 -1 -1 -1 -1
Evo 1.00 0.50 1.00 0.54 0.50 0.50 0.50 0.14 0.00 0.01 0.41 0.57 911 13
Result 1 8.0 1000 0.46 0.21 0.18 0.20 0.20 0.21 -1 -1 -1 -1 -1
Evo 1.00 0.50 1.00 0.54 0.50 0.50 0.50 0.14 0.00 0.04 0.50 0.57 911 0
Result 1 8.0 1000 0.47 0.20 0.18 0.20 0.22 0.19 -1 -1 -1 -1 -1
Evo 1.00 0.50 1.00 0.54 0.50 0.50 0.50 0.14 0.00 0.03 0.25 0.57 911 16
Result 1 8.0 1000 0.46 0.21 0.21 0.20 0.20 0.18 -1 -1 -1 -1 -1
Evo 1.00 0.50 1.00 0.54 0.50 0.50 0.50 0.14 0.00 0.02 0.46 0.57 911 9
Result 1 4.0 1000 0.47 0.20 0.18 0.20 0.20 0.22 -1 -1 -1 -1 -1
Evo 1.00 0.50 1.00 0.54 0.50 0.50 0.50 0.14 0.00 0.01 0.51 0.57 911 8
Result 1 8.0 1000 0.47 0.23 0.17 0.20 0.21 0.19 -1 -1 -1 -1 -1
Evo 1.00 0.50 1.00 0.54 0.50 0.50 0.50 0.14 0.00 0.03 0.47 0.57 911 4
Result 1 8.0 1000 0.46 0.21 0.19 0.19 0.22 0.19 -1 -1 -1 -1 -1
Evo 1.00 0.00 1.00 0.54 0.50 0.50 0.50 0.14 0.00 0.03 0.53 0.57 911 23
Result 1 8.0 1000 0.46 0.22 0.21 0.19 0.20 0.18 -1 -1 -1 -1 -1
Evo 1.00 0.00 1.00 0.54 0.50 0.50 0.50 0.15 0.00 0.17 0.45 0.57 911 5
Result 1 7.0 1000 0.48 0.19 0.19 0.22 0.18 0.22 -1 -1 -1 -1 -1
Evo 1.00 0.50 1.00 0.54 0.50 0.50 0.50 0.14 0.00 0.01 0.45 0.57 911 23
Result 1 8.0 1000 0.49 0.20 0.19 0.23 0.19 0.19 -1 -1 -1 -1 -1
Evo 1.00 0.50 1.00 0.54 0.50 0.50 0.50 0.14 0.00 0.16 0.51 0.57 911 5
Result 1 8.0 1000 0.47 0.21 0.20 0.20 0.19 0.19 -1 -1 -1 -1 -1
Evo 1.00 0.50 1.00 0.54 0.50 0.50 0.50 0.14 0.00 0.03 0.29 0.57 911 7
Result 1 8.0 1000 0.47 0.21 0.20 0.21 0.20 0.18 -1 -1 -1 -1 -1
Evo 1.00 0.50 1.00 0.54 0.50 0.50 0.50 0.14 0.00 0.17 0.32 0.57 911 7
Result 1 8.0 1000 0.48 0.21 0.19 0.22 0.20 0.18 -1 -1 -1 -1 -1
Evo 1.00 0.00 1.00 0.54 0.50 0.50 0.50 0.14 0.00 0.03 0.49 0.57 911 1
Result 1 8.0 1000 0.47 0.18 0.21 0.21 0.18 0.22 -1 -1 -1 -1 -1
Evo 1.00 0.50 1.00 0.54 0.50 0.50 0.50 0.14 0.00 0.03 0.31 0.57 911 2
Result 1 8.0 1000 0.48 0.18 0.20 0.21 0.20 0.20 -1 -1 -1 -1 -1
Evo 1.00 0.50 1.00 0.54 0.50 0.50 0.50 0.14 0.00 0.03 0.22 0.58 911 1
Result 1 4.0 1000 0.47 0.19 0.22 0.21 0.17 0.21 -1 -1 -1 -1 -1
Evo 1.00 0.00 0.50 0.49 0.50 0.50 0.50 0.06 0.00 0.12 0.42 0.58 -1 4
Result 0 0.0 843 0.46 0.18 0.20 0.19 0.20 0.22 -1 -1 -1 -1 -1
Evo 1.00 0.00 1.00 0.54 0.50 0.50 0.50 0.15 0.00 0.27 0.28 0.58 911 0
Result 1 5.0 1000 0.46 0.20 0.21 0.20 0.20 0.19 -1 -1 -1 -1 -1
Evo 1.00 0.50 1.00 0.54 0.50 0.50 0.50 0.14 0.00 0.11 0.26 0.58 911 2
Result 1 6.0 1000 0.45 0.19 0.21 0.18 0.19 0.22 -1 -1 -1 -1 -1
Evo 1.00 0.00 1.00 0.54 0.50 0.50 0.50 0.14 0.00 0.03 0.26 0.58 911 2
Result 1 4.0 1000 0.48 0.19 0.22 0.22 0.16 0.21 -1 -1 -1 -1 -1
Evo 1.00 0.00 0.50 0.49 0.50 0.50 0.50 0.05 0.00 0.03 0.29 0.58 -1 2
Result 0 0.0 740 0.46 0.23 0.21 0.20 0.18 0.18 -1 -1 -1 -1 -1
Evo 1.00 0.00 0.50 0.49 0.50 0.50 0.50 0.06 0.00 0.40 0.33 0.58 -1 1
Result 0 3.0 683 0.47 0.19 0.17 0.21 0.23 0.20 -1 -1 -1 -1 -1
Evo 1.00 0.00 1.00 0.54 0.50 0.50 0.50 0.16 0.00 0.30 0.28 0.58 911 0
Result 1 3.0 1000 0.46 0.18 0.22 0.19 0.20 0.21 -1 -1 -1 -1 -1
Evo 1.00 0.00 0.50 0.50 0.50 0.50 0.50 0.04 0.00 0.32 0.27 0.58 -1 10
Result 0 0.0 505 0.46 0.21 0.20 0.19 0.21 0.19 -1 -1 -1 -1 -1
Evo 1.00 0.00 0.50 0.50 0.50 0.50 0.50 0.04 0.00 0.46 0.17 0.58 -1 4
Result 0 0.0 283 0.45 0.21 0.19 0.19 0.21 0.20 -1 -1 -1 -1 -1
Evo 1.01 0.00 0.50 0.50 0.50 0.50 0.50 0.04 0.00 0.16 0.17 0.58 -1 1
Result 0 5.0 123 0.47 0.21 0.18 0.20 0.20 0.21 -1 -1 -1 -1 -1
Evo 1.00 0.00 1.00 0.54 0.50 0.50 0.50 0.15 0.00 0.08 0.47 0.58 911 0
Result 1 7.0 1000 0.48 0.20 0.19 0.22 0.19 0.19 -1 -1 -1 -1 -1
Evo 1.00 0.00 1.00 0.54 0.50 0.50 0.50 0.14 0.00 0.21 0.37 0.58 911 0
Result 1 5.0 1000 0.48 0.17 0.21 0.21 0.20 0.21 -1 -1 -1 -1 -1
Evo 1.00 0.00 0.50 0.40 0.50 0.50 0.50 0.20 0.01 0.38 0.16 0.58 -1 1
Result 0 0.0 316 0.47 0.23 0.21 0.21 0.20 0.16 -1 -1 -1 -1 -1
Evo 1.00 0.00 1.00 0.54 0.50 0.50 0.50 0.14 0.00 0.03 0.29 0.58 911 0
Result 1 1.0 1000 0.47 0.22 0.18 0.20 0.19 0.20 -1 -1 -1 -1 -1
Evo 1.00 0.00 1.00 0.54 0.50 0.50 0.50 0.15 0.00 0.23 0.38 0.58 911 3
Result 1 4.0 1000 0.48 0.21 0.19 0.22 0.20 0.18 -1 -1 -1 -1 -1
Evo 1.00 0.00 0.50 0.48 0.50 0.50 0.50 0.09 0.00 0.41 0.20 0.58 -1 6
Result 0 0.0 478 0.49 0.18 0.21 0.23 0.18 0.19 -1 -1 -1 -1 -1
Evo 1.00 0.00 1.00 0.54 0.50 0.50 0.50 0.15 0.00 0.09 0.40 0.58 911 0
Result 1 7.0 1000 0.45 0.21 0.21 0.19 0.19 0.21 -1 -1 -1 -1 -1
Evo 1.00 0.00 1.00 0.51 0.50 0.50 0.50 0.11 0.00 0.28 0.28 0.58 911 1
Result 0 0.0 952 0.46 0.19 0.24 0.20 0.20 0.18 -1 -1 -1 -1 -1
Evo 1.00 0.00 1.00 0.54 0.50 0.50 0.50 0.15 0.00 0.08 0.37 0.58 911 1
Result 1 2.0 1000 0.46 0.20 0.20 0.19 0.22 0.20 -1 -1 -1 -1 -1
Evo 1.00 0.00 1.00 0.54 0.50 0.50 0.50 0.15 0.00 0.06 0.27 0.59 911 18
Result 1 1.0 1000 0.47 0.19 0.20 0.21 0.21 0.20 -1 -1 -1 -1 -1
Evo 1.00 0.50 1.00 0.54 0.50 0.50 0.50 0.14 0.00 0.26 0.17 0.59 911 31
Result 1 1.0 1000 0.47 0.19 0.21 0.21 0.20 0.19 -1 -1 -1 -1 -1
Evo 1.00 0.00 1.00 0.54 0.50 0.50 0.50 0.15 0.00 0.10 0.25 0.59 911 16
Result 1 8.0 1000 0.44 0.20 0.20 0.18 0.20 0.21 -1 -1 -1 -1 -1
Evo 1.00 0.00 0.50 0.46 0.50 0.50 0.50 0.14 0.01 0.11 0.33 0.59 -1 20
Result 0 7.0 593 0.42 0.23 0.20 0.16 0.20 0.22 -1 -1 -1 -1 -1
Evo 1.00 0.00 0.50 0.44 0.50 0.50 0.50 0.17 0.01 0.21 0.32 0.58 -1 15
Result 0 0.0 609 0.46 0.17 0.22 0.19 0.21 0.21 -1 -1 -1 -1 -1
Evo 1.00 0.50 1.00 0.54 0.50 0.50 0.50 0.14 0.00 0.07 0.14 0.59 911 17
Result 1 6.0 1000 0.49 0.19 0.22 0.23 0.17 0.19 -1 -1 -1 -1 -1
Evo 1.00 0.00 1.00 0.52 0.50 0.50 0.50 0.10 0.00 0.07 0.14 0.59 911 6
Result 0 0.0 948 0.47 0.19 0.23 0.21 0.18 0.19 -1 -1 -1 -1 -1
Evo 1.00 0.00 1.00 0.54 0.50 0.50 0.50 0.15 0.00 0.08 0.27 0.59 911 45
Result 1 4.0 1000 0.49 0.17 0.21 0.24 0.19 0.20 -1 -1 -1 -1 -1
Evo 1.00 0.00 0.50 0.50 0.50 0.50 0.50 0.05 0.00 0.07 0.29 0.59 -1 6
Result 0 6.0 570 0.43 0.20 0.21 0.17 0.22 0.20 -1 -1 -1 -1 -1
Evo 1.00 0.00 0.50 0.46 0.50 0.50 0.50 0.14 0.01 0.13 0.22 0.59 -1 26
Result 0 -1.0 289 0.47 0.19 0.19 0.21 0.20 0.21 -1 -1 -1 -1 -1
Evo 1.00 0.00 1.00 0.47 0.50 0.50 0.50 0.12 0.00 0.14 0.39 0.59 911 24
Result 0 0.0 927 0.46 0.21 0.20 0.20 0.19 0.20 -1 -1 -1 -1 -1
Evo 1.00 0.00 0.50 0.49 0.50 0.50 0.50 0.06 0.00 0.07 0.27 0.59 -1 12
Result 0 7.0 511 0.45 0.23 0.18 0.19 0.17 0.23 -1 -1 -1 -1 -1
Evo 1.00 0.00 1.00 0.54 0.50 0.50 0.50 0.14 0.00 0.43 0.10 0.57 911 24
Result 1 6.0 1000 0.48 0.20 0.21 0.21 0.19 0.18 -1 -1 -1 -1 -1
Evo 1.00 0.00 0.50 0.45 0.50 0.50 0.50 0.15 0.01 0.12 0.28 0.59 -1 8
Result 0 0.0 333 0.43 0.22 0.22 0.16 0.20 0.19 -1 -1 -1 -1 -1
Evo 1.00 0.00 1.00 0.54 0.50 0.50 0.50 0.14 0.00 0.49 0.19 0.59 911 29
Result 1 1.0 1000 0.47 0.20 0.22 0.21 0.17 0.21 -1 -1 -1 -1 -1
Evo 1.00 0.00 0.50 0.48 0.50 0.50 0.50 0.11 0.00 0.50 0.28 0.59 -1 13
Result 0 0.0 642 0.45 0.20 0.19 0.19 0.21 0.21 -1 -1 -1 -1 -1
Evo 1.00 0.50 1.00 0.54 0.50 0.50 0.50 0.14 0.00 0.14 0.20 0.58 911 8
Result 1 3.0 1000 0.47 0.20 0.20 0.21 0.18 0.20 -1 -1 -1 -1 -1
Evo 1.00 0.00 0.50 0.49 0.50 0.50 0.50 0.08 0.00 0.09 0.19 0.59 -1 12
Result 0 0.0 673 0.47 0.20 0.21 0.20 0.19 0.19 -1 -1 -1 -1 -1
Evo 1.00 0.00 1.00 0.54 0.50 0.50 0.50 0.14 0.00 0.03 0.18 0.59 911 34
Result 1 6.0 1000 0.48 0.18 0.22 0.22 0.20 0.18 -1 -1 -1 -1 -1
Evo 1.00 0.50 1.00 0.54 0.50 0.50 0.50 0.14 0.00 0.06 0.17 0.59 911 10
Result 1 4.0 1000 0.47 0.21 0.19 0.20 0.19 0.21 -1 -1 -1 -1 -1
Evo 1.02 0.00 0.50 0.05 0.00 0.00 0.00 0.15 0.02 0.13 0.07 0.34 -1 0
Result 0 -1.0 42 0.47 0.16 0.21 0.21 0.26 0.16 -1 -1 -1 -1 -1
Evo 1.06 0.00 0.50 0.11 0.00 0.00 0.00 0.21 0.05 0.23 0.05 0.34 -1 0
Result 0 0.0 17 0.53 0.22 0.22 0.33 0.06 0.17 -1 -1 -1 -1 -1
Evo 1.03 0.00 0.50 0.04 0.00 0.00 0.00 0.14 0.02 0.29 0.04 0.34 -1 0
Result 0 -1.0 36 0.48 0.27 0.14 0.22 0.14 0.24 -1 -1 -1 -1 -1
Evo 1.02 0.00 0.50 0.03 0.00 0.00 0.00 0.12 0.02 0.09 0.06 0.31 -1 0
Result 0 0.0 48 0.47 0.24 0.20 0.20 0.12 0.22 -1 -1 -1 -1 -1
Evo 1.02 0.00 0.50 0.07 0.00 0.00 0.00 0.18 0.02 0.11 0.08 0.34 -1 0
Result 0 0.0 49 0.42 0.22 0.26 0.16 0.24 0.12 -1 -1 -1 -1 -1
Evo 1.05 0.00 0.00 0.00 0.00 0.00 0.00 0.00 0.00 0.00 0.05 0.30 -1 0
Result 0 -1.0 21 0.53 0.23 0.23 0.32 0.14 0.09 -1 -1 -1 -1 -1
Evo 1.05 0.00 0.50 0.05 0.00 0.00 0.00 0.15 0.03 0.31 0.05 0.34 -1 0
Result 0 3.0 21 0.51 0.23 0.14 0.27 0.27 0.09 -1 -1 -1 -1 -1
Evo 1.04 0.00 0.50 0.04 0.00 0.00 0.00 0.13 0.02 0.17 0.03 0.33 -1 0
Result 0 1.0 27 0.50 0.21 0.11 0.25 0.29 0.14 -1 -1 -1 -1 -1
Evo 1.03 0.00 0.50 0.05 0.00 0.00 0.00 0.15 0.02 0.22 0.07 0.33 -1 0
Result 0 0.0 38 0.44 0.21 0.26 0.18 0.10 0.26 -1 -1 -1 -1 -1
Evo 1.13 0.00 0.50 0.22 0.00 0.00 0.50 0.26 0.09 0.35 0.02 0.33 -1 0
Result 0 0.0 8 0.52 -1 0.22 0.44 0.33 -1 -1 -1 -1 -1 -1
Evo 1.02 0.00 0.00 0.00 0.00 0.00 0.00 0.00 0.00 0.00 0.07 0.31 -1 0
Result 0 -1.0 44 0.44 0.22 0.20 0.18 0.20 0.20 -1 -1 -1 -1 -1
Evo 1.05 0.00 0.50 0.13 0.00 0.00 0.50 0.22 0.05 0.33 0.05 0.33 -1 0
Result 0 0.0 19 0.46 0.15 0.35 0.20 0.20 0.10 -1 -1 -1 -1 -1
Evo 1.01 0.00 0.50 0.03 0.00 0.00 0.00 0.12 0.01 0.09 0.07 0.33 -1 0
Result 0 0.0 67 0.50 0.26 0.13 0.25 0.09 0.26 -1 -1 -1 -1 -1
Evo 1.02 0.00 0.50 0.04 0.00 0.00 0.00 0.13 0.02 0.13 0.08 0.31 -1 0
Result 0 0.0 41 0.48 0.17 0.24 0.21 0.19 0.19 -1 -1 -1 -1 -1
Evo 1.05 0.00 0.50 0.02 0.00 0.00 0.00 0.11 0.02 0.20 0.03 0.34 -1 0
Result 0 3.0 21 0.51 0.27 0.18 0.27 0.18 0.09 -1 -1 -1 -1 -1
Evo 1.09 0.00 0.50 0.04 0.00 0.00 0.00 0.14 0.04 0.30 0.03 0.25 -1 0
Result 0 0.0 11 0.43 0.25 0.42 0.17 0.17 -1 -1 -1 -1 -1 -1
Evo 1.04 0.00 0.50 0.05 0.00 0.00 0.00 0.15 0.03 0.17 0.04 0.31 -1 0
Result 0 2.0 28 0.51 0.17 0.17 0.28 0.21 0.17 -1 -1 -1 -1 -1
Evo 1.03 0.00 0.50 0.06 0.00 0.00 0.00 0.17 0.03 0.14 0.07 0.35 -1 0
Result 0 0.0 38 0.44 0.13 0.31 0.18 0.15 0.23 -1 -1 -1 -1 -1
Evo 1.01 0.00 0.50 0.03 0.00 0.00 0.00 0.12 0.01 0.14 0.11 0.33 -1 0
Result 0 0.0 71 0.46 0.17 0.24 0.19 0.21 0.19 -1 -1 -1 -1 -1
Evo 1.01 0.00 0.50 0.03 0.00 0.00 0.00 0.12 0.01 0.09 0.08 0.36 -1 0
Result 0 0.0 68 0.49 0.22 0.19 0.23 0.19 0.17 -1 -1 -1 -1 -1
Evo 1.01 0.00 0.50 0.28 0.00 0.50 0.50 0.25 0.02 0.22 0.10 0.41 -1 0
Result 0 0.0 119 0.46 0.18 0.17 0.20 0.22 0.24 -1 -1 -1 -1 -1
Evo 1.01 0.00 0.50 0.29 0.00 0.50 0.50 0.25 0.02 0.21 0.02 0.35 -1 0
Result 0 0.0 102 0.45 0.26 0.23 0.18 0.16 0.17 -1 -1 -1 -1 -1
Evo 1.01 0.00 0.50 0.26 0.00 0.50 0.50 0.25 0.02 0.06 0.06 0.36 -1 0
Result 0 0.0 122 0.47 0.20 0.15 0.20 0.19 0.27 -1 -1 -1 -1 -1
Evo 1.01 0.00 0.50 0.31 0.00 0.50 0.50 0.24 0.02 0.18 0.03 0.38 -1 0
Result 0 0.0 104 0.46 0.19 0.27 0.19 0.16 0.19 -1 -1 -1 -1 -1
Evo 1.01 0.00 0.50 0.29 0.00 0.50 0.50 0.25 0.03 0.23 0.04 0.35 -1 0
Result 0 0.0 91 0.46 0.14 0.18 0.20 0.29 0.18 -1 -1 -1 -1 -1
Evo 1.02 0.00 0.50 0.29 0.00 0.50 0.50 0.25 0.03 0.18 0.06 0.33 -1 0
Result 0 0.0 53 0.18 0.22 0.22 0.04 0.26 0.26 -1 -1 -1 -1 -1
Evo 1.02 0.00 0.50 0.38 0.50 0.50 0.50 0.22 0.03 0.11 0.04 0.36 -1 0
Result 0 0.0 51 0.51 0.15 0.21 0.27 0.15 0.21 -1 -1 -1 -1 -1
Evo 1.01 0.00 0.50 0.27 0.00 0.50 0.50 0.25 0.02 0.13 0.03 0.34 -1 0
Result 0 0.0 118 0.44 0.24 0.18 0.18 0.24 0.18 -1 -1 -1 -1 -1
Evo 1.01 0.00 0.50 0.27 0.00 0.50 0.50 0.25 0.03 0.19 0.04 0.32 -1 0
Result 0 0.0 93 0.48 0.27 0.17 0.21 0.15 0.20 -1 -1 -1 -1 -1
Evo 1.01 0.00 0.50 0.31 0.00 0.50 0.50 0.24 0.02 0.06 0.04 0.38 -1 0
Result 0 0.0 104 0.49 0.21 0.18 0.23 0.15 0.23 -1 -1 -1 -1 -1
Evo 1.03 0.00 0.50 0.24 0.00 0.00 0.50 0.25 0.04 0.30 0.05 0.33 -1 0
Result 0 0.0 34 0.49 0.23 0.31 0.23 0.11 0.11 -1 -1 -1 -1 -1
Evo 1.01 0.00 0.50 0.26 0.00 0.50 0.50 0.25 0.03 0.07 0.08 0.38 -1 0
Result 0 0.0 93 0.43 0.20 0.14 0.17 0.21 0.28 -1 -1 -1 -1 -1
Evo 1.01 0.00 0.50 0.32 0.00 0.50 0.50 0.24 0.02 0.11 0.03 0.37 -1 0
Result 0 0.0 104 0.45 0.13 0.28 0.18 0.23 0.18 -1 -1 -1 -1 -1
Evo 1.01 0.00 0.50 0.17 0.00 0.00 0.50 0.24 0.02 0.05 0.11 0.39 -1 0
Result 0 0.0 161 0.43 0.22 0.19 0.17 0.23 0.20 -1 -1 -1 -1 -1
Evo 1.05 0.00 0.50 0.43 0.50 0.50 0.50 0.18 0.04 0.20 0.04 0.30 -1 0
Result 0 0.0 21 0.31 0.09 0.18 0.09 0.32 0.32 -1 -1 -1 -1 -1
Evo 1.01 0.00 0.50 0.39 0.50 0.50 0.50 0.21 0.02 0.14 0.04 0.38 -1 0
Result 0 0.0 75 0.45 0.21 0.26 0.18 0.18 0.16 -1 -1 -1 -1 -1
Evo 1.02 0.00 0.50 0.32 0.00 0.50 0.50 0.24 0.03 0.23 0.03 0.35 -1 0
Result 0 0.0 53 0.47 0.15 0.13 0.20 0.39 0.13 -1 -1 -1 -1 -1
Evo 1.01 0.00 0.50 0.32 0.00 0.50 0.50 0.24 0.03 0.15 0.06 0.33 -1 0
Result 0 0.0 70 0.42 0.17 0.28 0.15 0.15 0.24 -1 -1 -1 -1 -1
Evo 1.01 0.00 0.50 0.21 0.00 0.00 0.50 0.25 0.03 0.17 0.08 0.36 -1 0
Result 0 0.0 81 0.44 0.20 0.18 0.17 0.18 0.27 -1 -1 -1 -1 -1
Evo 1.02 0.00 0.50 0.33 0.00 0.50 0.50 0.24 0.03 0.18 0.07 0.34 -1 0
Result 0 0.0 53 0.32 0.28 0.17 0.09 0.19 0.28 -1 -1 -1 -1 -1
