Evo 1.01 0.00 1.00 0.55 0.00 1.00 1.00 0.50 0.05 0.52 0.04 0.26 -1 0
Result 0 0.0 102 0.48 0.22 0.22 0.17 0.17 0.21 -1 -1 -1 -1 -1
Evo 1.01 0.00 1.00 0.58 0.00 1.00 1.00 0.50 0.05 0.53 0.05 0.25 -1 0
Result 0 0.0 105 0.41 0.15 0.24 0.20 0.18 0.24 -1 -1 -1 -1 -1
Evo 1.00 0.00 1.00 0.92 1.00 1.00 1.00 0.19 0.01 0.41 0.34 0.54 910 0
Result 1 1.0 1157 0.46 0.19 0.20 0.21 0.20 0.19 -1 -1 -1 -1 -1
Evo 1.01 0.00 0.50 0.26 0.00 0.50 0.50 0.25 0.03 0.51 0.06 0.23 -1 0
Result 0 0.0 81 0.28 0.07 0.24 0.21 0.30 0.17 -1 -1 -1 -1 -1
Evo 1.01 0.00 0.50 0.42 0.50 0.50 0.50 0.19 0.01 0.43 0.15 0.41 -1 0
Result 0 0.0 193 0.47 0.20 0.19 0.24 0.14 0.23 -1 -1 -1 -1 -1
Evo 1.01 0.00 0.50 0.18 0.00 0.00 0.50 0.24 0.03 0.41 0.04 0.25 -1 0
Result 0 0.0 86 0.48 0.22 0.18 0.18 0.24 0.17 -1 -1 -1 -1 -1
Evo 1.01 0.00 0.50 0.27 0.00 0.50 0.50 0.25 0.02 0.52 0.15 0.36 -1 0
Result 0 0.0 198 0.47 0.21 0.18 0.20 0.22 0.20 -1 -1 -1 -1 -1
Evo 1.01 0.00 0.50 0.32 0.00 0.50 0.50 0.24 0.02 0.53 0.07 0.26 -1 0
Result 0 0.0 98 0.38 0.13 0.21 0.16 0.25 0.24 -1 -1 -1 -1 -1
Evo 1.01 0.00 0.50 0.21 0.00 0.00 0.50 0.25 0.02 0.45 0.07 0.26 -1 0
Result 0 0.0 115 0.43 0.16 0.21 0.22 0.16 0.26 -1 -1 -1 -1 -1
Evo 1.01 0.00 0.50 0.33 0.00 0.50 0.50 0.24 0.02 0.53 0.05 0.29 -1 0
Result 0 0.0 91 0.40 0.14 0.23 0.23 0.15 0.25 -1 -1 -1 -1 -1
Evo 1.01 0.00 0.50 0.26 0.00 0.50 0.50 0.25 0.03 0.50 0.04 0.24 -1 0
Result 0 0.0 95 0.49 0.23 0.21 0.20 0.17 0.20 -1 -1 -1 -1 -1
Evo 1.01 0.00 0.50 0.24 0.00 0.00 0.50 0.25 0.02 0.49 0.07 0.26 -1 0
Result 0 0.0 117 0.50 0.25 0.14 0.14 0.19 0.27 -1 -1 -1 -1 -1
Evo 1.00 0.00 1.00 0.51 0.50 0.50 0.50 0.13 0.00 0.21 0.32 0.51 393 0
Result 1 1.0 1396 0.48 0.21 0.20 0.20 0.20 0.18 -1 -1 -1 -1 -1
Evo 1.01 0.00 0.50 0.31 0.00 0.50 0.50 0.24 0.02 0.53 0.14 0.35 -1 0
Result 0 0.0 177 0.45 0.18 0.19 0.22 0.22 0.19 -1 -1 -1 -1 -1
Evo 1.00 0.00 1.00 0.52 0.50 0.50 0.50 0.16 0.00 0.28 0.37 0.51 1324 0
Result 1 1.0 1823 0.47 0.20 0.20 0.21 0.20 0.19 -1 -1 -1 -1 -1
Evo 1.01 0.00 0.50 0.23 0.00 0.00 0.50 0.25 0.02 0.48 0.09 0.28 -1 0
Result 0 0.0 131 0.44 0.17 0.19 0.16 0.23 0.25 -1 -1 -1 -1 -1
Evo 1.01 0.00 0.50 0.24 0.00 0.00 0.50 0.25 0.02 0.49 0.13 0.37 -1 0
Result 0 0.0 171 0.45 0.19 0.17 0.21 0.19 0.24 -1 -1 -1 -1 -1
Evo 1.01 0.00 0.50 0.23 0.00 0.00 0.50 0.25 0.03 0.48 0.04 0.24 -1 0
Result 0 0.0 79 0.41 0.15 0.18 0.23 0.25 0.20 -1 -1 -1 -1 -1
Evo 1.01 0.00 0.50 0.22 0.00 0.00 0.50 0.25 0.02 0.47 0.11 0.30 -1 0
Result 0 0.0 155 0.46 0.19 0.18 0.19 0.22 0.22 -1 -1 -1 -1 -1
Evo 1.01 0.00 0.50 0.33 0.00 0.50 0.50 0.24 0.02 0.53 0.14 0.36 -1 0
Result 0 0.0 160 0.43 0.17 0.19 0.24 0.16 0.24 -1 -1 -1 -1 -1
Evo 1.01 0.00 0.50 0.24 0.00 0.00 0.50 0.25 0.03 0.49 0.06 0.26 -1 0
Result 0 0.0 81 0.46 0.20 0.11 0.27 0.22 0.21 -1 -1 -1 -1 -1
Evo 1.03 0.00 0.50 0.06 0.00 0.00 0.00 0.17 0.03 0.17 0.05 0.22 -1 0
Result 0 0.0 38 0.44 0.18 0.23 0.13 0.21 0.26 -1 -1 -1 -1 -1
Evo 1.01 0.00 0.50 0.15 0.00 0.00 0.50 0.23 0.02 0.36 0.08 0.25 -1 0
Result 0 0.0 92 0.47 0.20 0.16 0.29 0.13 0.22 -1 -1 -1 -1 -1
Evo 1.01 0.00 0.50 0.15 0.00 0.00 0.50 0.23 0.02 0.36 0.07 0.26 -1 0
Result 0 0.0 87 0.45 0.18 0.26 0.20 0.20 0.15 -1 -1 -1 -1 -1
Evo 1.02 0.00 0.50 0.11 0.00 0.00 0.00 0.21 0.03 0.49 0.03 0.23 -1 0
Result 0 0.0 47 0.52 0.29 0.21 0.13 0.21 0.17 -1 -1 -1 -1 -1
Evo 1.03 0.00 0.50 0.05 0.00 0.00 0.00 0.15 0.02 0.14 0.03 0.18 -1 0
Result 0 0.0 38 0.47 0.21 0.21 0.13 0.21 0.26 -1 -1 -1 -1 -1
Evo 1.01 0.00 0.50 0.17 0.00 0.00 0.50 0.24 0.02 0.39 0.08 0.27 -1 0
Result 0 0.0 108 0.50 0.26 0.19 0.27 0.15 0.14 -1 -1 -1 -1 -1
Evo 1.02 0.00 0.50 0.25 0.00 0.00 0.50 0.25 0.03 0.50 0.06 0.25 -1 0
Result 0 0.0 63 0.42 0.16 0.16 0.27 0.19 0.23 -1 -1 -1 -1 -1
Evo 1.02 0.00 0.50 0.09 0.00 0.00 0.00 0.19 0.03 0.23 0.04 0.25 -1 0
Result 0 0.0 56 0.47 0.21 0.19 0.21 0.19 0.19 -1 -1 -1 -1 -1
Evo 1.01 0.00 0.50 0.25 0.00 0.00 0.50 0.25 0.02 0.50 0.09 0.27 -1 0
Result 0 0.0 103 0.42 0.15 0.15 0.32 0.22 0.15 -1 -1 -1 -1 -1
Evo 1.01 0.00 0.50 0.17 0.00 0.00 0.50 0.24 0.03 0.39 0.06 0.25 -1 0
Result 0 0.0 85 0.38 0.13 0.17 0.27 0.22 0.21 -1 -1 -1 -1 -1
Evo 1.01 0.00 0.50 0.11 0.00 0.00 0.00 0.21 0.03 0.48 0.05 0.23 -1 0
Result 0 0.0 67 0.46 0.19 0.32 0.15 0.22 0.12 -1 -1 -1 -1 -1
Evo 1.01 0.00 0.50 0.19 0.00 0.00 0.50 0.24 0.02 0.42 0.08 0.26 -1 0
Result 0 0.0 100 0.45 0.19 0.22 0.27 0.18 0.15 -1 -1 -1 -1 -1
Evo 1.02 0.00 0.50 0.15 0.00 0.00 0.50 0.23 0.03 0.36 0.03 0.22 -1 0
Result 0 0.0 43 0.49 0.23 0.14 0.14 0.27 0.23 -1 -1 -1 -1 -1
Evo 1.03 0.00 0.50 0.19 0.00 0.00 0.50 0.25 0.04 0.43 0.04 0.24 -1 0
Result 0 0.0 36 0.48 0.22 0.24 0.16 0.08 0.30 -1 -1 -1 -1 -1
Evo 1.02 0.00 0.50 0.16 0.00 0.00 0.50 0.23 0.03 0.37 0.04 0.22 -1 0
Result 0 0.0 44 0.52 0.29 0.24 0.13 0.13 0.20 -1 -1 -1 -1 -1
Evo 1.02 0.00 0.50 0.19 0.00 0.00 0.50 0.24 0.03 0.42 0.05 0.25 -1 0
Result 0 0.0 61 0.50 0.24 0.18 0.23 0.15 0.21 -1 -1 -1 -1 -1
Evo 1.01 0.00 0.50 0.10 0.00 0.00 0.00 0.20 0.02 0.27 0.07 0.25 -1 0
Result 0 0.0 81 0.45 0.18 0.26 0.22 0.18 0.16 -1 -1 -1 -1 -1
Evo 1.01 0.00 0.50 0.08 0.00 0.00 0.00 0.19 0.02 0.21 0.09 0.26 -1 0
Result 0 0.0 104 0.43 0.16 0.25 0.22 0.25 0.12 -1 -1 -1 -1 -1
Evo 1.01 0.00 0.50 0.27 0.00 0.50 0.50 0.25 0.03 0.51 0.07 0.26 -1 0
Result 0 0.0 82 0.48 0.22 0.19 0.25 0.16 0.18 -1 -1 -1 -1 -1
Evo 1.01 0.00 0.50 0.06 0.00 0.00 0.00 0.16 0.02 0.16 0.07 0.20 -1 0
Result 0 0.0 75 0.50 0.25 0.18 0.18 0.21 0.17 -1 -1 -1 -1 -1
Evo 1.01 0.00 0.50 0.10 0.00 0.00 0.00 0.20 0.02 0.47 0.12 0.22 -1 0
Result 0 0.0 129 0.41 0.15 0.16 0.25 0.26 0.18 -1 -1 -1 -1 -1
Evo 1.01 0.00 0.50 0.14 0.00 0.00 0.50 0.23 0.03 0.34 0.06 0.22 -1 0
Result 0 0.0 75 0.45 0.18 0.24 0.24 0.12 0.22 -1 -1 -1 -1 -1
Evo 1.02 0.00 0.50 0.20 0.00 0.00 0.50 0.25 0.03 0.44 0.05 0.20 -1 0
Result 0 0.0 65 0.45 0.18 0.24 0.23 0.12 0.23 -1 -1 -1 -1 -1
Evo 1.03 0.00 0.50 0.14 0.00 0.00 0.00 0.23 0.04 0.33 0.04 0.21 -1 0
Result 0 0.0 32 0.47 0.21 0.24 0.06 0.24 0.24 -1 -1 -1 -1 -1
Evo 1.03 0.00 0.50 0.11 0.00 0.00 0.00 0.21 0.04 0.27 0.04 0.20 -1 0
Result 0 0.0 32 0.50 0.24 0.24 0.06 0.21 0.24 -1 -1 -1 -1 -1
Evo 1.01 0.00 0.50 0.09 0.00 0.00 0.00 0.20 0.02 0.45 0.09 0.20 -1 0
Result 0 0.0 94 0.36 0.12 0.23 0.29 0.19 0.17 -1 -1 -1 -1 -1
Evo 1.02 0.00 0.50 0.11 0.00 0.00 0.00 0.21 0.03 0.48 0.04 0.21 -1 0
Result 0 0.0 55 0.44 0.18 0.20 0.18 0.23 0.21 -1 -1 -1 -1 -1
Evo 1.04 0.00 0.50 0.12 0.00 0.00 0.00 0.22 0.04 0.30 0.03 0.22 -1 0
Result 0 0.0 24 0.42 0.16 0.08 0.12 0.24 0.40 -1 -1 -1 -1 -1
Evo 1.01 0.00 0.50 0.13 0.00 0.00 0.50 0.22 0.02 0.33 0.07 0.22 -1 0
Result 0 0.0 96 0.45 0.19 0.22 0.21 0.25 0.14 -1 -1 -1 -1 -1
Evo 1.02 0.00 0.50 0.12 0.00 0.00 0.00 0.21 0.03 0.30 0.05 0.22 -1 0
Result 0 0.0 62 0.38 0.13 0.19 0.21 0.25 0.22 -1 -1 -1 -1 -1
Evo 1.02 0.00 0.50 0.14 0.00 0.00 0.50 0.23 0.03 0.51 0.04 0.22 -1 0
Result 0 0.0 49 0.48 0.22 0.22 0.16 0.18 0.22 -1 -1 -1 -1 -1
Evo 1.01 0.00 0.50 0.10 0.00 0.00 0.00 0.20 0.02 0.26 0.06 0.21 -1 0
Result 0 0.0 84 0.46 0.20 0.21 0.22 0.18 0.19 -1 -1 -1 -1 -1
Evo 1.01 0.00 0.50 0.17 0.00 0.00 0.50 0.24 0.03 0.40 0.05 0.21 -1 0
Result 0 0.0 75 0.47 0.21 0.18 0.24 0.16 0.21 -1 -1 -1 -1 -1
Evo 1.01 0.00 0.50 0.21 0.00 0.00 0.50 0.25 0.03 0.45 0.05 0.22 -1 0
Result 0 0.0 67 0.48 0.22 0.15 0.19 0.25 0.19 -1 -1 -1 -1 -1
Evo 1.01 0.00 0.50 0.15 0.00 0.00 0.50 0.23 0.02 0.37 0.09 0.22 -1 0
Result 0 0.0 97 0.46 0.19 0.18 0.28 0.17 0.17 -1 -1 -1 -1 -1
Evo 1.01 0.00 0.50 0.26 0.00 0.50 0.50 0.25 0.03 0.51 0.09 0.20 -1 0
Result 0 0.0 73 0.45 0.19 0.22 0.22 0.19 0.19 -1 -1 -1 -1 -1
Evo 1.03 0.00 0.50 0.14 0.00 0.00 0.50 0.23 0.04 0.34 0.05 0.22 -1 0
Result 0 0.0 39 0.51 0.28 0.23 0.10 0.18 0.23 -1 -1 -1 -1 -1
Evo 1.04 0.00 0.50 0.16 0.00 0.00 0.50 0.24 0.05 0.38 0.04 0.21 -1 0
Result 0 0.0 24 0.53 0.32 0.12 0.08 0.08 0.40 -1 -1 -1 -1 -1
Evo 1.01 0.00 0.50 0.13 0.00 0.00 0.50 0.22 0.02 0.33 0.08 0.23 -1 0
Result 0 0.0 89 0.47 0.21 0.23 0.22 0.17 0.17 -1 -1 -1 -1 -1
Evo 1.01 0.00 0.50 0.10 0.00 0.00 0.00 0.20 0.02 0.26 0.05 0.34 -1 0
Result 0 0.0 89 0.51 0.28 0.18 0.18 0.19 0.18 -1 -1 -1 -1 -1
Evo 1.01 0.00 0.50 0.12 0.00 0.00 0.00 0.21 0.03 0.29 0.06 0.30 -1 0
Result 0 0.0 68 0.47 0.20 0.17 0.25 0.16 0.22 -1 -1 -1 -1 -1
Evo 1.02 0.00 0.50 0.15 0.00 0.00 0.50 0.23 0.03 0.37 0.06 0.34 -1 0
Result 0 0.0 61 0.42 0.16 0.27 0.18 0.27 0.11 -1 -1 -1 -1 -1
Evo 1.01 0.00 0.50 0.08 0.00 0.00 0.00 0.18 0.02 0.20 0.05 0.38 -1 0
Result 0 0.0 96 0.39 0.13 0.24 0.19 0.22 0.23 -1 -1 -1 -1 -1
Evo 1.02 0.00 0.50 0.16 0.00 0.00 0.50 0.23 0.03 0.38 0.04 0.42 -1 0
Result 0 0.0 59 0.43 0.17 0.22 0.25 0.18 0.18 -1 -1 -1 -1 -1
Evo 1.01 0.00 0.50 0.09 0.00 0.00 0.00 0.19 0.02 0.44 0.04 0.29 -1 0
Result 0 0.0 91 0.44 0.17 0.18 0.17 0.18 0.28 -1 -1 -1 -1 -1
Evo 1.01 0.00 0.50 0.11 0.00 0.00 0.00 0.21 0.02 0.28 0.06 0.39 -1 0
Result 0 0.0 81 0.37 0.12 0.18 0.20 0.29 0.21 -1 -1 -1 -1 -1
Evo 1.01 0.00 0.50 0.08 0.00 0.00 0.00 0.19 0.02 0.22 0.04 0.26 -1 0
Result 0 0.0 108 0.42 0.16 0.17 0.17 0.26 0.26 -1 -1 -1 -1 -1
Evo 1.02 0.00 0.50 0.18 0.00 0.00 0.50 0.24 0.03 0.41 0.04 0.33 -1 0
Result 0 0.0 54 0.43 0.16 0.22 0.27 0.16 0.18 -1 -1 -1 -1 -1
Evo 1.01 0.00 0.50 0.09 0.00 0.00 0.00 0.19 0.02 0.24 0.04 0.31 -1 0
Result 0 0.0 104 0.51 0.27 0.23 0.13 0.18 0.19 -1 -1 -1 -1 -1
Evo 1.01 0.00 0.50 0.11 0.00 0.00 0.00 0.21 0.02 0.28 0.05 0.26 -1 0
Result 0 0.0 81 0.46 0.20 0.18 0.17 0.21 0.24 -1 -1 -1 -1 -1
Evo 1.01 0.00 0.50 0.09 0.00 0.00 0.00 0.19 0.02 0.23 0.04 0.32 -1 0
Result 0 0.0 111 0.46 0.20 0.27 0.13 0.23 0.18 -1 -1 -1 -1 -1
Evo 1.01 0.00 0.50 0.11 0.00 0.00 0.00 0.21 0.02 0.27 0.05 0.40 -1 0
Result 0 0.0 84 0.46 0.20 0.18 0.25 0.16 0.21 -1 -1 -1 -1 -1
Evo 1.01 0.00 0.50 0.10 0.00 0.00 0.00 0.20 0.02 0.25 0.07 0.33 -1 0
Result 0 0.0 101 0.41 0.15 0.19 0.23 0.20 0.25 -1 -1 -1 -1 -1
Evo 1.01 0.00 0.50 0.10 0.00 0.00 0.00 0.20 0.02 0.25 0.05 0.32 -1 0
Result 0 0.0 98 0.38 0.13 0.18 0.22 0.22 0.24 -1 -1 -1 -1 -1
Evo 1.01 0.00 0.50 0.11 0.00 0.00 0.00 0.21 0.02 0.27 0.04 0.20 -1 0
Result 0 0.0 98 0.41 0.15 0.19 0.19 0.19 0.27 -1 -1 -1 -1 -1
Evo 1.01 0.00 0.50 0.12 0.00 0.00 0.00 0.22 0.03 0.31 0.08 0.42 -1 0
Result 0 0.0 72 0.51 0.26 0.22 0.25 0.14 0.14 -1 -1 -1 -1 -1
Evo 1.01 0.00 0.50 0.13 0.00 0.00 0.50 0.22 0.03 0.33 0.06 0.38 -1 0
Result 0 0.0 71 0.46 0.19 0.18 0.21 0.19 0.22 -1 -1 -1 -1 -1
Evo 1.01 0.00 0.50 0.14 0.00 0.00 0.50 0.22 0.03 0.33 0.05 0.32 -1 0
Result 0 0.0 76 0.48 0.22 0.12 0.22 0.25 0.19 -1 -1 -1 -1 -1
Evo 1.02 0.00 0.50 0.14 0.00 0.00 0.50 0.22 0.03 0.33 0.06 0.39 -1 0
Result 0 0.0 65 0.50 0.24 0.23 0.18 0.23 0.12 -1 -1 -1 -1 -1
Evo 1.02 0.00 0.00 0.00 0.00 0.00 0.00 0.00 0.00 0.00 0.01 0.08 -1 0
Result 0 0.0 47 0.53 0.33 0.15 0.21 0.15 0.17 -1 -1 -1 -1 -1
Evo 1.02 0.00 0.50 0.02 0.00 0.00 0.00 0.09 0.01 0.17 0.01 0.16 -1 0
Result 0 0.0 58 0.49 0.24 0.20 0.22 0.19 0.15 -1 -1 -1 -1 -1
Evo 1.02 0.00 0.50 0.03 0.00 0.00 0.00 0.12 0.02 0.26 0.01 0.11 -1 0
Result 0 0.0 45 0.46 0.20 0.22 0.20 0.20 0.20 -1 -1 -1 -1 -1
Evo 1.02 0.00 0.50 0.02 0.00 0.00 0.00 0.10 0.01 0.18 0.01 0.10 -1 0
Result 0 0.0 53 0.52 0.30 0.19 0.26 0.11 0.15 -1 -1 -1 -1 -1
Evo 1.02 0.00 0.50 0.01 0.00 0.00 0.00 0.07 0.01 0.11 0.01 0.09 -1 0
Result 0 0.0 52 0.45 0.19 0.26 0.23 0.17 0.15 -1 -1 -1 -1 -1
Evo 1.02 0.00 0.50 0.01 0.00 0.00 0.00 0.08 0.01 0.13 0.01 0.10 -1 0
Result 0 0.0 42 0.43 0.16 0.28 0.14 0.19 0.23 -1 -1 -1 -1 -1
Evo 1.02 0.00 0.00 0.00 0.00 0.00 0.00 0.00 0.00 0.00 0.02 0.09 -1 0
Result 0 0.0 41 0.46 0.19 0.14 0.19 0.21 0.26 -1 -1 -1 -1 -1
Evo 1.02 0.00 0.00 0.00 0.00 0.00 0.00 0.00 0.00 0.00 0.01 0.06 -1 0
Result 0 0.0 50 0.46 0.20 0.14 0.27 0.20 0.20 -1 -1 -1 -1 -1
Evo 1.02 0.00 0.00 0.00 0.00 0.00 0.00 0.00 0.00 0.00 0.01 0.06 -1 0
Result 0 0.0 54 0.49 0.24 0.20 0.24 0.15 0.18 -1 -1 -1 -1 -1
Evo 1.02 0.00 0.50 0.01 0.00 0.00 0.00 0.07 0.01 0.12 0.01 0.07 -1 0
Result 0 0.0 45 0.38 0.13 0.28 0.26 0.15 0.17 -1 -1 -1 -1 -1
Evo 1.02 0.00 0.50 0.01 0.00 0.00 0.00 0.07 0.01 0.11 0.01 0.11 -1 0
Result 0 0.0 52 0.51 0.26 0.11 0.23 0.25 0.15 -1 -1 -1 -1 -1
Evo 1.03 0.00 0.50 0.03 0.00 0.00 0.00 0.11 0.02 0.23 0.02 0.12 -1 0
Result 0 0.0 36 0.45 0.19 0.32 0.14 0.11 0.24 -1 -1 -1 -1 -1
Evo 1.02 0.00 0.00 0.00 0.00 0.00 0.00 0.00 0.00 0.00 0.01 0.11 -1 0
Result 0 0.0 54 0.45 0.18 0.18 0.22 0.27 0.15 -1 -1 -1 -1 -1
Evo 1.02 0.00 0.50 0.01 0.00 0.00 0.00 0.08 0.01 0.13 0.01 0.11 -1 0
Result 0 0.0 42 0.21 0.05 0.37 0.16 0.19 0.23 -1 -1 -1 -1 -1
Evo 1.02 0.00 0.00 0.00 0.00 0.00 0.00 0.00 0.00 0.00 0.01 0.09 -1 0
Result 0 0.0 53 0.35 0.11 0.28 0.24 0.24 0.13 -1 -1 -1 -1 -1
Evo 1.02 0.00 0.00 0.00 0.00 0.00 0.00 0.00 0.00 0.00 0.02 0.10 -1 0
Result 0 0.0 42 0.50 0.26 0.12 0.21 0.14 0.28 -1 -1 -1 -1 -1
Evo 1.02 0.00 0.50 0.01 0.00 0.00 0.00 0.07 0.01 0.11 0.01 0.08 -1 0
Result 0 0.0 53 0.47 0.20 0.13 0.22 0.31 0.13 -1 -1 -1 -1 -1
Evo 1.03 0.00 0.00 0.00 0.00 0.00 0.00 0.00 0.00 0.00 0.03 0.11 -1 0
Result 0 0.0 29 0.43 0.17 0.33 0.13 0.13 0.23 -1 -1 -1 -1 -1
Evo 1.02 0.00 0.50 0.01 0.00 0.00 0.00 0.07 0.01 0.12 0.03 0.13 -1 0
Result 0 0.0 47 0.47 0.21 0.15 0.19 0.19 0.27 -1 -1 -1 -1 -1
Evo 1.03 0.00 0.00 0.00 0.00 0.00 0.00 0.00 0.00 0.00 0.01 0.06 -1 0
Result 0 0.0 39 0.38 0.13 0.25 0.18 0.23 0.23 -1 -1 -1 -1 -1
