Evo 1.00 0.00 0.00 0.00 0.00 0.00 0.00 0.00 0.00 0.00 0.63 0.63 -1 911
Result 0 0.0 1000 0.46 0.20 0.20 0.21 0.20 0.19 -1 -1 -1 -1 -1
Evo 1.00 0.00 1.00 0.91 1.00 1.00 1.00 0.29 0.01 0.31 0.50 0.63 -1 911
Result 0 0.0 1000 0.46 0.20 0.20 0.20 0.19 0.20 -1 -1 -1 -1 -1
Evo 1.00 0.00 1.00 0.91 1.00 1.00 1.00 0.29 0.01 0.31 0.46 0.63 -1 911
Result 0 0.0 1000 0.47 0.19 0.19 0.20 0.21 0.21 -1 -1 -1 -1 -1
Evo 1.00 0.00 1.00 0.91 1.00 1.00 1.00 0.29 0.01 0.31 0.63 0.63 -1 911
Result 0 0.0 1000 0.45 0.18 0.20 0.20 0.19 0.22 -1 -1 -1 -1 -1
Evo 1.00 0.00 1.00 0.91 1.00 1.00 1.00 0.29 0.01 0.31 0.54 0.63 -1 911
Result 0 0.0 1000 0.47 0.22 0.20 0.18 0.20 0.20 -1 -1 -1 -1 -1
Evo 1.00 0.00 1.00 0.91 1.00 1.00 1.00 0.29 0.01 0.31 0.59 0.63 -1 911
Result 0 0.0 1000 0.47 0.19 0.18 0.22 0.21 0.20 -1 -1 -1 -1 -1
Evo 1.00 0.00 1.00 0.91 1.00 1.00 1.00 0.29 0.01 0.31 0.54 0.63 -1 911
Result 0 0.0 1000 0.46 0.21 0.20 0.20 0.19 0.20 -1 -1 -1 -1 -1
Evo 1.00 0.00 1.00 0.91 1.00 1.00 1.00 0.29 0.01 0.31 0.53 0.63 -1 911
Result 0 0.0 1000 0.47 0.20 0.18 0.21 0.21 0.20 -1 -1 -1 -1 -1
Evo 1.00 0.00 1.00 0.91 1.00 1.00 1.00 0.29 0.01 0.31 0.55 0.63 -1 911
Result 0 0.0 1000 0.46 0.20 0.18 0.21 0.19 0.21 -1 -1 -1 -1 -1
Evo 1.00 0.00 1.00 0.91 1.00 1.00 1.00 0.29 0.01 0.31 0.53 0.63 -1 911
Result 0 0.0 1000 0.46 0.20 0.21 0.20 0.19 0.20 -1 -1 -1 -1 -1
Evo 1.00 0.00 1.00 0.91 1.00 1.00 1.00 0.29 0.01 0.31 0.61 0.63 -1 911
Result 0 0.0 1000 0.47 0.19 0.17 0.23 0.21 0.21 -1 -1 -1 -1 -1
Evo 1.00 0.00 1.00 0.91 1.00 1.00 1.00 0.29 0.01 0.31 0.58 0.63 -1 911
Result 0 0.0 1000 0.46 0.21 0.20 0.21 0.20 0.19 -1 -1 -1 -1 -1
Evo 1.00 0.00 1.00 0.91 1.00 1.00 1.00 0.29 0.01 0.31 0.39 0.63 -1 911
Result 0 0.0 1000 0.46 0.19 0.24 0.16 0.19 0.22 -1 -1 -1 -1 -1
Evo 1.00 0.00 1.00 0.91 1.00 1.00 1.00 0.29 0.01 0.31 0.63 0.63 -1 911
Result 0 0.0 1000 0.45 0.20 0.19 0.21 0.19 0.21 -1 -1 -1 -1 -1
Evo 1.00 0.00 1.00 0.91 1.00 1.00 1.00 0.29 0.01 0.31 0.53 0.63 -1 911
Result 0 0.0 1000 0.48 0.19 0.19 0.19 0.21 0.21 -1 -1 -1 -1 -1
Evo 1.00 0.00 1.00 0.91 1.00 1.00 1.00 0.29 0.01 0.31 0.50 0.63 -1 911
Result 0 0.0 1000 0.48 0.19 0.18 0.22 0.23 0.18 -1 -1 -1 -1 -1
Evo 1.00 0.00 1.00 0.91 1.00 1.00 1.00 0.29 0.01 0.31 0.54 0.63 -1 911
Result 0 0.0 1000 0.46 0.21 0.19 0.22 0.19 0.19 -1 -1 -1 -1 -1
Evo 1.00 0.00 1.00 0.91 1.00 1.00 1.00 0.29 0.01 0.31 0.52 0.63 -1 911
Result 0 0.0 1000 0.48 0.20 0.20 0.19 0.21 0.19 -1 -1 -1 -1 -1
Evo 1.00 0.00 1.00 0.91 1.00 1.00 1.00 0.29 0.01 0.31 0.63 0.63 -1 911
Result 0 0.0 1000 0.47 0.18 0.22 0.19 0.20 0.20 -1 -1 -1 -1 -1
Evo 1.00 0.00 1.00 0.91 1.00 1.00 1.00 0.29 0.01 0.31 0.60 0.63 -1 911
Result 0 0.0 1000 0.45 0.19 0.21 0.21 0.18 0.20 -1 -1 -1 -1 -1
Evo 1.00 0.00 1.00 0.91 1.00 1.00 1.00 0.29 0.01 0.31 0.35 0.68 -1 911
Result 0 0.0 1000 0.48 0.19 0.22 0.19 0.23 0.17 -1 -1 -1 -1 -1
Evo 1.00 0.00 1.00 0.91 1.00 1.00 1.00 0.29 0.01 0.31 0.21 0.66 -1 911
Result 0 0.0 1000 0.48 0.20 0.21 0.18 0.22 0.20 -1 -1 -1 -1 -1
Evo 1.00 0.00 1.00 0.91 1.00 1.00 1.00 0.29 0.01 0.31 0.51 0.68 -1 911
Result 0 0.0 1000 0.46 0.22 0.18 0.21 0.19 0.20 -1 -1 -1 -1 -1
Evo 1.00 0.00 1.00 0.91 1.00 1.00 1.00 0.29 0.01 0.31 0.22 0.67 -1 911
Result 0 0.0 1000 0.49 0.20 0.19 0.17 0.23 0.21 -1 -1 -1 -1 -1
Evo 1.00 0.00 1.00 0.91 1.00 1.00 1.00 0.29 0.01 0.31 0.27 0.68 -1 911
Result 0 0.0 1000 0.45 0.17 0.20 0.23 0.19 0.21 -1 -1 -1 -1 -1
Evo 1.00 0.00 1.00 0.91 1.00 1.00 1.00 0.29 0.01 0.31 0.40 0.68 -1 911
Result 0 0.0 1000 0.48 0.19 0.18 0.18 0.22 0.22 -1 -1 -1 -1 -1
Evo 1.00 0.00 1.00 0.91 1.00 1.00 1.00 0.29 0.01 0.31 0.25 0.68 -1 911
Result 0 0.0 1000 0.48 0.20 0.18 0.22 0.21 0.18 -1 -1 -1 -1 -1
Evo 1.00 0.00 1.00 0.91 1.00 1.00 1.00 0.29 0.01 0.31 0.26 0.68 -1 911
Result 0 0.0 1000 0.48 0.18 0.21 0.20 0.22 0.19 -1 -1 -1 -1 -1
Evo 1.00 0.00 1.00 0.91 1.00 1.00 1.00 0.29 0.01 0.31 0.36 0.68 -1 911
Result 0 0.0 1000 0.46 0.22 0.19 0.19 0.19 0.21 -1 -1 -1 -1 -1
Evo 1.00 0.00 1.00 0.91 1.00 1.00 1.00 0.29 0.01 0.31 0.21 0.68 -1 911
Result 0 0.0 1000 0.47 0.18 0.20 0.19 0.21 0.21 -1 -1 -1 -1 -1
Evo 1.00 0.00 1.00 0.91 1.00 1.00 1.00 0.29 0.01 0.31 0.51 0.68 -1 911
Result 0 0.0 1000 0.47 0.19 0.20 0.20 0.21 0.20 -1 -1 -1 -1 -1
Evo 1.00 0.00 1.00 0.91 1.00 1.00 1.00 0.29 0.01 0.31 0.36 0.68 -1 911
Result 0 0.0 1000 0.46 0.21 0.19 0.17 0.20 0.23 -1 -1 -1 -1 -1
Evo 1.00 0.00 1.00 0.91 1.00 1.00 1.00 0.29 0.01 0.31 0.22 0.66 -1 911
Result 0 0.0 1000 0.48 0.20 0.20 0.20 0.21 0.19 -1 -1 -1 -1 -1
Evo 1.00 0.00 1.00 0.91 1.00 1.00 1.00 0.29 0.01 0.31 0.30 0.68 -1 911
Result 0 0.0 1000 0.47 0.19 0.18 0.21 0.20 0.21 -1 -1 -1 -1 -1
Evo 1.00 0.00 1.00 0.91 1.00 1.00 1.00 0.29 0.01 0.31 0.51 0.68 -1 911
Result 0 0.0 1000 0.47 0.22 0.20 0.18 0.20 0.20 -1 -1 -1 -1 -1
Evo 1.00 0.00 1.00 0.91 1.00 1.00 1.00 0.29 0.01 0.31 0.41 0.68 -1 911
Result 0 0.0 1000 0.45 0.20 0.20 0.21 0.18 0.22 -1 -1 -1 -1 -1
Evo 1.00 0.00 1.00 0.91 1.00 1.00 1.00 0.29 0.01 0.31 0.51 0.68 -1 911
Result 0 0.0 1000 0.48 0.20 0.19 0.19 0.22 0.20 -1 -1 -1 -1 -1
Evo 1.00 0.00 1.00 0.91 1.00 1.00 1.00 0.29 0.01 0.31 0.28 0.68 -1 911
Result 0 0.0 1000 0.47 0.18 0.21 0.20 0.20 0.21 -1 -1 -1 -1 -1
Evo 1.00 0.00 1.00 0.91 1.00 1.00 1.00 0.29 0.01 0.31 0.35 0.68 -1 911
Result 0 0.0 1000 0.46 0.19 0.20 0.21 0.20 0.21 -1 -1 -1 -1 -1
Evo 1.00 0.00 1.00 0.91 1.00 1.00 1.00 0.29 0.01 0.31 0.39 0.68 -1 911
Result 0 0.0 1000 0.48 0.21 0.19 0.21 0.21 0.17 -1 -1 -1 -1 -1
Evo 1.00 0.00 1.00 0.91 1.00 1.00 1.00 0.29 0.01 0.31 0.43 0.63 -1 911
Result 0 0.0 1000 0.47 0.19 0.20 0.21 0.21 0.19 -1 -1 -1 -1 -1
Evo 1.00 0.00 1.00 0.91 1.00 1.00 1.00 0.29 0.01 0.31 0.38 0.63 -1 911
Result 0 0.0 1000 0.47 0.17 0.20 0.22 0.20 0.21 -1 -1 -1 -1 -1
Evo 1.00 0.00 1.00 0.91 1.00 1.00 1.00 0.29 0.01 0.31 0.58 0.63 -1 911
Result 0 0.0 1000 0.48 0.20 0.18 0.21 0.21 0.19 -1 -1 -1 -1 -1
Evo 1.00 0.00 1.00 0.91 1.00 1.00 1.00 0.29 0.01 0.31 0.50 0.63 -1 911
Result 0 0.0 1000 0.45 0.18 0.21 0.23 0.19 0.19 -1 -1 -1 -1 -1
Evo 1.00 0.00 1.00 0.91 1.00 1.00 1.00 0.29 0.01 0.31 0.57 0.63 -1 911
Result 0 0.0 1000 0.48 0.21 0.18 0.21 0.21 0.18 -1 -1 -1 -1 -1
Evo 1.00 0.00 1.00 0.91 1.00 1.00 1.00 0.29 0.01 0.31 0.46 0.63 -1 911
Result 0 0.0 1000 0.48 0.20 0.20 0.18 0.21 0.21 -1 -1 -1 -1 -1
Evo 1.00 0.00 1.00 0.91 1.00 1.00 1.00 0.29 0.01 0.31 0.44 0.63 -1 911
Result 0 0.0 1000 0.47 0.19 0.20 0.21 0.21 0.20 -1 -1 -1 -1 -1
Evo 1.00 0.00 1.00 0.91 1.00 1.00 1.00 0.29 0.01 0.31 0.39 0.63 -1 911
Result 0 0.0 1000 0.46 0.19 0.17 0.22 0.20 0.22 -1 -1 -1 -1 -1
Evo 1.00 0.00 1.00 0.91 1.00 1.00 1.00 0.29 0.01 0.31 0.34 0.63 -1 911
Result 0 0.0 1000 0.48 0.20 0.19 0.18 0.22 0.20 -1 -1 -1 -1 -1
Evo 1.00 0.00 1.00 0.91 1.00 1.00 1.00 0.29 0.01 0.31 0.48 0.63 -1 911
Result 0 0.0 1000 0.46 0.21 0.19 0.20 0.19 0.20 -1 -1 -1 -1 -1
Evo 1.00 0.00 1.00 0.91 1.00 1.00 1.00 0.29 0.01 0.31 0.50 0.63 -1 911
Result 0 0.0 1000 0.46 0.22 0.19 0.19 0.20 0.20 -1 -1 -1 -1 -1
Evo 1.00 0.00 1.00 0.91 1.00 1.00 1.00 0.29 0.01 0.31 0.47 0.63 -1 911
Result 0 0.0 1000 0.47 0.19 0.20 0.20 0.21 0.20 -1 -1 -1 -1 -1
Evo 1.00 0.00 1.00 0.91 1.00 1.00 1.00 0.29 0.01 0.31 0.46 0.63 -1 911
Result 0 0.0 1000 0.47 0.19 0.17 0.23 0.20 0.21 -1 -1 -1 -1 -1
Evo 1.00 0.00 1.00 0.91 1.00 1.00 1.00 0.29 0.01 0.31 0.53 0.63 -1 911
Result 0 0.0 1000 0.47 0.19 0.21 0.20 0.20 0.19 -1 -1 -1 -1 -1
Evo 1.00 0.00 1.00 0.91 1.00 1.00 1.00 0.29 0.01 0.31 0.46 0.63 -1 911
Result 0 0.0 1000 0.45 0.20 0.20 0.20 0.19 0.22 -1 -1 -1 -1 -1
Evo 1.00 0.00 1.00 0.91 1.00 1.00 1.00 0.29 0.01 0.31 0.31 0.63 -1 911
Result 0 0.0 1000 0.48 0.22 0.19 0.19 0.22 0.19 -1 -1 -1 -1 -1
Evo 1.00 0.00 1.00 0.91 1.00 1.00 1.00 0.29 0.01 0.31 0.54 0.63 -1 911
Result 0 0.0 1000 0.47 0.16 0.21 0.21 0.21 0.20 -1 -1 -1 -1 -1
Evo 1.00 0.00 1.00 0.91 1.00 1.00 1.00 0.29 0.01 0.31 0.58 0.63 -1 911
Result 0 0.0 1000 0.46 0.22 0.20 0.20 0.20 0.18 -1 -1 -1 -1 -1
Evo 1.00 0.00 1.00 0.91 1.00 1.00 1.00 0.29 0.01 0.31 0.51 0.63 -1 911
Result 0 0.0 1000 0.47 0.19 0.20 0.20 0.21 0.21 -1 -1 -1 -1 -1
Evo 1.00 0.00 1.00 0.91 1.00 1.00 1.00 0.29 0.01 0.31 0.35 0.63 -1 911
Result 0 0.0 1000 0.48 0.19 0.19 0.21 0.21 0.20 -1 -1 -1 -1 -1
Evo 1.00 0.00 1.00 0.91 1.00 1.00 1.00 0.29 0.01 0.31 0.41 0.66 -1 911
Result 0 0.0 1000 0.48 0.19 0.19 0.20 0.22 0.20 -1 -1 -1 -1 -1
Evo 1.00 0.00 1.00 0.91 1.00 1.00 1.00 0.29 0.01 0.31 0.44 0.66 -1 911
Result 0 0.0 1000 0.45 0.23 0.22 0.18 0.18 0.19 -1 -1 -1 -1 -1
Evo 1.00 0.00 1.00 0.91 1.00 1.00 1.00 0.29 0.01 0.31 0.42 0.66 -1 911
Result 0 0.0 1000 0.46 0.18 0.20 0.20 0.20 0.21 -1 -1 -1 -1 -1
Evo 1.00 0.00 1.00 0.91 1.00 1.00 1.00 0.29 0.01 0.31 0.39 0.66 -1 911
Result 0 0.0 1000 0.44 0.18 0.19 0.24 0.18 0.21 -1 -1 -1 -1 -1
Evo 1.00 0.00 1.00 0.91 1.00 1.00 1.00 0.29 0.01 0.31 0.24 0.66 -1 911
Result 0 0.0 1000 0.48 0.18 0.20 0.22 0.22 0.17 -1 -1 -1 -1 -1
Evo 1.00 0.00 1.00 0.91 1.00 1.00 1.00 0.29 0.01 0.31 0.36 0.66 -1 911
Result 0 0.0 1000 0.47 0.20 0.18 0.20 0.21 0.21 -1 -1 -1 -1 -1
Evo 1.00 0.00 1.00 0.91 1.00 1.00 1.00 0.29 0.01 0.31 0.25 0.66 -1 911
Result 0 0.0 1000 0.47 0.20 0.19 0.21 0.20 0.19 -1 -1 -1 -1 -1
Evo 1.00 0.00 1.00 0.91 1.00 1.00 1.00 0.29 0.01 0.31 0.27 0.66 -1 911
Result 0 0.0 1000 0.45 0.22 0.19 0.19 0.19 0.22 -1 -1 -1 -1 -1
Evo 1.00 0.00 1.00 0.91 1.00 1.00 1.00 0.29 0.01 0.31 0.49 0.66 -1 911
Result 0 0.0 1000 0.46 0.21 0.17 0.20 0.20 0.21 -1 -1 -1 -1 -1
Evo 1.00 0.00 1.00 0.91 1.00 1.00 1.00 0.29 0.01 0.31 0.43 0.66 -1 911
Result 0 0.0 1000 0.48 0.20 0.19 0.19 0.21 0.20 -1 -1 -1 -1 -1
Evo 1.00 0.00 1.00 0.91 1.00 1.00 1.00 0.29 0.01 0.31 0.40 0.66 -1 911
Result 0 0.0 1000 0.47 0.18 0.22 0.19 0.20 0.20 -1 -1 -1 -1 -1
Evo 1.00 0.00 1.00 0.91 1.00 1.00 1.00 0.29 0.01 0.31 0.42 0.66 -1 911
Result 0 0.0 1000 0.46 0.21 0.20 0.19 0.20 0.20 -1 -1 -1 -1 -1
Evo 1.00 0.00 1.00 0.91 1.00 1.00 1.00 0.29 0.01 0.31 0.34 0.66 -1 911
Result 0 0.0 1000 0.48 0.18 0.19 0.20 0.22 0.20 -1 -1 -1 -1 -1
Evo 1.00 0.00 1.00 0.91 1.00 1.00 1.00 0.29 0.01 0.31 0.55 0.66 -1 911
Result 0 0.0 1000 0.46 0.20 0.20 0.21 0.20 0.19 -1 -1 -1 -1 -1
Evo 1.00 0.00 1.00 0.91 1.00 1.00 1.00 0.29 0.01 0.31 0.24 0.66 -1 911
Result 0 0.0 1000 0.47 0.19 0.21 0.20 0.20 0.19 -1 -1 -1 -1 -1
Evo 1.00 0.00 1.00 0.91 1.00 1.00 1.00 0.29 0.01 0.31 0.29 0.66 -1 911
Result 0 0.0 1000 0.48 0.22 0.17 0.19 0.21 0.20 -1 -1 -1 -1 -1
Evo 1.00 0.00 1.00 0.91 1.00 1.00 1.00 0.29 0.01 0.31 0.22 0.66 -1 911
Result 0 0.0 1000 0.48 0.18 0.20 0.19 0.22 0.20 -1 -1 -1 -1 -1
Evo 1.00 0.00 1.00 0.91 1.00 1.00 1.00 0.29 0.01 0.31 0.22 0.66 -1 911
Result 0 0.0 1000 0.46 0.21 0.19 0.19 0.20 0.20 -1 -1 -1 -1 -1
Evo 1.00 0.00 1.00 0.91 1.00 1.00 1.00 0.29 0.01 0.31 0.29 0.66 -1 911
Result 0 0.0 1000 0.47 0.21 0.19 0.19 0.21 0.20 -1 -1 -1 -1 -1
Evo 1.00 0.00 1.00 0.91 1.00 1.00 1.00 0.29 0.01 0.31 0.43 0.66 -1 911
Result 0 0.0 1000 0.43 0.21 0.22 0.19 0.17 0.22 -1 -1 -1 -1 -1
Evo 1.00 0.00 1.00 0.91 1.00 1.00 1.00 0.29 0.01 0.31 0.33 0.61 -1 911
Result 0 0.0 1000 0.48 0.20 0.19 0.20 0.21 0.20 -1 -1 -1 -1 -1
Evo 1.00 0.00 1.00 0.91 1.00 1.00 1.00 0.29 0.01 0.31 0.44 0.61 -1 911
Result 0 0.0 1000 0.47 0.19 0.19 0.21 0.20 0.21 -1 -1 -1 -1 -1
Evo 1.00 0.00 1.00 0.91 1.00 1.00 1.00 0.29 0.01 0.31 0.52 0.61 -1 911
Result 0 0.0 1000 0.44 0.21 0.20 0.19 0.17 0.22 -1 -1 -1 -1 -1
Evo 1.00 0.00 1.00 0.91 1.00 1.00 1.00 0.29 0.01 0.31 0.41 0.61 -1 911
Result 0 0.0 1000 0.47 0.21 0.22 0.18 0.20 0.18 -1 -1 -1 -1 -1
Evo 1.00 0.00 1.00 0.91 1.00 1.00 1.00 0.29 0.01 0.31 0.45 0.61 -1 911
Result 0 0.0 1000 0.47 0.22 0.19 0.19 0.21 0.19 -1 -1 -1 -1 -1
Evo 1.00 0.00 1.00 0.91 1.00 1.00 1.00 0.29 0.01 0.31 0.40 0.61 -1 911
Result 0 0.0 1000 0.46 0.23 0.20 0.18 0.20 0.19 -1 -1 -1 -1 -1
Evo 1.00 0.00 1.00 0.91 1.00 1.00 1.00 0.29 0.01 0.31 0.30 0.61 -1 911
Result 0 0.0 1000 0.47 0.16 0.20 0.21 0.21 0.21 -1 -1 -1 -1 -1
Evo 1.00 0.00 1.00 0.91 1.00 1.00 1.00 0.29 0.01 0.31 0.53 0.61 -1 911
Result 0 0.0 1000 0.47 0.18 0.20 0.21 0.21 0.21 -1 -1 -1 -1 -1
Evo 1.00 0.00 1.00 0.91 1.00 1.00 1.00 0.29 0.01 0.31 0.48 0.61 -1 911
Result 0 0.0 1000 0.47 0.19 0.21 0.20 0.20 0.20 -1 -1 -1 -1 -1
Evo 1.00 0.00 1.00 0.91 1.00 1.00 1.00 0.29 0.01 0.31 0.35 0.61 -1 911
Result 0 0.0 1000 0.46 0.20 0.20 0.20 0.20 0.19 -1 -1 -1 -1 -1
Evo 1.00 0.00 1.00 0.91 1.00 1.00 1.00 0.29 0.01 0.31 0.39 0.61 -1 911
Result 0 0.0 1000 0.45 0.22 0.19 0.18 0.19 0.22 -1 -1 -1 -1 -1
Evo 1.00 0.00 1.00 0.91 1.00 1.00 1.00 0.29 0.01 0.31 0.43 0.61 -1 911
Result 0 0.0 1000 0.45 0.20 0.23 0.18 0.19 0.20 -1 -1 -1 -1 -1
Evo 1.00 0.00 1.00 0.91 1.00 1.00 1.00 0.29 0.01 0.31 0.47 0.61 -1 911
Result 0 0.0 1000 0.45 0.20 0.19 0.22 0.19 0.19 -1 -1 -1 -1 -1
Evo 1.00 0.00 1.00 0.91 1.00 1.00 1.00 0.29 0.01 0.31 0.28 0.61 -1 911
Result 0 0.0 1000 0.47 0.21 0.19 0.20 0.20 0.19 -1 -1 -1 -1 -1
Evo 1.00 0.00 1.00 0.91 1.00 1.00 1.00 0.29 0.01 0.31 0.50 0.61 -1 911
Result 0 0.0 1000 0.45 0.19 0.22 0.22 0.18 0.19 -1 -1 -1 -1 -1
Evo 1.00 0.00 1.00 0.91 1.00 1.00 1.00 0.29 0.01 0.31 0.46 0.61 -1 911
Result 0 0.0 1000 0.45 0.19 0.19 0.22 0.19 0.21 -1 -1 -1 -1 -1
Evo 1.00 0.00 1.00 0.91 1.00 1.00 1.00 0.29 0.01 0.31 0.40 0.61 -1 911
Result 0 0.0 1000 0.48 0.21 0.18 0.18 0.22 0.21 -1 -1 -1 -1 -1
Evo 1.00 0.00 1.00 0.91 1.00 1.00 1.00 0.29 0.01 0.31 0.51 0.61 -1 911
Result 0 0.0 1000 0.47 0.20 0.19 0.20 0.21 0.21 -1 -1 -1 -1 -1
Evo 1.00 0.00 1.00 0.91 1.00 1.00 1.00 0.29 0.01 0.31 0.48 0.61 -1 911
Result 0 0.0 1000 0.47 0.19 0.21 0.19 0.20 0.20 -1 -1 -1 -1 -1
Evo 1.00 0.00 1.00 0.91 1.00 1.00 1.00 0.29 0.01 0.31 0.40 0.61 -1 911
Result 0 0.0 1000 0.44 0.19 0.21 0.23 0.17 0.20 -1 -1 -1 -1 -1
