Evo 1.01 0.00 1.00 0.97 1.00 1.00 1.00 0.17 0.02 0.14 0.31 0.43 0 -1
Result 1 1.0 106 0.42 0.19 0.16 0.23 0.21 0.21 -1 -1 -1 -1 -1
Evo 1.00 0.00 1.00 0.97 1.00 1.00 1.00 0.17 0.01 0.15 0.40 0.43 0 -1
Result 1 1.0 327 0.44 0.20 0.17 0.21 0.21 0.21 -1 -1 -1 -1 -1
Evo 1.01 0.00 1.00 0.96 1.00 1.00 1.00 0.19 0.02 0.17 0.34 0.43 0 -1
Result 1 1.0 111 0.51 0.17 0.28 0.14 0.21 0.21 -1 -1 -1 -1 -1
Evo 1.01 0.00 1.00 0.93 1.00 1.00 1.00 0.25 0.03 0.26 0.37 0.43 0 -1
Result 1 1.0 90 0.47 0.18 0.21 0.21 0.22 0.19 -1 -1 -1 -1 -1
Evo 1.01 0.00 1.00 0.99 1.00 1.00 1.00 0.10 0.01 0.07 0.34 0.43 0 -1
Result 1 1.0 90 0.44 0.21 0.18 0.24 0.15 0.22 -1 -1 -1 -1 -1
Evo 1.08 0.00 1.00 0.93 1.00 1.00 1.00 0.27 0.07 0.10 0.23 0.43 1 -1
Result 1 1.0 13 0.40 0.14 0.14 0.43 0.21 0.07 -1 -1 -1 -1 -1
Evo 1.02 0.00 1.00 0.97 1.00 1.00 1.00 0.18 0.02 0.16 0.31 0.43 0 -1
Result 1 1.0 59 0.48 0.23 0.22 0.20 0.20 0.15 -1 -1 -1 -1 -1
Evo 1.03 0.00 1.00 0.93 1.00 1.00 1.00 0.26 0.04 0.28 0.31 0.43 0 -1
Result 1 1.0 40 0.44 0.17 0.17 0.24 0.29 0.12 -1 -1 -1 -1 -1
Evo 1.05 0.00 1.00 0.96 1.00 1.00 1.00 0.21 0.04 0.20 0.23 0.43 0 -1
Result 1 1.0 22 0.38 0.30 0.13 0.26 0.30 -1 -1 -1 -1 -1 -1
Evo 1.05 1.00 1.00 1.00 1.00 1.00 1.00 0.00 0.00 0.00 0.26 0.43 0 -1
Result 1 1.0 21 0.45 0.18 0.18 0.23 0.27 0.14 -1 -1 -1 -1 -1
Evo 1.05 0.00 1.00 0.95 1.00 1.00 1.00 0.21 0.05 0.20 0.26 0.43 0 -1
Result 1 1.0 21 0.45 0.23 0.18 0.32 0.23 0.05 -1 -1 -1 -1 -1
Evo 1.00 0.00 1.00 0.04 0.00 0.00 0.00 0.20 0.00 0.06 0.40 0.43 0 1911
Result 0 0.0 2000 0.47 0.21 0.20 0.20 0.19 0.19 -1 -1 -1 -1 -1
Evo 1.03 0.50 1.00 0.97 1.00 1.00 1.00 0.12 0.02 0.23 0.29 0.43 0 -1
Result 1 1.0 35 0.35 0.25 0.11 0.25 0.17 0.22 -1 -1 -1 -1 -1
Evo 1.02 1.00 1.00 1.00 1.00 1.00 1.00 0.00 0.00 0.00 0.26 0.43 0 -1
Result 1 1.0 50 0.39 0.24 0.14 0.25 0.20 0.18 -1 -1 -1 -1 -1
Evo 1.01 0.50 1.00 0.98 1.00 1.00 1.00 0.09 0.01 0.17 0.34 0.43 0 -1
Result 1 1.0 116 0.43 0.16 0.16 0.21 0.23 0.24 -1 -1 -1 -1 -1
Evo 1.04 1.00 1.00 1.00 1.00 1.00 1.00 0.00 0.00 0.00 0.29 0.43 0 -1
Result 1 1.0 24 0.51 0.36 0.28 0.16 0.20 -1 -1 -1 -1 -1 -1
Evo 1.02 0.50 1.00 0.98 1.00 1.00 1.00 0.11 0.01 0.20 0.37 0.43 0 -1
Result 1 1.0 64 0.49 0.12 0.23 0.20 0.28 0.17 -1 -1 -1 -1 -1
Evo 1.01 0.50 1.00 0.99 1.00 1.00 1.00 0.08 0.01 0.13 0.37 0.43 0 -1
Result 1 1.0 127 0.42 0.16 0.16 0.24 0.23 0.21 -1 -1 -1 -1 -1
Evo 1.01 0.50 1.00 0.99 1.00 1.00 1.00 0.08 0.01 0.14 0.34 0.43 0 -1
Result 1 1.0 75 0.45 0.24 0.18 0.22 0.20 0.16 -1 -1 -1 -1 -1
Evo 1.01 0.50 1.00 0.98 1.00 1.00 1.00 0.10 0.01 0.18 0.31 0.43 0 -1
Result 1 1.0 80 0.51 0.19 0.27 0.22 0.16 0.16 -1 -1 -1 -1 -1
Evo 1.00 0.00 1.00 0.48 0.50 0.50 0.50 0.11 0.00 0.20 0.51 0.51 206 1911
Result 0 0.0 2000 0.46 0.22 0.19 0.20 0.20 0.19 -1 -1 -1 -1 -1
Evo 1.00 0.50 1.00 0.56 0.50 0.50 0.50 0.17 0.01 0.38 0.45 0.51 317 -1
Result 1 1.0 635 0.45 0.19 0.18 0.19 0.21 0.23 -1 -1 -1 -1 -1
Evo 1.00 0.00 1.00 0.48 0.50 0.50 0.50 0.10 0.00 0.20 0.51 0.51 681 1911
Result 0 0.0 2000 0.46 0.21 0.20 0.20 0.18 0.21 -1 -1 -1 -1 -1
Evo 1.00 0.00 1.00 0.48 0.50 0.50 0.50 0.10 0.00 0.20 0.51 0.51 432 1911
Result 0 0.0 2000 0.45 0.21 0.19 0.20 0.19 0.21 -1 -1 -1 -1 -1
Evo 1.00 0.50 1.00 0.58 0.50 0.50 0.50 0.19 0.01 0.43 0.51 0.51 179 -1
Result 1 1.0 436 0.47 0.20 0.20 0.22 0.16 0.21 -1 -1 -1 -1 -1
Evo 1.00 0.50 1.00 0.53 0.50 0.50 0.50 0.12 0.00 0.26 0.51 0.51 789 -1
Result 1 1.0 965 0.46 0.22 0.19 0.19 0.21 0.18 -1 -1 -1 -1 -1
Evo 1.00 0.50 1.00 0.54 0.50 0.50 0.50 0.14 0.00 0.31 0.51 0.51 605 -1
Result 1 1.0 961 0.46 0.22 0.20 0.21 0.19 0.19 -1 -1 -1 -1 -1
Evo 1.00 0.00 1.00 0.50 0.50 0.50 0.50 0.10 0.00 0.12 0.51 0.51 1872 1911
Result 1 1.0 1989 0.47 0.21 0.21 0.19 0.20 0.19 -1 -1 -1 -1 -1
Evo 1.00 0.00 1.00 0.48 0.50 0.50 0.50 0.10 0.00 0.20 0.49 0.51 140 1911
Result 0 0.0 2000 0.47 0.20 0.21 0.19 0.21 0.19 -1 -1 -1 -1 -1
Evo 1.00 0.00 1.00 0.48 0.50 0.50 0.50 0.11 0.00 0.20 0.51 0.51 330 1911
Result 0 0.0 2000 0.45 0.22 0.18 0.20 0.21 0.19 -1 -1 -1 -1 -1
Evo 1.00 0.00 1.00 0.48 0.50 0.50 0.50 0.11 0.00 0.20 0.51 0.51 655 1911
Result 0 0.0 2000 0.46 0.18 0.19 0.21 0.22 0.20 -1 -1 -1 -1 -1
Evo 1.00 0.00 1.00 0.49 0.50 0.50 0.50 0.12 0.00 0.20 0.51 0.51 1102 1911
Result 0 0.0 2000 0.45 0.20 0.19 0.21 0.21 0.20 -1 -1 -1 -1 -1
Evo 1.00 0.00 1.00 0.48 0.50 0.50 0.50 0.11 0.00 0.20 0.51 0.51 240 1911
Result 0 0.0 2000 0.46 0.20 0.19 0.20 0.22 0.19 -1 -1 -1 -1 -1
Evo 1.00 0.00 1.00 0.48 0.50 0.50 0.50 0.11 0.00 0.20 0.51 0.51 510 1911
Result 0 0.0 2000 0.46 0.20 0.20 0.21 0.19 0.20 -1 -1 -1 -1 -1
Evo 1.00 0.00 0.50 0.48 0.50 0.50 0.50 0.10 0.00 0.20 0.49 0.51 -1 1911
Result 0 0.0 2000 0.46 0.19 0.19 0.22 0.20 0.20 -1 -1 -1 -1 -1
Evo 1.00 0.50 1.00 0.59 0.50 0.50 0.50 0.20 0.01 0.45 0.51 0.51 796 -1
Result 1 1.0 1129 0.46 0.20 0.20 0.20 0.20 0.20 -1 -1 -1 -1 -1
Evo 1.00 0.00 1.00 0.48 0.50 0.50 0.50 0.12 0.00 0.20 0.51 0.51 337 1911
Result 0 0.0 2000 0.46 0.21 0.20 0.19 0.21 0.19 -1 -1 -1 -1 -1
Evo 1.00 0.50 1.00 0.53 0.50 0.50 0.50 0.12 0.00 0.25 0.51 0.51 698 -1
Result 1 1.0 866 0.44 0.21 0.18 0.22 0.19 0.21 -1 -1 -1 -1 -1
Evo 1.00 0.00 1.00 0.48 0.50 0.50 0.50 0.12 0.00 0.20 0.51 0.51 566 1911
Result 0 0.0 2000 0.45 0.20 0.19 0.22 0.19 0.20 -1 -1 -1 -1 -1
Evo 1.00 0.00 1.00 0.48 0.50 0.50 0.50 0.11 0.00 0.20 0.49 0.51 159 1911
Result 0 0.0 2000 0.48 0.21 0.22 0.19 0.19 0.20 -1 -1 -1 -1 -1
Evo 1.00 0.00 0.50 0.48 0.50 0.50 0.50 0.10 0.00 0.20 0.56 0.56 -1 1911
Result 0 0.0 2000 0.47 0.20 0.21 0.21 0.19 0.19 -1 -1 -1 -1 -1
Evo 1.00 0.00 0.50 0.48 0.50 0.50 0.50 0.10 0.00 0.20 0.55 0.56 -1 1911
Result 0 0.0 2000 0.46 0.20 0.20 0.20 0.20 0.20 -1 -1 -1 -1 -1
Evo 1.00 0.00 0.50 0.48 0.50 0.50 0.50 0.10 0.00 0.20 0.53 0.56 -1 1911
Result 0 0.0 2000 0.47 0.19 0.20 0.19 0.20 0.21 -1 -1 -1 -1 -1
Evo 1.00 0.00 0.50 0.48 0.50 0.50 0.50 0.10 0.00 0.20 0.56 0.56 -1 1911
Result 0 0.0 2000 0.48 0.21 0.21 0.19 0.19 0.19 -1 -1 -1 -1 -1
Evo 1.00 0.00 0.50 0.48 0.50 0.50 0.50 0.10 0.00 0.20 0.56 0.56 -1 1911
Result 0 0.0 2000 0.46 0.19 0.20 0.23 0.18 0.20 -1 -1 -1 -1 -1
Evo 1.00 0.00 0.50 0.48 0.50 0.50 0.50 0.10 0.00 0.20 0.52 0.56 -1 1911
Result 0 0.0 2000 0.47 0.22 0.20 0.19 0.20 0.20 -1 -1 -1 -1 -1
Evo 1.00 0.00 0.50 0.48 0.50 0.50 0.50 0.10 0.00 0.20 0.55 0.56 -1 1911
Result 0 0.0 2000 0.47 0.19 0.21 0.19 0.21 0.20 -1 -1 -1 -1 -1
Evo 1.00 0.00 0.50 0.48 0.50 0.50 0.50 0.10 0.00 0.20 0.53 0.56 -1 1911
Result 0 0.0 2000 0.48 0.20 0.21 0.19 0.19 0.21 -1 -1 -1 -1 -1
Evo 1.00 0.00 0.50 0.48 0.50 0.50 0.50 0.10 0.00 0.20 0.52 0.56 -1 1911
Result 0 0.0 2000 0.46 0.20 0.20 0.20 0.19 0.22 -1 -1 -1 -1 -1
Evo 1.00 0.00 0.50 0.48 0.50 0.50 0.50 0.10 0.00 0.20 0.52 0.56 -1 1911
Result 0 0.0 2000 0.47 0.19 0.20 0.18 0.22 0.21 -1 -1 -1 -1 -1
Evo 1.00 0.00 0.50 0.48 0.50 0.50 0.50 0.10 0.00 0.20 0.56 0.56 -1 1911
Result 0 0.0 2000 0.46 0.22 0.20 0.19 0.21 0.19 -1 -1 -1 -1 -1
Evo 1.00 0.00 0.50 0.48 0.50 0.50 0.50 0.10 0.00 0.20 0.55 0.56 -1 1911
Result 0 0.0 2000 0.46 0.19 0.20 0.20 0.20 0.21 -1 -1 -1 -1 -1
Evo 1.00 0.00 0.50 0.48 0.50 0.50 0.50 0.10 0.00 0.20 0.56 0.56 -1 1911
Result 0 0.0 2000 0.47 0.19 0.21 0.21 0.20 0.19 -1 -1 -1 -1 -1
Evo 1.00 0.00 0.50 0.48 0.50 0.50 0.50 0.10 0.00 0.20 0.55 0.56 -1 1911
Result 0 0.0 2000 0.47 0.21 0.21 0.19 0.19 0.20 -1 -1 -1 -1 -1
Evo 1.00 0.00 0.50 0.48 0.50 0.50 0.50 0.10 0.00 0.20 0.56 0.56 -1 1911
Result 0 0.0 2000 0.47 0.19 0.21 0.21 0.19 0.20 -1 -1 -1 -1 -1
Evo 1.00 0.00 0.50 0.48 0.50 0.50 0.50 0.10 0.00 0.20 0.56 0.56 -1 1911
Result 0 0.0 2000 0.46 0.21 0.19 0.20 0.19 0.20 -1 -1 -1 -1 -1
Evo 1.00 0.00 0.50 0.48 0.50 0.50 0.50 0.10 0.00 0.20 0.39 0.56 -1 1911
Result 0 0.0 2000 0.46 0.21 0.20 0.20 0.19 0.20 -1 -1 -1 -1 -1
Evo 1.00 0.00 0.50 0.48 0.50 0.50 0.50 0.10 0.00 0.20 0.56 0.56 -1 1911
Result 0 0.0 2000 0.47 0.20 0.20 0.20 0.19 0.21 -1 -1 -1 -1 -1
Evo 1.00 0.00 0.50 0.48 0.50 0.50 0.50 0.10 0.00 0.20 0.52 0.56 -1 1911
Result 0 0.0 2000 0.47 0.22 0.21 0.20 0.19 0.18 -1 -1 -1 -1 -1
Evo 1.00 0.00 0.50 0.48 0.50 0.50 0.50 0.10 0.00 0.20 0.56 0.56 -1 1911
Result 0 0.0 2000 0.47 0.19 0.20 0.20 0.21 0.20 -1 -1 -1 -1 -1
Evo 1.00 0.00 0.50 0.48 0.50 0.50 0.50 0.10 0.00 0.20 0.31 0.66 -1 1911
Result 0 0.0 2000 0.46 0.20 0.19 0.20 0.20 0.21 -1 -1 -1 -1 -1
Evo 1.00 0.00 0.50 0.48 0.50 0.50 0.50 0.10 0.00 0.20 0.37 0.66 -1 1911
Result 0 0.0 2000 0.47 0.20 0.21 0.20 0.20 0.20 -1 -1 -1 -1 -1
Evo 1.00 0.00 0.50 0.48 0.50 0.50 0.50 0.10 0.00 0.20 0.24 0.66 -1 1911
Result 0 0.0 2000 0.46 0.20 0.20 0.19 0.19 0.22 -1 -1 -1 -1 -1
Evo 1.00 0.00 0.50 0.48 0.50 0.50 0.50 0.10 0.00 0.20 0.41 0.66 -1 1911
Result 0 0.0 2000 0.46 0.21 0.20 0.20 0.21 0.19 -1 -1 -1 -1 -1
Evo 1.00 0.00 0.50 0.48 0.50 0.50 0.50 0.10 0.00 0.20 0.41 0.66 -1 1911
Result 0 0.0 2000 0.48 0.21 0.22 0.19 0.19 0.19 -1 -1 -1 -1 -1
Evo 1.00 0.00 0.50 0.48 0.50 0.50 0.50 0.10 0.00 0.20 0.42 0.66 -1 1911
Result 0 0.0 2000 0.47 0.22 0.20 0.18 0.20 0.19 -1 -1 -1 -1 -1
Evo 1.00 0.00 0.50 0.48 0.50 0.50 0.50 0.10 0.00 0.20 0.34 0.66 -1 1911
Result 0 0.0 2000 0.47 0.21 0.20 0.19 0.21 0.19 -1 -1 -1 -1 -1
Evo 1.00 0.00 0.50 0.48 0.50 0.50 0.50 0.10 0.00 0.20 0.38 0.64 -1 1911
Result 0 0.0 2000 0.47 0.20 0.21 0.19 0.21 0.19 -1 -1 -1 -1 -1
Evo 1.00 0.00 0.50 0.48 0.50 0.50 0.50 0.10 0.00 0.20 0.39 0.66 -1 1911
Result 0 0.0 2000 0.47 0.19 0.20 0.20 0.21 0.20 -1 -1 -1 -1 -1
Evo 1.00 0.00 0.50 0.48 0.50 0.50 0.50 0.10 0.00 0.20 0.41 0.66 -1 1911
Result 0 0.0 2000 0.46 0.21 0.19 0.19 0.21 0.20 -1 -1 -1 -1 -1
Evo 1.00 0.00 0.50 0.48 0.50 0.50 0.50 0.10 0.00 0.20 0.55 0.66 -1 1911
Result 0 0.0 2000 0.46 0.20 0.20 0.20 0.19 0.20 -1 -1 -1 -1 -1
Evo 1.00 0.00 0.50 0.48 0.50 0.50 0.50 0.10 0.00 0.20 0.43 0.66 -1 1911
Result 0 0.0 2000 0.46 0.21 0.20 0.20 0.20 0.19 -1 -1 -1 -1 -1
Evo 1.00 0.00 0.50 0.48 0.50 0.50 0.50 0.10 0.00 0.20 0.32 0.66 -1 1911
Result 0 0.0 2000 0.46 0.21 0.19 0.19 0.20 0.20 -1 -1 -1 -1 -1
Evo 1.00 0.00 0.50 0.48 0.50 0.50 0.50 0.10 0.00 0.20 0.42 0.66 -1 1911
Result 0 0.0 2000 0.47 0.21 0.20 0.19 0.19 0.21 -1 -1 -1 -1 -1
Evo 1.00 0.00 0.50 0.48 0.50 0.50 0.50 0.10 0.00 0.20 0.43 0.66 -1 1911
Result 0 0.0 2000 0.46 0.21 0.19 0.19 0.20 0.21 -1 -1 -1 -1 -1
Evo 1.00 0.00 0.50 0.48 0.50 0.50 0.50 0.10 0.00 0.20 0.42 0.66 -1 1911
Result 0 0.0 2000 0.46 0.21 0.19 0.20 0.19 0.21 -1 -1 -1 -1 -1
Evo 1.00 0.00 0.50 0.48 0.50 0.50 0.50 0.10 0.00 0.20 0.28 0.66 -1 1911
Result 0 0.0 2000 0.46 0.19 0.20 0.19 0.22 0.20 -1 -1 -1 -1 -1
Evo 1.00 0.00 0.50 0.48 0.50 0.50 0.50 0.10 0.00 0.20 0.36 0.66 -1 1911
Result 0 0.0 2000 0.46 0.22 0.19 0.21 0.19 0.19 -1 -1 -1 -1 -1
Evo 1.00 0.00 0.50 0.48 0.50 0.50 0.50 0.10 0.00 0.20 0.50 0.66 -1 1911
Result 0 0.0 2000 0.47 0.20 0.20 0.21 0.20 0.19 -1 -1 -1 -1 -1
Evo 1.00 0.00 0.50 0.48 0.50 0.50 0.50 0.10 0.00 0.20 0.43 0.66 -1 1911
Result 0 0.0 2000 0.47 0.21 0.20 0.18 0.20 0.20 -1 -1 -1 -1 -1
Evo 1.00 0.00 0.50 0.48 0.50 0.50 0.50 0.10 0.00 0.20 0.29 0.43 -1 1911
Result 0 0.0 2000 0.46 0.20 0.20 0.18 0.22 0.20 -1 -1 -1 -1 -1
Evo 1.00 0.00 0.50 0.48 0.50 0.50 0.50 0.10 0.00 0.20 0.38 0.43 -1 1911
Result 0 0.0 2000 0.47 0.21 0.21 0.21 0.18 0.20 -1 -1 -1 -1 -1
Evo 1.00 0.00 0.50 0.48 0.50 0.50 0.50 0.10 0.00 0.20 0.43 0.43 -1 1911
Result 0 0.0 2000 0.47 0.18 0.20 0.21 0.20 0.22 -1 -1 -1 -1 -1
Evo 1.00 0.00 0.50 0.48 0.50 0.50 0.50 0.10 0.00 0.20 0.38 0.43 -1 1911
Result 0 0.0 2000 0.47 0.20 0.20 0.21 0.21 0.19 -1 -1 -1 -1 -1
Evo 1.00 0.00 0.50 0.48 0.50 0.50 0.50 0.10 0.00 0.20 0.29 0.40 -1 1911
Result 0 0.0 2000 0.47 0.21 0.20 0.19 0.20 0.20 -1 -1 -1 -1 -1
Evo 1.00 0.00 0.50 0.48 0.50 0.50 0.50 0.10 0.00 0.20 0.29 0.43 -1 1911
Result 0 0.0 2000 0.47 0.20 0.20 0.22 0.19 0.19 -1 -1 -1 -1 -1
Evo 1.00 0.00 0.50 0.48 0.50 0.50 0.50 0.10 0.00 0.20 0.40 0.43 -1 1911
Result 0 0.0 2000 0.46 0.20 0.19 0.21 0.19 0.21 -1 -1 -1 -1 -1
Evo 1.00 0.00 0.50 0.48 0.50 0.50 0.50 0.10 0.00 0.20 0.29 0.43 -1 1911
Result 0 0.0 2000 0.46 0.21 0.20 0.20 0.21 0.19 -1 -1 -1 -1 -1
Evo 1.00 0.00 0.50 0.48 0.50 0.50 0.50 0.10 0.00 0.20 0.29 0.43 -1 1911
Result 0 0.0 2000 0.47 0.19 0.21 0.21 0.20 0.19 -1 -1 -1 -1 -1
Evo 1.00 0.00 0.50 0.48 0.50 0.50 0.50 0.10 0.00 0.20 0.29 0.43 -1 1911
Result 0 0.0 2000 0.47 0.19 0.20 0.20 0.19 0.21 -1 -1 -1 -1 -1
Evo 1.00 0.00 0.50 0.48 0.50 0.50 0.50 0.10 0.00 0.20 0.29 0.43 -1 1911
Result 0 0.0 2000 0.45 0.21 0.19 0.19 0.20 0.21 -1 -1 -1 -1 -1
Evo 1.00 0.00 0.50 0.48 0.50 0.50 0.50 0.10 0.00 0.20 0.40 0.43 -1 1911
Result 0 0.0 2000 0.48 0.20 0.22 0.19 0.19 0.20 -1 -1 -1 -1 -1
Evo 1.00 0.00 0.50 0.48 0.50 0.50 0.50 0.10 0.00 0.20 0.38 0.43 -1 1911
Result 0 0.0 2000 0.46 0.20 0.20 0.20 0.19 0.21 -1 -1 -1 -1 -1
Evo 1.00 0.00 0.50 0.48 0.50 0.50 0.50 0.10 0.00 0.20 0.38 0.43 -1 1911
Result 0 0.0 2000 0.46 0.18 0.20 0.21 0.20 0.22 -1 -1 -1 -1 -1
Evo 1.00 0.00 0.50 0.48 0.50 0.50 0.50 0.10 0.00 0.20 0.38 0.43 -1 1911
Result 0 0.0 2000 0.47 0.20 0.21 0.21 0.19 0.19 -1 -1 -1 -1 -1
Evo 1.00 0.00 0.50 0.48 0.50 0.50 0.50 0.10 0.00 0.20 0.38 0.43 -1 1911
Result 0 0.0 2000 0.47 0.20 0.21 0.19 0.20 0.21 -1 -1 -1 -1 -1
Evo 1.00 0.00 0.50 0.48 0.50 0.50 0.50 0.10 0.00 0.20 0.29 0.43 -1 1911
Result 0 0.0 2000 0.46 0.20 0.20 0.20 0.20 0.21 -1 -1 -1 -1 -1
Evo 1.00 0.00 0.50 0.48 0.50 0.50 0.50 0.10 0.00 0.20 0.29 0.43 -1 1911
Result 0 0.0 2000 0.46 0.20 0.19 0.21 0.21 0.20 -1 -1 -1 -1 -1
Evo 1.00 0.00 0.50 0.48 0.50 0.50 0.50 0.10 0.00 0.20 0.29 0.43 -1 1911
Result 0 0.0 2000 0.46 0.22 0.20 0.20 0.19 0.19 -1 -1 -1 -1 -1
Evo 1.00 0.00 0.50 0.48 0.50 0.50 0.50 0.10 0.00 0.20 0.29 0.43 -1 1911
Result 0 0.0 2000 0.46 0.19 0.19 0.20 0.20 0.21 -1 -1 -1 -1 -1
