Evo 1.00 0.00 0.00 0.00 0.00 0.00 0.00 0.00 0.00 0.00 0.03 0.12 -1 1911
Result 0 0.0 2000 0.46 0.20 0.19 0.20 0.20 0.20 -1 -1 -1 -1 -1
Evo 1.00 0.00 1.00 0.96 1.00 1.00 1.00 0.21 0.00 0.20 0.03 0.11 -1 1911
Result 0 0.0 2000 0.46 0.20 0.21 0.20 0.21 0.18 -1 -1 -1 -1 -1
Evo 1.00 0.00 1.00 0.96 1.00 1.00 1.00 0.21 0.00 0.20 0.03 0.06 -1 1911
Result 0 0.0 2000 0.46 0.20 0.19 0.19 0.22 0.19 -1 -1 -1 -1 -1
Evo 1.00 0.00 1.00 0.96 1.00 1.00 1.00 0.21 0.00 0.02 0.24 0.47 -1 572
Result 0 3.0 2000 0.47 0.20 0.21 0.18 0.21 0.20 -1 -1 -1 -1 -1
Evo 1.00 0.00 1.00 0.96 1.00 1.00 1.00 0.21 0.00 0.06 0.03 0.08 -1 1911
Result 0 0.0 2000 0.47 0.21 0.19 0.21 0.19 0.20 -1 -1 -1 -1 -1
Evo 1.00 0.00 1.00 0.96 1.00 1.00 1.00 0.21 0.00 0.06 0.03 0.10 -1 1911
Result 0 0.0 2000 0.47 0.20 0.21 0.21 0.18 0.20 -1 -1 -1 -1 -1
Evo 1.00 0.00 1.00 0.96 1.00 1.00 1.00 0.21 0.00 0.06 0.03 0.07 -1 1911
Result 0 0.0 2000 0.47 0.20 0.21 0.19 0.21 0.20 -1 -1 -1 -1 -1
Evo 1.00 0.00 1.00 0.96 1.00 1.00 1.00 0.21 0.00 0.17 0.23 0.46 -1 539
Result 0 3.0 2000 0.48 0.21 0.20 0.20 0.19 0.20 -1 -1 -1 -1 -1
Evo 1.00 0.00 1.00 0.96 1.00 1.00 1.00 0.21 0.00 0.06 0.03 0.13 -1 1911
Result 0 0.0 2000 0.47 0.20 0.20 0.21 0.19 0.20 -1 -1 -1 -1 -1
Evo 1.00 0.00 1.00 0.96 1.00 1.00 1.00 0.21 0.00 0.14 0.18 0.25 -1 283
Result 0 2.0 2000 0.47 0.21 0.20 0.20 0.20 0.19 -1 -1 -1 -1 -1
Evo 1.00 0.00 1.00 0.96 1.00 1.00 1.00 0.21 0.00 0.16 0.11 0.20 -1 1662
Result 0 0.0 2000 0.44 0.18 0.21 0.21 0.20 0.20 -1 -1 -1 -1 -1
Evo 1.00 0.00 1.00 0.96 1.00 1.00 1.00 0.21 0.00 0.06 0.03 0.09 -1 1911
Result 0 0.0 2000 0.47 0.20 0.19 0.21 0.20 0.20 -1 -1 -1 -1 -1
Evo 1.00 0.00 1.00 0.96 1.00 1.00 1.00 0.21 0.00 0.07 0.20 0.28 -1 1128
Result 0 2.0 2000 0.46 0.21 0.20 0.18 0.20 0.20 -1 -1 -1 -1 -1
Evo 1.00 0.00 1.00 0.96 1.00 1.00 1.00 0.21 0.00 0.20 0.19 0.25 -1 599
Result 0 2.0 2000 0.46 0.21 0.20 0.21 0.19 0.20 -1 -1 -1 -1 -1
Evo 1.00 0.00 1.00 0.96 1.00 1.00 1.00 0.21 0.00 0.06 0.03 0.09 -1 1911
Result 0 0.0 2000 0.48 0.22 0.19 0.21 0.19 0.19 -1 -1 -1 -1 -1
Evo 1.00 0.00 1.00 0.96 1.00 1.00 1.00 0.21 0.00 0.14 0.18 0.25 -1 951
Result 0 2.0 2000 0.46 0.19 0.20 0.20 0.21 0.20 -1 -1 -1 -1 -1
Evo 1.00 0.00 1.00 0.96 1.00 1.00 1.00 0.21 0.00 0.06 0.03 0.09 -1 1911
Result 0 0.0 2000 0.47 0.20 0.20 0.21 0.20 0.20 -1 -1 -1 -1 -1
Evo 1.00 0.00 1.00 0.96 1.00 1.00 1.00 0.21 0.00 0.17 0.15 0.26 -1 170
Result 0 2.0 2000 0.47 0.21 0.21 0.20 0.19 0.19 -1 -1 -1 -1 -1
Evo 1.00 0.00 1.00 0.96 1.00 1.00 1.00 0.21 0.00 0.14 0.16 0.24 -1 1755
Result 0 2.0 2000 0.47 0.20 0.20 0.20 0.20 0.20 -1 -1 -1 -1 -1
Evo 1.00 0.00 1.00 0.96 1.00 1.00 1.00 0.21 0.00 0.16 0.26 0.49 -1 305
Result 0 2.0 2000 0.48 0.22 0.21 0.19 0.20 0.19 -1 -1 -1 -1 -1
Evo 1.00 0.00 1.00 0.96 1.00 1.00 1.00 0.21 0.00 0.06 0.53 0.62 -1 1911
Result 0 0.0 2000 0.44 0.21 0.18 0.21 0.20 0.21 -1 -1 -1 -1 -1
Evo 1.00 0.00 1.00 0.96 1.00 1.00 1.00 0.21 0.00 0.06 0.47 0.62 -1 1911
Result 0 0.0 2000 0.47 0.19 0.20 0.19 0.20 0.22 -1 -1 -1 -1 -1
Evo 1.00 0.00 1.00 0.96 1.00 1.00 1.00 0.21 0.00 0.06 0.50 0.62 -1 1911
Result 0 0.0 2000 0.46 0.20 0.20 0.20 0.21 0.20 -1 -1 -1 -1 -1
Evo 1.00 0.00 1.00 0.96 1.00 1.00 1.00 0.21 0.00 0.06 0.48 0.62 -1 1911
Result 0 0.0 2000 0.46 0.21 0.20 0.19 0.20 0.21 -1 -1 -1 -1 -1
Evo 1.00 0.00 1.00 0.96 1.00 1.00 1.00 0.21 0.00 0.06 0.52 0.62 -1 1911
Result 0 0.0 2000 0.46 0.20 0.20 0.20 0.20 0.20 -1 -1 -1 -1 -1
Evo 1.00 0.00 1.00 0.96 1.00 1.00 1.00 0.21 0.00 0.06 0.49 0.62 -1 1911
Result 0 0.0 2000 0.47 0.20 0.20 0.19 0.19 0.21 -1 -1 -1 -1 -1
Evo 1.00 0.00 1.00 0.96 1.00 1.00 1.00 0.21 0.00 0.06 0.41 0.62 -1 1911
Result 0 0.0 2000 0.47 0.21 0.20 0.19 0.20 0.19 -1 -1 -1 -1 -1
Evo 1.00 0.00 1.00 0.96 1.00 1.00 1.00 0.21 0.00 0.06 0.48 0.62 -1 1911
Result 0 0.0 2000 0.45 0.19 0.21 0.21 0.20 0.20 -1 -1 -1 -1 -1
Evo 1.00 0.00 1.00 0.96 1.00 1.00 1.00 0.21 0.00 0.06 0.49 0.62 -1 1911
Result 0 0.0 2000 0.47 0.20 0.20 0.19 0.20 0.21 -1 -1 -1 -1 -1
Evo 1.00 0.00 1.00 0.96 1.00 1.00 1.00 0.21 0.00 0.06 0.49 0.62 -1 1911
Result 0 0.0 2000 0.48 0.18 0.22 0.20 0.20 0.20 -1 -1 -1 -1 -1
Evo 1.00 0.00 1.00 0.96 1.00 1.00 1.00 0.21 0.00 0.06 0.51 0.62 -1 1911
Result 0 0.0 2000 0.46 0.19 0.20 0.21 0.20 0.20 -1 -1 -1 -1 -1
Evo 1.00 0.00 1.00 0.96 1.00 1.00 1.00 0.21 0.00 0.06 0.46 0.62 -1 1911
Result 0 0.0 2000 0.47 0.20 0.20 0.19 0.21 0.20 -1 -1 -1 -1 -1
Evo 1.00 0.00 1.00 0.96 1.00 1.00 1.00 0.21 0.00 0.06 0.46 0.62 -1 1911
Result 0 0.0 2000 0.46 0.20 0.20 0.19 0.21 0.20 -1 -1 -1 -1 -1
Evo 1.00 0.00 1.00 0.96 1.00 1.00 1.00 0.21 0.00 0.06 0.51 0.62 -1 1911
Result 0 0.0 2000 0.46 0.19 0.20 0.21 0.21 0.20 -1 -1 -1 -1 -1
Evo 1.00 0.00 1.00 0.96 1.00 1.00 1.00 0.21 0.00 0.06 0.51 0.62 -1 1911
Result 0 0.0 2000 0.46 0.18 0.19 0.20 0.20 0.22 -1 -1 -1 -1 -1
Evo 1.00 0.00 1.00 0.96 1.00 1.00 1.00 0.21 0.00 0.06 0.47 0.62 -1 1911
Result 0 0.0 2000 0.46 0.19 0.20 0.20 0.22 0.19 -1 -1 -1 -1 -1
Evo 1.00 0.00 1.00 0.96 1.00 1.00 1.00 0.21 0.00 0.06 0.45 0.62 -1 1911
Result 0 0.0 2000 0.47 0.21 0.21 0.19 0.19 0.19 -1 -1 -1 -1 -1
Evo 1.00 0.00 1.00 0.96 1.00 1.00 1.00 0.21 0.00 0.06 0.48 0.62 -1 1911
Result 0 0.0 2000 0.45 0.18 0.21 0.21 0.21 0.19 -1 -1 -1 -1 -1
Evo 1.00 0.00 1.00 0.96 1.00 1.00 1.00 0.21 0.00 0.06 0.45 0.62 -1 1911
Result 0 0.0 2000 0.47 0.21 0.20 0.21 0.18 0.19 -1 -1 -1 -1 -1
Evo 1.00 0.00 1.00 0.96 1.00 1.00 1.00 0.21 0.00 0.06 0.42 0.62 -1 1911
Result 0 0.0 2000 0.47 0.20 0.20 0.21 0.20 0.18 -1 -1 -1 -1 -1
Evo 1.11 0.00 1.00 0.40 0.00 0.00 1.00 0.52 0.16 0.53 0.02 0.22 -1 0
Result 0 0.0 9 0.46 0.20 0.20 0.10 0.20 0.30 -1 -1 -1 -1 -1
Evo 1.02 0.00 1.00 0.44 0.00 0.00 1.00 0.50 0.07 0.52 0.03 0.23 -1 0
Result 0 0.0 44 0.39 0.13 0.13 0.29 0.24 0.20 -1 -1 -1 -1 -1
Evo 1.07 0.00 1.00 0.31 0.00 0.00 1.00 0.48 0.12 0.52 0.01 0.18 -1 0
Result 0 0.0 15 0.38 0.13 0.13 0.25 0.19 0.31 -1 -1 -1 -1 -1
Evo 1.06 0.00 1.00 0.44 0.00 0.00 1.00 0.51 0.12 0.52 0.03 0.19 -1 0
Result 0 0.0 17 0.51 0.28 0.17 0.17 0.17 0.22 -1 -1 -1 -1 -1
Evo 1.01 0.00 1.00 0.66 0.00 1.00 1.00 0.48 0.04 0.40 0.07 0.22 -1 0
Result 0 0.0 118 0.41 0.15 0.22 0.24 0.24 0.15 -1 -1 -1 -1 -1
Evo 1.02 0.00 1.00 0.57 0.00 1.00 1.00 0.50 0.08 0.46 0.04 0.23 -1 0
Result 0 0.0 41 0.49 0.19 0.24 0.24 0.17 0.17 -1 -1 -1 -1 -1
Evo 1.03 0.00 1.00 0.82 1.00 1.00 1.00 0.38 0.06 0.23 0.05 0.24 -1 0
Result 0 0.0 39 0.48 0.30 0.23 0.15 0.18 0.15 -1 -1 -1 -1 -1
Evo 1.02 0.00 1.00 0.42 0.00 0.00 1.00 0.50 0.08 0.53 0.05 0.33 -1 0
Result 0 0.0 42 0.43 0.16 0.19 0.21 0.19 0.26 -1 -1 -1 -1 -1
Evo 1.02 0.00 1.00 0.57 0.00 1.00 1.00 0.50 0.07 0.46 0.06 0.35 -1 0
Result 0 0.0 55 0.40 0.18 0.14 0.21 0.21 0.25 -1 -1 -1 -1 -1
Evo 1.01 0.00 1.00 0.47 0.00 0.00 1.00 0.50 0.05 0.51 0.05 0.23 -1 0
Result 0 0.0 111 0.44 0.19 0.18 0.28 0.20 0.16 -1 -1 -1 -1 -1
Evo 1.50 0.00 1.00 0.67 0.00 1.00 1.00 0.58 0.33 0.39 0.01 0.11 -1 0
Result 0 0.0 2 0.53 0.33 -1 -1 -1 0.67 -1 -1 -1 -1 -1
Evo 1.01 0.00 1.00 0.88 1.00 1.00 1.00 0.33 0.02 0.16 0.12 0.31 -1 0
Result 0 0.0 200 0.43 0.16 0.26 0.18 0.24 0.15 -1 -1 -1 -1 -1
Evo 1.11 0.00 1.00 0.50 0.00 1.00 1.00 0.53 0.17 0.50 0.01 0.16 -1 0
Result 0 0.0 9 0.33 0.10 0.10 0.30 -1 0.50 -1 -1 -1 -1 -1
Evo 1.02 0.00 1.00 0.44 0.00 0.00 1.00 0.50 0.08 0.52 0.04 0.25 -1 0
Result 0 0.0 42 0.52 0.26 0.30 0.16 0.09 0.19 -1 -1 -1 -1 -1
Evo 1.05 0.00 1.00 0.67 0.00 1.00 1.00 0.48 0.11 0.39 0.03 0.23 -1 0
Result 0 0.0 20 0.52 0.19 0.29 0.10 0.29 0.14 -1 -1 -1 -1 -1
Evo 1.05 0.00 1.00 0.43 0.00 0.00 1.00 0.51 0.11 0.52 0.01 0.15 -1 0
Result 0 0.0 22 0.31 0.26 0.09 0.17 0.26 0.22 -1 -1 -1 -1 -1
Evo 1.01 0.00 1.00 0.62 0.00 1.00 1.00 0.49 0.05 0.43 0.03 0.21 -1 0
Result 0 0.0 98 0.44 0.19 0.17 0.31 0.16 0.16 -1 -1 -1 -1 -1
Evo 1.03 0.00 1.00 0.57 0.00 1.00 1.00 0.50 0.09 0.46 0.02 0.20 -1 0
Result 0 0.0 29 0.53 0.33 0.17 0.13 0.17 0.20 -1 -1 -1 -1 -1
Evo 1.13 0.00 1.00 0.56 0.00 0.00 1.00 0.53 0.18 0.47 0.01 0.15 -1 0
Result 0 0.0 8 0.35 -1 0.11 0.11 0.44 0.33 -1 -1 -1 -1 -1
Evo 1.07 0.00 1.00 0.56 0.00 1.00 1.00 0.51 0.13 0.47 0.02 0.25 -1 0
Result 0 0.0 15 0.50 0.25 0.38 -1 0.19 0.19 -1 -1 -1 -1 -1
Evo 1.00 0.00 1.00 0.96 1.00 1.00 1.00 0.21 0.00 0.01 0.39 0.41 -1 1911
Result 0 0.0 2000 0.47 0.18 0.20 0.19 0.21 0.22 -1 -1 -1 -1 -1
Evo 1.00 0.00 1.00 0.96 1.00 1.00 1.00 0.21 0.00 0.03 0.35 0.41 -1 1911
Result 0 0.0 2000 0.48 0.22 0.18 0.20 0.20 0.20 -1 -1 -1 -1 -1
Evo 1.00 0.00 1.00 0.96 1.00 1.00 1.00 0.21 0.00 0.02 0.38 0.41 -1 1911
Result 0 0.0 2000 0.47 0.21 0.20 0.20 0.19 0.20 -1 -1 -1 -1 -1
Evo 1.00 0.00 1.00 0.96 1.00 1.00 1.00 0.21 0.00 0.46 0.40 0.41 -1 1911
Result 0 2.0 2000 0.46 0.20 0.20 0.21 0.20 0.19 -1 -1 -1 -1 -1
Evo 1.00 0.00 1.00 0.96 1.00 1.00 1.00 0.21 0.00 0.53 0.39 0.41 -1 1911
Result 0 1.0 2000 0.47 0.19 0.20 0.20 0.21 0.20 -1 -1 -1 -1 -1
Evo 1.00 0.00 1.00 0.96 1.00 1.00 1.00 0.21 0.00 0.02 0.36 0.41 -1 1911
Result 0 0.0 2000 0.46 0.20 0.19 0.19 0.21 0.20 -1 -1 -1 -1 -1
Evo 1.00 0.00 1.00 0.96 1.00 1.00 1.00 0.21 0.00 0.06 0.38 0.41 -1 1911
Result 0 0.0 2000 0.47 0.20 0.20 0.20 0.21 0.20 -1 -1 -1 -1 -1
Evo 1.00 0.00 1.00 0.96 1.00 1.00 1.00 0.21 0.00 0.03 0.37 0.41 -1 1911
Result 0 0.0 2000 0.46 0.20 0.20 0.18 0.21 0.21 -1 -1 -1 -1 -1
Evo 1.00 0.00 1.00 0.96 1.00 1.00 1.00 0.21 0.00 0.12 0.36 0.41 -1 1911
Result 0 1.0 2000 0.47 0.21 0.19 0.22 0.19 0.20 -1 -1 -1 -1 -1
Evo 1.00 0.00 1.00 0.96 1.00 1.00 1.00 0.21 0.00 0.01 0.37 0.41 -1 1911
Result 0 0.0 2000 0.46 0.20 0.19 0.20 0.20 0.21 -1 -1 -1 -1 -1
Evo 1.00 0.00 1.00 0.96 1.00 1.00 1.00 0.21 0.00 0.06 0.38 0.41 -1 1911
Result 0 0.0 2000 0.46 0.20 0.19 0.19 0.20 0.21 -1 -1 -1 -1 -1
Evo 1.00 0.00 1.00 0.96 1.00 1.00 1.00 0.21 0.00 0.16 0.39 0.41 -1 1911
Result 0 1.0 2000 0.46 0.20 0.19 0.19 0.21 0.20 -1 -1 -1 -1 -1
Evo 1.00 0.00 1.00 0.96 1.00 1.00 1.00 0.21 0.00 0.51 0.38 0.41 -1 1911
Result 0 1.0 2000 0.47 0.20 0.19 0.21 0.20 0.19 -1 -1 -1 -1 -1
Evo 1.00 0.00 1.00 0.96 1.00 1.00 1.00 0.21 0.00 0.06 0.35 0.41 -1 1911
Result 0 0.0 2000 0.47 0.20 0.19 0.20 0.20 0.20 -1 -1 -1 -1 -1
Evo 1.00 0.00 1.00 0.96 1.00 1.00 1.00 0.21 0.00 0.50 0.38 0.41 -1 1911
Result 0 2.0 2000 0.47 0.19 0.20 0.21 0.19 0.21 -1 -1 -1 -1 -1
Evo 1.00 0.00 1.00 0.96 1.00 1.00 1.00 0.21 0.00 0.06 0.38 0.41 -1 1911
Result 0 0.0 2000 0.46 0.19 0.20 0.20 0.18 0.23 -1 -1 -1 -1 -1
Evo 1.00 0.00 1.00 0.96 1.00 1.00 1.00 0.21 0.00 0.09 0.38 0.41 -1 1911
Result 0 1.0 2000 0.47 0.21 0.20 0.19 0.21 0.19 -1 -1 -1 -1 -1
Evo 1.00 0.00 1.00 0.96 1.00 1.00 1.00 0.21 0.00 0.01 0.37 0.41 -1 1911
Result 0 0.0 2000 0.46 0.20 0.19 0.19 0.20 0.22 -1 -1 -1 -1 -1
Evo 1.00 0.00 1.00 0.96 1.00 1.00 1.00 0.21 0.00 0.42 0.38 0.41 -1 1911
Result 0 1.0 2000 0.45 0.19 0.20 0.21 0.20 0.21 -1 -1 -1 -1 -1
Evo 1.00 0.00 1.00 0.96 1.00 1.00 1.00 0.21 0.00 0.03 0.38 0.41 -1 1911
Result 0 0.0 2000 0.46 0.19 0.20 0.20 0.21 0.20 -1 -1 -1 -1 -1
Evo 1.00 0.00 1.00 0.96 1.00 1.00 1.00 0.21 0.00 0.03 0.40 0.71 -1 1911
Result 0 5.0 2000 0.47 0.20 0.21 0.20 0.20 0.19 -1 -1 -1 -1 -1
Evo 1.00 0.00 1.00 0.96 1.00 1.00 1.00 0.21 0.00 0.27 0.53 0.71 -1 1911
Result 0 6.0 2000 0.45 0.19 0.21 0.20 0.20 0.20 -1 -1 -1 -1 -1
Evo 1.00 0.00 1.00 0.96 1.00 1.00 1.00 0.21 0.00 0.01 0.54 0.70 -1 1911
Result 0 2.0 2000 0.47 0.20 0.21 0.18 0.21 0.20 -1 -1 -1 -1 -1
Evo 1.00 0.00 1.00 0.96 1.00 1.00 1.00 0.21 0.00 0.10 0.54 0.71 -1 1911
Result 0 6.0 2000 0.46 0.21 0.19 0.20 0.19 0.21 -1 -1 -1 -1 -1
Evo 1.00 0.00 1.00 0.96 1.00 1.00 1.00 0.21 0.00 0.43 0.56 0.71 -1 1911
Result 0 5.0 2000 0.46 0.20 0.19 0.20 0.20 0.21 -1 -1 -1 -1 -1
Evo 1.00 0.00 1.00 0.96 1.00 1.00 1.00 0.21 0.00 0.38 0.60 0.71 -1 1911
Result 0 4.0 2000 0.46 0.19 0.20 0.21 0.19 0.21 -1 -1 -1 -1 -1
Evo 1.00 0.00 1.00 0.96 1.00 1.00 1.00 0.21 0.00 0.18 0.48 0.71 -1 1911
Result 0 4.0 2000 0.46 0.19 0.20 0.21 0.21 0.19 -1 -1 -1 -1 -1
Evo 1.00 0.00 1.00 0.96 1.00 1.00 1.00 0.21 0.00 0.46 0.52 0.71 -1 1911
Result 0 4.0 2000 0.47 0.20 0.21 0.20 0.19 0.20 -1 -1 -1 -1 -1
Evo 1.00 0.00 1.00 0.96 1.00 1.00 1.00 0.21 0.00 0.51 0.51 0.71 -1 1911
Result 0 3.0 2000 0.46 0.21 0.20 0.20 0.20 0.20 -1 -1 -1 -1 -1
Evo 1.00 0.00 1.00 0.96 1.00 1.00 1.00 0.21 0.00 0.31 0.58 0.71 -1 1911
Result 0 4.0 2000 0.47 0.19 0.21 0.21 0.19 0.21 -1 -1 -1 -1 -1
Evo 1.00 0.00 1.00 0.96 1.00 1.00 1.00 0.21 0.00 0.24 0.55 0.71 -1 1911
Result 0 5.0 2000 0.46 0.20 0.19 0.21 0.20 0.19 -1 -1 -1 -1 -1
Evo 1.00 0.00 1.00 0.96 1.00 1.00 1.00 0.21 0.00 0.50 0.56 0.71 -1 1911
Result 0 5.0 2000 0.46 0.20 0.20 0.20 0.20 0.20 -1 -1 -1 -1 -1
Evo 1.00 0.00 1.00 0.96 1.00 1.00 1.00 0.21 0.00 0.36 0.59 0.71 -1 1911
Result 0 5.0 2000 0.47 0.20 0.19 0.21 0.19 0.20 -1 -1 -1 -1 -1
Evo 1.00 0.00 1.00 0.96 1.00 1.00 1.00 0.21 0.00 0.51 0.51 0.71 -1 1911
Result 0 4.0 2000 0.45 0.19 0.20 0.21 0.19 0.21 -1 -1 -1 -1 -1
Evo 1.00 0.00 1.00 0.96 1.00 1.00 1.00 0.21 0.00 0.51 0.59 0.71 -1 1911
Result 0 6.0 2000 0.46 0.20 0.20 0.20 0.20 0.20 -1 -1 -1 -1 -1
Evo 1.00 0.00 1.00 0.96 1.00 1.00 1.00 0.21 0.00 0.53 0.52 0.71 -1 1911
Result 0 5.0 2000 0.47 0.19 0.20 0.20 0.20 0.21 -1 -1 -1 -1 -1
Evo 1.00 0.00 1.00 0.96 1.00 1.00 1.00 0.21 0.00 0.32 0.54 0.71 -1 1911
Result 0 7.0 2000 0.47 0.21 0.20 0.21 0.19 0.20 -1 -1 -1 -1 -1
Evo 1.00 0.00 1.00 0.96 1.00 1.00 1.00 0.21 0.00 0.32 0.50 0.71 -1 1911
Result 0 6.0 2000 0.46 0.19 0.19 0.20 0.23 0.19 -1 -1 -1 -1 -1
Evo 1.00 0.00 1.00 0.96 1.00 1.00 1.00 0.21 0.00 0.35 0.43 0.71 -1 1911
Result 0 4.0 2000 0.46 0.21 0.20 0.21 0.20 0.18 -1 -1 -1 -1 -1
Evo 1.00 0.00 1.00 0.96 1.00 1.00 1.00 0.21 0.00 0.25 0.60 0.71 -1 1911
Result 0 5.0 2000 0.48 0.22 0.20 0.20 0.19 0.20 -1 -1 -1 -1 -1
