Evo 1.00 0.00 1.00 0.51 0.00 1.00 1.00 0.50 0.02 0.50 0.08 0.38 -1 174
Result 0 0.0 450 0.45 0.20 0.18 0.22 0.18 0.21 -1 -1 -1 -1 -1
Evo 1.00 0.00 1.00 0.78 1.00 1.00 1.00 0.41 0.02 0.48 0.10 0.46 -1 148
Result 0 0.0 437 0.49 0.20 0.24 0.18 0.19 0.20 -1 -1 -1 -1 -1
Evo 1.00 0.00 1.00 0.97 1.00 1.00 1.00 0.18 0.01 0.16 0.05 0.31 -1 152
Result 0 0.0 305 0.46 0.14 0.20 0.25 0.25 0.17 -1 -1 -1 -1 -1
Evo 1.00 0.00 1.00 0.84 1.00 1.00 1.00 0.36 0.02 0.42 0.07 0.47 -1 153
Result 0 0.0 267 0.47 0.21 0.21 0.17 0.19 0.23 -1 -1 -1 -1 -1
Evo 1.00 0.00 1.00 0.85 1.00 1.00 1.00 0.36 0.02 0.41 0.10 0.46 -1 168
Result 0 0.0 470 0.48 0.16 0.22 0.20 0.21 0.21 -1 -1 -1 -1 -1
Evo 1.00 0.00 1.00 0.87 1.00 1.00 1.00 0.34 0.02 0.39 0.09 0.46 -1 171
Result 0 0.0 429 0.48 0.18 0.21 0.17 0.21 0.23 -1 -1 -1 -1 -1
Evo 1.00 0.00 1.00 0.97 1.00 1.00 1.00 0.16 0.01 0.14 0.07 0.44 -1 36
Result 0 0.0 296 0.46 0.17 0.20 0.18 0.24 0.21 -1 -1 -1 -1 -1
Evo 1.00 0.00 1.00 0.83 1.00 1.00 1.00 0.37 0.02 0.43 0.05 0.36 -1 166
Result 0 0.0 446 0.45 0.19 0.19 0.22 0.22 0.19 -1 -1 -1 -1 -1
Evo 1.00 0.00 1.00 0.90 1.00 1.00 1.00 0.30 0.01 0.33 0.09 0.40 -1 164
Result 0 0.0 450 0.46 0.21 0.20 0.21 0.21 0.18 -1 -1 -1 -1 -1
Evo 1.00 0.00 1.00 0.90 1.00 1.00 1.00 0.30 0.01 0.33 0.09 0.34 -1 160
Result 0 0.0 454 0.47 0.22 0.20 0.22 0.18 0.18 -1 -1 -1 -1 -1
Evo 1.00 0.00 1.00 0.92 1.00 1.00 1.00 0.27 0.02 0.29 0.07 0.57 -1 166
Result 0 0.0 270 0.50 0.21 0.25 0.17 0.14 0.23 -1 -1 -1 -1 -1
Evo 1.00 0.00 1.00 0.93 1.00 1.00 1.00 0.26 0.02 0.28 0.06 0.41 -1 150
Result 0 0.0 280 0.45 0.22 0.18 0.22 0.18 0.21 -1 -1 -1 -1 -1
Evo 1.00 0.00 1.00 0.99 1.00 1.00 1.00 0.08 0.00 0.05 0.06 0.39 -1 153
Result 0 0.0 294 0.47 0.18 0.20 0.21 0.18 0.23 -1 -1 -1 -1 -1
Evo 1.00 0.00 1.00 0.79 1.00 1.00 1.00 0.40 0.02 0.47 0.12 0.48 -1 171
Result 0 0.0 442 0.45 0.18 0.19 0.23 0.19 0.21 -1 -1 -1 -1 -1
Evo 1.00 0.00 1.00 0.96 1.00 1.00 1.00 0.20 0.01 0.19 0.08 0.51 -1 150
Result 0 0.0 275 0.48 0.19 0.22 0.19 0.17 0.23 -1 -1 -1 -1 -1
Evo 1.00 0.00 1.00 0.87 1.00 1.00 1.00 0.34 0.02 0.39 0.11 0.46 -1 162
Result 0 0.0 451 0.48 0.19 0.22 0.22 0.20 0.17 -1 -1 -1 -1 -1
Evo 1.00 0.00 1.00 0.99 1.00 1.00 1.00 0.11 0.01 0.08 0.09 0.56 -1 164
Result 0 0.0 328 0.47 0.20 0.21 0.18 0.19 0.21 -1 -1 -1 -1 -1
Evo 1.00 0.00 1.00 0.81 1.00 1.00 1.00 0.39 0.02 0.45 0.08 0.32 -1 160
Result 0 0.0 434 0.47 0.22 0.21 0.19 0.22 0.17 -1 -1 -1 -1 -1
Evo 1.00 0.00 1.00 0.99 1.00 1.00 1.00 0.12 0.01 0.08 0.06 0.39 -1 163
Result 0 0.0 298 0.45 0.21 0.18 0.20 0.21 0.19 -1 -1 -1 -1 -1
Evo 1.00 0.00 1.00 0.86 1.00 1.00 1.00 0.35 0.02 0.40 0.07 0.34 -1 174
Result 0 0.0 447 0.43 0.21 0.17 0.23 0.22 0.17 -1 -1 -1 -1 -1
Evo 1.00 0.00 1.00 0.85 1.00 1.00 1.00 0.36 0.02 0.41 0.13 0.37 -1 275
Result 0 0.0 544 0.46 0.21 0.20 0.19 0.19 0.21 -1 -1 -1 -1 -1
Evo 1.00 0.00 1.00 0.91 1.00 1.00 1.00 0.29 0.02 0.32 0.10 0.46 -1 258
Result 0 0.0 369 0.47 0.19 0.21 0.25 0.16 0.19 -1 -1 -1 -1 -1
Evo 1.00 0.00 1.00 0.88 1.00 1.00 1.00 0.32 0.01 0.36 0.07 0.30 -1 277
Result 0 0.0 536 0.50 0.20 0.24 0.17 0.20 0.18 -1 -1 -1 -1 -1
Evo 1.00 0.00 1.00 0.92 1.00 1.00 1.00 0.27 0.01 0.28 0.14 0.44 -1 300
Result 0 0.0 549 0.44 0.17 0.18 0.23 0.18 0.24 -1 -1 -1 -1 -1
Evo 1.00 0.00 1.00 0.96 1.00 1.00 1.00 0.20 0.01 0.19 0.10 0.47 -1 270
Result 0 0.0 375 0.48 0.19 0.22 0.24 0.18 0.18 -1 -1 -1 -1 -1
Evo 1.00 0.00 1.00 0.96 1.00 1.00 1.00 0.19 0.01 0.17 0.09 0.46 -1 283
Result 0 0.0 392 0.47 0.24 0.21 0.20 0.18 0.17 -1 -1 -1 -1 -1
Evo 1.00 1.00 1.00 1.00 1.00 1.00 1.00 0.00 0.00 0.00 0.07 0.30 -1 292
Result 0 0.0 411 0.47 0.17 0.20 0.19 0.21 0.23 -1 -1 -1 -1 -1
Evo 1.00 0.00 1.00 0.85 1.00 1.00 1.00 0.36 0.02 0.41 0.08 0.33 -1 273
Result 0 0.0 542 0.46 0.20 0.20 0.20 0.21 0.20 -1 -1 -1 -1 -1
Evo 1.00 0.00 1.00 0.84 1.00 1.00 1.00 0.37 0.02 0.43 0.09 0.42 -1 298
Result 0 0.0 562 0.46 0.21 0.19 0.20 0.21 0.19 -1 -1 -1 -1 -1
Evo 1.00 0.00 1.00 0.99 1.00 1.00 1.00 0.10 0.00 0.07 0.06 0.29 -1 276
Result 0 0.0 410 0.45 0.21 0.19 0.20 0.18 0.22 -1 -1 -1 -1 -1
Evo 1.00 0.00 1.00 0.99 1.00 1.00 1.00 0.10 0.00 0.06 0.07 0.34 -1 280
Result 0 0.0 414 0.43 0.21 0.17 0.20 0.20 0.21 -1 -1 -1 -1 -1
Evo 1.00 0.00 1.00 0.88 1.00 1.00 1.00 0.32 0.02 0.36 0.08 0.34 -1 256
Result 0 0.0 385 0.49 0.18 0.24 0.18 0.22 0.19 -1 -1 -1 -1 -1
Evo 1.00 0.00 1.00 0.89 1.00 1.00 1.00 0.31 0.01 0.34 0.07 0.39 -1 285
Result 0 0.0 529 0.47 0.22 0.20 0.20 0.20 0.17 -1 -1 -1 -1 -1
Evo 1.00 0.00 1.00 0.89 1.00 1.00 1.00 0.31 0.01 0.35 0.14 0.56 -1 288
Result 0 0.0 534 0.46 0.19 0.20 0.22 0.20 0.19 -1 -1 -1 -1 -1
Evo 1.00 0.00 1.00 0.92 1.00 1.00 1.00 0.27 0.01 0.29 0.05 0.33 -1 260
Result 0 0.0 348 0.45 0.19 0.19 0.22 0.24 0.17 -1 -1 -1 -1 -1
Evo 1.00 0.00 1.00 0.88 1.00 1.00 1.00 0.33 0.01 0.37 0.09 0.38 -1 275
Result 0 0.0 527 0.43 0.20 0.16 0.23 0.21 0.20 -1 -1 -1 -1 -1
Evo 1.00 0.00 1.00 1.00 1.00 1.00 1.00 0.07 0.00 0.04 0.07 0.31 -1 264
Result 0 0.0 417 0.48 0.16 0.22 0.20 0.20 0.22 -1 -1 -1 -1 -1
Evo 1.00 0.00 1.00 0.99 1.00 1.00 1.00 0.10 0.00 0.07 0.07 0.35 -1 257
Result 0 0.0 403 0.47 0.15 0.21 0.20 0.24 0.20 -1 -1 -1 -1 -1
Evo 1.00 0.00 1.00 0.86 1.00 1.00 1.00 0.35 0.02 0.40 0.11 0.38 -1 301
Result 0 0.0 540 0.49 0.19 0.23 0.18 0.22 0.18 -1 -1 -1 -1 -1
Evo 1.00 0.00 1.00 0.84 1.00 1.00 1.00 0.36 0.02 0.42 0.09 0.37 -1 274
Result 0 0.0 540 0.46 0.20 0.19 0.18 0.21 0.21 -1 -1 -1 -1 -1
Evo 1.00 0.00 1.00 0.88 1.00 1.00 1.00 0.33 0.01 0.37 0.05 0.29 -1 285
Result 0 0.0 545 0.46 0.20 0.19 0.20 0.21 0.21 -1 -1 -1 -1 -1
Evo 1.00 0.00 1.00 0.87 1.00 1.00 1.00 0.34 0.01 0.38 0.09 0.33 -1 301
Result 0 0.0 592 0.43 0.20 0.17 0.17 0.23 0.23 -1 -1 -1 -1 -1
Evo 1.00 0.00 1.00 0.86 1.00 1.00 1.00 0.35 0.02 0.40 0.10 0.33 -1 268
Result 0 0.0 540 0.49 0.20 0.23 0.18 0.18 0.21 -1 -1 -1 -1 -1
Evo 1.00 0.00 1.00 0.92 1.00 1.00 1.00 0.27 0.01 0.29 0.13 0.51 -1 274
Result 0 0.0 525 0.48 0.18 0.22 0.22 0.19 0.20 -1 -1 -1 -1 -1
Evo 1.00 0.00 1.00 0.88 1.00 1.00 1.00 0.32 0.01 0.37 0.10 0.32 -1 271
Result 0 0.0 534 0.46 0.18 0.20 0.20 0.19 0.24 -1 -1 -1 -1 -1
Evo 1.00 0.00 1.00 0.87 1.00 1.00 1.00 0.34 0.01 0.39 0.10 0.46 -1 260
Result 0 0.0 526 0.45 0.20 0.18 0.19 0.23 0.20 -1 -1 -1 -1 -1
Evo 1.00 0.00 1.00 0.85 1.00 1.00 1.00 0.36 0.02 0.41 0.09 0.37 -1 265
Result 0 0.0 545 0.46 0.23 0.20 0.18 0.20 0.20 -1 -1 -1 -1 -1
Evo 1.00 0.00 1.00 0.85 1.00 1.00 1.00 0.35 0.02 0.41 0.08 0.31 -1 263
Result 0 0.0 540 0.47 0.23 0.20 0.18 0.19 0.19 -1 -1 -1 -1 -1
Evo 1.00 0.00 1.00 0.97 1.00 1.00 1.00 0.18 0.01 0.17 0.07 0.34 -1 262
Result 0 0.0 400 0.47 0.22 0.21 0.18 0.19 0.20 -1 -1 -1 -1 -1
Evo 1.00 0.00 1.00 0.92 1.00 1.00 1.00 0.26 0.01 0.28 0.11 0.44 -1 287
Result 0 0.0 571 0.48 0.20 0.22 0.19 0.20 0.19 -1 -1 -1 -1 -1
Evo 1.00 0.00 1.00 0.87 1.00 1.00 1.00 0.34 0.01 0.38 0.06 0.31 -1 280
Result 0 0.0 533 0.44 0.21 0.18 0.21 0.22 0.19 -1 -1 -1 -1 -1
Evo 1.00 0.00 1.00 0.99 1.00 1.00 1.00 0.11 0.01 0.08 0.04 0.39 -1 302
Result 0 0.0 419 0.43 0.21 0.17 0.20 0.21 0.21 -1 -1 -1 -1 -1
Evo 1.00 0.00 1.00 0.89 1.00 1.00 1.00 0.32 0.01 0.35 0.11 0.36 -1 324
Result 0 0.0 748 0.47 0.20 0.20 0.18 0.21 0.21 -1 -1 -1 -1 -1
Evo 1.00 0.00 1.00 0.89 1.00 1.00 1.00 0.31 0.01 0.35 0.08 0.39 -1 282
Result 0 0.0 545 0.46 0.20 0.19 0.20 0.21 0.21 -1 -1 -1 -1 -1
Evo 1.00 1.00 1.00 1.00 1.00 1.00 1.00 0.00 0.00 0.00 0.08 0.39 -1 279
Result 0 0.0 414 0.51 0.20 0.26 0.19 0.18 0.17 -1 -1 -1 -1 -1
Evo 1.00 0.00 1.00 0.88 1.00 1.00 1.00 0.33 0.01 0.37 0.08 0.34 -1 283
Result 0 0.0 525 0.47 0.21 0.21 0.20 0.21 0.19 -1 -1 -1 -1 -1
Evo 1.00 0.00 1.00 0.84 1.00 1.00 1.00 0.37 0.02 0.43 0.07 0.31 -1 276
Result 0 0.0 583 0.46 0.20 0.19 0.19 0.21 0.20 -1 -1 -1 -1 -1
Evo 1.00 0.00 1.00 0.88 1.00 1.00 1.00 0.33 0.01 0.37 0.11 0.35 -1 278
Result 0 0.0 540 0.48 0.19 0.22 0.21 0.17 0.21 -1 -1 -1 -1 -1
Evo 1.00 0.00 1.00 0.88 1.00 1.00 1.00 0.32 0.01 0.36 0.13 0.45 -1 319
Result 0 0.0 581 0.46 0.24 0.19 0.20 0.16 0.19 -1 -1 -1 -1 -1
Evo 1.00 0.00 1.00 0.88 1.00 1.00 1.00 0.33 0.01 0.37 0.11 0.37 -1 281
Result 0 0.0 540 0.45 0.21 0.18 0.23 0.18 0.21 -1 -1 -1 -1 -1
Evo 1.00 0.00 1.00 0.85 1.00 1.00 1.00 0.36 0.02 0.41 0.11 0.35 -1 162
Result 0 0.0 420 0.49 0.18 0.23 0.17 0.18 0.23 -1 -1 -1 -1 -1
Evo 1.00 0.00 1.00 0.91 1.00 1.00 1.00 0.29 0.02 0.31 0.07 0.43 -1 162
Result 0 0.0 291 0.48 0.20 0.22 0.20 0.16 0.22 -1 -1 -1 -1 -1
Evo 1.00 0.00 1.00 0.86 1.00 1.00 1.00 0.35 0.02 0.39 0.12 0.42 -1 201
Result 0 0.0 462 0.46 0.20 0.19 0.20 0.20 0.21 -1 -1 -1 -1 -1
Evo 1.00 0.00 1.00 0.93 1.00 1.00 1.00 0.26 0.01 0.27 0.08 0.37 -1 199
Result 0 0.0 482 0.45 0.20 0.19 0.21 0.24 0.16 -1 -1 -1 -1 -1
Evo 1.00 0.00 1.00 0.84 1.00 1.00 1.00 0.37 0.02 0.43 0.10 0.37 -1 178
Result 0 0.0 424 0.45 0.23 0.18 0.19 0.23 0.17 -1 -1 -1 -1 -1
Evo 1.00 0.00 1.00 0.98 1.00 1.00 1.00 0.14 0.01 0.11 0.11 0.37 -1 189
Result 0 0.0 306 0.47 0.19 0.21 0.20 0.21 0.19 -1 -1 -1 -1 -1
Evo 1.00 0.00 1.00 0.93 1.00 1.00 1.00 0.26 0.02 0.28 0.06 0.52 -1 176
Result 0 0.0 295 0.45 0.17 0.19 0.20 0.20 0.24 -1 -1 -1 -1 -1
Evo 1.00 1.00 1.00 1.00 1.00 1.00 1.00 0.00 0.00 0.00 0.06 0.42 -1 182
Result 0 0.0 297 0.49 0.20 0.23 0.17 0.21 0.17 -1 -1 -1 -1 -1
Evo 1.00 0.00 1.00 0.98 1.00 1.00 1.00 0.13 0.01 0.11 0.10 0.51 -1 176
Result 0 0.0 328 0.48 0.22 0.22 0.15 0.21 0.21 -1 -1 -1 -1 -1
Evo 1.00 0.00 1.00 0.91 1.00 1.00 1.00 0.29 0.01 0.32 0.10 0.43 -1 205
Result 0 0.0 657 0.46 0.19 0.19 0.22 0.19 0.21 -1 -1 -1 -1 -1
Evo 1.00 0.00 1.00 0.85 1.00 1.00 1.00 0.36 0.02 0.41 0.06 0.45 -1 194
Result 0 0.0 439 0.45 0.22 0.19 0.20 0.22 0.18 -1 -1 -1 -1 -1
Evo 1.00 0.00 1.00 0.98 1.00 1.00 1.00 0.14 0.01 0.11 0.07 0.46 -1 164
Result 0 0.0 321 0.46 0.20 0.20 0.19 0.21 0.21 -1 -1 -1 -1 -1
Evo 1.00 0.00 1.00 0.87 1.00 1.00 1.00 0.34 0.02 0.38 0.09 0.41 -1 186
Result 0 0.0 447 0.46 0.24 0.20 0.18 0.22 0.17 -1 -1 -1 -1 -1
Evo 1.00 0.00 1.00 0.85 1.00 1.00 1.00 0.36 0.02 0.41 0.09 0.34 -1 191
Result 0 0.0 449 0.46 0.24 0.20 0.20 0.17 0.18 -1 -1 -1 -1 -1
Evo 1.00 0.00 1.00 0.87 1.00 1.00 1.00 0.33 0.02 0.38 0.09 0.38 -1 195
Result 0 0.0 488 0.46 0.20 0.20 0.20 0.21 0.18 -1 -1 -1 -1 -1
Evo 1.00 0.00 1.00 0.85 1.00 1.00 1.00 0.36 0.02 0.41 0.09 0.33 -1 190
Result 0 0.0 446 0.47 0.21 0.21 0.22 0.19 0.17 -1 -1 -1 -1 -1
Evo 1.00 0.00 1.00 0.84 1.00 1.00 1.00 0.36 0.02 0.42 0.08 0.44 -1 185
Result 0 0.0 422 0.47 0.21 0.21 0.19 0.18 0.21 -1 -1 -1 -1 -1
Evo 1.00 0.00 1.00 0.86 1.00 1.00 1.00 0.35 0.02 0.40 0.07 0.38 -1 189
Result 0 0.0 463 0.49 0.22 0.23 0.19 0.18 0.19 -1 -1 -1 -1 -1
Evo 1.00 0.00 1.00 0.89 1.00 1.00 1.00 0.31 0.01 0.35 0.10 0.45 -1 187
Result 0 0.0 446 0.47 0.18 0.20 0.20 0.20 0.22 -1 -1 -1 -1 -1
Evo 1.00 0.00 1.00 0.79 1.00 1.00 1.00 0.40 0.02 0.47 0.08 0.38 -1 191
Result 0 0.0 640 0.48 0.20 0.22 0.19 0.18 0.21 -1 -1 -1 -1 -1
Evo 1.00 0.00 1.00 0.95 1.00 1.00 1.00 0.22 0.01 0.22 0.11 0.32 -1 421
Result 0 0.0 834 0.47 0.20 0.21 0.18 0.20 0.20 -1 -1 -1 -1 -1
Evo 1.00 0.00 1.00 0.93 1.00 1.00 1.00 0.26 0.01 0.28 0.08 0.26 -1 391
Result 0 0.0 860 0.47 0.22 0.21 0.21 0.18 0.18 -1 -1 -1 -1 -1
Evo 1.00 0.00 1.00 0.88 1.00 1.00 1.00 0.32 0.01 0.36 0.07 0.30 -1 261
Result 0 0.0 488 0.48 0.20 0.22 0.19 0.17 0.21 -1 -1 -1 -1 -1
Evo 1.00 0.00 1.00 0.97 1.00 1.00 1.00 0.16 0.01 0.14 0.09 0.42 -1 362
Result 0 0.0 486 0.47 0.20 0.21 0.17 0.19 0.23 -1 -1 -1 -1 -1
Evo 1.00 0.00 1.00 0.98 1.00 1.00 1.00 0.15 0.01 0.12 0.11 0.38 -1 465
Result 0 0.0 726 0.48 0.20 0.21 0.19 0.20 0.19 -1 -1 -1 -1 -1
Evo 1.00 0.00 1.00 0.92 1.00 1.00 1.00 0.27 0.01 0.29 0.10 0.31 -1 404
Result 0 0.0 852 0.48 0.17 0.22 0.22 0.20 0.18 -1 -1 -1 -1 -1
Evo 1.00 0.00 1.00 0.96 1.00 1.00 1.00 0.20 0.01 0.19 0.11 0.43 -1 213
Result 0 0.0 476 0.45 0.19 0.18 0.21 0.17 0.25 -1 -1 -1 -1 -1
Evo 1.00 0.00 1.00 0.87 1.00 1.00 1.00 0.33 0.01 0.38 0.09 0.38 -1 469
Result 0 0.0 835 0.44 0.22 0.18 0.20 0.21 0.18 -1 -1 -1 -1 -1
Evo 1.00 0.00 1.00 0.94 1.00 1.00 1.00 0.23 0.01 0.23 0.07 0.32 -1 213
Result 0 0.0 447 0.47 0.17 0.21 0.21 0.19 0.22 -1 -1 -1 -1 -1
Evo 1.00 0.00 1.00 0.92 1.00 1.00 1.00 0.27 0.01 0.29 0.10 0.38 -1 405
Result 0 0.0 677 0.49 0.21 0.23 0.18 0.18 0.20 -1 -1 -1 -1 -1
Evo 1.00 0.00 1.00 1.00 1.00 1.00 1.00 0.04 0.00 0.02 0.08 0.26 -1 407
Result 0 0.0 510 0.48 0.17 0.22 0.20 0.18 0.22 -1 -1 -1 -1 -1
Evo 1.00 0.00 1.00 0.90 1.00 1.00 1.00 0.31 0.01 0.34 0.09 0.37 -1 392
Result 0 0.0 645 0.47 0.17 0.20 0.20 0.22 0.21 -1 -1 -1 -1 -1
Evo 1.00 0.00 1.00 0.97 1.00 1.00 1.00 0.18 0.01 0.16 0.07 0.26 -1 427
Result 0 0.0 714 0.47 0.18 0.20 0.18 0.23 0.19 -1 -1 -1 -1 -1
Evo 1.00 0.00 1.00 0.94 1.00 1.00 1.00 0.24 0.01 0.25 0.06 0.23 -1 376
Result 0 0.0 698 0.47 0.19 0.21 0.20 0.22 0.18 -1 -1 -1 -1 -1
Evo 1.00 0.00 1.00 0.97 1.00 1.00 1.00 0.17 0.01 0.15 0.10 0.31 -1 406
Result 0 0.0 668 0.46 0.19 0.19 0.21 0.22 0.19 -1 -1 -1 -1 -1
Evo 1.00 0.00 1.00 0.92 1.00 1.00 1.00 0.27 0.01 0.29 0.10 0.33 -1 260
Result 0 0.0 635 0.44 0.22 0.18 0.21 0.18 0.21 -1 -1 -1 -1 -1
Evo 1.00 0.00 1.00 0.96 1.00 1.00 1.00 0.19 0.01 0.18 0.06 0.30 -1 424
Result 0 0.0 651 0.46 0.21 0.20 0.19 0.21 0.19 -1 -1 -1 -1 -1
Evo 1.00 0.00 1.00 1.00 1.00 1.00 1.00 0.06 0.00 0.03 0.06 0.33 -1 261
Result 0 0.0 515 0.44 0.19 0.18 0.21 0.20 0.22 -1 -1 -1 -1 -1
Evo 1.00 0.00 1.00 0.92 1.00 1.00 1.00 0.27 0.01 0.29 0.09 0.34 -1 384
Result 0 0.0 634 0.47 0.20 0.21 0.18 0.21 0.19 -1 -1 -1 -1 -1
Evo 1.00 0.00 1.00 0.91 1.00 1.00 1.00 0.28 0.01 0.31 0.06 0.24 -1 378
Result 0 0.0 639 0.45 0.19 0.19 0.21 0.21 0.20 -1 -1 -1 -1 -1
