Evo 1.00 0.00 1.00 0.98 1.00 1.00 1.00 0.13 0.00 0.05 0.55 0.68 -1 0
Result 0 -6.0 1418 0.48 0.19 0.20 0.19 0.20 0.22 -1 -1 -1 -1 -1
Evo 1.00 0.00 1.00 0.97 1.00 1.00 1.00 0.17 0.01 0.13 0.20 0.68 -1 0
Result 0 -10.0 362 0.42 0.22 0.21 0.21 0.20 0.16 -1 -1 -1 -1 -1
Evo 1.00 0.00 1.00 0.99 1.00 1.00 1.00 0.11 0.00 0.06 0.57 0.68 -1 0
Result 0 -8.0 1065 0.45 0.19 0.23 0.19 0.21 0.18 -1 -1 -1 -1 -1
Evo 1.03 0.00 1.00 0.97 1.00 1.00 1.00 0.18 0.03 0.39 0.07 0.52 -1 0
Result 0 -10.0 29 0.51 0.13 0.17 0.17 0.27 0.27 -1 -1 -1 -1 -1
Evo 1.00 0.00 1.00 0.94 1.00 1.00 1.00 0.24 0.01 0.25 0.54 0.68 -1 0
Result 0 4.0 1500 0.47 0.21 0.19 0.21 0.19 0.20 -1 -1 -1 -1 -1
Evo 1.00 0.00 1.00 0.99 1.00 1.00 1.00 0.11 0.00 0.53 0.38 0.69 -1 0
Result 0 -4.0 526 0.43 0.19 0.23 0.22 0.20 0.17 -1 -1 -1 -1 -1
Evo 1.00 0.00 1.00 0.94 1.00 1.00 1.00 0.25 0.01 0.29 0.42 0.68 -1 0
Result 0 4.0 1500 0.45 0.20 0.20 0.22 0.19 0.19 -1 -1 -1 -1 -1
Evo 1.00 0.00 1.00 0.93 1.00 1.00 1.00 0.26 0.01 0.20 0.58 0.69 -1 0
Result 0 6.0 1500 0.45 0.21 0.20 0.21 0.20 0.19 -1 -1 -1 -1 -1
Evo 1.00 0.00 1.00 0.99 1.00 1.00 1.00 0.09 0.00 0.10 0.27 0.69 -1 0
Result 0 -4.0 888 0.43 0.20 0.23 0.22 0.19 0.17 -1 -1 -1 -1 -1
Evo 1.00 0.00 1.00 0.99 1.00 1.00 1.00 0.11 0.00 0.44 0.55 0.68 -1 0
Result 0 -8.0 705 0.47 0.20 0.21 0.20 0.19 0.21 -1 -1 -1 -1 -1
Evo 1.00 0.00 1.00 0.93 1.00 1.00 1.00 0.25 0.01 0.12 0.65 0.69 -1 0
Result 0 6.0 1500 0.47 0.19 0.20 0.21 0.20 0.21 -1 -1 -1 -1 -1
Evo 1.00 0.00 1.00 0.98 1.00 1.00 1.00 0.15 0.01 0.39 0.29 0.69 -1 0
Result 0 -4.0 546 0.43 0.19 0.23 0.22 0.21 0.16 -1 -1 -1 -1 -1
Evo 1.00 0.00 1.00 0.93 1.00 1.00 1.00 0.26 0.01 0.03 0.58 0.69 -1 0
Result 0 6.0 1500 0.47 0.21 0.18 0.19 0.21 0.21 -1 -1 -1 -1 -1
Evo 1.00 0.00 1.00 0.97 1.00 1.00 1.00 0.18 0.01 0.50 0.26 0.68 -1 0
Result 0 -4.0 329 0.45 0.18 0.20 0.22 0.22 0.18 -1 -1 -1 -1 -1
Evo 1.00 0.00 1.00 0.94 1.00 1.00 1.00 0.23 0.01 0.24 0.51 0.69 -1 0
Result 0 -4.0 1483 0.45 0.19 0.21 0.21 0.20 0.18 -1 -1 -1 -1 -1
Evo 1.00 0.00 1.00 0.99 1.00 1.00 1.00 0.12 0.00 0.47 0.56 0.68 -1 0
Result 0 -8.0 587 0.47 0.22 0.19 0.21 0.17 0.21 -1 -1 -1 -1 -1
Evo 1.01 0.00 1.00 0.92 1.00 1.00 1.00 0.27 0.02 0.15 0.19 0.67 -1 0
Result 0 -10.0 129 0.43 0.23 0.18 0.20 0.22 0.17 -1 -1 -1 -1 -1
Evo 1.00 0.00 1.00 0.99 1.00 1.00 1.00 0.12 0.00 0.43 0.63 0.69 -1 0
Result 0 -4.0 1041 0.45 0.21 0.19 0.20 0.21 0.18 -1 -1 -1 -1 -1
Evo 1.00 0.00 1.00 0.93 1.00 1.00 1.00 0.25 0.01 0.33 0.55 0.68 -1 0
Result 0 2.0 1500 0.45 0.19 0.19 0.23 0.20 0.19 -1 -1 -1 -1 -1
Evo 1.00 0.00 1.00 0.99 1.00 1.00 1.00 0.11 0.01 0.15 0.29 0.68 -1 0
Result 0 -6.0 260 0.46 0.23 0.19 0.17 0.21 0.20 -1 -1 -1 -1 -1
Evo 1.00 0.00 1.00 0.94 1.00 1.00 1.00 0.25 0.01 0.02 0.23 0.64 -1 0
Result 0 0.0 1500 0.44 0.20 0.20 0.23 0.20 0.18 -1 -1 -1 -1 -1
Evo 1.00 0.00 1.00 0.99 1.00 1.00 1.00 0.09 0.00 0.01 0.55 0.66 -1 0
Result 0 -10.0 1289 0.47 0.20 0.21 0.19 0.20 0.21 -1 -1 -1 -1 -1
Evo 1.00 0.00 1.00 0.94 1.00 1.00 1.00 0.25 0.01 0.52 0.55 0.65 -1 0
Result 0 4.0 1500 0.46 0.20 0.20 0.20 0.20 0.19 -1 -1 -1 -1 -1
Evo 1.00 0.00 1.00 1.00 1.00 1.00 1.00 0.07 0.00 0.50 0.39 0.65 -1 0
Result 0 -8.0 1410 0.47 0.20 0.22 0.18 0.19 0.21 -1 -1 -1 -1 -1
Evo 1.00 0.00 1.00 0.99 1.00 1.00 1.00 0.10 0.00 0.21 0.40 0.65 -1 0
Result 0 -10.0 568 0.47 0.19 0.22 0.20 0.18 0.20 -1 -1 -1 -1 -1
Evo 1.01 0.00 1.00 0.96 1.00 1.00 1.00 0.19 0.02 0.05 0.17 0.64 -1 0
Result 0 -10.0 81 0.44 0.17 0.24 0.18 0.23 0.17 -1 -1 -1 -1 -1
Evo 1.02 0.00 1.00 0.97 1.00 1.00 1.00 0.18 0.02 0.10 0.07 0.65 -1 0
Result 0 -10.0 59 0.49 0.17 0.17 0.18 0.25 0.23 -1 -1 -1 -1 -1
Evo 1.00 0.00 1.00 0.97 1.00 1.00 1.00 0.17 0.01 0.05 0.37 0.65 -1 0
Result 0 -10.0 890 0.44 0.22 0.19 0.22 0.19 0.18 -1 -1 -1 -1 -1
Evo 1.01 0.00 1.00 0.93 1.00 1.00 1.00 0.25 0.02 0.07 0.23 0.65 -1 0
Result 0 -10.0 175 0.49 0.15 0.17 0.22 0.23 0.23 -1 -1 -1 -1 -1
Evo 1.00 0.00 1.00 1.00 1.00 1.00 1.00 0.06 0.00 0.23 0.44 0.65 -1 0
Result 0 -8.0 1300 0.49 0.19 0.22 0.18 0.18 0.23 -1 -1 -1 -1 -1
Evo 1.00 0.00 1.00 0.94 1.00 1.00 1.00 0.24 0.01 0.04 0.41 0.65 -1 0
Result 0 0.0 1500 0.48 0.19 0.20 0.19 0.20 0.22 -1 -1 -1 -1 -1
Evo 1.00 0.00 1.00 0.95 1.00 1.00 1.00 0.21 0.01 0.04 0.37 0.66 -1 0
Result 0 -10.0 1479 0.49 0.19 0.21 0.19 0.18 0.24 -1 -1 -1 -1 -1
Evo 1.00 0.00 1.00 0.94 1.00 1.00 1.00 0.24 0.01 0.02 0.25 0.65 -1 0
Result 0 0.0 1500 0.43 0.20 0.20 0.23 0.20 0.17 -1 -1 -1 -1 -1
Evo 1.00 0.00 1.00 0.93 1.00 1.00 1.00 0.25 0.01 0.43 0.55 0.66 -1 0
Result 0 2.0 1500 0.46 0.20 0.21 0.19 0.21 0.19 -1 -1 -1 -1 -1
Evo 1.00 0.00 1.00 0.95 1.00 1.00 1.00 0.21 0.01 0.03 0.51 0.65 -1 0
Result 0 -10.0 1473 0.47 0.21 0.20 0.18 0.20 0.20 -1 -1 -1 -1 -1
Evo 1.00 0.00 1.00 0.99 1.00 1.00 1.00 0.11 0.00 0.07 0.61 0.66 -1 0
Result 0 -20.0 1418 0.45 0.19 0.21 0.21 0.20 0.18 -1 -1 -1 -1 -1
Evo 1.01 0.00 1.00 0.99 1.00 1.00 1.00 0.09 0.01 0.06 0.08 0.64 -1 0
Result 0 -10.0 112 0.47 0.19 0.22 0.21 0.18 0.20 -1 -1 -1 -1 -1
Evo 1.00 0.00 1.00 1.00 1.00 1.00 1.00 0.07 0.00 0.09 0.24 0.66 -1 0
Result 0 -10.0 426 0.42 0.18 0.25 0.20 0.21 0.16 -1 -1 -1 -1 -1
Evo 1.00 0.00 1.00 0.94 1.00 1.00 1.00 0.24 0.01 0.12 0.42 0.66 -1 0
Result 0 -10.0 1498 0.47 0.20 0.22 0.17 0.20 0.21 -1 -1 -1 -1 -1
Evo 1.00 0.00 1.00 0.93 1.00 1.00 1.00 0.25 0.01 0.53 0.56 0.65 -1 0
Result 0 -8.0 1500 0.46 0.21 0.18 0.21 0.20 0.20 -1 -1 -1 -1 -1
Evo 1.00 0.00 1.00 0.94 1.00 1.00 1.00 0.24 0.01 0.29 0.61 0.70 -1 0
Result 0 0.0 1500 0.46 0.20 0.20 0.21 0.19 0.20 -1 -1 -1 -1 -1
Evo 1.00 0.00 1.00 0.94 1.00 1.00 1.00 0.24 0.01 0.15 0.52 0.70 -1 0
Result 0 0.0 1500 0.45 0.19 0.21 0.21 0.20 0.18 -1 -1 -1 -1 -1
Evo 1.00 0.00 1.00 0.94 1.00 1.00 1.00 0.24 0.01 0.01 0.64 0.70 -1 0
Result 0 0.0 1500 0.46 0.20 0.21 0.19 0.21 0.20 -1 -1 -1 -1 -1
Evo 1.00 0.00 1.00 1.00 1.00 1.00 1.00 0.04 0.00 0.00 0.42 0.70 -1 0
Result 0 -10.0 524 0.46 0.20 0.19 0.24 0.17 0.20 -1 -1 -1 -1 -1
Evo 1.00 0.00 1.00 0.94 1.00 1.00 1.00 0.24 0.01 0.01 0.67 0.70 -1 0
Result 0 0.0 1500 0.47 0.19 0.19 0.22 0.20 0.20 -1 -1 -1 -1 -1
Evo 1.00 0.00 1.00 0.94 1.00 1.00 1.00 0.24 0.01 0.08 0.65 0.69 -1 0
Result 0 0.0 1500 0.47 0.19 0.21 0.19 0.20 0.20 -1 -1 -1 -1 -1
Evo 1.00 0.00 1.00 0.94 1.00 1.00 1.00 0.24 0.01 0.08 0.64 0.70 -1 1
Result 0 0.0 1500 0.46 0.19 0.19 0.21 0.22 0.20 -1 -1 -1 -1 -1
Evo 1.00 0.00 1.00 0.98 1.00 1.00 1.00 0.15 0.00 0.03 0.59 0.70 -1 1
Result 0 -10.0 1442 0.46 0.21 0.20 0.21 0.19 0.19 -1 -1 -1 -1 -1
Evo 1.00 0.00 1.00 0.94 1.00 1.00 1.00 0.24 0.01 0.15 0.56 0.70 -1 1
Result 0 0.0 1500 0.48 0.20 0.22 0.21 0.16 0.22 -1 -1 -1 -1 -1
Evo 1.00 0.00 1.00 0.94 1.00 1.00 1.00 0.24 0.01 0.01 0.57 0.70 -1 0
Result 0 0.0 1500 0.46 0.19 0.22 0.22 0.18 0.20 -1 -1 -1 -1 -1
Evo 1.00 0.00 1.00 0.94 1.00 1.00 1.00 0.24 0.01 0.03 0.64 0.70 -1 0
Result 0 0.0 1500 0.46 0.20 0.21 0.20 0.20 0.19 -1 -1 -1 -1 -1
Evo 1.00 0.00 1.00 1.00 1.00 1.00 1.00 0.03 0.00 0.04 0.52 0.70 -1 0
Result 0 -10.0 1096 0.47 0.19 0.21 0.18 0.21 0.20 -1 -1 -1 -1 -1
Evo 1.00 0.00 1.00 0.97 1.00 1.00 1.00 0.17 0.00 0.01 0.67 0.69 -1 0
Result 0 -10.0 1454 0.47 0.21 0.20 0.21 0.18 0.21 -1 -1 -1 -1 -1
Evo 1.00 0.00 1.00 0.94 1.00 1.00 1.00 0.24 0.01 0.08 0.66 0.70 -1 0
Result 0 0.0 1500 0.46 0.20 0.19 0.20 0.20 0.20 -1 -1 -1 -1 -1
Evo 1.00 0.00 1.00 0.94 1.00 1.00 1.00 0.24 0.01 0.08 0.58 0.70 -1 0
Result 0 0.0 1500 0.45 0.21 0.20 0.20 0.20 0.18 -1 -1 -1 -1 -1
Evo 1.00 0.00 1.00 0.94 1.00 1.00 1.00 0.24 0.01 0.01 0.62 0.70 -1 0
Result 0 0.0 1500 0.47 0.21 0.19 0.20 0.19 0.21 -1 -1 -1 -1 -1
Evo 1.00 0.00 1.00 0.94 1.00 1.00 1.00 0.24 0.01 0.01 0.68 0.70 -1 0
Result 0 0.0 1500 0.47 0.21 0.20 0.19 0.20 0.21 -1 -1 -1 -1 -1
Evo 1.00 0.00 1.00 0.94 1.00 1.00 1.00 0.24 0.01 0.47 0.47 0.70 -1 0
Result 0 2.0 1500 0.45 0.21 0.19 0.22 0.20 0.18 -1 -1 -1 -1 -1
Evo 1.00 0.00 1.00 0.96 1.00 1.00 1.00 0.20 0.01 0.01 0.65 0.70 -1 0
Result 0 -10.0 1469 0.47 0.18 0.21 0.21 0.20 0.20 -1 -1 -1 -1 -1
Evo 1.00 0.00 1.00 0.94 1.00 1.00 1.00 0.24 0.01 0.08 0.66 0.69 -1 0
Result 0 0.0 1500 0.48 0.20 0.20 0.21 0.18 0.21 -1 -1 -1 -1 -1
Evo 1.00 0.00 1.00 0.94 1.00 1.00 1.00 0.24 0.01 0.04 0.36 0.65 -1 0
Result 0 0.0 1500 0.46 0.21 0.19 0.21 0.19 0.19 -1 -1 -1 -1 -1
Evo 1.00 0.00 1.00 0.94 1.00 1.00 1.00 0.24 0.01 0.04 0.40 0.65 -1 0
Result 0 0.0 1500 0.45 0.20 0.19 0.21 0.20 0.19 -1 -1 -1 -1 -1
Evo 1.00 0.00 1.00 0.94 1.00 1.00 1.00 0.24 0.01 0.02 0.51 0.65 -1 0
Result 0 2.0 1500 0.46 0.20 0.20 0.19 0.21 0.20 -1 -1 -1 -1 -1
Evo 1.00 0.00 1.00 0.96 1.00 1.00 1.00 0.21 0.01 0.01 0.53 0.65 -1 0
Result 0 -10.0 1468 0.45 0.20 0.20 0.21 0.20 0.19 -1 -1 -1 -1 -1
Evo 1.00 0.00 1.00 0.94 1.00 1.00 1.00 0.24 0.01 0.02 0.36 0.65 -1 1
Result 0 0.0 1500 0.45 0.20 0.22 0.19 0.21 0.18 -1 -1 -1 -1 -1
Evo 1.00 0.00 1.00 0.94 1.00 1.00 1.00 0.24 0.01 0.09 0.59 0.65 -1 0
Result 0 0.0 1500 0.49 0.20 0.17 0.19 0.21 0.23 -1 -1 -1 -1 -1
Evo 1.00 0.00 1.00 0.94 1.00 1.00 1.00 0.24 0.01 0.11 0.56 0.65 -1 0
Result 0 2.0 1500 0.45 0.22 0.19 0.21 0.20 0.18 -1 -1 -1 -1 -1
Evo 1.00 0.00 1.00 0.94 1.00 1.00 1.00 0.24 0.01 0.06 0.58 0.65 -1 0
Result 0 2.0 1500 0.46 0.21 0.19 0.21 0.19 0.20 -1 -1 -1 -1 -1
Evo 1.00 0.00 1.00 0.94 1.00 1.00 1.00 0.24 0.01 0.03 0.31 0.64 -1 4
Result 0 0.0 1500 0.45 0.20 0.21 0.21 0.20 0.18 -1 -1 -1 -1 -1
Evo 1.00 0.00 1.00 0.94 1.00 1.00 1.00 0.24 0.01 0.01 0.44 0.65 -1 0
Result 0 0.0 1500 0.45 0.20 0.19 0.21 0.20 0.19 -1 -1 -1 -1 -1
Evo 1.00 0.00 1.00 1.00 1.00 1.00 1.00 0.03 0.00 0.50 0.55 0.66 -1 0
Result 0 -6.0 931 0.47 0.23 0.18 0.20 0.18 0.20 -1 -1 -1 -1 -1
Evo 1.00 0.00 1.00 0.94 1.00 1.00 1.00 0.24 0.01 0.01 0.29 0.65 -1 0
Result 0 0.0 1500 0.44 0.21 0.18 0.23 0.20 0.18 -1 -1 -1 -1 -1
Evo 1.00 0.00 1.00 0.94 1.00 1.00 1.00 0.24 0.01 0.03 0.35 0.65 -1 0
Result 0 0.0 1500 0.46 0.19 0.20 0.19 0.22 0.19 -1 -1 -1 -1 -1
Evo 1.00 0.00 1.00 0.94 1.00 1.00 1.00 0.24 0.01 0.02 0.32 0.64 -1 0
Result 0 0.0 1500 0.45 0.21 0.20 0.21 0.20 0.18 -1 -1 -1 -1 -1
Evo 1.00 0.00 1.00 0.94 1.00 1.00 1.00 0.24 0.01 0.02 0.31 0.64 -1 0
Result 0 0.0 1500 0.46 0.21 0.19 0.22 0.20 0.19 -1 -1 -1 -1 -1
Evo 1.00 0.00 1.00 0.94 1.00 1.00 1.00 0.24 0.01 0.01 0.31 0.66 -1 1
Result 0 0.0 1500 0.46 0.22 0.18 0.20 0.19 0.20 -1 -1 -1 -1 -1
Evo 1.00 0.00 1.00 0.94 1.00 1.00 1.00 0.24 0.01 0.01 0.32 0.64 -1 0
Result 0 0.0 1500 0.45 0.18 0.20 0.22 0.21 0.18 -1 -1 -1 -1 -1
Evo 1.00 0.00 1.00 0.99 1.00 1.00 1.00 0.07 0.00 0.01 0.36 0.65 -1 0
Result 0 -10.0 730 0.46 0.20 0.22 0.19 0.18 0.20 -1 -1 -1 -1 -1
Evo 1.00 0.00 1.00 0.97 1.00 1.00 1.00 0.18 0.00 0.12 0.59 0.65 -1 0
Result 0 -8.0 1451 0.46 0.19 0.18 0.20 0.23 0.20 -1 -1 -1 -1 -1
Evo 1.00 0.00 1.00 0.94 1.00 1.00 1.00 0.24 0.01 0.06 0.54 0.65 -1 0
Result 0 -8.0 1500 0.46 0.20 0.20 0.21 0.20 0.20 -1 -1 -1 -1 -1
Evo 1.00 0.00 1.00 0.94 1.00 1.00 1.00 0.24 0.01 0.08 0.51 0.70 -1 0
Result 0 0.0 1500 0.48 0.22 0.20 0.18 0.19 0.22 -1 -1 -1 -1 -1
Evo 1.00 0.00 1.00 0.94 1.00 1.00 1.00 0.24 0.01 0.08 0.68 0.70 -1 0
Result 0 0.0 1500 0.45 0.19 0.21 0.19 0.21 0.19 -1 -1 -1 -1 -1
Evo 1.00 0.00 1.00 0.94 1.00 1.00 1.00 0.24 0.01 0.08 0.66 0.70 -1 0
Result 0 0.0 1500 0.46 0.19 0.21 0.21 0.19 0.20 -1 -1 -1 -1 -1
Evo 1.00 0.00 1.00 0.94 1.00 1.00 1.00 0.24 0.01 0.08 0.68 0.70 -1 0
Result 0 0.0 1500 0.45 0.19 0.21 0.22 0.20 0.18 -1 -1 -1 -1 -1
Evo 1.00 0.00 1.00 0.94 1.00 1.00 1.00 0.24 0.01 0.08 0.64 0.70 -1 0
Result 0 0.0 1500 0.48 0.21 0.21 0.19 0.18 0.21 -1 -1 -1 -1 -1
Evo 1.00 0.00 1.00 1.00 1.00 1.00 1.00 0.06 0.00 0.01 0.68 0.70 -1 0
Result 0 -10.0 1415 0.46 0.21 0.20 0.19 0.20 0.20 -1 -1 -1 -1 -1
Evo 1.00 0.00 1.00 0.94 1.00 1.00 1.00 0.24 0.01 0.08 0.68 0.70 -1 0
Result 0 0.0 1500 0.47 0.19 0.19 0.21 0.20 0.21 -1 -1 -1 -1 -1
Evo 1.00 0.00 1.00 0.94 1.00 1.00 1.00 0.24 0.01 0.08 0.69 0.70 -1 0
Result 0 0.0 1500 0.47 0.18 0.21 0.22 0.19 0.20 -1 -1 -1 -1 -1
Evo 1.00 0.00 1.00 0.94 1.00 1.00 1.00 0.24 0.01 0.08 0.66 0.70 -1 0
Result 0 0.0 1500 0.46 0.20 0.21 0.21 0.20 0.19 -1 -1 -1 -1 -1
Evo 1.00 0.00 1.00 0.94 1.00 1.00 1.00 0.24 0.01 0.08 0.68 0.70 -1 0
Result 0 0.0 1500 0.47 0.20 0.19 0.21 0.19 0.21 -1 -1 -1 -1 -1
Evo 1.00 0.00 1.00 0.94 1.00 1.00 1.00 0.24 0.01 0.08 0.64 0.70 -1 0
Result 0 0.0 1500 0.46 0.20 0.23 0.20 0.18 0.19 -1 -1 -1 -1 -1
Evo 1.00 0.00 1.00 0.96 1.00 1.00 1.00 0.19 0.00 0.05 0.64 0.70 -1 0
Result 0 -10.0 1463 0.47 0.21 0.22 0.19 0.18 0.20 -1 -1 -1 -1 -1
Evo 1.00 0.00 1.00 0.94 1.00 1.00 1.00 0.24 0.01 0.08 0.66 0.70 -1 0
Result 0 0.0 1500 0.48 0.18 0.21 0.20 0.19 0.22 -1 -1 -1 -1 -1
Evo 1.00 0.00 1.00 0.94 1.00 1.00 1.00 0.24 0.01 0.08 0.68 0.70 -1 0
Result 0 0.0 1500 0.46 0.21 0.20 0.19 0.20 0.20 -1 -1 -1 -1 -1
Evo 1.00 0.00 1.00 1.00 1.00 1.00 1.00 0.04 0.00 0.00 0.30 0.70 -1 0
Result 0 -10.0 648 0.43 0.18 0.21 0.21 0.23 0.17 -1 -1 -1 -1 -1
Evo 1.00 0.00 1.00 0.94 1.00 1.00 1.00 0.24 0.01 0.08 0.65 0.70 -1 0
Result 0 0.0 1500 0.46 0.20 0.21 0.18 0.20 0.20 -1 -1 -1 -1 -1
Evo 1.00 0.00 1.00 1.00 1.00 1.00 1.00 0.04 0.00 0.00 0.53 0.70 -1 0
Result 0 -10.0 610 0.45 0.19 0.22 0.21 0.20 0.19 -1 -1 -1 -1 -1
Evo 1.00 0.00 1.00 0.97 1.00 1.00 1.00 0.18 0.00 0.05 0.66 0.70 -1 0
Result 0 -10.0 1456 0.46 0.19 0.20 0.19 0.21 0.20 -1 -1 -1 -1 -1
Evo 1.00 0.00 1.00 0.94 1.00 1.00 1.00 0.24 0.01 0.08 0.64 0.70 -1 0
Result 0 0.0 1500 0.49 0.19 0.20 0.19 0.19 0.23 -1 -1 -1 -1 -1
Evo 1.00 0.00 1.00 0.94 1.00 1.00 1.00 0.24 0.01 0.08 0.69 0.70 -1 0
Result 0 0.0 1500 0.47 0.20 0.21 0.19 0.20 0.20 -1 -1 -1 -1 -1
