Evo 1.01 0.00 1.00 0.14 0.00 0.00 0.00 0.35 0.04 0.19 0.02 0.13 -1 0
Result 0 0.0 69 0.40 0.11 0.17 0.26 0.19 0.14 0.13 -1 -1 -1 -1
Evo 1.01 0.00 1.00 0.34 0.00 0.00 1.00 0.48 0.05 0.40 0.03 0.16 -1 0
Result 0 0.0 89 0.40 0.13 0.16 0.14 0.18 0.17 0.22 -1 -1 -1 -1
Evo 1.01 0.00 1.00 0.24 0.00 0.00 0.00 0.43 0.05 0.30 0.02 0.16 -1 0
Result 0 0.0 79 0.43 0.21 0.20 0.16 0.13 0.19 0.11 -1 -1 -1 -1
Evo 1.01 0.00 1.00 0.51 0.00 1.00 1.00 0.50 0.06 0.50 0.03 0.17 -1 0
Result 0 0.0 70 0.49 0.24 0.07 0.24 0.10 0.18 0.17 -1 -1 -1 -1
Evo 1.01 0.00 1.00 0.29 0.00 0.00 1.00 0.46 0.05 0.35 0.02 0.16 -1 0
Result 0 0.0 79 0.38 0.21 0.19 0.19 0.13 0.19 0.10 -1 -1 -1 -1
Evo 1.01 0.00 1.00 0.34 0.00 0.00 1.00 0.48 0.05 0.40 0.04 0.19 -1 0
Result 0 0.0 105 0.30 0.17 0.19 0.08 0.19 0.14 0.23 -1 -1 -1 -1
Evo 1.01 0.00 1.00 0.14 0.00 0.00 0.00 0.35 0.03 0.18 0.07 0.21 -1 0
Result 0 0.0 145 0.42 0.18 0.17 0.16 0.20 0.15 0.14 -1 -1 -1 -1
Evo 1.01 0.00 1.00 0.27 0.00 0.00 1.00 0.44 0.04 0.33 0.04 0.16 -1 0
Result 0 0.0 111 0.39 0.15 0.16 0.13 0.19 0.21 0.16 -1 -1 -1 -1
Evo 1.01 0.00 1.00 0.32 0.00 0.00 1.00 0.47 0.05 0.38 0.02 0.16 -1 0
Result 0 0.0 76 0.38 0.22 0.16 0.22 0.13 0.17 0.10 -1 -1 -1 -1
Evo 1.01 0.00 1.00 0.54 0.00 1.00 1.00 0.50 0.05 0.06 0.04 0.21 -1 0
Result 0 0.0 108 0.38 0.22 0.15 0.13 0.12 0.24 0.15 -1 -1 -1 -1
Evo 1.01 0.00 1.00 0.25 0.00 0.00 0.00 0.43 0.05 0.50 0.03 0.17 -1 0
Result 0 0.0 84 0.38 0.13 0.20 0.12 0.25 0.13 0.18 -1 -1 -1 -1
Evo 1.01 0.00 1.00 0.31 0.00 0.00 1.00 0.46 0.05 0.52 0.03 0.18 -1 0
Result 0 0.0 94 0.46 0.19 0.16 0.20 0.13 0.18 0.15 -1 -1 -1 -1
Evo 1.01 0.00 1.00 0.21 0.00 0.00 0.00 0.41 0.05 0.47 0.02 0.14 -1 0
Result 0 0.0 76 0.40 0.16 0.10 0.18 0.19 0.14 0.22 -1 -1 -1 -1
Evo 1.01 0.00 1.00 0.24 0.00 0.00 0.00 0.43 0.04 0.06 0.04 0.18 -1 0
Result 0 0.0 124 0.41 0.15 0.10 0.15 0.23 0.18 0.18 -1 -1 -1 -1
Evo 1.01 0.00 1.00 0.26 0.00 0.00 1.00 0.44 0.05 0.51 0.02 0.15 -1 0
Result 0 0.0 79 0.48 0.09 0.20 0.18 0.14 0.23 0.18 -1 -1 -1 -1
Evo 1.01 0.00 1.00 0.37 0.00 0.00 1.00 0.48 0.05 0.06 0.03 0.20 -1 0
Result 0 0.0 102 0.43 0.17 0.14 0.17 0.12 0.19 0.22 -1 -1 -1 -1
Evo 1.01 0.00 1.00 0.44 0.00 0.00 1.00 0.50 0.05 0.06 0.04 0.18 -1 0
Result 0 0.0 104 0.43 0.24 0.11 0.16 0.12 0.20 0.16 -1 -1 -1 -1
Evo 1.01 0.00 1.00 0.24 0.00 0.00 0.00 0.43 0.05 0.50 0.03 0.16 -1 0
Result 0 0.0 73 0.41 0.11 0.18 0.22 0.18 0.15 0.18 -1 -1 -1 -1
Evo 1.01 0.00 1.00 0.27 0.00 0.00 1.00 0.45 0.05 0.51 0.02 0.15 -1 0
Result 0 0.0 84 0.43 0.12 0.16 0.16 0.20 0.19 0.16 -1 -1 -1 -1
Evo 1.01 0.00 1.00 0.17 0.00 0.00 0.00 0.38 0.04 0.43 0.04 0.17 -1 0
Result 0 0.0 106 0.49 0.15 0.11 0.16 0.21 0.23 0.14 -1 -1 -1 -1
Evo 1.01 0.00 1.00 0.02 0.00 0.00 0.00 0.16 0.02 0.13 0.02 0.12 -1 0
Result 0 1.0 80 0.48 0.21 0.15 0.22 0.09 0.17 0.16 -1 -1 -1 -1
Evo 1.02 0.00 0.00 0.00 0.00 0.00 0.00 0.00 0.00 0.00 0.02 0.10 -1 0
Result 0 0.0 63 0.35 0.13 0.25 0.16 0.11 0.14 0.22 -1 -1 -1 -1
Evo 1.02 0.00 0.00 0.00 0.00 0.00 0.00 0.00 0.00 0.00 0.02 0.11 -1 0
Result 0 0.0 64 0.32 0.11 0.11 0.22 0.09 0.28 0.20 -1 -1 -1 -1
Evo 1.02 0.00 1.00 0.02 0.00 0.00 0.00 0.13 0.02 0.10 0.02 0.10 -1 0
Result 0 0.0 60 0.45 0.20 0.08 0.18 0.16 0.16 0.21 -1 -1 -1 -1
Evo 1.02 0.00 1.00 0.04 0.00 0.00 0.00 0.19 0.03 0.11 0.01 0.11 -1 0
Result 0 0.0 51 0.44 0.19 0.13 0.17 0.13 0.23 0.13 -1 -1 -1 -1
Evo 1.01 0.00 0.00 0.00 0.00 0.00 0.00 0.00 0.00 0.00 0.01 0.12 -1 0
Result 0 0.0 71 0.40 0.21 0.15 0.15 0.14 0.14 0.21 -1 -1 -1 -1
Evo 1.02 0.00 1.00 0.02 0.00 0.00 0.00 0.13 0.02 0.10 0.01 0.14 -1 0
Result 0 0.0 61 0.16 0.21 0.21 0.15 0.03 0.19 0.21 -1 -1 -1 -1
Evo 1.01 0.00 1.00 0.01 0.00 0.00 0.00 0.11 0.01 0.07 0.02 0.11 -1 0
Result 0 3.0 85 0.45 0.13 0.22 0.19 0.19 0.14 0.14 -1 -1 -1 -1
Evo 1.02 0.00 0.00 0.00 0.00 0.00 0.00 0.00 0.00 0.00 0.02 0.11 -1 0
Result 0 0.0 46 0.43 0.23 0.13 0.11 0.17 0.21 0.15 -1 -1 -1 -1
Evo 1.02 0.00 1.00 0.03 0.00 0.00 0.00 0.17 0.02 0.09 0.02 0.11 -1 0
Result 0 0.0 65 0.46 0.12 0.18 0.18 0.17 0.20 0.15 -1 -1 -1 -1
Evo 1.01 0.00 0.00 0.00 0.00 0.00 0.00 0.00 0.00 0.00 0.02 0.11 -1 0
Result 0 1.0 90 0.23 0.15 0.15 0.32 0.19 0.05 0.13 -1 -1 -1 -1
Evo 1.02 0.00 0.00 0.00 0.00 0.00 0.00 0.00 0.00 0.00 0.02 0.10 -1 0
Result 0 0.0 61 0.38 0.27 0.19 0.13 0.15 0.15 0.11 -1 -1 -1 -1
Evo 1.01 0.00 1.00 0.03 0.00 0.00 0.00 0.16 0.02 0.08 0.03 0.14 -1 0
Result 0 1.0 74 0.49 0.23 0.09 0.17 0.15 0.23 0.13 -1 -1 -1 -1
Evo 1.01 0.00 0.00 0.00 0.00 0.00 0.00 0.00 0.00 0.00 0.01 0.11 -1 0
Result 0 0.0 74 0.44 0.11 0.13 0.21 0.17 0.19 0.19 -1 -1 -1 -1
Evo 1.01 0.00 0.00 0.00 0.00 0.00 0.00 0.00 0.00 0.00 0.02 0.10 -1 0
Result 0 0.0 80 0.41 0.19 0.22 0.16 0.15 0.15 0.14 -1 -1 -1 -1
Evo 1.02 0.00 0.00 0.00 0.00 0.00 0.00 0.00 0.00 0.00 0.03 0.10 -1 0
Result 0 0.0 46 0.49 0.09 0.17 0.09 0.23 0.23 0.19 -1 -1 -1 -1
Evo 1.01 0.00 1.00 0.01 0.00 0.00 0.00 0.12 0.01 0.09 0.02 0.12 -1 0
Result 0 0.0 71 0.30 0.13 0.17 0.18 0.08 0.21 0.24 -1 -1 -1 -1
Evo 1.02 0.00 0.00 0.00 0.00 0.00 0.00 0.00 0.00 0.00 0.01 0.10 -1 0
Result 0 0.0 51 0.32 0.19 0.15 0.10 0.08 0.23 0.25 -1 -1 -1 -1
Evo 1.01 0.00 1.00 0.01 0.00 0.00 0.00 0.11 0.01 0.08 0.02 0.10 -1 0
Result 0 2.0 79 0.39 0.24 0.13 0.19 0.20 0.14 0.11 -1 -1 -1 -1
Evo 1.01 0.00 0.00 0.00 0.00 0.00 0.00 0.00 0.00 0.00 0.02 0.12 -1 0
Result 0 2.0 86 0.48 0.16 0.15 0.22 0.11 0.15 0.21 -1 -1 -1 -1
Evo 1.01 0.00 1.00 0.06 0.00 0.00 0.00 0.24 0.03 0.18 0.02 0.13 -1 0
Result 0 0.0 79 0.41 0.15 0.14 0.23 0.23 0.15 0.11 -1 -1 -1 -1
Evo 1.01 0.00 1.00 0.16 0.00 0.00 0.00 0.37 0.04 0.08 0.02 0.14 -1 0
Result 0 0.0 74 0.44 0.13 0.09 0.17 0.21 0.17 0.21 -1 -1 -1 -1
Evo 1.01 0.00 1.00 0.12 0.00 0.00 0.00 0.33 0.04 0.14 0.02 0.12 -1 0
Result 0 0.0 73 0.49 0.04 0.15 0.23 0.18 0.19 0.22 -1 -1 -1 -1
Evo 1.01 0.00 1.00 0.09 0.00 0.00 0.00 0.29 0.03 0.07 0.04 0.15 -1 0
Result 0 0.0 87 0.48 0.13 0.14 0.20 0.14 0.22 0.18 -1 -1 -1 -1
Evo 1.01 0.00 1.00 0.14 0.00 0.00 0.00 0.35 0.04 0.08 0.03 0.14 -1 0
Result 0 0.0 79 0.33 0.19 0.15 0.20 0.10 0.18 0.19 -1 -1 -1 -1
Evo 1.02 0.00 1.00 0.02 0.00 0.00 0.00 0.13 0.02 0.10 0.02 0.12 -1 0
Result 0 0.0 55 0.38 0.18 0.13 0.13 0.23 0.20 0.14 -1 -1 -1 -1
Evo 1.01 0.00 1.00 0.15 0.00 0.00 0.00 0.35 0.04 0.30 0.04 0.15 -1 0
Result 0 1.0 95 0.42 0.15 0.11 0.25 0.15 0.16 0.19 -1 -1 -1 -1
Evo 1.01 0.00 1.00 0.01 0.00 0.00 0.00 0.12 0.01 0.09 0.01 0.12 -1 0
Result 0 0.0 67 0.43 0.15 0.18 0.16 0.15 0.19 0.18 -1 -1 -1 -1
Evo 1.01 0.00 1.00 0.06 0.00 0.00 0.00 0.24 0.03 0.08 0.02 0.13 -1 0
Result 0 0.0 83 0.38 0.13 0.17 0.19 0.20 0.13 0.18 -1 -1 -1 -1
Evo 1.02 0.00 1.00 0.08 0.00 0.00 0.00 0.27 0.03 0.10 0.01 0.12 -1 0
Result 0 0.0 61 0.36 0.24 0.18 0.11 0.11 0.19 0.16 -1 -1 -1 -1
Evo 1.01 0.00 1.00 0.04 0.00 0.00 0.00 0.20 0.02 0.19 0.02 0.12 -1 0
Result 0 1.0 74 0.41 0.11 0.09 0.15 0.25 0.21 0.19 -1 -1 -1 -1
Evo 1.02 0.00 1.00 0.03 0.00 0.00 0.00 0.17 0.02 0.15 0.01 0.12 -1 0
Result 0 0.0 66 0.46 0.10 0.24 0.18 0.19 0.12 0.16 -1 -1 -1 -1
Evo 1.01 0.00 1.00 0.16 0.00 0.00 0.00 0.37 0.04 0.08 0.04 0.15 -1 0
Result 0 0.0 78 0.33 0.14 0.16 0.19 0.10 0.19 0.22 -1 -1 -1 -1
Evo 1.01 0.00 1.00 0.05 0.00 0.00 0.00 0.22 0.02 0.08 0.02 0.12 -1 0
Result 0 0.0 82 0.30 0.24 0.22 0.17 0.17 0.08 0.12 -1 -1 -1 -1
Evo 1.02 0.00 1.00 0.03 0.00 0.00 0.00 0.17 0.02 0.15 0.02 0.12 -1 0
Result 0 0.0 64 0.48 0.22 0.11 0.22 0.17 0.17 0.12 -1 -1 -1 -1
Evo 1.01 0.00 1.00 0.03 0.00 0.00 0.00 0.17 0.02 0.15 0.01 0.12 -1 0
Result 0 0.0 68 0.42 0.16 0.14 0.16 0.23 0.14 0.16 -1 -1 -1 -1
Evo 1.01 0.00 1.00 0.02 0.00 0.00 0.00 0.14 0.01 0.12 0.03 0.16 -1 0
Result 0 0.0 94 0.42 0.16 0.17 0.20 0.16 0.16 0.16 -1 -1 -1 -1
Evo 1.02 0.00 1.00 0.02 0.00 0.00 0.00 0.13 0.02 0.10 0.01 0.11 -1 0
Result 0 1.0 60 0.48 0.21 0.07 0.16 0.21 0.21 0.13 -1 -1 -1 -1
Evo 1.02 0.00 1.00 0.03 0.00 0.00 0.00 0.18 0.02 0.10 0.01 0.12 -1 0
Result 0 0.0 60 0.48 0.13 0.15 0.13 0.21 0.26 0.11 -1 -1 -1 -1
Evo 1.02 0.00 1.00 0.08 0.00 0.00 0.00 0.27 0.03 0.10 0.02 0.12 -1 0
Result 0 0.0 61 0.50 0.10 0.13 0.23 0.15 0.26 0.15 -1 -1 -1 -1
Evo 1.01 0.00 1.00 0.19 0.00 0.00 0.00 0.39 0.04 0.21 0.02 0.10 -1 0
Result 0 2.0 106 0.48 0.16 0.13 0.12 0.22 0.22 0.14 -1 -1 -1 -1
Evo 1.01 0.00 1.00 0.17 0.00 0.00 0.00 0.38 0.04 0.11 0.03 0.10 -1 0
Result 0 3.0 103 0.38 0.13 0.19 0.13 0.17 0.18 0.19 -1 -1 -1 -1
Evo 1.01 0.00 1.00 0.21 0.00 0.00 0.00 0.41 0.04 0.34 0.03 0.09 -1 0
Result 0 1.0 97 0.43 0.17 0.12 0.17 0.16 0.20 0.16 -1 -1 -1 -1
Evo 1.01 0.00 1.00 0.15 0.00 0.00 0.00 0.35 0.03 0.11 0.02 0.13 -1 0
Result 0 1.0 102 0.38 0.13 0.17 0.13 0.18 0.17 0.22 -1 -1 -1 -1
Evo 1.01 0.00 1.00 0.19 0.00 0.00 0.00 0.40 0.04 0.25 0.01 0.11 -1 0
Result 0 0.0 97 0.46 0.27 0.10 0.19 0.10 0.19 0.14 -1 -1 -1 -1
Evo 1.01 0.00 1.00 0.16 0.00 0.00 0.00 0.37 0.04 0.13 0.03 0.17 -1 0
Result 0 0.0 78 0.36 0.13 0.19 0.22 0.22 0.11 0.14 -1 -1 -1 -1
Evo 1.01 0.00 1.00 0.15 0.00 0.00 0.00 0.36 0.04 0.16 0.02 0.14 -1 0
Result 0 0.0 94 0.42 0.14 0.16 0.17 0.15 0.16 0.23 -1 -1 -1 -1
Evo 1.01 0.00 1.00 0.19 0.00 0.00 0.00 0.39 0.04 0.14 0.02 0.10 -1 0
Result 0 2.0 110 0.41 0.09 0.19 0.15 0.15 0.19 0.23 -1 -1 -1 -1
Evo 1.01 0.00 1.00 0.20 0.00 0.00 0.00 0.40 0.05 0.08 0.02 0.11 -1 0
Result 0 0.0 78 0.41 0.18 0.10 0.22 0.22 0.15 0.14 -1 -1 -1 -1
Evo 1.01 0.00 1.00 0.14 0.00 0.00 0.00 0.35 0.03 0.06 0.03 0.10 -1 0
Result 0 2.0 108 0.41 0.15 0.17 0.15 0.19 0.18 0.17 -1 -1 -1 -1
Evo 1.01 0.00 1.00 0.15 0.00 0.00 0.00 0.36 0.03 0.10 0.02 0.10 -1 0
Result 0 1.0 110 0.25 0.14 0.19 0.06 0.20 0.18 0.23 -1 -1 -1 -1
Evo 1.01 0.00 1.00 0.20 0.00 0.00 0.00 0.40 0.04 0.41 0.02 0.10 -1 0
Result 0 2.0 111 0.45 0.13 0.14 0.18 0.19 0.21 0.16 -1 -1 -1 -1
Evo 1.01 0.00 1.00 0.16 0.00 0.00 0.00 0.37 0.04 0.07 0.02 0.13 -1 0
Result 0 0.0 97 0.40 0.16 0.16 0.17 0.14 0.22 0.13 -1 -1 -1 -1
Evo 1.01 0.00 1.00 0.22 0.00 0.00 0.00 0.41 0.04 0.16 0.03 0.15 -1 0
Result 0 0.0 92 0.42 0.18 0.22 0.16 0.15 0.15 0.14 -1 -1 -1 -1
Evo 1.01 0.00 1.00 0.21 0.00 0.00 0.00 0.41 0.04 0.25 0.02 0.09 -1 0
Result 0 2.0 96 0.47 0.14 0.14 0.21 0.18 0.21 0.12 -1 -1 -1 -1
Evo 1.01 0.00 1.00 0.19 0.00 0.00 0.00 0.39 0.04 0.07 0.01 0.11 -1 0
Result 0 0.0 100 0.31 0.16 0.21 0.17 0.09 0.20 0.18 -1 -1 -1 -1
Evo 1.01 0.00 1.00 0.17 0.00 0.00 0.00 0.38 0.04 0.15 0.02 0.12 -1 0
Result 0 0.0 97 0.43 0.12 0.15 0.16 0.27 0.18 0.11 -1 -1 -1 -1
Evo 1.01 0.00 1.00 0.23 0.00 0.00 0.00 0.42 0.05 0.08 0.02 0.12 -1 0
Result 0 0.0 82 0.48 0.17 0.18 0.22 0.22 0.17 0.05 -1 -1 -1 -1
Evo 1.01 0.00 1.00 0.17 0.00 0.00 0.00 0.38 0.04 0.14 0.02 0.09 -1 0
Result 0 2.0 108 0.47 0.23 0.11 0.20 0.14 0.18 0.14 -1 -1 -1 -1
Evo 1.01 0.00 1.00 0.18 0.00 0.00 0.00 0.39 0.04 0.18 0.02 0.11 -1 0
Result 0 0.0 103 0.31 0.25 0.16 0.09 0.20 0.20 0.10 -1 -1 -1 -1
Evo 1.01 0.00 1.00 0.01 0.00 0.00 0.00 0.12 0.01 0.09 0.01 0.04 -1 0
Result 0 0.0 68 0.44 0.19 0.09 0.14 0.16 0.17 0.25 -1 -1 -1 -1
Evo 1.02 0.00 1.00 0.03 0.00 0.00 0.00 0.18 0.02 0.16 0.01 0.02 -1 0
Result 0 0.0 63 0.40 0.11 0.09 0.28 0.14 0.20 0.17 -1 -1 -1 -1
Evo 1.01 0.00 1.00 0.01 0.00 0.00 0.00 0.12 0.01 0.09 0.00 0.02 -1 0
Result 0 0.0 68 0.40 0.22 0.19 0.17 0.14 0.12 0.16 -1 -1 -1 -1
Evo 1.02 0.00 1.00 0.03 0.00 0.00 0.00 0.18 0.02 0.16 0.01 0.04 -1 0
Result 0 0.0 61 0.26 0.19 0.21 0.06 0.18 0.19 0.16 -1 -1 -1 -1
Evo 1.02 0.00 1.00 0.05 0.00 0.00 0.00 0.22 0.03 0.21 0.01 0.03 -1 0
Result 0 0.0 61 0.38 0.11 0.18 0.24 0.13 0.23 0.11 -1 -1 -1 -1
Evo 1.02 0.00 1.00 0.02 0.00 0.00 0.00 0.15 0.02 0.12 0.01 0.03 -1 0
Result 0 0.0 44 0.46 0.07 0.11 0.09 0.20 0.36 0.18 -1 -1 -1 -1
Evo 1.02 0.00 1.00 0.07 0.00 0.00 0.00 0.25 0.03 0.26 0.01 0.02 -1 0
Result 0 0.0 58 0.22 0.22 0.19 0.17 0.05 0.15 0.22 -1 -1 -1 -1
Evo 1.02 0.00 1.00 0.02 0.00 0.00 0.00 0.15 0.02 0.12 0.02 0.07 -1 0
Result 0 0.0 43 0.20 0.11 0.16 0.05 0.05 0.36 0.27 -1 -1 -1 -1
Evo 1.02 0.00 1.00 0.03 0.00 0.00 0.00 0.18 0.02 0.16 0.00 0.02 -1 0
Result 0 0.0 63 0.44 0.17 0.11 0.09 0.19 0.17 0.27 -1 -1 -1 -1
Evo 1.01 0.00 1.00 0.03 0.00 0.00 0.00 0.17 0.02 0.15 0.01 0.02 -1 0
Result 0 0.0 68 0.36 0.20 0.13 0.14 0.19 0.12 0.22 -1 -1 -1 -1
Evo 1.02 0.00 1.00 0.03 0.00 0.00 0.00 0.18 0.02 0.16 0.01 0.03 -1 0
Result 0 0.0 61 0.44 0.15 0.23 0.11 0.18 0.18 0.16 -1 -1 -1 -1
Evo 1.01 0.00 1.00 0.01 0.00 0.00 0.00 0.12 0.01 0.09 0.00 0.02 -1 0
Result 0 0.0 68 0.38 0.22 0.22 0.19 0.13 0.12 0.13 -1 -1 -1 -1
Evo 1.02 0.00 1.00 0.05 0.00 0.00 0.00 0.22 0.03 0.22 0.01 0.04 -1 0
Result 0 0.0 58 0.39 0.17 0.15 0.10 0.14 0.22 0.22 -1 -1 -1 -1
Evo 1.02 0.00 1.00 0.02 0.00 0.00 0.00 0.13 0.02 0.10 0.01 0.03 -1 0
Result 0 0.0 61 0.46 0.21 0.16 0.16 0.10 0.19 0.18 -1 -1 -1 -1
Evo 1.02 0.00 1.00 0.03 0.00 0.00 0.00 0.18 0.02 0.17 0.01 0.03 -1 0
Result 0 0.0 58 0.43 0.15 0.14 0.15 0.19 0.17 0.20 -1 -1 -1 -1
Evo 1.01 0.00 1.00 0.03 0.00 0.00 0.00 0.17 0.02 0.15 0.00 0.02 -1 0
Result 0 0.0 67 0.43 0.12 0.29 0.16 0.12 0.15 0.16 -1 -1 -1 -1
Evo 1.02 0.00 1.00 0.06 0.00 0.00 0.00 0.23 0.03 0.23 0.01 0.02 -1 0
Result 0 0.0 53 0.47 0.09 0.19 0.19 0.17 0.20 0.17 -1 -1 -1 -1
Evo 1.01 0.00 1.00 0.04 0.00 0.00 0.00 0.21 0.02 0.20 0.01 0.03 -1 0
Result 0 0.0 68 0.47 0.19 0.10 0.20 0.16 0.16 0.19 -1 -1 -1 -1
Evo 1.02 0.00 1.00 0.04 0.00 0.00 0.00 0.19 0.03 0.17 0.01 0.03 -1 0
Result 0 0.0 54 0.40 0.11 0.16 0.24 0.15 0.16 0.18 -1 -1 -1 -1
Evo 1.01 0.00 1.00 0.03 0.00 0.00 0.00 0.17 0.02 0.15 0.00 0.03 -1 0
Result 0 0.0 68 0.48 0.23 0.12 0.22 0.23 0.09 0.12 -1 -1 -1 -1
