Evo 1.00 0.00 1.00 0.95 1.00 1.00 1.00 0.16 0.00 0.03 0.27 0.49 1550 1
Result 1 3.0 1850 0.40 0.18 0.17 0.16 0.18 0.14 0.17 -1 -1 -1 -1
Evo 1.00 0.00 1.00 0.51 0.50 0.50 0.50 0.06 0.00 0.27 0.28 0.49 1558 0
Result 1 5.0 1587 0.43 0.17 0.17 0.16 0.17 0.15 0.18 -1 -1 -1 -1
Evo 1.00 0.00 0.50 0.50 0.50 0.50 0.50 0.02 0.00 0.38 0.23 0.49 -1 0
Result 0 1.0 685 0.42 0.19 0.16 0.16 0.15 0.19 0.15 -1 -1 -1 -1
Evo 1.00 0.00 0.50 0.50 0.50 0.50 0.50 0.03 0.00 0.24 0.18 0.44 -1 0
Result 0 5.0 715 0.41 0.16 0.19 0.17 0.15 0.16 0.17 -1 -1 -1 -1
Evo 1.00 0.00 1.00 0.49 0.50 0.50 0.50 0.12 0.00 0.43 0.33 0.49 1767 0
Result 0 5.0 2000 0.43 0.18 0.17 0.17 0.17 0.16 0.15 -1 -1 -1 -1
Evo 1.00 0.00 0.50 0.50 0.50 0.50 0.50 0.04 0.00 0.42 0.29 0.49 -1 0
Result 0 2.0 684 0.44 0.18 0.18 0.15 0.16 0.18 0.16 -1 -1 -1 -1
Evo 1.00 0.00 1.00 0.52 0.50 0.50 0.50 0.10 0.00 0.25 0.30 0.49 1323 0
Result 1 4.0 1393 0.41 0.16 0.18 0.17 0.18 0.15 0.16 -1 -1 -1 -1
Evo 1.00 0.50 1.00 0.55 0.50 0.50 0.50 0.15 0.00 0.33 0.43 0.49 1109 0
Result 1 11.0 1586 0.44 0.17 0.17 0.17 0.18 0.17 0.15 -1 -1 -1 -1
Evo 1.00 0.00 1.00 0.54 0.50 0.50 0.50 0.15 0.00 0.23 0.44 0.49 1270 0
Result 1 3.0 1511 0.43 0.18 0.17 0.16 0.15 0.18 0.16 -1 -1 -1 -1
Evo 1.00 0.00 0.50 0.50 0.50 0.50 0.50 0.04 0.00 0.47 0.26 0.49 -1 0
Result 0 4.0 800 0.45 0.17 0.16 0.18 0.18 0.14 0.16 -1 -1 -1 -1
Evo 1.00 0.00 0.50 0.50 0.50 0.50 0.50 0.05 0.00 0.03 0.27 0.49 -1 1
Result 0 -4.0 782 0.41 0.16 0.18 0.17 0.18 0.15 0.17 -1 -1 -1 -1
Evo 1.00 0.00 0.50 0.50 0.50 0.50 0.50 0.05 0.00 0.19 0.16 0.40 -1 0
Result 0 0.0 609 0.43 0.15 0.15 0.20 0.17 0.16 0.18 -1 -1 -1 -1
Evo 1.00 0.00 1.00 0.54 0.50 0.50 0.50 0.13 0.00 0.47 0.39 0.49 1300 0
Result 1 5.0 1692 0.43 0.17 0.19 0.16 0.17 0.16 0.15 -1 -1 -1 -1
Evo 1.00 0.00 1.00 0.53 0.50 0.50 0.50 0.13 0.00 0.48 0.27 0.49 1259 1
Result 1 3.0 1391 0.43 0.18 0.17 0.17 0.19 0.15 0.14 -1 -1 -1 -1
Evo 1.00 0.00 0.50 0.50 0.50 0.50 0.50 0.03 0.00 0.48 0.30 0.49 -1 1
Result 0 4.0 634 0.45 0.18 0.16 0.16 0.18 0.16 0.16 -1 -1 -1 -1
Evo 1.00 0.00 1.00 0.52 0.50 0.50 0.50 0.11 0.00 0.07 0.38 0.49 1251 1
Result 1 5.0 1447 0.46 0.16 0.15 0.17 0.16 0.19 0.17 -1 -1 -1 -1
Evo 1.00 0.00 0.50 0.50 0.50 0.50 0.50 0.04 0.00 0.52 0.17 0.49 -1 0
Result 0 3.0 327 0.46 0.11 0.16 0.17 0.20 0.19 0.17 -1 -1 -1 -1
Evo 1.00 0.50 1.00 0.53 0.50 0.50 0.50 0.11 0.00 0.38 0.45 0.49 1453 0
Result 1 3.0 1594 0.43 0.17 0.17 0.16 0.17 0.17 0.16 -1 -1 -1 -1
Evo 1.00 0.00 0.50 0.50 0.50 0.50 0.50 0.02 0.00 0.25 0.30 0.49 -1 0
Result 0 -2.0 1289 0.43 0.16 0.16 0.17 0.17 0.17 0.16 -1 -1 -1 -1
Evo 1.00 0.00 0.50 0.50 0.50 0.50 0.50 0.04 0.00 0.29 0.20 0.49 -1 0
Result 0 1.0 302 0.44 0.18 0.18 0.14 0.17 0.16 0.17 -1 -1 -1 -1
Evo 1.00 0.00 1.00 0.48 0.50 0.50 0.50 0.11 0.00 0.04 0.34 0.50 1786 0
Result 0 2.0 2000 0.43 0.16 0.18 0.16 0.16 0.17 0.17 -1 -1 -1 -1
Evo 1.00 0.00 0.50 0.50 0.50 0.50 0.50 0.04 0.00 0.05 0.23 0.47 -1 0
Result 0 -1.0 1666 0.42 0.17 0.16 0.17 0.17 0.15 0.17 -1 -1 -1 -1
Evo 1.00 0.00 0.50 0.50 0.50 0.50 0.50 0.04 0.00 0.02 0.38 0.50 -1 0
Result 0 -9.0 905 0.44 0.16 0.18 0.15 0.17 0.18 0.15 -1 -1 -1 -1
Evo 1.00 0.50 1.00 0.51 0.50 0.50 0.50 0.08 0.00 0.33 0.47 0.50 1568 0
Result 1 5.0 1683 0.45 0.17 0.18 0.15 0.16 0.16 0.17 -1 -1 -1 -1
Evo 1.00 0.00 0.50 0.50 0.50 0.50 0.50 0.03 0.00 0.25 0.28 0.50 -1 0
Result 0 -3.0 1252 0.45 0.17 0.16 0.17 0.18 0.15 0.17 -1 -1 -1 -1
Evo 1.00 0.00 0.50 0.50 0.50 0.50 0.50 0.04 0.00 0.13 0.22 0.46 -1 0
Result 0 -2.0 608 0.45 0.15 0.18 0.18 0.16 0.18 0.15 -1 -1 -1 -1
Evo 1.00 0.00 1.00 0.51 0.50 0.50 0.50 0.08 0.00 0.45 0.45 0.50 1482 1
Result 1 6.0 1815 0.45 0.16 0.18 0.16 0.16 0.17 0.17 -1 -1 -1 -1
Evo 1.00 0.00 0.50 0.50 0.50 0.50 0.50 0.02 0.00 0.09 0.26 0.50 -1 0
Result 0 5.0 756 0.45 0.18 0.16 0.15 0.18 0.15 0.17 -1 -1 -1 -1
Evo 1.00 0.00 0.50 0.49 0.50 0.50 0.50 0.06 0.00 0.07 0.40 0.50 -1 3
Result 0 -8.0 1376 0.44 0.17 0.18 0.15 0.15 0.18 0.17 -1 -1 -1 -1
Evo 1.00 0.00 0.50 0.49 0.50 0.50 0.50 0.05 0.00 0.01 0.29 0.50 -1 0
Result 0 -10.0 1161 0.44 0.17 0.18 0.16 0.18 0.17 0.14 -1 -1 -1 -1
Evo 1.00 0.00 1.00 0.50 0.50 0.50 0.50 0.05 0.00 0.27 0.47 0.50 1758 1
Result 1 3.0 1824 0.43 0.16 0.16 0.18 0.16 0.19 0.15 -1 -1 -1 -1
Evo 1.00 0.00 0.50 0.50 0.50 0.50 0.50 0.05 0.00 0.41 0.30 0.50 -1 0
Result 0 -4.0 1313 0.43 0.16 0.17 0.16 0.18 0.16 0.17 -1 -1 -1 -1
Evo 1.00 0.00 1.00 0.52 0.50 0.50 0.50 0.12 0.00 0.30 0.35 0.50 1427 0
Result 1 6.0 1972 0.44 0.16 0.16 0.17 0.18 0.17 0.17 -1 -1 -1 -1
Evo 1.00 0.00 1.00 0.52 0.50 0.50 0.50 0.11 0.00 0.43 0.43 0.50 1328 0
Result 1 8.0 1500 0.45 0.14 0.18 0.16 0.17 0.18 0.17 -1 -1 -1 -1
Evo 1.00 0.00 1.00 0.50 0.50 0.50 0.50 0.09 0.00 0.07 0.45 0.50 1880 0
Result 1 3.0 1969 0.42 0.16 0.18 0.16 0.16 0.17 0.17 -1 -1 -1 -1
Evo 1.00 0.00 0.50 0.50 0.50 0.50 0.50 0.02 0.00 0.35 0.41 0.50 -1 0
Result 0 -2.0 1665 0.45 0.15 0.17 0.17 0.15 0.18 0.18 -1 -1 -1 -1
Evo 1.00 0.00 0.50 0.50 0.50 0.50 0.50 0.04 0.00 0.04 0.40 0.50 -1 0
Result 0 0.0 1311 0.42 0.16 0.18 0.18 0.16 0.18 0.15 -1 -1 -1 -1
Evo 1.00 0.50 1.00 0.52 0.50 0.50 0.50 0.11 0.00 0.12 0.31 0.50 1248 0
Result 1 10.0 1435 0.43 0.17 0.17 0.16 0.17 0.16 0.17 -1 -1 -1 -1
Evo 1.00 0.00 0.50 0.50 0.50 0.50 0.50 0.03 0.00 0.49 0.19 0.43 -1 2
Result 0 0.0 829 0.43 0.20 0.17 0.15 0.17 0.13 0.19 -1 -1 -1 -1
Evo 1.00 0.00 0.50 0.49 0.50 0.50 0.50 0.06 0.00 0.30 0.42 0.50 -1 0
Result 0 -6.0 1294 0.43 0.17 0.17 0.16 0.16 0.17 0.17 -1 -1 -1 -1
Evo 1.00 0.00 0.50 0.50 0.50 0.50 0.50 0.04 0.00 0.39 0.24 0.50 -1 0
Result 0 5.0 804 0.44 0.14 0.17 0.19 0.14 0.17 0.18 -1 -1 -1 -1
Evo 1.00 0.00 0.50 0.50 0.50 0.50 0.50 0.03 0.00 0.38 0.18 0.40 -1 0
Result 0 3.0 1128 0.41 0.17 0.18 0.18 0.15 0.15 0.17 -1 -1 -1 -1
Evo 1.00 0.00 0.50 0.50 0.50 0.50 0.50 0.03 0.00 0.05 0.17 0.49 -1 0
Result 0 1.0 292 0.45 0.17 0.18 0.18 0.18 0.17 0.11 -1 -1 -1 -1
Evo 1.00 0.00 0.50 0.50 0.50 0.50 0.50 0.03 0.00 0.13 0.29 0.50 -1 0
Result 0 7.0 798 0.43 0.17 0.18 0.15 0.17 0.17 0.16 -1 -1 -1 -1
Evo 1.00 0.00 0.50 0.50 0.50 0.50 0.50 0.04 0.00 0.12 0.32 0.50 -1 1
Result 0 -8.0 1167 0.41 0.19 0.17 0.17 0.15 0.16 0.16 -1 -1 -1 -1
Evo 1.00 0.00 0.50 0.49 0.50 0.50 0.50 0.08 0.00 0.33 0.45 0.50 -1 0
Result 0 -9.0 1232 0.43 0.16 0.17 0.16 0.17 0.17 0.16 -1 -1 -1 -1
Evo 1.00 0.00 1.00 0.53 0.50 0.50 0.50 0.11 0.00 0.21 0.22 0.49 1685 6
Result 1 5.0 1841 0.43 0.17 0.16 0.17 0.17 0.17 0.17 -1 -1 -1 -1
Evo 1.00 0.00 0.50 0.50 0.50 0.50 0.50 0.03 0.00 0.36 0.12 0.39 -1 0
Result 0 2.0 334 0.43 0.15 0.18 0.18 0.17 0.17 0.15 -1 -1 -1 -1
Evo 1.00 0.50 1.00 0.53 0.50 0.50 0.50 0.12 0.00 0.11 0.31 0.50 1171 0
Result 1 16.0 1324 0.42 0.16 0.16 0.16 0.18 0.17 0.17 -1 -1 -1 -1
Evo 1.00 0.00 0.50 0.49 0.50 0.50 0.50 0.06 0.00 0.01 0.26 0.49 -1 0
Result 0 -6.0 1093 0.43 0.16 0.16 0.17 0.17 0.16 0.17 -1 -1 -1 -1
Evo 1.00 0.00 0.50 0.50 0.50 0.50 0.50 0.02 0.00 0.22 0.30 0.50 -1 2
Result 0 10.0 793 0.44 0.15 0.17 0.16 0.18 0.16 0.18 -1 -1 -1 -1
Evo 1.00 0.00 0.50 0.50 0.50 0.50 0.50 0.01 0.00 0.05 0.36 0.50 -1 0
Result 0 -5.0 1273 0.44 0.19 0.17 0.15 0.18 0.16 0.16 -1 -1 -1 -1
Evo 1.00 0.00 0.50 0.50 0.50 0.50 0.50 0.02 0.00 0.42 0.22 0.50 -1 2
Result 0 1.0 584 0.45 0.18 0.15 0.17 0.16 0.19 0.16 -1 -1 -1 -1
Evo 1.00 0.50 1.00 0.52 0.50 0.50 0.50 0.10 0.00 0.12 0.42 0.50 1524 0
Result 1 16.0 1654 0.43 0.16 0.16 0.16 0.17 0.17 0.17 -1 -1 -1 -1
Evo 1.00 0.00 1.00 0.49 0.50 0.50 0.50 0.13 0.00 0.43 0.49 0.50 1821 0
Result 0 5.0 2000 0.43 0.17 0.17 0.15 0.17 0.16 0.17 -1 -1 -1 -1
Evo 1.00 0.00 1.00 0.51 0.50 0.50 0.50 0.09 0.00 0.25 0.35 0.50 1599 0
Result 0 4.0 1918 0.43 0.18 0.16 0.16 0.17 0.17 0.16 -1 -1 -1 -1
Evo 1.00 0.00 0.50 0.48 0.50 0.50 0.50 0.10 0.00 0.24 0.27 0.49 -1 1
Result 0 3.0 2000 0.42 0.17 0.16 0.17 0.18 0.16 0.16 -1 -1 -1 -1
Evo 1.00 0.00 1.00 0.50 0.50 0.50 0.50 0.15 0.00 0.13 0.48 0.50 1302 0
Result 0 11.0 2000 0.44 0.16 0.18 0.16 0.17 0.16 0.17 -1 -1 -1 -1
Evo 1.00 0.00 0.50 0.50 0.50 0.50 0.50 0.02 0.00 0.34 0.23 0.50 -1 2
Result 0 8.0 694 0.43 0.15 0.18 0.17 0.17 0.17 0.16 -1 -1 -1 -1
Evo 1.00 0.00 0.50 0.48 0.50 0.50 0.50 0.10 0.00 0.38 0.47 0.50 -1 1
Result 0 2.0 2000 0.44 0.17 0.18 0.16 0.17 0.17 0.15 -1 -1 -1 -1
Evo 1.00 0.00 1.00 0.52 0.50 0.50 0.50 0.10 0.00 0.41 0.34 0.49 1220 0
Result 1 8.0 1294 0.45 0.15 0.18 0.16 0.18 0.15 0.17 -1 -1 -1 -1
Evo 1.00 0.00 1.00 0.52 0.50 0.50 0.50 0.10 0.00 0.31 0.40 0.49 1508 3
Result 1 8.0 1604 0.44 0.16 0.16 0.16 0.18 0.17 0.17 -1 -1 -1 -1
Evo 1.00 0.50 1.00 0.53 0.50 0.50 0.50 0.12 0.00 0.40 0.30 0.49 1285 0
Result 1 8.0 1673 0.43 0.17 0.18 0.17 0.17 0.16 0.16 -1 -1 -1 -1
Evo 1.00 0.00 1.00 0.52 0.50 0.50 0.50 0.10 0.00 0.44 0.40 0.49 1809 0
Result 1 5.0 1946 0.46 0.15 0.16 0.16 0.19 0.16 0.17 -1 -1 -1 -1
Evo 1.00 0.50 1.00 0.52 0.50 0.50 0.50 0.09 0.00 0.14 0.31 0.49 1283 0
Result 1 12.0 1365 0.40 0.19 0.14 0.15 0.17 0.17 0.18 -1 -1 -1 -1
Evo 1.00 0.00 1.00 0.53 0.50 0.50 0.50 0.12 0.00 0.02 0.32 0.49 1096 1
Result 1 4.0 1209 0.43 0.17 0.16 0.17 0.17 0.16 0.17 -1 -1 -1 -1
Evo 1.00 0.00 1.00 0.50 0.50 0.50 0.50 0.15 0.00 0.31 0.23 0.48 1270 1
Result 0 5.0 2000 0.44 0.15 0.17 0.18 0.16 0.16 0.17 -1 -1 -1 -1
Evo 1.00 0.00 1.00 0.55 0.50 0.50 0.50 0.15 0.00 0.11 0.34 0.49 1560 2
Result 1 3.0 1846 0.43 0.17 0.18 0.17 0.16 0.17 0.16 -1 -1 -1 -1
Evo 1.00 0.50 1.00 0.52 0.50 0.50 0.50 0.09 0.00 0.16 0.35 0.49 1249 0
Result 1 6.0 1468 0.43 0.16 0.15 0.18 0.17 0.16 0.18 -1 -1 -1 -1
Evo 1.00 0.00 1.00 0.52 0.50 0.50 0.50 0.09 0.00 0.18 0.27 0.49 1623 0
Result 1 10.0 1709 0.45 0.13 0.19 0.17 0.18 0.16 0.17 -1 -1 -1 -1
Evo 1.00 0.00 0.50 0.49 0.50 0.50 0.50 0.06 0.00 0.47 0.22 0.49 -1 1
Result 0 0.0 539 0.45 0.14 0.16 0.17 0.19 0.19 0.15 -1 -1 -1 -1
Evo 1.00 0.00 0.50 0.50 0.50 0.50 0.50 0.04 0.00 0.14 0.31 0.49 -1 0
Result 0 -9.0 887 0.45 0.17 0.18 0.15 0.16 0.18 0.16 -1 -1 -1 -1
Evo 1.00 0.00 0.50 0.50 0.50 0.50 0.50 0.03 0.00 0.23 0.23 0.49 -1 0
Result 0 3.0 530 0.45 0.17 0.16 0.17 0.16 0.18 0.17 -1 -1 -1 -1
Evo 1.00 0.00 0.50 0.49 0.50 0.50 0.50 0.06 0.00 0.16 0.20 0.47 -1 1
Result 0 -4.0 663 0.45 0.15 0.17 0.19 0.19 0.13 0.17 -1 -1 -1 -1
Evo 1.00 0.50 1.00 0.52 0.50 0.50 0.50 0.10 0.00 0.17 0.38 0.49 1121 0
Result 1 14.0 1208 0.44 0.17 0.15 0.16 0.17 0.16 0.18 -1 -1 -1 -1
Evo 1.00 0.00 0.50 0.50 0.50 0.50 0.50 0.05 0.00 0.09 0.46 0.49 -1 1
Result 0 -5.0 1325 0.43 0.15 0.17 0.16 0.17 0.17 0.18 -1 -1 -1 -1
Evo 1.00 0.50 1.00 0.53 0.50 0.50 0.50 0.11 0.00 0.35 0.35 0.49 1269 0
Result 1 13.0 1401 0.42 0.19 0.16 0.15 0.19 0.16 0.15 -1 -1 -1 -1
Evo 1.00 0.50 1.00 0.54 0.50 0.50 0.50 0.14 0.00 0.32 0.37 0.49 1168 0
Result 1 10.0 1392 0.45 0.18 0.15 0.15 0.18 0.17 0.17 -1 -1 -1 -1
Evo 1.00 0.50 1.00 0.54 0.50 0.50 0.50 0.13 0.00 0.16 0.32 0.49 924 1
Result 1 17.0 1203 0.45 0.18 0.15 0.16 0.18 0.16 0.16 -1 -1 -1 -1
Evo 1.00 0.00 0.50 0.50 0.50 0.50 0.50 0.05 0.00 0.21 0.20 0.46 -1 0
Result 0 -6.0 1548 0.42 0.18 0.16 0.18 0.16 0.15 0.16 -1 -1 -1 -1
Evo 1.00 0.00 1.00 0.53 0.50 0.50 0.50 0.12 0.00 0.18 0.45 0.49 1247 0
Result 1 4.0 1643 0.43 0.17 0.16 0.17 0.17 0.17 0.17 -1 -1 -1 -1
Evo 1.00 0.00 1.00 0.52 0.50 0.50 0.50 0.11 0.00 0.01 0.25 0.49 1727 2
Result 1 3.0 1953 0.42 0.16 0.16 0.17 0.18 0.16 0.17 -1 -1 -1 -1
Evo 1.00 0.00 1.00 0.54 0.50 0.50 0.50 0.14 0.00 0.36 0.40 0.49 1251 0
Result 1 8.0 1825 0.45 0.15 0.18 0.15 0.19 0.18 0.15 -1 -1 -1 -1
Evo 1.00 0.00 1.00 0.52 0.50 0.50 0.50 0.10 0.00 0.14 0.40 0.49 1300 0
Result 1 4.0 1670 0.44 0.16 0.16 0.17 0.17 0.16 0.18 -1 -1 -1 -1
Evo 1.00 0.00 0.50 0.50 0.50 0.50 0.50 0.03 0.00 0.47 0.34 0.49 -1 0
Result 0 2.0 719 0.43 0.16 0.17 0.16 0.16 0.19 0.15 -1 -1 -1 -1
Evo 1.00 0.00 1.00 0.57 0.50 0.50 0.50 0.18 0.00 0.17 0.31 0.49 1083 0
Result 1 10.0 1604 0.42 0.15 0.18 0.17 0.18 0.16 0.16 -1 -1 -1 -1
Evo 1.00 0.00 0.50 0.50 0.50 0.50 0.50 0.04 0.00 0.01 0.31 0.49 -1 0
Result 0 -10.0 979 0.42 0.14 0.17 0.17 0.19 0.16 0.18 -1 -1 -1 -1
Evo 1.00 0.00 1.00 0.54 0.50 0.50 0.50 0.14 0.00 0.11 0.33 0.49 1208 0
Result 1 16.0 1905 0.42 0.18 0.16 0.17 0.17 0.16 0.16 -1 -1 -1 -1
Evo 1.00 0.50 1.00 0.53 0.50 0.50 0.50 0.12 0.00 0.22 0.28 0.49 1290 0
Result 1 3.0 1679 0.40 0.16 0.18 0.15 0.19 0.15 0.18 -1 -1 -1 -1
Evo 1.00 0.00 1.00 0.51 0.50 0.50 0.50 0.08 0.00 0.25 0.45 0.49 1578 1
Result 1 5.0 1904 0.42 0.16 0.17 0.16 0.18 0.16 0.17 -1 -1 -1 -1
Evo 1.00 0.00 0.50 0.50 0.50 0.50 0.50 0.03 0.00 0.27 0.33 0.49 -1 0
Result 0 -5.0 1289 0.43 0.16 0.17 0.17 0.16 0.17 0.18 -1 -1 -1 -1
Evo 1.00 0.00 1.00 0.54 0.50 0.50 0.50 0.14 0.00 0.04 0.41 0.49 1441 0
Result 0 1.0 1836 0.44 0.17 0.17 0.16 0.17 0.17 0.15 -1 -1 -1 -1
Evo 1.00 0.50 1.00 0.54 0.50 0.50 0.50 0.14 0.00 0.17 0.28 0.49 949 0
Result 1 16.0 1118 0.42 0.15 0.16 0.17 0.17 0.17 0.18 -1 -1 -1 -1
Evo 1.00 0.50 1.00 0.52 0.50 0.50 0.50 0.11 0.00 0.31 0.41 0.49 1429 0
Result 1 9.0 1841 0.43 0.18 0.17 0.16 0.17 0.16 0.16 -1 -1 -1 -1
Evo 1.00 0.00 1.00 0.51 0.50 0.50 0.50 0.08 0.00 0.37 0.42 0.49 1515 1
Result 1 3.0 1595 0.42 0.17 0.17 0.15 0.18 0.16 0.17 -1 -1 -1 -1
Evo 1.00 0.00 1.00 0.54 0.50 0.50 0.50 0.14 0.00 0.29 0.42 0.49 945 0
Result 1 9.0 1358 0.44 0.17 0.16 0.16 0.17 0.17 0.17 -1 -1 -1 -1
Evo 1.02 0.00 0.50 0.48 0.50 0.50 0.50 0.10 0.01 0.18 0.04 0.34 -1 1
Result 0 0.0 53 0.41 0.09 0.20 0.15 0.20 0.15 0.20 -1 -1 -1 -1
Evo 1.00 0.00 0.50 0.50 0.50 0.50 0.50 0.02 0.00 0.32 0.45 0.49 -1 0
Result 0 4.0 1615 0.43 0.16 0.17 0.17 0.18 0.17 0.16 -1 -1 -1 -1
Evo 1.00 0.00 1.00 0.53 0.50 0.50 0.50 0.12 0.00 0.53 0.41 0.49 1514 0
Result 1 6.0 1925 0.42 0.17 0.17 0.16 0.17 0.16 0.18 -1 -1 -1 -1
Evo 1.00 0.00 1.00 0.48 0.50 0.50 0.50 0.11 0.00 0.36 0.47 0.49 1895 0
Result 0 2.0 2000 0.45 0.16 0.17 0.15 0.18 0.17 0.16 -1 -1 -1 -1
