Evo 1.00 0.00 1.00 0.08 0.00 0.00 0.00 0.27 0.01 0.10 0.01 0.03 -1 455
Result 0 0.0 564 0.44 0.15 0.18 0.16 0.16 0.17 0.18 -1 -1 -1 -1
Evo 1.00 0.00 1.00 0.95 1.00 1.00 1.00 0.21 0.00 0.01 0.02 0.03 -1 470
Result 0 17.0 2000 0.44 0.17 0.15 0.17 0.18 0.16 0.16 -1 -1 -1 -1
Evo 1.00 0.00 1.00 0.96 1.00 1.00 1.00 0.21 0.00 0.33 0.01 0.03 -1 477
Result 0 17.0 2000 0.43 0.17 0.16 0.18 0.17 0.17 0.16 -1 -1 -1 -1
Evo 1.00 0.00 1.00 0.96 1.00 1.00 1.00 0.19 0.01 0.16 0.02 0.03 -1 481
Result 0 6.0 1067 0.41 0.15 0.19 0.16 0.17 0.17 0.17 -1 -1 -1 -1
Evo 1.00 0.00 1.00 0.95 1.00 1.00 1.00 0.22 0.00 0.33 0.02 0.04 -1 465
Result 0 17.0 2000 0.44 0.16 0.18 0.16 0.17 0.18 0.15 -1 -1 -1 -1
Evo 1.00 0.00 1.00 0.95 1.00 1.00 1.00 0.21 0.00 0.33 0.02 0.04 -1 457
Result 0 17.0 2000 0.45 0.15 0.19 0.17 0.17 0.16 0.16 -1 -1 -1 -1
Evo 1.00 0.00 1.00 0.96 1.00 1.00 1.00 0.21 0.00 0.33 0.02 0.03 -1 472
Result 0 17.0 2000 0.43 0.16 0.18 0.16 0.16 0.16 0.17 -1 -1 -1 -1
Evo 1.00 0.00 1.00 0.88 1.00 1.00 1.00 0.32 0.01 0.02 0.02 0.04 -1 459
Result 0 0.0 546 0.37 0.12 0.17 0.17 0.16 0.20 0.18 -1 -1 -1 -1
Evo 1.00 0.00 1.00 0.95 1.00 1.00 1.00 0.22 0.00 0.33 0.02 0.04 -1 469
Result 0 17.0 2000 0.43 0.17 0.17 0.16 0.16 0.16 0.18 -1 -1 -1 -1
Evo 1.00 0.00 1.00 0.95 1.00 1.00 1.00 0.21 0.00 0.32 0.02 0.03 -1 478
Result 0 16.0 2000 0.42 0.16 0.15 0.18 0.17 0.17 0.17 -1 -1 -1 -1
Evo 1.00 0.00 1.00 0.92 1.00 1.00 1.00 0.27 0.01 0.47 0.02 0.04 -1 460
Result 0 3.0 818 0.41 0.19 0.15 0.16 0.17 0.17 0.16 -1 -1 -1 -1
Evo 1.00 0.00 1.00 0.96 1.00 1.00 1.00 0.21 0.00 0.33 0.01 0.03 -1 477
Result 0 17.0 2000 0.43 0.15 0.16 0.16 0.19 0.16 0.17 -1 -1 -1 -1
Evo 1.00 0.00 1.00 0.96 1.00 1.00 1.00 0.19 0.00 0.35 0.02 0.03 -1 478
Result 0 13.0 1758 0.44 0.18 0.18 0.16 0.15 0.16 0.17 -1 -1 -1 -1
Evo 1.00 0.00 1.00 0.94 1.00 1.00 1.00 0.24 0.01 0.30 0.02 0.03 -1 458
Result 0 17.0 2000 0.44 0.17 0.17 0.16 0.17 0.16 0.16 -1 -1 -1 -1
Evo 1.00 0.00 1.00 0.96 1.00 1.00 1.00 0.21 0.00 0.34 0.02 0.04 -1 475
Result 0 17.0 2000 0.43 0.17 0.17 0.16 0.16 0.17 0.17 -1 -1 -1 -1
Evo 1.00 0.00 1.00 0.94 1.00 1.00 1.00 0.24 0.01 0.33 0.02 0.03 -1 472
Result 0 17.0 2000 0.43 0.17 0.15 0.18 0.17 0.17 0.17 -1 -1 -1 -1
Evo 1.00 0.00 1.00 0.96 1.00 1.00 1.00 0.21 0.00 0.34 0.01 0.03 -1 472
Result 0 17.0 2000 0.42 0.16 0.17 0.16 0.18 0.15 0.18 -1 -1 -1 -1
Evo 1.00 0.00 1.00 0.95 1.00 1.00 1.00 0.23 0.01 0.29 0.02 0.04 -1 494
Result 0 17.0 2000 0.43 0.17 0.17 0.17 0.17 0.16 0.17 -1 -1 -1 -1
Evo 1.00 0.00 1.00 0.96 1.00 1.00 1.00 0.21 0.00 0.32 0.01 0.03 -1 476
Result 0 17.0 2000 0.43 0.15 0.16 0.19 0.17 0.16 0.17 -1 -1 -1 -1
Evo 1.00 0.00 1.00 0.95 1.00 1.00 1.00 0.22 0.00 0.33 0.03 0.04 -1 466
Result 0 17.0 2000 0.43 0.16 0.16 0.17 0.17 0.17 0.17 -1 -1 -1 -1
Evo 1.00 0.00 1.00 0.95 1.00 1.00 1.00 0.21 0.00 0.33 0.02 0.03 -1 476
Result 0 17.0 2000 0.42 0.17 0.16 0.17 0.16 0.17 0.16 -1 -1 -1 -1
Evo 1.00 0.00 1.00 0.96 1.00 1.00 1.00 0.21 0.00 0.33 0.02 0.03 -1 725
Result 0 17.0 2000 0.44 0.18 0.16 0.16 0.17 0.16 0.17 -1 -1 -1 -1
Evo 1.00 0.00 1.00 0.96 1.00 1.00 1.00 0.21 0.00 0.33 0.02 0.03 -1 470
Result 0 17.0 2000 0.43 0.16 0.17 0.17 0.16 0.18 0.16 -1 -1 -1 -1
Evo 1.00 0.00 1.00 0.96 1.00 1.00 1.00 0.21 0.00 0.32 0.02 0.04 -1 488
Result 0 17.0 2000 0.43 0.18 0.16 0.17 0.15 0.17 0.17 -1 -1 -1 -1
Evo 1.00 0.00 1.00 0.96 1.00 1.00 1.00 0.21 0.00 0.33 0.02 0.03 -1 474
Result 0 16.0 2000 0.43 0.16 0.16 0.17 0.16 0.17 0.17 -1 -1 -1 -1
Evo 1.00 0.00 1.00 0.94 1.00 1.00 1.00 0.23 0.01 0.33 0.02 0.03 -1 466
Result 0 17.0 2000 0.43 0.16 0.17 0.16 0.16 0.17 0.18 -1 -1 -1 -1
Evo 1.00 0.00 1.00 0.96 1.00 1.00 1.00 0.21 0.00 0.33 0.01 0.03 -1 532
Result 0 17.0 2000 0.42 0.16 0.16 0.18 0.17 0.18 0.16 -1 -1 -1 -1
Evo 1.00 0.00 1.00 0.96 1.00 1.00 1.00 0.21 0.00 0.32 0.02 0.03 -1 723
Result 0 17.0 2000 0.44 0.16 0.17 0.16 0.18 0.16 0.17 -1 -1 -1 -1
Evo 1.00 0.00 1.00 0.96 1.00 1.00 1.00 0.21 0.00 0.32 0.02 0.03 -1 463
Result 0 17.0 2000 0.42 0.16 0.16 0.17 0.17 0.17 0.16 -1 -1 -1 -1
Evo 1.00 0.00 1.00 0.96 1.00 1.00 1.00 0.21 0.00 0.33 0.02 0.04 -1 482
Result 0 17.0 2000 0.44 0.17 0.17 0.17 0.16 0.17 0.16 -1 -1 -1 -1
Evo 1.00 0.00 1.00 0.96 1.00 1.00 1.00 0.21 0.00 0.33 0.01 0.03 -1 475
Result 0 17.0 2000 0.43 0.16 0.17 0.16 0.17 0.17 0.17 -1 -1 -1 -1
Evo 1.00 0.00 1.00 0.97 1.00 1.00 1.00 0.16 0.01 0.50 0.02 0.04 -1 456
Result 0 3.0 810 0.42 0.16 0.17 0.18 0.18 0.14 0.18 -1 -1 -1 -1
Evo 1.00 0.00 1.00 0.96 1.00 1.00 1.00 0.21 0.00 0.33 0.02 0.03 -1 483
Result 0 17.0 2000 0.44 0.15 0.17 0.16 0.17 0.18 0.16 -1 -1 -1 -1
Evo 1.00 0.00 1.00 0.95 1.00 1.00 1.00 0.21 0.00 0.31 0.02 0.03 -1 469
Result 0 11.0 2000 0.44 0.17 0.17 0.16 0.16 0.17 0.16 -1 -1 -1 -1
Evo 1.00 0.00 1.00 0.96 1.00 1.00 1.00 0.21 0.00 0.33 0.02 0.03 -1 485
Result 0 17.0 2000 0.43 0.17 0.16 0.17 0.18 0.17 0.15 -1 -1 -1 -1
Evo 1.00 0.00 1.00 0.95 1.00 1.00 1.00 0.21 0.00 0.33 0.03 0.03 -1 478
Result 0 17.0 2000 0.42 0.16 0.16 0.17 0.17 0.17 0.17 -1 -1 -1 -1
Evo 1.00 0.00 1.00 0.96 1.00 1.00 1.00 0.21 0.00 0.34 0.02 0.03 -1 494
Result 0 17.0 2000 0.43 0.17 0.16 0.17 0.16 0.16 0.18 -1 -1 -1 -1
Evo 1.00 0.00 1.00 0.95 1.00 1.00 1.00 0.21 0.00 0.33 0.02 0.03 -1 461
Result 0 17.0 2000 0.43 0.16 0.17 0.17 0.17 0.17 0.17 -1 -1 -1 -1
Evo 1.00 0.00 1.00 0.96 1.00 1.00 1.00 0.21 0.00 0.32 0.01 0.03 -1 465
Result 0 16.0 2000 0.43 0.17 0.15 0.16 0.17 0.18 0.17 -1 -1 -1 -1
Evo 1.00 0.00 1.00 0.87 1.00 1.00 1.00 0.34 0.01 0.05 0.02 0.04 -1 452
Result 0 0.0 554 0.45 0.19 0.14 0.18 0.16 0.16 0.18 -1 -1 -1 -1
Evo 1.00 0.00 1.00 0.95 1.00 1.00 1.00 0.22 0.00 0.32 0.03 0.04 -1 462
Result 0 14.0 1904 0.42 0.17 0.16 0.17 0.17 0.16 0.17 -1 -1 -1 -1
Evo 1.00 0.00 1.00 0.95 1.00 1.00 1.00 0.22 0.00 0.28 0.01 0.05 -1 460
Result 0 15.0 2000 0.44 0.16 0.17 0.16 0.16 0.18 0.16 -1 -1 -1 -1
Evo 1.00 0.00 1.00 0.93 1.00 1.00 1.00 0.25 0.01 0.31 0.02 0.04 -1 449
Result 0 15.0 2000 0.43 0.16 0.16 0.15 0.17 0.18 0.17 -1 -1 -1 -1
Evo 1.00 0.00 1.00 0.92 1.00 1.00 1.00 0.28 0.01 0.42 0.02 0.04 -1 446
Result 0 1.0 552 0.45 0.19 0.19 0.16 0.16 0.16 0.15 -1 -1 -1 -1
Evo 1.00 0.00 1.00 0.99 1.00 1.00 1.00 0.11 0.00 0.50 0.01 0.03 -1 457
Result 0 4.0 902 0.42 0.17 0.15 0.15 0.18 0.16 0.19 -1 -1 -1 -1
Evo 1.00 0.00 1.00 0.95 1.00 1.00 1.00 0.21 0.00 0.29 0.01 0.03 -1 460
Result 0 14.0 2000 0.44 0.17 0.16 0.16 0.16 0.18 0.18 -1 -1 -1 -1
Evo 1.00 0.00 1.00 0.95 1.00 1.00 1.00 0.21 0.00 0.29 0.01 0.03 -1 465
Result 0 14.0 2000 0.44 0.17 0.16 0.16 0.16 0.17 0.18 -1 -1 -1 -1
Evo 1.00 0.00 1.00 0.93 1.00 1.00 1.00 0.26 0.01 0.30 0.02 0.04 -1 456
Result 0 15.0 2000 0.43 0.17 0.18 0.17 0.16 0.16 0.15 -1 -1 -1 -1
Evo 1.00 0.00 1.00 0.96 1.00 1.00 1.00 0.21 0.00 0.28 0.01 0.03 -1 471
Result 0 15.0 2000 0.41 0.15 0.17 0.17 0.17 0.18 0.16 -1 -1 -1 -1
Evo 1.00 0.00 1.00 0.96 1.00 1.00 1.00 0.19 0.01 0.02 0.01 0.03 -1 453
Result 0 1.0 552 0.43 0.17 0.17 0.18 0.16 0.16 0.17 -1 -1 -1 -1
Evo 1.00 0.00 1.00 0.99 1.00 1.00 1.00 0.08 0.00 0.34 0.02 0.03 -1 470
Result 0 14.0 1754 0.41 0.17 0.15 0.17 0.17 0.17 0.17 -1 -1 -1 -1
Evo 1.00 0.00 1.00 0.95 1.00 1.00 1.00 0.21 0.00 0.28 0.02 0.04 -1 450
Result 0 14.0 2000 0.43 0.15 0.16 0.16 0.17 0.17 0.17 -1 -1 -1 -1
Evo 1.00 0.00 1.00 0.95 1.00 1.00 1.00 0.21 0.00 0.29 0.01 0.04 -1 459
Result 0 14.0 2000 0.43 0.18 0.17 0.16 0.19 0.17 0.14 -1 -1 -1 -1
Evo 1.00 0.00 1.00 0.98 1.00 1.00 1.00 0.15 0.00 0.30 0.02 0.03 -1 466
Result 0 14.0 1956 0.44 0.17 0.16 0.17 0.15 0.17 0.17 -1 -1 -1 -1
Evo 1.00 0.00 1.00 0.96 1.00 1.00 1.00 0.20 0.01 0.53 0.02 0.03 -1 465
Result 0 3.0 846 0.42 0.16 0.17 0.18 0.16 0.15 0.18 -1 -1 -1 -1
Evo 1.00 0.00 1.00 0.92 1.00 1.00 1.00 0.27 0.01 0.42 0.02 0.04 -1 449
Result 0 1.0 550 0.45 0.19 0.18 0.15 0.18 0.14 0.17 -1 -1 -1 -1
Evo 1.00 0.00 1.00 0.95 1.00 1.00 1.00 0.21 0.01 0.08 0.02 0.04 -1 454
Result 0 1.0 554 0.41 0.15 0.18 0.15 0.16 0.15 0.20 -1 -1 -1 -1
Evo 1.00 0.00 1.00 0.93 1.00 1.00 1.00 0.26 0.01 0.48 0.02 0.04 -1 445
Result 0 3.0 800 0.43 0.15 0.16 0.18 0.14 0.17 0.19 -1 -1 -1 -1
Evo 1.00 0.00 1.00 0.95 1.00 1.00 1.00 0.21 0.00 0.29 0.01 0.03 -1 451
Result 0 14.0 2000 0.42 0.16 0.17 0.15 0.17 0.18 0.17 -1 -1 -1 -1
Evo 1.00 0.00 1.00 0.95 1.00 1.00 1.00 0.21 0.00 0.31 0.01 0.03 -1 457
Result 0 14.0 2000 0.42 0.17 0.16 0.16 0.16 0.16 0.18 -1 -1 -1 -1
Evo 1.00 0.00 1.00 0.95 1.00 1.00 1.00 0.22 0.00 0.15 0.01 0.03 -1 206
Result 0 27.0 2000 0.44 0.18 0.17 0.16 0.18 0.16 0.16 -1 -1 -1 -1
Evo 1.00 0.00 1.00 0.96 1.00 1.00 1.00 0.21 0.00 0.15 0.01 0.03 -1 204
Result 0 28.0 2000 0.43 0.16 0.16 0.17 0.18 0.15 0.17 -1 -1 -1 -1
Evo 1.00 0.00 1.00 0.93 1.00 1.00 1.00 0.26 0.01 0.17 0.02 0.04 -1 193
Result 0 28.0 2000 0.44 0.16 0.17 0.17 0.16 0.16 0.18 -1 -1 -1 -1
Evo 1.00 0.00 1.00 0.92 1.00 1.00 1.00 0.26 0.02 0.35 0.01 0.03 -1 197
Result 0 1.0 304 0.41 0.17 0.15 0.15 0.16 0.20 0.16 -1 -1 -1 -1
Evo 1.00 0.00 1.00 0.95 1.00 1.00 1.00 0.21 0.00 0.17 0.02 0.03 -1 202
Result 0 28.0 2000 0.44 0.15 0.18 0.17 0.17 0.16 0.17 -1 -1 -1 -1
Evo 1.00 0.00 1.00 0.96 1.00 1.00 1.00 0.21 0.00 0.15 0.01 0.02 -1 205
Result 0 28.0 2000 0.43 0.16 0.16 0.17 0.17 0.17 0.17 -1 -1 -1 -1
Evo 1.00 0.00 1.00 0.96 1.00 1.00 1.00 0.21 0.00 0.17 0.01 0.03 -1 209
Result 0 26.0 2000 0.44 0.18 0.17 0.16 0.16 0.16 0.16 -1 -1 -1 -1
Evo 1.00 0.00 1.00 0.96 1.00 1.00 1.00 0.21 0.00 0.15 0.01 0.03 -1 214
Result 0 27.0 2000 0.44 0.17 0.16 0.16 0.17 0.15 0.17 -1 -1 -1 -1
Evo 1.00 0.00 1.00 0.95 1.00 1.00 1.00 0.21 0.00 0.17 0.01 0.03 -1 214
Result 0 28.0 2000 0.43 0.17 0.17 0.16 0.17 0.18 0.16 -1 -1 -1 -1
Evo 1.00 0.00 1.00 0.99 1.00 1.00 1.00 0.10 0.00 0.17 0.01 0.03 -1 211
Result 0 23.0 1769 0.41 0.15 0.19 0.17 0.16 0.16 0.17 -1 -1 -1 -1
Evo 1.00 0.00 1.00 0.95 1.00 1.00 1.00 0.21 0.00 0.18 0.02 0.03 -1 203
Result 0 29.0 2000 0.42 0.16 0.15 0.17 0.17 0.17 0.18 -1 -1 -1 -1
Evo 1.00 0.00 1.00 0.96 1.00 1.00 1.00 0.21 0.00 0.18 0.01 0.03 -1 224
Result 0 28.0 2000 0.44 0.16 0.18 0.17 0.16 0.15 0.17 -1 -1 -1 -1
Evo 1.00 0.00 1.00 0.96 1.00 1.00 1.00 0.21 0.00 0.17 0.02 0.03 -1 198
Result 0 29.0 2000 0.43 0.17 0.17 0.16 0.17 0.15 0.18 -1 -1 -1 -1
Evo 1.00 0.00 1.00 0.97 1.00 1.00 1.00 0.17 0.00 0.24 0.02 0.03 -1 213
Result 0 16.0 1420 0.40 0.17 0.14 0.16 0.19 0.16 0.17 -1 -1 -1 -1
Evo 1.00 0.00 1.00 0.96 1.00 1.00 1.00 0.21 0.00 0.17 0.01 0.03 -1 209
Result 0 29.0 2000 0.44 0.18 0.18 0.17 0.16 0.15 0.16 -1 -1 -1 -1
Evo 1.00 0.00 1.00 0.95 1.00 1.00 1.00 0.22 0.00 0.15 0.01 0.03 -1 208
Result 0 28.0 2000 0.43 0.17 0.16 0.17 0.17 0.16 0.17 -1 -1 -1 -1
Evo 1.00 0.00 1.00 0.95 1.00 1.00 1.00 0.21 0.00 0.14 0.02 0.03 -1 204
Result 0 28.0 2000 0.44 0.16 0.17 0.17 0.16 0.16 0.18 -1 -1 -1 -1
Evo 1.00 0.00 1.00 0.95 1.00 1.00 1.00 0.21 0.00 0.13 0.02 0.03 -1 211
Result 0 28.0 2000 0.44 0.17 0.16 0.17 0.16 0.16 0.17 -1 -1 -1 -1
Evo 1.00 0.00 1.00 0.96 1.00 1.00 1.00 0.21 0.00 0.16 0.02 0.03 -1 211
Result 0 29.0 1998 0.43 0.16 0.17 0.16 0.16 0.18 0.17 -1 -1 -1 -1
Evo 1.00 0.00 1.00 0.95 1.00 1.00 1.00 0.21 0.00 0.18 0.02 0.03 -1 201
Result 0 28.0 2000 0.43 0.17 0.15 0.17 0.16 0.18 0.17 -1 -1 -1 -1
Evo 1.00 0.00 1.00 0.96 1.00 1.00 1.00 0.21 0.00 0.10 0.01 0.02 -1 385
Result 0 31.0 2000 0.43 0.17 0.16 0.15 0.17 0.18 0.17 -1 -1 -1 -1
Evo 1.00 0.00 1.00 0.96 1.00 1.00 1.00 0.21 0.00 0.11 0.02 0.03 -1 388
Result 0 29.0 2000 0.43 0.17 0.17 0.15 0.18 0.16 0.17 -1 -1 -1 -1
Evo 1.00 0.00 1.00 0.95 1.00 1.00 1.00 0.22 0.00 0.13 0.02 0.03 -1 370
Result 0 29.0 2000 0.44 0.18 0.16 0.16 0.17 0.16 0.17 -1 -1 -1 -1
Evo 1.00 0.00 1.00 0.96 1.00 1.00 1.00 0.21 0.00 0.11 0.01 0.03 -1 495
Result 0 30.0 2000 0.43 0.18 0.17 0.17 0.17 0.16 0.15 -1 -1 -1 -1
Evo 1.00 0.00 1.00 0.95 1.00 1.00 1.00 0.21 0.00 0.16 0.02 0.03 -1 405
Result 0 29.0 2000 0.43 0.17 0.15 0.16 0.18 0.17 0.17 -1 -1 -1 -1
Evo 1.00 0.00 1.00 0.96 1.00 1.00 1.00 0.21 0.00 0.11 0.02 0.03 -1 496
Result 0 30.0 2000 0.42 0.17 0.16 0.17 0.15 0.17 0.18 -1 -1 -1 -1
Evo 1.00 0.00 1.00 0.96 1.00 1.00 1.00 0.21 0.00 0.14 0.01 0.03 -1 377
Result 0 30.0 2000 0.42 0.16 0.16 0.16 0.18 0.17 0.17 -1 -1 -1 -1
Evo 1.00 0.00 1.00 0.95 1.00 1.00 1.00 0.21 0.00 0.15 0.02 0.03 -1 379
Result 0 30.0 2000 0.41 0.17 0.15 0.17 0.16 0.18 0.17 -1 -1 -1 -1
Evo 1.00 0.00 1.00 0.96 1.00 1.00 1.00 0.21 0.00 0.11 0.01 0.03 -1 386
Result 0 30.0 2000 0.43 0.17 0.16 0.16 0.17 0.16 0.18 -1 -1 -1 -1
Evo 1.00 0.00 1.00 0.96 1.00 1.00 1.00 0.21 0.00 0.13 0.02 0.03 -1 498
Result 0 31.0 2000 0.44 0.16 0.17 0.17 0.16 0.17 0.16 -1 -1 -1 -1
Evo 1.00 0.00 1.00 0.96 1.00 1.00 1.00 0.21 0.00 0.09 0.02 0.03 -1 389
Result 0 31.0 2000 0.42 0.17 0.16 0.17 0.18 0.16 0.17 -1 -1 -1 -1
Evo 1.00 0.00 1.00 0.99 1.00 1.00 1.00 0.09 0.00 0.13 0.02 0.03 -1 395
Result 0 29.0 1925 0.43 0.16 0.15 0.17 0.15 0.17 0.19 -1 -1 -1 -1
Evo 1.00 0.00 1.00 0.95 1.00 1.00 1.00 0.22 0.01 0.11 0.02 0.03 -1 522
Result 0 30.0 2000 0.43 0.17 0.16 0.16 0.17 0.16 0.17 -1 -1 -1 -1
Evo 1.00 0.00 1.00 0.95 1.00 1.00 1.00 0.21 0.00 0.16 0.02 0.03 -1 490
Result 0 30.0 2000 0.42 0.15 0.15 0.17 0.17 0.18 0.16 -1 -1 -1 -1
Evo 1.00 0.00 1.00 0.95 1.00 1.00 1.00 0.21 0.00 0.12 0.02 0.03 -1 379
Result 0 30.0 2000 0.43 0.18 0.16 0.15 0.17 0.16 0.17 -1 -1 -1 -1
Evo 1.00 0.00 1.00 0.96 1.00 1.00 1.00 0.21 0.00 0.12 0.01 0.02 -1 501
Result 0 30.0 2000 0.42 0.16 0.16 0.17 0.17 0.17 0.17 -1 -1 -1 -1
Evo 1.00 0.00 1.00 0.95 1.00 1.00 1.00 0.21 0.00 0.11 0.02 0.03 -1 387
Result 0 30.0 1968 0.43 0.17 0.16 0.17 0.16 0.17 0.18 -1 -1 -1 -1
Evo 1.00 0.00 1.00 0.97 1.00 1.00 1.00 0.18 0.00 0.11 0.02 0.04 -1 367
Result 0 30.0 1975 0.43 0.17 0.17 0.17 0.17 0.16 0.17 -1 -1 -1 -1
Evo 1.00 0.00 1.00 0.96 1.00 1.00 1.00 0.21 0.00 0.11 0.02 0.03 -1 385
Result 0 31.0 2000 0.42 0.15 0.16 0.17 0.18 0.17 0.17 -1 -1 -1 -1
Evo 1.00 0.00 1.00 0.97 1.00 1.00 1.00 0.18 0.00 0.11 0.02 0.03 -1 383
Result 0 29.0 1972 0.44 0.18 0.16 0.17 0.16 0.16 0.17 -1 -1 -1 -1
