Evo 1.00 0.00 1.00 0.95 1.00 1.00 1.00 0.23 0.01 0.08 0.69 0.70 -1 19
Result 0 0.0 2000 0.48 0.19 0.19 0.22 0.18 0.21 -1 -1 -1 -1 -1
Evo 1.00 0.00 1.00 0.96 1.00 1.00 1.00 0.21 0.00 0.20 0.70 0.70 -1 3
Result 0 0.0 2000 0.46 0.19 0.22 0.19 0.21 0.19 -1 -1 -1 -1 -1
Evo 1.00 0.00 1.00 0.96 1.00 1.00 1.00 0.21 0.00 0.20 0.69 0.70 -1 7
Result 0 0.0 2000 0.45 0.21 0.20 0.18 0.21 0.19 -1 -1 -1 -1 -1
Evo 1.00 0.00 1.00 0.96 1.00 1.00 1.00 0.21 0.00 0.20 0.70 0.70 -1 5
Result 0 0.0 2000 0.47 0.20 0.20 0.20 0.19 0.21 -1 -1 -1 -1 -1
Evo 1.00 0.00 1.00 0.96 1.00 1.00 1.00 0.21 0.00 0.20 0.69 0.70 -1 350
Result 0 0.0 2000 0.47 0.19 0.21 0.20 0.20 0.20 -1 -1 -1 -1 -1
Evo 1.00 0.00 1.00 0.96 1.00 1.00 1.00 0.21 0.00 0.20 0.70 0.70 -1 14
Result 0 0.0 2000 0.47 0.18 0.20 0.20 0.19 0.22 -1 -1 -1 -1 -1
Evo 1.00 0.00 1.00 0.96 1.00 1.00 1.00 0.21 0.00 0.20 0.68 0.70 -1 105
Result 0 0.0 2000 0.46 0.20 0.21 0.19 0.19 0.20 -1 -1 -1 -1 -1
Evo 1.00 0.00 1.00 0.96 1.00 1.00 1.00 0.21 0.00 0.20 0.69 0.70 -1 67
Result 0 0.0 2000 0.47 0.19 0.19 0.21 0.20 0.21 -1 -1 -1 -1 -1
Evo 1.00 0.00 1.00 0.96 1.00 1.00 1.00 0.21 0.00 0.20 0.70 0.70 -1 13
Result 0 0.0 2000 0.47 0.20 0.20 0.20 0.21 0.20 -1 -1 -1 -1 -1
Evo 1.00 0.00 1.00 0.96 1.00 1.00 1.00 0.20 0.00 0.19 0.69 0.70 -1 108
Result 0 -1.0 1995 0.46 0.19 0.21 0.19 0.21 0.20 -1 -1 -1 -1 -1
Evo 1.00 0.00 1.00 0.96 1.00 1.00 1.00 0.21 0.00 0.39 0.68 0.70 -1 7
Result 0 0.0 2000 0.47 0.21 0.19 0.21 0.19 0.20 -1 -1 -1 -1 -1
Evo 1.00 0.00 1.00 0.96 1.00 1.00 1.00 0.21 0.00 0.06 0.70 0.70 -1 2
Result 0 0.0 2000 0.47 0.19 0.19 0.21 0.21 0.20 -1 -1 -1 -1 -1
Evo 1.00 0.00 1.00 0.96 1.00 1.00 1.00 0.21 0.00 0.06 0.68 0.70 -1 20
Result 0 0.0 2000 0.47 0.22 0.19 0.21 0.20 0.18 -1 -1 -1 -1 -1
Evo 1.00 0.00 1.00 0.96 1.00 1.00 1.00 0.21 0.00 0.06 0.68 0.70 -1 13
Result 0 0.0 2000 0.45 0.20 0.20 0.19 0.21 0.20 -1 -1 -1 -1 -1
Evo 1.00 0.00 1.00 0.96 1.00 1.00 1.00 0.21 0.00 0.06 0.70 0.70 -1 32
Result 0 0.0 2000 0.46 0.20 0.20 0.20 0.20 0.19 -1 -1 -1 -1 -1
Evo 1.00 0.00 1.00 0.96 1.00 1.00 1.00 0.21 0.00 0.06 0.69 0.70 -1 1
Result 0 0.0 2000 0.45 0.21 0.21 0.18 0.19 0.21 -1 -1 -1 -1 -1
Evo 1.00 0.00 1.00 0.96 1.00 1.00 1.00 0.21 0.00 0.06 0.68 0.70 -1 10
Result 0 0.0 2000 0.47 0.20 0.19 0.21 0.20 0.20 -1 -1 -1 -1 -1
Evo 1.00 0.00 1.00 0.96 1.00 1.00 1.00 0.21 0.00 0.06 0.66 0.70 -1 1
Result 0 0.0 2000 0.47 0.21 0.20 0.21 0.18 0.19 -1 -1 -1 -1 -1
Evo 1.00 0.00 1.00 0.96 1.00 1.00 1.00 0.21 0.00 0.06 0.69 0.70 -1 31
Result 0 0.0 2000 0.48 0.19 0.19 0.22 0.20 0.20 -1 -1 -1 -1 -1
Evo 1.00 0.00 1.00 0.96 1.00 1.00 1.00 0.21 0.00 0.06 0.70 0.70 -1 30
Result 0 0.0 2000 0.46 0.19 0.20 0.20 0.21 0.20 -1 -1 -1 -1 -1
Evo 1.00 0.00 1.00 0.96 1.00 1.00 1.00 0.21 0.00 0.12 0.29 0.55 -1 1
Result 0 1.0 2000 0.47 0.19 0.21 0.20 0.20 0.19 -1 -1 -1 -1 -1
Evo 1.00 0.00 1.00 0.96 1.00 1.00 1.00 0.21 0.00 0.08 0.53 0.55 -1 1
Result 0 1.0 2000 0.47 0.20 0.19 0.20 0.21 0.20 -1 -1 -1 -1 -1
Evo 1.00 0.00 1.00 0.96 1.00 1.00 1.00 0.21 0.00 0.07 0.45 0.55 -1 4
Result 0 1.0 2000 0.45 0.21 0.20 0.18 0.21 0.21 -1 -1 -1 -1 -1
Evo 1.00 0.00 1.00 0.96 1.00 1.00 1.00 0.21 0.00 0.10 0.40 0.55 -1 1
Result 0 1.0 2000 0.45 0.20 0.19 0.19 0.21 0.20 -1 -1 -1 -1 -1
Evo 1.00 0.00 1.00 0.96 1.00 1.00 1.00 0.21 0.00 0.11 0.41 0.55 -1 6
Result 0 1.0 2000 0.46 0.22 0.19 0.19 0.20 0.20 -1 -1 -1 -1 -1
Evo 1.00 0.00 1.00 0.96 1.00 1.00 1.00 0.21 0.00 0.08 0.49 0.55 -1 8
Result 0 1.0 2000 0.47 0.20 0.19 0.20 0.20 0.20 -1 -1 -1 -1 -1
Evo 1.00 0.00 1.00 0.96 1.00 1.00 1.00 0.21 0.00 0.11 0.54 0.55 -1 9
Result 0 1.0 2000 0.47 0.20 0.20 0.21 0.21 0.18 -1 -1 -1 -1 -1
Evo 1.00 0.00 1.00 0.96 1.00 1.00 1.00 0.21 0.00 0.14 0.36 0.55 -1 4
Result 0 1.0 2000 0.46 0.20 0.20 0.20 0.19 0.21 -1 -1 -1 -1 -1
Evo 1.00 0.00 1.00 0.96 1.00 1.00 1.00 0.21 0.00 0.09 0.41 0.55 -1 3
Result 0 1.0 2000 0.46 0.21 0.18 0.20 0.21 0.19 -1 -1 -1 -1 -1
Evo 1.00 0.00 1.00 0.96 1.00 1.00 1.00 0.21 0.00 0.07 0.47 0.55 -1 6
Result 0 1.0 2000 0.46 0.20 0.20 0.20 0.20 0.21 -1 -1 -1 -1 -1
Evo 1.00 0.00 1.00 0.96 1.00 1.00 1.00 0.21 0.00 0.08 0.55 0.55 -1 1
Result 0 1.0 2000 0.47 0.20 0.19 0.20 0.19 0.21 -1 -1 -1 -1 -1
Evo 1.00 0.00 1.00 0.96 1.00 1.00 1.00 0.21 0.00 0.10 0.45 0.55 -1 0
Result 0 1.0 2000 0.47 0.20 0.19 0.21 0.21 0.20 -1 -1 -1 -1 -1
Evo 1.00 0.00 1.00 0.96 1.00 1.00 1.00 0.21 0.00 0.08 0.53 0.55 -1 4
Result 0 1.0 2000 0.45 0.21 0.21 0.18 0.20 0.21 -1 -1 -1 -1 -1
Evo 1.00 0.00 1.00 0.96 1.00 1.00 1.00 0.21 0.00 0.09 0.40 0.55 -1 11
Result 0 1.0 2000 0.46 0.21 0.21 0.19 0.21 0.18 -1 -1 -1 -1 -1
Evo 1.00 0.00 1.00 0.96 1.00 1.00 1.00 0.21 0.00 0.09 0.31 0.55 -1 7
Result 0 1.0 2000 0.47 0.20 0.19 0.21 0.20 0.19 -1 -1 -1 -1 -1
Evo 1.00 0.00 1.00 0.96 1.00 1.00 1.00 0.21 0.00 0.15 0.41 0.55 -1 2
Result 0 1.0 2000 0.46 0.19 0.19 0.20 0.20 0.21 -1 -1 -1 -1 -1
Evo 1.00 0.00 1.00 0.96 1.00 1.00 1.00 0.21 0.00 0.07 0.45 0.55 -1 0
Result 0 1.0 2000 0.46 0.20 0.19 0.19 0.22 0.19 -1 -1 -1 -1 -1
Evo 1.00 0.00 1.00 0.96 1.00 1.00 1.00 0.21 0.00 0.09 0.38 0.55 -1 1
Result 0 1.0 2000 0.46 0.19 0.21 0.20 0.20 0.20 -1 -1 -1 -1 -1
Evo 1.00 0.00 1.00 0.96 1.00 1.00 1.00 0.21 0.00 0.11 0.53 0.55 -1 2
Result 0 1.0 2000 0.47 0.20 0.19 0.21 0.20 0.20 -1 -1 -1 -1 -1
Evo 1.00 0.00 1.00 0.96 1.00 1.00 1.00 0.21 0.00 0.10 0.38 0.55 -1 1
Result 0 1.0 2000 0.46 0.21 0.19 0.20 0.21 0.19 -1 -1 -1 -1 -1
Evo 1.00 0.00 1.00 0.96 1.00 1.00 1.00 0.21 0.00 0.08 0.47 0.57 -1 617
Result 0 1.0 2000 0.46 0.19 0.20 0.20 0.22 0.19 -1 -1 -1 -1 -1
Evo 1.00 0.00 1.00 0.96 1.00 1.00 1.00 0.21 0.00 0.07 0.47 0.57 -1 1911
Result 0 1.0 2000 0.45 0.20 0.19 0.19 0.22 0.20 -1 -1 -1 -1 -1
Evo 1.00 0.00 1.00 0.96 1.00 1.00 1.00 0.21 0.00 0.25 0.55 0.57 -1 881
Result 0 1.0 2000 0.47 0.20 0.20 0.20 0.20 0.20 -1 -1 -1 -1 -1
Evo 1.00 0.00 1.00 0.96 1.00 1.00 1.00 0.21 0.00 0.06 0.57 0.57 -1 340
Result 0 1.0 2000 0.47 0.20 0.20 0.20 0.20 0.20 -1 -1 -1 -1 -1
Evo 1.00 0.00 1.00 0.96 1.00 1.00 1.00 0.21 0.00 0.53 0.54 0.57 -1 563
Result 0 1.0 2000 0.47 0.20 0.20 0.21 0.19 0.19 -1 -1 -1 -1 -1
Evo 1.00 0.00 1.00 0.96 1.00 1.00 1.00 0.21 0.00 0.10 0.49 0.57 -1 262
Result 0 1.0 2000 0.46 0.20 0.18 0.20 0.21 0.21 -1 -1 -1 -1 -1
Evo 1.00 0.00 1.00 0.96 1.00 1.00 1.00 0.21 0.00 0.08 0.44 0.57 -1 1911
Result 0 1.0 2000 0.46 0.20 0.20 0.20 0.20 0.20 -1 -1 -1 -1 -1
Evo 1.00 0.00 1.00 0.96 1.00 1.00 1.00 0.21 0.00 0.07 0.36 0.57 -1 1911
Result 0 1.0 2000 0.46 0.19 0.21 0.19 0.21 0.20 -1 -1 -1 -1 -1
Evo 1.00 0.00 1.00 0.96 1.00 1.00 1.00 0.21 0.00 0.07 0.50 0.57 -1 1911
Result 0 1.0 2000 0.46 0.20 0.19 0.20 0.22 0.20 -1 -1 -1 -1 -1
Evo 1.00 0.00 1.00 0.96 1.00 1.00 1.00 0.21 0.00 0.07 0.50 0.57 -1 1911
Result 0 1.0 2000 0.47 0.19 0.20 0.21 0.21 0.19 -1 -1 -1 -1 -1
Evo 1.00 0.00 1.00 0.96 1.00 1.00 1.00 0.21 0.00 0.09 0.56 0.57 -1 1911
Result 0 1.0 2000 0.47 0.20 0.19 0.21 0.21 0.19 -1 -1 -1 -1 -1
Evo 1.00 0.00 1.00 0.96 1.00 1.00 1.00 0.21 0.00 0.08 0.50 0.57 -1 1911
Result 0 1.0 2000 0.45 0.19 0.21 0.18 0.20 0.21 -1 -1 -1 -1 -1
Evo 1.00 0.00 1.00 0.96 1.00 1.00 1.00 0.21 0.00 0.07 0.48 0.57 -1 1911
Result 0 1.0 2000 0.45 0.20 0.20 0.18 0.22 0.20 -1 -1 -1 -1 -1
Evo 1.00 0.00 1.00 0.96 1.00 1.00 1.00 0.21 0.00 0.35 0.56 0.57 -1 1911
Result 0 1.0 2000 0.46 0.20 0.20 0.19 0.21 0.20 -1 -1 -1 -1 -1
Evo 1.00 0.00 1.00 0.96 1.00 1.00 1.00 0.21 0.00 0.07 0.48 0.57 -1 1911
Result 0 1.0 2000 0.47 0.19 0.23 0.20 0.18 0.19 -1 -1 -1 -1 -1
Evo 1.00 0.00 1.00 0.96 1.00 1.00 1.00 0.21 0.00 0.12 0.54 0.57 -1 1911
Result 0 1.0 2000 0.47 0.21 0.20 0.20 0.20 0.19 -1 -1 -1 -1 -1
Evo 1.00 0.00 1.00 0.96 1.00 1.00 1.00 0.21 0.00 0.07 0.54 0.57 -1 1911
Result 0 1.0 2000 0.45 0.21 0.19 0.19 0.21 0.20 -1 -1 -1 -1 -1
Evo 1.00 0.00 1.00 0.96 1.00 1.00 1.00 0.21 0.00 0.08 0.50 0.57 -1 984
Result 0 1.0 2000 0.45 0.22 0.20 0.19 0.21 0.19 -1 -1 -1 -1 -1
Evo 1.00 0.00 1.00 0.96 1.00 1.00 1.00 0.21 0.00 0.15 0.49 0.57 -1 1387
Result 0 1.0 2000 0.46 0.21 0.19 0.19 0.20 0.22 -1 -1 -1 -1 -1
Evo 1.00 0.00 1.00 0.96 1.00 1.00 1.00 0.21 0.00 0.07 0.54 0.57 -1 1911
Result 0 1.0 2000 0.46 0.19 0.21 0.20 0.20 0.20 -1 -1 -1 -1 -1
Evo 1.00 0.00 1.00 0.96 1.00 1.00 1.00 0.21 0.00 0.16 0.58 0.58 -1 454
Result 0 1.0 2000 0.46 0.19 0.19 0.20 0.21 0.21 -1 -1 -1 -1 -1
Evo 1.00 0.00 1.00 0.96 1.00 1.00 1.00 0.21 0.00 0.07 0.34 0.58 -1 1911
Result 0 1.0 2000 0.47 0.20 0.20 0.21 0.21 0.18 -1 -1 -1 -1 -1
Evo 1.00 0.00 1.00 0.96 1.00 1.00 1.00 0.21 0.00 0.28 0.52 0.58 -1 1911
Result 0 1.0 2000 0.46 0.19 0.20 0.19 0.21 0.21 -1 -1 -1 -1 -1
Evo 1.00 0.00 1.00 0.96 1.00 1.00 1.00 0.21 0.00 0.08 0.58 0.58 -1 1911
Result 0 1.0 2000 0.46 0.19 0.21 0.19 0.19 0.21 -1 -1 -1 -1 -1
Evo 1.00 0.00 1.00 0.96 1.00 1.00 1.00 0.21 0.00 0.09 0.55 0.58 -1 1911
Result 0 1.0 2000 0.46 0.20 0.21 0.20 0.21 0.19 -1 -1 -1 -1 -1
Evo 1.00 0.00 1.00 0.96 1.00 1.00 1.00 0.21 0.00 0.08 0.58 0.58 -1 97
Result 0 1.0 2000 0.46 0.20 0.19 0.20 0.21 0.20 -1 -1 -1 -1 -1
Evo 1.00 0.00 1.00 0.96 1.00 1.00 1.00 0.21 0.00 0.10 0.58 0.58 -1 1911
Result 0 1.0 2000 0.46 0.21 0.20 0.19 0.21 0.19 -1 -1 -1 -1 -1
Evo 1.00 0.00 1.00 0.96 1.00 1.00 1.00 0.21 0.00 0.13 0.35 0.58 -1 1911
Result 0 1.0 2000 0.46 0.20 0.20 0.19 0.21 0.20 -1 -1 -1 -1 -1
Evo 1.00 0.00 1.00 0.96 1.00 1.00 1.00 0.21 0.00 0.14 0.57 0.58 -1 236
Result 0 1.0 2000 0.47 0.19 0.21 0.21 0.20 0.20 -1 -1 -1 -1 -1
Evo 1.00 0.00 1.00 0.96 1.00 1.00 1.00 0.21 0.00 0.07 0.56 0.58 -1 1911
Result 0 1.0 2000 0.46 0.19 0.20 0.19 0.21 0.20 -1 -1 -1 -1 -1
Evo 1.00 0.00 1.00 0.96 1.00 1.00 1.00 0.21 0.00 0.18 0.44 0.58 -1 1911
Result 0 1.0 2000 0.44 0.20 0.22 0.18 0.21 0.19 -1 -1 -1 -1 -1
Evo 1.00 0.00 1.00 0.96 1.00 1.00 1.00 0.21 0.00 0.25 0.57 0.58 -1 1911
Result 0 1.0 2000 0.47 0.19 0.20 0.21 0.20 0.20 -1 -1 -1 -1 -1
Evo 1.00 0.00 1.00 0.96 1.00 1.00 1.00 0.21 0.00 0.14 0.57 0.58 -1 1911
Result 0 1.0 2000 0.47 0.21 0.21 0.21 0.17 0.20 -1 -1 -1 -1 -1
Evo 1.00 0.00 1.00 0.96 1.00 1.00 1.00 0.21 0.00 0.08 0.53 0.58 -1 1911
Result 0 1.0 2000 0.46 0.20 0.20 0.20 0.20 0.20 -1 -1 -1 -1 -1
Evo 1.00 0.00 1.00 0.96 1.00 1.00 1.00 0.21 0.00 0.23 0.56 0.58 -1 1349
Result 0 1.0 2000 0.46 0.21 0.20 0.20 0.19 0.20 -1 -1 -1 -1 -1
Evo 1.00 0.00 1.00 0.96 1.00 1.00 1.00 0.21 0.00 0.11 0.58 0.58 -1 1911
Result 0 1.0 2000 0.47 0.19 0.19 0.21 0.20 0.22 -1 -1 -1 -1 -1
Evo 1.00 0.00 1.00 0.96 1.00 1.00 1.00 0.21 0.00 0.08 0.33 0.58 -1 1911
Result 0 1.0 2000 0.46 0.20 0.20 0.19 0.21 0.20 -1 -1 -1 -1 -1
Evo 1.00 0.00 1.00 0.96 1.00 1.00 1.00 0.21 0.00 0.32 0.54 0.58 -1 723
Result 0 1.0 2000 0.47 0.20 0.21 0.20 0.19 0.20 -1 -1 -1 -1 -1
Evo 1.00 0.00 1.00 0.96 1.00 1.00 1.00 0.21 0.00 0.09 0.35 0.58 -1 1911
Result 0 1.0 2000 0.47 0.20 0.20 0.21 0.19 0.20 -1 -1 -1 -1 -1
Evo 1.00 0.00 1.00 0.96 1.00 1.00 1.00 0.21 0.00 0.08 0.56 0.58 -1 1911
Result 0 1.0 2000 0.46 0.21 0.20 0.20 0.19 0.19 -1 -1 -1 -1 -1
Evo 1.00 0.00 1.00 0.96 1.00 1.00 1.00 0.21 0.00 0.48 0.42 0.51 -1 200
Result 0 1.0 2000 0.46 0.21 0.21 0.20 0.19 0.20 -1 -1 -1 -1 -1
Evo 1.00 0.00 1.00 0.96 1.00 1.00 1.00 0.21 0.00 0.52 0.43 0.51 -1 439
Result 0 1.0 2000 0.45 0.21 0.20 0.18 0.19 0.21 -1 -1 -1 -1 -1
Evo 1.00 0.00 1.00 0.96 1.00 1.00 1.00 0.21 0.00 0.50 0.49 0.51 -1 96
Result 0 1.0 2000 0.47 0.20 0.19 0.21 0.20 0.20 -1 -1 -1 -1 -1
Evo 1.00 0.00 1.00 1.00 1.00 1.00 1.00 0.04 0.00 0.08 0.29 0.51 -1 155
Result 0 -1.0 1407 0.46 0.21 0.22 0.19 0.18 0.20 -1 -1 -1 -1 -1
Evo 1.00 0.00 1.00 0.96 1.00 1.00 1.00 0.21 0.00 0.35 0.42 0.51 -1 281
Result 0 1.0 2000 0.46 0.19 0.19 0.19 0.20 0.22 -1 -1 -1 -1 -1
Evo 1.00 0.00 1.00 0.96 1.00 1.00 1.00 0.21 0.00 0.45 0.49 0.51 -1 797
Result 0 1.0 2000 0.46 0.20 0.20 0.19 0.20 0.21 -1 -1 -1 -1 -1
Evo 1.00 0.00 1.00 0.96 1.00 1.00 1.00 0.21 0.00 0.22 0.39 0.51 -1 174
Result 0 1.0 2000 0.46 0.20 0.20 0.19 0.20 0.20 -1 -1 -1 -1 -1
Evo 1.00 0.00 1.00 0.96 1.00 1.00 1.00 0.21 0.00 0.05 0.30 0.51 -1 1563
Result 0 0.0 2000 0.48 0.18 0.21 0.22 0.19 0.19 -1 -1 -1 -1 -1
Evo 1.00 0.00 1.00 0.96 1.00 1.00 1.00 0.21 0.00 0.48 0.49 0.51 -1 634
Result 0 1.0 2000 0.45 0.21 0.20 0.19 0.20 0.19 -1 -1 -1 -1 -1
Evo 1.00 0.00 1.00 0.96 1.00 1.00 1.00 0.21 0.00 0.26 0.36 0.51 -1 294
Result 0 1.0 2000 0.45 0.22 0.22 0.18 0.20 0.18 -1 -1 -1 -1 -1
Evo 1.00 0.00 1.00 0.96 1.00 1.00 1.00 0.21 0.00 0.33 0.40 0.51 -1 110
Result 0 1.0 2000 0.46 0.21 0.21 0.19 0.19 0.20 -1 -1 -1 -1 -1
Evo 1.00 0.00 1.00 0.96 1.00 1.00 1.00 0.21 0.00 0.53 0.49 0.51 -1 118
Result 0 1.0 2000 0.45 0.20 0.21 0.19 0.21 0.20 -1 -1 -1 -1 -1
Evo 1.00 0.00 1.00 0.96 1.00 1.00 1.00 0.21 0.00 0.43 0.41 0.51 -1 585
Result 0 1.0 2000 0.46 0.21 0.20 0.19 0.20 0.20 -1 -1 -1 -1 -1
Evo 1.00 0.00 1.00 0.96 1.00 1.00 1.00 0.21 0.00 0.41 0.45 0.51 -1 106
Result 0 1.0 2000 0.46 0.19 0.21 0.19 0.22 0.19 -1 -1 -1 -1 -1
Evo 1.00 0.00 1.00 0.96 1.00 1.00 1.00 0.21 0.00 0.22 0.40 0.51 -1 111
Result 0 1.0 2000 0.45 0.21 0.20 0.18 0.20 0.22 -1 -1 -1 -1 -1
Evo 1.00 0.00 1.00 0.96 1.00 1.00 1.00 0.21 0.00 0.27 0.40 0.51 -1 228
Result 0 1.0 2000 0.47 0.21 0.19 0.20 0.19 0.21 -1 -1 -1 -1 -1
Evo 1.00 0.00 1.00 0.96 1.00 1.00 1.00 0.21 0.00 0.52 0.46 0.51 -1 269
Result 0 1.0 2000 0.46 0.19 0.21 0.19 0.21 0.20 -1 -1 -1 -1 -1
Evo 1.00 0.00 1.00 0.96 1.00 1.00 1.00 0.21 0.00 0.28 0.40 0.51 -1 115
Result 0 1.0 2000 0.47 0.20 0.22 0.20 0.19 0.19 -1 -1 -1 -1 -1
Evo 1.00 0.00 1.00 0.96 1.00 1.00 1.00 0.21 0.00 0.38 0.51 0.51 -1 189
Result 0 1.0 2000 0.45 0.21 0.20 0.19 0.20 0.20 -1 -1 -1 -1 -1
Evo 1.00 0.00 1.00 0.96 1.00 1.00 1.00 0.21 0.00 0.21 0.47 0.51 -1 164
Result 0 1.0 2000 0.47 0.19 0.20 0.20 0.20 0.20 -1 -1 -1 -1 -1
