Evo 1.00 0.00 1.00 0.93 1.00 1.00 1.00 0.22 0.01 0.17 0.41 0.41 -1 1911
Result 0 11.0 2000 0.47 0.21 0.19 0.20 0.20 0.20 -1 -1 -1 -1 -1
Evo 1.00 0.50 1.00 0.69 0.50 0.50 1.00 0.24 0.01 0.06 0.48 0.56 240 -1
Result 1 25.0 840 0.46 0.19 0.20 0.20 0.22 0.20 -1 -1 -1 -1 -1
Evo 1.00 0.50 1.00 0.59 0.50 0.50 0.50 0.19 0.01 0.08 0.49 0.56 312 -1
Result 1 28.0 426 0.48 0.18 0.18 0.21 0.20 0.22 -1 -1 -1 -1 -1
Evo 1.00 0.50 1.00 0.54 0.50 0.50 0.50 0.13 0.01 0.03 0.44 0.56 270 -1
Result 1 25.0 450 0.50 0.20 0.20 0.19 0.17 0.24 -1 -1 -1 -1 -1
Evo 1.00 0.00 0.50 0.48 0.50 0.50 0.50 0.10 0.00 0.03 0.41 0.41 -1 1911
Result 0 11.0 2000 0.47 0.20 0.20 0.20 0.20 0.20 -1 -1 -1 -1 -1
Evo 1.00 0.00 0.50 0.48 0.50 0.50 0.50 0.10 0.00 0.03 0.41 0.47 -1 1911
Result 0 11.0 2000 0.47 0.20 0.19 0.21 0.19 0.21 -1 -1 -1 -1 -1
Evo 1.00 0.50 1.00 0.57 0.50 0.50 0.50 0.17 0.01 0.04 0.52 0.56 173 -1
Result 1 29.0 502 0.47 0.16 0.20 0.22 0.21 0.21 -1 -1 -1 -1 -1
Evo 1.00 0.50 1.00 0.57 0.50 0.50 0.50 0.18 0.01 0.15 0.41 0.56 253 -1
Result 1 25.0 315 0.47 0.22 0.21 0.16 0.20 0.21 -1 -1 -1 -1 -1
Evo 1.00 0.50 1.00 0.56 0.50 0.50 0.50 0.16 0.01 0.06 0.46 0.56 190 -1
Result 1 25.0 340 0.48 0.18 0.20 0.17 0.22 0.23 -1 -1 -1 -1 -1
Evo 1.00 0.00 0.50 0.48 0.50 0.50 0.50 0.10 0.00 0.01 0.41 0.41 -1 1911
Result 0 11.0 2000 0.46 0.19 0.21 0.19 0.21 0.20 -1 -1 -1 -1 -1
Evo 1.00 0.00 0.50 0.48 0.50 0.50 0.50 0.10 0.00 0.01 0.41 0.41 -1 1911
Result 0 11.0 2000 0.46 0.18 0.21 0.21 0.19 0.20 -1 -1 -1 -1 -1
Evo 1.00 0.00 0.50 0.48 0.50 0.50 0.50 0.10 0.00 0.03 0.41 0.41 -1 1911
Result 0 11.0 2000 0.46 0.22 0.21 0.18 0.19 0.19 -1 -1 -1 -1 -1
Evo 1.00 0.00 1.00 0.48 0.50 0.50 0.50 0.10 0.00 0.01 0.41 0.52 898 1911
Result 0 11.0 2000 0.46 0.21 0.19 0.21 0.19 0.19 -1 -1 -1 -1 -1
Evo 1.00 0.00 0.50 0.48 0.50 0.50 0.50 0.10 0.00 0.01 0.41 0.41 -1 1911
Result 0 11.0 2000 0.46 0.19 0.20 0.21 0.19 0.20 -1 -1 -1 -1 -1
Evo 1.00 0.00 0.50 0.48 0.50 0.50 0.50 0.10 0.00 0.01 0.41 0.41 -1 1911
Result 0 11.0 2000 0.47 0.21 0.19 0.19 0.21 0.20 -1 -1 -1 -1 -1
Evo 1.00 0.00 0.50 0.48 0.50 0.50 0.50 0.10 0.00 0.01 0.41 0.41 -1 1911
Result 0 11.0 2000 0.45 0.20 0.20 0.19 0.21 0.19 -1 -1 -1 -1 -1
Evo 1.00 0.00 0.50 0.48 0.50 0.50 0.50 0.10 0.00 0.01 0.41 0.41 -1 1911
Result 0 11.0 2000 0.46 0.21 0.20 0.20 0.19 0.20 -1 -1 -1 -1 -1
Evo 1.00 0.50 1.00 0.61 0.50 0.50 0.50 0.21 0.01 0.09 0.53 0.56 276 -1
Result 1 29.0 580 0.48 0.21 0.18 0.19 0.21 0.21 -1 -1 -1 -1 -1
Evo 1.00 0.50 1.00 0.55 0.50 0.50 0.50 0.15 0.01 0.12 0.46 0.56 392 -1
Result 1 23.0 548 0.48 0.19 0.20 0.19 0.20 0.22 -1 -1 -1 -1 -1
Evo 1.00 0.00 0.50 0.48 0.50 0.50 0.50 0.10 0.00 0.01 0.41 0.41 -1 1911
Result 0 11.0 2000 0.47 0.19 0.19 0.20 0.21 0.21 -1 -1 -1 -1 -1
Evo 1.00 0.00 0.50 0.48 0.50 0.50 0.50 0.10 0.00 0.01 0.26 0.27 -1 1911
Result 0 30.0 2000 0.48 0.21 0.19 0.20 0.18 0.21 -1 -1 -1 -1 -1
Evo 1.00 0.00 0.50 0.48 0.50 0.50 0.50 0.10 0.00 0.03 0.27 0.27 -1 1911
Result 0 30.0 2000 0.47 0.20 0.20 0.19 0.21 0.20 -1 -1 -1 -1 -1
Evo 1.00 0.00 0.50 0.48 0.50 0.50 0.50 0.10 0.00 0.01 0.27 0.27 -1 1911
Result 0 30.0 2000 0.46 0.19 0.20 0.20 0.21 0.20 -1 -1 -1 -1 -1
Evo 1.00 0.00 0.50 0.48 0.50 0.50 0.50 0.10 0.00 0.01 0.27 0.27 -1 1911
Result 0 30.0 2000 0.47 0.20 0.20 0.18 0.21 0.21 -1 -1 -1 -1 -1
Evo 1.00 0.00 0.50 0.48 0.50 0.50 0.50 0.10 0.00 0.01 0.27 0.27 -1 1911
Result 0 30.0 2000 0.47 0.18 0.21 0.21 0.19 0.20 -1 -1 -1 -1 -1
Evo 1.00 0.00 0.50 0.48 0.50 0.50 0.50 0.10 0.00 0.01 0.27 0.27 -1 1911
Result 0 30.0 2000 0.47 0.21 0.19 0.21 0.18 0.21 -1 -1 -1 -1 -1
Evo 1.00 0.00 0.50 0.48 0.50 0.50 0.50 0.10 0.00 0.03 0.27 0.27 -1 1911
Result 0 30.0 2000 0.47 0.20 0.21 0.19 0.20 0.20 -1 -1 -1 -1 -1
Evo 1.00 0.00 0.50 0.48 0.50 0.50 0.50 0.10 0.00 0.01 0.27 0.27 -1 1911
Result 0 30.0 2000 0.47 0.19 0.18 0.19 0.22 0.21 -1 -1 -1 -1 -1
Evo 1.00 0.00 0.50 0.48 0.50 0.50 0.50 0.10 0.00 0.01 0.27 0.27 -1 1911
Result 0 30.0 2000 0.46 0.21 0.19 0.21 0.20 0.19 -1 -1 -1 -1 -1
Evo 1.00 0.00 0.50 0.48 0.50 0.50 0.50 0.10 0.00 0.03 0.26 0.27 -1 1911
Result 0 30.0 2000 0.46 0.21 0.21 0.17 0.21 0.19 -1 -1 -1 -1 -1
Evo 1.00 0.00 0.50 0.48 0.50 0.50 0.50 0.10 0.00 0.03 0.27 0.27 -1 1911
Result 0 30.0 2000 0.46 0.21 0.20 0.20 0.20 0.19 -1 -1 -1 -1 -1
Evo 1.00 0.00 0.50 0.48 0.50 0.50 0.50 0.10 0.00 0.01 0.27 0.27 -1 1911
Result 0 30.0 2000 0.46 0.19 0.19 0.20 0.22 0.19 -1 -1 -1 -1 -1
Evo 1.00 0.00 0.50 0.48 0.50 0.50 0.50 0.10 0.00 0.04 0.27 0.27 -1 1911
Result 0 30.0 2000 0.47 0.21 0.19 0.20 0.19 0.21 -1 -1 -1 -1 -1
Evo 1.00 0.00 0.50 0.48 0.50 0.50 0.50 0.10 0.00 0.02 0.26 0.27 -1 1911
Result 0 30.0 2000 0.45 0.20 0.22 0.20 0.20 0.18 -1 -1 -1 -1 -1
Evo 1.00 0.00 0.50 0.48 0.50 0.50 0.50 0.10 0.00 0.03 0.27 0.27 -1 1911
Result 0 30.0 2000 0.47 0.19 0.20 0.19 0.21 0.21 -1 -1 -1 -1 -1
Evo 1.00 0.00 0.50 0.48 0.50 0.50 0.50 0.10 0.00 0.32 0.27 0.27 -1 1911
Result 0 30.0 2000 0.46 0.20 0.19 0.20 0.20 0.20 -1 -1 -1 -1 -1
Evo 1.00 0.00 0.50 0.48 0.50 0.50 0.50 0.10 0.00 0.01 0.27 0.27 -1 1911
Result 0 30.0 2000 0.48 0.19 0.20 0.20 0.18 0.22 -1 -1 -1 -1 -1
Evo 1.00 0.00 0.50 0.48 0.50 0.50 0.50 0.10 0.00 0.01 0.27 0.27 -1 1911
Result 0 30.0 2000 0.47 0.19 0.20 0.20 0.20 0.20 -1 -1 -1 -1 -1
Evo 1.00 0.00 0.50 0.48 0.50 0.50 0.50 0.10 0.00 0.01 0.27 0.27 -1 1911
Result 0 30.0 2000 0.46 0.19 0.21 0.21 0.20 0.19 -1 -1 -1 -1 -1
Evo 1.00 0.00 0.50 0.48 0.50 0.50 0.50 0.10 0.00 0.01 0.27 0.27 -1 1911
Result 0 30.0 2000 0.47 0.20 0.18 0.21 0.20 0.20 -1 -1 -1 -1 -1
Evo 1.00 0.00 0.50 0.48 0.50 0.50 0.50 0.10 0.00 0.01 0.36 0.38 -1 1911
Result 0 52.0 2000 0.46 0.20 0.21 0.21 0.19 0.19 -1 -1 -1 -1 -1
Evo 1.00 0.00 0.50 0.48 0.50 0.50 0.50 0.10 0.00 0.53 0.38 0.38 -1 1911
Result 0 52.0 2000 0.46 0.21 0.21 0.20 0.19 0.19 -1 -1 -1 -1 -1
Evo 1.00 0.00 0.50 0.48 0.50 0.50 0.50 0.10 0.00 0.03 0.34 0.38 -1 1911
Result 0 46.0 2000 0.46 0.20 0.21 0.21 0.19 0.20 -1 -1 -1 -1 -1
Evo 1.00 0.00 0.50 0.48 0.50 0.50 0.50 0.10 0.00 0.01 0.37 0.38 -1 1911
Result 0 52.0 2000 0.48 0.19 0.20 0.20 0.20 0.22 -1 -1 -1 -1 -1
Evo 1.00 0.00 0.50 0.48 0.50 0.50 0.50 0.10 0.00 0.01 0.37 0.38 -1 1911
Result 0 50.0 2000 0.47 0.22 0.19 0.19 0.21 0.20 -1 -1 -1 -1 -1
Evo 1.00 0.00 0.50 0.48 0.50 0.50 0.50 0.10 0.00 0.01 0.38 0.38 -1 1911
Result 0 52.0 2000 0.46 0.20 0.18 0.21 0.21 0.20 -1 -1 -1 -1 -1
Evo 1.00 0.00 0.50 0.48 0.50 0.50 0.50 0.10 0.00 0.07 0.29 0.29 -1 1911
Result 0 29.0 2000 0.46 0.21 0.20 0.21 0.19 0.19 -1 -1 -1 -1 -1
Evo 1.00 0.00 0.50 0.48 0.50 0.50 0.50 0.10 0.00 0.04 0.28 0.29 -1 1911
Result 0 29.0 2000 0.47 0.19 0.20 0.20 0.20 0.20 -1 -1 -1 -1 -1
Evo 1.00 0.00 0.50 0.48 0.50 0.50 0.50 0.10 0.00 0.04 0.38 0.38 -1 1911
Result 0 52.0 2000 0.48 0.19 0.19 0.21 0.19 0.22 -1 -1 -1 -1 -1
Evo 1.00 0.00 0.50 0.48 0.50 0.50 0.50 0.10 0.00 0.02 0.38 0.38 -1 1911
Result 0 56.0 2000 0.46 0.21 0.20 0.20 0.19 0.20 -1 -1 -1 -1 -1
Evo 1.00 0.00 0.50 0.48 0.50 0.50 0.50 0.10 0.00 0.01 0.34 0.34 -1 1911
Result 0 55.0 2000 0.47 0.21 0.19 0.19 0.20 0.21 -1 -1 -1 -1 -1
Evo 1.00 0.00 0.50 0.48 0.50 0.50 0.50 0.10 0.00 0.08 0.29 0.35 -1 1911
Result 0 29.0 2000 0.47 0.19 0.20 0.21 0.20 0.21 -1 -1 -1 -1 -1
Evo 1.00 0.00 0.50 0.48 0.50 0.50 0.50 0.10 0.00 0.07 0.28 0.33 -1 1911
Result 0 29.0 2000 0.46 0.20 0.20 0.21 0.20 0.19 -1 -1 -1 -1 -1
Evo 1.00 0.00 0.50 0.48 0.50 0.50 0.50 0.10 0.00 0.01 0.34 0.34 -1 1911
Result 0 55.0 2000 0.47 0.19 0.20 0.19 0.20 0.21 -1 -1 -1 -1 -1
Evo 1.00 0.00 0.50 0.48 0.50 0.50 0.50 0.10 0.00 0.05 0.29 0.29 -1 1911
Result 0 29.0 2000 0.44 0.21 0.21 0.20 0.20 0.18 -1 -1 -1 -1 -1
Evo 1.00 0.00 0.50 0.48 0.50 0.50 0.50 0.10 0.00 0.07 0.26 0.29 -1 1911
Result 0 24.0 2000 0.48 0.21 0.19 0.19 0.20 0.21 -1 -1 -1 -1 -1
Evo 1.00 0.00 0.50 0.48 0.50 0.50 0.50 0.10 0.00 0.01 0.37 0.38 -1 1911
Result 0 52.0 2000 0.47 0.19 0.22 0.19 0.19 0.20 -1 -1 -1 -1 -1
Evo 1.00 0.00 0.50 0.48 0.50 0.50 0.50 0.10 0.00 0.11 0.29 0.33 -1 1911
Result 0 29.0 2000 0.47 0.20 0.20 0.19 0.20 0.21 -1 -1 -1 -1 -1
Evo 1.00 0.00 0.50 0.48 0.50 0.50 0.50 0.10 0.00 0.01 0.29 0.32 -1 1911
Result 0 29.0 2000 0.45 0.21 0.20 0.19 0.21 0.19 -1 -1 -1 -1 -1
Evo 1.00 0.00 0.50 0.48 0.50 0.50 0.50 0.10 0.00 0.02 0.38 0.38 -1 1911
Result 0 52.0 2000 0.46 0.20 0.20 0.21 0.20 0.19 -1 -1 -1 -1 -1
Evo 1.00 0.00 0.50 0.48 0.50 0.50 0.50 0.10 0.00 0.01 0.53 0.56 -1 1911
Result 0 36.0 2000 0.47 0.20 0.20 0.21 0.18 0.21 -1 -1 -1 -1 -1
Evo 1.00 0.00 0.50 0.48 0.50 0.50 0.50 0.10 0.00 0.01 0.54 0.56 -1 1911
Result 0 36.0 2000 0.47 0.19 0.20 0.19 0.22 0.20 -1 -1 -1 -1 -1
Evo 1.00 0.00 0.50 0.48 0.50 0.50 0.50 0.10 0.00 0.02 0.56 0.56 -1 1911
Result 0 36.0 2000 0.47 0.19 0.21 0.18 0.21 0.20 -1 -1 -1 -1 -1
Evo 1.00 0.00 0.50 0.48 0.50 0.50 0.50 0.10 0.00 0.01 0.54 0.56 -1 1911
Result 0 36.0 2000 0.47 0.20 0.20 0.19 0.20 0.21 -1 -1 -1 -1 -1
Evo 1.00 0.00 0.50 0.48 0.50 0.50 0.50 0.10 0.00 0.01 0.53 0.56 -1 1911
Result 0 36.0 2000 0.46 0.21 0.19 0.21 0.20 0.19 -1 -1 -1 -1 -1
Evo 1.00 0.00 0.50 0.48 0.50 0.50 0.50 0.10 0.00 0.01 0.56 0.56 -1 1911
Result 0 36.0 2000 0.46 0.20 0.20 0.19 0.21 0.19 -1 -1 -1 -1 -1
Evo 1.00 0.00 0.50 0.48 0.50 0.50 0.50 0.10 0.00 0.02 0.56 0.56 -1 1911
Result 0 36.0 2000 0.47 0.19 0.20 0.19 0.22 0.20 -1 -1 -1 -1 -1
Evo 1.00 0.00 0.50 0.48 0.50 0.50 0.50 0.10 0.00 0.02 0.54 0.56 -1 1911
Result 0 35.0 2000 0.46 0.20 0.20 0.20 0.20 0.20 -1 -1 -1 -1 -1
Evo 1.00 0.00 0.50 0.48 0.50 0.50 0.50 0.10 0.00 0.04 0.56 0.56 -1 1911
Result 0 36.0 2000 0.47 0.19 0.21 0.19 0.20 0.21 -1 -1 -1 -1 -1
Evo 1.00 0.00 0.50 0.48 0.50 0.50 0.50 0.10 0.00 0.02 0.55 0.56 -1 1911
Result 0 36.0 2000 0.47 0.20 0.19 0.21 0.20 0.20 -1 -1 -1 -1 -1
Evo 1.00 0.00 0.50 0.48 0.50 0.50 0.50 0.10 0.00 0.01 0.53 0.56 -1 1911
Result 0 36.0 2000 0.47 0.20 0.20 0.19 0.20 0.21 -1 -1 -1 -1 -1
Evo 1.00 0.00 0.50 0.48 0.50 0.50 0.50 0.10 0.00 0.05 0.55 0.56 -1 1911
Result 0 36.0 2000 0.47 0.19 0.18 0.21 0.21 0.21 -1 -1 -1 -1 -1
Evo 1.00 0.00 0.50 0.48 0.50 0.50 0.50 0.10 0.00 0.01 0.54 0.56 -1 1911
Result 0 36.0 2000 0.45 0.21 0.21 0.19 0.21 0.19 -1 -1 -1 -1 -1
Evo 1.00 0.00 0.50 0.48 0.50 0.50 0.50 0.10 0.00 0.01 0.56 0.56 -1 1911
Result 0 36.0 2000 0.47 0.20 0.21 0.19 0.19 0.20 -1 -1 -1 -1 -1
Evo 1.00 0.00 0.50 0.48 0.50 0.50 0.50 0.10 0.00 0.02 0.55 0.56 -1 1911
Result 0 36.0 2000 0.46 0.22 0.20 0.19 0.20 0.19 -1 -1 -1 -1 -1
Evo 1.00 0.00 0.50 0.48 0.50 0.50 0.50 0.10 0.00 0.01 0.54 0.56 -1 1911
Result 0 36.0 2000 0.46 0.19 0.21 0.20 0.20 0.20 -1 -1 -1 -1 -1
Evo 1.00 0.00 0.50 0.48 0.50 0.50 0.50 0.10 0.00 0.03 0.56 0.56 -1 1911
Result 0 36.0 2000 0.46 0.21 0.19 0.19 0.21 0.19 -1 -1 -1 -1 -1
Evo 1.00 0.00 0.50 0.48 0.50 0.50 0.50 0.10 0.00 0.03 0.54 0.56 -1 1911
Result 0 36.0 2000 0.46 0.18 0.22 0.21 0.20 0.20 -1 -1 -1 -1 -1
Evo 1.00 0.00 0.50 0.48 0.50 0.50 0.50 0.10 0.00 0.04 0.50 0.56 -1 1911
Result 0 36.0 2000 0.47 0.18 0.20 0.20 0.22 0.21 -1 -1 -1 -1 -1
Evo 1.00 0.00 0.50 0.48 0.50 0.50 0.50 0.10 0.00 0.01 0.55 0.56 -1 1911
Result 0 36.0 2000 0.46 0.20 0.20 0.21 0.19 0.20 -1 -1 -1 -1 -1
Evo 1.00 0.00 0.50 0.48 0.50 0.50 0.50 0.10 0.00 0.09 0.24 0.26 -1 1911
Result 0 9.0 2000 0.44 0.22 0.20 0.20 0.20 0.18 -1 -1 -1 -1 -1
Evo 1.00 0.00 0.50 0.48 0.50 0.50 0.50 0.10 0.00 0.08 0.23 0.26 -1 1911
Result 0 9.0 2000 0.45 0.21 0.20 0.21 0.20 0.18 -1 -1 -1 -1 -1
Evo 1.00 0.00 0.50 0.48 0.50 0.50 0.50 0.10 0.00 0.10 0.23 0.26 -1 1911
Result 0 9.0 2000 0.47 0.18 0.20 0.20 0.21 0.21 -1 -1 -1 -1 -1
Evo 1.00 0.00 0.50 0.48 0.50 0.50 0.50 0.10 0.00 0.08 0.24 0.26 -1 1911
Result 0 9.0 2000 0.46 0.20 0.19 0.21 0.20 0.20 -1 -1 -1 -1 -1
Evo 1.00 0.50 1.00 0.55 0.50 0.50 0.50 0.15 0.01 0.34 0.41 0.43 317 -1
Result 1 32.0 429 0.47 0.18 0.22 0.18 0.22 0.21 -1 -1 -1 -1 -1
Evo 1.00 0.00 0.50 0.48 0.50 0.50 0.50 0.10 0.00 0.08 0.23 0.26 -1 1911
Result 0 9.0 2000 0.46 0.21 0.20 0.20 0.21 0.19 -1 -1 -1 -1 -1
Evo 1.00 0.00 0.50 0.48 0.50 0.50 0.50 0.10 0.00 0.11 0.24 0.28 -1 1911
Result 0 9.0 2000 0.46 0.20 0.20 0.20 0.21 0.19 -1 -1 -1 -1 -1
Evo 1.00 0.00 0.50 0.48 0.50 0.50 0.50 0.10 0.00 0.07 0.23 0.26 -1 1911
Result 0 9.0 2000 0.46 0.22 0.20 0.21 0.18 0.20 -1 -1 -1 -1 -1
Evo 1.00 0.00 0.50 0.48 0.50 0.50 0.50 0.10 0.00 0.08 0.24 0.28 -1 1911
Result 0 9.0 2000 0.46 0.20 0.19 0.20 0.21 0.20 -1 -1 -1 -1 -1
Evo 1.00 0.00 0.50 0.48 0.50 0.50 0.50 0.10 0.00 0.04 0.35 0.43 -1 1911
Result 0 18.0 2000 0.46 0.21 0.19 0.19 0.21 0.20 -1 -1 -1 -1 -1
Evo 1.00 0.00 0.50 0.48 0.50 0.50 0.50 0.10 0.00 0.08 0.24 0.26 -1 1911
Result 0 9.0 2000 0.48 0.18 0.19 0.21 0.19 0.22 -1 -1 -1 -1 -1
Evo 1.00 0.00 0.50 0.48 0.50 0.50 0.50 0.10 0.00 0.08 0.23 0.26 -1 1911
Result 0 9.0 2000 0.46 0.19 0.20 0.19 0.22 0.20 -1 -1 -1 -1 -1
Evo 1.00 0.00 0.50 0.48 0.50 0.50 0.50 0.10 0.00 0.11 0.23 0.26 -1 1911
Result 0 9.0 2000 0.47 0.20 0.20 0.20 0.19 0.21 -1 -1 -1 -1 -1
Evo 1.00 0.00 0.50 0.48 0.50 0.50 0.50 0.10 0.00 0.08 0.24 0.26 -1 1911
Result 0 9.0 2000 0.46 0.20 0.20 0.20 0.19 0.20 -1 -1 -1 -1 -1
Evo 1.00 0.00 0.50 0.48 0.50 0.50 0.50 0.10 0.00 0.11 0.24 0.26 -1 1911
Result 0 9.0 2000 0.46 0.20 0.20 0.21 0.19 0.20 -1 -1 -1 -1 -1
Evo 1.00 0.00 0.50 0.48 0.50 0.50 0.50 0.10 0.00 0.07 0.23 0.28 -1 1911
Result 0 9.0 2000 0.46 0.22 0.20 0.19 0.19 0.20 -1 -1 -1 -1 -1
Evo 1.00 0.00 0.50 0.48 0.50 0.50 0.50 0.10 0.00 0.01 0.24 0.33 -1 1911
Result 0 9.0 2000 0.46 0.21 0.20 0.20 0.20 0.19 -1 -1 -1 -1 -1
Evo 1.00 0.00 0.50 0.48 0.50 0.50 0.50 0.10 0.00 0.20 0.23 0.26 -1 1911
Result 0 9.0 2000 0.46 0.20 0.20 0.21 0.20 0.19 -1 -1 -1 -1 -1
Evo 1.00 0.00 0.50 0.48 0.50 0.50 0.50 0.10 0.00 0.01 0.25 0.31 -1 1911
Result 0 9.0 2000 0.46 0.19 0.20 0.20 0.21 0.20 -1 -1 -1 -1 -1
Evo 1.00 0.00 0.50 0.48 0.50 0.50 0.50 0.10 0.00 0.11 0.23 0.26 -1 1911
Result 0 9.0 2000 0.47 0.19 0.19 0.20 0.22 0.21 -1 -1 -1 -1 -1
