Evo 1.00 0.00 1.00 0.83 0.67 1.00 1.00 0.33 0.02 0.21 0.28 0.85 -1 93
Result 0 5.0 362 0.47 0.21 0.21 0.19 0.19 0.21 -1 -1 -1 -1 -1
Evo 1.00 0.00 1.00 0.86 1.00 1.00 1.00 0.35 0.02 0.53 0.24 0.85 -1 65
Result 0 2.0 230 0.47 0.20 0.20 0.18 0.21 0.21 -1 -1 -1 -1 -1
Evo 1.00 0.00 1.00 0.91 1.00 1.00 1.00 0.29 0.02 0.45 0.17 0.80 -1 95
Result 0 7.0 368 0.44 0.24 0.17 0.22 0.18 0.18 -1 -1 -1 -1 -1
Evo 1.00 0.00 1.00 0.90 1.00 1.00 1.00 0.31 0.02 0.02 0.27 0.85 -1 126
Result 0 7.0 410 0.46 0.23 0.19 0.23 0.16 0.18 -1 -1 -1 -1 -1
Evo 1.00 0.00 1.00 0.84 1.00 1.00 1.00 0.36 0.02 0.42 0.20 0.85 -1 89
Result 0 4.0 336 0.44 0.20 0.18 0.21 0.24 0.18 -1 -1 -1 -1 -1
Evo 1.00 0.00 1.00 0.84 1.00 1.00 1.00 0.37 0.02 0.42 0.14 0.79 -1 76
Result 0 4.0 270 0.46 0.19 0.20 0.21 0.24 0.16 -1 -1 -1 -1 -1
Evo 1.00 0.00 1.00 0.87 1.00 1.00 1.00 0.33 0.02 0.23 0.29 0.85 -1 92
Result 0 6.0 352 0.48 0.17 0.22 0.16 0.22 0.22 -1 -1 -1 -1 -1
Evo 1.00 0.00 1.00 0.89 1.00 1.00 1.00 0.31 0.02 0.44 0.18 0.83 -1 70
Result 0 5.0 344 0.45 0.20 0.19 0.23 0.20 0.19 -1 -1 -1 -1 -1
Evo 1.00 0.00 1.00 0.80 1.00 1.00 1.00 0.40 0.03 0.03 0.14 0.83 -1 90
Result 0 3.0 235 0.44 0.17 0.18 0.24 0.22 0.19 -1 -1 -1 -1 -1
Evo 1.00 0.00 1.00 0.85 1.00 1.00 1.00 0.36 0.02 0.49 0.14 0.84 -1 94
Result 0 4.0 286 0.46 0.17 0.20 0.21 0.24 0.18 -1 -1 -1 -1 -1
Evo 1.00 0.00 1.00 0.90 1.00 1.00 1.00 0.30 0.02 0.40 0.17 0.82 -1 134
Result 0 8.0 400 0.48 0.21 0.21 0.23 0.18 0.16 -1 -1 -1 -1 -1
Evo 1.00 0.00 1.00 0.91 1.00 1.00 1.00 0.29 0.01 0.06 0.19 0.84 -1 79
Result 0 9.0 506 0.48 0.16 0.21 0.23 0.22 0.17 -1 -1 -1 -1 -1
Evo 1.00 0.00 1.00 0.83 1.00 1.00 1.00 0.37 0.02 0.08 0.24 0.85 -1 93
Result 0 2.0 326 0.45 0.20 0.18 0.20 0.20 0.22 -1 -1 -1 -1 -1
Evo 1.00 0.00 1.00 0.93 1.00 1.00 1.00 0.25 0.01 0.24 0.24 0.84 -1 76
Result 0 8.0 490 0.46 0.17 0.20 0.25 0.19 0.20 -1 -1 -1 -1 -1
Evo 1.00 0.00 1.00 0.88 1.00 1.00 1.00 0.33 0.02 0.39 0.17 0.81 -1 129
Result 0 7.0 395 0.42 0.21 0.16 0.23 0.21 0.18 -1 -1 -1 -1 -1
Evo 1.00 0.00 1.00 0.86 1.00 1.00 1.00 0.34 0.02 0.03 0.10 0.81 -1 76
Result 0 4.0 242 0.46 0.18 0.20 0.21 0.27 0.15 -1 -1 -1 -1 -1
Evo 1.00 0.00 1.00 0.85 1.00 1.00 1.00 0.36 0.02 0.11 0.21 0.82 -1 83
Result 0 4.0 327 0.47 0.19 0.21 0.19 0.22 0.20 -1 -1 -1 -1 -1
Evo 1.00 0.00 1.00 0.79 1.00 1.00 1.00 0.41 0.03 0.49 0.16 0.83 -1 72
Result 0 3.0 261 0.47 0.18 0.21 0.25 0.18 0.18 -1 -1 -1 -1 -1
Evo 1.00 0.00 1.00 0.88 1.00 1.00 1.00 0.32 0.02 0.16 0.14 0.80 -1 107
Result 0 5.0 282 0.45 0.17 0.18 0.22 0.25 0.19 -1 -1 -1 -1 -1
Evo 1.00 0.00 1.00 0.88 1.00 1.00 1.00 0.32 0.02 0.20 0.18 0.82 -1 141
Result 0 5.0 288 0.48 0.18 0.22 0.24 0.18 0.18 -1 -1 -1 -1 -1
Evo 1.00 0.00 1.00 0.89 1.00 1.00 1.00 0.31 0.02 0.14 0.19 0.85 -1 59
Result 0 4.0 272 0.46 0.22 0.19 0.21 0.20 0.18 -1 -1 -1 -1 -1
Evo 1.00 0.00 1.00 0.82 1.00 1.00 1.00 0.39 0.03 0.48 0.18 0.77 -1 59
Result 0 2.0 207 0.47 0.18 0.21 0.25 0.18 0.19 -1 -1 -1 -1 -1
Evo 1.00 0.00 1.00 0.81 1.00 1.00 1.00 0.39 0.03 0.41 0.19 0.77 -1 65
Result 0 3.0 224 0.47 0.21 0.21 0.20 0.19 0.19 -1 -1 -1 -1 -1
Evo 1.00 0.00 1.00 0.81 1.00 1.00 1.00 0.39 0.03 0.50 0.14 0.81 -1 61
Result 0 4.0 224 0.44 0.25 0.18 0.22 0.20 0.15 -1 -1 -1 -1 -1
Evo 1.00 0.00 1.00 0.78 1.00 1.00 1.00 0.41 0.03 0.48 0.17 0.79 -1 59
Result 0 2.0 235 0.47 0.17 0.20 0.22 0.21 0.20 -1 -1 -1 -1 -1
Evo 1.00 0.00 1.00 0.77 1.00 1.00 1.00 0.42 0.02 0.03 0.25 0.84 -1 63
Result 0 4.0 298 0.49 0.17 0.24 0.18 0.23 0.19 -1 -1 -1 -1 -1
Evo 1.00 0.00 1.00 0.77 1.00 1.00 1.00 0.42 0.03 0.03 0.18 0.83 -1 67
Result 0 2.0 232 0.49 0.20 0.23 0.21 0.18 0.18 -1 -1 -1 -1 -1
Evo 1.01 0.00 1.00 0.74 0.00 1.00 1.00 0.44 0.03 0.46 0.10 0.72 -1 64
Result 0 3.0 166 0.48 0.20 0.22 0.22 0.20 0.17 -1 -1 -1 -1 -1
Evo 1.01 0.00 1.00 0.81 1.00 1.00 1.00 0.40 0.03 0.04 0.16 0.78 -1 63
Result 0 2.0 195 0.42 0.23 0.16 0.24 0.20 0.17 -1 -1 -1 -1 -1
Evo 1.00 0.00 1.00 0.85 1.00 1.00 1.00 0.36 0.02 0.19 0.25 0.85 -1 61
Result 0 4.0 298 0.47 0.22 0.21 0.16 0.21 0.20 -1 -1 -1 -1 -1
Evo 1.00 0.00 1.00 0.78 1.00 1.00 1.00 0.42 0.03 0.10 0.16 0.81 -1 68
Result 0 3.0 246 0.46 0.18 0.19 0.24 0.21 0.17 -1 -1 -1 -1 -1
Evo 1.00 0.00 1.00 0.81 1.00 1.00 1.00 0.40 0.02 0.23 0.13 0.78 -1 60
Result 0 5.0 278 0.46 0.14 0.19 0.29 0.20 0.19 -1 -1 -1 -1 -1
Evo 1.00 0.00 1.00 0.86 1.00 1.00 1.00 0.34 0.02 0.14 0.16 0.82 -1 69
Result 0 7.0 377 0.48 0.19 0.22 0.23 0.22 0.15 -1 -1 -1 -1 -1
Evo 1.00 0.00 1.00 0.78 1.00 1.00 1.00 0.42 0.03 0.45 0.15 0.81 -1 71
Result 0 4.0 238 0.45 0.26 0.19 0.17 0.21 0.16 -1 -1 -1 -1 -1
Evo 1.00 0.00 1.00 0.83 1.00 1.00 1.00 0.37 0.02 0.10 0.09 0.81 -1 61
Result 0 6.0 291 0.44 0.21 0.17 0.25 0.21 0.16 -1 -1 -1 -1 -1
Evo 1.00 0.00 1.00 0.86 1.00 1.00 1.00 0.34 0.02 0.17 0.18 0.84 -1 64
Result 0 5.0 338 0.46 0.18 0.20 0.25 0.20 0.17 -1 -1 -1 -1 -1
Evo 1.00 0.00 1.00 0.85 1.00 1.00 1.00 0.36 0.02 0.47 0.11 0.77 -1 70
Result 0 5.0 247 0.47 0.20 0.20 0.23 0.22 0.16 -1 -1 -1 -1 -1
Evo 1.00 0.00 1.00 0.84 1.00 1.00 1.00 0.37 0.02 0.03 0.17 0.83 -1 62
Result 0 4.0 264 0.47 0.20 0.21 0.21 0.22 0.17 -1 -1 -1 -1 -1
Evo 1.01 0.00 1.00 0.73 0.00 1.00 1.00 0.44 0.03 0.26 0.17 0.72 -1 64
Result 0 1.0 160 0.47 0.19 0.20 0.22 0.20 0.19 -1 -1 -1 -1 -1
Evo 1.00 0.00 1.00 0.89 1.00 1.00 1.00 0.32 0.01 0.28 0.22 0.84 -1 66
Result 0 11.0 515 0.46 0.21 0.20 0.23 0.19 0.17 -1 -1 -1 -1 -1
Evo 1.01 0.00 1.00 0.78 1.00 1.00 1.00 0.42 0.03 0.44 0.18 0.85 -1 4
Result 0 1.0 151 0.51 0.16 0.28 0.22 0.15 0.18 -1 -1 -1 -1 -1
Evo 1.00 0.00 1.00 0.88 1.00 1.00 1.00 0.32 0.02 0.35 0.16 0.82 -1 8
Result 0 5.0 258 0.45 0.17 0.19 0.16 0.24 0.24 -1 -1 -1 -1 -1
Evo 1.00 0.00 1.00 0.90 1.00 1.00 1.00 0.30 0.02 0.22 0.20 0.85 -1 10
Result 0 5.0 326 0.45 0.22 0.18 0.16 0.22 0.23 -1 -1 -1 -1 -1
Evo 1.00 0.00 1.00 0.86 1.00 1.00 1.00 0.34 0.02 0.11 0.20 0.85 -1 9
Result 0 4.0 255 0.47 0.18 0.20 0.25 0.20 0.16 -1 -1 -1 -1 -1
Evo 1.01 0.00 1.00 0.77 1.00 1.00 1.00 0.42 0.04 0.48 0.14 0.85 -1 4
Result 0 1.0 145 0.46 0.17 0.20 0.24 0.22 0.17 -1 -1 -1 -1 -1
Evo 1.01 0.00 1.00 0.76 1.00 1.00 1.00 0.43 0.04 0.50 0.16 0.85 -1 5
Result 0 1.0 139 0.48 0.21 0.22 0.24 0.19 0.14 -1 -1 -1 -1 -1
Evo 1.00 0.00 1.00 0.87 1.00 1.00 1.00 0.34 0.02 0.18 0.18 0.85 -1 7
Result 0 4.0 240 0.45 0.21 0.19 0.17 0.18 0.26 -1 -1 -1 -1 -1
Evo 1.00 0.00 1.00 0.88 1.00 1.00 1.00 0.32 0.02 0.18 0.28 0.85 -1 7
Result 0 3.0 295 0.46 0.18 0.19 0.21 0.16 0.25 -1 -1 -1 -1 -1
Evo 1.01 0.00 1.00 0.78 1.00 1.00 1.00 0.42 0.03 0.42 0.17 0.85 -1 7
Result 0 1.0 151 0.50 0.18 0.24 0.19 0.14 0.24 -1 -1 -1 -1 -1
Evo 1.01 0.00 1.00 0.81 1.00 1.00 1.00 0.39 0.03 0.39 0.18 0.84 -1 6
Result 0 1.0 139 0.49 0.19 0.23 0.17 0.19 0.21 -1 -1 -1 -1 -1
Evo 1.00 0.00 1.00 0.88 1.00 1.00 1.00 0.32 0.02 0.36 0.25 0.85 -1 4
Result 0 5.0 295 0.47 0.15 0.20 0.26 0.23 0.16 -1 -1 -1 -1 -1
Evo 1.01 0.00 1.00 0.83 1.00 1.00 1.00 0.38 0.03 0.50 0.19 0.85 -1 12
Result 0 1.0 197 0.46 0.20 0.19 0.21 0.21 0.19 -1 -1 -1 -1 -1
Evo 1.00 0.00 1.00 0.86 1.00 1.00 1.00 0.35 0.02 0.16 0.21 0.85 -1 12
Result 0 5.0 243 0.45 0.20 0.18 0.25 0.15 0.22 -1 -1 -1 -1 -1
Evo 1.00 0.00 1.00 0.86 1.00 1.00 1.00 0.35 0.02 0.36 0.28 0.84 -1 5
Result 0 6.0 285 0.47 0.26 0.21 0.16 0.21 0.16 -1 -1 -1 -1 -1
Evo 1.00 0.00 1.00 0.84 1.00 1.00 1.00 0.36 0.02 0.08 0.23 0.85 -1 5
Result 0 3.0 241 0.49 0.21 0.23 0.16 0.19 0.22 -1 -1 -1 -1 -1
Evo 1.01 0.00 1.00 0.68 0.00 1.00 1.00 0.47 0.05 0.43 0.12 0.84 -1 5
Result 0 2.0 105 0.49 0.18 0.24 0.24 0.23 0.12 -1 -1 -1 -1 -1
Evo 1.00 0.00 1.00 0.83 1.00 1.00 1.00 0.37 0.02 0.22 0.26 0.85 -1 9
Result 0 4.0 279 0.48 0.20 0.22 0.16 0.19 0.23 -1 -1 -1 -1 -1
Evo 1.01 0.00 1.00 0.78 1.00 1.00 1.00 0.42 0.03 0.49 0.19 0.85 -1 8
Result 0 1.0 151 0.46 0.26 0.20 0.20 0.18 0.16 -1 -1 -1 -1 -1
Evo 1.01 0.00 1.00 0.65 0.00 1.00 1.00 0.48 0.04 0.30 0.14 0.84 -1 6
Result 0 1.0 129 0.42 0.20 0.15 0.15 0.25 0.25 -1 -1 -1 -1 -1
Evo 1.00 0.00 1.00 0.88 1.00 1.00 1.00 0.33 0.02 0.32 0.26 0.85 -1 9
Result 0 6.0 298 0.46 0.17 0.20 0.17 0.21 0.25 -1 -1 -1 -1 -1
Evo 1.01 0.00 1.00 0.76 1.00 1.00 1.00 0.43 0.03 0.35 0.17 0.85 -1 6
Result 0 2.0 154 0.47 0.23 0.21 0.15 0.14 0.27 -1 -1 -1 -1 -1
Evo 1.00 0.00 1.00 0.87 1.00 1.00 1.00 0.34 0.02 0.14 0.23 0.85 -1 5
Result 0 2.0 255 0.48 0.19 0.22 0.17 0.20 0.22 -1 -1 -1 -1 -1
Evo 1.01 0.00 1.00 0.82 1.00 1.00 1.00 0.38 0.03 0.45 0.19 0.85 -1 4
Result 0 2.0 191 0.51 0.22 0.27 0.20 0.19 0.13 -1 -1 -1 -1 -1
Evo 1.00 0.00 1.00 0.84 1.00 1.00 1.00 0.36 0.02 0.08 0.24 0.85 -1 4
Result 0 5.0 243 0.49 0.18 0.23 0.22 0.20 0.17 -1 -1 -1 -1 -1
Evo 1.00 0.00 1.00 0.83 1.00 1.00 1.00 0.38 0.02 0.45 0.19 0.83 -1 4
Result 0 5.0 267 0.47 0.16 0.21 0.17 0.24 0.22 -1 -1 -1 -1 -1
Evo 1.00 0.00 1.00 0.86 1.00 1.00 1.00 0.35 0.02 0.10 0.25 0.85 -1 6
Result 0 4.0 249 0.47 0.20 0.20 0.22 0.21 0.17 -1 -1 -1 -1 -1
Evo 1.01 0.00 1.00 0.75 0.00 1.00 1.00 0.44 0.04 0.48 0.15 0.83 -1 5
Result 0 2.0 142 0.51 0.16 0.28 0.25 0.20 0.11 -1 -1 -1 -1 -1
Evo 1.00 0.00 1.00 0.75 1.00 1.00 1.00 0.43 0.03 0.10 0.25 0.85 -1 7
Result 0 3.0 240 0.45 0.18 0.19 0.19 0.18 0.26 -1 -1 -1 -1 -1
Evo 1.00 0.00 1.00 0.87 1.00 1.00 1.00 0.33 0.02 0.17 0.24 0.85 -1 4
Result 0 2.0 318 0.48 0.25 0.22 0.17 0.15 0.20 -1 -1 -1 -1 -1
Evo 1.01 0.00 1.00 0.66 0.00 1.00 1.00 0.48 0.05 0.46 0.10 0.85 -1 4
Result 0 1.0 99 0.46 0.27 0.19 0.23 0.15 0.16 -1 -1 -1 -1 -1
Evo 1.00 0.00 1.00 0.84 1.00 1.00 1.00 0.36 0.02 0.25 0.25 0.85 -1 4
Result 0 5.0 255 0.44 0.22 0.18 0.24 0.21 0.15 -1 -1 -1 -1 -1
Evo 1.00 0.00 1.00 0.81 1.00 1.00 1.00 0.39 0.02 0.03 0.30 0.85 -1 4
Result 0 5.0 255 0.49 0.17 0.23 0.17 0.20 0.23 -1 -1 -1 -1 -1
Evo 1.01 0.00 1.00 0.77 1.00 1.00 1.00 0.42 0.04 0.51 0.18 0.85 -1 5
Result 0 1.0 145 0.45 0.27 0.18 0.22 0.18 0.15 -1 -1 -1 -1 -1
Evo 1.01 0.00 1.00 0.62 0.00 1.00 1.00 0.49 0.04 0.40 0.19 0.85 -1 4
Result 0 1.0 145 0.47 0.18 0.21 0.26 0.14 0.21 -1 -1 -1 -1 -1
Evo 1.00 0.00 1.00 0.83 1.00 1.00 1.00 0.38 0.03 0.53 0.18 0.85 -1 5
Result 0 2.0 203 0.43 0.24 0.17 0.24 0.19 0.17 -1 -1 -1 -1 -1
Evo 1.00 0.00 1.00 0.91 1.00 1.00 1.00 0.29 0.02 0.41 0.31 0.85 -1 5
Result 0 4.0 301 0.46 0.19 0.20 0.18 0.21 0.23 -1 -1 -1 -1 -1
Evo 1.00 0.00 1.00 0.86 1.00 1.00 1.00 0.35 0.02 0.03 0.24 0.85 -1 5
Result 0 0.0 243 0.47 0.20 0.21 0.20 0.21 0.18 -1 -1 -1 -1 -1
Evo 1.00 0.00 1.00 0.77 1.00 1.00 1.00 0.42 0.03 0.32 0.18 0.85 -1 7
Result 0 4.0 239 0.45 0.23 0.18 0.24 0.23 0.12 -1 -1 -1 -1 -1
Evo 1.00 0.00 1.00 0.90 1.00 1.00 1.00 0.30 0.02 0.26 0.22 0.85 -1 4
Result 0 6.0 316 0.46 0.23 0.19 0.17 0.18 0.23 -1 -1 -1 -1 -1
Evo 1.01 0.00 1.00 0.68 0.00 1.00 1.00 0.47 0.05 0.52 0.10 0.85 -1 6
Result 0 1.0 105 0.39 0.25 0.13 0.25 0.22 0.15 -1 -1 -1 -1 -1
Evo 1.00 0.00 1.00 0.75 0.00 1.00 1.00 0.43 0.03 0.52 0.22 0.85 -1 0
Result 0 0.0 209 0.50 0.17 0.26 0.20 0.19 0.19 -1 -1 -1 -1 -1
Evo 1.01 0.00 1.00 0.83 1.00 1.00 1.00 0.38 0.03 0.46 0.20 0.85 -1 1
Result 0 1.0 175 0.48 0.18 0.22 0.22 0.22 0.16 -1 -1 -1 -1 -1
Evo 1.00 0.00 1.00 0.71 0.00 1.00 1.00 0.45 0.03 0.47 0.22 0.85 -1 0
Result 0 0.0 209 0.46 0.24 0.20 0.19 0.19 0.19 -1 -1 -1 -1 -1
Evo 1.01 0.00 1.00 0.83 1.00 1.00 1.00 0.37 0.03 0.46 0.19 0.85 -1 0
Result 0 3.0 160 0.45 0.30 0.19 0.15 0.15 0.21 -1 -1 -1 -1 -1
Evo 1.01 0.00 1.00 0.76 1.00 1.00 1.00 0.43 0.04 0.41 0.12 0.84 -1 0
Result 0 2.0 123 0.43 0.15 0.17 0.31 0.22 0.15 -1 -1 -1 -1 -1
Evo 1.00 0.00 1.00 0.71 0.00 1.00 1.00 0.45 0.03 0.11 0.19 0.85 -1 2
Result 0 2.0 209 0.48 0.15 0.22 0.18 0.24 0.20 -1 -1 -1 -1 -1
Evo 1.00 0.00 1.00 0.71 0.00 1.00 1.00 0.45 0.03 0.41 0.17 0.83 -1 1
Result 0 3.0 209 0.46 0.17 0.20 0.20 0.19 0.25 -1 -1 -1 -1 -1
Evo 1.00 0.00 1.00 0.72 0.00 1.00 1.00 0.45 0.03 0.46 0.20 0.85 -1 0
Result 0 1.0 225 0.48 0.18 0.22 0.16 0.24 0.19 -1 -1 -1 -1 -1
Evo 1.00 0.00 1.00 0.70 0.00 1.00 1.00 0.46 0.03 0.06 0.23 0.85 -1 1
Result 0 5.0 209 0.44 0.20 0.18 0.18 0.18 0.27 -1 -1 -1 -1 -1
Evo 1.00 0.00 1.00 0.82 1.00 1.00 1.00 0.38 0.02 0.06 0.24 0.85 -1 1
Result 0 3.0 243 0.45 0.17 0.19 0.24 0.19 0.22 -1 -1 -1 -1 -1
Evo 1.01 0.00 1.00 0.81 1.00 1.00 1.00 0.40 0.03 0.04 0.17 0.85 -1 0
Result 0 1.0 200 0.43 0.19 0.17 0.18 0.24 0.22 -1 -1 -1 -1 -1
Evo 1.00 0.00 1.00 0.84 1.00 1.00 1.00 0.36 0.02 0.03 0.24 0.85 -1 0
Result 0 2.0 243 0.38 0.22 0.13 0.24 0.18 0.23 -1 -1 -1 -1 -1
Evo 1.01 0.00 1.00 0.68 0.00 1.00 1.00 0.47 0.05 0.53 0.11 0.85 -1 2
Result 0 0.0 105 0.43 0.23 0.17 0.22 0.17 0.22 -1 -1 -1 -1 -1
Evo 1.01 0.00 1.00 0.64 0.00 1.00 1.00 0.48 0.05 0.53 0.10 0.85 -1 0
Result 0 0.0 93 0.43 0.20 0.17 0.16 0.28 0.19 -1 -1 -1 -1 -1
Evo 1.01 0.00 1.00 0.80 1.00 1.00 1.00 0.40 0.03 0.49 0.21 0.85 -1 1
Result 0 1.0 200 0.44 0.19 0.18 0.21 0.16 0.25 -1 -1 -1 -1 -1
Evo 1.01 0.00 1.00 0.85 1.00 1.00 1.00 0.36 0.03 0.22 0.16 0.85 -1 0
Result 0 3.0 151 0.42 0.16 0.16 0.17 0.23 0.28 -1 -1 -1 -1 -1
Evo 1.00 0.00 1.00 0.83 1.00 1.00 1.00 0.38 0.02 0.14 0.21 0.84 -1 0
Result 0 5.0 233 0.48 0.22 0.22 0.20 0.21 0.15 -1 -1 -1 -1 -1
Evo 1.00 0.00 1.00 0.83 1.00 1.00 1.00 0.38 0.03 0.32 0.19 0.85 -1 0
Result 0 3.0 212 0.45 0.20 0.19 0.18 0.20 0.23 -1 -1 -1 -1 -1
Evo 1.01 0.00 1.00 0.85 1.00 1.00 1.00 0.36 0.03 0.04 0.19 0.84 -1 0
Result 0 1.0 181 0.48 0.19 0.22 0.16 0.20 0.23 -1 -1 -1 -1 -1
Evo 1.01 0.00 1.00 0.68 0.00 1.00 1.00 0.47 0.03 0.04 0.17 0.85 -1 0
Result 0 2.0 185 0.47 0.22 0.20 0.17 0.17 0.24 -1 -1 -1 -1 -1
