Evo 1.00 0.00 1.00 0.79 0.82 0.86 0.93 0.27 0.01 0.18 0.35 0.39 1268 -1
Result 1 36.0 1443 0.48 0.19 0.19 0.22 0.20 0.20 -1 -1 -1 -1 -1
Evo 1.00 0.00 1.00 0.07 0.00 0.00 0.00 0.26 0.01 0.08 0.37 0.39 1300 -1
Result 1 36.0 1517 0.46 0.19 0.21 0.19 0.20 0.21 -1 -1 -1 -1 -1
Evo 1.00 0.00 1.00 0.03 0.00 0.00 0.00 0.17 0.00 0.11 0.38 0.39 1617 -1
Result 1 36.0 1725 0.46 0.21 0.21 0.19 0.18 0.21 -1 -1 -1 -1 -1
Evo 1.00 0.00 1.00 0.03 0.00 0.00 0.00 0.16 0.00 0.06 0.37 0.39 1205 -1
Result 1 36.0 1285 0.47 0.19 0.20 0.21 0.19 0.21 -1 -1 -1 -1 -1
Evo 1.00 0.00 1.00 0.01 0.00 0.00 0.00 0.12 0.00 0.14 0.37 0.39 1081 -1
Result 1 36.0 1106 0.46 0.21 0.19 0.20 0.21 0.20 -1 -1 -1 -1 -1
Evo 1.00 0.00 0.00 0.00 0.00 0.00 0.00 0.00 0.00 0.42 0.31 0.39 -1 1911
Result 0 21.0 2000 0.47 0.19 0.20 0.20 0.20 0.20 -1 -1 -1 -1 -1
Evo 1.00 0.50 1.00 0.52 0.50 0.50 0.50 0.10 0.00 0.05 0.37 0.39 1313 -1
Result 1 36.0 1456 0.47 0.19 0.22 0.20 0.19 0.19 -1 -1 -1 -1 -1
Evo 1.00 0.50 1.00 0.52 0.50 0.50 0.50 0.10 0.00 0.08 0.38 0.39 1496 -1
Result 1 36.0 1694 0.47 0.20 0.20 0.20 0.20 0.19 -1 -1 -1 -1 -1
Evo 1.00 0.00 0.50 0.48 0.50 0.50 0.50 0.10 0.00 0.06 0.33 0.39 -1 1911
Result 0 24.0 2000 0.47 0.19 0.22 0.20 0.20 0.20 -1 -1 -1 -1 -1
Evo 1.00 0.50 1.00 0.52 0.50 0.50 0.50 0.11 0.00 0.03 0.35 0.39 884 -1
Result 1 36.0 1132 0.46 0.20 0.20 0.20 0.21 0.19 -1 -1 -1 -1 -1
Evo 1.00 0.50 1.00 0.52 0.50 0.50 0.50 0.09 0.00 0.07 0.39 0.39 1368 -1
Result 1 36.0 1491 0.47 0.19 0.20 0.21 0.19 0.20 -1 -1 -1 -1 -1
Evo 1.00 0.50 1.00 0.51 0.50 0.50 0.50 0.07 0.00 0.13 0.38 0.39 1312 -1
Result 1 36.0 1394 0.47 0.20 0.20 0.20 0.20 0.20 -1 -1 -1 -1 -1
Evo 1.00 0.50 1.00 0.51 0.50 0.50 0.50 0.08 0.00 0.10 0.38 0.39 1209 -1
Result 1 36.0 1452 0.46 0.19 0.20 0.20 0.20 0.20 -1 -1 -1 -1 -1
Evo 1.00 0.50 1.00 0.53 0.50 0.50 0.50 0.12 0.00 0.02 0.36 0.39 1542 -1
Result 1 36.0 1885 0.46 0.19 0.22 0.20 0.20 0.20 -1 -1 -1 -1 -1
Evo 1.00 0.50 1.00 0.54 0.50 0.50 0.50 0.14 0.00 0.05 0.39 0.39 1143 -1
Result 1 36.0 1647 0.46 0.20 0.20 0.20 0.19 0.21 -1 -1 -1 -1 -1
Evo 1.00 0.50 1.00 0.52 0.50 0.50 0.50 0.09 0.00 0.03 0.38 0.39 1479 -1
Result 1 36.0 1728 0.46 0.19 0.19 0.19 0.21 0.21 -1 -1 -1 -1 -1
Evo 1.00 0.50 1.00 0.52 0.50 0.50 0.50 0.10 0.00 0.08 0.37 0.39 868 -1
Result 1 36.0 950 0.45 0.20 0.21 0.19 0.21 0.19 -1 -1 -1 -1 -1
Evo 1.00 0.00 0.50 0.48 0.50 0.50 0.50 0.10 0.00 0.04 0.34 0.39 -1 1911
Result 0 24.0 2000 0.46 0.22 0.19 0.20 0.20 0.19 -1 -1 -1 -1 -1
Evo 1.00 0.50 1.00 0.51 0.50 0.50 0.50 0.07 0.00 0.08 0.36 0.39 1192 -1
Result 1 36.0 1251 0.46 0.21 0.20 0.19 0.20 0.20 -1 -1 -1 -1 -1
Evo 1.00 0.50 1.00 0.51 0.50 0.50 0.50 0.07 0.00 0.13 0.39 0.39 1708 -1
Result 1 36.0 1797 0.47 0.19 0.22 0.20 0.19 0.20 -1 -1 -1 -1 -1
Evo 1.08 0.00 0.50 0.08 0.00 0.00 0.00 0.19 0.05 0.28 0.06 0.26 -1 0
Result 0 1.0 12 0.28 0.23 0.23 0.08 0.15 0.31 -1 -1 -1 -1 -1
Evo 1.00 0.00 0.50 0.48 0.50 0.50 0.50 0.09 0.00 0.08 0.12 0.28 -1 0
Result 0 5.0 403 0.49 0.19 0.22 0.24 0.20 0.15 -1 -1 -1 -1 -1
Evo 1.04 0.00 0.50 0.06 0.00 0.00 0.00 0.17 0.03 0.19 0.08 0.26 -1 0
Result 0 1.0 24 0.29 0.24 0.28 0.08 0.20 0.20 -1 -1 -1 -1 -1
Evo 1.03 0.00 0.50 0.32 0.00 0.50 0.50 0.24 0.04 0.49 0.10 0.26 -1 0
Result 0 5.0 38 0.47 0.15 0.21 0.21 0.28 0.15 -1 -1 -1 -1 -1
Evo 1.00 0.00 0.50 0.43 0.50 0.50 0.50 0.17 0.01 0.04 0.15 0.28 -1 0
Result 0 6.0 417 0.50 0.17 0.20 0.25 0.23 0.15 -1 -1 -1 -1 -1
Evo 1.11 0.00 0.50 0.20 0.00 0.00 0.50 0.26 0.08 0.33 0.04 0.23 -1 0
Result 0 1.0 9 0.46 -1 0.50 0.20 0.20 0.10 -1 -1 -1 -1 -1
Evo 1.07 0.00 0.50 0.09 0.00 0.00 0.00 0.20 0.05 0.25 0.07 0.24 -1 0
Result 0 1.0 15 0.45 -1 0.38 0.19 0.19 0.25 -1 -1 -1 -1 -1
Evo 1.09 0.00 0.50 0.04 0.00 0.00 0.00 0.14 0.04 0.30 0.07 0.27 -1 0
Result 0 1.0 11 0.30 0.08 0.33 0.08 0.17 0.33 -1 -1 -1 -1 -1
Evo 1.01 0.00 0.50 0.40 0.50 0.50 0.50 0.20 0.02 0.05 0.10 0.27 -1 0
Result 0 6.0 133 0.46 0.19 0.19 0.19 0.27 0.15 -1 -1 -1 -1 -1
Evo 1.00 0.00 0.50 0.40 0.50 0.50 0.50 0.20 0.01 0.09 0.16 0.28 -1 0
Result 0 6.0 348 0.49 0.19 0.18 0.23 0.21 0.19 -1 -1 -1 -1 -1
Evo 1.07 0.00 0.50 0.10 0.00 0.00 0.00 0.21 0.05 0.26 0.06 0.27 -1 0
Result 0 1.0 14 0.39 0.13 0.20 0.13 0.27 0.27 -1 -1 -1 -1 -1
Evo 1.00 0.00 0.50 0.45 0.50 0.50 0.50 0.15 0.01 0.02 0.15 0.28 -1 0
Result 0 6.0 441 0.50 0.19 0.19 0.26 0.22 0.15 -1 -1 -1 -1 -1
Evo 1.13 0.00 0.50 0.06 0.00 0.00 0.00 0.17 0.06 0.35 0.03 0.26 -1 0
Result 0 1.0 8 0.48 0.33 0.33 0.22 0.11 -1 -1 -1 -1 -1 -1
Evo 1.02 0.00 0.50 0.17 0.00 0.00 0.50 0.24 0.03 0.23 0.09 0.28 -1 0
Result 0 0.0 54 0.40 0.20 0.16 0.15 0.35 0.15 -1 -1 -1 -1 -1
Evo 1.08 0.00 0.50 0.14 0.00 0.00 0.00 0.23 0.06 0.40 0.06 0.27 -1 0
Result 0 0.0 13 0.40 0.14 0.14 0.14 0.21 0.36 -1 -1 -1 -1 -1
Evo 1.14 0.00 0.50 0.19 0.00 0.00 0.50 0.26 0.09 0.38 0.03 0.25 -1 0
Result 0 0.0 7 0.38 0.13 0.13 0.13 -1 0.63 -1 -1 -1 -1 -1
Evo 1.04 0.00 0.50 0.13 0.00 0.00 0.00 0.22 0.05 0.47 0.06 0.24 -1 0
Result 0 1.0 23 0.47 0.42 0.13 0.21 -1 0.25 -1 -1 -1 -1 -1
Evo 1.11 0.00 0.50 0.15 0.00 0.00 0.50 0.24 0.08 0.46 0.03 0.24 -1 0
Result 0 1.0 9 0.52 0.40 -1 0.30 0.20 0.10 -1 -1 -1 -1 -1
Evo 1.05 0.00 0.50 0.05 0.00 0.00 0.00 0.15 0.03 0.22 0.05 0.21 -1 0
Result 0 0.0 19 0.46 0.25 0.30 -1 0.25 0.20 -1 -1 -1 -1 -1
Evo 1.00 0.00 0.50 0.46 0.50 0.50 0.50 0.14 0.01 0.11 0.15 0.27 -1 0
Result 0 5.0 361 0.48 0.18 0.20 0.22 0.22 0.17 -1 -1 -1 -1 -1
Evo 1.00 0.00 0.50 0.48 0.50 0.50 0.50 0.11 0.00 0.01 0.17 0.33 -1 0
Result 0 2.0 2000 0.46 0.21 0.21 0.20 0.19 0.19 -1 -1 -1 -1 -1
Evo 1.00 0.00 0.50 0.37 0.00 0.50 0.50 0.22 0.01 0.12 0.12 0.24 -1 0
Result 0 1.0 265 0.48 0.21 0.21 0.22 0.15 0.20 -1 -1 -1 -1 -1
Evo 1.00 0.00 0.50 0.50 0.50 0.50 0.50 0.05 0.00 0.27 0.15 0.33 -1 0
Result 0 2.0 642 0.45 0.20 0.23 0.18 0.19 0.19 -1 -1 -1 -1 -1
Evo 1.01 0.00 0.50 0.39 0.50 0.50 0.50 0.21 0.02 0.08 0.07 0.24 -1 0
Result 0 0.0 84 0.49 0.18 0.21 0.24 0.19 0.19 -1 -1 -1 -1 -1
Evo 1.20 0.00 0.50 0.33 0.00 0.50 0.50 0.26 0.11 0.43 0.03 0.12 -1 0
Result 0 0.0 5 0.43 0.33 -1 -1 0.50 0.17 -1 -1 -1 -1 -1
Evo 1.00 0.00 0.50 0.47 0.50 0.50 0.50 0.12 0.00 0.13 0.22 0.36 -1 0
Result 0 5.0 1989 0.45 0.22 0.20 0.19 0.19 0.20 -1 -1 -1 -1 -1
Evo 1.01 0.00 0.50 0.40 0.50 0.50 0.50 0.20 0.02 0.08 0.10 0.22 -1 0
Result 0 1.0 81 0.46 0.22 0.21 0.20 0.13 0.24 -1 -1 -1 -1 -1
Evo 1.00 0.00 0.50 0.49 0.50 0.50 0.50 0.08 0.00 0.28 0.20 0.34 -1 0
Result 0 3.0 895 0.46 0.23 0.18 0.20 0.18 0.22 -1 -1 -1 -1 -1
Evo 1.00 0.00 0.50 0.47 0.50 0.50 0.50 0.12 0.00 0.42 0.20 0.35 -1 0
Result 0 3.0 2000 0.46 0.18 0.21 0.19 0.22 0.20 -1 -1 -1 -1 -1
Evo 1.00 0.00 0.50 0.47 0.50 0.50 0.50 0.12 0.00 0.15 0.21 0.36 -1 0
Result 0 6.0 2000 0.45 0.23 0.20 0.19 0.19 0.19 -1 -1 -1 -1 -1
Evo 1.01 0.00 0.50 0.36 0.00 0.50 0.50 0.22 0.02 0.13 0.08 0.24 -1 0
Result 0 0.0 123 0.47 0.19 0.27 0.21 0.16 0.17 -1 -1 -1 -1 -1
Evo 1.01 0.00 0.50 0.41 0.50 0.50 0.50 0.20 0.02 0.31 0.10 0.25 -1 0
Result 0 1.0 78 0.47 0.15 0.32 0.20 0.19 0.14 -1 -1 -1 -1 -1
Evo 1.01 0.00 0.50 0.34 0.00 0.50 0.50 0.23 0.02 0.24 0.10 0.24 -1 0
Result 0 0.0 151 0.46 0.20 0.21 0.20 0.19 0.20 -1 -1 -1 -1 -1
Evo 1.04 0.00 0.50 0.35 0.00 0.50 0.50 0.23 0.04 0.45 0.03 0.22 -1 0
Result 0 0.0 26 0.45 0.37 0.11 0.19 0.22 0.11 -1 -1 -1 -1 -1
Evo 1.00 0.00 0.50 0.47 0.50 0.50 0.50 0.11 0.00 0.44 0.18 0.33 -1 0
Result 0 2.0 1169 0.46 0.21 0.19 0.20 0.17 0.22 -1 -1 -1 -1 -1
Evo 1.00 0.00 0.50 0.48 0.50 0.50 0.50 0.09 0.00 0.25 0.20 0.35 -1 0
Result 0 4.0 1417 0.47 0.17 0.20 0.21 0.21 0.20 -1 -1 -1 -1 -1
Evo 1.03 0.00 0.50 0.40 0.50 0.50 0.50 0.20 0.03 0.23 0.06 0.24 -1 0
Result 0 0.0 35 0.43 0.19 0.28 0.17 0.17 0.19 -1 -1 -1 -1 -1
Evo 1.00 0.00 0.50 0.49 0.50 0.50 0.50 0.06 0.00 0.25 0.21 0.35 -1 0
Result 0 5.0 1914 0.44 0.21 0.21 0.18 0.20 0.21 -1 -1 -1 -1 -1
Evo 1.01 0.00 0.50 0.37 0.00 0.50 0.50 0.22 0.02 0.40 0.11 0.21 -1 0
Result 0 1.0 124 0.40 0.19 0.23 0.14 0.23 0.20 -1 -1 -1 -1 -1
Evo 1.00 0.00 0.50 0.46 0.50 0.50 0.50 0.13 0.01 0.12 0.24 0.35 -1 0
Result 0 6.0 668 0.45 0.21 0.23 0.18 0.18 0.20 -1 -1 -1 -1 -1
Evo 1.03 0.00 0.50 0.11 0.00 0.00 0.00 0.21 0.04 0.37 0.09 0.31 -1 0
Result 0 1.0 32 0.31 0.12 0.30 0.09 0.18 0.30 -1 -1 -1 -1 -1
Evo 1.50 0.00 0.50 0.17 0.00 0.00 0.00 0.29 0.17 0.53 0.04 0.23 -1 0
Result 0 1.0 2 0.39 -1 0.33 0.67 -1 -1 -1 -1 -1 -1 -1
Evo 1.09 0.00 0.50 0.04 0.00 0.00 0.00 0.14 0.04 0.30 0.06 0.21 -1 0
Result 0 1.0 11 0.53 0.08 0.08 0.33 0.25 0.25 -1 -1 -1 -1 -1
Evo 1.09 0.00 0.50 0.08 0.00 0.00 0.00 0.19 0.06 0.30 0.04 0.30 -1 0
Result 0 0.0 11 0.43 0.33 0.17 0.17 0.33 -1 -1 -1 -1 -1 -1
Evo 1.17 0.00 0.50 0.21 0.00 0.00 0.50 0.27 0.10 0.52 0.06 0.30 -1 0
Result 0 0.0 6 0.52 0.14 0.14 0.43 -1 0.29 -1 -1 -1 -1 -1
Evo 1.01 0.00 0.50 0.17 0.00 0.00 0.50 0.24 0.03 0.42 0.13 0.17 -1 0
Result 0 0.0 82 0.43 0.25 0.31 0.17 0.14 0.12 -1 -1 -1 -1 -1
Evo 1.04 0.00 0.50 0.04 0.00 0.00 0.00 0.13 0.02 0.27 0.07 0.27 -1 0
Result 0 0.0 27 0.48 0.18 0.25 0.21 0.18 0.18 -1 -1 -1 -1 -1
Evo 1.03 0.00 0.50 0.08 0.00 0.00 0.00 0.19 0.03 0.16 0.07 0.31 -1 0
Result 0 0.0 30 0.38 0.26 0.16 0.13 0.26 0.19 -1 -1 -1 -1 -1
Evo 1.25 0.00 0.00 0.00 0.00 0.00 0.00 0.00 0.00 0.00 0.04 0.27 -1 0
Result 0 0.0 4 0.53 0.20 0.40 0.40 -1 -1 -1 -1 -1 -1 -1
Evo 1.01 0.00 0.50 0.10 0.00 0.00 0.00 0.20 0.02 0.47 0.16 0.27 -1 0
Result 0 1.0 105 0.47 0.18 0.18 0.21 0.19 0.25 -1 -1 -1 -1 -1
Evo 1.33 0.00 0.50 0.13 0.00 0.00 0.50 0.25 0.13 0.50 0.04 0.20 -1 0
Result 0 1.0 3 0.50 0.25 0.25 0.50 -1 -1 -1 -1 -1 -1 -1
Evo 1.33 0.00 0.00 0.00 0.00 0.00 0.00 0.00 0.00 0.00 0.04 0.17 -1 0
Result 0 1.0 3 0.50 -1 0.25 0.50 0.25 -1 -1 -1 -1 -1 -1
Evo 1.04 0.00 0.50 0.09 0.00 0.00 0.00 0.20 0.04 0.35 0.09 0.30 -1 0
Result 0 1.0 27 0.40 0.21 0.21 0.14 0.25 0.18 -1 -1 -1 -1 -1
Evo 1.33 0.00 0.00 0.00 0.00 0.00 0.00 0.00 0.00 0.00 0.04 0.21 -1 0
Result 0 1.0 3 0.50 -1 0.25 0.50 0.25 -1 -1 -1 -1 -1 -1
Evo 1.07 0.00 0.50 0.10 0.00 0.00 0.00 0.21 0.05 0.26 0.06 0.26 -1 0
Result 0 0.0 14 0.53 0.33 0.07 0.33 -1 0.27 -1 -1 -1 -1 -1
Evo 1.25 0.00 0.50 0.10 0.00 0.00 0.00 0.22 0.10 0.46 0.04 0.26 -1 0
Result 0 1.0 4 0.53 0.20 0.20 0.40 0.20 -1 -1 -1 -1 -1 -1
Evo 1.03 0.00 0.50 0.10 0.00 0.00 0.00 0.20 0.04 0.43 0.09 0.26 -1 0
Result 0 1.0 29 0.49 0.10 0.17 0.23 0.27 0.23 -1 -1 -1 -1 -1
Evo 1.00 0.00 0.50 0.41 0.50 0.50 0.50 0.20 0.01 0.19 0.24 0.34 -1 0
Result 0 3.0 484 0.43 0.20 0.21 0.17 0.19 0.24 -1 -1 -1 -1 -1
Evo 1.00 0.00 0.50 0.42 0.50 0.50 0.50 0.18 0.01 0.21 0.23 0.34 -1 0
Result 0 3.0 289 0.47 0.19 0.23 0.21 0.23 0.13 -1 -1 -1 -1 -1
Evo 1.02 0.00 0.50 0.11 0.00 0.00 0.00 0.21 0.03 0.44 0.10 0.27 -1 0
Result 0 1.0 56 0.44 0.12 0.18 0.18 0.30 0.23 -1 -1 -1 -1 -1
Evo 1.00 0.00 0.00 0.00 0.00 0.00 0.00 0.00 0.00 0.00 0.00 0.04 -1 0
Result 0 0.0 0 0.00 -1 -1 -1 1.00 -1 -1 -1 -1 -1 -1
Evo 1.09 0.00 0.50 0.04 0.00 0.00 0.00 0.14 0.04 0.30 0.03 0.13 -1 0
Result 0 0.0 11 0.50 0.17 0.17 0.25 0.17 0.25 -1 -1 -1 -1 -1
Evo 1.00 0.00 0.00 0.00 0.00 0.00 0.00 0.00 0.00 0.00 0.00 0.05 -1 0
Result 0 0.0 0 0.00 -1 1.00 -1 -1 -1 -1 -1 -1 -1 -1
Evo 1.00 0.00 0.00 0.00 0.00 0.00 0.00 0.00 0.00 0.00 0.00 0.05 -1 0
Result 0 0.0 0 0.00 -1 -1 -1 1.00 -1 -1 -1 -1 -1 -1
Evo 1.00 0.00 0.00 0.00 0.00 0.00 0.00 0.00 0.00 0.00 0.00 0.03 -1 0
Result 0 0.0 0 0.00 -1 1.00 -1 -1 -1 -1 -1 -1 -1 -1
Evo 1.25 0.00 0.50 0.10 0.00 0.00 0.00 0.22 0.10 0.46 0.01 0.10 -1 0
Result 0 0.0 4 0.46 0.40 0.20 0.20 -1 0.20 -1 -1 -1 -1 -1
Evo 1.00 0.00 0.00 0.00 0.00 0.00 0.00 0.00 0.00 0.00 0.00 0.03 -1 0
Result 0 0.0 0 0.00 -1 1.00 -1 -1 -1 -1 -1 -1 -1 -1
Evo 1.00 0.00 0.00 0.00 0.00 0.00 0.00 0.00 0.00 0.00 0.00 0.03 -1 0
Result 0 0.0 0 0.00 -1 -1 -1 1.00 -1 -1 -1 -1 -1 -1
Evo 1.00 0.00 0.00 0.00 0.00 0.00 0.00 0.00 0.00 0.00 0.00 0.07 -1 0
Result 0 0.0 0 0.00 -1 -1 -1 1.00 -1 -1 -1 -1 -1 -1
Evo 1.01 0.00 0.50 0.35 0.00 0.50 0.50 0.23 0.02 0.44 0.05 0.14 -1 0
Result 0 1.0 98 0.49 0.22 0.15 0.23 0.23 0.16 -1 -1 -1 -1 -1
Evo 1.00 0.00 0.00 0.00 0.00 0.00 0.00 0.00 0.00 0.00 0.00 0.04 -1 0
Result 0 0.0 0 0.00 -1 -1 -1 1.00 -1 -1 -1 -1 -1 -1
Evo 1.13 0.00 0.50 0.11 0.00 0.00 0.00 0.22 0.07 0.35 0.02 0.14 -1 0
Result 0 0.0 8 0.53 -1 0.22 0.33 0.11 0.33 -1 -1 -1 -1 -1
Evo 1.00 0.00 0.00 0.00 0.00 0.00 0.00 0.00 0.00 0.00 0.00 0.03 -1 0
Result 0 0.0 0 0.00 -1 1.00 -1 -1 -1 -1 -1 -1 -1 -1
Evo 1.01 0.00 0.50 0.21 0.00 0.00 0.50 0.25 0.03 0.53 0.10 0.19 -1 0
Result 0 2.0 87 0.44 0.17 0.23 0.17 0.24 0.19 -1 -1 -1 -1 -1
Evo 1.01 0.00 0.50 0.34 0.00 0.50 0.50 0.23 0.02 0.41 0.05 0.17 -1 0
Result 0 3.0 160 0.52 0.18 0.17 0.29 0.22 0.14 -1 -1 -1 -1 -1
Evo 1.25 0.00 0.50 0.20 0.00 0.00 0.50 0.27 0.12 0.53 0.01 0.11 -1 0
Result 0 0.0 4 0.46 0.40 -1 0.20 0.20 0.20 -1 -1 -1 -1 -1
Evo 1.03 0.00 0.50 0.34 0.00 0.50 0.50 0.24 0.04 0.49 0.04 0.12 -1 0
Result 0 1.0 37 0.47 0.29 0.11 0.21 0.24 0.16 -1 -1 -1 -1 -1
Evo 1.50 0.00 0.50 0.17 0.00 0.00 0.00 0.29 0.17 0.53 0.01 0.12 -1 0
Result 0 0.0 2 0.53 -1 0.33 0.33 -1 0.33 -1 -1 -1 -1 -1
Evo 1.03 0.00 0.50 0.05 0.00 0.00 0.00 0.15 0.03 0.33 0.03 0.16 -1 0
Result 0 0.0 30 0.33 0.26 0.26 0.10 0.13 0.26 -1 -1 -1 -1 -1
Evo 2.00 0.00 0.00 0.00 0.00 0.00 0.00 0.00 0.00 0.00 0.00 0.08 -1 0
Result 0 0.0 1 0.50 0.50 0.50 -1 -1 -1 -1 -1 -1 -1 -1
