Evo 1.01 0.00 1.00 0.73 0.50 1.00 1.00 0.39 0.03 0.44 0.13 0.43 141 0
Result 0 0.0 187 0.46 0.20 0.22 0.19 0.17 0.22 -1 -1 -1 -1 -1
Evo 1.02 0.00 0.50 0.38 0.50 0.50 0.50 0.22 0.03 0.50 0.07 0.35 -1 0
Result 0 0.0 51 0.46 0.17 0.25 0.19 0.23 0.15 -1 -1 -1 -1 -1
Evo 1.00 0.00 0.50 0.41 0.50 0.50 0.50 0.19 0.01 0.44 0.15 0.37 -1 0
Result 0 0.0 214 0.49 0.20 0.25 0.23 0.18 0.15 -1 -1 -1 -1 -1
Evo 1.01 0.00 0.50 0.45 0.50 0.50 0.50 0.15 0.02 0.33 0.08 0.33 -1 0
Result 0 0.0 82 0.45 0.25 0.18 0.18 0.22 0.17 -1 -1 -1 -1 -1
Evo 1.01 0.00 0.50 0.47 0.50 0.50 0.50 0.13 0.01 0.26 0.04 0.36 -1 0
Result 0 0.0 117 0.51 0.23 0.21 0.27 0.15 0.14 -1 -1 -1 -1 -1
Evo 1.01 0.00 0.50 0.42 0.50 0.50 0.50 0.18 0.01 0.42 0.12 0.36 -1 0
Result 0 0.0 188 0.44 0.21 0.20 0.17 0.23 0.19 -1 -1 -1 -1 -1
Evo 1.01 0.00 0.50 0.41 0.50 0.50 0.50 0.19 0.02 0.45 0.11 0.39 -1 0
Result 0 0.0 145 0.48 0.13 0.25 0.23 0.21 0.18 -1 -1 -1 -1 -1
Evo 1.01 0.00 0.50 0.42 0.50 0.50 0.50 0.19 0.02 0.43 0.11 0.34 -1 0
Result 0 0.0 126 0.36 0.11 0.28 0.12 0.23 0.27 -1 -1 -1 -1 -1
Evo 1.01 0.00 0.50 0.43 0.50 0.50 0.50 0.18 0.02 0.41 0.12 0.36 -1 0
Result 0 0.0 122 0.39 0.17 0.25 0.14 0.23 0.21 -1 -1 -1 -1 -1
Evo 1.01 0.00 0.50 0.43 0.50 0.50 0.50 0.17 0.02 0.38 0.06 0.37 -1 0
Result 0 0.0 91 0.51 0.22 0.21 0.26 0.20 0.12 -1 -1 -1 -1 -1
Evo 1.04 0.00 0.50 0.43 0.50 0.50 0.50 0.18 0.03 0.39 0.07 0.32 -1 0
Result 0 0.0 28 0.44 0.17 0.17 0.17 0.34 0.14 -1 -1 -1 -1 -1
Evo 1.02 0.00 0.50 0.23 0.00 0.00 0.50 0.25 0.04 0.48 0.07 0.36 -1 0
Result 0 0.0 43 0.42 0.30 0.11 0.16 0.25 0.18 -1 -1 -1 -1 -1
Evo 1.04 0.00 0.50 0.36 0.00 0.50 0.50 0.23 0.04 0.51 0.05 0.36 -1 0
Result 0 0.0 28 0.39 0.28 0.14 0.14 0.17 0.28 -1 -1 -1 -1 -1
Evo 1.02 0.00 0.50 0.38 0.50 0.50 0.50 0.22 0.03 0.50 0.05 0.35 -1 0
Result 0 0.0 51 0.46 0.29 0.19 0.19 0.19 0.13 -1 -1 -1 -1 -1
Evo 1.01 0.00 0.50 0.36 0.00 0.50 0.50 0.22 0.02 0.51 0.09 0.42 -1 0
Result 0 0.0 91 0.44 0.27 0.15 0.17 0.18 0.22 -1 -1 -1 -1 -1
Evo 1.00 0.00 0.50 0.43 0.50 0.50 0.50 0.17 0.01 0.39 0.15 0.42 -1 0
Result 0 0.0 329 0.47 0.24 0.19 0.21 0.17 0.19 -1 -1 -1 -1 -1
Evo 1.04 0.00 0.50 0.36 0.00 0.50 0.50 0.23 0.05 0.51 0.05 0.30 -1 0
Result 0 0.0 24 0.42 0.20 0.16 0.16 0.20 0.28 -1 -1 -1 -1 -1
Evo 1.00 0.00 0.50 0.41 0.50 0.50 0.50 0.20 0.01 0.45 0.16 0.43 -1 0
Result 0 0.0 214 0.49 0.17 0.19 0.23 0.21 0.19 -1 -1 -1 -1 -1
Evo 1.03 0.00 0.50 0.38 0.50 0.50 0.50 0.22 0.04 0.50 0.07 0.33 -1 0
Result 0 0.0 36 0.48 0.16 0.19 0.22 0.27 0.16 -1 -1 -1 -1 -1
Evo 1.01 0.00 0.50 0.39 0.50 0.50 0.50 0.21 0.02 0.49 0.12 0.37 -1 0
Result 0 0.0 126 0.47 0.17 0.16 0.20 0.20 0.26 -1 -1 -1 -1 -1
Evo 1.04 0.00 1.00 0.09 0.00 0.00 0.00 0.23 0.04 0.17 0.05 0.43 12 0
Result 0 0.0 28 0.49 0.24 0.21 0.24 0.14 0.17 -1 -1 -1 -1 -1
Evo 1.01 0.00 1.00 0.23 0.00 0.00 0.50 0.28 0.02 0.14 0.11 0.50 39 0
Result 0 0.0 181 0.49 0.24 0.16 0.24 0.18 0.19 -1 -1 -1 -1 -1
Evo 1.03 0.00 1.00 0.12 0.00 0.00 0.00 0.25 0.05 0.16 0.03 0.45 4 0
Result 0 0.0 29 0.26 0.23 0.20 0.07 0.30 0.20 -1 -1 -1 -1 -1
Evo 1.01 0.00 1.00 0.18 0.00 0.00 0.50 0.28 0.03 0.19 0.03 0.47 26 0
Result 0 0.0 71 0.48 0.17 0.21 0.22 0.19 0.21 -1 -1 -1 -1 -1
Evo 1.05 0.00 1.00 0.15 0.00 0.00 0.50 0.28 0.06 0.20 0.05 0.45 17 0
Result 0 0.0 22 0.44 0.13 0.13 0.17 0.22 0.35 -1 -1 -1 -1 -1
Evo 1.02 0.00 1.00 0.13 0.00 0.00 0.00 0.24 0.03 0.47 0.05 0.43 2 0
Result 0 0.0 47 0.52 0.19 0.19 0.29 0.23 0.10 -1 -1 -1 -1 -1
Evo 1.04 0.00 0.50 0.15 0.00 0.00 0.50 0.23 0.05 0.52 0.03 0.38 -1 0
Result 0 0.0 23 0.53 0.17 0.13 0.33 0.17 0.21 -1 -1 -1 -1 -1
Evo 1.02 0.00 0.50 0.07 0.00 0.00 0.00 0.18 0.02 0.20 0.07 0.45 -1 0
Result 0 0.0 53 0.47 0.20 0.28 0.20 0.13 0.19 -1 -1 -1 -1 -1
Evo 1.02 0.00 1.00 0.32 0.00 0.00 0.50 0.39 0.06 0.45 0.08 0.45 20 0
Result 0 0.0 48 0.48 0.18 0.24 0.22 0.22 0.12 -1 -1 -1 -1 -1
Evo 1.11 0.00 1.00 0.25 0.00 0.00 0.50 0.35 0.11 0.33 0.03 0.37 2 0
Result 0 0.0 9 0.46 0.10 0.30 0.20 0.10 0.30 -1 -1 -1 -1 -1
Evo 1.03 0.00 1.00 0.20 0.00 0.00 0.50 0.30 0.05 0.22 0.05 0.44 25 0
Result 0 0.0 39 0.41 0.18 0.25 0.15 0.15 0.28 -1 -1 -1 -1 -1
Evo 1.01 0.00 1.00 0.26 0.00 0.00 0.50 0.27 0.02 0.12 0.04 0.47 20 0
Result 0 0.0 143 0.47 0.20 0.24 0.20 0.14 0.22 -1 -1 -1 -1 -1
Evo 1.01 0.00 1.00 0.22 0.00 0.00 0.50 0.27 0.03 0.11 0.04 0.49 41 0
Result 0 0.0 101 0.48 0.23 0.19 0.22 0.25 0.13 -1 -1 -1 -1 -1
Evo 1.02 0.00 1.00 0.24 0.00 0.00 0.50 0.29 0.04 0.17 0.03 0.44 18 0
Result 0 0.0 55 0.40 0.21 0.25 0.14 0.21 0.18 -1 -1 -1 -1 -1
Evo 1.01 0.00 1.00 0.20 0.00 0.00 0.50 0.27 0.03 0.12 0.04 0.46 88 0
Result 0 0.0 94 0.42 0.19 0.26 0.16 0.24 0.15 -1 -1 -1 -1 -1
Evo 1.02 0.00 1.00 0.75 0.50 1.00 1.00 0.39 0.05 0.37 0.08 0.47 11 0
Result 1 1.0 60 0.41 0.13 0.30 0.15 0.20 0.23 -1 -1 -1 -1 -1
Evo 1.11 0.00 0.50 0.20 0.00 0.00 0.50 0.26 0.08 0.44 0.02 0.31 -1 0
Result 0 0.0 9 0.50 -1 0.50 -1 0.30 0.20 -1 -1 -1 -1 -1
Evo 1.08 0.00 1.00 0.29 0.00 0.00 0.50 0.38 0.10 0.40 0.02 0.37 2 0
Result 0 0.0 13 0.40 0.07 0.21 0.14 0.21 0.36 -1 -1 -1 -1 -1
Evo 1.02 0.00 0.50 0.08 0.00 0.00 0.00 0.18 0.03 0.21 0.05 0.39 -1 0
Result 0 0.0 44 0.42 0.22 0.20 0.16 0.24 0.18 -1 -1 -1 -1 -1
Evo 1.06 0.00 0.50 0.08 0.00 0.00 0.00 0.19 0.04 0.21 0.05 0.39 -1 0
Result 0 0.0 18 0.53 0.16 0.11 0.37 0.16 0.21 -1 -1 -1 -1 -1
Evo 1.00 0.00 0.50 0.48 0.50 0.50 0.50 0.09 0.00 0.17 0.11 0.32 -1 0
Result 0 0.0 1040 0.43 0.20 0.19 0.17 0.21 0.24 -1 -1 -1 -1 -1
Evo 1.00 0.00 0.50 0.48 0.50 0.50 0.50 0.11 0.00 0.21 0.11 0.34 -1 0
Result 0 0.0 708 0.44 0.20 0.19 0.18 0.21 0.22 -1 -1 -1 -1 -1
Evo 1.00 0.00 0.50 0.47 0.50 0.50 0.50 0.12 0.00 0.25 0.12 0.38 -1 0
Result 0 0.0 1265 0.45 0.20 0.19 0.18 0.20 0.22 -1 -1 -1 -1 -1
Evo 1.00 0.00 0.50 0.48 0.50 0.50 0.50 0.10 0.00 0.18 0.08 0.27 -1 0
Result 0 0.0 447 0.41 0.21 0.20 0.15 0.21 0.23 -1 -1 -1 -1 -1
Evo 1.02 0.00 0.50 0.46 0.50 0.50 0.50 0.13 0.02 0.27 0.06 0.23 -1 0
Result 0 0.0 56 0.44 0.21 0.19 0.18 0.18 0.25 -1 -1 -1 -1 -1
Evo 1.00 0.00 1.00 0.48 0.50 0.50 0.50 0.11 0.00 0.22 0.10 0.37 7 0
Result 0 0.0 1107 0.44 0.19 0.22 0.17 0.19 0.22 -1 -1 -1 -1 -1
Evo 1.00 0.00 0.50 0.48 0.50 0.50 0.50 0.10 0.00 0.20 0.11 0.30 -1 0
Result 0 0.0 1247 0.43 0.21 0.19 0.17 0.20 0.23 -1 -1 -1 -1 -1
Evo 1.02 0.00 0.50 0.48 0.50 0.50 0.50 0.09 0.01 0.17 0.06 0.17 -1 0
Result 0 0.0 56 0.44 0.23 0.19 0.18 0.21 0.19 -1 -1 -1 -1 -1
Evo 1.02 0.00 0.50 0.45 0.50 0.50 0.50 0.16 0.02 0.35 0.08 0.24 -1 0
Result 0 0.0 64 0.46 0.26 0.25 0.20 0.14 0.15 -1 -1 -1 -1 -1
Evo 1.00 0.00 0.50 0.47 0.50 0.50 0.50 0.11 0.01 0.22 0.08 0.32 -1 0
Result 0 0.0 422 0.44 0.18 0.20 0.17 0.22 0.22 -1 -1 -1 -1 -1
Evo 1.06 0.00 0.50 0.44 0.50 0.50 0.50 0.16 0.04 0.35 0.04 0.19 -1 0
Result 0 0.0 17 0.53 0.11 0.22 0.33 0.17 0.17 -1 -1 -1 -1 -1
Evo 1.00 0.00 0.50 0.48 0.50 0.50 0.50 0.09 0.00 0.16 0.09 0.33 -1 0
Result 0 0.0 675 0.42 0.23 0.20 0.16 0.21 0.21 -1 -1 -1 -1 -1
Evo 1.01 0.00 0.50 0.45 0.50 0.50 0.50 0.15 0.01 0.33 0.09 0.28 -1 0
Result 0 0.0 160 0.50 0.18 0.17 0.25 0.16 0.23 -1 -1 -1 -1 -1
Evo 1.02 0.00 0.50 0.46 0.50 0.50 0.50 0.13 0.02 0.28 0.06 0.19 -1 0
Result 0 0.0 51 0.47 0.15 0.29 0.21 0.17 0.17 -1 -1 -1 -1 -1
Evo 1.00 0.00 0.50 0.49 0.50 0.50 0.50 0.08 0.00 0.13 0.08 0.27 -1 0
Result 0 0.0 243 0.43 0.19 0.23 0.16 0.19 0.23 -1 -1 -1 -1 -1
Evo 1.02 0.00 0.50 0.49 0.50 0.50 0.50 0.08 0.01 0.13 0.06 0.21 -1 0
Result 0 0.0 41 0.49 0.21 0.17 0.24 0.24 0.14 -1 -1 -1 -1 -1
Evo 1.00 0.00 0.50 0.49 0.50 0.50 0.50 0.07 0.00 0.11 0.06 0.30 -1 0
Result 0 0.0 311 0.41 0.18 0.21 0.15 0.25 0.20 -1 -1 -1 -1 -1
Evo 1.00 0.00 0.50 0.48 0.50 0.50 0.50 0.09 0.01 0.16 0.07 0.28 -1 0
Result 0 0.0 239 0.42 0.21 0.23 0.16 0.22 0.18 -1 -1 -1 -1 -1
Evo 1.00 0.00 0.50 0.48 0.50 0.50 0.50 0.10 0.01 0.20 0.08 0.28 -1 0
Result 0 0.0 321 0.45 0.21 0.18 0.18 0.20 0.22 -1 -1 -1 -1 -1
Evo 1.00 0.00 0.50 0.48 0.50 0.50 0.50 0.11 0.01 0.21 0.08 0.30 -1 0
Result 0 0.0 231 0.42 0.20 0.19 0.16 0.25 0.21 -1 -1 -1 -1 -1
Evo 1.06 0.00 0.50 0.14 0.00 0.00 0.50 0.23 0.05 0.51 0.05 0.50 -1 0
Result 0 0.0 17 0.43 0.22 0.06 0.17 0.22 0.33 -1 -1 -1 -1 -1
Evo 1.03 0.00 0.50 0.10 0.00 0.00 0.00 0.21 0.04 0.47 0.06 0.52 -1 0
Result 0 0.0 33 0.41 0.35 0.26 0.15 0.15 0.09 -1 -1 -1 -1 -1
Evo 1.07 0.00 0.00 0.00 0.00 0.00 0.00 0.00 0.00 0.00 0.04 0.44 -1 0
Result 0 0.0 14 0.51 0.20 0.20 0.27 0.20 0.13 -1 -1 -1 -1 -1
Evo 1.01 0.00 0.50 0.40 0.50 0.50 0.50 0.20 0.02 0.25 0.16 0.50 -1 0
Result 0 0.0 129 0.42 0.19 0.20 0.15 0.15 0.31 -1 -1 -1 -1 -1
Evo 1.06 0.00 0.50 0.14 0.00 0.00 0.50 0.23 0.05 0.34 0.05 0.47 -1 0
Result 0 0.0 17 0.35 0.11 0.11 0.11 0.39 0.28 -1 -1 -1 -1 -1
Evo 1.03 0.00 0.50 0.28 0.00 0.50 0.50 0.25 0.04 0.47 0.05 0.52 -1 0
Result 0 0.0 33 0.44 0.26 0.18 0.18 0.12 0.26 -1 -1 -1 -1 -1
Evo 1.04 0.00 0.50 0.19 0.00 0.00 0.50 0.25 0.05 0.42 0.08 0.54 -1 0
Result 0 0.0 26 0.52 0.15 0.19 0.30 0.15 0.22 -1 -1 -1 -1 -1
Evo 1.00 0.00 0.50 0.34 0.00 0.50 0.50 0.23 0.01 0.52 0.26 0.56 -1 0
Result 0 0.0 244 0.42 0.20 0.20 0.16 0.20 0.24 -1 -1 -1 -1 -1
Evo 1.02 0.00 0.50 0.18 0.00 0.00 0.50 0.24 0.03 0.41 0.12 0.60 -1 0
Result 0 0.0 65 0.41 0.20 0.24 0.15 0.21 0.20 -1 -1 -1 -1 -1
Evo 1.02 0.00 0.50 0.22 0.00 0.00 0.50 0.25 0.04 0.47 0.08 0.55 -1 0
Result 0 0.0 47 0.41 0.35 0.23 0.15 0.17 0.10 -1 -1 -1 -1 -1
Evo 1.02 0.00 0.50 0.15 0.00 0.00 0.50 0.23 0.03 0.52 0.13 0.63 -1 0
Result 0 0.0 61 0.50 0.10 0.23 0.24 0.26 0.18 -1 -1 -1 -1 -1
Evo 1.02 0.00 0.50 0.17 0.00 0.00 0.50 0.24 0.03 0.53 0.09 0.63 -1 0
Result 0 0.0 57 0.47 0.28 0.16 0.21 0.17 0.19 -1 -1 -1 -1 -1
Evo 2.00 0.00 0.00 0.00 0.00 0.00 0.00 0.00 0.00 0.00 0.01 0.23 -1 0
Result 0 0.0 1 0.00 -1 -1 1.00 -1 -1 -1 -1 -1 -1 -1
Evo 1.04 0.00 0.50 0.12 0.00 0.00 0.00 0.22 0.04 0.30 0.06 0.54 -1 0
Result 0 0.0 24 0.46 0.04 0.20 0.20 0.28 0.28 -1 -1 -1 -1 -1
Evo 1.04 0.00 0.50 0.12 0.00 0.00 0.00 0.22 0.04 0.30 0.06 0.54 -1 0
Result 0 0.0 24 0.46 0.04 0.20 0.20 0.28 0.28 -1 -1 -1 -1 -1
Evo 1.03 0.00 0.50 0.13 0.00 0.00 0.00 0.22 0.03 0.50 0.09 0.49 -1 0
Result 0 0.0 39 0.44 0.28 0.10 0.18 0.23 0.23 -1 -1 -1 -1 -1
Evo 1.03 0.00 0.50 0.27 0.00 0.50 0.50 0.25 0.04 0.48 0.09 0.48 -1 0
Result 0 0.0 31 0.25 0.19 0.19 0.06 0.34 0.22 -1 -1 -1 -1 -1
Evo 1.04 0.00 0.50 0.25 0.00 0.00 0.50 0.26 0.05 0.50 0.07 0.52 -1 0
Result 0 0.0 23 0.47 0.17 0.17 0.21 0.21 0.25 -1 -1 -1 -1 -1
Evo 1.01 0.00 0.50 0.16 0.00 0.00 0.50 0.24 0.02 0.38 0.12 0.65 -1 0
Result 0 0.0 94 0.48 0.19 0.27 0.22 0.14 0.18 -1 -1 -1 -1 -1
Evo 1.00 0.00 0.50 0.32 0.00 0.50 0.50 0.24 0.02 0.53 0.28 0.62 -1 0
Result 0 0.0 240 0.43 0.19 0.24 0.17 0.20 0.20 -1 -1 -1 -1 -1
Evo 1.13 0.00 0.00 0.00 0.00 0.00 0.00 0.00 0.00 0.00 0.02 0.09 -1 0
Result 0 0.0 8 0.48 0.11 0.22 0.22 0.33 0.11 -1 -1 -1 -1 -1
Evo 1.17 0.00 0.00 0.00 0.00 0.00 0.00 0.00 0.00 0.00 0.01 0.09 -1 0
Result 0 0.0 6 0.40 0.14 0.14 -1 0.43 0.29 -1 -1 -1 -1 -1
Evo 1.50 0.00 0.00 0.00 0.00 0.00 0.00 0.00 0.00 0.00 0.01 0.08 -1 0
Result 0 0.0 2 0.39 0.33 -1 0.67 -1 -1 -1 -1 -1 -1 -1
Evo 1.09 0.00 0.00 0.00 0.00 0.00 0.00 0.00 0.00 0.00 0.02 0.11 -1 0
Result 0 0.0 11 0.30 0.33 0.08 0.08 0.25 0.25 -1 -1 -1 -1 -1
Evo 1.25 0.00 0.00 0.00 0.00 0.00 0.00 0.00 0.00 0.00 0.01 0.09 -1 0
Result 0 0.0 4 0.53 0.20 0.20 0.40 0.20 -1 -1 -1 -1 -1 -1
Evo 1.11 0.00 0.00 0.00 0.00 0.00 0.00 0.00 0.00 0.00 0.01 0.11 -1 0
Result 0 0.0 9 0.33 0.10 0.30 0.10 0.40 0.10 -1 -1 -1 -1 -1
Evo 1.20 0.00 0.00 0.00 0.00 0.00 0.00 0.00 0.00 0.00 0.01 0.12 -1 0
Result 0 0.0 5 0.43 0.17 0.17 0.17 0.17 0.33 -1 -1 -1 -1 -1
Evo 1.07 0.00 0.00 0.00 0.00 0.00 0.00 0.00 0.00 0.00 0.01 0.12 -1 0
Result 0 0.0 14 0.51 0.07 -1 0.27 0.27 0.40 -1 -1 -1 -1 -1
Evo 1.14 0.00 0.00 0.00 0.00 0.00 0.00 0.00 0.00 0.00 0.01 0.11 -1 0
Result 0 0.0 7 0.38 0.13 0.13 0.13 0.25 0.38 -1 -1 -1 -1 -1
Evo 2.00 0.00 0.00 0.00 0.00 0.00 0.00 0.00 0.00 0.00 0.01 0.06 -1 0
Result 0 0.0 1 0.50 -1 0.50 -1 -1 0.50 -1 -1 -1 -1 -1
Evo 1.11 0.00 0.00 0.00 0.00 0.00 0.00 0.00 0.00 0.00 0.02 0.10 -1 0
Result 0 0.0 9 0.52 0.20 0.10 0.30 0.40 -1 -1 -1 -1 -1 -1
Evo 1.50 0.00 0.00 0.00 0.00 0.00 0.00 0.00 0.00 0.00 0.01 0.07 -1 0
Result 0 0.0 2 0.53 -1 0.33 -1 0.33 0.33 -1 -1 -1 -1 -1
Evo 1.17 0.00 0.00 0.00 0.00 0.00 0.00 0.00 0.00 0.00 0.01 0.09 -1 0
Result 0 0.0 6 0.40 0.29 0.29 0.14 0.14 0.14 -1 -1 -1 -1 -1
Evo 1.20 0.00 0.00 0.00 0.00 0.00 0.00 0.00 0.00 0.00 0.01 0.11 -1 0
Result 0 0.0 5 0.53 0.33 0.17 0.33 0.17 -1 -1 -1 -1 -1 -1
Evo 2.00 0.00 0.00 0.00 0.00 0.00 0.00 0.00 0.00 0.00 0.01 0.07 -1 0
Result 0 0.0 1 0.50 -1 0.50 -1 -1 0.50 -1 -1 -1 -1 -1
Evo 1.33 0.00 0.00 0.00 0.00 0.00 0.00 0.00 0.00 0.00 0.01 0.08 -1 0
Result 0 0.0 3 0.50 -1 0.50 0.25 -1 0.25 -1 -1 -1 -1 -1
Evo 1.04 0.00 0.00 0.00 0.00 0.00 0.00 0.00 0.00 0.00 0.04 0.15 -1 0
Result 0 0.0 24 0.49 0.08 0.20 0.24 0.24 0.24 -1 -1 -1 -1 -1
Evo 2.00 0.00 0.00 0.00 0.00 0.00 0.00 0.00 0.00 0.00 0.01 0.07 -1 0
Result 0 0.0 1 0.50 -1 0.50 -1 -1 0.50 -1 -1 -1 -1 -1
Evo 1.14 0.00 0.00 0.00 0.00 0.00 0.00 0.00 0.00 0.00 0.01 0.09 -1 0
Result 0 0.0 7 0.38 0.50 0.13 0.13 -1 0.25 -1 -1 -1 -1 -1
Evo 1.11 0.00 0.00 0.00 0.00 0.00 0.00 0.00 0.00 0.00 0.01 0.11 -1 0
Result 0 0.0 9 0.46 0.20 0.30 0.20 0.20 0.10 -1 -1 -1 -1 -1
