Evo 1.00 0.00 1.00 0.13 0.00 0.00 0.00 0.34 0.01 0.05 1.00 1.00 28 -1
Result 1 198.0 630 0.46 0.18 0.22 0.20 0.20 0.20 -1 -1 -1 -1 -1
Evo 1.00 0.00 1.00 0.11 0.00 0.00 0.00 0.31 0.02 0.07 1.00 1.00 22 -1
Result 1 104.0 284 0.48 0.19 0.21 0.19 0.22 0.19 -1 -1 -1 -1 -1
Evo 1.00 0.00 1.00 0.13 0.00 0.00 0.00 0.33 0.02 0.05 1.00 1.00 40 -1
Result 1 108.0 315 0.48 0.17 0.24 0.16 0.22 0.20 -1 -1 -1 -1 -1
Evo 1.00 0.00 1.00 0.10 0.00 0.00 0.00 0.31 0.01 0.02 1.00 1.00 1 -1
Result 1 324.0 953 0.48 0.16 0.19 0.23 0.22 0.20 -1 -1 -1 -1 -1
Evo 1.00 0.00 1.00 0.06 0.00 0.00 0.00 0.24 0.01 0.05 1.00 1.00 25 -1
Result 1 162.0 466 0.46 0.15 0.21 0.21 0.19 0.23 -1 -1 -1 -1 -1
Evo 1.00 0.00 1.00 0.11 0.00 0.00 0.00 0.31 0.01 0.01 1.00 1.00 10 -1
Result 1 466.0 1443 0.48 0.16 0.21 0.21 0.21 0.20 -1 -1 -1 -1 -1
Evo 1.00 0.00 1.00 0.08 0.00 0.00 0.00 0.27 0.01 0.02 1.00 1.00 8 -1
Result 1 180.0 538 0.47 0.15 0.22 0.23 0.21 0.19 -1 -1 -1 -1 -1
Evo 1.00 0.00 1.00 0.08 0.00 0.00 0.00 0.28 0.02 0.05 1.00 1.00 11 -1
Result 1 86.0 263 0.45 0.23 0.23 0.18 0.18 0.17 -1 -1 -1 -1 -1
Evo 1.00 0.00 1.00 0.08 0.00 0.00 0.00 0.28 0.02 0.09 1.00 1.00 0 -1
Result 1 100.0 290 0.44 0.21 0.21 0.22 0.18 0.19 -1 -1 -1 -1 -1
Evo 1.00 0.00 1.00 0.10 0.00 0.00 0.00 0.30 0.01 0.01 1.00 1.00 20 -1
Result 1 254.0 734 0.46 0.15 0.22 0.22 0.20 0.21 -1 -1 -1 -1 -1
Evo 1.01 0.00 1.00 0.18 0.00 0.00 0.00 0.39 0.03 0.12 1.00 1.00 8 -1
Result 1 50.0 131 0.47 0.14 0.20 0.21 0.21 0.23 -1 -1 -1 -1 -1
Evo 1.00 0.00 1.00 0.11 0.00 0.00 0.00 0.31 0.01 0.02 1.00 1.00 19 -1
Result 1 304.0 928 0.47 0.19 0.19 0.22 0.21 0.20 -1 -1 -1 -1 -1
Evo 1.00 0.00 1.00 0.09 0.00 0.00 0.00 0.29 0.01 0.01 1.00 1.00 22 -1
Result 1 370.0 1152 0.49 0.16 0.21 0.21 0.23 0.19 -1 -1 -1 -1 -1
Evo 1.00 0.00 1.00 0.09 0.00 0.00 0.00 0.29 0.01 0.01 1.00 1.00 8 -1
Result 1 572.0 1753 0.47 0.18 0.19 0.20 0.21 0.22 -1 -1 -1 -1 -1
Evo 1.00 0.00 1.00 0.11 0.00 0.00 0.00 0.31 0.01 0.01 1.00 1.00 38 -1
Result 1 244.0 742 0.46 0.17 0.21 0.20 0.20 0.21 -1 -1 -1 -1 -1
Evo 1.00 0.00 1.00 0.12 0.00 0.00 0.00 0.32 0.01 0.02 1.00 1.00 16 -1
Result 1 344.0 1004 0.47 0.16 0.19 0.22 0.21 0.22 -1 -1 -1 -1 -1
Evo 1.00 0.00 1.00 0.09 0.00 0.00 0.00 0.29 0.01 0.01 1.00 1.00 25 1911
Result 0 663.0 2000 0.47 0.17 0.20 0.21 0.20 0.22 -1 -1 -1 -1 -1
Evo 1.00 0.50 1.00 0.54 0.50 0.50 0.50 0.14 0.00 0.03 1.00 1.00 22 -1
Result 1 416.0 1249 0.48 0.16 0.22 0.19 0.22 0.21 -1 -1 -1 -1 -1
Evo 1.00 0.50 1.00 0.55 0.50 0.50 0.50 0.14 0.00 0.01 1.00 1.00 6 -1
Result 1 460.0 1382 0.48 0.16 0.20 0.21 0.21 0.22 -1 -1 -1 -1 -1
Evo 1.01 0.50 1.00 0.55 0.50 0.50 0.50 0.16 0.01 0.09 1.00 1.00 7 -1
Result 1 52.0 129 0.47 0.10 0.22 0.25 0.21 0.22 -1 -1 -1 -1 -1
Evo 1.00 0.00 0.50 0.48 0.50 0.50 0.50 0.10 0.00 0.01 1.00 1.00 -1 1911
Result 0 772.0 2000 0.47 0.16 0.20 0.22 0.21 0.21 -1 -1 -1 -1 -1
Evo 1.00 0.00 0.50 0.48 0.50 0.50 0.50 0.10 0.00 0.01 1.00 1.00 -1 1911
Result 0 747.0 2000 0.47 0.16 0.21 0.21 0.21 0.21 -1 -1 -1 -1 -1
Evo 1.00 0.00 0.50 0.48 0.50 0.50 0.50 0.10 0.00 0.01 1.00 1.00 -1 1911
Result 0 773.0 2000 0.48 0.15 0.21 0.20 0.22 0.21 -1 -1 -1 -1 -1
Evo 1.00 0.00 0.50 0.48 0.50 0.50 0.50 0.10 0.00 0.01 1.00 1.00 -1 1911
Result 0 769.0 2000 0.48 0.16 0.20 0.21 0.21 0.22 -1 -1 -1 -1 -1
Evo 1.00 0.00 0.50 0.48 0.50 0.50 0.50 0.10 0.00 0.01 1.00 1.00 -1 1911
Result 0 756.0 2000 0.47 0.17 0.22 0.20 0.21 0.21 -1 -1 -1 -1 -1
Evo 1.00 0.00 0.50 0.48 0.50 0.50 0.50 0.10 0.00 0.01 1.00 1.00 -1 1911
Result 0 756.0 2000 0.47 0.17 0.21 0.21 0.21 0.20 -1 -1 -1 -1 -1
Evo 1.00 0.00 0.50 0.48 0.50 0.50 0.50 0.10 0.00 0.02 1.00 1.00 -1 1911
Result 0 771.0 2000 0.47 0.17 0.21 0.20 0.21 0.21 -1 -1 -1 -1 -1
Evo 1.00 0.00 0.50 0.48 0.50 0.50 0.50 0.10 0.00 0.01 1.00 1.00 -1 1911
Result 0 756.0 2000 0.48 0.16 0.21 0.20 0.21 0.20 -1 -1 -1 -1 -1
Evo 1.00 0.00 0.50 0.48 0.50 0.50 0.50 0.10 0.00 0.01 1.00 1.00 -1 1911
Result 0 752.0 2000 0.47 0.17 0.20 0.21 0.21 0.21 -1 -1 -1 -1 -1
Evo 1.00 0.00 0.50 0.48 0.50 0.50 0.50 0.10 0.00 0.03 1.00 1.00 -1 1911
Result 0 764.0 2000 0.46 0.17 0.20 0.21 0.20 0.21 -1 -1 -1 -1 -1
Evo 1.00 0.00 0.50 0.48 0.50 0.50 0.50 0.10 0.00 0.01 1.00 1.00 -1 1911
Result 0 747.0 2000 0.47 0.18 0.21 0.19 0.21 0.21 -1 -1 -1 -1 -1
Evo 1.00 0.00 0.50 0.48 0.50 0.50 0.50 0.10 0.00 0.01 1.00 1.00 -1 1911
Result 0 775.0 2000 0.46 0.16 0.21 0.21 0.20 0.22 -1 -1 -1 -1 -1
Evo 1.00 0.00 0.50 0.48 0.50 0.50 0.50 0.10 0.00 0.02 1.00 1.00 -1 1911
Result 0 758.0 2000 0.47 0.16 0.22 0.21 0.21 0.20 -1 -1 -1 -1 -1
Evo 1.00 0.00 0.50 0.48 0.50 0.50 0.50 0.10 0.00 0.02 1.00 1.00 -1 1911
Result 0 760.0 2000 0.47 0.15 0.21 0.21 0.21 0.22 -1 -1 -1 -1 -1
Evo 1.00 0.00 0.50 0.48 0.50 0.50 0.50 0.10 0.00 0.02 1.00 1.00 -1 1911
Result 0 764.0 2000 0.47 0.17 0.21 0.22 0.21 0.20 -1 -1 -1 -1 -1
Evo 1.00 0.00 0.50 0.48 0.50 0.50 0.50 0.10 0.00 0.01 1.00 1.00 -1 1911
Result 0 750.0 2000 0.47 0.17 0.21 0.21 0.20 0.21 -1 -1 -1 -1 -1
Evo 1.00 0.00 0.50 0.48 0.50 0.50 0.50 0.10 0.00 0.01 1.00 1.00 -1 1911
Result 0 758.0 2000 0.47 0.17 0.21 0.21 0.20 0.21 -1 -1 -1 -1 -1
Evo 1.00 0.00 0.50 0.48 0.50 0.50 0.50 0.10 0.00 0.01 1.00 1.00 -1 1911
Result 0 764.0 2000 0.47 0.16 0.20 0.21 0.20 0.22 -1 -1 -1 -1 -1
Evo 1.00 0.00 0.50 0.48 0.50 0.50 0.50 0.10 0.00 0.01 1.00 1.00 -1 1911
Result 0 749.0 2000 0.48 0.18 0.21 0.19 0.22 0.20 -1 -1 -1 -1 -1
Evo 1.00 0.00 0.50 0.48 0.50 0.50 0.50 0.10 0.00 0.01 1.00 1.00 -1 1911
Result 0 762.0 2000 0.47 0.17 0.21 0.21 0.21 0.21 -1 -1 -1 -1 -1
Evo 1.00 0.00 0.50 0.48 0.50 0.50 0.50 0.10 0.00 0.01 1.00 1.00 -1 1911
Result 0 612.0 2000 0.47 0.17 0.20 0.20 0.21 0.21 -1 -1 -1 -1 -1
Evo 1.00 0.50 1.00 0.50 0.50 0.50 0.50 0.04 0.00 0.01 1.00 1.00 552 -1
Result 1 574.0 1845 0.47 0.16 0.19 0.23 0.20 0.22 -1 -1 -1 -1 -1
Evo 1.00 0.00 1.00 0.48 0.50 0.50 0.50 0.11 0.00 0.01 1.00 1.00 986 1911
Result 0 601.0 2000 0.47 0.18 0.21 0.20 0.20 0.20 -1 -1 -1 -1 -1
Evo 1.00 0.00 0.50 0.48 0.50 0.50 0.50 0.10 0.00 0.02 1.00 1.00 -1 1911
Result 0 601.0 2000 0.47 0.17 0.21 0.20 0.21 0.21 -1 -1 -1 -1 -1
Evo 1.00 0.00 1.00 0.48 0.50 0.50 0.50 0.10 0.00 0.01 1.00 1.00 520 1911
Result 0 596.0 2000 0.46 0.17 0.21 0.22 0.19 0.21 -1 -1 -1 -1 -1
Evo 1.00 0.00 1.00 0.48 0.50 0.50 0.50 0.11 0.00 0.02 1.00 1.00 769 1911
Result 0 619.0 2000 0.47 0.17 0.19 0.22 0.21 0.22 -1 -1 -1 -1 -1
Evo 1.00 0.00 0.50 0.48 0.50 0.50 0.50 0.10 0.00 0.01 1.00 1.00 -1 1911
Result 0 595.0 2000 0.45 0.18 0.19 0.22 0.18 0.22 -1 -1 -1 -1 -1
Evo 1.00 0.00 1.00 0.48 0.50 0.50 0.50 0.10 0.00 0.01 1.00 1.00 320 1911
Result 0 602.0 2000 0.46 0.18 0.19 0.21 0.20 0.21 -1 -1 -1 -1 -1
Evo 1.00 0.00 0.50 0.48 0.50 0.50 0.50 0.10 0.00 0.02 1.00 1.00 -1 1911
Result 0 575.0 2000 0.46 0.18 0.21 0.20 0.20 0.21 -1 -1 -1 -1 -1
Evo 1.00 0.00 0.50 0.48 0.50 0.50 0.50 0.10 0.00 0.01 1.00 1.00 -1 1911
Result 0 604.0 2000 0.47 0.17 0.20 0.22 0.20 0.21 -1 -1 -1 -1 -1
Evo 1.00 0.00 0.50 0.48 0.50 0.50 0.50 0.10 0.00 0.01 1.00 1.00 -1 1911
Result 0 610.0 2000 0.48 0.17 0.21 0.21 0.22 0.20 -1 -1 -1 -1 -1
Evo 1.00 0.00 0.50 0.48 0.50 0.50 0.50 0.10 0.00 0.01 1.00 1.00 -1 1911
Result 0 599.0 2000 0.47 0.18 0.19 0.21 0.20 0.21 -1 -1 -1 -1 -1
Evo 1.00 0.00 0.50 0.48 0.50 0.50 0.50 0.10 0.00 0.02 1.00 1.00 -1 1911
Result 0 621.0 2000 0.47 0.16 0.20 0.21 0.21 0.22 -1 -1 -1 -1 -1
Evo 1.00 0.00 0.50 0.48 0.50 0.50 0.50 0.10 0.00 0.01 1.00 1.00 -1 1911
Result 0 603.0 2000 0.47 0.17 0.21 0.21 0.21 0.21 -1 -1 -1 -1 -1
Evo 1.00 0.00 1.00 0.48 0.50 0.50 0.50 0.11 0.00 0.02 1.00 1.00 340 1911
Result 0 589.0 2000 0.47 0.18 0.20 0.21 0.21 0.21 -1 -1 -1 -1 -1
Evo 1.00 0.00 0.50 0.48 0.50 0.50 0.50 0.10 0.00 0.02 1.00 1.00 -1 1911
Result 0 581.0 2000 0.46 0.18 0.21 0.20 0.19 0.21 -1 -1 -1 -1 -1
Evo 1.00 0.00 1.00 0.48 0.50 0.50 0.50 0.10 0.00 0.01 1.00 1.00 720 1911
Result 0 604.0 2000 0.48 0.17 0.19 0.21 0.21 0.21 -1 -1 -1 -1 -1
Evo 1.00 0.00 0.50 0.48 0.50 0.50 0.50 0.10 0.00 0.02 1.00 1.00 -1 1911
Result 0 609.0 2000 0.47 0.16 0.21 0.21 0.20 0.21 -1 -1 -1 -1 -1
Evo 1.00 0.00 1.00 0.48 0.50 0.50 0.50 0.10 0.00 0.02 1.00 1.00 1398 1911
Result 0 627.0 2000 0.46 0.17 0.19 0.23 0.19 0.22 -1 -1 -1 -1 -1
Evo 1.00 0.00 1.00 0.48 0.50 0.50 0.50 0.10 0.00 0.01 1.00 1.00 125 1911
Result 0 621.0 2000 0.46 0.17 0.21 0.20 0.20 0.22 -1 -1 -1 -1 -1
Evo 1.00 0.00 1.00 0.48 0.50 0.50 0.50 0.11 0.00 0.01 1.00 1.00 650 1911
Result 0 545.0 2000 0.46 0.17 0.20 0.22 0.19 0.22 -1 -1 -1 -1 -1
Evo 1.00 0.00 0.50 0.48 0.50 0.50 0.50 0.10 0.00 0.03 1.00 1.00 -1 1911
Result 0 543.0 2000 0.46 0.19 0.20 0.22 0.19 0.20 -1 -1 -1 -1 -1
Evo 1.00 0.00 1.00 0.48 0.50 0.50 0.50 0.10 0.00 0.01 1.00 1.00 1353 1911
Result 0 564.0 2000 0.45 0.18 0.22 0.22 0.18 0.20 -1 -1 -1 -1 -1
Evo 1.00 0.00 1.00 0.48 0.50 0.50 0.50 0.11 0.00 0.03 1.00 1.00 349 1911
Result 0 540.0 2000 0.47 0.16 0.21 0.23 0.20 0.20 -1 -1 -1 -1 -1
Evo 1.00 0.00 1.00 0.48 0.50 0.50 0.50 0.10 0.00 0.02 1.00 1.00 1357 1911
Result 0 561.0 2000 0.46 0.17 0.22 0.22 0.19 0.19 -1 -1 -1 -1 -1
Evo 1.00 0.00 1.00 0.48 0.50 0.50 0.50 0.11 0.00 0.02 1.00 1.00 199 1911
Result 0 553.0 2000 0.46 0.18 0.21 0.22 0.20 0.20 -1 -1 -1 -1 -1
Evo 1.00 0.00 1.00 0.48 0.50 0.50 0.50 0.11 0.00 0.02 1.00 1.00 848 1911
Result 0 542.0 2000 0.45 0.19 0.21 0.21 0.19 0.20 -1 -1 -1 -1 -1
Evo 1.00 0.00 1.00 0.48 0.50 0.50 0.50 0.10 0.00 0.01 1.00 1.00 989 1911
Result 0 561.0 2000 0.48 0.16 0.21 0.21 0.22 0.20 -1 -1 -1 -1 -1
Evo 1.00 0.00 1.00 0.48 0.50 0.50 0.50 0.11 0.00 0.01 1.00 1.00 60 1911
Result 0 561.0 2000 0.46 0.17 0.22 0.22 0.19 0.19 -1 -1 -1 -1 -1
Evo 1.00 0.00 1.00 0.48 0.50 0.50 0.50 0.11 0.00 0.02 1.00 1.00 816 1911
Result 0 551.0 2000 0.46 0.18 0.21 0.22 0.19 0.19 -1 -1 -1 -1 -1
Evo 1.00 0.00 1.00 0.48 0.50 0.50 0.50 0.11 0.00 0.02 1.00 1.00 678 1911
Result 0 542.0 2000 0.48 0.17 0.20 0.20 0.22 0.21 -1 -1 -1 -1 -1
Evo 1.00 0.00 1.00 0.48 0.50 0.50 0.50 0.10 0.00 0.01 1.00 1.00 1671 1911
Result 0 551.0 2000 0.44 0.17 0.23 0.22 0.18 0.20 -1 -1 -1 -1 -1
Evo 1.00 0.00 1.00 0.48 0.50 0.50 0.50 0.10 0.00 0.01 1.00 1.00 315 1911
Result 0 561.0 2000 0.46 0.17 0.22 0.21 0.19 0.20 -1 -1 -1 -1 -1
Evo 1.00 0.00 0.50 0.48 0.50 0.50 0.50 0.10 0.00 0.01 1.00 1.00 -1 1911
Result 0 550.0 2000 0.47 0.18 0.22 0.22 0.20 0.19 -1 -1 -1 -1 -1
Evo 1.00 0.00 0.50 0.48 0.50 0.50 0.50 0.10 0.00 0.02 1.00 1.00 -1 1911
Result 0 526.0 2000 0.44 0.18 0.23 0.21 0.18 0.20 -1 -1 -1 -1 -1
Evo 1.00 0.00 1.00 0.48 0.50 0.50 0.50 0.10 0.00 0.03 1.00 1.00 1442 1911
Result 0 518.0 2000 0.46 0.19 0.20 0.22 0.19 0.20 -1 -1 -1 -1 -1
Evo 1.00 0.00 1.00 0.48 0.50 0.50 0.50 0.10 0.00 0.02 1.00 1.00 1695 1911
Result 0 564.0 2000 0.46 0.17 0.21 0.22 0.20 0.20 -1 -1 -1 -1 -1
Evo 1.00 0.00 1.00 0.48 0.50 0.50 0.50 0.10 0.00 0.01 1.00 1.00 1755 1911
Result 0 561.0 2000 0.47 0.18 0.22 0.20 0.21 0.19 -1 -1 -1 -1 -1
Evo 1.00 0.00 1.00 0.48 0.50 0.50 0.50 0.11 0.00 0.02 1.00 1.00 122 1911
Result 0 552.0 2000 0.47 0.16 0.23 0.21 0.20 0.20 -1 -1 -1 -1 -1
Evo 1.00 0.00 1.00 0.48 0.50 0.50 0.50 0.10 0.00 0.01 1.00 1.00 688 1911
Result 0 542.0 2000 0.45 0.18 0.22 0.22 0.19 0.19 -1 -1 -1 -1 -1
Evo 1.00 0.50 1.00 0.97 1.00 1.00 1.00 0.11 0.01 0.03 1.00 1.00 0 -1
Result 1 60.0 322 0.45 0.18 0.17 0.24 0.19 0.22 -1 -1 -1 -1 -1
Evo 1.01 0.50 1.00 0.98 1.00 1.00 1.00 0.09 0.01 0.16 1.00 1.00 0 -1
Result 1 18.0 90 0.39 0.14 0.26 0.23 0.13 0.23 -1 -1 -1 -1 -1
Evo 1.02 1.00 1.00 1.00 1.00 1.00 1.00 0.00 0.00 0.00 1.00 1.00 0 -1
Result 1 10.0 43 0.42 0.14 0.18 0.36 0.16 0.16 -1 -1 -1 -1 -1
Evo 1.00 0.50 1.00 0.99 1.00 1.00 1.00 0.09 0.01 0.03 1.00 1.00 0 -1
Result 1 49.0 235 0.43 0.20 0.28 0.14 0.17 0.22 -1 -1 -1 -1 -1
Evo 1.02 0.50 1.00 0.96 1.00 1.00 1.00 0.14 0.02 0.10 1.00 1.00 0 -1
Result 1 14.0 59 0.36 0.22 0.20 0.20 0.12 0.27 -1 -1 -1 -1 -1
Evo 1.01 0.50 1.00 0.99 1.00 1.00 1.00 0.08 0.01 0.08 1.00 1.00 0 -1
Result 1 17.0 81 0.45 0.22 0.23 0.18 0.18 0.18 -1 -1 -1 -1 -1
Evo 1.01 0.50 1.00 0.98 1.00 1.00 1.00 0.11 0.01 0.06 1.00 1.00 0 -1
Result 1 26.0 119 0.45 0.20 0.21 0.20 0.18 0.21 -1 -1 -1 -1 -1
Evo 1.01 0.50 1.00 0.98 1.00 1.00 1.00 0.11 0.01 0.08 1.00 1.00 0 -1
Result 1 18.0 79 0.48 0.15 0.16 0.20 0.23 0.26 -1 -1 -1 -1 -1
Evo 1.06 1.00 1.00 1.00 1.00 1.00 1.00 0.00 0.00 0.00 0.75 1.00 0 -1
Result 1 5.0 16 0.44 0.24 0.24 0.12 0.18 0.24 -1 -1 -1 -1 -1
Evo 1.05 1.00 1.00 1.00 1.00 1.00 1.00 0.00 0.00 0.00 0.88 1.00 0 -1
Result 1 6.0 22 0.53 0.13 0.13 0.04 0.39 0.30 -1 -1 -1 -1 -1
Evo 1.04 0.50 1.00 0.98 1.00 1.00 1.00 0.10 0.02 0.18 0.88 1.00 0 -1
Result 1 7.0 26 0.48 0.30 0.22 0.11 0.22 0.15 -1 -1 -1 -1 -1
Evo 1.06 0.50 1.00 0.97 1.00 1.00 1.00 0.12 0.03 0.24 0.75 1.00 0 -1
Result 1 5.0 16 0.49 0.18 0.24 0.18 0.24 0.18 -1 -1 -1 -1 -1
Evo 1.01 0.50 1.00 0.99 1.00 1.00 1.00 0.07 0.01 0.07 0.88 1.00 0 -1
Result 1 18.0 99 0.45 0.18 0.17 0.29 0.18 0.18 -1 -1 -1 -1 -1
Evo 1.01 0.50 1.00 0.97 1.00 1.00 1.00 0.11 0.01 0.08 1.00 1.00 0 -1
Result 1 20.0 72 0.44 0.23 0.23 0.18 0.18 0.18 -1 -1 -1 -1 -1
Evo 1.01 0.50 1.00 0.97 1.00 1.00 1.00 0.12 0.01 0.13 1.00 1.00 0 -1
Result 1 18.0 79 0.48 0.21 0.16 0.23 0.23 0.18 -1 -1 -1 -1 -1
Evo 1.06 0.50 1.00 0.97 1.00 1.00 1.00 0.12 0.03 0.23 0.88 1.00 1 -1
Result 1 5.0 17 0.35 0.11 0.39 0.11 0.11 0.28 -1 -1 -1 -1 -1
Evo 1.07 1.00 1.00 1.00 1.00 1.00 1.00 0.00 0.00 0.00 0.75 1.00 0 -1
Result 1 4.0 14 0.51 0.27 0.13 0.07 0.27 0.27 -1 -1 -1 -1 -1
Evo 1.03 1.00 1.00 1.00 1.00 1.00 1.00 0.00 0.00 0.00 0.88 1.00 0 -1
Result 1 9.0 31 0.50 0.19 0.16 0.16 0.25 0.25 -1 -1 -1 -1 -1
Evo 1.02 0.50 1.00 0.98 1.00 1.00 1.00 0.10 0.02 0.12 1.00 1.00 0 -1
Result 1 10.0 45 0.49 0.24 0.11 0.17 0.24 0.24 -1 -1 -1 -1 -1
Evo 1.03 1.00 1.00 1.00 1.00 1.00 1.00 0.00 0.00 0.00 0.88 1.00 0 -1
Result 1 8.0 29 0.49 0.20 0.13 0.10 0.23 0.33 -1 -1 -1 -1 -1
