Evo 1.00 0.00 1.00 0.98 1.00 1.00 1.00 0.13 0.00 0.10 0.01 0.30 0 1844
Result 0 0.0 2000 0.00 -1 1.00 -1 -1 -1 -1 -1 -1 -1 -1
Evo 1.00 0.00 1.00 0.99 1.00 1.00 1.00 0.09 0.00 0.06 0.10 0.30 0 1844
Result 0 0.0 2000 0.05 -1 0.96 -1 -1 0.04 -1 -1 -1 -1 -1
Evo 1.00 0.00 1.00 0.97 1.00 1.00 1.00 0.17 0.00 0.16 0.01 0.30 0 1844
Result 0 0.0 2000 0.00 -1 -1 -1 1.00 -1 -1 -1 -1 -1 -1
Evo 1.00 0.00 1.00 0.98 1.00 1.00 1.00 0.14 0.00 0.11 0.02 0.30 0 1844
Result 0 0.0 2000 0.13 0.98 -1 0.00 0.02 -1 -1 -1 -1 -1 -1
Evo 1.00 0.00 1.00 0.99 1.00 1.00 1.00 0.11 0.00 0.08 0.01 0.30 0 1844
Result 0 0.0 2000 0.00 -1 1.00 -1 -1 -1 -1 -1 -1 -1 -1
Evo 1.00 0.00 1.00 0.97 1.00 1.00 1.00 0.16 0.00 0.14 0.01 0.30 0 1844
Result 0 0.0 2000 0.00 1.00 -1 -1 -1 -1 -1 -1 -1 -1 -1
Evo 1.01 1.00 1.00 1.00 1.00 1.00 1.00 0.00 0.00 0.00 0.15 0.30 0 1844
Result 1 5.0 1999 0.07 -1 -1 0.00 0.01 0.99 -1 -1 -1 -1 -1
Evo 1.01 0.00 1.00 0.99 1.00 1.00 1.00 0.10 0.00 0.07 0.10 0.30 0 1894
Result 0 0.0 2000 0.17 0.04 -1 -1 -1 0.96 -1 -1 -1 -1 -1
Evo 1.00 0.00 1.00 0.99 1.00 1.00 1.00 0.08 0.00 0.05 0.10 0.30 0 1844
Result 0 0.0 2000 0.00 -1 -1 -1 -1 1.00 -1 -1 -1 -1 -1
Evo 1.00 0.00 1.00 0.99 1.00 1.00 1.00 0.10 0.00 0.07 0.10 0.30 0 1845
Result 0 0.0 2000 0.00 -1 -1 -1 -1 1.00 -1 -1 -1 -1 -1
Evo 1.00 1.00 1.00 1.00 1.00 1.00 1.00 0.00 0.00 0.00 0.15 0.30 0 1844
Result 1 5.0 1971 0.08 -1 -1 0.00 0.01 0.99 -1 -1 -1 -1 -1
Evo 1.00 0.00 1.00 0.98 1.00 1.00 1.00 0.14 0.00 0.11 0.01 0.30 0 1844
Result 0 0.0 2000 0.00 -1 -1 -1 1.00 -1 -1 -1 -1 -1 -1
Evo 1.00 0.00 1.00 0.97 1.00 1.00 1.00 0.16 0.00 0.14 0.01 0.30 0 1844
Result 0 0.0 2000 0.00 -1 -1 -1 1.00 -1 -1 -1 -1 -1 -1
Evo 1.01 0.00 1.00 0.97 1.00 1.00 1.00 0.18 0.00 0.16 0.10 0.30 0 1844
Result 0 0.0 2000 0.17 0.04 -1 -1 -1 0.96 -1 -1 -1 -1 -1
Evo 1.00 0.00 1.00 0.99 1.00 1.00 1.00 0.11 0.00 0.08 0.08 0.30 0 1844
Result 0 1.0 2000 0.06 -1 -1 0.99 0.01 -1 -1 -1 -1 -1 -1
Evo 1.00 0.00 1.00 0.98 1.00 1.00 1.00 0.15 0.00 0.13 0.10 0.30 0 1878
Result 0 0.0 2000 0.11 0.02 -1 -1 -1 0.98 -1 -1 -1 -1 -1
Evo 1.00 0.00 1.00 0.98 1.00 1.00 1.00 0.14 0.00 0.11 0.01 0.30 0 1844
Result 0 0.0 2000 0.00 1.00 -1 -1 -1 -1 -1 -1 -1 -1 -1
Evo 1.00 0.00 1.00 0.99 1.00 1.00 1.00 0.08 0.00 0.05 0.10 0.30 0 1845
Result 0 0.0 2000 0.00 -1 -1 -1 -1 1.00 -1 -1 -1 -1 -1
Evo 1.00 0.00 1.00 0.98 1.00 1.00 1.00 0.15 0.00 0.12 0.01 0.30 0 1844
Result 0 0.0 2000 0.00 -1 -1 -1 1.00 -1 -1 -1 -1 -1 -1
Evo 1.00 0.00 1.00 0.96 1.00 1.00 1.00 0.21 0.00 0.20 0.01 0.30 0 1844
Result 0 0.0 2000 0.00 1.00 -1 -1 -1 -1 -1 -1 -1 -1 -1
Evo 1.00 0.00 1.00 0.93 1.00 1.00 1.00 0.22 0.00 0.29 0.00 0.19 163 1844
Result 0 0.0 2000 0.08 0.06 0.94 -1 -1 -1 -1 -1 -1 -1 -1
Evo 1.00 0.00 0.50 0.46 0.50 0.50 0.50 0.13 0.00 0.11 0.01 0.14 -1 1844
Result 0 0.0 2000 0.00 -1 -1 1.00 -1 -1 -1 -1 -1 -1 -1
Evo 1.00 0.00 1.00 0.90 1.00 1.00 1.00 0.22 0.00 0.44 0.03 0.18 354 1844
Result 0 1.0 2000 0.46 0.01 0.04 0.75 0.20 -1 -1 -1 -1 -1 -1
Evo 1.00 0.00 1.00 0.98 1.00 1.00 1.00 0.14 0.00 0.01 0.01 0.21 1 1844
Result 0 0.0 2000 0.01 0.96 0.01 0.02 0.00 -1 -1 -1 -1 -1 -1
Evo 1.00 0.00 0.50 0.46 0.50 0.50 0.50 0.13 0.00 0.11 0.00 0.13 -1 1844
Result 0 0.0 2000 0.00 -1 -1 -1 1.00 -1 -1 -1 -1 -1 -1
Evo 1.00 0.00 1.00 0.91 1.00 1.00 1.00 0.22 0.00 0.39 0.00 0.22 270 1844
Result 0 0.0 2000 0.00 1.00 -1 -1 -1 -1 -1 -1 -1 -1 -1
Evo 1.00 0.00 1.00 0.98 1.00 1.00 1.00 0.15 0.00 0.01 0.01 0.16 1 1844
Result 0 0.0 2000 0.01 -1 -1 1.00 0.00 -1 -1 -1 -1 -1 -1
Evo 1.00 0.00 1.00 0.93 1.00 1.00 1.00 0.21 0.00 0.32 0.01 0.19 185 1844
Result 0 0.0 2000 0.01 -1 0.00 1.00 -1 -1 -1 -1 -1 -1 -1
Evo 1.00 0.00 1.00 0.93 1.00 1.00 1.00 0.26 0.01 0.01 0.05 0.22 1 1844
Result 0 0.0 2000 0.01 -1 1.00 -1 0.00 0.00 -1 -1 -1 -1 -1
Evo 1.00 0.00 1.00 0.98 1.00 1.00 1.00 0.13 0.00 0.10 0.00 0.24 0 1844
Result 0 0.0 2000 0.15 0.02 0.95 -1 0.03 -1 -1 -1 -1 -1 -1
Evo 1.02 0.00 1.00 1.00 1.00 1.00 1.00 0.03 0.00 0.01 0.09 0.12 1 1844
Result 1 2.0 1986 0.02 0.00 -1 0.01 0.98 0.01 -1 -1 -1 -1 -1
Evo 1.00 0.00 0.50 0.46 0.50 0.50 0.50 0.13 0.00 0.11 0.00 0.16 -1 1844
Result 0 0.0 2000 0.00 -1 1.00 -1 -1 -1 -1 -1 -1 -1 -1
Evo 1.01 0.00 1.00 0.97 1.00 1.00 1.00 0.18 0.00 0.17 0.00 0.20 0 1844
Result 0 0.0 2000 0.01 1.00 0.00 -1 0.00 -1 -1 -1 -1 -1 -1
Evo 1.00 0.00 1.00 0.98 1.00 1.00 1.00 0.12 0.00 0.09 0.00 0.16 0 1844
Result 0 0.0 2000 0.06 0.04 0.96 -1 -1 -1 -1 -1 -1 -1 -1
Evo 1.00 0.00 1.00 0.95 1.00 1.00 1.00 0.20 0.00 0.13 0.00 0.19 46 1844
Result 0 0.0 2000 0.00 -1 -1 -1 1.00 -1 -1 -1 -1 -1 -1
Evo 1.00 0.00 1.00 0.98 1.00 1.00 1.00 0.13 0.00 0.11 0.00 0.18 0 1844
Result 0 0.0 2000 0.00 1.00 -1 -1 -1 -1 -1 -1 -1 -1 -1
Evo 1.00 0.00 1.00 0.92 1.00 1.00 1.00 0.24 0.01 0.26 0.01 0.16 133 1844
Result 0 0.0 2000 0.00 -1 -1 1.00 -1 -1 -1 -1 -1 -1 -1
Evo 1.00 0.00 0.50 0.46 0.50 0.50 0.50 0.13 0.00 0.11 0.00 0.17 -1 1844
Result 0 0.0 2000 0.00 1.00 -1 -1 -1 -1 -1 -1 -1 -1 -1
Evo 1.00 0.00 0.50 0.46 0.50 0.50 0.50 0.13 0.00 0.11 0.00 0.16 -1 1844
Result 0 0.0 2000 0.00 -1 1.00 -1 -1 -1 -1 -1 -1 -1 -1
Evo 1.00 0.00 0.50 0.46 0.50 0.50 0.50 0.13 0.00 0.11 0.01 0.16 -1 1844
Result 0 0.0 2000 0.00 -1 -1 1.00 -1 -1 -1 -1 -1 -1 -1
Evo 1.00 0.00 1.00 0.97 1.00 1.00 1.00 0.17 0.00 0.09 0.00 0.15 27 1844
Result 0 0.0 2000 0.19 0.96 -1 -1 0.04 -1 -1 -1 -1 -1 -1
Evo 1.00 0.00 1.00 0.92 1.00 1.00 1.00 0.24 0.01 0.26 0.00 0.15 132 1844
Result 0 0.0 2000 0.00 -1 -1 -1 1.00 -1 -1 -1 -1 -1 -1
Evo 1.00 0.00 0.50 0.46 0.50 0.50 0.50 0.13 0.00 0.11 0.01 0.11 -1 1844
Result 0 0.0 2000 0.00 -1 -1 1.00 -1 -1 -1 -1 -1 -1 -1
Evo 1.00 0.00 0.50 0.46 0.50 0.50 0.50 0.13 0.00 0.11 0.00 0.18 -1 1844
Result 0 0.0 2000 0.00 -1 1.00 -1 -1 -1 -1 -1 -1 -1 -1
Evo 1.00 0.00 1.00 0.98 1.00 1.00 1.00 0.13 0.00 0.01 0.00 0.15 1 1844
Result 0 0.0 2000 0.00 -1 1.00 -1 -1 -1 -1 -1 -1 -1 -1
Evo 1.00 0.00 1.00 0.94 1.00 1.00 1.00 0.24 0.01 0.07 0.00 0.15 10 1844
Result 0 0.0 2000 0.00 1.00 -1 -1 -1 -1 -1 -1 -1 -1 -1
Evo 1.00 0.00 1.00 0.94 1.00 1.00 1.00 0.23 0.01 0.16 0.00 0.13 59 1844
Result 0 0.0 2000 0.00 -1 -1 -1 1.00 -1 -1 -1 -1 -1 -1
Evo 1.00 0.00 1.00 0.98 1.00 1.00 1.00 0.15 0.00 0.01 0.01 0.16 1 1844
Result 0 0.0 2000 0.11 0.03 0.02 0.95 -1 -1 -1 -1 -1 -1 -1
Evo 1.00 0.00 0.50 0.46 0.50 0.50 0.50 0.13 0.00 0.51 0.09 0.25 -1 1844
Result 0 0.0 2000 0.00 -1 -1 -1 -1 1.00 -1 -1 -1 -1 -1
Evo 1.00 0.00 1.00 0.98 1.00 1.00 1.00 0.14 0.00 0.01 0.00 0.19 3 1844
Result 0 0.0 2000 0.00 1.00 -1 -1 -1 -1 -1 -1 -1 -1 -1
Evo 1.00 0.00 1.00 0.96 1.00 1.00 1.00 0.20 0.00 0.20 0.09 0.19 0 1844
Result 0 0.0 2000 0.20 0.96 -1 -1 -1 0.04 -1 -1 -1 -1 -1
Evo 1.00 0.00 1.00 0.46 0.50 0.50 0.50 0.14 0.00 0.49 0.09 0.21 1 1844
Result 0 0.0 2000 0.49 -1 0.51 0.00 -1 0.49 -1 -1 -1 -1 -1
Evo 1.00 0.00 0.50 0.46 0.50 0.50 0.50 0.13 0.00 0.11 0.04 0.13 -1 1844
Result 0 0.0 2000 0.01 0.99 -1 -1 -1 0.01 -1 -1 -1 -1 -1
Evo 1.00 0.00 0.50 0.46 0.50 0.50 0.50 0.13 0.00 0.11 0.01 0.12 -1 1844
Result 0 0.0 2000 0.00 -1 -1 1.00 -1 -1 -1 -1 -1 -1 -1
Evo 1.00 0.00 0.50 0.46 0.50 0.50 0.50 0.13 0.00 0.11 0.01 0.11 -1 1844
Result 0 0.0 2000 0.00 -1 -1 1.00 -1 -1 -1 -1 -1 -1 -1
Evo 1.00 0.00 1.00 0.94 1.00 1.00 1.00 0.19 0.00 0.27 0.03 0.12 139 1844
Result 0 1.0 2000 0.21 -1 -1 0.95 0.05 -1 -1 -1 -1 -1 -1
Evo 1.00 0.00 1.00 0.94 1.00 1.00 1.00 0.23 0.01 0.08 0.01 0.15 27 1844
Result 0 0.0 2000 0.00 1.00 -1 0.00 -1 -1 -1 -1 -1 -1 -1
Evo 1.00 0.00 0.50 0.46 0.50 0.50 0.50 0.13 0.00 0.11 0.01 0.12 -1 1844
Result 0 0.0 2000 0.00 -1 -1 1.00 -1 -1 -1 -1 -1 -1 -1
Evo 1.00 0.50 1.00 0.88 1.00 1.00 1.00 0.21 0.00 0.49 0.07 0.15 464 1844
Result 1 2.0 1926 0.10 -1 -1 0.98 0.02 0.01 -1 -1 -1 -1 -1
Evo 1.00 0.00 1.00 0.94 1.00 1.00 1.00 0.23 0.01 0.23 0.01 0.14 0 1844
Result 0 0.0 2000 0.00 -1 1.00 0.00 -1 -1 -1 -1 -1 -1 -1
Evo 1.02 0.00 1.00 0.50 0.50 0.50 0.50 0.05 0.00 0.02 0.07 0.26 901 0
Result 0 1.0 1015 0.01 0.03 0.03 0.01 0.00 0.93 -1 -1 -1 -1 -1
Evo 3.06 0.50 0.50 0.50 0.50 0.50 0.50 0.00 0.00 0.00 0.01 0.25 -1 0
Result 0 0.0 47 0.03 0.98 -1 0.02 -1 -1 -1 -1 -1 -1 -1
Evo 1.00 0.00 0.50 0.46 0.50 0.50 0.50 0.13 0.00 0.11 0.14 0.25 -1 0
Result 0 2.0 2000 0.05 -1 0.01 -1 -1 0.99 -1 -1 -1 -1 -1
Evo 1.00 0.00 0.50 0.46 0.50 0.50 0.50 0.13 0.00 0.11 0.14 0.25 -1 0
Result 0 2.0 2000 0.08 -1 0.01 -1 -1 0.99 -1 -1 -1 -1 -1
Evo 1.03 0.50 0.50 0.50 0.50 0.50 0.50 0.00 0.00 0.00 0.02 0.25 -1 0
Result 0 0.0 95 0.00 -1 -1 -1 1.00 -1 -1 -1 -1 -1 -1
Evo 1.39 0.00 0.50 0.50 0.50 0.50 0.50 0.02 0.00 0.22 0.21 0.25 -1 0
Result 0 4.0 415 0.17 0.08 0.33 0.13 0.04 0.41 -1 -1 -1 -1 -1
Evo 1.02 0.00 0.50 0.49 0.50 0.50 0.50 0.07 0.01 0.41 0.01 0.25 -1 0
Result 0 0.0 47 0.34 0.10 -1 0.90 -1 -1 -1 -1 -1 -1 -1
Evo 1.10 0.00 0.50 0.38 0.50 0.50 0.50 0.21 0.01 0.17 0.14 0.25 -1 0
Result 0 2.0 231 0.50 0.06 0.25 -1 -1 0.69 -1 -1 -1 -1 -1
Evo 1.02 0.50 1.00 0.51 0.50 0.50 0.50 0.07 0.01 0.03 0.01 0.26 37 0
Result 0 0.0 47 0.00 -1 -1 1.00 -1 -1 -1 -1 -1 -1 -1
Evo 1.00 0.00 0.50 0.46 0.50 0.50 0.50 0.13 0.00 0.01 0.14 0.25 -1 0
Result 0 2.0 2000 0.07 0.01 0.01 -1 -1 0.98 -1 -1 -1 -1 -1
Evo 1.06 0.00 1.00 0.88 1.00 1.00 1.00 0.25 0.01 0.39 0.14 0.26 243 0
Result 0 2.0 2000 0.39 0.72 0.09 0.02 0.13 0.04 -1 -1 -1 -1 -1
Evo 1.06 0.50 0.50 0.50 0.50 0.50 0.50 0.00 0.00 0.12 0.01 0.25 -1 0
Result 0 0.0 47 0.00 -1 -1 1.00 -1 -1 -1 -1 -1 -1 -1
Evo 1.01 0.50 0.50 0.50 0.50 0.50 0.50 0.00 0.00 0.11 0.14 0.25 -1 0
Result 0 2.0 215 0.31 0.63 0.09 0.20 -1 0.08 -1 -1 -1 -1 -1
Evo 1.51 0.00 0.50 0.50 0.50 0.50 0.50 0.05 0.00 0.35 0.15 0.25 -1 0
Result 0 3.0 568 0.47 0.03 0.11 0.17 0.21 0.49 -1 -1 -1 -1 -1
Evo 1.01 0.00 0.50 0.45 0.50 0.50 0.50 0.15 0.01 0.26 0.07 0.25 -1 0
Result 0 1.0 103 0.51 0.53 0.46 0.01 -1 -1 -1 -1 -1 -1 -1
Evo 1.16 0.00 0.50 0.49 0.50 0.50 0.50 0.06 0.00 0.49 0.07 0.25 -1 0
Result 0 1.0 143 0.49 0.03 0.52 0.43 -1 0.01 -1 -1 -1 -1 -1
Evo 1.38 0.00 0.50 0.48 0.50 0.50 0.50 0.09 0.01 0.48 0.07 0.25 -1 0
Result 0 1.0 64 0.35 0.17 0.65 0.03 0.11 0.05 -1 -1 -1 -1 -1
Evo 1.19 0.00 0.50 0.48 0.50 0.50 0.50 0.11 0.01 0.49 0.14 0.26 -1 0
Result 0 2.0 231 0.52 0.27 0.31 0.01 -1 0.41 -1 -1 -1 -1 -1
Evo 2.46 0.50 0.50 0.50 0.50 0.50 0.50 0.00 0.00 0.00 0.10 0.25 -1 0
Result 0 2.0 183 0.04 0.67 0.31 -1 0.01 0.02 -1 -1 -1 -1 -1
Evo 3.65 0.00 0.50 0.30 0.00 0.50 0.50 0.25 0.02 0.26 0.15 0.25 -1 0
Result 0 3.0 191 0.38 0.07 0.20 0.27 0.13 0.33 -1 -1 -1 -1 -1
Evo 1.00 0.00 1.00 1.00 1.00 1.00 1.00 0.02 0.00 0.01 0.06 0.14 0 0
Result 0 0.0 2000 0.03 -1 0.00 1.00 -1 -1 -1 -1 -1 -1 -1
Evo 1.06 1.00 1.00 1.00 1.00 1.00 1.00 0.00 0.00 0.00 0.06 0.16 0 0
Result 1 1.0 191 0.53 0.01 -1 0.60 0.40 -1 -1 -1 -1 -1 -1
Evo 1.02 1.00 1.00 1.00 1.00 1.00 1.00 0.00 0.00 0.00 0.06 0.14 0 0
Result 1 1.0 1999 0.01 -1 -1 1.00 0.00 -1 -1 -1 -1 -1 -1
Evo 1.02 1.00 1.00 1.00 1.00 1.00 1.00 0.00 0.00 0.00 0.00 0.18 0 0
Result 0 0.0 151 0.00 -1 -1 -1 -1 1.00 -1 -1 -1 -1 -1
Evo 1.01 0.00 1.00 0.94 1.00 1.00 1.00 0.24 0.02 0.25 0.03 0.19 0 0
Result 0 3.0 143 0.27 -1 0.78 -1 -1 0.22 -1 -1 -1 -1 -1
Evo 1.95 1.00 1.00 1.00 1.00 1.00 1.00 0.00 0.00 0.00 0.06 0.14 0 0
Result 0 0.0 215 0.45 0.27 0.00 0.52 0.18 0.03 -1 -1 -1 -1 -1
Evo 1.04 0.50 1.00 0.99 1.00 1.00 1.00 0.07 0.01 0.07 0.06 0.12 0 0
Result 1 1.0 191 0.04 0.47 -1 0.53 0.01 -1 -1 -1 -1 -1 -1
Evo 1.01 1.00 1.00 1.00 1.00 1.00 1.00 0.00 0.00 0.00 0.00 0.14 0 0
Result 0 0.0 151 0.00 -1 -1 -1 -1 1.00 -1 -1 -1 -1 -1
Evo 1.60 1.00 1.00 1.00 1.00 1.00 1.00 0.00 0.00 0.00 0.06 0.14 0 0
Result 1 1.0 190 0.50 -1 -1 0.50 0.50 -1 -1 -1 -1 -1 -1
Evo 1.01 1.00 1.00 1.00 1.00 1.00 1.00 0.00 0.00 0.00 0.06 0.16 0 0
Result 1 1.0 186 0.51 -1 -1 0.51 0.49 -1 -1 -1 -1 -1 -1
Evo 1.05 1.00 1.00 1.00 1.00 1.00 1.00 0.00 0.00 0.00 0.06 0.14 0 0
Result 0 0.0 191 0.53 -1 0.01 0.62 0.38 -1 -1 -1 -1 -1 -1
Evo 1.03 1.00 1.00 1.00 1.00 1.00 1.00 0.00 0.00 0.00 0.06 0.13 0 0
Result 1 1.0 1998 0.01 -1 -1 1.00 0.00 -1 -1 -1 -1 -1 -1
Evo 2.01 1.00 1.00 1.00 1.00 1.00 1.00 0.00 0.00 0.00 0.00 0.14 0 0
Result 0 0.0 103 0.31 0.91 -1 -1 -1 0.09 -1 -1 -1 -1 -1
Evo 1.04 1.00 1.00 1.00 1.00 1.00 1.00 0.00 0.00 0.00 0.06 0.18 0 0
Result 1 1.0 2000 0.01 -1 0.97 0.03 0.00 -1 -1 -1 -1 -1 -1
Evo 1.01 1.00 1.00 1.00 1.00 1.00 1.00 0.00 0.00 0.00 0.00 0.15 0 0
Result 0 0.0 151 0.00 -1 -1 -1 -1 1.00 -1 -1 -1 -1 -1
Evo 1.01 1.00 1.00 1.00 1.00 1.00 1.00 0.00 0.00 0.00 0.06 0.13 0 0
Result 1 1.0 1998 0.01 -1 -1 1.00 0.00 -1 -1 -1 -1 -1 -1
Evo 1.01 1.00 1.00 1.00 1.00 1.00 1.00 0.00 0.00 0.00 0.06 0.13 0 0
Result 1 1.0 2000 0.01 -1 -1 1.00 0.00 -1 -1 -1 -1 -1 -1
Evo 1.05 0.00 1.00 0.96 1.00 1.00 1.00 0.15 0.01 0.07 0.06 0.15 0 0
Result 0 0.0 191 0.09 0.48 0.01 0.50 0.02 -1 -1 -1 -1 -1 -1
Evo 1.01 1.00 1.00 1.00 1.00 1.00 1.00 0.00 0.00 0.00 0.06 0.13 0 0
Result 0 0.0 191 0.19 -1 0.01 0.67 0.04 0.29 -1 -1 -1 -1 -1
Evo 1.23 1.00 1.00 1.00 1.00 1.00 1.00 0.00 0.00 0.00 0.06 0.16 0 0
Result 1 1.0 190 0.50 -1 -1 0.50 0.50 -1 -1 -1 -1 -1 -1
