Result 1 50.0 680 -1492207731
Result 1 45.0 553 -1420221966
Result 1 40.0 452 -1744400672
Result 1 45.0 479 221971939
Result 1 30.0 713 -1650933869
Result 0 21.0 588 -379009619
Result 1 30.0 691 -1814147872
Result 1 40.0 481 -502523347
Result 1 40.0 506 -1392873570
Result 1 40.0 559 -1263557408
Result 1 40.0 575 -999669468
Result 1 30.0 473 -1845993585
Result 1 45.0 390 -42618888
Result 1 45.0 530 71812066
Result 1 40.0 549 -1648821199
Result 1 40.0 424 1504188917
Result 1 45.0 440 -1403031785
Result 0 17.0 478 -81488996
Result 1 50.0 564 622073691
Result 1 35.0 463 -1222854544
Result 0 15.0 633 1731217511
Result 1 41.0 523 546023717
Result 1 50.0 490 -975604751
Result 0 -1.0 513 -1293461270
Result 1 40.0 658 1458537834
Result 0 -5.0 388 -588716877
Result 1 45.0 619 2038383868
Result 1 41.0 544 -715039119
Result 1 43.0 645 739654922
Result 1 46.0 528 -836369709
Result 1 50.0 573 -2008112861
Result 1 33.0 752 884920038
Result 1 31.0 528 658042333
Result 0 -3.0 472 382162239
Result 1 36.0 987 -1248546504
Result 1 50.0 576 -1700578083
Result 0 1.0 513 1629974157
Result 1 45.0 730 -245474049
Result 0 9.0 573 -379540945
Result 1 50.0 650 1987186240
Result 0 23.0 459 1701527929
Result 1 35.0 433 -1832249237
Result 1 40.0 464 -1631735948
Result 1 40.0 417 -373664013
Result 1 40.0 389 1890355361
Result 1 35.0 739 -287091886
Result 1 50.0 532 1163846620
Result 1 40.0 322 166244576
Result 1 50.0 361 -2053197801
Result 1 40.0 540 1858276637
Result 1 45.0 328 -1943501062
Result 0 21.0 652 1316567196
Result 1 35.0 546 899003114
Result 1 45.0 455 -1422501478
Result 1 40.0 467 -128841638
Result 1 35.0 591 -2063853044
Result 1 50.0 544 -23344722
Result 1 50.0 311 1509264794
Result 1 50.0 360 -206543539
Result 1 40.0 774 1940426021
Result 1 60.0 768 258310448
Result 1 65.0 665 -1324266077
Result 1 46.0 598 -1639490820
Result 1 50.0 523 -541026504
Result 1 65.0 686 -1143455305
Result 1 62.0 668 258172530
Result 1 46.0 794 -228119611
Result 1 41.0 862 -563402235
Result 1 42.0 789 -1248100375
Result 1 42.0 508 1522438840
Result 1 68.0 572 -1869209894
Result 1 55.0 1254 1524159306
Result 1 65.0 479 550351710
Result 1 68.0 588 -554340120
Result 1 52.0 717 1420862502
Result 1 42.0 759 1327850899
Result 1 61.0 619 -177542081
Result 1 48.0 454 -239057240
Result 1 34.0 905 462951437
Result 1 44.0 538 636176674
Result 1 55.0 704 1771560698
Result 1 58.0 723 621182757
Result 1 55.0 559 -938172544
Result 1 70.0 628 2106733214
Result 1 62.0 453 2130447121
Result 1 49.0 645 202678154
Result 1 83.0 578 -1073958356
Result 1 58.0 543 -998587019
Result 1 68.0 637 -1355230800
Result 0 2.0 342 -1422369790
Result 1 91.0 750 -992816766
Result 1 85.0 544 -1222701559
Result 1 75.0 688 -1032963284
Result 1 63.0 574 -22491516
Result 1 50.0 818 -2016327203
Result 1 85.0 561 -184739875
Result 1 63.0 692 -376593962
Result 1 53.0 501 -1891573818
Result 1 68.0 460 1855341838
Result 1 82.0 434 2038635285
